StateFIPS,State,CountyFIPS,County,Start Year,End Year,Race Ethnicity,Value
1,Alabama,1001,Autauga,2011,2015,Asian/Pacific Islander (includes Hispanic),
1,Alabama,1001,Autauga,2011,2015,Black (includes Hispanic),11.8
1,Alabama,1001,Autauga,2011,2015,Hispanic (all races),
1,Alabama,1001,Autauga,2011,2015,American Indian/Alaskan Native (includes Hispanic),
1,Alabama,1001,Autauga,2011,2015,White (includes Hispanic),9.9
1,Alabama,1001,Autauga,2012,2016,Asian/Pacific Islander (includes Hispanic),
1,Alabama,1001,Autauga,2012,2016,Black (includes Hispanic),12.4
1,Alabama,1001,Autauga,2012,2016,Hispanic (all races),
1,Alabama,1001,Autauga,2012,2016,American Indian/Alaskan Native (includes Hispanic),
1,Alabama,1001,Autauga,2012,2016,White (includes Hispanic),10.2
1,Alabama,1001,Autauga,2013,2017,Asian/Pacific Islander (includes Hispanic),
1,Alabama,1001,Autauga,2013,2017,Black (includes Hispanic),12.9
1,Alabama,1001,Autauga,2013,2017,Hispanic (all races),
1,Alabama,1001,Autauga,2013,2017,American Indian/Alaskan Native (includes Hispanic),
1,Alabama,1001,Autauga,2013,2017,White (includes Hispanic),9.6
1,Alabama,1001,Autauga,2014,2018,Asian/Pacific Islander (includes Hispanic),
1,Alabama,1001,Autauga,2014,2018,Black (includes Hispanic),12.0
1,Alabama,1001,Autauga,2014,2018,Hispanic (all races),
1,Alabama,1001,Autauga,2014,2018,American Indian/Alaskan Native (includes Hispanic),
1,Alabama,1001,Autauga,2014,2018,White (includes Hispanic),9.7
1,Alabama,1001,Autauga,2015,2019,Asian/Pacific Islander (includes Hispanic),
1,Alabama,1001,Autauga,2015,2019,Black (includes Hispanic),13.3
1,Alabama,1001,Autauga,2015,2019,Hispanic (all races),
1,Alabama,1001,Autauga,2015,2019,American Indian/Alaskan Native (includes Hispanic),
1,Alabama,1001,Autauga,2015,2019,White (includes Hispanic),10.4
1,Alabama,1001,Autauga,2016,2020,Asian/Pacific Islander (includes Hispanic),
1,Alabama,1001,Autauga,2016,2020,Black (includes Hispanic),13.0
1,Alabama,1001,Autauga,2016,2020,Hispanic (all races),
1,Alabama,1001,Autauga,2016,2020,American Indian/Alaskan Native (includes Hispanic),
1,Alabama,1001,Autauga,2016,2020,White (includes Hispanic),10.0
1,Alabama,1003,Baldwin,2011,2015,Asian/Pacific Islander (includes Hispanic),
1,Alabama,1003,Baldwin,2011,2015,Black (includes Hispanic),10.9
1,Alabama,1003,Baldwin,2011,2015,Hispanic (all races),
1,Alabama,1003,Baldwin,2011,2015,American Indian/Alaskan Native (includes Hispanic),
1,Alabama,1003,Baldwin,2011,2015,White (includes Hispanic),8.4
1,Alabama,1003,Baldwin,2012,2016,Asian/Pacific Islander (includes Hispanic),
1,Alabama,1003,Baldwin,2012,2016,Black (includes Hispanic),10.1
1,Alabama,1003,Baldwin,2012,2016,Hispanic (all races),
1,Alabama,1003,Baldwin,2012,2016,American Indian/Alaskan Native (includes Hispanic),
1,Alabama,1003,Baldwin,2012,2016,White (includes Hispanic),8.4
1,Alabama,1003,Baldwin,2013,2017,Asian/Pacific Islander (includes Hispanic),
1,Alabama,1003,Baldwin,2013,2017,Black (includes Hispanic),11.7
1,Alabama,1003,Baldwin,2013,2017,Hispanic (all races),
1,Alabama,1003,Baldwin,2013,2017,American Indian/Alaskan Native (includes Hispanic),
1,Alabama,1003,Baldwin,2013,2017,White (includes Hispanic),8.8
1,Alabama,1003,Baldwin,2014,2018,Asian/Pacific Islander (includes Hispanic),
1,Alabama,1003,Baldwin,2014,2018,Black (includes Hispanic),11.0
1,Alabama,1003,Baldwin,2014,2018,Hispanic (all races),
1,Alabama,1003,Baldwin,2014,2018,American Indian/Alaskan Native (includes Hispanic),
1,Alabama,1003,Baldwin,2014,2018,White (includes Hispanic),8.9
1,Alabama,1003,Baldwin,2015,2019,Asian/Pacific Islander (includes Hispanic),
1,Alabama,1003,Baldwin,2015,2019,Black (includes Hispanic),11.3
1,Alabama,1003,Baldwin,2015,2019,Hispanic (all races),
1,Alabama,1003,Baldwin,2015,2019,American Indian/Alaskan Native (includes Hispanic),
1,Alabama,1003,Baldwin,2015,2019,White (includes Hispanic),8.9
1,Alabama,1003,Baldwin,2016,2020,Asian/Pacific Islander (includes Hispanic),
1,Alabama,1003,Baldwin,2016,2020,Black (includes Hispanic),10.7
1,Alabama,1003,Baldwin,2016,2020,Hispanic (all races),
1,Alabama,1003,Baldwin,2016,2020,American Indian/Alaskan Native (includes Hispanic),
1,Alabama,1003,Baldwin,2016,2020,White (includes Hispanic),9.7
1,Alabama,1005,Barbour,2011,2015,Asian/Pacific Islander (includes Hispanic),
1,Alabama,1005,Barbour,2011,2015,Black (includes Hispanic),
1,Alabama,1005,Barbour,2011,2015,Hispanic (all races),
1,Alabama,1005,Barbour,2011,2015,American Indian/Alaskan Native (includes Hispanic),
1,Alabama,1005,Barbour,2011,2015,White (includes Hispanic),7.0
1,Alabama,1005,Barbour,2012,2016,Asian/Pacific Islander (includes Hispanic),
1,Alabama,1005,Barbour,2012,2016,Black (includes Hispanic),
1,Alabama,1005,Barbour,2012,2016,Hispanic (all races),
1,Alabama,1005,Barbour,2012,2016,American Indian/Alaskan Native (includes Hispanic),
1,Alabama,1005,Barbour,2012,2016,White (includes Hispanic),9.4
1,Alabama,1005,Barbour,2013,2017,Asian/Pacific Islander (includes Hispanic),
1,Alabama,1005,Barbour,2013,2017,Black (includes Hispanic),9.8
1,Alabama,1005,Barbour,2013,2017,Hispanic (all races),
1,Alabama,1005,Barbour,2013,2017,American Indian/Alaskan Native (includes Hispanic),
1,Alabama,1005,Barbour,2013,2017,White (includes Hispanic),10.5
1,Alabama,1005,Barbour,2014,2018,Asian/Pacific Islander (includes Hispanic),
1,Alabama,1005,Barbour,2014,2018,Black (includes Hispanic),10.4
1,Alabama,1005,Barbour,2014,2018,Hispanic (all races),
1,Alabama,1005,Barbour,2014,2018,American Indian/Alaskan Native (includes Hispanic),
1,Alabama,1005,Barbour,2014,2018,White (includes Hispanic),11.2
1,Alabama,1005,Barbour,2015,2019,Asian/Pacific Islander (includes Hispanic),
1,Alabama,1005,Barbour,2015,2019,Black (includes Hispanic),10.7
1,Alabama,1005,Barbour,2015,2019,Hispanic (all races),
1,Alabama,1005,Barbour,2015,2019,American Indian/Alaskan Native (includes Hispanic),
1,Alabama,1005,Barbour,2015,2019,White (includes Hispanic),10.2
1,Alabama,1005,Barbour,2016,2020,Asian/Pacific Islander (includes Hispanic),
1,Alabama,1005,Barbour,2016,2020,Black (includes Hispanic),11.2
1,Alabama,1005,Barbour,2016,2020,Hispanic (all races),
1,Alabama,1005,Barbour,2016,2020,American Indian/Alaskan Native (includes Hispanic),
1,Alabama,1005,Barbour,2016,2020,White (includes Hispanic),12.7
1,Alabama,1007,Bibb,2011,2015,Asian/Pacific Islander (includes Hispanic),
1,Alabama,1007,Bibb,2011,2015,Black (includes Hispanic),8.6
1,Alabama,1007,Bibb,2011,2015,Hispanic (all races),
1,Alabama,1007,Bibb,2011,2015,American Indian/Alaskan Native (includes Hispanic),
1,Alabama,1007,Bibb,2011,2015,White (includes Hispanic),7.5
1,Alabama,1007,Bibb,2012,2016,Asian/Pacific Islander (includes Hispanic),
1,Alabama,1007,Bibb,2012,2016,Black (includes Hispanic),9.2
1,Alabama,1007,Bibb,2012,2016,Hispanic (all races),
1,Alabama,1007,Bibb,2012,2016,American Indian/Alaskan Native (includes Hispanic),
1,Alabama,1007,Bibb,2012,2016,White (includes Hispanic),7.8
1,Alabama,1007,Bibb,2013,2017,Asian/Pacific Islander (includes Hispanic),
1,Alabama,1007,Bibb,2013,2017,Black (includes Hispanic),9.2
1,Alabama,1007,Bibb,2013,2017,Hispanic (all races),
1,Alabama,1007,Bibb,2013,2017,American Indian/Alaskan Native (includes Hispanic),
1,Alabama,1007,Bibb,2013,2017,White (includes Hispanic),7.5
1,Alabama,1007,Bibb,2014,2018,Asian/Pacific Islander (includes Hispanic),
1,Alabama,1007,Bibb,2014,2018,Black (includes Hispanic),7.5
1,Alabama,1007,Bibb,2014,2018,Hispanic (all races),
1,Alabama,1007,Bibb,2014,2018,American Indian/Alaskan Native (includes Hispanic),
1,Alabama,1007,Bibb,2014,2018,White (includes Hispanic),7.7
1,Alabama,1007,Bibb,2015,2019,Asian/Pacific Islander (includes Hispanic),
1,Alabama,1007,Bibb,2015,2019,Black (includes Hispanic),8.5
1,Alabama,1007,Bibb,2015,2019,Hispanic (all races),
1,Alabama,1007,Bibb,2015,2019,American Indian/Alaskan Native (includes Hispanic),
1,Alabama,1007,Bibb,2015,2019,White (includes Hispanic),7.5
1,Alabama,1007,Bibb,2016,2020,Asian/Pacific Islander (includes Hispanic),
1,Alabama,1007,Bibb,2016,2020,Black (includes Hispanic),8.7
1,Alabama,1007,Bibb,2016,2020,Hispanic (all races),
1,Alabama,1007,Bibb,2016,2020,American Indian/Alaskan Native (includes Hispanic),
1,Alabama,1007,Bibb,2016,2020,White (includes Hispanic),7.2
1,Alabama,1009,Blount,2011,2015,Asian/Pacific Islander (includes Hispanic),
1,Alabama,1009,Blount,2011,2015,Black (includes Hispanic),9.4
1,Alabama,1009,Blount,2011,2015,Hispanic (all races),
1,Alabama,1009,Blount,2011,2015,American Indian/Alaskan Native (includes Hispanic),
1,Alabama,1009,Blount,2011,2015,White (includes Hispanic),10.0
1,Alabama,1009,Blount,2012,2016,Asian/Pacific Islander (includes Hispanic),
1,Alabama,1009,Blount,2012,2016,Black (includes Hispanic),9.5
1,Alabama,1009,Blount,2012,2016,Hispanic (all races),
1,Alabama,1009,Blount,2012,2016,American Indian/Alaskan Native (includes Hispanic),
1,Alabama,1009,Blount,2012,2016,White (includes Hispanic),10.0
1,Alabama,1009,Blount,2013,2017,Asian/Pacific Islander (includes Hispanic),
1,Alabama,1009,Blount,2013,2017,Black (includes Hispanic),9.4
1,Alabama,1009,Blount,2013,2017,Hispanic (all races),
1,Alabama,1009,Blount,2013,2017,American Indian/Alaskan Native (includes Hispanic),
1,Alabama,1009,Blount,2013,2017,White (includes Hispanic),10.2
1,Alabama,1009,Blount,2014,2018,Asian/Pacific Islander (includes Hispanic),
1,Alabama,1009,Blount,2014,2018,Black (includes Hispanic),7.7
1,Alabama,1009,Blount,2014,2018,Hispanic (all races),
1,Alabama,1009,Blount,2014,2018,American Indian/Alaskan Native (includes Hispanic),
1,Alabama,1009,Blount,2014,2018,White (includes Hispanic),10.3
1,Alabama,1009,Blount,2015,2019,Asian/Pacific Islander (includes Hispanic),
1,Alabama,1009,Blount,2015,2019,Black (includes Hispanic),8.1
1,Alabama,1009,Blount,2015,2019,Hispanic (all races),
1,Alabama,1009,Blount,2015,2019,American Indian/Alaskan Native (includes Hispanic),
1,Alabama,1009,Blount,2015,2019,White (includes Hispanic),9.6
1,Alabama,1009,Blount,2016,2020,Asian/Pacific Islander (includes Hispanic),
1,Alabama,1009,Blount,2016,2020,Black (includes Hispanic),8.2
1,Alabama,1009,Blount,2016,2020,Hispanic (all races),
1,Alabama,1009,Blount,2016,2020,American Indian/Alaskan Native (includes Hispanic),
1,Alabama,1009,Blount,2016,2020,White (includes Hispanic),9.7
1,Alabama,1011,Bullock,2011,2015,Asian/Pacific Islander (includes Hispanic),
1,Alabama,1011,Bullock,2011,2015,Black (includes Hispanic),12.2
1,Alabama,1011,Bullock,2011,2015,Hispanic (all races),
1,Alabama,1011,Bullock,2011,2015,American Indian/Alaskan Native (includes Hispanic),
1,Alabama,1011,Bullock,2011,2015,White (includes Hispanic),6.7
1,Alabama,1011,Bullock,2012,2016,Asian/Pacific Islander (includes Hispanic),
1,Alabama,1011,Bullock,2012,2016,Black (includes Hispanic),11.5
1,Alabama,1011,Bullock,2012,2016,Hispanic (all races),
1,Alabama,1011,Bullock,2012,2016,American Indian/Alaskan Native (includes Hispanic),
1,Alabama,1011,Bullock,2012,2016,White (includes Hispanic),8.4
1,Alabama,1011,Bullock,2013,2017,Asian/Pacific Islander (includes Hispanic),
1,Alabama,1011,Bullock,2013,2017,Black (includes Hispanic),12.9
1,Alabama,1011,Bullock,2013,2017,Hispanic (all races),
1,Alabama,1011,Bullock,2013,2017,American Indian/Alaskan Native (includes Hispanic),
1,Alabama,1011,Bullock,2013,2017,White (includes Hispanic),7.8
1,Alabama,1011,Bullock,2014,2018,Asian/Pacific Islander (includes Hispanic),
1,Alabama,1011,Bullock,2014,2018,Black (includes Hispanic),12.2
1,Alabama,1011,Bullock,2014,2018,Hispanic (all races),
1,Alabama,1011,Bullock,2014,2018,American Indian/Alaskan Native (includes Hispanic),
1,Alabama,1011,Bullock,2014,2018,White (includes Hispanic),7.8
1,Alabama,1011,Bullock,2015,2019,Asian/Pacific Islander (includes Hispanic),
1,Alabama,1011,Bullock,2015,2019,Black (includes Hispanic),12.9
1,Alabama,1011,Bullock,2015,2019,Hispanic (all races),
1,Alabama,1011,Bullock,2015,2019,American Indian/Alaskan Native (includes Hispanic),
1,Alabama,1011,Bullock,2015,2019,White (includes Hispanic),7.9
1,Alabama,1011,Bullock,2016,2020,Asian/Pacific Islander (includes Hispanic),
1,Alabama,1011,Bullock,2016,2020,Black (includes Hispanic),11.9
1,Alabama,1011,Bullock,2016,2020,Hispanic (all races),
1,Alabama,1011,Bullock,2016,2020,American Indian/Alaskan Native (includes Hispanic),
1,Alabama,1011,Bullock,2016,2020,White (includes Hispanic),9.8
1,Alabama,1013,Butler,2011,2015,Asian/Pacific Islander (includes Hispanic),
1,Alabama,1013,Butler,2011,2015,Black (includes Hispanic),
1,Alabama,1013,Butler,2011,2015,Hispanic (all races),
1,Alabama,1013,Butler,2011,2015,American Indian/Alaskan Native (includes Hispanic),
1,Alabama,1013,Butler,2011,2015,White (includes Hispanic),8.4
1,Alabama,1013,Butler,2012,2016,Asian/Pacific Islander (includes Hispanic),
1,Alabama,1013,Butler,2012,2016,Black (includes Hispanic),
1,Alabama,1013,Butler,2012,2016,Hispanic (all races),
1,Alabama,1013,Butler,2012,2016,American Indian/Alaskan Native (includes Hispanic),
1,Alabama,1013,Butler,2012,2016,White (includes Hispanic),8.7
1,Alabama,1013,Butler,2013,2017,Asian/Pacific Islander (includes Hispanic),
1,Alabama,1013,Butler,2013,2017,Black (includes Hispanic),
1,Alabama,1013,Butler,2013,2017,Hispanic (all races),
1,Alabama,1013,Butler,2013,2017,American Indian/Alaskan Native (includes Hispanic),
1,Alabama,1013,Butler,2013,2017,White (includes Hispanic),9.8
1,Alabama,1013,Butler,2014,2018,Asian/Pacific Islander (includes Hispanic),
1,Alabama,1013,Butler,2014,2018,Black (includes Hispanic),
1,Alabama,1013,Butler,2014,2018,Hispanic (all races),
1,Alabama,1013,Butler,2014,2018,American Indian/Alaskan Native (includes Hispanic),
1,Alabama,1013,Butler,2014,2018,White (includes Hispanic),
1,Alabama,1013,Butler,2015,2019,Asian/Pacific Islander (includes Hispanic),
1,Alabama,1013,Butler,2015,2019,Black (includes Hispanic),
1,Alabama,1013,Butler,2015,2019,Hispanic (all races),
1,Alabama,1013,Butler,2015,2019,American Indian/Alaskan Native (includes Hispanic),
1,Alabama,1013,Butler,2015,2019,White (includes Hispanic),
1,Alabama,1013,Butler,2016,2020,Asian/Pacific Islander (includes Hispanic),
1,Alabama,1013,Butler,2016,2020,Black (includes Hispanic),
1,Alabama,1013,Butler,2016,2020,Hispanic (all races),
1,Alabama,1013,Butler,2016,2020,American Indian/Alaskan Native (includes Hispanic),
1,Alabama,1013,Butler,2016,2020,White (includes Hispanic),
1,Alabama,1015,Calhoun,2011,2015,Asian/Pacific Islander (includes Hispanic),
1,Alabama,1015,Calhoun,2011,2015,Black (includes Hispanic),
1,Alabama,1015,Calhoun,2011,2015,Hispanic (all races),
1,Alabama,1015,Calhoun,2011,2015,American Indian/Alaskan Native (includes Hispanic),
1,Alabama,1015,Calhoun,2011,2015,White (includes Hispanic),11.6
1,Alabama,1015,Calhoun,2012,2016,Asian/Pacific Islander (includes Hispanic),
1,Alabama,1015,Calhoun,2012,2016,Black (includes Hispanic),9.8
1,Alabama,1015,Calhoun,2012,2016,Hispanic (all races),
1,Alabama,1015,Calhoun,2012,2016,American Indian/Alaskan Native (includes Hispanic),
1,Alabama,1015,Calhoun,2012,2016,White (includes Hispanic),11.0
1,Alabama,1015,Calhoun,2013,2017,Asian/Pacific Islander (includes Hispanic),
1,Alabama,1015,Calhoun,2013,2017,Black (includes Hispanic),10.6
1,Alabama,1015,Calhoun,2013,2017,Hispanic (all races),
1,Alabama,1015,Calhoun,2013,2017,American Indian/Alaskan Native (includes Hispanic),
1,Alabama,1015,Calhoun,2013,2017,White (includes Hispanic),11.8
1,Alabama,1015,Calhoun,2014,2018,Asian/Pacific Islander (includes Hispanic),
1,Alabama,1015,Calhoun,2014,2018,Black (includes Hispanic),11.2
1,Alabama,1015,Calhoun,2014,2018,Hispanic (all races),
1,Alabama,1015,Calhoun,2014,2018,American Indian/Alaskan Native (includes Hispanic),
1,Alabama,1015,Calhoun,2014,2018,White (includes Hispanic),12.5
1,Alabama,1015,Calhoun,2015,2019,Asian/Pacific Islander (includes Hispanic),
1,Alabama,1015,Calhoun,2015,2019,Black (includes Hispanic),9.8
1,Alabama,1015,Calhoun,2015,2019,Hispanic (all races),
1,Alabama,1015,Calhoun,2015,2019,American Indian/Alaskan Native (includes Hispanic),
1,Alabama,1015,Calhoun,2015,2019,White (includes Hispanic),12.8
1,Alabama,1015,Calhoun,2016,2020,Asian/Pacific Islander (includes Hispanic),
1,Alabama,1015,Calhoun,2016,2020,Black (includes Hispanic),8.5
1,Alabama,1015,Calhoun,2016,2020,Hispanic (all races),
1,Alabama,1015,Calhoun,2016,2020,American Indian/Alaskan Native (includes Hispanic),
1,Alabama,1015,Calhoun,2016,2020,White (includes Hispanic),12.5
1,Alabama,1017,Chambers,2011,2015,Asian/Pacific Islander (includes Hispanic),
1,Alabama,1017,Chambers,2011,2015,Black (includes Hispanic),10.6
1,Alabama,1017,Chambers,2011,2015,Hispanic (all races),
1,Alabama,1017,Chambers,2011,2015,American Indian/Alaskan Native (includes Hispanic),
1,Alabama,1017,Chambers,2011,2015,White (includes Hispanic),10.2
1,Alabama,1017,Chambers,2012,2016,Asian/Pacific Islander (includes Hispanic),
1,Alabama,1017,Chambers,2012,2016,Black (includes Hispanic),10.6
1,Alabama,1017,Chambers,2012,2016,Hispanic (all races),
1,Alabama,1017,Chambers,2012,2016,American Indian/Alaskan Native (includes Hispanic),
1,Alabama,1017,Chambers,2012,2016,White (includes Hispanic),9.7
1,Alabama,1017,Chambers,2013,2017,Asian/Pacific Islander (includes Hispanic),
1,Alabama,1017,Chambers,2013,2017,Black (includes Hispanic),9.0
1,Alabama,1017,Chambers,2013,2017,Hispanic (all races),
1,Alabama,1017,Chambers,2013,2017,American Indian/Alaskan Native (includes Hispanic),
1,Alabama,1017,Chambers,2013,2017,White (includes Hispanic),9.2
1,Alabama,1017,Chambers,2014,2018,Asian/Pacific Islander (includes Hispanic),
1,Alabama,1017,Chambers,2014,2018,Black (includes Hispanic),10.5
1,Alabama,1017,Chambers,2014,2018,Hispanic (all races),
1,Alabama,1017,Chambers,2014,2018,American Indian/Alaskan Native (includes Hispanic),
1,Alabama,1017,Chambers,2014,2018,White (includes Hispanic),9.2
1,Alabama,1017,Chambers,2015,2019,Asian/Pacific Islander (includes Hispanic),
1,Alabama,1017,Chambers,2015,2019,Black (includes Hispanic),11.4
1,Alabama,1017,Chambers,2015,2019,Hispanic (all races),
1,Alabama,1017,Chambers,2015,2019,American Indian/Alaskan Native (includes Hispanic),
1,Alabama,1017,Chambers,2015,2019,White (includes Hispanic),9.9
1,Alabama,1017,Chambers,2016,2020,Asian/Pacific Islander (includes Hispanic),
1,Alabama,1017,Chambers,2016,2020,Black (includes Hispanic),10.3
1,Alabama,1017,Chambers,2016,2020,Hispanic (all races),
1,Alabama,1017,Chambers,2016,2020,American Indian/Alaskan Native (includes Hispanic),
1,Alabama,1017,Chambers,2016,2020,White (includes Hispanic),10.2
1,Alabama,1019,Cherokee,2011,2015,Asian/Pacific Islander (includes Hispanic),
1,Alabama,1019,Cherokee,2011,2015,Black (includes Hispanic),
1,Alabama,1019,Cherokee,2011,2015,Hispanic (all races),
1,Alabama,1019,Cherokee,2011,2015,American Indian/Alaskan Native (includes Hispanic),
1,Alabama,1019,Cherokee,2011,2015,White (includes Hispanic),11.7
1,Alabama,1019,Cherokee,2012,2016,Asian/Pacific Islander (includes Hispanic),
1,Alabama,1019,Cherokee,2012,2016,Black (includes Hispanic),11.0
1,Alabama,1019,Cherokee,2012,2016,Hispanic (all races),
1,Alabama,1019,Cherokee,2012,2016,American Indian/Alaskan Native (includes Hispanic),
1,Alabama,1019,Cherokee,2012,2016,White (includes Hispanic),12.0
1,Alabama,1019,Cherokee,2013,2017,Asian/Pacific Islander (includes Hispanic),
1,Alabama,1019,Cherokee,2013,2017,Black (includes Hispanic),13.2
1,Alabama,1019,Cherokee,2013,2017,Hispanic (all races),
1,Alabama,1019,Cherokee,2013,2017,American Indian/Alaskan Native (includes Hispanic),
1,Alabama,1019,Cherokee,2013,2017,White (includes Hispanic),12.9
1,Alabama,1019,Cherokee,2014,2018,Asian/Pacific Islander (includes Hispanic),
1,Alabama,1019,Cherokee,2014,2018,Black (includes Hispanic),15.2
1,Alabama,1019,Cherokee,2014,2018,Hispanic (all races),
1,Alabama,1019,Cherokee,2014,2018,American Indian/Alaskan Native (includes Hispanic),
1,Alabama,1019,Cherokee,2014,2018,White (includes Hispanic),13.2
1,Alabama,1019,Cherokee,2015,2019,Asian/Pacific Islander (includes Hispanic),
1,Alabama,1019,Cherokee,2015,2019,Black (includes Hispanic),13.2
1,Alabama,1019,Cherokee,2015,2019,Hispanic (all races),
1,Alabama,1019,Cherokee,2015,2019,American Indian/Alaskan Native (includes Hispanic),
1,Alabama,1019,Cherokee,2015,2019,White (includes Hispanic),13.5
1,Alabama,1019,Cherokee,2016,2020,Asian/Pacific Islander (includes Hispanic),
1,Alabama,1019,Cherokee,2016,2020,Black (includes Hispanic),10.9
1,Alabama,1019,Cherokee,2016,2020,Hispanic (all races),
1,Alabama,1019,Cherokee,2016,2020,American Indian/Alaskan Native (includes Hispanic),
1,Alabama,1019,Cherokee,2016,2020,White (includes Hispanic),12.6
1,Alabama,1021,Chilton,2011,2015,Asian/Pacific Islander (includes Hispanic),
1,Alabama,1021,Chilton,2011,2015,Black (includes Hispanic),8.4
1,Alabama,1021,Chilton,2011,2015,Hispanic (all races),
1,Alabama,1021,Chilton,2011,2015,American Indian/Alaskan Native (includes Hispanic),
1,Alabama,1021,Chilton,2011,2015,White (includes Hispanic),7.9
1,Alabama,1021,Chilton,2012,2016,Asian/Pacific Islander (includes Hispanic),
1,Alabama,1021,Chilton,2012,2016,Black (includes Hispanic),8.1
1,Alabama,1021,Chilton,2012,2016,Hispanic (all races),
1,Alabama,1021,Chilton,2012,2016,American Indian/Alaskan Native (includes Hispanic),
1,Alabama,1021,Chilton,2012,2016,White (includes Hispanic),8.2
1,Alabama,1021,Chilton,2013,2017,Asian/Pacific Islander (includes Hispanic),
1,Alabama,1021,Chilton,2013,2017,Black (includes Hispanic),8.5
1,Alabama,1021,Chilton,2013,2017,Hispanic (all races),
1,Alabama,1021,Chilton,2013,2017,American Indian/Alaskan Native (includes Hispanic),
1,Alabama,1021,Chilton,2013,2017,White (includes Hispanic),7.4
1,Alabama,1021,Chilton,2014,2018,Asian/Pacific Islander (includes Hispanic),
1,Alabama,1021,Chilton,2014,2018,Black (includes Hispanic),8.6
1,Alabama,1021,Chilton,2014,2018,Hispanic (all races),
1,Alabama,1021,Chilton,2014,2018,American Indian/Alaskan Native (includes Hispanic),
1,Alabama,1021,Chilton,2014,2018,White (includes Hispanic),7.9
1,Alabama,1021,Chilton,2015,2019,Asian/Pacific Islander (includes Hispanic),
1,Alabama,1021,Chilton,2015,2019,Black (includes Hispanic),9.2
1,Alabama,1021,Chilton,2015,2019,Hispanic (all races),
1,Alabama,1021,Chilton,2015,2019,American Indian/Alaskan Native (includes Hispanic),
1,Alabama,1021,Chilton,2015,2019,White (includes Hispanic),8.0
1,Alabama,1021,Chilton,2016,2020,Asian/Pacific Islander (includes Hispanic),
1,Alabama,1021,Chilton,2016,2020,Black (includes Hispanic),10.7
1,Alabama,1021,Chilton,2016,2020,Hispanic (all races),
1,Alabama,1021,Chilton,2016,2020,American Indian/Alaskan Native (includes Hispanic),
1,Alabama,1021,Chilton,2016,2020,White (includes Hispanic),7.2
1,Alabama,1023,Choctaw,2011,2015,Asian/Pacific Islander (includes Hispanic),
1,Alabama,1023,Choctaw,2011,2015,Black (includes Hispanic),7.5
1,Alabama,1023,Choctaw,2011,2015,Hispanic (all races),
1,Alabama,1023,Choctaw,2011,2015,American Indian/Alaskan Native (includes Hispanic),
1,Alabama,1023,Choctaw,2011,2015,White (includes Hispanic),5.6
1,Alabama,1023,Choctaw,2012,2016,Asian/Pacific Islander (includes Hispanic),
1,Alabama,1023,Choctaw,2012,2016,Black (includes Hispanic),10.0
1,Alabama,1023,Choctaw,2012,2016,Hispanic (all races),
1,Alabama,1023,Choctaw,2012,2016,American Indian/Alaskan Native (includes Hispanic),
1,Alabama,1023,Choctaw,2012,2016,White (includes Hispanic),6.3
1,Alabama,1023,Choctaw,2013,2017,Asian/Pacific Islander (includes Hispanic),
1,Alabama,1023,Choctaw,2013,2017,Black (includes Hispanic),11.4
1,Alabama,1023,Choctaw,2013,2017,Hispanic (all races),
1,Alabama,1023,Choctaw,2013,2017,American Indian/Alaskan Native (includes Hispanic),
1,Alabama,1023,Choctaw,2013,2017,White (includes Hispanic),5.9
1,Alabama,1023,Choctaw,2014,2018,Asian/Pacific Islander (includes Hispanic),
1,Alabama,1023,Choctaw,2014,2018,Black (includes Hispanic),10.1
1,Alabama,1023,Choctaw,2014,2018,Hispanic (all races),
1,Alabama,1023,Choctaw,2014,2018,American Indian/Alaskan Native (includes Hispanic),
1,Alabama,1023,Choctaw,2014,2018,White (includes Hispanic),
1,Alabama,1023,Choctaw,2015,2019,Asian/Pacific Islander (includes Hispanic),
1,Alabama,1023,Choctaw,2015,2019,Black (includes Hispanic),11.8
1,Alabama,1023,Choctaw,2015,2019,Hispanic (all races),
1,Alabama,1023,Choctaw,2015,2019,American Indian/Alaskan Native (includes Hispanic),
1,Alabama,1023,Choctaw,2015,2019,White (includes Hispanic),
1,Alabama,1023,Choctaw,2016,2020,Asian/Pacific Islander (includes Hispanic),
1,Alabama,1023,Choctaw,2016,2020,Black (includes Hispanic),10.9
1,Alabama,1023,Choctaw,2016,2020,Hispanic (all races),
1,Alabama,1023,Choctaw,2016,2020,American Indian/Alaskan Native (includes Hispanic),
1,Alabama,1023,Choctaw,2016,2020,White (includes Hispanic),9.0
1,Alabama,1025,Clarke,2011,2015,Asian/Pacific Islander (includes Hispanic),
1,Alabama,1025,Clarke,2011,2015,Black (includes Hispanic),11.1
1,Alabama,1025,Clarke,2011,2015,Hispanic (all races),
1,Alabama,1025,Clarke,2011,2015,American Indian/Alaskan Native (includes Hispanic),
1,Alabama,1025,Clarke,2011,2015,White (includes Hispanic),8.3
1,Alabama,1025,Clarke,2012,2016,Asian/Pacific Islander (includes Hispanic),
1,Alabama,1025,Clarke,2012,2016,Black (includes Hispanic),12.5
1,Alabama,1025,Clarke,2012,2016,Hispanic (all races),
1,Alabama,1025,Clarke,2012,2016,American Indian/Alaskan Native (includes Hispanic),
1,Alabama,1025,Clarke,2012,2016,White (includes Hispanic),7.7
1,Alabama,1025,Clarke,2013,2017,Asian/Pacific Islander (includes Hispanic),
1,Alabama,1025,Clarke,2013,2017,Black (includes Hispanic),15.6
1,Alabama,1025,Clarke,2013,2017,Hispanic (all races),
1,Alabama,1025,Clarke,2013,2017,American Indian/Alaskan Native (includes Hispanic),
1,Alabama,1025,Clarke,2013,2017,White (includes Hispanic),8.2
1,Alabama,1025,Clarke,2014,2018,Asian/Pacific Islander (includes Hispanic),
1,Alabama,1025,Clarke,2014,2018,Black (includes Hispanic),15.7
1,Alabama,1025,Clarke,2014,2018,Hispanic (all races),
1,Alabama,1025,Clarke,2014,2018,American Indian/Alaskan Native (includes Hispanic),
1,Alabama,1025,Clarke,2014,2018,White (includes Hispanic),8.4
1,Alabama,1025,Clarke,2015,2019,Asian/Pacific Islander (includes Hispanic),
1,Alabama,1025,Clarke,2015,2019,Black (includes Hispanic),16.3
1,Alabama,1025,Clarke,2015,2019,Hispanic (all races),
1,Alabama,1025,Clarke,2015,2019,American Indian/Alaskan Native (includes Hispanic),
1,Alabama,1025,Clarke,2015,2019,White (includes Hispanic),8.5
1,Alabama,1025,Clarke,2016,2020,Asian/Pacific Islander (includes Hispanic),
1,Alabama,1025,Clarke,2016,2020,Black (includes Hispanic),14.3
1,Alabama,1025,Clarke,2016,2020,Hispanic (all races),
1,Alabama,1025,Clarke,2016,2020,American Indian/Alaskan Native (includes Hispanic),
1,Alabama,1025,Clarke,2016,2020,White (includes Hispanic),10.1
1,Alabama,1027,Clay,2011,2015,Asian/Pacific Islander (includes Hispanic),
1,Alabama,1027,Clay,2011,2015,Black (includes Hispanic),
1,Alabama,1027,Clay,2011,2015,Hispanic (all races),
1,Alabama,1027,Clay,2011,2015,American Indian/Alaskan Native (includes Hispanic),
1,Alabama,1027,Clay,2011,2015,White (includes Hispanic),10.6
1,Alabama,1027,Clay,2012,2016,Asian/Pacific Islander (includes Hispanic),
1,Alabama,1027,Clay,2012,2016,Black (includes Hispanic),
1,Alabama,1027,Clay,2012,2016,Hispanic (all races),
1,Alabama,1027,Clay,2012,2016,American Indian/Alaskan Native (includes Hispanic),
1,Alabama,1027,Clay,2012,2016,White (includes Hispanic),7.5
1,Alabama,1027,Clay,2013,2017,Asian/Pacific Islander (includes Hispanic),
1,Alabama,1027,Clay,2013,2017,Black (includes Hispanic),
1,Alabama,1027,Clay,2013,2017,Hispanic (all races),
1,Alabama,1027,Clay,2013,2017,American Indian/Alaskan Native (includes Hispanic),
1,Alabama,1027,Clay,2013,2017,White (includes Hispanic),6.5
1,Alabama,1027,Clay,2014,2018,Asian/Pacific Islander (includes Hispanic),
1,Alabama,1027,Clay,2014,2018,Black (includes Hispanic),
1,Alabama,1027,Clay,2014,2018,Hispanic (all races),
1,Alabama,1027,Clay,2014,2018,American Indian/Alaskan Native (includes Hispanic),
1,Alabama,1027,Clay,2014,2018,White (includes Hispanic),8.4
1,Alabama,1027,Clay,2015,2019,Asian/Pacific Islander (includes Hispanic),
1,Alabama,1027,Clay,2015,2019,Black (includes Hispanic),
1,Alabama,1027,Clay,2015,2019,Hispanic (all races),
1,Alabama,1027,Clay,2015,2019,American Indian/Alaskan Native (includes Hispanic),
1,Alabama,1027,Clay,2015,2019,White (includes Hispanic),11.3
1,Alabama,1027,Clay,2016,2020,Asian/Pacific Islander (includes Hispanic),
1,Alabama,1027,Clay,2016,2020,Black (includes Hispanic),
1,Alabama,1027,Clay,2016,2020,Hispanic (all races),
1,Alabama,1027,Clay,2016,2020,American Indian/Alaskan Native (includes Hispanic),
1,Alabama,1027,Clay,2016,2020,White (includes Hispanic),12.6
1,Alabama,1029,Cleburne,2011,2015,Asian/Pacific Islander (includes Hispanic),
1,Alabama,1029,Cleburne,2011,2015,Black (includes Hispanic),8.6
1,Alabama,1029,Cleburne,2011,2015,Hispanic (all races),
1,Alabama,1029,Cleburne,2011,2015,American Indian/Alaskan Native (includes Hispanic),
1,Alabama,1029,Cleburne,2011,2015,White (includes Hispanic),10.2
1,Alabama,1029,Cleburne,2012,2016,Asian/Pacific Islander (includes Hispanic),
1,Alabama,1029,Cleburne,2012,2016,Black (includes Hispanic),10.9
1,Alabama,1029,Cleburne,2012,2016,Hispanic (all races),
1,Alabama,1029,Cleburne,2012,2016,American Indian/Alaskan Native (includes Hispanic),
1,Alabama,1029,Cleburne,2012,2016,White (includes Hispanic),10.3
1,Alabama,1029,Cleburne,2013,2017,Asian/Pacific Islander (includes Hispanic),
1,Alabama,1029,Cleburne,2013,2017,Black (includes Hispanic),9.8
1,Alabama,1029,Cleburne,2013,2017,Hispanic (all races),
1,Alabama,1029,Cleburne,2013,2017,American Indian/Alaskan Native (includes Hispanic),
1,Alabama,1029,Cleburne,2013,2017,White (includes Hispanic),10.7
1,Alabama,1029,Cleburne,2014,2018,Asian/Pacific Islander (includes Hispanic),
1,Alabama,1029,Cleburne,2014,2018,Black (includes Hispanic),11.5
1,Alabama,1029,Cleburne,2014,2018,Hispanic (all races),
1,Alabama,1029,Cleburne,2014,2018,American Indian/Alaskan Native (includes Hispanic),
1,Alabama,1029,Cleburne,2014,2018,White (includes Hispanic),12.1
1,Alabama,1029,Cleburne,2015,2019,Asian/Pacific Islander (includes Hispanic),
1,Alabama,1029,Cleburne,2015,2019,Black (includes Hispanic),9.6
1,Alabama,1029,Cleburne,2015,2019,Hispanic (all races),
1,Alabama,1029,Cleburne,2015,2019,American Indian/Alaskan Native (includes Hispanic),
1,Alabama,1029,Cleburne,2015,2019,White (includes Hispanic),12.9
1,Alabama,1029,Cleburne,2016,2020,Asian/Pacific Islander (includes Hispanic),
1,Alabama,1029,Cleburne,2016,2020,Black (includes Hispanic),8.1
1,Alabama,1029,Cleburne,2016,2020,Hispanic (all races),
1,Alabama,1029,Cleburne,2016,2020,American Indian/Alaskan Native (includes Hispanic),
1,Alabama,1029,Cleburne,2016,2020,White (includes Hispanic),12.6
1,Alabama,1031,Coffee,2011,2015,Asian/Pacific Islander (includes Hispanic),
1,Alabama,1031,Coffee,2011,2015,Black (includes Hispanic),
1,Alabama,1031,Coffee,2011,2015,Hispanic (all races),
1,Alabama,1031,Coffee,2011,2015,American Indian/Alaskan Native (includes Hispanic),
1,Alabama,1031,Coffee,2011,2015,White (includes Hispanic),7.7
1,Alabama,1031,Coffee,2012,2016,Asian/Pacific Islander (includes Hispanic),
1,Alabama,1031,Coffee,2012,2016,Black (includes Hispanic),
1,Alabama,1031,Coffee,2012,2016,Hispanic (all races),
1,Alabama,1031,Coffee,2012,2016,American Indian/Alaskan Native (includes Hispanic),
1,Alabama,1031,Coffee,2012,2016,White (includes Hispanic),8.2
1,Alabama,1031,Coffee,2013,2017,Asian/Pacific Islander (includes Hispanic),
1,Alabama,1031,Coffee,2013,2017,Black (includes Hispanic),
1,Alabama,1031,Coffee,2013,2017,Hispanic (all races),
1,Alabama,1031,Coffee,2013,2017,American Indian/Alaskan Native (includes Hispanic),
1,Alabama,1031,Coffee,2013,2017,White (includes Hispanic),9.7
1,Alabama,1031,Coffee,2014,2018,Asian/Pacific Islander (includes Hispanic),
1,Alabama,1031,Coffee,2014,2018,Black (includes Hispanic),
1,Alabama,1031,Coffee,2014,2018,Hispanic (all races),
1,Alabama,1031,Coffee,2014,2018,American Indian/Alaskan Native (includes Hispanic),
1,Alabama,1031,Coffee,2014,2018,White (includes Hispanic),10.4
1,Alabama,1031,Coffee,2015,2019,Asian/Pacific Islander (includes Hispanic),
1,Alabama,1031,Coffee,2015,2019,Black (includes Hispanic),
1,Alabama,1031,Coffee,2015,2019,Hispanic (all races),
1,Alabama,1031,Coffee,2015,2019,American Indian/Alaskan Native (includes Hispanic),
1,Alabama,1031,Coffee,2015,2019,White (includes Hispanic),10.8
1,Alabama,1031,Coffee,2016,2020,Asian/Pacific Islander (includes Hispanic),
1,Alabama,1031,Coffee,2016,2020,Black (includes Hispanic),
1,Alabama,1031,Coffee,2016,2020,Hispanic (all races),
1,Alabama,1031,Coffee,2016,2020,American Indian/Alaskan Native (includes Hispanic),
1,Alabama,1031,Coffee,2016,2020,White (includes Hispanic),10.9
1,Alabama,1033,Colbert,2011,2015,Asian/Pacific Islander (includes Hispanic),
1,Alabama,1033,Colbert,2011,2015,Black (includes Hispanic),
1,Alabama,1033,Colbert,2011,2015,Hispanic (all races),
1,Alabama,1033,Colbert,2011,2015,American Indian/Alaskan Native (includes Hispanic),
1,Alabama,1033,Colbert,2011,2015,White (includes Hispanic),8.7
1,Alabama,1033,Colbert,2012,2016,Asian/Pacific Islander (includes Hispanic),
1,Alabama,1033,Colbert,2012,2016,Black (includes Hispanic),
1,Alabama,1033,Colbert,2012,2016,Hispanic (all races),
1,Alabama,1033,Colbert,2012,2016,American Indian/Alaskan Native (includes Hispanic),
1,Alabama,1033,Colbert,2012,2016,White (includes Hispanic),8.7
1,Alabama,1033,Colbert,2013,2017,Asian/Pacific Islander (includes Hispanic),
1,Alabama,1033,Colbert,2013,2017,Black (includes Hispanic),
1,Alabama,1033,Colbert,2013,2017,Hispanic (all races),
1,Alabama,1033,Colbert,2013,2017,American Indian/Alaskan Native (includes Hispanic),
1,Alabama,1033,Colbert,2013,2017,White (includes Hispanic),9.0
1,Alabama,1033,Colbert,2014,2018,Asian/Pacific Islander (includes Hispanic),
1,Alabama,1033,Colbert,2014,2018,Black (includes Hispanic),
1,Alabama,1033,Colbert,2014,2018,Hispanic (all races),
1,Alabama,1033,Colbert,2014,2018,American Indian/Alaskan Native (includes Hispanic),
1,Alabama,1033,Colbert,2014,2018,White (includes Hispanic),7.7
1,Alabama,1033,Colbert,2015,2019,Asian/Pacific Islander (includes Hispanic),
1,Alabama,1033,Colbert,2015,2019,Black (includes Hispanic),
1,Alabama,1033,Colbert,2015,2019,Hispanic (all races),
1,Alabama,1033,Colbert,2015,2019,American Indian/Alaskan Native (includes Hispanic),
1,Alabama,1033,Colbert,2015,2019,White (includes Hispanic),8.1
1,Alabama,1033,Colbert,2016,2020,Asian/Pacific Islander (includes Hispanic),
1,Alabama,1033,Colbert,2016,2020,Black (includes Hispanic),
1,Alabama,1033,Colbert,2016,2020,Hispanic (all races),
1,Alabama,1033,Colbert,2016,2020,American Indian/Alaskan Native (includes Hispanic),
1,Alabama,1033,Colbert,2016,2020,White (includes Hispanic),7.6
1,Alabama,1035,Conecuh,2011,2015,Asian/Pacific Islander (includes Hispanic),
1,Alabama,1035,Conecuh,2011,2015,Black (includes Hispanic),
1,Alabama,1035,Conecuh,2011,2015,Hispanic (all races),
1,Alabama,1035,Conecuh,2011,2015,American Indian/Alaskan Native (includes Hispanic),
1,Alabama,1035,Conecuh,2011,2015,White (includes Hispanic),
1,Alabama,1035,Conecuh,2012,2016,Asian/Pacific Islander (includes Hispanic),
1,Alabama,1035,Conecuh,2012,2016,Black (includes Hispanic),
1,Alabama,1035,Conecuh,2012,2016,Hispanic (all races),
1,Alabama,1035,Conecuh,2012,2016,American Indian/Alaskan Native (includes Hispanic),
1,Alabama,1035,Conecuh,2012,2016,White (includes Hispanic),8.3
1,Alabama,1035,Conecuh,2013,2017,Asian/Pacific Islander (includes Hispanic),
1,Alabama,1035,Conecuh,2013,2017,Black (includes Hispanic),
1,Alabama,1035,Conecuh,2013,2017,Hispanic (all races),
1,Alabama,1035,Conecuh,2013,2017,American Indian/Alaskan Native (includes Hispanic),
1,Alabama,1035,Conecuh,2013,2017,White (includes Hispanic),
1,Alabama,1035,Conecuh,2014,2018,Asian/Pacific Islander (includes Hispanic),
1,Alabama,1035,Conecuh,2014,2018,Black (includes Hispanic),
1,Alabama,1035,Conecuh,2014,2018,Hispanic (all races),
1,Alabama,1035,Conecuh,2014,2018,American Indian/Alaskan Native (includes Hispanic),
1,Alabama,1035,Conecuh,2014,2018,White (includes Hispanic),
1,Alabama,1035,Conecuh,2015,2019,Asian/Pacific Islander (includes Hispanic),
1,Alabama,1035,Conecuh,2015,2019,Black (includes Hispanic),
1,Alabama,1035,Conecuh,2015,2019,Hispanic (all races),
1,Alabama,1035,Conecuh,2015,2019,American Indian/Alaskan Native (includes Hispanic),
1,Alabama,1035,Conecuh,2015,2019,White (includes Hispanic),
1,Alabama,1035,Conecuh,2016,2020,Asian/Pacific Islander (includes Hispanic),
1,Alabama,1035,Conecuh,2016,2020,Black (includes Hispanic),
1,Alabama,1035,Conecuh,2016,2020,Hispanic (all races),
1,Alabama,1035,Conecuh,2016,2020,American Indian/Alaskan Native (includes Hispanic),
1,Alabama,1035,Conecuh,2016,2020,White (includes Hispanic),
1,Alabama,1037,Coosa,2011,2015,Asian/Pacific Islander (includes Hispanic),
1,Alabama,1037,Coosa,2011,2015,Black (includes Hispanic),11.7
1,Alabama,1037,Coosa,2011,2015,Hispanic (all races),
1,Alabama,1037,Coosa,2011,2015,American Indian/Alaskan Native (includes Hispanic),
1,Alabama,1037,Coosa,2011,2015,White (includes Hispanic),8.1
1,Alabama,1037,Coosa,2012,2016,Asian/Pacific Islander (includes Hispanic),
1,Alabama,1037,Coosa,2012,2016,Black (includes Hispanic),9.6
1,Alabama,1037,Coosa,2012,2016,Hispanic (all races),
1,Alabama,1037,Coosa,2012,2016,American Indian/Alaskan Native (includes Hispanic),
1,Alabama,1037,Coosa,2012,2016,White (includes Hispanic),7.6
1,Alabama,1037,Coosa,2013,2017,Asian/Pacific Islander (includes Hispanic),
1,Alabama,1037,Coosa,2013,2017,Black (includes Hispanic),8.2
1,Alabama,1037,Coosa,2013,2017,Hispanic (all races),
1,Alabama,1037,Coosa,2013,2017,American Indian/Alaskan Native (includes Hispanic),
1,Alabama,1037,Coosa,2013,2017,White (includes Hispanic),6.7
1,Alabama,1037,Coosa,2014,2018,Asian/Pacific Islander (includes Hispanic),
1,Alabama,1037,Coosa,2014,2018,Black (includes Hispanic),7.8
1,Alabama,1037,Coosa,2014,2018,Hispanic (all races),
1,Alabama,1037,Coosa,2014,2018,American Indian/Alaskan Native (includes Hispanic),
1,Alabama,1037,Coosa,2014,2018,White (includes Hispanic),7.9
1,Alabama,1037,Coosa,2015,2019,Asian/Pacific Islander (includes Hispanic),
1,Alabama,1037,Coosa,2015,2019,Black (includes Hispanic),7.8
1,Alabama,1037,Coosa,2015,2019,Hispanic (all races),
1,Alabama,1037,Coosa,2015,2019,American Indian/Alaskan Native (includes Hispanic),
1,Alabama,1037,Coosa,2015,2019,White (includes Hispanic),8.9
1,Alabama,1037,Coosa,2016,2020,Asian/Pacific Islander (includes Hispanic),
1,Alabama,1037,Coosa,2016,2020,Black (includes Hispanic),
1,Alabama,1037,Coosa,2016,2020,Hispanic (all races),
1,Alabama,1037,Coosa,2016,2020,American Indian/Alaskan Native (includes Hispanic),
1,Alabama,1037,Coosa,2016,2020,White (includes Hispanic),8.6
1,Alabama,1039,Covington,2011,2015,Asian/Pacific Islander (includes Hispanic),
1,Alabama,1039,Covington,2011,2015,Black (includes Hispanic),
1,Alabama,1039,Covington,2011,2015,Hispanic (all races),
1,Alabama,1039,Covington,2011,2015,American Indian/Alaskan Native (includes Hispanic),
1,Alabama,1039,Covington,2011,2015,White (includes Hispanic),8.9
1,Alabama,1039,Covington,2012,2016,Asian/Pacific Islander (includes Hispanic),
1,Alabama,1039,Covington,2012,2016,Black (includes Hispanic),
1,Alabama,1039,Covington,2012,2016,Hispanic (all races),
1,Alabama,1039,Covington,2012,2016,American Indian/Alaskan Native (includes Hispanic),
1,Alabama,1039,Covington,2012,2016,White (includes Hispanic),9.1
1,Alabama,1039,Covington,2013,2017,Asian/Pacific Islander (includes Hispanic),
1,Alabama,1039,Covington,2013,2017,Black (includes Hispanic),
1,Alabama,1039,Covington,2013,2017,Hispanic (all races),
1,Alabama,1039,Covington,2013,2017,American Indian/Alaskan Native (includes Hispanic),
1,Alabama,1039,Covington,2013,2017,White (includes Hispanic),8.6
1,Alabama,1039,Covington,2014,2018,Asian/Pacific Islander (includes Hispanic),
1,Alabama,1039,Covington,2014,2018,Black (includes Hispanic),
1,Alabama,1039,Covington,2014,2018,Hispanic (all races),
1,Alabama,1039,Covington,2014,2018,American Indian/Alaskan Native (includes Hispanic),
1,Alabama,1039,Covington,2014,2018,White (includes Hispanic),8.1
1,Alabama,1039,Covington,2015,2019,Asian/Pacific Islander (includes Hispanic),
1,Alabama,1039,Covington,2015,2019,Black (includes Hispanic),
1,Alabama,1039,Covington,2015,2019,Hispanic (all races),
1,Alabama,1039,Covington,2015,2019,American Indian/Alaskan Native (includes Hispanic),
1,Alabama,1039,Covington,2015,2019,White (includes Hispanic),8.6
1,Alabama,1039,Covington,2016,2020,Asian/Pacific Islander (includes Hispanic),
1,Alabama,1039,Covington,2016,2020,Black (includes Hispanic),
1,Alabama,1039,Covington,2016,2020,Hispanic (all races),
1,Alabama,1039,Covington,2016,2020,American Indian/Alaskan Native (includes Hispanic),
1,Alabama,1039,Covington,2016,2020,White (includes Hispanic),8.7
1,Alabama,1041,Crenshaw,2011,2015,Asian/Pacific Islander (includes Hispanic),
1,Alabama,1041,Crenshaw,2011,2015,Black (includes Hispanic),11.2
1,Alabama,1041,Crenshaw,2011,2015,Hispanic (all races),
1,Alabama,1041,Crenshaw,2011,2015,American Indian/Alaskan Native (includes Hispanic),
1,Alabama,1041,Crenshaw,2011,2015,White (includes Hispanic),7.9
1,Alabama,1041,Crenshaw,2012,2016,Asian/Pacific Islander (includes Hispanic),
1,Alabama,1041,Crenshaw,2012,2016,Black (includes Hispanic),12.3
1,Alabama,1041,Crenshaw,2012,2016,Hispanic (all races),
1,Alabama,1041,Crenshaw,2012,2016,American Indian/Alaskan Native (includes Hispanic),
1,Alabama,1041,Crenshaw,2012,2016,White (includes Hispanic),8.2
1,Alabama,1041,Crenshaw,2013,2017,Asian/Pacific Islander (includes Hispanic),
1,Alabama,1041,Crenshaw,2013,2017,Black (includes Hispanic),13.1
1,Alabama,1041,Crenshaw,2013,2017,Hispanic (all races),
1,Alabama,1041,Crenshaw,2013,2017,American Indian/Alaskan Native (includes Hispanic),
1,Alabama,1041,Crenshaw,2013,2017,White (includes Hispanic),7.5
1,Alabama,1041,Crenshaw,2014,2018,Asian/Pacific Islander (includes Hispanic),
1,Alabama,1041,Crenshaw,2014,2018,Black (includes Hispanic),12.0
1,Alabama,1041,Crenshaw,2014,2018,Hispanic (all races),
1,Alabama,1041,Crenshaw,2014,2018,American Indian/Alaskan Native (includes Hispanic),
1,Alabama,1041,Crenshaw,2014,2018,White (includes Hispanic),6.8
1,Alabama,1041,Crenshaw,2015,2019,Asian/Pacific Islander (includes Hispanic),
1,Alabama,1041,Crenshaw,2015,2019,Black (includes Hispanic),12.8
1,Alabama,1041,Crenshaw,2015,2019,Hispanic (all races),
1,Alabama,1041,Crenshaw,2015,2019,American Indian/Alaskan Native (includes Hispanic),
1,Alabama,1041,Crenshaw,2015,2019,White (includes Hispanic),7.4
1,Alabama,1041,Crenshaw,2016,2020,Asian/Pacific Islander (includes Hispanic),
1,Alabama,1041,Crenshaw,2016,2020,Black (includes Hispanic),11.9
1,Alabama,1041,Crenshaw,2016,2020,Hispanic (all races),
1,Alabama,1041,Crenshaw,2016,2020,American Indian/Alaskan Native (includes Hispanic),
1,Alabama,1041,Crenshaw,2016,2020,White (includes Hispanic),8.1
1,Alabama,1043,Cullman,2011,2015,Asian/Pacific Islander (includes Hispanic),
1,Alabama,1043,Cullman,2011,2015,Black (includes Hispanic),
1,Alabama,1043,Cullman,2011,2015,Hispanic (all races),
1,Alabama,1043,Cullman,2011,2015,American Indian/Alaskan Native (includes Hispanic),
1,Alabama,1043,Cullman,2011,2015,White (includes Hispanic),9.3
1,Alabama,1043,Cullman,2012,2016,Asian/Pacific Islander (includes Hispanic),
1,Alabama,1043,Cullman,2012,2016,Black (includes Hispanic),
1,Alabama,1043,Cullman,2012,2016,Hispanic (all races),
1,Alabama,1043,Cullman,2012,2016,American Indian/Alaskan Native (includes Hispanic),
1,Alabama,1043,Cullman,2012,2016,White (includes Hispanic),10.2
1,Alabama,1043,Cullman,2013,2017,Asian/Pacific Islander (includes Hispanic),
1,Alabama,1043,Cullman,2013,2017,Black (includes Hispanic),
1,Alabama,1043,Cullman,2013,2017,Hispanic (all races),
1,Alabama,1043,Cullman,2013,2017,American Indian/Alaskan Native (includes Hispanic),
1,Alabama,1043,Cullman,2013,2017,White (includes Hispanic),10.0
1,Alabama,1043,Cullman,2014,2018,Asian/Pacific Islander (includes Hispanic),
1,Alabama,1043,Cullman,2014,2018,Black (includes Hispanic),
1,Alabama,1043,Cullman,2014,2018,Hispanic (all races),
1,Alabama,1043,Cullman,2014,2018,American Indian/Alaskan Native (includes Hispanic),
1,Alabama,1043,Cullman,2014,2018,White (includes Hispanic),9.8
1,Alabama,1043,Cullman,2015,2019,Asian/Pacific Islander (includes Hispanic),
1,Alabama,1043,Cullman,2015,2019,Black (includes Hispanic),
1,Alabama,1043,Cullman,2015,2019,Hispanic (all races),
1,Alabama,1043,Cullman,2015,2019,American Indian/Alaskan Native (includes Hispanic),
1,Alabama,1043,Cullman,2015,2019,White (includes Hispanic),9.3
1,Alabama,1043,Cullman,2016,2020,Asian/Pacific Islander (includes Hispanic),
1,Alabama,1043,Cullman,2016,2020,Black (includes Hispanic),
1,Alabama,1043,Cullman,2016,2020,Hispanic (all races),
1,Alabama,1043,Cullman,2016,2020,American Indian/Alaskan Native (includes Hispanic),
1,Alabama,1043,Cullman,2016,2020,White (includes Hispanic),10.3
1,Alabama,1045,Dale,2011,2015,Asian/Pacific Islander (includes Hispanic),
1,Alabama,1045,Dale,2011,2015,Black (includes Hispanic),
1,Alabama,1045,Dale,2011,2015,Hispanic (all races),
1,Alabama,1045,Dale,2011,2015,American Indian/Alaskan Native (includes Hispanic),
1,Alabama,1045,Dale,2011,2015,White (includes Hispanic),9.2
1,Alabama,1045,Dale,2012,2016,Asian/Pacific Islander (includes Hispanic),
1,Alabama,1045,Dale,2012,2016,Black (includes Hispanic),9.5
1,Alabama,1045,Dale,2012,2016,Hispanic (all races),
1,Alabama,1045,Dale,2012,2016,American Indian/Alaskan Native (includes Hispanic),
1,Alabama,1045,Dale,2012,2016,White (includes Hispanic),9.6
1,Alabama,1045,Dale,2013,2017,Asian/Pacific Islander (includes Hispanic),
1,Alabama,1045,Dale,2013,2017,Black (includes Hispanic),10.1
1,Alabama,1045,Dale,2013,2017,Hispanic (all races),
1,Alabama,1045,Dale,2013,2017,American Indian/Alaskan Native (includes Hispanic),
1,Alabama,1045,Dale,2013,2017,White (includes Hispanic),9.1
1,Alabama,1045,Dale,2014,2018,Asian/Pacific Islander (includes Hispanic),
1,Alabama,1045,Dale,2014,2018,Black (includes Hispanic),10.2
1,Alabama,1045,Dale,2014,2018,Hispanic (all races),
1,Alabama,1045,Dale,2014,2018,American Indian/Alaskan Native (includes Hispanic),
1,Alabama,1045,Dale,2014,2018,White (includes Hispanic),10.6
1,Alabama,1045,Dale,2015,2019,Asian/Pacific Islander (includes Hispanic),
1,Alabama,1045,Dale,2015,2019,Black (includes Hispanic),11.1
1,Alabama,1045,Dale,2015,2019,Hispanic (all races),
1,Alabama,1045,Dale,2015,2019,American Indian/Alaskan Native (includes Hispanic),
1,Alabama,1045,Dale,2015,2019,White (includes Hispanic),10.2
1,Alabama,1045,Dale,2016,2020,Asian/Pacific Islander (includes Hispanic),
1,Alabama,1045,Dale,2016,2020,Black (includes Hispanic),10.3
1,Alabama,1045,Dale,2016,2020,Hispanic (all races),
1,Alabama,1045,Dale,2016,2020,American Indian/Alaskan Native (includes Hispanic),
1,Alabama,1045,Dale,2016,2020,White (includes Hispanic),9.9
1,Alabama,1047,Dallas,2011,2015,Asian/Pacific Islander (includes Hispanic),
1,Alabama,1047,Dallas,2011,2015,Black (includes Hispanic),
1,Alabama,1047,Dallas,2011,2015,Hispanic (all races),
1,Alabama,1047,Dallas,2011,2015,American Indian/Alaskan Native (includes Hispanic),
1,Alabama,1047,Dallas,2011,2015,White (includes Hispanic),12.4
1,Alabama,1047,Dallas,2012,2016,Asian/Pacific Islander (includes Hispanic),
1,Alabama,1047,Dallas,2012,2016,Black (includes Hispanic),10.5
1,Alabama,1047,Dallas,2012,2016,Hispanic (all races),
1,Alabama,1047,Dallas,2012,2016,American Indian/Alaskan Native (includes Hispanic),
1,Alabama,1047,Dallas,2012,2016,White (includes Hispanic),12.3
1,Alabama,1047,Dallas,2013,2017,Asian/Pacific Islander (includes Hispanic),
1,Alabama,1047,Dallas,2013,2017,Black (includes Hispanic),12.2
1,Alabama,1047,Dallas,2013,2017,Hispanic (all races),
1,Alabama,1047,Dallas,2013,2017,American Indian/Alaskan Native (includes Hispanic),
1,Alabama,1047,Dallas,2013,2017,White (includes Hispanic),11.0
1,Alabama,1047,Dallas,2014,2018,Asian/Pacific Islander (includes Hispanic),
1,Alabama,1047,Dallas,2014,2018,Black (includes Hispanic),13.3
1,Alabama,1047,Dallas,2014,2018,Hispanic (all races),
1,Alabama,1047,Dallas,2014,2018,American Indian/Alaskan Native (includes Hispanic),
1,Alabama,1047,Dallas,2014,2018,White (includes Hispanic),10.4
1,Alabama,1047,Dallas,2015,2019,Asian/Pacific Islander (includes Hispanic),
1,Alabama,1047,Dallas,2015,2019,Black (includes Hispanic),15.6
1,Alabama,1047,Dallas,2015,2019,Hispanic (all races),
1,Alabama,1047,Dallas,2015,2019,American Indian/Alaskan Native (includes Hispanic),
1,Alabama,1047,Dallas,2015,2019,White (includes Hispanic),10.7
1,Alabama,1047,Dallas,2016,2020,Asian/Pacific Islander (includes Hispanic),
1,Alabama,1047,Dallas,2016,2020,Black (includes Hispanic),17.3
1,Alabama,1047,Dallas,2016,2020,Hispanic (all races),
1,Alabama,1047,Dallas,2016,2020,American Indian/Alaskan Native (includes Hispanic),
1,Alabama,1047,Dallas,2016,2020,White (includes Hispanic),10.2
1,Alabama,1049,DeKalb,2011,2015,Asian/Pacific Islander (includes Hispanic),
1,Alabama,1049,DeKalb,2011,2015,Black (includes Hispanic),
1,Alabama,1049,DeKalb,2011,2015,Hispanic (all races),
1,Alabama,1049,DeKalb,2011,2015,American Indian/Alaskan Native (includes Hispanic),
1,Alabama,1049,DeKalb,2011,2015,White (includes Hispanic),10.0
1,Alabama,1049,DeKalb,2012,2016,Asian/Pacific Islander (includes Hispanic),
1,Alabama,1049,DeKalb,2012,2016,Black (includes Hispanic),
1,Alabama,1049,DeKalb,2012,2016,Hispanic (all races),
1,Alabama,1049,DeKalb,2012,2016,American Indian/Alaskan Native (includes Hispanic),
1,Alabama,1049,DeKalb,2012,2016,White (includes Hispanic),10.6
1,Alabama,1049,DeKalb,2013,2017,Asian/Pacific Islander (includes Hispanic),
1,Alabama,1049,DeKalb,2013,2017,Black (includes Hispanic),
1,Alabama,1049,DeKalb,2013,2017,Hispanic (all races),
1,Alabama,1049,DeKalb,2013,2017,American Indian/Alaskan Native (includes Hispanic),
1,Alabama,1049,DeKalb,2013,2017,White (includes Hispanic),11.9
1,Alabama,1049,DeKalb,2014,2018,Asian/Pacific Islander (includes Hispanic),
1,Alabama,1049,DeKalb,2014,2018,Black (includes Hispanic),
1,Alabama,1049,DeKalb,2014,2018,Hispanic (all races),
1,Alabama,1049,DeKalb,2014,2018,American Indian/Alaskan Native (includes Hispanic),
1,Alabama,1049,DeKalb,2014,2018,White (includes Hispanic),12.7
1,Alabama,1049,DeKalb,2015,2019,Asian/Pacific Islander (includes Hispanic),
1,Alabama,1049,DeKalb,2015,2019,Black (includes Hispanic),
1,Alabama,1049,DeKalb,2015,2019,Hispanic (all races),
1,Alabama,1049,DeKalb,2015,2019,American Indian/Alaskan Native (includes Hispanic),
1,Alabama,1049,DeKalb,2015,2019,White (includes Hispanic),13.1
1,Alabama,1049,DeKalb,2016,2020,Asian/Pacific Islander (includes Hispanic),
1,Alabama,1049,DeKalb,2016,2020,Black (includes Hispanic),
1,Alabama,1049,DeKalb,2016,2020,Hispanic (all races),
1,Alabama,1049,DeKalb,2016,2020,American Indian/Alaskan Native (includes Hispanic),
1,Alabama,1049,DeKalb,2016,2020,White (includes Hispanic),13.1
1,Alabama,1051,Elmore,2011,2015,Asian/Pacific Islander (includes Hispanic),
1,Alabama,1051,Elmore,2011,2015,Black (includes Hispanic),13.9
1,Alabama,1051,Elmore,2011,2015,Hispanic (all races),
1,Alabama,1051,Elmore,2011,2015,American Indian/Alaskan Native (includes Hispanic),
1,Alabama,1051,Elmore,2011,2015,White (includes Hispanic),9.5
1,Alabama,1051,Elmore,2012,2016,Asian/Pacific Islander (includes Hispanic),
1,Alabama,1051,Elmore,2012,2016,Black (includes Hispanic),12.5
1,Alabama,1051,Elmore,2012,2016,Hispanic (all races),
1,Alabama,1051,Elmore,2012,2016,American Indian/Alaskan Native (includes Hispanic),
1,Alabama,1051,Elmore,2012,2016,White (includes Hispanic),9.5
1,Alabama,1051,Elmore,2013,2017,Asian/Pacific Islander (includes Hispanic),
1,Alabama,1051,Elmore,2013,2017,Black (includes Hispanic),12.6
1,Alabama,1051,Elmore,2013,2017,Hispanic (all races),
1,Alabama,1051,Elmore,2013,2017,American Indian/Alaskan Native (includes Hispanic),
1,Alabama,1051,Elmore,2013,2017,White (includes Hispanic),8.4
1,Alabama,1051,Elmore,2014,2018,Asian/Pacific Islander (includes Hispanic),
1,Alabama,1051,Elmore,2014,2018,Black (includes Hispanic),11.9
1,Alabama,1051,Elmore,2014,2018,Hispanic (all races),
1,Alabama,1051,Elmore,2014,2018,American Indian/Alaskan Native (includes Hispanic),
1,Alabama,1051,Elmore,2014,2018,White (includes Hispanic),8.6
1,Alabama,1051,Elmore,2015,2019,Asian/Pacific Islander (includes Hispanic),
1,Alabama,1051,Elmore,2015,2019,Black (includes Hispanic),12.4
1,Alabama,1051,Elmore,2015,2019,Hispanic (all races),
1,Alabama,1051,Elmore,2015,2019,American Indian/Alaskan Native (includes Hispanic),
1,Alabama,1051,Elmore,2015,2019,White (includes Hispanic),9.1
1,Alabama,1051,Elmore,2016,2020,Asian/Pacific Islander (includes Hispanic),
1,Alabama,1051,Elmore,2016,2020,Black (includes Hispanic),10.6
1,Alabama,1051,Elmore,2016,2020,Hispanic (all races),
1,Alabama,1051,Elmore,2016,2020,American Indian/Alaskan Native (includes Hispanic),
1,Alabama,1051,Elmore,2016,2020,White (includes Hispanic),9.8
1,Alabama,1053,Escambia,2011,2015,Asian/Pacific Islander (includes Hispanic),
1,Alabama,1053,Escambia,2011,2015,Black (includes Hispanic),8.1
1,Alabama,1053,Escambia,2011,2015,Hispanic (all races),
1,Alabama,1053,Escambia,2011,2015,American Indian/Alaskan Native (includes Hispanic),
1,Alabama,1053,Escambia,2011,2015,White (includes Hispanic),8.1
1,Alabama,1053,Escambia,2012,2016,Asian/Pacific Islander (includes Hispanic),
1,Alabama,1053,Escambia,2012,2016,Black (includes Hispanic),8.0
1,Alabama,1053,Escambia,2012,2016,Hispanic (all races),
1,Alabama,1053,Escambia,2012,2016,American Indian/Alaskan Native (includes Hispanic),
1,Alabama,1053,Escambia,2012,2016,White (includes Hispanic),8.0
1,Alabama,1053,Escambia,2013,2017,Asian/Pacific Islander (includes Hispanic),
1,Alabama,1053,Escambia,2013,2017,Black (includes Hispanic),10.0
1,Alabama,1053,Escambia,2013,2017,Hispanic (all races),
1,Alabama,1053,Escambia,2013,2017,American Indian/Alaskan Native (includes Hispanic),
1,Alabama,1053,Escambia,2013,2017,White (includes Hispanic),8.3
1,Alabama,1053,Escambia,2014,2018,Asian/Pacific Islander (includes Hispanic),
1,Alabama,1053,Escambia,2014,2018,Black (includes Hispanic),9.2
1,Alabama,1053,Escambia,2014,2018,Hispanic (all races),
1,Alabama,1053,Escambia,2014,2018,American Indian/Alaskan Native (includes Hispanic),
1,Alabama,1053,Escambia,2014,2018,White (includes Hispanic),8.1
1,Alabama,1053,Escambia,2015,2019,Asian/Pacific Islander (includes Hispanic),
1,Alabama,1053,Escambia,2015,2019,Black (includes Hispanic),9.9
1,Alabama,1053,Escambia,2015,2019,Hispanic (all races),
1,Alabama,1053,Escambia,2015,2019,American Indian/Alaskan Native (includes Hispanic),
1,Alabama,1053,Escambia,2015,2019,White (includes Hispanic),8.4
1,Alabama,1053,Escambia,2016,2020,Asian/Pacific Islander (includes Hispanic),
1,Alabama,1053,Escambia,2016,2020,Black (includes Hispanic),9.4
1,Alabama,1053,Escambia,2016,2020,Hispanic (all races),
1,Alabama,1053,Escambia,2016,2020,American Indian/Alaskan Native (includes Hispanic),
1,Alabama,1053,Escambia,2016,2020,White (includes Hispanic),9.3
1,Alabama,1055,Etowah,2011,2015,Asian/Pacific Islander (includes Hispanic),
1,Alabama,1055,Etowah,2011,2015,Black (includes Hispanic),
1,Alabama,1055,Etowah,2011,2015,Hispanic (all races),
1,Alabama,1055,Etowah,2011,2015,American Indian/Alaskan Native (includes Hispanic),
1,Alabama,1055,Etowah,2011,2015,White (includes Hispanic),10.9
1,Alabama,1055,Etowah,2012,2016,Asian/Pacific Islander (includes Hispanic),
1,Alabama,1055,Etowah,2012,2016,Black (includes Hispanic),
1,Alabama,1055,Etowah,2012,2016,Hispanic (all races),
1,Alabama,1055,Etowah,2012,2016,American Indian/Alaskan Native (includes Hispanic),
1,Alabama,1055,Etowah,2012,2016,White (includes Hispanic),11.4
1,Alabama,1055,Etowah,2013,2017,Asian/Pacific Islander (includes Hispanic),
1,Alabama,1055,Etowah,2013,2017,Black (includes Hispanic),
1,Alabama,1055,Etowah,2013,2017,Hispanic (all races),
1,Alabama,1055,Etowah,2013,2017,American Indian/Alaskan Native (includes Hispanic),
1,Alabama,1055,Etowah,2013,2017,White (includes Hispanic),12.3
1,Alabama,1055,Etowah,2014,2018,Asian/Pacific Islander (includes Hispanic),
1,Alabama,1055,Etowah,2014,2018,Black (includes Hispanic),12.7
1,Alabama,1055,Etowah,2014,2018,Hispanic (all races),
1,Alabama,1055,Etowah,2014,2018,American Indian/Alaskan Native (includes Hispanic),
1,Alabama,1055,Etowah,2014,2018,White (includes Hispanic),12.4
1,Alabama,1055,Etowah,2015,2019,Asian/Pacific Islander (includes Hispanic),
1,Alabama,1055,Etowah,2015,2019,Black (includes Hispanic),11.2
1,Alabama,1055,Etowah,2015,2019,Hispanic (all races),
1,Alabama,1055,Etowah,2015,2019,American Indian/Alaskan Native (includes Hispanic),
1,Alabama,1055,Etowah,2015,2019,White (includes Hispanic),12.4
1,Alabama,1055,Etowah,2016,2020,Asian/Pacific Islander (includes Hispanic),
1,Alabama,1055,Etowah,2016,2020,Black (includes Hispanic),
1,Alabama,1055,Etowah,2016,2020,Hispanic (all races),
1,Alabama,1055,Etowah,2016,2020,American Indian/Alaskan Native (includes Hispanic),
1,Alabama,1055,Etowah,2016,2020,White (includes Hispanic),12.1
1,Alabama,1057,Fayette,2011,2015,Asian/Pacific Islander (includes Hispanic),
1,Alabama,1057,Fayette,2011,2015,Black (includes Hispanic),
1,Alabama,1057,Fayette,2011,2015,Hispanic (all races),
1,Alabama,1057,Fayette,2011,2015,American Indian/Alaskan Native (includes Hispanic),
1,Alabama,1057,Fayette,2011,2015,White (includes Hispanic),8.3
1,Alabama,1057,Fayette,2012,2016,Asian/Pacific Islander (includes Hispanic),
1,Alabama,1057,Fayette,2012,2016,Black (includes Hispanic),9.8
1,Alabama,1057,Fayette,2012,2016,Hispanic (all races),
1,Alabama,1057,Fayette,2012,2016,American Indian/Alaskan Native (includes Hispanic),
1,Alabama,1057,Fayette,2012,2016,White (includes Hispanic),10.0
1,Alabama,1057,Fayette,2013,2017,Asian/Pacific Islander (includes Hispanic),
1,Alabama,1057,Fayette,2013,2017,Black (includes Hispanic),11.1
1,Alabama,1057,Fayette,2013,2017,Hispanic (all races),
1,Alabama,1057,Fayette,2013,2017,American Indian/Alaskan Native (includes Hispanic),
1,Alabama,1057,Fayette,2013,2017,White (includes Hispanic),10.6
1,Alabama,1057,Fayette,2014,2018,Asian/Pacific Islander (includes Hispanic),
1,Alabama,1057,Fayette,2014,2018,Black (includes Hispanic),10.9
1,Alabama,1057,Fayette,2014,2018,Hispanic (all races),
1,Alabama,1057,Fayette,2014,2018,American Indian/Alaskan Native (includes Hispanic),
1,Alabama,1057,Fayette,2014,2018,White (includes Hispanic),11.8
1,Alabama,1057,Fayette,2015,2019,Asian/Pacific Islander (includes Hispanic),
1,Alabama,1057,Fayette,2015,2019,Black (includes Hispanic),13.4
1,Alabama,1057,Fayette,2015,2019,Hispanic (all races),
1,Alabama,1057,Fayette,2015,2019,American Indian/Alaskan Native (includes Hispanic),
1,Alabama,1057,Fayette,2015,2019,White (includes Hispanic),11.7
1,Alabama,1057,Fayette,2016,2020,Asian/Pacific Islander (includes Hispanic),
1,Alabama,1057,Fayette,2016,2020,Black (includes Hispanic),13.2
1,Alabama,1057,Fayette,2016,2020,Hispanic (all races),
1,Alabama,1057,Fayette,2016,2020,American Indian/Alaskan Native (includes Hispanic),
1,Alabama,1057,Fayette,2016,2020,White (includes Hispanic),12.0
1,Alabama,1059,Franklin,2011,2015,Asian/Pacific Islander (includes Hispanic),
1,Alabama,1059,Franklin,2011,2015,Black (includes Hispanic),
1,Alabama,1059,Franklin,2011,2015,Hispanic (all races),
1,Alabama,1059,Franklin,2011,2015,American Indian/Alaskan Native (includes Hispanic),
1,Alabama,1059,Franklin,2011,2015,White (includes Hispanic),10.0
1,Alabama,1059,Franklin,2012,2016,Asian/Pacific Islander (includes Hispanic),
1,Alabama,1059,Franklin,2012,2016,Black (includes Hispanic),
1,Alabama,1059,Franklin,2012,2016,Hispanic (all races),
1,Alabama,1059,Franklin,2012,2016,American Indian/Alaskan Native (includes Hispanic),
1,Alabama,1059,Franklin,2012,2016,White (includes Hispanic),10.1
1,Alabama,1059,Franklin,2013,2017,Asian/Pacific Islander (includes Hispanic),
1,Alabama,1059,Franklin,2013,2017,Black (includes Hispanic),
1,Alabama,1059,Franklin,2013,2017,Hispanic (all races),
1,Alabama,1059,Franklin,2013,2017,American Indian/Alaskan Native (includes Hispanic),
1,Alabama,1059,Franklin,2013,2017,White (includes Hispanic),9.3
1,Alabama,1059,Franklin,2014,2018,Asian/Pacific Islander (includes Hispanic),
1,Alabama,1059,Franklin,2014,2018,Black (includes Hispanic),
1,Alabama,1059,Franklin,2014,2018,Hispanic (all races),
1,Alabama,1059,Franklin,2014,2018,American Indian/Alaskan Native (includes Hispanic),
1,Alabama,1059,Franklin,2014,2018,White (includes Hispanic),9.1
1,Alabama,1059,Franklin,2015,2019,Asian/Pacific Islander (includes Hispanic),
1,Alabama,1059,Franklin,2015,2019,Black (includes Hispanic),
1,Alabama,1059,Franklin,2015,2019,Hispanic (all races),
1,Alabama,1059,Franklin,2015,2019,American Indian/Alaskan Native (includes Hispanic),
1,Alabama,1059,Franklin,2015,2019,White (includes Hispanic),9.5
1,Alabama,1059,Franklin,2016,2020,Asian/Pacific Islander (includes Hispanic),
1,Alabama,1059,Franklin,2016,2020,Black (includes Hispanic),
1,Alabama,1059,Franklin,2016,2020,Hispanic (all races),
1,Alabama,1059,Franklin,2016,2020,American Indian/Alaskan Native (includes Hispanic),
1,Alabama,1059,Franklin,2016,2020,White (includes Hispanic),8.3
1,Alabama,1061,Geneva,2011,2015,Asian/Pacific Islander (includes Hispanic),
1,Alabama,1061,Geneva,2011,2015,Black (includes Hispanic),10.5
1,Alabama,1061,Geneva,2011,2015,Hispanic (all races),
1,Alabama,1061,Geneva,2011,2015,American Indian/Alaskan Native (includes Hispanic),
1,Alabama,1061,Geneva,2011,2015,White (includes Hispanic),9.8
1,Alabama,1061,Geneva,2012,2016,Asian/Pacific Islander (includes Hispanic),
1,Alabama,1061,Geneva,2012,2016,Black (includes Hispanic),10.8
1,Alabama,1061,Geneva,2012,2016,Hispanic (all races),
1,Alabama,1061,Geneva,2012,2016,American Indian/Alaskan Native (includes Hispanic),
1,Alabama,1061,Geneva,2012,2016,White (includes Hispanic),9.5
1,Alabama,1061,Geneva,2013,2017,Asian/Pacific Islander (includes Hispanic),
1,Alabama,1061,Geneva,2013,2017,Black (includes Hispanic),10.6
1,Alabama,1061,Geneva,2013,2017,Hispanic (all races),
1,Alabama,1061,Geneva,2013,2017,American Indian/Alaskan Native (includes Hispanic),
1,Alabama,1061,Geneva,2013,2017,White (includes Hispanic),9.4
1,Alabama,1061,Geneva,2014,2018,Asian/Pacific Islander (includes Hispanic),
1,Alabama,1061,Geneva,2014,2018,Black (includes Hispanic),11.1
1,Alabama,1061,Geneva,2014,2018,Hispanic (all races),
1,Alabama,1061,Geneva,2014,2018,American Indian/Alaskan Native (includes Hispanic),
1,Alabama,1061,Geneva,2014,2018,White (includes Hispanic),10.6
1,Alabama,1061,Geneva,2015,2019,Asian/Pacific Islander (includes Hispanic),
1,Alabama,1061,Geneva,2015,2019,Black (includes Hispanic),11.2
1,Alabama,1061,Geneva,2015,2019,Hispanic (all races),
1,Alabama,1061,Geneva,2015,2019,American Indian/Alaskan Native (includes Hispanic),
1,Alabama,1061,Geneva,2015,2019,White (includes Hispanic),9.8
1,Alabama,1061,Geneva,2016,2020,Asian/Pacific Islander (includes Hispanic),
1,Alabama,1061,Geneva,2016,2020,Black (includes Hispanic),9.1
1,Alabama,1061,Geneva,2016,2020,Hispanic (all races),
1,Alabama,1061,Geneva,2016,2020,American Indian/Alaskan Native (includes Hispanic),
1,Alabama,1061,Geneva,2016,2020,White (includes Hispanic),9.1
1,Alabama,1063,Greene,2011,2015,Asian/Pacific Islander (includes Hispanic),
1,Alabama,1063,Greene,2011,2015,Black (includes Hispanic),8.3
1,Alabama,1063,Greene,2011,2015,Hispanic (all races),
1,Alabama,1063,Greene,2011,2015,American Indian/Alaskan Native (includes Hispanic),
1,Alabama,1063,Greene,2011,2015,White (includes Hispanic),7.3
1,Alabama,1063,Greene,2012,2016,Asian/Pacific Islander (includes Hispanic),
1,Alabama,1063,Greene,2012,2016,Black (includes Hispanic),9.9
1,Alabama,1063,Greene,2012,2016,Hispanic (all races),
1,Alabama,1063,Greene,2012,2016,American Indian/Alaskan Native (includes Hispanic),
1,Alabama,1063,Greene,2012,2016,White (includes Hispanic),9.3
1,Alabama,1063,Greene,2013,2017,Asian/Pacific Islander (includes Hispanic),
1,Alabama,1063,Greene,2013,2017,Black (includes Hispanic),11.5
1,Alabama,1063,Greene,2013,2017,Hispanic (all races),
1,Alabama,1063,Greene,2013,2017,American Indian/Alaskan Native (includes Hispanic),
1,Alabama,1063,Greene,2013,2017,White (includes Hispanic),9.8
1,Alabama,1063,Greene,2014,2018,Asian/Pacific Islander (includes Hispanic),
1,Alabama,1063,Greene,2014,2018,Black (includes Hispanic),9.2
1,Alabama,1063,Greene,2014,2018,Hispanic (all races),
1,Alabama,1063,Greene,2014,2018,American Indian/Alaskan Native (includes Hispanic),
1,Alabama,1063,Greene,2014,2018,White (includes Hispanic),11.0
1,Alabama,1063,Greene,2015,2019,Asian/Pacific Islander (includes Hispanic),
1,Alabama,1063,Greene,2015,2019,Black (includes Hispanic),11.3
1,Alabama,1063,Greene,2015,2019,Hispanic (all races),
1,Alabama,1063,Greene,2015,2019,American Indian/Alaskan Native (includes Hispanic),
1,Alabama,1063,Greene,2015,2019,White (includes Hispanic),12.0
1,Alabama,1063,Greene,2016,2020,Asian/Pacific Islander (includes Hispanic),
1,Alabama,1063,Greene,2016,2020,Black (includes Hispanic),10.7
1,Alabama,1063,Greene,2016,2020,Hispanic (all races),
1,Alabama,1063,Greene,2016,2020,American Indian/Alaskan Native (includes Hispanic),
1,Alabama,1063,Greene,2016,2020,White (includes Hispanic),12.0
1,Alabama,1065,Hale,2011,2015,Asian/Pacific Islander (includes Hispanic),
1,Alabama,1065,Hale,2011,2015,Black (includes Hispanic),9.1
1,Alabama,1065,Hale,2011,2015,Hispanic (all races),
1,Alabama,1065,Hale,2011,2015,American Indian/Alaskan Native (includes Hispanic),
1,Alabama,1065,Hale,2011,2015,White (includes Hispanic),7.2
1,Alabama,1065,Hale,2012,2016,Asian/Pacific Islander (includes Hispanic),
1,Alabama,1065,Hale,2012,2016,Black (includes Hispanic),10.9
1,Alabama,1065,Hale,2012,2016,Hispanic (all races),
1,Alabama,1065,Hale,2012,2016,American Indian/Alaskan Native (includes Hispanic),
1,Alabama,1065,Hale,2012,2016,White (includes Hispanic),8.3
1,Alabama,1065,Hale,2013,2017,Asian/Pacific Islander (includes Hispanic),
1,Alabama,1065,Hale,2013,2017,Black (includes Hispanic),12.3
1,Alabama,1065,Hale,2013,2017,Hispanic (all races),
1,Alabama,1065,Hale,2013,2017,American Indian/Alaskan Native (includes Hispanic),
1,Alabama,1065,Hale,2013,2017,White (includes Hispanic),8.9
1,Alabama,1065,Hale,2014,2018,Asian/Pacific Islander (includes Hispanic),
1,Alabama,1065,Hale,2014,2018,Black (includes Hispanic),10.5
1,Alabama,1065,Hale,2014,2018,Hispanic (all races),
1,Alabama,1065,Hale,2014,2018,American Indian/Alaskan Native (includes Hispanic),
1,Alabama,1065,Hale,2014,2018,White (includes Hispanic),9.6
1,Alabama,1065,Hale,2015,2019,Asian/Pacific Islander (includes Hispanic),
1,Alabama,1065,Hale,2015,2019,Black (includes Hispanic),13.0
1,Alabama,1065,Hale,2015,2019,Hispanic (all races),
1,Alabama,1065,Hale,2015,2019,American Indian/Alaskan Native (includes Hispanic),
1,Alabama,1065,Hale,2015,2019,White (includes Hispanic),10.3
1,Alabama,1065,Hale,2016,2020,Asian/Pacific Islander (includes Hispanic),
1,Alabama,1065,Hale,2016,2020,Black (includes Hispanic),12.7
1,Alabama,1065,Hale,2016,2020,Hispanic (all races),
1,Alabama,1065,Hale,2016,2020,American Indian/Alaskan Native (includes Hispanic),
1,Alabama,1065,Hale,2016,2020,White (includes Hispanic),10.2
1,Alabama,1067,Henry,2011,2015,Asian/Pacific Islander (includes Hispanic),
1,Alabama,1067,Henry,2011,2015,Black (includes Hispanic),
1,Alabama,1067,Henry,2011,2015,Hispanic (all races),
1,Alabama,1067,Henry,2011,2015,American Indian/Alaskan Native (includes Hispanic),
1,Alabama,1067,Henry,2011,2015,White (includes Hispanic),9.8
1,Alabama,1067,Henry,2012,2016,Asian/Pacific Islander (includes Hispanic),
1,Alabama,1067,Henry,2012,2016,Black (includes Hispanic),11.8
1,Alabama,1067,Henry,2012,2016,Hispanic (all races),
1,Alabama,1067,Henry,2012,2016,American Indian/Alaskan Native (includes Hispanic),
1,Alabama,1067,Henry,2012,2016,White (includes Hispanic),10.4
1,Alabama,1067,Henry,2013,2017,Asian/Pacific Islander (includes Hispanic),
1,Alabama,1067,Henry,2013,2017,Black (includes Hispanic),12.6
1,Alabama,1067,Henry,2013,2017,Hispanic (all races),
1,Alabama,1067,Henry,2013,2017,American Indian/Alaskan Native (includes Hispanic),
1,Alabama,1067,Henry,2013,2017,White (includes Hispanic),9.4
1,Alabama,1067,Henry,2014,2018,Asian/Pacific Islander (includes Hispanic),
1,Alabama,1067,Henry,2014,2018,Black (includes Hispanic),12.0
1,Alabama,1067,Henry,2014,2018,Hispanic (all races),
1,Alabama,1067,Henry,2014,2018,American Indian/Alaskan Native (includes Hispanic),
1,Alabama,1067,Henry,2014,2018,White (includes Hispanic),11.1
1,Alabama,1067,Henry,2015,2019,Asian/Pacific Islander (includes Hispanic),
1,Alabama,1067,Henry,2015,2019,Black (includes Hispanic),13.3
1,Alabama,1067,Henry,2015,2019,Hispanic (all races),
1,Alabama,1067,Henry,2015,2019,American Indian/Alaskan Native (includes Hispanic),
1,Alabama,1067,Henry,2015,2019,White (includes Hispanic),9.4
1,Alabama,1067,Henry,2016,2020,Asian/Pacific Islander (includes Hispanic),
1,Alabama,1067,Henry,2016,2020,Black (includes Hispanic),12.0
1,Alabama,1067,Henry,2016,2020,Hispanic (all races),
1,Alabama,1067,Henry,2016,2020,American Indian/Alaskan Native (includes Hispanic),
1,Alabama,1067,Henry,2016,2020,White (includes Hispanic),10.1
1,Alabama,1069,Houston,2011,2015,Asian/Pacific Islander (includes Hispanic),
1,Alabama,1069,Houston,2011,2015,Black (includes Hispanic),12.2
1,Alabama,1069,Houston,2011,2015,Hispanic (all races),
1,Alabama,1069,Houston,2011,2015,American Indian/Alaskan Native (includes Hispanic),
1,Alabama,1069,Houston,2011,2015,White (includes Hispanic),10.4
1,Alabama,1069,Houston,2012,2016,Asian/Pacific Islander (includes Hispanic),
1,Alabama,1069,Houston,2012,2016,Black (includes Hispanic),13.0
1,Alabama,1069,Houston,2012,2016,Hispanic (all races),
1,Alabama,1069,Houston,2012,2016,American Indian/Alaskan Native (includes Hispanic),
1,Alabama,1069,Houston,2012,2016,White (includes Hispanic),9.8
1,Alabama,1069,Houston,2013,2017,Asian/Pacific Islander (includes Hispanic),
1,Alabama,1069,Houston,2013,2017,Black (includes Hispanic),13.2
1,Alabama,1069,Houston,2013,2017,Hispanic (all races),
1,Alabama,1069,Houston,2013,2017,American Indian/Alaskan Native (includes Hispanic),
1,Alabama,1069,Houston,2013,2017,White (includes Hispanic),9.2
1,Alabama,1069,Houston,2014,2018,Asian/Pacific Islander (includes Hispanic),
1,Alabama,1069,Houston,2014,2018,Black (includes Hispanic),13.2
1,Alabama,1069,Houston,2014,2018,Hispanic (all races),
1,Alabama,1069,Houston,2014,2018,American Indian/Alaskan Native (includes Hispanic),
1,Alabama,1069,Houston,2014,2018,White (includes Hispanic),10.5
1,Alabama,1069,Houston,2015,2019,Asian/Pacific Islander (includes Hispanic),
1,Alabama,1069,Houston,2015,2019,Black (includes Hispanic),13.3
1,Alabama,1069,Houston,2015,2019,Hispanic (all races),
1,Alabama,1069,Houston,2015,2019,American Indian/Alaskan Native (includes Hispanic),
1,Alabama,1069,Houston,2015,2019,White (includes Hispanic),8.8
1,Alabama,1069,Houston,2016,2020,Asian/Pacific Islander (includes Hispanic),
1,Alabama,1069,Houston,2016,2020,Black (includes Hispanic),11.7
1,Alabama,1069,Houston,2016,2020,Hispanic (all races),
1,Alabama,1069,Houston,2016,2020,American Indian/Alaskan Native (includes Hispanic),
1,Alabama,1069,Houston,2016,2020,White (includes Hispanic),8.9
1,Alabama,1071,Jackson,2011,2015,Asian/Pacific Islander (includes Hispanic),
1,Alabama,1071,Jackson,2011,2015,Black (includes Hispanic),
1,Alabama,1071,Jackson,2011,2015,Hispanic (all races),
1,Alabama,1071,Jackson,2011,2015,American Indian/Alaskan Native (includes Hispanic),
1,Alabama,1071,Jackson,2011,2015,White (includes Hispanic),8.2
1,Alabama,1071,Jackson,2012,2016,Asian/Pacific Islander (includes Hispanic),
1,Alabama,1071,Jackson,2012,2016,Black (includes Hispanic),9.3
1,Alabama,1071,Jackson,2012,2016,Hispanic (all races),
1,Alabama,1071,Jackson,2012,2016,American Indian/Alaskan Native (includes Hispanic),
1,Alabama,1071,Jackson,2012,2016,White (includes Hispanic),9.1
1,Alabama,1071,Jackson,2013,2017,Asian/Pacific Islander (includes Hispanic),
1,Alabama,1071,Jackson,2013,2017,Black (includes Hispanic),9.8
1,Alabama,1071,Jackson,2013,2017,Hispanic (all races),
1,Alabama,1071,Jackson,2013,2017,American Indian/Alaskan Native (includes Hispanic),
1,Alabama,1071,Jackson,2013,2017,White (includes Hispanic),9.4
1,Alabama,1071,Jackson,2014,2018,Asian/Pacific Islander (includes Hispanic),
1,Alabama,1071,Jackson,2014,2018,Black (includes Hispanic),10.2
1,Alabama,1071,Jackson,2014,2018,Hispanic (all races),
1,Alabama,1071,Jackson,2014,2018,American Indian/Alaskan Native (includes Hispanic),
1,Alabama,1071,Jackson,2014,2018,White (includes Hispanic),9.6
1,Alabama,1071,Jackson,2015,2019,Asian/Pacific Islander (includes Hispanic),
1,Alabama,1071,Jackson,2015,2019,Black (includes Hispanic),9.1
1,Alabama,1071,Jackson,2015,2019,Hispanic (all races),
1,Alabama,1071,Jackson,2015,2019,American Indian/Alaskan Native (includes Hispanic),
1,Alabama,1071,Jackson,2015,2019,White (includes Hispanic),9.1
1,Alabama,1071,Jackson,2016,2020,Asian/Pacific Islander (includes Hispanic),
1,Alabama,1071,Jackson,2016,2020,Black (includes Hispanic),7.7
1,Alabama,1071,Jackson,2016,2020,Hispanic (all races),
1,Alabama,1071,Jackson,2016,2020,American Indian/Alaskan Native (includes Hispanic),
1,Alabama,1071,Jackson,2016,2020,White (includes Hispanic),8.8
1,Alabama,1073,Jefferson,2011,2015,Asian/Pacific Islander (includes Hispanic),
1,Alabama,1073,Jefferson,2011,2015,Black (includes Hispanic),8.7
1,Alabama,1073,Jefferson,2011,2015,Hispanic (all races),
1,Alabama,1073,Jefferson,2011,2015,American Indian/Alaskan Native (includes Hispanic),
1,Alabama,1073,Jefferson,2011,2015,White (includes Hispanic),8.3
1,Alabama,1073,Jefferson,2012,2016,Asian/Pacific Islander (includes Hispanic),
1,Alabama,1073,Jefferson,2012,2016,Black (includes Hispanic),9.2
1,Alabama,1073,Jefferson,2012,2016,Hispanic (all races),
1,Alabama,1073,Jefferson,2012,2016,American Indian/Alaskan Native (includes Hispanic),
1,Alabama,1073,Jefferson,2012,2016,White (includes Hispanic),8.4
1,Alabama,1073,Jefferson,2013,2017,Asian/Pacific Islander (includes Hispanic),
1,Alabama,1073,Jefferson,2013,2017,Black (includes Hispanic),9.0
1,Alabama,1073,Jefferson,2013,2017,Hispanic (all races),
1,Alabama,1073,Jefferson,2013,2017,American Indian/Alaskan Native (includes Hispanic),
1,Alabama,1073,Jefferson,2013,2017,White (includes Hispanic),8.4
1,Alabama,1073,Jefferson,2014,2018,Asian/Pacific Islander (includes Hispanic),
1,Alabama,1073,Jefferson,2014,2018,Black (includes Hispanic),7.5
1,Alabama,1073,Jefferson,2014,2018,Hispanic (all races),
1,Alabama,1073,Jefferson,2014,2018,American Indian/Alaskan Native (includes Hispanic),
1,Alabama,1073,Jefferson,2014,2018,White (includes Hispanic),8.6
1,Alabama,1073,Jefferson,2015,2019,Asian/Pacific Islander (includes Hispanic),
1,Alabama,1073,Jefferson,2015,2019,Black (includes Hispanic),8.5
1,Alabama,1073,Jefferson,2015,2019,Hispanic (all races),
1,Alabama,1073,Jefferson,2015,2019,American Indian/Alaskan Native (includes Hispanic),
1,Alabama,1073,Jefferson,2015,2019,White (includes Hispanic),8.0
1,Alabama,1073,Jefferson,2016,2020,Asian/Pacific Islander (includes Hispanic),
1,Alabama,1073,Jefferson,2016,2020,Black (includes Hispanic),8.4
1,Alabama,1073,Jefferson,2016,2020,Hispanic (all races),
1,Alabama,1073,Jefferson,2016,2020,American Indian/Alaskan Native (includes Hispanic),
1,Alabama,1073,Jefferson,2016,2020,White (includes Hispanic),7.9
1,Alabama,1075,Lamar,2011,2015,Asian/Pacific Islander (includes Hispanic),
1,Alabama,1075,Lamar,2011,2015,Black (includes Hispanic),
1,Alabama,1075,Lamar,2011,2015,Hispanic (all races),
1,Alabama,1075,Lamar,2011,2015,American Indian/Alaskan Native (includes Hispanic),
1,Alabama,1075,Lamar,2011,2015,White (includes Hispanic),6.5
1,Alabama,1075,Lamar,2012,2016,Asian/Pacific Islander (includes Hispanic),
1,Alabama,1075,Lamar,2012,2016,Black (includes Hispanic),
1,Alabama,1075,Lamar,2012,2016,Hispanic (all races),
1,Alabama,1075,Lamar,2012,2016,American Indian/Alaskan Native (includes Hispanic),
1,Alabama,1075,Lamar,2012,2016,White (includes Hispanic),7.4
1,Alabama,1075,Lamar,2013,2017,Asian/Pacific Islander (includes Hispanic),
1,Alabama,1075,Lamar,2013,2017,Black (includes Hispanic),
1,Alabama,1075,Lamar,2013,2017,Hispanic (all races),
1,Alabama,1075,Lamar,2013,2017,American Indian/Alaskan Native (includes Hispanic),
1,Alabama,1075,Lamar,2013,2017,White (includes Hispanic),9.0
1,Alabama,1075,Lamar,2014,2018,Asian/Pacific Islander (includes Hispanic),
1,Alabama,1075,Lamar,2014,2018,Black (includes Hispanic),
1,Alabama,1075,Lamar,2014,2018,Hispanic (all races),
1,Alabama,1075,Lamar,2014,2018,American Indian/Alaskan Native (includes Hispanic),
1,Alabama,1075,Lamar,2014,2018,White (includes Hispanic),9.1
1,Alabama,1075,Lamar,2015,2019,Asian/Pacific Islander (includes Hispanic),
1,Alabama,1075,Lamar,2015,2019,Black (includes Hispanic),
1,Alabama,1075,Lamar,2015,2019,Hispanic (all races),
1,Alabama,1075,Lamar,2015,2019,American Indian/Alaskan Native (includes Hispanic),
1,Alabama,1075,Lamar,2015,2019,White (includes Hispanic),9.0
1,Alabama,1075,Lamar,2016,2020,Asian/Pacific Islander (includes Hispanic),
1,Alabama,1075,Lamar,2016,2020,Black (includes Hispanic),
1,Alabama,1075,Lamar,2016,2020,Hispanic (all races),
1,Alabama,1075,Lamar,2016,2020,American Indian/Alaskan Native (includes Hispanic),
1,Alabama,1075,Lamar,2016,2020,White (includes Hispanic),9.3
1,Alabama,1077,Lauderdale,2011,2015,Asian/Pacific Islander (includes Hispanic),
1,Alabama,1077,Lauderdale,2011,2015,Black (includes Hispanic),
1,Alabama,1077,Lauderdale,2011,2015,Hispanic (all races),
1,Alabama,1077,Lauderdale,2011,2015,American Indian/Alaskan Native (includes Hispanic),
1,Alabama,1077,Lauderdale,2011,2015,White (includes Hispanic),10.4
1,Alabama,1077,Lauderdale,2012,2016,Asian/Pacific Islander (includes Hispanic),
1,Alabama,1077,Lauderdale,2012,2016,Black (includes Hispanic),
1,Alabama,1077,Lauderdale,2012,2016,Hispanic (all races),
1,Alabama,1077,Lauderdale,2012,2016,American Indian/Alaskan Native (includes Hispanic),
1,Alabama,1077,Lauderdale,2012,2016,White (includes Hispanic),10.3
1,Alabama,1077,Lauderdale,2013,2017,Asian/Pacific Islander (includes Hispanic),
1,Alabama,1077,Lauderdale,2013,2017,Black (includes Hispanic),
1,Alabama,1077,Lauderdale,2013,2017,Hispanic (all races),
1,Alabama,1077,Lauderdale,2013,2017,American Indian/Alaskan Native (includes Hispanic),
1,Alabama,1077,Lauderdale,2013,2017,White (includes Hispanic),9.9
1,Alabama,1077,Lauderdale,2014,2018,Asian/Pacific Islander (includes Hispanic),
1,Alabama,1077,Lauderdale,2014,2018,Black (includes Hispanic),
1,Alabama,1077,Lauderdale,2014,2018,Hispanic (all races),
1,Alabama,1077,Lauderdale,2014,2018,American Indian/Alaskan Native (includes Hispanic),
1,Alabama,1077,Lauderdale,2014,2018,White (includes Hispanic),9.1
1,Alabama,1077,Lauderdale,2015,2019,Asian/Pacific Islander (includes Hispanic),
1,Alabama,1077,Lauderdale,2015,2019,Black (includes Hispanic),
1,Alabama,1077,Lauderdale,2015,2019,Hispanic (all races),
1,Alabama,1077,Lauderdale,2015,2019,American Indian/Alaskan Native (includes Hispanic),
1,Alabama,1077,Lauderdale,2015,2019,White (includes Hispanic),9.0
1,Alabama,1077,Lauderdale,2016,2020,Asian/Pacific Islander (includes Hispanic),
1,Alabama,1077,Lauderdale,2016,2020,Black (includes Hispanic),
1,Alabama,1077,Lauderdale,2016,2020,Hispanic (all races),
1,Alabama,1077,Lauderdale,2016,2020,American Indian/Alaskan Native (includes Hispanic),
1,Alabama,1077,Lauderdale,2016,2020,White (includes Hispanic),8.6
1,Alabama,1079,Lawrence,2011,2015,Asian/Pacific Islander (includes Hispanic),
1,Alabama,1079,Lawrence,2011,2015,Black (includes Hispanic),
1,Alabama,1079,Lawrence,2011,2015,Hispanic (all races),
1,Alabama,1079,Lawrence,2011,2015,American Indian/Alaskan Native (includes Hispanic),
1,Alabama,1079,Lawrence,2011,2015,White (includes Hispanic),8.5
1,Alabama,1079,Lawrence,2012,2016,Asian/Pacific Islander (includes Hispanic),
1,Alabama,1079,Lawrence,2012,2016,Black (includes Hispanic),
1,Alabama,1079,Lawrence,2012,2016,Hispanic (all races),
1,Alabama,1079,Lawrence,2012,2016,American Indian/Alaskan Native (includes Hispanic),
1,Alabama,1079,Lawrence,2012,2016,White (includes Hispanic),8.9
1,Alabama,1079,Lawrence,2013,2017,Asian/Pacific Islander (includes Hispanic),
1,Alabama,1079,Lawrence,2013,2017,Black (includes Hispanic),
1,Alabama,1079,Lawrence,2013,2017,Hispanic (all races),
1,Alabama,1079,Lawrence,2013,2017,American Indian/Alaskan Native (includes Hispanic),
1,Alabama,1079,Lawrence,2013,2017,White (includes Hispanic),8.7
1,Alabama,1079,Lawrence,2014,2018,Asian/Pacific Islander (includes Hispanic),
1,Alabama,1079,Lawrence,2014,2018,Black (includes Hispanic),
1,Alabama,1079,Lawrence,2014,2018,Hispanic (all races),
1,Alabama,1079,Lawrence,2014,2018,American Indian/Alaskan Native (includes Hispanic),
1,Alabama,1079,Lawrence,2014,2018,White (includes Hispanic),7.7
1,Alabama,1079,Lawrence,2015,2019,Asian/Pacific Islander (includes Hispanic),
1,Alabama,1079,Lawrence,2015,2019,Black (includes Hispanic),
1,Alabama,1079,Lawrence,2015,2019,Hispanic (all races),
1,Alabama,1079,Lawrence,2015,2019,American Indian/Alaskan Native (includes Hispanic),
1,Alabama,1079,Lawrence,2015,2019,White (includes Hispanic),7.4
1,Alabama,1079,Lawrence,2016,2020,Asian/Pacific Islander (includes Hispanic),
1,Alabama,1079,Lawrence,2016,2020,Black (includes Hispanic),
1,Alabama,1079,Lawrence,2016,2020,Hispanic (all races),
1,Alabama,1079,Lawrence,2016,2020,American Indian/Alaskan Native (includes Hispanic),
1,Alabama,1079,Lawrence,2016,2020,White (includes Hispanic),8.0
1,Alabama,1081,Lee,2011,2015,Asian/Pacific Islander (includes Hispanic),
1,Alabama,1081,Lee,2011,2015,Black (includes Hispanic),11.0
1,Alabama,1081,Lee,2011,2015,Hispanic (all races),
1,Alabama,1081,Lee,2011,2015,American Indian/Alaskan Native (includes Hispanic),
1,Alabama,1081,Lee,2011,2015,White (includes Hispanic),11.2
1,Alabama,1081,Lee,2012,2016,Asian/Pacific Islander (includes Hispanic),
1,Alabama,1081,Lee,2012,2016,Black (includes Hispanic),10.1
1,Alabama,1081,Lee,2012,2016,Hispanic (all races),
1,Alabama,1081,Lee,2012,2016,American Indian/Alaskan Native (includes Hispanic),
1,Alabama,1081,Lee,2012,2016,White (includes Hispanic),11.3
1,Alabama,1081,Lee,2013,2017,Asian/Pacific Islander (includes Hispanic),
1,Alabama,1081,Lee,2013,2017,Black (includes Hispanic),10.2
1,Alabama,1081,Lee,2013,2017,Hispanic (all races),
1,Alabama,1081,Lee,2013,2017,American Indian/Alaskan Native (includes Hispanic),
1,Alabama,1081,Lee,2013,2017,White (includes Hispanic),10.3
1,Alabama,1081,Lee,2014,2018,Asian/Pacific Islander (includes Hispanic),
1,Alabama,1081,Lee,2014,2018,Black (includes Hispanic),12.1
1,Alabama,1081,Lee,2014,2018,Hispanic (all races),
1,Alabama,1081,Lee,2014,2018,American Indian/Alaskan Native (includes Hispanic),
1,Alabama,1081,Lee,2014,2018,White (includes Hispanic),9.1
1,Alabama,1081,Lee,2015,2019,Asian/Pacific Islander (includes Hispanic),
1,Alabama,1081,Lee,2015,2019,Black (includes Hispanic),13.2
1,Alabama,1081,Lee,2015,2019,Hispanic (all races),
1,Alabama,1081,Lee,2015,2019,American Indian/Alaskan Native (includes Hispanic),
1,Alabama,1081,Lee,2015,2019,White (includes Hispanic),8.6
1,Alabama,1081,Lee,2016,2020,Asian/Pacific Islander (includes Hispanic),
1,Alabama,1081,Lee,2016,2020,Black (includes Hispanic),11.7
1,Alabama,1081,Lee,2016,2020,Hispanic (all races),
1,Alabama,1081,Lee,2016,2020,American Indian/Alaskan Native (includes Hispanic),
1,Alabama,1081,Lee,2016,2020,White (includes Hispanic),8.4
1,Alabama,1083,Limestone,2011,2015,Asian/Pacific Islander (includes Hispanic),
1,Alabama,1083,Limestone,2011,2015,Black (includes Hispanic),7.6
1,Alabama,1083,Limestone,2011,2015,Hispanic (all races),
1,Alabama,1083,Limestone,2011,2015,American Indian/Alaskan Native (includes Hispanic),
1,Alabama,1083,Limestone,2011,2015,White (includes Hispanic),8.0
1,Alabama,1083,Limestone,2012,2016,Asian/Pacific Islander (includes Hispanic),
1,Alabama,1083,Limestone,2012,2016,Black (includes Hispanic),9.3
1,Alabama,1083,Limestone,2012,2016,Hispanic (all races),
1,Alabama,1083,Limestone,2012,2016,American Indian/Alaskan Native (includes Hispanic),
1,Alabama,1083,Limestone,2012,2016,White (includes Hispanic),8.4
1,Alabama,1083,Limestone,2013,2017,Asian/Pacific Islander (includes Hispanic),
1,Alabama,1083,Limestone,2013,2017,Black (includes Hispanic),8.7
1,Alabama,1083,Limestone,2013,2017,Hispanic (all races),
1,Alabama,1083,Limestone,2013,2017,American Indian/Alaskan Native (includes Hispanic),
1,Alabama,1083,Limestone,2013,2017,White (includes Hispanic),8.1
1,Alabama,1083,Limestone,2014,2018,Asian/Pacific Islander (includes Hispanic),
1,Alabama,1083,Limestone,2014,2018,Black (includes Hispanic),9.1
1,Alabama,1083,Limestone,2014,2018,Hispanic (all races),
1,Alabama,1083,Limestone,2014,2018,American Indian/Alaskan Native (includes Hispanic),
1,Alabama,1083,Limestone,2014,2018,White (includes Hispanic),7.6
1,Alabama,1083,Limestone,2015,2019,Asian/Pacific Islander (includes Hispanic),
1,Alabama,1083,Limestone,2015,2019,Black (includes Hispanic),8.5
1,Alabama,1083,Limestone,2015,2019,Hispanic (all races),
1,Alabama,1083,Limestone,2015,2019,American Indian/Alaskan Native (includes Hispanic),
1,Alabama,1083,Limestone,2015,2019,White (includes Hispanic),7.0
1,Alabama,1083,Limestone,2016,2020,Asian/Pacific Islander (includes Hispanic),
1,Alabama,1083,Limestone,2016,2020,Black (includes Hispanic),7.2
1,Alabama,1083,Limestone,2016,2020,Hispanic (all races),
1,Alabama,1083,Limestone,2016,2020,American Indian/Alaskan Native (includes Hispanic),
1,Alabama,1083,Limestone,2016,2020,White (includes Hispanic),7.3
1,Alabama,1085,Lowndes,2011,2015,Asian/Pacific Islander (includes Hispanic),
1,Alabama,1085,Lowndes,2011,2015,Black (includes Hispanic),10.8
1,Alabama,1085,Lowndes,2011,2015,Hispanic (all races),
1,Alabama,1085,Lowndes,2011,2015,American Indian/Alaskan Native (includes Hispanic),
1,Alabama,1085,Lowndes,2011,2015,White (includes Hispanic),9.5
1,Alabama,1085,Lowndes,2012,2016,Asian/Pacific Islander (includes Hispanic),
1,Alabama,1085,Lowndes,2012,2016,Black (includes Hispanic),12.1
1,Alabama,1085,Lowndes,2012,2016,Hispanic (all races),
1,Alabama,1085,Lowndes,2012,2016,American Indian/Alaskan Native (includes Hispanic),
1,Alabama,1085,Lowndes,2012,2016,White (includes Hispanic),9.8
1,Alabama,1085,Lowndes,2013,2017,Asian/Pacific Islander (includes Hispanic),
1,Alabama,1085,Lowndes,2013,2017,Black (includes Hispanic),13.0
1,Alabama,1085,Lowndes,2013,2017,Hispanic (all races),
1,Alabama,1085,Lowndes,2013,2017,American Indian/Alaskan Native (includes Hispanic),
1,Alabama,1085,Lowndes,2013,2017,White (includes Hispanic),8.9
1,Alabama,1085,Lowndes,2014,2018,Asian/Pacific Islander (includes Hispanic),
1,Alabama,1085,Lowndes,2014,2018,Black (includes Hispanic),12.3
1,Alabama,1085,Lowndes,2014,2018,Hispanic (all races),
1,Alabama,1085,Lowndes,2014,2018,American Indian/Alaskan Native (includes Hispanic),
1,Alabama,1085,Lowndes,2014,2018,White (includes Hispanic),8.5
1,Alabama,1085,Lowndes,2015,2019,Asian/Pacific Islander (includes Hispanic),
1,Alabama,1085,Lowndes,2015,2019,Black (includes Hispanic),13.7
1,Alabama,1085,Lowndes,2015,2019,Hispanic (all races),
1,Alabama,1085,Lowndes,2015,2019,American Indian/Alaskan Native (includes Hispanic),
1,Alabama,1085,Lowndes,2015,2019,White (includes Hispanic),7.8
1,Alabama,1085,Lowndes,2016,2020,Asian/Pacific Islander (includes Hispanic),
1,Alabama,1085,Lowndes,2016,2020,Black (includes Hispanic),13.5
1,Alabama,1085,Lowndes,2016,2020,Hispanic (all races),
1,Alabama,1085,Lowndes,2016,2020,American Indian/Alaskan Native (includes Hispanic),
1,Alabama,1085,Lowndes,2016,2020,White (includes Hispanic),8.2
1,Alabama,1087,Macon,2011,2015,Asian/Pacific Islander (includes Hispanic),
1,Alabama,1087,Macon,2011,2015,Black (includes Hispanic),13.2
1,Alabama,1087,Macon,2011,2015,Hispanic (all races),
1,Alabama,1087,Macon,2011,2015,American Indian/Alaskan Native (includes Hispanic),
1,Alabama,1087,Macon,2011,2015,White (includes Hispanic),8.8
1,Alabama,1087,Macon,2012,2016,Asian/Pacific Islander (includes Hispanic),
1,Alabama,1087,Macon,2012,2016,Black (includes Hispanic),12.1
1,Alabama,1087,Macon,2012,2016,Hispanic (all races),
1,Alabama,1087,Macon,2012,2016,American Indian/Alaskan Native (includes Hispanic),
1,Alabama,1087,Macon,2012,2016,White (includes Hispanic),9.0
1,Alabama,1087,Macon,2013,2017,Asian/Pacific Islander (includes Hispanic),
1,Alabama,1087,Macon,2013,2017,Black (includes Hispanic),11.9
1,Alabama,1087,Macon,2013,2017,Hispanic (all races),
1,Alabama,1087,Macon,2013,2017,American Indian/Alaskan Native (includes Hispanic),
1,Alabama,1087,Macon,2013,2017,White (includes Hispanic),8.7
1,Alabama,1087,Macon,2014,2018,Asian/Pacific Islander (includes Hispanic),
1,Alabama,1087,Macon,2014,2018,Black (includes Hispanic),11.6
1,Alabama,1087,Macon,2014,2018,Hispanic (all races),
1,Alabama,1087,Macon,2014,2018,American Indian/Alaskan Native (includes Hispanic),
1,Alabama,1087,Macon,2014,2018,White (includes Hispanic),9.0
1,Alabama,1087,Macon,2015,2019,Asian/Pacific Islander (includes Hispanic),
1,Alabama,1087,Macon,2015,2019,Black (includes Hispanic),12.4
1,Alabama,1087,Macon,2015,2019,Hispanic (all races),
1,Alabama,1087,Macon,2015,2019,American Indian/Alaskan Native (includes Hispanic),
1,Alabama,1087,Macon,2015,2019,White (includes Hispanic),9.7
1,Alabama,1087,Macon,2016,2020,Asian/Pacific Islander (includes Hispanic),
1,Alabama,1087,Macon,2016,2020,Black (includes Hispanic),11.4
1,Alabama,1087,Macon,2016,2020,Hispanic (all races),
1,Alabama,1087,Macon,2016,2020,American Indian/Alaskan Native (includes Hispanic),
1,Alabama,1087,Macon,2016,2020,White (includes Hispanic),9.8
1,Alabama,1089,Madison,2011,2015,Asian/Pacific Islander (includes Hispanic),
1,Alabama,1089,Madison,2011,2015,Black (includes Hispanic),8.1
1,Alabama,1089,Madison,2011,2015,Hispanic (all races),
1,Alabama,1089,Madison,2011,2015,American Indian/Alaskan Native (includes Hispanic),
1,Alabama,1089,Madison,2011,2015,White (includes Hispanic),8.2
1,Alabama,1089,Madison,2012,2016,Asian/Pacific Islander (includes Hispanic),
1,Alabama,1089,Madison,2012,2016,Black (includes Hispanic),10.0
1,Alabama,1089,Madison,2012,2016,Hispanic (all races),
1,Alabama,1089,Madison,2012,2016,American Indian/Alaskan Native (includes Hispanic),
1,Alabama,1089,Madison,2012,2016,White (includes Hispanic),8.9
1,Alabama,1089,Madison,2013,2017,Asian/Pacific Islander (includes Hispanic),
1,Alabama,1089,Madison,2013,2017,Black (includes Hispanic),9.3
1,Alabama,1089,Madison,2013,2017,Hispanic (all races),
1,Alabama,1089,Madison,2013,2017,American Indian/Alaskan Native (includes Hispanic),
1,Alabama,1089,Madison,2013,2017,White (includes Hispanic),8.8
1,Alabama,1089,Madison,2014,2018,Asian/Pacific Islander (includes Hispanic),
1,Alabama,1089,Madison,2014,2018,Black (includes Hispanic),9.9
1,Alabama,1089,Madison,2014,2018,Hispanic (all races),
1,Alabama,1089,Madison,2014,2018,American Indian/Alaskan Native (includes Hispanic),
1,Alabama,1089,Madison,2014,2018,White (includes Hispanic),8.9
1,Alabama,1089,Madison,2015,2019,Asian/Pacific Islander (includes Hispanic),
1,Alabama,1089,Madison,2015,2019,Black (includes Hispanic),9.3
1,Alabama,1089,Madison,2015,2019,Hispanic (all races),
1,Alabama,1089,Madison,2015,2019,American Indian/Alaskan Native (includes Hispanic),
1,Alabama,1089,Madison,2015,2019,White (includes Hispanic),8.5
1,Alabama,1089,Madison,2016,2020,Asian/Pacific Islander (includes Hispanic),
1,Alabama,1089,Madison,2016,2020,Black (includes Hispanic),7.7
1,Alabama,1089,Madison,2016,2020,Hispanic (all races),
1,Alabama,1089,Madison,2016,2020,American Indian/Alaskan Native (includes Hispanic),
1,Alabama,1089,Madison,2016,2020,White (includes Hispanic),9.0
1,Alabama,1091,Marengo,2011,2015,Asian/Pacific Islander (includes Hispanic),
1,Alabama,1091,Marengo,2011,2015,Black (includes Hispanic),10.0
1,Alabama,1091,Marengo,2011,2015,Hispanic (all races),
1,Alabama,1091,Marengo,2011,2015,American Indian/Alaskan Native (includes Hispanic),
1,Alabama,1091,Marengo,2011,2015,White (includes Hispanic),11.4
1,Alabama,1091,Marengo,2012,2016,Asian/Pacific Islander (includes Hispanic),
1,Alabama,1091,Marengo,2012,2016,Black (includes Hispanic),12.0
1,Alabama,1091,Marengo,2012,2016,Hispanic (all races),
1,Alabama,1091,Marengo,2012,2016,American Indian/Alaskan Native (includes Hispanic),
1,Alabama,1091,Marengo,2012,2016,White (includes Hispanic),12.4
1,Alabama,1091,Marengo,2013,2017,Asian/Pacific Islander (includes Hispanic),
1,Alabama,1091,Marengo,2013,2017,Black (includes Hispanic),13.9
1,Alabama,1091,Marengo,2013,2017,Hispanic (all races),
1,Alabama,1091,Marengo,2013,2017,American Indian/Alaskan Native (includes Hispanic),
1,Alabama,1091,Marengo,2013,2017,White (includes Hispanic),
1,Alabama,1091,Marengo,2014,2018,Asian/Pacific Islander (includes Hispanic),
1,Alabama,1091,Marengo,2014,2018,Black (includes Hispanic),12.6
1,Alabama,1091,Marengo,2014,2018,Hispanic (all races),
1,Alabama,1091,Marengo,2014,2018,American Indian/Alaskan Native (includes Hispanic),
1,Alabama,1091,Marengo,2014,2018,White (includes Hispanic),
1,Alabama,1091,Marengo,2015,2019,Asian/Pacific Islander (includes Hispanic),
1,Alabama,1091,Marengo,2015,2019,Black (includes Hispanic),13.2
1,Alabama,1091,Marengo,2015,2019,Hispanic (all races),
1,Alabama,1091,Marengo,2015,2019,American Indian/Alaskan Native (includes Hispanic),
1,Alabama,1091,Marengo,2015,2019,White (includes Hispanic),
1,Alabama,1091,Marengo,2016,2020,Asian/Pacific Islander (includes Hispanic),
1,Alabama,1091,Marengo,2016,2020,Black (includes Hispanic),13.8
1,Alabama,1091,Marengo,2016,2020,Hispanic (all races),
1,Alabama,1091,Marengo,2016,2020,American Indian/Alaskan Native (includes Hispanic),
1,Alabama,1091,Marengo,2016,2020,White (includes Hispanic),
1,Alabama,1093,Marion,2011,2015,Asian/Pacific Islander (includes Hispanic),
1,Alabama,1093,Marion,2011,2015,Black (includes Hispanic),
1,Alabama,1093,Marion,2011,2015,Hispanic (all races),
1,Alabama,1093,Marion,2011,2015,American Indian/Alaskan Native (includes Hispanic),
1,Alabama,1093,Marion,2011,2015,White (includes Hispanic),9.0
1,Alabama,1093,Marion,2012,2016,Asian/Pacific Islander (includes Hispanic),
1,Alabama,1093,Marion,2012,2016,Black (includes Hispanic),
1,Alabama,1093,Marion,2012,2016,Hispanic (all races),
1,Alabama,1093,Marion,2012,2016,American Indian/Alaskan Native (includes Hispanic),
1,Alabama,1093,Marion,2012,2016,White (includes Hispanic),9.6
1,Alabama,1093,Marion,2013,2017,Asian/Pacific Islander (includes Hispanic),
1,Alabama,1093,Marion,2013,2017,Black (includes Hispanic),
1,Alabama,1093,Marion,2013,2017,Hispanic (all races),
1,Alabama,1093,Marion,2013,2017,American Indian/Alaskan Native (includes Hispanic),
1,Alabama,1093,Marion,2013,2017,White (includes Hispanic),10.1
1,Alabama,1093,Marion,2014,2018,Asian/Pacific Islander (includes Hispanic),
1,Alabama,1093,Marion,2014,2018,Black (includes Hispanic),
1,Alabama,1093,Marion,2014,2018,Hispanic (all races),
1,Alabama,1093,Marion,2014,2018,American Indian/Alaskan Native (includes Hispanic),
1,Alabama,1093,Marion,2014,2018,White (includes Hispanic),10.5
1,Alabama,1093,Marion,2015,2019,Asian/Pacific Islander (includes Hispanic),
1,Alabama,1093,Marion,2015,2019,Black (includes Hispanic),
1,Alabama,1093,Marion,2015,2019,Hispanic (all races),
1,Alabama,1093,Marion,2015,2019,American Indian/Alaskan Native (includes Hispanic),
1,Alabama,1093,Marion,2015,2019,White (includes Hispanic),9.7
1,Alabama,1093,Marion,2016,2020,Asian/Pacific Islander (includes Hispanic),
1,Alabama,1093,Marion,2016,2020,Black (includes Hispanic),
1,Alabama,1093,Marion,2016,2020,Hispanic (all races),
1,Alabama,1093,Marion,2016,2020,American Indian/Alaskan Native (includes Hispanic),
1,Alabama,1093,Marion,2016,2020,White (includes Hispanic),9.8
1,Alabama,1095,Marshall,2011,2015,Asian/Pacific Islander (includes Hispanic),
1,Alabama,1095,Marshall,2011,2015,Black (includes Hispanic),9.0
1,Alabama,1095,Marshall,2011,2015,Hispanic (all races),
1,Alabama,1095,Marshall,2011,2015,American Indian/Alaskan Native (includes Hispanic),
1,Alabama,1095,Marshall,2011,2015,White (includes Hispanic),9.3
1,Alabama,1095,Marshall,2012,2016,Asian/Pacific Islander (includes Hispanic),
1,Alabama,1095,Marshall,2012,2016,Black (includes Hispanic),10.1
1,Alabama,1095,Marshall,2012,2016,Hispanic (all races),
1,Alabama,1095,Marshall,2012,2016,American Indian/Alaskan Native (includes Hispanic),
1,Alabama,1095,Marshall,2012,2016,White (includes Hispanic),9.8
1,Alabama,1095,Marshall,2013,2017,Asian/Pacific Islander (includes Hispanic),
1,Alabama,1095,Marshall,2013,2017,Black (includes Hispanic),10.2
1,Alabama,1095,Marshall,2013,2017,Hispanic (all races),
1,Alabama,1095,Marshall,2013,2017,American Indian/Alaskan Native (includes Hispanic),
1,Alabama,1095,Marshall,2013,2017,White (includes Hispanic),9.8
1,Alabama,1095,Marshall,2014,2018,Asian/Pacific Islander (includes Hispanic),
1,Alabama,1095,Marshall,2014,2018,Black (includes Hispanic),11.1
1,Alabama,1095,Marshall,2014,2018,Hispanic (all races),
1,Alabama,1095,Marshall,2014,2018,American Indian/Alaskan Native (includes Hispanic),
1,Alabama,1095,Marshall,2014,2018,White (includes Hispanic),9.9
1,Alabama,1095,Marshall,2015,2019,Asian/Pacific Islander (includes Hispanic),
1,Alabama,1095,Marshall,2015,2019,Black (includes Hispanic),10.2
1,Alabama,1095,Marshall,2015,2019,Hispanic (all races),
1,Alabama,1095,Marshall,2015,2019,American Indian/Alaskan Native (includes Hispanic),
1,Alabama,1095,Marshall,2015,2019,White (includes Hispanic),9.6
1,Alabama,1095,Marshall,2016,2020,Asian/Pacific Islander (includes Hispanic),
1,Alabama,1095,Marshall,2016,2020,Black (includes Hispanic),8.9
1,Alabama,1095,Marshall,2016,2020,Hispanic (all races),
1,Alabama,1095,Marshall,2016,2020,American Indian/Alaskan Native (includes Hispanic),
1,Alabama,1095,Marshall,2016,2020,White (includes Hispanic),9.6
1,Alabama,1097,Mobile,2011,2015,Asian/Pacific Islander (includes Hispanic),
1,Alabama,1097,Mobile,2011,2015,Black (includes Hispanic),11.3
1,Alabama,1097,Mobile,2011,2015,Hispanic (all races),
1,Alabama,1097,Mobile,2011,2015,American Indian/Alaskan Native (includes Hispanic),
1,Alabama,1097,Mobile,2011,2015,White (includes Hispanic),8.1
1,Alabama,1097,Mobile,2012,2016,Asian/Pacific Islander (includes Hispanic),
1,Alabama,1097,Mobile,2012,2016,Black (includes Hispanic),10.5
1,Alabama,1097,Mobile,2012,2016,Hispanic (all races),
1,Alabama,1097,Mobile,2012,2016,American Indian/Alaskan Native (includes Hispanic),
1,Alabama,1097,Mobile,2012,2016,White (includes Hispanic),8.4
1,Alabama,1097,Mobile,2013,2017,Asian/Pacific Islander (includes Hispanic),
1,Alabama,1097,Mobile,2013,2017,Black (includes Hispanic),10.7
1,Alabama,1097,Mobile,2013,2017,Hispanic (all races),
1,Alabama,1097,Mobile,2013,2017,American Indian/Alaskan Native (includes Hispanic),
1,Alabama,1097,Mobile,2013,2017,White (includes Hispanic),8.9
1,Alabama,1097,Mobile,2014,2018,Asian/Pacific Islander (includes Hispanic),
1,Alabama,1097,Mobile,2014,2018,Black (includes Hispanic),10.9
1,Alabama,1097,Mobile,2014,2018,Hispanic (all races),
1,Alabama,1097,Mobile,2014,2018,American Indian/Alaskan Native (includes Hispanic),
1,Alabama,1097,Mobile,2014,2018,White (includes Hispanic),9.4
1,Alabama,1097,Mobile,2015,2019,Asian/Pacific Islander (includes Hispanic),
1,Alabama,1097,Mobile,2015,2019,Black (includes Hispanic),11.5
1,Alabama,1097,Mobile,2015,2019,Hispanic (all races),
1,Alabama,1097,Mobile,2015,2019,American Indian/Alaskan Native (includes Hispanic),
1,Alabama,1097,Mobile,2015,2019,White (includes Hispanic),9.7
1,Alabama,1097,Mobile,2016,2020,Asian/Pacific Islander (includes Hispanic),
1,Alabama,1097,Mobile,2016,2020,Black (includes Hispanic),10.2
1,Alabama,1097,Mobile,2016,2020,Hispanic (all races),
1,Alabama,1097,Mobile,2016,2020,American Indian/Alaskan Native (includes Hispanic),
1,Alabama,1097,Mobile,2016,2020,White (includes Hispanic),10.7
1,Alabama,1099,Monroe,2011,2015,Asian/Pacific Islander (includes Hispanic),
1,Alabama,1099,Monroe,2011,2015,Black (includes Hispanic),11.8
1,Alabama,1099,Monroe,2011,2015,Hispanic (all races),
1,Alabama,1099,Monroe,2011,2015,American Indian/Alaskan Native (includes Hispanic),
1,Alabama,1099,Monroe,2011,2015,White (includes Hispanic),8.3
1,Alabama,1099,Monroe,2012,2016,Asian/Pacific Islander (includes Hispanic),
1,Alabama,1099,Monroe,2012,2016,Black (includes Hispanic),11.5
1,Alabama,1099,Monroe,2012,2016,Hispanic (all races),
1,Alabama,1099,Monroe,2012,2016,American Indian/Alaskan Native (includes Hispanic),
1,Alabama,1099,Monroe,2012,2016,White (includes Hispanic),7.7
1,Alabama,1099,Monroe,2013,2017,Asian/Pacific Islander (includes Hispanic),
1,Alabama,1099,Monroe,2013,2017,Black (includes Hispanic),12.5
1,Alabama,1099,Monroe,2013,2017,Hispanic (all races),
1,Alabama,1099,Monroe,2013,2017,American Indian/Alaskan Native (includes Hispanic),
1,Alabama,1099,Monroe,2013,2017,White (includes Hispanic),8.2
1,Alabama,1099,Monroe,2014,2018,Asian/Pacific Islander (includes Hispanic),
1,Alabama,1099,Monroe,2014,2018,Black (includes Hispanic),11.6
1,Alabama,1099,Monroe,2014,2018,Hispanic (all races),
1,Alabama,1099,Monroe,2014,2018,American Indian/Alaskan Native (includes Hispanic),
1,Alabama,1099,Monroe,2014,2018,White (includes Hispanic),7.8
1,Alabama,1099,Monroe,2015,2019,Asian/Pacific Islander (includes Hispanic),
1,Alabama,1099,Monroe,2015,2019,Black (includes Hispanic),11.4
1,Alabama,1099,Monroe,2015,2019,Hispanic (all races),
1,Alabama,1099,Monroe,2015,2019,American Indian/Alaskan Native (includes Hispanic),
1,Alabama,1099,Monroe,2015,2019,White (includes Hispanic),8.1
1,Alabama,1099,Monroe,2016,2020,Asian/Pacific Islander (includes Hispanic),
1,Alabama,1099,Monroe,2016,2020,Black (includes Hispanic),10.1
1,Alabama,1099,Monroe,2016,2020,Hispanic (all races),
1,Alabama,1099,Monroe,2016,2020,American Indian/Alaskan Native (includes Hispanic),
1,Alabama,1099,Monroe,2016,2020,White (includes Hispanic),9.6
1,Alabama,1101,Montgomery,2011,2015,Asian/Pacific Islander (includes Hispanic),
1,Alabama,1101,Montgomery,2011,2015,Black (includes Hispanic),12.6
1,Alabama,1101,Montgomery,2011,2015,Hispanic (all races),
1,Alabama,1101,Montgomery,2011,2015,American Indian/Alaskan Native (includes Hispanic),
1,Alabama,1101,Montgomery,2011,2015,White (includes Hispanic),8.6
1,Alabama,1101,Montgomery,2012,2016,Asian/Pacific Islander (includes Hispanic),
1,Alabama,1101,Montgomery,2012,2016,Black (includes Hispanic),12.0
1,Alabama,1101,Montgomery,2012,2016,Hispanic (all races),
1,Alabama,1101,Montgomery,2012,2016,American Indian/Alaskan Native (includes Hispanic),
1,Alabama,1101,Montgomery,2012,2016,White (includes Hispanic),8.5
1,Alabama,1101,Montgomery,2013,2017,Asian/Pacific Islander (includes Hispanic),
1,Alabama,1101,Montgomery,2013,2017,Black (includes Hispanic),12.6
1,Alabama,1101,Montgomery,2013,2017,Hispanic (all races),
1,Alabama,1101,Montgomery,2013,2017,American Indian/Alaskan Native (includes Hispanic),
1,Alabama,1101,Montgomery,2013,2017,White (includes Hispanic),8.7
1,Alabama,1101,Montgomery,2014,2018,Asian/Pacific Islander (includes Hispanic),
1,Alabama,1101,Montgomery,2014,2018,Black (includes Hispanic),11.7
1,Alabama,1101,Montgomery,2014,2018,Hispanic (all races),
1,Alabama,1101,Montgomery,2014,2018,American Indian/Alaskan Native (includes Hispanic),
1,Alabama,1101,Montgomery,2014,2018,White (includes Hispanic),8.8
1,Alabama,1101,Montgomery,2015,2019,Asian/Pacific Islander (includes Hispanic),
1,Alabama,1101,Montgomery,2015,2019,Black (includes Hispanic),12.6
1,Alabama,1101,Montgomery,2015,2019,Hispanic (all races),
1,Alabama,1101,Montgomery,2015,2019,American Indian/Alaskan Native (includes Hispanic),
1,Alabama,1101,Montgomery,2015,2019,White (includes Hispanic),8.9
1,Alabama,1101,Montgomery,2016,2020,Asian/Pacific Islander (includes Hispanic),
1,Alabama,1101,Montgomery,2016,2020,Black (includes Hispanic),11.7
1,Alabama,1101,Montgomery,2016,2020,Hispanic (all races),
1,Alabama,1101,Montgomery,2016,2020,American Indian/Alaskan Native (includes Hispanic),
1,Alabama,1101,Montgomery,2016,2020,White (includes Hispanic),9.8
1,Alabama,1103,Morgan,2011,2015,Asian/Pacific Islander (includes Hispanic),
1,Alabama,1103,Morgan,2011,2015,Black (includes Hispanic),7.7
1,Alabama,1103,Morgan,2011,2015,Hispanic (all races),
1,Alabama,1103,Morgan,2011,2015,American Indian/Alaskan Native (includes Hispanic),
1,Alabama,1103,Morgan,2011,2015,White (includes Hispanic),8.2
1,Alabama,1103,Morgan,2012,2016,Asian/Pacific Islander (includes Hispanic),
1,Alabama,1103,Morgan,2012,2016,Black (includes Hispanic),9.6
1,Alabama,1103,Morgan,2012,2016,Hispanic (all races),
1,Alabama,1103,Morgan,2012,2016,American Indian/Alaskan Native (includes Hispanic),
1,Alabama,1103,Morgan,2012,2016,White (includes Hispanic),8.9
1,Alabama,1103,Morgan,2013,2017,Asian/Pacific Islander (includes Hispanic),
1,Alabama,1103,Morgan,2013,2017,Black (includes Hispanic),8.7
1,Alabama,1103,Morgan,2013,2017,Hispanic (all races),
1,Alabama,1103,Morgan,2013,2017,American Indian/Alaskan Native (includes Hispanic),
1,Alabama,1103,Morgan,2013,2017,White (includes Hispanic),8.6
1,Alabama,1103,Morgan,2014,2018,Asian/Pacific Islander (includes Hispanic),
1,Alabama,1103,Morgan,2014,2018,Black (includes Hispanic),9.3
1,Alabama,1103,Morgan,2014,2018,Hispanic (all races),
1,Alabama,1103,Morgan,2014,2018,American Indian/Alaskan Native (includes Hispanic),
1,Alabama,1103,Morgan,2014,2018,White (includes Hispanic),8.5
1,Alabama,1103,Morgan,2015,2019,Asian/Pacific Islander (includes Hispanic),
1,Alabama,1103,Morgan,2015,2019,Black (includes Hispanic),8.7
1,Alabama,1103,Morgan,2015,2019,Hispanic (all races),
1,Alabama,1103,Morgan,2015,2019,American Indian/Alaskan Native (includes Hispanic),
1,Alabama,1103,Morgan,2015,2019,White (includes Hispanic),7.6
1,Alabama,1103,Morgan,2016,2020,Asian/Pacific Islander (includes Hispanic),
1,Alabama,1103,Morgan,2016,2020,Black (includes Hispanic),7.6
1,Alabama,1103,Morgan,2016,2020,Hispanic (all races),
1,Alabama,1103,Morgan,2016,2020,American Indian/Alaskan Native (includes Hispanic),
1,Alabama,1103,Morgan,2016,2020,White (includes Hispanic),8.4
1,Alabama,1105,Perry,2011,2015,Asian/Pacific Islander (includes Hispanic),
1,Alabama,1105,Perry,2011,2015,Black (includes Hispanic),11.3
1,Alabama,1105,Perry,2011,2015,Hispanic (all races),
1,Alabama,1105,Perry,2011,2015,American Indian/Alaskan Native (includes Hispanic),
1,Alabama,1105,Perry,2011,2015,White (includes Hispanic),10.3
1,Alabama,1105,Perry,2012,2016,Asian/Pacific Islander (includes Hispanic),
1,Alabama,1105,Perry,2012,2016,Black (includes Hispanic),12.8
1,Alabama,1105,Perry,2012,2016,Hispanic (all races),
1,Alabama,1105,Perry,2012,2016,American Indian/Alaskan Native (includes Hispanic),
1,Alabama,1105,Perry,2012,2016,White (includes Hispanic),11.4
1,Alabama,1105,Perry,2013,2017,Asian/Pacific Islander (includes Hispanic),
1,Alabama,1105,Perry,2013,2017,Black (includes Hispanic),15.8
1,Alabama,1105,Perry,2013,2017,Hispanic (all races),
1,Alabama,1105,Perry,2013,2017,American Indian/Alaskan Native (includes Hispanic),
1,Alabama,1105,Perry,2013,2017,White (includes Hispanic),9.3
1,Alabama,1105,Perry,2014,2018,Asian/Pacific Islander (includes Hispanic),
1,Alabama,1105,Perry,2014,2018,Black (includes Hispanic),13.6
1,Alabama,1105,Perry,2014,2018,Hispanic (all races),
1,Alabama,1105,Perry,2014,2018,American Indian/Alaskan Native (includes Hispanic),
1,Alabama,1105,Perry,2014,2018,White (includes Hispanic),8.9
1,Alabama,1105,Perry,2015,2019,Asian/Pacific Islander (includes Hispanic),
1,Alabama,1105,Perry,2015,2019,Black (includes Hispanic),14.7
1,Alabama,1105,Perry,2015,2019,Hispanic (all races),
1,Alabama,1105,Perry,2015,2019,American Indian/Alaskan Native (includes Hispanic),
1,Alabama,1105,Perry,2015,2019,White (includes Hispanic),11.0
1,Alabama,1105,Perry,2016,2020,Asian/Pacific Islander (includes Hispanic),
1,Alabama,1105,Perry,2016,2020,Black (includes Hispanic),17.4
1,Alabama,1105,Perry,2016,2020,Hispanic (all races),
1,Alabama,1105,Perry,2016,2020,American Indian/Alaskan Native (includes Hispanic),
1,Alabama,1105,Perry,2016,2020,White (includes Hispanic),9.6
1,Alabama,1107,Pickens,2011,2015,Asian/Pacific Islander (includes Hispanic),
1,Alabama,1107,Pickens,2011,2015,Black (includes Hispanic),10.7
1,Alabama,1107,Pickens,2011,2015,Hispanic (all races),
1,Alabama,1107,Pickens,2011,2015,American Indian/Alaskan Native (includes Hispanic),
1,Alabama,1107,Pickens,2011,2015,White (includes Hispanic),6.3
1,Alabama,1107,Pickens,2012,2016,Asian/Pacific Islander (includes Hispanic),
1,Alabama,1107,Pickens,2012,2016,Black (includes Hispanic),11.3
1,Alabama,1107,Pickens,2012,2016,Hispanic (all races),
1,Alabama,1107,Pickens,2012,2016,American Indian/Alaskan Native (includes Hispanic),
1,Alabama,1107,Pickens,2012,2016,White (includes Hispanic),8.3
1,Alabama,1107,Pickens,2013,2017,Asian/Pacific Islander (includes Hispanic),
1,Alabama,1107,Pickens,2013,2017,Black (includes Hispanic),11.9
1,Alabama,1107,Pickens,2013,2017,Hispanic (all races),
1,Alabama,1107,Pickens,2013,2017,American Indian/Alaskan Native (includes Hispanic),
1,Alabama,1107,Pickens,2013,2017,White (includes Hispanic),9.8
1,Alabama,1107,Pickens,2014,2018,Asian/Pacific Islander (includes Hispanic),
1,Alabama,1107,Pickens,2014,2018,Black (includes Hispanic),11.7
1,Alabama,1107,Pickens,2014,2018,Hispanic (all races),
1,Alabama,1107,Pickens,2014,2018,American Indian/Alaskan Native (includes Hispanic),
1,Alabama,1107,Pickens,2014,2018,White (includes Hispanic),10.4
1,Alabama,1107,Pickens,2015,2019,Asian/Pacific Islander (includes Hispanic),
1,Alabama,1107,Pickens,2015,2019,Black (includes Hispanic),11.0
1,Alabama,1107,Pickens,2015,2019,Hispanic (all races),
1,Alabama,1107,Pickens,2015,2019,American Indian/Alaskan Native (includes Hispanic),
1,Alabama,1107,Pickens,2015,2019,White (includes Hispanic),11.1
1,Alabama,1107,Pickens,2016,2020,Asian/Pacific Islander (includes Hispanic),
1,Alabama,1107,Pickens,2016,2020,Black (includes Hispanic),9.5
1,Alabama,1107,Pickens,2016,2020,Hispanic (all races),
1,Alabama,1107,Pickens,2016,2020,American Indian/Alaskan Native (includes Hispanic),
1,Alabama,1107,Pickens,2016,2020,White (includes Hispanic),11.6
1,Alabama,1109,Pike,2011,2015,Asian/Pacific Islander (includes Hispanic),
1,Alabama,1109,Pike,2011,2015,Black (includes Hispanic),10.4
1,Alabama,1109,Pike,2011,2015,Hispanic (all races),
1,Alabama,1109,Pike,2011,2015,American Indian/Alaskan Native (includes Hispanic),
1,Alabama,1109,Pike,2011,2015,White (includes Hispanic),7.1
1,Alabama,1109,Pike,2012,2016,Asian/Pacific Islander (includes Hispanic),
1,Alabama,1109,Pike,2012,2016,Black (includes Hispanic),11.4
1,Alabama,1109,Pike,2012,2016,Hispanic (all races),
1,Alabama,1109,Pike,2012,2016,American Indian/Alaskan Native (includes Hispanic),
1,Alabama,1109,Pike,2012,2016,White (includes Hispanic),8.4
1,Alabama,1109,Pike,2013,2017,Asian/Pacific Islander (includes Hispanic),
1,Alabama,1109,Pike,2013,2017,Black (includes Hispanic),12.1
1,Alabama,1109,Pike,2013,2017,Hispanic (all races),
1,Alabama,1109,Pike,2013,2017,American Indian/Alaskan Native (includes Hispanic),
1,Alabama,1109,Pike,2013,2017,White (includes Hispanic),8.2
1,Alabama,1109,Pike,2014,2018,Asian/Pacific Islander (includes Hispanic),
1,Alabama,1109,Pike,2014,2018,Black (includes Hispanic),10.9
1,Alabama,1109,Pike,2014,2018,Hispanic (all races),
1,Alabama,1109,Pike,2014,2018,American Indian/Alaskan Native (includes Hispanic),
1,Alabama,1109,Pike,2014,2018,White (includes Hispanic),9.1
1,Alabama,1109,Pike,2015,2019,Asian/Pacific Islander (includes Hispanic),
1,Alabama,1109,Pike,2015,2019,Black (includes Hispanic),11.9
1,Alabama,1109,Pike,2015,2019,Hispanic (all races),
1,Alabama,1109,Pike,2015,2019,American Indian/Alaskan Native (includes Hispanic),
1,Alabama,1109,Pike,2015,2019,White (includes Hispanic),9.8
1,Alabama,1109,Pike,2016,2020,Asian/Pacific Islander (includes Hispanic),
1,Alabama,1109,Pike,2016,2020,Black (includes Hispanic),11.6
1,Alabama,1109,Pike,2016,2020,Hispanic (all races),
1,Alabama,1109,Pike,2016,2020,American Indian/Alaskan Native (includes Hispanic),
1,Alabama,1109,Pike,2016,2020,White (includes Hispanic),10.6
1,Alabama,1111,Randolph,2011,2015,Asian/Pacific Islander (includes Hispanic),
1,Alabama,1111,Randolph,2011,2015,Black (includes Hispanic),12.1
1,Alabama,1111,Randolph,2011,2015,Hispanic (all races),
1,Alabama,1111,Randolph,2011,2015,American Indian/Alaskan Native (includes Hispanic),
1,Alabama,1111,Randolph,2011,2015,White (includes Hispanic),10.3
1,Alabama,1111,Randolph,2012,2016,Asian/Pacific Islander (includes Hispanic),
1,Alabama,1111,Randolph,2012,2016,Black (includes Hispanic),12.0
1,Alabama,1111,Randolph,2012,2016,Hispanic (all races),
1,Alabama,1111,Randolph,2012,2016,American Indian/Alaskan Native (includes Hispanic),
1,Alabama,1111,Randolph,2012,2016,White (includes Hispanic),10.2
1,Alabama,1111,Randolph,2013,2017,Asian/Pacific Islander (includes Hispanic),
1,Alabama,1111,Randolph,2013,2017,Black (includes Hispanic),9.7
1,Alabama,1111,Randolph,2013,2017,Hispanic (all races),
1,Alabama,1111,Randolph,2013,2017,American Indian/Alaskan Native (includes Hispanic),
1,Alabama,1111,Randolph,2013,2017,White (includes Hispanic),10.0
1,Alabama,1111,Randolph,2014,2018,Asian/Pacific Islander (includes Hispanic),
1,Alabama,1111,Randolph,2014,2018,Black (includes Hispanic),12.3
1,Alabama,1111,Randolph,2014,2018,Hispanic (all races),
1,Alabama,1111,Randolph,2014,2018,American Indian/Alaskan Native (includes Hispanic),
1,Alabama,1111,Randolph,2014,2018,White (includes Hispanic),10.1
1,Alabama,1111,Randolph,2015,2019,Asian/Pacific Islander (includes Hispanic),
1,Alabama,1111,Randolph,2015,2019,Black (includes Hispanic),12.4
1,Alabama,1111,Randolph,2015,2019,Hispanic (all races),
1,Alabama,1111,Randolph,2015,2019,American Indian/Alaskan Native (includes Hispanic),
1,Alabama,1111,Randolph,2015,2019,White (includes Hispanic),11.2
1,Alabama,1111,Randolph,2016,2020,Asian/Pacific Islander (includes Hispanic),
1,Alabama,1111,Randolph,2016,2020,Black (includes Hispanic),10.1
1,Alabama,1111,Randolph,2016,2020,Hispanic (all races),
1,Alabama,1111,Randolph,2016,2020,American Indian/Alaskan Native (includes Hispanic),
1,Alabama,1111,Randolph,2016,2020,White (includes Hispanic),12.0
1,Alabama,1113,Russell,2011,2015,Asian/Pacific Islander (includes Hispanic),
1,Alabama,1113,Russell,2011,2015,Black (includes Hispanic),9.1
1,Alabama,1113,Russell,2011,2015,Hispanic (all races),
1,Alabama,1113,Russell,2011,2015,American Indian/Alaskan Native (includes Hispanic),
1,Alabama,1113,Russell,2011,2015,White (includes Hispanic),10.1
1,Alabama,1113,Russell,2012,2016,Asian/Pacific Islander (includes Hispanic),
1,Alabama,1113,Russell,2012,2016,Black (includes Hispanic),8.9
1,Alabama,1113,Russell,2012,2016,Hispanic (all races),
1,Alabama,1113,Russell,2012,2016,American Indian/Alaskan Native (includes Hispanic),
1,Alabama,1113,Russell,2012,2016,White (includes Hispanic),10.2
1,Alabama,1113,Russell,2013,2017,Asian/Pacific Islander (includes Hispanic),
1,Alabama,1113,Russell,2013,2017,Black (includes Hispanic),9.9
1,Alabama,1113,Russell,2013,2017,Hispanic (all races),
1,Alabama,1113,Russell,2013,2017,American Indian/Alaskan Native (includes Hispanic),
1,Alabama,1113,Russell,2013,2017,White (includes Hispanic),10.1
1,Alabama,1113,Russell,2014,2018,Asian/Pacific Islander (includes Hispanic),
1,Alabama,1113,Russell,2014,2018,Black (includes Hispanic),10.9
1,Alabama,1113,Russell,2014,2018,Hispanic (all races),
1,Alabama,1113,Russell,2014,2018,American Indian/Alaskan Native (includes Hispanic),
1,Alabama,1113,Russell,2014,2018,White (includes Hispanic),9.2
1,Alabama,1113,Russell,2015,2019,Asian/Pacific Islander (includes Hispanic),
1,Alabama,1113,Russell,2015,2019,Black (includes Hispanic),12.1
1,Alabama,1113,Russell,2015,2019,Hispanic (all races),
1,Alabama,1113,Russell,2015,2019,American Indian/Alaskan Native (includes Hispanic),
1,Alabama,1113,Russell,2015,2019,White (includes Hispanic),8.6
1,Alabama,1113,Russell,2016,2020,Asian/Pacific Islander (includes Hispanic),
1,Alabama,1113,Russell,2016,2020,Black (includes Hispanic),11.8
1,Alabama,1113,Russell,2016,2020,Hispanic (all races),
1,Alabama,1113,Russell,2016,2020,American Indian/Alaskan Native (includes Hispanic),
1,Alabama,1113,Russell,2016,2020,White (includes Hispanic),7.9
1,Alabama,1117,Shelby,2011,2015,Asian/Pacific Islander (includes Hispanic),
1,Alabama,1117,Shelby,2011,2015,Black (includes Hispanic),8.5
1,Alabama,1117,Shelby,2011,2015,Hispanic (all races),
1,Alabama,1117,Shelby,2011,2015,American Indian/Alaskan Native (includes Hispanic),
1,Alabama,1117,Shelby,2011,2015,White (includes Hispanic),8.2
1,Alabama,1117,Shelby,2012,2016,Asian/Pacific Islander (includes Hispanic),
1,Alabama,1117,Shelby,2012,2016,Black (includes Hispanic),8.8
1,Alabama,1117,Shelby,2012,2016,Hispanic (all races),
1,Alabama,1117,Shelby,2012,2016,American Indian/Alaskan Native (includes Hispanic),
1,Alabama,1117,Shelby,2012,2016,White (includes Hispanic),8.0
1,Alabama,1117,Shelby,2013,2017,Asian/Pacific Islander (includes Hispanic),
1,Alabama,1117,Shelby,2013,2017,Black (includes Hispanic),8.6
1,Alabama,1117,Shelby,2013,2017,Hispanic (all races),
1,Alabama,1117,Shelby,2013,2017,American Indian/Alaskan Native (includes Hispanic),
1,Alabama,1117,Shelby,2013,2017,White (includes Hispanic),7.8
1,Alabama,1117,Shelby,2014,2018,Asian/Pacific Islander (includes Hispanic),
1,Alabama,1117,Shelby,2014,2018,Black (includes Hispanic),6.8
1,Alabama,1117,Shelby,2014,2018,Hispanic (all races),
1,Alabama,1117,Shelby,2014,2018,American Indian/Alaskan Native (includes Hispanic),
1,Alabama,1117,Shelby,2014,2018,White (includes Hispanic),8.1
1,Alabama,1117,Shelby,2015,2019,Asian/Pacific Islander (includes Hispanic),
1,Alabama,1117,Shelby,2015,2019,Black (includes Hispanic),7.4
1,Alabama,1117,Shelby,2015,2019,Hispanic (all races),
1,Alabama,1117,Shelby,2015,2019,American Indian/Alaskan Native (includes Hispanic),
1,Alabama,1117,Shelby,2015,2019,White (includes Hispanic),7.8
1,Alabama,1117,Shelby,2016,2020,Asian/Pacific Islander (includes Hispanic),
1,Alabama,1117,Shelby,2016,2020,Black (includes Hispanic),7.5
1,Alabama,1117,Shelby,2016,2020,Hispanic (all races),
1,Alabama,1117,Shelby,2016,2020,American Indian/Alaskan Native (includes Hispanic),
1,Alabama,1117,Shelby,2016,2020,White (includes Hispanic),7.6
1,Alabama,1115,St. Clair,2011,2015,Asian/Pacific Islander (includes Hispanic),
1,Alabama,1115,St. Clair,2011,2015,Black (includes Hispanic),8.8
1,Alabama,1115,St. Clair,2011,2015,Hispanic (all races),
1,Alabama,1115,St. Clair,2011,2015,American Indian/Alaskan Native (includes Hispanic),
1,Alabama,1115,St. Clair,2011,2015,White (includes Hispanic),9.2
1,Alabama,1115,St. Clair,2012,2016,Asian/Pacific Islander (includes Hispanic),
1,Alabama,1115,St. Clair,2012,2016,Black (includes Hispanic),9.1
1,Alabama,1115,St. Clair,2012,2016,Hispanic (all races),
1,Alabama,1115,St. Clair,2012,2016,American Indian/Alaskan Native (includes Hispanic),
1,Alabama,1115,St. Clair,2012,2016,White (includes Hispanic),8.9
1,Alabama,1115,St. Clair,2013,2017,Asian/Pacific Islander (includes Hispanic),
1,Alabama,1115,St. Clair,2013,2017,Black (includes Hispanic),9.0
1,Alabama,1115,St. Clair,2013,2017,Hispanic (all races),
1,Alabama,1115,St. Clair,2013,2017,American Indian/Alaskan Native (includes Hispanic),
1,Alabama,1115,St. Clair,2013,2017,White (includes Hispanic),8.9
1,Alabama,1115,St. Clair,2014,2018,Asian/Pacific Islander (includes Hispanic),
1,Alabama,1115,St. Clair,2014,2018,Black (includes Hispanic),7.7
1,Alabama,1115,St. Clair,2014,2018,Hispanic (all races),
1,Alabama,1115,St. Clair,2014,2018,American Indian/Alaskan Native (includes Hispanic),
1,Alabama,1115,St. Clair,2014,2018,White (includes Hispanic),9.2
1,Alabama,1115,St. Clair,2015,2019,Asian/Pacific Islander (includes Hispanic),
1,Alabama,1115,St. Clair,2015,2019,Black (includes Hispanic),7.9
1,Alabama,1115,St. Clair,2015,2019,Hispanic (all races),
1,Alabama,1115,St. Clair,2015,2019,American Indian/Alaskan Native (includes Hispanic),
1,Alabama,1115,St. Clair,2015,2019,White (includes Hispanic),8.9
1,Alabama,1115,St. Clair,2016,2020,Asian/Pacific Islander (includes Hispanic),
1,Alabama,1115,St. Clair,2016,2020,Black (includes Hispanic),7.7
1,Alabama,1115,St. Clair,2016,2020,Hispanic (all races),
1,Alabama,1115,St. Clair,2016,2020,American Indian/Alaskan Native (includes Hispanic),
1,Alabama,1115,St. Clair,2016,2020,White (includes Hispanic),8.4
1,Alabama,1119,Sumter,2011,2015,Asian/Pacific Islander (includes Hispanic),
1,Alabama,1119,Sumter,2011,2015,Black (includes Hispanic),7.7
1,Alabama,1119,Sumter,2011,2015,Hispanic (all races),
1,Alabama,1119,Sumter,2011,2015,American Indian/Alaskan Native (includes Hispanic),
1,Alabama,1119,Sumter,2011,2015,White (includes Hispanic),
1,Alabama,1119,Sumter,2012,2016,Asian/Pacific Islander (includes Hispanic),
1,Alabama,1119,Sumter,2012,2016,Black (includes Hispanic),6.9
1,Alabama,1119,Sumter,2012,2016,Hispanic (all races),
1,Alabama,1119,Sumter,2012,2016,American Indian/Alaskan Native (includes Hispanic),
1,Alabama,1119,Sumter,2012,2016,White (includes Hispanic),8.4
1,Alabama,1119,Sumter,2013,2017,Asian/Pacific Islander (includes Hispanic),
1,Alabama,1119,Sumter,2013,2017,Black (includes Hispanic),7.7
1,Alabama,1119,Sumter,2013,2017,Hispanic (all races),
1,Alabama,1119,Sumter,2013,2017,American Indian/Alaskan Native (includes Hispanic),
1,Alabama,1119,Sumter,2013,2017,White (includes Hispanic),7.9
1,Alabama,1119,Sumter,2014,2018,Asian/Pacific Islander (includes Hispanic),
1,Alabama,1119,Sumter,2014,2018,Black (includes Hispanic),
1,Alabama,1119,Sumter,2014,2018,Hispanic (all races),
1,Alabama,1119,Sumter,2014,2018,American Indian/Alaskan Native (includes Hispanic),
1,Alabama,1119,Sumter,2014,2018,White (includes Hispanic),
1,Alabama,1119,Sumter,2015,2019,Asian/Pacific Islander (includes Hispanic),
1,Alabama,1119,Sumter,2015,2019,Black (includes Hispanic),
1,Alabama,1119,Sumter,2015,2019,Hispanic (all races),
1,Alabama,1119,Sumter,2015,2019,American Indian/Alaskan Native (includes Hispanic),
1,Alabama,1119,Sumter,2015,2019,White (includes Hispanic),10.0
1,Alabama,1119,Sumter,2016,2020,Asian/Pacific Islander (includes Hispanic),
1,Alabama,1119,Sumter,2016,2020,Black (includes Hispanic),
1,Alabama,1119,Sumter,2016,2020,Hispanic (all races),
1,Alabama,1119,Sumter,2016,2020,American Indian/Alaskan Native (includes Hispanic),
1,Alabama,1119,Sumter,2016,2020,White (includes Hispanic),11.1
1,Alabama,1121,Talladega,2011,2015,Asian/Pacific Islander (includes Hispanic),
1,Alabama,1121,Talladega,2011,2015,Black (includes Hispanic),
1,Alabama,1121,Talladega,2011,2015,Hispanic (all races),
1,Alabama,1121,Talladega,2011,2015,American Indian/Alaskan Native (includes Hispanic),
1,Alabama,1121,Talladega,2011,2015,White (includes Hispanic),8.0
1,Alabama,1121,Talladega,2012,2016,Asian/Pacific Islander (includes Hispanic),
1,Alabama,1121,Talladega,2012,2016,Black (includes Hispanic),
1,Alabama,1121,Talladega,2012,2016,Hispanic (all races),
1,Alabama,1121,Talladega,2012,2016,American Indian/Alaskan Native (includes Hispanic),
1,Alabama,1121,Talladega,2012,2016,White (includes Hispanic),7.6
1,Alabama,1121,Talladega,2013,2017,Asian/Pacific Islander (includes Hispanic),
1,Alabama,1121,Talladega,2013,2017,Black (includes Hispanic),
1,Alabama,1121,Talladega,2013,2017,Hispanic (all races),
1,Alabama,1121,Talladega,2013,2017,American Indian/Alaskan Native (includes Hispanic),
1,Alabama,1121,Talladega,2013,2017,White (includes Hispanic),8.0
1,Alabama,1121,Talladega,2014,2018,Asian/Pacific Islander (includes Hispanic),
1,Alabama,1121,Talladega,2014,2018,Black (includes Hispanic),8.2
1,Alabama,1121,Talladega,2014,2018,Hispanic (all races),
1,Alabama,1121,Talladega,2014,2018,American Indian/Alaskan Native (includes Hispanic),
1,Alabama,1121,Talladega,2014,2018,White (includes Hispanic),9.0
1,Alabama,1121,Talladega,2015,2019,Asian/Pacific Islander (includes Hispanic),
1,Alabama,1121,Talladega,2015,2019,Black (includes Hispanic),7.7
1,Alabama,1121,Talladega,2015,2019,Hispanic (all races),
1,Alabama,1121,Talladega,2015,2019,American Indian/Alaskan Native (includes Hispanic),
1,Alabama,1121,Talladega,2015,2019,White (includes Hispanic),9.0
1,Alabama,1121,Talladega,2016,2020,Asian/Pacific Islander (includes Hispanic),
1,Alabama,1121,Talladega,2016,2020,Black (includes Hispanic),
1,Alabama,1121,Talladega,2016,2020,Hispanic (all races),
1,Alabama,1121,Talladega,2016,2020,American Indian/Alaskan Native (includes Hispanic),
1,Alabama,1121,Talladega,2016,2020,White (includes Hispanic),8.7
1,Alabama,1123,Tallapoosa,2011,2015,Asian/Pacific Islander (includes Hispanic),
1,Alabama,1123,Tallapoosa,2011,2015,Black (includes Hispanic),15.3
1,Alabama,1123,Tallapoosa,2011,2015,Hispanic (all races),
1,Alabama,1123,Tallapoosa,2011,2015,American Indian/Alaskan Native (includes Hispanic),
1,Alabama,1123,Tallapoosa,2011,2015,White (includes Hispanic),10.3
1,Alabama,1123,Tallapoosa,2012,2016,Asian/Pacific Islander (includes Hispanic),
1,Alabama,1123,Tallapoosa,2012,2016,Black (includes Hispanic),13.1
1,Alabama,1123,Tallapoosa,2012,2016,Hispanic (all races),
1,Alabama,1123,Tallapoosa,2012,2016,American Indian/Alaskan Native (includes Hispanic),
1,Alabama,1123,Tallapoosa,2012,2016,White (includes Hispanic),9.6
1,Alabama,1123,Tallapoosa,2013,2017,Asian/Pacific Islander (includes Hispanic),
1,Alabama,1123,Tallapoosa,2013,2017,Black (includes Hispanic),11.5
1,Alabama,1123,Tallapoosa,2013,2017,Hispanic (all races),
1,Alabama,1123,Tallapoosa,2013,2017,American Indian/Alaskan Native (includes Hispanic),
1,Alabama,1123,Tallapoosa,2013,2017,White (includes Hispanic),8.9
1,Alabama,1123,Tallapoosa,2014,2018,Asian/Pacific Islander (includes Hispanic),
1,Alabama,1123,Tallapoosa,2014,2018,Black (includes Hispanic),12.5
1,Alabama,1123,Tallapoosa,2014,2018,Hispanic (all races),
1,Alabama,1123,Tallapoosa,2014,2018,American Indian/Alaskan Native (includes Hispanic),
1,Alabama,1123,Tallapoosa,2014,2018,White (includes Hispanic),9.6
1,Alabama,1123,Tallapoosa,2015,2019,Asian/Pacific Islander (includes Hispanic),
1,Alabama,1123,Tallapoosa,2015,2019,Black (includes Hispanic),12.9
1,Alabama,1123,Tallapoosa,2015,2019,Hispanic (all races),
1,Alabama,1123,Tallapoosa,2015,2019,American Indian/Alaskan Native (includes Hispanic),
1,Alabama,1123,Tallapoosa,2015,2019,White (includes Hispanic),11.3
1,Alabama,1123,Tallapoosa,2016,2020,Asian/Pacific Islander (includes Hispanic),
1,Alabama,1123,Tallapoosa,2016,2020,Black (includes Hispanic),9.9
1,Alabama,1123,Tallapoosa,2016,2020,Hispanic (all races),
1,Alabama,1123,Tallapoosa,2016,2020,American Indian/Alaskan Native (includes Hispanic),
1,Alabama,1123,Tallapoosa,2016,2020,White (includes Hispanic),10.8
1,Alabama,1125,Tuscaloosa,2011,2015,Asian/Pacific Islander (includes Hispanic),
1,Alabama,1125,Tuscaloosa,2011,2015,Black (includes Hispanic),8.8
1,Alabama,1125,Tuscaloosa,2011,2015,Hispanic (all races),
1,Alabama,1125,Tuscaloosa,2011,2015,American Indian/Alaskan Native (includes Hispanic),
1,Alabama,1125,Tuscaloosa,2011,2015,White (includes Hispanic),8.5
1,Alabama,1125,Tuscaloosa,2012,2016,Asian/Pacific Islander (includes Hispanic),
1,Alabama,1125,Tuscaloosa,2012,2016,Black (includes Hispanic),9.7
1,Alabama,1125,Tuscaloosa,2012,2016,Hispanic (all races),
1,Alabama,1125,Tuscaloosa,2012,2016,American Indian/Alaskan Native (includes Hispanic),
1,Alabama,1125,Tuscaloosa,2012,2016,White (includes Hispanic),9.2
1,Alabama,1125,Tuscaloosa,2013,2017,Asian/Pacific Islander (includes Hispanic),
1,Alabama,1125,Tuscaloosa,2013,2017,Black (includes Hispanic),9.8
1,Alabama,1125,Tuscaloosa,2013,2017,Hispanic (all races),
1,Alabama,1125,Tuscaloosa,2013,2017,American Indian/Alaskan Native (includes Hispanic),
1,Alabama,1125,Tuscaloosa,2013,2017,White (includes Hispanic),9.5
1,Alabama,1125,Tuscaloosa,2014,2018,Asian/Pacific Islander (includes Hispanic),
1,Alabama,1125,Tuscaloosa,2014,2018,Black (includes Hispanic),7.9
1,Alabama,1125,Tuscaloosa,2014,2018,Hispanic (all races),
1,Alabama,1125,Tuscaloosa,2014,2018,American Indian/Alaskan Native (includes Hispanic),
1,Alabama,1125,Tuscaloosa,2014,2018,White (includes Hispanic),9.6
1,Alabama,1125,Tuscaloosa,2015,2019,Asian/Pacific Islander (includes Hispanic),
1,Alabama,1125,Tuscaloosa,2015,2019,Black (includes Hispanic),8.9
1,Alabama,1125,Tuscaloosa,2015,2019,Hispanic (all races),
1,Alabama,1125,Tuscaloosa,2015,2019,American Indian/Alaskan Native (includes Hispanic),
1,Alabama,1125,Tuscaloosa,2015,2019,White (includes Hispanic),9.0
1,Alabama,1125,Tuscaloosa,2016,2020,Asian/Pacific Islander (includes Hispanic),
1,Alabama,1125,Tuscaloosa,2016,2020,Black (includes Hispanic),9.0
1,Alabama,1125,Tuscaloosa,2016,2020,Hispanic (all races),
1,Alabama,1125,Tuscaloosa,2016,2020,American Indian/Alaskan Native (includes Hispanic),
1,Alabama,1125,Tuscaloosa,2016,2020,White (includes Hispanic),9.4
1,Alabama,1127,Walker,2011,2015,Asian/Pacific Islander (includes Hispanic),
1,Alabama,1127,Walker,2011,2015,Black (includes Hispanic),9.0
1,Alabama,1127,Walker,2011,2015,Hispanic (all races),
1,Alabama,1127,Walker,2011,2015,American Indian/Alaskan Native (includes Hispanic),
1,Alabama,1127,Walker,2011,2015,White (includes Hispanic),9.1
1,Alabama,1127,Walker,2012,2016,Asian/Pacific Islander (includes Hispanic),
1,Alabama,1127,Walker,2012,2016,Black (includes Hispanic),9.7
1,Alabama,1127,Walker,2012,2016,Hispanic (all races),
1,Alabama,1127,Walker,2012,2016,American Indian/Alaskan Native (includes Hispanic),
1,Alabama,1127,Walker,2012,2016,White (includes Hispanic),9.6
1,Alabama,1127,Walker,2013,2017,Asian/Pacific Islander (includes Hispanic),
1,Alabama,1127,Walker,2013,2017,Black (includes Hispanic),9.6
1,Alabama,1127,Walker,2013,2017,Hispanic (all races),
1,Alabama,1127,Walker,2013,2017,American Indian/Alaskan Native (includes Hispanic),
1,Alabama,1127,Walker,2013,2017,White (includes Hispanic),9.4
1,Alabama,1127,Walker,2014,2018,Asian/Pacific Islander (includes Hispanic),
1,Alabama,1127,Walker,2014,2018,Black (includes Hispanic),8.1
1,Alabama,1127,Walker,2014,2018,Hispanic (all races),
1,Alabama,1127,Walker,2014,2018,American Indian/Alaskan Native (includes Hispanic),
1,Alabama,1127,Walker,2014,2018,White (includes Hispanic),9.4
1,Alabama,1127,Walker,2015,2019,Asian/Pacific Islander (includes Hispanic),
1,Alabama,1127,Walker,2015,2019,Black (includes Hispanic),9.1
1,Alabama,1127,Walker,2015,2019,Hispanic (all races),
1,Alabama,1127,Walker,2015,2019,American Indian/Alaskan Native (includes Hispanic),
1,Alabama,1127,Walker,2015,2019,White (includes Hispanic),8.8
1,Alabama,1127,Walker,2016,2020,Asian/Pacific Islander (includes Hispanic),
1,Alabama,1127,Walker,2016,2020,Black (includes Hispanic),9.1
1,Alabama,1127,Walker,2016,2020,Hispanic (all races),
1,Alabama,1127,Walker,2016,2020,American Indian/Alaskan Native (includes Hispanic),
1,Alabama,1127,Walker,2016,2020,White (includes Hispanic),8.8
1,Alabama,1129,Washington,2011,2015,Asian/Pacific Islander (includes Hispanic),
1,Alabama,1129,Washington,2011,2015,Black (includes Hispanic),12.0
1,Alabama,1129,Washington,2011,2015,Hispanic (all races),
1,Alabama,1129,Washington,2011,2015,American Indian/Alaskan Native (includes Hispanic),
1,Alabama,1129,Washington,2011,2015,White (includes Hispanic),8.0
1,Alabama,1129,Washington,2012,2016,Asian/Pacific Islander (includes Hispanic),
1,Alabama,1129,Washington,2012,2016,Black (includes Hispanic),11.6
1,Alabama,1129,Washington,2012,2016,Hispanic (all races),
1,Alabama,1129,Washington,2012,2016,American Indian/Alaskan Native (includes Hispanic),
1,Alabama,1129,Washington,2012,2016,White (includes Hispanic),8.1
1,Alabama,1129,Washington,2013,2017,Asian/Pacific Islander (includes Hispanic),
1,Alabama,1129,Washington,2013,2017,Black (includes Hispanic),12.0
1,Alabama,1129,Washington,2013,2017,Hispanic (all races),
1,Alabama,1129,Washington,2013,2017,American Indian/Alaskan Native (includes Hispanic),
1,Alabama,1129,Washington,2013,2017,White (includes Hispanic),8.3
1,Alabama,1129,Washington,2014,2018,Asian/Pacific Islander (includes Hispanic),
1,Alabama,1129,Washington,2014,2018,Black (includes Hispanic),11.5
1,Alabama,1129,Washington,2014,2018,Hispanic (all races),
1,Alabama,1129,Washington,2014,2018,American Indian/Alaskan Native (includes Hispanic),
1,Alabama,1129,Washington,2014,2018,White (includes Hispanic),8.7
1,Alabama,1129,Washington,2015,2019,Asian/Pacific Islander (includes Hispanic),
1,Alabama,1129,Washington,2015,2019,Black (includes Hispanic),11.9
1,Alabama,1129,Washington,2015,2019,Hispanic (all races),
1,Alabama,1129,Washington,2015,2019,American Indian/Alaskan Native (includes Hispanic),
1,Alabama,1129,Washington,2015,2019,White (includes Hispanic),8.6
1,Alabama,1129,Washington,2016,2020,Asian/Pacific Islander (includes Hispanic),
1,Alabama,1129,Washington,2016,2020,Black (includes Hispanic),10.9
1,Alabama,1129,Washington,2016,2020,Hispanic (all races),
1,Alabama,1129,Washington,2016,2020,American Indian/Alaskan Native (includes Hispanic),
1,Alabama,1129,Washington,2016,2020,White (includes Hispanic),9.4
1,Alabama,1131,Wilcox,2011,2015,Asian/Pacific Islander (includes Hispanic),
1,Alabama,1131,Wilcox,2011,2015,Black (includes Hispanic),10.2
1,Alabama,1131,Wilcox,2011,2015,Hispanic (all races),
1,Alabama,1131,Wilcox,2011,2015,American Indian/Alaskan Native (includes Hispanic),
1,Alabama,1131,Wilcox,2011,2015,White (includes Hispanic),12.6
1,Alabama,1131,Wilcox,2012,2016,Asian/Pacific Islander (includes Hispanic),
1,Alabama,1131,Wilcox,2012,2016,Black (includes Hispanic),12.3
1,Alabama,1131,Wilcox,2012,2016,Hispanic (all races),
1,Alabama,1131,Wilcox,2012,2016,American Indian/Alaskan Native (includes Hispanic),
1,Alabama,1131,Wilcox,2012,2016,White (includes Hispanic),12.7
1,Alabama,1131,Wilcox,2013,2017,Asian/Pacific Islander (includes Hispanic),
1,Alabama,1131,Wilcox,2013,2017,Black (includes Hispanic),14.6
1,Alabama,1131,Wilcox,2013,2017,Hispanic (all races),
1,Alabama,1131,Wilcox,2013,2017,American Indian/Alaskan Native (includes Hispanic),
1,Alabama,1131,Wilcox,2013,2017,White (includes Hispanic),
1,Alabama,1131,Wilcox,2014,2018,Asian/Pacific Islander (includes Hispanic),
1,Alabama,1131,Wilcox,2014,2018,Black (includes Hispanic),15.1
1,Alabama,1131,Wilcox,2014,2018,Hispanic (all races),
1,Alabama,1131,Wilcox,2014,2018,American Indian/Alaskan Native (includes Hispanic),
1,Alabama,1131,Wilcox,2014,2018,White (includes Hispanic),
1,Alabama,1131,Wilcox,2015,2019,Asian/Pacific Islander (includes Hispanic),
1,Alabama,1131,Wilcox,2015,2019,Black (includes Hispanic),16.1
1,Alabama,1131,Wilcox,2015,2019,Hispanic (all races),
1,Alabama,1131,Wilcox,2015,2019,American Indian/Alaskan Native (includes Hispanic),
1,Alabama,1131,Wilcox,2015,2019,White (includes Hispanic),
1,Alabama,1131,Wilcox,2016,2020,Asian/Pacific Islander (includes Hispanic),
1,Alabama,1131,Wilcox,2016,2020,Black (includes Hispanic),17.0
1,Alabama,1131,Wilcox,2016,2020,Hispanic (all races),
1,Alabama,1131,Wilcox,2016,2020,American Indian/Alaskan Native (includes Hispanic),
1,Alabama,1131,Wilcox,2016,2020,White (includes Hispanic),
1,Alabama,1133,Winston,2011,2015,Asian/Pacific Islander (includes Hispanic),
1,Alabama,1133,Winston,2011,2015,Black (includes Hispanic),
1,Alabama,1133,Winston,2011,2015,Hispanic (all races),
1,Alabama,1133,Winston,2011,2015,American Indian/Alaskan Native (includes Hispanic),
1,Alabama,1133,Winston,2011,2015,White (includes Hispanic),8.7
1,Alabama,1133,Winston,2012,2016,Asian/Pacific Islander (includes Hispanic),
1,Alabama,1133,Winston,2012,2016,Black (includes Hispanic),
1,Alabama,1133,Winston,2012,2016,Hispanic (all races),
1,Alabama,1133,Winston,2012,2016,American Indian/Alaskan Native (includes Hispanic),
1,Alabama,1133,Winston,2012,2016,White (includes Hispanic),10.0
1,Alabama,1133,Winston,2013,2017,Asian/Pacific Islander (includes Hispanic),
1,Alabama,1133,Winston,2013,2017,Black (includes Hispanic),
1,Alabama,1133,Winston,2013,2017,Hispanic (all races),
1,Alabama,1133,Winston,2013,2017,American Indian/Alaskan Native (includes Hispanic),
1,Alabama,1133,Winston,2013,2017,White (includes Hispanic),9.3
1,Alabama,1133,Winston,2014,2018,Asian/Pacific Islander (includes Hispanic),
1,Alabama,1133,Winston,2014,2018,Black (includes Hispanic),
1,Alabama,1133,Winston,2014,2018,Hispanic (all races),
1,Alabama,1133,Winston,2014,2018,American Indian/Alaskan Native (includes Hispanic),
1,Alabama,1133,Winston,2014,2018,White (includes Hispanic),9.8
1,Alabama,1133,Winston,2015,2019,Asian/Pacific Islander (includes Hispanic),
1,Alabama,1133,Winston,2015,2019,Black (includes Hispanic),
1,Alabama,1133,Winston,2015,2019,Hispanic (all races),
1,Alabama,1133,Winston,2015,2019,American Indian/Alaskan Native (includes Hispanic),
1,Alabama,1133,Winston,2015,2019,White (includes Hispanic),9.0
1,Alabama,1133,Winston,2016,2020,Asian/Pacific Islander (includes Hispanic),
1,Alabama,1133,Winston,2016,2020,Black (includes Hispanic),
1,Alabama,1133,Winston,2016,2020,Hispanic (all races),
1,Alabama,1133,Winston,2016,2020,American Indian/Alaskan Native (includes Hispanic),
1,Alabama,1133,Winston,2016,2020,White (includes Hispanic),9.1
2,Alaska,2013,Aleutians East,2011,2015,Asian/Pacific Islander (includes Hispanic),
2,Alaska,2013,Aleutians East,2011,2015,Black (includes Hispanic),
2,Alaska,2013,Aleutians East,2011,2015,Hispanic (all races),
2,Alaska,2013,Aleutians East,2011,2015,American Indian/Alaskan Native (includes Hispanic),
2,Alaska,2013,Aleutians East,2011,2015,White (includes Hispanic),
2,Alaska,2013,Aleutians East,2012,2016,Asian/Pacific Islander (includes Hispanic),
2,Alaska,2013,Aleutians East,2012,2016,Black (includes Hispanic),
2,Alaska,2013,Aleutians East,2012,2016,Hispanic (all races),
2,Alaska,2013,Aleutians East,2012,2016,American Indian/Alaskan Native (includes Hispanic),
2,Alaska,2013,Aleutians East,2012,2016,White (includes Hispanic),
2,Alaska,2013,Aleutians East,2013,2017,Asian/Pacific Islander (includes Hispanic),
2,Alaska,2013,Aleutians East,2013,2017,Black (includes Hispanic),
2,Alaska,2013,Aleutians East,2013,2017,Hispanic (all races),
2,Alaska,2013,Aleutians East,2013,2017,American Indian/Alaskan Native (includes Hispanic),
2,Alaska,2013,Aleutians East,2013,2017,White (includes Hispanic),
2,Alaska,2013,Aleutians East,2014,2018,Asian/Pacific Islander (includes Hispanic),
2,Alaska,2013,Aleutians East,2014,2018,Black (includes Hispanic),
2,Alaska,2013,Aleutians East,2014,2018,Hispanic (all races),
2,Alaska,2013,Aleutians East,2014,2018,American Indian/Alaskan Native (includes Hispanic),
2,Alaska,2013,Aleutians East,2014,2018,White (includes Hispanic),
2,Alaska,2013,Aleutians East,2015,2019,Asian/Pacific Islander (includes Hispanic),
2,Alaska,2013,Aleutians East,2015,2019,Black (includes Hispanic),
2,Alaska,2013,Aleutians East,2015,2019,Hispanic (all races),
2,Alaska,2013,Aleutians East,2015,2019,American Indian/Alaskan Native (includes Hispanic),
2,Alaska,2013,Aleutians East,2015,2019,White (includes Hispanic),
2,Alaska,2013,Aleutians East,2016,2020,Asian/Pacific Islander (includes Hispanic),
2,Alaska,2013,Aleutians East,2016,2020,Black (includes Hispanic),
2,Alaska,2013,Aleutians East,2016,2020,Hispanic (all races),
2,Alaska,2013,Aleutians East,2016,2020,American Indian/Alaskan Native (includes Hispanic),
2,Alaska,2013,Aleutians East,2016,2020,White (includes Hispanic),
2,Alaska,2016,Aleutians West,2011,2015,Asian/Pacific Islander (includes Hispanic),
2,Alaska,2016,Aleutians West,2011,2015,Black (includes Hispanic),
2,Alaska,2016,Aleutians West,2011,2015,Hispanic (all races),
2,Alaska,2016,Aleutians West,2011,2015,American Indian/Alaskan Native (includes Hispanic),
2,Alaska,2016,Aleutians West,2011,2015,White (includes Hispanic),
2,Alaska,2016,Aleutians West,2012,2016,Asian/Pacific Islander (includes Hispanic),
2,Alaska,2016,Aleutians West,2012,2016,Black (includes Hispanic),
2,Alaska,2016,Aleutians West,2012,2016,Hispanic (all races),
2,Alaska,2016,Aleutians West,2012,2016,American Indian/Alaskan Native (includes Hispanic),
2,Alaska,2016,Aleutians West,2012,2016,White (includes Hispanic),
2,Alaska,2016,Aleutians West,2013,2017,Asian/Pacific Islander (includes Hispanic),
2,Alaska,2016,Aleutians West,2013,2017,Black (includes Hispanic),
2,Alaska,2016,Aleutians West,2013,2017,Hispanic (all races),
2,Alaska,2016,Aleutians West,2013,2017,American Indian/Alaskan Native (includes Hispanic),
2,Alaska,2016,Aleutians West,2013,2017,White (includes Hispanic),
2,Alaska,2016,Aleutians West,2014,2018,Asian/Pacific Islander (includes Hispanic),
2,Alaska,2016,Aleutians West,2014,2018,Black (includes Hispanic),
2,Alaska,2016,Aleutians West,2014,2018,Hispanic (all races),
2,Alaska,2016,Aleutians West,2014,2018,American Indian/Alaskan Native (includes Hispanic),
2,Alaska,2016,Aleutians West,2014,2018,White (includes Hispanic),
2,Alaska,2016,Aleutians West,2015,2019,Asian/Pacific Islander (includes Hispanic),
2,Alaska,2016,Aleutians West,2015,2019,Black (includes Hispanic),
2,Alaska,2016,Aleutians West,2015,2019,Hispanic (all races),
2,Alaska,2016,Aleutians West,2015,2019,American Indian/Alaskan Native (includes Hispanic),
2,Alaska,2016,Aleutians West,2015,2019,White (includes Hispanic),
2,Alaska,2016,Aleutians West,2016,2020,Asian/Pacific Islander (includes Hispanic),
2,Alaska,2016,Aleutians West,2016,2020,Black (includes Hispanic),
2,Alaska,2016,Aleutians West,2016,2020,Hispanic (all races),
2,Alaska,2016,Aleutians West,2016,2020,American Indian/Alaskan Native (includes Hispanic),
2,Alaska,2016,Aleutians West,2016,2020,White (includes Hispanic),
2,Alaska,2020,Anchorage,2011,2015,Asian/Pacific Islander (includes Hispanic),
2,Alaska,2020,Anchorage,2011,2015,Black (includes Hispanic),
2,Alaska,2020,Anchorage,2011,2015,Hispanic (all races),
2,Alaska,2020,Anchorage,2011,2015,American Indian/Alaskan Native (includes Hispanic),
2,Alaska,2020,Anchorage,2011,2015,White (includes Hispanic),7.0
2,Alaska,2020,Anchorage,2012,2016,Asian/Pacific Islander (includes Hispanic),
2,Alaska,2020,Anchorage,2012,2016,Black (includes Hispanic),
2,Alaska,2020,Anchorage,2012,2016,Hispanic (all races),
2,Alaska,2020,Anchorage,2012,2016,American Indian/Alaskan Native (includes Hispanic),
2,Alaska,2020,Anchorage,2012,2016,White (includes Hispanic),7.1
2,Alaska,2020,Anchorage,2013,2017,Asian/Pacific Islander (includes Hispanic),
2,Alaska,2020,Anchorage,2013,2017,Black (includes Hispanic),
2,Alaska,2020,Anchorage,2013,2017,Hispanic (all races),
2,Alaska,2020,Anchorage,2013,2017,American Indian/Alaskan Native (includes Hispanic),
2,Alaska,2020,Anchorage,2013,2017,White (includes Hispanic),7.5
2,Alaska,2020,Anchorage,2014,2018,Asian/Pacific Islander (includes Hispanic),
2,Alaska,2020,Anchorage,2014,2018,Black (includes Hispanic),
2,Alaska,2020,Anchorage,2014,2018,Hispanic (all races),
2,Alaska,2020,Anchorage,2014,2018,American Indian/Alaskan Native (includes Hispanic),
2,Alaska,2020,Anchorage,2014,2018,White (includes Hispanic),7.7
2,Alaska,2020,Anchorage,2015,2019,Asian/Pacific Islander (includes Hispanic),
2,Alaska,2020,Anchorage,2015,2019,Black (includes Hispanic),
2,Alaska,2020,Anchorage,2015,2019,Hispanic (all races),
2,Alaska,2020,Anchorage,2015,2019,American Indian/Alaskan Native (includes Hispanic),
2,Alaska,2020,Anchorage,2015,2019,White (includes Hispanic),7.5
2,Alaska,2020,Anchorage,2016,2020,Asian/Pacific Islander (includes Hispanic),
2,Alaska,2020,Anchorage,2016,2020,Black (includes Hispanic),
2,Alaska,2020,Anchorage,2016,2020,Hispanic (all races),
2,Alaska,2020,Anchorage,2016,2020,American Indian/Alaskan Native (includes Hispanic),
2,Alaska,2020,Anchorage,2016,2020,White (includes Hispanic),7.0
2,Alaska,2050,Bethel,2011,2015,Asian/Pacific Islander (includes Hispanic),
2,Alaska,2050,Bethel,2011,2015,Black (includes Hispanic),
2,Alaska,2050,Bethel,2011,2015,Hispanic (all races),
2,Alaska,2050,Bethel,2011,2015,American Indian/Alaskan Native (includes Hispanic),
2,Alaska,2050,Bethel,2011,2015,White (includes Hispanic),6.4
2,Alaska,2050,Bethel,2012,2016,Asian/Pacific Islander (includes Hispanic),
2,Alaska,2050,Bethel,2012,2016,Black (includes Hispanic),
2,Alaska,2050,Bethel,2012,2016,Hispanic (all races),
2,Alaska,2050,Bethel,2012,2016,American Indian/Alaskan Native (includes Hispanic),
2,Alaska,2050,Bethel,2012,2016,White (includes Hispanic),6.9
2,Alaska,2050,Bethel,2013,2017,Asian/Pacific Islander (includes Hispanic),
2,Alaska,2050,Bethel,2013,2017,Black (includes Hispanic),
2,Alaska,2050,Bethel,2013,2017,Hispanic (all races),
2,Alaska,2050,Bethel,2013,2017,American Indian/Alaskan Native (includes Hispanic),
2,Alaska,2050,Bethel,2013,2017,White (includes Hispanic),6.2
2,Alaska,2050,Bethel,2014,2018,Asian/Pacific Islander (includes Hispanic),
2,Alaska,2050,Bethel,2014,2018,Black (includes Hispanic),
2,Alaska,2050,Bethel,2014,2018,Hispanic (all races),
2,Alaska,2050,Bethel,2014,2018,American Indian/Alaskan Native (includes Hispanic),
2,Alaska,2050,Bethel,2014,2018,White (includes Hispanic),5.6
2,Alaska,2050,Bethel,2015,2019,Asian/Pacific Islander (includes Hispanic),
2,Alaska,2050,Bethel,2015,2019,Black (includes Hispanic),
2,Alaska,2050,Bethel,2015,2019,Hispanic (all races),
2,Alaska,2050,Bethel,2015,2019,American Indian/Alaskan Native (includes Hispanic),
2,Alaska,2050,Bethel,2015,2019,White (includes Hispanic),5.4
2,Alaska,2050,Bethel,2016,2020,Asian/Pacific Islander (includes Hispanic),
2,Alaska,2050,Bethel,2016,2020,Black (includes Hispanic),
2,Alaska,2050,Bethel,2016,2020,Hispanic (all races),
2,Alaska,2050,Bethel,2016,2020,American Indian/Alaskan Native (includes Hispanic),
2,Alaska,2050,Bethel,2016,2020,White (includes Hispanic),6.1
2,Alaska,2060,Bristol Bay,2011,2015,Asian/Pacific Islander (includes Hispanic),
2,Alaska,2060,Bristol Bay,2011,2015,Black (includes Hispanic),
2,Alaska,2060,Bristol Bay,2011,2015,Hispanic (all races),
2,Alaska,2060,Bristol Bay,2011,2015,American Indian/Alaskan Native (includes Hispanic),
2,Alaska,2060,Bristol Bay,2011,2015,White (includes Hispanic),
2,Alaska,2060,Bristol Bay,2012,2016,Asian/Pacific Islander (includes Hispanic),
2,Alaska,2060,Bristol Bay,2012,2016,Black (includes Hispanic),
2,Alaska,2060,Bristol Bay,2012,2016,Hispanic (all races),
2,Alaska,2060,Bristol Bay,2012,2016,American Indian/Alaskan Native (includes Hispanic),
2,Alaska,2060,Bristol Bay,2012,2016,White (includes Hispanic),
2,Alaska,2060,Bristol Bay,2013,2017,Asian/Pacific Islander (includes Hispanic),
2,Alaska,2060,Bristol Bay,2013,2017,Black (includes Hispanic),
2,Alaska,2060,Bristol Bay,2013,2017,Hispanic (all races),
2,Alaska,2060,Bristol Bay,2013,2017,American Indian/Alaskan Native (includes Hispanic),
2,Alaska,2060,Bristol Bay,2013,2017,White (includes Hispanic),
2,Alaska,2060,Bristol Bay,2014,2018,Asian/Pacific Islander (includes Hispanic),
2,Alaska,2060,Bristol Bay,2014,2018,Black (includes Hispanic),
2,Alaska,2060,Bristol Bay,2014,2018,Hispanic (all races),
2,Alaska,2060,Bristol Bay,2014,2018,American Indian/Alaskan Native (includes Hispanic),
2,Alaska,2060,Bristol Bay,2014,2018,White (includes Hispanic),
2,Alaska,2060,Bristol Bay,2015,2019,Asian/Pacific Islander (includes Hispanic),
2,Alaska,2060,Bristol Bay,2015,2019,Black (includes Hispanic),
2,Alaska,2060,Bristol Bay,2015,2019,Hispanic (all races),
2,Alaska,2060,Bristol Bay,2015,2019,American Indian/Alaskan Native (includes Hispanic),
2,Alaska,2060,Bristol Bay,2015,2019,White (includes Hispanic),
2,Alaska,2060,Bristol Bay,2016,2020,Asian/Pacific Islander (includes Hispanic),
2,Alaska,2060,Bristol Bay,2016,2020,Black (includes Hispanic),
2,Alaska,2060,Bristol Bay,2016,2020,Hispanic (all races),
2,Alaska,2060,Bristol Bay,2016,2020,American Indian/Alaskan Native (includes Hispanic),
2,Alaska,2060,Bristol Bay,2016,2020,White (includes Hispanic),
2,Alaska,2068,Denali,2011,2015,Asian/Pacific Islander (includes Hispanic),
2,Alaska,2068,Denali,2011,2015,Black (includes Hispanic),
2,Alaska,2068,Denali,2011,2015,Hispanic (all races),
2,Alaska,2068,Denali,2011,2015,American Indian/Alaskan Native (includes Hispanic),
2,Alaska,2068,Denali,2011,2015,White (includes Hispanic),5.9
2,Alaska,2068,Denali,2012,2016,Asian/Pacific Islander (includes Hispanic),
2,Alaska,2068,Denali,2012,2016,Black (includes Hispanic),
2,Alaska,2068,Denali,2012,2016,Hispanic (all races),
2,Alaska,2068,Denali,2012,2016,American Indian/Alaskan Native (includes Hispanic),
2,Alaska,2068,Denali,2012,2016,White (includes Hispanic),6.8
2,Alaska,2068,Denali,2013,2017,Asian/Pacific Islander (includes Hispanic),
2,Alaska,2068,Denali,2013,2017,Black (includes Hispanic),
2,Alaska,2068,Denali,2013,2017,Hispanic (all races),
2,Alaska,2068,Denali,2013,2017,American Indian/Alaskan Native (includes Hispanic),
2,Alaska,2068,Denali,2013,2017,White (includes Hispanic),6.1
2,Alaska,2068,Denali,2014,2018,Asian/Pacific Islander (includes Hispanic),
2,Alaska,2068,Denali,2014,2018,Black (includes Hispanic),
2,Alaska,2068,Denali,2014,2018,Hispanic (all races),
2,Alaska,2068,Denali,2014,2018,American Indian/Alaskan Native (includes Hispanic),
2,Alaska,2068,Denali,2014,2018,White (includes Hispanic),5.5
2,Alaska,2068,Denali,2015,2019,Asian/Pacific Islander (includes Hispanic),
2,Alaska,2068,Denali,2015,2019,Black (includes Hispanic),
2,Alaska,2068,Denali,2015,2019,Hispanic (all races),
2,Alaska,2068,Denali,2015,2019,American Indian/Alaskan Native (includes Hispanic),
2,Alaska,2068,Denali,2015,2019,White (includes Hispanic),4.7
2,Alaska,2068,Denali,2016,2020,Asian/Pacific Islander (includes Hispanic),
2,Alaska,2068,Denali,2016,2020,Black (includes Hispanic),
2,Alaska,2068,Denali,2016,2020,Hispanic (all races),
2,Alaska,2068,Denali,2016,2020,American Indian/Alaskan Native (includes Hispanic),
2,Alaska,2068,Denali,2016,2020,White (includes Hispanic),4.7
2,Alaska,2070,Dillingham,2011,2015,Asian/Pacific Islander (includes Hispanic),
2,Alaska,2070,Dillingham,2011,2015,Black (includes Hispanic),
2,Alaska,2070,Dillingham,2011,2015,Hispanic (all races),
2,Alaska,2070,Dillingham,2011,2015,American Indian/Alaskan Native (includes Hispanic),
2,Alaska,2070,Dillingham,2011,2015,White (includes Hispanic),
2,Alaska,2070,Dillingham,2012,2016,Asian/Pacific Islander (includes Hispanic),
2,Alaska,2070,Dillingham,2012,2016,Black (includes Hispanic),
2,Alaska,2070,Dillingham,2012,2016,Hispanic (all races),
2,Alaska,2070,Dillingham,2012,2016,American Indian/Alaskan Native (includes Hispanic),
2,Alaska,2070,Dillingham,2012,2016,White (includes Hispanic),
2,Alaska,2070,Dillingham,2013,2017,Asian/Pacific Islander (includes Hispanic),
2,Alaska,2070,Dillingham,2013,2017,Black (includes Hispanic),
2,Alaska,2070,Dillingham,2013,2017,Hispanic (all races),
2,Alaska,2070,Dillingham,2013,2017,American Indian/Alaskan Native (includes Hispanic),
2,Alaska,2070,Dillingham,2013,2017,White (includes Hispanic),
2,Alaska,2070,Dillingham,2014,2018,Asian/Pacific Islander (includes Hispanic),
2,Alaska,2070,Dillingham,2014,2018,Black (includes Hispanic),
2,Alaska,2070,Dillingham,2014,2018,Hispanic (all races),
2,Alaska,2070,Dillingham,2014,2018,American Indian/Alaskan Native (includes Hispanic),
2,Alaska,2070,Dillingham,2014,2018,White (includes Hispanic),
2,Alaska,2070,Dillingham,2015,2019,Asian/Pacific Islander (includes Hispanic),
2,Alaska,2070,Dillingham,2015,2019,Black (includes Hispanic),
2,Alaska,2070,Dillingham,2015,2019,Hispanic (all races),
2,Alaska,2070,Dillingham,2015,2019,American Indian/Alaskan Native (includes Hispanic),
2,Alaska,2070,Dillingham,2015,2019,White (includes Hispanic),
2,Alaska,2070,Dillingham,2016,2020,Asian/Pacific Islander (includes Hispanic),
2,Alaska,2070,Dillingham,2016,2020,Black (includes Hispanic),
2,Alaska,2070,Dillingham,2016,2020,Hispanic (all races),
2,Alaska,2070,Dillingham,2016,2020,American Indian/Alaskan Native (includes Hispanic),
2,Alaska,2070,Dillingham,2016,2020,White (includes Hispanic),
2,Alaska,2090,Fairbanks North Star,2011,2015,Asian/Pacific Islander (includes Hispanic),
2,Alaska,2090,Fairbanks North Star,2011,2015,Black (includes Hispanic),
2,Alaska,2090,Fairbanks North Star,2011,2015,Hispanic (all races),
2,Alaska,2090,Fairbanks North Star,2011,2015,American Indian/Alaskan Native (includes Hispanic),
2,Alaska,2090,Fairbanks North Star,2011,2015,White (includes Hispanic),
2,Alaska,2090,Fairbanks North Star,2012,2016,Asian/Pacific Islander (includes Hispanic),
2,Alaska,2090,Fairbanks North Star,2012,2016,Black (includes Hispanic),
2,Alaska,2090,Fairbanks North Star,2012,2016,Hispanic (all races),
2,Alaska,2090,Fairbanks North Star,2012,2016,American Indian/Alaskan Native (includes Hispanic),
2,Alaska,2090,Fairbanks North Star,2012,2016,White (includes Hispanic),
2,Alaska,2090,Fairbanks North Star,2013,2017,Asian/Pacific Islander (includes Hispanic),
2,Alaska,2090,Fairbanks North Star,2013,2017,Black (includes Hispanic),
2,Alaska,2090,Fairbanks North Star,2013,2017,Hispanic (all races),
2,Alaska,2090,Fairbanks North Star,2013,2017,American Indian/Alaskan Native (includes Hispanic),
2,Alaska,2090,Fairbanks North Star,2013,2017,White (includes Hispanic),
2,Alaska,2090,Fairbanks North Star,2014,2018,Asian/Pacific Islander (includes Hispanic),
2,Alaska,2090,Fairbanks North Star,2014,2018,Black (includes Hispanic),
2,Alaska,2090,Fairbanks North Star,2014,2018,Hispanic (all races),
2,Alaska,2090,Fairbanks North Star,2014,2018,American Indian/Alaskan Native (includes Hispanic),
2,Alaska,2090,Fairbanks North Star,2014,2018,White (includes Hispanic),
2,Alaska,2090,Fairbanks North Star,2015,2019,Asian/Pacific Islander (includes Hispanic),
2,Alaska,2090,Fairbanks North Star,2015,2019,Black (includes Hispanic),
2,Alaska,2090,Fairbanks North Star,2015,2019,Hispanic (all races),
2,Alaska,2090,Fairbanks North Star,2015,2019,American Indian/Alaskan Native (includes Hispanic),
2,Alaska,2090,Fairbanks North Star,2015,2019,White (includes Hispanic),
2,Alaska,2090,Fairbanks North Star,2016,2020,Asian/Pacific Islander (includes Hispanic),
2,Alaska,2090,Fairbanks North Star,2016,2020,Black (includes Hispanic),
2,Alaska,2090,Fairbanks North Star,2016,2020,Hispanic (all races),
2,Alaska,2090,Fairbanks North Star,2016,2020,American Indian/Alaskan Native (includes Hispanic),
2,Alaska,2090,Fairbanks North Star,2016,2020,White (includes Hispanic),
2,Alaska,2100,Haines,2011,2015,Asian/Pacific Islander (includes Hispanic),
2,Alaska,2100,Haines,2011,2015,Black (includes Hispanic),
2,Alaska,2100,Haines,2011,2015,Hispanic (all races),
2,Alaska,2100,Haines,2011,2015,American Indian/Alaskan Native (includes Hispanic),
2,Alaska,2100,Haines,2011,2015,White (includes Hispanic),
2,Alaska,2100,Haines,2012,2016,Asian/Pacific Islander (includes Hispanic),
2,Alaska,2100,Haines,2012,2016,Black (includes Hispanic),
2,Alaska,2100,Haines,2012,2016,Hispanic (all races),
2,Alaska,2100,Haines,2012,2016,American Indian/Alaskan Native (includes Hispanic),
2,Alaska,2100,Haines,2012,2016,White (includes Hispanic),
2,Alaska,2100,Haines,2013,2017,Asian/Pacific Islander (includes Hispanic),
2,Alaska,2100,Haines,2013,2017,Black (includes Hispanic),
2,Alaska,2100,Haines,2013,2017,Hispanic (all races),
2,Alaska,2100,Haines,2013,2017,American Indian/Alaskan Native (includes Hispanic),
2,Alaska,2100,Haines,2013,2017,White (includes Hispanic),
2,Alaska,2100,Haines,2014,2018,Asian/Pacific Islander (includes Hispanic),
2,Alaska,2100,Haines,2014,2018,Black (includes Hispanic),
2,Alaska,2100,Haines,2014,2018,Hispanic (all races),
2,Alaska,2100,Haines,2014,2018,American Indian/Alaskan Native (includes Hispanic),
2,Alaska,2100,Haines,2014,2018,White (includes Hispanic),
2,Alaska,2100,Haines,2015,2019,Asian/Pacific Islander (includes Hispanic),
2,Alaska,2100,Haines,2015,2019,Black (includes Hispanic),
2,Alaska,2100,Haines,2015,2019,Hispanic (all races),
2,Alaska,2100,Haines,2015,2019,American Indian/Alaskan Native (includes Hispanic),
2,Alaska,2100,Haines,2015,2019,White (includes Hispanic),
2,Alaska,2100,Haines,2016,2020,Asian/Pacific Islander (includes Hispanic),
2,Alaska,2100,Haines,2016,2020,Black (includes Hispanic),
2,Alaska,2100,Haines,2016,2020,Hispanic (all races),
2,Alaska,2100,Haines,2016,2020,American Indian/Alaskan Native (includes Hispanic),
2,Alaska,2100,Haines,2016,2020,White (includes Hispanic),
2,Alaska,2105,HOONAH-ANGOON CENSUS AREA,2011,2015,Asian/Pacific Islander (includes Hispanic),
2,Alaska,2105,HOONAH-ANGOON CENSUS AREA,2011,2015,Black (includes Hispanic),
2,Alaska,2105,HOONAH-ANGOON CENSUS AREA,2011,2015,Hispanic (all races),
2,Alaska,2105,HOONAH-ANGOON CENSUS AREA,2011,2015,American Indian/Alaskan Native (includes Hispanic),
2,Alaska,2105,HOONAH-ANGOON CENSUS AREA,2011,2015,White (includes Hispanic),
2,Alaska,2105,HOONAH-ANGOON CENSUS AREA,2012,2016,Asian/Pacific Islander (includes Hispanic),
2,Alaska,2105,HOONAH-ANGOON CENSUS AREA,2012,2016,Black (includes Hispanic),
2,Alaska,2105,HOONAH-ANGOON CENSUS AREA,2012,2016,Hispanic (all races),
2,Alaska,2105,HOONAH-ANGOON CENSUS AREA,2012,2016,American Indian/Alaskan Native (includes Hispanic),
2,Alaska,2105,HOONAH-ANGOON CENSUS AREA,2012,2016,White (includes Hispanic),
2,Alaska,2105,HOONAH-ANGOON CENSUS AREA,2013,2017,Asian/Pacific Islander (includes Hispanic),
2,Alaska,2105,HOONAH-ANGOON CENSUS AREA,2013,2017,Black (includes Hispanic),
2,Alaska,2105,HOONAH-ANGOON CENSUS AREA,2013,2017,Hispanic (all races),
2,Alaska,2105,HOONAH-ANGOON CENSUS AREA,2013,2017,American Indian/Alaskan Native (includes Hispanic),
2,Alaska,2105,HOONAH-ANGOON CENSUS AREA,2013,2017,White (includes Hispanic),
2,Alaska,2105,HOONAH-ANGOON CENSUS AREA,2014,2018,Asian/Pacific Islander (includes Hispanic),
2,Alaska,2105,HOONAH-ANGOON CENSUS AREA,2014,2018,Black (includes Hispanic),
2,Alaska,2105,HOONAH-ANGOON CENSUS AREA,2014,2018,Hispanic (all races),
2,Alaska,2105,HOONAH-ANGOON CENSUS AREA,2014,2018,American Indian/Alaskan Native (includes Hispanic),
2,Alaska,2105,HOONAH-ANGOON CENSUS AREA,2014,2018,White (includes Hispanic),
2,Alaska,2105,HOONAH-ANGOON CENSUS AREA,2015,2019,Asian/Pacific Islander (includes Hispanic),
2,Alaska,2105,HOONAH-ANGOON CENSUS AREA,2015,2019,Black (includes Hispanic),
2,Alaska,2105,HOONAH-ANGOON CENSUS AREA,2015,2019,Hispanic (all races),
2,Alaska,2105,HOONAH-ANGOON CENSUS AREA,2015,2019,American Indian/Alaskan Native (includes Hispanic),
2,Alaska,2105,HOONAH-ANGOON CENSUS AREA,2015,2019,White (includes Hispanic),
2,Alaska,2105,HOONAH-ANGOON CENSUS AREA,2016,2020,Asian/Pacific Islander (includes Hispanic),
2,Alaska,2105,HOONAH-ANGOON CENSUS AREA,2016,2020,Black (includes Hispanic),
2,Alaska,2105,HOONAH-ANGOON CENSUS AREA,2016,2020,Hispanic (all races),
2,Alaska,2105,HOONAH-ANGOON CENSUS AREA,2016,2020,American Indian/Alaskan Native (includes Hispanic),
2,Alaska,2105,HOONAH-ANGOON CENSUS AREA,2016,2020,White (includes Hispanic),
2,Alaska,2110,Juneau,2011,2015,Asian/Pacific Islander (includes Hispanic),
2,Alaska,2110,Juneau,2011,2015,Black (includes Hispanic),
2,Alaska,2110,Juneau,2011,2015,Hispanic (all races),
2,Alaska,2110,Juneau,2011,2015,American Indian/Alaskan Native (includes Hispanic),
2,Alaska,2110,Juneau,2011,2015,White (includes Hispanic),
2,Alaska,2110,Juneau,2012,2016,Asian/Pacific Islander (includes Hispanic),
2,Alaska,2110,Juneau,2012,2016,Black (includes Hispanic),
2,Alaska,2110,Juneau,2012,2016,Hispanic (all races),
2,Alaska,2110,Juneau,2012,2016,American Indian/Alaskan Native (includes Hispanic),
2,Alaska,2110,Juneau,2012,2016,White (includes Hispanic),
2,Alaska,2110,Juneau,2013,2017,Asian/Pacific Islander (includes Hispanic),
2,Alaska,2110,Juneau,2013,2017,Black (includes Hispanic),
2,Alaska,2110,Juneau,2013,2017,Hispanic (all races),
2,Alaska,2110,Juneau,2013,2017,American Indian/Alaskan Native (includes Hispanic),
2,Alaska,2110,Juneau,2013,2017,White (includes Hispanic),
2,Alaska,2110,Juneau,2014,2018,Asian/Pacific Islander (includes Hispanic),
2,Alaska,2110,Juneau,2014,2018,Black (includes Hispanic),
2,Alaska,2110,Juneau,2014,2018,Hispanic (all races),
2,Alaska,2110,Juneau,2014,2018,American Indian/Alaskan Native (includes Hispanic),
2,Alaska,2110,Juneau,2014,2018,White (includes Hispanic),
2,Alaska,2110,Juneau,2015,2019,Asian/Pacific Islander (includes Hispanic),
2,Alaska,2110,Juneau,2015,2019,Black (includes Hispanic),
2,Alaska,2110,Juneau,2015,2019,Hispanic (all races),
2,Alaska,2110,Juneau,2015,2019,American Indian/Alaskan Native (includes Hispanic),
2,Alaska,2110,Juneau,2015,2019,White (includes Hispanic),
2,Alaska,2110,Juneau,2016,2020,Asian/Pacific Islander (includes Hispanic),
2,Alaska,2110,Juneau,2016,2020,Black (includes Hispanic),
2,Alaska,2110,Juneau,2016,2020,Hispanic (all races),
2,Alaska,2110,Juneau,2016,2020,American Indian/Alaskan Native (includes Hispanic),
2,Alaska,2110,Juneau,2016,2020,White (includes Hispanic),
2,Alaska,2122,Kenai Peninsula,2011,2015,Asian/Pacific Islander (includes Hispanic),
2,Alaska,2122,Kenai Peninsula,2011,2015,Black (includes Hispanic),
2,Alaska,2122,Kenai Peninsula,2011,2015,Hispanic (all races),
2,Alaska,2122,Kenai Peninsula,2011,2015,American Indian/Alaskan Native (includes Hispanic),
2,Alaska,2122,Kenai Peninsula,2011,2015,White (includes Hispanic),7.0
2,Alaska,2122,Kenai Peninsula,2012,2016,Asian/Pacific Islander (includes Hispanic),
2,Alaska,2122,Kenai Peninsula,2012,2016,Black (includes Hispanic),
2,Alaska,2122,Kenai Peninsula,2012,2016,Hispanic (all races),
2,Alaska,2122,Kenai Peninsula,2012,2016,American Indian/Alaskan Native (includes Hispanic),
2,Alaska,2122,Kenai Peninsula,2012,2016,White (includes Hispanic),7.0
2,Alaska,2122,Kenai Peninsula,2013,2017,Asian/Pacific Islander (includes Hispanic),
2,Alaska,2122,Kenai Peninsula,2013,2017,Black (includes Hispanic),
2,Alaska,2122,Kenai Peninsula,2013,2017,Hispanic (all races),
2,Alaska,2122,Kenai Peninsula,2013,2017,American Indian/Alaskan Native (includes Hispanic),
2,Alaska,2122,Kenai Peninsula,2013,2017,White (includes Hispanic),7.3
2,Alaska,2122,Kenai Peninsula,2014,2018,Asian/Pacific Islander (includes Hispanic),
2,Alaska,2122,Kenai Peninsula,2014,2018,Black (includes Hispanic),
2,Alaska,2122,Kenai Peninsula,2014,2018,Hispanic (all races),
2,Alaska,2122,Kenai Peninsula,2014,2018,American Indian/Alaskan Native (includes Hispanic),
2,Alaska,2122,Kenai Peninsula,2014,2018,White (includes Hispanic),7.7
2,Alaska,2122,Kenai Peninsula,2015,2019,Asian/Pacific Islander (includes Hispanic),
2,Alaska,2122,Kenai Peninsula,2015,2019,Black (includes Hispanic),
2,Alaska,2122,Kenai Peninsula,2015,2019,Hispanic (all races),
2,Alaska,2122,Kenai Peninsula,2015,2019,American Indian/Alaskan Native (includes Hispanic),
2,Alaska,2122,Kenai Peninsula,2015,2019,White (includes Hispanic),7.6
2,Alaska,2122,Kenai Peninsula,2016,2020,Asian/Pacific Islander (includes Hispanic),
2,Alaska,2122,Kenai Peninsula,2016,2020,Black (includes Hispanic),
2,Alaska,2122,Kenai Peninsula,2016,2020,Hispanic (all races),
2,Alaska,2122,Kenai Peninsula,2016,2020,American Indian/Alaskan Native (includes Hispanic),
2,Alaska,2122,Kenai Peninsula,2016,2020,White (includes Hispanic),7.1
2,Alaska,2130,Ketchikan Gateway,2011,2015,Asian/Pacific Islander (includes Hispanic),
2,Alaska,2130,Ketchikan Gateway,2011,2015,Black (includes Hispanic),
2,Alaska,2130,Ketchikan Gateway,2011,2015,Hispanic (all races),
2,Alaska,2130,Ketchikan Gateway,2011,2015,American Indian/Alaskan Native (includes Hispanic),
2,Alaska,2130,Ketchikan Gateway,2011,2015,White (includes Hispanic),
2,Alaska,2130,Ketchikan Gateway,2012,2016,Asian/Pacific Islander (includes Hispanic),
2,Alaska,2130,Ketchikan Gateway,2012,2016,Black (includes Hispanic),
2,Alaska,2130,Ketchikan Gateway,2012,2016,Hispanic (all races),
2,Alaska,2130,Ketchikan Gateway,2012,2016,American Indian/Alaskan Native (includes Hispanic),
2,Alaska,2130,Ketchikan Gateway,2012,2016,White (includes Hispanic),
2,Alaska,2130,Ketchikan Gateway,2013,2017,Asian/Pacific Islander (includes Hispanic),
2,Alaska,2130,Ketchikan Gateway,2013,2017,Black (includes Hispanic),
2,Alaska,2130,Ketchikan Gateway,2013,2017,Hispanic (all races),
2,Alaska,2130,Ketchikan Gateway,2013,2017,American Indian/Alaskan Native (includes Hispanic),
2,Alaska,2130,Ketchikan Gateway,2013,2017,White (includes Hispanic),
2,Alaska,2130,Ketchikan Gateway,2014,2018,Asian/Pacific Islander (includes Hispanic),
2,Alaska,2130,Ketchikan Gateway,2014,2018,Black (includes Hispanic),
2,Alaska,2130,Ketchikan Gateway,2014,2018,Hispanic (all races),
2,Alaska,2130,Ketchikan Gateway,2014,2018,American Indian/Alaskan Native (includes Hispanic),
2,Alaska,2130,Ketchikan Gateway,2014,2018,White (includes Hispanic),
2,Alaska,2130,Ketchikan Gateway,2015,2019,Asian/Pacific Islander (includes Hispanic),
2,Alaska,2130,Ketchikan Gateway,2015,2019,Black (includes Hispanic),
2,Alaska,2130,Ketchikan Gateway,2015,2019,Hispanic (all races),
2,Alaska,2130,Ketchikan Gateway,2015,2019,American Indian/Alaskan Native (includes Hispanic),
2,Alaska,2130,Ketchikan Gateway,2015,2019,White (includes Hispanic),
2,Alaska,2130,Ketchikan Gateway,2016,2020,Asian/Pacific Islander (includes Hispanic),
2,Alaska,2130,Ketchikan Gateway,2016,2020,Black (includes Hispanic),
2,Alaska,2130,Ketchikan Gateway,2016,2020,Hispanic (all races),
2,Alaska,2130,Ketchikan Gateway,2016,2020,American Indian/Alaskan Native (includes Hispanic),
2,Alaska,2130,Ketchikan Gateway,2016,2020,White (includes Hispanic),
2,Alaska,2150,Kodiak Island,2011,2015,Asian/Pacific Islander (includes Hispanic),
2,Alaska,2150,Kodiak Island,2011,2015,Black (includes Hispanic),
2,Alaska,2150,Kodiak Island,2011,2015,Hispanic (all races),
2,Alaska,2150,Kodiak Island,2011,2015,American Indian/Alaskan Native (includes Hispanic),
2,Alaska,2150,Kodiak Island,2011,2015,White (includes Hispanic),
2,Alaska,2150,Kodiak Island,2012,2016,Asian/Pacific Islander (includes Hispanic),
2,Alaska,2150,Kodiak Island,2012,2016,Black (includes Hispanic),
2,Alaska,2150,Kodiak Island,2012,2016,Hispanic (all races),
2,Alaska,2150,Kodiak Island,2012,2016,American Indian/Alaskan Native (includes Hispanic),
2,Alaska,2150,Kodiak Island,2012,2016,White (includes Hispanic),
2,Alaska,2150,Kodiak Island,2013,2017,Asian/Pacific Islander (includes Hispanic),
2,Alaska,2150,Kodiak Island,2013,2017,Black (includes Hispanic),
2,Alaska,2150,Kodiak Island,2013,2017,Hispanic (all races),
2,Alaska,2150,Kodiak Island,2013,2017,American Indian/Alaskan Native (includes Hispanic),
2,Alaska,2150,Kodiak Island,2013,2017,White (includes Hispanic),
2,Alaska,2150,Kodiak Island,2014,2018,Asian/Pacific Islander (includes Hispanic),
2,Alaska,2150,Kodiak Island,2014,2018,Black (includes Hispanic),
2,Alaska,2150,Kodiak Island,2014,2018,Hispanic (all races),
2,Alaska,2150,Kodiak Island,2014,2018,American Indian/Alaskan Native (includes Hispanic),
2,Alaska,2150,Kodiak Island,2014,2018,White (includes Hispanic),
2,Alaska,2150,Kodiak Island,2015,2019,Asian/Pacific Islander (includes Hispanic),
2,Alaska,2150,Kodiak Island,2015,2019,Black (includes Hispanic),
2,Alaska,2150,Kodiak Island,2015,2019,Hispanic (all races),
2,Alaska,2150,Kodiak Island,2015,2019,American Indian/Alaskan Native (includes Hispanic),
2,Alaska,2150,Kodiak Island,2015,2019,White (includes Hispanic),
2,Alaska,2150,Kodiak Island,2016,2020,Asian/Pacific Islander (includes Hispanic),
2,Alaska,2150,Kodiak Island,2016,2020,Black (includes Hispanic),
2,Alaska,2150,Kodiak Island,2016,2020,Hispanic (all races),
2,Alaska,2150,Kodiak Island,2016,2020,American Indian/Alaskan Native (includes Hispanic),
2,Alaska,2150,Kodiak Island,2016,2020,White (includes Hispanic),
2,Alaska,2164,Lake and Peninsula,2011,2015,Asian/Pacific Islander (includes Hispanic),
2,Alaska,2164,Lake and Peninsula,2011,2015,Black (includes Hispanic),
2,Alaska,2164,Lake and Peninsula,2011,2015,Hispanic (all races),
2,Alaska,2164,Lake and Peninsula,2011,2015,American Indian/Alaskan Native (includes Hispanic),
2,Alaska,2164,Lake and Peninsula,2011,2015,White (includes Hispanic),
2,Alaska,2164,Lake and Peninsula,2012,2016,Asian/Pacific Islander (includes Hispanic),
2,Alaska,2164,Lake and Peninsula,2012,2016,Black (includes Hispanic),
2,Alaska,2164,Lake and Peninsula,2012,2016,Hispanic (all races),
2,Alaska,2164,Lake and Peninsula,2012,2016,American Indian/Alaskan Native (includes Hispanic),
2,Alaska,2164,Lake and Peninsula,2012,2016,White (includes Hispanic),
2,Alaska,2164,Lake and Peninsula,2013,2017,Asian/Pacific Islander (includes Hispanic),
2,Alaska,2164,Lake and Peninsula,2013,2017,Black (includes Hispanic),
2,Alaska,2164,Lake and Peninsula,2013,2017,Hispanic (all races),
2,Alaska,2164,Lake and Peninsula,2013,2017,American Indian/Alaskan Native (includes Hispanic),
2,Alaska,2164,Lake and Peninsula,2013,2017,White (includes Hispanic),
2,Alaska,2164,Lake and Peninsula,2014,2018,Asian/Pacific Islander (includes Hispanic),
2,Alaska,2164,Lake and Peninsula,2014,2018,Black (includes Hispanic),
2,Alaska,2164,Lake and Peninsula,2014,2018,Hispanic (all races),
2,Alaska,2164,Lake and Peninsula,2014,2018,American Indian/Alaskan Native (includes Hispanic),
2,Alaska,2164,Lake and Peninsula,2014,2018,White (includes Hispanic),
2,Alaska,2164,Lake and Peninsula,2015,2019,Asian/Pacific Islander (includes Hispanic),
2,Alaska,2164,Lake and Peninsula,2015,2019,Black (includes Hispanic),
2,Alaska,2164,Lake and Peninsula,2015,2019,Hispanic (all races),
2,Alaska,2164,Lake and Peninsula,2015,2019,American Indian/Alaskan Native (includes Hispanic),
2,Alaska,2164,Lake and Peninsula,2015,2019,White (includes Hispanic),
2,Alaska,2164,Lake and Peninsula,2016,2020,Asian/Pacific Islander (includes Hispanic),
2,Alaska,2164,Lake and Peninsula,2016,2020,Black (includes Hispanic),
2,Alaska,2164,Lake and Peninsula,2016,2020,Hispanic (all races),
2,Alaska,2164,Lake and Peninsula,2016,2020,American Indian/Alaskan Native (includes Hispanic),
2,Alaska,2164,Lake and Peninsula,2016,2020,White (includes Hispanic),
2,Alaska,2170,Matanuska-Susitna,2011,2015,Asian/Pacific Islander (includes Hispanic),
2,Alaska,2170,Matanuska-Susitna,2011,2015,Black (includes Hispanic),
2,Alaska,2170,Matanuska-Susitna,2011,2015,Hispanic (all races),
2,Alaska,2170,Matanuska-Susitna,2011,2015,American Indian/Alaskan Native (includes Hispanic),
2,Alaska,2170,Matanuska-Susitna,2011,2015,White (includes Hispanic),6.8
2,Alaska,2170,Matanuska-Susitna,2012,2016,Asian/Pacific Islander (includes Hispanic),
2,Alaska,2170,Matanuska-Susitna,2012,2016,Black (includes Hispanic),
2,Alaska,2170,Matanuska-Susitna,2012,2016,Hispanic (all races),
2,Alaska,2170,Matanuska-Susitna,2012,2016,American Indian/Alaskan Native (includes Hispanic),
2,Alaska,2170,Matanuska-Susitna,2012,2016,White (includes Hispanic),6.9
2,Alaska,2170,Matanuska-Susitna,2013,2017,Asian/Pacific Islander (includes Hispanic),
2,Alaska,2170,Matanuska-Susitna,2013,2017,Black (includes Hispanic),
2,Alaska,2170,Matanuska-Susitna,2013,2017,Hispanic (all races),
2,Alaska,2170,Matanuska-Susitna,2013,2017,American Indian/Alaskan Native (includes Hispanic),
2,Alaska,2170,Matanuska-Susitna,2013,2017,White (includes Hispanic),7.5
2,Alaska,2170,Matanuska-Susitna,2014,2018,Asian/Pacific Islander (includes Hispanic),
2,Alaska,2170,Matanuska-Susitna,2014,2018,Black (includes Hispanic),
2,Alaska,2170,Matanuska-Susitna,2014,2018,Hispanic (all races),
2,Alaska,2170,Matanuska-Susitna,2014,2018,American Indian/Alaskan Native (includes Hispanic),
2,Alaska,2170,Matanuska-Susitna,2014,2018,White (includes Hispanic),7.7
2,Alaska,2170,Matanuska-Susitna,2015,2019,Asian/Pacific Islander (includes Hispanic),
2,Alaska,2170,Matanuska-Susitna,2015,2019,Black (includes Hispanic),
2,Alaska,2170,Matanuska-Susitna,2015,2019,Hispanic (all races),
2,Alaska,2170,Matanuska-Susitna,2015,2019,American Indian/Alaskan Native (includes Hispanic),
2,Alaska,2170,Matanuska-Susitna,2015,2019,White (includes Hispanic),7.4
2,Alaska,2170,Matanuska-Susitna,2016,2020,Asian/Pacific Islander (includes Hispanic),
2,Alaska,2170,Matanuska-Susitna,2016,2020,Black (includes Hispanic),
2,Alaska,2170,Matanuska-Susitna,2016,2020,Hispanic (all races),
2,Alaska,2170,Matanuska-Susitna,2016,2020,American Indian/Alaskan Native (includes Hispanic),
2,Alaska,2170,Matanuska-Susitna,2016,2020,White (includes Hispanic),6.9
2,Alaska,2180,Nome,2011,2015,Asian/Pacific Islander (includes Hispanic),
2,Alaska,2180,Nome,2011,2015,Black (includes Hispanic),
2,Alaska,2180,Nome,2011,2015,Hispanic (all races),
2,Alaska,2180,Nome,2011,2015,American Indian/Alaskan Native (includes Hispanic),
2,Alaska,2180,Nome,2011,2015,White (includes Hispanic),
2,Alaska,2180,Nome,2012,2016,Asian/Pacific Islander (includes Hispanic),
2,Alaska,2180,Nome,2012,2016,Black (includes Hispanic),
2,Alaska,2180,Nome,2012,2016,Hispanic (all races),
2,Alaska,2180,Nome,2012,2016,American Indian/Alaskan Native (includes Hispanic),
2,Alaska,2180,Nome,2012,2016,White (includes Hispanic),
2,Alaska,2180,Nome,2013,2017,Asian/Pacific Islander (includes Hispanic),
2,Alaska,2180,Nome,2013,2017,Black (includes Hispanic),
2,Alaska,2180,Nome,2013,2017,Hispanic (all races),
2,Alaska,2180,Nome,2013,2017,American Indian/Alaskan Native (includes Hispanic),
2,Alaska,2180,Nome,2013,2017,White (includes Hispanic),
2,Alaska,2180,Nome,2014,2018,Asian/Pacific Islander (includes Hispanic),
2,Alaska,2180,Nome,2014,2018,Black (includes Hispanic),
2,Alaska,2180,Nome,2014,2018,Hispanic (all races),
2,Alaska,2180,Nome,2014,2018,American Indian/Alaskan Native (includes Hispanic),
2,Alaska,2180,Nome,2014,2018,White (includes Hispanic),
2,Alaska,2180,Nome,2015,2019,Asian/Pacific Islander (includes Hispanic),
2,Alaska,2180,Nome,2015,2019,Black (includes Hispanic),
2,Alaska,2180,Nome,2015,2019,Hispanic (all races),
2,Alaska,2180,Nome,2015,2019,American Indian/Alaskan Native (includes Hispanic),
2,Alaska,2180,Nome,2015,2019,White (includes Hispanic),
2,Alaska,2180,Nome,2016,2020,Asian/Pacific Islander (includes Hispanic),
2,Alaska,2180,Nome,2016,2020,Black (includes Hispanic),
2,Alaska,2180,Nome,2016,2020,Hispanic (all races),
2,Alaska,2180,Nome,2016,2020,American Indian/Alaskan Native (includes Hispanic),
2,Alaska,2180,Nome,2016,2020,White (includes Hispanic),
2,Alaska,2185,North Slope,2011,2015,Asian/Pacific Islander (includes Hispanic),
2,Alaska,2185,North Slope,2011,2015,Black (includes Hispanic),
2,Alaska,2185,North Slope,2011,2015,Hispanic (all races),
2,Alaska,2185,North Slope,2011,2015,American Indian/Alaskan Native (includes Hispanic),
2,Alaska,2185,North Slope,2011,2015,White (includes Hispanic),
2,Alaska,2185,North Slope,2012,2016,Asian/Pacific Islander (includes Hispanic),
2,Alaska,2185,North Slope,2012,2016,Black (includes Hispanic),
2,Alaska,2185,North Slope,2012,2016,Hispanic (all races),
2,Alaska,2185,North Slope,2012,2016,American Indian/Alaskan Native (includes Hispanic),
2,Alaska,2185,North Slope,2012,2016,White (includes Hispanic),
2,Alaska,2185,North Slope,2013,2017,Asian/Pacific Islander (includes Hispanic),
2,Alaska,2185,North Slope,2013,2017,Black (includes Hispanic),
2,Alaska,2185,North Slope,2013,2017,Hispanic (all races),
2,Alaska,2185,North Slope,2013,2017,American Indian/Alaskan Native (includes Hispanic),
2,Alaska,2185,North Slope,2013,2017,White (includes Hispanic),
2,Alaska,2185,North Slope,2014,2018,Asian/Pacific Islander (includes Hispanic),
2,Alaska,2185,North Slope,2014,2018,Black (includes Hispanic),
2,Alaska,2185,North Slope,2014,2018,Hispanic (all races),
2,Alaska,2185,North Slope,2014,2018,American Indian/Alaskan Native (includes Hispanic),
2,Alaska,2185,North Slope,2014,2018,White (includes Hispanic),
2,Alaska,2185,North Slope,2015,2019,Asian/Pacific Islander (includes Hispanic),
2,Alaska,2185,North Slope,2015,2019,Black (includes Hispanic),
2,Alaska,2185,North Slope,2015,2019,Hispanic (all races),
2,Alaska,2185,North Slope,2015,2019,American Indian/Alaskan Native (includes Hispanic),
2,Alaska,2185,North Slope,2015,2019,White (includes Hispanic),
2,Alaska,2185,North Slope,2016,2020,Asian/Pacific Islander (includes Hispanic),
2,Alaska,2185,North Slope,2016,2020,Black (includes Hispanic),
2,Alaska,2185,North Slope,2016,2020,Hispanic (all races),
2,Alaska,2185,North Slope,2016,2020,American Indian/Alaskan Native (includes Hispanic),
2,Alaska,2185,North Slope,2016,2020,White (includes Hispanic),
2,Alaska,2188,Northwest Arctic,2011,2015,Asian/Pacific Islander (includes Hispanic),
2,Alaska,2188,Northwest Arctic,2011,2015,Black (includes Hispanic),
2,Alaska,2188,Northwest Arctic,2011,2015,Hispanic (all races),
2,Alaska,2188,Northwest Arctic,2011,2015,American Indian/Alaskan Native (includes Hispanic),
2,Alaska,2188,Northwest Arctic,2011,2015,White (includes Hispanic),
2,Alaska,2188,Northwest Arctic,2012,2016,Asian/Pacific Islander (includes Hispanic),
2,Alaska,2188,Northwest Arctic,2012,2016,Black (includes Hispanic),
2,Alaska,2188,Northwest Arctic,2012,2016,Hispanic (all races),
2,Alaska,2188,Northwest Arctic,2012,2016,American Indian/Alaskan Native (includes Hispanic),
2,Alaska,2188,Northwest Arctic,2012,2016,White (includes Hispanic),
2,Alaska,2188,Northwest Arctic,2013,2017,Asian/Pacific Islander (includes Hispanic),
2,Alaska,2188,Northwest Arctic,2013,2017,Black (includes Hispanic),
2,Alaska,2188,Northwest Arctic,2013,2017,Hispanic (all races),
2,Alaska,2188,Northwest Arctic,2013,2017,American Indian/Alaskan Native (includes Hispanic),
2,Alaska,2188,Northwest Arctic,2013,2017,White (includes Hispanic),
2,Alaska,2188,Northwest Arctic,2014,2018,Asian/Pacific Islander (includes Hispanic),
2,Alaska,2188,Northwest Arctic,2014,2018,Black (includes Hispanic),
2,Alaska,2188,Northwest Arctic,2014,2018,Hispanic (all races),
2,Alaska,2188,Northwest Arctic,2014,2018,American Indian/Alaskan Native (includes Hispanic),
2,Alaska,2188,Northwest Arctic,2014,2018,White (includes Hispanic),
2,Alaska,2188,Northwest Arctic,2015,2019,Asian/Pacific Islander (includes Hispanic),
2,Alaska,2188,Northwest Arctic,2015,2019,Black (includes Hispanic),
2,Alaska,2188,Northwest Arctic,2015,2019,Hispanic (all races),
2,Alaska,2188,Northwest Arctic,2015,2019,American Indian/Alaskan Native (includes Hispanic),
2,Alaska,2188,Northwest Arctic,2015,2019,White (includes Hispanic),
2,Alaska,2188,Northwest Arctic,2016,2020,Asian/Pacific Islander (includes Hispanic),
2,Alaska,2188,Northwest Arctic,2016,2020,Black (includes Hispanic),
2,Alaska,2188,Northwest Arctic,2016,2020,Hispanic (all races),
2,Alaska,2188,Northwest Arctic,2016,2020,American Indian/Alaskan Native (includes Hispanic),
2,Alaska,2188,Northwest Arctic,2016,2020,White (includes Hispanic),
2,Alaska,2195,PETERSBURG CENSUS AREA,2011,2015,Asian/Pacific Islander (includes Hispanic),
2,Alaska,2195,PETERSBURG CENSUS AREA,2011,2015,Black (includes Hispanic),
2,Alaska,2195,PETERSBURG CENSUS AREA,2011,2015,Hispanic (all races),
2,Alaska,2195,PETERSBURG CENSUS AREA,2011,2015,American Indian/Alaskan Native (includes Hispanic),
2,Alaska,2195,PETERSBURG CENSUS AREA,2011,2015,White (includes Hispanic),
2,Alaska,2195,PETERSBURG CENSUS AREA,2012,2016,Asian/Pacific Islander (includes Hispanic),
2,Alaska,2195,PETERSBURG CENSUS AREA,2012,2016,Black (includes Hispanic),
2,Alaska,2195,PETERSBURG CENSUS AREA,2012,2016,Hispanic (all races),
2,Alaska,2195,PETERSBURG CENSUS AREA,2012,2016,American Indian/Alaskan Native (includes Hispanic),
2,Alaska,2195,PETERSBURG CENSUS AREA,2012,2016,White (includes Hispanic),
2,Alaska,2195,PETERSBURG CENSUS AREA,2013,2017,Asian/Pacific Islander (includes Hispanic),
2,Alaska,2195,PETERSBURG CENSUS AREA,2013,2017,Black (includes Hispanic),
2,Alaska,2195,PETERSBURG CENSUS AREA,2013,2017,Hispanic (all races),
2,Alaska,2195,PETERSBURG CENSUS AREA,2013,2017,American Indian/Alaskan Native (includes Hispanic),
2,Alaska,2195,PETERSBURG CENSUS AREA,2013,2017,White (includes Hispanic),
2,Alaska,2195,PETERSBURG CENSUS AREA,2014,2018,Asian/Pacific Islander (includes Hispanic),
2,Alaska,2195,PETERSBURG CENSUS AREA,2014,2018,Black (includes Hispanic),
2,Alaska,2195,PETERSBURG CENSUS AREA,2014,2018,Hispanic (all races),
2,Alaska,2195,PETERSBURG CENSUS AREA,2014,2018,American Indian/Alaskan Native (includes Hispanic),
2,Alaska,2195,PETERSBURG CENSUS AREA,2014,2018,White (includes Hispanic),
2,Alaska,2195,PETERSBURG CENSUS AREA,2015,2019,Asian/Pacific Islander (includes Hispanic),
2,Alaska,2195,PETERSBURG CENSUS AREA,2015,2019,Black (includes Hispanic),
2,Alaska,2195,PETERSBURG CENSUS AREA,2015,2019,Hispanic (all races),
2,Alaska,2195,PETERSBURG CENSUS AREA,2015,2019,American Indian/Alaskan Native (includes Hispanic),
2,Alaska,2195,PETERSBURG CENSUS AREA,2015,2019,White (includes Hispanic),
2,Alaska,2195,PETERSBURG CENSUS AREA,2016,2020,Asian/Pacific Islander (includes Hispanic),
2,Alaska,2195,PETERSBURG CENSUS AREA,2016,2020,Black (includes Hispanic),
2,Alaska,2195,PETERSBURG CENSUS AREA,2016,2020,Hispanic (all races),
2,Alaska,2195,PETERSBURG CENSUS AREA,2016,2020,American Indian/Alaskan Native (includes Hispanic),
2,Alaska,2195,PETERSBURG CENSUS AREA,2016,2020,White (includes Hispanic),
2,Alaska,2198,PRINCE OF WALES-HYDER CENSUS AREA,2011,2015,Asian/Pacific Islander (includes Hispanic),
2,Alaska,2198,PRINCE OF WALES-HYDER CENSUS AREA,2011,2015,Black (includes Hispanic),
2,Alaska,2198,PRINCE OF WALES-HYDER CENSUS AREA,2011,2015,Hispanic (all races),
2,Alaska,2198,PRINCE OF WALES-HYDER CENSUS AREA,2011,2015,American Indian/Alaskan Native (includes Hispanic),
2,Alaska,2198,PRINCE OF WALES-HYDER CENSUS AREA,2011,2015,White (includes Hispanic),
2,Alaska,2198,PRINCE OF WALES-HYDER CENSUS AREA,2012,2016,Asian/Pacific Islander (includes Hispanic),
2,Alaska,2198,PRINCE OF WALES-HYDER CENSUS AREA,2012,2016,Black (includes Hispanic),
2,Alaska,2198,PRINCE OF WALES-HYDER CENSUS AREA,2012,2016,Hispanic (all races),
2,Alaska,2198,PRINCE OF WALES-HYDER CENSUS AREA,2012,2016,American Indian/Alaskan Native (includes Hispanic),
2,Alaska,2198,PRINCE OF WALES-HYDER CENSUS AREA,2012,2016,White (includes Hispanic),
2,Alaska,2198,PRINCE OF WALES-HYDER CENSUS AREA,2013,2017,Asian/Pacific Islander (includes Hispanic),
2,Alaska,2198,PRINCE OF WALES-HYDER CENSUS AREA,2013,2017,Black (includes Hispanic),
2,Alaska,2198,PRINCE OF WALES-HYDER CENSUS AREA,2013,2017,Hispanic (all races),
2,Alaska,2198,PRINCE OF WALES-HYDER CENSUS AREA,2013,2017,American Indian/Alaskan Native (includes Hispanic),
2,Alaska,2198,PRINCE OF WALES-HYDER CENSUS AREA,2013,2017,White (includes Hispanic),
2,Alaska,2198,PRINCE OF WALES-HYDER CENSUS AREA,2014,2018,Asian/Pacific Islander (includes Hispanic),
2,Alaska,2198,PRINCE OF WALES-HYDER CENSUS AREA,2014,2018,Black (includes Hispanic),
2,Alaska,2198,PRINCE OF WALES-HYDER CENSUS AREA,2014,2018,Hispanic (all races),
2,Alaska,2198,PRINCE OF WALES-HYDER CENSUS AREA,2014,2018,American Indian/Alaskan Native (includes Hispanic),
2,Alaska,2198,PRINCE OF WALES-HYDER CENSUS AREA,2014,2018,White (includes Hispanic),
2,Alaska,2198,PRINCE OF WALES-HYDER CENSUS AREA,2015,2019,Asian/Pacific Islander (includes Hispanic),
2,Alaska,2198,PRINCE OF WALES-HYDER CENSUS AREA,2015,2019,Black (includes Hispanic),
2,Alaska,2198,PRINCE OF WALES-HYDER CENSUS AREA,2015,2019,Hispanic (all races),
2,Alaska,2198,PRINCE OF WALES-HYDER CENSUS AREA,2015,2019,American Indian/Alaskan Native (includes Hispanic),
2,Alaska,2198,PRINCE OF WALES-HYDER CENSUS AREA,2015,2019,White (includes Hispanic),
2,Alaska,2198,PRINCE OF WALES-HYDER CENSUS AREA,2016,2020,Asian/Pacific Islander (includes Hispanic),
2,Alaska,2198,PRINCE OF WALES-HYDER CENSUS AREA,2016,2020,Black (includes Hispanic),
2,Alaska,2198,PRINCE OF WALES-HYDER CENSUS AREA,2016,2020,Hispanic (all races),
2,Alaska,2198,PRINCE OF WALES-HYDER CENSUS AREA,2016,2020,American Indian/Alaskan Native (includes Hispanic),
2,Alaska,2198,PRINCE OF WALES-HYDER CENSUS AREA,2016,2020,White (includes Hispanic),
2,Alaska,2220,Sitka,2011,2015,Asian/Pacific Islander (includes Hispanic),
2,Alaska,2220,Sitka,2011,2015,Black (includes Hispanic),
2,Alaska,2220,Sitka,2011,2015,Hispanic (all races),
2,Alaska,2220,Sitka,2011,2015,American Indian/Alaskan Native (includes Hispanic),
2,Alaska,2220,Sitka,2011,2015,White (includes Hispanic),
2,Alaska,2220,Sitka,2012,2016,Asian/Pacific Islander (includes Hispanic),
2,Alaska,2220,Sitka,2012,2016,Black (includes Hispanic),
2,Alaska,2220,Sitka,2012,2016,Hispanic (all races),
2,Alaska,2220,Sitka,2012,2016,American Indian/Alaskan Native (includes Hispanic),
2,Alaska,2220,Sitka,2012,2016,White (includes Hispanic),
2,Alaska,2220,Sitka,2013,2017,Asian/Pacific Islander (includes Hispanic),
2,Alaska,2220,Sitka,2013,2017,Black (includes Hispanic),
2,Alaska,2220,Sitka,2013,2017,Hispanic (all races),
2,Alaska,2220,Sitka,2013,2017,American Indian/Alaskan Native (includes Hispanic),
2,Alaska,2220,Sitka,2013,2017,White (includes Hispanic),
2,Alaska,2220,Sitka,2014,2018,Asian/Pacific Islander (includes Hispanic),
2,Alaska,2220,Sitka,2014,2018,Black (includes Hispanic),
2,Alaska,2220,Sitka,2014,2018,Hispanic (all races),
2,Alaska,2220,Sitka,2014,2018,American Indian/Alaskan Native (includes Hispanic),
2,Alaska,2220,Sitka,2014,2018,White (includes Hispanic),
2,Alaska,2220,Sitka,2015,2019,Asian/Pacific Islander (includes Hispanic),
2,Alaska,2220,Sitka,2015,2019,Black (includes Hispanic),
2,Alaska,2220,Sitka,2015,2019,Hispanic (all races),
2,Alaska,2220,Sitka,2015,2019,American Indian/Alaskan Native (includes Hispanic),
2,Alaska,2220,Sitka,2015,2019,White (includes Hispanic),
2,Alaska,2220,Sitka,2016,2020,Asian/Pacific Islander (includes Hispanic),
2,Alaska,2220,Sitka,2016,2020,Black (includes Hispanic),
2,Alaska,2220,Sitka,2016,2020,Hispanic (all races),
2,Alaska,2220,Sitka,2016,2020,American Indian/Alaskan Native (includes Hispanic),
2,Alaska,2220,Sitka,2016,2020,White (includes Hispanic),
2,Alaska,2230,SKAGWAY MUNICIPALITY,2011,2015,Asian/Pacific Islander (includes Hispanic),
2,Alaska,2230,SKAGWAY MUNICIPALITY,2011,2015,Black (includes Hispanic),
2,Alaska,2230,SKAGWAY MUNICIPALITY,2011,2015,Hispanic (all races),
2,Alaska,2230,SKAGWAY MUNICIPALITY,2011,2015,American Indian/Alaskan Native (includes Hispanic),
2,Alaska,2230,SKAGWAY MUNICIPALITY,2011,2015,White (includes Hispanic),
2,Alaska,2230,SKAGWAY MUNICIPALITY,2012,2016,Asian/Pacific Islander (includes Hispanic),
2,Alaska,2230,SKAGWAY MUNICIPALITY,2012,2016,Black (includes Hispanic),
2,Alaska,2230,SKAGWAY MUNICIPALITY,2012,2016,Hispanic (all races),
2,Alaska,2230,SKAGWAY MUNICIPALITY,2012,2016,American Indian/Alaskan Native (includes Hispanic),
2,Alaska,2230,SKAGWAY MUNICIPALITY,2012,2016,White (includes Hispanic),
2,Alaska,2230,SKAGWAY MUNICIPALITY,2013,2017,Asian/Pacific Islander (includes Hispanic),
2,Alaska,2230,SKAGWAY MUNICIPALITY,2013,2017,Black (includes Hispanic),
2,Alaska,2230,SKAGWAY MUNICIPALITY,2013,2017,Hispanic (all races),
2,Alaska,2230,SKAGWAY MUNICIPALITY,2013,2017,American Indian/Alaskan Native (includes Hispanic),
2,Alaska,2230,SKAGWAY MUNICIPALITY,2013,2017,White (includes Hispanic),
2,Alaska,2230,SKAGWAY MUNICIPALITY,2014,2018,Asian/Pacific Islander (includes Hispanic),
2,Alaska,2230,SKAGWAY MUNICIPALITY,2014,2018,Black (includes Hispanic),
2,Alaska,2230,SKAGWAY MUNICIPALITY,2014,2018,Hispanic (all races),
2,Alaska,2230,SKAGWAY MUNICIPALITY,2014,2018,American Indian/Alaskan Native (includes Hispanic),
2,Alaska,2230,SKAGWAY MUNICIPALITY,2014,2018,White (includes Hispanic),
2,Alaska,2230,SKAGWAY MUNICIPALITY,2015,2019,Asian/Pacific Islander (includes Hispanic),
2,Alaska,2230,SKAGWAY MUNICIPALITY,2015,2019,Black (includes Hispanic),
2,Alaska,2230,SKAGWAY MUNICIPALITY,2015,2019,Hispanic (all races),
2,Alaska,2230,SKAGWAY MUNICIPALITY,2015,2019,American Indian/Alaskan Native (includes Hispanic),
2,Alaska,2230,SKAGWAY MUNICIPALITY,2015,2019,White (includes Hispanic),
2,Alaska,2230,SKAGWAY MUNICIPALITY,2016,2020,Asian/Pacific Islander (includes Hispanic),
2,Alaska,2230,SKAGWAY MUNICIPALITY,2016,2020,Black (includes Hispanic),
2,Alaska,2230,SKAGWAY MUNICIPALITY,2016,2020,Hispanic (all races),
2,Alaska,2230,SKAGWAY MUNICIPALITY,2016,2020,American Indian/Alaskan Native (includes Hispanic),
2,Alaska,2230,SKAGWAY MUNICIPALITY,2016,2020,White (includes Hispanic),
2,Alaska,2232,Skagway-Hoonah-Angoon,2011,2015,Asian/Pacific Islander (includes Hispanic),
2,Alaska,2232,Skagway-Hoonah-Angoon,2011,2015,Black (includes Hispanic),
2,Alaska,2232,Skagway-Hoonah-Angoon,2011,2015,Hispanic (all races),
2,Alaska,2232,Skagway-Hoonah-Angoon,2011,2015,American Indian/Alaskan Native (includes Hispanic),
2,Alaska,2232,Skagway-Hoonah-Angoon,2011,2015,White (includes Hispanic),
2,Alaska,2232,Skagway-Hoonah-Angoon,2012,2016,Asian/Pacific Islander (includes Hispanic),
2,Alaska,2232,Skagway-Hoonah-Angoon,2012,2016,Black (includes Hispanic),
2,Alaska,2232,Skagway-Hoonah-Angoon,2012,2016,Hispanic (all races),
2,Alaska,2232,Skagway-Hoonah-Angoon,2012,2016,American Indian/Alaskan Native (includes Hispanic),
2,Alaska,2232,Skagway-Hoonah-Angoon,2012,2016,White (includes Hispanic),
2,Alaska,2232,Skagway-Hoonah-Angoon,2013,2017,Asian/Pacific Islander (includes Hispanic),
2,Alaska,2232,Skagway-Hoonah-Angoon,2013,2017,Black (includes Hispanic),
2,Alaska,2232,Skagway-Hoonah-Angoon,2013,2017,Hispanic (all races),
2,Alaska,2232,Skagway-Hoonah-Angoon,2013,2017,American Indian/Alaskan Native (includes Hispanic),
2,Alaska,2232,Skagway-Hoonah-Angoon,2013,2017,White (includes Hispanic),
2,Alaska,2232,Skagway-Hoonah-Angoon,2014,2018,Asian/Pacific Islander (includes Hispanic),
2,Alaska,2232,Skagway-Hoonah-Angoon,2014,2018,Black (includes Hispanic),
2,Alaska,2232,Skagway-Hoonah-Angoon,2014,2018,Hispanic (all races),
2,Alaska,2232,Skagway-Hoonah-Angoon,2014,2018,American Indian/Alaskan Native (includes Hispanic),
2,Alaska,2232,Skagway-Hoonah-Angoon,2014,2018,White (includes Hispanic),
2,Alaska,2232,Skagway-Hoonah-Angoon,2015,2019,Asian/Pacific Islander (includes Hispanic),
2,Alaska,2232,Skagway-Hoonah-Angoon,2015,2019,Black (includes Hispanic),
2,Alaska,2232,Skagway-Hoonah-Angoon,2015,2019,Hispanic (all races),
2,Alaska,2232,Skagway-Hoonah-Angoon,2015,2019,American Indian/Alaskan Native (includes Hispanic),
2,Alaska,2232,Skagway-Hoonah-Angoon,2015,2019,White (includes Hispanic),
2,Alaska,2232,Skagway-Hoonah-Angoon,2016,2020,Asian/Pacific Islander (includes Hispanic),
2,Alaska,2232,Skagway-Hoonah-Angoon,2016,2020,Black (includes Hispanic),
2,Alaska,2232,Skagway-Hoonah-Angoon,2016,2020,Hispanic (all races),
2,Alaska,2232,Skagway-Hoonah-Angoon,2016,2020,American Indian/Alaskan Native (includes Hispanic),
2,Alaska,2232,Skagway-Hoonah-Angoon,2016,2020,White (includes Hispanic),
2,Alaska,2240,Southeast Fairbanks,2011,2015,Asian/Pacific Islander (includes Hispanic),
2,Alaska,2240,Southeast Fairbanks,2011,2015,Black (includes Hispanic),
2,Alaska,2240,Southeast Fairbanks,2011,2015,Hispanic (all races),
2,Alaska,2240,Southeast Fairbanks,2011,2015,American Indian/Alaskan Native (includes Hispanic),
2,Alaska,2240,Southeast Fairbanks,2011,2015,White (includes Hispanic),5.9
2,Alaska,2240,Southeast Fairbanks,2012,2016,Asian/Pacific Islander (includes Hispanic),
2,Alaska,2240,Southeast Fairbanks,2012,2016,Black (includes Hispanic),
2,Alaska,2240,Southeast Fairbanks,2012,2016,Hispanic (all races),
2,Alaska,2240,Southeast Fairbanks,2012,2016,American Indian/Alaskan Native (includes Hispanic),
2,Alaska,2240,Southeast Fairbanks,2012,2016,White (includes Hispanic),7.1
2,Alaska,2240,Southeast Fairbanks,2013,2017,Asian/Pacific Islander (includes Hispanic),
2,Alaska,2240,Southeast Fairbanks,2013,2017,Black (includes Hispanic),
2,Alaska,2240,Southeast Fairbanks,2013,2017,Hispanic (all races),
2,Alaska,2240,Southeast Fairbanks,2013,2017,American Indian/Alaskan Native (includes Hispanic),
2,Alaska,2240,Southeast Fairbanks,2013,2017,White (includes Hispanic),6.4
2,Alaska,2240,Southeast Fairbanks,2014,2018,Asian/Pacific Islander (includes Hispanic),
2,Alaska,2240,Southeast Fairbanks,2014,2018,Black (includes Hispanic),
2,Alaska,2240,Southeast Fairbanks,2014,2018,Hispanic (all races),
2,Alaska,2240,Southeast Fairbanks,2014,2018,American Indian/Alaskan Native (includes Hispanic),
2,Alaska,2240,Southeast Fairbanks,2014,2018,White (includes Hispanic),6.1
2,Alaska,2240,Southeast Fairbanks,2015,2019,Asian/Pacific Islander (includes Hispanic),
2,Alaska,2240,Southeast Fairbanks,2015,2019,Black (includes Hispanic),
2,Alaska,2240,Southeast Fairbanks,2015,2019,Hispanic (all races),
2,Alaska,2240,Southeast Fairbanks,2015,2019,American Indian/Alaskan Native (includes Hispanic),
2,Alaska,2240,Southeast Fairbanks,2015,2019,White (includes Hispanic),5.0
2,Alaska,2240,Southeast Fairbanks,2016,2020,Asian/Pacific Islander (includes Hispanic),
2,Alaska,2240,Southeast Fairbanks,2016,2020,Black (includes Hispanic),
2,Alaska,2240,Southeast Fairbanks,2016,2020,Hispanic (all races),
2,Alaska,2240,Southeast Fairbanks,2016,2020,American Indian/Alaskan Native (includes Hispanic),
2,Alaska,2240,Southeast Fairbanks,2016,2020,White (includes Hispanic),5.1
2,Alaska,2261,Valdez-Cordova,2011,2015,Asian/Pacific Islander (includes Hispanic),
2,Alaska,2261,Valdez-Cordova,2011,2015,Black (includes Hispanic),
2,Alaska,2261,Valdez-Cordova,2011,2015,Hispanic (all races),
2,Alaska,2261,Valdez-Cordova,2011,2015,American Indian/Alaskan Native (includes Hispanic),
2,Alaska,2261,Valdez-Cordova,2011,2015,White (includes Hispanic),6.9
2,Alaska,2261,Valdez-Cordova,2012,2016,Asian/Pacific Islander (includes Hispanic),
2,Alaska,2261,Valdez-Cordova,2012,2016,Black (includes Hispanic),
2,Alaska,2261,Valdez-Cordova,2012,2016,Hispanic (all races),
2,Alaska,2261,Valdez-Cordova,2012,2016,American Indian/Alaskan Native (includes Hispanic),
2,Alaska,2261,Valdez-Cordova,2012,2016,White (includes Hispanic),6.9
2,Alaska,2261,Valdez-Cordova,2013,2017,Asian/Pacific Islander (includes Hispanic),
2,Alaska,2261,Valdez-Cordova,2013,2017,Black (includes Hispanic),
2,Alaska,2261,Valdez-Cordova,2013,2017,Hispanic (all races),
2,Alaska,2261,Valdez-Cordova,2013,2017,American Indian/Alaskan Native (includes Hispanic),
2,Alaska,2261,Valdez-Cordova,2013,2017,White (includes Hispanic),7.6
2,Alaska,2261,Valdez-Cordova,2014,2018,Asian/Pacific Islander (includes Hispanic),
2,Alaska,2261,Valdez-Cordova,2014,2018,Black (includes Hispanic),
2,Alaska,2261,Valdez-Cordova,2014,2018,Hispanic (all races),
2,Alaska,2261,Valdez-Cordova,2014,2018,American Indian/Alaskan Native (includes Hispanic),
2,Alaska,2261,Valdez-Cordova,2014,2018,White (includes Hispanic),7.8
2,Alaska,2261,Valdez-Cordova,2015,2019,Asian/Pacific Islander (includes Hispanic),
2,Alaska,2261,Valdez-Cordova,2015,2019,Black (includes Hispanic),
2,Alaska,2261,Valdez-Cordova,2015,2019,Hispanic (all races),
2,Alaska,2261,Valdez-Cordova,2015,2019,American Indian/Alaskan Native (includes Hispanic),
2,Alaska,2261,Valdez-Cordova,2015,2019,White (includes Hispanic),7.5
2,Alaska,2261,Valdez-Cordova,2016,2020,Asian/Pacific Islander (includes Hispanic),
2,Alaska,2261,Valdez-Cordova,2016,2020,Black (includes Hispanic),
2,Alaska,2261,Valdez-Cordova,2016,2020,Hispanic (all races),
2,Alaska,2261,Valdez-Cordova,2016,2020,American Indian/Alaskan Native (includes Hispanic),
2,Alaska,2261,Valdez-Cordova,2016,2020,White (includes Hispanic),7.0
2,Alaska,2270,Wade Hampton,2011,2015,Asian/Pacific Islander (includes Hispanic),
2,Alaska,2270,Wade Hampton,2011,2015,Black (includes Hispanic),
2,Alaska,2270,Wade Hampton,2011,2015,Hispanic (all races),
2,Alaska,2270,Wade Hampton,2011,2015,American Indian/Alaskan Native (includes Hispanic),
2,Alaska,2270,Wade Hampton,2011,2015,White (includes Hispanic),
2,Alaska,2270,Wade Hampton,2012,2016,Asian/Pacific Islander (includes Hispanic),
2,Alaska,2270,Wade Hampton,2012,2016,Black (includes Hispanic),
2,Alaska,2270,Wade Hampton,2012,2016,Hispanic (all races),
2,Alaska,2270,Wade Hampton,2012,2016,American Indian/Alaskan Native (includes Hispanic),
2,Alaska,2270,Wade Hampton,2012,2016,White (includes Hispanic),
2,Alaska,2270,Wade Hampton,2013,2017,Asian/Pacific Islander (includes Hispanic),
2,Alaska,2270,Wade Hampton,2013,2017,Black (includes Hispanic),
2,Alaska,2270,Wade Hampton,2013,2017,Hispanic (all races),
2,Alaska,2270,Wade Hampton,2013,2017,American Indian/Alaskan Native (includes Hispanic),
2,Alaska,2270,Wade Hampton,2013,2017,White (includes Hispanic),
2,Alaska,2270,Wade Hampton,2014,2018,Asian/Pacific Islander (includes Hispanic),
2,Alaska,2270,Wade Hampton,2014,2018,Black (includes Hispanic),
2,Alaska,2270,Wade Hampton,2014,2018,Hispanic (all races),
2,Alaska,2270,Wade Hampton,2014,2018,American Indian/Alaskan Native (includes Hispanic),
2,Alaska,2270,Wade Hampton,2014,2018,White (includes Hispanic),
2,Alaska,2270,Wade Hampton,2015,2019,Asian/Pacific Islander (includes Hispanic),
2,Alaska,2270,Wade Hampton,2015,2019,Black (includes Hispanic),
2,Alaska,2270,Wade Hampton,2015,2019,Hispanic (all races),
2,Alaska,2270,Wade Hampton,2015,2019,American Indian/Alaskan Native (includes Hispanic),
2,Alaska,2270,Wade Hampton,2015,2019,White (includes Hispanic),
2,Alaska,2270,Wade Hampton,2016,2020,Asian/Pacific Islander (includes Hispanic),
2,Alaska,2270,Wade Hampton,2016,2020,Black (includes Hispanic),
2,Alaska,2270,Wade Hampton,2016,2020,Hispanic (all races),
2,Alaska,2270,Wade Hampton,2016,2020,American Indian/Alaskan Native (includes Hispanic),
2,Alaska,2270,Wade Hampton,2016,2020,White (includes Hispanic),
2,Alaska,2275,WRANGELL CITY AND BURROUGH,2011,2015,Asian/Pacific Islander (includes Hispanic),
2,Alaska,2275,WRANGELL CITY AND BURROUGH,2011,2015,Black (includes Hispanic),
2,Alaska,2275,WRANGELL CITY AND BURROUGH,2011,2015,Hispanic (all races),
2,Alaska,2275,WRANGELL CITY AND BURROUGH,2011,2015,American Indian/Alaskan Native (includes Hispanic),
2,Alaska,2275,WRANGELL CITY AND BURROUGH,2011,2015,White (includes Hispanic),
2,Alaska,2275,WRANGELL CITY AND BURROUGH,2012,2016,Asian/Pacific Islander (includes Hispanic),
2,Alaska,2275,WRANGELL CITY AND BURROUGH,2012,2016,Black (includes Hispanic),
2,Alaska,2275,WRANGELL CITY AND BURROUGH,2012,2016,Hispanic (all races),
2,Alaska,2275,WRANGELL CITY AND BURROUGH,2012,2016,American Indian/Alaskan Native (includes Hispanic),
2,Alaska,2275,WRANGELL CITY AND BURROUGH,2012,2016,White (includes Hispanic),
2,Alaska,2275,WRANGELL CITY AND BURROUGH,2013,2017,Asian/Pacific Islander (includes Hispanic),
2,Alaska,2275,WRANGELL CITY AND BURROUGH,2013,2017,Black (includes Hispanic),
2,Alaska,2275,WRANGELL CITY AND BURROUGH,2013,2017,Hispanic (all races),
2,Alaska,2275,WRANGELL CITY AND BURROUGH,2013,2017,American Indian/Alaskan Native (includes Hispanic),
2,Alaska,2275,WRANGELL CITY AND BURROUGH,2013,2017,White (includes Hispanic),
2,Alaska,2275,WRANGELL CITY AND BURROUGH,2014,2018,Asian/Pacific Islander (includes Hispanic),
2,Alaska,2275,WRANGELL CITY AND BURROUGH,2014,2018,Black (includes Hispanic),
2,Alaska,2275,WRANGELL CITY AND BURROUGH,2014,2018,Hispanic (all races),
2,Alaska,2275,WRANGELL CITY AND BURROUGH,2014,2018,American Indian/Alaskan Native (includes Hispanic),
2,Alaska,2275,WRANGELL CITY AND BURROUGH,2014,2018,White (includes Hispanic),
2,Alaska,2275,WRANGELL CITY AND BURROUGH,2015,2019,Asian/Pacific Islander (includes Hispanic),
2,Alaska,2275,WRANGELL CITY AND BURROUGH,2015,2019,Black (includes Hispanic),
2,Alaska,2275,WRANGELL CITY AND BURROUGH,2015,2019,Hispanic (all races),
2,Alaska,2275,WRANGELL CITY AND BURROUGH,2015,2019,American Indian/Alaskan Native (includes Hispanic),
2,Alaska,2275,WRANGELL CITY AND BURROUGH,2015,2019,White (includes Hispanic),
2,Alaska,2275,WRANGELL CITY AND BURROUGH,2016,2020,Asian/Pacific Islander (includes Hispanic),
2,Alaska,2275,WRANGELL CITY AND BURROUGH,2016,2020,Black (includes Hispanic),
2,Alaska,2275,WRANGELL CITY AND BURROUGH,2016,2020,Hispanic (all races),
2,Alaska,2275,WRANGELL CITY AND BURROUGH,2016,2020,American Indian/Alaskan Native (includes Hispanic),
2,Alaska,2275,WRANGELL CITY AND BURROUGH,2016,2020,White (includes Hispanic),
2,Alaska,2280,Wrangell-Petersburg,2011,2015,Asian/Pacific Islander (includes Hispanic),
2,Alaska,2280,Wrangell-Petersburg,2011,2015,Black (includes Hispanic),
2,Alaska,2280,Wrangell-Petersburg,2011,2015,Hispanic (all races),
2,Alaska,2280,Wrangell-Petersburg,2011,2015,American Indian/Alaskan Native (includes Hispanic),
2,Alaska,2280,Wrangell-Petersburg,2011,2015,White (includes Hispanic),
2,Alaska,2280,Wrangell-Petersburg,2012,2016,Asian/Pacific Islander (includes Hispanic),
2,Alaska,2280,Wrangell-Petersburg,2012,2016,Black (includes Hispanic),
2,Alaska,2280,Wrangell-Petersburg,2012,2016,Hispanic (all races),
2,Alaska,2280,Wrangell-Petersburg,2012,2016,American Indian/Alaskan Native (includes Hispanic),
2,Alaska,2280,Wrangell-Petersburg,2012,2016,White (includes Hispanic),
2,Alaska,2280,Wrangell-Petersburg,2013,2017,Asian/Pacific Islander (includes Hispanic),
2,Alaska,2280,Wrangell-Petersburg,2013,2017,Black (includes Hispanic),
2,Alaska,2280,Wrangell-Petersburg,2013,2017,Hispanic (all races),
2,Alaska,2280,Wrangell-Petersburg,2013,2017,American Indian/Alaskan Native (includes Hispanic),
2,Alaska,2280,Wrangell-Petersburg,2013,2017,White (includes Hispanic),
2,Alaska,2280,Wrangell-Petersburg,2014,2018,Asian/Pacific Islander (includes Hispanic),
2,Alaska,2280,Wrangell-Petersburg,2014,2018,Black (includes Hispanic),
2,Alaska,2280,Wrangell-Petersburg,2014,2018,Hispanic (all races),
2,Alaska,2280,Wrangell-Petersburg,2014,2018,American Indian/Alaskan Native (includes Hispanic),
2,Alaska,2280,Wrangell-Petersburg,2014,2018,White (includes Hispanic),
2,Alaska,2280,Wrangell-Petersburg,2015,2019,Asian/Pacific Islander (includes Hispanic),
2,Alaska,2280,Wrangell-Petersburg,2015,2019,Black (includes Hispanic),
2,Alaska,2280,Wrangell-Petersburg,2015,2019,Hispanic (all races),
2,Alaska,2280,Wrangell-Petersburg,2015,2019,American Indian/Alaskan Native (includes Hispanic),
2,Alaska,2280,Wrangell-Petersburg,2015,2019,White (includes Hispanic),
2,Alaska,2280,Wrangell-Petersburg,2016,2020,Asian/Pacific Islander (includes Hispanic),
2,Alaska,2280,Wrangell-Petersburg,2016,2020,Black (includes Hispanic),
2,Alaska,2280,Wrangell-Petersburg,2016,2020,Hispanic (all races),
2,Alaska,2280,Wrangell-Petersburg,2016,2020,American Indian/Alaskan Native (includes Hispanic),
2,Alaska,2280,Wrangell-Petersburg,2016,2020,White (includes Hispanic),
2,Alaska,2282,Yakutat,2011,2015,Asian/Pacific Islander (includes Hispanic),
2,Alaska,2282,Yakutat,2011,2015,Black (includes Hispanic),
2,Alaska,2282,Yakutat,2011,2015,Hispanic (all races),
2,Alaska,2282,Yakutat,2011,2015,American Indian/Alaskan Native (includes Hispanic),
2,Alaska,2282,Yakutat,2011,2015,White (includes Hispanic),
2,Alaska,2282,Yakutat,2012,2016,Asian/Pacific Islander (includes Hispanic),
2,Alaska,2282,Yakutat,2012,2016,Black (includes Hispanic),
2,Alaska,2282,Yakutat,2012,2016,Hispanic (all races),
2,Alaska,2282,Yakutat,2012,2016,American Indian/Alaskan Native (includes Hispanic),
2,Alaska,2282,Yakutat,2012,2016,White (includes Hispanic),
2,Alaska,2282,Yakutat,2013,2017,Asian/Pacific Islander (includes Hispanic),
2,Alaska,2282,Yakutat,2013,2017,Black (includes Hispanic),
2,Alaska,2282,Yakutat,2013,2017,Hispanic (all races),
2,Alaska,2282,Yakutat,2013,2017,American Indian/Alaskan Native (includes Hispanic),
2,Alaska,2282,Yakutat,2013,2017,White (includes Hispanic),
2,Alaska,2282,Yakutat,2014,2018,Asian/Pacific Islander (includes Hispanic),
2,Alaska,2282,Yakutat,2014,2018,Black (includes Hispanic),
2,Alaska,2282,Yakutat,2014,2018,Hispanic (all races),
2,Alaska,2282,Yakutat,2014,2018,American Indian/Alaskan Native (includes Hispanic),
2,Alaska,2282,Yakutat,2014,2018,White (includes Hispanic),
2,Alaska,2282,Yakutat,2015,2019,Asian/Pacific Islander (includes Hispanic),
2,Alaska,2282,Yakutat,2015,2019,Black (includes Hispanic),
2,Alaska,2282,Yakutat,2015,2019,Hispanic (all races),
2,Alaska,2282,Yakutat,2015,2019,American Indian/Alaskan Native (includes Hispanic),
2,Alaska,2282,Yakutat,2015,2019,White (includes Hispanic),
2,Alaska,2282,Yakutat,2016,2020,Asian/Pacific Islander (includes Hispanic),
2,Alaska,2282,Yakutat,2016,2020,Black (includes Hispanic),
2,Alaska,2282,Yakutat,2016,2020,Hispanic (all races),
2,Alaska,2282,Yakutat,2016,2020,American Indian/Alaskan Native (includes Hispanic),
2,Alaska,2282,Yakutat,2016,2020,White (includes Hispanic),
2,Alaska,2290,Yukon-Koyukuk,2011,2015,Asian/Pacific Islander (includes Hispanic),
2,Alaska,2290,Yukon-Koyukuk,2011,2015,Black (includes Hispanic),
2,Alaska,2290,Yukon-Koyukuk,2011,2015,Hispanic (all races),
2,Alaska,2290,Yukon-Koyukuk,2011,2015,American Indian/Alaskan Native (includes Hispanic),
2,Alaska,2290,Yukon-Koyukuk,2011,2015,White (includes Hispanic),5.8
2,Alaska,2290,Yukon-Koyukuk,2012,2016,Asian/Pacific Islander (includes Hispanic),
2,Alaska,2290,Yukon-Koyukuk,2012,2016,Black (includes Hispanic),
2,Alaska,2290,Yukon-Koyukuk,2012,2016,Hispanic (all races),
2,Alaska,2290,Yukon-Koyukuk,2012,2016,American Indian/Alaskan Native (includes Hispanic),
2,Alaska,2290,Yukon-Koyukuk,2012,2016,White (includes Hispanic),6.7
2,Alaska,2290,Yukon-Koyukuk,2013,2017,Asian/Pacific Islander (includes Hispanic),
2,Alaska,2290,Yukon-Koyukuk,2013,2017,Black (includes Hispanic),
2,Alaska,2290,Yukon-Koyukuk,2013,2017,Hispanic (all races),
2,Alaska,2290,Yukon-Koyukuk,2013,2017,American Indian/Alaskan Native (includes Hispanic),14.6
2,Alaska,2290,Yukon-Koyukuk,2013,2017,White (includes Hispanic),6.2
2,Alaska,2290,Yukon-Koyukuk,2014,2018,Asian/Pacific Islander (includes Hispanic),
2,Alaska,2290,Yukon-Koyukuk,2014,2018,Black (includes Hispanic),
2,Alaska,2290,Yukon-Koyukuk,2014,2018,Hispanic (all races),
2,Alaska,2290,Yukon-Koyukuk,2014,2018,American Indian/Alaskan Native (includes Hispanic),
2,Alaska,2290,Yukon-Koyukuk,2014,2018,White (includes Hispanic),5.6
2,Alaska,2290,Yukon-Koyukuk,2015,2019,Asian/Pacific Islander (includes Hispanic),
2,Alaska,2290,Yukon-Koyukuk,2015,2019,Black (includes Hispanic),
2,Alaska,2290,Yukon-Koyukuk,2015,2019,Hispanic (all races),
2,Alaska,2290,Yukon-Koyukuk,2015,2019,American Indian/Alaskan Native (includes Hispanic),
2,Alaska,2290,Yukon-Koyukuk,2015,2019,White (includes Hispanic),4.7
2,Alaska,2290,Yukon-Koyukuk,2016,2020,Asian/Pacific Islander (includes Hispanic),
2,Alaska,2290,Yukon-Koyukuk,2016,2020,Black (includes Hispanic),
2,Alaska,2290,Yukon-Koyukuk,2016,2020,Hispanic (all races),
2,Alaska,2290,Yukon-Koyukuk,2016,2020,American Indian/Alaskan Native (includes Hispanic),
2,Alaska,2290,Yukon-Koyukuk,2016,2020,White (includes Hispanic),4.7
4,Arizona,4001,Apache,2011,2015,Asian/Pacific Islander (includes Hispanic),
4,Arizona,4001,Apache,2011,2015,Black (includes Hispanic),
4,Arizona,4001,Apache,2011,2015,Hispanic (all races),
4,Arizona,4001,Apache,2011,2015,American Indian/Alaskan Native (includes Hispanic),7.5
4,Arizona,4001,Apache,2011,2015,White (includes Hispanic),5.8
4,Arizona,4001,Apache,2012,2016,Asian/Pacific Islander (includes Hispanic),
4,Arizona,4001,Apache,2012,2016,Black (includes Hispanic),
4,Arizona,4001,Apache,2012,2016,Hispanic (all races),
4,Arizona,4001,Apache,2012,2016,American Indian/Alaskan Native (includes Hispanic),6.1
4,Arizona,4001,Apache,2012,2016,White (includes Hispanic),5.8
4,Arizona,4001,Apache,2013,2017,Asian/Pacific Islander (includes Hispanic),
4,Arizona,4001,Apache,2013,2017,Black (includes Hispanic),
4,Arizona,4001,Apache,2013,2017,Hispanic (all races),
4,Arizona,4001,Apache,2013,2017,American Indian/Alaskan Native (includes Hispanic),6.8
4,Arizona,4001,Apache,2013,2017,White (includes Hispanic),6.1
4,Arizona,4001,Apache,2014,2018,Asian/Pacific Islander (includes Hispanic),
4,Arizona,4001,Apache,2014,2018,Black (includes Hispanic),
4,Arizona,4001,Apache,2014,2018,Hispanic (all races),
4,Arizona,4001,Apache,2014,2018,American Indian/Alaskan Native (includes Hispanic),7.2
4,Arizona,4001,Apache,2014,2018,White (includes Hispanic),6.3
4,Arizona,4001,Apache,2015,2019,Asian/Pacific Islander (includes Hispanic),
4,Arizona,4001,Apache,2015,2019,Black (includes Hispanic),
4,Arizona,4001,Apache,2015,2019,Hispanic (all races),
4,Arizona,4001,Apache,2015,2019,American Indian/Alaskan Native (includes Hispanic),7.7
4,Arizona,4001,Apache,2015,2019,White (includes Hispanic),7.2
4,Arizona,4001,Apache,2016,2020,Asian/Pacific Islander (includes Hispanic),
4,Arizona,4001,Apache,2016,2020,Black (includes Hispanic),
4,Arizona,4001,Apache,2016,2020,Hispanic (all races),
4,Arizona,4001,Apache,2016,2020,American Indian/Alaskan Native (includes Hispanic),6.9
4,Arizona,4001,Apache,2016,2020,White (includes Hispanic),7.2
4,Arizona,4003,Cochise,2011,2015,Asian/Pacific Islander (includes Hispanic),
4,Arizona,4003,Cochise,2011,2015,Black (includes Hispanic),
4,Arizona,4003,Cochise,2011,2015,Hispanic (all races),7.8
4,Arizona,4003,Cochise,2011,2015,American Indian/Alaskan Native (includes Hispanic),
4,Arizona,4003,Cochise,2011,2015,White (includes Hispanic),6.5
4,Arizona,4003,Cochise,2012,2016,Asian/Pacific Islander (includes Hispanic),
4,Arizona,4003,Cochise,2012,2016,Black (includes Hispanic),
4,Arizona,4003,Cochise,2012,2016,Hispanic (all races),7.1
4,Arizona,4003,Cochise,2012,2016,American Indian/Alaskan Native (includes Hispanic),
4,Arizona,4003,Cochise,2012,2016,White (includes Hispanic),6.6
4,Arizona,4003,Cochise,2013,2017,Asian/Pacific Islander (includes Hispanic),
4,Arizona,4003,Cochise,2013,2017,Black (includes Hispanic),
4,Arizona,4003,Cochise,2013,2017,Hispanic (all races),7.0
4,Arizona,4003,Cochise,2013,2017,American Indian/Alaskan Native (includes Hispanic),
4,Arizona,4003,Cochise,2013,2017,White (includes Hispanic),6.8
4,Arizona,4003,Cochise,2014,2018,Asian/Pacific Islander (includes Hispanic),
4,Arizona,4003,Cochise,2014,2018,Black (includes Hispanic),
4,Arizona,4003,Cochise,2014,2018,Hispanic (all races),7.0
4,Arizona,4003,Cochise,2014,2018,American Indian/Alaskan Native (includes Hispanic),
4,Arizona,4003,Cochise,2014,2018,White (includes Hispanic),6.2
4,Arizona,4003,Cochise,2015,2019,Asian/Pacific Islander (includes Hispanic),
4,Arizona,4003,Cochise,2015,2019,Black (includes Hispanic),
4,Arizona,4003,Cochise,2015,2019,Hispanic (all races),7.2
4,Arizona,4003,Cochise,2015,2019,American Indian/Alaskan Native (includes Hispanic),
4,Arizona,4003,Cochise,2015,2019,White (includes Hispanic),6.3
4,Arizona,4003,Cochise,2016,2020,Asian/Pacific Islander (includes Hispanic),
4,Arizona,4003,Cochise,2016,2020,Black (includes Hispanic),
4,Arizona,4003,Cochise,2016,2020,Hispanic (all races),7.1
4,Arizona,4003,Cochise,2016,2020,American Indian/Alaskan Native (includes Hispanic),
4,Arizona,4003,Cochise,2016,2020,White (includes Hispanic),5.7
4,Arizona,4005,Coconino,2011,2015,Asian/Pacific Islander (includes Hispanic),
4,Arizona,4005,Coconino,2011,2015,Black (includes Hispanic),
4,Arizona,4005,Coconino,2011,2015,Hispanic (all races),
4,Arizona,4005,Coconino,2011,2015,American Indian/Alaskan Native (includes Hispanic),
4,Arizona,4005,Coconino,2011,2015,White (includes Hispanic),6.7
4,Arizona,4005,Coconino,2012,2016,Asian/Pacific Islander (includes Hispanic),
4,Arizona,4005,Coconino,2012,2016,Black (includes Hispanic),
4,Arizona,4005,Coconino,2012,2016,Hispanic (all races),9.9
4,Arizona,4005,Coconino,2012,2016,American Indian/Alaskan Native (includes Hispanic),
4,Arizona,4005,Coconino,2012,2016,White (includes Hispanic),7.7
4,Arizona,4005,Coconino,2013,2017,Asian/Pacific Islander (includes Hispanic),
4,Arizona,4005,Coconino,2013,2017,Black (includes Hispanic),
4,Arizona,4005,Coconino,2013,2017,Hispanic (all races),8.7
4,Arizona,4005,Coconino,2013,2017,American Indian/Alaskan Native (includes Hispanic),
4,Arizona,4005,Coconino,2013,2017,White (includes Hispanic),6.9
4,Arizona,4005,Coconino,2014,2018,Asian/Pacific Islander (includes Hispanic),
4,Arizona,4005,Coconino,2014,2018,Black (includes Hispanic),
4,Arizona,4005,Coconino,2014,2018,Hispanic (all races),9.1
4,Arizona,4005,Coconino,2014,2018,American Indian/Alaskan Native (includes Hispanic),6.9
4,Arizona,4005,Coconino,2014,2018,White (includes Hispanic),6.6
4,Arizona,4005,Coconino,2015,2019,Asian/Pacific Islander (includes Hispanic),
4,Arizona,4005,Coconino,2015,2019,Black (includes Hispanic),
4,Arizona,4005,Coconino,2015,2019,Hispanic (all races),10.1
4,Arizona,4005,Coconino,2015,2019,American Indian/Alaskan Native (includes Hispanic),8.0
4,Arizona,4005,Coconino,2015,2019,White (includes Hispanic),6.6
4,Arizona,4005,Coconino,2016,2020,Asian/Pacific Islander (includes Hispanic),
4,Arizona,4005,Coconino,2016,2020,Black (includes Hispanic),
4,Arizona,4005,Coconino,2016,2020,Hispanic (all races),9.1
4,Arizona,4005,Coconino,2016,2020,American Indian/Alaskan Native (includes Hispanic),6.6
4,Arizona,4005,Coconino,2016,2020,White (includes Hispanic),6.6
4,Arizona,4007,Gila,2011,2015,Asian/Pacific Islander (includes Hispanic),4.4
4,Arizona,4007,Gila,2011,2015,Black (includes Hispanic),6.2
4,Arizona,4007,Gila,2011,2015,Hispanic (all races),9.9
4,Arizona,4007,Gila,2011,2015,American Indian/Alaskan Native (includes Hispanic),6.3
4,Arizona,4007,Gila,2011,2015,White (includes Hispanic),6.9
4,Arizona,4007,Gila,2012,2016,Asian/Pacific Islander (includes Hispanic),4.0
4,Arizona,4007,Gila,2012,2016,Black (includes Hispanic),6.3
4,Arizona,4007,Gila,2012,2016,Hispanic (all races),10.2
4,Arizona,4007,Gila,2012,2016,American Indian/Alaskan Native (includes Hispanic),5.8
4,Arizona,4007,Gila,2012,2016,White (includes Hispanic),7.0
4,Arizona,4007,Gila,2013,2017,Asian/Pacific Islander (includes Hispanic),3.8
4,Arizona,4007,Gila,2013,2017,Black (includes Hispanic),6.3
4,Arizona,4007,Gila,2013,2017,Hispanic (all races),9.7
4,Arizona,4007,Gila,2013,2017,American Indian/Alaskan Native (includes Hispanic),4.8
4,Arizona,4007,Gila,2013,2017,White (includes Hispanic),6.8
4,Arizona,4007,Gila,2014,2018,Asian/Pacific Islander (includes Hispanic),3.9
4,Arizona,4007,Gila,2014,2018,Black (includes Hispanic),5.1
4,Arizona,4007,Gila,2014,2018,Hispanic (all races),9.3
4,Arizona,4007,Gila,2014,2018,American Indian/Alaskan Native (includes Hispanic),6.0
4,Arizona,4007,Gila,2014,2018,White (includes Hispanic),6.7
4,Arizona,4007,Gila,2015,2019,Asian/Pacific Islander (includes Hispanic),3.9
4,Arizona,4007,Gila,2015,2019,Black (includes Hispanic),4.9
4,Arizona,4007,Gila,2015,2019,Hispanic (all races),9.1
4,Arizona,4007,Gila,2015,2019,American Indian/Alaskan Native (includes Hispanic),6.4
4,Arizona,4007,Gila,2015,2019,White (includes Hispanic),6.6
4,Arizona,4007,Gila,2016,2020,Asian/Pacific Islander (includes Hispanic),4.5
4,Arizona,4007,Gila,2016,2020,Black (includes Hispanic),4.4
4,Arizona,4007,Gila,2016,2020,Hispanic (all races),8.2
4,Arizona,4007,Gila,2016,2020,American Indian/Alaskan Native (includes Hispanic),5.8
4,Arizona,4007,Gila,2016,2020,White (includes Hispanic),6.3
4,Arizona,4009,Graham,2011,2015,Asian/Pacific Islander (includes Hispanic),
4,Arizona,4009,Graham,2011,2015,Black (includes Hispanic),
4,Arizona,4009,Graham,2011,2015,Hispanic (all races),7.5
4,Arizona,4009,Graham,2011,2015,American Indian/Alaskan Native (includes Hispanic),4.5
4,Arizona,4009,Graham,2011,2015,White (includes Hispanic),6.3
4,Arizona,4009,Graham,2012,2016,Asian/Pacific Islander (includes Hispanic),
4,Arizona,4009,Graham,2012,2016,Black (includes Hispanic),
4,Arizona,4009,Graham,2012,2016,Hispanic (all races),6.9
4,Arizona,4009,Graham,2012,2016,American Indian/Alaskan Native (includes Hispanic),4.7
4,Arizona,4009,Graham,2012,2016,White (includes Hispanic),6.6
4,Arizona,4009,Graham,2013,2017,Asian/Pacific Islander (includes Hispanic),
4,Arizona,4009,Graham,2013,2017,Black (includes Hispanic),
4,Arizona,4009,Graham,2013,2017,Hispanic (all races),7.0
4,Arizona,4009,Graham,2013,2017,American Indian/Alaskan Native (includes Hispanic),4.3
4,Arizona,4009,Graham,2013,2017,White (includes Hispanic),6.8
4,Arizona,4009,Graham,2014,2018,Asian/Pacific Islander (includes Hispanic),
4,Arizona,4009,Graham,2014,2018,Black (includes Hispanic),
4,Arizona,4009,Graham,2014,2018,Hispanic (all races),7.0
4,Arizona,4009,Graham,2014,2018,American Indian/Alaskan Native (includes Hispanic),6.7
4,Arizona,4009,Graham,2014,2018,White (includes Hispanic),6.2
4,Arizona,4009,Graham,2015,2019,Asian/Pacific Islander (includes Hispanic),
4,Arizona,4009,Graham,2015,2019,Black (includes Hispanic),
4,Arizona,4009,Graham,2015,2019,Hispanic (all races),7.5
4,Arizona,4009,Graham,2015,2019,American Indian/Alaskan Native (includes Hispanic),7.6
4,Arizona,4009,Graham,2015,2019,White (includes Hispanic),6.5
4,Arizona,4009,Graham,2016,2020,Asian/Pacific Islander (includes Hispanic),
4,Arizona,4009,Graham,2016,2020,Black (includes Hispanic),
4,Arizona,4009,Graham,2016,2020,Hispanic (all races),7.1
4,Arizona,4009,Graham,2016,2020,American Indian/Alaskan Native (includes Hispanic),7.5
4,Arizona,4009,Graham,2016,2020,White (includes Hispanic),6.1
4,Arizona,4011,Greenlee,2011,2015,Asian/Pacific Islander (includes Hispanic),
4,Arizona,4011,Greenlee,2011,2015,Black (includes Hispanic),
4,Arizona,4011,Greenlee,2011,2015,Hispanic (all races),10.3
4,Arizona,4011,Greenlee,2011,2015,American Indian/Alaskan Native (includes Hispanic),
4,Arizona,4011,Greenlee,2011,2015,White (includes Hispanic),8.2
4,Arizona,4011,Greenlee,2012,2016,Asian/Pacific Islander (includes Hispanic),
4,Arizona,4011,Greenlee,2012,2016,Black (includes Hispanic),
4,Arizona,4011,Greenlee,2012,2016,Hispanic (all races),
4,Arizona,4011,Greenlee,2012,2016,American Indian/Alaskan Native (includes Hispanic),
4,Arizona,4011,Greenlee,2012,2016,White (includes Hispanic),6.8
4,Arizona,4011,Greenlee,2013,2017,Asian/Pacific Islander (includes Hispanic),
4,Arizona,4011,Greenlee,2013,2017,Black (includes Hispanic),
4,Arizona,4011,Greenlee,2013,2017,Hispanic (all races),
4,Arizona,4011,Greenlee,2013,2017,American Indian/Alaskan Native (includes Hispanic),
4,Arizona,4011,Greenlee,2013,2017,White (includes Hispanic),5.6
4,Arizona,4011,Greenlee,2014,2018,Asian/Pacific Islander (includes Hispanic),
4,Arizona,4011,Greenlee,2014,2018,Black (includes Hispanic),
4,Arizona,4011,Greenlee,2014,2018,Hispanic (all races),
4,Arizona,4011,Greenlee,2014,2018,American Indian/Alaskan Native (includes Hispanic),
4,Arizona,4011,Greenlee,2014,2018,White (includes Hispanic),4.7
4,Arizona,4011,Greenlee,2015,2019,Asian/Pacific Islander (includes Hispanic),
4,Arizona,4011,Greenlee,2015,2019,Black (includes Hispanic),
4,Arizona,4011,Greenlee,2015,2019,Hispanic (all races),
4,Arizona,4011,Greenlee,2015,2019,American Indian/Alaskan Native (includes Hispanic),
4,Arizona,4011,Greenlee,2015,2019,White (includes Hispanic),4.6
4,Arizona,4011,Greenlee,2016,2020,Asian/Pacific Islander (includes Hispanic),
4,Arizona,4011,Greenlee,2016,2020,Black (includes Hispanic),
4,Arizona,4011,Greenlee,2016,2020,Hispanic (all races),
4,Arizona,4011,Greenlee,2016,2020,American Indian/Alaskan Native (includes Hispanic),
4,Arizona,4011,Greenlee,2016,2020,White (includes Hispanic),4.2
4,Arizona,4012,La Paz,2011,2015,Asian/Pacific Islander (includes Hispanic),6.0
4,Arizona,4012,La Paz,2011,2015,Black (includes Hispanic),6.9
4,Arizona,4012,La Paz,2011,2015,Hispanic (all races),9.5
4,Arizona,4012,La Paz,2011,2015,American Indian/Alaskan Native (includes Hispanic),5.7
4,Arizona,4012,La Paz,2011,2015,White (includes Hispanic),7.8
4,Arizona,4012,La Paz,2012,2016,Asian/Pacific Islander (includes Hispanic),5.3
4,Arizona,4012,La Paz,2012,2016,Black (includes Hispanic),6.7
4,Arizona,4012,La Paz,2012,2016,Hispanic (all races),9.8
4,Arizona,4012,La Paz,2012,2016,American Indian/Alaskan Native (includes Hispanic),5.8
4,Arizona,4012,La Paz,2012,2016,White (includes Hispanic),7.9
4,Arizona,4012,La Paz,2013,2017,Asian/Pacific Islander (includes Hispanic),5.2
4,Arizona,4012,La Paz,2013,2017,Black (includes Hispanic),6.7
4,Arizona,4012,La Paz,2013,2017,Hispanic (all races),9.3
4,Arizona,4012,La Paz,2013,2017,American Indian/Alaskan Native (includes Hispanic),4.8
4,Arizona,4012,La Paz,2013,2017,White (includes Hispanic),7.8
4,Arizona,4012,La Paz,2014,2018,Asian/Pacific Islander (includes Hispanic),5.4
4,Arizona,4012,La Paz,2014,2018,Black (includes Hispanic),6.2
4,Arizona,4012,La Paz,2014,2018,Hispanic (all races),9.5
4,Arizona,4012,La Paz,2014,2018,American Indian/Alaskan Native (includes Hispanic),5.5
4,Arizona,4012,La Paz,2014,2018,White (includes Hispanic),7.9
4,Arizona,4012,La Paz,2015,2019,Asian/Pacific Islander (includes Hispanic),5.3
4,Arizona,4012,La Paz,2015,2019,Black (includes Hispanic),6.2
4,Arizona,4012,La Paz,2015,2019,Hispanic (all races),9.5
4,Arizona,4012,La Paz,2015,2019,American Indian/Alaskan Native (includes Hispanic),5.1
4,Arizona,4012,La Paz,2015,2019,White (includes Hispanic),7.8
4,Arizona,4012,La Paz,2016,2020,Asian/Pacific Islander (includes Hispanic),5.9
4,Arizona,4012,La Paz,2016,2020,Black (includes Hispanic),5.6
4,Arizona,4012,La Paz,2016,2020,Hispanic (all races),9.0
4,Arizona,4012,La Paz,2016,2020,American Indian/Alaskan Native (includes Hispanic),4.3
4,Arizona,4012,La Paz,2016,2020,White (includes Hispanic),7.6
4,Arizona,4013,Maricopa,2011,2015,Asian/Pacific Islander (includes Hispanic),3.8
4,Arizona,4013,Maricopa,2011,2015,Black (includes Hispanic),5.8
4,Arizona,4013,Maricopa,2011,2015,Hispanic (all races),9.1
4,Arizona,4013,Maricopa,2011,2015,American Indian/Alaskan Native (includes Hispanic),4.7
4,Arizona,4013,Maricopa,2011,2015,White (includes Hispanic),6.7
4,Arizona,4013,Maricopa,2012,2016,Asian/Pacific Islander (includes Hispanic),3.5
4,Arizona,4013,Maricopa,2012,2016,Black (includes Hispanic),5.6
4,Arizona,4013,Maricopa,2012,2016,Hispanic (all races),9.1
4,Arizona,4013,Maricopa,2012,2016,American Indian/Alaskan Native (includes Hispanic),5.5
4,Arizona,4013,Maricopa,2012,2016,White (includes Hispanic),6.8
4,Arizona,4013,Maricopa,2013,2017,Asian/Pacific Islander (includes Hispanic),3.6
4,Arizona,4013,Maricopa,2013,2017,Black (includes Hispanic),5.7
4,Arizona,4013,Maricopa,2013,2017,Hispanic (all races),9.0
4,Arizona,4013,Maricopa,2013,2017,American Indian/Alaskan Native (includes Hispanic),4.8
4,Arizona,4013,Maricopa,2013,2017,White (includes Hispanic),6.9
4,Arizona,4013,Maricopa,2014,2018,Asian/Pacific Islander (includes Hispanic),
4,Arizona,4013,Maricopa,2014,2018,Black (includes Hispanic),4.8
4,Arizona,4013,Maricopa,2014,2018,Hispanic (all races),9.0
4,Arizona,4013,Maricopa,2014,2018,American Indian/Alaskan Native (includes Hispanic),6.0
4,Arizona,4013,Maricopa,2014,2018,White (includes Hispanic),6.8
4,Arizona,4013,Maricopa,2015,2019,Asian/Pacific Islander (includes Hispanic),3.7
4,Arizona,4013,Maricopa,2015,2019,Black (includes Hispanic),4.6
4,Arizona,4013,Maricopa,2015,2019,Hispanic (all races),9.2
4,Arizona,4013,Maricopa,2015,2019,American Indian/Alaskan Native (includes Hispanic),5.9
4,Arizona,4013,Maricopa,2015,2019,White (includes Hispanic),6.8
4,Arizona,4013,Maricopa,2016,2020,Asian/Pacific Islander (includes Hispanic),4.4
4,Arizona,4013,Maricopa,2016,2020,Black (includes Hispanic),4.1
4,Arizona,4013,Maricopa,2016,2020,Hispanic (all races),8.3
4,Arizona,4013,Maricopa,2016,2020,American Indian/Alaskan Native (includes Hispanic),
4,Arizona,4013,Maricopa,2016,2020,White (includes Hispanic),6.4
4,Arizona,4015,Mohave,2011,2015,Asian/Pacific Islander (includes Hispanic),5.9
4,Arizona,4015,Mohave,2011,2015,Black (includes Hispanic),6.3
4,Arizona,4015,Mohave,2011,2015,Hispanic (all races),9.4
4,Arizona,4015,Mohave,2011,2015,American Indian/Alaskan Native (includes Hispanic),
4,Arizona,4015,Mohave,2011,2015,White (includes Hispanic),8.5
4,Arizona,4015,Mohave,2012,2016,Asian/Pacific Islander (includes Hispanic),6.2
4,Arizona,4015,Mohave,2012,2016,Black (includes Hispanic),7.0
4,Arizona,4015,Mohave,2012,2016,Hispanic (all races),10.0
4,Arizona,4015,Mohave,2012,2016,American Indian/Alaskan Native (includes Hispanic),
4,Arizona,4015,Mohave,2012,2016,White (includes Hispanic),9.0
4,Arizona,4015,Mohave,2013,2017,Asian/Pacific Islander (includes Hispanic),6.6
4,Arizona,4015,Mohave,2013,2017,Black (includes Hispanic),7.8
4,Arizona,4015,Mohave,2013,2017,Hispanic (all races),9.3
4,Arizona,4015,Mohave,2013,2017,American Indian/Alaskan Native (includes Hispanic),
4,Arizona,4015,Mohave,2013,2017,White (includes Hispanic),8.8
4,Arizona,4015,Mohave,2014,2018,Asian/Pacific Islander (includes Hispanic),6.8
4,Arizona,4015,Mohave,2014,2018,Black (includes Hispanic),7.8
4,Arizona,4015,Mohave,2014,2018,Hispanic (all races),9.5
4,Arizona,4015,Mohave,2014,2018,American Indian/Alaskan Native (includes Hispanic),
4,Arizona,4015,Mohave,2014,2018,White (includes Hispanic),8.6
4,Arizona,4015,Mohave,2015,2019,Asian/Pacific Islander (includes Hispanic),7.0
4,Arizona,4015,Mohave,2015,2019,Black (includes Hispanic),8.1
4,Arizona,4015,Mohave,2015,2019,Hispanic (all races),9.7
4,Arizona,4015,Mohave,2015,2019,American Indian/Alaskan Native (includes Hispanic),
4,Arizona,4015,Mohave,2015,2019,White (includes Hispanic),8.7
4,Arizona,4015,Mohave,2016,2020,Asian/Pacific Islander (includes Hispanic),7.5
4,Arizona,4015,Mohave,2016,2020,Black (includes Hispanic),8.2
4,Arizona,4015,Mohave,2016,2020,Hispanic (all races),9.4
4,Arizona,4015,Mohave,2016,2020,American Indian/Alaskan Native (includes Hispanic),
4,Arizona,4015,Mohave,2016,2020,White (includes Hispanic),8.5
4,Arizona,4017,Navajo,2011,2015,Asian/Pacific Islander (includes Hispanic),
4,Arizona,4017,Navajo,2011,2015,Black (includes Hispanic),
4,Arizona,4017,Navajo,2011,2015,Hispanic (all races),
4,Arizona,4017,Navajo,2011,2015,American Indian/Alaskan Native (includes Hispanic),6.2
4,Arizona,4017,Navajo,2011,2015,White (includes Hispanic),6.1
4,Arizona,4017,Navajo,2012,2016,Asian/Pacific Islander (includes Hispanic),
4,Arizona,4017,Navajo,2012,2016,Black (includes Hispanic),
4,Arizona,4017,Navajo,2012,2016,Hispanic (all races),
4,Arizona,4017,Navajo,2012,2016,American Indian/Alaskan Native (includes Hispanic),5.6
4,Arizona,4017,Navajo,2012,2016,White (includes Hispanic),6.8
4,Arizona,4017,Navajo,2013,2017,Asian/Pacific Islander (includes Hispanic),
4,Arizona,4017,Navajo,2013,2017,Black (includes Hispanic),
4,Arizona,4017,Navajo,2013,2017,Hispanic (all races),
4,Arizona,4017,Navajo,2013,2017,American Indian/Alaskan Native (includes Hispanic),5.8
4,Arizona,4017,Navajo,2013,2017,White (includes Hispanic),6.4
4,Arizona,4017,Navajo,2014,2018,Asian/Pacific Islander (includes Hispanic),
4,Arizona,4017,Navajo,2014,2018,Black (includes Hispanic),
4,Arizona,4017,Navajo,2014,2018,Hispanic (all races),
4,Arizona,4017,Navajo,2014,2018,American Indian/Alaskan Native (includes Hispanic),7.5
4,Arizona,4017,Navajo,2014,2018,White (includes Hispanic),4.9
4,Arizona,4017,Navajo,2015,2019,Asian/Pacific Islander (includes Hispanic),
4,Arizona,4017,Navajo,2015,2019,Black (includes Hispanic),
4,Arizona,4017,Navajo,2015,2019,Hispanic (all races),
4,Arizona,4017,Navajo,2015,2019,American Indian/Alaskan Native (includes Hispanic),8.8
4,Arizona,4017,Navajo,2015,2019,White (includes Hispanic),5.0
4,Arizona,4017,Navajo,2016,2020,Asian/Pacific Islander (includes Hispanic),
4,Arizona,4017,Navajo,2016,2020,Black (includes Hispanic),
4,Arizona,4017,Navajo,2016,2020,Hispanic (all races),
4,Arizona,4017,Navajo,2016,2020,American Indian/Alaskan Native (includes Hispanic),8.3
4,Arizona,4017,Navajo,2016,2020,White (includes Hispanic),6.3
4,Arizona,4019,Pima,2011,2015,Asian/Pacific Islander (includes Hispanic),3.8
4,Arizona,4019,Pima,2011,2015,Black (includes Hispanic),5.9
4,Arizona,4019,Pima,2011,2015,Hispanic (all races),9.2
4,Arizona,4019,Pima,2011,2015,American Indian/Alaskan Native (includes Hispanic),4.5
4,Arizona,4019,Pima,2011,2015,White (includes Hispanic),6.8
4,Arizona,4019,Pima,2012,2016,Asian/Pacific Islander (includes Hispanic),3.3
4,Arizona,4019,Pima,2012,2016,Black (includes Hispanic),5.7
4,Arizona,4019,Pima,2012,2016,Hispanic (all races),9.1
4,Arizona,4019,Pima,2012,2016,American Indian/Alaskan Native (includes Hispanic),5.2
4,Arizona,4019,Pima,2012,2016,White (includes Hispanic),6.8
4,Arizona,4019,Pima,2013,2017,Asian/Pacific Islander (includes Hispanic),3.8
4,Arizona,4019,Pima,2013,2017,Black (includes Hispanic),5.8
4,Arizona,4019,Pima,2013,2017,Hispanic (all races),8.9
4,Arizona,4019,Pima,2013,2017,American Indian/Alaskan Native (includes Hispanic),4.4
4,Arizona,4019,Pima,2013,2017,White (includes Hispanic),6.8
4,Arizona,4019,Pima,2014,2018,Asian/Pacific Islander (includes Hispanic),3.7
4,Arizona,4019,Pima,2014,2018,Black (includes Hispanic),4.9
4,Arizona,4019,Pima,2014,2018,Hispanic (all races),8.8
4,Arizona,4019,Pima,2014,2018,American Indian/Alaskan Native (includes Hispanic),5.5
4,Arizona,4019,Pima,2014,2018,White (includes Hispanic),6.7
4,Arizona,4019,Pima,2015,2019,Asian/Pacific Islander (includes Hispanic),3.8
4,Arizona,4019,Pima,2015,2019,Black (includes Hispanic),4.7
4,Arizona,4019,Pima,2015,2019,Hispanic (all races),9.0
4,Arizona,4019,Pima,2015,2019,American Indian/Alaskan Native (includes Hispanic),5.3
4,Arizona,4019,Pima,2015,2019,White (includes Hispanic),6.8
4,Arizona,4019,Pima,2016,2020,Asian/Pacific Islander (includes Hispanic),4.5
4,Arizona,4019,Pima,2016,2020,Black (includes Hispanic),4.2
4,Arizona,4019,Pima,2016,2020,Hispanic (all races),8.1
4,Arizona,4019,Pima,2016,2020,American Indian/Alaskan Native (includes Hispanic),5.3
4,Arizona,4019,Pima,2016,2020,White (includes Hispanic),6.3
4,Arizona,4021,Pinal,2011,2015,Asian/Pacific Islander (includes Hispanic),3.8
4,Arizona,4021,Pinal,2011,2015,Black (includes Hispanic),5.9
4,Arizona,4021,Pinal,2011,2015,Hispanic (all races),9.3
4,Arizona,4021,Pinal,2011,2015,American Indian/Alaskan Native (includes Hispanic),4.4
4,Arizona,4021,Pinal,2011,2015,White (includes Hispanic),6.8
4,Arizona,4021,Pinal,2012,2016,Asian/Pacific Islander (includes Hispanic),3.3
4,Arizona,4021,Pinal,2012,2016,Black (includes Hispanic),5.7
4,Arizona,4021,Pinal,2012,2016,Hispanic (all races),9.2
4,Arizona,4021,Pinal,2012,2016,American Indian/Alaskan Native (includes Hispanic),5.0
4,Arizona,4021,Pinal,2012,2016,White (includes Hispanic),6.8
4,Arizona,4021,Pinal,2013,2017,Asian/Pacific Islander (includes Hispanic),3.5
4,Arizona,4021,Pinal,2013,2017,Black (includes Hispanic),5.7
4,Arizona,4021,Pinal,2013,2017,Hispanic (all races),9.0
4,Arizona,4021,Pinal,2013,2017,American Indian/Alaskan Native (includes Hispanic),4.3
4,Arizona,4021,Pinal,2013,2017,White (includes Hispanic),6.8
4,Arizona,4021,Pinal,2014,2018,Asian/Pacific Islander (includes Hispanic),3.6
4,Arizona,4021,Pinal,2014,2018,Black (includes Hispanic),4.8
4,Arizona,4021,Pinal,2014,2018,Hispanic (all races),8.8
4,Arizona,4021,Pinal,2014,2018,American Indian/Alaskan Native (includes Hispanic),5.1
4,Arizona,4021,Pinal,2014,2018,White (includes Hispanic),6.7
4,Arizona,4021,Pinal,2015,2019,Asian/Pacific Islander (includes Hispanic),3.5
4,Arizona,4021,Pinal,2015,2019,Black (includes Hispanic),4.5
4,Arizona,4021,Pinal,2015,2019,Hispanic (all races),8.8
4,Arizona,4021,Pinal,2015,2019,American Indian/Alaskan Native (includes Hispanic),5.0
4,Arizona,4021,Pinal,2015,2019,White (includes Hispanic),6.7
4,Arizona,4021,Pinal,2016,2020,Asian/Pacific Islander (includes Hispanic),4.2
4,Arizona,4021,Pinal,2016,2020,Black (includes Hispanic),4.1
4,Arizona,4021,Pinal,2016,2020,Hispanic (all races),8.0
4,Arizona,4021,Pinal,2016,2020,American Indian/Alaskan Native (includes Hispanic),5.0
4,Arizona,4021,Pinal,2016,2020,White (includes Hispanic),6.2
4,Arizona,4023,Santa Cruz,2011,2015,Asian/Pacific Islander (includes Hispanic),
4,Arizona,4023,Santa Cruz,2011,2015,Black (includes Hispanic),
4,Arizona,4023,Santa Cruz,2011,2015,Hispanic (all races),7.8
4,Arizona,4023,Santa Cruz,2011,2015,American Indian/Alaskan Native (includes Hispanic),
4,Arizona,4023,Santa Cruz,2011,2015,White (includes Hispanic),6.5
4,Arizona,4023,Santa Cruz,2012,2016,Asian/Pacific Islander (includes Hispanic),
4,Arizona,4023,Santa Cruz,2012,2016,Black (includes Hispanic),
4,Arizona,4023,Santa Cruz,2012,2016,Hispanic (all races),7.0
4,Arizona,4023,Santa Cruz,2012,2016,American Indian/Alaskan Native (includes Hispanic),
4,Arizona,4023,Santa Cruz,2012,2016,White (includes Hispanic),6.6
4,Arizona,4023,Santa Cruz,2013,2017,Asian/Pacific Islander (includes Hispanic),
4,Arizona,4023,Santa Cruz,2013,2017,Black (includes Hispanic),
4,Arizona,4023,Santa Cruz,2013,2017,Hispanic (all races),7.0
4,Arizona,4023,Santa Cruz,2013,2017,American Indian/Alaskan Native (includes Hispanic),
4,Arizona,4023,Santa Cruz,2013,2017,White (includes Hispanic),6.8
4,Arizona,4023,Santa Cruz,2014,2018,Asian/Pacific Islander (includes Hispanic),
4,Arizona,4023,Santa Cruz,2014,2018,Black (includes Hispanic),
4,Arizona,4023,Santa Cruz,2014,2018,Hispanic (all races),7.2
4,Arizona,4023,Santa Cruz,2014,2018,American Indian/Alaskan Native (includes Hispanic),
4,Arizona,4023,Santa Cruz,2014,2018,White (includes Hispanic),6.4
4,Arizona,4023,Santa Cruz,2015,2019,Asian/Pacific Islander (includes Hispanic),
4,Arizona,4023,Santa Cruz,2015,2019,Black (includes Hispanic),
4,Arizona,4023,Santa Cruz,2015,2019,Hispanic (all races),7.5
4,Arizona,4023,Santa Cruz,2015,2019,American Indian/Alaskan Native (includes Hispanic),
4,Arizona,4023,Santa Cruz,2015,2019,White (includes Hispanic),6.4
4,Arizona,4023,Santa Cruz,2016,2020,Asian/Pacific Islander (includes Hispanic),
4,Arizona,4023,Santa Cruz,2016,2020,Black (includes Hispanic),
4,Arizona,4023,Santa Cruz,2016,2020,Hispanic (all races),7.2
4,Arizona,4023,Santa Cruz,2016,2020,American Indian/Alaskan Native (includes Hispanic),
4,Arizona,4023,Santa Cruz,2016,2020,White (includes Hispanic),5.8
4,Arizona,4025,Yavapai,2011,2015,Asian/Pacific Islander (includes Hispanic),4.0
4,Arizona,4025,Yavapai,2011,2015,Black (includes Hispanic),6.5
4,Arizona,4025,Yavapai,2011,2015,Hispanic (all races),10.2
4,Arizona,4025,Yavapai,2011,2015,American Indian/Alaskan Native (includes Hispanic),6.0
4,Arizona,4025,Yavapai,2011,2015,White (includes Hispanic),7.1
4,Arizona,4025,Yavapai,2012,2016,Asian/Pacific Islander (includes Hispanic),3.6
4,Arizona,4025,Yavapai,2012,2016,Black (includes Hispanic),6.4
4,Arizona,4025,Yavapai,2012,2016,Hispanic (all races),10.6
4,Arizona,4025,Yavapai,2012,2016,American Indian/Alaskan Native (includes Hispanic),5.6
4,Arizona,4025,Yavapai,2012,2016,White (includes Hispanic),7.1
4,Arizona,4025,Yavapai,2013,2017,Asian/Pacific Islander (includes Hispanic),3.6
4,Arizona,4025,Yavapai,2013,2017,Black (includes Hispanic),6.0
4,Arizona,4025,Yavapai,2013,2017,Hispanic (all races),9.9
4,Arizona,4025,Yavapai,2013,2017,American Indian/Alaskan Native (includes Hispanic),5.3
4,Arizona,4025,Yavapai,2013,2017,White (includes Hispanic),6.9
4,Arizona,4025,Yavapai,2014,2018,Asian/Pacific Islander (includes Hispanic),3.9
4,Arizona,4025,Yavapai,2014,2018,Black (includes Hispanic),4.8
4,Arizona,4025,Yavapai,2014,2018,Hispanic (all races),9.6
4,Arizona,4025,Yavapai,2014,2018,American Indian/Alaskan Native (includes Hispanic),4.9
4,Arizona,4025,Yavapai,2014,2018,White (includes Hispanic),6.8
4,Arizona,4025,Yavapai,2015,2019,Asian/Pacific Islander (includes Hispanic),4.1
4,Arizona,4025,Yavapai,2015,2019,Black (includes Hispanic),4.5
4,Arizona,4025,Yavapai,2015,2019,Hispanic (all races),9.5
4,Arizona,4025,Yavapai,2015,2019,American Indian/Alaskan Native (includes Hispanic),5.3
4,Arizona,4025,Yavapai,2015,2019,White (includes Hispanic),6.8
4,Arizona,4025,Yavapai,2016,2020,Asian/Pacific Islander (includes Hispanic),4.7
4,Arizona,4025,Yavapai,2016,2020,Black (includes Hispanic),3.9
4,Arizona,4025,Yavapai,2016,2020,Hispanic (all races),8.3
4,Arizona,4025,Yavapai,2016,2020,American Indian/Alaskan Native (includes Hispanic),4.9
4,Arizona,4025,Yavapai,2016,2020,White (includes Hispanic),6.3
4,Arizona,4027,Yuma,2011,2015,Asian/Pacific Islander (includes Hispanic),3.7
4,Arizona,4027,Yuma,2011,2015,Black (includes Hispanic),5.9
4,Arizona,4027,Yuma,2011,2015,Hispanic (all races),9.5
4,Arizona,4027,Yuma,2011,2015,American Indian/Alaskan Native (includes Hispanic),4.7
4,Arizona,4027,Yuma,2011,2015,White (includes Hispanic),6.9
4,Arizona,4027,Yuma,2012,2016,Asian/Pacific Islander (includes Hispanic),3.2
4,Arizona,4027,Yuma,2012,2016,Black (includes Hispanic),5.6
4,Arizona,4027,Yuma,2012,2016,Hispanic (all races),9.3
4,Arizona,4027,Yuma,2012,2016,American Indian/Alaskan Native (includes Hispanic),5.4
4,Arizona,4027,Yuma,2012,2016,White (includes Hispanic),6.8
4,Arizona,4027,Yuma,2013,2017,Asian/Pacific Islander (includes Hispanic),3.4
4,Arizona,4027,Yuma,2013,2017,Black (includes Hispanic),5.6
4,Arizona,4027,Yuma,2013,2017,Hispanic (all races),9.1
4,Arizona,4027,Yuma,2013,2017,American Indian/Alaskan Native (includes Hispanic),4.9
4,Arizona,4027,Yuma,2013,2017,White (includes Hispanic),6.9
4,Arizona,4027,Yuma,2014,2018,Asian/Pacific Islander (includes Hispanic),3.5
4,Arizona,4027,Yuma,2014,2018,Black (includes Hispanic),4.7
4,Arizona,4027,Yuma,2014,2018,Hispanic (all races),9.0
4,Arizona,4027,Yuma,2014,2018,American Indian/Alaskan Native (includes Hispanic),5.8
4,Arizona,4027,Yuma,2014,2018,White (includes Hispanic),6.8
4,Arizona,4027,Yuma,2015,2019,Asian/Pacific Islander (includes Hispanic),3.6
4,Arizona,4027,Yuma,2015,2019,Black (includes Hispanic),4.4
4,Arizona,4027,Yuma,2015,2019,Hispanic (all races),9.3
4,Arizona,4027,Yuma,2015,2019,American Indian/Alaskan Native (includes Hispanic),5.6
4,Arizona,4027,Yuma,2015,2019,White (includes Hispanic),6.9
4,Arizona,4027,Yuma,2016,2020,Asian/Pacific Islander (includes Hispanic),4.3
4,Arizona,4027,Yuma,2016,2020,Black (includes Hispanic),3.8
4,Arizona,4027,Yuma,2016,2020,Hispanic (all races),8.4
4,Arizona,4027,Yuma,2016,2020,American Indian/Alaskan Native (includes Hispanic),5.3
4,Arizona,4027,Yuma,2016,2020,White (includes Hispanic),6.4
5,Arkansas,5001,Arkansas,2011,2015,Asian/Pacific Islander (includes Hispanic),
5,Arkansas,5001,Arkansas,2011,2015,Black (includes Hispanic),11.5
5,Arkansas,5001,Arkansas,2011,2015,Hispanic (all races),
5,Arkansas,5001,Arkansas,2011,2015,American Indian/Alaskan Native (includes Hispanic),
5,Arkansas,5001,Arkansas,2011,2015,White (includes Hispanic),10.2
5,Arkansas,5001,Arkansas,2012,2016,Asian/Pacific Islander (includes Hispanic),
5,Arkansas,5001,Arkansas,2012,2016,Black (includes Hispanic),12.0
5,Arkansas,5001,Arkansas,2012,2016,Hispanic (all races),
5,Arkansas,5001,Arkansas,2012,2016,American Indian/Alaskan Native (includes Hispanic),
5,Arkansas,5001,Arkansas,2012,2016,White (includes Hispanic),11.8
5,Arkansas,5001,Arkansas,2013,2017,Asian/Pacific Islander (includes Hispanic),
5,Arkansas,5001,Arkansas,2013,2017,Black (includes Hispanic),11.0
5,Arkansas,5001,Arkansas,2013,2017,Hispanic (all races),
5,Arkansas,5001,Arkansas,2013,2017,American Indian/Alaskan Native (includes Hispanic),
5,Arkansas,5001,Arkansas,2013,2017,White (includes Hispanic),10.8
5,Arkansas,5001,Arkansas,2014,2018,Asian/Pacific Islander (includes Hispanic),
5,Arkansas,5001,Arkansas,2014,2018,Black (includes Hispanic),10.3
5,Arkansas,5001,Arkansas,2014,2018,Hispanic (all races),
5,Arkansas,5001,Arkansas,2014,2018,American Indian/Alaskan Native (includes Hispanic),
5,Arkansas,5001,Arkansas,2014,2018,White (includes Hispanic),9.6
5,Arkansas,5001,Arkansas,2015,2019,Asian/Pacific Islander (includes Hispanic),
5,Arkansas,5001,Arkansas,2015,2019,Black (includes Hispanic),
5,Arkansas,5001,Arkansas,2015,2019,Hispanic (all races),
5,Arkansas,5001,Arkansas,2015,2019,American Indian/Alaskan Native (includes Hispanic),
5,Arkansas,5001,Arkansas,2015,2019,White (includes Hispanic),10.4
5,Arkansas,5001,Arkansas,2016,2020,Asian/Pacific Islander (includes Hispanic),
5,Arkansas,5001,Arkansas,2016,2020,Black (includes Hispanic),
5,Arkansas,5001,Arkansas,2016,2020,Hispanic (all races),
5,Arkansas,5001,Arkansas,2016,2020,American Indian/Alaskan Native (includes Hispanic),
5,Arkansas,5001,Arkansas,2016,2020,White (includes Hispanic),8.1
5,Arkansas,5003,Ashley,2011,2015,Asian/Pacific Islander (includes Hispanic),
5,Arkansas,5003,Ashley,2011,2015,Black (includes Hispanic),13.5
5,Arkansas,5003,Ashley,2011,2015,Hispanic (all races),
5,Arkansas,5003,Ashley,2011,2015,American Indian/Alaskan Native (includes Hispanic),
5,Arkansas,5003,Ashley,2011,2015,White (includes Hispanic),9.6
5,Arkansas,5003,Ashley,2012,2016,Asian/Pacific Islander (includes Hispanic),
5,Arkansas,5003,Ashley,2012,2016,Black (includes Hispanic),
5,Arkansas,5003,Ashley,2012,2016,Hispanic (all races),
5,Arkansas,5003,Ashley,2012,2016,American Indian/Alaskan Native (includes Hispanic),
5,Arkansas,5003,Ashley,2012,2016,White (includes Hispanic),10.4
5,Arkansas,5003,Ashley,2013,2017,Asian/Pacific Islander (includes Hispanic),
5,Arkansas,5003,Ashley,2013,2017,Black (includes Hispanic),
5,Arkansas,5003,Ashley,2013,2017,Hispanic (all races),
5,Arkansas,5003,Ashley,2013,2017,American Indian/Alaskan Native (includes Hispanic),
5,Arkansas,5003,Ashley,2013,2017,White (includes Hispanic),9.9
5,Arkansas,5003,Ashley,2014,2018,Asian/Pacific Islander (includes Hispanic),
5,Arkansas,5003,Ashley,2014,2018,Black (includes Hispanic),
5,Arkansas,5003,Ashley,2014,2018,Hispanic (all races),
5,Arkansas,5003,Ashley,2014,2018,American Indian/Alaskan Native (includes Hispanic),
5,Arkansas,5003,Ashley,2014,2018,White (includes Hispanic),12.3
5,Arkansas,5003,Ashley,2015,2019,Asian/Pacific Islander (includes Hispanic),
5,Arkansas,5003,Ashley,2015,2019,Black (includes Hispanic),
5,Arkansas,5003,Ashley,2015,2019,Hispanic (all races),
5,Arkansas,5003,Ashley,2015,2019,American Indian/Alaskan Native (includes Hispanic),
5,Arkansas,5003,Ashley,2015,2019,White (includes Hispanic),11.6
5,Arkansas,5003,Ashley,2016,2020,Asian/Pacific Islander (includes Hispanic),
5,Arkansas,5003,Ashley,2016,2020,Black (includes Hispanic),
5,Arkansas,5003,Ashley,2016,2020,Hispanic (all races),
5,Arkansas,5003,Ashley,2016,2020,American Indian/Alaskan Native (includes Hispanic),
5,Arkansas,5003,Ashley,2016,2020,White (includes Hispanic),8.5
5,Arkansas,5005,Baxter,2011,2015,Asian/Pacific Islander (includes Hispanic),
5,Arkansas,5005,Baxter,2011,2015,Black (includes Hispanic),
5,Arkansas,5005,Baxter,2011,2015,Hispanic (all races),
5,Arkansas,5005,Baxter,2011,2015,American Indian/Alaskan Native (includes Hispanic),
5,Arkansas,5005,Baxter,2011,2015,White (includes Hispanic),9.4
5,Arkansas,5005,Baxter,2012,2016,Asian/Pacific Islander (includes Hispanic),
5,Arkansas,5005,Baxter,2012,2016,Black (includes Hispanic),
5,Arkansas,5005,Baxter,2012,2016,Hispanic (all races),
5,Arkansas,5005,Baxter,2012,2016,American Indian/Alaskan Native (includes Hispanic),
5,Arkansas,5005,Baxter,2012,2016,White (includes Hispanic),8.9
5,Arkansas,5005,Baxter,2013,2017,Asian/Pacific Islander (includes Hispanic),
5,Arkansas,5005,Baxter,2013,2017,Black (includes Hispanic),
5,Arkansas,5005,Baxter,2013,2017,Hispanic (all races),
5,Arkansas,5005,Baxter,2013,2017,American Indian/Alaskan Native (includes Hispanic),
5,Arkansas,5005,Baxter,2013,2017,White (includes Hispanic),7.3
5,Arkansas,5005,Baxter,2014,2018,Asian/Pacific Islander (includes Hispanic),
5,Arkansas,5005,Baxter,2014,2018,Black (includes Hispanic),
5,Arkansas,5005,Baxter,2014,2018,Hispanic (all races),
5,Arkansas,5005,Baxter,2014,2018,American Indian/Alaskan Native (includes Hispanic),
5,Arkansas,5005,Baxter,2014,2018,White (includes Hispanic),7.4
5,Arkansas,5005,Baxter,2015,2019,Asian/Pacific Islander (includes Hispanic),
5,Arkansas,5005,Baxter,2015,2019,Black (includes Hispanic),
5,Arkansas,5005,Baxter,2015,2019,Hispanic (all races),
5,Arkansas,5005,Baxter,2015,2019,American Indian/Alaskan Native (includes Hispanic),
5,Arkansas,5005,Baxter,2015,2019,White (includes Hispanic),
5,Arkansas,5005,Baxter,2016,2020,Asian/Pacific Islander (includes Hispanic),
5,Arkansas,5005,Baxter,2016,2020,Black (includes Hispanic),
5,Arkansas,5005,Baxter,2016,2020,Hispanic (all races),
5,Arkansas,5005,Baxter,2016,2020,American Indian/Alaskan Native (includes Hispanic),
5,Arkansas,5005,Baxter,2016,2020,White (includes Hispanic),
5,Arkansas,5007,Benton,2011,2015,Asian/Pacific Islander (includes Hispanic),
5,Arkansas,5007,Benton,2011,2015,Black (includes Hispanic),
5,Arkansas,5007,Benton,2011,2015,Hispanic (all races),
5,Arkansas,5007,Benton,2011,2015,American Indian/Alaskan Native (includes Hispanic),
5,Arkansas,5007,Benton,2011,2015,White (includes Hispanic),7.4
5,Arkansas,5007,Benton,2012,2016,Asian/Pacific Islander (includes Hispanic),
5,Arkansas,5007,Benton,2012,2016,Black (includes Hispanic),
5,Arkansas,5007,Benton,2012,2016,Hispanic (all races),
5,Arkansas,5007,Benton,2012,2016,American Indian/Alaskan Native (includes Hispanic),
5,Arkansas,5007,Benton,2012,2016,White (includes Hispanic),6.7
5,Arkansas,5007,Benton,2013,2017,Asian/Pacific Islander (includes Hispanic),
5,Arkansas,5007,Benton,2013,2017,Black (includes Hispanic),
5,Arkansas,5007,Benton,2013,2017,Hispanic (all races),
5,Arkansas,5007,Benton,2013,2017,American Indian/Alaskan Native (includes Hispanic),
5,Arkansas,5007,Benton,2013,2017,White (includes Hispanic),6.9
5,Arkansas,5007,Benton,2014,2018,Asian/Pacific Islander (includes Hispanic),
5,Arkansas,5007,Benton,2014,2018,Black (includes Hispanic),
5,Arkansas,5007,Benton,2014,2018,Hispanic (all races),
5,Arkansas,5007,Benton,2014,2018,American Indian/Alaskan Native (includes Hispanic),
5,Arkansas,5007,Benton,2014,2018,White (includes Hispanic),6.5
5,Arkansas,5007,Benton,2015,2019,Asian/Pacific Islander (includes Hispanic),
5,Arkansas,5007,Benton,2015,2019,Black (includes Hispanic),
5,Arkansas,5007,Benton,2015,2019,Hispanic (all races),
5,Arkansas,5007,Benton,2015,2019,American Indian/Alaskan Native (includes Hispanic),
5,Arkansas,5007,Benton,2015,2019,White (includes Hispanic),7.0
5,Arkansas,5007,Benton,2016,2020,Asian/Pacific Islander (includes Hispanic),
5,Arkansas,5007,Benton,2016,2020,Black (includes Hispanic),
5,Arkansas,5007,Benton,2016,2020,Hispanic (all races),
5,Arkansas,5007,Benton,2016,2020,American Indian/Alaskan Native (includes Hispanic),
5,Arkansas,5007,Benton,2016,2020,White (includes Hispanic),6.7
5,Arkansas,5009,Boone,2011,2015,Asian/Pacific Islander (includes Hispanic),
5,Arkansas,5009,Boone,2011,2015,Black (includes Hispanic),
5,Arkansas,5009,Boone,2011,2015,Hispanic (all races),
5,Arkansas,5009,Boone,2011,2015,American Indian/Alaskan Native (includes Hispanic),
5,Arkansas,5009,Boone,2011,2015,White (includes Hispanic),8.4
5,Arkansas,5009,Boone,2012,2016,Asian/Pacific Islander (includes Hispanic),
5,Arkansas,5009,Boone,2012,2016,Black (includes Hispanic),
5,Arkansas,5009,Boone,2012,2016,Hispanic (all races),
5,Arkansas,5009,Boone,2012,2016,American Indian/Alaskan Native (includes Hispanic),
5,Arkansas,5009,Boone,2012,2016,White (includes Hispanic),8.4
5,Arkansas,5009,Boone,2013,2017,Asian/Pacific Islander (includes Hispanic),
5,Arkansas,5009,Boone,2013,2017,Black (includes Hispanic),
5,Arkansas,5009,Boone,2013,2017,Hispanic (all races),
5,Arkansas,5009,Boone,2013,2017,American Indian/Alaskan Native (includes Hispanic),
5,Arkansas,5009,Boone,2013,2017,White (includes Hispanic),7.8
5,Arkansas,5009,Boone,2014,2018,Asian/Pacific Islander (includes Hispanic),
5,Arkansas,5009,Boone,2014,2018,Black (includes Hispanic),
5,Arkansas,5009,Boone,2014,2018,Hispanic (all races),
5,Arkansas,5009,Boone,2014,2018,American Indian/Alaskan Native (includes Hispanic),
5,Arkansas,5009,Boone,2014,2018,White (includes Hispanic),7.5
5,Arkansas,5009,Boone,2015,2019,Asian/Pacific Islander (includes Hispanic),
5,Arkansas,5009,Boone,2015,2019,Black (includes Hispanic),
5,Arkansas,5009,Boone,2015,2019,Hispanic (all races),
5,Arkansas,5009,Boone,2015,2019,American Indian/Alaskan Native (includes Hispanic),
5,Arkansas,5009,Boone,2015,2019,White (includes Hispanic),8.2
5,Arkansas,5009,Boone,2016,2020,Asian/Pacific Islander (includes Hispanic),
5,Arkansas,5009,Boone,2016,2020,Black (includes Hispanic),
5,Arkansas,5009,Boone,2016,2020,Hispanic (all races),
5,Arkansas,5009,Boone,2016,2020,American Indian/Alaskan Native (includes Hispanic),
5,Arkansas,5009,Boone,2016,2020,White (includes Hispanic),5.7
5,Arkansas,5011,Bradley,2011,2015,Asian/Pacific Islander (includes Hispanic),
5,Arkansas,5011,Bradley,2011,2015,Black (includes Hispanic),
5,Arkansas,5011,Bradley,2011,2015,Hispanic (all races),
5,Arkansas,5011,Bradley,2011,2015,American Indian/Alaskan Native (includes Hispanic),
5,Arkansas,5011,Bradley,2011,2015,White (includes Hispanic),8.8
5,Arkansas,5011,Bradley,2012,2016,Asian/Pacific Islander (includes Hispanic),
5,Arkansas,5011,Bradley,2012,2016,Black (includes Hispanic),
5,Arkansas,5011,Bradley,2012,2016,Hispanic (all races),
5,Arkansas,5011,Bradley,2012,2016,American Indian/Alaskan Native (includes Hispanic),
5,Arkansas,5011,Bradley,2012,2016,White (includes Hispanic),9.1
5,Arkansas,5011,Bradley,2013,2017,Asian/Pacific Islander (includes Hispanic),
5,Arkansas,5011,Bradley,2013,2017,Black (includes Hispanic),
5,Arkansas,5011,Bradley,2013,2017,Hispanic (all races),
5,Arkansas,5011,Bradley,2013,2017,American Indian/Alaskan Native (includes Hispanic),
5,Arkansas,5011,Bradley,2013,2017,White (includes Hispanic),
5,Arkansas,5011,Bradley,2014,2018,Asian/Pacific Islander (includes Hispanic),
5,Arkansas,5011,Bradley,2014,2018,Black (includes Hispanic),
5,Arkansas,5011,Bradley,2014,2018,Hispanic (all races),
5,Arkansas,5011,Bradley,2014,2018,American Indian/Alaskan Native (includes Hispanic),
5,Arkansas,5011,Bradley,2014,2018,White (includes Hispanic),
5,Arkansas,5011,Bradley,2015,2019,Asian/Pacific Islander (includes Hispanic),
5,Arkansas,5011,Bradley,2015,2019,Black (includes Hispanic),
5,Arkansas,5011,Bradley,2015,2019,Hispanic (all races),
5,Arkansas,5011,Bradley,2015,2019,American Indian/Alaskan Native (includes Hispanic),
5,Arkansas,5011,Bradley,2015,2019,White (includes Hispanic),
5,Arkansas,5011,Bradley,2016,2020,Asian/Pacific Islander (includes Hispanic),
5,Arkansas,5011,Bradley,2016,2020,Black (includes Hispanic),
5,Arkansas,5011,Bradley,2016,2020,Hispanic (all races),
5,Arkansas,5011,Bradley,2016,2020,American Indian/Alaskan Native (includes Hispanic),
5,Arkansas,5011,Bradley,2016,2020,White (includes Hispanic),
5,Arkansas,5013,Calhoun,2011,2015,Asian/Pacific Islander (includes Hispanic),
5,Arkansas,5013,Calhoun,2011,2015,Black (includes Hispanic),
5,Arkansas,5013,Calhoun,2011,2015,Hispanic (all races),
5,Arkansas,5013,Calhoun,2011,2015,American Indian/Alaskan Native (includes Hispanic),
5,Arkansas,5013,Calhoun,2011,2015,White (includes Hispanic),
5,Arkansas,5013,Calhoun,2012,2016,Asian/Pacific Islander (includes Hispanic),
5,Arkansas,5013,Calhoun,2012,2016,Black (includes Hispanic),
5,Arkansas,5013,Calhoun,2012,2016,Hispanic (all races),
5,Arkansas,5013,Calhoun,2012,2016,American Indian/Alaskan Native (includes Hispanic),
5,Arkansas,5013,Calhoun,2012,2016,White (includes Hispanic),11.3
5,Arkansas,5013,Calhoun,2013,2017,Asian/Pacific Islander (includes Hispanic),
5,Arkansas,5013,Calhoun,2013,2017,Black (includes Hispanic),
5,Arkansas,5013,Calhoun,2013,2017,Hispanic (all races),
5,Arkansas,5013,Calhoun,2013,2017,American Indian/Alaskan Native (includes Hispanic),
5,Arkansas,5013,Calhoun,2013,2017,White (includes Hispanic),10.0
5,Arkansas,5013,Calhoun,2014,2018,Asian/Pacific Islander (includes Hispanic),
5,Arkansas,5013,Calhoun,2014,2018,Black (includes Hispanic),
5,Arkansas,5013,Calhoun,2014,2018,Hispanic (all races),
5,Arkansas,5013,Calhoun,2014,2018,American Indian/Alaskan Native (includes Hispanic),
5,Arkansas,5013,Calhoun,2014,2018,White (includes Hispanic),10.3
5,Arkansas,5013,Calhoun,2015,2019,Asian/Pacific Islander (includes Hispanic),
5,Arkansas,5013,Calhoun,2015,2019,Black (includes Hispanic),
5,Arkansas,5013,Calhoun,2015,2019,Hispanic (all races),
5,Arkansas,5013,Calhoun,2015,2019,American Indian/Alaskan Native (includes Hispanic),
5,Arkansas,5013,Calhoun,2015,2019,White (includes Hispanic),11.1
5,Arkansas,5013,Calhoun,2016,2020,Asian/Pacific Islander (includes Hispanic),
5,Arkansas,5013,Calhoun,2016,2020,Black (includes Hispanic),
5,Arkansas,5013,Calhoun,2016,2020,Hispanic (all races),
5,Arkansas,5013,Calhoun,2016,2020,American Indian/Alaskan Native (includes Hispanic),
5,Arkansas,5013,Calhoun,2016,2020,White (includes Hispanic),11.7
5,Arkansas,5015,Carroll,2011,2015,Asian/Pacific Islander (includes Hispanic),
5,Arkansas,5015,Carroll,2011,2015,Black (includes Hispanic),
5,Arkansas,5015,Carroll,2011,2015,Hispanic (all races),
5,Arkansas,5015,Carroll,2011,2015,American Indian/Alaskan Native (includes Hispanic),
5,Arkansas,5015,Carroll,2011,2015,White (includes Hispanic),7.2
5,Arkansas,5015,Carroll,2012,2016,Asian/Pacific Islander (includes Hispanic),
5,Arkansas,5015,Carroll,2012,2016,Black (includes Hispanic),
5,Arkansas,5015,Carroll,2012,2016,Hispanic (all races),
5,Arkansas,5015,Carroll,2012,2016,American Indian/Alaskan Native (includes Hispanic),
5,Arkansas,5015,Carroll,2012,2016,White (includes Hispanic),6.5
5,Arkansas,5015,Carroll,2013,2017,Asian/Pacific Islander (includes Hispanic),
5,Arkansas,5015,Carroll,2013,2017,Black (includes Hispanic),
5,Arkansas,5015,Carroll,2013,2017,Hispanic (all races),
5,Arkansas,5015,Carroll,2013,2017,American Indian/Alaskan Native (includes Hispanic),
5,Arkansas,5015,Carroll,2013,2017,White (includes Hispanic),7.1
5,Arkansas,5015,Carroll,2014,2018,Asian/Pacific Islander (includes Hispanic),
5,Arkansas,5015,Carroll,2014,2018,Black (includes Hispanic),
5,Arkansas,5015,Carroll,2014,2018,Hispanic (all races),
5,Arkansas,5015,Carroll,2014,2018,American Indian/Alaskan Native (includes Hispanic),
5,Arkansas,5015,Carroll,2014,2018,White (includes Hispanic),7.2
5,Arkansas,5015,Carroll,2015,2019,Asian/Pacific Islander (includes Hispanic),
5,Arkansas,5015,Carroll,2015,2019,Black (includes Hispanic),
5,Arkansas,5015,Carroll,2015,2019,Hispanic (all races),
5,Arkansas,5015,Carroll,2015,2019,American Indian/Alaskan Native (includes Hispanic),
5,Arkansas,5015,Carroll,2015,2019,White (includes Hispanic),8.1
5,Arkansas,5015,Carroll,2016,2020,Asian/Pacific Islander (includes Hispanic),
5,Arkansas,5015,Carroll,2016,2020,Black (includes Hispanic),
5,Arkansas,5015,Carroll,2016,2020,Hispanic (all races),
5,Arkansas,5015,Carroll,2016,2020,American Indian/Alaskan Native (includes Hispanic),
5,Arkansas,5015,Carroll,2016,2020,White (includes Hispanic),7.2
5,Arkansas,5017,Chicot,2011,2015,Asian/Pacific Islander (includes Hispanic),
5,Arkansas,5017,Chicot,2011,2015,Black (includes Hispanic),13.3
5,Arkansas,5017,Chicot,2011,2015,Hispanic (all races),
5,Arkansas,5017,Chicot,2011,2015,American Indian/Alaskan Native (includes Hispanic),
5,Arkansas,5017,Chicot,2011,2015,White (includes Hispanic),7.2
5,Arkansas,5017,Chicot,2012,2016,Asian/Pacific Islander (includes Hispanic),
5,Arkansas,5017,Chicot,2012,2016,Black (includes Hispanic),12.0
5,Arkansas,5017,Chicot,2012,2016,Hispanic (all races),
5,Arkansas,5017,Chicot,2012,2016,American Indian/Alaskan Native (includes Hispanic),
5,Arkansas,5017,Chicot,2012,2016,White (includes Hispanic),
5,Arkansas,5017,Chicot,2013,2017,Asian/Pacific Islander (includes Hispanic),
5,Arkansas,5017,Chicot,2013,2017,Black (includes Hispanic),11.4
5,Arkansas,5017,Chicot,2013,2017,Hispanic (all races),
5,Arkansas,5017,Chicot,2013,2017,American Indian/Alaskan Native (includes Hispanic),
5,Arkansas,5017,Chicot,2013,2017,White (includes Hispanic),8.9
5,Arkansas,5017,Chicot,2014,2018,Asian/Pacific Islander (includes Hispanic),
5,Arkansas,5017,Chicot,2014,2018,Black (includes Hispanic),11.3
5,Arkansas,5017,Chicot,2014,2018,Hispanic (all races),
5,Arkansas,5017,Chicot,2014,2018,American Indian/Alaskan Native (includes Hispanic),
5,Arkansas,5017,Chicot,2014,2018,White (includes Hispanic),10.8
5,Arkansas,5017,Chicot,2015,2019,Asian/Pacific Islander (includes Hispanic),
5,Arkansas,5017,Chicot,2015,2019,Black (includes Hispanic),9.9
5,Arkansas,5017,Chicot,2015,2019,Hispanic (all races),
5,Arkansas,5017,Chicot,2015,2019,American Indian/Alaskan Native (includes Hispanic),
5,Arkansas,5017,Chicot,2015,2019,White (includes Hispanic),11.1
5,Arkansas,5017,Chicot,2016,2020,Asian/Pacific Islander (includes Hispanic),
5,Arkansas,5017,Chicot,2016,2020,Black (includes Hispanic),9.1
5,Arkansas,5017,Chicot,2016,2020,Hispanic (all races),
5,Arkansas,5017,Chicot,2016,2020,American Indian/Alaskan Native (includes Hispanic),
5,Arkansas,5017,Chicot,2016,2020,White (includes Hispanic),9.3
5,Arkansas,5019,Clark,2011,2015,Asian/Pacific Islander (includes Hispanic),
5,Arkansas,5019,Clark,2011,2015,Black (includes Hispanic),
5,Arkansas,5019,Clark,2011,2015,Hispanic (all races),
5,Arkansas,5019,Clark,2011,2015,American Indian/Alaskan Native (includes Hispanic),
5,Arkansas,5019,Clark,2011,2015,White (includes Hispanic),9.8
5,Arkansas,5019,Clark,2012,2016,Asian/Pacific Islander (includes Hispanic),
5,Arkansas,5019,Clark,2012,2016,Black (includes Hispanic),
5,Arkansas,5019,Clark,2012,2016,Hispanic (all races),
5,Arkansas,5019,Clark,2012,2016,American Indian/Alaskan Native (includes Hispanic),
5,Arkansas,5019,Clark,2012,2016,White (includes Hispanic),11.0
5,Arkansas,5019,Clark,2013,2017,Asian/Pacific Islander (includes Hispanic),
5,Arkansas,5019,Clark,2013,2017,Black (includes Hispanic),
5,Arkansas,5019,Clark,2013,2017,Hispanic (all races),
5,Arkansas,5019,Clark,2013,2017,American Indian/Alaskan Native (includes Hispanic),
5,Arkansas,5019,Clark,2013,2017,White (includes Hispanic),11.7
5,Arkansas,5019,Clark,2014,2018,Asian/Pacific Islander (includes Hispanic),
5,Arkansas,5019,Clark,2014,2018,Black (includes Hispanic),
5,Arkansas,5019,Clark,2014,2018,Hispanic (all races),
5,Arkansas,5019,Clark,2014,2018,American Indian/Alaskan Native (includes Hispanic),
5,Arkansas,5019,Clark,2014,2018,White (includes Hispanic),14.8
5,Arkansas,5019,Clark,2015,2019,Asian/Pacific Islander (includes Hispanic),
5,Arkansas,5019,Clark,2015,2019,Black (includes Hispanic),
5,Arkansas,5019,Clark,2015,2019,Hispanic (all races),
5,Arkansas,5019,Clark,2015,2019,American Indian/Alaskan Native (includes Hispanic),
5,Arkansas,5019,Clark,2015,2019,White (includes Hispanic),15.6
5,Arkansas,5019,Clark,2016,2020,Asian/Pacific Islander (includes Hispanic),
5,Arkansas,5019,Clark,2016,2020,Black (includes Hispanic),
5,Arkansas,5019,Clark,2016,2020,Hispanic (all races),
5,Arkansas,5019,Clark,2016,2020,American Indian/Alaskan Native (includes Hispanic),
5,Arkansas,5019,Clark,2016,2020,White (includes Hispanic),13.2
5,Arkansas,5021,Clay,2011,2015,Asian/Pacific Islander (includes Hispanic),
5,Arkansas,5021,Clay,2011,2015,Black (includes Hispanic),
5,Arkansas,5021,Clay,2011,2015,Hispanic (all races),
5,Arkansas,5021,Clay,2011,2015,American Indian/Alaskan Native (includes Hispanic),
5,Arkansas,5021,Clay,2011,2015,White (includes Hispanic),13.0
5,Arkansas,5021,Clay,2012,2016,Asian/Pacific Islander (includes Hispanic),
5,Arkansas,5021,Clay,2012,2016,Black (includes Hispanic),
5,Arkansas,5021,Clay,2012,2016,Hispanic (all races),
5,Arkansas,5021,Clay,2012,2016,American Indian/Alaskan Native (includes Hispanic),
5,Arkansas,5021,Clay,2012,2016,White (includes Hispanic),13.4
5,Arkansas,5021,Clay,2013,2017,Asian/Pacific Islander (includes Hispanic),
5,Arkansas,5021,Clay,2013,2017,Black (includes Hispanic),
5,Arkansas,5021,Clay,2013,2017,Hispanic (all races),
5,Arkansas,5021,Clay,2013,2017,American Indian/Alaskan Native (includes Hispanic),
5,Arkansas,5021,Clay,2013,2017,White (includes Hispanic),10.9
5,Arkansas,5021,Clay,2014,2018,Asian/Pacific Islander (includes Hispanic),
5,Arkansas,5021,Clay,2014,2018,Black (includes Hispanic),
5,Arkansas,5021,Clay,2014,2018,Hispanic (all races),
5,Arkansas,5021,Clay,2014,2018,American Indian/Alaskan Native (includes Hispanic),
5,Arkansas,5021,Clay,2014,2018,White (includes Hispanic),8.9
5,Arkansas,5021,Clay,2015,2019,Asian/Pacific Islander (includes Hispanic),
5,Arkansas,5021,Clay,2015,2019,Black (includes Hispanic),
5,Arkansas,5021,Clay,2015,2019,Hispanic (all races),
5,Arkansas,5021,Clay,2015,2019,American Indian/Alaskan Native (includes Hispanic),
5,Arkansas,5021,Clay,2015,2019,White (includes Hispanic),6.8
5,Arkansas,5021,Clay,2016,2020,Asian/Pacific Islander (includes Hispanic),
5,Arkansas,5021,Clay,2016,2020,Black (includes Hispanic),
5,Arkansas,5021,Clay,2016,2020,Hispanic (all races),
5,Arkansas,5021,Clay,2016,2020,American Indian/Alaskan Native (includes Hispanic),
5,Arkansas,5021,Clay,2016,2020,White (includes Hispanic),8.1
5,Arkansas,5023,Cleburne,2011,2015,Asian/Pacific Islander (includes Hispanic),
5,Arkansas,5023,Cleburne,2011,2015,Black (includes Hispanic),
5,Arkansas,5023,Cleburne,2011,2015,Hispanic (all races),
5,Arkansas,5023,Cleburne,2011,2015,American Indian/Alaskan Native (includes Hispanic),
5,Arkansas,5023,Cleburne,2011,2015,White (includes Hispanic),7.1
5,Arkansas,5023,Cleburne,2012,2016,Asian/Pacific Islander (includes Hispanic),
5,Arkansas,5023,Cleburne,2012,2016,Black (includes Hispanic),
5,Arkansas,5023,Cleburne,2012,2016,Hispanic (all races),
5,Arkansas,5023,Cleburne,2012,2016,American Indian/Alaskan Native (includes Hispanic),
5,Arkansas,5023,Cleburne,2012,2016,White (includes Hispanic),8.7
5,Arkansas,5023,Cleburne,2013,2017,Asian/Pacific Islander (includes Hispanic),
5,Arkansas,5023,Cleburne,2013,2017,Black (includes Hispanic),
5,Arkansas,5023,Cleburne,2013,2017,Hispanic (all races),
5,Arkansas,5023,Cleburne,2013,2017,American Indian/Alaskan Native (includes Hispanic),
5,Arkansas,5023,Cleburne,2013,2017,White (includes Hispanic),8.4
5,Arkansas,5023,Cleburne,2014,2018,Asian/Pacific Islander (includes Hispanic),
5,Arkansas,5023,Cleburne,2014,2018,Black (includes Hispanic),
5,Arkansas,5023,Cleburne,2014,2018,Hispanic (all races),
5,Arkansas,5023,Cleburne,2014,2018,American Indian/Alaskan Native (includes Hispanic),
5,Arkansas,5023,Cleburne,2014,2018,White (includes Hispanic),8.8
5,Arkansas,5023,Cleburne,2015,2019,Asian/Pacific Islander (includes Hispanic),
5,Arkansas,5023,Cleburne,2015,2019,Black (includes Hispanic),
5,Arkansas,5023,Cleburne,2015,2019,Hispanic (all races),
5,Arkansas,5023,Cleburne,2015,2019,American Indian/Alaskan Native (includes Hispanic),
5,Arkansas,5023,Cleburne,2015,2019,White (includes Hispanic),8.9
5,Arkansas,5023,Cleburne,2016,2020,Asian/Pacific Islander (includes Hispanic),
5,Arkansas,5023,Cleburne,2016,2020,Black (includes Hispanic),
5,Arkansas,5023,Cleburne,2016,2020,Hispanic (all races),
5,Arkansas,5023,Cleburne,2016,2020,American Indian/Alaskan Native (includes Hispanic),
5,Arkansas,5023,Cleburne,2016,2020,White (includes Hispanic),8.6
5,Arkansas,5025,Cleveland,2011,2015,Asian/Pacific Islander (includes Hispanic),
5,Arkansas,5025,Cleveland,2011,2015,Black (includes Hispanic),14.6
5,Arkansas,5025,Cleveland,2011,2015,Hispanic (all races),
5,Arkansas,5025,Cleveland,2011,2015,American Indian/Alaskan Native (includes Hispanic),
5,Arkansas,5025,Cleveland,2011,2015,White (includes Hispanic),10.0
5,Arkansas,5025,Cleveland,2012,2016,Asian/Pacific Islander (includes Hispanic),
5,Arkansas,5025,Cleveland,2012,2016,Black (includes Hispanic),14.3
5,Arkansas,5025,Cleveland,2012,2016,Hispanic (all races),
5,Arkansas,5025,Cleveland,2012,2016,American Indian/Alaskan Native (includes Hispanic),
5,Arkansas,5025,Cleveland,2012,2016,White (includes Hispanic),11.5
5,Arkansas,5025,Cleveland,2013,2017,Asian/Pacific Islander (includes Hispanic),
5,Arkansas,5025,Cleveland,2013,2017,Black (includes Hispanic),13.1
5,Arkansas,5025,Cleveland,2013,2017,Hispanic (all races),
5,Arkansas,5025,Cleveland,2013,2017,American Indian/Alaskan Native (includes Hispanic),
5,Arkansas,5025,Cleveland,2013,2017,White (includes Hispanic),8.7
5,Arkansas,5025,Cleveland,2014,2018,Asian/Pacific Islander (includes Hispanic),
5,Arkansas,5025,Cleveland,2014,2018,Black (includes Hispanic),13.6
5,Arkansas,5025,Cleveland,2014,2018,Hispanic (all races),
5,Arkansas,5025,Cleveland,2014,2018,American Indian/Alaskan Native (includes Hispanic),
5,Arkansas,5025,Cleveland,2014,2018,White (includes Hispanic),8.1
5,Arkansas,5025,Cleveland,2015,2019,Asian/Pacific Islander (includes Hispanic),
5,Arkansas,5025,Cleveland,2015,2019,Black (includes Hispanic),
5,Arkansas,5025,Cleveland,2015,2019,Hispanic (all races),
5,Arkansas,5025,Cleveland,2015,2019,American Indian/Alaskan Native (includes Hispanic),
5,Arkansas,5025,Cleveland,2015,2019,White (includes Hispanic),8.5
5,Arkansas,5025,Cleveland,2016,2020,Asian/Pacific Islander (includes Hispanic),
5,Arkansas,5025,Cleveland,2016,2020,Black (includes Hispanic),
5,Arkansas,5025,Cleveland,2016,2020,Hispanic (all races),
5,Arkansas,5025,Cleveland,2016,2020,American Indian/Alaskan Native (includes Hispanic),
5,Arkansas,5025,Cleveland,2016,2020,White (includes Hispanic),10.7
5,Arkansas,5027,Columbia,2011,2015,Asian/Pacific Islander (includes Hispanic),
5,Arkansas,5027,Columbia,2011,2015,Black (includes Hispanic),12.0
5,Arkansas,5027,Columbia,2011,2015,Hispanic (all races),
5,Arkansas,5027,Columbia,2011,2015,American Indian/Alaskan Native (includes Hispanic),
5,Arkansas,5027,Columbia,2011,2015,White (includes Hispanic),7.3
5,Arkansas,5027,Columbia,2012,2016,Asian/Pacific Islander (includes Hispanic),
5,Arkansas,5027,Columbia,2012,2016,Black (includes Hispanic),11.9
5,Arkansas,5027,Columbia,2012,2016,Hispanic (all races),
5,Arkansas,5027,Columbia,2012,2016,American Indian/Alaskan Native (includes Hispanic),
5,Arkansas,5027,Columbia,2012,2016,White (includes Hispanic),8.3
5,Arkansas,5027,Columbia,2013,2017,Asian/Pacific Islander (includes Hispanic),
5,Arkansas,5027,Columbia,2013,2017,Black (includes Hispanic),13.7
5,Arkansas,5027,Columbia,2013,2017,Hispanic (all races),
5,Arkansas,5027,Columbia,2013,2017,American Indian/Alaskan Native (includes Hispanic),
5,Arkansas,5027,Columbia,2013,2017,White (includes Hispanic),8.2
5,Arkansas,5027,Columbia,2014,2018,Asian/Pacific Islander (includes Hispanic),
5,Arkansas,5027,Columbia,2014,2018,Black (includes Hispanic),13.4
5,Arkansas,5027,Columbia,2014,2018,Hispanic (all races),
5,Arkansas,5027,Columbia,2014,2018,American Indian/Alaskan Native (includes Hispanic),
5,Arkansas,5027,Columbia,2014,2018,White (includes Hispanic),10.3
5,Arkansas,5027,Columbia,2015,2019,Asian/Pacific Islander (includes Hispanic),
5,Arkansas,5027,Columbia,2015,2019,Black (includes Hispanic),13.8
5,Arkansas,5027,Columbia,2015,2019,Hispanic (all races),
5,Arkansas,5027,Columbia,2015,2019,American Indian/Alaskan Native (includes Hispanic),
5,Arkansas,5027,Columbia,2015,2019,White (includes Hispanic),12.3
5,Arkansas,5027,Columbia,2016,2020,Asian/Pacific Islander (includes Hispanic),
5,Arkansas,5027,Columbia,2016,2020,Black (includes Hispanic),12.5
5,Arkansas,5027,Columbia,2016,2020,Hispanic (all races),
5,Arkansas,5027,Columbia,2016,2020,American Indian/Alaskan Native (includes Hispanic),
5,Arkansas,5027,Columbia,2016,2020,White (includes Hispanic),10.6
5,Arkansas,5029,Conway,2011,2015,Asian/Pacific Islander (includes Hispanic),
5,Arkansas,5029,Conway,2011,2015,Black (includes Hispanic),
5,Arkansas,5029,Conway,2011,2015,Hispanic (all races),
5,Arkansas,5029,Conway,2011,2015,American Indian/Alaskan Native (includes Hispanic),
5,Arkansas,5029,Conway,2011,2015,White (includes Hispanic),8.3
5,Arkansas,5029,Conway,2012,2016,Asian/Pacific Islander (includes Hispanic),
5,Arkansas,5029,Conway,2012,2016,Black (includes Hispanic),
5,Arkansas,5029,Conway,2012,2016,Hispanic (all races),
5,Arkansas,5029,Conway,2012,2016,American Indian/Alaskan Native (includes Hispanic),
5,Arkansas,5029,Conway,2012,2016,White (includes Hispanic),8.1
5,Arkansas,5029,Conway,2013,2017,Asian/Pacific Islander (includes Hispanic),
5,Arkansas,5029,Conway,2013,2017,Black (includes Hispanic),
5,Arkansas,5029,Conway,2013,2017,Hispanic (all races),
5,Arkansas,5029,Conway,2013,2017,American Indian/Alaskan Native (includes Hispanic),
5,Arkansas,5029,Conway,2013,2017,White (includes Hispanic),6.9
5,Arkansas,5029,Conway,2014,2018,Asian/Pacific Islander (includes Hispanic),
5,Arkansas,5029,Conway,2014,2018,Black (includes Hispanic),
5,Arkansas,5029,Conway,2014,2018,Hispanic (all races),
5,Arkansas,5029,Conway,2014,2018,American Indian/Alaskan Native (includes Hispanic),
5,Arkansas,5029,Conway,2014,2018,White (includes Hispanic),7.1
5,Arkansas,5029,Conway,2015,2019,Asian/Pacific Islander (includes Hispanic),
5,Arkansas,5029,Conway,2015,2019,Black (includes Hispanic),
5,Arkansas,5029,Conway,2015,2019,Hispanic (all races),
5,Arkansas,5029,Conway,2015,2019,American Indian/Alaskan Native (includes Hispanic),
5,Arkansas,5029,Conway,2015,2019,White (includes Hispanic),7.0
5,Arkansas,5029,Conway,2016,2020,Asian/Pacific Islander (includes Hispanic),
5,Arkansas,5029,Conway,2016,2020,Black (includes Hispanic),
5,Arkansas,5029,Conway,2016,2020,Hispanic (all races),
5,Arkansas,5029,Conway,2016,2020,American Indian/Alaskan Native (includes Hispanic),
5,Arkansas,5029,Conway,2016,2020,White (includes Hispanic),7.3
5,Arkansas,5031,Craighead,2011,2015,Asian/Pacific Islander (includes Hispanic),
5,Arkansas,5031,Craighead,2011,2015,Black (includes Hispanic),
5,Arkansas,5031,Craighead,2011,2015,Hispanic (all races),
5,Arkansas,5031,Craighead,2011,2015,American Indian/Alaskan Native (includes Hispanic),
5,Arkansas,5031,Craighead,2011,2015,White (includes Hispanic),12.6
5,Arkansas,5031,Craighead,2012,2016,Asian/Pacific Islander (includes Hispanic),
5,Arkansas,5031,Craighead,2012,2016,Black (includes Hispanic),
5,Arkansas,5031,Craighead,2012,2016,Hispanic (all races),
5,Arkansas,5031,Craighead,2012,2016,American Indian/Alaskan Native (includes Hispanic),
5,Arkansas,5031,Craighead,2012,2016,White (includes Hispanic),12.6
5,Arkansas,5031,Craighead,2013,2017,Asian/Pacific Islander (includes Hispanic),
5,Arkansas,5031,Craighead,2013,2017,Black (includes Hispanic),
5,Arkansas,5031,Craighead,2013,2017,Hispanic (all races),
5,Arkansas,5031,Craighead,2013,2017,American Indian/Alaskan Native (includes Hispanic),
5,Arkansas,5031,Craighead,2013,2017,White (includes Hispanic),12.1
5,Arkansas,5031,Craighead,2014,2018,Asian/Pacific Islander (includes Hispanic),
5,Arkansas,5031,Craighead,2014,2018,Black (includes Hispanic),
5,Arkansas,5031,Craighead,2014,2018,Hispanic (all races),
5,Arkansas,5031,Craighead,2014,2018,American Indian/Alaskan Native (includes Hispanic),
5,Arkansas,5031,Craighead,2014,2018,White (includes Hispanic),11.9
5,Arkansas,5031,Craighead,2015,2019,Asian/Pacific Islander (includes Hispanic),
5,Arkansas,5031,Craighead,2015,2019,Black (includes Hispanic),
5,Arkansas,5031,Craighead,2015,2019,Hispanic (all races),
5,Arkansas,5031,Craighead,2015,2019,American Indian/Alaskan Native (includes Hispanic),
5,Arkansas,5031,Craighead,2015,2019,White (includes Hispanic),11.0
5,Arkansas,5031,Craighead,2016,2020,Asian/Pacific Islander (includes Hispanic),
5,Arkansas,5031,Craighead,2016,2020,Black (includes Hispanic),
5,Arkansas,5031,Craighead,2016,2020,Hispanic (all races),
5,Arkansas,5031,Craighead,2016,2020,American Indian/Alaskan Native (includes Hispanic),
5,Arkansas,5031,Craighead,2016,2020,White (includes Hispanic),12.7
5,Arkansas,5033,Crawford,2011,2015,Asian/Pacific Islander (includes Hispanic),
5,Arkansas,5033,Crawford,2011,2015,Black (includes Hispanic),
5,Arkansas,5033,Crawford,2011,2015,Hispanic (all races),
5,Arkansas,5033,Crawford,2011,2015,American Indian/Alaskan Native (includes Hispanic),
5,Arkansas,5033,Crawford,2011,2015,White (includes Hispanic),9.3
5,Arkansas,5033,Crawford,2012,2016,Asian/Pacific Islander (includes Hispanic),
5,Arkansas,5033,Crawford,2012,2016,Black (includes Hispanic),
5,Arkansas,5033,Crawford,2012,2016,Hispanic (all races),
5,Arkansas,5033,Crawford,2012,2016,American Indian/Alaskan Native (includes Hispanic),
5,Arkansas,5033,Crawford,2012,2016,White (includes Hispanic),9.0
5,Arkansas,5033,Crawford,2013,2017,Asian/Pacific Islander (includes Hispanic),
5,Arkansas,5033,Crawford,2013,2017,Black (includes Hispanic),
5,Arkansas,5033,Crawford,2013,2017,Hispanic (all races),
5,Arkansas,5033,Crawford,2013,2017,American Indian/Alaskan Native (includes Hispanic),
5,Arkansas,5033,Crawford,2013,2017,White (includes Hispanic),8.8
5,Arkansas,5033,Crawford,2014,2018,Asian/Pacific Islander (includes Hispanic),
5,Arkansas,5033,Crawford,2014,2018,Black (includes Hispanic),
5,Arkansas,5033,Crawford,2014,2018,Hispanic (all races),
5,Arkansas,5033,Crawford,2014,2018,American Indian/Alaskan Native (includes Hispanic),
5,Arkansas,5033,Crawford,2014,2018,White (includes Hispanic),7.7
5,Arkansas,5033,Crawford,2015,2019,Asian/Pacific Islander (includes Hispanic),
5,Arkansas,5033,Crawford,2015,2019,Black (includes Hispanic),
5,Arkansas,5033,Crawford,2015,2019,Hispanic (all races),
5,Arkansas,5033,Crawford,2015,2019,American Indian/Alaskan Native (includes Hispanic),
5,Arkansas,5033,Crawford,2015,2019,White (includes Hispanic),8.3
5,Arkansas,5033,Crawford,2016,2020,Asian/Pacific Islander (includes Hispanic),
5,Arkansas,5033,Crawford,2016,2020,Black (includes Hispanic),
5,Arkansas,5033,Crawford,2016,2020,Hispanic (all races),
5,Arkansas,5033,Crawford,2016,2020,American Indian/Alaskan Native (includes Hispanic),
5,Arkansas,5033,Crawford,2016,2020,White (includes Hispanic),8.6
5,Arkansas,5035,Crittenden,2011,2015,Asian/Pacific Islander (includes Hispanic),
5,Arkansas,5035,Crittenden,2011,2015,Black (includes Hispanic),13.1
5,Arkansas,5035,Crittenden,2011,2015,Hispanic (all races),
5,Arkansas,5035,Crittenden,2011,2015,American Indian/Alaskan Native (includes Hispanic),
5,Arkansas,5035,Crittenden,2011,2015,White (includes Hispanic),8.1
5,Arkansas,5035,Crittenden,2012,2016,Asian/Pacific Islander (includes Hispanic),
5,Arkansas,5035,Crittenden,2012,2016,Black (includes Hispanic),12.7
5,Arkansas,5035,Crittenden,2012,2016,Hispanic (all races),
5,Arkansas,5035,Crittenden,2012,2016,American Indian/Alaskan Native (includes Hispanic),
5,Arkansas,5035,Crittenden,2012,2016,White (includes Hispanic),8.5
5,Arkansas,5035,Crittenden,2013,2017,Asian/Pacific Islander (includes Hispanic),
5,Arkansas,5035,Crittenden,2013,2017,Black (includes Hispanic),12.4
5,Arkansas,5035,Crittenden,2013,2017,Hispanic (all races),
5,Arkansas,5035,Crittenden,2013,2017,American Indian/Alaskan Native (includes Hispanic),
5,Arkansas,5035,Crittenden,2013,2017,White (includes Hispanic),7.8
5,Arkansas,5035,Crittenden,2014,2018,Asian/Pacific Islander (includes Hispanic),
5,Arkansas,5035,Crittenden,2014,2018,Black (includes Hispanic),11.1
5,Arkansas,5035,Crittenden,2014,2018,Hispanic (all races),
5,Arkansas,5035,Crittenden,2014,2018,American Indian/Alaskan Native (includes Hispanic),
5,Arkansas,5035,Crittenden,2014,2018,White (includes Hispanic),8.8
5,Arkansas,5035,Crittenden,2015,2019,Asian/Pacific Islander (includes Hispanic),
5,Arkansas,5035,Crittenden,2015,2019,Black (includes Hispanic),10.5
5,Arkansas,5035,Crittenden,2015,2019,Hispanic (all races),
5,Arkansas,5035,Crittenden,2015,2019,American Indian/Alaskan Native (includes Hispanic),
5,Arkansas,5035,Crittenden,2015,2019,White (includes Hispanic),8.6
5,Arkansas,5035,Crittenden,2016,2020,Asian/Pacific Islander (includes Hispanic),
5,Arkansas,5035,Crittenden,2016,2020,Black (includes Hispanic),9.9
5,Arkansas,5035,Crittenden,2016,2020,Hispanic (all races),
5,Arkansas,5035,Crittenden,2016,2020,American Indian/Alaskan Native (includes Hispanic),
5,Arkansas,5035,Crittenden,2016,2020,White (includes Hispanic),8.4
5,Arkansas,5037,Cross,2011,2015,Asian/Pacific Islander (includes Hispanic),
5,Arkansas,5037,Cross,2011,2015,Black (includes Hispanic),
5,Arkansas,5037,Cross,2011,2015,Hispanic (all races),
5,Arkansas,5037,Cross,2011,2015,American Indian/Alaskan Native (includes Hispanic),
5,Arkansas,5037,Cross,2011,2015,White (includes Hispanic),13.3
5,Arkansas,5037,Cross,2012,2016,Asian/Pacific Islander (includes Hispanic),
5,Arkansas,5037,Cross,2012,2016,Black (includes Hispanic),
5,Arkansas,5037,Cross,2012,2016,Hispanic (all races),
5,Arkansas,5037,Cross,2012,2016,American Indian/Alaskan Native (includes Hispanic),
5,Arkansas,5037,Cross,2012,2016,White (includes Hispanic),11.2
5,Arkansas,5037,Cross,2013,2017,Asian/Pacific Islander (includes Hispanic),
5,Arkansas,5037,Cross,2013,2017,Black (includes Hispanic),
5,Arkansas,5037,Cross,2013,2017,Hispanic (all races),
5,Arkansas,5037,Cross,2013,2017,American Indian/Alaskan Native (includes Hispanic),
5,Arkansas,5037,Cross,2013,2017,White (includes Hispanic),13.2
5,Arkansas,5037,Cross,2014,2018,Asian/Pacific Islander (includes Hispanic),
5,Arkansas,5037,Cross,2014,2018,Black (includes Hispanic),
5,Arkansas,5037,Cross,2014,2018,Hispanic (all races),
5,Arkansas,5037,Cross,2014,2018,American Indian/Alaskan Native (includes Hispanic),
5,Arkansas,5037,Cross,2014,2018,White (includes Hispanic),12.5
5,Arkansas,5037,Cross,2015,2019,Asian/Pacific Islander (includes Hispanic),
5,Arkansas,5037,Cross,2015,2019,Black (includes Hispanic),
5,Arkansas,5037,Cross,2015,2019,Hispanic (all races),
5,Arkansas,5037,Cross,2015,2019,American Indian/Alaskan Native (includes Hispanic),
5,Arkansas,5037,Cross,2015,2019,White (includes Hispanic),10.9
5,Arkansas,5037,Cross,2016,2020,Asian/Pacific Islander (includes Hispanic),
5,Arkansas,5037,Cross,2016,2020,Black (includes Hispanic),
5,Arkansas,5037,Cross,2016,2020,Hispanic (all races),
5,Arkansas,5037,Cross,2016,2020,American Indian/Alaskan Native (includes Hispanic),
5,Arkansas,5037,Cross,2016,2020,White (includes Hispanic),12.7
5,Arkansas,5039,Dallas,2011,2015,Asian/Pacific Islander (includes Hispanic),
5,Arkansas,5039,Dallas,2011,2015,Black (includes Hispanic),
5,Arkansas,5039,Dallas,2011,2015,Hispanic (all races),
5,Arkansas,5039,Dallas,2011,2015,American Indian/Alaskan Native (includes Hispanic),
5,Arkansas,5039,Dallas,2011,2015,White (includes Hispanic),9.2
5,Arkansas,5039,Dallas,2012,2016,Asian/Pacific Islander (includes Hispanic),
5,Arkansas,5039,Dallas,2012,2016,Black (includes Hispanic),
5,Arkansas,5039,Dallas,2012,2016,Hispanic (all races),
5,Arkansas,5039,Dallas,2012,2016,American Indian/Alaskan Native (includes Hispanic),
5,Arkansas,5039,Dallas,2012,2016,White (includes Hispanic),11.9
5,Arkansas,5039,Dallas,2013,2017,Asian/Pacific Islander (includes Hispanic),
5,Arkansas,5039,Dallas,2013,2017,Black (includes Hispanic),
5,Arkansas,5039,Dallas,2013,2017,Hispanic (all races),
5,Arkansas,5039,Dallas,2013,2017,American Indian/Alaskan Native (includes Hispanic),
5,Arkansas,5039,Dallas,2013,2017,White (includes Hispanic),11.5
5,Arkansas,5039,Dallas,2014,2018,Asian/Pacific Islander (includes Hispanic),
5,Arkansas,5039,Dallas,2014,2018,Black (includes Hispanic),
5,Arkansas,5039,Dallas,2014,2018,Hispanic (all races),
5,Arkansas,5039,Dallas,2014,2018,American Indian/Alaskan Native (includes Hispanic),
5,Arkansas,5039,Dallas,2014,2018,White (includes Hispanic),14.2
5,Arkansas,5039,Dallas,2015,2019,Asian/Pacific Islander (includes Hispanic),
5,Arkansas,5039,Dallas,2015,2019,Black (includes Hispanic),
5,Arkansas,5039,Dallas,2015,2019,Hispanic (all races),
5,Arkansas,5039,Dallas,2015,2019,American Indian/Alaskan Native (includes Hispanic),
5,Arkansas,5039,Dallas,2015,2019,White (includes Hispanic),15.6
5,Arkansas,5039,Dallas,2016,2020,Asian/Pacific Islander (includes Hispanic),
5,Arkansas,5039,Dallas,2016,2020,Black (includes Hispanic),
5,Arkansas,5039,Dallas,2016,2020,Hispanic (all races),
5,Arkansas,5039,Dallas,2016,2020,American Indian/Alaskan Native (includes Hispanic),
5,Arkansas,5039,Dallas,2016,2020,White (includes Hispanic),15.4
5,Arkansas,5041,Desha,2011,2015,Asian/Pacific Islander (includes Hispanic),
5,Arkansas,5041,Desha,2011,2015,Black (includes Hispanic),16.0
5,Arkansas,5041,Desha,2011,2015,Hispanic (all races),
5,Arkansas,5041,Desha,2011,2015,American Indian/Alaskan Native (includes Hispanic),
5,Arkansas,5041,Desha,2011,2015,White (includes Hispanic),
5,Arkansas,5041,Desha,2012,2016,Asian/Pacific Islander (includes Hispanic),
5,Arkansas,5041,Desha,2012,2016,Black (includes Hispanic),14.6
5,Arkansas,5041,Desha,2012,2016,Hispanic (all races),
5,Arkansas,5041,Desha,2012,2016,American Indian/Alaskan Native (includes Hispanic),
5,Arkansas,5041,Desha,2012,2016,White (includes Hispanic),
5,Arkansas,5041,Desha,2013,2017,Asian/Pacific Islander (includes Hispanic),
5,Arkansas,5041,Desha,2013,2017,Black (includes Hispanic),11.9
5,Arkansas,5041,Desha,2013,2017,Hispanic (all races),
5,Arkansas,5041,Desha,2013,2017,American Indian/Alaskan Native (includes Hispanic),
5,Arkansas,5041,Desha,2013,2017,White (includes Hispanic),
5,Arkansas,5041,Desha,2014,2018,Asian/Pacific Islander (includes Hispanic),
5,Arkansas,5041,Desha,2014,2018,Black (includes Hispanic),12.2
5,Arkansas,5041,Desha,2014,2018,Hispanic (all races),
5,Arkansas,5041,Desha,2014,2018,American Indian/Alaskan Native (includes Hispanic),
5,Arkansas,5041,Desha,2014,2018,White (includes Hispanic),
5,Arkansas,5041,Desha,2015,2019,Asian/Pacific Islander (includes Hispanic),
5,Arkansas,5041,Desha,2015,2019,Black (includes Hispanic),
5,Arkansas,5041,Desha,2015,2019,Hispanic (all races),
5,Arkansas,5041,Desha,2015,2019,American Indian/Alaskan Native (includes Hispanic),
5,Arkansas,5041,Desha,2015,2019,White (includes Hispanic),10.1
5,Arkansas,5041,Desha,2016,2020,Asian/Pacific Islander (includes Hispanic),
5,Arkansas,5041,Desha,2016,2020,Black (includes Hispanic),
5,Arkansas,5041,Desha,2016,2020,Hispanic (all races),
5,Arkansas,5041,Desha,2016,2020,American Indian/Alaskan Native (includes Hispanic),
5,Arkansas,5041,Desha,2016,2020,White (includes Hispanic),
5,Arkansas,5043,Drew,2011,2015,Asian/Pacific Islander (includes Hispanic),
5,Arkansas,5043,Drew,2011,2015,Black (includes Hispanic),
5,Arkansas,5043,Drew,2011,2015,Hispanic (all races),
5,Arkansas,5043,Drew,2011,2015,American Indian/Alaskan Native (includes Hispanic),
5,Arkansas,5043,Drew,2011,2015,White (includes Hispanic),
5,Arkansas,5043,Drew,2012,2016,Asian/Pacific Islander (includes Hispanic),
5,Arkansas,5043,Drew,2012,2016,Black (includes Hispanic),
5,Arkansas,5043,Drew,2012,2016,Hispanic (all races),
5,Arkansas,5043,Drew,2012,2016,American Indian/Alaskan Native (includes Hispanic),
5,Arkansas,5043,Drew,2012,2016,White (includes Hispanic),
5,Arkansas,5043,Drew,2013,2017,Asian/Pacific Islander (includes Hispanic),
5,Arkansas,5043,Drew,2013,2017,Black (includes Hispanic),
5,Arkansas,5043,Drew,2013,2017,Hispanic (all races),
5,Arkansas,5043,Drew,2013,2017,American Indian/Alaskan Native (includes Hispanic),
5,Arkansas,5043,Drew,2013,2017,White (includes Hispanic),
5,Arkansas,5043,Drew,2014,2018,Asian/Pacific Islander (includes Hispanic),
5,Arkansas,5043,Drew,2014,2018,Black (includes Hispanic),
5,Arkansas,5043,Drew,2014,2018,Hispanic (all races),
5,Arkansas,5043,Drew,2014,2018,American Indian/Alaskan Native (includes Hispanic),
5,Arkansas,5043,Drew,2014,2018,White (includes Hispanic),
5,Arkansas,5043,Drew,2015,2019,Asian/Pacific Islander (includes Hispanic),
5,Arkansas,5043,Drew,2015,2019,Black (includes Hispanic),
5,Arkansas,5043,Drew,2015,2019,Hispanic (all races),
5,Arkansas,5043,Drew,2015,2019,American Indian/Alaskan Native (includes Hispanic),
5,Arkansas,5043,Drew,2015,2019,White (includes Hispanic),
5,Arkansas,5043,Drew,2016,2020,Asian/Pacific Islander (includes Hispanic),
5,Arkansas,5043,Drew,2016,2020,Black (includes Hispanic),
5,Arkansas,5043,Drew,2016,2020,Hispanic (all races),
5,Arkansas,5043,Drew,2016,2020,American Indian/Alaskan Native (includes Hispanic),
5,Arkansas,5043,Drew,2016,2020,White (includes Hispanic),
5,Arkansas,5045,Faulkner,2011,2015,Asian/Pacific Islander (includes Hispanic),
5,Arkansas,5045,Faulkner,2011,2015,Black (includes Hispanic),10.1
5,Arkansas,5045,Faulkner,2011,2015,Hispanic (all races),
5,Arkansas,5045,Faulkner,2011,2015,American Indian/Alaskan Native (includes Hispanic),
5,Arkansas,5045,Faulkner,2011,2015,White (includes Hispanic),7.6
5,Arkansas,5045,Faulkner,2012,2016,Asian/Pacific Islander (includes Hispanic),
5,Arkansas,5045,Faulkner,2012,2016,Black (includes Hispanic),8.9
5,Arkansas,5045,Faulkner,2012,2016,Hispanic (all races),
5,Arkansas,5045,Faulkner,2012,2016,American Indian/Alaskan Native (includes Hispanic),
5,Arkansas,5045,Faulkner,2012,2016,White (includes Hispanic),9.0
5,Arkansas,5045,Faulkner,2013,2017,Asian/Pacific Islander (includes Hispanic),
5,Arkansas,5045,Faulkner,2013,2017,Black (includes Hispanic),9.6
5,Arkansas,5045,Faulkner,2013,2017,Hispanic (all races),
5,Arkansas,5045,Faulkner,2013,2017,American Indian/Alaskan Native (includes Hispanic),
5,Arkansas,5045,Faulkner,2013,2017,White (includes Hispanic),8.9
5,Arkansas,5045,Faulkner,2014,2018,Asian/Pacific Islander (includes Hispanic),
5,Arkansas,5045,Faulkner,2014,2018,Black (includes Hispanic),9.9
5,Arkansas,5045,Faulkner,2014,2018,Hispanic (all races),
5,Arkansas,5045,Faulkner,2014,2018,American Indian/Alaskan Native (includes Hispanic),
5,Arkansas,5045,Faulkner,2014,2018,White (includes Hispanic),8.9
5,Arkansas,5045,Faulkner,2015,2019,Asian/Pacific Islander (includes Hispanic),
5,Arkansas,5045,Faulkner,2015,2019,Black (includes Hispanic),8.5
5,Arkansas,5045,Faulkner,2015,2019,Hispanic (all races),
5,Arkansas,5045,Faulkner,2015,2019,American Indian/Alaskan Native (includes Hispanic),
5,Arkansas,5045,Faulkner,2015,2019,White (includes Hispanic),9.2
5,Arkansas,5045,Faulkner,2016,2020,Asian/Pacific Islander (includes Hispanic),
5,Arkansas,5045,Faulkner,2016,2020,Black (includes Hispanic),8.4
5,Arkansas,5045,Faulkner,2016,2020,Hispanic (all races),
5,Arkansas,5045,Faulkner,2016,2020,American Indian/Alaskan Native (includes Hispanic),
5,Arkansas,5045,Faulkner,2016,2020,White (includes Hispanic),8.2
5,Arkansas,5047,Franklin,2011,2015,Asian/Pacific Islander (includes Hispanic),
5,Arkansas,5047,Franklin,2011,2015,Black (includes Hispanic),
5,Arkansas,5047,Franklin,2011,2015,Hispanic (all races),
5,Arkansas,5047,Franklin,2011,2015,American Indian/Alaskan Native (includes Hispanic),
5,Arkansas,5047,Franklin,2011,2015,White (includes Hispanic),10.2
5,Arkansas,5047,Franklin,2012,2016,Asian/Pacific Islander (includes Hispanic),
5,Arkansas,5047,Franklin,2012,2016,Black (includes Hispanic),
5,Arkansas,5047,Franklin,2012,2016,Hispanic (all races),
5,Arkansas,5047,Franklin,2012,2016,American Indian/Alaskan Native (includes Hispanic),
5,Arkansas,5047,Franklin,2012,2016,White (includes Hispanic),10.8
5,Arkansas,5047,Franklin,2013,2017,Asian/Pacific Islander (includes Hispanic),
5,Arkansas,5047,Franklin,2013,2017,Black (includes Hispanic),
5,Arkansas,5047,Franklin,2013,2017,Hispanic (all races),
5,Arkansas,5047,Franklin,2013,2017,American Indian/Alaskan Native (includes Hispanic),
5,Arkansas,5047,Franklin,2013,2017,White (includes Hispanic),11.3
5,Arkansas,5047,Franklin,2014,2018,Asian/Pacific Islander (includes Hispanic),
5,Arkansas,5047,Franklin,2014,2018,Black (includes Hispanic),
5,Arkansas,5047,Franklin,2014,2018,Hispanic (all races),
5,Arkansas,5047,Franklin,2014,2018,American Indian/Alaskan Native (includes Hispanic),
5,Arkansas,5047,Franklin,2014,2018,White (includes Hispanic),10.1
5,Arkansas,5047,Franklin,2015,2019,Asian/Pacific Islander (includes Hispanic),
5,Arkansas,5047,Franklin,2015,2019,Black (includes Hispanic),
5,Arkansas,5047,Franklin,2015,2019,Hispanic (all races),
5,Arkansas,5047,Franklin,2015,2019,American Indian/Alaskan Native (includes Hispanic),
5,Arkansas,5047,Franklin,2015,2019,White (includes Hispanic),10.7
5,Arkansas,5047,Franklin,2016,2020,Asian/Pacific Islander (includes Hispanic),
5,Arkansas,5047,Franklin,2016,2020,Black (includes Hispanic),
5,Arkansas,5047,Franklin,2016,2020,Hispanic (all races),
5,Arkansas,5047,Franklin,2016,2020,American Indian/Alaskan Native (includes Hispanic),
5,Arkansas,5047,Franklin,2016,2020,White (includes Hispanic),11.4
5,Arkansas,5049,Fulton,2011,2015,Asian/Pacific Islander (includes Hispanic),
5,Arkansas,5049,Fulton,2011,2015,Black (includes Hispanic),
5,Arkansas,5049,Fulton,2011,2015,Hispanic (all races),
5,Arkansas,5049,Fulton,2011,2015,American Indian/Alaskan Native (includes Hispanic),
5,Arkansas,5049,Fulton,2011,2015,White (includes Hispanic),9.5
5,Arkansas,5049,Fulton,2012,2016,Asian/Pacific Islander (includes Hispanic),
5,Arkansas,5049,Fulton,2012,2016,Black (includes Hispanic),
5,Arkansas,5049,Fulton,2012,2016,Hispanic (all races),
5,Arkansas,5049,Fulton,2012,2016,American Indian/Alaskan Native (includes Hispanic),
5,Arkansas,5049,Fulton,2012,2016,White (includes Hispanic),10.4
5,Arkansas,5049,Fulton,2013,2017,Asian/Pacific Islander (includes Hispanic),
5,Arkansas,5049,Fulton,2013,2017,Black (includes Hispanic),
5,Arkansas,5049,Fulton,2013,2017,Hispanic (all races),
5,Arkansas,5049,Fulton,2013,2017,American Indian/Alaskan Native (includes Hispanic),
5,Arkansas,5049,Fulton,2013,2017,White (includes Hispanic),9.0
5,Arkansas,5049,Fulton,2014,2018,Asian/Pacific Islander (includes Hispanic),
5,Arkansas,5049,Fulton,2014,2018,Black (includes Hispanic),
5,Arkansas,5049,Fulton,2014,2018,Hispanic (all races),
5,Arkansas,5049,Fulton,2014,2018,American Indian/Alaskan Native (includes Hispanic),
5,Arkansas,5049,Fulton,2014,2018,White (includes Hispanic),9.8
5,Arkansas,5049,Fulton,2015,2019,Asian/Pacific Islander (includes Hispanic),
5,Arkansas,5049,Fulton,2015,2019,Black (includes Hispanic),
5,Arkansas,5049,Fulton,2015,2019,Hispanic (all races),
5,Arkansas,5049,Fulton,2015,2019,American Indian/Alaskan Native (includes Hispanic),
5,Arkansas,5049,Fulton,2015,2019,White (includes Hispanic),11.3
5,Arkansas,5049,Fulton,2016,2020,Asian/Pacific Islander (includes Hispanic),
5,Arkansas,5049,Fulton,2016,2020,Black (includes Hispanic),
5,Arkansas,5049,Fulton,2016,2020,Hispanic (all races),
5,Arkansas,5049,Fulton,2016,2020,American Indian/Alaskan Native (includes Hispanic),
5,Arkansas,5049,Fulton,2016,2020,White (includes Hispanic),11.9
5,Arkansas,5051,Garland,2011,2015,Asian/Pacific Islander (includes Hispanic),
5,Arkansas,5051,Garland,2011,2015,Black (includes Hispanic),
5,Arkansas,5051,Garland,2011,2015,Hispanic (all races),
5,Arkansas,5051,Garland,2011,2015,American Indian/Alaskan Native (includes Hispanic),
5,Arkansas,5051,Garland,2011,2015,White (includes Hispanic),8.7
5,Arkansas,5051,Garland,2012,2016,Asian/Pacific Islander (includes Hispanic),
5,Arkansas,5051,Garland,2012,2016,Black (includes Hispanic),
5,Arkansas,5051,Garland,2012,2016,Hispanic (all races),
5,Arkansas,5051,Garland,2012,2016,American Indian/Alaskan Native (includes Hispanic),
5,Arkansas,5051,Garland,2012,2016,White (includes Hispanic),8.8
5,Arkansas,5051,Garland,2013,2017,Asian/Pacific Islander (includes Hispanic),
5,Arkansas,5051,Garland,2013,2017,Black (includes Hispanic),
5,Arkansas,5051,Garland,2013,2017,Hispanic (all races),
5,Arkansas,5051,Garland,2013,2017,American Indian/Alaskan Native (includes Hispanic),
5,Arkansas,5051,Garland,2013,2017,White (includes Hispanic),9.1
5,Arkansas,5051,Garland,2014,2018,Asian/Pacific Islander (includes Hispanic),
5,Arkansas,5051,Garland,2014,2018,Black (includes Hispanic),
5,Arkansas,5051,Garland,2014,2018,Hispanic (all races),
5,Arkansas,5051,Garland,2014,2018,American Indian/Alaskan Native (includes Hispanic),
5,Arkansas,5051,Garland,2014,2018,White (includes Hispanic),9.8
5,Arkansas,5051,Garland,2015,2019,Asian/Pacific Islander (includes Hispanic),
5,Arkansas,5051,Garland,2015,2019,Black (includes Hispanic),
5,Arkansas,5051,Garland,2015,2019,Hispanic (all races),
5,Arkansas,5051,Garland,2015,2019,American Indian/Alaskan Native (includes Hispanic),
5,Arkansas,5051,Garland,2015,2019,White (includes Hispanic),9.0
5,Arkansas,5051,Garland,2016,2020,Asian/Pacific Islander (includes Hispanic),
5,Arkansas,5051,Garland,2016,2020,Black (includes Hispanic),
5,Arkansas,5051,Garland,2016,2020,Hispanic (all races),
5,Arkansas,5051,Garland,2016,2020,American Indian/Alaskan Native (includes Hispanic),
5,Arkansas,5051,Garland,2016,2020,White (includes Hispanic),8.3
5,Arkansas,5053,Grant,2011,2015,Asian/Pacific Islander (includes Hispanic),
5,Arkansas,5053,Grant,2011,2015,Black (includes Hispanic),10.4
5,Arkansas,5053,Grant,2011,2015,Hispanic (all races),
5,Arkansas,5053,Grant,2011,2015,American Indian/Alaskan Native (includes Hispanic),
5,Arkansas,5053,Grant,2011,2015,White (includes Hispanic),7.9
5,Arkansas,5053,Grant,2012,2016,Asian/Pacific Islander (includes Hispanic),
5,Arkansas,5053,Grant,2012,2016,Black (includes Hispanic),9.5
5,Arkansas,5053,Grant,2012,2016,Hispanic (all races),
5,Arkansas,5053,Grant,2012,2016,American Indian/Alaskan Native (includes Hispanic),
5,Arkansas,5053,Grant,2012,2016,White (includes Hispanic),9.3
5,Arkansas,5053,Grant,2013,2017,Asian/Pacific Islander (includes Hispanic),
5,Arkansas,5053,Grant,2013,2017,Black (includes Hispanic),9.8
5,Arkansas,5053,Grant,2013,2017,Hispanic (all races),
5,Arkansas,5053,Grant,2013,2017,American Indian/Alaskan Native (includes Hispanic),
5,Arkansas,5053,Grant,2013,2017,White (includes Hispanic),8.7
5,Arkansas,5053,Grant,2014,2018,Asian/Pacific Islander (includes Hispanic),
5,Arkansas,5053,Grant,2014,2018,Black (includes Hispanic),10.5
5,Arkansas,5053,Grant,2014,2018,Hispanic (all races),
5,Arkansas,5053,Grant,2014,2018,American Indian/Alaskan Native (includes Hispanic),
5,Arkansas,5053,Grant,2014,2018,White (includes Hispanic),9.4
5,Arkansas,5053,Grant,2015,2019,Asian/Pacific Islander (includes Hispanic),
5,Arkansas,5053,Grant,2015,2019,Black (includes Hispanic),9.0
5,Arkansas,5053,Grant,2015,2019,Hispanic (all races),
5,Arkansas,5053,Grant,2015,2019,American Indian/Alaskan Native (includes Hispanic),
5,Arkansas,5053,Grant,2015,2019,White (includes Hispanic),9.5
5,Arkansas,5053,Grant,2016,2020,Asian/Pacific Islander (includes Hispanic),
5,Arkansas,5053,Grant,2016,2020,Black (includes Hispanic),8.6
5,Arkansas,5053,Grant,2016,2020,Hispanic (all races),
5,Arkansas,5053,Grant,2016,2020,American Indian/Alaskan Native (includes Hispanic),
5,Arkansas,5053,Grant,2016,2020,White (includes Hispanic),8.8
5,Arkansas,5055,Greene,2011,2015,Asian/Pacific Islander (includes Hispanic),
5,Arkansas,5055,Greene,2011,2015,Black (includes Hispanic),
5,Arkansas,5055,Greene,2011,2015,Hispanic (all races),
5,Arkansas,5055,Greene,2011,2015,American Indian/Alaskan Native (includes Hispanic),
5,Arkansas,5055,Greene,2011,2015,White (includes Hispanic),12.4
5,Arkansas,5055,Greene,2012,2016,Asian/Pacific Islander (includes Hispanic),
5,Arkansas,5055,Greene,2012,2016,Black (includes Hispanic),
5,Arkansas,5055,Greene,2012,2016,Hispanic (all races),
5,Arkansas,5055,Greene,2012,2016,American Indian/Alaskan Native (includes Hispanic),
5,Arkansas,5055,Greene,2012,2016,White (includes Hispanic),13.0
5,Arkansas,5055,Greene,2013,2017,Asian/Pacific Islander (includes Hispanic),
5,Arkansas,5055,Greene,2013,2017,Black (includes Hispanic),
5,Arkansas,5055,Greene,2013,2017,Hispanic (all races),
5,Arkansas,5055,Greene,2013,2017,American Indian/Alaskan Native (includes Hispanic),
5,Arkansas,5055,Greene,2013,2017,White (includes Hispanic),11.5
5,Arkansas,5055,Greene,2014,2018,Asian/Pacific Islander (includes Hispanic),
5,Arkansas,5055,Greene,2014,2018,Black (includes Hispanic),
5,Arkansas,5055,Greene,2014,2018,Hispanic (all races),
5,Arkansas,5055,Greene,2014,2018,American Indian/Alaskan Native (includes Hispanic),
5,Arkansas,5055,Greene,2014,2018,White (includes Hispanic),10.4
5,Arkansas,5055,Greene,2015,2019,Asian/Pacific Islander (includes Hispanic),
5,Arkansas,5055,Greene,2015,2019,Black (includes Hispanic),
5,Arkansas,5055,Greene,2015,2019,Hispanic (all races),
5,Arkansas,5055,Greene,2015,2019,American Indian/Alaskan Native (includes Hispanic),
5,Arkansas,5055,Greene,2015,2019,White (includes Hispanic),8.9
5,Arkansas,5055,Greene,2016,2020,Asian/Pacific Islander (includes Hispanic),
5,Arkansas,5055,Greene,2016,2020,Black (includes Hispanic),
5,Arkansas,5055,Greene,2016,2020,Hispanic (all races),
5,Arkansas,5055,Greene,2016,2020,American Indian/Alaskan Native (includes Hispanic),
5,Arkansas,5055,Greene,2016,2020,White (includes Hispanic),10.0
5,Arkansas,5057,Hempstead,2011,2015,Asian/Pacific Islander (includes Hispanic),
5,Arkansas,5057,Hempstead,2011,2015,Black (includes Hispanic),
5,Arkansas,5057,Hempstead,2011,2015,Hispanic (all races),
5,Arkansas,5057,Hempstead,2011,2015,American Indian/Alaskan Native (includes Hispanic),
5,Arkansas,5057,Hempstead,2011,2015,White (includes Hispanic),13.6
5,Arkansas,5057,Hempstead,2012,2016,Asian/Pacific Islander (includes Hispanic),
5,Arkansas,5057,Hempstead,2012,2016,Black (includes Hispanic),
5,Arkansas,5057,Hempstead,2012,2016,Hispanic (all races),
5,Arkansas,5057,Hempstead,2012,2016,American Indian/Alaskan Native (includes Hispanic),
5,Arkansas,5057,Hempstead,2012,2016,White (includes Hispanic),9.9
5,Arkansas,5057,Hempstead,2013,2017,Asian/Pacific Islander (includes Hispanic),
5,Arkansas,5057,Hempstead,2013,2017,Black (includes Hispanic),
5,Arkansas,5057,Hempstead,2013,2017,Hispanic (all races),
5,Arkansas,5057,Hempstead,2013,2017,American Indian/Alaskan Native (includes Hispanic),
5,Arkansas,5057,Hempstead,2013,2017,White (includes Hispanic),9.6
5,Arkansas,5057,Hempstead,2014,2018,Asian/Pacific Islander (includes Hispanic),
5,Arkansas,5057,Hempstead,2014,2018,Black (includes Hispanic),
5,Arkansas,5057,Hempstead,2014,2018,Hispanic (all races),
5,Arkansas,5057,Hempstead,2014,2018,American Indian/Alaskan Native (includes Hispanic),
5,Arkansas,5057,Hempstead,2014,2018,White (includes Hispanic),9.7
5,Arkansas,5057,Hempstead,2015,2019,Asian/Pacific Islander (includes Hispanic),
5,Arkansas,5057,Hempstead,2015,2019,Black (includes Hispanic),
5,Arkansas,5057,Hempstead,2015,2019,Hispanic (all races),
5,Arkansas,5057,Hempstead,2015,2019,American Indian/Alaskan Native (includes Hispanic),
5,Arkansas,5057,Hempstead,2015,2019,White (includes Hispanic),12.3
5,Arkansas,5057,Hempstead,2016,2020,Asian/Pacific Islander (includes Hispanic),
5,Arkansas,5057,Hempstead,2016,2020,Black (includes Hispanic),
5,Arkansas,5057,Hempstead,2016,2020,Hispanic (all races),
5,Arkansas,5057,Hempstead,2016,2020,American Indian/Alaskan Native (includes Hispanic),
5,Arkansas,5057,Hempstead,2016,2020,White (includes Hispanic),14.2
5,Arkansas,5059,Hot Spring,2011,2015,Asian/Pacific Islander (includes Hispanic),
5,Arkansas,5059,Hot Spring,2011,2015,Black (includes Hispanic),
5,Arkansas,5059,Hot Spring,2011,2015,Hispanic (all races),
5,Arkansas,5059,Hot Spring,2011,2015,American Indian/Alaskan Native (includes Hispanic),
5,Arkansas,5059,Hot Spring,2011,2015,White (includes Hispanic),8.4
5,Arkansas,5059,Hot Spring,2012,2016,Asian/Pacific Islander (includes Hispanic),
5,Arkansas,5059,Hot Spring,2012,2016,Black (includes Hispanic),
5,Arkansas,5059,Hot Spring,2012,2016,Hispanic (all races),
5,Arkansas,5059,Hot Spring,2012,2016,American Indian/Alaskan Native (includes Hispanic),
5,Arkansas,5059,Hot Spring,2012,2016,White (includes Hispanic),8.5
5,Arkansas,5059,Hot Spring,2013,2017,Asian/Pacific Islander (includes Hispanic),
5,Arkansas,5059,Hot Spring,2013,2017,Black (includes Hispanic),
5,Arkansas,5059,Hot Spring,2013,2017,Hispanic (all races),
5,Arkansas,5059,Hot Spring,2013,2017,American Indian/Alaskan Native (includes Hispanic),
5,Arkansas,5059,Hot Spring,2013,2017,White (includes Hispanic),8.9
5,Arkansas,5059,Hot Spring,2014,2018,Asian/Pacific Islander (includes Hispanic),
5,Arkansas,5059,Hot Spring,2014,2018,Black (includes Hispanic),
5,Arkansas,5059,Hot Spring,2014,2018,Hispanic (all races),
5,Arkansas,5059,Hot Spring,2014,2018,American Indian/Alaskan Native (includes Hispanic),
5,Arkansas,5059,Hot Spring,2014,2018,White (includes Hispanic),9.8
5,Arkansas,5059,Hot Spring,2015,2019,Asian/Pacific Islander (includes Hispanic),
5,Arkansas,5059,Hot Spring,2015,2019,Black (includes Hispanic),
5,Arkansas,5059,Hot Spring,2015,2019,Hispanic (all races),
5,Arkansas,5059,Hot Spring,2015,2019,American Indian/Alaskan Native (includes Hispanic),
5,Arkansas,5059,Hot Spring,2015,2019,White (includes Hispanic),9.4
5,Arkansas,5059,Hot Spring,2016,2020,Asian/Pacific Islander (includes Hispanic),
5,Arkansas,5059,Hot Spring,2016,2020,Black (includes Hispanic),
5,Arkansas,5059,Hot Spring,2016,2020,Hispanic (all races),
5,Arkansas,5059,Hot Spring,2016,2020,American Indian/Alaskan Native (includes Hispanic),
5,Arkansas,5059,Hot Spring,2016,2020,White (includes Hispanic),8.9
5,Arkansas,5061,Howard,2011,2015,Asian/Pacific Islander (includes Hispanic),
5,Arkansas,5061,Howard,2011,2015,Black (includes Hispanic),
5,Arkansas,5061,Howard,2011,2015,Hispanic (all races),
5,Arkansas,5061,Howard,2011,2015,American Indian/Alaskan Native (includes Hispanic),
5,Arkansas,5061,Howard,2011,2015,White (includes Hispanic),7.8
5,Arkansas,5061,Howard,2012,2016,Asian/Pacific Islander (includes Hispanic),
5,Arkansas,5061,Howard,2012,2016,Black (includes Hispanic),
5,Arkansas,5061,Howard,2012,2016,Hispanic (all races),
5,Arkansas,5061,Howard,2012,2016,American Indian/Alaskan Native (includes Hispanic),
5,Arkansas,5061,Howard,2012,2016,White (includes Hispanic),
5,Arkansas,5061,Howard,2013,2017,Asian/Pacific Islander (includes Hispanic),
5,Arkansas,5061,Howard,2013,2017,Black (includes Hispanic),
5,Arkansas,5061,Howard,2013,2017,Hispanic (all races),
5,Arkansas,5061,Howard,2013,2017,American Indian/Alaskan Native (includes Hispanic),
5,Arkansas,5061,Howard,2013,2017,White (includes Hispanic),
5,Arkansas,5061,Howard,2014,2018,Asian/Pacific Islander (includes Hispanic),
5,Arkansas,5061,Howard,2014,2018,Black (includes Hispanic),
5,Arkansas,5061,Howard,2014,2018,Hispanic (all races),
5,Arkansas,5061,Howard,2014,2018,American Indian/Alaskan Native (includes Hispanic),
5,Arkansas,5061,Howard,2014,2018,White (includes Hispanic),8.2
5,Arkansas,5061,Howard,2015,2019,Asian/Pacific Islander (includes Hispanic),
5,Arkansas,5061,Howard,2015,2019,Black (includes Hispanic),
5,Arkansas,5061,Howard,2015,2019,Hispanic (all races),
5,Arkansas,5061,Howard,2015,2019,American Indian/Alaskan Native (includes Hispanic),
5,Arkansas,5061,Howard,2015,2019,White (includes Hispanic),
5,Arkansas,5061,Howard,2016,2020,Asian/Pacific Islander (includes Hispanic),
5,Arkansas,5061,Howard,2016,2020,Black (includes Hispanic),
5,Arkansas,5061,Howard,2016,2020,Hispanic (all races),
5,Arkansas,5061,Howard,2016,2020,American Indian/Alaskan Native (includes Hispanic),
5,Arkansas,5061,Howard,2016,2020,White (includes Hispanic),
5,Arkansas,5063,Independence,2011,2015,Asian/Pacific Islander (includes Hispanic),
5,Arkansas,5063,Independence,2011,2015,Black (includes Hispanic),
5,Arkansas,5063,Independence,2011,2015,Hispanic (all races),
5,Arkansas,5063,Independence,2011,2015,American Indian/Alaskan Native (includes Hispanic),
5,Arkansas,5063,Independence,2011,2015,White (includes Hispanic),10.2
5,Arkansas,5063,Independence,2012,2016,Asian/Pacific Islander (includes Hispanic),
5,Arkansas,5063,Independence,2012,2016,Black (includes Hispanic),
5,Arkansas,5063,Independence,2012,2016,Hispanic (all races),
5,Arkansas,5063,Independence,2012,2016,American Indian/Alaskan Native (includes Hispanic),
5,Arkansas,5063,Independence,2012,2016,White (includes Hispanic),11.7
5,Arkansas,5063,Independence,2013,2017,Asian/Pacific Islander (includes Hispanic),
5,Arkansas,5063,Independence,2013,2017,Black (includes Hispanic),
5,Arkansas,5063,Independence,2013,2017,Hispanic (all races),
5,Arkansas,5063,Independence,2013,2017,American Indian/Alaskan Native (includes Hispanic),
5,Arkansas,5063,Independence,2013,2017,White (includes Hispanic),11.8
5,Arkansas,5063,Independence,2014,2018,Asian/Pacific Islander (includes Hispanic),
5,Arkansas,5063,Independence,2014,2018,Black (includes Hispanic),
5,Arkansas,5063,Independence,2014,2018,Hispanic (all races),
5,Arkansas,5063,Independence,2014,2018,American Indian/Alaskan Native (includes Hispanic),
5,Arkansas,5063,Independence,2014,2018,White (includes Hispanic),12.1
5,Arkansas,5063,Independence,2015,2019,Asian/Pacific Islander (includes Hispanic),
5,Arkansas,5063,Independence,2015,2019,Black (includes Hispanic),
5,Arkansas,5063,Independence,2015,2019,Hispanic (all races),
5,Arkansas,5063,Independence,2015,2019,American Indian/Alaskan Native (includes Hispanic),
5,Arkansas,5063,Independence,2015,2019,White (includes Hispanic),11.0
5,Arkansas,5063,Independence,2016,2020,Asian/Pacific Islander (includes Hispanic),
5,Arkansas,5063,Independence,2016,2020,Black (includes Hispanic),
5,Arkansas,5063,Independence,2016,2020,Hispanic (all races),
5,Arkansas,5063,Independence,2016,2020,American Indian/Alaskan Native (includes Hispanic),
5,Arkansas,5063,Independence,2016,2020,White (includes Hispanic),10.2
5,Arkansas,5065,Izard,2011,2015,Asian/Pacific Islander (includes Hispanic),
5,Arkansas,5065,Izard,2011,2015,Black (includes Hispanic),
5,Arkansas,5065,Izard,2011,2015,Hispanic (all races),
5,Arkansas,5065,Izard,2011,2015,American Indian/Alaskan Native (includes Hispanic),
5,Arkansas,5065,Izard,2011,2015,White (includes Hispanic),8.6
5,Arkansas,5065,Izard,2012,2016,Asian/Pacific Islander (includes Hispanic),
5,Arkansas,5065,Izard,2012,2016,Black (includes Hispanic),
5,Arkansas,5065,Izard,2012,2016,Hispanic (all races),
5,Arkansas,5065,Izard,2012,2016,American Indian/Alaskan Native (includes Hispanic),
5,Arkansas,5065,Izard,2012,2016,White (includes Hispanic),9.9
5,Arkansas,5065,Izard,2013,2017,Asian/Pacific Islander (includes Hispanic),
5,Arkansas,5065,Izard,2013,2017,Black (includes Hispanic),
5,Arkansas,5065,Izard,2013,2017,Hispanic (all races),
5,Arkansas,5065,Izard,2013,2017,American Indian/Alaskan Native (includes Hispanic),
5,Arkansas,5065,Izard,2013,2017,White (includes Hispanic),8.8
5,Arkansas,5065,Izard,2014,2018,Asian/Pacific Islander (includes Hispanic),
5,Arkansas,5065,Izard,2014,2018,Black (includes Hispanic),
5,Arkansas,5065,Izard,2014,2018,Hispanic (all races),
5,Arkansas,5065,Izard,2014,2018,American Indian/Alaskan Native (includes Hispanic),
5,Arkansas,5065,Izard,2014,2018,White (includes Hispanic),10.1
5,Arkansas,5065,Izard,2015,2019,Asian/Pacific Islander (includes Hispanic),
5,Arkansas,5065,Izard,2015,2019,Black (includes Hispanic),
5,Arkansas,5065,Izard,2015,2019,Hispanic (all races),
5,Arkansas,5065,Izard,2015,2019,American Indian/Alaskan Native (includes Hispanic),
5,Arkansas,5065,Izard,2015,2019,White (includes Hispanic),9.3
5,Arkansas,5065,Izard,2016,2020,Asian/Pacific Islander (includes Hispanic),
5,Arkansas,5065,Izard,2016,2020,Black (includes Hispanic),
5,Arkansas,5065,Izard,2016,2020,Hispanic (all races),
5,Arkansas,5065,Izard,2016,2020,American Indian/Alaskan Native (includes Hispanic),
5,Arkansas,5065,Izard,2016,2020,White (includes Hispanic),8.9
5,Arkansas,5067,Jackson,2011,2015,Asian/Pacific Islander (includes Hispanic),
5,Arkansas,5067,Jackson,2011,2015,Black (includes Hispanic),
5,Arkansas,5067,Jackson,2011,2015,Hispanic (all races),
5,Arkansas,5067,Jackson,2011,2015,American Indian/Alaskan Native (includes Hispanic),
5,Arkansas,5067,Jackson,2011,2015,White (includes Hispanic),10.1
5,Arkansas,5067,Jackson,2012,2016,Asian/Pacific Islander (includes Hispanic),
5,Arkansas,5067,Jackson,2012,2016,Black (includes Hispanic),
5,Arkansas,5067,Jackson,2012,2016,Hispanic (all races),
5,Arkansas,5067,Jackson,2012,2016,American Indian/Alaskan Native (includes Hispanic),
5,Arkansas,5067,Jackson,2012,2016,White (includes Hispanic),11.0
5,Arkansas,5067,Jackson,2013,2017,Asian/Pacific Islander (includes Hispanic),
5,Arkansas,5067,Jackson,2013,2017,Black (includes Hispanic),
5,Arkansas,5067,Jackson,2013,2017,Hispanic (all races),
5,Arkansas,5067,Jackson,2013,2017,American Indian/Alaskan Native (includes Hispanic),
5,Arkansas,5067,Jackson,2013,2017,White (includes Hispanic),12.4
5,Arkansas,5067,Jackson,2014,2018,Asian/Pacific Islander (includes Hispanic),
5,Arkansas,5067,Jackson,2014,2018,Black (includes Hispanic),
5,Arkansas,5067,Jackson,2014,2018,Hispanic (all races),
5,Arkansas,5067,Jackson,2014,2018,American Indian/Alaskan Native (includes Hispanic),
5,Arkansas,5067,Jackson,2014,2018,White (includes Hispanic),12.9
5,Arkansas,5067,Jackson,2015,2019,Asian/Pacific Islander (includes Hispanic),
5,Arkansas,5067,Jackson,2015,2019,Black (includes Hispanic),
5,Arkansas,5067,Jackson,2015,2019,Hispanic (all races),
5,Arkansas,5067,Jackson,2015,2019,American Indian/Alaskan Native (includes Hispanic),
5,Arkansas,5067,Jackson,2015,2019,White (includes Hispanic),12.1
5,Arkansas,5067,Jackson,2016,2020,Asian/Pacific Islander (includes Hispanic),
5,Arkansas,5067,Jackson,2016,2020,Black (includes Hispanic),
5,Arkansas,5067,Jackson,2016,2020,Hispanic (all races),
5,Arkansas,5067,Jackson,2016,2020,American Indian/Alaskan Native (includes Hispanic),
5,Arkansas,5067,Jackson,2016,2020,White (includes Hispanic),11.9
5,Arkansas,5069,Jefferson,2011,2015,Asian/Pacific Islander (includes Hispanic),
5,Arkansas,5069,Jefferson,2011,2015,Black (includes Hispanic),10.7
5,Arkansas,5069,Jefferson,2011,2015,Hispanic (all races),
5,Arkansas,5069,Jefferson,2011,2015,American Indian/Alaskan Native (includes Hispanic),
5,Arkansas,5069,Jefferson,2011,2015,White (includes Hispanic),8.5
5,Arkansas,5069,Jefferson,2012,2016,Asian/Pacific Islander (includes Hispanic),
5,Arkansas,5069,Jefferson,2012,2016,Black (includes Hispanic),10.4
5,Arkansas,5069,Jefferson,2012,2016,Hispanic (all races),
5,Arkansas,5069,Jefferson,2012,2016,American Indian/Alaskan Native (includes Hispanic),
5,Arkansas,5069,Jefferson,2012,2016,White (includes Hispanic),9.8
5,Arkansas,5069,Jefferson,2013,2017,Asian/Pacific Islander (includes Hispanic),
5,Arkansas,5069,Jefferson,2013,2017,Black (includes Hispanic),10.5
5,Arkansas,5069,Jefferson,2013,2017,Hispanic (all races),
5,Arkansas,5069,Jefferson,2013,2017,American Indian/Alaskan Native (includes Hispanic),
5,Arkansas,5069,Jefferson,2013,2017,White (includes Hispanic),9.3
5,Arkansas,5069,Jefferson,2014,2018,Asian/Pacific Islander (includes Hispanic),
5,Arkansas,5069,Jefferson,2014,2018,Black (includes Hispanic),10.0
5,Arkansas,5069,Jefferson,2014,2018,Hispanic (all races),
5,Arkansas,5069,Jefferson,2014,2018,American Indian/Alaskan Native (includes Hispanic),
5,Arkansas,5069,Jefferson,2014,2018,White (includes Hispanic),8.7
5,Arkansas,5069,Jefferson,2015,2019,Asian/Pacific Islander (includes Hispanic),
5,Arkansas,5069,Jefferson,2015,2019,Black (includes Hispanic),8.4
5,Arkansas,5069,Jefferson,2015,2019,Hispanic (all races),
5,Arkansas,5069,Jefferson,2015,2019,American Indian/Alaskan Native (includes Hispanic),
5,Arkansas,5069,Jefferson,2015,2019,White (includes Hispanic),9.2
5,Arkansas,5069,Jefferson,2016,2020,Asian/Pacific Islander (includes Hispanic),
5,Arkansas,5069,Jefferson,2016,2020,Black (includes Hispanic),8.1
5,Arkansas,5069,Jefferson,2016,2020,Hispanic (all races),
5,Arkansas,5069,Jefferson,2016,2020,American Indian/Alaskan Native (includes Hispanic),
5,Arkansas,5069,Jefferson,2016,2020,White (includes Hispanic),8.1
5,Arkansas,5071,Johnson,2011,2015,Asian/Pacific Islander (includes Hispanic),
5,Arkansas,5071,Johnson,2011,2015,Black (includes Hispanic),
5,Arkansas,5071,Johnson,2011,2015,Hispanic (all races),
5,Arkansas,5071,Johnson,2011,2015,American Indian/Alaskan Native (includes Hispanic),
5,Arkansas,5071,Johnson,2011,2015,White (includes Hispanic),10.0
5,Arkansas,5071,Johnson,2012,2016,Asian/Pacific Islander (includes Hispanic),
5,Arkansas,5071,Johnson,2012,2016,Black (includes Hispanic),
5,Arkansas,5071,Johnson,2012,2016,Hispanic (all races),
5,Arkansas,5071,Johnson,2012,2016,American Indian/Alaskan Native (includes Hispanic),
5,Arkansas,5071,Johnson,2012,2016,White (includes Hispanic),9.6
5,Arkansas,5071,Johnson,2013,2017,Asian/Pacific Islander (includes Hispanic),
5,Arkansas,5071,Johnson,2013,2017,Black (includes Hispanic),
5,Arkansas,5071,Johnson,2013,2017,Hispanic (all races),
5,Arkansas,5071,Johnson,2013,2017,American Indian/Alaskan Native (includes Hispanic),
5,Arkansas,5071,Johnson,2013,2017,White (includes Hispanic),8.9
5,Arkansas,5071,Johnson,2014,2018,Asian/Pacific Islander (includes Hispanic),
5,Arkansas,5071,Johnson,2014,2018,Black (includes Hispanic),
5,Arkansas,5071,Johnson,2014,2018,Hispanic (all races),
5,Arkansas,5071,Johnson,2014,2018,American Indian/Alaskan Native (includes Hispanic),
5,Arkansas,5071,Johnson,2014,2018,White (includes Hispanic),8.4
5,Arkansas,5071,Johnson,2015,2019,Asian/Pacific Islander (includes Hispanic),
5,Arkansas,5071,Johnson,2015,2019,Black (includes Hispanic),
5,Arkansas,5071,Johnson,2015,2019,Hispanic (all races),
5,Arkansas,5071,Johnson,2015,2019,American Indian/Alaskan Native (includes Hispanic),
5,Arkansas,5071,Johnson,2015,2019,White (includes Hispanic),7.6
5,Arkansas,5071,Johnson,2016,2020,Asian/Pacific Islander (includes Hispanic),
5,Arkansas,5071,Johnson,2016,2020,Black (includes Hispanic),
5,Arkansas,5071,Johnson,2016,2020,Hispanic (all races),
5,Arkansas,5071,Johnson,2016,2020,American Indian/Alaskan Native (includes Hispanic),
5,Arkansas,5071,Johnson,2016,2020,White (includes Hispanic),8.3
5,Arkansas,5073,Lafayette,2011,2015,Asian/Pacific Islander (includes Hispanic),
5,Arkansas,5073,Lafayette,2011,2015,Black (includes Hispanic),14.3
5,Arkansas,5073,Lafayette,2011,2015,Hispanic (all races),
5,Arkansas,5073,Lafayette,2011,2015,American Indian/Alaskan Native (includes Hispanic),
5,Arkansas,5073,Lafayette,2011,2015,White (includes Hispanic),9.3
5,Arkansas,5073,Lafayette,2012,2016,Asian/Pacific Islander (includes Hispanic),
5,Arkansas,5073,Lafayette,2012,2016,Black (includes Hispanic),14.3
5,Arkansas,5073,Lafayette,2012,2016,Hispanic (all races),
5,Arkansas,5073,Lafayette,2012,2016,American Indian/Alaskan Native (includes Hispanic),
5,Arkansas,5073,Lafayette,2012,2016,White (includes Hispanic),8.1
5,Arkansas,5073,Lafayette,2013,2017,Asian/Pacific Islander (includes Hispanic),
5,Arkansas,5073,Lafayette,2013,2017,Black (includes Hispanic),13.2
5,Arkansas,5073,Lafayette,2013,2017,Hispanic (all races),
5,Arkansas,5073,Lafayette,2013,2017,American Indian/Alaskan Native (includes Hispanic),
5,Arkansas,5073,Lafayette,2013,2017,White (includes Hispanic),8.9
5,Arkansas,5073,Lafayette,2014,2018,Asian/Pacific Islander (includes Hispanic),
5,Arkansas,5073,Lafayette,2014,2018,Black (includes Hispanic),11.0
5,Arkansas,5073,Lafayette,2014,2018,Hispanic (all races),
5,Arkansas,5073,Lafayette,2014,2018,American Indian/Alaskan Native (includes Hispanic),
5,Arkansas,5073,Lafayette,2014,2018,White (includes Hispanic),8.4
5,Arkansas,5073,Lafayette,2015,2019,Asian/Pacific Islander (includes Hispanic),
5,Arkansas,5073,Lafayette,2015,2019,Black (includes Hispanic),9.6
5,Arkansas,5073,Lafayette,2015,2019,Hispanic (all races),
5,Arkansas,5073,Lafayette,2015,2019,American Indian/Alaskan Native (includes Hispanic),
5,Arkansas,5073,Lafayette,2015,2019,White (includes Hispanic),10.4
5,Arkansas,5073,Lafayette,2016,2020,Asian/Pacific Islander (includes Hispanic),
5,Arkansas,5073,Lafayette,2016,2020,Black (includes Hispanic),
5,Arkansas,5073,Lafayette,2016,2020,Hispanic (all races),
5,Arkansas,5073,Lafayette,2016,2020,American Indian/Alaskan Native (includes Hispanic),
5,Arkansas,5073,Lafayette,2016,2020,White (includes Hispanic),11.4
5,Arkansas,5075,Lawrence,2011,2015,Asian/Pacific Islander (includes Hispanic),
5,Arkansas,5075,Lawrence,2011,2015,Black (includes Hispanic),
5,Arkansas,5075,Lawrence,2011,2015,Hispanic (all races),
5,Arkansas,5075,Lawrence,2011,2015,American Indian/Alaskan Native (includes Hispanic),
5,Arkansas,5075,Lawrence,2011,2015,White (includes Hispanic),11.6
5,Arkansas,5075,Lawrence,2012,2016,Asian/Pacific Islander (includes Hispanic),
5,Arkansas,5075,Lawrence,2012,2016,Black (includes Hispanic),
5,Arkansas,5075,Lawrence,2012,2016,Hispanic (all races),
5,Arkansas,5075,Lawrence,2012,2016,American Indian/Alaskan Native (includes Hispanic),
5,Arkansas,5075,Lawrence,2012,2016,White (includes Hispanic),12.3
5,Arkansas,5075,Lawrence,2013,2017,Asian/Pacific Islander (includes Hispanic),
5,Arkansas,5075,Lawrence,2013,2017,Black (includes Hispanic),
5,Arkansas,5075,Lawrence,2013,2017,Hispanic (all races),
5,Arkansas,5075,Lawrence,2013,2017,American Indian/Alaskan Native (includes Hispanic),
5,Arkansas,5075,Lawrence,2013,2017,White (includes Hispanic),12.4
5,Arkansas,5075,Lawrence,2014,2018,Asian/Pacific Islander (includes Hispanic),
5,Arkansas,5075,Lawrence,2014,2018,Black (includes Hispanic),
5,Arkansas,5075,Lawrence,2014,2018,Hispanic (all races),
5,Arkansas,5075,Lawrence,2014,2018,American Indian/Alaskan Native (includes Hispanic),
5,Arkansas,5075,Lawrence,2014,2018,White (includes Hispanic),12.5
5,Arkansas,5075,Lawrence,2015,2019,Asian/Pacific Islander (includes Hispanic),
5,Arkansas,5075,Lawrence,2015,2019,Black (includes Hispanic),
5,Arkansas,5075,Lawrence,2015,2019,Hispanic (all races),
5,Arkansas,5075,Lawrence,2015,2019,American Indian/Alaskan Native (includes Hispanic),
5,Arkansas,5075,Lawrence,2015,2019,White (includes Hispanic),11.2
5,Arkansas,5075,Lawrence,2016,2020,Asian/Pacific Islander (includes Hispanic),
5,Arkansas,5075,Lawrence,2016,2020,Black (includes Hispanic),
5,Arkansas,5075,Lawrence,2016,2020,Hispanic (all races),
5,Arkansas,5075,Lawrence,2016,2020,American Indian/Alaskan Native (includes Hispanic),
5,Arkansas,5075,Lawrence,2016,2020,White (includes Hispanic),11.9
5,Arkansas,5077,Lee,2011,2015,Asian/Pacific Islander (includes Hispanic),
5,Arkansas,5077,Lee,2011,2015,Black (includes Hispanic),13.2
5,Arkansas,5077,Lee,2011,2015,Hispanic (all races),
5,Arkansas,5077,Lee,2011,2015,American Indian/Alaskan Native (includes Hispanic),
5,Arkansas,5077,Lee,2011,2015,White (includes Hispanic),13.0
5,Arkansas,5077,Lee,2012,2016,Asian/Pacific Islander (includes Hispanic),
5,Arkansas,5077,Lee,2012,2016,Black (includes Hispanic),11.7
5,Arkansas,5077,Lee,2012,2016,Hispanic (all races),
5,Arkansas,5077,Lee,2012,2016,American Indian/Alaskan Native (includes Hispanic),
5,Arkansas,5077,Lee,2012,2016,White (includes Hispanic),13.1
5,Arkansas,5077,Lee,2013,2017,Asian/Pacific Islander (includes Hispanic),
5,Arkansas,5077,Lee,2013,2017,Black (includes Hispanic),12.0
5,Arkansas,5077,Lee,2013,2017,Hispanic (all races),
5,Arkansas,5077,Lee,2013,2017,American Indian/Alaskan Native (includes Hispanic),
5,Arkansas,5077,Lee,2013,2017,White (includes Hispanic),
5,Arkansas,5077,Lee,2014,2018,Asian/Pacific Islander (includes Hispanic),
5,Arkansas,5077,Lee,2014,2018,Black (includes Hispanic),
5,Arkansas,5077,Lee,2014,2018,Hispanic (all races),
5,Arkansas,5077,Lee,2014,2018,American Indian/Alaskan Native (includes Hispanic),
5,Arkansas,5077,Lee,2014,2018,White (includes Hispanic),12.0
5,Arkansas,5077,Lee,2015,2019,Asian/Pacific Islander (includes Hispanic),
5,Arkansas,5077,Lee,2015,2019,Black (includes Hispanic),
5,Arkansas,5077,Lee,2015,2019,Hispanic (all races),
5,Arkansas,5077,Lee,2015,2019,American Indian/Alaskan Native (includes Hispanic),
5,Arkansas,5077,Lee,2015,2019,White (includes Hispanic),13.1
5,Arkansas,5077,Lee,2016,2020,Asian/Pacific Islander (includes Hispanic),
5,Arkansas,5077,Lee,2016,2020,Black (includes Hispanic),
5,Arkansas,5077,Lee,2016,2020,Hispanic (all races),
5,Arkansas,5077,Lee,2016,2020,American Indian/Alaskan Native (includes Hispanic),
5,Arkansas,5077,Lee,2016,2020,White (includes Hispanic),11.9
5,Arkansas,5079,Lincoln,2011,2015,Asian/Pacific Islander (includes Hispanic),
5,Arkansas,5079,Lincoln,2011,2015,Black (includes Hispanic),13.1
5,Arkansas,5079,Lincoln,2011,2015,Hispanic (all races),
5,Arkansas,5079,Lincoln,2011,2015,American Indian/Alaskan Native (includes Hispanic),
5,Arkansas,5079,Lincoln,2011,2015,White (includes Hispanic),10.9
5,Arkansas,5079,Lincoln,2012,2016,Asian/Pacific Islander (includes Hispanic),
5,Arkansas,5079,Lincoln,2012,2016,Black (includes Hispanic),14.0
5,Arkansas,5079,Lincoln,2012,2016,Hispanic (all races),
5,Arkansas,5079,Lincoln,2012,2016,American Indian/Alaskan Native (includes Hispanic),
5,Arkansas,5079,Lincoln,2012,2016,White (includes Hispanic),11.7
5,Arkansas,5079,Lincoln,2013,2017,Asian/Pacific Islander (includes Hispanic),
5,Arkansas,5079,Lincoln,2013,2017,Black (includes Hispanic),12.8
5,Arkansas,5079,Lincoln,2013,2017,Hispanic (all races),
5,Arkansas,5079,Lincoln,2013,2017,American Indian/Alaskan Native (includes Hispanic),
5,Arkansas,5079,Lincoln,2013,2017,White (includes Hispanic),
5,Arkansas,5079,Lincoln,2014,2018,Asian/Pacific Islander (includes Hispanic),
5,Arkansas,5079,Lincoln,2014,2018,Black (includes Hispanic),12.6
5,Arkansas,5079,Lincoln,2014,2018,Hispanic (all races),
5,Arkansas,5079,Lincoln,2014,2018,American Indian/Alaskan Native (includes Hispanic),
5,Arkansas,5079,Lincoln,2014,2018,White (includes Hispanic),
5,Arkansas,5079,Lincoln,2015,2019,Asian/Pacific Islander (includes Hispanic),
5,Arkansas,5079,Lincoln,2015,2019,Black (includes Hispanic),
5,Arkansas,5079,Lincoln,2015,2019,Hispanic (all races),
5,Arkansas,5079,Lincoln,2015,2019,American Indian/Alaskan Native (includes Hispanic),
5,Arkansas,5079,Lincoln,2015,2019,White (includes Hispanic),
5,Arkansas,5079,Lincoln,2016,2020,Asian/Pacific Islander (includes Hispanic),
5,Arkansas,5079,Lincoln,2016,2020,Black (includes Hispanic),
5,Arkansas,5079,Lincoln,2016,2020,Hispanic (all races),
5,Arkansas,5079,Lincoln,2016,2020,American Indian/Alaskan Native (includes Hispanic),
5,Arkansas,5079,Lincoln,2016,2020,White (includes Hispanic),
5,Arkansas,5081,Little River,2011,2015,Asian/Pacific Islander (includes Hispanic),
5,Arkansas,5081,Little River,2011,2015,Black (includes Hispanic),16.3
5,Arkansas,5081,Little River,2011,2015,Hispanic (all races),
5,Arkansas,5081,Little River,2011,2015,American Indian/Alaskan Native (includes Hispanic),
5,Arkansas,5081,Little River,2011,2015,White (includes Hispanic),12.4
5,Arkansas,5081,Little River,2012,2016,Asian/Pacific Islander (includes Hispanic),
5,Arkansas,5081,Little River,2012,2016,Black (includes Hispanic),15.4
5,Arkansas,5081,Little River,2012,2016,Hispanic (all races),
5,Arkansas,5081,Little River,2012,2016,American Indian/Alaskan Native (includes Hispanic),
5,Arkansas,5081,Little River,2012,2016,White (includes Hispanic),12.0
5,Arkansas,5081,Little River,2013,2017,Asian/Pacific Islander (includes Hispanic),
5,Arkansas,5081,Little River,2013,2017,Black (includes Hispanic),
5,Arkansas,5081,Little River,2013,2017,Hispanic (all races),
5,Arkansas,5081,Little River,2013,2017,American Indian/Alaskan Native (includes Hispanic),
5,Arkansas,5081,Little River,2013,2017,White (includes Hispanic),11.7
5,Arkansas,5081,Little River,2014,2018,Asian/Pacific Islander (includes Hispanic),
5,Arkansas,5081,Little River,2014,2018,Black (includes Hispanic),
5,Arkansas,5081,Little River,2014,2018,Hispanic (all races),
5,Arkansas,5081,Little River,2014,2018,American Indian/Alaskan Native (includes Hispanic),
5,Arkansas,5081,Little River,2014,2018,White (includes Hispanic),12.5
5,Arkansas,5081,Little River,2015,2019,Asian/Pacific Islander (includes Hispanic),
5,Arkansas,5081,Little River,2015,2019,Black (includes Hispanic),
5,Arkansas,5081,Little River,2015,2019,Hispanic (all races),
5,Arkansas,5081,Little River,2015,2019,American Indian/Alaskan Native (includes Hispanic),
5,Arkansas,5081,Little River,2015,2019,White (includes Hispanic),13.1
5,Arkansas,5081,Little River,2016,2020,Asian/Pacific Islander (includes Hispanic),
5,Arkansas,5081,Little River,2016,2020,Black (includes Hispanic),13.3
5,Arkansas,5081,Little River,2016,2020,Hispanic (all races),
5,Arkansas,5081,Little River,2016,2020,American Indian/Alaskan Native (includes Hispanic),
5,Arkansas,5081,Little River,2016,2020,White (includes Hispanic),14.3
5,Arkansas,5083,Logan,2011,2015,Asian/Pacific Islander (includes Hispanic),
5,Arkansas,5083,Logan,2011,2015,Black (includes Hispanic),
5,Arkansas,5083,Logan,2011,2015,Hispanic (all races),
5,Arkansas,5083,Logan,2011,2015,American Indian/Alaskan Native (includes Hispanic),
5,Arkansas,5083,Logan,2011,2015,White (includes Hispanic),12.1
5,Arkansas,5083,Logan,2012,2016,Asian/Pacific Islander (includes Hispanic),
5,Arkansas,5083,Logan,2012,2016,Black (includes Hispanic),
5,Arkansas,5083,Logan,2012,2016,Hispanic (all races),
5,Arkansas,5083,Logan,2012,2016,American Indian/Alaskan Native (includes Hispanic),
5,Arkansas,5083,Logan,2012,2016,White (includes Hispanic),11.7
5,Arkansas,5083,Logan,2013,2017,Asian/Pacific Islander (includes Hispanic),
5,Arkansas,5083,Logan,2013,2017,Black (includes Hispanic),
5,Arkansas,5083,Logan,2013,2017,Hispanic (all races),
5,Arkansas,5083,Logan,2013,2017,American Indian/Alaskan Native (includes Hispanic),
5,Arkansas,5083,Logan,2013,2017,White (includes Hispanic),11.4
5,Arkansas,5083,Logan,2014,2018,Asian/Pacific Islander (includes Hispanic),
5,Arkansas,5083,Logan,2014,2018,Black (includes Hispanic),
5,Arkansas,5083,Logan,2014,2018,Hispanic (all races),
5,Arkansas,5083,Logan,2014,2018,American Indian/Alaskan Native (includes Hispanic),
5,Arkansas,5083,Logan,2014,2018,White (includes Hispanic),10.4
5,Arkansas,5083,Logan,2015,2019,Asian/Pacific Islander (includes Hispanic),
5,Arkansas,5083,Logan,2015,2019,Black (includes Hispanic),
5,Arkansas,5083,Logan,2015,2019,Hispanic (all races),
5,Arkansas,5083,Logan,2015,2019,American Indian/Alaskan Native (includes Hispanic),
5,Arkansas,5083,Logan,2015,2019,White (includes Hispanic),10.3
5,Arkansas,5083,Logan,2016,2020,Asian/Pacific Islander (includes Hispanic),
5,Arkansas,5083,Logan,2016,2020,Black (includes Hispanic),
5,Arkansas,5083,Logan,2016,2020,Hispanic (all races),
5,Arkansas,5083,Logan,2016,2020,American Indian/Alaskan Native (includes Hispanic),
5,Arkansas,5083,Logan,2016,2020,White (includes Hispanic),10.8
5,Arkansas,5085,Lonoke,2011,2015,Asian/Pacific Islander (includes Hispanic),
5,Arkansas,5085,Lonoke,2011,2015,Black (includes Hispanic),10.0
5,Arkansas,5085,Lonoke,2011,2015,Hispanic (all races),
5,Arkansas,5085,Lonoke,2011,2015,American Indian/Alaskan Native (includes Hispanic),
5,Arkansas,5085,Lonoke,2011,2015,White (includes Hispanic),8.5
5,Arkansas,5085,Lonoke,2012,2016,Asian/Pacific Islander (includes Hispanic),
5,Arkansas,5085,Lonoke,2012,2016,Black (includes Hispanic),9.7
5,Arkansas,5085,Lonoke,2012,2016,Hispanic (all races),
5,Arkansas,5085,Lonoke,2012,2016,American Indian/Alaskan Native (includes Hispanic),
5,Arkansas,5085,Lonoke,2012,2016,White (includes Hispanic),9.8
5,Arkansas,5085,Lonoke,2013,2017,Asian/Pacific Islander (includes Hispanic),
5,Arkansas,5085,Lonoke,2013,2017,Black (includes Hispanic),10.0
5,Arkansas,5085,Lonoke,2013,2017,Hispanic (all races),
5,Arkansas,5085,Lonoke,2013,2017,American Indian/Alaskan Native (includes Hispanic),
5,Arkansas,5085,Lonoke,2013,2017,White (includes Hispanic),9.4
5,Arkansas,5085,Lonoke,2014,2018,Asian/Pacific Islander (includes Hispanic),
5,Arkansas,5085,Lonoke,2014,2018,Black (includes Hispanic),10.0
5,Arkansas,5085,Lonoke,2014,2018,Hispanic (all races),
5,Arkansas,5085,Lonoke,2014,2018,American Indian/Alaskan Native (includes Hispanic),
5,Arkansas,5085,Lonoke,2014,2018,White (includes Hispanic),9.1
5,Arkansas,5085,Lonoke,2015,2019,Asian/Pacific Islander (includes Hispanic),
5,Arkansas,5085,Lonoke,2015,2019,Black (includes Hispanic),8.7
5,Arkansas,5085,Lonoke,2015,2019,Hispanic (all races),
5,Arkansas,5085,Lonoke,2015,2019,American Indian/Alaskan Native (includes Hispanic),
5,Arkansas,5085,Lonoke,2015,2019,White (includes Hispanic),9.4
5,Arkansas,5085,Lonoke,2016,2020,Asian/Pacific Islander (includes Hispanic),
5,Arkansas,5085,Lonoke,2016,2020,Black (includes Hispanic),8.1
5,Arkansas,5085,Lonoke,2016,2020,Hispanic (all races),
5,Arkansas,5085,Lonoke,2016,2020,American Indian/Alaskan Native (includes Hispanic),
5,Arkansas,5085,Lonoke,2016,2020,White (includes Hispanic),8.3
5,Arkansas,5087,Madison,2011,2015,Asian/Pacific Islander (includes Hispanic),
5,Arkansas,5087,Madison,2011,2015,Black (includes Hispanic),
5,Arkansas,5087,Madison,2011,2015,Hispanic (all races),18.2
5,Arkansas,5087,Madison,2011,2015,American Indian/Alaskan Native (includes Hispanic),
5,Arkansas,5087,Madison,2011,2015,White (includes Hispanic),7.7
5,Arkansas,5087,Madison,2012,2016,Asian/Pacific Islander (includes Hispanic),
5,Arkansas,5087,Madison,2012,2016,Black (includes Hispanic),
5,Arkansas,5087,Madison,2012,2016,Hispanic (all races),19.7
5,Arkansas,5087,Madison,2012,2016,American Indian/Alaskan Native (includes Hispanic),
5,Arkansas,5087,Madison,2012,2016,White (includes Hispanic),7.2
5,Arkansas,5087,Madison,2013,2017,Asian/Pacific Islander (includes Hispanic),
5,Arkansas,5087,Madison,2013,2017,Black (includes Hispanic),
5,Arkansas,5087,Madison,2013,2017,Hispanic (all races),14.6
5,Arkansas,5087,Madison,2013,2017,American Indian/Alaskan Native (includes Hispanic),
5,Arkansas,5087,Madison,2013,2017,White (includes Hispanic),7.4
5,Arkansas,5087,Madison,2014,2018,Asian/Pacific Islander (includes Hispanic),
5,Arkansas,5087,Madison,2014,2018,Black (includes Hispanic),
5,Arkansas,5087,Madison,2014,2018,Hispanic (all races),
5,Arkansas,5087,Madison,2014,2018,American Indian/Alaskan Native (includes Hispanic),
5,Arkansas,5087,Madison,2014,2018,White (includes Hispanic),6.7
5,Arkansas,5087,Madison,2015,2019,Asian/Pacific Islander (includes Hispanic),
5,Arkansas,5087,Madison,2015,2019,Black (includes Hispanic),
5,Arkansas,5087,Madison,2015,2019,Hispanic (all races),
5,Arkansas,5087,Madison,2015,2019,American Indian/Alaskan Native (includes Hispanic),
5,Arkansas,5087,Madison,2015,2019,White (includes Hispanic),7.0
5,Arkansas,5087,Madison,2016,2020,Asian/Pacific Islander (includes Hispanic),
5,Arkansas,5087,Madison,2016,2020,Black (includes Hispanic),
5,Arkansas,5087,Madison,2016,2020,Hispanic (all races),
5,Arkansas,5087,Madison,2016,2020,American Indian/Alaskan Native (includes Hispanic),
5,Arkansas,5087,Madison,2016,2020,White (includes Hispanic),6.9
5,Arkansas,5089,Marion,2011,2015,Asian/Pacific Islander (includes Hispanic),
5,Arkansas,5089,Marion,2011,2015,Black (includes Hispanic),
5,Arkansas,5089,Marion,2011,2015,Hispanic (all races),
5,Arkansas,5089,Marion,2011,2015,American Indian/Alaskan Native (includes Hispanic),
5,Arkansas,5089,Marion,2011,2015,White (includes Hispanic),8.9
5,Arkansas,5089,Marion,2012,2016,Asian/Pacific Islander (includes Hispanic),
5,Arkansas,5089,Marion,2012,2016,Black (includes Hispanic),
5,Arkansas,5089,Marion,2012,2016,Hispanic (all races),
5,Arkansas,5089,Marion,2012,2016,American Indian/Alaskan Native (includes Hispanic),
5,Arkansas,5089,Marion,2012,2016,White (includes Hispanic),9.7
5,Arkansas,5089,Marion,2013,2017,Asian/Pacific Islander (includes Hispanic),
5,Arkansas,5089,Marion,2013,2017,Black (includes Hispanic),
5,Arkansas,5089,Marion,2013,2017,Hispanic (all races),
5,Arkansas,5089,Marion,2013,2017,American Indian/Alaskan Native (includes Hispanic),
5,Arkansas,5089,Marion,2013,2017,White (includes Hispanic),9.0
5,Arkansas,5089,Marion,2014,2018,Asian/Pacific Islander (includes Hispanic),
5,Arkansas,5089,Marion,2014,2018,Black (includes Hispanic),
5,Arkansas,5089,Marion,2014,2018,Hispanic (all races),
5,Arkansas,5089,Marion,2014,2018,American Indian/Alaskan Native (includes Hispanic),
5,Arkansas,5089,Marion,2014,2018,White (includes Hispanic),9.1
5,Arkansas,5089,Marion,2015,2019,Asian/Pacific Islander (includes Hispanic),
5,Arkansas,5089,Marion,2015,2019,Black (includes Hispanic),
5,Arkansas,5089,Marion,2015,2019,Hispanic (all races),
5,Arkansas,5089,Marion,2015,2019,American Indian/Alaskan Native (includes Hispanic),
5,Arkansas,5089,Marion,2015,2019,White (includes Hispanic),9.1
5,Arkansas,5089,Marion,2016,2020,Asian/Pacific Islander (includes Hispanic),
5,Arkansas,5089,Marion,2016,2020,Black (includes Hispanic),
5,Arkansas,5089,Marion,2016,2020,Hispanic (all races),
5,Arkansas,5089,Marion,2016,2020,American Indian/Alaskan Native (includes Hispanic),
5,Arkansas,5089,Marion,2016,2020,White (includes Hispanic),7.5
5,Arkansas,5091,Miller,2011,2015,Asian/Pacific Islander (includes Hispanic),
5,Arkansas,5091,Miller,2011,2015,Black (includes Hispanic),13.3
5,Arkansas,5091,Miller,2011,2015,Hispanic (all races),
5,Arkansas,5091,Miller,2011,2015,American Indian/Alaskan Native (includes Hispanic),
5,Arkansas,5091,Miller,2011,2015,White (includes Hispanic),10.5
5,Arkansas,5091,Miller,2012,2016,Asian/Pacific Islander (includes Hispanic),
5,Arkansas,5091,Miller,2012,2016,Black (includes Hispanic),12.5
5,Arkansas,5091,Miller,2012,2016,Hispanic (all races),
5,Arkansas,5091,Miller,2012,2016,American Indian/Alaskan Native (includes Hispanic),
5,Arkansas,5091,Miller,2012,2016,White (includes Hispanic),10.0
5,Arkansas,5091,Miller,2013,2017,Asian/Pacific Islander (includes Hispanic),
5,Arkansas,5091,Miller,2013,2017,Black (includes Hispanic),12.2
5,Arkansas,5091,Miller,2013,2017,Hispanic (all races),
5,Arkansas,5091,Miller,2013,2017,American Indian/Alaskan Native (includes Hispanic),
5,Arkansas,5091,Miller,2013,2017,White (includes Hispanic),10.4
5,Arkansas,5091,Miller,2014,2018,Asian/Pacific Islander (includes Hispanic),
5,Arkansas,5091,Miller,2014,2018,Black (includes Hispanic),10.8
5,Arkansas,5091,Miller,2014,2018,Hispanic (all races),
5,Arkansas,5091,Miller,2014,2018,American Indian/Alaskan Native (includes Hispanic),
5,Arkansas,5091,Miller,2014,2018,White (includes Hispanic),10.8
5,Arkansas,5091,Miller,2015,2019,Asian/Pacific Islander (includes Hispanic),
5,Arkansas,5091,Miller,2015,2019,Black (includes Hispanic),10.9
5,Arkansas,5091,Miller,2015,2019,Hispanic (all races),
5,Arkansas,5091,Miller,2015,2019,American Indian/Alaskan Native (includes Hispanic),
5,Arkansas,5091,Miller,2015,2019,White (includes Hispanic),10.7
5,Arkansas,5091,Miller,2016,2020,Asian/Pacific Islander (includes Hispanic),
5,Arkansas,5091,Miller,2016,2020,Black (includes Hispanic),10.2
5,Arkansas,5091,Miller,2016,2020,Hispanic (all races),
5,Arkansas,5091,Miller,2016,2020,American Indian/Alaskan Native (includes Hispanic),
5,Arkansas,5091,Miller,2016,2020,White (includes Hispanic),10.4
5,Arkansas,5093,Mississippi,2011,2015,Asian/Pacific Islander (includes Hispanic),
5,Arkansas,5093,Mississippi,2011,2015,Black (includes Hispanic),13.6
5,Arkansas,5093,Mississippi,2011,2015,Hispanic (all races),
5,Arkansas,5093,Mississippi,2011,2015,American Indian/Alaskan Native (includes Hispanic),
5,Arkansas,5093,Mississippi,2011,2015,White (includes Hispanic),8.5
5,Arkansas,5093,Mississippi,2012,2016,Asian/Pacific Islander (includes Hispanic),
5,Arkansas,5093,Mississippi,2012,2016,Black (includes Hispanic),12.9
5,Arkansas,5093,Mississippi,2012,2016,Hispanic (all races),
5,Arkansas,5093,Mississippi,2012,2016,American Indian/Alaskan Native (includes Hispanic),
5,Arkansas,5093,Mississippi,2012,2016,White (includes Hispanic),8.7
5,Arkansas,5093,Mississippi,2013,2017,Asian/Pacific Islander (includes Hispanic),
5,Arkansas,5093,Mississippi,2013,2017,Black (includes Hispanic),12.8
5,Arkansas,5093,Mississippi,2013,2017,Hispanic (all races),
5,Arkansas,5093,Mississippi,2013,2017,American Indian/Alaskan Native (includes Hispanic),
5,Arkansas,5093,Mississippi,2013,2017,White (includes Hispanic),8.3
5,Arkansas,5093,Mississippi,2014,2018,Asian/Pacific Islander (includes Hispanic),
5,Arkansas,5093,Mississippi,2014,2018,Black (includes Hispanic),12.0
5,Arkansas,5093,Mississippi,2014,2018,Hispanic (all races),
5,Arkansas,5093,Mississippi,2014,2018,American Indian/Alaskan Native (includes Hispanic),
5,Arkansas,5093,Mississippi,2014,2018,White (includes Hispanic),9.0
5,Arkansas,5093,Mississippi,2015,2019,Asian/Pacific Islander (includes Hispanic),
5,Arkansas,5093,Mississippi,2015,2019,Black (includes Hispanic),11.3
5,Arkansas,5093,Mississippi,2015,2019,Hispanic (all races),
5,Arkansas,5093,Mississippi,2015,2019,American Indian/Alaskan Native (includes Hispanic),
5,Arkansas,5093,Mississippi,2015,2019,White (includes Hispanic),8.9
5,Arkansas,5093,Mississippi,2016,2020,Asian/Pacific Islander (includes Hispanic),
5,Arkansas,5093,Mississippi,2016,2020,Black (includes Hispanic),10.5
5,Arkansas,5093,Mississippi,2016,2020,Hispanic (all races),
5,Arkansas,5093,Mississippi,2016,2020,American Indian/Alaskan Native (includes Hispanic),
5,Arkansas,5093,Mississippi,2016,2020,White (includes Hispanic),9.3
5,Arkansas,5095,Monroe,2011,2015,Asian/Pacific Islander (includes Hispanic),
5,Arkansas,5095,Monroe,2011,2015,Black (includes Hispanic),
5,Arkansas,5095,Monroe,2011,2015,Hispanic (all races),
5,Arkansas,5095,Monroe,2011,2015,American Indian/Alaskan Native (includes Hispanic),
5,Arkansas,5095,Monroe,2011,2015,White (includes Hispanic),14.6
5,Arkansas,5095,Monroe,2012,2016,Asian/Pacific Islander (includes Hispanic),
5,Arkansas,5095,Monroe,2012,2016,Black (includes Hispanic),
5,Arkansas,5095,Monroe,2012,2016,Hispanic (all races),
5,Arkansas,5095,Monroe,2012,2016,American Indian/Alaskan Native (includes Hispanic),
5,Arkansas,5095,Monroe,2012,2016,White (includes Hispanic),17.5
5,Arkansas,5095,Monroe,2013,2017,Asian/Pacific Islander (includes Hispanic),
5,Arkansas,5095,Monroe,2013,2017,Black (includes Hispanic),
5,Arkansas,5095,Monroe,2013,2017,Hispanic (all races),
5,Arkansas,5095,Monroe,2013,2017,American Indian/Alaskan Native (includes Hispanic),
5,Arkansas,5095,Monroe,2013,2017,White (includes Hispanic),13.9
5,Arkansas,5095,Monroe,2014,2018,Asian/Pacific Islander (includes Hispanic),
5,Arkansas,5095,Monroe,2014,2018,Black (includes Hispanic),
5,Arkansas,5095,Monroe,2014,2018,Hispanic (all races),
5,Arkansas,5095,Monroe,2014,2018,American Indian/Alaskan Native (includes Hispanic),
5,Arkansas,5095,Monroe,2014,2018,White (includes Hispanic),10.8
5,Arkansas,5095,Monroe,2015,2019,Asian/Pacific Islander (includes Hispanic),
5,Arkansas,5095,Monroe,2015,2019,Black (includes Hispanic),
5,Arkansas,5095,Monroe,2015,2019,Hispanic (all races),
5,Arkansas,5095,Monroe,2015,2019,American Indian/Alaskan Native (includes Hispanic),
5,Arkansas,5095,Monroe,2015,2019,White (includes Hispanic),13.8
5,Arkansas,5095,Monroe,2016,2020,Asian/Pacific Islander (includes Hispanic),
5,Arkansas,5095,Monroe,2016,2020,Black (includes Hispanic),
5,Arkansas,5095,Monroe,2016,2020,Hispanic (all races),
5,Arkansas,5095,Monroe,2016,2020,American Indian/Alaskan Native (includes Hispanic),
5,Arkansas,5095,Monroe,2016,2020,White (includes Hispanic),11.4
5,Arkansas,5097,Montgomery,2011,2015,Asian/Pacific Islander (includes Hispanic),
5,Arkansas,5097,Montgomery,2011,2015,Black (includes Hispanic),
5,Arkansas,5097,Montgomery,2011,2015,Hispanic (all races),
5,Arkansas,5097,Montgomery,2011,2015,American Indian/Alaskan Native (includes Hispanic),
5,Arkansas,5097,Montgomery,2011,2015,White (includes Hispanic),11.2
5,Arkansas,5097,Montgomery,2012,2016,Asian/Pacific Islander (includes Hispanic),
5,Arkansas,5097,Montgomery,2012,2016,Black (includes Hispanic),
5,Arkansas,5097,Montgomery,2012,2016,Hispanic (all races),
5,Arkansas,5097,Montgomery,2012,2016,American Indian/Alaskan Native (includes Hispanic),
5,Arkansas,5097,Montgomery,2012,2016,White (includes Hispanic),11.0
5,Arkansas,5097,Montgomery,2013,2017,Asian/Pacific Islander (includes Hispanic),
5,Arkansas,5097,Montgomery,2013,2017,Black (includes Hispanic),
5,Arkansas,5097,Montgomery,2013,2017,Hispanic (all races),
5,Arkansas,5097,Montgomery,2013,2017,American Indian/Alaskan Native (includes Hispanic),
5,Arkansas,5097,Montgomery,2013,2017,White (includes Hispanic),11.7
5,Arkansas,5097,Montgomery,2014,2018,Asian/Pacific Islander (includes Hispanic),
5,Arkansas,5097,Montgomery,2014,2018,Black (includes Hispanic),
5,Arkansas,5097,Montgomery,2014,2018,Hispanic (all races),
5,Arkansas,5097,Montgomery,2014,2018,American Indian/Alaskan Native (includes Hispanic),
5,Arkansas,5097,Montgomery,2014,2018,White (includes Hispanic),11.5
5,Arkansas,5097,Montgomery,2015,2019,Asian/Pacific Islander (includes Hispanic),
5,Arkansas,5097,Montgomery,2015,2019,Black (includes Hispanic),
5,Arkansas,5097,Montgomery,2015,2019,Hispanic (all races),
5,Arkansas,5097,Montgomery,2015,2019,American Indian/Alaskan Native (includes Hispanic),
5,Arkansas,5097,Montgomery,2015,2019,White (includes Hispanic),10.8
5,Arkansas,5097,Montgomery,2016,2020,Asian/Pacific Islander (includes Hispanic),
5,Arkansas,5097,Montgomery,2016,2020,Black (includes Hispanic),
5,Arkansas,5097,Montgomery,2016,2020,Hispanic (all races),
5,Arkansas,5097,Montgomery,2016,2020,American Indian/Alaskan Native (includes Hispanic),
5,Arkansas,5097,Montgomery,2016,2020,White (includes Hispanic),9.2
5,Arkansas,5099,Nevada,2011,2015,Asian/Pacific Islander (includes Hispanic),
5,Arkansas,5099,Nevada,2011,2015,Black (includes Hispanic),
5,Arkansas,5099,Nevada,2011,2015,Hispanic (all races),
5,Arkansas,5099,Nevada,2011,2015,American Indian/Alaskan Native (includes Hispanic),
5,Arkansas,5099,Nevada,2011,2015,White (includes Hispanic),
5,Arkansas,5099,Nevada,2012,2016,Asian/Pacific Islander (includes Hispanic),
5,Arkansas,5099,Nevada,2012,2016,Black (includes Hispanic),
5,Arkansas,5099,Nevada,2012,2016,Hispanic (all races),
5,Arkansas,5099,Nevada,2012,2016,American Indian/Alaskan Native (includes Hispanic),
5,Arkansas,5099,Nevada,2012,2016,White (includes Hispanic),8.8
5,Arkansas,5099,Nevada,2013,2017,Asian/Pacific Islander (includes Hispanic),
5,Arkansas,5099,Nevada,2013,2017,Black (includes Hispanic),
5,Arkansas,5099,Nevada,2013,2017,Hispanic (all races),
5,Arkansas,5099,Nevada,2013,2017,American Indian/Alaskan Native (includes Hispanic),
5,Arkansas,5099,Nevada,2013,2017,White (includes Hispanic),9.1
5,Arkansas,5099,Nevada,2014,2018,Asian/Pacific Islander (includes Hispanic),
5,Arkansas,5099,Nevada,2014,2018,Black (includes Hispanic),
5,Arkansas,5099,Nevada,2014,2018,Hispanic (all races),
5,Arkansas,5099,Nevada,2014,2018,American Indian/Alaskan Native (includes Hispanic),
5,Arkansas,5099,Nevada,2014,2018,White (includes Hispanic),10.3
5,Arkansas,5099,Nevada,2015,2019,Asian/Pacific Islander (includes Hispanic),
5,Arkansas,5099,Nevada,2015,2019,Black (includes Hispanic),
5,Arkansas,5099,Nevada,2015,2019,Hispanic (all races),
5,Arkansas,5099,Nevada,2015,2019,American Indian/Alaskan Native (includes Hispanic),
5,Arkansas,5099,Nevada,2015,2019,White (includes Hispanic),11.4
5,Arkansas,5099,Nevada,2016,2020,Asian/Pacific Islander (includes Hispanic),
5,Arkansas,5099,Nevada,2016,2020,Black (includes Hispanic),
5,Arkansas,5099,Nevada,2016,2020,Hispanic (all races),
5,Arkansas,5099,Nevada,2016,2020,American Indian/Alaskan Native (includes Hispanic),
5,Arkansas,5099,Nevada,2016,2020,White (includes Hispanic),10.1
5,Arkansas,5101,Newton,2011,2015,Asian/Pacific Islander (includes Hispanic),
5,Arkansas,5101,Newton,2011,2015,Black (includes Hispanic),
5,Arkansas,5101,Newton,2011,2015,Hispanic (all races),
5,Arkansas,5101,Newton,2011,2015,American Indian/Alaskan Native (includes Hispanic),
5,Arkansas,5101,Newton,2011,2015,White (includes Hispanic),8.4
5,Arkansas,5101,Newton,2012,2016,Asian/Pacific Islander (includes Hispanic),
5,Arkansas,5101,Newton,2012,2016,Black (includes Hispanic),
5,Arkansas,5101,Newton,2012,2016,Hispanic (all races),
5,Arkansas,5101,Newton,2012,2016,American Indian/Alaskan Native (includes Hispanic),
5,Arkansas,5101,Newton,2012,2016,White (includes Hispanic),7.2
5,Arkansas,5101,Newton,2013,2017,Asian/Pacific Islander (includes Hispanic),
5,Arkansas,5101,Newton,2013,2017,Black (includes Hispanic),
5,Arkansas,5101,Newton,2013,2017,Hispanic (all races),
5,Arkansas,5101,Newton,2013,2017,American Indian/Alaskan Native (includes Hispanic),
5,Arkansas,5101,Newton,2013,2017,White (includes Hispanic),6.7
5,Arkansas,5101,Newton,2014,2018,Asian/Pacific Islander (includes Hispanic),
5,Arkansas,5101,Newton,2014,2018,Black (includes Hispanic),
5,Arkansas,5101,Newton,2014,2018,Hispanic (all races),
5,Arkansas,5101,Newton,2014,2018,American Indian/Alaskan Native (includes Hispanic),
5,Arkansas,5101,Newton,2014,2018,White (includes Hispanic),6.3
5,Arkansas,5101,Newton,2015,2019,Asian/Pacific Islander (includes Hispanic),
5,Arkansas,5101,Newton,2015,2019,Black (includes Hispanic),
5,Arkansas,5101,Newton,2015,2019,Hispanic (all races),
5,Arkansas,5101,Newton,2015,2019,American Indian/Alaskan Native (includes Hispanic),
5,Arkansas,5101,Newton,2015,2019,White (includes Hispanic),6.4
5,Arkansas,5101,Newton,2016,2020,Asian/Pacific Islander (includes Hispanic),
5,Arkansas,5101,Newton,2016,2020,Black (includes Hispanic),
5,Arkansas,5101,Newton,2016,2020,Hispanic (all races),
5,Arkansas,5101,Newton,2016,2020,American Indian/Alaskan Native (includes Hispanic),
5,Arkansas,5101,Newton,2016,2020,White (includes Hispanic),6.3
5,Arkansas,5103,Ouachita,2011,2015,Asian/Pacific Islander (includes Hispanic),
5,Arkansas,5103,Ouachita,2011,2015,Black (includes Hispanic),
5,Arkansas,5103,Ouachita,2011,2015,Hispanic (all races),
5,Arkansas,5103,Ouachita,2011,2015,American Indian/Alaskan Native (includes Hispanic),
5,Arkansas,5103,Ouachita,2011,2015,White (includes Hispanic),7.6
5,Arkansas,5103,Ouachita,2012,2016,Asian/Pacific Islander (includes Hispanic),
5,Arkansas,5103,Ouachita,2012,2016,Black (includes Hispanic),
5,Arkansas,5103,Ouachita,2012,2016,Hispanic (all races),
5,Arkansas,5103,Ouachita,2012,2016,American Indian/Alaskan Native (includes Hispanic),
5,Arkansas,5103,Ouachita,2012,2016,White (includes Hispanic),9.4
5,Arkansas,5103,Ouachita,2013,2017,Asian/Pacific Islander (includes Hispanic),
5,Arkansas,5103,Ouachita,2013,2017,Black (includes Hispanic),
5,Arkansas,5103,Ouachita,2013,2017,Hispanic (all races),
5,Arkansas,5103,Ouachita,2013,2017,American Indian/Alaskan Native (includes Hispanic),
5,Arkansas,5103,Ouachita,2013,2017,White (includes Hispanic),10.1
5,Arkansas,5103,Ouachita,2014,2018,Asian/Pacific Islander (includes Hispanic),
5,Arkansas,5103,Ouachita,2014,2018,Black (includes Hispanic),14.7
5,Arkansas,5103,Ouachita,2014,2018,Hispanic (all races),
5,Arkansas,5103,Ouachita,2014,2018,American Indian/Alaskan Native (includes Hispanic),
5,Arkansas,5103,Ouachita,2014,2018,White (includes Hispanic),11.6
5,Arkansas,5103,Ouachita,2015,2019,Asian/Pacific Islander (includes Hispanic),
5,Arkansas,5103,Ouachita,2015,2019,Black (includes Hispanic),15.8
5,Arkansas,5103,Ouachita,2015,2019,Hispanic (all races),
5,Arkansas,5103,Ouachita,2015,2019,American Indian/Alaskan Native (includes Hispanic),
5,Arkansas,5103,Ouachita,2015,2019,White (includes Hispanic),12.3
5,Arkansas,5103,Ouachita,2016,2020,Asian/Pacific Islander (includes Hispanic),
5,Arkansas,5103,Ouachita,2016,2020,Black (includes Hispanic),14.9
5,Arkansas,5103,Ouachita,2016,2020,Hispanic (all races),
5,Arkansas,5103,Ouachita,2016,2020,American Indian/Alaskan Native (includes Hispanic),
5,Arkansas,5103,Ouachita,2016,2020,White (includes Hispanic),10.7
5,Arkansas,5105,Perry,2011,2015,Asian/Pacific Islander (includes Hispanic),
5,Arkansas,5105,Perry,2011,2015,Black (includes Hispanic),10.8
5,Arkansas,5105,Perry,2011,2015,Hispanic (all races),
5,Arkansas,5105,Perry,2011,2015,American Indian/Alaskan Native (includes Hispanic),
5,Arkansas,5105,Perry,2011,2015,White (includes Hispanic),7.9
5,Arkansas,5105,Perry,2012,2016,Asian/Pacific Islander (includes Hispanic),
5,Arkansas,5105,Perry,2012,2016,Black (includes Hispanic),9.5
5,Arkansas,5105,Perry,2012,2016,Hispanic (all races),
5,Arkansas,5105,Perry,2012,2016,American Indian/Alaskan Native (includes Hispanic),
5,Arkansas,5105,Perry,2012,2016,White (includes Hispanic),8.6
5,Arkansas,5105,Perry,2013,2017,Asian/Pacific Islander (includes Hispanic),
5,Arkansas,5105,Perry,2013,2017,Black (includes Hispanic),9.6
5,Arkansas,5105,Perry,2013,2017,Hispanic (all races),
5,Arkansas,5105,Perry,2013,2017,American Indian/Alaskan Native (includes Hispanic),
5,Arkansas,5105,Perry,2013,2017,White (includes Hispanic),8.5
5,Arkansas,5105,Perry,2014,2018,Asian/Pacific Islander (includes Hispanic),
5,Arkansas,5105,Perry,2014,2018,Black (includes Hispanic),10.3
5,Arkansas,5105,Perry,2014,2018,Hispanic (all races),
5,Arkansas,5105,Perry,2014,2018,American Indian/Alaskan Native (includes Hispanic),
5,Arkansas,5105,Perry,2014,2018,White (includes Hispanic),8.5
5,Arkansas,5105,Perry,2015,2019,Asian/Pacific Islander (includes Hispanic),
5,Arkansas,5105,Perry,2015,2019,Black (includes Hispanic),8.8
5,Arkansas,5105,Perry,2015,2019,Hispanic (all races),
5,Arkansas,5105,Perry,2015,2019,American Indian/Alaskan Native (includes Hispanic),
5,Arkansas,5105,Perry,2015,2019,White (includes Hispanic),8.5
5,Arkansas,5105,Perry,2016,2020,Asian/Pacific Islander (includes Hispanic),
5,Arkansas,5105,Perry,2016,2020,Black (includes Hispanic),8.7
5,Arkansas,5105,Perry,2016,2020,Hispanic (all races),
5,Arkansas,5105,Perry,2016,2020,American Indian/Alaskan Native (includes Hispanic),
5,Arkansas,5105,Perry,2016,2020,White (includes Hispanic),7.9
5,Arkansas,5107,Phillips,2011,2015,Asian/Pacific Islander (includes Hispanic),
5,Arkansas,5107,Phillips,2011,2015,Black (includes Hispanic),15.7
5,Arkansas,5107,Phillips,2011,2015,Hispanic (all races),
5,Arkansas,5107,Phillips,2011,2015,American Indian/Alaskan Native (includes Hispanic),
5,Arkansas,5107,Phillips,2011,2015,White (includes Hispanic),13.2
5,Arkansas,5107,Phillips,2012,2016,Asian/Pacific Islander (includes Hispanic),
5,Arkansas,5107,Phillips,2012,2016,Black (includes Hispanic),12.5
5,Arkansas,5107,Phillips,2012,2016,Hispanic (all races),
5,Arkansas,5107,Phillips,2012,2016,American Indian/Alaskan Native (includes Hispanic),
5,Arkansas,5107,Phillips,2012,2016,White (includes Hispanic),15.2
5,Arkansas,5107,Phillips,2013,2017,Asian/Pacific Islander (includes Hispanic),
5,Arkansas,5107,Phillips,2013,2017,Black (includes Hispanic),9.6
5,Arkansas,5107,Phillips,2013,2017,Hispanic (all races),
5,Arkansas,5107,Phillips,2013,2017,American Indian/Alaskan Native (includes Hispanic),
5,Arkansas,5107,Phillips,2013,2017,White (includes Hispanic),12.0
5,Arkansas,5107,Phillips,2014,2018,Asian/Pacific Islander (includes Hispanic),
5,Arkansas,5107,Phillips,2014,2018,Black (includes Hispanic),
5,Arkansas,5107,Phillips,2014,2018,Hispanic (all races),
5,Arkansas,5107,Phillips,2014,2018,American Indian/Alaskan Native (includes Hispanic),
5,Arkansas,5107,Phillips,2014,2018,White (includes Hispanic),12.3
5,Arkansas,5107,Phillips,2015,2019,Asian/Pacific Islander (includes Hispanic),
5,Arkansas,5107,Phillips,2015,2019,Black (includes Hispanic),
5,Arkansas,5107,Phillips,2015,2019,Hispanic (all races),
5,Arkansas,5107,Phillips,2015,2019,American Indian/Alaskan Native (includes Hispanic),
5,Arkansas,5107,Phillips,2015,2019,White (includes Hispanic),15.7
5,Arkansas,5107,Phillips,2016,2020,Asian/Pacific Islander (includes Hispanic),
5,Arkansas,5107,Phillips,2016,2020,Black (includes Hispanic),
5,Arkansas,5107,Phillips,2016,2020,Hispanic (all races),
5,Arkansas,5107,Phillips,2016,2020,American Indian/Alaskan Native (includes Hispanic),
5,Arkansas,5107,Phillips,2016,2020,White (includes Hispanic),
5,Arkansas,5109,Pike,2011,2015,Asian/Pacific Islander (includes Hispanic),
5,Arkansas,5109,Pike,2011,2015,Black (includes Hispanic),
5,Arkansas,5109,Pike,2011,2015,Hispanic (all races),
5,Arkansas,5109,Pike,2011,2015,American Indian/Alaskan Native (includes Hispanic),
5,Arkansas,5109,Pike,2011,2015,White (includes Hispanic),8.8
5,Arkansas,5109,Pike,2012,2016,Asian/Pacific Islander (includes Hispanic),
5,Arkansas,5109,Pike,2012,2016,Black (includes Hispanic),
5,Arkansas,5109,Pike,2012,2016,Hispanic (all races),
5,Arkansas,5109,Pike,2012,2016,American Indian/Alaskan Native (includes Hispanic),
5,Arkansas,5109,Pike,2012,2016,White (includes Hispanic),
5,Arkansas,5109,Pike,2013,2017,Asian/Pacific Islander (includes Hispanic),
5,Arkansas,5109,Pike,2013,2017,Black (includes Hispanic),
5,Arkansas,5109,Pike,2013,2017,Hispanic (all races),
5,Arkansas,5109,Pike,2013,2017,American Indian/Alaskan Native (includes Hispanic),
5,Arkansas,5109,Pike,2013,2017,White (includes Hispanic),8.6
5,Arkansas,5109,Pike,2014,2018,Asian/Pacific Islander (includes Hispanic),
5,Arkansas,5109,Pike,2014,2018,Black (includes Hispanic),
5,Arkansas,5109,Pike,2014,2018,Hispanic (all races),
5,Arkansas,5109,Pike,2014,2018,American Indian/Alaskan Native (includes Hispanic),
5,Arkansas,5109,Pike,2014,2018,White (includes Hispanic),8.7
5,Arkansas,5109,Pike,2015,2019,Asian/Pacific Islander (includes Hispanic),
5,Arkansas,5109,Pike,2015,2019,Black (includes Hispanic),
5,Arkansas,5109,Pike,2015,2019,Hispanic (all races),
5,Arkansas,5109,Pike,2015,2019,American Indian/Alaskan Native (includes Hispanic),
5,Arkansas,5109,Pike,2015,2019,White (includes Hispanic),
5,Arkansas,5109,Pike,2016,2020,Asian/Pacific Islander (includes Hispanic),
5,Arkansas,5109,Pike,2016,2020,Black (includes Hispanic),
5,Arkansas,5109,Pike,2016,2020,Hispanic (all races),
5,Arkansas,5109,Pike,2016,2020,American Indian/Alaskan Native (includes Hispanic),
5,Arkansas,5109,Pike,2016,2020,White (includes Hispanic),
5,Arkansas,5111,Poinsett,2011,2015,Asian/Pacific Islander (includes Hispanic),
5,Arkansas,5111,Poinsett,2011,2015,Black (includes Hispanic),14.7
5,Arkansas,5111,Poinsett,2011,2015,Hispanic (all races),
5,Arkansas,5111,Poinsett,2011,2015,American Indian/Alaskan Native (includes Hispanic),
5,Arkansas,5111,Poinsett,2011,2015,White (includes Hispanic),10.7
5,Arkansas,5111,Poinsett,2012,2016,Asian/Pacific Islander (includes Hispanic),
5,Arkansas,5111,Poinsett,2012,2016,Black (includes Hispanic),13.7
5,Arkansas,5111,Poinsett,2012,2016,Hispanic (all races),
5,Arkansas,5111,Poinsett,2012,2016,American Indian/Alaskan Native (includes Hispanic),
5,Arkansas,5111,Poinsett,2012,2016,White (includes Hispanic),10.2
5,Arkansas,5111,Poinsett,2013,2017,Asian/Pacific Islander (includes Hispanic),
5,Arkansas,5111,Poinsett,2013,2017,Black (includes Hispanic),12.8
5,Arkansas,5111,Poinsett,2013,2017,Hispanic (all races),
5,Arkansas,5111,Poinsett,2013,2017,American Indian/Alaskan Native (includes Hispanic),
5,Arkansas,5111,Poinsett,2013,2017,White (includes Hispanic),11.1
5,Arkansas,5111,Poinsett,2014,2018,Asian/Pacific Islander (includes Hispanic),
5,Arkansas,5111,Poinsett,2014,2018,Black (includes Hispanic),10.7
5,Arkansas,5111,Poinsett,2014,2018,Hispanic (all races),
5,Arkansas,5111,Poinsett,2014,2018,American Indian/Alaskan Native (includes Hispanic),
5,Arkansas,5111,Poinsett,2014,2018,White (includes Hispanic),11.9
5,Arkansas,5111,Poinsett,2015,2019,Asian/Pacific Islander (includes Hispanic),
5,Arkansas,5111,Poinsett,2015,2019,Black (includes Hispanic),12.6
5,Arkansas,5111,Poinsett,2015,2019,Hispanic (all races),
5,Arkansas,5111,Poinsett,2015,2019,American Indian/Alaskan Native (includes Hispanic),
5,Arkansas,5111,Poinsett,2015,2019,White (includes Hispanic),12.2
5,Arkansas,5111,Poinsett,2016,2020,Asian/Pacific Islander (includes Hispanic),
5,Arkansas,5111,Poinsett,2016,2020,Black (includes Hispanic),10.6
5,Arkansas,5111,Poinsett,2016,2020,Hispanic (all races),
5,Arkansas,5111,Poinsett,2016,2020,American Indian/Alaskan Native (includes Hispanic),
5,Arkansas,5111,Poinsett,2016,2020,White (includes Hispanic),13.5
5,Arkansas,5113,Polk,2011,2015,Asian/Pacific Islander (includes Hispanic),
5,Arkansas,5113,Polk,2011,2015,Black (includes Hispanic),
5,Arkansas,5113,Polk,2011,2015,Hispanic (all races),
5,Arkansas,5113,Polk,2011,2015,American Indian/Alaskan Native (includes Hispanic),
5,Arkansas,5113,Polk,2011,2015,White (includes Hispanic),10.0
5,Arkansas,5113,Polk,2012,2016,Asian/Pacific Islander (includes Hispanic),
5,Arkansas,5113,Polk,2012,2016,Black (includes Hispanic),
5,Arkansas,5113,Polk,2012,2016,Hispanic (all races),
5,Arkansas,5113,Polk,2012,2016,American Indian/Alaskan Native (includes Hispanic),
5,Arkansas,5113,Polk,2012,2016,White (includes Hispanic),9.4
5,Arkansas,5113,Polk,2013,2017,Asian/Pacific Islander (includes Hispanic),
5,Arkansas,5113,Polk,2013,2017,Black (includes Hispanic),
5,Arkansas,5113,Polk,2013,2017,Hispanic (all races),
5,Arkansas,5113,Polk,2013,2017,American Indian/Alaskan Native (includes Hispanic),
5,Arkansas,5113,Polk,2013,2017,White (includes Hispanic),10.3
5,Arkansas,5113,Polk,2014,2018,Asian/Pacific Islander (includes Hispanic),
5,Arkansas,5113,Polk,2014,2018,Black (includes Hispanic),
5,Arkansas,5113,Polk,2014,2018,Hispanic (all races),
5,Arkansas,5113,Polk,2014,2018,American Indian/Alaskan Native (includes Hispanic),
5,Arkansas,5113,Polk,2014,2018,White (includes Hispanic),11.7
5,Arkansas,5113,Polk,2015,2019,Asian/Pacific Islander (includes Hispanic),
5,Arkansas,5113,Polk,2015,2019,Black (includes Hispanic),
5,Arkansas,5113,Polk,2015,2019,Hispanic (all races),
5,Arkansas,5113,Polk,2015,2019,American Indian/Alaskan Native (includes Hispanic),
5,Arkansas,5113,Polk,2015,2019,White (includes Hispanic),11.4
5,Arkansas,5113,Polk,2016,2020,Asian/Pacific Islander (includes Hispanic),
5,Arkansas,5113,Polk,2016,2020,Black (includes Hispanic),
5,Arkansas,5113,Polk,2016,2020,Hispanic (all races),
5,Arkansas,5113,Polk,2016,2020,American Indian/Alaskan Native (includes Hispanic),
5,Arkansas,5113,Polk,2016,2020,White (includes Hispanic),11.8
5,Arkansas,5115,Pope,2011,2015,Asian/Pacific Islander (includes Hispanic),
5,Arkansas,5115,Pope,2011,2015,Black (includes Hispanic),
5,Arkansas,5115,Pope,2011,2015,Hispanic (all races),
5,Arkansas,5115,Pope,2011,2015,American Indian/Alaskan Native (includes Hispanic),
5,Arkansas,5115,Pope,2011,2015,White (includes Hispanic),9.1
5,Arkansas,5115,Pope,2012,2016,Asian/Pacific Islander (includes Hispanic),
5,Arkansas,5115,Pope,2012,2016,Black (includes Hispanic),
5,Arkansas,5115,Pope,2012,2016,Hispanic (all races),
5,Arkansas,5115,Pope,2012,2016,American Indian/Alaskan Native (includes Hispanic),
5,Arkansas,5115,Pope,2012,2016,White (includes Hispanic),9.0
5,Arkansas,5115,Pope,2013,2017,Asian/Pacific Islander (includes Hispanic),
5,Arkansas,5115,Pope,2013,2017,Black (includes Hispanic),
5,Arkansas,5115,Pope,2013,2017,Hispanic (all races),
5,Arkansas,5115,Pope,2013,2017,American Indian/Alaskan Native (includes Hispanic),
5,Arkansas,5115,Pope,2013,2017,White (includes Hispanic),7.8
5,Arkansas,5115,Pope,2014,2018,Asian/Pacific Islander (includes Hispanic),
5,Arkansas,5115,Pope,2014,2018,Black (includes Hispanic),
5,Arkansas,5115,Pope,2014,2018,Hispanic (all races),
5,Arkansas,5115,Pope,2014,2018,American Indian/Alaskan Native (includes Hispanic),
5,Arkansas,5115,Pope,2014,2018,White (includes Hispanic),8.8
5,Arkansas,5115,Pope,2015,2019,Asian/Pacific Islander (includes Hispanic),
5,Arkansas,5115,Pope,2015,2019,Black (includes Hispanic),
5,Arkansas,5115,Pope,2015,2019,Hispanic (all races),
5,Arkansas,5115,Pope,2015,2019,American Indian/Alaskan Native (includes Hispanic),
5,Arkansas,5115,Pope,2015,2019,White (includes Hispanic),8.1
5,Arkansas,5115,Pope,2016,2020,Asian/Pacific Islander (includes Hispanic),
5,Arkansas,5115,Pope,2016,2020,Black (includes Hispanic),
5,Arkansas,5115,Pope,2016,2020,Hispanic (all races),
5,Arkansas,5115,Pope,2016,2020,American Indian/Alaskan Native (includes Hispanic),
5,Arkansas,5115,Pope,2016,2020,White (includes Hispanic),8.7
5,Arkansas,5117,Prairie,2011,2015,Asian/Pacific Islander (includes Hispanic),
5,Arkansas,5117,Prairie,2011,2015,Black (includes Hispanic),
5,Arkansas,5117,Prairie,2011,2015,Hispanic (all races),
5,Arkansas,5117,Prairie,2011,2015,American Indian/Alaskan Native (includes Hispanic),
5,Arkansas,5117,Prairie,2011,2015,White (includes Hispanic),10.1
5,Arkansas,5117,Prairie,2012,2016,Asian/Pacific Islander (includes Hispanic),
5,Arkansas,5117,Prairie,2012,2016,Black (includes Hispanic),
5,Arkansas,5117,Prairie,2012,2016,Hispanic (all races),
5,Arkansas,5117,Prairie,2012,2016,American Indian/Alaskan Native (includes Hispanic),
5,Arkansas,5117,Prairie,2012,2016,White (includes Hispanic),12.0
5,Arkansas,5117,Prairie,2013,2017,Asian/Pacific Islander (includes Hispanic),
5,Arkansas,5117,Prairie,2013,2017,Black (includes Hispanic),
5,Arkansas,5117,Prairie,2013,2017,Hispanic (all races),
5,Arkansas,5117,Prairie,2013,2017,American Indian/Alaskan Native (includes Hispanic),
5,Arkansas,5117,Prairie,2013,2017,White (includes Hispanic),12.5
5,Arkansas,5117,Prairie,2014,2018,Asian/Pacific Islander (includes Hispanic),
5,Arkansas,5117,Prairie,2014,2018,Black (includes Hispanic),
5,Arkansas,5117,Prairie,2014,2018,Hispanic (all races),
5,Arkansas,5117,Prairie,2014,2018,American Indian/Alaskan Native (includes Hispanic),
5,Arkansas,5117,Prairie,2014,2018,White (includes Hispanic),11.3
5,Arkansas,5117,Prairie,2015,2019,Asian/Pacific Islander (includes Hispanic),
5,Arkansas,5117,Prairie,2015,2019,Black (includes Hispanic),
5,Arkansas,5117,Prairie,2015,2019,Hispanic (all races),
5,Arkansas,5117,Prairie,2015,2019,American Indian/Alaskan Native (includes Hispanic),
5,Arkansas,5117,Prairie,2015,2019,White (includes Hispanic),11.5
5,Arkansas,5117,Prairie,2016,2020,Asian/Pacific Islander (includes Hispanic),
5,Arkansas,5117,Prairie,2016,2020,Black (includes Hispanic),
5,Arkansas,5117,Prairie,2016,2020,Hispanic (all races),
5,Arkansas,5117,Prairie,2016,2020,American Indian/Alaskan Native (includes Hispanic),
5,Arkansas,5117,Prairie,2016,2020,White (includes Hispanic),9.8
5,Arkansas,5119,Pulaski,2011,2015,Asian/Pacific Islander (includes Hispanic),
5,Arkansas,5119,Pulaski,2011,2015,Black (includes Hispanic),10.1
5,Arkansas,5119,Pulaski,2011,2015,Hispanic (all races),
5,Arkansas,5119,Pulaski,2011,2015,American Indian/Alaskan Native (includes Hispanic),
5,Arkansas,5119,Pulaski,2011,2015,White (includes Hispanic),7.1
5,Arkansas,5119,Pulaski,2012,2016,Asian/Pacific Islander (includes Hispanic),
5,Arkansas,5119,Pulaski,2012,2016,Black (includes Hispanic),9.7
5,Arkansas,5119,Pulaski,2012,2016,Hispanic (all races),
5,Arkansas,5119,Pulaski,2012,2016,American Indian/Alaskan Native (includes Hispanic),
5,Arkansas,5119,Pulaski,2012,2016,White (includes Hispanic),8.3
5,Arkansas,5119,Pulaski,2013,2017,Asian/Pacific Islander (includes Hispanic),
5,Arkansas,5119,Pulaski,2013,2017,Black (includes Hispanic),9.7
5,Arkansas,5119,Pulaski,2013,2017,Hispanic (all races),
5,Arkansas,5119,Pulaski,2013,2017,American Indian/Alaskan Native (includes Hispanic),
5,Arkansas,5119,Pulaski,2013,2017,White (includes Hispanic),8.1
5,Arkansas,5119,Pulaski,2014,2018,Asian/Pacific Islander (includes Hispanic),
5,Arkansas,5119,Pulaski,2014,2018,Black (includes Hispanic),10.4
5,Arkansas,5119,Pulaski,2014,2018,Hispanic (all races),
5,Arkansas,5119,Pulaski,2014,2018,American Indian/Alaskan Native (includes Hispanic),
5,Arkansas,5119,Pulaski,2014,2018,White (includes Hispanic),8.4
5,Arkansas,5119,Pulaski,2015,2019,Asian/Pacific Islander (includes Hispanic),
5,Arkansas,5119,Pulaski,2015,2019,Black (includes Hispanic),9.0
5,Arkansas,5119,Pulaski,2015,2019,Hispanic (all races),
5,Arkansas,5119,Pulaski,2015,2019,American Indian/Alaskan Native (includes Hispanic),
5,Arkansas,5119,Pulaski,2015,2019,White (includes Hispanic),8.4
5,Arkansas,5119,Pulaski,2016,2020,Asian/Pacific Islander (includes Hispanic),
5,Arkansas,5119,Pulaski,2016,2020,Black (includes Hispanic),8.4
5,Arkansas,5119,Pulaski,2016,2020,Hispanic (all races),
5,Arkansas,5119,Pulaski,2016,2020,American Indian/Alaskan Native (includes Hispanic),
5,Arkansas,5119,Pulaski,2016,2020,White (includes Hispanic),7.8
5,Arkansas,5121,Randolph,2011,2015,Asian/Pacific Islander (includes Hispanic),
5,Arkansas,5121,Randolph,2011,2015,Black (includes Hispanic),
5,Arkansas,5121,Randolph,2011,2015,Hispanic (all races),
5,Arkansas,5121,Randolph,2011,2015,American Indian/Alaskan Native (includes Hispanic),
5,Arkansas,5121,Randolph,2011,2015,White (includes Hispanic),14.6
5,Arkansas,5121,Randolph,2012,2016,Asian/Pacific Islander (includes Hispanic),
5,Arkansas,5121,Randolph,2012,2016,Black (includes Hispanic),
5,Arkansas,5121,Randolph,2012,2016,Hispanic (all races),
5,Arkansas,5121,Randolph,2012,2016,American Indian/Alaskan Native (includes Hispanic),
5,Arkansas,5121,Randolph,2012,2016,White (includes Hispanic),15.9
5,Arkansas,5121,Randolph,2013,2017,Asian/Pacific Islander (includes Hispanic),
5,Arkansas,5121,Randolph,2013,2017,Black (includes Hispanic),
5,Arkansas,5121,Randolph,2013,2017,Hispanic (all races),
5,Arkansas,5121,Randolph,2013,2017,American Indian/Alaskan Native (includes Hispanic),
5,Arkansas,5121,Randolph,2013,2017,White (includes Hispanic),13.0
5,Arkansas,5121,Randolph,2014,2018,Asian/Pacific Islander (includes Hispanic),
5,Arkansas,5121,Randolph,2014,2018,Black (includes Hispanic),
5,Arkansas,5121,Randolph,2014,2018,Hispanic (all races),
5,Arkansas,5121,Randolph,2014,2018,American Indian/Alaskan Native (includes Hispanic),
5,Arkansas,5121,Randolph,2014,2018,White (includes Hispanic),11.7
5,Arkansas,5121,Randolph,2015,2019,Asian/Pacific Islander (includes Hispanic),
5,Arkansas,5121,Randolph,2015,2019,Black (includes Hispanic),
5,Arkansas,5121,Randolph,2015,2019,Hispanic (all races),
5,Arkansas,5121,Randolph,2015,2019,American Indian/Alaskan Native (includes Hispanic),
5,Arkansas,5121,Randolph,2015,2019,White (includes Hispanic),9.4
5,Arkansas,5121,Randolph,2016,2020,Asian/Pacific Islander (includes Hispanic),
5,Arkansas,5121,Randolph,2016,2020,Black (includes Hispanic),
5,Arkansas,5121,Randolph,2016,2020,Hispanic (all races),
5,Arkansas,5121,Randolph,2016,2020,American Indian/Alaskan Native (includes Hispanic),
5,Arkansas,5121,Randolph,2016,2020,White (includes Hispanic),10.1
5,Arkansas,5125,Saline,2011,2015,Asian/Pacific Islander (includes Hispanic),
5,Arkansas,5125,Saline,2011,2015,Black (includes Hispanic),10.1
5,Arkansas,5125,Saline,2011,2015,Hispanic (all races),
5,Arkansas,5125,Saline,2011,2015,American Indian/Alaskan Native (includes Hispanic),
5,Arkansas,5125,Saline,2011,2015,White (includes Hispanic),8.2
5,Arkansas,5125,Saline,2012,2016,Asian/Pacific Islander (includes Hispanic),
5,Arkansas,5125,Saline,2012,2016,Black (includes Hispanic),9.0
5,Arkansas,5125,Saline,2012,2016,Hispanic (all races),
5,Arkansas,5125,Saline,2012,2016,American Indian/Alaskan Native (includes Hispanic),
5,Arkansas,5125,Saline,2012,2016,White (includes Hispanic),9.1
5,Arkansas,5125,Saline,2013,2017,Asian/Pacific Islander (includes Hispanic),
5,Arkansas,5125,Saline,2013,2017,Black (includes Hispanic),9.6
5,Arkansas,5125,Saline,2013,2017,Hispanic (all races),
5,Arkansas,5125,Saline,2013,2017,American Indian/Alaskan Native (includes Hispanic),
5,Arkansas,5125,Saline,2013,2017,White (includes Hispanic),9.1
5,Arkansas,5125,Saline,2014,2018,Asian/Pacific Islander (includes Hispanic),
5,Arkansas,5125,Saline,2014,2018,Black (includes Hispanic),10.4
5,Arkansas,5125,Saline,2014,2018,Hispanic (all races),
5,Arkansas,5125,Saline,2014,2018,American Indian/Alaskan Native (includes Hispanic),
5,Arkansas,5125,Saline,2014,2018,White (includes Hispanic),9.5
5,Arkansas,5125,Saline,2015,2019,Asian/Pacific Islander (includes Hispanic),
5,Arkansas,5125,Saline,2015,2019,Black (includes Hispanic),8.9
5,Arkansas,5125,Saline,2015,2019,Hispanic (all races),
5,Arkansas,5125,Saline,2015,2019,American Indian/Alaskan Native (includes Hispanic),
5,Arkansas,5125,Saline,2015,2019,White (includes Hispanic),9.4
5,Arkansas,5125,Saline,2016,2020,Asian/Pacific Islander (includes Hispanic),
5,Arkansas,5125,Saline,2016,2020,Black (includes Hispanic),9.3
5,Arkansas,5125,Saline,2016,2020,Hispanic (all races),
5,Arkansas,5125,Saline,2016,2020,American Indian/Alaskan Native (includes Hispanic),
5,Arkansas,5125,Saline,2016,2020,White (includes Hispanic),8.5
5,Arkansas,5127,Scott,2011,2015,Asian/Pacific Islander (includes Hispanic),
5,Arkansas,5127,Scott,2011,2015,Black (includes Hispanic),
5,Arkansas,5127,Scott,2011,2015,Hispanic (all races),
5,Arkansas,5127,Scott,2011,2015,American Indian/Alaskan Native (includes Hispanic),
5,Arkansas,5127,Scott,2011,2015,White (includes Hispanic),12.0
5,Arkansas,5127,Scott,2012,2016,Asian/Pacific Islander (includes Hispanic),
5,Arkansas,5127,Scott,2012,2016,Black (includes Hispanic),
5,Arkansas,5127,Scott,2012,2016,Hispanic (all races),
5,Arkansas,5127,Scott,2012,2016,American Indian/Alaskan Native (includes Hispanic),
5,Arkansas,5127,Scott,2012,2016,White (includes Hispanic),11.6
5,Arkansas,5127,Scott,2013,2017,Asian/Pacific Islander (includes Hispanic),
5,Arkansas,5127,Scott,2013,2017,Black (includes Hispanic),
5,Arkansas,5127,Scott,2013,2017,Hispanic (all races),
5,Arkansas,5127,Scott,2013,2017,American Indian/Alaskan Native (includes Hispanic),
5,Arkansas,5127,Scott,2013,2017,White (includes Hispanic),12.1
5,Arkansas,5127,Scott,2014,2018,Asian/Pacific Islander (includes Hispanic),
5,Arkansas,5127,Scott,2014,2018,Black (includes Hispanic),
5,Arkansas,5127,Scott,2014,2018,Hispanic (all races),
5,Arkansas,5127,Scott,2014,2018,American Indian/Alaskan Native (includes Hispanic),
5,Arkansas,5127,Scott,2014,2018,White (includes Hispanic),11.6
5,Arkansas,5127,Scott,2015,2019,Asian/Pacific Islander (includes Hispanic),
5,Arkansas,5127,Scott,2015,2019,Black (includes Hispanic),
5,Arkansas,5127,Scott,2015,2019,Hispanic (all races),
5,Arkansas,5127,Scott,2015,2019,American Indian/Alaskan Native (includes Hispanic),
5,Arkansas,5127,Scott,2015,2019,White (includes Hispanic),11.5
5,Arkansas,5127,Scott,2016,2020,Asian/Pacific Islander (includes Hispanic),
5,Arkansas,5127,Scott,2016,2020,Black (includes Hispanic),
5,Arkansas,5127,Scott,2016,2020,Hispanic (all races),
5,Arkansas,5127,Scott,2016,2020,American Indian/Alaskan Native (includes Hispanic),
5,Arkansas,5127,Scott,2016,2020,White (includes Hispanic),11.5
5,Arkansas,5129,Searcy,2011,2015,Asian/Pacific Islander (includes Hispanic),
5,Arkansas,5129,Searcy,2011,2015,Black (includes Hispanic),
5,Arkansas,5129,Searcy,2011,2015,Hispanic (all races),
5,Arkansas,5129,Searcy,2011,2015,American Indian/Alaskan Native (includes Hispanic),
5,Arkansas,5129,Searcy,2011,2015,White (includes Hispanic),8.5
5,Arkansas,5129,Searcy,2012,2016,Asian/Pacific Islander (includes Hispanic),
5,Arkansas,5129,Searcy,2012,2016,Black (includes Hispanic),
5,Arkansas,5129,Searcy,2012,2016,Hispanic (all races),
5,Arkansas,5129,Searcy,2012,2016,American Indian/Alaskan Native (includes Hispanic),
5,Arkansas,5129,Searcy,2012,2016,White (includes Hispanic),7.9
5,Arkansas,5129,Searcy,2013,2017,Asian/Pacific Islander (includes Hispanic),
5,Arkansas,5129,Searcy,2013,2017,Black (includes Hispanic),
5,Arkansas,5129,Searcy,2013,2017,Hispanic (all races),
5,Arkansas,5129,Searcy,2013,2017,American Indian/Alaskan Native (includes Hispanic),
5,Arkansas,5129,Searcy,2013,2017,White (includes Hispanic),6.3
5,Arkansas,5129,Searcy,2014,2018,Asian/Pacific Islander (includes Hispanic),
5,Arkansas,5129,Searcy,2014,2018,Black (includes Hispanic),
5,Arkansas,5129,Searcy,2014,2018,Hispanic (all races),
5,Arkansas,5129,Searcy,2014,2018,American Indian/Alaskan Native (includes Hispanic),
5,Arkansas,5129,Searcy,2014,2018,White (includes Hispanic),6.3
5,Arkansas,5129,Searcy,2015,2019,Asian/Pacific Islander (includes Hispanic),
5,Arkansas,5129,Searcy,2015,2019,Black (includes Hispanic),
5,Arkansas,5129,Searcy,2015,2019,Hispanic (all races),
5,Arkansas,5129,Searcy,2015,2019,American Indian/Alaskan Native (includes Hispanic),
5,Arkansas,5129,Searcy,2015,2019,White (includes Hispanic),5.6
5,Arkansas,5129,Searcy,2016,2020,Asian/Pacific Islander (includes Hispanic),
5,Arkansas,5129,Searcy,2016,2020,Black (includes Hispanic),
5,Arkansas,5129,Searcy,2016,2020,Hispanic (all races),
5,Arkansas,5129,Searcy,2016,2020,American Indian/Alaskan Native (includes Hispanic),
5,Arkansas,5129,Searcy,2016,2020,White (includes Hispanic),5.5
5,Arkansas,5131,Sebastian,2011,2015,Asian/Pacific Islander (includes Hispanic),
5,Arkansas,5131,Sebastian,2011,2015,Black (includes Hispanic),
5,Arkansas,5131,Sebastian,2011,2015,Hispanic (all races),
5,Arkansas,5131,Sebastian,2011,2015,American Indian/Alaskan Native (includes Hispanic),
5,Arkansas,5131,Sebastian,2011,2015,White (includes Hispanic),10.3
5,Arkansas,5131,Sebastian,2012,2016,Asian/Pacific Islander (includes Hispanic),
5,Arkansas,5131,Sebastian,2012,2016,Black (includes Hispanic),
5,Arkansas,5131,Sebastian,2012,2016,Hispanic (all races),
5,Arkansas,5131,Sebastian,2012,2016,American Indian/Alaskan Native (includes Hispanic),
5,Arkansas,5131,Sebastian,2012,2016,White (includes Hispanic),10.9
5,Arkansas,5131,Sebastian,2013,2017,Asian/Pacific Islander (includes Hispanic),
5,Arkansas,5131,Sebastian,2013,2017,Black (includes Hispanic),
5,Arkansas,5131,Sebastian,2013,2017,Hispanic (all races),
5,Arkansas,5131,Sebastian,2013,2017,American Indian/Alaskan Native (includes Hispanic),
5,Arkansas,5131,Sebastian,2013,2017,White (includes Hispanic),11.8
5,Arkansas,5131,Sebastian,2014,2018,Asian/Pacific Islander (includes Hispanic),
5,Arkansas,5131,Sebastian,2014,2018,Black (includes Hispanic),
5,Arkansas,5131,Sebastian,2014,2018,Hispanic (all races),
5,Arkansas,5131,Sebastian,2014,2018,American Indian/Alaskan Native (includes Hispanic),
5,Arkansas,5131,Sebastian,2014,2018,White (includes Hispanic),11.3
5,Arkansas,5131,Sebastian,2015,2019,Asian/Pacific Islander (includes Hispanic),
5,Arkansas,5131,Sebastian,2015,2019,Black (includes Hispanic),
5,Arkansas,5131,Sebastian,2015,2019,Hispanic (all races),
5,Arkansas,5131,Sebastian,2015,2019,American Indian/Alaskan Native (includes Hispanic),
5,Arkansas,5131,Sebastian,2015,2019,White (includes Hispanic),12.5
5,Arkansas,5131,Sebastian,2016,2020,Asian/Pacific Islander (includes Hispanic),
5,Arkansas,5131,Sebastian,2016,2020,Black (includes Hispanic),
5,Arkansas,5131,Sebastian,2016,2020,Hispanic (all races),
5,Arkansas,5131,Sebastian,2016,2020,American Indian/Alaskan Native (includes Hispanic),
5,Arkansas,5131,Sebastian,2016,2020,White (includes Hispanic),13.5
5,Arkansas,5133,Sevier,2011,2015,Asian/Pacific Islander (includes Hispanic),
5,Arkansas,5133,Sevier,2011,2015,Black (includes Hispanic),
5,Arkansas,5133,Sevier,2011,2015,Hispanic (all races),
5,Arkansas,5133,Sevier,2011,2015,American Indian/Alaskan Native (includes Hispanic),
5,Arkansas,5133,Sevier,2011,2015,White (includes Hispanic),
5,Arkansas,5133,Sevier,2012,2016,Asian/Pacific Islander (includes Hispanic),
5,Arkansas,5133,Sevier,2012,2016,Black (includes Hispanic),
5,Arkansas,5133,Sevier,2012,2016,Hispanic (all races),
5,Arkansas,5133,Sevier,2012,2016,American Indian/Alaskan Native (includes Hispanic),
5,Arkansas,5133,Sevier,2012,2016,White (includes Hispanic),
5,Arkansas,5133,Sevier,2013,2017,Asian/Pacific Islander (includes Hispanic),
5,Arkansas,5133,Sevier,2013,2017,Black (includes Hispanic),
5,Arkansas,5133,Sevier,2013,2017,Hispanic (all races),
5,Arkansas,5133,Sevier,2013,2017,American Indian/Alaskan Native (includes Hispanic),
5,Arkansas,5133,Sevier,2013,2017,White (includes Hispanic),
5,Arkansas,5133,Sevier,2014,2018,Asian/Pacific Islander (includes Hispanic),
5,Arkansas,5133,Sevier,2014,2018,Black (includes Hispanic),
5,Arkansas,5133,Sevier,2014,2018,Hispanic (all races),
5,Arkansas,5133,Sevier,2014,2018,American Indian/Alaskan Native (includes Hispanic),
5,Arkansas,5133,Sevier,2014,2018,White (includes Hispanic),11.0
5,Arkansas,5133,Sevier,2015,2019,Asian/Pacific Islander (includes Hispanic),
5,Arkansas,5133,Sevier,2015,2019,Black (includes Hispanic),
5,Arkansas,5133,Sevier,2015,2019,Hispanic (all races),
5,Arkansas,5133,Sevier,2015,2019,American Indian/Alaskan Native (includes Hispanic),
5,Arkansas,5133,Sevier,2015,2019,White (includes Hispanic),11.4
5,Arkansas,5133,Sevier,2016,2020,Asian/Pacific Islander (includes Hispanic),
5,Arkansas,5133,Sevier,2016,2020,Black (includes Hispanic),
5,Arkansas,5133,Sevier,2016,2020,Hispanic (all races),
5,Arkansas,5133,Sevier,2016,2020,American Indian/Alaskan Native (includes Hispanic),
5,Arkansas,5133,Sevier,2016,2020,White (includes Hispanic),11.0
5,Arkansas,5135,Sharp,2011,2015,Asian/Pacific Islander (includes Hispanic),
5,Arkansas,5135,Sharp,2011,2015,Black (includes Hispanic),
5,Arkansas,5135,Sharp,2011,2015,Hispanic (all races),
5,Arkansas,5135,Sharp,2011,2015,American Indian/Alaskan Native (includes Hispanic),
5,Arkansas,5135,Sharp,2011,2015,White (includes Hispanic),8.7
5,Arkansas,5135,Sharp,2012,2016,Asian/Pacific Islander (includes Hispanic),
5,Arkansas,5135,Sharp,2012,2016,Black (includes Hispanic),
5,Arkansas,5135,Sharp,2012,2016,Hispanic (all races),
5,Arkansas,5135,Sharp,2012,2016,American Indian/Alaskan Native (includes Hispanic),
5,Arkansas,5135,Sharp,2012,2016,White (includes Hispanic),9.6
5,Arkansas,5135,Sharp,2013,2017,Asian/Pacific Islander (includes Hispanic),
5,Arkansas,5135,Sharp,2013,2017,Black (includes Hispanic),
5,Arkansas,5135,Sharp,2013,2017,Hispanic (all races),
5,Arkansas,5135,Sharp,2013,2017,American Indian/Alaskan Native (includes Hispanic),
5,Arkansas,5135,Sharp,2013,2017,White (includes Hispanic),8.9
5,Arkansas,5135,Sharp,2014,2018,Asian/Pacific Islander (includes Hispanic),
5,Arkansas,5135,Sharp,2014,2018,Black (includes Hispanic),
5,Arkansas,5135,Sharp,2014,2018,Hispanic (all races),
5,Arkansas,5135,Sharp,2014,2018,American Indian/Alaskan Native (includes Hispanic),
5,Arkansas,5135,Sharp,2014,2018,White (includes Hispanic),9.9
5,Arkansas,5135,Sharp,2015,2019,Asian/Pacific Islander (includes Hispanic),
5,Arkansas,5135,Sharp,2015,2019,Black (includes Hispanic),
5,Arkansas,5135,Sharp,2015,2019,Hispanic (all races),
5,Arkansas,5135,Sharp,2015,2019,American Indian/Alaskan Native (includes Hispanic),
5,Arkansas,5135,Sharp,2015,2019,White (includes Hispanic),9.8
5,Arkansas,5135,Sharp,2016,2020,Asian/Pacific Islander (includes Hispanic),
5,Arkansas,5135,Sharp,2016,2020,Black (includes Hispanic),
5,Arkansas,5135,Sharp,2016,2020,Hispanic (all races),
5,Arkansas,5135,Sharp,2016,2020,American Indian/Alaskan Native (includes Hispanic),
5,Arkansas,5135,Sharp,2016,2020,White (includes Hispanic),9.1
5,Arkansas,5123,St. Francis,2011,2015,Asian/Pacific Islander (includes Hispanic),
5,Arkansas,5123,St. Francis,2011,2015,Black (includes Hispanic),13.0
5,Arkansas,5123,St. Francis,2011,2015,Hispanic (all races),
5,Arkansas,5123,St. Francis,2011,2015,American Indian/Alaskan Native (includes Hispanic),
5,Arkansas,5123,St. Francis,2011,2015,White (includes Hispanic),13.1
5,Arkansas,5123,St. Francis,2012,2016,Asian/Pacific Islander (includes Hispanic),
5,Arkansas,5123,St. Francis,2012,2016,Black (includes Hispanic),
5,Arkansas,5123,St. Francis,2012,2016,Hispanic (all races),
5,Arkansas,5123,St. Francis,2012,2016,American Indian/Alaskan Native (includes Hispanic),
5,Arkansas,5123,St. Francis,2012,2016,White (includes Hispanic),15.2
5,Arkansas,5123,St. Francis,2013,2017,Asian/Pacific Islander (includes Hispanic),
5,Arkansas,5123,St. Francis,2013,2017,Black (includes Hispanic),
5,Arkansas,5123,St. Francis,2013,2017,Hispanic (all races),
5,Arkansas,5123,St. Francis,2013,2017,American Indian/Alaskan Native (includes Hispanic),
5,Arkansas,5123,St. Francis,2013,2017,White (includes Hispanic),14.5
5,Arkansas,5123,St. Francis,2014,2018,Asian/Pacific Islander (includes Hispanic),
5,Arkansas,5123,St. Francis,2014,2018,Black (includes Hispanic),
5,Arkansas,5123,St. Francis,2014,2018,Hispanic (all races),
5,Arkansas,5123,St. Francis,2014,2018,American Indian/Alaskan Native (includes Hispanic),
5,Arkansas,5123,St. Francis,2014,2018,White (includes Hispanic),13.1
5,Arkansas,5123,St. Francis,2015,2019,Asian/Pacific Islander (includes Hispanic),
5,Arkansas,5123,St. Francis,2015,2019,Black (includes Hispanic),
5,Arkansas,5123,St. Francis,2015,2019,Hispanic (all races),
5,Arkansas,5123,St. Francis,2015,2019,American Indian/Alaskan Native (includes Hispanic),
5,Arkansas,5123,St. Francis,2015,2019,White (includes Hispanic),12.6
5,Arkansas,5123,St. Francis,2016,2020,Asian/Pacific Islander (includes Hispanic),
5,Arkansas,5123,St. Francis,2016,2020,Black (includes Hispanic),
5,Arkansas,5123,St. Francis,2016,2020,Hispanic (all races),
5,Arkansas,5123,St. Francis,2016,2020,American Indian/Alaskan Native (includes Hispanic),
5,Arkansas,5123,St. Francis,2016,2020,White (includes Hispanic),13.6
5,Arkansas,5137,Stone,2011,2015,Asian/Pacific Islander (includes Hispanic),
5,Arkansas,5137,Stone,2011,2015,Black (includes Hispanic),
5,Arkansas,5137,Stone,2011,2015,Hispanic (all races),
5,Arkansas,5137,Stone,2011,2015,American Indian/Alaskan Native (includes Hispanic),
5,Arkansas,5137,Stone,2011,2015,White (includes Hispanic),6.0
5,Arkansas,5137,Stone,2012,2016,Asian/Pacific Islander (includes Hispanic),
5,Arkansas,5137,Stone,2012,2016,Black (includes Hispanic),
5,Arkansas,5137,Stone,2012,2016,Hispanic (all races),
5,Arkansas,5137,Stone,2012,2016,American Indian/Alaskan Native (includes Hispanic),
5,Arkansas,5137,Stone,2012,2016,White (includes Hispanic),7.6
5,Arkansas,5137,Stone,2013,2017,Asian/Pacific Islander (includes Hispanic),
5,Arkansas,5137,Stone,2013,2017,Black (includes Hispanic),
5,Arkansas,5137,Stone,2013,2017,Hispanic (all races),
5,Arkansas,5137,Stone,2013,2017,American Indian/Alaskan Native (includes Hispanic),
5,Arkansas,5137,Stone,2013,2017,White (includes Hispanic),7.5
5,Arkansas,5137,Stone,2014,2018,Asian/Pacific Islander (includes Hispanic),
5,Arkansas,5137,Stone,2014,2018,Black (includes Hispanic),
5,Arkansas,5137,Stone,2014,2018,Hispanic (all races),
5,Arkansas,5137,Stone,2014,2018,American Indian/Alaskan Native (includes Hispanic),
5,Arkansas,5137,Stone,2014,2018,White (includes Hispanic),8.4
5,Arkansas,5137,Stone,2015,2019,Asian/Pacific Islander (includes Hispanic),
5,Arkansas,5137,Stone,2015,2019,Black (includes Hispanic),
5,Arkansas,5137,Stone,2015,2019,Hispanic (all races),
5,Arkansas,5137,Stone,2015,2019,American Indian/Alaskan Native (includes Hispanic),
5,Arkansas,5137,Stone,2015,2019,White (includes Hispanic),8.1
5,Arkansas,5137,Stone,2016,2020,Asian/Pacific Islander (includes Hispanic),
5,Arkansas,5137,Stone,2016,2020,Black (includes Hispanic),
5,Arkansas,5137,Stone,2016,2020,Hispanic (all races),
5,Arkansas,5137,Stone,2016,2020,American Indian/Alaskan Native (includes Hispanic),
5,Arkansas,5137,Stone,2016,2020,White (includes Hispanic),7.7
5,Arkansas,5139,Union,2011,2015,Asian/Pacific Islander (includes Hispanic),
5,Arkansas,5139,Union,2011,2015,Black (includes Hispanic),12.8
5,Arkansas,5139,Union,2011,2015,Hispanic (all races),
5,Arkansas,5139,Union,2011,2015,American Indian/Alaskan Native (includes Hispanic),
5,Arkansas,5139,Union,2011,2015,White (includes Hispanic),9.3
5,Arkansas,5139,Union,2012,2016,Asian/Pacific Islander (includes Hispanic),
5,Arkansas,5139,Union,2012,2016,Black (includes Hispanic),11.2
5,Arkansas,5139,Union,2012,2016,Hispanic (all races),
5,Arkansas,5139,Union,2012,2016,American Indian/Alaskan Native (includes Hispanic),
5,Arkansas,5139,Union,2012,2016,White (includes Hispanic),11.3
5,Arkansas,5139,Union,2013,2017,Asian/Pacific Islander (includes Hispanic),
5,Arkansas,5139,Union,2013,2017,Black (includes Hispanic),13.7
5,Arkansas,5139,Union,2013,2017,Hispanic (all races),
5,Arkansas,5139,Union,2013,2017,American Indian/Alaskan Native (includes Hispanic),
5,Arkansas,5139,Union,2013,2017,White (includes Hispanic),10.6
5,Arkansas,5139,Union,2014,2018,Asian/Pacific Islander (includes Hispanic),
5,Arkansas,5139,Union,2014,2018,Black (includes Hispanic),15.7
5,Arkansas,5139,Union,2014,2018,Hispanic (all races),
5,Arkansas,5139,Union,2014,2018,American Indian/Alaskan Native (includes Hispanic),
5,Arkansas,5139,Union,2014,2018,White (includes Hispanic),13.4
5,Arkansas,5139,Union,2015,2019,Asian/Pacific Islander (includes Hispanic),
5,Arkansas,5139,Union,2015,2019,Black (includes Hispanic),14.6
5,Arkansas,5139,Union,2015,2019,Hispanic (all races),
5,Arkansas,5139,Union,2015,2019,American Indian/Alaskan Native (includes Hispanic),
5,Arkansas,5139,Union,2015,2019,White (includes Hispanic),13.3
5,Arkansas,5139,Union,2016,2020,Asian/Pacific Islander (includes Hispanic),
5,Arkansas,5139,Union,2016,2020,Black (includes Hispanic),13.6
5,Arkansas,5139,Union,2016,2020,Hispanic (all races),
5,Arkansas,5139,Union,2016,2020,American Indian/Alaskan Native (includes Hispanic),
5,Arkansas,5139,Union,2016,2020,White (includes Hispanic),10.1
5,Arkansas,5141,Van Buren,2011,2015,Asian/Pacific Islander (includes Hispanic),
5,Arkansas,5141,Van Buren,2011,2015,Black (includes Hispanic),
5,Arkansas,5141,Van Buren,2011,2015,Hispanic (all races),
5,Arkansas,5141,Van Buren,2011,2015,American Indian/Alaskan Native (includes Hispanic),
5,Arkansas,5141,Van Buren,2011,2015,White (includes Hispanic),7.6
5,Arkansas,5141,Van Buren,2012,2016,Asian/Pacific Islander (includes Hispanic),
5,Arkansas,5141,Van Buren,2012,2016,Black (includes Hispanic),
5,Arkansas,5141,Van Buren,2012,2016,Hispanic (all races),
5,Arkansas,5141,Van Buren,2012,2016,American Indian/Alaskan Native (includes Hispanic),
5,Arkansas,5141,Van Buren,2012,2016,White (includes Hispanic),7.8
5,Arkansas,5141,Van Buren,2013,2017,Asian/Pacific Islander (includes Hispanic),
5,Arkansas,5141,Van Buren,2013,2017,Black (includes Hispanic),
5,Arkansas,5141,Van Buren,2013,2017,Hispanic (all races),
5,Arkansas,5141,Van Buren,2013,2017,American Indian/Alaskan Native (includes Hispanic),
5,Arkansas,5141,Van Buren,2013,2017,White (includes Hispanic),6.3
5,Arkansas,5141,Van Buren,2014,2018,Asian/Pacific Islander (includes Hispanic),
5,Arkansas,5141,Van Buren,2014,2018,Black (includes Hispanic),
5,Arkansas,5141,Van Buren,2014,2018,Hispanic (all races),
5,Arkansas,5141,Van Buren,2014,2018,American Indian/Alaskan Native (includes Hispanic),
5,Arkansas,5141,Van Buren,2014,2018,White (includes Hispanic),6.6
5,Arkansas,5141,Van Buren,2015,2019,Asian/Pacific Islander (includes Hispanic),
5,Arkansas,5141,Van Buren,2015,2019,Black (includes Hispanic),
5,Arkansas,5141,Van Buren,2015,2019,Hispanic (all races),
5,Arkansas,5141,Van Buren,2015,2019,American Indian/Alaskan Native (includes Hispanic),
5,Arkansas,5141,Van Buren,2015,2019,White (includes Hispanic),7.1
5,Arkansas,5141,Van Buren,2016,2020,Asian/Pacific Islander (includes Hispanic),
5,Arkansas,5141,Van Buren,2016,2020,Black (includes Hispanic),
5,Arkansas,5141,Van Buren,2016,2020,Hispanic (all races),
5,Arkansas,5141,Van Buren,2016,2020,American Indian/Alaskan Native (includes Hispanic),
5,Arkansas,5141,Van Buren,2016,2020,White (includes Hispanic),7.8
5,Arkansas,5143,Washington,2011,2015,Asian/Pacific Islander (includes Hispanic),
5,Arkansas,5143,Washington,2011,2015,Black (includes Hispanic),
5,Arkansas,5143,Washington,2011,2015,Hispanic (all races),
5,Arkansas,5143,Washington,2011,2015,American Indian/Alaskan Native (includes Hispanic),
5,Arkansas,5143,Washington,2011,2015,White (includes Hispanic),7.5
5,Arkansas,5143,Washington,2012,2016,Asian/Pacific Islander (includes Hispanic),
5,Arkansas,5143,Washington,2012,2016,Black (includes Hispanic),
5,Arkansas,5143,Washington,2012,2016,Hispanic (all races),
5,Arkansas,5143,Washington,2012,2016,American Indian/Alaskan Native (includes Hispanic),
5,Arkansas,5143,Washington,2012,2016,White (includes Hispanic),6.8
5,Arkansas,5143,Washington,2013,2017,Asian/Pacific Islander (includes Hispanic),
5,Arkansas,5143,Washington,2013,2017,Black (includes Hispanic),
5,Arkansas,5143,Washington,2013,2017,Hispanic (all races),
5,Arkansas,5143,Washington,2013,2017,American Indian/Alaskan Native (includes Hispanic),
5,Arkansas,5143,Washington,2013,2017,White (includes Hispanic),7.0
5,Arkansas,5143,Washington,2014,2018,Asian/Pacific Islander (includes Hispanic),
5,Arkansas,5143,Washington,2014,2018,Black (includes Hispanic),
5,Arkansas,5143,Washington,2014,2018,Hispanic (all races),
5,Arkansas,5143,Washington,2014,2018,American Indian/Alaskan Native (includes Hispanic),
5,Arkansas,5143,Washington,2014,2018,White (includes Hispanic),6.3
5,Arkansas,5143,Washington,2015,2019,Asian/Pacific Islander (includes Hispanic),
5,Arkansas,5143,Washington,2015,2019,Black (includes Hispanic),
5,Arkansas,5143,Washington,2015,2019,Hispanic (all races),
5,Arkansas,5143,Washington,2015,2019,American Indian/Alaskan Native (includes Hispanic),
5,Arkansas,5143,Washington,2015,2019,White (includes Hispanic),6.5
5,Arkansas,5143,Washington,2016,2020,Asian/Pacific Islander (includes Hispanic),
5,Arkansas,5143,Washington,2016,2020,Black (includes Hispanic),
5,Arkansas,5143,Washington,2016,2020,Hispanic (all races),
5,Arkansas,5143,Washington,2016,2020,American Indian/Alaskan Native (includes Hispanic),
5,Arkansas,5143,Washington,2016,2020,White (includes Hispanic),6.5
5,Arkansas,5145,White,2011,2015,Asian/Pacific Islander (includes Hispanic),
5,Arkansas,5145,White,2011,2015,Black (includes Hispanic),
5,Arkansas,5145,White,2011,2015,Hispanic (all races),
5,Arkansas,5145,White,2011,2015,American Indian/Alaskan Native (includes Hispanic),
5,Arkansas,5145,White,2011,2015,White (includes Hispanic),8.0
5,Arkansas,5145,White,2012,2016,Asian/Pacific Islander (includes Hispanic),
5,Arkansas,5145,White,2012,2016,Black (includes Hispanic),
5,Arkansas,5145,White,2012,2016,Hispanic (all races),
5,Arkansas,5145,White,2012,2016,American Indian/Alaskan Native (includes Hispanic),
5,Arkansas,5145,White,2012,2016,White (includes Hispanic),9.2
5,Arkansas,5145,White,2013,2017,Asian/Pacific Islander (includes Hispanic),
5,Arkansas,5145,White,2013,2017,Black (includes Hispanic),
5,Arkansas,5145,White,2013,2017,Hispanic (all races),
5,Arkansas,5145,White,2013,2017,American Indian/Alaskan Native (includes Hispanic),
5,Arkansas,5145,White,2013,2017,White (includes Hispanic),10.0
5,Arkansas,5145,White,2014,2018,Asian/Pacific Islander (includes Hispanic),
5,Arkansas,5145,White,2014,2018,Black (includes Hispanic),
5,Arkansas,5145,White,2014,2018,Hispanic (all races),
5,Arkansas,5145,White,2014,2018,American Indian/Alaskan Native (includes Hispanic),
5,Arkansas,5145,White,2014,2018,White (includes Hispanic),10.1
5,Arkansas,5145,White,2015,2019,Asian/Pacific Islander (includes Hispanic),
5,Arkansas,5145,White,2015,2019,Black (includes Hispanic),
5,Arkansas,5145,White,2015,2019,Hispanic (all races),
5,Arkansas,5145,White,2015,2019,American Indian/Alaskan Native (includes Hispanic),
5,Arkansas,5145,White,2015,2019,White (includes Hispanic),9.9
5,Arkansas,5145,White,2016,2020,Asian/Pacific Islander (includes Hispanic),
5,Arkansas,5145,White,2016,2020,Black (includes Hispanic),
5,Arkansas,5145,White,2016,2020,Hispanic (all races),
5,Arkansas,5145,White,2016,2020,American Indian/Alaskan Native (includes Hispanic),
5,Arkansas,5145,White,2016,2020,White (includes Hispanic),9.4
5,Arkansas,5147,Woodruff,2011,2015,Asian/Pacific Islander (includes Hispanic),
5,Arkansas,5147,Woodruff,2011,2015,Black (includes Hispanic),
5,Arkansas,5147,Woodruff,2011,2015,Hispanic (all races),
5,Arkansas,5147,Woodruff,2011,2015,American Indian/Alaskan Native (includes Hispanic),
5,Arkansas,5147,Woodruff,2011,2015,White (includes Hispanic),12.9
5,Arkansas,5147,Woodruff,2012,2016,Asian/Pacific Islander (includes Hispanic),
5,Arkansas,5147,Woodruff,2012,2016,Black (includes Hispanic),
5,Arkansas,5147,Woodruff,2012,2016,Hispanic (all races),
5,Arkansas,5147,Woodruff,2012,2016,American Indian/Alaskan Native (includes Hispanic),
5,Arkansas,5147,Woodruff,2012,2016,White (includes Hispanic),13.7
5,Arkansas,5147,Woodruff,2013,2017,Asian/Pacific Islander (includes Hispanic),
5,Arkansas,5147,Woodruff,2013,2017,Black (includes Hispanic),
5,Arkansas,5147,Woodruff,2013,2017,Hispanic (all races),
5,Arkansas,5147,Woodruff,2013,2017,American Indian/Alaskan Native (includes Hispanic),
5,Arkansas,5147,Woodruff,2013,2017,White (includes Hispanic),14.3
5,Arkansas,5147,Woodruff,2014,2018,Asian/Pacific Islander (includes Hispanic),
5,Arkansas,5147,Woodruff,2014,2018,Black (includes Hispanic),
5,Arkansas,5147,Woodruff,2014,2018,Hispanic (all races),
5,Arkansas,5147,Woodruff,2014,2018,American Indian/Alaskan Native (includes Hispanic),
5,Arkansas,5147,Woodruff,2014,2018,White (includes Hispanic),13.2
5,Arkansas,5147,Woodruff,2015,2019,Asian/Pacific Islander (includes Hispanic),
5,Arkansas,5147,Woodruff,2015,2019,Black (includes Hispanic),
5,Arkansas,5147,Woodruff,2015,2019,Hispanic (all races),
5,Arkansas,5147,Woodruff,2015,2019,American Indian/Alaskan Native (includes Hispanic),
5,Arkansas,5147,Woodruff,2015,2019,White (includes Hispanic),12.4
5,Arkansas,5147,Woodruff,2016,2020,Asian/Pacific Islander (includes Hispanic),
5,Arkansas,5147,Woodruff,2016,2020,Black (includes Hispanic),
5,Arkansas,5147,Woodruff,2016,2020,Hispanic (all races),
5,Arkansas,5147,Woodruff,2016,2020,American Indian/Alaskan Native (includes Hispanic),
5,Arkansas,5147,Woodruff,2016,2020,White (includes Hispanic),11.4
5,Arkansas,5149,Yell,2011,2015,Asian/Pacific Islander (includes Hispanic),
5,Arkansas,5149,Yell,2011,2015,Black (includes Hispanic),
5,Arkansas,5149,Yell,2011,2015,Hispanic (all races),
5,Arkansas,5149,Yell,2011,2015,American Indian/Alaskan Native (includes Hispanic),
5,Arkansas,5149,Yell,2011,2015,White (includes Hispanic),11.7
5,Arkansas,5149,Yell,2012,2016,Asian/Pacific Islander (includes Hispanic),
5,Arkansas,5149,Yell,2012,2016,Black (includes Hispanic),
5,Arkansas,5149,Yell,2012,2016,Hispanic (all races),
5,Arkansas,5149,Yell,2012,2016,American Indian/Alaskan Native (includes Hispanic),
5,Arkansas,5149,Yell,2012,2016,White (includes Hispanic),10.5
5,Arkansas,5149,Yell,2013,2017,Asian/Pacific Islander (includes Hispanic),
5,Arkansas,5149,Yell,2013,2017,Black (includes Hispanic),
5,Arkansas,5149,Yell,2013,2017,Hispanic (all races),
5,Arkansas,5149,Yell,2013,2017,American Indian/Alaskan Native (includes Hispanic),
5,Arkansas,5149,Yell,2013,2017,White (includes Hispanic),9.7
5,Arkansas,5149,Yell,2014,2018,Asian/Pacific Islander (includes Hispanic),
5,Arkansas,5149,Yell,2014,2018,Black (includes Hispanic),
5,Arkansas,5149,Yell,2014,2018,Hispanic (all races),
5,Arkansas,5149,Yell,2014,2018,American Indian/Alaskan Native (includes Hispanic),
5,Arkansas,5149,Yell,2014,2018,White (includes Hispanic),9.2
5,Arkansas,5149,Yell,2015,2019,Asian/Pacific Islander (includes Hispanic),
5,Arkansas,5149,Yell,2015,2019,Black (includes Hispanic),
5,Arkansas,5149,Yell,2015,2019,Hispanic (all races),
5,Arkansas,5149,Yell,2015,2019,American Indian/Alaskan Native (includes Hispanic),
5,Arkansas,5149,Yell,2015,2019,White (includes Hispanic),8.3
5,Arkansas,5149,Yell,2016,2020,Asian/Pacific Islander (includes Hispanic),
5,Arkansas,5149,Yell,2016,2020,Black (includes Hispanic),
5,Arkansas,5149,Yell,2016,2020,Hispanic (all races),
5,Arkansas,5149,Yell,2016,2020,American Indian/Alaskan Native (includes Hispanic),
5,Arkansas,5149,Yell,2016,2020,White (includes Hispanic),8.6
6,California,6001,Alameda,2011,2015,Asian/Pacific Islander (includes Hispanic),5.6
6,California,6001,Alameda,2011,2015,Black (includes Hispanic),6.3
6,California,6001,Alameda,2011,2015,Hispanic (all races),8.3
6,California,6001,Alameda,2011,2015,American Indian/Alaskan Native (includes Hispanic),
6,California,6001,Alameda,2011,2015,White (includes Hispanic),6.6
6,California,6001,Alameda,2012,2016,Asian/Pacific Islander (includes Hispanic),5.5
6,California,6001,Alameda,2012,2016,Black (includes Hispanic),6.6
6,California,6001,Alameda,2012,2016,Hispanic (all races),7.7
6,California,6001,Alameda,2012,2016,American Indian/Alaskan Native (includes Hispanic),
6,California,6001,Alameda,2012,2016,White (includes Hispanic),6.4
6,California,6001,Alameda,2013,2017,Asian/Pacific Islander (includes Hispanic),5.4
6,California,6001,Alameda,2013,2017,Black (includes Hispanic),5.7
6,California,6001,Alameda,2013,2017,Hispanic (all races),7.5
6,California,6001,Alameda,2013,2017,American Indian/Alaskan Native (includes Hispanic),
6,California,6001,Alameda,2013,2017,White (includes Hispanic),6.2
6,California,6001,Alameda,2014,2018,Asian/Pacific Islander (includes Hispanic),5.4
6,California,6001,Alameda,2014,2018,Black (includes Hispanic),5.6
6,California,6001,Alameda,2014,2018,Hispanic (all races),7.3
6,California,6001,Alameda,2014,2018,American Indian/Alaskan Native (includes Hispanic),
6,California,6001,Alameda,2014,2018,White (includes Hispanic),6.2
6,California,6001,Alameda,2015,2019,Asian/Pacific Islander (includes Hispanic),5.3
6,California,6001,Alameda,2015,2019,Black (includes Hispanic),6.0
6,California,6001,Alameda,2015,2019,Hispanic (all races),7.0
6,California,6001,Alameda,2015,2019,American Indian/Alaskan Native (includes Hispanic),
6,California,6001,Alameda,2015,2019,White (includes Hispanic),6.1
6,California,6001,Alameda,2016,2020,Asian/Pacific Islander (includes Hispanic),5.0
6,California,6001,Alameda,2016,2020,Black (includes Hispanic),5.7
6,California,6001,Alameda,2016,2020,Hispanic (all races),6.8
6,California,6001,Alameda,2016,2020,American Indian/Alaskan Native (includes Hispanic),
6,California,6001,Alameda,2016,2020,White (includes Hispanic),5.9
6,California,6003,Alpine,2011,2015,Asian/Pacific Islander (includes Hispanic),
6,California,6003,Alpine,2011,2015,Black (includes Hispanic),
6,California,6003,Alpine,2011,2015,Hispanic (all races),
6,California,6003,Alpine,2011,2015,American Indian/Alaskan Native (includes Hispanic),
6,California,6003,Alpine,2011,2015,White (includes Hispanic),7.7
6,California,6003,Alpine,2012,2016,Asian/Pacific Islander (includes Hispanic),
6,California,6003,Alpine,2012,2016,Black (includes Hispanic),
6,California,6003,Alpine,2012,2016,Hispanic (all races),
6,California,6003,Alpine,2012,2016,American Indian/Alaskan Native (includes Hispanic),
6,California,6003,Alpine,2012,2016,White (includes Hispanic),7.8
6,California,6003,Alpine,2013,2017,Asian/Pacific Islander (includes Hispanic),
6,California,6003,Alpine,2013,2017,Black (includes Hispanic),
6,California,6003,Alpine,2013,2017,Hispanic (all races),
6,California,6003,Alpine,2013,2017,American Indian/Alaskan Native (includes Hispanic),
6,California,6003,Alpine,2013,2017,White (includes Hispanic),8.0
6,California,6003,Alpine,2014,2018,Asian/Pacific Islander (includes Hispanic),
6,California,6003,Alpine,2014,2018,Black (includes Hispanic),
6,California,6003,Alpine,2014,2018,Hispanic (all races),
6,California,6003,Alpine,2014,2018,American Indian/Alaskan Native (includes Hispanic),
6,California,6003,Alpine,2014,2018,White (includes Hispanic),7.8
6,California,6003,Alpine,2015,2019,Asian/Pacific Islander (includes Hispanic),
6,California,6003,Alpine,2015,2019,Black (includes Hispanic),
6,California,6003,Alpine,2015,2019,Hispanic (all races),
6,California,6003,Alpine,2015,2019,American Indian/Alaskan Native (includes Hispanic),
6,California,6003,Alpine,2015,2019,White (includes Hispanic),7.5
6,California,6003,Alpine,2016,2020,Asian/Pacific Islander (includes Hispanic),
6,California,6003,Alpine,2016,2020,Black (includes Hispanic),
6,California,6003,Alpine,2016,2020,Hispanic (all races),
6,California,6003,Alpine,2016,2020,American Indian/Alaskan Native (includes Hispanic),
6,California,6003,Alpine,2016,2020,White (includes Hispanic),7.2
6,California,6005,Amador,2011,2015,Asian/Pacific Islander (includes Hispanic),9.5
6,California,6005,Amador,2011,2015,Black (includes Hispanic),10.4
6,California,6005,Amador,2011,2015,Hispanic (all races),7.1
6,California,6005,Amador,2011,2015,American Indian/Alaskan Native (includes Hispanic),
6,California,6005,Amador,2011,2015,White (includes Hispanic),7.6
6,California,6005,Amador,2012,2016,Asian/Pacific Islander (includes Hispanic),8.8
6,California,6005,Amador,2012,2016,Black (includes Hispanic),9.8
6,California,6005,Amador,2012,2016,Hispanic (all races),7.8
6,California,6005,Amador,2012,2016,American Indian/Alaskan Native (includes Hispanic),
6,California,6005,Amador,2012,2016,White (includes Hispanic),7.9
6,California,6005,Amador,2013,2017,Asian/Pacific Islander (includes Hispanic),8.2
6,California,6005,Amador,2013,2017,Black (includes Hispanic),8.6
6,California,6005,Amador,2013,2017,Hispanic (all races),8.1
6,California,6005,Amador,2013,2017,American Indian/Alaskan Native (includes Hispanic),
6,California,6005,Amador,2013,2017,White (includes Hispanic),7.8
6,California,6005,Amador,2014,2018,Asian/Pacific Islander (includes Hispanic),6.5
6,California,6005,Amador,2014,2018,Black (includes Hispanic),7.6
6,California,6005,Amador,2014,2018,Hispanic (all races),8.4
6,California,6005,Amador,2014,2018,American Indian/Alaskan Native (includes Hispanic),
6,California,6005,Amador,2014,2018,White (includes Hispanic),7.7
6,California,6005,Amador,2015,2019,Asian/Pacific Islander (includes Hispanic),5.7
6,California,6005,Amador,2015,2019,Black (includes Hispanic),6.9
6,California,6005,Amador,2015,2019,Hispanic (all races),8.7
6,California,6005,Amador,2015,2019,American Indian/Alaskan Native (includes Hispanic),
6,California,6005,Amador,2015,2019,White (includes Hispanic),7.7
6,California,6005,Amador,2016,2020,Asian/Pacific Islander (includes Hispanic),4.6
6,California,6005,Amador,2016,2020,Black (includes Hispanic),5.6
6,California,6005,Amador,2016,2020,Hispanic (all races),9.1
6,California,6005,Amador,2016,2020,American Indian/Alaskan Native (includes Hispanic),
6,California,6005,Amador,2016,2020,White (includes Hispanic),7.9
6,California,6007,Butte,2011,2015,Asian/Pacific Islander (includes Hispanic),
6,California,6007,Butte,2011,2015,Black (includes Hispanic),
6,California,6007,Butte,2011,2015,Hispanic (all races),8.1
6,California,6007,Butte,2011,2015,American Indian/Alaskan Native (includes Hispanic),
6,California,6007,Butte,2011,2015,White (includes Hispanic),7.8
6,California,6007,Butte,2012,2016,Asian/Pacific Islander (includes Hispanic),
6,California,6007,Butte,2012,2016,Black (includes Hispanic),
6,California,6007,Butte,2012,2016,Hispanic (all races),8.4
6,California,6007,Butte,2012,2016,American Indian/Alaskan Native (includes Hispanic),
6,California,6007,Butte,2012,2016,White (includes Hispanic),7.9
6,California,6007,Butte,2013,2017,Asian/Pacific Islander (includes Hispanic),
6,California,6007,Butte,2013,2017,Black (includes Hispanic),
6,California,6007,Butte,2013,2017,Hispanic (all races),9.2
6,California,6007,Butte,2013,2017,American Indian/Alaskan Native (includes Hispanic),
6,California,6007,Butte,2013,2017,White (includes Hispanic),8.4
6,California,6007,Butte,2014,2018,Asian/Pacific Islander (includes Hispanic),
6,California,6007,Butte,2014,2018,Black (includes Hispanic),
6,California,6007,Butte,2014,2018,Hispanic (all races),8.9
6,California,6007,Butte,2014,2018,American Indian/Alaskan Native (includes Hispanic),
6,California,6007,Butte,2014,2018,White (includes Hispanic),8.3
6,California,6007,Butte,2015,2019,Asian/Pacific Islander (includes Hispanic),
6,California,6007,Butte,2015,2019,Black (includes Hispanic),
6,California,6007,Butte,2015,2019,Hispanic (all races),7.6
6,California,6007,Butte,2015,2019,American Indian/Alaskan Native (includes Hispanic),
6,California,6007,Butte,2015,2019,White (includes Hispanic),8.4
6,California,6007,Butte,2016,2020,Asian/Pacific Islander (includes Hispanic),
6,California,6007,Butte,2016,2020,Black (includes Hispanic),
6,California,6007,Butte,2016,2020,Hispanic (all races),8.4
6,California,6007,Butte,2016,2020,American Indian/Alaskan Native (includes Hispanic),
6,California,6007,Butte,2016,2020,White (includes Hispanic),9.2
6,California,6009,Calaveras,2011,2015,Asian/Pacific Islander (includes Hispanic),8.8
6,California,6009,Calaveras,2011,2015,Black (includes Hispanic),10.9
6,California,6009,Calaveras,2011,2015,Hispanic (all races),7.8
6,California,6009,Calaveras,2011,2015,American Indian/Alaskan Native (includes Hispanic),
6,California,6009,Calaveras,2011,2015,White (includes Hispanic),7.6
6,California,6009,Calaveras,2012,2016,Asian/Pacific Islander (includes Hispanic),8.0
6,California,6009,Calaveras,2012,2016,Black (includes Hispanic),10.4
6,California,6009,Calaveras,2012,2016,Hispanic (all races),7.1
6,California,6009,Calaveras,2012,2016,American Indian/Alaskan Native (includes Hispanic),
6,California,6009,Calaveras,2012,2016,White (includes Hispanic),7.6
6,California,6009,Calaveras,2013,2017,Asian/Pacific Islander (includes Hispanic),9.1
6,California,6009,Calaveras,2013,2017,Black (includes Hispanic),
6,California,6009,Calaveras,2013,2017,Hispanic (all races),7.7
6,California,6009,Calaveras,2013,2017,American Indian/Alaskan Native (includes Hispanic),
6,California,6009,Calaveras,2013,2017,White (includes Hispanic),7.6
6,California,6009,Calaveras,2014,2018,Asian/Pacific Islander (includes Hispanic),8.1
6,California,6009,Calaveras,2014,2018,Black (includes Hispanic),
6,California,6009,Calaveras,2014,2018,Hispanic (all races),8.2
6,California,6009,Calaveras,2014,2018,American Indian/Alaskan Native (includes Hispanic),
6,California,6009,Calaveras,2014,2018,White (includes Hispanic),7.9
6,California,6009,Calaveras,2015,2019,Asian/Pacific Islander (includes Hispanic),6.0
6,California,6009,Calaveras,2015,2019,Black (includes Hispanic),
6,California,6009,Calaveras,2015,2019,Hispanic (all races),7.7
6,California,6009,Calaveras,2015,2019,American Indian/Alaskan Native (includes Hispanic),
6,California,6009,Calaveras,2015,2019,White (includes Hispanic),8.0
6,California,6009,Calaveras,2016,2020,Asian/Pacific Islander (includes Hispanic),5.5
6,California,6009,Calaveras,2016,2020,Black (includes Hispanic),
6,California,6009,Calaveras,2016,2020,Hispanic (all races),7.9
6,California,6009,Calaveras,2016,2020,American Indian/Alaskan Native (includes Hispanic),
6,California,6009,Calaveras,2016,2020,White (includes Hispanic),7.9
6,California,6011,Colusa,2011,2015,Asian/Pacific Islander (includes Hispanic),
6,California,6011,Colusa,2011,2015,Black (includes Hispanic),
6,California,6011,Colusa,2011,2015,Hispanic (all races),8.8
6,California,6011,Colusa,2011,2015,American Indian/Alaskan Native (includes Hispanic),
6,California,6011,Colusa,2011,2015,White (includes Hispanic),7.2
6,California,6011,Colusa,2012,2016,Asian/Pacific Islander (includes Hispanic),
6,California,6011,Colusa,2012,2016,Black (includes Hispanic),
6,California,6011,Colusa,2012,2016,Hispanic (all races),8.9
6,California,6011,Colusa,2012,2016,American Indian/Alaskan Native (includes Hispanic),
6,California,6011,Colusa,2012,2016,White (includes Hispanic),8.2
6,California,6011,Colusa,2013,2017,Asian/Pacific Islander (includes Hispanic),
6,California,6011,Colusa,2013,2017,Black (includes Hispanic),
6,California,6011,Colusa,2013,2017,Hispanic (all races),9.5
6,California,6011,Colusa,2013,2017,American Indian/Alaskan Native (includes Hispanic),
6,California,6011,Colusa,2013,2017,White (includes Hispanic),8.2
6,California,6011,Colusa,2014,2018,Asian/Pacific Islander (includes Hispanic),
6,California,6011,Colusa,2014,2018,Black (includes Hispanic),
6,California,6011,Colusa,2014,2018,Hispanic (all races),8.9
6,California,6011,Colusa,2014,2018,American Indian/Alaskan Native (includes Hispanic),
6,California,6011,Colusa,2014,2018,White (includes Hispanic),9.1
6,California,6011,Colusa,2015,2019,Asian/Pacific Islander (includes Hispanic),
6,California,6011,Colusa,2015,2019,Black (includes Hispanic),
6,California,6011,Colusa,2015,2019,Hispanic (all races),7.9
6,California,6011,Colusa,2015,2019,American Indian/Alaskan Native (includes Hispanic),
6,California,6011,Colusa,2015,2019,White (includes Hispanic),9.0
6,California,6011,Colusa,2016,2020,Asian/Pacific Islander (includes Hispanic),
6,California,6011,Colusa,2016,2020,Black (includes Hispanic),
6,California,6011,Colusa,2016,2020,Hispanic (all races),8.2
6,California,6011,Colusa,2016,2020,American Indian/Alaskan Native (includes Hispanic),
6,California,6011,Colusa,2016,2020,White (includes Hispanic),9.5
6,California,6013,Contra Costa,2011,2015,Asian/Pacific Islander (includes Hispanic),6.6
6,California,6013,Contra Costa,2011,2015,Black (includes Hispanic),7.5
6,California,6013,Contra Costa,2011,2015,Hispanic (all races),8.5
6,California,6013,Contra Costa,2011,2015,American Indian/Alaskan Native (includes Hispanic),
6,California,6013,Contra Costa,2011,2015,White (includes Hispanic),7.0
6,California,6013,Contra Costa,2012,2016,Asian/Pacific Islander (includes Hispanic),6.3
6,California,6013,Contra Costa,2012,2016,Black (includes Hispanic),7.7
6,California,6013,Contra Costa,2012,2016,Hispanic (all races),8.7
6,California,6013,Contra Costa,2012,2016,American Indian/Alaskan Native (includes Hispanic),
6,California,6013,Contra Costa,2012,2016,White (includes Hispanic),7.1
6,California,6013,Contra Costa,2013,2017,Asian/Pacific Islander (includes Hispanic),6.2
6,California,6013,Contra Costa,2013,2017,Black (includes Hispanic),6.9
6,California,6013,Contra Costa,2013,2017,Hispanic (all races),8.4
6,California,6013,Contra Costa,2013,2017,American Indian/Alaskan Native (includes Hispanic),
6,California,6013,Contra Costa,2013,2017,White (includes Hispanic),6.8
6,California,6013,Contra Costa,2014,2018,Asian/Pacific Islander (includes Hispanic),5.9
6,California,6013,Contra Costa,2014,2018,Black (includes Hispanic),6.8
6,California,6013,Contra Costa,2014,2018,Hispanic (all races),7.9
6,California,6013,Contra Costa,2014,2018,American Indian/Alaskan Native (includes Hispanic),
6,California,6013,Contra Costa,2014,2018,White (includes Hispanic),6.6
6,California,6013,Contra Costa,2015,2019,Asian/Pacific Islander (includes Hispanic),5.5
6,California,6013,Contra Costa,2015,2019,Black (includes Hispanic),6.8
6,California,6013,Contra Costa,2015,2019,Hispanic (all races),7.7
6,California,6013,Contra Costa,2015,2019,American Indian/Alaskan Native (includes Hispanic),
6,California,6013,Contra Costa,2015,2019,White (includes Hispanic),6.5
6,California,6013,Contra Costa,2016,2020,Asian/Pacific Islander (includes Hispanic),5.2
6,California,6013,Contra Costa,2016,2020,Black (includes Hispanic),6.1
6,California,6013,Contra Costa,2016,2020,Hispanic (all races),7.7
6,California,6013,Contra Costa,2016,2020,American Indian/Alaskan Native (includes Hispanic),
6,California,6013,Contra Costa,2016,2020,White (includes Hispanic),6.4
6,California,6015,Del Norte,2011,2015,Asian/Pacific Islander (includes Hispanic),
6,California,6015,Del Norte,2011,2015,Black (includes Hispanic),
6,California,6015,Del Norte,2011,2015,Hispanic (all races),
6,California,6015,Del Norte,2011,2015,American Indian/Alaskan Native (includes Hispanic),
6,California,6015,Del Norte,2011,2015,White (includes Hispanic),7.0
6,California,6015,Del Norte,2012,2016,Asian/Pacific Islander (includes Hispanic),
6,California,6015,Del Norte,2012,2016,Black (includes Hispanic),
6,California,6015,Del Norte,2012,2016,Hispanic (all races),
6,California,6015,Del Norte,2012,2016,American Indian/Alaskan Native (includes Hispanic),
6,California,6015,Del Norte,2012,2016,White (includes Hispanic),7.7
6,California,6015,Del Norte,2013,2017,Asian/Pacific Islander (includes Hispanic),
6,California,6015,Del Norte,2013,2017,Black (includes Hispanic),
6,California,6015,Del Norte,2013,2017,Hispanic (all races),
6,California,6015,Del Norte,2013,2017,American Indian/Alaskan Native (includes Hispanic),
6,California,6015,Del Norte,2013,2017,White (includes Hispanic),8.1
6,California,6015,Del Norte,2014,2018,Asian/Pacific Islander (includes Hispanic),
6,California,6015,Del Norte,2014,2018,Black (includes Hispanic),
6,California,6015,Del Norte,2014,2018,Hispanic (all races),
6,California,6015,Del Norte,2014,2018,American Indian/Alaskan Native (includes Hispanic),
6,California,6015,Del Norte,2014,2018,White (includes Hispanic),8.0
6,California,6015,Del Norte,2015,2019,Asian/Pacific Islander (includes Hispanic),
6,California,6015,Del Norte,2015,2019,Black (includes Hispanic),
6,California,6015,Del Norte,2015,2019,Hispanic (all races),
6,California,6015,Del Norte,2015,2019,American Indian/Alaskan Native (includes Hispanic),
6,California,6015,Del Norte,2015,2019,White (includes Hispanic),8.5
6,California,6015,Del Norte,2016,2020,Asian/Pacific Islander (includes Hispanic),
6,California,6015,Del Norte,2016,2020,Black (includes Hispanic),
6,California,6015,Del Norte,2016,2020,Hispanic (all races),
6,California,6015,Del Norte,2016,2020,American Indian/Alaskan Native (includes Hispanic),
6,California,6015,Del Norte,2016,2020,White (includes Hispanic),8.7
6,California,6017,El Dorado,2011,2015,Asian/Pacific Islander (includes Hispanic),9.9
6,California,6017,El Dorado,2011,2015,Black (includes Hispanic),9.5
6,California,6017,El Dorado,2011,2015,Hispanic (all races),7.9
6,California,6017,El Dorado,2011,2015,American Indian/Alaskan Native (includes Hispanic),
6,California,6017,El Dorado,2011,2015,White (includes Hispanic),7.5
6,California,6017,El Dorado,2012,2016,Asian/Pacific Islander (includes Hispanic),9.2
6,California,6017,El Dorado,2012,2016,Black (includes Hispanic),8.9
6,California,6017,El Dorado,2012,2016,Hispanic (all races),8.9
6,California,6017,El Dorado,2012,2016,American Indian/Alaskan Native (includes Hispanic),
6,California,6017,El Dorado,2012,2016,White (includes Hispanic),7.8
6,California,6017,El Dorado,2013,2017,Asian/Pacific Islander (includes Hispanic),8.1
6,California,6017,El Dorado,2013,2017,Black (includes Hispanic),8.5
6,California,6017,El Dorado,2013,2017,Hispanic (all races),8.4
6,California,6017,El Dorado,2013,2017,American Indian/Alaskan Native (includes Hispanic),
6,California,6017,El Dorado,2013,2017,White (includes Hispanic),7.6
6,California,6017,El Dorado,2014,2018,Asian/Pacific Islander (includes Hispanic),6.6
6,California,6017,El Dorado,2014,2018,Black (includes Hispanic),8.1
6,California,6017,El Dorado,2014,2018,Hispanic (all races),8.5
6,California,6017,El Dorado,2014,2018,American Indian/Alaskan Native (includes Hispanic),
6,California,6017,El Dorado,2014,2018,White (includes Hispanic),7.4
6,California,6017,El Dorado,2015,2019,Asian/Pacific Islander (includes Hispanic),6.3
6,California,6017,El Dorado,2015,2019,Black (includes Hispanic),7.5
6,California,6017,El Dorado,2015,2019,Hispanic (all races),8.7
6,California,6017,El Dorado,2015,2019,American Indian/Alaskan Native (includes Hispanic),
6,California,6017,El Dorado,2015,2019,White (includes Hispanic),7.4
6,California,6017,El Dorado,2016,2020,Asian/Pacific Islander (includes Hispanic),4.9
6,California,6017,El Dorado,2016,2020,Black (includes Hispanic),6.1
6,California,6017,El Dorado,2016,2020,Hispanic (all races),9.1
6,California,6017,El Dorado,2016,2020,American Indian/Alaskan Native (includes Hispanic),
6,California,6017,El Dorado,2016,2020,White (includes Hispanic),7.4
6,California,6019,Fresno,2011,2015,Asian/Pacific Islander (includes Hispanic),9.8
6,California,6019,Fresno,2011,2015,Black (includes Hispanic),10.6
6,California,6019,Fresno,2011,2015,Hispanic (all races),10.0
6,California,6019,Fresno,2011,2015,American Indian/Alaskan Native (includes Hispanic),
6,California,6019,Fresno,2011,2015,White (includes Hispanic),9.2
6,California,6019,Fresno,2012,2016,Asian/Pacific Islander (includes Hispanic),8.2
6,California,6019,Fresno,2012,2016,Black (includes Hispanic),9.3
6,California,6019,Fresno,2012,2016,Hispanic (all races),10.1
6,California,6019,Fresno,2012,2016,American Indian/Alaskan Native (includes Hispanic),
6,California,6019,Fresno,2012,2016,White (includes Hispanic),9.4
6,California,6019,Fresno,2013,2017,Asian/Pacific Islander (includes Hispanic),8.8
6,California,6019,Fresno,2013,2017,Black (includes Hispanic),10.3
6,California,6019,Fresno,2013,2017,Hispanic (all races),9.7
6,California,6019,Fresno,2013,2017,American Indian/Alaskan Native (includes Hispanic),
6,California,6019,Fresno,2013,2017,White (includes Hispanic),9.4
6,California,6019,Fresno,2014,2018,Asian/Pacific Islander (includes Hispanic),9.1
6,California,6019,Fresno,2014,2018,Black (includes Hispanic),9.5
6,California,6019,Fresno,2014,2018,Hispanic (all races),10.0
6,California,6019,Fresno,2014,2018,American Indian/Alaskan Native (includes Hispanic),
6,California,6019,Fresno,2014,2018,White (includes Hispanic),9.6
6,California,6019,Fresno,2015,2019,Asian/Pacific Islander (includes Hispanic),8.6
6,California,6019,Fresno,2015,2019,Black (includes Hispanic),9.8
6,California,6019,Fresno,2015,2019,Hispanic (all races),10.6
6,California,6019,Fresno,2015,2019,American Indian/Alaskan Native (includes Hispanic),
6,California,6019,Fresno,2015,2019,White (includes Hispanic),9.6
6,California,6019,Fresno,2016,2020,Asian/Pacific Islander (includes Hispanic),7.9
6,California,6019,Fresno,2016,2020,Black (includes Hispanic),7.6
6,California,6019,Fresno,2016,2020,Hispanic (all races),9.8
6,California,6019,Fresno,2016,2020,American Indian/Alaskan Native (includes Hispanic),
6,California,6019,Fresno,2016,2020,White (includes Hispanic),8.8
6,California,6021,Glenn,2011,2015,Asian/Pacific Islander (includes Hispanic),
6,California,6021,Glenn,2011,2015,Black (includes Hispanic),
6,California,6021,Glenn,2011,2015,Hispanic (all races),10.4
6,California,6021,Glenn,2011,2015,American Indian/Alaskan Native (includes Hispanic),
6,California,6021,Glenn,2011,2015,White (includes Hispanic),8.3
6,California,6021,Glenn,2012,2016,Asian/Pacific Islander (includes Hispanic),
6,California,6021,Glenn,2012,2016,Black (includes Hispanic),
6,California,6021,Glenn,2012,2016,Hispanic (all races),
6,California,6021,Glenn,2012,2016,American Indian/Alaskan Native (includes Hispanic),
6,California,6021,Glenn,2012,2016,White (includes Hispanic),8.1
6,California,6021,Glenn,2013,2017,Asian/Pacific Islander (includes Hispanic),
6,California,6021,Glenn,2013,2017,Black (includes Hispanic),
6,California,6021,Glenn,2013,2017,Hispanic (all races),9.6
6,California,6021,Glenn,2013,2017,American Indian/Alaskan Native (includes Hispanic),
6,California,6021,Glenn,2013,2017,White (includes Hispanic),8.8
6,California,6021,Glenn,2014,2018,Asian/Pacific Islander (includes Hispanic),
6,California,6021,Glenn,2014,2018,Black (includes Hispanic),
6,California,6021,Glenn,2014,2018,Hispanic (all races),10.7
6,California,6021,Glenn,2014,2018,American Indian/Alaskan Native (includes Hispanic),
6,California,6021,Glenn,2014,2018,White (includes Hispanic),9.0
6,California,6021,Glenn,2015,2019,Asian/Pacific Islander (includes Hispanic),
6,California,6021,Glenn,2015,2019,Black (includes Hispanic),
6,California,6021,Glenn,2015,2019,Hispanic (all races),9.6
6,California,6021,Glenn,2015,2019,American Indian/Alaskan Native (includes Hispanic),
6,California,6021,Glenn,2015,2019,White (includes Hispanic),8.9
6,California,6021,Glenn,2016,2020,Asian/Pacific Islander (includes Hispanic),
6,California,6021,Glenn,2016,2020,Black (includes Hispanic),
6,California,6021,Glenn,2016,2020,Hispanic (all races),9.4
6,California,6021,Glenn,2016,2020,American Indian/Alaskan Native (includes Hispanic),
6,California,6021,Glenn,2016,2020,White (includes Hispanic),9.4
6,California,6023,Humboldt,2011,2015,Asian/Pacific Islander (includes Hispanic),
6,California,6023,Humboldt,2011,2015,Black (includes Hispanic),
6,California,6023,Humboldt,2011,2015,Hispanic (all races),
6,California,6023,Humboldt,2011,2015,American Indian/Alaskan Native (includes Hispanic),
6,California,6023,Humboldt,2011,2015,White (includes Hispanic),8.0
6,California,6023,Humboldt,2012,2016,Asian/Pacific Islander (includes Hispanic),
6,California,6023,Humboldt,2012,2016,Black (includes Hispanic),
6,California,6023,Humboldt,2012,2016,Hispanic (all races),
6,California,6023,Humboldt,2012,2016,American Indian/Alaskan Native (includes Hispanic),
6,California,6023,Humboldt,2012,2016,White (includes Hispanic),6.9
6,California,6023,Humboldt,2013,2017,Asian/Pacific Islander (includes Hispanic),
6,California,6023,Humboldt,2013,2017,Black (includes Hispanic),
6,California,6023,Humboldt,2013,2017,Hispanic (all races),
6,California,6023,Humboldt,2013,2017,American Indian/Alaskan Native (includes Hispanic),
6,California,6023,Humboldt,2013,2017,White (includes Hispanic),7.7
6,California,6023,Humboldt,2014,2018,Asian/Pacific Islander (includes Hispanic),
6,California,6023,Humboldt,2014,2018,Black (includes Hispanic),
6,California,6023,Humboldt,2014,2018,Hispanic (all races),
6,California,6023,Humboldt,2014,2018,American Indian/Alaskan Native (includes Hispanic),
6,California,6023,Humboldt,2014,2018,White (includes Hispanic),7.9
6,California,6023,Humboldt,2015,2019,Asian/Pacific Islander (includes Hispanic),
6,California,6023,Humboldt,2015,2019,Black (includes Hispanic),
6,California,6023,Humboldt,2015,2019,Hispanic (all races),
6,California,6023,Humboldt,2015,2019,American Indian/Alaskan Native (includes Hispanic),
6,California,6023,Humboldt,2015,2019,White (includes Hispanic),8.1
6,California,6023,Humboldt,2016,2020,Asian/Pacific Islander (includes Hispanic),
6,California,6023,Humboldt,2016,2020,Black (includes Hispanic),
6,California,6023,Humboldt,2016,2020,Hispanic (all races),
6,California,6023,Humboldt,2016,2020,American Indian/Alaskan Native (includes Hispanic),
6,California,6023,Humboldt,2016,2020,White (includes Hispanic),8.1
6,California,6025,Imperial,2011,2015,Asian/Pacific Islander (includes Hispanic),7.3
6,California,6025,Imperial,2011,2015,Black (includes Hispanic),6.4
6,California,6025,Imperial,2011,2015,Hispanic (all races),8.6
6,California,6025,Imperial,2011,2015,American Indian/Alaskan Native (includes Hispanic),7.5
6,California,6025,Imperial,2011,2015,White (includes Hispanic),7.3
6,California,6025,Imperial,2012,2016,Asian/Pacific Islander (includes Hispanic),6.9
6,California,6025,Imperial,2012,2016,Black (includes Hispanic),6.3
6,California,6025,Imperial,2012,2016,Hispanic (all races),8.9
6,California,6025,Imperial,2012,2016,American Indian/Alaskan Native (includes Hispanic),6.9
6,California,6025,Imperial,2012,2016,White (includes Hispanic),7.4
6,California,6025,Imperial,2013,2017,Asian/Pacific Islander (includes Hispanic),6.9
6,California,6025,Imperial,2013,2017,Black (includes Hispanic),5.6
6,California,6025,Imperial,2013,2017,Hispanic (all races),9.1
6,California,6025,Imperial,2013,2017,American Indian/Alaskan Native (includes Hispanic),
6,California,6025,Imperial,2013,2017,White (includes Hispanic),7.7
6,California,6025,Imperial,2014,2018,Asian/Pacific Islander (includes Hispanic),6.6
6,California,6025,Imperial,2014,2018,Black (includes Hispanic),5.9
6,California,6025,Imperial,2014,2018,Hispanic (all races),9.3
6,California,6025,Imperial,2014,2018,American Indian/Alaskan Native (includes Hispanic),7.9
6,California,6025,Imperial,2014,2018,White (includes Hispanic),8.0
6,California,6025,Imperial,2015,2019,Asian/Pacific Islander (includes Hispanic),6.6
6,California,6025,Imperial,2015,2019,Black (includes Hispanic),6.2
6,California,6025,Imperial,2015,2019,Hispanic (all races),9.3
6,California,6025,Imperial,2015,2019,American Indian/Alaskan Native (includes Hispanic),7.6
6,California,6025,Imperial,2015,2019,White (includes Hispanic),7.9
6,California,6025,Imperial,2016,2020,Asian/Pacific Islander (includes Hispanic),6.7
6,California,6025,Imperial,2016,2020,Black (includes Hispanic),5.5
6,California,6025,Imperial,2016,2020,Hispanic (all races),9.2
6,California,6025,Imperial,2016,2020,American Indian/Alaskan Native (includes Hispanic),
6,California,6025,Imperial,2016,2020,White (includes Hispanic),7.8
6,California,6027,Inyo,2011,2015,Asian/Pacific Islander (includes Hispanic),7.4
6,California,6027,Inyo,2011,2015,Black (includes Hispanic),6.4
6,California,6027,Inyo,2011,2015,Hispanic (all races),9.8
6,California,6027,Inyo,2011,2015,American Indian/Alaskan Native (includes Hispanic),5.2
6,California,6027,Inyo,2011,2015,White (includes Hispanic),9.0
6,California,6027,Inyo,2012,2016,Asian/Pacific Islander (includes Hispanic),7.5
6,California,6027,Inyo,2012,2016,Black (includes Hispanic),6.9
6,California,6027,Inyo,2012,2016,Hispanic (all races),10.1
6,California,6027,Inyo,2012,2016,American Indian/Alaskan Native (includes Hispanic),5.1
6,California,6027,Inyo,2012,2016,White (includes Hispanic),9.6
6,California,6027,Inyo,2013,2017,Asian/Pacific Islander (includes Hispanic),8.0
6,California,6027,Inyo,2013,2017,Black (includes Hispanic),7.8
6,California,6027,Inyo,2013,2017,Hispanic (all races),9.7
6,California,6027,Inyo,2013,2017,American Indian/Alaskan Native (includes Hispanic),5.6
6,California,6027,Inyo,2013,2017,White (includes Hispanic),9.5
6,California,6027,Inyo,2014,2018,Asian/Pacific Islander (includes Hispanic),7.9
6,California,6027,Inyo,2014,2018,Black (includes Hispanic),7.9
6,California,6027,Inyo,2014,2018,Hispanic (all races),9.9
6,California,6027,Inyo,2014,2018,American Indian/Alaskan Native (includes Hispanic),
6,California,6027,Inyo,2014,2018,White (includes Hispanic),9.5
6,California,6027,Inyo,2015,2019,Asian/Pacific Islander (includes Hispanic),7.6
6,California,6027,Inyo,2015,2019,Black (includes Hispanic),8.0
6,California,6027,Inyo,2015,2019,Hispanic (all races),10.0
6,California,6027,Inyo,2015,2019,American Indian/Alaskan Native (includes Hispanic),
6,California,6027,Inyo,2015,2019,White (includes Hispanic),9.5
6,California,6027,Inyo,2016,2020,Asian/Pacific Islander (includes Hispanic),7.9
6,California,6027,Inyo,2016,2020,Black (includes Hispanic),8.0
6,California,6027,Inyo,2016,2020,Hispanic (all races),9.6
6,California,6027,Inyo,2016,2020,American Indian/Alaskan Native (includes Hispanic),
6,California,6027,Inyo,2016,2020,White (includes Hispanic),9.2
6,California,6029,Kern,2011,2015,Asian/Pacific Islander (includes Hispanic),6.9
6,California,6029,Kern,2011,2015,Black (includes Hispanic),7.6
6,California,6029,Kern,2011,2015,Hispanic (all races),8.9
6,California,6029,Kern,2011,2015,American Indian/Alaskan Native (includes Hispanic),3.0
6,California,6029,Kern,2011,2015,White (includes Hispanic),8.2
6,California,6029,Kern,2012,2016,Asian/Pacific Islander (includes Hispanic),7.4
6,California,6029,Kern,2012,2016,Black (includes Hispanic),7.9
6,California,6029,Kern,2012,2016,Hispanic (all races),9.1
6,California,6029,Kern,2012,2016,American Indian/Alaskan Native (includes Hispanic),2.7
6,California,6029,Kern,2012,2016,White (includes Hispanic),8.2
6,California,6029,Kern,2013,2017,Asian/Pacific Islander (includes Hispanic),7.2
6,California,6029,Kern,2013,2017,Black (includes Hispanic),7.7
6,California,6029,Kern,2013,2017,Hispanic (all races),9.0
6,California,6029,Kern,2013,2017,American Indian/Alaskan Native (includes Hispanic),2.7
6,California,6029,Kern,2013,2017,White (includes Hispanic),8.0
6,California,6029,Kern,2014,2018,Asian/Pacific Islander (includes Hispanic),7.2
6,California,6029,Kern,2014,2018,Black (includes Hispanic),7.3
6,California,6029,Kern,2014,2018,Hispanic (all races),9.4
6,California,6029,Kern,2014,2018,American Indian/Alaskan Native (includes Hispanic),
6,California,6029,Kern,2014,2018,White (includes Hispanic),8.3
6,California,6029,Kern,2015,2019,Asian/Pacific Islander (includes Hispanic),7.2
6,California,6029,Kern,2015,2019,Black (includes Hispanic),7.4
6,California,6029,Kern,2015,2019,Hispanic (all races),9.7
6,California,6029,Kern,2015,2019,American Indian/Alaskan Native (includes Hispanic),
6,California,6029,Kern,2015,2019,White (includes Hispanic),8.4
6,California,6029,Kern,2016,2020,Asian/Pacific Islander (includes Hispanic),7.0
6,California,6029,Kern,2016,2020,Black (includes Hispanic),7.0
6,California,6029,Kern,2016,2020,Hispanic (all races),9.8
6,California,6029,Kern,2016,2020,American Indian/Alaskan Native (includes Hispanic),
6,California,6029,Kern,2016,2020,White (includes Hispanic),8.4
6,California,6031,Kings,2011,2015,Asian/Pacific Islander (includes Hispanic),10.2
6,California,6031,Kings,2011,2015,Black (includes Hispanic),7.7
6,California,6031,Kings,2011,2015,Hispanic (all races),10.0
6,California,6031,Kings,2011,2015,American Indian/Alaskan Native (includes Hispanic),
6,California,6031,Kings,2011,2015,White (includes Hispanic),8.9
6,California,6031,Kings,2012,2016,Asian/Pacific Islander (includes Hispanic),9.3
6,California,6031,Kings,2012,2016,Black (includes Hispanic),7.1
6,California,6031,Kings,2012,2016,Hispanic (all races),10.2
6,California,6031,Kings,2012,2016,American Indian/Alaskan Native (includes Hispanic),
6,California,6031,Kings,2012,2016,White (includes Hispanic),9.3
6,California,6031,Kings,2013,2017,Asian/Pacific Islander (includes Hispanic),10.1
6,California,6031,Kings,2013,2017,Black (includes Hispanic),7.3
6,California,6031,Kings,2013,2017,Hispanic (all races),10.2
6,California,6031,Kings,2013,2017,American Indian/Alaskan Native (includes Hispanic),
6,California,6031,Kings,2013,2017,White (includes Hispanic),9.2
6,California,6031,Kings,2014,2018,Asian/Pacific Islander (includes Hispanic),9.9
6,California,6031,Kings,2014,2018,Black (includes Hispanic),7.7
6,California,6031,Kings,2014,2018,Hispanic (all races),10.4
6,California,6031,Kings,2014,2018,American Indian/Alaskan Native (includes Hispanic),
6,California,6031,Kings,2014,2018,White (includes Hispanic),9.4
6,California,6031,Kings,2015,2019,Asian/Pacific Islander (includes Hispanic),9.1
6,California,6031,Kings,2015,2019,Black (includes Hispanic),7.4
6,California,6031,Kings,2015,2019,Hispanic (all races),10.6
6,California,6031,Kings,2015,2019,American Indian/Alaskan Native (includes Hispanic),
6,California,6031,Kings,2015,2019,White (includes Hispanic),9.3
6,California,6031,Kings,2016,2020,Asian/Pacific Islander (includes Hispanic),9.0
6,California,6031,Kings,2016,2020,Black (includes Hispanic),6.7
6,California,6031,Kings,2016,2020,Hispanic (all races),9.7
6,California,6031,Kings,2016,2020,American Indian/Alaskan Native (includes Hispanic),
6,California,6031,Kings,2016,2020,White (includes Hispanic),8.7
6,California,6033,Lake,2011,2015,Asian/Pacific Islander (includes Hispanic),
6,California,6033,Lake,2011,2015,Black (includes Hispanic),
6,California,6033,Lake,2011,2015,Hispanic (all races),8.3
6,California,6033,Lake,2011,2015,American Indian/Alaskan Native (includes Hispanic),
6,California,6033,Lake,2011,2015,White (includes Hispanic),7.2
6,California,6033,Lake,2012,2016,Asian/Pacific Islander (includes Hispanic),
6,California,6033,Lake,2012,2016,Black (includes Hispanic),
6,California,6033,Lake,2012,2016,Hispanic (all races),8.8
6,California,6033,Lake,2012,2016,American Indian/Alaskan Native (includes Hispanic),
6,California,6033,Lake,2012,2016,White (includes Hispanic),7.4
6,California,6033,Lake,2013,2017,Asian/Pacific Islander (includes Hispanic),
6,California,6033,Lake,2013,2017,Black (includes Hispanic),
6,California,6033,Lake,2013,2017,Hispanic (all races),9.5
6,California,6033,Lake,2013,2017,American Indian/Alaskan Native (includes Hispanic),
6,California,6033,Lake,2013,2017,White (includes Hispanic),7.5
6,California,6033,Lake,2014,2018,Asian/Pacific Islander (includes Hispanic),
6,California,6033,Lake,2014,2018,Black (includes Hispanic),
6,California,6033,Lake,2014,2018,Hispanic (all races),8.6
6,California,6033,Lake,2014,2018,American Indian/Alaskan Native (includes Hispanic),
6,California,6033,Lake,2014,2018,White (includes Hispanic),7.8
6,California,6033,Lake,2015,2019,Asian/Pacific Islander (includes Hispanic),
6,California,6033,Lake,2015,2019,Black (includes Hispanic),
6,California,6033,Lake,2015,2019,Hispanic (all races),8.8
6,California,6033,Lake,2015,2019,American Indian/Alaskan Native (includes Hispanic),
6,California,6033,Lake,2015,2019,White (includes Hispanic),7.9
6,California,6033,Lake,2016,2020,Asian/Pacific Islander (includes Hispanic),
6,California,6033,Lake,2016,2020,Black (includes Hispanic),
6,California,6033,Lake,2016,2020,Hispanic (all races),8.9
6,California,6033,Lake,2016,2020,American Indian/Alaskan Native (includes Hispanic),
6,California,6033,Lake,2016,2020,White (includes Hispanic),7.7
6,California,6035,Lassen,2011,2015,Asian/Pacific Islander (includes Hispanic),
6,California,6035,Lassen,2011,2015,Black (includes Hispanic),
6,California,6035,Lassen,2011,2015,Hispanic (all races),
6,California,6035,Lassen,2011,2015,American Indian/Alaskan Native (includes Hispanic),
6,California,6035,Lassen,2011,2015,White (includes Hispanic),7.9
6,California,6035,Lassen,2012,2016,Asian/Pacific Islander (includes Hispanic),
6,California,6035,Lassen,2012,2016,Black (includes Hispanic),
6,California,6035,Lassen,2012,2016,Hispanic (all races),6.7
6,California,6035,Lassen,2012,2016,American Indian/Alaskan Native (includes Hispanic),
6,California,6035,Lassen,2012,2016,White (includes Hispanic),8.8
6,California,6035,Lassen,2013,2017,Asian/Pacific Islander (includes Hispanic),
6,California,6035,Lassen,2013,2017,Black (includes Hispanic),
6,California,6035,Lassen,2013,2017,Hispanic (all races),
6,California,6035,Lassen,2013,2017,American Indian/Alaskan Native (includes Hispanic),
6,California,6035,Lassen,2013,2017,White (includes Hispanic),8.6
6,California,6035,Lassen,2014,2018,Asian/Pacific Islander (includes Hispanic),
6,California,6035,Lassen,2014,2018,Black (includes Hispanic),
6,California,6035,Lassen,2014,2018,Hispanic (all races),7.9
6,California,6035,Lassen,2014,2018,American Indian/Alaskan Native (includes Hispanic),
6,California,6035,Lassen,2014,2018,White (includes Hispanic),9.4
6,California,6035,Lassen,2015,2019,Asian/Pacific Islander (includes Hispanic),
6,California,6035,Lassen,2015,2019,Black (includes Hispanic),
6,California,6035,Lassen,2015,2019,Hispanic (all races),7.0
6,California,6035,Lassen,2015,2019,American Indian/Alaskan Native (includes Hispanic),
6,California,6035,Lassen,2015,2019,White (includes Hispanic),9.0
6,California,6035,Lassen,2016,2020,Asian/Pacific Islander (includes Hispanic),
6,California,6035,Lassen,2016,2020,Black (includes Hispanic),
6,California,6035,Lassen,2016,2020,Hispanic (all races),8.5
6,California,6035,Lassen,2016,2020,American Indian/Alaskan Native (includes Hispanic),
6,California,6035,Lassen,2016,2020,White (includes Hispanic),8.3
6,California,6037,Los Angeles,2011,2015,Asian/Pacific Islander (includes Hispanic),6.4
6,California,6037,Los Angeles,2011,2015,Black (includes Hispanic),7.5
6,California,6037,Los Angeles,2011,2015,Hispanic (all races),9.0
6,California,6037,Los Angeles,2011,2015,American Indian/Alaskan Native (includes Hispanic),
6,California,6037,Los Angeles,2011,2015,White (includes Hispanic),7.9
6,California,6037,Los Angeles,2012,2016,Asian/Pacific Islander (includes Hispanic),6.9
6,California,6037,Los Angeles,2012,2016,Black (includes Hispanic),7.8
6,California,6037,Los Angeles,2012,2016,Hispanic (all races),9.1
6,California,6037,Los Angeles,2012,2016,American Indian/Alaskan Native (includes Hispanic),
6,California,6037,Los Angeles,2012,2016,White (includes Hispanic),7.9
6,California,6037,Los Angeles,2013,2017,Asian/Pacific Islander (includes Hispanic),6.8
6,California,6037,Los Angeles,2013,2017,Black (includes Hispanic),7.5
6,California,6037,Los Angeles,2013,2017,Hispanic (all races),9.0
6,California,6037,Los Angeles,2013,2017,American Indian/Alaskan Native (includes Hispanic),
6,California,6037,Los Angeles,2013,2017,White (includes Hispanic),7.8
6,California,6037,Los Angeles,2014,2018,Asian/Pacific Islander (includes Hispanic),6.8
6,California,6037,Los Angeles,2014,2018,Black (includes Hispanic),7.1
6,California,6037,Los Angeles,2014,2018,Hispanic (all races),9.4
6,California,6037,Los Angeles,2014,2018,American Indian/Alaskan Native (includes Hispanic),
6,California,6037,Los Angeles,2014,2018,White (includes Hispanic),8.0
6,California,6037,Los Angeles,2015,2019,Asian/Pacific Islander (includes Hispanic),6.9
6,California,6037,Los Angeles,2015,2019,Black (includes Hispanic),7.1
6,California,6037,Los Angeles,2015,2019,Hispanic (all races),9.6
6,California,6037,Los Angeles,2015,2019,American Indian/Alaskan Native (includes Hispanic),
6,California,6037,Los Angeles,2015,2019,White (includes Hispanic),8.1
6,California,6037,Los Angeles,2016,2020,Asian/Pacific Islander (includes Hispanic),6.8
6,California,6037,Los Angeles,2016,2020,Black (includes Hispanic),6.8
6,California,6037,Los Angeles,2016,2020,Hispanic (all races),9.5
6,California,6037,Los Angeles,2016,2020,American Indian/Alaskan Native (includes Hispanic),
6,California,6037,Los Angeles,2016,2020,White (includes Hispanic),8.2
6,California,6039,Madera,2011,2015,Asian/Pacific Islander (includes Hispanic),10.4
6,California,6039,Madera,2011,2015,Black (includes Hispanic),10.9
6,California,6039,Madera,2011,2015,Hispanic (all races),10.8
6,California,6039,Madera,2011,2015,American Indian/Alaskan Native (includes Hispanic),
6,California,6039,Madera,2011,2015,White (includes Hispanic),8.7
6,California,6039,Madera,2012,2016,Asian/Pacific Islander (includes Hispanic),8.5
6,California,6039,Madera,2012,2016,Black (includes Hispanic),10.0
6,California,6039,Madera,2012,2016,Hispanic (all races),9.5
6,California,6039,Madera,2012,2016,American Indian/Alaskan Native (includes Hispanic),
6,California,6039,Madera,2012,2016,White (includes Hispanic),8.2
6,California,6039,Madera,2013,2017,Asian/Pacific Islander (includes Hispanic),9.8
6,California,6039,Madera,2013,2017,Black (includes Hispanic),11.4
6,California,6039,Madera,2013,2017,Hispanic (all races),9.2
6,California,6039,Madera,2013,2017,American Indian/Alaskan Native (includes Hispanic),
6,California,6039,Madera,2013,2017,White (includes Hispanic),8.4
6,California,6039,Madera,2014,2018,Asian/Pacific Islander (includes Hispanic),9.7
6,California,6039,Madera,2014,2018,Black (includes Hispanic),
6,California,6039,Madera,2014,2018,Hispanic (all races),9.9
6,California,6039,Madera,2014,2018,American Indian/Alaskan Native (includes Hispanic),
6,California,6039,Madera,2014,2018,White (includes Hispanic),9.1
6,California,6039,Madera,2015,2019,Asian/Pacific Islander (includes Hispanic),8.8
6,California,6039,Madera,2015,2019,Black (includes Hispanic),
6,California,6039,Madera,2015,2019,Hispanic (all races),10.1
6,California,6039,Madera,2015,2019,American Indian/Alaskan Native (includes Hispanic),
6,California,6039,Madera,2015,2019,White (includes Hispanic),9.1
6,California,6039,Madera,2016,2020,Asian/Pacific Islander (includes Hispanic),9.1
6,California,6039,Madera,2016,2020,Black (includes Hispanic),
6,California,6039,Madera,2016,2020,Hispanic (all races),9.3
6,California,6039,Madera,2016,2020,American Indian/Alaskan Native (includes Hispanic),
6,California,6039,Madera,2016,2020,White (includes Hispanic),8.5
6,California,6041,Marin,2011,2015,Asian/Pacific Islander (includes Hispanic),5.9
6,California,6041,Marin,2011,2015,Black (includes Hispanic),5.3
6,California,6041,Marin,2011,2015,Hispanic (all races),8.8
6,California,6041,Marin,2011,2015,American Indian/Alaskan Native (includes Hispanic),
6,California,6041,Marin,2011,2015,White (includes Hispanic),6.6
6,California,6041,Marin,2012,2016,Asian/Pacific Islander (includes Hispanic),6.2
6,California,6041,Marin,2012,2016,Black (includes Hispanic),6.1
6,California,6041,Marin,2012,2016,Hispanic (all races),8.5
6,California,6041,Marin,2012,2016,American Indian/Alaskan Native (includes Hispanic),
6,California,6041,Marin,2012,2016,White (includes Hispanic),6.5
6,California,6041,Marin,2013,2017,Asian/Pacific Islander (includes Hispanic),6.4
6,California,6041,Marin,2013,2017,Black (includes Hispanic),6.0
6,California,6041,Marin,2013,2017,Hispanic (all races),8.8
6,California,6041,Marin,2013,2017,American Indian/Alaskan Native (includes Hispanic),
6,California,6041,Marin,2013,2017,White (includes Hispanic),6.4
6,California,6041,Marin,2014,2018,Asian/Pacific Islander (includes Hispanic),6.5
6,California,6041,Marin,2014,2018,Black (includes Hispanic),6.4
6,California,6041,Marin,2014,2018,Hispanic (all races),7.9
6,California,6041,Marin,2014,2018,American Indian/Alaskan Native (includes Hispanic),
6,California,6041,Marin,2014,2018,White (includes Hispanic),6.2
6,California,6041,Marin,2015,2019,Asian/Pacific Islander (includes Hispanic),6.1
6,California,6041,Marin,2015,2019,Black (includes Hispanic),6.7
6,California,6041,Marin,2015,2019,Hispanic (all races),7.8
6,California,6041,Marin,2015,2019,American Indian/Alaskan Native (includes Hispanic),
6,California,6041,Marin,2015,2019,White (includes Hispanic),6.0
6,California,6041,Marin,2016,2020,Asian/Pacific Islander (includes Hispanic),5.9
6,California,6041,Marin,2016,2020,Black (includes Hispanic),7.0
6,California,6041,Marin,2016,2020,Hispanic (all races),7.8
6,California,6041,Marin,2016,2020,American Indian/Alaskan Native (includes Hispanic),
6,California,6041,Marin,2016,2020,White (includes Hispanic),5.7
6,California,6043,Mariposa,2011,2015,Asian/Pacific Islander (includes Hispanic),
6,California,6043,Mariposa,2011,2015,Black (includes Hispanic),
6,California,6043,Mariposa,2011,2015,Hispanic (all races),9.5
6,California,6043,Mariposa,2011,2015,American Indian/Alaskan Native (includes Hispanic),
6,California,6043,Mariposa,2011,2015,White (includes Hispanic),8.6
6,California,6043,Mariposa,2012,2016,Asian/Pacific Islander (includes Hispanic),
6,California,6043,Mariposa,2012,2016,Black (includes Hispanic),
6,California,6043,Mariposa,2012,2016,Hispanic (all races),8.0
6,California,6043,Mariposa,2012,2016,American Indian/Alaskan Native (includes Hispanic),
6,California,6043,Mariposa,2012,2016,White (includes Hispanic),7.7
6,California,6043,Mariposa,2013,2017,Asian/Pacific Islander (includes Hispanic),11.9
6,California,6043,Mariposa,2013,2017,Black (includes Hispanic),
6,California,6043,Mariposa,2013,2017,Hispanic (all races),8.1
6,California,6043,Mariposa,2013,2017,American Indian/Alaskan Native (includes Hispanic),
6,California,6043,Mariposa,2013,2017,White (includes Hispanic),8.1
6,California,6043,Mariposa,2014,2018,Asian/Pacific Islander (includes Hispanic),12.8
6,California,6043,Mariposa,2014,2018,Black (includes Hispanic),
6,California,6043,Mariposa,2014,2018,Hispanic (all races),8.2
6,California,6043,Mariposa,2014,2018,American Indian/Alaskan Native (includes Hispanic),
6,California,6043,Mariposa,2014,2018,White (includes Hispanic),8.4
6,California,6043,Mariposa,2015,2019,Asian/Pacific Islander (includes Hispanic),
6,California,6043,Mariposa,2015,2019,Black (includes Hispanic),
6,California,6043,Mariposa,2015,2019,Hispanic (all races),8.4
6,California,6043,Mariposa,2015,2019,American Indian/Alaskan Native (includes Hispanic),
6,California,6043,Mariposa,2015,2019,White (includes Hispanic),8.5
6,California,6043,Mariposa,2016,2020,Asian/Pacific Islander (includes Hispanic),
6,California,6043,Mariposa,2016,2020,Black (includes Hispanic),
6,California,6043,Mariposa,2016,2020,Hispanic (all races),8.9
6,California,6043,Mariposa,2016,2020,American Indian/Alaskan Native (includes Hispanic),
6,California,6043,Mariposa,2016,2020,White (includes Hispanic),8.5
6,California,6045,Mendocino,2011,2015,Asian/Pacific Islander (includes Hispanic),
6,California,6045,Mendocino,2011,2015,Black (includes Hispanic),
6,California,6045,Mendocino,2011,2015,Hispanic (all races),8.2
6,California,6045,Mendocino,2011,2015,American Indian/Alaskan Native (includes Hispanic),
6,California,6045,Mendocino,2011,2015,White (includes Hispanic),7.4
6,California,6045,Mendocino,2012,2016,Asian/Pacific Islander (includes Hispanic),
6,California,6045,Mendocino,2012,2016,Black (includes Hispanic),
6,California,6045,Mendocino,2012,2016,Hispanic (all races),7.9
6,California,6045,Mendocino,2012,2016,American Indian/Alaskan Native (includes Hispanic),
6,California,6045,Mendocino,2012,2016,White (includes Hispanic),7.4
6,California,6045,Mendocino,2013,2017,Asian/Pacific Islander (includes Hispanic),
6,California,6045,Mendocino,2013,2017,Black (includes Hispanic),
6,California,6045,Mendocino,2013,2017,Hispanic (all races),8.0
6,California,6045,Mendocino,2013,2017,American Indian/Alaskan Native (includes Hispanic),
6,California,6045,Mendocino,2013,2017,White (includes Hispanic),7.5
6,California,6045,Mendocino,2014,2018,Asian/Pacific Islander (includes Hispanic),
6,California,6045,Mendocino,2014,2018,Black (includes Hispanic),
6,California,6045,Mendocino,2014,2018,Hispanic (all races),7.5
6,California,6045,Mendocino,2014,2018,American Indian/Alaskan Native (includes Hispanic),
6,California,6045,Mendocino,2014,2018,White (includes Hispanic),7.3
6,California,6045,Mendocino,2015,2019,Asian/Pacific Islander (includes Hispanic),
6,California,6045,Mendocino,2015,2019,Black (includes Hispanic),
6,California,6045,Mendocino,2015,2019,Hispanic (all races),8.4
6,California,6045,Mendocino,2015,2019,American Indian/Alaskan Native (includes Hispanic),
6,California,6045,Mendocino,2015,2019,White (includes Hispanic),7.8
6,California,6045,Mendocino,2016,2020,Asian/Pacific Islander (includes Hispanic),
6,California,6045,Mendocino,2016,2020,Black (includes Hispanic),
6,California,6045,Mendocino,2016,2020,Hispanic (all races),8.2
6,California,6045,Mendocino,2016,2020,American Indian/Alaskan Native (includes Hispanic),
6,California,6045,Mendocino,2016,2020,White (includes Hispanic),7.6
6,California,6047,Merced,2011,2015,Asian/Pacific Islander (includes Hispanic),5.9
6,California,6047,Merced,2011,2015,Black (includes Hispanic),6.9
6,California,6047,Merced,2011,2015,Hispanic (all races),9.1
6,California,6047,Merced,2011,2015,American Indian/Alaskan Native (includes Hispanic),
6,California,6047,Merced,2011,2015,White (includes Hispanic),7.4
6,California,6047,Merced,2012,2016,Asian/Pacific Islander (includes Hispanic),5.8
6,California,6047,Merced,2012,2016,Black (includes Hispanic),6.6
6,California,6047,Merced,2012,2016,Hispanic (all races),8.1
6,California,6047,Merced,2012,2016,American Indian/Alaskan Native (includes Hispanic),
6,California,6047,Merced,2012,2016,White (includes Hispanic),6.9
6,California,6047,Merced,2013,2017,Asian/Pacific Islander (includes Hispanic),6.0
6,California,6047,Merced,2013,2017,Black (includes Hispanic),7.5
6,California,6047,Merced,2013,2017,Hispanic (all races),8.0
6,California,6047,Merced,2013,2017,American Indian/Alaskan Native (includes Hispanic),
6,California,6047,Merced,2013,2017,White (includes Hispanic),7.1
6,California,6047,Merced,2014,2018,Asian/Pacific Islander (includes Hispanic),6.0
6,California,6047,Merced,2014,2018,Black (includes Hispanic),7.1
6,California,6047,Merced,2014,2018,Hispanic (all races),8.5
6,California,6047,Merced,2014,2018,American Indian/Alaskan Native (includes Hispanic),
6,California,6047,Merced,2014,2018,White (includes Hispanic),7.4
6,California,6047,Merced,2015,2019,Asian/Pacific Islander (includes Hispanic),6.1
6,California,6047,Merced,2015,2019,Black (includes Hispanic),7.0
6,California,6047,Merced,2015,2019,Hispanic (all races),8.5
6,California,6047,Merced,2015,2019,American Indian/Alaskan Native (includes Hispanic),
6,California,6047,Merced,2015,2019,White (includes Hispanic),7.4
6,California,6047,Merced,2016,2020,Asian/Pacific Islander (includes Hispanic),5.4
6,California,6047,Merced,2016,2020,Black (includes Hispanic),6.5
6,California,6047,Merced,2016,2020,Hispanic (all races),8.1
6,California,6047,Merced,2016,2020,American Indian/Alaskan Native (includes Hispanic),
6,California,6047,Merced,2016,2020,White (includes Hispanic),7.1
6,California,6049,Modoc,2011,2015,Asian/Pacific Islander (includes Hispanic),
6,California,6049,Modoc,2011,2015,Black (includes Hispanic),
6,California,6049,Modoc,2011,2015,Hispanic (all races),
6,California,6049,Modoc,2011,2015,American Indian/Alaskan Native (includes Hispanic),
6,California,6049,Modoc,2011,2015,White (includes Hispanic),8.1
6,California,6049,Modoc,2012,2016,Asian/Pacific Islander (includes Hispanic),
6,California,6049,Modoc,2012,2016,Black (includes Hispanic),
6,California,6049,Modoc,2012,2016,Hispanic (all races),7.0
6,California,6049,Modoc,2012,2016,American Indian/Alaskan Native (includes Hispanic),
6,California,6049,Modoc,2012,2016,White (includes Hispanic),8.7
6,California,6049,Modoc,2013,2017,Asian/Pacific Islander (includes Hispanic),
6,California,6049,Modoc,2013,2017,Black (includes Hispanic),
6,California,6049,Modoc,2013,2017,Hispanic (all races),6.1
6,California,6049,Modoc,2013,2017,American Indian/Alaskan Native (includes Hispanic),
6,California,6049,Modoc,2013,2017,White (includes Hispanic),8.7
6,California,6049,Modoc,2014,2018,Asian/Pacific Islander (includes Hispanic),
6,California,6049,Modoc,2014,2018,Black (includes Hispanic),
6,California,6049,Modoc,2014,2018,Hispanic (all races),8.4
6,California,6049,Modoc,2014,2018,American Indian/Alaskan Native (includes Hispanic),
6,California,6049,Modoc,2014,2018,White (includes Hispanic),9.3
6,California,6049,Modoc,2015,2019,Asian/Pacific Islander (includes Hispanic),
6,California,6049,Modoc,2015,2019,Black (includes Hispanic),
6,California,6049,Modoc,2015,2019,Hispanic (all races),6.8
6,California,6049,Modoc,2015,2019,American Indian/Alaskan Native (includes Hispanic),
6,California,6049,Modoc,2015,2019,White (includes Hispanic),8.9
6,California,6049,Modoc,2016,2020,Asian/Pacific Islander (includes Hispanic),
6,California,6049,Modoc,2016,2020,Black (includes Hispanic),
6,California,6049,Modoc,2016,2020,Hispanic (all races),8.2
6,California,6049,Modoc,2016,2020,American Indian/Alaskan Native (includes Hispanic),
6,California,6049,Modoc,2016,2020,White (includes Hispanic),8.5
6,California,6051,Mono,2011,2015,Asian/Pacific Islander (includes Hispanic),10.6
6,California,6051,Mono,2011,2015,Black (includes Hispanic),
6,California,6051,Mono,2011,2015,Hispanic (all races),10.8
6,California,6051,Mono,2011,2015,American Indian/Alaskan Native (includes Hispanic),
6,California,6051,Mono,2011,2015,White (includes Hispanic),8.8
6,California,6051,Mono,2012,2016,Asian/Pacific Islander (includes Hispanic),8.4
6,California,6051,Mono,2012,2016,Black (includes Hispanic),
6,California,6051,Mono,2012,2016,Hispanic (all races),9.7
6,California,6051,Mono,2012,2016,American Indian/Alaskan Native (includes Hispanic),
6,California,6051,Mono,2012,2016,White (includes Hispanic),8.4
6,California,6051,Mono,2013,2017,Asian/Pacific Islander (includes Hispanic),10.4
6,California,6051,Mono,2013,2017,Black (includes Hispanic),
6,California,6051,Mono,2013,2017,Hispanic (all races),9.2
6,California,6051,Mono,2013,2017,American Indian/Alaskan Native (includes Hispanic),
6,California,6051,Mono,2013,2017,White (includes Hispanic),8.5
6,California,6051,Mono,2014,2018,Asian/Pacific Islander (includes Hispanic),9.8
6,California,6051,Mono,2014,2018,Black (includes Hispanic),
6,California,6051,Mono,2014,2018,Hispanic (all races),9.7
6,California,6051,Mono,2014,2018,American Indian/Alaskan Native (includes Hispanic),
6,California,6051,Mono,2014,2018,White (includes Hispanic),9.2
6,California,6051,Mono,2015,2019,Asian/Pacific Islander (includes Hispanic),9.3
6,California,6051,Mono,2015,2019,Black (includes Hispanic),
6,California,6051,Mono,2015,2019,Hispanic (all races),9.5
6,California,6051,Mono,2015,2019,American Indian/Alaskan Native (includes Hispanic),
6,California,6051,Mono,2015,2019,White (includes Hispanic),9.0
6,California,6051,Mono,2016,2020,Asian/Pacific Islander (includes Hispanic),10.1
6,California,6051,Mono,2016,2020,Black (includes Hispanic),
6,California,6051,Mono,2016,2020,Hispanic (all races),8.4
6,California,6051,Mono,2016,2020,American Indian/Alaskan Native (includes Hispanic),
6,California,6051,Mono,2016,2020,White (includes Hispanic),8.4
6,California,6053,Monterey,2011,2015,Asian/Pacific Islander (includes Hispanic),9.4
6,California,6053,Monterey,2011,2015,Black (includes Hispanic),
6,California,6053,Monterey,2011,2015,Hispanic (all races),9.9
6,California,6053,Monterey,2011,2015,American Indian/Alaskan Native (includes Hispanic),
6,California,6053,Monterey,2011,2015,White (includes Hispanic),7.9
6,California,6053,Monterey,2012,2016,Asian/Pacific Islander (includes Hispanic),7.5
6,California,6053,Monterey,2012,2016,Black (includes Hispanic),
6,California,6053,Monterey,2012,2016,Hispanic (all races),9.9
6,California,6053,Monterey,2012,2016,American Indian/Alaskan Native (includes Hispanic),
6,California,6053,Monterey,2012,2016,White (includes Hispanic),8.0
6,California,6053,Monterey,2013,2017,Asian/Pacific Islander (includes Hispanic),8.6
6,California,6053,Monterey,2013,2017,Black (includes Hispanic),9.9
6,California,6053,Monterey,2013,2017,Hispanic (all races),9.3
6,California,6053,Monterey,2013,2017,American Indian/Alaskan Native (includes Hispanic),
6,California,6053,Monterey,2013,2017,White (includes Hispanic),8.1
6,California,6053,Monterey,2014,2018,Asian/Pacific Islander (includes Hispanic),8.5
6,California,6053,Monterey,2014,2018,Black (includes Hispanic),10.0
6,California,6053,Monterey,2014,2018,Hispanic (all races),10.0
6,California,6053,Monterey,2014,2018,American Indian/Alaskan Native (includes Hispanic),
6,California,6053,Monterey,2014,2018,White (includes Hispanic),8.4
6,California,6053,Monterey,2015,2019,Asian/Pacific Islander (includes Hispanic),8.6
6,California,6053,Monterey,2015,2019,Black (includes Hispanic),
6,California,6053,Monterey,2015,2019,Hispanic (all races),9.8
6,California,6053,Monterey,2015,2019,American Indian/Alaskan Native (includes Hispanic),
6,California,6053,Monterey,2015,2019,White (includes Hispanic),8.2
6,California,6053,Monterey,2016,2020,Asian/Pacific Islander (includes Hispanic),8.8
6,California,6053,Monterey,2016,2020,Black (includes Hispanic),
6,California,6053,Monterey,2016,2020,Hispanic (all races),8.7
6,California,6053,Monterey,2016,2020,American Indian/Alaskan Native (includes Hispanic),
6,California,6053,Monterey,2016,2020,White (includes Hispanic),7.7
6,California,6055,Napa,2011,2015,Asian/Pacific Islander (includes Hispanic),6.6
6,California,6055,Napa,2011,2015,Black (includes Hispanic),
6,California,6055,Napa,2011,2015,Hispanic (all races),8.5
6,California,6055,Napa,2011,2015,American Indian/Alaskan Native (includes Hispanic),
6,California,6055,Napa,2011,2015,White (includes Hispanic),6.9
6,California,6055,Napa,2012,2016,Asian/Pacific Islander (includes Hispanic),7.0
6,California,6055,Napa,2012,2016,Black (includes Hispanic),
6,California,6055,Napa,2012,2016,Hispanic (all races),9.3
6,California,6055,Napa,2012,2016,American Indian/Alaskan Native (includes Hispanic),
6,California,6055,Napa,2012,2016,White (includes Hispanic),7.3
6,California,6055,Napa,2013,2017,Asian/Pacific Islander (includes Hispanic),6.9
6,California,6055,Napa,2013,2017,Black (includes Hispanic),
6,California,6055,Napa,2013,2017,Hispanic (all races),9.6
6,California,6055,Napa,2013,2017,American Indian/Alaskan Native (includes Hispanic),
6,California,6055,Napa,2013,2017,White (includes Hispanic),7.0
6,California,6055,Napa,2014,2018,Asian/Pacific Islander (includes Hispanic),6.9
6,California,6055,Napa,2014,2018,Black (includes Hispanic),
6,California,6055,Napa,2014,2018,Hispanic (all races),8.6
6,California,6055,Napa,2014,2018,American Indian/Alaskan Native (includes Hispanic),
6,California,6055,Napa,2014,2018,White (includes Hispanic),7.3
6,California,6055,Napa,2015,2019,Asian/Pacific Islander (includes Hispanic),6.7
6,California,6055,Napa,2015,2019,Black (includes Hispanic),7.3
6,California,6055,Napa,2015,2019,Hispanic (all races),8.3
6,California,6055,Napa,2015,2019,American Indian/Alaskan Native (includes Hispanic),
6,California,6055,Napa,2015,2019,White (includes Hispanic),7.3
6,California,6055,Napa,2016,2020,Asian/Pacific Islander (includes Hispanic),6.7
6,California,6055,Napa,2016,2020,Black (includes Hispanic),8.0
6,California,6055,Napa,2016,2020,Hispanic (all races),9.2
6,California,6055,Napa,2016,2020,American Indian/Alaskan Native (includes Hispanic),
6,California,6055,Napa,2016,2020,White (includes Hispanic),7.4
6,California,6057,Nevada,2011,2015,Asian/Pacific Islander (includes Hispanic),
6,California,6057,Nevada,2011,2015,Black (includes Hispanic),
6,California,6057,Nevada,2011,2015,Hispanic (all races),6.1
6,California,6057,Nevada,2011,2015,American Indian/Alaskan Native (includes Hispanic),
6,California,6057,Nevada,2011,2015,White (includes Hispanic),7.0
6,California,6057,Nevada,2012,2016,Asian/Pacific Islander (includes Hispanic),
6,California,6057,Nevada,2012,2016,Black (includes Hispanic),
6,California,6057,Nevada,2012,2016,Hispanic (all races),7.1
6,California,6057,Nevada,2012,2016,American Indian/Alaskan Native (includes Hispanic),
6,California,6057,Nevada,2012,2016,White (includes Hispanic),7.2
6,California,6057,Nevada,2013,2017,Asian/Pacific Islander (includes Hispanic),
6,California,6057,Nevada,2013,2017,Black (includes Hispanic),
6,California,6057,Nevada,2013,2017,Hispanic (all races),6.8
6,California,6057,Nevada,2013,2017,American Indian/Alaskan Native (includes Hispanic),
6,California,6057,Nevada,2013,2017,White (includes Hispanic),7.3
6,California,6057,Nevada,2014,2018,Asian/Pacific Islander (includes Hispanic),
6,California,6057,Nevada,2014,2018,Black (includes Hispanic),
6,California,6057,Nevada,2014,2018,Hispanic (all races),8.8
6,California,6057,Nevada,2014,2018,American Indian/Alaskan Native (includes Hispanic),
6,California,6057,Nevada,2014,2018,White (includes Hispanic),7.8
6,California,6057,Nevada,2015,2019,Asian/Pacific Islander (includes Hispanic),
6,California,6057,Nevada,2015,2019,Black (includes Hispanic),
6,California,6057,Nevada,2015,2019,Hispanic (all races),8.0
6,California,6057,Nevada,2015,2019,American Indian/Alaskan Native (includes Hispanic),
6,California,6057,Nevada,2015,2019,White (includes Hispanic),7.9
6,California,6057,Nevada,2016,2020,Asian/Pacific Islander (includes Hispanic),
6,California,6057,Nevada,2016,2020,Black (includes Hispanic),
6,California,6057,Nevada,2016,2020,Hispanic (all races),8.5
6,California,6057,Nevada,2016,2020,American Indian/Alaskan Native (includes Hispanic),
6,California,6057,Nevada,2016,2020,White (includes Hispanic),7.4
6,California,6059,Orange,2011,2015,Asian/Pacific Islander (includes Hispanic),6.6
6,California,6059,Orange,2011,2015,Black (includes Hispanic),7.4
6,California,6059,Orange,2011,2015,Hispanic (all races),8.9
6,California,6059,Orange,2011,2015,American Indian/Alaskan Native (includes Hispanic),4.2
6,California,6059,Orange,2011,2015,White (includes Hispanic),7.7
6,California,6059,Orange,2012,2016,Asian/Pacific Islander (includes Hispanic),6.8
6,California,6059,Orange,2012,2016,Black (includes Hispanic),7.6
6,California,6059,Orange,2012,2016,Hispanic (all races),9.1
6,California,6059,Orange,2012,2016,American Indian/Alaskan Native (includes Hispanic),3.4
6,California,6059,Orange,2012,2016,White (includes Hispanic),7.7
6,California,6059,Orange,2013,2017,Asian/Pacific Islander (includes Hispanic),6.8
6,California,6059,Orange,2013,2017,Black (includes Hispanic),7.2
6,California,6059,Orange,2013,2017,Hispanic (all races),9.0
6,California,6059,Orange,2013,2017,American Indian/Alaskan Native (includes Hispanic),3.0
6,California,6059,Orange,2013,2017,White (includes Hispanic),7.7
6,California,6059,Orange,2014,2018,Asian/Pacific Islander (includes Hispanic),6.7
6,California,6059,Orange,2014,2018,Black (includes Hispanic),6.8
6,California,6059,Orange,2014,2018,Hispanic (all races),9.3
6,California,6059,Orange,2014,2018,American Indian/Alaskan Native (includes Hispanic),3.0
6,California,6059,Orange,2014,2018,White (includes Hispanic),8.0
6,California,6059,Orange,2015,2019,Asian/Pacific Islander (includes Hispanic),6.8
6,California,6059,Orange,2015,2019,Black (includes Hispanic),6.9
6,California,6059,Orange,2015,2019,Hispanic (all races),9.4
6,California,6059,Orange,2015,2019,American Indian/Alaskan Native (includes Hispanic),2.8
6,California,6059,Orange,2015,2019,White (includes Hispanic),8.0
6,California,6059,Orange,2016,2020,Asian/Pacific Islander (includes Hispanic),6.7
6,California,6059,Orange,2016,2020,Black (includes Hispanic),6.5
6,California,6059,Orange,2016,2020,Hispanic (all races),9.3
6,California,6059,Orange,2016,2020,American Indian/Alaskan Native (includes Hispanic),
6,California,6059,Orange,2016,2020,White (includes Hispanic),8.0
6,California,6061,Placer,2011,2015,Asian/Pacific Islander (includes Hispanic),9.7
6,California,6061,Placer,2011,2015,Black (includes Hispanic),9.5
6,California,6061,Placer,2011,2015,Hispanic (all races),7.1
6,California,6061,Placer,2011,2015,American Indian/Alaskan Native (includes Hispanic),
6,California,6061,Placer,2011,2015,White (includes Hispanic),7.4
6,California,6061,Placer,2012,2016,Asian/Pacific Islander (includes Hispanic),9.0
6,California,6061,Placer,2012,2016,Black (includes Hispanic),8.9
6,California,6061,Placer,2012,2016,Hispanic (all races),8.3
6,California,6061,Placer,2012,2016,American Indian/Alaskan Native (includes Hispanic),
6,California,6061,Placer,2012,2016,White (includes Hispanic),7.7
6,California,6061,Placer,2013,2017,Asian/Pacific Islander (includes Hispanic),8.3
6,California,6061,Placer,2013,2017,Black (includes Hispanic),8.4
6,California,6061,Placer,2013,2017,Hispanic (all races),8.0
6,California,6061,Placer,2013,2017,American Indian/Alaskan Native (includes Hispanic),
6,California,6061,Placer,2013,2017,White (includes Hispanic),7.7
6,California,6061,Placer,2014,2018,Asian/Pacific Islander (includes Hispanic),6.7
6,California,6061,Placer,2014,2018,Black (includes Hispanic),7.9
6,California,6061,Placer,2014,2018,Hispanic (all races),8.6
6,California,6061,Placer,2014,2018,American Indian/Alaskan Native (includes Hispanic),
6,California,6061,Placer,2014,2018,White (includes Hispanic),7.8
6,California,6061,Placer,2015,2019,Asian/Pacific Islander (includes Hispanic),6.5
6,California,6061,Placer,2015,2019,Black (includes Hispanic),7.9
6,California,6061,Placer,2015,2019,Hispanic (all races),8.3
6,California,6061,Placer,2015,2019,American Indian/Alaskan Native (includes Hispanic),
6,California,6061,Placer,2015,2019,White (includes Hispanic),7.6
6,California,6061,Placer,2016,2020,Asian/Pacific Islander (includes Hispanic),5.1
6,California,6061,Placer,2016,2020,Black (includes Hispanic),6.6
6,California,6061,Placer,2016,2020,Hispanic (all races),8.8
6,California,6061,Placer,2016,2020,American Indian/Alaskan Native (includes Hispanic),
6,California,6061,Placer,2016,2020,White (includes Hispanic),7.5
6,California,6063,Plumas,2011,2015,Asian/Pacific Islander (includes Hispanic),
6,California,6063,Plumas,2011,2015,Black (includes Hispanic),
6,California,6063,Plumas,2011,2015,Hispanic (all races),
6,California,6063,Plumas,2011,2015,American Indian/Alaskan Native (includes Hispanic),
6,California,6063,Plumas,2011,2015,White (includes Hispanic),8.1
6,California,6063,Plumas,2012,2016,Asian/Pacific Islander (includes Hispanic),
6,California,6063,Plumas,2012,2016,Black (includes Hispanic),
6,California,6063,Plumas,2012,2016,Hispanic (all races),
6,California,6063,Plumas,2012,2016,American Indian/Alaskan Native (includes Hispanic),
6,California,6063,Plumas,2012,2016,White (includes Hispanic),8.0
6,California,6063,Plumas,2013,2017,Asian/Pacific Islander (includes Hispanic),
6,California,6063,Plumas,2013,2017,Black (includes Hispanic),
6,California,6063,Plumas,2013,2017,Hispanic (all races),
6,California,6063,Plumas,2013,2017,American Indian/Alaskan Native (includes Hispanic),
6,California,6063,Plumas,2013,2017,White (includes Hispanic),8.3
6,California,6063,Plumas,2014,2018,Asian/Pacific Islander (includes Hispanic),
6,California,6063,Plumas,2014,2018,Black (includes Hispanic),
6,California,6063,Plumas,2014,2018,Hispanic (all races),
6,California,6063,Plumas,2014,2018,American Indian/Alaskan Native (includes Hispanic),
6,California,6063,Plumas,2014,2018,White (includes Hispanic),9.0
6,California,6063,Plumas,2015,2019,Asian/Pacific Islander (includes Hispanic),
6,California,6063,Plumas,2015,2019,Black (includes Hispanic),
6,California,6063,Plumas,2015,2019,Hispanic (all races),
6,California,6063,Plumas,2015,2019,American Indian/Alaskan Native (includes Hispanic),
6,California,6063,Plumas,2015,2019,White (includes Hispanic),9.1
6,California,6063,Plumas,2016,2020,Asian/Pacific Islander (includes Hispanic),
6,California,6063,Plumas,2016,2020,Black (includes Hispanic),
6,California,6063,Plumas,2016,2020,Hispanic (all races),
6,California,6063,Plumas,2016,2020,American Indian/Alaskan Native (includes Hispanic),
6,California,6063,Plumas,2016,2020,White (includes Hispanic),9.4
6,California,6065,Riverside,2011,2015,Asian/Pacific Islander (includes Hispanic),6.3
6,California,6065,Riverside,2011,2015,Black (includes Hispanic),6.6
6,California,6065,Riverside,2011,2015,Hispanic (all races),9.0
6,California,6065,Riverside,2011,2015,American Indian/Alaskan Native (includes Hispanic),
6,California,6065,Riverside,2011,2015,White (includes Hispanic),7.5
6,California,6065,Riverside,2012,2016,Asian/Pacific Islander (includes Hispanic),6.1
6,California,6065,Riverside,2012,2016,Black (includes Hispanic),6.6
6,California,6065,Riverside,2012,2016,Hispanic (all races),9.3
6,California,6065,Riverside,2012,2016,American Indian/Alaskan Native (includes Hispanic),
6,California,6065,Riverside,2012,2016,White (includes Hispanic),7.7
6,California,6065,Riverside,2013,2017,Asian/Pacific Islander (includes Hispanic),6.4
6,California,6065,Riverside,2013,2017,Black (includes Hispanic),6.3
6,California,6065,Riverside,2013,2017,Hispanic (all races),9.1
6,California,6065,Riverside,2013,2017,American Indian/Alaskan Native (includes Hispanic),
6,California,6065,Riverside,2013,2017,White (includes Hispanic),7.8
6,California,6065,Riverside,2014,2018,Asian/Pacific Islander (includes Hispanic),6.1
6,California,6065,Riverside,2014,2018,Black (includes Hispanic),6.2
6,California,6065,Riverside,2014,2018,Hispanic (all races),9.3
6,California,6065,Riverside,2014,2018,American Indian/Alaskan Native (includes Hispanic),
6,California,6065,Riverside,2014,2018,White (includes Hispanic),7.9
6,California,6065,Riverside,2015,2019,Asian/Pacific Islander (includes Hispanic),6.3
6,California,6065,Riverside,2015,2019,Black (includes Hispanic),6.5
6,California,6065,Riverside,2015,2019,Hispanic (all races),9.3
6,California,6065,Riverside,2015,2019,American Indian/Alaskan Native (includes Hispanic),
6,California,6065,Riverside,2015,2019,White (includes Hispanic),7.9
6,California,6065,Riverside,2016,2020,Asian/Pacific Islander (includes Hispanic),6.4
6,California,6065,Riverside,2016,2020,Black (includes Hispanic),5.9
6,California,6065,Riverside,2016,2020,Hispanic (all races),9.1
6,California,6065,Riverside,2016,2020,American Indian/Alaskan Native (includes Hispanic),
6,California,6065,Riverside,2016,2020,White (includes Hispanic),7.9
6,California,6067,Sacramento,2011,2015,Asian/Pacific Islander (includes Hispanic),7.8
6,California,6067,Sacramento,2011,2015,Black (includes Hispanic),7.4
6,California,6067,Sacramento,2011,2015,Hispanic (all races),7.9
6,California,6067,Sacramento,2011,2015,American Indian/Alaskan Native (includes Hispanic),
6,California,6067,Sacramento,2011,2015,White (includes Hispanic),7.3
6,California,6067,Sacramento,2012,2016,Asian/Pacific Islander (includes Hispanic),7.5
6,California,6067,Sacramento,2012,2016,Black (includes Hispanic),7.4
6,California,6067,Sacramento,2012,2016,Hispanic (all races),8.1
6,California,6067,Sacramento,2012,2016,American Indian/Alaskan Native (includes Hispanic),
6,California,6067,Sacramento,2012,2016,White (includes Hispanic),7.4
6,California,6067,Sacramento,2013,2017,Asian/Pacific Islander (includes Hispanic),7.0
6,California,6067,Sacramento,2013,2017,Black (includes Hispanic),6.9
6,California,6067,Sacramento,2013,2017,Hispanic (all races),8.2
6,California,6067,Sacramento,2013,2017,American Indian/Alaskan Native (includes Hispanic),
6,California,6067,Sacramento,2013,2017,White (includes Hispanic),7.2
6,California,6067,Sacramento,2014,2018,Asian/Pacific Islander (includes Hispanic),6.2
6,California,6067,Sacramento,2014,2018,Black (includes Hispanic),6.5
6,California,6067,Sacramento,2014,2018,Hispanic (all races),7.9
6,California,6067,Sacramento,2014,2018,American Indian/Alaskan Native (includes Hispanic),
6,California,6067,Sacramento,2014,2018,White (includes Hispanic),7.1
6,California,6067,Sacramento,2015,2019,Asian/Pacific Islander (includes Hispanic),5.7
6,California,6067,Sacramento,2015,2019,Black (includes Hispanic),6.4
6,California,6067,Sacramento,2015,2019,Hispanic (all races),7.9
6,California,6067,Sacramento,2015,2019,American Indian/Alaskan Native (includes Hispanic),
6,California,6067,Sacramento,2015,2019,White (includes Hispanic),7.0
6,California,6067,Sacramento,2016,2020,Asian/Pacific Islander (includes Hispanic),5.1
6,California,6067,Sacramento,2016,2020,Black (includes Hispanic),6.0
6,California,6067,Sacramento,2016,2020,Hispanic (all races),8.0
6,California,6067,Sacramento,2016,2020,American Indian/Alaskan Native (includes Hispanic),
6,California,6067,Sacramento,2016,2020,White (includes Hispanic),6.9
6,California,6069,San Benito,2011,2015,Asian/Pacific Islander (includes Hispanic),5.6
6,California,6069,San Benito,2011,2015,Black (includes Hispanic),6.7
6,California,6069,San Benito,2011,2015,Hispanic (all races),9.1
6,California,6069,San Benito,2011,2015,American Indian/Alaskan Native (includes Hispanic),
6,California,6069,San Benito,2011,2015,White (includes Hispanic),7.1
6,California,6069,San Benito,2012,2016,Asian/Pacific Islander (includes Hispanic),5.5
6,California,6069,San Benito,2012,2016,Black (includes Hispanic),6.6
6,California,6069,San Benito,2012,2016,Hispanic (all races),8.6
6,California,6069,San Benito,2012,2016,American Indian/Alaskan Native (includes Hispanic),
6,California,6069,San Benito,2012,2016,White (includes Hispanic),7.0
6,California,6069,San Benito,2013,2017,Asian/Pacific Islander (includes Hispanic),5.6
6,California,6069,San Benito,2013,2017,Black (includes Hispanic),7.9
6,California,6069,San Benito,2013,2017,Hispanic (all races),8.6
6,California,6069,San Benito,2013,2017,American Indian/Alaskan Native (includes Hispanic),
6,California,6069,San Benito,2013,2017,White (includes Hispanic),7.2
6,California,6069,San Benito,2014,2018,Asian/Pacific Islander (includes Hispanic),5.7
6,California,6069,San Benito,2014,2018,Black (includes Hispanic),8.3
6,California,6069,San Benito,2014,2018,Hispanic (all races),9.2
6,California,6069,San Benito,2014,2018,American Indian/Alaskan Native (includes Hispanic),
6,California,6069,San Benito,2014,2018,White (includes Hispanic),7.4
6,California,6069,San Benito,2015,2019,Asian/Pacific Islander (includes Hispanic),6.0
6,California,6069,San Benito,2015,2019,Black (includes Hispanic),8.0
6,California,6069,San Benito,2015,2019,Hispanic (all races),9.3
6,California,6069,San Benito,2015,2019,American Indian/Alaskan Native (includes Hispanic),
6,California,6069,San Benito,2015,2019,White (includes Hispanic),7.5
6,California,6069,San Benito,2016,2020,Asian/Pacific Islander (includes Hispanic),5.4
6,California,6069,San Benito,2016,2020,Black (includes Hispanic),7.4
6,California,6069,San Benito,2016,2020,Hispanic (all races),8.5
6,California,6069,San Benito,2016,2020,American Indian/Alaskan Native (includes Hispanic),
6,California,6069,San Benito,2016,2020,White (includes Hispanic),7.0
6,California,6071,San Bernardino,2011,2015,Asian/Pacific Islander (includes Hispanic),6.5
6,California,6071,San Bernardino,2011,2015,Black (includes Hispanic),7.3
6,California,6071,San Bernardino,2011,2015,Hispanic (all races),9.0
6,California,6071,San Bernardino,2011,2015,American Indian/Alaskan Native (includes Hispanic),4.4
6,California,6071,San Bernardino,2011,2015,White (includes Hispanic),8.0
6,California,6071,San Bernardino,2012,2016,Asian/Pacific Islander (includes Hispanic),6.9
6,California,6071,San Bernardino,2012,2016,Black (includes Hispanic),7.7
6,California,6071,San Bernardino,2012,2016,Hispanic (all races),9.2
6,California,6071,San Bernardino,2012,2016,American Indian/Alaskan Native (includes Hispanic),
6,California,6071,San Bernardino,2012,2016,White (includes Hispanic),8.1
6,California,6071,San Bernardino,2013,2017,Asian/Pacific Islander (includes Hispanic),6.9
6,California,6071,San Bernardino,2013,2017,Black (includes Hispanic),7.5
6,California,6071,San Bernardino,2013,2017,Hispanic (all races),9.1
6,California,6071,San Bernardino,2013,2017,American Indian/Alaskan Native (includes Hispanic),
6,California,6071,San Bernardino,2013,2017,White (includes Hispanic),8.1
6,California,6071,San Bernardino,2014,2018,Asian/Pacific Islander (includes Hispanic),6.9
6,California,6071,San Bernardino,2014,2018,Black (includes Hispanic),7.2
6,California,6071,San Bernardino,2014,2018,Hispanic (all races),9.3
6,California,6071,San Bernardino,2014,2018,American Indian/Alaskan Native (includes Hispanic),
6,California,6071,San Bernardino,2014,2018,White (includes Hispanic),8.2
6,California,6071,San Bernardino,2015,2019,Asian/Pacific Islander (includes Hispanic),6.9
6,California,6071,San Bernardino,2015,2019,Black (includes Hispanic),7.1
6,California,6071,San Bernardino,2015,2019,Hispanic (all races),9.3
6,California,6071,San Bernardino,2015,2019,American Indian/Alaskan Native (includes Hispanic),
6,California,6071,San Bernardino,2015,2019,White (includes Hispanic),8.2
6,California,6071,San Bernardino,2016,2020,Asian/Pacific Islander (includes Hispanic),6.8
6,California,6071,San Bernardino,2016,2020,Black (includes Hispanic),6.9
6,California,6071,San Bernardino,2016,2020,Hispanic (all races),9.2
6,California,6071,San Bernardino,2016,2020,American Indian/Alaskan Native (includes Hispanic),
6,California,6071,San Bernardino,2016,2020,White (includes Hispanic),8.2
6,California,6073,San Diego,2011,2015,Asian/Pacific Islander (includes Hispanic),6.3
6,California,6073,San Diego,2011,2015,Black (includes Hispanic),6.4
6,California,6073,San Diego,2011,2015,Hispanic (all races),8.8
6,California,6073,San Diego,2011,2015,American Indian/Alaskan Native (includes Hispanic),
6,California,6073,San Diego,2011,2015,White (includes Hispanic),7.0
6,California,6073,San Diego,2012,2016,Asian/Pacific Islander (includes Hispanic),6.2
6,California,6073,San Diego,2012,2016,Black (includes Hispanic),6.5
6,California,6073,San Diego,2012,2016,Hispanic (all races),9.2
6,California,6073,San Diego,2012,2016,American Indian/Alaskan Native (includes Hispanic),
6,California,6073,San Diego,2012,2016,White (includes Hispanic),7.3
6,California,6073,San Diego,2013,2017,Asian/Pacific Islander (includes Hispanic),6.4
6,California,6073,San Diego,2013,2017,Black (includes Hispanic),5.5
6,California,6073,San Diego,2013,2017,Hispanic (all races),9.1
6,California,6073,San Diego,2013,2017,American Indian/Alaskan Native (includes Hispanic),
6,California,6073,San Diego,2013,2017,White (includes Hispanic),7.4
6,California,6073,San Diego,2014,2018,Asian/Pacific Islander (includes Hispanic),6.1
6,California,6073,San Diego,2014,2018,Black (includes Hispanic),5.6
6,California,6073,San Diego,2014,2018,Hispanic (all races),9.1
6,California,6073,San Diego,2014,2018,American Indian/Alaskan Native (includes Hispanic),
6,California,6073,San Diego,2014,2018,White (includes Hispanic),7.5
6,California,6073,San Diego,2015,2019,Asian/Pacific Islander (includes Hispanic),6.3
6,California,6073,San Diego,2015,2019,Black (includes Hispanic),5.7
6,California,6073,San Diego,2015,2019,Hispanic (all races),8.9
6,California,6073,San Diego,2015,2019,American Indian/Alaskan Native (includes Hispanic),
6,California,6073,San Diego,2015,2019,White (includes Hispanic),7.5
6,California,6073,San Diego,2016,2020,Asian/Pacific Islander (includes Hispanic),6.3
6,California,6073,San Diego,2016,2020,Black (includes Hispanic),4.9
6,California,6073,San Diego,2016,2020,Hispanic (all races),8.7
6,California,6073,San Diego,2016,2020,American Indian/Alaskan Native (includes Hispanic),
6,California,6073,San Diego,2016,2020,White (includes Hispanic),7.4
6,California,6075,San Francisco,2011,2015,Asian/Pacific Islander (includes Hispanic),5.6
6,California,6075,San Francisco,2011,2015,Black (includes Hispanic),6.1
6,California,6075,San Francisco,2011,2015,Hispanic (all races),9.1
6,California,6075,San Francisco,2011,2015,American Indian/Alaskan Native (includes Hispanic),
6,California,6075,San Francisco,2011,2015,White (includes Hispanic),6.6
6,California,6075,San Francisco,2012,2016,Asian/Pacific Islander (includes Hispanic),5.4
6,California,6075,San Francisco,2012,2016,Black (includes Hispanic),6.5
6,California,6075,San Francisco,2012,2016,Hispanic (all races),8.7
6,California,6075,San Francisco,2012,2016,American Indian/Alaskan Native (includes Hispanic),
6,California,6075,San Francisco,2012,2016,White (includes Hispanic),6.4
6,California,6075,San Francisco,2013,2017,Asian/Pacific Islander (includes Hispanic),5.2
6,California,6075,San Francisco,2013,2017,Black (includes Hispanic),5.7
6,California,6075,San Francisco,2013,2017,Hispanic (all races),7.9
6,California,6075,San Francisco,2013,2017,American Indian/Alaskan Native (includes Hispanic),
6,California,6075,San Francisco,2013,2017,White (includes Hispanic),6.1
6,California,6075,San Francisco,2014,2018,Asian/Pacific Islander (includes Hispanic),5.3
6,California,6075,San Francisco,2014,2018,Black (includes Hispanic),5.7
6,California,6075,San Francisco,2014,2018,Hispanic (all races),7.1
6,California,6075,San Francisco,2014,2018,American Indian/Alaskan Native (includes Hispanic),
6,California,6075,San Francisco,2014,2018,White (includes Hispanic),5.9
6,California,6075,San Francisco,2015,2019,Asian/Pacific Islander (includes Hispanic),5.2
6,California,6075,San Francisco,2015,2019,Black (includes Hispanic),6.4
6,California,6075,San Francisco,2015,2019,Hispanic (all races),6.6
6,California,6075,San Francisco,2015,2019,American Indian/Alaskan Native (includes Hispanic),
6,California,6075,San Francisco,2015,2019,White (includes Hispanic),5.7
6,California,6075,San Francisco,2016,2020,Asian/Pacific Islander (includes Hispanic),5.1
6,California,6075,San Francisco,2016,2020,Black (includes Hispanic),5.9
6,California,6075,San Francisco,2016,2020,Hispanic (all races),6.1
6,California,6075,San Francisco,2016,2020,American Indian/Alaskan Native (includes Hispanic),
6,California,6075,San Francisco,2016,2020,White (includes Hispanic),5.4
6,California,6077,San Joaquin,2011,2015,Asian/Pacific Islander (includes Hispanic),7.0
6,California,6077,San Joaquin,2011,2015,Black (includes Hispanic),7.7
6,California,6077,San Joaquin,2011,2015,Hispanic (all races),8.7
6,California,6077,San Joaquin,2011,2015,American Indian/Alaskan Native (includes Hispanic),
6,California,6077,San Joaquin,2011,2015,White (includes Hispanic),7.5
6,California,6077,San Joaquin,2012,2016,Asian/Pacific Islander (includes Hispanic),6.5
6,California,6077,San Joaquin,2012,2016,Black (includes Hispanic),7.6
6,California,6077,San Joaquin,2012,2016,Hispanic (all races),8.4
6,California,6077,San Joaquin,2012,2016,American Indian/Alaskan Native (includes Hispanic),
6,California,6077,San Joaquin,2012,2016,White (includes Hispanic),7.3
6,California,6077,San Joaquin,2013,2017,Asian/Pacific Islander (includes Hispanic),6.1
6,California,6077,San Joaquin,2013,2017,Black (includes Hispanic),6.9
6,California,6077,San Joaquin,2013,2017,Hispanic (all races),8.0
6,California,6077,San Joaquin,2013,2017,American Indian/Alaskan Native (includes Hispanic),
6,California,6077,San Joaquin,2013,2017,White (includes Hispanic),7.1
6,California,6077,San Joaquin,2014,2018,Asian/Pacific Islander (includes Hispanic),5.7
6,California,6077,San Joaquin,2014,2018,Black (includes Hispanic),6.4
6,California,6077,San Joaquin,2014,2018,Hispanic (all races),7.7
6,California,6077,San Joaquin,2014,2018,American Indian/Alaskan Native (includes Hispanic),
6,California,6077,San Joaquin,2014,2018,White (includes Hispanic),6.9
6,California,6077,San Joaquin,2015,2019,Asian/Pacific Islander (includes Hispanic),5.1
6,California,6077,San Joaquin,2015,2019,Black (includes Hispanic),6.5
6,California,6077,San Joaquin,2015,2019,Hispanic (all races),7.2
6,California,6077,San Joaquin,2015,2019,American Indian/Alaskan Native (includes Hispanic),
6,California,6077,San Joaquin,2015,2019,White (includes Hispanic),6.8
6,California,6077,San Joaquin,2016,2020,Asian/Pacific Islander (includes Hispanic),4.6
6,California,6077,San Joaquin,2016,2020,Black (includes Hispanic),5.5
6,California,6077,San Joaquin,2016,2020,Hispanic (all races),7.1
6,California,6077,San Joaquin,2016,2020,American Indian/Alaskan Native (includes Hispanic),
6,California,6077,San Joaquin,2016,2020,White (includes Hispanic),6.7
6,California,6079,San Luis Obispo,2011,2015,Asian/Pacific Islander (includes Hispanic),6.1
6,California,6079,San Luis Obispo,2011,2015,Black (includes Hispanic),
6,California,6079,San Luis Obispo,2011,2015,Hispanic (all races),8.2
6,California,6079,San Luis Obispo,2011,2015,American Indian/Alaskan Native (includes Hispanic),
6,California,6079,San Luis Obispo,2011,2015,White (includes Hispanic),7.9
6,California,6079,San Luis Obispo,2012,2016,Asian/Pacific Islander (includes Hispanic),7.3
6,California,6079,San Luis Obispo,2012,2016,Black (includes Hispanic),
6,California,6079,San Luis Obispo,2012,2016,Hispanic (all races),8.9
6,California,6079,San Luis Obispo,2012,2016,American Indian/Alaskan Native (includes Hispanic),
6,California,6079,San Luis Obispo,2012,2016,White (includes Hispanic),8.2
6,California,6079,San Luis Obispo,2013,2017,Asian/Pacific Islander (includes Hispanic),9.1
6,California,6079,San Luis Obispo,2013,2017,Black (includes Hispanic),
6,California,6079,San Luis Obispo,2013,2017,Hispanic (all races),9.2
6,California,6079,San Luis Obispo,2013,2017,American Indian/Alaskan Native (includes Hispanic),
6,California,6079,San Luis Obispo,2013,2017,White (includes Hispanic),7.9
6,California,6079,San Luis Obispo,2014,2018,Asian/Pacific Islander (includes Hispanic),9.7
6,California,6079,San Luis Obispo,2014,2018,Black (includes Hispanic),
6,California,6079,San Luis Obispo,2014,2018,Hispanic (all races),9.6
6,California,6079,San Luis Obispo,2014,2018,American Indian/Alaskan Native (includes Hispanic),
6,California,6079,San Luis Obispo,2014,2018,White (includes Hispanic),8.1
6,California,6079,San Luis Obispo,2015,2019,Asian/Pacific Islander (includes Hispanic),9.9
6,California,6079,San Luis Obispo,2015,2019,Black (includes Hispanic),
6,California,6079,San Luis Obispo,2015,2019,Hispanic (all races),9.9
6,California,6079,San Luis Obispo,2015,2019,American Indian/Alaskan Native (includes Hispanic),
6,California,6079,San Luis Obispo,2015,2019,White (includes Hispanic),8.2
6,California,6079,San Luis Obispo,2016,2020,Asian/Pacific Islander (includes Hispanic),9.8
6,California,6079,San Luis Obispo,2016,2020,Black (includes Hispanic),
6,California,6079,San Luis Obispo,2016,2020,Hispanic (all races),9.5
6,California,6079,San Luis Obispo,2016,2020,American Indian/Alaskan Native (includes Hispanic),
6,California,6079,San Luis Obispo,2016,2020,White (includes Hispanic),8.1
6,California,6081,San Mateo,2011,2015,Asian/Pacific Islander (includes Hispanic),5.4
6,California,6081,San Mateo,2011,2015,Black (includes Hispanic),6.4
6,California,6081,San Mateo,2011,2015,Hispanic (all races),8.4
6,California,6081,San Mateo,2011,2015,American Indian/Alaskan Native (includes Hispanic),
6,California,6081,San Mateo,2011,2015,White (includes Hispanic),6.1
6,California,6081,San Mateo,2012,2016,Asian/Pacific Islander (includes Hispanic),5.3
6,California,6081,San Mateo,2012,2016,Black (includes Hispanic),6.9
6,California,6081,San Mateo,2012,2016,Hispanic (all races),8.2
6,California,6081,San Mateo,2012,2016,American Indian/Alaskan Native (includes Hispanic),
6,California,6081,San Mateo,2012,2016,White (includes Hispanic),6.1
6,California,6081,San Mateo,2013,2017,Asian/Pacific Islander (includes Hispanic),5.2
6,California,6081,San Mateo,2013,2017,Black (includes Hispanic),5.8
6,California,6081,San Mateo,2013,2017,Hispanic (all races),7.4
6,California,6081,San Mateo,2013,2017,American Indian/Alaskan Native (includes Hispanic),
6,California,6081,San Mateo,2013,2017,White (includes Hispanic),5.8
6,California,6081,San Mateo,2014,2018,Asian/Pacific Islander (includes Hispanic),5.3
6,California,6081,San Mateo,2014,2018,Black (includes Hispanic),6.3
6,California,6081,San Mateo,2014,2018,Hispanic (all races),7.3
6,California,6081,San Mateo,2014,2018,American Indian/Alaskan Native (includes Hispanic),
6,California,6081,San Mateo,2014,2018,White (includes Hispanic),5.8
6,California,6081,San Mateo,2015,2019,Asian/Pacific Islander (includes Hispanic),5.3
6,California,6081,San Mateo,2015,2019,Black (includes Hispanic),6.7
6,California,6081,San Mateo,2015,2019,Hispanic (all races),7.0
6,California,6081,San Mateo,2015,2019,American Indian/Alaskan Native (includes Hispanic),
6,California,6081,San Mateo,2015,2019,White (includes Hispanic),5.9
6,California,6081,San Mateo,2016,2020,Asian/Pacific Islander (includes Hispanic),5.0
6,California,6081,San Mateo,2016,2020,Black (includes Hispanic),6.2
6,California,6081,San Mateo,2016,2020,Hispanic (all races),6.9
6,California,6081,San Mateo,2016,2020,American Indian/Alaskan Native (includes Hispanic),
6,California,6081,San Mateo,2016,2020,White (includes Hispanic),5.8
6,California,6083,Santa Barbara,2011,2015,Asian/Pacific Islander (includes Hispanic),5.2
6,California,6083,Santa Barbara,2011,2015,Black (includes Hispanic),
6,California,6083,Santa Barbara,2011,2015,Hispanic (all races),8.1
6,California,6083,Santa Barbara,2011,2015,American Indian/Alaskan Native (includes Hispanic),
6,California,6083,Santa Barbara,2011,2015,White (includes Hispanic),7.3
6,California,6083,Santa Barbara,2012,2016,Asian/Pacific Islander (includes Hispanic),6.5
6,California,6083,Santa Barbara,2012,2016,Black (includes Hispanic),
6,California,6083,Santa Barbara,2012,2016,Hispanic (all races),8.6
6,California,6083,Santa Barbara,2012,2016,American Indian/Alaskan Native (includes Hispanic),
6,California,6083,Santa Barbara,2012,2016,White (includes Hispanic),7.7
6,California,6083,Santa Barbara,2013,2017,Asian/Pacific Islander (includes Hispanic),7.2
6,California,6083,Santa Barbara,2013,2017,Black (includes Hispanic),
6,California,6083,Santa Barbara,2013,2017,Hispanic (all races),9.0
6,California,6083,Santa Barbara,2013,2017,American Indian/Alaskan Native (includes Hispanic),
6,California,6083,Santa Barbara,2013,2017,White (includes Hispanic),7.5
6,California,6083,Santa Barbara,2014,2018,Asian/Pacific Islander (includes Hispanic),7.8
6,California,6083,Santa Barbara,2014,2018,Black (includes Hispanic),
6,California,6083,Santa Barbara,2014,2018,Hispanic (all races),9.4
6,California,6083,Santa Barbara,2014,2018,American Indian/Alaskan Native (includes Hispanic),
6,California,6083,Santa Barbara,2014,2018,White (includes Hispanic),7.5
6,California,6083,Santa Barbara,2015,2019,Asian/Pacific Islander (includes Hispanic),7.5
6,California,6083,Santa Barbara,2015,2019,Black (includes Hispanic),
6,California,6083,Santa Barbara,2015,2019,Hispanic (all races),9.9
6,California,6083,Santa Barbara,2015,2019,American Indian/Alaskan Native (includes Hispanic),
6,California,6083,Santa Barbara,2015,2019,White (includes Hispanic),7.7
6,California,6083,Santa Barbara,2016,2020,Asian/Pacific Islander (includes Hispanic),8.3
6,California,6083,Santa Barbara,2016,2020,Black (includes Hispanic),
6,California,6083,Santa Barbara,2016,2020,Hispanic (all races),9.8
6,California,6083,Santa Barbara,2016,2020,American Indian/Alaskan Native (includes Hispanic),
6,California,6083,Santa Barbara,2016,2020,White (includes Hispanic),7.9
6,California,6085,Santa Clara,2011,2015,Asian/Pacific Islander (includes Hispanic),5.3
6,California,6085,Santa Clara,2011,2015,Black (includes Hispanic),6.3
6,California,6085,Santa Clara,2011,2015,Hispanic (all races),8.6
6,California,6085,Santa Clara,2011,2015,American Indian/Alaskan Native (includes Hispanic),
6,California,6085,Santa Clara,2011,2015,White (includes Hispanic),6.6
6,California,6085,Santa Clara,2012,2016,Asian/Pacific Islander (includes Hispanic),5.1
6,California,6085,Santa Clara,2012,2016,Black (includes Hispanic),6.5
6,California,6085,Santa Clara,2012,2016,Hispanic (all races),8.1
6,California,6085,Santa Clara,2012,2016,American Indian/Alaskan Native (includes Hispanic),
6,California,6085,Santa Clara,2012,2016,White (includes Hispanic),6.3
6,California,6085,Santa Clara,2013,2017,Asian/Pacific Islander (includes Hispanic),4.9
6,California,6085,Santa Clara,2013,2017,Black (includes Hispanic),6.2
6,California,6085,Santa Clara,2013,2017,Hispanic (all races),7.3
6,California,6085,Santa Clara,2013,2017,American Indian/Alaskan Native (includes Hispanic),
6,California,6085,Santa Clara,2013,2017,White (includes Hispanic),6.3
6,California,6085,Santa Clara,2014,2018,Asian/Pacific Islander (includes Hispanic),5.1
6,California,6085,Santa Clara,2014,2018,Black (includes Hispanic),6.3
6,California,6085,Santa Clara,2014,2018,Hispanic (all races),7.4
6,California,6085,Santa Clara,2014,2018,American Indian/Alaskan Native (includes Hispanic),
6,California,6085,Santa Clara,2014,2018,White (includes Hispanic),6.2
6,California,6085,Santa Clara,2015,2019,Asian/Pacific Islander (includes Hispanic),5.2
6,California,6085,Santa Clara,2015,2019,Black (includes Hispanic),6.9
6,California,6085,Santa Clara,2015,2019,Hispanic (all races),7.0
6,California,6085,Santa Clara,2015,2019,American Indian/Alaskan Native (includes Hispanic),
6,California,6085,Santa Clara,2015,2019,White (includes Hispanic),6.2
6,California,6085,Santa Clara,2016,2020,Asian/Pacific Islander (includes Hispanic),4.8
6,California,6085,Santa Clara,2016,2020,Black (includes Hispanic),5.9
6,California,6085,Santa Clara,2016,2020,Hispanic (all races),7.0
6,California,6085,Santa Clara,2016,2020,American Indian/Alaskan Native (includes Hispanic),
6,California,6085,Santa Clara,2016,2020,White (includes Hispanic),6.1
6,California,6087,Santa Cruz,2011,2015,Asian/Pacific Islander (includes Hispanic),5.0
6,California,6087,Santa Cruz,2011,2015,Black (includes Hispanic),
6,California,6087,Santa Cruz,2011,2015,Hispanic (all races),7.8
6,California,6087,Santa Cruz,2011,2015,American Indian/Alaskan Native (includes Hispanic),
6,California,6087,Santa Cruz,2011,2015,White (includes Hispanic),6.2
6,California,6087,Santa Cruz,2012,2016,Asian/Pacific Islander (includes Hispanic),5.0
6,California,6087,Santa Cruz,2012,2016,Black (includes Hispanic),
6,California,6087,Santa Cruz,2012,2016,Hispanic (all races),7.8
6,California,6087,Santa Cruz,2012,2016,American Indian/Alaskan Native (includes Hispanic),
6,California,6087,Santa Cruz,2012,2016,White (includes Hispanic),6.2
6,California,6087,Santa Cruz,2013,2017,Asian/Pacific Islander (includes Hispanic),4.9
6,California,6087,Santa Cruz,2013,2017,Black (includes Hispanic),
6,California,6087,Santa Cruz,2013,2017,Hispanic (all races),7.7
6,California,6087,Santa Cruz,2013,2017,American Indian/Alaskan Native (includes Hispanic),
6,California,6087,Santa Cruz,2013,2017,White (includes Hispanic),6.2
6,California,6087,Santa Cruz,2014,2018,Asian/Pacific Islander (includes Hispanic),4.9
6,California,6087,Santa Cruz,2014,2018,Black (includes Hispanic),
6,California,6087,Santa Cruz,2014,2018,Hispanic (all races),7.9
6,California,6087,Santa Cruz,2014,2018,American Indian/Alaskan Native (includes Hispanic),
6,California,6087,Santa Cruz,2014,2018,White (includes Hispanic),6.2
6,California,6087,Santa Cruz,2015,2019,Asian/Pacific Islander (includes Hispanic),5.5
6,California,6087,Santa Cruz,2015,2019,Black (includes Hispanic),
6,California,6087,Santa Cruz,2015,2019,Hispanic (all races),8.0
6,California,6087,Santa Cruz,2015,2019,American Indian/Alaskan Native (includes Hispanic),
6,California,6087,Santa Cruz,2015,2019,White (includes Hispanic),6.3
6,California,6087,Santa Cruz,2016,2020,Asian/Pacific Islander (includes Hispanic),4.9
6,California,6087,Santa Cruz,2016,2020,Black (includes Hispanic),
6,California,6087,Santa Cruz,2016,2020,Hispanic (all races),7.4
6,California,6087,Santa Cruz,2016,2020,American Indian/Alaskan Native (includes Hispanic),
6,California,6087,Santa Cruz,2016,2020,White (includes Hispanic),5.9
6,California,6089,Shasta,2011,2015,Asian/Pacific Islander (includes Hispanic),
6,California,6089,Shasta,2011,2015,Black (includes Hispanic),
6,California,6089,Shasta,2011,2015,Hispanic (all races),
6,California,6089,Shasta,2011,2015,American Indian/Alaskan Native (includes Hispanic),
6,California,6089,Shasta,2011,2015,White (includes Hispanic),8.2
6,California,6089,Shasta,2012,2016,Asian/Pacific Islander (includes Hispanic),
6,California,6089,Shasta,2012,2016,Black (includes Hispanic),
6,California,6089,Shasta,2012,2016,Hispanic (all races),
6,California,6089,Shasta,2012,2016,American Indian/Alaskan Native (includes Hispanic),
6,California,6089,Shasta,2012,2016,White (includes Hispanic),8.0
6,California,6089,Shasta,2013,2017,Asian/Pacific Islander (includes Hispanic),
6,California,6089,Shasta,2013,2017,Black (includes Hispanic),
6,California,6089,Shasta,2013,2017,Hispanic (all races),
6,California,6089,Shasta,2013,2017,American Indian/Alaskan Native (includes Hispanic),
6,California,6089,Shasta,2013,2017,White (includes Hispanic),7.7
6,California,6089,Shasta,2014,2018,Asian/Pacific Islander (includes Hispanic),
6,California,6089,Shasta,2014,2018,Black (includes Hispanic),
6,California,6089,Shasta,2014,2018,Hispanic (all races),
6,California,6089,Shasta,2014,2018,American Indian/Alaskan Native (includes Hispanic),
6,California,6089,Shasta,2014,2018,White (includes Hispanic),8.4
6,California,6089,Shasta,2015,2019,Asian/Pacific Islander (includes Hispanic),
6,California,6089,Shasta,2015,2019,Black (includes Hispanic),
6,California,6089,Shasta,2015,2019,Hispanic (all races),
6,California,6089,Shasta,2015,2019,American Indian/Alaskan Native (includes Hispanic),
6,California,6089,Shasta,2015,2019,White (includes Hispanic),8.3
6,California,6089,Shasta,2016,2020,Asian/Pacific Islander (includes Hispanic),
6,California,6089,Shasta,2016,2020,Black (includes Hispanic),
6,California,6089,Shasta,2016,2020,Hispanic (all races),
6,California,6089,Shasta,2016,2020,American Indian/Alaskan Native (includes Hispanic),
6,California,6089,Shasta,2016,2020,White (includes Hispanic),8.1
6,California,6091,Sierra,2011,2015,Asian/Pacific Islander (includes Hispanic),
6,California,6091,Sierra,2011,2015,Black (includes Hispanic),
6,California,6091,Sierra,2011,2015,Hispanic (all races),
6,California,6091,Sierra,2011,2015,American Indian/Alaskan Native (includes Hispanic),
6,California,6091,Sierra,2011,2015,White (includes Hispanic),7.7
6,California,6091,Sierra,2012,2016,Asian/Pacific Islander (includes Hispanic),
6,California,6091,Sierra,2012,2016,Black (includes Hispanic),
6,California,6091,Sierra,2012,2016,Hispanic (all races),
6,California,6091,Sierra,2012,2016,American Indian/Alaskan Native (includes Hispanic),
6,California,6091,Sierra,2012,2016,White (includes Hispanic),7.6
6,California,6091,Sierra,2013,2017,Asian/Pacific Islander (includes Hispanic),
6,California,6091,Sierra,2013,2017,Black (includes Hispanic),
6,California,6091,Sierra,2013,2017,Hispanic (all races),
6,California,6091,Sierra,2013,2017,American Indian/Alaskan Native (includes Hispanic),
6,California,6091,Sierra,2013,2017,White (includes Hispanic),8.0
6,California,6091,Sierra,2014,2018,Asian/Pacific Islander (includes Hispanic),
6,California,6091,Sierra,2014,2018,Black (includes Hispanic),
6,California,6091,Sierra,2014,2018,Hispanic (all races),7.9
6,California,6091,Sierra,2014,2018,American Indian/Alaskan Native (includes Hispanic),
6,California,6091,Sierra,2014,2018,White (includes Hispanic),8.6
6,California,6091,Sierra,2015,2019,Asian/Pacific Islander (includes Hispanic),
6,California,6091,Sierra,2015,2019,Black (includes Hispanic),
6,California,6091,Sierra,2015,2019,Hispanic (all races),6.9
6,California,6091,Sierra,2015,2019,American Indian/Alaskan Native (includes Hispanic),
6,California,6091,Sierra,2015,2019,White (includes Hispanic),8.4
6,California,6091,Sierra,2016,2020,Asian/Pacific Islander (includes Hispanic),
6,California,6091,Sierra,2016,2020,Black (includes Hispanic),
6,California,6091,Sierra,2016,2020,Hispanic (all races),7.7
6,California,6091,Sierra,2016,2020,American Indian/Alaskan Native (includes Hispanic),
6,California,6091,Sierra,2016,2020,White (includes Hispanic),8.1
6,California,6093,Siskiyou,2011,2015,Asian/Pacific Islander (includes Hispanic),
6,California,6093,Siskiyou,2011,2015,Black (includes Hispanic),
6,California,6093,Siskiyou,2011,2015,Hispanic (all races),
6,California,6093,Siskiyou,2011,2015,American Indian/Alaskan Native (includes Hispanic),
6,California,6093,Siskiyou,2011,2015,White (includes Hispanic),8.0
6,California,6093,Siskiyou,2012,2016,Asian/Pacific Islander (includes Hispanic),
6,California,6093,Siskiyou,2012,2016,Black (includes Hispanic),
6,California,6093,Siskiyou,2012,2016,Hispanic (all races),
6,California,6093,Siskiyou,2012,2016,American Indian/Alaskan Native (includes Hispanic),
6,California,6093,Siskiyou,2012,2016,White (includes Hispanic),9.1
6,California,6093,Siskiyou,2013,2017,Asian/Pacific Islander (includes Hispanic),
6,California,6093,Siskiyou,2013,2017,Black (includes Hispanic),
6,California,6093,Siskiyou,2013,2017,Hispanic (all races),
6,California,6093,Siskiyou,2013,2017,American Indian/Alaskan Native (includes Hispanic),
6,California,6093,Siskiyou,2013,2017,White (includes Hispanic),8.9
6,California,6093,Siskiyou,2014,2018,Asian/Pacific Islander (includes Hispanic),
6,California,6093,Siskiyou,2014,2018,Black (includes Hispanic),
6,California,6093,Siskiyou,2014,2018,Hispanic (all races),
6,California,6093,Siskiyou,2014,2018,American Indian/Alaskan Native (includes Hispanic),
6,California,6093,Siskiyou,2014,2018,White (includes Hispanic),8.6
6,California,6093,Siskiyou,2015,2019,Asian/Pacific Islander (includes Hispanic),
6,California,6093,Siskiyou,2015,2019,Black (includes Hispanic),
6,California,6093,Siskiyou,2015,2019,Hispanic (all races),
6,California,6093,Siskiyou,2015,2019,American Indian/Alaskan Native (includes Hispanic),
6,California,6093,Siskiyou,2015,2019,White (includes Hispanic),8.8
6,California,6093,Siskiyou,2016,2020,Asian/Pacific Islander (includes Hispanic),
6,California,6093,Siskiyou,2016,2020,Black (includes Hispanic),
6,California,6093,Siskiyou,2016,2020,Hispanic (all races),
6,California,6093,Siskiyou,2016,2020,American Indian/Alaskan Native (includes Hispanic),
6,California,6093,Siskiyou,2016,2020,White (includes Hispanic),8.9
6,California,6095,Solano,2011,2015,Asian/Pacific Islander (includes Hispanic),7.6
6,California,6095,Solano,2011,2015,Black (includes Hispanic),6.5
6,California,6095,Solano,2011,2015,Hispanic (all races),8.5
6,California,6095,Solano,2011,2015,American Indian/Alaskan Native (includes Hispanic),
6,California,6095,Solano,2011,2015,White (includes Hispanic),7.3
6,California,6095,Solano,2012,2016,Asian/Pacific Islander (includes Hispanic),7.6
6,California,6095,Solano,2012,2016,Black (includes Hispanic),6.6
6,California,6095,Solano,2012,2016,Hispanic (all races),8.8
6,California,6095,Solano,2012,2016,American Indian/Alaskan Native (includes Hispanic),
6,California,6095,Solano,2012,2016,White (includes Hispanic),7.2
6,California,6095,Solano,2013,2017,Asian/Pacific Islander (includes Hispanic),7.0
6,California,6095,Solano,2013,2017,Black (includes Hispanic),6.6
6,California,6095,Solano,2013,2017,Hispanic (all races),9.0
6,California,6095,Solano,2013,2017,American Indian/Alaskan Native (includes Hispanic),
6,California,6095,Solano,2013,2017,White (includes Hispanic),7.1
6,California,6095,Solano,2014,2018,Asian/Pacific Islander (includes Hispanic),6.1
6,California,6095,Solano,2014,2018,Black (includes Hispanic),6.5
6,California,6095,Solano,2014,2018,Hispanic (all races),8.1
6,California,6095,Solano,2014,2018,American Indian/Alaskan Native (includes Hispanic),
6,California,6095,Solano,2014,2018,White (includes Hispanic),7.0
6,California,6095,Solano,2015,2019,Asian/Pacific Islander (includes Hispanic),5.9
6,California,6095,Solano,2015,2019,Black (includes Hispanic),6.5
6,California,6095,Solano,2015,2019,Hispanic (all races),8.0
6,California,6095,Solano,2015,2019,American Indian/Alaskan Native (includes Hispanic),
6,California,6095,Solano,2015,2019,White (includes Hispanic),6.7
6,California,6095,Solano,2016,2020,Asian/Pacific Islander (includes Hispanic),5.1
6,California,6095,Solano,2016,2020,Black (includes Hispanic),6.2
6,California,6095,Solano,2016,2020,Hispanic (all races),8.0
6,California,6095,Solano,2016,2020,American Indian/Alaskan Native (includes Hispanic),
6,California,6095,Solano,2016,2020,White (includes Hispanic),6.6
6,California,6097,Sonoma,2011,2015,Asian/Pacific Islander (includes Hispanic),5.5
6,California,6097,Sonoma,2011,2015,Black (includes Hispanic),3.9
6,California,6097,Sonoma,2011,2015,Hispanic (all races),9.1
6,California,6097,Sonoma,2011,2015,American Indian/Alaskan Native (includes Hispanic),
6,California,6097,Sonoma,2011,2015,White (includes Hispanic),7.0
6,California,6097,Sonoma,2012,2016,Asian/Pacific Islander (includes Hispanic),5.7
6,California,6097,Sonoma,2012,2016,Black (includes Hispanic),4.5
6,California,6097,Sonoma,2012,2016,Hispanic (all races),8.8
6,California,6097,Sonoma,2012,2016,American Indian/Alaskan Native (includes Hispanic),
6,California,6097,Sonoma,2012,2016,White (includes Hispanic),6.7
6,California,6097,Sonoma,2013,2017,Asian/Pacific Islander (includes Hispanic),5.6
6,California,6097,Sonoma,2013,2017,Black (includes Hispanic),5.1
6,California,6097,Sonoma,2013,2017,Hispanic (all races),9.2
6,California,6097,Sonoma,2013,2017,American Indian/Alaskan Native (includes Hispanic),
6,California,6097,Sonoma,2013,2017,White (includes Hispanic),6.6
6,California,6097,Sonoma,2014,2018,Asian/Pacific Islander (includes Hispanic),5.4
6,California,6097,Sonoma,2014,2018,Black (includes Hispanic),5.3
6,California,6097,Sonoma,2014,2018,Hispanic (all races),8.2
6,California,6097,Sonoma,2014,2018,American Indian/Alaskan Native (includes Hispanic),
6,California,6097,Sonoma,2014,2018,White (includes Hispanic),6.5
6,California,6097,Sonoma,2015,2019,Asian/Pacific Islander (includes Hispanic),5.5
6,California,6097,Sonoma,2015,2019,Black (includes Hispanic),5.8
6,California,6097,Sonoma,2015,2019,Hispanic (all races),8.0
6,California,6097,Sonoma,2015,2019,American Indian/Alaskan Native (includes Hispanic),
6,California,6097,Sonoma,2015,2019,White (includes Hispanic),6.2
6,California,6097,Sonoma,2016,2020,Asian/Pacific Islander (includes Hispanic),5.3
6,California,6097,Sonoma,2016,2020,Black (includes Hispanic),6.3
6,California,6097,Sonoma,2016,2020,Hispanic (all races),7.8
6,California,6097,Sonoma,2016,2020,American Indian/Alaskan Native (includes Hispanic),
6,California,6097,Sonoma,2016,2020,White (includes Hispanic),6.0
6,California,6099,Stanislaus,2011,2015,Asian/Pacific Islander (includes Hispanic),5.5
6,California,6099,Stanislaus,2011,2015,Black (includes Hispanic),7.4
6,California,6099,Stanislaus,2011,2015,Hispanic (all races),8.4
6,California,6099,Stanislaus,2011,2015,American Indian/Alaskan Native (includes Hispanic),
6,California,6099,Stanislaus,2011,2015,White (includes Hispanic),6.8
6,California,6099,Stanislaus,2012,2016,Asian/Pacific Islander (includes Hispanic),5.2
6,California,6099,Stanislaus,2012,2016,Black (includes Hispanic),7.4
6,California,6099,Stanislaus,2012,2016,Hispanic (all races),7.8
6,California,6099,Stanislaus,2012,2016,American Indian/Alaskan Native (includes Hispanic),
6,California,6099,Stanislaus,2012,2016,White (includes Hispanic),6.6
6,California,6099,Stanislaus,2013,2017,Asian/Pacific Islander (includes Hispanic),5.2
6,California,6099,Stanislaus,2013,2017,Black (includes Hispanic),6.7
6,California,6099,Stanislaus,2013,2017,Hispanic (all races),7.6
6,California,6099,Stanislaus,2013,2017,American Indian/Alaskan Native (includes Hispanic),
6,California,6099,Stanislaus,2013,2017,White (includes Hispanic),6.5
6,California,6099,Stanislaus,2014,2018,Asian/Pacific Islander (includes Hispanic),5.3
6,California,6099,Stanislaus,2014,2018,Black (includes Hispanic),6.4
6,California,6099,Stanislaus,2014,2018,Hispanic (all races),7.7
6,California,6099,Stanislaus,2014,2018,American Indian/Alaskan Native (includes Hispanic),
6,California,6099,Stanislaus,2014,2018,White (includes Hispanic),6.6
6,California,6099,Stanislaus,2015,2019,Asian/Pacific Islander (includes Hispanic),5.1
6,California,6099,Stanislaus,2015,2019,Black (includes Hispanic),6.8
6,California,6099,Stanislaus,2015,2019,Hispanic (all races),7.5
6,California,6099,Stanislaus,2015,2019,American Indian/Alaskan Native (includes Hispanic),
6,California,6099,Stanislaus,2015,2019,White (includes Hispanic),6.7
6,California,6099,Stanislaus,2016,2020,Asian/Pacific Islander (includes Hispanic),4.7
6,California,6099,Stanislaus,2016,2020,Black (includes Hispanic),5.6
6,California,6099,Stanislaus,2016,2020,Hispanic (all races),7.5
6,California,6099,Stanislaus,2016,2020,American Indian/Alaskan Native (includes Hispanic),
6,California,6099,Stanislaus,2016,2020,White (includes Hispanic),6.5
6,California,6101,Sutter,2011,2015,Asian/Pacific Islander (includes Hispanic),10.0
6,California,6101,Sutter,2011,2015,Black (includes Hispanic),8.9
6,California,6101,Sutter,2011,2015,Hispanic (all races),8.1
6,California,6101,Sutter,2011,2015,American Indian/Alaskan Native (includes Hispanic),
6,California,6101,Sutter,2011,2015,White (includes Hispanic),7.4
6,California,6101,Sutter,2012,2016,Asian/Pacific Islander (includes Hispanic),9.6
6,California,6101,Sutter,2012,2016,Black (includes Hispanic),8.3
6,California,6101,Sutter,2012,2016,Hispanic (all races),9.0
6,California,6101,Sutter,2012,2016,American Indian/Alaskan Native (includes Hispanic),
6,California,6101,Sutter,2012,2016,White (includes Hispanic),7.8
6,California,6101,Sutter,2013,2017,Asian/Pacific Islander (includes Hispanic),8.6
6,California,6101,Sutter,2013,2017,Black (includes Hispanic),8.0
6,California,6101,Sutter,2013,2017,Hispanic (all races),9.0
6,California,6101,Sutter,2013,2017,American Indian/Alaskan Native (includes Hispanic),
6,California,6101,Sutter,2013,2017,White (includes Hispanic),7.7
6,California,6101,Sutter,2014,2018,Asian/Pacific Islander (includes Hispanic),7.1
6,California,6101,Sutter,2014,2018,Black (includes Hispanic),7.6
6,California,6101,Sutter,2014,2018,Hispanic (all races),8.7
6,California,6101,Sutter,2014,2018,American Indian/Alaskan Native (includes Hispanic),
6,California,6101,Sutter,2014,2018,White (includes Hispanic),7.9
6,California,6101,Sutter,2015,2019,Asian/Pacific Islander (includes Hispanic),6.7
6,California,6101,Sutter,2015,2019,Black (includes Hispanic),7.2
6,California,6101,Sutter,2015,2019,Hispanic (all races),8.4
6,California,6101,Sutter,2015,2019,American Indian/Alaskan Native (includes Hispanic),
6,California,6101,Sutter,2015,2019,White (includes Hispanic),7.9
6,California,6101,Sutter,2016,2020,Asian/Pacific Islander (includes Hispanic),5.6
6,California,6101,Sutter,2016,2020,Black (includes Hispanic),6.1
6,California,6101,Sutter,2016,2020,Hispanic (all races),8.8
6,California,6101,Sutter,2016,2020,American Indian/Alaskan Native (includes Hispanic),
6,California,6101,Sutter,2016,2020,White (includes Hispanic),8.0
6,California,6103,Tehama,2011,2015,Asian/Pacific Islander (includes Hispanic),
6,California,6103,Tehama,2011,2015,Black (includes Hispanic),
6,California,6103,Tehama,2011,2015,Hispanic (all races),8.9
6,California,6103,Tehama,2011,2015,American Indian/Alaskan Native (includes Hispanic),
6,California,6103,Tehama,2011,2015,White (includes Hispanic),8.5
6,California,6103,Tehama,2012,2016,Asian/Pacific Islander (includes Hispanic),
6,California,6103,Tehama,2012,2016,Black (includes Hispanic),
6,California,6103,Tehama,2012,2016,Hispanic (all races),
6,California,6103,Tehama,2012,2016,American Indian/Alaskan Native (includes Hispanic),
6,California,6103,Tehama,2012,2016,White (includes Hispanic),8.3
6,California,6103,Tehama,2013,2017,Asian/Pacific Islander (includes Hispanic),
6,California,6103,Tehama,2013,2017,Black (includes Hispanic),
6,California,6103,Tehama,2013,2017,Hispanic (all races),
6,California,6103,Tehama,2013,2017,American Indian/Alaskan Native (includes Hispanic),
6,California,6103,Tehama,2013,2017,White (includes Hispanic),8.7
6,California,6103,Tehama,2014,2018,Asian/Pacific Islander (includes Hispanic),
6,California,6103,Tehama,2014,2018,Black (includes Hispanic),
6,California,6103,Tehama,2014,2018,Hispanic (all races),9.5
6,California,6103,Tehama,2014,2018,American Indian/Alaskan Native (includes Hispanic),
6,California,6103,Tehama,2014,2018,White (includes Hispanic),9.1
6,California,6103,Tehama,2015,2019,Asian/Pacific Islander (includes Hispanic),
6,California,6103,Tehama,2015,2019,Black (includes Hispanic),
6,California,6103,Tehama,2015,2019,Hispanic (all races),
6,California,6103,Tehama,2015,2019,American Indian/Alaskan Native (includes Hispanic),
6,California,6103,Tehama,2015,2019,White (includes Hispanic),8.9
6,California,6103,Tehama,2016,2020,Asian/Pacific Islander (includes Hispanic),
6,California,6103,Tehama,2016,2020,Black (includes Hispanic),
6,California,6103,Tehama,2016,2020,Hispanic (all races),8.8
6,California,6103,Tehama,2016,2020,American Indian/Alaskan Native (includes Hispanic),
6,California,6103,Tehama,2016,2020,White (includes Hispanic),9.0
6,California,6105,Trinity,2011,2015,Asian/Pacific Islander (includes Hispanic),
6,California,6105,Trinity,2011,2015,Black (includes Hispanic),
6,California,6105,Trinity,2011,2015,Hispanic (all races),
6,California,6105,Trinity,2011,2015,American Indian/Alaskan Native (includes Hispanic),
6,California,6105,Trinity,2011,2015,White (includes Hispanic),8.3
6,California,6105,Trinity,2012,2016,Asian/Pacific Islander (includes Hispanic),
6,California,6105,Trinity,2012,2016,Black (includes Hispanic),
6,California,6105,Trinity,2012,2016,Hispanic (all races),
6,California,6105,Trinity,2012,2016,American Indian/Alaskan Native (includes Hispanic),
6,California,6105,Trinity,2012,2016,White (includes Hispanic),8.2
6,California,6105,Trinity,2013,2017,Asian/Pacific Islander (includes Hispanic),
6,California,6105,Trinity,2013,2017,Black (includes Hispanic),
6,California,6105,Trinity,2013,2017,Hispanic (all races),
6,California,6105,Trinity,2013,2017,American Indian/Alaskan Native (includes Hispanic),
6,California,6105,Trinity,2013,2017,White (includes Hispanic),8.4
6,California,6105,Trinity,2014,2018,Asian/Pacific Islander (includes Hispanic),
6,California,6105,Trinity,2014,2018,Black (includes Hispanic),
6,California,6105,Trinity,2014,2018,Hispanic (all races),
6,California,6105,Trinity,2014,2018,American Indian/Alaskan Native (includes Hispanic),
6,California,6105,Trinity,2014,2018,White (includes Hispanic),8.8
6,California,6105,Trinity,2015,2019,Asian/Pacific Islander (includes Hispanic),
6,California,6105,Trinity,2015,2019,Black (includes Hispanic),
6,California,6105,Trinity,2015,2019,Hispanic (all races),
6,California,6105,Trinity,2015,2019,American Indian/Alaskan Native (includes Hispanic),
6,California,6105,Trinity,2015,2019,White (includes Hispanic),9.0
6,California,6105,Trinity,2016,2020,Asian/Pacific Islander (includes Hispanic),
6,California,6105,Trinity,2016,2020,Black (includes Hispanic),
6,California,6105,Trinity,2016,2020,Hispanic (all races),
6,California,6105,Trinity,2016,2020,American Indian/Alaskan Native (includes Hispanic),
6,California,6105,Trinity,2016,2020,White (includes Hispanic),8.7
6,California,6107,Tulare,2011,2015,Asian/Pacific Islander (includes Hispanic),11.5
6,California,6107,Tulare,2011,2015,Black (includes Hispanic),7.3
6,California,6107,Tulare,2011,2015,Hispanic (all races),10.5
6,California,6107,Tulare,2011,2015,American Indian/Alaskan Native (includes Hispanic),
6,California,6107,Tulare,2011,2015,White (includes Hispanic),9.5
6,California,6107,Tulare,2012,2016,Asian/Pacific Islander (includes Hispanic),10.8
6,California,6107,Tulare,2012,2016,Black (includes Hispanic),7.1
6,California,6107,Tulare,2012,2016,Hispanic (all races),10.4
6,California,6107,Tulare,2012,2016,American Indian/Alaskan Native (includes Hispanic),
6,California,6107,Tulare,2012,2016,White (includes Hispanic),9.9
6,California,6107,Tulare,2013,2017,Asian/Pacific Islander (includes Hispanic),11.2
6,California,6107,Tulare,2013,2017,Black (includes Hispanic),7.4
6,California,6107,Tulare,2013,2017,Hispanic (all races),10.3
6,California,6107,Tulare,2013,2017,American Indian/Alaskan Native (includes Hispanic),
6,California,6107,Tulare,2013,2017,White (includes Hispanic),9.7
6,California,6107,Tulare,2014,2018,Asian/Pacific Islander (includes Hispanic),10.4
6,California,6107,Tulare,2014,2018,Black (includes Hispanic),7.6
6,California,6107,Tulare,2014,2018,Hispanic (all races),10.5
6,California,6107,Tulare,2014,2018,American Indian/Alaskan Native (includes Hispanic),
6,California,6107,Tulare,2014,2018,White (includes Hispanic),9.9
6,California,6107,Tulare,2015,2019,Asian/Pacific Islander (includes Hispanic),9.0
6,California,6107,Tulare,2015,2019,Black (includes Hispanic),7.8
6,California,6107,Tulare,2015,2019,Hispanic (all races),10.6
6,California,6107,Tulare,2015,2019,American Indian/Alaskan Native (includes Hispanic),
6,California,6107,Tulare,2015,2019,White (includes Hispanic),9.7
6,California,6107,Tulare,2016,2020,Asian/Pacific Islander (includes Hispanic),9.2
6,California,6107,Tulare,2016,2020,Black (includes Hispanic),6.9
6,California,6107,Tulare,2016,2020,Hispanic (all races),9.9
6,California,6107,Tulare,2016,2020,American Indian/Alaskan Native (includes Hispanic),
6,California,6107,Tulare,2016,2020,White (includes Hispanic),9.1
6,California,6109,Tuolumne,2011,2015,Asian/Pacific Islander (includes Hispanic),
6,California,6109,Tuolumne,2011,2015,Black (includes Hispanic),
6,California,6109,Tuolumne,2011,2015,Hispanic (all races),9.4
6,California,6109,Tuolumne,2011,2015,American Indian/Alaskan Native (includes Hispanic),
6,California,6109,Tuolumne,2011,2015,White (includes Hispanic),8.4
6,California,6109,Tuolumne,2012,2016,Asian/Pacific Islander (includes Hispanic),
6,California,6109,Tuolumne,2012,2016,Black (includes Hispanic),
6,California,6109,Tuolumne,2012,2016,Hispanic (all races),7.8
6,California,6109,Tuolumne,2012,2016,American Indian/Alaskan Native (includes Hispanic),
6,California,6109,Tuolumne,2012,2016,White (includes Hispanic),7.6
6,California,6109,Tuolumne,2013,2017,Asian/Pacific Islander (includes Hispanic),
6,California,6109,Tuolumne,2013,2017,Black (includes Hispanic),
6,California,6109,Tuolumne,2013,2017,Hispanic (all races),7.8
6,California,6109,Tuolumne,2013,2017,American Indian/Alaskan Native (includes Hispanic),
6,California,6109,Tuolumne,2013,2017,White (includes Hispanic),7.9
6,California,6109,Tuolumne,2014,2018,Asian/Pacific Islander (includes Hispanic),14.8
6,California,6109,Tuolumne,2014,2018,Black (includes Hispanic),
6,California,6109,Tuolumne,2014,2018,Hispanic (all races),7.7
6,California,6109,Tuolumne,2014,2018,American Indian/Alaskan Native (includes Hispanic),
6,California,6109,Tuolumne,2014,2018,White (includes Hispanic),8.1
6,California,6109,Tuolumne,2015,2019,Asian/Pacific Islander (includes Hispanic),
6,California,6109,Tuolumne,2015,2019,Black (includes Hispanic),
6,California,6109,Tuolumne,2015,2019,Hispanic (all races),7.0
6,California,6109,Tuolumne,2015,2019,American Indian/Alaskan Native (includes Hispanic),
6,California,6109,Tuolumne,2015,2019,White (includes Hispanic),8.2
6,California,6109,Tuolumne,2016,2020,Asian/Pacific Islander (includes Hispanic),
6,California,6109,Tuolumne,2016,2020,Black (includes Hispanic),
6,California,6109,Tuolumne,2016,2020,Hispanic (all races),7.6
6,California,6109,Tuolumne,2016,2020,American Indian/Alaskan Native (includes Hispanic),
6,California,6109,Tuolumne,2016,2020,White (includes Hispanic),8.1
6,California,6111,Ventura,2011,2015,Asian/Pacific Islander (includes Hispanic),6.8
6,California,6111,Ventura,2011,2015,Black (includes Hispanic),7.7
6,California,6111,Ventura,2011,2015,Hispanic (all races),8.8
6,California,6111,Ventura,2011,2015,American Indian/Alaskan Native (includes Hispanic),
6,California,6111,Ventura,2011,2015,White (includes Hispanic),7.9
6,California,6111,Ventura,2012,2016,Asian/Pacific Islander (includes Hispanic),7.4
6,California,6111,Ventura,2012,2016,Black (includes Hispanic),8.0
6,California,6111,Ventura,2012,2016,Hispanic (all races),8.8
6,California,6111,Ventura,2012,2016,American Indian/Alaskan Native (includes Hispanic),
6,California,6111,Ventura,2012,2016,White (includes Hispanic),7.8
6,California,6111,Ventura,2013,2017,Asian/Pacific Islander (includes Hispanic),7.3
6,California,6111,Ventura,2013,2017,Black (includes Hispanic),7.6
6,California,6111,Ventura,2013,2017,Hispanic (all races),8.9
6,California,6111,Ventura,2013,2017,American Indian/Alaskan Native (includes Hispanic),
6,California,6111,Ventura,2013,2017,White (includes Hispanic),7.7
6,California,6111,Ventura,2014,2018,Asian/Pacific Islander (includes Hispanic),7.3
6,California,6111,Ventura,2014,2018,Black (includes Hispanic),7.1
6,California,6111,Ventura,2014,2018,Hispanic (all races),9.3
6,California,6111,Ventura,2014,2018,American Indian/Alaskan Native (includes Hispanic),
6,California,6111,Ventura,2014,2018,White (includes Hispanic),8.0
6,California,6111,Ventura,2015,2019,Asian/Pacific Islander (includes Hispanic),7.3
6,California,6111,Ventura,2015,2019,Black (includes Hispanic),7.1
6,California,6111,Ventura,2015,2019,Hispanic (all races),9.5
6,California,6111,Ventura,2015,2019,American Indian/Alaskan Native (includes Hispanic),
6,California,6111,Ventura,2015,2019,White (includes Hispanic),8.0
6,California,6111,Ventura,2016,2020,Asian/Pacific Islander (includes Hispanic),7.1
6,California,6111,Ventura,2016,2020,Black (includes Hispanic),6.8
6,California,6111,Ventura,2016,2020,Hispanic (all races),9.6
6,California,6111,Ventura,2016,2020,American Indian/Alaskan Native (includes Hispanic),
6,California,6111,Ventura,2016,2020,White (includes Hispanic),8.1
6,California,6113,Yolo,2011,2015,Asian/Pacific Islander (includes Hispanic),9.6
6,California,6113,Yolo,2011,2015,Black (includes Hispanic),8.0
6,California,6113,Yolo,2011,2015,Hispanic (all races),8.3
6,California,6113,Yolo,2011,2015,American Indian/Alaskan Native (includes Hispanic),
6,California,6113,Yolo,2011,2015,White (includes Hispanic),7.6
6,California,6113,Yolo,2012,2016,Asian/Pacific Islander (includes Hispanic),9.2
6,California,6113,Yolo,2012,2016,Black (includes Hispanic),8.0
6,California,6113,Yolo,2012,2016,Hispanic (all races),9.5
6,California,6113,Yolo,2012,2016,American Indian/Alaskan Native (includes Hispanic),
6,California,6113,Yolo,2012,2016,White (includes Hispanic),8.0
6,California,6113,Yolo,2013,2017,Asian/Pacific Islander (includes Hispanic),8.4
6,California,6113,Yolo,2013,2017,Black (includes Hispanic),7.6
6,California,6113,Yolo,2013,2017,Hispanic (all races),9.6
6,California,6113,Yolo,2013,2017,American Indian/Alaskan Native (includes Hispanic),
6,California,6113,Yolo,2013,2017,White (includes Hispanic),7.8
6,California,6113,Yolo,2014,2018,Asian/Pacific Islander (includes Hispanic),7.1
6,California,6113,Yolo,2014,2018,Black (includes Hispanic),7.6
6,California,6113,Yolo,2014,2018,Hispanic (all races),9.1
6,California,6113,Yolo,2014,2018,American Indian/Alaskan Native (includes Hispanic),
6,California,6113,Yolo,2014,2018,White (includes Hispanic),8.0
6,California,6113,Yolo,2015,2019,Asian/Pacific Islander (includes Hispanic),6.7
6,California,6113,Yolo,2015,2019,Black (includes Hispanic),7.1
6,California,6113,Yolo,2015,2019,Hispanic (all races),8.8
6,California,6113,Yolo,2015,2019,American Indian/Alaskan Native (includes Hispanic),
6,California,6113,Yolo,2015,2019,White (includes Hispanic),7.8
6,California,6113,Yolo,2016,2020,Asian/Pacific Islander (includes Hispanic),5.5
6,California,6113,Yolo,2016,2020,Black (includes Hispanic),6.4
6,California,6113,Yolo,2016,2020,Hispanic (all races),9.6
6,California,6113,Yolo,2016,2020,American Indian/Alaskan Native (includes Hispanic),
6,California,6113,Yolo,2016,2020,White (includes Hispanic),8.1
6,California,6115,Yuba,2011,2015,Asian/Pacific Islander (includes Hispanic),
6,California,6115,Yuba,2011,2015,Black (includes Hispanic),
6,California,6115,Yuba,2011,2015,Hispanic (all races),7.8
6,California,6115,Yuba,2011,2015,American Indian/Alaskan Native (includes Hispanic),
6,California,6115,Yuba,2011,2015,White (includes Hispanic),6.3
6,California,6115,Yuba,2012,2016,Asian/Pacific Islander (includes Hispanic),
6,California,6115,Yuba,2012,2016,Black (includes Hispanic),
6,California,6115,Yuba,2012,2016,Hispanic (all races),8.7
6,California,6115,Yuba,2012,2016,American Indian/Alaskan Native (includes Hispanic),
6,California,6115,Yuba,2012,2016,White (includes Hispanic),6.4
6,California,6115,Yuba,2013,2017,Asian/Pacific Islander (includes Hispanic),
6,California,6115,Yuba,2013,2017,Black (includes Hispanic),
6,California,6115,Yuba,2013,2017,Hispanic (all races),8.8
6,California,6115,Yuba,2013,2017,American Indian/Alaskan Native (includes Hispanic),
6,California,6115,Yuba,2013,2017,White (includes Hispanic),6.6
6,California,6115,Yuba,2014,2018,Asian/Pacific Islander (includes Hispanic),
6,California,6115,Yuba,2014,2018,Black (includes Hispanic),
6,California,6115,Yuba,2014,2018,Hispanic (all races),9.3
6,California,6115,Yuba,2014,2018,American Indian/Alaskan Native (includes Hispanic),
6,California,6115,Yuba,2014,2018,White (includes Hispanic),7.2
6,California,6115,Yuba,2015,2019,Asian/Pacific Islander (includes Hispanic),
6,California,6115,Yuba,2015,2019,Black (includes Hispanic),
6,California,6115,Yuba,2015,2019,Hispanic (all races),8.2
6,California,6115,Yuba,2015,2019,American Indian/Alaskan Native (includes Hispanic),
6,California,6115,Yuba,2015,2019,White (includes Hispanic),7.7
6,California,6115,Yuba,2016,2020,Asian/Pacific Islander (includes Hispanic),9.8
6,California,6115,Yuba,2016,2020,Black (includes Hispanic),
6,California,6115,Yuba,2016,2020,Hispanic (all races),8.7
6,California,6115,Yuba,2016,2020,American Indian/Alaskan Native (includes Hispanic),
6,California,6115,Yuba,2016,2020,White (includes Hispanic),7.6
8,Colorado,8001,Adams,2011,2015,Asian/Pacific Islander (includes Hispanic),
8,Colorado,8001,Adams,2011,2015,Black (includes Hispanic),5.4
8,Colorado,8001,Adams,2011,2015,Hispanic (all races),7.7
8,Colorado,8001,Adams,2011,2015,American Indian/Alaskan Native (includes Hispanic),
8,Colorado,8001,Adams,2011,2015,White (includes Hispanic),6.0
8,Colorado,8001,Adams,2012,2016,Asian/Pacific Islander (includes Hispanic),
8,Colorado,8001,Adams,2012,2016,Black (includes Hispanic),5.8
8,Colorado,8001,Adams,2012,2016,Hispanic (all races),7.9
8,Colorado,8001,Adams,2012,2016,American Indian/Alaskan Native (includes Hispanic),
8,Colorado,8001,Adams,2012,2016,White (includes Hispanic),6.0
8,Colorado,8001,Adams,2013,2017,Asian/Pacific Islander (includes Hispanic),
8,Colorado,8001,Adams,2013,2017,Black (includes Hispanic),6.4
8,Colorado,8001,Adams,2013,2017,Hispanic (all races),8.1
8,Colorado,8001,Adams,2013,2017,American Indian/Alaskan Native (includes Hispanic),
8,Colorado,8001,Adams,2013,2017,White (includes Hispanic),6.0
8,Colorado,8001,Adams,2014,2018,Asian/Pacific Islander (includes Hispanic),
8,Colorado,8001,Adams,2014,2018,Black (includes Hispanic),6.2
8,Colorado,8001,Adams,2014,2018,Hispanic (all races),7.7
8,Colorado,8001,Adams,2014,2018,American Indian/Alaskan Native (includes Hispanic),
8,Colorado,8001,Adams,2014,2018,White (includes Hispanic),5.8
8,Colorado,8001,Adams,2015,2019,Asian/Pacific Islander (includes Hispanic),5.6
8,Colorado,8001,Adams,2015,2019,Black (includes Hispanic),7.1
8,Colorado,8001,Adams,2015,2019,Hispanic (all races),6.9
8,Colorado,8001,Adams,2015,2019,American Indian/Alaskan Native (includes Hispanic),
8,Colorado,8001,Adams,2015,2019,White (includes Hispanic),5.3
8,Colorado,8001,Adams,2016,2020,Asian/Pacific Islander (includes Hispanic),5.4
8,Colorado,8001,Adams,2016,2020,Black (includes Hispanic),6.5
8,Colorado,8001,Adams,2016,2020,Hispanic (all races),6.6
8,Colorado,8001,Adams,2016,2020,American Indian/Alaskan Native (includes Hispanic),
8,Colorado,8001,Adams,2016,2020,White (includes Hispanic),5.2
8,Colorado,8003,Alamosa,2011,2015,Asian/Pacific Islander (includes Hispanic),
8,Colorado,8003,Alamosa,2011,2015,Black (includes Hispanic),
8,Colorado,8003,Alamosa,2011,2015,Hispanic (all races),
8,Colorado,8003,Alamosa,2011,2015,American Indian/Alaskan Native (includes Hispanic),
8,Colorado,8003,Alamosa,2011,2015,White (includes Hispanic),
8,Colorado,8003,Alamosa,2012,2016,Asian/Pacific Islander (includes Hispanic),
8,Colorado,8003,Alamosa,2012,2016,Black (includes Hispanic),
8,Colorado,8003,Alamosa,2012,2016,Hispanic (all races),
8,Colorado,8003,Alamosa,2012,2016,American Indian/Alaskan Native (includes Hispanic),
8,Colorado,8003,Alamosa,2012,2016,White (includes Hispanic),
8,Colorado,8003,Alamosa,2013,2017,Asian/Pacific Islander (includes Hispanic),
8,Colorado,8003,Alamosa,2013,2017,Black (includes Hispanic),
8,Colorado,8003,Alamosa,2013,2017,Hispanic (all races),
8,Colorado,8003,Alamosa,2013,2017,American Indian/Alaskan Native (includes Hispanic),
8,Colorado,8003,Alamosa,2013,2017,White (includes Hispanic),
8,Colorado,8003,Alamosa,2014,2018,Asian/Pacific Islander (includes Hispanic),
8,Colorado,8003,Alamosa,2014,2018,Black (includes Hispanic),
8,Colorado,8003,Alamosa,2014,2018,Hispanic (all races),
8,Colorado,8003,Alamosa,2014,2018,American Indian/Alaskan Native (includes Hispanic),
8,Colorado,8003,Alamosa,2014,2018,White (includes Hispanic),
8,Colorado,8003,Alamosa,2015,2019,Asian/Pacific Islander (includes Hispanic),
8,Colorado,8003,Alamosa,2015,2019,Black (includes Hispanic),
8,Colorado,8003,Alamosa,2015,2019,Hispanic (all races),
8,Colorado,8003,Alamosa,2015,2019,American Indian/Alaskan Native (includes Hispanic),
8,Colorado,8003,Alamosa,2015,2019,White (includes Hispanic),15.9
8,Colorado,8003,Alamosa,2016,2020,Asian/Pacific Islander (includes Hispanic),
8,Colorado,8003,Alamosa,2016,2020,Black (includes Hispanic),
8,Colorado,8003,Alamosa,2016,2020,Hispanic (all races),
8,Colorado,8003,Alamosa,2016,2020,American Indian/Alaskan Native (includes Hispanic),
8,Colorado,8003,Alamosa,2016,2020,White (includes Hispanic),15.9
8,Colorado,8005,Arapahoe,2011,2015,Asian/Pacific Islander (includes Hispanic),
8,Colorado,8005,Arapahoe,2011,2015,Black (includes Hispanic),5.4
8,Colorado,8005,Arapahoe,2011,2015,Hispanic (all races),7.8
8,Colorado,8005,Arapahoe,2011,2015,American Indian/Alaskan Native (includes Hispanic),
8,Colorado,8005,Arapahoe,2011,2015,White (includes Hispanic),6.1
8,Colorado,8005,Arapahoe,2012,2016,Asian/Pacific Islander (includes Hispanic),
8,Colorado,8005,Arapahoe,2012,2016,Black (includes Hispanic),5.5
8,Colorado,8005,Arapahoe,2012,2016,Hispanic (all races),7.8
8,Colorado,8005,Arapahoe,2012,2016,American Indian/Alaskan Native (includes Hispanic),
8,Colorado,8005,Arapahoe,2012,2016,White (includes Hispanic),5.9
8,Colorado,8005,Arapahoe,2013,2017,Asian/Pacific Islander (includes Hispanic),
8,Colorado,8005,Arapahoe,2013,2017,Black (includes Hispanic),6.0
8,Colorado,8005,Arapahoe,2013,2017,Hispanic (all races),8.0
8,Colorado,8005,Arapahoe,2013,2017,American Indian/Alaskan Native (includes Hispanic),
8,Colorado,8005,Arapahoe,2013,2017,White (includes Hispanic),5.8
8,Colorado,8005,Arapahoe,2014,2018,Asian/Pacific Islander (includes Hispanic),5.3
8,Colorado,8005,Arapahoe,2014,2018,Black (includes Hispanic),5.8
8,Colorado,8005,Arapahoe,2014,2018,Hispanic (all races),7.7
8,Colorado,8005,Arapahoe,2014,2018,American Indian/Alaskan Native (includes Hispanic),
8,Colorado,8005,Arapahoe,2014,2018,White (includes Hispanic),5.5
8,Colorado,8005,Arapahoe,2015,2019,Asian/Pacific Islander (includes Hispanic),5.8
8,Colorado,8005,Arapahoe,2015,2019,Black (includes Hispanic),6.7
8,Colorado,8005,Arapahoe,2015,2019,Hispanic (all races),6.5
8,Colorado,8005,Arapahoe,2015,2019,American Indian/Alaskan Native (includes Hispanic),
8,Colorado,8005,Arapahoe,2015,2019,White (includes Hispanic),4.8
8,Colorado,8005,Arapahoe,2016,2020,Asian/Pacific Islander (includes Hispanic),6.1
8,Colorado,8005,Arapahoe,2016,2020,Black (includes Hispanic),5.8
8,Colorado,8005,Arapahoe,2016,2020,Hispanic (all races),6.2
8,Colorado,8005,Arapahoe,2016,2020,American Indian/Alaskan Native (includes Hispanic),
8,Colorado,8005,Arapahoe,2016,2020,White (includes Hispanic),4.6
8,Colorado,8007,Archuleta,2011,2015,Asian/Pacific Islander (includes Hispanic),
8,Colorado,8007,Archuleta,2011,2015,Black (includes Hispanic),
8,Colorado,8007,Archuleta,2011,2015,Hispanic (all races),
8,Colorado,8007,Archuleta,2011,2015,American Indian/Alaskan Native (includes Hispanic),
8,Colorado,8007,Archuleta,2011,2015,White (includes Hispanic),6.6
8,Colorado,8007,Archuleta,2012,2016,Asian/Pacific Islander (includes Hispanic),
8,Colorado,8007,Archuleta,2012,2016,Black (includes Hispanic),
8,Colorado,8007,Archuleta,2012,2016,Hispanic (all races),
8,Colorado,8007,Archuleta,2012,2016,American Indian/Alaskan Native (includes Hispanic),
8,Colorado,8007,Archuleta,2012,2016,White (includes Hispanic),5.4
8,Colorado,8007,Archuleta,2013,2017,Asian/Pacific Islander (includes Hispanic),
8,Colorado,8007,Archuleta,2013,2017,Black (includes Hispanic),
8,Colorado,8007,Archuleta,2013,2017,Hispanic (all races),
8,Colorado,8007,Archuleta,2013,2017,American Indian/Alaskan Native (includes Hispanic),
8,Colorado,8007,Archuleta,2013,2017,White (includes Hispanic),6.6
8,Colorado,8007,Archuleta,2014,2018,Asian/Pacific Islander (includes Hispanic),
8,Colorado,8007,Archuleta,2014,2018,Black (includes Hispanic),
8,Colorado,8007,Archuleta,2014,2018,Hispanic (all races),
8,Colorado,8007,Archuleta,2014,2018,American Indian/Alaskan Native (includes Hispanic),
8,Colorado,8007,Archuleta,2014,2018,White (includes Hispanic),7.3
8,Colorado,8007,Archuleta,2015,2019,Asian/Pacific Islander (includes Hispanic),
8,Colorado,8007,Archuleta,2015,2019,Black (includes Hispanic),
8,Colorado,8007,Archuleta,2015,2019,Hispanic (all races),
8,Colorado,8007,Archuleta,2015,2019,American Indian/Alaskan Native (includes Hispanic),
8,Colorado,8007,Archuleta,2015,2019,White (includes Hispanic),7.7
8,Colorado,8007,Archuleta,2016,2020,Asian/Pacific Islander (includes Hispanic),
8,Colorado,8007,Archuleta,2016,2020,Black (includes Hispanic),
8,Colorado,8007,Archuleta,2016,2020,Hispanic (all races),9.7
8,Colorado,8007,Archuleta,2016,2020,American Indian/Alaskan Native (includes Hispanic),
8,Colorado,8007,Archuleta,2016,2020,White (includes Hispanic),7.2
8,Colorado,8009,Baca,2011,2015,Asian/Pacific Islander (includes Hispanic),
8,Colorado,8009,Baca,2011,2015,Black (includes Hispanic),
8,Colorado,8009,Baca,2011,2015,Hispanic (all races),
8,Colorado,8009,Baca,2011,2015,American Indian/Alaskan Native (includes Hispanic),
8,Colorado,8009,Baca,2011,2015,White (includes Hispanic),
8,Colorado,8009,Baca,2012,2016,Asian/Pacific Islander (includes Hispanic),
8,Colorado,8009,Baca,2012,2016,Black (includes Hispanic),
8,Colorado,8009,Baca,2012,2016,Hispanic (all races),
8,Colorado,8009,Baca,2012,2016,American Indian/Alaskan Native (includes Hispanic),
8,Colorado,8009,Baca,2012,2016,White (includes Hispanic),
8,Colorado,8009,Baca,2013,2017,Asian/Pacific Islander (includes Hispanic),
8,Colorado,8009,Baca,2013,2017,Black (includes Hispanic),
8,Colorado,8009,Baca,2013,2017,Hispanic (all races),
8,Colorado,8009,Baca,2013,2017,American Indian/Alaskan Native (includes Hispanic),
8,Colorado,8009,Baca,2013,2017,White (includes Hispanic),
8,Colorado,8009,Baca,2014,2018,Asian/Pacific Islander (includes Hispanic),
8,Colorado,8009,Baca,2014,2018,Black (includes Hispanic),
8,Colorado,8009,Baca,2014,2018,Hispanic (all races),
8,Colorado,8009,Baca,2014,2018,American Indian/Alaskan Native (includes Hispanic),
8,Colorado,8009,Baca,2014,2018,White (includes Hispanic),
8,Colorado,8009,Baca,2015,2019,Asian/Pacific Islander (includes Hispanic),
8,Colorado,8009,Baca,2015,2019,Black (includes Hispanic),
8,Colorado,8009,Baca,2015,2019,Hispanic (all races),
8,Colorado,8009,Baca,2015,2019,American Indian/Alaskan Native (includes Hispanic),
8,Colorado,8009,Baca,2015,2019,White (includes Hispanic),
8,Colorado,8009,Baca,2016,2020,Asian/Pacific Islander (includes Hispanic),
8,Colorado,8009,Baca,2016,2020,Black (includes Hispanic),
8,Colorado,8009,Baca,2016,2020,Hispanic (all races),
8,Colorado,8009,Baca,2016,2020,American Indian/Alaskan Native (includes Hispanic),
8,Colorado,8009,Baca,2016,2020,White (includes Hispanic),
8,Colorado,8011,Bent,2011,2015,Asian/Pacific Islander (includes Hispanic),
8,Colorado,8011,Bent,2011,2015,Black (includes Hispanic),
8,Colorado,8011,Bent,2011,2015,Hispanic (all races),
8,Colorado,8011,Bent,2011,2015,American Indian/Alaskan Native (includes Hispanic),
8,Colorado,8011,Bent,2011,2015,White (includes Hispanic),
8,Colorado,8011,Bent,2012,2016,Asian/Pacific Islander (includes Hispanic),
8,Colorado,8011,Bent,2012,2016,Black (includes Hispanic),
8,Colorado,8011,Bent,2012,2016,Hispanic (all races),
8,Colorado,8011,Bent,2012,2016,American Indian/Alaskan Native (includes Hispanic),
8,Colorado,8011,Bent,2012,2016,White (includes Hispanic),
8,Colorado,8011,Bent,2013,2017,Asian/Pacific Islander (includes Hispanic),
8,Colorado,8011,Bent,2013,2017,Black (includes Hispanic),
8,Colorado,8011,Bent,2013,2017,Hispanic (all races),
8,Colorado,8011,Bent,2013,2017,American Indian/Alaskan Native (includes Hispanic),
8,Colorado,8011,Bent,2013,2017,White (includes Hispanic),
8,Colorado,8011,Bent,2014,2018,Asian/Pacific Islander (includes Hispanic),
8,Colorado,8011,Bent,2014,2018,Black (includes Hispanic),
8,Colorado,8011,Bent,2014,2018,Hispanic (all races),
8,Colorado,8011,Bent,2014,2018,American Indian/Alaskan Native (includes Hispanic),
8,Colorado,8011,Bent,2014,2018,White (includes Hispanic),
8,Colorado,8011,Bent,2015,2019,Asian/Pacific Islander (includes Hispanic),
8,Colorado,8011,Bent,2015,2019,Black (includes Hispanic),
8,Colorado,8011,Bent,2015,2019,Hispanic (all races),
8,Colorado,8011,Bent,2015,2019,American Indian/Alaskan Native (includes Hispanic),
8,Colorado,8011,Bent,2015,2019,White (includes Hispanic),
8,Colorado,8011,Bent,2016,2020,Asian/Pacific Islander (includes Hispanic),
8,Colorado,8011,Bent,2016,2020,Black (includes Hispanic),
8,Colorado,8011,Bent,2016,2020,Hispanic (all races),
8,Colorado,8011,Bent,2016,2020,American Indian/Alaskan Native (includes Hispanic),
8,Colorado,8011,Bent,2016,2020,White (includes Hispanic),
8,Colorado,8013,Boulder,2011,2015,Asian/Pacific Islander (includes Hispanic),
8,Colorado,8013,Boulder,2011,2015,Black (includes Hispanic),
8,Colorado,8013,Boulder,2011,2015,Hispanic (all races),5.7
8,Colorado,8013,Boulder,2011,2015,American Indian/Alaskan Native (includes Hispanic),
8,Colorado,8013,Boulder,2011,2015,White (includes Hispanic),4.8
8,Colorado,8013,Boulder,2012,2016,Asian/Pacific Islander (includes Hispanic),
8,Colorado,8013,Boulder,2012,2016,Black (includes Hispanic),
8,Colorado,8013,Boulder,2012,2016,Hispanic (all races),6.5
8,Colorado,8013,Boulder,2012,2016,American Indian/Alaskan Native (includes Hispanic),
8,Colorado,8013,Boulder,2012,2016,White (includes Hispanic),5.3
8,Colorado,8013,Boulder,2013,2017,Asian/Pacific Islander (includes Hispanic),
8,Colorado,8013,Boulder,2013,2017,Black (includes Hispanic),
8,Colorado,8013,Boulder,2013,2017,Hispanic (all races),7.6
8,Colorado,8013,Boulder,2013,2017,American Indian/Alaskan Native (includes Hispanic),
8,Colorado,8013,Boulder,2013,2017,White (includes Hispanic),5.8
8,Colorado,8013,Boulder,2014,2018,Asian/Pacific Islander (includes Hispanic),
8,Colorado,8013,Boulder,2014,2018,Black (includes Hispanic),
8,Colorado,8013,Boulder,2014,2018,Hispanic (all races),6.8
8,Colorado,8013,Boulder,2014,2018,American Indian/Alaskan Native (includes Hispanic),
8,Colorado,8013,Boulder,2014,2018,White (includes Hispanic),6.1
8,Colorado,8013,Boulder,2015,2019,Asian/Pacific Islander (includes Hispanic),
8,Colorado,8013,Boulder,2015,2019,Black (includes Hispanic),
8,Colorado,8013,Boulder,2015,2019,Hispanic (all races),7.4
8,Colorado,8013,Boulder,2015,2019,American Indian/Alaskan Native (includes Hispanic),
8,Colorado,8013,Boulder,2015,2019,White (includes Hispanic),6.3
8,Colorado,8013,Boulder,2016,2020,Asian/Pacific Islander (includes Hispanic),
8,Colorado,8013,Boulder,2016,2020,Black (includes Hispanic),
8,Colorado,8013,Boulder,2016,2020,Hispanic (all races),7.8
8,Colorado,8013,Boulder,2016,2020,American Indian/Alaskan Native (includes Hispanic),
8,Colorado,8013,Boulder,2016,2020,White (includes Hispanic),6.2
8,Colorado,8014,Broomfield,2011,2015,Asian/Pacific Islander (includes Hispanic),
8,Colorado,8014,Broomfield,2011,2015,Black (includes Hispanic),
8,Colorado,8014,Broomfield,2011,2015,Hispanic (all races),6.6
8,Colorado,8014,Broomfield,2011,2015,American Indian/Alaskan Native (includes Hispanic),
8,Colorado,8014,Broomfield,2011,2015,White (includes Hispanic),5.7
8,Colorado,8014,Broomfield,2012,2016,Asian/Pacific Islander (includes Hispanic),
8,Colorado,8014,Broomfield,2012,2016,Black (includes Hispanic),
8,Colorado,8014,Broomfield,2012,2016,Hispanic (all races),7.3
8,Colorado,8014,Broomfield,2012,2016,American Indian/Alaskan Native (includes Hispanic),
8,Colorado,8014,Broomfield,2012,2016,White (includes Hispanic),5.9
8,Colorado,8014,Broomfield,2013,2017,Asian/Pacific Islander (includes Hispanic),
8,Colorado,8014,Broomfield,2013,2017,Black (includes Hispanic),
8,Colorado,8014,Broomfield,2013,2017,Hispanic (all races),7.7
8,Colorado,8014,Broomfield,2013,2017,American Indian/Alaskan Native (includes Hispanic),
8,Colorado,8014,Broomfield,2013,2017,White (includes Hispanic),6.2
8,Colorado,8014,Broomfield,2014,2018,Asian/Pacific Islander (includes Hispanic),
8,Colorado,8014,Broomfield,2014,2018,Black (includes Hispanic),
8,Colorado,8014,Broomfield,2014,2018,Hispanic (all races),7.1
8,Colorado,8014,Broomfield,2014,2018,American Indian/Alaskan Native (includes Hispanic),
8,Colorado,8014,Broomfield,2014,2018,White (includes Hispanic),6.0
8,Colorado,8014,Broomfield,2015,2019,Asian/Pacific Islander (includes Hispanic),
8,Colorado,8014,Broomfield,2015,2019,Black (includes Hispanic),
8,Colorado,8014,Broomfield,2015,2019,Hispanic (all races),7.0
8,Colorado,8014,Broomfield,2015,2019,American Indian/Alaskan Native (includes Hispanic),
8,Colorado,8014,Broomfield,2015,2019,White (includes Hispanic),5.7
8,Colorado,8014,Broomfield,2016,2020,Asian/Pacific Islander (includes Hispanic),
8,Colorado,8014,Broomfield,2016,2020,Black (includes Hispanic),
8,Colorado,8014,Broomfield,2016,2020,Hispanic (all races),7.5
8,Colorado,8014,Broomfield,2016,2020,American Indian/Alaskan Native (includes Hispanic),
8,Colorado,8014,Broomfield,2016,2020,White (includes Hispanic),5.8
8,Colorado,8015,Chaffee,2011,2015,Asian/Pacific Islander (includes Hispanic),
8,Colorado,8015,Chaffee,2011,2015,Black (includes Hispanic),
8,Colorado,8015,Chaffee,2011,2015,Hispanic (all races),
8,Colorado,8015,Chaffee,2011,2015,American Indian/Alaskan Native (includes Hispanic),
8,Colorado,8015,Chaffee,2011,2015,White (includes Hispanic),
8,Colorado,8015,Chaffee,2012,2016,Asian/Pacific Islander (includes Hispanic),
8,Colorado,8015,Chaffee,2012,2016,Black (includes Hispanic),
8,Colorado,8015,Chaffee,2012,2016,Hispanic (all races),
8,Colorado,8015,Chaffee,2012,2016,American Indian/Alaskan Native (includes Hispanic),
8,Colorado,8015,Chaffee,2012,2016,White (includes Hispanic),6.0
8,Colorado,8015,Chaffee,2013,2017,Asian/Pacific Islander (includes Hispanic),
8,Colorado,8015,Chaffee,2013,2017,Black (includes Hispanic),
8,Colorado,8015,Chaffee,2013,2017,Hispanic (all races),
8,Colorado,8015,Chaffee,2013,2017,American Indian/Alaskan Native (includes Hispanic),
8,Colorado,8015,Chaffee,2013,2017,White (includes Hispanic),6.6
8,Colorado,8015,Chaffee,2014,2018,Asian/Pacific Islander (includes Hispanic),
8,Colorado,8015,Chaffee,2014,2018,Black (includes Hispanic),
8,Colorado,8015,Chaffee,2014,2018,Hispanic (all races),
8,Colorado,8015,Chaffee,2014,2018,American Indian/Alaskan Native (includes Hispanic),
8,Colorado,8015,Chaffee,2014,2018,White (includes Hispanic),6.5
8,Colorado,8015,Chaffee,2015,2019,Asian/Pacific Islander (includes Hispanic),
8,Colorado,8015,Chaffee,2015,2019,Black (includes Hispanic),
8,Colorado,8015,Chaffee,2015,2019,Hispanic (all races),
8,Colorado,8015,Chaffee,2015,2019,American Indian/Alaskan Native (includes Hispanic),
8,Colorado,8015,Chaffee,2015,2019,White (includes Hispanic),6.8
8,Colorado,8015,Chaffee,2016,2020,Asian/Pacific Islander (includes Hispanic),
8,Colorado,8015,Chaffee,2016,2020,Black (includes Hispanic),
8,Colorado,8015,Chaffee,2016,2020,Hispanic (all races),
8,Colorado,8015,Chaffee,2016,2020,American Indian/Alaskan Native (includes Hispanic),
8,Colorado,8015,Chaffee,2016,2020,White (includes Hispanic),8.2
8,Colorado,8017,Cheyenne,2011,2015,Asian/Pacific Islander (includes Hispanic),
8,Colorado,8017,Cheyenne,2011,2015,Black (includes Hispanic),
8,Colorado,8017,Cheyenne,2011,2015,Hispanic (all races),
8,Colorado,8017,Cheyenne,2011,2015,American Indian/Alaskan Native (includes Hispanic),
8,Colorado,8017,Cheyenne,2011,2015,White (includes Hispanic),
8,Colorado,8017,Cheyenne,2012,2016,Asian/Pacific Islander (includes Hispanic),
8,Colorado,8017,Cheyenne,2012,2016,Black (includes Hispanic),
8,Colorado,8017,Cheyenne,2012,2016,Hispanic (all races),
8,Colorado,8017,Cheyenne,2012,2016,American Indian/Alaskan Native (includes Hispanic),
8,Colorado,8017,Cheyenne,2012,2016,White (includes Hispanic),
8,Colorado,8017,Cheyenne,2013,2017,Asian/Pacific Islander (includes Hispanic),
8,Colorado,8017,Cheyenne,2013,2017,Black (includes Hispanic),
8,Colorado,8017,Cheyenne,2013,2017,Hispanic (all races),
8,Colorado,8017,Cheyenne,2013,2017,American Indian/Alaskan Native (includes Hispanic),
8,Colorado,8017,Cheyenne,2013,2017,White (includes Hispanic),
8,Colorado,8017,Cheyenne,2014,2018,Asian/Pacific Islander (includes Hispanic),
8,Colorado,8017,Cheyenne,2014,2018,Black (includes Hispanic),
8,Colorado,8017,Cheyenne,2014,2018,Hispanic (all races),
8,Colorado,8017,Cheyenne,2014,2018,American Indian/Alaskan Native (includes Hispanic),
8,Colorado,8017,Cheyenne,2014,2018,White (includes Hispanic),
8,Colorado,8017,Cheyenne,2015,2019,Asian/Pacific Islander (includes Hispanic),
8,Colorado,8017,Cheyenne,2015,2019,Black (includes Hispanic),
8,Colorado,8017,Cheyenne,2015,2019,Hispanic (all races),
8,Colorado,8017,Cheyenne,2015,2019,American Indian/Alaskan Native (includes Hispanic),
8,Colorado,8017,Cheyenne,2015,2019,White (includes Hispanic),
8,Colorado,8017,Cheyenne,2016,2020,Asian/Pacific Islander (includes Hispanic),
8,Colorado,8017,Cheyenne,2016,2020,Black (includes Hispanic),
8,Colorado,8017,Cheyenne,2016,2020,Hispanic (all races),
8,Colorado,8017,Cheyenne,2016,2020,American Indian/Alaskan Native (includes Hispanic),
8,Colorado,8017,Cheyenne,2016,2020,White (includes Hispanic),
8,Colorado,8019,Clear Creek,2011,2015,Asian/Pacific Islander (includes Hispanic),
8,Colorado,8019,Clear Creek,2011,2015,Black (includes Hispanic),
8,Colorado,8019,Clear Creek,2011,2015,Hispanic (all races),
8,Colorado,8019,Clear Creek,2011,2015,American Indian/Alaskan Native (includes Hispanic),
8,Colorado,8019,Clear Creek,2011,2015,White (includes Hispanic),4.6
8,Colorado,8019,Clear Creek,2012,2016,Asian/Pacific Islander (includes Hispanic),
8,Colorado,8019,Clear Creek,2012,2016,Black (includes Hispanic),
8,Colorado,8019,Clear Creek,2012,2016,Hispanic (all races),
8,Colorado,8019,Clear Creek,2012,2016,American Indian/Alaskan Native (includes Hispanic),
8,Colorado,8019,Clear Creek,2012,2016,White (includes Hispanic),4.6
8,Colorado,8019,Clear Creek,2013,2017,Asian/Pacific Islander (includes Hispanic),
8,Colorado,8019,Clear Creek,2013,2017,Black (includes Hispanic),
8,Colorado,8019,Clear Creek,2013,2017,Hispanic (all races),
8,Colorado,8019,Clear Creek,2013,2017,American Indian/Alaskan Native (includes Hispanic),
8,Colorado,8019,Clear Creek,2013,2017,White (includes Hispanic),5.5
8,Colorado,8019,Clear Creek,2014,2018,Asian/Pacific Islander (includes Hispanic),
8,Colorado,8019,Clear Creek,2014,2018,Black (includes Hispanic),
8,Colorado,8019,Clear Creek,2014,2018,Hispanic (all races),
8,Colorado,8019,Clear Creek,2014,2018,American Indian/Alaskan Native (includes Hispanic),
8,Colorado,8019,Clear Creek,2014,2018,White (includes Hispanic),5.6
8,Colorado,8019,Clear Creek,2015,2019,Asian/Pacific Islander (includes Hispanic),
8,Colorado,8019,Clear Creek,2015,2019,Black (includes Hispanic),
8,Colorado,8019,Clear Creek,2015,2019,Hispanic (all races),
8,Colorado,8019,Clear Creek,2015,2019,American Indian/Alaskan Native (includes Hispanic),
8,Colorado,8019,Clear Creek,2015,2019,White (includes Hispanic),5.1
8,Colorado,8019,Clear Creek,2016,2020,Asian/Pacific Islander (includes Hispanic),
8,Colorado,8019,Clear Creek,2016,2020,Black (includes Hispanic),
8,Colorado,8019,Clear Creek,2016,2020,Hispanic (all races),
8,Colorado,8019,Clear Creek,2016,2020,American Indian/Alaskan Native (includes Hispanic),
8,Colorado,8019,Clear Creek,2016,2020,White (includes Hispanic),4.8
8,Colorado,8021,Conejos,2011,2015,Asian/Pacific Islander (includes Hispanic),
8,Colorado,8021,Conejos,2011,2015,Black (includes Hispanic),
8,Colorado,8021,Conejos,2011,2015,Hispanic (all races),
8,Colorado,8021,Conejos,2011,2015,American Indian/Alaskan Native (includes Hispanic),
8,Colorado,8021,Conejos,2011,2015,White (includes Hispanic),8.5
8,Colorado,8021,Conejos,2012,2016,Asian/Pacific Islander (includes Hispanic),
8,Colorado,8021,Conejos,2012,2016,Black (includes Hispanic),
8,Colorado,8021,Conejos,2012,2016,Hispanic (all races),
8,Colorado,8021,Conejos,2012,2016,American Indian/Alaskan Native (includes Hispanic),
8,Colorado,8021,Conejos,2012,2016,White (includes Hispanic),8.2
8,Colorado,8021,Conejos,2013,2017,Asian/Pacific Islander (includes Hispanic),
8,Colorado,8021,Conejos,2013,2017,Black (includes Hispanic),
8,Colorado,8021,Conejos,2013,2017,Hispanic (all races),
8,Colorado,8021,Conejos,2013,2017,American Indian/Alaskan Native (includes Hispanic),
8,Colorado,8021,Conejos,2013,2017,White (includes Hispanic),8.0
8,Colorado,8021,Conejos,2014,2018,Asian/Pacific Islander (includes Hispanic),
8,Colorado,8021,Conejos,2014,2018,Black (includes Hispanic),
8,Colorado,8021,Conejos,2014,2018,Hispanic (all races),11.4
8,Colorado,8021,Conejos,2014,2018,American Indian/Alaskan Native (includes Hispanic),
8,Colorado,8021,Conejos,2014,2018,White (includes Hispanic),9.3
8,Colorado,8021,Conejos,2015,2019,Asian/Pacific Islander (includes Hispanic),
8,Colorado,8021,Conejos,2015,2019,Black (includes Hispanic),
8,Colorado,8021,Conejos,2015,2019,Hispanic (all races),11.8
8,Colorado,8021,Conejos,2015,2019,American Indian/Alaskan Native (includes Hispanic),
8,Colorado,8021,Conejos,2015,2019,White (includes Hispanic),9.9
8,Colorado,8021,Conejos,2016,2020,Asian/Pacific Islander (includes Hispanic),
8,Colorado,8021,Conejos,2016,2020,Black (includes Hispanic),
8,Colorado,8021,Conejos,2016,2020,Hispanic (all races),11.2
8,Colorado,8021,Conejos,2016,2020,American Indian/Alaskan Native (includes Hispanic),
8,Colorado,8021,Conejos,2016,2020,White (includes Hispanic),9.4
8,Colorado,8023,Costilla,2011,2015,Asian/Pacific Islander (includes Hispanic),
8,Colorado,8023,Costilla,2011,2015,Black (includes Hispanic),
8,Colorado,8023,Costilla,2011,2015,Hispanic (all races),
8,Colorado,8023,Costilla,2011,2015,American Indian/Alaskan Native (includes Hispanic),
8,Colorado,8023,Costilla,2011,2015,White (includes Hispanic),8.1
8,Colorado,8023,Costilla,2012,2016,Asian/Pacific Islander (includes Hispanic),
8,Colorado,8023,Costilla,2012,2016,Black (includes Hispanic),
8,Colorado,8023,Costilla,2012,2016,Hispanic (all races),
8,Colorado,8023,Costilla,2012,2016,American Indian/Alaskan Native (includes Hispanic),
8,Colorado,8023,Costilla,2012,2016,White (includes Hispanic),11.6
8,Colorado,8023,Costilla,2013,2017,Asian/Pacific Islander (includes Hispanic),
8,Colorado,8023,Costilla,2013,2017,Black (includes Hispanic),
8,Colorado,8023,Costilla,2013,2017,Hispanic (all races),
8,Colorado,8023,Costilla,2013,2017,American Indian/Alaskan Native (includes Hispanic),
8,Colorado,8023,Costilla,2013,2017,White (includes Hispanic),10.2
8,Colorado,8023,Costilla,2014,2018,Asian/Pacific Islander (includes Hispanic),
8,Colorado,8023,Costilla,2014,2018,Black (includes Hispanic),
8,Colorado,8023,Costilla,2014,2018,Hispanic (all races),16.1
8,Colorado,8023,Costilla,2014,2018,American Indian/Alaskan Native (includes Hispanic),
8,Colorado,8023,Costilla,2014,2018,White (includes Hispanic),12.3
8,Colorado,8023,Costilla,2015,2019,Asian/Pacific Islander (includes Hispanic),
8,Colorado,8023,Costilla,2015,2019,Black (includes Hispanic),
8,Colorado,8023,Costilla,2015,2019,Hispanic (all races),17.2
8,Colorado,8023,Costilla,2015,2019,American Indian/Alaskan Native (includes Hispanic),
8,Colorado,8023,Costilla,2015,2019,White (includes Hispanic),14.0
8,Colorado,8023,Costilla,2016,2020,Asian/Pacific Islander (includes Hispanic),
8,Colorado,8023,Costilla,2016,2020,Black (includes Hispanic),
8,Colorado,8023,Costilla,2016,2020,Hispanic (all races),
8,Colorado,8023,Costilla,2016,2020,American Indian/Alaskan Native (includes Hispanic),
8,Colorado,8023,Costilla,2016,2020,White (includes Hispanic),13.2
8,Colorado,8025,Crowley,2011,2015,Asian/Pacific Islander (includes Hispanic),
8,Colorado,8025,Crowley,2011,2015,Black (includes Hispanic),
8,Colorado,8025,Crowley,2011,2015,Hispanic (all races),11.9
8,Colorado,8025,Crowley,2011,2015,American Indian/Alaskan Native (includes Hispanic),
8,Colorado,8025,Crowley,2011,2015,White (includes Hispanic),8.0
8,Colorado,8025,Crowley,2012,2016,Asian/Pacific Islander (includes Hispanic),
8,Colorado,8025,Crowley,2012,2016,Black (includes Hispanic),
8,Colorado,8025,Crowley,2012,2016,Hispanic (all races),11.1
8,Colorado,8025,Crowley,2012,2016,American Indian/Alaskan Native (includes Hispanic),
8,Colorado,8025,Crowley,2012,2016,White (includes Hispanic),7.7
8,Colorado,8025,Crowley,2013,2017,Asian/Pacific Islander (includes Hispanic),
8,Colorado,8025,Crowley,2013,2017,Black (includes Hispanic),
8,Colorado,8025,Crowley,2013,2017,Hispanic (all races),11.1
8,Colorado,8025,Crowley,2013,2017,American Indian/Alaskan Native (includes Hispanic),
8,Colorado,8025,Crowley,2013,2017,White (includes Hispanic),7.6
8,Colorado,8025,Crowley,2014,2018,Asian/Pacific Islander (includes Hispanic),
8,Colorado,8025,Crowley,2014,2018,Black (includes Hispanic),
8,Colorado,8025,Crowley,2014,2018,Hispanic (all races),10.3
8,Colorado,8025,Crowley,2014,2018,American Indian/Alaskan Native (includes Hispanic),
8,Colorado,8025,Crowley,2014,2018,White (includes Hispanic),7.7
8,Colorado,8025,Crowley,2015,2019,Asian/Pacific Islander (includes Hispanic),
8,Colorado,8025,Crowley,2015,2019,Black (includes Hispanic),
8,Colorado,8025,Crowley,2015,2019,Hispanic (all races),8.3
8,Colorado,8025,Crowley,2015,2019,American Indian/Alaskan Native (includes Hispanic),
8,Colorado,8025,Crowley,2015,2019,White (includes Hispanic),7.6
8,Colorado,8025,Crowley,2016,2020,Asian/Pacific Islander (includes Hispanic),
8,Colorado,8025,Crowley,2016,2020,Black (includes Hispanic),
8,Colorado,8025,Crowley,2016,2020,Hispanic (all races),7.0
8,Colorado,8025,Crowley,2016,2020,American Indian/Alaskan Native (includes Hispanic),
8,Colorado,8025,Crowley,2016,2020,White (includes Hispanic),6.5
8,Colorado,8027,Custer,2011,2015,Asian/Pacific Islander (includes Hispanic),
8,Colorado,8027,Custer,2011,2015,Black (includes Hispanic),
8,Colorado,8027,Custer,2011,2015,Hispanic (all races),11.3
8,Colorado,8027,Custer,2011,2015,American Indian/Alaskan Native (includes Hispanic),
8,Colorado,8027,Custer,2011,2015,White (includes Hispanic),7.4
8,Colorado,8027,Custer,2012,2016,Asian/Pacific Islander (includes Hispanic),
8,Colorado,8027,Custer,2012,2016,Black (includes Hispanic),
8,Colorado,8027,Custer,2012,2016,Hispanic (all races),12.1
8,Colorado,8027,Custer,2012,2016,American Indian/Alaskan Native (includes Hispanic),
8,Colorado,8027,Custer,2012,2016,White (includes Hispanic),7.9
8,Colorado,8027,Custer,2013,2017,Asian/Pacific Islander (includes Hispanic),
8,Colorado,8027,Custer,2013,2017,Black (includes Hispanic),
8,Colorado,8027,Custer,2013,2017,Hispanic (all races),12.2
8,Colorado,8027,Custer,2013,2017,American Indian/Alaskan Native (includes Hispanic),
8,Colorado,8027,Custer,2013,2017,White (includes Hispanic),8.5
8,Colorado,8027,Custer,2014,2018,Asian/Pacific Islander (includes Hispanic),
8,Colorado,8027,Custer,2014,2018,Black (includes Hispanic),
8,Colorado,8027,Custer,2014,2018,Hispanic (all races),11.1
8,Colorado,8027,Custer,2014,2018,American Indian/Alaskan Native (includes Hispanic),
8,Colorado,8027,Custer,2014,2018,White (includes Hispanic),8.4
8,Colorado,8027,Custer,2015,2019,Asian/Pacific Islander (includes Hispanic),
8,Colorado,8027,Custer,2015,2019,Black (includes Hispanic),
8,Colorado,8027,Custer,2015,2019,Hispanic (all races),
8,Colorado,8027,Custer,2015,2019,American Indian/Alaskan Native (includes Hispanic),
8,Colorado,8027,Custer,2015,2019,White (includes Hispanic),7.9
8,Colorado,8027,Custer,2016,2020,Asian/Pacific Islander (includes Hispanic),
8,Colorado,8027,Custer,2016,2020,Black (includes Hispanic),
8,Colorado,8027,Custer,2016,2020,Hispanic (all races),
8,Colorado,8027,Custer,2016,2020,American Indian/Alaskan Native (includes Hispanic),
8,Colorado,8027,Custer,2016,2020,White (includes Hispanic),8.0
8,Colorado,8029,Delta,2011,2015,Asian/Pacific Islander (includes Hispanic),
8,Colorado,8029,Delta,2011,2015,Black (includes Hispanic),
8,Colorado,8029,Delta,2011,2015,Hispanic (all races),
8,Colorado,8029,Delta,2011,2015,American Indian/Alaskan Native (includes Hispanic),
8,Colorado,8029,Delta,2011,2015,White (includes Hispanic),7.0
8,Colorado,8029,Delta,2012,2016,Asian/Pacific Islander (includes Hispanic),
8,Colorado,8029,Delta,2012,2016,Black (includes Hispanic),
8,Colorado,8029,Delta,2012,2016,Hispanic (all races),
8,Colorado,8029,Delta,2012,2016,American Indian/Alaskan Native (includes Hispanic),
8,Colorado,8029,Delta,2012,2016,White (includes Hispanic),6.8
8,Colorado,8029,Delta,2013,2017,Asian/Pacific Islander (includes Hispanic),
8,Colorado,8029,Delta,2013,2017,Black (includes Hispanic),
8,Colorado,8029,Delta,2013,2017,Hispanic (all races),
8,Colorado,8029,Delta,2013,2017,American Indian/Alaskan Native (includes Hispanic),
8,Colorado,8029,Delta,2013,2017,White (includes Hispanic),8.4
8,Colorado,8029,Delta,2014,2018,Asian/Pacific Islander (includes Hispanic),
8,Colorado,8029,Delta,2014,2018,Black (includes Hispanic),
8,Colorado,8029,Delta,2014,2018,Hispanic (all races),
8,Colorado,8029,Delta,2014,2018,American Indian/Alaskan Native (includes Hispanic),
8,Colorado,8029,Delta,2014,2018,White (includes Hispanic),8.9
8,Colorado,8029,Delta,2015,2019,Asian/Pacific Islander (includes Hispanic),
8,Colorado,8029,Delta,2015,2019,Black (includes Hispanic),
8,Colorado,8029,Delta,2015,2019,Hispanic (all races),
8,Colorado,8029,Delta,2015,2019,American Indian/Alaskan Native (includes Hispanic),
8,Colorado,8029,Delta,2015,2019,White (includes Hispanic),9.2
8,Colorado,8029,Delta,2016,2020,Asian/Pacific Islander (includes Hispanic),
8,Colorado,8029,Delta,2016,2020,Black (includes Hispanic),
8,Colorado,8029,Delta,2016,2020,Hispanic (all races),
8,Colorado,8029,Delta,2016,2020,American Indian/Alaskan Native (includes Hispanic),
8,Colorado,8029,Delta,2016,2020,White (includes Hispanic),9.2
8,Colorado,8031,Denver,2011,2015,Asian/Pacific Islander (includes Hispanic),
8,Colorado,8031,Denver,2011,2015,Black (includes Hispanic),5.5
8,Colorado,8031,Denver,2011,2015,Hispanic (all races),8.1
8,Colorado,8031,Denver,2011,2015,American Indian/Alaskan Native (includes Hispanic),
8,Colorado,8031,Denver,2011,2015,White (includes Hispanic),6.1
8,Colorado,8031,Denver,2012,2016,Asian/Pacific Islander (includes Hispanic),
8,Colorado,8031,Denver,2012,2016,Black (includes Hispanic),5.7
8,Colorado,8031,Denver,2012,2016,Hispanic (all races),8.0
8,Colorado,8031,Denver,2012,2016,American Indian/Alaskan Native (includes Hispanic),
8,Colorado,8031,Denver,2012,2016,White (includes Hispanic),5.9
8,Colorado,8031,Denver,2013,2017,Asian/Pacific Islander (includes Hispanic),
8,Colorado,8031,Denver,2013,2017,Black (includes Hispanic),6.1
8,Colorado,8031,Denver,2013,2017,Hispanic (all races),8.2
8,Colorado,8031,Denver,2013,2017,American Indian/Alaskan Native (includes Hispanic),
8,Colorado,8031,Denver,2013,2017,White (includes Hispanic),5.9
8,Colorado,8031,Denver,2014,2018,Asian/Pacific Islander (includes Hispanic),
8,Colorado,8031,Denver,2014,2018,Black (includes Hispanic),5.9
8,Colorado,8031,Denver,2014,2018,Hispanic (all races),7.9
8,Colorado,8031,Denver,2014,2018,American Indian/Alaskan Native (includes Hispanic),
8,Colorado,8031,Denver,2014,2018,White (includes Hispanic),5.7
8,Colorado,8031,Denver,2015,2019,Asian/Pacific Islander (includes Hispanic),6.1
8,Colorado,8031,Denver,2015,2019,Black (includes Hispanic),6.9
8,Colorado,8031,Denver,2015,2019,Hispanic (all races),6.7
8,Colorado,8031,Denver,2015,2019,American Indian/Alaskan Native (includes Hispanic),
8,Colorado,8031,Denver,2015,2019,White (includes Hispanic),5.0
8,Colorado,8031,Denver,2016,2020,Asian/Pacific Islander (includes Hispanic),5.9
8,Colorado,8031,Denver,2016,2020,Black (includes Hispanic),6.0
8,Colorado,8031,Denver,2016,2020,Hispanic (all races),6.3
8,Colorado,8031,Denver,2016,2020,American Indian/Alaskan Native (includes Hispanic),
8,Colorado,8031,Denver,2016,2020,White (includes Hispanic),4.9
8,Colorado,8033,Dolores,2011,2015,Asian/Pacific Islander (includes Hispanic),
8,Colorado,8033,Dolores,2011,2015,Black (includes Hispanic),
8,Colorado,8033,Dolores,2011,2015,Hispanic (all races),
8,Colorado,8033,Dolores,2011,2015,American Indian/Alaskan Native (includes Hispanic),
8,Colorado,8033,Dolores,2011,2015,White (includes Hispanic),
8,Colorado,8033,Dolores,2012,2016,Asian/Pacific Islander (includes Hispanic),
8,Colorado,8033,Dolores,2012,2016,Black (includes Hispanic),
8,Colorado,8033,Dolores,2012,2016,Hispanic (all races),
8,Colorado,8033,Dolores,2012,2016,American Indian/Alaskan Native (includes Hispanic),
8,Colorado,8033,Dolores,2012,2016,White (includes Hispanic),
8,Colorado,8033,Dolores,2013,2017,Asian/Pacific Islander (includes Hispanic),
8,Colorado,8033,Dolores,2013,2017,Black (includes Hispanic),
8,Colorado,8033,Dolores,2013,2017,Hispanic (all races),
8,Colorado,8033,Dolores,2013,2017,American Indian/Alaskan Native (includes Hispanic),
8,Colorado,8033,Dolores,2013,2017,White (includes Hispanic),7.3
8,Colorado,8033,Dolores,2014,2018,Asian/Pacific Islander (includes Hispanic),
8,Colorado,8033,Dolores,2014,2018,Black (includes Hispanic),
8,Colorado,8033,Dolores,2014,2018,Hispanic (all races),
8,Colorado,8033,Dolores,2014,2018,American Indian/Alaskan Native (includes Hispanic),
8,Colorado,8033,Dolores,2014,2018,White (includes Hispanic),7.7
8,Colorado,8033,Dolores,2015,2019,Asian/Pacific Islander (includes Hispanic),
8,Colorado,8033,Dolores,2015,2019,Black (includes Hispanic),
8,Colorado,8033,Dolores,2015,2019,Hispanic (all races),
8,Colorado,8033,Dolores,2015,2019,American Indian/Alaskan Native (includes Hispanic),
8,Colorado,8033,Dolores,2015,2019,White (includes Hispanic),
8,Colorado,8033,Dolores,2016,2020,Asian/Pacific Islander (includes Hispanic),
8,Colorado,8033,Dolores,2016,2020,Black (includes Hispanic),
8,Colorado,8033,Dolores,2016,2020,Hispanic (all races),
8,Colorado,8033,Dolores,2016,2020,American Indian/Alaskan Native (includes Hispanic),
8,Colorado,8033,Dolores,2016,2020,White (includes Hispanic),
8,Colorado,8035,Douglas,2011,2015,Asian/Pacific Islander (includes Hispanic),
8,Colorado,8035,Douglas,2011,2015,Black (includes Hispanic),
8,Colorado,8035,Douglas,2011,2015,Hispanic (all races),8.0
8,Colorado,8035,Douglas,2011,2015,American Indian/Alaskan Native (includes Hispanic),
8,Colorado,8035,Douglas,2011,2015,White (includes Hispanic),6.0
8,Colorado,8035,Douglas,2012,2016,Asian/Pacific Islander (includes Hispanic),
8,Colorado,8035,Douglas,2012,2016,Black (includes Hispanic),6.4
8,Colorado,8035,Douglas,2012,2016,Hispanic (all races),7.7
8,Colorado,8035,Douglas,2012,2016,American Indian/Alaskan Native (includes Hispanic),
8,Colorado,8035,Douglas,2012,2016,White (includes Hispanic),5.8
8,Colorado,8035,Douglas,2013,2017,Asian/Pacific Islander (includes Hispanic),
8,Colorado,8035,Douglas,2013,2017,Black (includes Hispanic),6.5
8,Colorado,8035,Douglas,2013,2017,Hispanic (all races),8.1
8,Colorado,8035,Douglas,2013,2017,American Indian/Alaskan Native (includes Hispanic),
8,Colorado,8035,Douglas,2013,2017,White (includes Hispanic),5.8
8,Colorado,8035,Douglas,2014,2018,Asian/Pacific Islander (includes Hispanic),5.9
8,Colorado,8035,Douglas,2014,2018,Black (includes Hispanic),6.7
8,Colorado,8035,Douglas,2014,2018,Hispanic (all races),7.9
8,Colorado,8035,Douglas,2014,2018,American Indian/Alaskan Native (includes Hispanic),
8,Colorado,8035,Douglas,2014,2018,White (includes Hispanic),5.8
8,Colorado,8035,Douglas,2015,2019,Asian/Pacific Islander (includes Hispanic),6.3
8,Colorado,8035,Douglas,2015,2019,Black (includes Hispanic),5.9
8,Colorado,8035,Douglas,2015,2019,Hispanic (all races),6.5
8,Colorado,8035,Douglas,2015,2019,American Indian/Alaskan Native (includes Hispanic),
8,Colorado,8035,Douglas,2015,2019,White (includes Hispanic),5.4
8,Colorado,8035,Douglas,2016,2020,Asian/Pacific Islander (includes Hispanic),6.1
8,Colorado,8035,Douglas,2016,2020,Black (includes Hispanic),
8,Colorado,8035,Douglas,2016,2020,Hispanic (all races),5.3
8,Colorado,8035,Douglas,2016,2020,American Indian/Alaskan Native (includes Hispanic),
8,Colorado,8035,Douglas,2016,2020,White (includes Hispanic),5.0
8,Colorado,8037,Eagle,2011,2015,Asian/Pacific Islander (includes Hispanic),
8,Colorado,8037,Eagle,2011,2015,Black (includes Hispanic),
8,Colorado,8037,Eagle,2011,2015,Hispanic (all races),
8,Colorado,8037,Eagle,2011,2015,American Indian/Alaskan Native (includes Hispanic),
8,Colorado,8037,Eagle,2011,2015,White (includes Hispanic),4.1
8,Colorado,8037,Eagle,2012,2016,Asian/Pacific Islander (includes Hispanic),
8,Colorado,8037,Eagle,2012,2016,Black (includes Hispanic),
8,Colorado,8037,Eagle,2012,2016,Hispanic (all races),
8,Colorado,8037,Eagle,2012,2016,American Indian/Alaskan Native (includes Hispanic),
8,Colorado,8037,Eagle,2012,2016,White (includes Hispanic),5.2
8,Colorado,8037,Eagle,2013,2017,Asian/Pacific Islander (includes Hispanic),
8,Colorado,8037,Eagle,2013,2017,Black (includes Hispanic),
8,Colorado,8037,Eagle,2013,2017,Hispanic (all races),
8,Colorado,8037,Eagle,2013,2017,American Indian/Alaskan Native (includes Hispanic),
8,Colorado,8037,Eagle,2013,2017,White (includes Hispanic),4.6
8,Colorado,8037,Eagle,2014,2018,Asian/Pacific Islander (includes Hispanic),
8,Colorado,8037,Eagle,2014,2018,Black (includes Hispanic),
8,Colorado,8037,Eagle,2014,2018,Hispanic (all races),
8,Colorado,8037,Eagle,2014,2018,American Indian/Alaskan Native (includes Hispanic),
8,Colorado,8037,Eagle,2014,2018,White (includes Hispanic),4.6
8,Colorado,8037,Eagle,2015,2019,Asian/Pacific Islander (includes Hispanic),
8,Colorado,8037,Eagle,2015,2019,Black (includes Hispanic),
8,Colorado,8037,Eagle,2015,2019,Hispanic (all races),
8,Colorado,8037,Eagle,2015,2019,American Indian/Alaskan Native (includes Hispanic),
8,Colorado,8037,Eagle,2015,2019,White (includes Hispanic),3.6
8,Colorado,8037,Eagle,2016,2020,Asian/Pacific Islander (includes Hispanic),
8,Colorado,8037,Eagle,2016,2020,Black (includes Hispanic),
8,Colorado,8037,Eagle,2016,2020,Hispanic (all races),
8,Colorado,8037,Eagle,2016,2020,American Indian/Alaskan Native (includes Hispanic),
8,Colorado,8037,Eagle,2016,2020,White (includes Hispanic),4.0
8,Colorado,8041,El Paso,2011,2015,Asian/Pacific Islander (includes Hispanic),
8,Colorado,8041,El Paso,2011,2015,Black (includes Hispanic),
8,Colorado,8041,El Paso,2011,2015,Hispanic (all races),10.4
8,Colorado,8041,El Paso,2011,2015,American Indian/Alaskan Native (includes Hispanic),
8,Colorado,8041,El Paso,2011,2015,White (includes Hispanic),7.4
8,Colorado,8041,El Paso,2012,2016,Asian/Pacific Islander (includes Hispanic),
8,Colorado,8041,El Paso,2012,2016,Black (includes Hispanic),
8,Colorado,8041,El Paso,2012,2016,Hispanic (all races),10.7
8,Colorado,8041,El Paso,2012,2016,American Indian/Alaskan Native (includes Hispanic),
8,Colorado,8041,El Paso,2012,2016,White (includes Hispanic),7.2
8,Colorado,8041,El Paso,2013,2017,Asian/Pacific Islander (includes Hispanic),
8,Colorado,8041,El Paso,2013,2017,Black (includes Hispanic),
8,Colorado,8041,El Paso,2013,2017,Hispanic (all races),10.6
8,Colorado,8041,El Paso,2013,2017,American Indian/Alaskan Native (includes Hispanic),
8,Colorado,8041,El Paso,2013,2017,White (includes Hispanic),7.1
8,Colorado,8041,El Paso,2014,2018,Asian/Pacific Islander (includes Hispanic),
8,Colorado,8041,El Paso,2014,2018,Black (includes Hispanic),
8,Colorado,8041,El Paso,2014,2018,Hispanic (all races),9.5
8,Colorado,8041,El Paso,2014,2018,American Indian/Alaskan Native (includes Hispanic),
8,Colorado,8041,El Paso,2014,2018,White (includes Hispanic),6.7
8,Colorado,8041,El Paso,2015,2019,Asian/Pacific Islander (includes Hispanic),
8,Colorado,8041,El Paso,2015,2019,Black (includes Hispanic),
8,Colorado,8041,El Paso,2015,2019,Hispanic (all races),7.7
8,Colorado,8041,El Paso,2015,2019,American Indian/Alaskan Native (includes Hispanic),
8,Colorado,8041,El Paso,2015,2019,White (includes Hispanic),6.4
8,Colorado,8041,El Paso,2016,2020,Asian/Pacific Islander (includes Hispanic),
8,Colorado,8041,El Paso,2016,2020,Black (includes Hispanic),
8,Colorado,8041,El Paso,2016,2020,Hispanic (all races),6.1
8,Colorado,8041,El Paso,2016,2020,American Indian/Alaskan Native (includes Hispanic),
8,Colorado,8041,El Paso,2016,2020,White (includes Hispanic),5.7
8,Colorado,8039,Elbert,2011,2015,Asian/Pacific Islander (includes Hispanic),
8,Colorado,8039,Elbert,2011,2015,Black (includes Hispanic),
8,Colorado,8039,Elbert,2011,2015,Hispanic (all races),8.9
8,Colorado,8039,Elbert,2011,2015,American Indian/Alaskan Native (includes Hispanic),
8,Colorado,8039,Elbert,2011,2015,White (includes Hispanic),6.5
8,Colorado,8039,Elbert,2012,2016,Asian/Pacific Islander (includes Hispanic),
8,Colorado,8039,Elbert,2012,2016,Black (includes Hispanic),
8,Colorado,8039,Elbert,2012,2016,Hispanic (all races),8.7
8,Colorado,8039,Elbert,2012,2016,American Indian/Alaskan Native (includes Hispanic),
8,Colorado,8039,Elbert,2012,2016,White (includes Hispanic),6.1
8,Colorado,8039,Elbert,2013,2017,Asian/Pacific Islander (includes Hispanic),
8,Colorado,8039,Elbert,2013,2017,Black (includes Hispanic),
8,Colorado,8039,Elbert,2013,2017,Hispanic (all races),8.5
8,Colorado,8039,Elbert,2013,2017,American Indian/Alaskan Native (includes Hispanic),
8,Colorado,8039,Elbert,2013,2017,White (includes Hispanic),5.7
8,Colorado,8039,Elbert,2014,2018,Asian/Pacific Islander (includes Hispanic),7.3
8,Colorado,8039,Elbert,2014,2018,Black (includes Hispanic),
8,Colorado,8039,Elbert,2014,2018,Hispanic (all races),8.5
8,Colorado,8039,Elbert,2014,2018,American Indian/Alaskan Native (includes Hispanic),
8,Colorado,8039,Elbert,2014,2018,White (includes Hispanic),5.7
8,Colorado,8039,Elbert,2015,2019,Asian/Pacific Islander (includes Hispanic),7.4
8,Colorado,8039,Elbert,2015,2019,Black (includes Hispanic),
8,Colorado,8039,Elbert,2015,2019,Hispanic (all races),7.1
8,Colorado,8039,Elbert,2015,2019,American Indian/Alaskan Native (includes Hispanic),
8,Colorado,8039,Elbert,2015,2019,White (includes Hispanic),5.3
8,Colorado,8039,Elbert,2016,2020,Asian/Pacific Islander (includes Hispanic),7.1
8,Colorado,8039,Elbert,2016,2020,Black (includes Hispanic),
8,Colorado,8039,Elbert,2016,2020,Hispanic (all races),5.7
8,Colorado,8039,Elbert,2016,2020,American Indian/Alaskan Native (includes Hispanic),
8,Colorado,8039,Elbert,2016,2020,White (includes Hispanic),4.8
8,Colorado,8043,Fremont,2011,2015,Asian/Pacific Islander (includes Hispanic),
8,Colorado,8043,Fremont,2011,2015,Black (includes Hispanic),
8,Colorado,8043,Fremont,2011,2015,Hispanic (all races),12.0
8,Colorado,8043,Fremont,2011,2015,American Indian/Alaskan Native (includes Hispanic),
8,Colorado,8043,Fremont,2011,2015,White (includes Hispanic),7.6
8,Colorado,8043,Fremont,2012,2016,Asian/Pacific Islander (includes Hispanic),
8,Colorado,8043,Fremont,2012,2016,Black (includes Hispanic),
8,Colorado,8043,Fremont,2012,2016,Hispanic (all races),11.8
8,Colorado,8043,Fremont,2012,2016,American Indian/Alaskan Native (includes Hispanic),
8,Colorado,8043,Fremont,2012,2016,White (includes Hispanic),7.7
8,Colorado,8043,Fremont,2013,2017,Asian/Pacific Islander (includes Hispanic),
8,Colorado,8043,Fremont,2013,2017,Black (includes Hispanic),
8,Colorado,8043,Fremont,2013,2017,Hispanic (all races),11.5
8,Colorado,8043,Fremont,2013,2017,American Indian/Alaskan Native (includes Hispanic),
8,Colorado,8043,Fremont,2013,2017,White (includes Hispanic),7.6
8,Colorado,8043,Fremont,2014,2018,Asian/Pacific Islander (includes Hispanic),
8,Colorado,8043,Fremont,2014,2018,Black (includes Hispanic),
8,Colorado,8043,Fremont,2014,2018,Hispanic (all races),10.3
8,Colorado,8043,Fremont,2014,2018,American Indian/Alaskan Native (includes Hispanic),
8,Colorado,8043,Fremont,2014,2018,White (includes Hispanic),7.5
8,Colorado,8043,Fremont,2015,2019,Asian/Pacific Islander (includes Hispanic),
8,Colorado,8043,Fremont,2015,2019,Black (includes Hispanic),
8,Colorado,8043,Fremont,2015,2019,Hispanic (all races),8.4
8,Colorado,8043,Fremont,2015,2019,American Indian/Alaskan Native (includes Hispanic),
8,Colorado,8043,Fremont,2015,2019,White (includes Hispanic),7.6
8,Colorado,8043,Fremont,2016,2020,Asian/Pacific Islander (includes Hispanic),
8,Colorado,8043,Fremont,2016,2020,Black (includes Hispanic),
8,Colorado,8043,Fremont,2016,2020,Hispanic (all races),6.4
8,Colorado,8043,Fremont,2016,2020,American Indian/Alaskan Native (includes Hispanic),
8,Colorado,8043,Fremont,2016,2020,White (includes Hispanic),6.7
8,Colorado,8045,Garfield,2011,2015,Asian/Pacific Islander (includes Hispanic),
8,Colorado,8045,Garfield,2011,2015,Black (includes Hispanic),
8,Colorado,8045,Garfield,2011,2015,Hispanic (all races),
8,Colorado,8045,Garfield,2011,2015,American Indian/Alaskan Native (includes Hispanic),
8,Colorado,8045,Garfield,2011,2015,White (includes Hispanic),6.0
8,Colorado,8045,Garfield,2012,2016,Asian/Pacific Islander (includes Hispanic),
8,Colorado,8045,Garfield,2012,2016,Black (includes Hispanic),
8,Colorado,8045,Garfield,2012,2016,Hispanic (all races),
8,Colorado,8045,Garfield,2012,2016,American Indian/Alaskan Native (includes Hispanic),
8,Colorado,8045,Garfield,2012,2016,White (includes Hispanic),7.1
8,Colorado,8045,Garfield,2013,2017,Asian/Pacific Islander (includes Hispanic),
8,Colorado,8045,Garfield,2013,2017,Black (includes Hispanic),
8,Colorado,8045,Garfield,2013,2017,Hispanic (all races),
8,Colorado,8045,Garfield,2013,2017,American Indian/Alaskan Native (includes Hispanic),
8,Colorado,8045,Garfield,2013,2017,White (includes Hispanic),7.2
8,Colorado,8045,Garfield,2014,2018,Asian/Pacific Islander (includes Hispanic),
8,Colorado,8045,Garfield,2014,2018,Black (includes Hispanic),
8,Colorado,8045,Garfield,2014,2018,Hispanic (all races),
8,Colorado,8045,Garfield,2014,2018,American Indian/Alaskan Native (includes Hispanic),
8,Colorado,8045,Garfield,2014,2018,White (includes Hispanic),7.2
8,Colorado,8045,Garfield,2015,2019,Asian/Pacific Islander (includes Hispanic),
8,Colorado,8045,Garfield,2015,2019,Black (includes Hispanic),
8,Colorado,8045,Garfield,2015,2019,Hispanic (all races),
8,Colorado,8045,Garfield,2015,2019,American Indian/Alaskan Native (includes Hispanic),
8,Colorado,8045,Garfield,2015,2019,White (includes Hispanic),6.3
8,Colorado,8045,Garfield,2016,2020,Asian/Pacific Islander (includes Hispanic),
8,Colorado,8045,Garfield,2016,2020,Black (includes Hispanic),
8,Colorado,8045,Garfield,2016,2020,Hispanic (all races),
8,Colorado,8045,Garfield,2016,2020,American Indian/Alaskan Native (includes Hispanic),
8,Colorado,8045,Garfield,2016,2020,White (includes Hispanic),6.4
8,Colorado,8047,Gilpin,2011,2015,Asian/Pacific Islander (includes Hispanic),
8,Colorado,8047,Gilpin,2011,2015,Black (includes Hispanic),
8,Colorado,8047,Gilpin,2011,2015,Hispanic (all races),
8,Colorado,8047,Gilpin,2011,2015,American Indian/Alaskan Native (includes Hispanic),
8,Colorado,8047,Gilpin,2011,2015,White (includes Hispanic),4.6
8,Colorado,8047,Gilpin,2012,2016,Asian/Pacific Islander (includes Hispanic),
8,Colorado,8047,Gilpin,2012,2016,Black (includes Hispanic),
8,Colorado,8047,Gilpin,2012,2016,Hispanic (all races),
8,Colorado,8047,Gilpin,2012,2016,American Indian/Alaskan Native (includes Hispanic),
8,Colorado,8047,Gilpin,2012,2016,White (includes Hispanic),4.8
8,Colorado,8047,Gilpin,2013,2017,Asian/Pacific Islander (includes Hispanic),
8,Colorado,8047,Gilpin,2013,2017,Black (includes Hispanic),
8,Colorado,8047,Gilpin,2013,2017,Hispanic (all races),7.6
8,Colorado,8047,Gilpin,2013,2017,American Indian/Alaskan Native (includes Hispanic),
8,Colorado,8047,Gilpin,2013,2017,White (includes Hispanic),5.5
8,Colorado,8047,Gilpin,2014,2018,Asian/Pacific Islander (includes Hispanic),
8,Colorado,8047,Gilpin,2014,2018,Black (includes Hispanic),
8,Colorado,8047,Gilpin,2014,2018,Hispanic (all races),6.8
8,Colorado,8047,Gilpin,2014,2018,American Indian/Alaskan Native (includes Hispanic),
8,Colorado,8047,Gilpin,2014,2018,White (includes Hispanic),5.6
8,Colorado,8047,Gilpin,2015,2019,Asian/Pacific Islander (includes Hispanic),
8,Colorado,8047,Gilpin,2015,2019,Black (includes Hispanic),
8,Colorado,8047,Gilpin,2015,2019,Hispanic (all races),6.6
8,Colorado,8047,Gilpin,2015,2019,American Indian/Alaskan Native (includes Hispanic),
8,Colorado,8047,Gilpin,2015,2019,White (includes Hispanic),5.4
8,Colorado,8047,Gilpin,2016,2020,Asian/Pacific Islander (includes Hispanic),
8,Colorado,8047,Gilpin,2016,2020,Black (includes Hispanic),
8,Colorado,8047,Gilpin,2016,2020,Hispanic (all races),6.9
8,Colorado,8047,Gilpin,2016,2020,American Indian/Alaskan Native (includes Hispanic),
8,Colorado,8047,Gilpin,2016,2020,White (includes Hispanic),5.3
8,Colorado,8049,Grand,2011,2015,Asian/Pacific Islander (includes Hispanic),
8,Colorado,8049,Grand,2011,2015,Black (includes Hispanic),
8,Colorado,8049,Grand,2011,2015,Hispanic (all races),
8,Colorado,8049,Grand,2011,2015,American Indian/Alaskan Native (includes Hispanic),
8,Colorado,8049,Grand,2011,2015,White (includes Hispanic),4.2
8,Colorado,8049,Grand,2012,2016,Asian/Pacific Islander (includes Hispanic),
8,Colorado,8049,Grand,2012,2016,Black (includes Hispanic),
8,Colorado,8049,Grand,2012,2016,Hispanic (all races),
8,Colorado,8049,Grand,2012,2016,American Indian/Alaskan Native (includes Hispanic),
8,Colorado,8049,Grand,2012,2016,White (includes Hispanic),5.0
8,Colorado,8049,Grand,2013,2017,Asian/Pacific Islander (includes Hispanic),
8,Colorado,8049,Grand,2013,2017,Black (includes Hispanic),
8,Colorado,8049,Grand,2013,2017,Hispanic (all races),
8,Colorado,8049,Grand,2013,2017,American Indian/Alaskan Native (includes Hispanic),
8,Colorado,8049,Grand,2013,2017,White (includes Hispanic),5.1
8,Colorado,8049,Grand,2014,2018,Asian/Pacific Islander (includes Hispanic),
8,Colorado,8049,Grand,2014,2018,Black (includes Hispanic),
8,Colorado,8049,Grand,2014,2018,Hispanic (all races),
8,Colorado,8049,Grand,2014,2018,American Indian/Alaskan Native (includes Hispanic),
8,Colorado,8049,Grand,2014,2018,White (includes Hispanic),5.6
8,Colorado,8049,Grand,2015,2019,Asian/Pacific Islander (includes Hispanic),
8,Colorado,8049,Grand,2015,2019,Black (includes Hispanic),
8,Colorado,8049,Grand,2015,2019,Hispanic (all races),8.7
8,Colorado,8049,Grand,2015,2019,American Indian/Alaskan Native (includes Hispanic),
8,Colorado,8049,Grand,2015,2019,White (includes Hispanic),6.0
8,Colorado,8049,Grand,2016,2020,Asian/Pacific Islander (includes Hispanic),
8,Colorado,8049,Grand,2016,2020,Black (includes Hispanic),
8,Colorado,8049,Grand,2016,2020,Hispanic (all races),9.6
8,Colorado,8049,Grand,2016,2020,American Indian/Alaskan Native (includes Hispanic),
8,Colorado,8049,Grand,2016,2020,White (includes Hispanic),6.1
8,Colorado,8051,Gunnison,2011,2015,Asian/Pacific Islander (includes Hispanic),
8,Colorado,8051,Gunnison,2011,2015,Black (includes Hispanic),
8,Colorado,8051,Gunnison,2011,2015,Hispanic (all races),
8,Colorado,8051,Gunnison,2011,2015,American Indian/Alaskan Native (includes Hispanic),
8,Colorado,8051,Gunnison,2011,2015,White (includes Hispanic),7.1
8,Colorado,8051,Gunnison,2012,2016,Asian/Pacific Islander (includes Hispanic),
8,Colorado,8051,Gunnison,2012,2016,Black (includes Hispanic),
8,Colorado,8051,Gunnison,2012,2016,Hispanic (all races),
8,Colorado,8051,Gunnison,2012,2016,American Indian/Alaskan Native (includes Hispanic),
8,Colorado,8051,Gunnison,2012,2016,White (includes Hispanic),7.2
8,Colorado,8051,Gunnison,2013,2017,Asian/Pacific Islander (includes Hispanic),
8,Colorado,8051,Gunnison,2013,2017,Black (includes Hispanic),
8,Colorado,8051,Gunnison,2013,2017,Hispanic (all races),
8,Colorado,8051,Gunnison,2013,2017,American Indian/Alaskan Native (includes Hispanic),
8,Colorado,8051,Gunnison,2013,2017,White (includes Hispanic),8.5
8,Colorado,8051,Gunnison,2014,2018,Asian/Pacific Islander (includes Hispanic),
8,Colorado,8051,Gunnison,2014,2018,Black (includes Hispanic),
8,Colorado,8051,Gunnison,2014,2018,Hispanic (all races),
8,Colorado,8051,Gunnison,2014,2018,American Indian/Alaskan Native (includes Hispanic),
8,Colorado,8051,Gunnison,2014,2018,White (includes Hispanic),8.8
8,Colorado,8051,Gunnison,2015,2019,Asian/Pacific Islander (includes Hispanic),
8,Colorado,8051,Gunnison,2015,2019,Black (includes Hispanic),
8,Colorado,8051,Gunnison,2015,2019,Hispanic (all races),
8,Colorado,8051,Gunnison,2015,2019,American Indian/Alaskan Native (includes Hispanic),
8,Colorado,8051,Gunnison,2015,2019,White (includes Hispanic),8.6
8,Colorado,8051,Gunnison,2016,2020,Asian/Pacific Islander (includes Hispanic),
8,Colorado,8051,Gunnison,2016,2020,Black (includes Hispanic),
8,Colorado,8051,Gunnison,2016,2020,Hispanic (all races),
8,Colorado,8051,Gunnison,2016,2020,American Indian/Alaskan Native (includes Hispanic),
8,Colorado,8051,Gunnison,2016,2020,White (includes Hispanic),8.8
8,Colorado,8053,Hinsdale,2011,2015,Asian/Pacific Islander (includes Hispanic),
8,Colorado,8053,Hinsdale,2011,2015,Black (includes Hispanic),
8,Colorado,8053,Hinsdale,2011,2015,Hispanic (all races),
8,Colorado,8053,Hinsdale,2011,2015,American Indian/Alaskan Native (includes Hispanic),
8,Colorado,8053,Hinsdale,2011,2015,White (includes Hispanic),
8,Colorado,8053,Hinsdale,2012,2016,Asian/Pacific Islander (includes Hispanic),
8,Colorado,8053,Hinsdale,2012,2016,Black (includes Hispanic),
8,Colorado,8053,Hinsdale,2012,2016,Hispanic (all races),
8,Colorado,8053,Hinsdale,2012,2016,American Indian/Alaskan Native (includes Hispanic),
8,Colorado,8053,Hinsdale,2012,2016,White (includes Hispanic),
8,Colorado,8053,Hinsdale,2013,2017,Asian/Pacific Islander (includes Hispanic),
8,Colorado,8053,Hinsdale,2013,2017,Black (includes Hispanic),
8,Colorado,8053,Hinsdale,2013,2017,Hispanic (all races),
8,Colorado,8053,Hinsdale,2013,2017,American Indian/Alaskan Native (includes Hispanic),
8,Colorado,8053,Hinsdale,2013,2017,White (includes Hispanic),7.6
8,Colorado,8053,Hinsdale,2014,2018,Asian/Pacific Islander (includes Hispanic),
8,Colorado,8053,Hinsdale,2014,2018,Black (includes Hispanic),
8,Colorado,8053,Hinsdale,2014,2018,Hispanic (all races),
8,Colorado,8053,Hinsdale,2014,2018,American Indian/Alaskan Native (includes Hispanic),
8,Colorado,8053,Hinsdale,2014,2018,White (includes Hispanic),7.9
8,Colorado,8053,Hinsdale,2015,2019,Asian/Pacific Islander (includes Hispanic),
8,Colorado,8053,Hinsdale,2015,2019,Black (includes Hispanic),
8,Colorado,8053,Hinsdale,2015,2019,Hispanic (all races),
8,Colorado,8053,Hinsdale,2015,2019,American Indian/Alaskan Native (includes Hispanic),
8,Colorado,8053,Hinsdale,2015,2019,White (includes Hispanic),
8,Colorado,8053,Hinsdale,2016,2020,Asian/Pacific Islander (includes Hispanic),
8,Colorado,8053,Hinsdale,2016,2020,Black (includes Hispanic),
8,Colorado,8053,Hinsdale,2016,2020,Hispanic (all races),
8,Colorado,8053,Hinsdale,2016,2020,American Indian/Alaskan Native (includes Hispanic),
8,Colorado,8053,Hinsdale,2016,2020,White (includes Hispanic),
8,Colorado,8055,Huerfano,2011,2015,Asian/Pacific Islander (includes Hispanic),
8,Colorado,8055,Huerfano,2011,2015,Black (includes Hispanic),
8,Colorado,8055,Huerfano,2011,2015,Hispanic (all races),12.3
8,Colorado,8055,Huerfano,2011,2015,American Indian/Alaskan Native (includes Hispanic),
8,Colorado,8055,Huerfano,2011,2015,White (includes Hispanic),8.1
8,Colorado,8055,Huerfano,2012,2016,Asian/Pacific Islander (includes Hispanic),
8,Colorado,8055,Huerfano,2012,2016,Black (includes Hispanic),
8,Colorado,8055,Huerfano,2012,2016,Hispanic (all races),12.5
8,Colorado,8055,Huerfano,2012,2016,American Indian/Alaskan Native (includes Hispanic),
8,Colorado,8055,Huerfano,2012,2016,White (includes Hispanic),8.9
8,Colorado,8055,Huerfano,2013,2017,Asian/Pacific Islander (includes Hispanic),
8,Colorado,8055,Huerfano,2013,2017,Black (includes Hispanic),
8,Colorado,8055,Huerfano,2013,2017,Hispanic (all races),12.5
8,Colorado,8055,Huerfano,2013,2017,American Indian/Alaskan Native (includes Hispanic),
8,Colorado,8055,Huerfano,2013,2017,White (includes Hispanic),9.6
8,Colorado,8055,Huerfano,2014,2018,Asian/Pacific Islander (includes Hispanic),
8,Colorado,8055,Huerfano,2014,2018,Black (includes Hispanic),
8,Colorado,8055,Huerfano,2014,2018,Hispanic (all races),11.7
8,Colorado,8055,Huerfano,2014,2018,American Indian/Alaskan Native (includes Hispanic),
8,Colorado,8055,Huerfano,2014,2018,White (includes Hispanic),9.8
8,Colorado,8055,Huerfano,2015,2019,Asian/Pacific Islander (includes Hispanic),
8,Colorado,8055,Huerfano,2015,2019,Black (includes Hispanic),
8,Colorado,8055,Huerfano,2015,2019,Hispanic (all races),10.3
8,Colorado,8055,Huerfano,2015,2019,American Indian/Alaskan Native (includes Hispanic),
8,Colorado,8055,Huerfano,2015,2019,White (includes Hispanic),9.3
8,Colorado,8055,Huerfano,2016,2020,Asian/Pacific Islander (includes Hispanic),
8,Colorado,8055,Huerfano,2016,2020,Black (includes Hispanic),
8,Colorado,8055,Huerfano,2016,2020,Hispanic (all races),
8,Colorado,8055,Huerfano,2016,2020,American Indian/Alaskan Native (includes Hispanic),
8,Colorado,8055,Huerfano,2016,2020,White (includes Hispanic),8.7
8,Colorado,8057,Jackson,2011,2015,Asian/Pacific Islander (includes Hispanic),
8,Colorado,8057,Jackson,2011,2015,Black (includes Hispanic),
8,Colorado,8057,Jackson,2011,2015,Hispanic (all races),
8,Colorado,8057,Jackson,2011,2015,American Indian/Alaskan Native (includes Hispanic),
8,Colorado,8057,Jackson,2011,2015,White (includes Hispanic),4.7
8,Colorado,8057,Jackson,2012,2016,Asian/Pacific Islander (includes Hispanic),
8,Colorado,8057,Jackson,2012,2016,Black (includes Hispanic),
8,Colorado,8057,Jackson,2012,2016,Hispanic (all races),
8,Colorado,8057,Jackson,2012,2016,American Indian/Alaskan Native (includes Hispanic),
8,Colorado,8057,Jackson,2012,2016,White (includes Hispanic),5.8
8,Colorado,8057,Jackson,2013,2017,Asian/Pacific Islander (includes Hispanic),
8,Colorado,8057,Jackson,2013,2017,Black (includes Hispanic),
8,Colorado,8057,Jackson,2013,2017,Hispanic (all races),
8,Colorado,8057,Jackson,2013,2017,American Indian/Alaskan Native (includes Hispanic),
8,Colorado,8057,Jackson,2013,2017,White (includes Hispanic),6.3
8,Colorado,8057,Jackson,2014,2018,Asian/Pacific Islander (includes Hispanic),
8,Colorado,8057,Jackson,2014,2018,Black (includes Hispanic),
8,Colorado,8057,Jackson,2014,2018,Hispanic (all races),
8,Colorado,8057,Jackson,2014,2018,American Indian/Alaskan Native (includes Hispanic),
8,Colorado,8057,Jackson,2014,2018,White (includes Hispanic),7.2
8,Colorado,8057,Jackson,2015,2019,Asian/Pacific Islander (includes Hispanic),
8,Colorado,8057,Jackson,2015,2019,Black (includes Hispanic),
8,Colorado,8057,Jackson,2015,2019,Hispanic (all races),
8,Colorado,8057,Jackson,2015,2019,American Indian/Alaskan Native (includes Hispanic),
8,Colorado,8057,Jackson,2015,2019,White (includes Hispanic),7.4
8,Colorado,8057,Jackson,2016,2020,Asian/Pacific Islander (includes Hispanic),
8,Colorado,8057,Jackson,2016,2020,Black (includes Hispanic),
8,Colorado,8057,Jackson,2016,2020,Hispanic (all races),
8,Colorado,8057,Jackson,2016,2020,American Indian/Alaskan Native (includes Hispanic),
8,Colorado,8057,Jackson,2016,2020,White (includes Hispanic),7.6
8,Colorado,8059,Jefferson,2011,2015,Asian/Pacific Islander (includes Hispanic),
8,Colorado,8059,Jefferson,2011,2015,Black (includes Hispanic),5.3
8,Colorado,8059,Jefferson,2011,2015,Hispanic (all races),7.6
8,Colorado,8059,Jefferson,2011,2015,American Indian/Alaskan Native (includes Hispanic),
8,Colorado,8059,Jefferson,2011,2015,White (includes Hispanic),5.9
8,Colorado,8059,Jefferson,2012,2016,Asian/Pacific Islander (includes Hispanic),
8,Colorado,8059,Jefferson,2012,2016,Black (includes Hispanic),5.4
8,Colorado,8059,Jefferson,2012,2016,Hispanic (all races),7.7
8,Colorado,8059,Jefferson,2012,2016,American Indian/Alaskan Native (includes Hispanic),
8,Colorado,8059,Jefferson,2012,2016,White (includes Hispanic),5.7
8,Colorado,8059,Jefferson,2013,2017,Asian/Pacific Islander (includes Hispanic),
8,Colorado,8059,Jefferson,2013,2017,Black (includes Hispanic),5.9
8,Colorado,8059,Jefferson,2013,2017,Hispanic (all races),7.9
8,Colorado,8059,Jefferson,2013,2017,American Indian/Alaskan Native (includes Hispanic),
8,Colorado,8059,Jefferson,2013,2017,White (includes Hispanic),5.8
8,Colorado,8059,Jefferson,2014,2018,Asian/Pacific Islander (includes Hispanic),4.8
8,Colorado,8059,Jefferson,2014,2018,Black (includes Hispanic),5.7
8,Colorado,8059,Jefferson,2014,2018,Hispanic (all races),7.5
8,Colorado,8059,Jefferson,2014,2018,American Indian/Alaskan Native (includes Hispanic),
8,Colorado,8059,Jefferson,2014,2018,White (includes Hispanic),5.5
8,Colorado,8059,Jefferson,2015,2019,Asian/Pacific Islander (includes Hispanic),5.7
8,Colorado,8059,Jefferson,2015,2019,Black (includes Hispanic),6.5
8,Colorado,8059,Jefferson,2015,2019,Hispanic (all races),6.6
8,Colorado,8059,Jefferson,2015,2019,American Indian/Alaskan Native (includes Hispanic),
8,Colorado,8059,Jefferson,2015,2019,White (includes Hispanic),4.9
8,Colorado,8059,Jefferson,2016,2020,Asian/Pacific Islander (includes Hispanic),5.9
8,Colorado,8059,Jefferson,2016,2020,Black (includes Hispanic),6.1
8,Colorado,8059,Jefferson,2016,2020,Hispanic (all races),6.3
8,Colorado,8059,Jefferson,2016,2020,American Indian/Alaskan Native (includes Hispanic),
8,Colorado,8059,Jefferson,2016,2020,White (includes Hispanic),4.8
8,Colorado,8061,Kiowa,2011,2015,Asian/Pacific Islander (includes Hispanic),
8,Colorado,8061,Kiowa,2011,2015,Black (includes Hispanic),
8,Colorado,8061,Kiowa,2011,2015,Hispanic (all races),
8,Colorado,8061,Kiowa,2011,2015,American Indian/Alaskan Native (includes Hispanic),
8,Colorado,8061,Kiowa,2011,2015,White (includes Hispanic),
8,Colorado,8061,Kiowa,2012,2016,Asian/Pacific Islander (includes Hispanic),
8,Colorado,8061,Kiowa,2012,2016,Black (includes Hispanic),
8,Colorado,8061,Kiowa,2012,2016,Hispanic (all races),
8,Colorado,8061,Kiowa,2012,2016,American Indian/Alaskan Native (includes Hispanic),
8,Colorado,8061,Kiowa,2012,2016,White (includes Hispanic),
8,Colorado,8061,Kiowa,2013,2017,Asian/Pacific Islander (includes Hispanic),
8,Colorado,8061,Kiowa,2013,2017,Black (includes Hispanic),
8,Colorado,8061,Kiowa,2013,2017,Hispanic (all races),
8,Colorado,8061,Kiowa,2013,2017,American Indian/Alaskan Native (includes Hispanic),
8,Colorado,8061,Kiowa,2013,2017,White (includes Hispanic),
8,Colorado,8061,Kiowa,2014,2018,Asian/Pacific Islander (includes Hispanic),
8,Colorado,8061,Kiowa,2014,2018,Black (includes Hispanic),
8,Colorado,8061,Kiowa,2014,2018,Hispanic (all races),
8,Colorado,8061,Kiowa,2014,2018,American Indian/Alaskan Native (includes Hispanic),
8,Colorado,8061,Kiowa,2014,2018,White (includes Hispanic),
8,Colorado,8061,Kiowa,2015,2019,Asian/Pacific Islander (includes Hispanic),
8,Colorado,8061,Kiowa,2015,2019,Black (includes Hispanic),
8,Colorado,8061,Kiowa,2015,2019,Hispanic (all races),
8,Colorado,8061,Kiowa,2015,2019,American Indian/Alaskan Native (includes Hispanic),
8,Colorado,8061,Kiowa,2015,2019,White (includes Hispanic),
8,Colorado,8061,Kiowa,2016,2020,Asian/Pacific Islander (includes Hispanic),
8,Colorado,8061,Kiowa,2016,2020,Black (includes Hispanic),
8,Colorado,8061,Kiowa,2016,2020,Hispanic (all races),
8,Colorado,8061,Kiowa,2016,2020,American Indian/Alaskan Native (includes Hispanic),
8,Colorado,8061,Kiowa,2016,2020,White (includes Hispanic),
8,Colorado,8063,Kit Carson,2011,2015,Asian/Pacific Islander (includes Hispanic),
8,Colorado,8063,Kit Carson,2011,2015,Black (includes Hispanic),
8,Colorado,8063,Kit Carson,2011,2015,Hispanic (all races),
8,Colorado,8063,Kit Carson,2011,2015,American Indian/Alaskan Native (includes Hispanic),
8,Colorado,8063,Kit Carson,2011,2015,White (includes Hispanic),
8,Colorado,8063,Kit Carson,2012,2016,Asian/Pacific Islander (includes Hispanic),
8,Colorado,8063,Kit Carson,2012,2016,Black (includes Hispanic),
8,Colorado,8063,Kit Carson,2012,2016,Hispanic (all races),
8,Colorado,8063,Kit Carson,2012,2016,American Indian/Alaskan Native (includes Hispanic),
8,Colorado,8063,Kit Carson,2012,2016,White (includes Hispanic),
8,Colorado,8063,Kit Carson,2013,2017,Asian/Pacific Islander (includes Hispanic),
8,Colorado,8063,Kit Carson,2013,2017,Black (includes Hispanic),
8,Colorado,8063,Kit Carson,2013,2017,Hispanic (all races),
8,Colorado,8063,Kit Carson,2013,2017,American Indian/Alaskan Native (includes Hispanic),
8,Colorado,8063,Kit Carson,2013,2017,White (includes Hispanic),
8,Colorado,8063,Kit Carson,2014,2018,Asian/Pacific Islander (includes Hispanic),
8,Colorado,8063,Kit Carson,2014,2018,Black (includes Hispanic),
8,Colorado,8063,Kit Carson,2014,2018,Hispanic (all races),
8,Colorado,8063,Kit Carson,2014,2018,American Indian/Alaskan Native (includes Hispanic),
8,Colorado,8063,Kit Carson,2014,2018,White (includes Hispanic),
8,Colorado,8063,Kit Carson,2015,2019,Asian/Pacific Islander (includes Hispanic),
8,Colorado,8063,Kit Carson,2015,2019,Black (includes Hispanic),
8,Colorado,8063,Kit Carson,2015,2019,Hispanic (all races),
8,Colorado,8063,Kit Carson,2015,2019,American Indian/Alaskan Native (includes Hispanic),
8,Colorado,8063,Kit Carson,2015,2019,White (includes Hispanic),
8,Colorado,8063,Kit Carson,2016,2020,Asian/Pacific Islander (includes Hispanic),
8,Colorado,8063,Kit Carson,2016,2020,Black (includes Hispanic),
8,Colorado,8063,Kit Carson,2016,2020,Hispanic (all races),
8,Colorado,8063,Kit Carson,2016,2020,American Indian/Alaskan Native (includes Hispanic),
8,Colorado,8063,Kit Carson,2016,2020,White (includes Hispanic),
8,Colorado,8067,La Plata,2011,2015,Asian/Pacific Islander (includes Hispanic),
8,Colorado,8067,La Plata,2011,2015,Black (includes Hispanic),
8,Colorado,8067,La Plata,2011,2015,Hispanic (all races),
8,Colorado,8067,La Plata,2011,2015,American Indian/Alaskan Native (includes Hispanic),
8,Colorado,8067,La Plata,2011,2015,White (includes Hispanic),5.2
8,Colorado,8067,La Plata,2012,2016,Asian/Pacific Islander (includes Hispanic),
8,Colorado,8067,La Plata,2012,2016,Black (includes Hispanic),
8,Colorado,8067,La Plata,2012,2016,Hispanic (all races),
8,Colorado,8067,La Plata,2012,2016,American Indian/Alaskan Native (includes Hispanic),
8,Colorado,8067,La Plata,2012,2016,White (includes Hispanic),5.6
8,Colorado,8067,La Plata,2013,2017,Asian/Pacific Islander (includes Hispanic),
8,Colorado,8067,La Plata,2013,2017,Black (includes Hispanic),
8,Colorado,8067,La Plata,2013,2017,Hispanic (all races),
8,Colorado,8067,La Plata,2013,2017,American Indian/Alaskan Native (includes Hispanic),
8,Colorado,8067,La Plata,2013,2017,White (includes Hispanic),7.0
8,Colorado,8067,La Plata,2014,2018,Asian/Pacific Islander (includes Hispanic),
8,Colorado,8067,La Plata,2014,2018,Black (includes Hispanic),
8,Colorado,8067,La Plata,2014,2018,Hispanic (all races),
8,Colorado,8067,La Plata,2014,2018,American Indian/Alaskan Native (includes Hispanic),
8,Colorado,8067,La Plata,2014,2018,White (includes Hispanic),8.2
8,Colorado,8067,La Plata,2015,2019,Asian/Pacific Islander (includes Hispanic),
8,Colorado,8067,La Plata,2015,2019,Black (includes Hispanic),
8,Colorado,8067,La Plata,2015,2019,Hispanic (all races),
8,Colorado,8067,La Plata,2015,2019,American Indian/Alaskan Native (includes Hispanic),
8,Colorado,8067,La Plata,2015,2019,White (includes Hispanic),8.1
8,Colorado,8067,La Plata,2016,2020,Asian/Pacific Islander (includes Hispanic),
8,Colorado,8067,La Plata,2016,2020,Black (includes Hispanic),
8,Colorado,8067,La Plata,2016,2020,Hispanic (all races),
8,Colorado,8067,La Plata,2016,2020,American Indian/Alaskan Native (includes Hispanic),
8,Colorado,8067,La Plata,2016,2020,White (includes Hispanic),7.5
8,Colorado,8065,Lake,2011,2015,Asian/Pacific Islander (includes Hispanic),
8,Colorado,8065,Lake,2011,2015,Black (includes Hispanic),
8,Colorado,8065,Lake,2011,2015,Hispanic (all races),
8,Colorado,8065,Lake,2011,2015,American Indian/Alaskan Native (includes Hispanic),
8,Colorado,8065,Lake,2011,2015,White (includes Hispanic),
8,Colorado,8065,Lake,2012,2016,Asian/Pacific Islander (includes Hispanic),
8,Colorado,8065,Lake,2012,2016,Black (includes Hispanic),
8,Colorado,8065,Lake,2012,2016,Hispanic (all races),
8,Colorado,8065,Lake,2012,2016,American Indian/Alaskan Native (includes Hispanic),
8,Colorado,8065,Lake,2012,2016,White (includes Hispanic),
8,Colorado,8065,Lake,2013,2017,Asian/Pacific Islander (includes Hispanic),
8,Colorado,8065,Lake,2013,2017,Black (includes Hispanic),
8,Colorado,8065,Lake,2013,2017,Hispanic (all races),
8,Colorado,8065,Lake,2013,2017,American Indian/Alaskan Native (includes Hispanic),
8,Colorado,8065,Lake,2013,2017,White (includes Hispanic),
8,Colorado,8065,Lake,2014,2018,Asian/Pacific Islander (includes Hispanic),
8,Colorado,8065,Lake,2014,2018,Black (includes Hispanic),
8,Colorado,8065,Lake,2014,2018,Hispanic (all races),
8,Colorado,8065,Lake,2014,2018,American Indian/Alaskan Native (includes Hispanic),
8,Colorado,8065,Lake,2014,2018,White (includes Hispanic),
8,Colorado,8065,Lake,2015,2019,Asian/Pacific Islander (includes Hispanic),
8,Colorado,8065,Lake,2015,2019,Black (includes Hispanic),
8,Colorado,8065,Lake,2015,2019,Hispanic (all races),
8,Colorado,8065,Lake,2015,2019,American Indian/Alaskan Native (includes Hispanic),
8,Colorado,8065,Lake,2015,2019,White (includes Hispanic),
8,Colorado,8065,Lake,2016,2020,Asian/Pacific Islander (includes Hispanic),
8,Colorado,8065,Lake,2016,2020,Black (includes Hispanic),
8,Colorado,8065,Lake,2016,2020,Hispanic (all races),
8,Colorado,8065,Lake,2016,2020,American Indian/Alaskan Native (includes Hispanic),
8,Colorado,8065,Lake,2016,2020,White (includes Hispanic),
8,Colorado,8069,Larimer,2011,2015,Asian/Pacific Islander (includes Hispanic),
8,Colorado,8069,Larimer,2011,2015,Black (includes Hispanic),
8,Colorado,8069,Larimer,2011,2015,Hispanic (all races),7.1
8,Colorado,8069,Larimer,2011,2015,American Indian/Alaskan Native (includes Hispanic),
8,Colorado,8069,Larimer,2011,2015,White (includes Hispanic),5.1
8,Colorado,8069,Larimer,2012,2016,Asian/Pacific Islander (includes Hispanic),
8,Colorado,8069,Larimer,2012,2016,Black (includes Hispanic),
8,Colorado,8069,Larimer,2012,2016,Hispanic (all races),8.7
8,Colorado,8069,Larimer,2012,2016,American Indian/Alaskan Native (includes Hispanic),
8,Colorado,8069,Larimer,2012,2016,White (includes Hispanic),5.7
8,Colorado,8069,Larimer,2013,2017,Asian/Pacific Islander (includes Hispanic),
8,Colorado,8069,Larimer,2013,2017,Black (includes Hispanic),
8,Colorado,8069,Larimer,2013,2017,Hispanic (all races),9.3
8,Colorado,8069,Larimer,2013,2017,American Indian/Alaskan Native (includes Hispanic),
8,Colorado,8069,Larimer,2013,2017,White (includes Hispanic),6.1
8,Colorado,8069,Larimer,2014,2018,Asian/Pacific Islander (includes Hispanic),
8,Colorado,8069,Larimer,2014,2018,Black (includes Hispanic),
8,Colorado,8069,Larimer,2014,2018,Hispanic (all races),8.7
8,Colorado,8069,Larimer,2014,2018,American Indian/Alaskan Native (includes Hispanic),
8,Colorado,8069,Larimer,2014,2018,White (includes Hispanic),6.5
8,Colorado,8069,Larimer,2015,2019,Asian/Pacific Islander (includes Hispanic),
8,Colorado,8069,Larimer,2015,2019,Black (includes Hispanic),
8,Colorado,8069,Larimer,2015,2019,Hispanic (all races),10.2
8,Colorado,8069,Larimer,2015,2019,American Indian/Alaskan Native (includes Hispanic),
8,Colorado,8069,Larimer,2015,2019,White (includes Hispanic),6.9
8,Colorado,8069,Larimer,2016,2020,Asian/Pacific Islander (includes Hispanic),
8,Colorado,8069,Larimer,2016,2020,Black (includes Hispanic),
8,Colorado,8069,Larimer,2016,2020,Hispanic (all races),11.1
8,Colorado,8069,Larimer,2016,2020,American Indian/Alaskan Native (includes Hispanic),
8,Colorado,8069,Larimer,2016,2020,White (includes Hispanic),7.0
8,Colorado,8071,Las Animas,2011,2015,Asian/Pacific Islander (includes Hispanic),
8,Colorado,8071,Las Animas,2011,2015,Black (includes Hispanic),
8,Colorado,8071,Las Animas,2011,2015,Hispanic (all races),11.6
8,Colorado,8071,Las Animas,2011,2015,American Indian/Alaskan Native (includes Hispanic),
8,Colorado,8071,Las Animas,2011,2015,White (includes Hispanic),8.9
8,Colorado,8071,Las Animas,2012,2016,Asian/Pacific Islander (includes Hispanic),
8,Colorado,8071,Las Animas,2012,2016,Black (includes Hispanic),
8,Colorado,8071,Las Animas,2012,2016,Hispanic (all races),11.4
8,Colorado,8071,Las Animas,2012,2016,American Indian/Alaskan Native (includes Hispanic),
8,Colorado,8071,Las Animas,2012,2016,White (includes Hispanic),8.5
8,Colorado,8071,Las Animas,2013,2017,Asian/Pacific Islander (includes Hispanic),
8,Colorado,8071,Las Animas,2013,2017,Black (includes Hispanic),
8,Colorado,8071,Las Animas,2013,2017,Hispanic (all races),11.8
8,Colorado,8071,Las Animas,2013,2017,American Indian/Alaskan Native (includes Hispanic),
8,Colorado,8071,Las Animas,2013,2017,White (includes Hispanic),9.1
8,Colorado,8071,Las Animas,2014,2018,Asian/Pacific Islander (includes Hispanic),
8,Colorado,8071,Las Animas,2014,2018,Black (includes Hispanic),
8,Colorado,8071,Las Animas,2014,2018,Hispanic (all races),11.3
8,Colorado,8071,Las Animas,2014,2018,American Indian/Alaskan Native (includes Hispanic),
8,Colorado,8071,Las Animas,2014,2018,White (includes Hispanic),8.9
8,Colorado,8071,Las Animas,2015,2019,Asian/Pacific Islander (includes Hispanic),
8,Colorado,8071,Las Animas,2015,2019,Black (includes Hispanic),
8,Colorado,8071,Las Animas,2015,2019,Hispanic (all races),10.5
8,Colorado,8071,Las Animas,2015,2019,American Indian/Alaskan Native (includes Hispanic),
8,Colorado,8071,Las Animas,2015,2019,White (includes Hispanic),9.2
8,Colorado,8071,Las Animas,2016,2020,Asian/Pacific Islander (includes Hispanic),
8,Colorado,8071,Las Animas,2016,2020,Black (includes Hispanic),
8,Colorado,8071,Las Animas,2016,2020,Hispanic (all races),9.0
8,Colorado,8071,Las Animas,2016,2020,American Indian/Alaskan Native (includes Hispanic),
8,Colorado,8071,Las Animas,2016,2020,White (includes Hispanic),8.5
8,Colorado,8073,Lincoln,2011,2015,Asian/Pacific Islander (includes Hispanic),
8,Colorado,8073,Lincoln,2011,2015,Black (includes Hispanic),
8,Colorado,8073,Lincoln,2011,2015,Hispanic (all races),9.8
8,Colorado,8073,Lincoln,2011,2015,American Indian/Alaskan Native (includes Hispanic),
8,Colorado,8073,Lincoln,2011,2015,White (includes Hispanic),6.9
8,Colorado,8073,Lincoln,2012,2016,Asian/Pacific Islander (includes Hispanic),
8,Colorado,8073,Lincoln,2012,2016,Black (includes Hispanic),
8,Colorado,8073,Lincoln,2012,2016,Hispanic (all races),9.7
8,Colorado,8073,Lincoln,2012,2016,American Indian/Alaskan Native (includes Hispanic),
8,Colorado,8073,Lincoln,2012,2016,White (includes Hispanic),6.6
8,Colorado,8073,Lincoln,2013,2017,Asian/Pacific Islander (includes Hispanic),
8,Colorado,8073,Lincoln,2013,2017,Black (includes Hispanic),
8,Colorado,8073,Lincoln,2013,2017,Hispanic (all races),9.7
8,Colorado,8073,Lincoln,2013,2017,American Indian/Alaskan Native (includes Hispanic),
8,Colorado,8073,Lincoln,2013,2017,White (includes Hispanic),6.2
8,Colorado,8073,Lincoln,2014,2018,Asian/Pacific Islander (includes Hispanic),
8,Colorado,8073,Lincoln,2014,2018,Black (includes Hispanic),
8,Colorado,8073,Lincoln,2014,2018,Hispanic (all races),9.4
8,Colorado,8073,Lincoln,2014,2018,American Indian/Alaskan Native (includes Hispanic),
8,Colorado,8073,Lincoln,2014,2018,White (includes Hispanic),6.5
8,Colorado,8073,Lincoln,2015,2019,Asian/Pacific Islander (includes Hispanic),
8,Colorado,8073,Lincoln,2015,2019,Black (includes Hispanic),
8,Colorado,8073,Lincoln,2015,2019,Hispanic (all races),7.5
8,Colorado,8073,Lincoln,2015,2019,American Indian/Alaskan Native (includes Hispanic),
8,Colorado,8073,Lincoln,2015,2019,White (includes Hispanic),6.2
8,Colorado,8073,Lincoln,2016,2020,Asian/Pacific Islander (includes Hispanic),
8,Colorado,8073,Lincoln,2016,2020,Black (includes Hispanic),
8,Colorado,8073,Lincoln,2016,2020,Hispanic (all races),5.9
8,Colorado,8073,Lincoln,2016,2020,American Indian/Alaskan Native (includes Hispanic),
8,Colorado,8073,Lincoln,2016,2020,White (includes Hispanic),5.6
8,Colorado,8075,Logan,2011,2015,Asian/Pacific Islander (includes Hispanic),
8,Colorado,8075,Logan,2011,2015,Black (includes Hispanic),
8,Colorado,8075,Logan,2011,2015,Hispanic (all races),
8,Colorado,8075,Logan,2011,2015,American Indian/Alaskan Native (includes Hispanic),
8,Colorado,8075,Logan,2011,2015,White (includes Hispanic),6.1
8,Colorado,8075,Logan,2012,2016,Asian/Pacific Islander (includes Hispanic),
8,Colorado,8075,Logan,2012,2016,Black (includes Hispanic),
8,Colorado,8075,Logan,2012,2016,Hispanic (all races),
8,Colorado,8075,Logan,2012,2016,American Indian/Alaskan Native (includes Hispanic),
8,Colorado,8075,Logan,2012,2016,White (includes Hispanic),6.8
8,Colorado,8075,Logan,2013,2017,Asian/Pacific Islander (includes Hispanic),
8,Colorado,8075,Logan,2013,2017,Black (includes Hispanic),
8,Colorado,8075,Logan,2013,2017,Hispanic (all races),
8,Colorado,8075,Logan,2013,2017,American Indian/Alaskan Native (includes Hispanic),
8,Colorado,8075,Logan,2013,2017,White (includes Hispanic),6.7
8,Colorado,8075,Logan,2014,2018,Asian/Pacific Islander (includes Hispanic),
8,Colorado,8075,Logan,2014,2018,Black (includes Hispanic),
8,Colorado,8075,Logan,2014,2018,Hispanic (all races),
8,Colorado,8075,Logan,2014,2018,American Indian/Alaskan Native (includes Hispanic),
8,Colorado,8075,Logan,2014,2018,White (includes Hispanic),7.0
8,Colorado,8075,Logan,2015,2019,Asian/Pacific Islander (includes Hispanic),
8,Colorado,8075,Logan,2015,2019,Black (includes Hispanic),
8,Colorado,8075,Logan,2015,2019,Hispanic (all races),9.0
8,Colorado,8075,Logan,2015,2019,American Indian/Alaskan Native (includes Hispanic),
8,Colorado,8075,Logan,2015,2019,White (includes Hispanic),7.6
8,Colorado,8075,Logan,2016,2020,Asian/Pacific Islander (includes Hispanic),
8,Colorado,8075,Logan,2016,2020,Black (includes Hispanic),
8,Colorado,8075,Logan,2016,2020,Hispanic (all races),9.5
8,Colorado,8075,Logan,2016,2020,American Indian/Alaskan Native (includes Hispanic),
8,Colorado,8075,Logan,2016,2020,White (includes Hispanic),7.5
8,Colorado,8077,Mesa,2011,2015,Asian/Pacific Islander (includes Hispanic),
8,Colorado,8077,Mesa,2011,2015,Black (includes Hispanic),
8,Colorado,8077,Mesa,2011,2015,Hispanic (all races),
8,Colorado,8077,Mesa,2011,2015,American Indian/Alaskan Native (includes Hispanic),
8,Colorado,8077,Mesa,2011,2015,White (includes Hispanic),6.5
8,Colorado,8077,Mesa,2012,2016,Asian/Pacific Islander (includes Hispanic),
8,Colorado,8077,Mesa,2012,2016,Black (includes Hispanic),
8,Colorado,8077,Mesa,2012,2016,Hispanic (all races),
8,Colorado,8077,Mesa,2012,2016,American Indian/Alaskan Native (includes Hispanic),
8,Colorado,8077,Mesa,2012,2016,White (includes Hispanic),6.9
8,Colorado,8077,Mesa,2013,2017,Asian/Pacific Islander (includes Hispanic),
8,Colorado,8077,Mesa,2013,2017,Black (includes Hispanic),
8,Colorado,8077,Mesa,2013,2017,Hispanic (all races),
8,Colorado,8077,Mesa,2013,2017,American Indian/Alaskan Native (includes Hispanic),
8,Colorado,8077,Mesa,2013,2017,White (includes Hispanic),7.7
8,Colorado,8077,Mesa,2014,2018,Asian/Pacific Islander (includes Hispanic),
8,Colorado,8077,Mesa,2014,2018,Black (includes Hispanic),
8,Colorado,8077,Mesa,2014,2018,Hispanic (all races),
8,Colorado,8077,Mesa,2014,2018,American Indian/Alaskan Native (includes Hispanic),
8,Colorado,8077,Mesa,2014,2018,White (includes Hispanic),8.0
8,Colorado,8077,Mesa,2015,2019,Asian/Pacific Islander (includes Hispanic),
8,Colorado,8077,Mesa,2015,2019,Black (includes Hispanic),
8,Colorado,8077,Mesa,2015,2019,Hispanic (all races),
8,Colorado,8077,Mesa,2015,2019,American Indian/Alaskan Native (includes Hispanic),
8,Colorado,8077,Mesa,2015,2019,White (includes Hispanic),7.7
8,Colorado,8077,Mesa,2016,2020,Asian/Pacific Islander (includes Hispanic),
8,Colorado,8077,Mesa,2016,2020,Black (includes Hispanic),
8,Colorado,8077,Mesa,2016,2020,Hispanic (all races),
8,Colorado,8077,Mesa,2016,2020,American Indian/Alaskan Native (includes Hispanic),
8,Colorado,8077,Mesa,2016,2020,White (includes Hispanic),8.1
8,Colorado,8079,Mineral,2011,2015,Asian/Pacific Islander (includes Hispanic),
8,Colorado,8079,Mineral,2011,2015,Black (includes Hispanic),
8,Colorado,8079,Mineral,2011,2015,Hispanic (all races),
8,Colorado,8079,Mineral,2011,2015,American Indian/Alaskan Native (includes Hispanic),
8,Colorado,8079,Mineral,2011,2015,White (includes Hispanic),
8,Colorado,8079,Mineral,2012,2016,Asian/Pacific Islander (includes Hispanic),
8,Colorado,8079,Mineral,2012,2016,Black (includes Hispanic),
8,Colorado,8079,Mineral,2012,2016,Hispanic (all races),
8,Colorado,8079,Mineral,2012,2016,American Indian/Alaskan Native (includes Hispanic),
8,Colorado,8079,Mineral,2012,2016,White (includes Hispanic),
8,Colorado,8079,Mineral,2013,2017,Asian/Pacific Islander (includes Hispanic),
8,Colorado,8079,Mineral,2013,2017,Black (includes Hispanic),
8,Colorado,8079,Mineral,2013,2017,Hispanic (all races),
8,Colorado,8079,Mineral,2013,2017,American Indian/Alaskan Native (includes Hispanic),
8,Colorado,8079,Mineral,2013,2017,White (includes Hispanic),
8,Colorado,8079,Mineral,2014,2018,Asian/Pacific Islander (includes Hispanic),
8,Colorado,8079,Mineral,2014,2018,Black (includes Hispanic),
8,Colorado,8079,Mineral,2014,2018,Hispanic (all races),
8,Colorado,8079,Mineral,2014,2018,American Indian/Alaskan Native (includes Hispanic),
8,Colorado,8079,Mineral,2014,2018,White (includes Hispanic),
8,Colorado,8079,Mineral,2015,2019,Asian/Pacific Islander (includes Hispanic),
8,Colorado,8079,Mineral,2015,2019,Black (includes Hispanic),
8,Colorado,8079,Mineral,2015,2019,Hispanic (all races),
8,Colorado,8079,Mineral,2015,2019,American Indian/Alaskan Native (includes Hispanic),
8,Colorado,8079,Mineral,2015,2019,White (includes Hispanic),
8,Colorado,8079,Mineral,2016,2020,Asian/Pacific Islander (includes Hispanic),
8,Colorado,8079,Mineral,2016,2020,Black (includes Hispanic),
8,Colorado,8079,Mineral,2016,2020,Hispanic (all races),
8,Colorado,8079,Mineral,2016,2020,American Indian/Alaskan Native (includes Hispanic),
8,Colorado,8079,Mineral,2016,2020,White (includes Hispanic),
8,Colorado,8081,Moffat,2011,2015,Asian/Pacific Islander (includes Hispanic),
8,Colorado,8081,Moffat,2011,2015,Black (includes Hispanic),
8,Colorado,8081,Moffat,2011,2015,Hispanic (all races),
8,Colorado,8081,Moffat,2011,2015,American Indian/Alaskan Native (includes Hispanic),
8,Colorado,8081,Moffat,2011,2015,White (includes Hispanic),6.7
8,Colorado,8081,Moffat,2012,2016,Asian/Pacific Islander (includes Hispanic),
8,Colorado,8081,Moffat,2012,2016,Black (includes Hispanic),
8,Colorado,8081,Moffat,2012,2016,Hispanic (all races),
8,Colorado,8081,Moffat,2012,2016,American Indian/Alaskan Native (includes Hispanic),
8,Colorado,8081,Moffat,2012,2016,White (includes Hispanic),7.8
8,Colorado,8081,Moffat,2013,2017,Asian/Pacific Islander (includes Hispanic),
8,Colorado,8081,Moffat,2013,2017,Black (includes Hispanic),
8,Colorado,8081,Moffat,2013,2017,Hispanic (all races),
8,Colorado,8081,Moffat,2013,2017,American Indian/Alaskan Native (includes Hispanic),
8,Colorado,8081,Moffat,2013,2017,White (includes Hispanic),8.5
8,Colorado,8081,Moffat,2014,2018,Asian/Pacific Islander (includes Hispanic),
8,Colorado,8081,Moffat,2014,2018,Black (includes Hispanic),
8,Colorado,8081,Moffat,2014,2018,Hispanic (all races),
8,Colorado,8081,Moffat,2014,2018,American Indian/Alaskan Native (includes Hispanic),
8,Colorado,8081,Moffat,2014,2018,White (includes Hispanic),8.4
8,Colorado,8081,Moffat,2015,2019,Asian/Pacific Islander (includes Hispanic),
8,Colorado,8081,Moffat,2015,2019,Black (includes Hispanic),
8,Colorado,8081,Moffat,2015,2019,Hispanic (all races),
8,Colorado,8081,Moffat,2015,2019,American Indian/Alaskan Native (includes Hispanic),
8,Colorado,8081,Moffat,2015,2019,White (includes Hispanic),8.0
8,Colorado,8081,Moffat,2016,2020,Asian/Pacific Islander (includes Hispanic),
8,Colorado,8081,Moffat,2016,2020,Black (includes Hispanic),
8,Colorado,8081,Moffat,2016,2020,Hispanic (all races),
8,Colorado,8081,Moffat,2016,2020,American Indian/Alaskan Native (includes Hispanic),
8,Colorado,8081,Moffat,2016,2020,White (includes Hispanic),7.8
8,Colorado,8083,Montezuma,2011,2015,Asian/Pacific Islander (includes Hispanic),
8,Colorado,8083,Montezuma,2011,2015,Black (includes Hispanic),
8,Colorado,8083,Montezuma,2011,2015,Hispanic (all races),
8,Colorado,8083,Montezuma,2011,2015,American Indian/Alaskan Native (includes Hispanic),
8,Colorado,8083,Montezuma,2011,2015,White (includes Hispanic),5.1
8,Colorado,8083,Montezuma,2012,2016,Asian/Pacific Islander (includes Hispanic),
8,Colorado,8083,Montezuma,2012,2016,Black (includes Hispanic),
8,Colorado,8083,Montezuma,2012,2016,Hispanic (all races),
8,Colorado,8083,Montezuma,2012,2016,American Indian/Alaskan Native (includes Hispanic),
8,Colorado,8083,Montezuma,2012,2016,White (includes Hispanic),5.1
8,Colorado,8083,Montezuma,2013,2017,Asian/Pacific Islander (includes Hispanic),
8,Colorado,8083,Montezuma,2013,2017,Black (includes Hispanic),
8,Colorado,8083,Montezuma,2013,2017,Hispanic (all races),
8,Colorado,8083,Montezuma,2013,2017,American Indian/Alaskan Native (includes Hispanic),6.7
8,Colorado,8083,Montezuma,2013,2017,White (includes Hispanic),6.8
8,Colorado,8083,Montezuma,2014,2018,Asian/Pacific Islander (includes Hispanic),
8,Colorado,8083,Montezuma,2014,2018,Black (includes Hispanic),
8,Colorado,8083,Montezuma,2014,2018,Hispanic (all races),
8,Colorado,8083,Montezuma,2014,2018,American Indian/Alaskan Native (includes Hispanic),
8,Colorado,8083,Montezuma,2014,2018,White (includes Hispanic),7.7
8,Colorado,8083,Montezuma,2015,2019,Asian/Pacific Islander (includes Hispanic),
8,Colorado,8083,Montezuma,2015,2019,Black (includes Hispanic),
8,Colorado,8083,Montezuma,2015,2019,Hispanic (all races),
8,Colorado,8083,Montezuma,2015,2019,American Indian/Alaskan Native (includes Hispanic),7.1
8,Colorado,8083,Montezuma,2015,2019,White (includes Hispanic),7.9
8,Colorado,8083,Montezuma,2016,2020,Asian/Pacific Islander (includes Hispanic),
8,Colorado,8083,Montezuma,2016,2020,Black (includes Hispanic),
8,Colorado,8083,Montezuma,2016,2020,Hispanic (all races),
8,Colorado,8083,Montezuma,2016,2020,American Indian/Alaskan Native (includes Hispanic),7.1
8,Colorado,8083,Montezuma,2016,2020,White (includes Hispanic),7.8
8,Colorado,8085,Montrose,2011,2015,Asian/Pacific Islander (includes Hispanic),
8,Colorado,8085,Montrose,2011,2015,Black (includes Hispanic),
8,Colorado,8085,Montrose,2011,2015,Hispanic (all races),
8,Colorado,8085,Montrose,2011,2015,American Indian/Alaskan Native (includes Hispanic),
8,Colorado,8085,Montrose,2011,2015,White (includes Hispanic),6.7
8,Colorado,8085,Montrose,2012,2016,Asian/Pacific Islander (includes Hispanic),
8,Colorado,8085,Montrose,2012,2016,Black (includes Hispanic),
8,Colorado,8085,Montrose,2012,2016,Hispanic (all races),
8,Colorado,8085,Montrose,2012,2016,American Indian/Alaskan Native (includes Hispanic),
8,Colorado,8085,Montrose,2012,2016,White (includes Hispanic),6.4
8,Colorado,8085,Montrose,2013,2017,Asian/Pacific Islander (includes Hispanic),
8,Colorado,8085,Montrose,2013,2017,Black (includes Hispanic),
8,Colorado,8085,Montrose,2013,2017,Hispanic (all races),
8,Colorado,8085,Montrose,2013,2017,American Indian/Alaskan Native (includes Hispanic),
8,Colorado,8085,Montrose,2013,2017,White (includes Hispanic),8.0
8,Colorado,8085,Montrose,2014,2018,Asian/Pacific Islander (includes Hispanic),
8,Colorado,8085,Montrose,2014,2018,Black (includes Hispanic),
8,Colorado,8085,Montrose,2014,2018,Hispanic (all races),
8,Colorado,8085,Montrose,2014,2018,American Indian/Alaskan Native (includes Hispanic),
8,Colorado,8085,Montrose,2014,2018,White (includes Hispanic),8.5
8,Colorado,8085,Montrose,2015,2019,Asian/Pacific Islander (includes Hispanic),
8,Colorado,8085,Montrose,2015,2019,Black (includes Hispanic),
8,Colorado,8085,Montrose,2015,2019,Hispanic (all races),
8,Colorado,8085,Montrose,2015,2019,American Indian/Alaskan Native (includes Hispanic),
8,Colorado,8085,Montrose,2015,2019,White (includes Hispanic),8.8
8,Colorado,8085,Montrose,2016,2020,Asian/Pacific Islander (includes Hispanic),
8,Colorado,8085,Montrose,2016,2020,Black (includes Hispanic),
8,Colorado,8085,Montrose,2016,2020,Hispanic (all races),
8,Colorado,8085,Montrose,2016,2020,American Indian/Alaskan Native (includes Hispanic),
8,Colorado,8085,Montrose,2016,2020,White (includes Hispanic),8.7
8,Colorado,8087,Morgan,2011,2015,Asian/Pacific Islander (includes Hispanic),
8,Colorado,8087,Morgan,2011,2015,Black (includes Hispanic),
8,Colorado,8087,Morgan,2011,2015,Hispanic (all races),7.8
8,Colorado,8087,Morgan,2011,2015,American Indian/Alaskan Native (includes Hispanic),
8,Colorado,8087,Morgan,2011,2015,White (includes Hispanic),7.1
8,Colorado,8087,Morgan,2012,2016,Asian/Pacific Islander (includes Hispanic),
8,Colorado,8087,Morgan,2012,2016,Black (includes Hispanic),
8,Colorado,8087,Morgan,2012,2016,Hispanic (all races),8.6
8,Colorado,8087,Morgan,2012,2016,American Indian/Alaskan Native (includes Hispanic),
8,Colorado,8087,Morgan,2012,2016,White (includes Hispanic),7.4
8,Colorado,8087,Morgan,2013,2017,Asian/Pacific Islander (includes Hispanic),
8,Colorado,8087,Morgan,2013,2017,Black (includes Hispanic),
8,Colorado,8087,Morgan,2013,2017,Hispanic (all races),8.3
8,Colorado,8087,Morgan,2013,2017,American Indian/Alaskan Native (includes Hispanic),
8,Colorado,8087,Morgan,2013,2017,White (includes Hispanic),7.2
8,Colorado,8087,Morgan,2014,2018,Asian/Pacific Islander (includes Hispanic),
8,Colorado,8087,Morgan,2014,2018,Black (includes Hispanic),
8,Colorado,8087,Morgan,2014,2018,Hispanic (all races),8.0
8,Colorado,8087,Morgan,2014,2018,American Indian/Alaskan Native (includes Hispanic),
8,Colorado,8087,Morgan,2014,2018,White (includes Hispanic),6.8
8,Colorado,8087,Morgan,2015,2019,Asian/Pacific Islander (includes Hispanic),
8,Colorado,8087,Morgan,2015,2019,Black (includes Hispanic),
8,Colorado,8087,Morgan,2015,2019,Hispanic (all races),7.7
8,Colorado,8087,Morgan,2015,2019,American Indian/Alaskan Native (includes Hispanic),
8,Colorado,8087,Morgan,2015,2019,White (includes Hispanic),6.5
8,Colorado,8087,Morgan,2016,2020,Asian/Pacific Islander (includes Hispanic),
8,Colorado,8087,Morgan,2016,2020,Black (includes Hispanic),
8,Colorado,8087,Morgan,2016,2020,Hispanic (all races),8.5
8,Colorado,8087,Morgan,2016,2020,American Indian/Alaskan Native (includes Hispanic),
8,Colorado,8087,Morgan,2016,2020,White (includes Hispanic),6.5
8,Colorado,8089,Otero,2011,2015,Asian/Pacific Islander (includes Hispanic),
8,Colorado,8089,Otero,2011,2015,Black (includes Hispanic),
8,Colorado,8089,Otero,2011,2015,Hispanic (all races),12.6
8,Colorado,8089,Otero,2011,2015,American Indian/Alaskan Native (includes Hispanic),
8,Colorado,8089,Otero,2011,2015,White (includes Hispanic),9.1
8,Colorado,8089,Otero,2012,2016,Asian/Pacific Islander (includes Hispanic),
8,Colorado,8089,Otero,2012,2016,Black (includes Hispanic),
8,Colorado,8089,Otero,2012,2016,Hispanic (all races),11.8
8,Colorado,8089,Otero,2012,2016,American Indian/Alaskan Native (includes Hispanic),
8,Colorado,8089,Otero,2012,2016,White (includes Hispanic),8.1
8,Colorado,8089,Otero,2013,2017,Asian/Pacific Islander (includes Hispanic),
8,Colorado,8089,Otero,2013,2017,Black (includes Hispanic),
8,Colorado,8089,Otero,2013,2017,Hispanic (all races),11.9
8,Colorado,8089,Otero,2013,2017,American Indian/Alaskan Native (includes Hispanic),
8,Colorado,8089,Otero,2013,2017,White (includes Hispanic),8.7
8,Colorado,8089,Otero,2014,2018,Asian/Pacific Islander (includes Hispanic),
8,Colorado,8089,Otero,2014,2018,Black (includes Hispanic),
8,Colorado,8089,Otero,2014,2018,Hispanic (all races),10.9
8,Colorado,8089,Otero,2014,2018,American Indian/Alaskan Native (includes Hispanic),
8,Colorado,8089,Otero,2014,2018,White (includes Hispanic),8.9
8,Colorado,8089,Otero,2015,2019,Asian/Pacific Islander (includes Hispanic),
8,Colorado,8089,Otero,2015,2019,Black (includes Hispanic),
8,Colorado,8089,Otero,2015,2019,Hispanic (all races),
8,Colorado,8089,Otero,2015,2019,American Indian/Alaskan Native (includes Hispanic),
8,Colorado,8089,Otero,2015,2019,White (includes Hispanic),8.4
8,Colorado,8089,Otero,2016,2020,Asian/Pacific Islander (includes Hispanic),
8,Colorado,8089,Otero,2016,2020,Black (includes Hispanic),
8,Colorado,8089,Otero,2016,2020,Hispanic (all races),
8,Colorado,8089,Otero,2016,2020,American Indian/Alaskan Native (includes Hispanic),
8,Colorado,8089,Otero,2016,2020,White (includes Hispanic),7.6
8,Colorado,8091,Ouray,2011,2015,Asian/Pacific Islander (includes Hispanic),
8,Colorado,8091,Ouray,2011,2015,Black (includes Hispanic),
8,Colorado,8091,Ouray,2011,2015,Hispanic (all races),
8,Colorado,8091,Ouray,2011,2015,American Indian/Alaskan Native (includes Hispanic),
8,Colorado,8091,Ouray,2011,2015,White (includes Hispanic),
8,Colorado,8091,Ouray,2012,2016,Asian/Pacific Islander (includes Hispanic),
8,Colorado,8091,Ouray,2012,2016,Black (includes Hispanic),
8,Colorado,8091,Ouray,2012,2016,Hispanic (all races),
8,Colorado,8091,Ouray,2012,2016,American Indian/Alaskan Native (includes Hispanic),
8,Colorado,8091,Ouray,2012,2016,White (includes Hispanic),
8,Colorado,8091,Ouray,2013,2017,Asian/Pacific Islander (includes Hispanic),
8,Colorado,8091,Ouray,2013,2017,Black (includes Hispanic),
8,Colorado,8091,Ouray,2013,2017,Hispanic (all races),
8,Colorado,8091,Ouray,2013,2017,American Indian/Alaskan Native (includes Hispanic),
8,Colorado,8091,Ouray,2013,2017,White (includes Hispanic),
8,Colorado,8091,Ouray,2014,2018,Asian/Pacific Islander (includes Hispanic),
8,Colorado,8091,Ouray,2014,2018,Black (includes Hispanic),
8,Colorado,8091,Ouray,2014,2018,Hispanic (all races),
8,Colorado,8091,Ouray,2014,2018,American Indian/Alaskan Native (includes Hispanic),
8,Colorado,8091,Ouray,2014,2018,White (includes Hispanic),
8,Colorado,8091,Ouray,2015,2019,Asian/Pacific Islander (includes Hispanic),
8,Colorado,8091,Ouray,2015,2019,Black (includes Hispanic),
8,Colorado,8091,Ouray,2015,2019,Hispanic (all races),
8,Colorado,8091,Ouray,2015,2019,American Indian/Alaskan Native (includes Hispanic),
8,Colorado,8091,Ouray,2015,2019,White (includes Hispanic),
8,Colorado,8091,Ouray,2016,2020,Asian/Pacific Islander (includes Hispanic),
8,Colorado,8091,Ouray,2016,2020,Black (includes Hispanic),
8,Colorado,8091,Ouray,2016,2020,Hispanic (all races),
8,Colorado,8091,Ouray,2016,2020,American Indian/Alaskan Native (includes Hispanic),
8,Colorado,8091,Ouray,2016,2020,White (includes Hispanic),
8,Colorado,8093,Park,2011,2015,Asian/Pacific Islander (includes Hispanic),
8,Colorado,8093,Park,2011,2015,Black (includes Hispanic),
8,Colorado,8093,Park,2011,2015,Hispanic (all races),
8,Colorado,8093,Park,2011,2015,American Indian/Alaskan Native (includes Hispanic),
8,Colorado,8093,Park,2011,2015,White (includes Hispanic),4.7
8,Colorado,8093,Park,2012,2016,Asian/Pacific Islander (includes Hispanic),
8,Colorado,8093,Park,2012,2016,Black (includes Hispanic),
8,Colorado,8093,Park,2012,2016,Hispanic (all races),
8,Colorado,8093,Park,2012,2016,American Indian/Alaskan Native (includes Hispanic),
8,Colorado,8093,Park,2012,2016,White (includes Hispanic),4.8
8,Colorado,8093,Park,2013,2017,Asian/Pacific Islander (includes Hispanic),
8,Colorado,8093,Park,2013,2017,Black (includes Hispanic),
8,Colorado,8093,Park,2013,2017,Hispanic (all races),
8,Colorado,8093,Park,2013,2017,American Indian/Alaskan Native (includes Hispanic),
8,Colorado,8093,Park,2013,2017,White (includes Hispanic),5.8
8,Colorado,8093,Park,2014,2018,Asian/Pacific Islander (includes Hispanic),
8,Colorado,8093,Park,2014,2018,Black (includes Hispanic),
8,Colorado,8093,Park,2014,2018,Hispanic (all races),
8,Colorado,8093,Park,2014,2018,American Indian/Alaskan Native (includes Hispanic),
8,Colorado,8093,Park,2014,2018,White (includes Hispanic),5.7
8,Colorado,8093,Park,2015,2019,Asian/Pacific Islander (includes Hispanic),
8,Colorado,8093,Park,2015,2019,Black (includes Hispanic),
8,Colorado,8093,Park,2015,2019,Hispanic (all races),
8,Colorado,8093,Park,2015,2019,American Indian/Alaskan Native (includes Hispanic),
8,Colorado,8093,Park,2015,2019,White (includes Hispanic),5.4
8,Colorado,8093,Park,2016,2020,Asian/Pacific Islander (includes Hispanic),
8,Colorado,8093,Park,2016,2020,Black (includes Hispanic),
8,Colorado,8093,Park,2016,2020,Hispanic (all races),
8,Colorado,8093,Park,2016,2020,American Indian/Alaskan Native (includes Hispanic),
8,Colorado,8093,Park,2016,2020,White (includes Hispanic),5.3
8,Colorado,8095,Phillips,2011,2015,Asian/Pacific Islander (includes Hispanic),
8,Colorado,8095,Phillips,2011,2015,Black (includes Hispanic),
8,Colorado,8095,Phillips,2011,2015,Hispanic (all races),
8,Colorado,8095,Phillips,2011,2015,American Indian/Alaskan Native (includes Hispanic),
8,Colorado,8095,Phillips,2011,2015,White (includes Hispanic),
8,Colorado,8095,Phillips,2012,2016,Asian/Pacific Islander (includes Hispanic),
8,Colorado,8095,Phillips,2012,2016,Black (includes Hispanic),
8,Colorado,8095,Phillips,2012,2016,Hispanic (all races),
8,Colorado,8095,Phillips,2012,2016,American Indian/Alaskan Native (includes Hispanic),
8,Colorado,8095,Phillips,2012,2016,White (includes Hispanic),
8,Colorado,8095,Phillips,2013,2017,Asian/Pacific Islander (includes Hispanic),
8,Colorado,8095,Phillips,2013,2017,Black (includes Hispanic),
8,Colorado,8095,Phillips,2013,2017,Hispanic (all races),
8,Colorado,8095,Phillips,2013,2017,American Indian/Alaskan Native (includes Hispanic),
8,Colorado,8095,Phillips,2013,2017,White (includes Hispanic),
8,Colorado,8095,Phillips,2014,2018,Asian/Pacific Islander (includes Hispanic),
8,Colorado,8095,Phillips,2014,2018,Black (includes Hispanic),
8,Colorado,8095,Phillips,2014,2018,Hispanic (all races),
8,Colorado,8095,Phillips,2014,2018,American Indian/Alaskan Native (includes Hispanic),
8,Colorado,8095,Phillips,2014,2018,White (includes Hispanic),
8,Colorado,8095,Phillips,2015,2019,Asian/Pacific Islander (includes Hispanic),
8,Colorado,8095,Phillips,2015,2019,Black (includes Hispanic),
8,Colorado,8095,Phillips,2015,2019,Hispanic (all races),
8,Colorado,8095,Phillips,2015,2019,American Indian/Alaskan Native (includes Hispanic),
8,Colorado,8095,Phillips,2015,2019,White (includes Hispanic),
8,Colorado,8095,Phillips,2016,2020,Asian/Pacific Islander (includes Hispanic),
8,Colorado,8095,Phillips,2016,2020,Black (includes Hispanic),
8,Colorado,8095,Phillips,2016,2020,Hispanic (all races),
8,Colorado,8095,Phillips,2016,2020,American Indian/Alaskan Native (includes Hispanic),
8,Colorado,8095,Phillips,2016,2020,White (includes Hispanic),
8,Colorado,8097,Pitkin,2011,2015,Asian/Pacific Islander (includes Hispanic),
8,Colorado,8097,Pitkin,2011,2015,Black (includes Hispanic),
8,Colorado,8097,Pitkin,2011,2015,Hispanic (all races),
8,Colorado,8097,Pitkin,2011,2015,American Indian/Alaskan Native (includes Hispanic),
8,Colorado,8097,Pitkin,2011,2015,White (includes Hispanic),5.7
8,Colorado,8097,Pitkin,2012,2016,Asian/Pacific Islander (includes Hispanic),
8,Colorado,8097,Pitkin,2012,2016,Black (includes Hispanic),
8,Colorado,8097,Pitkin,2012,2016,Hispanic (all races),
8,Colorado,8097,Pitkin,2012,2016,American Indian/Alaskan Native (includes Hispanic),
8,Colorado,8097,Pitkin,2012,2016,White (includes Hispanic),7.0
8,Colorado,8097,Pitkin,2013,2017,Asian/Pacific Islander (includes Hispanic),
8,Colorado,8097,Pitkin,2013,2017,Black (includes Hispanic),
8,Colorado,8097,Pitkin,2013,2017,Hispanic (all races),
8,Colorado,8097,Pitkin,2013,2017,American Indian/Alaskan Native (includes Hispanic),
8,Colorado,8097,Pitkin,2013,2017,White (includes Hispanic),6.9
8,Colorado,8097,Pitkin,2014,2018,Asian/Pacific Islander (includes Hispanic),
8,Colorado,8097,Pitkin,2014,2018,Black (includes Hispanic),
8,Colorado,8097,Pitkin,2014,2018,Hispanic (all races),
8,Colorado,8097,Pitkin,2014,2018,American Indian/Alaskan Native (includes Hispanic),
8,Colorado,8097,Pitkin,2014,2018,White (includes Hispanic),7.1
8,Colorado,8097,Pitkin,2015,2019,Asian/Pacific Islander (includes Hispanic),
8,Colorado,8097,Pitkin,2015,2019,Black (includes Hispanic),
8,Colorado,8097,Pitkin,2015,2019,Hispanic (all races),
8,Colorado,8097,Pitkin,2015,2019,American Indian/Alaskan Native (includes Hispanic),
8,Colorado,8097,Pitkin,2015,2019,White (includes Hispanic),6.6
8,Colorado,8097,Pitkin,2016,2020,Asian/Pacific Islander (includes Hispanic),
8,Colorado,8097,Pitkin,2016,2020,Black (includes Hispanic),
8,Colorado,8097,Pitkin,2016,2020,Hispanic (all races),
8,Colorado,8097,Pitkin,2016,2020,American Indian/Alaskan Native (includes Hispanic),
8,Colorado,8097,Pitkin,2016,2020,White (includes Hispanic),7.0
8,Colorado,8099,Prowers,2011,2015,Asian/Pacific Islander (includes Hispanic),
8,Colorado,8099,Prowers,2011,2015,Black (includes Hispanic),
8,Colorado,8099,Prowers,2011,2015,Hispanic (all races),
8,Colorado,8099,Prowers,2011,2015,American Indian/Alaskan Native (includes Hispanic),
8,Colorado,8099,Prowers,2011,2015,White (includes Hispanic),
8,Colorado,8099,Prowers,2012,2016,Asian/Pacific Islander (includes Hispanic),
8,Colorado,8099,Prowers,2012,2016,Black (includes Hispanic),
8,Colorado,8099,Prowers,2012,2016,Hispanic (all races),
8,Colorado,8099,Prowers,2012,2016,American Indian/Alaskan Native (includes Hispanic),
8,Colorado,8099,Prowers,2012,2016,White (includes Hispanic),
8,Colorado,8099,Prowers,2013,2017,Asian/Pacific Islander (includes Hispanic),
8,Colorado,8099,Prowers,2013,2017,Black (includes Hispanic),
8,Colorado,8099,Prowers,2013,2017,Hispanic (all races),
8,Colorado,8099,Prowers,2013,2017,American Indian/Alaskan Native (includes Hispanic),
8,Colorado,8099,Prowers,2013,2017,White (includes Hispanic),
8,Colorado,8099,Prowers,2014,2018,Asian/Pacific Islander (includes Hispanic),
8,Colorado,8099,Prowers,2014,2018,Black (includes Hispanic),
8,Colorado,8099,Prowers,2014,2018,Hispanic (all races),
8,Colorado,8099,Prowers,2014,2018,American Indian/Alaskan Native (includes Hispanic),
8,Colorado,8099,Prowers,2014,2018,White (includes Hispanic),
8,Colorado,8099,Prowers,2015,2019,Asian/Pacific Islander (includes Hispanic),
8,Colorado,8099,Prowers,2015,2019,Black (includes Hispanic),
8,Colorado,8099,Prowers,2015,2019,Hispanic (all races),
8,Colorado,8099,Prowers,2015,2019,American Indian/Alaskan Native (includes Hispanic),
8,Colorado,8099,Prowers,2015,2019,White (includes Hispanic),
8,Colorado,8099,Prowers,2016,2020,Asian/Pacific Islander (includes Hispanic),
8,Colorado,8099,Prowers,2016,2020,Black (includes Hispanic),
8,Colorado,8099,Prowers,2016,2020,Hispanic (all races),
8,Colorado,8099,Prowers,2016,2020,American Indian/Alaskan Native (includes Hispanic),
8,Colorado,8099,Prowers,2016,2020,White (includes Hispanic),
8,Colorado,8101,Pueblo,2011,2015,Asian/Pacific Islander (includes Hispanic),
8,Colorado,8101,Pueblo,2011,2015,Black (includes Hispanic),
8,Colorado,8101,Pueblo,2011,2015,Hispanic (all races),11.8
8,Colorado,8101,Pueblo,2011,2015,American Indian/Alaskan Native (includes Hispanic),
8,Colorado,8101,Pueblo,2011,2015,White (includes Hispanic),7.7
8,Colorado,8101,Pueblo,2012,2016,Asian/Pacific Islander (includes Hispanic),
8,Colorado,8101,Pueblo,2012,2016,Black (includes Hispanic),
8,Colorado,8101,Pueblo,2012,2016,Hispanic (all races),11.3
8,Colorado,8101,Pueblo,2012,2016,American Indian/Alaskan Native (includes Hispanic),
8,Colorado,8101,Pueblo,2012,2016,White (includes Hispanic),7.6
8,Colorado,8101,Pueblo,2013,2017,Asian/Pacific Islander (includes Hispanic),
8,Colorado,8101,Pueblo,2013,2017,Black (includes Hispanic),
8,Colorado,8101,Pueblo,2013,2017,Hispanic (all races),11.1
8,Colorado,8101,Pueblo,2013,2017,American Indian/Alaskan Native (includes Hispanic),
8,Colorado,8101,Pueblo,2013,2017,White (includes Hispanic),7.5
8,Colorado,8101,Pueblo,2014,2018,Asian/Pacific Islander (includes Hispanic),
8,Colorado,8101,Pueblo,2014,2018,Black (includes Hispanic),
8,Colorado,8101,Pueblo,2014,2018,Hispanic (all races),10.0
8,Colorado,8101,Pueblo,2014,2018,American Indian/Alaskan Native (includes Hispanic),
8,Colorado,8101,Pueblo,2014,2018,White (includes Hispanic),7.7
8,Colorado,8101,Pueblo,2015,2019,Asian/Pacific Islander (includes Hispanic),
8,Colorado,8101,Pueblo,2015,2019,Black (includes Hispanic),
8,Colorado,8101,Pueblo,2015,2019,Hispanic (all races),8.4
8,Colorado,8101,Pueblo,2015,2019,American Indian/Alaskan Native (includes Hispanic),
8,Colorado,8101,Pueblo,2015,2019,White (includes Hispanic),7.8
8,Colorado,8101,Pueblo,2016,2020,Asian/Pacific Islander (includes Hispanic),
8,Colorado,8101,Pueblo,2016,2020,Black (includes Hispanic),
8,Colorado,8101,Pueblo,2016,2020,Hispanic (all races),7.0
8,Colorado,8101,Pueblo,2016,2020,American Indian/Alaskan Native (includes Hispanic),
8,Colorado,8101,Pueblo,2016,2020,White (includes Hispanic),6.9
8,Colorado,8103,Rio Blanco,2011,2015,Asian/Pacific Islander (includes Hispanic),
8,Colorado,8103,Rio Blanco,2011,2015,Black (includes Hispanic),
8,Colorado,8103,Rio Blanco,2011,2015,Hispanic (all races),
8,Colorado,8103,Rio Blanco,2011,2015,American Indian/Alaskan Native (includes Hispanic),
8,Colorado,8103,Rio Blanco,2011,2015,White (includes Hispanic),
8,Colorado,8103,Rio Blanco,2012,2016,Asian/Pacific Islander (includes Hispanic),
8,Colorado,8103,Rio Blanco,2012,2016,Black (includes Hispanic),
8,Colorado,8103,Rio Blanco,2012,2016,Hispanic (all races),
8,Colorado,8103,Rio Blanco,2012,2016,American Indian/Alaskan Native (includes Hispanic),
8,Colorado,8103,Rio Blanco,2012,2016,White (includes Hispanic),
8,Colorado,8103,Rio Blanco,2013,2017,Asian/Pacific Islander (includes Hispanic),
8,Colorado,8103,Rio Blanco,2013,2017,Black (includes Hispanic),
8,Colorado,8103,Rio Blanco,2013,2017,Hispanic (all races),
8,Colorado,8103,Rio Blanco,2013,2017,American Indian/Alaskan Native (includes Hispanic),
8,Colorado,8103,Rio Blanco,2013,2017,White (includes Hispanic),6.4
8,Colorado,8103,Rio Blanco,2014,2018,Asian/Pacific Islander (includes Hispanic),
8,Colorado,8103,Rio Blanco,2014,2018,Black (includes Hispanic),
8,Colorado,8103,Rio Blanco,2014,2018,Hispanic (all races),
8,Colorado,8103,Rio Blanco,2014,2018,American Indian/Alaskan Native (includes Hispanic),
8,Colorado,8103,Rio Blanco,2014,2018,White (includes Hispanic),
8,Colorado,8103,Rio Blanco,2015,2019,Asian/Pacific Islander (includes Hispanic),
8,Colorado,8103,Rio Blanco,2015,2019,Black (includes Hispanic),
8,Colorado,8103,Rio Blanco,2015,2019,Hispanic (all races),
8,Colorado,8103,Rio Blanco,2015,2019,American Indian/Alaskan Native (includes Hispanic),
8,Colorado,8103,Rio Blanco,2015,2019,White (includes Hispanic),
8,Colorado,8103,Rio Blanco,2016,2020,Asian/Pacific Islander (includes Hispanic),
8,Colorado,8103,Rio Blanco,2016,2020,Black (includes Hispanic),
8,Colorado,8103,Rio Blanco,2016,2020,Hispanic (all races),
8,Colorado,8103,Rio Blanco,2016,2020,American Indian/Alaskan Native (includes Hispanic),
8,Colorado,8103,Rio Blanco,2016,2020,White (includes Hispanic),
8,Colorado,8105,Rio Grande,2011,2015,Asian/Pacific Islander (includes Hispanic),
8,Colorado,8105,Rio Grande,2011,2015,Black (includes Hispanic),
8,Colorado,8105,Rio Grande,2011,2015,Hispanic (all races),
8,Colorado,8105,Rio Grande,2011,2015,American Indian/Alaskan Native (includes Hispanic),
8,Colorado,8105,Rio Grande,2011,2015,White (includes Hispanic),
8,Colorado,8105,Rio Grande,2012,2016,Asian/Pacific Islander (includes Hispanic),
8,Colorado,8105,Rio Grande,2012,2016,Black (includes Hispanic),
8,Colorado,8105,Rio Grande,2012,2016,Hispanic (all races),
8,Colorado,8105,Rio Grande,2012,2016,American Indian/Alaskan Native (includes Hispanic),
8,Colorado,8105,Rio Grande,2012,2016,White (includes Hispanic),
8,Colorado,8105,Rio Grande,2013,2017,Asian/Pacific Islander (includes Hispanic),
8,Colorado,8105,Rio Grande,2013,2017,Black (includes Hispanic),
8,Colorado,8105,Rio Grande,2013,2017,Hispanic (all races),
8,Colorado,8105,Rio Grande,2013,2017,American Indian/Alaskan Native (includes Hispanic),
8,Colorado,8105,Rio Grande,2013,2017,White (includes Hispanic),
8,Colorado,8105,Rio Grande,2014,2018,Asian/Pacific Islander (includes Hispanic),
8,Colorado,8105,Rio Grande,2014,2018,Black (includes Hispanic),
8,Colorado,8105,Rio Grande,2014,2018,Hispanic (all races),
8,Colorado,8105,Rio Grande,2014,2018,American Indian/Alaskan Native (includes Hispanic),
8,Colorado,8105,Rio Grande,2014,2018,White (includes Hispanic),
8,Colorado,8105,Rio Grande,2015,2019,Asian/Pacific Islander (includes Hispanic),
8,Colorado,8105,Rio Grande,2015,2019,Black (includes Hispanic),
8,Colorado,8105,Rio Grande,2015,2019,Hispanic (all races),
8,Colorado,8105,Rio Grande,2015,2019,American Indian/Alaskan Native (includes Hispanic),
8,Colorado,8105,Rio Grande,2015,2019,White (includes Hispanic),
8,Colorado,8105,Rio Grande,2016,2020,Asian/Pacific Islander (includes Hispanic),
8,Colorado,8105,Rio Grande,2016,2020,Black (includes Hispanic),
8,Colorado,8105,Rio Grande,2016,2020,Hispanic (all races),
8,Colorado,8105,Rio Grande,2016,2020,American Indian/Alaskan Native (includes Hispanic),
8,Colorado,8105,Rio Grande,2016,2020,White (includes Hispanic),
8,Colorado,8107,Routt,2011,2015,Asian/Pacific Islander (includes Hispanic),
8,Colorado,8107,Routt,2011,2015,Black (includes Hispanic),
8,Colorado,8107,Routt,2011,2015,Hispanic (all races),
8,Colorado,8107,Routt,2011,2015,American Indian/Alaskan Native (includes Hispanic),
8,Colorado,8107,Routt,2011,2015,White (includes Hispanic),4.8
8,Colorado,8107,Routt,2012,2016,Asian/Pacific Islander (includes Hispanic),
8,Colorado,8107,Routt,2012,2016,Black (includes Hispanic),
8,Colorado,8107,Routt,2012,2016,Hispanic (all races),
8,Colorado,8107,Routt,2012,2016,American Indian/Alaskan Native (includes Hispanic),
8,Colorado,8107,Routt,2012,2016,White (includes Hispanic),6.3
8,Colorado,8107,Routt,2013,2017,Asian/Pacific Islander (includes Hispanic),
8,Colorado,8107,Routt,2013,2017,Black (includes Hispanic),
8,Colorado,8107,Routt,2013,2017,Hispanic (all races),
8,Colorado,8107,Routt,2013,2017,American Indian/Alaskan Native (includes Hispanic),
8,Colorado,8107,Routt,2013,2017,White (includes Hispanic),6.2
8,Colorado,8107,Routt,2014,2018,Asian/Pacific Islander (includes Hispanic),
8,Colorado,8107,Routt,2014,2018,Black (includes Hispanic),
8,Colorado,8107,Routt,2014,2018,Hispanic (all races),
8,Colorado,8107,Routt,2014,2018,American Indian/Alaskan Native (includes Hispanic),
8,Colorado,8107,Routt,2014,2018,White (includes Hispanic),6.0
8,Colorado,8107,Routt,2015,2019,Asian/Pacific Islander (includes Hispanic),
8,Colorado,8107,Routt,2015,2019,Black (includes Hispanic),
8,Colorado,8107,Routt,2015,2019,Hispanic (all races),
8,Colorado,8107,Routt,2015,2019,American Indian/Alaskan Native (includes Hispanic),
8,Colorado,8107,Routt,2015,2019,White (includes Hispanic),4.9
8,Colorado,8107,Routt,2016,2020,Asian/Pacific Islander (includes Hispanic),
8,Colorado,8107,Routt,2016,2020,Black (includes Hispanic),
8,Colorado,8107,Routt,2016,2020,Hispanic (all races),
8,Colorado,8107,Routt,2016,2020,American Indian/Alaskan Native (includes Hispanic),
8,Colorado,8107,Routt,2016,2020,White (includes Hispanic),5.3
8,Colorado,8109,Saguache,2011,2015,Asian/Pacific Islander (includes Hispanic),
8,Colorado,8109,Saguache,2011,2015,Black (includes Hispanic),
8,Colorado,8109,Saguache,2011,2015,Hispanic (all races),
8,Colorado,8109,Saguache,2011,2015,American Indian/Alaskan Native (includes Hispanic),
8,Colorado,8109,Saguache,2011,2015,White (includes Hispanic),
8,Colorado,8109,Saguache,2012,2016,Asian/Pacific Islander (includes Hispanic),
8,Colorado,8109,Saguache,2012,2016,Black (includes Hispanic),
8,Colorado,8109,Saguache,2012,2016,Hispanic (all races),
8,Colorado,8109,Saguache,2012,2016,American Indian/Alaskan Native (includes Hispanic),
8,Colorado,8109,Saguache,2012,2016,White (includes Hispanic),
8,Colorado,8109,Saguache,2013,2017,Asian/Pacific Islander (includes Hispanic),
8,Colorado,8109,Saguache,2013,2017,Black (includes Hispanic),
8,Colorado,8109,Saguache,2013,2017,Hispanic (all races),
8,Colorado,8109,Saguache,2013,2017,American Indian/Alaskan Native (includes Hispanic),
8,Colorado,8109,Saguache,2013,2017,White (includes Hispanic),6.4
8,Colorado,8109,Saguache,2014,2018,Asian/Pacific Islander (includes Hispanic),
8,Colorado,8109,Saguache,2014,2018,Black (includes Hispanic),
8,Colorado,8109,Saguache,2014,2018,Hispanic (all races),
8,Colorado,8109,Saguache,2014,2018,American Indian/Alaskan Native (includes Hispanic),
8,Colorado,8109,Saguache,2014,2018,White (includes Hispanic),7.5
8,Colorado,8109,Saguache,2015,2019,Asian/Pacific Islander (includes Hispanic),
8,Colorado,8109,Saguache,2015,2019,Black (includes Hispanic),
8,Colorado,8109,Saguache,2015,2019,Hispanic (all races),
8,Colorado,8109,Saguache,2015,2019,American Indian/Alaskan Native (includes Hispanic),
8,Colorado,8109,Saguache,2015,2019,White (includes Hispanic),9.1
8,Colorado,8109,Saguache,2016,2020,Asian/Pacific Islander (includes Hispanic),
8,Colorado,8109,Saguache,2016,2020,Black (includes Hispanic),
8,Colorado,8109,Saguache,2016,2020,Hispanic (all races),
8,Colorado,8109,Saguache,2016,2020,American Indian/Alaskan Native (includes Hispanic),
8,Colorado,8109,Saguache,2016,2020,White (includes Hispanic),10.6
8,Colorado,8111,San Juan,2011,2015,Asian/Pacific Islander (includes Hispanic),
8,Colorado,8111,San Juan,2011,2015,Black (includes Hispanic),
8,Colorado,8111,San Juan,2011,2015,Hispanic (all races),
8,Colorado,8111,San Juan,2011,2015,American Indian/Alaskan Native (includes Hispanic),
8,Colorado,8111,San Juan,2011,2015,White (includes Hispanic),
8,Colorado,8111,San Juan,2012,2016,Asian/Pacific Islander (includes Hispanic),
8,Colorado,8111,San Juan,2012,2016,Black (includes Hispanic),
8,Colorado,8111,San Juan,2012,2016,Hispanic (all races),
8,Colorado,8111,San Juan,2012,2016,American Indian/Alaskan Native (includes Hispanic),
8,Colorado,8111,San Juan,2012,2016,White (includes Hispanic),
8,Colorado,8111,San Juan,2013,2017,Asian/Pacific Islander (includes Hispanic),
8,Colorado,8111,San Juan,2013,2017,Black (includes Hispanic),
8,Colorado,8111,San Juan,2013,2017,Hispanic (all races),
8,Colorado,8111,San Juan,2013,2017,American Indian/Alaskan Native (includes Hispanic),
8,Colorado,8111,San Juan,2013,2017,White (includes Hispanic),7.3
8,Colorado,8111,San Juan,2014,2018,Asian/Pacific Islander (includes Hispanic),
8,Colorado,8111,San Juan,2014,2018,Black (includes Hispanic),
8,Colorado,8111,San Juan,2014,2018,Hispanic (all races),
8,Colorado,8111,San Juan,2014,2018,American Indian/Alaskan Native (includes Hispanic),
8,Colorado,8111,San Juan,2014,2018,White (includes Hispanic),7.7
8,Colorado,8111,San Juan,2015,2019,Asian/Pacific Islander (includes Hispanic),
8,Colorado,8111,San Juan,2015,2019,Black (includes Hispanic),
8,Colorado,8111,San Juan,2015,2019,Hispanic (all races),
8,Colorado,8111,San Juan,2015,2019,American Indian/Alaskan Native (includes Hispanic),
8,Colorado,8111,San Juan,2015,2019,White (includes Hispanic),
8,Colorado,8111,San Juan,2016,2020,Asian/Pacific Islander (includes Hispanic),
8,Colorado,8111,San Juan,2016,2020,Black (includes Hispanic),
8,Colorado,8111,San Juan,2016,2020,Hispanic (all races),
8,Colorado,8111,San Juan,2016,2020,American Indian/Alaskan Native (includes Hispanic),
8,Colorado,8111,San Juan,2016,2020,White (includes Hispanic),
8,Colorado,8113,San Miguel,2011,2015,Asian/Pacific Islander (includes Hispanic),
8,Colorado,8113,San Miguel,2011,2015,Black (includes Hispanic),
8,Colorado,8113,San Miguel,2011,2015,Hispanic (all races),
8,Colorado,8113,San Miguel,2011,2015,American Indian/Alaskan Native (includes Hispanic),
8,Colorado,8113,San Miguel,2011,2015,White (includes Hispanic),
8,Colorado,8113,San Miguel,2012,2016,Asian/Pacific Islander (includes Hispanic),
8,Colorado,8113,San Miguel,2012,2016,Black (includes Hispanic),
8,Colorado,8113,San Miguel,2012,2016,Hispanic (all races),
8,Colorado,8113,San Miguel,2012,2016,American Indian/Alaskan Native (includes Hispanic),
8,Colorado,8113,San Miguel,2012,2016,White (includes Hispanic),
8,Colorado,8113,San Miguel,2013,2017,Asian/Pacific Islander (includes Hispanic),
8,Colorado,8113,San Miguel,2013,2017,Black (includes Hispanic),
8,Colorado,8113,San Miguel,2013,2017,Hispanic (all races),
8,Colorado,8113,San Miguel,2013,2017,American Indian/Alaskan Native (includes Hispanic),
8,Colorado,8113,San Miguel,2013,2017,White (includes Hispanic),
8,Colorado,8113,San Miguel,2014,2018,Asian/Pacific Islander (includes Hispanic),
8,Colorado,8113,San Miguel,2014,2018,Black (includes Hispanic),
8,Colorado,8113,San Miguel,2014,2018,Hispanic (all races),
8,Colorado,8113,San Miguel,2014,2018,American Indian/Alaskan Native (includes Hispanic),
8,Colorado,8113,San Miguel,2014,2018,White (includes Hispanic),
8,Colorado,8113,San Miguel,2015,2019,Asian/Pacific Islander (includes Hispanic),
8,Colorado,8113,San Miguel,2015,2019,Black (includes Hispanic),
8,Colorado,8113,San Miguel,2015,2019,Hispanic (all races),
8,Colorado,8113,San Miguel,2015,2019,American Indian/Alaskan Native (includes Hispanic),
8,Colorado,8113,San Miguel,2015,2019,White (includes Hispanic),
8,Colorado,8113,San Miguel,2016,2020,Asian/Pacific Islander (includes Hispanic),
8,Colorado,8113,San Miguel,2016,2020,Black (includes Hispanic),
8,Colorado,8113,San Miguel,2016,2020,Hispanic (all races),
8,Colorado,8113,San Miguel,2016,2020,American Indian/Alaskan Native (includes Hispanic),
8,Colorado,8113,San Miguel,2016,2020,White (includes Hispanic),
8,Colorado,8115,Sedgwick,2011,2015,Asian/Pacific Islander (includes Hispanic),
8,Colorado,8115,Sedgwick,2011,2015,Black (includes Hispanic),
8,Colorado,8115,Sedgwick,2011,2015,Hispanic (all races),
8,Colorado,8115,Sedgwick,2011,2015,American Indian/Alaskan Native (includes Hispanic),
8,Colorado,8115,Sedgwick,2011,2015,White (includes Hispanic),
8,Colorado,8115,Sedgwick,2012,2016,Asian/Pacific Islander (includes Hispanic),
8,Colorado,8115,Sedgwick,2012,2016,Black (includes Hispanic),
8,Colorado,8115,Sedgwick,2012,2016,Hispanic (all races),
8,Colorado,8115,Sedgwick,2012,2016,American Indian/Alaskan Native (includes Hispanic),
8,Colorado,8115,Sedgwick,2012,2016,White (includes Hispanic),
8,Colorado,8115,Sedgwick,2013,2017,Asian/Pacific Islander (includes Hispanic),
8,Colorado,8115,Sedgwick,2013,2017,Black (includes Hispanic),
8,Colorado,8115,Sedgwick,2013,2017,Hispanic (all races),
8,Colorado,8115,Sedgwick,2013,2017,American Indian/Alaskan Native (includes Hispanic),
8,Colorado,8115,Sedgwick,2013,2017,White (includes Hispanic),
8,Colorado,8115,Sedgwick,2014,2018,Asian/Pacific Islander (includes Hispanic),
8,Colorado,8115,Sedgwick,2014,2018,Black (includes Hispanic),
8,Colorado,8115,Sedgwick,2014,2018,Hispanic (all races),
8,Colorado,8115,Sedgwick,2014,2018,American Indian/Alaskan Native (includes Hispanic),
8,Colorado,8115,Sedgwick,2014,2018,White (includes Hispanic),
8,Colorado,8115,Sedgwick,2015,2019,Asian/Pacific Islander (includes Hispanic),
8,Colorado,8115,Sedgwick,2015,2019,Black (includes Hispanic),
8,Colorado,8115,Sedgwick,2015,2019,Hispanic (all races),
8,Colorado,8115,Sedgwick,2015,2019,American Indian/Alaskan Native (includes Hispanic),
8,Colorado,8115,Sedgwick,2015,2019,White (includes Hispanic),
8,Colorado,8115,Sedgwick,2016,2020,Asian/Pacific Islander (includes Hispanic),
8,Colorado,8115,Sedgwick,2016,2020,Black (includes Hispanic),
8,Colorado,8115,Sedgwick,2016,2020,Hispanic (all races),
8,Colorado,8115,Sedgwick,2016,2020,American Indian/Alaskan Native (includes Hispanic),
8,Colorado,8115,Sedgwick,2016,2020,White (includes Hispanic),
8,Colorado,8117,Summit,2011,2015,Asian/Pacific Islander (includes Hispanic),
8,Colorado,8117,Summit,2011,2015,Black (includes Hispanic),
8,Colorado,8117,Summit,2011,2015,Hispanic (all races),
8,Colorado,8117,Summit,2011,2015,American Indian/Alaskan Native (includes Hispanic),
8,Colorado,8117,Summit,2011,2015,White (includes Hispanic),
8,Colorado,8117,Summit,2012,2016,Asian/Pacific Islander (includes Hispanic),
8,Colorado,8117,Summit,2012,2016,Black (includes Hispanic),
8,Colorado,8117,Summit,2012,2016,Hispanic (all races),
8,Colorado,8117,Summit,2012,2016,American Indian/Alaskan Native (includes Hispanic),
8,Colorado,8117,Summit,2012,2016,White (includes Hispanic),
8,Colorado,8117,Summit,2013,2017,Asian/Pacific Islander (includes Hispanic),
8,Colorado,8117,Summit,2013,2017,Black (includes Hispanic),
8,Colorado,8117,Summit,2013,2017,Hispanic (all races),
8,Colorado,8117,Summit,2013,2017,American Indian/Alaskan Native (includes Hispanic),
8,Colorado,8117,Summit,2013,2017,White (includes Hispanic),
8,Colorado,8117,Summit,2014,2018,Asian/Pacific Islander (includes Hispanic),
8,Colorado,8117,Summit,2014,2018,Black (includes Hispanic),
8,Colorado,8117,Summit,2014,2018,Hispanic (all races),
8,Colorado,8117,Summit,2014,2018,American Indian/Alaskan Native (includes Hispanic),
8,Colorado,8117,Summit,2014,2018,White (includes Hispanic),
8,Colorado,8117,Summit,2015,2019,Asian/Pacific Islander (includes Hispanic),
8,Colorado,8117,Summit,2015,2019,Black (includes Hispanic),
8,Colorado,8117,Summit,2015,2019,Hispanic (all races),
8,Colorado,8117,Summit,2015,2019,American Indian/Alaskan Native (includes Hispanic),
8,Colorado,8117,Summit,2015,2019,White (includes Hispanic),
8,Colorado,8117,Summit,2016,2020,Asian/Pacific Islander (includes Hispanic),
8,Colorado,8117,Summit,2016,2020,Black (includes Hispanic),
8,Colorado,8117,Summit,2016,2020,Hispanic (all races),
8,Colorado,8117,Summit,2016,2020,American Indian/Alaskan Native (includes Hispanic),
8,Colorado,8117,Summit,2016,2020,White (includes Hispanic),
8,Colorado,8119,Teller,2011,2015,Asian/Pacific Islander (includes Hispanic),
8,Colorado,8119,Teller,2011,2015,Black (includes Hispanic),
8,Colorado,8119,Teller,2011,2015,Hispanic (all races),8.6
8,Colorado,8119,Teller,2011,2015,American Indian/Alaskan Native (includes Hispanic),
8,Colorado,8119,Teller,2011,2015,White (includes Hispanic),6.1
8,Colorado,8119,Teller,2012,2016,Asian/Pacific Islander (includes Hispanic),
8,Colorado,8119,Teller,2012,2016,Black (includes Hispanic),
8,Colorado,8119,Teller,2012,2016,Hispanic (all races),8.4
8,Colorado,8119,Teller,2012,2016,American Indian/Alaskan Native (includes Hispanic),
8,Colorado,8119,Teller,2012,2016,White (includes Hispanic),6.1
8,Colorado,8119,Teller,2013,2017,Asian/Pacific Islander (includes Hispanic),
8,Colorado,8119,Teller,2013,2017,Black (includes Hispanic),
8,Colorado,8119,Teller,2013,2017,Hispanic (all races),8.7
8,Colorado,8119,Teller,2013,2017,American Indian/Alaskan Native (includes Hispanic),
8,Colorado,8119,Teller,2013,2017,White (includes Hispanic),6.3
8,Colorado,8119,Teller,2014,2018,Asian/Pacific Islander (includes Hispanic),
8,Colorado,8119,Teller,2014,2018,Black (includes Hispanic),
8,Colorado,8119,Teller,2014,2018,Hispanic (all races),7.9
8,Colorado,8119,Teller,2014,2018,American Indian/Alaskan Native (includes Hispanic),
8,Colorado,8119,Teller,2014,2018,White (includes Hispanic),6.1
8,Colorado,8119,Teller,2015,2019,Asian/Pacific Islander (includes Hispanic),
8,Colorado,8119,Teller,2015,2019,Black (includes Hispanic),
8,Colorado,8119,Teller,2015,2019,Hispanic (all races),6.4
8,Colorado,8119,Teller,2015,2019,American Indian/Alaskan Native (includes Hispanic),
8,Colorado,8119,Teller,2015,2019,White (includes Hispanic),5.8
8,Colorado,8119,Teller,2016,2020,Asian/Pacific Islander (includes Hispanic),
8,Colorado,8119,Teller,2016,2020,Black (includes Hispanic),
8,Colorado,8119,Teller,2016,2020,Hispanic (all races),5.6
8,Colorado,8119,Teller,2016,2020,American Indian/Alaskan Native (includes Hispanic),
8,Colorado,8119,Teller,2016,2020,White (includes Hispanic),5.3
8,Colorado,8121,Washington,2011,2015,Asian/Pacific Islander (includes Hispanic),
8,Colorado,8121,Washington,2011,2015,Black (includes Hispanic),
8,Colorado,8121,Washington,2011,2015,Hispanic (all races),8.0
8,Colorado,8121,Washington,2011,2015,American Indian/Alaskan Native (includes Hispanic),
8,Colorado,8121,Washington,2011,2015,White (includes Hispanic),6.3
8,Colorado,8121,Washington,2012,2016,Asian/Pacific Islander (includes Hispanic),
8,Colorado,8121,Washington,2012,2016,Black (includes Hispanic),
8,Colorado,8121,Washington,2012,2016,Hispanic (all races),8.0
8,Colorado,8121,Washington,2012,2016,American Indian/Alaskan Native (includes Hispanic),
8,Colorado,8121,Washington,2012,2016,White (includes Hispanic),6.0
8,Colorado,8121,Washington,2013,2017,Asian/Pacific Islander (includes Hispanic),
8,Colorado,8121,Washington,2013,2017,Black (includes Hispanic),
8,Colorado,8121,Washington,2013,2017,Hispanic (all races),7.7
8,Colorado,8121,Washington,2013,2017,American Indian/Alaskan Native (includes Hispanic),
8,Colorado,8121,Washington,2013,2017,White (includes Hispanic),5.5
8,Colorado,8121,Washington,2014,2018,Asian/Pacific Islander (includes Hispanic),
8,Colorado,8121,Washington,2014,2018,Black (includes Hispanic),
8,Colorado,8121,Washington,2014,2018,Hispanic (all races),7.8
8,Colorado,8121,Washington,2014,2018,American Indian/Alaskan Native (includes Hispanic),
8,Colorado,8121,Washington,2014,2018,White (includes Hispanic),5.7
8,Colorado,8121,Washington,2015,2019,Asian/Pacific Islander (includes Hispanic),
8,Colorado,8121,Washington,2015,2019,Black (includes Hispanic),
8,Colorado,8121,Washington,2015,2019,Hispanic (all races),6.6
8,Colorado,8121,Washington,2015,2019,American Indian/Alaskan Native (includes Hispanic),
8,Colorado,8121,Washington,2015,2019,White (includes Hispanic),4.9
8,Colorado,8121,Washington,2016,2020,Asian/Pacific Islander (includes Hispanic),
8,Colorado,8121,Washington,2016,2020,Black (includes Hispanic),
8,Colorado,8121,Washington,2016,2020,Hispanic (all races),6.7
8,Colorado,8121,Washington,2016,2020,American Indian/Alaskan Native (includes Hispanic),
8,Colorado,8121,Washington,2016,2020,White (includes Hispanic),5.2
8,Colorado,8123,Weld,2011,2015,Asian/Pacific Islander (includes Hispanic),
8,Colorado,8123,Weld,2011,2015,Black (includes Hispanic),
8,Colorado,8123,Weld,2011,2015,Hispanic (all races),7.6
8,Colorado,8123,Weld,2011,2015,American Indian/Alaskan Native (includes Hispanic),
8,Colorado,8123,Weld,2011,2015,White (includes Hispanic),5.8
8,Colorado,8123,Weld,2012,2016,Asian/Pacific Islander (includes Hispanic),
8,Colorado,8123,Weld,2012,2016,Black (includes Hispanic),
8,Colorado,8123,Weld,2012,2016,Hispanic (all races),8.4
8,Colorado,8123,Weld,2012,2016,American Indian/Alaskan Native (includes Hispanic),
8,Colorado,8123,Weld,2012,2016,White (includes Hispanic),6.2
8,Colorado,8123,Weld,2013,2017,Asian/Pacific Islander (includes Hispanic),
8,Colorado,8123,Weld,2013,2017,Black (includes Hispanic),
8,Colorado,8123,Weld,2013,2017,Hispanic (all races),8.3
8,Colorado,8123,Weld,2013,2017,American Indian/Alaskan Native (includes Hispanic),
8,Colorado,8123,Weld,2013,2017,White (includes Hispanic),6.4
8,Colorado,8123,Weld,2014,2018,Asian/Pacific Islander (includes Hispanic),
8,Colorado,8123,Weld,2014,2018,Black (includes Hispanic),
8,Colorado,8123,Weld,2014,2018,Hispanic (all races),7.8
8,Colorado,8123,Weld,2014,2018,American Indian/Alaskan Native (includes Hispanic),
8,Colorado,8123,Weld,2014,2018,White (includes Hispanic),6.4
8,Colorado,8123,Weld,2015,2019,Asian/Pacific Islander (includes Hispanic),
8,Colorado,8123,Weld,2015,2019,Black (includes Hispanic),
8,Colorado,8123,Weld,2015,2019,Hispanic (all races),7.8
8,Colorado,8123,Weld,2015,2019,American Indian/Alaskan Native (includes Hispanic),
8,Colorado,8123,Weld,2015,2019,White (includes Hispanic),6.4
8,Colorado,8123,Weld,2016,2020,Asian/Pacific Islander (includes Hispanic),
8,Colorado,8123,Weld,2016,2020,Black (includes Hispanic),
8,Colorado,8123,Weld,2016,2020,Hispanic (all races),9.0
8,Colorado,8123,Weld,2016,2020,American Indian/Alaskan Native (includes Hispanic),
8,Colorado,8123,Weld,2016,2020,White (includes Hispanic),6.7
8,Colorado,8125,Yuma,2011,2015,Asian/Pacific Islander (includes Hispanic),
8,Colorado,8125,Yuma,2011,2015,Black (includes Hispanic),
8,Colorado,8125,Yuma,2011,2015,Hispanic (all races),
8,Colorado,8125,Yuma,2011,2015,American Indian/Alaskan Native (includes Hispanic),
8,Colorado,8125,Yuma,2011,2015,White (includes Hispanic),
8,Colorado,8125,Yuma,2012,2016,Asian/Pacific Islander (includes Hispanic),
8,Colorado,8125,Yuma,2012,2016,Black (includes Hispanic),
8,Colorado,8125,Yuma,2012,2016,Hispanic (all races),
8,Colorado,8125,Yuma,2012,2016,American Indian/Alaskan Native (includes Hispanic),
8,Colorado,8125,Yuma,2012,2016,White (includes Hispanic),
8,Colorado,8125,Yuma,2013,2017,Asian/Pacific Islander (includes Hispanic),
8,Colorado,8125,Yuma,2013,2017,Black (includes Hispanic),
8,Colorado,8125,Yuma,2013,2017,Hispanic (all races),
8,Colorado,8125,Yuma,2013,2017,American Indian/Alaskan Native (includes Hispanic),
8,Colorado,8125,Yuma,2013,2017,White (includes Hispanic),
8,Colorado,8125,Yuma,2014,2018,Asian/Pacific Islander (includes Hispanic),
8,Colorado,8125,Yuma,2014,2018,Black (includes Hispanic),
8,Colorado,8125,Yuma,2014,2018,Hispanic (all races),
8,Colorado,8125,Yuma,2014,2018,American Indian/Alaskan Native (includes Hispanic),
8,Colorado,8125,Yuma,2014,2018,White (includes Hispanic),
8,Colorado,8125,Yuma,2015,2019,Asian/Pacific Islander (includes Hispanic),
8,Colorado,8125,Yuma,2015,2019,Black (includes Hispanic),
8,Colorado,8125,Yuma,2015,2019,Hispanic (all races),
8,Colorado,8125,Yuma,2015,2019,American Indian/Alaskan Native (includes Hispanic),
8,Colorado,8125,Yuma,2015,2019,White (includes Hispanic),
8,Colorado,8125,Yuma,2016,2020,Asian/Pacific Islander (includes Hispanic),
8,Colorado,8125,Yuma,2016,2020,Black (includes Hispanic),
8,Colorado,8125,Yuma,2016,2020,Hispanic (all races),
8,Colorado,8125,Yuma,2016,2020,American Indian/Alaskan Native (includes Hispanic),
8,Colorado,8125,Yuma,2016,2020,White (includes Hispanic),
9,Connecticut,9001,Fairfield,2011,2015,Asian/Pacific Islander (includes Hispanic),4.8
9,Connecticut,9001,Fairfield,2011,2015,Black (includes Hispanic),8.2
9,Connecticut,9001,Fairfield,2011,2015,Hispanic (all races),10.1
9,Connecticut,9001,Fairfield,2011,2015,American Indian/Alaskan Native (includes Hispanic),
9,Connecticut,9001,Fairfield,2011,2015,White (includes Hispanic),6.5
9,Connecticut,9001,Fairfield,2012,2016,Asian/Pacific Islander (includes Hispanic),4.4
9,Connecticut,9001,Fairfield,2012,2016,Black (includes Hispanic),7.8
9,Connecticut,9001,Fairfield,2012,2016,Hispanic (all races),10.5
9,Connecticut,9001,Fairfield,2012,2016,American Indian/Alaskan Native (includes Hispanic),
9,Connecticut,9001,Fairfield,2012,2016,White (includes Hispanic),6.4
9,Connecticut,9001,Fairfield,2013,2017,Asian/Pacific Islander (includes Hispanic),4.8
9,Connecticut,9001,Fairfield,2013,2017,Black (includes Hispanic),7.5
9,Connecticut,9001,Fairfield,2013,2017,Hispanic (all races),9.8
9,Connecticut,9001,Fairfield,2013,2017,American Indian/Alaskan Native (includes Hispanic),
9,Connecticut,9001,Fairfield,2013,2017,White (includes Hispanic),6.4
9,Connecticut,9001,Fairfield,2014,2018,Asian/Pacific Islander (includes Hispanic),5.5
9,Connecticut,9001,Fairfield,2014,2018,Black (includes Hispanic),7.3
9,Connecticut,9001,Fairfield,2014,2018,Hispanic (all races),9.4
9,Connecticut,9001,Fairfield,2014,2018,American Indian/Alaskan Native (includes Hispanic),
9,Connecticut,9001,Fairfield,2014,2018,White (includes Hispanic),6.1
9,Connecticut,9001,Fairfield,2015,2019,Asian/Pacific Islander (includes Hispanic),5.3
9,Connecticut,9001,Fairfield,2015,2019,Black (includes Hispanic),6.9
9,Connecticut,9001,Fairfield,2015,2019,Hispanic (all races),9.1
9,Connecticut,9001,Fairfield,2015,2019,American Indian/Alaskan Native (includes Hispanic),
9,Connecticut,9001,Fairfield,2015,2019,White (includes Hispanic),6.0
9,Connecticut,9001,Fairfield,2016,2020,Asian/Pacific Islander (includes Hispanic),4.9
9,Connecticut,9001,Fairfield,2016,2020,Black (includes Hispanic),6.6
9,Connecticut,9001,Fairfield,2016,2020,Hispanic (all races),9.1
9,Connecticut,9001,Fairfield,2016,2020,American Indian/Alaskan Native (includes Hispanic),
9,Connecticut,9001,Fairfield,2016,2020,White (includes Hispanic),5.8
9,Connecticut,9003,Hartford,2011,2015,Asian/Pacific Islander (includes Hispanic),
9,Connecticut,9003,Hartford,2011,2015,Black (includes Hispanic),7.5
9,Connecticut,9003,Hartford,2011,2015,Hispanic (all races),9.3
9,Connecticut,9003,Hartford,2011,2015,American Indian/Alaskan Native (includes Hispanic),
9,Connecticut,9003,Hartford,2011,2015,White (includes Hispanic),6.8
9,Connecticut,9003,Hartford,2012,2016,Asian/Pacific Islander (includes Hispanic),
9,Connecticut,9003,Hartford,2012,2016,Black (includes Hispanic),8.0
9,Connecticut,9003,Hartford,2012,2016,Hispanic (all races),11.0
9,Connecticut,9003,Hartford,2012,2016,American Indian/Alaskan Native (includes Hispanic),
9,Connecticut,9003,Hartford,2012,2016,White (includes Hispanic),6.9
9,Connecticut,9003,Hartford,2013,2017,Asian/Pacific Islander (includes Hispanic),
9,Connecticut,9003,Hartford,2013,2017,Black (includes Hispanic),7.8
9,Connecticut,9003,Hartford,2013,2017,Hispanic (all races),9.3
9,Connecticut,9003,Hartford,2013,2017,American Indian/Alaskan Native (includes Hispanic),
9,Connecticut,9003,Hartford,2013,2017,White (includes Hispanic),6.3
9,Connecticut,9003,Hartford,2014,2018,Asian/Pacific Islander (includes Hispanic),
9,Connecticut,9003,Hartford,2014,2018,Black (includes Hispanic),7.4
9,Connecticut,9003,Hartford,2014,2018,Hispanic (all races),9.4
9,Connecticut,9003,Hartford,2014,2018,American Indian/Alaskan Native (includes Hispanic),
9,Connecticut,9003,Hartford,2014,2018,White (includes Hispanic),6.1
9,Connecticut,9003,Hartford,2015,2019,Asian/Pacific Islander (includes Hispanic),
9,Connecticut,9003,Hartford,2015,2019,Black (includes Hispanic),6.7
9,Connecticut,9003,Hartford,2015,2019,Hispanic (all races),8.3
9,Connecticut,9003,Hartford,2015,2019,American Indian/Alaskan Native (includes Hispanic),
9,Connecticut,9003,Hartford,2015,2019,White (includes Hispanic),5.6
9,Connecticut,9003,Hartford,2016,2020,Asian/Pacific Islander (includes Hispanic),
9,Connecticut,9003,Hartford,2016,2020,Black (includes Hispanic),6.7
9,Connecticut,9003,Hartford,2016,2020,Hispanic (all races),8.4
9,Connecticut,9003,Hartford,2016,2020,American Indian/Alaskan Native (includes Hispanic),
9,Connecticut,9003,Hartford,2016,2020,White (includes Hispanic),5.3
9,Connecticut,9005,Litchfield,2011,2015,Asian/Pacific Islander (includes Hispanic),
9,Connecticut,9005,Litchfield,2011,2015,Black (includes Hispanic),7.8
9,Connecticut,9005,Litchfield,2011,2015,Hispanic (all races),10.8
9,Connecticut,9005,Litchfield,2011,2015,American Indian/Alaskan Native (includes Hispanic),
9,Connecticut,9005,Litchfield,2011,2015,White (includes Hispanic),6.5
9,Connecticut,9005,Litchfield,2012,2016,Asian/Pacific Islander (includes Hispanic),
9,Connecticut,9005,Litchfield,2012,2016,Black (includes Hispanic),7.8
9,Connecticut,9005,Litchfield,2012,2016,Hispanic (all races),11.7
9,Connecticut,9005,Litchfield,2012,2016,American Indian/Alaskan Native (includes Hispanic),
9,Connecticut,9005,Litchfield,2012,2016,White (includes Hispanic),6.5
9,Connecticut,9005,Litchfield,2013,2017,Asian/Pacific Islander (includes Hispanic),
9,Connecticut,9005,Litchfield,2013,2017,Black (includes Hispanic),7.3
9,Connecticut,9005,Litchfield,2013,2017,Hispanic (all races),10.1
9,Connecticut,9005,Litchfield,2013,2017,American Indian/Alaskan Native (includes Hispanic),
9,Connecticut,9005,Litchfield,2013,2017,White (includes Hispanic),6.2
9,Connecticut,9005,Litchfield,2014,2018,Asian/Pacific Islander (includes Hispanic),5.1
9,Connecticut,9005,Litchfield,2014,2018,Black (includes Hispanic),6.4
9,Connecticut,9005,Litchfield,2014,2018,Hispanic (all races),9.6
9,Connecticut,9005,Litchfield,2014,2018,American Indian/Alaskan Native (includes Hispanic),
9,Connecticut,9005,Litchfield,2014,2018,White (includes Hispanic),5.9
9,Connecticut,9005,Litchfield,2015,2019,Asian/Pacific Islander (includes Hispanic),5.1
9,Connecticut,9005,Litchfield,2015,2019,Black (includes Hispanic),5.7
9,Connecticut,9005,Litchfield,2015,2019,Hispanic (all races),9.4
9,Connecticut,9005,Litchfield,2015,2019,American Indian/Alaskan Native (includes Hispanic),
9,Connecticut,9005,Litchfield,2015,2019,White (includes Hispanic),5.6
9,Connecticut,9005,Litchfield,2016,2020,Asian/Pacific Islander (includes Hispanic),5.9
9,Connecticut,9005,Litchfield,2016,2020,Black (includes Hispanic),5.8
9,Connecticut,9005,Litchfield,2016,2020,Hispanic (all races),8.9
9,Connecticut,9005,Litchfield,2016,2020,American Indian/Alaskan Native (includes Hispanic),
9,Connecticut,9005,Litchfield,2016,2020,White (includes Hispanic),5.4
9,Connecticut,9007,Middlesex,2011,2015,Asian/Pacific Islander (includes Hispanic),
9,Connecticut,9007,Middlesex,2011,2015,Black (includes Hispanic),7.5
9,Connecticut,9007,Middlesex,2011,2015,Hispanic (all races),10.1
9,Connecticut,9007,Middlesex,2011,2015,American Indian/Alaskan Native (includes Hispanic),
9,Connecticut,9007,Middlesex,2011,2015,White (includes Hispanic),7.1
9,Connecticut,9007,Middlesex,2012,2016,Asian/Pacific Islander (includes Hispanic),
9,Connecticut,9007,Middlesex,2012,2016,Black (includes Hispanic),7.3
9,Connecticut,9007,Middlesex,2012,2016,Hispanic (all races),11.4
9,Connecticut,9007,Middlesex,2012,2016,American Indian/Alaskan Native (includes Hispanic),
9,Connecticut,9007,Middlesex,2012,2016,White (includes Hispanic),7.0
9,Connecticut,9007,Middlesex,2013,2017,Asian/Pacific Islander (includes Hispanic),
9,Connecticut,9007,Middlesex,2013,2017,Black (includes Hispanic),7.8
9,Connecticut,9007,Middlesex,2013,2017,Hispanic (all races),10.0
9,Connecticut,9007,Middlesex,2013,2017,American Indian/Alaskan Native (includes Hispanic),
9,Connecticut,9007,Middlesex,2013,2017,White (includes Hispanic),6.7
9,Connecticut,9007,Middlesex,2014,2018,Asian/Pacific Islander (includes Hispanic),5.0
9,Connecticut,9007,Middlesex,2014,2018,Black (includes Hispanic),7.3
9,Connecticut,9007,Middlesex,2014,2018,Hispanic (all races),9.5
9,Connecticut,9007,Middlesex,2014,2018,American Indian/Alaskan Native (includes Hispanic),
9,Connecticut,9007,Middlesex,2014,2018,White (includes Hispanic),6.3
9,Connecticut,9007,Middlesex,2015,2019,Asian/Pacific Islander (includes Hispanic),4.2
9,Connecticut,9007,Middlesex,2015,2019,Black (includes Hispanic),6.9
9,Connecticut,9007,Middlesex,2015,2019,Hispanic (all races),8.7
9,Connecticut,9007,Middlesex,2015,2019,American Indian/Alaskan Native (includes Hispanic),
9,Connecticut,9007,Middlesex,2015,2019,White (includes Hispanic),5.6
9,Connecticut,9007,Middlesex,2016,2020,Asian/Pacific Islander (includes Hispanic),4.4
9,Connecticut,9007,Middlesex,2016,2020,Black (includes Hispanic),5.9
9,Connecticut,9007,Middlesex,2016,2020,Hispanic (all races),8.6
9,Connecticut,9007,Middlesex,2016,2020,American Indian/Alaskan Native (includes Hispanic),
9,Connecticut,9007,Middlesex,2016,2020,White (includes Hispanic),5.0
9,Connecticut,9009,New Haven,2011,2015,Asian/Pacific Islander (includes Hispanic),3.4
9,Connecticut,9009,New Haven,2011,2015,Black (includes Hispanic),7.7
9,Connecticut,9009,New Haven,2011,2015,Hispanic (all races),10.9
9,Connecticut,9009,New Haven,2011,2015,American Indian/Alaskan Native (includes Hispanic),
9,Connecticut,9009,New Haven,2011,2015,White (includes Hispanic),6.8
9,Connecticut,9009,New Haven,2012,2016,Asian/Pacific Islander (includes Hispanic),3.5
9,Connecticut,9009,New Haven,2012,2016,Black (includes Hispanic),7.2
9,Connecticut,9009,New Haven,2012,2016,Hispanic (all races),11.6
9,Connecticut,9009,New Haven,2012,2016,American Indian/Alaskan Native (includes Hispanic),
9,Connecticut,9009,New Haven,2012,2016,White (includes Hispanic),6.7
9,Connecticut,9009,New Haven,2013,2017,Asian/Pacific Islander (includes Hispanic),4.0
9,Connecticut,9009,New Haven,2013,2017,Black (includes Hispanic),7.4
9,Connecticut,9009,New Haven,2013,2017,Hispanic (all races),10.3
9,Connecticut,9009,New Haven,2013,2017,American Indian/Alaskan Native (includes Hispanic),
9,Connecticut,9009,New Haven,2013,2017,White (includes Hispanic),6.5
9,Connecticut,9009,New Haven,2014,2018,Asian/Pacific Islander (includes Hispanic),5.2
9,Connecticut,9009,New Haven,2014,2018,Black (includes Hispanic),6.6
9,Connecticut,9009,New Haven,2014,2018,Hispanic (all races),9.4
9,Connecticut,9009,New Haven,2014,2018,American Indian/Alaskan Native (includes Hispanic),
9,Connecticut,9009,New Haven,2014,2018,White (includes Hispanic),6.0
9,Connecticut,9009,New Haven,2015,2019,Asian/Pacific Islander (includes Hispanic),4.7
9,Connecticut,9009,New Haven,2015,2019,Black (includes Hispanic),6.0
9,Connecticut,9009,New Haven,2015,2019,Hispanic (all races),9.1
9,Connecticut,9009,New Haven,2015,2019,American Indian/Alaskan Native (includes Hispanic),
9,Connecticut,9009,New Haven,2015,2019,White (includes Hispanic),5.7
9,Connecticut,9009,New Haven,2016,2020,Asian/Pacific Islander (includes Hispanic),4.9
9,Connecticut,9009,New Haven,2016,2020,Black (includes Hispanic),5.4
9,Connecticut,9009,New Haven,2016,2020,Hispanic (all races),8.8
9,Connecticut,9009,New Haven,2016,2020,American Indian/Alaskan Native (includes Hispanic),
9,Connecticut,9009,New Haven,2016,2020,White (includes Hispanic),5.2
9,Connecticut,9011,New London,2011,2015,Asian/Pacific Islander (includes Hispanic),
9,Connecticut,9011,New London,2011,2015,Black (includes Hispanic),7.8
9,Connecticut,9011,New London,2011,2015,Hispanic (all races),9.8
9,Connecticut,9011,New London,2011,2015,American Indian/Alaskan Native (includes Hispanic),
9,Connecticut,9011,New London,2011,2015,White (includes Hispanic),7.0
9,Connecticut,9011,New London,2012,2016,Asian/Pacific Islander (includes Hispanic),
9,Connecticut,9011,New London,2012,2016,Black (includes Hispanic),7.2
9,Connecticut,9011,New London,2012,2016,Hispanic (all races),10.9
9,Connecticut,9011,New London,2012,2016,American Indian/Alaskan Native (includes Hispanic),
9,Connecticut,9011,New London,2012,2016,White (includes Hispanic),7.1
9,Connecticut,9011,New London,2013,2017,Asian/Pacific Islander (includes Hispanic),4.9
9,Connecticut,9011,New London,2013,2017,Black (includes Hispanic),8.1
9,Connecticut,9011,New London,2013,2017,Hispanic (all races),10.1
9,Connecticut,9011,New London,2013,2017,American Indian/Alaskan Native (includes Hispanic),
9,Connecticut,9011,New London,2013,2017,White (includes Hispanic),6.6
9,Connecticut,9011,New London,2014,2018,Asian/Pacific Islander (includes Hispanic),5.2
9,Connecticut,9011,New London,2014,2018,Black (includes Hispanic),7.5
9,Connecticut,9011,New London,2014,2018,Hispanic (all races),9.4
9,Connecticut,9011,New London,2014,2018,American Indian/Alaskan Native (includes Hispanic),
9,Connecticut,9011,New London,2014,2018,White (includes Hispanic),6.4
9,Connecticut,9011,New London,2015,2019,Asian/Pacific Islander (includes Hispanic),
9,Connecticut,9011,New London,2015,2019,Black (includes Hispanic),7.3
9,Connecticut,9011,New London,2015,2019,Hispanic (all races),8.9
9,Connecticut,9011,New London,2015,2019,American Indian/Alaskan Native (includes Hispanic),
9,Connecticut,9011,New London,2015,2019,White (includes Hispanic),5.9
9,Connecticut,9011,New London,2016,2020,Asian/Pacific Islander (includes Hispanic),
9,Connecticut,9011,New London,2016,2020,Black (includes Hispanic),6.0
9,Connecticut,9011,New London,2016,2020,Hispanic (all races),8.9
9,Connecticut,9011,New London,2016,2020,American Indian/Alaskan Native (includes Hispanic),
9,Connecticut,9011,New London,2016,2020,White (includes Hispanic),5.3
9,Connecticut,9013,Tolland,2011,2015,Asian/Pacific Islander (includes Hispanic),
9,Connecticut,9013,Tolland,2011,2015,Black (includes Hispanic),8.2
9,Connecticut,9013,Tolland,2011,2015,Hispanic (all races),9.0
9,Connecticut,9013,Tolland,2011,2015,American Indian/Alaskan Native (includes Hispanic),
9,Connecticut,9013,Tolland,2011,2015,White (includes Hispanic),6.4
9,Connecticut,9013,Tolland,2012,2016,Asian/Pacific Islander (includes Hispanic),
9,Connecticut,9013,Tolland,2012,2016,Black (includes Hispanic),8.2
9,Connecticut,9013,Tolland,2012,2016,Hispanic (all races),10.5
9,Connecticut,9013,Tolland,2012,2016,American Indian/Alaskan Native (includes Hispanic),
9,Connecticut,9013,Tolland,2012,2016,White (includes Hispanic),6.7
9,Connecticut,9013,Tolland,2013,2017,Asian/Pacific Islander (includes Hispanic),
9,Connecticut,9013,Tolland,2013,2017,Black (includes Hispanic),9.2
9,Connecticut,9013,Tolland,2013,2017,Hispanic (all races),9.4
9,Connecticut,9013,Tolland,2013,2017,American Indian/Alaskan Native (includes Hispanic),
9,Connecticut,9013,Tolland,2013,2017,White (includes Hispanic),6.4
9,Connecticut,9013,Tolland,2014,2018,Asian/Pacific Islander (includes Hispanic),
9,Connecticut,9013,Tolland,2014,2018,Black (includes Hispanic),8.5
9,Connecticut,9013,Tolland,2014,2018,Hispanic (all races),9.4
9,Connecticut,9013,Tolland,2014,2018,American Indian/Alaskan Native (includes Hispanic),
9,Connecticut,9013,Tolland,2014,2018,White (includes Hispanic),6.5
9,Connecticut,9013,Tolland,2015,2019,Asian/Pacific Islander (includes Hispanic),
9,Connecticut,9013,Tolland,2015,2019,Black (includes Hispanic),7.8
9,Connecticut,9013,Tolland,2015,2019,Hispanic (all races),9.0
9,Connecticut,9013,Tolland,2015,2019,American Indian/Alaskan Native (includes Hispanic),
9,Connecticut,9013,Tolland,2015,2019,White (includes Hispanic),5.9
9,Connecticut,9013,Tolland,2016,2020,Asian/Pacific Islander (includes Hispanic),
9,Connecticut,9013,Tolland,2016,2020,Black (includes Hispanic),7.7
9,Connecticut,9013,Tolland,2016,2020,Hispanic (all races),8.7
9,Connecticut,9013,Tolland,2016,2020,American Indian/Alaskan Native (includes Hispanic),
9,Connecticut,9013,Tolland,2016,2020,White (includes Hispanic),5.5
9,Connecticut,9015,Windham,2011,2015,Asian/Pacific Islander (includes Hispanic),
9,Connecticut,9015,Windham,2011,2015,Black (includes Hispanic),
9,Connecticut,9015,Windham,2011,2015,Hispanic (all races),9.4
9,Connecticut,9015,Windham,2011,2015,American Indian/Alaskan Native (includes Hispanic),
9,Connecticut,9015,Windham,2011,2015,White (includes Hispanic),6.5
9,Connecticut,9015,Windham,2012,2016,Asian/Pacific Islander (includes Hispanic),
9,Connecticut,9015,Windham,2012,2016,Black (includes Hispanic),6.0
9,Connecticut,9015,Windham,2012,2016,Hispanic (all races),9.6
9,Connecticut,9015,Windham,2012,2016,American Indian/Alaskan Native (includes Hispanic),
9,Connecticut,9015,Windham,2012,2016,White (includes Hispanic),7.0
9,Connecticut,9015,Windham,2013,2017,Asian/Pacific Islander (includes Hispanic),
9,Connecticut,9015,Windham,2013,2017,Black (includes Hispanic),7.4
9,Connecticut,9015,Windham,2013,2017,Hispanic (all races),9.7
9,Connecticut,9015,Windham,2013,2017,American Indian/Alaskan Native (includes Hispanic),
9,Connecticut,9015,Windham,2013,2017,White (includes Hispanic),6.8
9,Connecticut,9015,Windham,2014,2018,Asian/Pacific Islander (includes Hispanic),
9,Connecticut,9015,Windham,2014,2018,Black (includes Hispanic),9.9
9,Connecticut,9015,Windham,2014,2018,Hispanic (all races),9.9
9,Connecticut,9015,Windham,2014,2018,American Indian/Alaskan Native (includes Hispanic),
9,Connecticut,9015,Windham,2014,2018,White (includes Hispanic),7.0
9,Connecticut,9015,Windham,2015,2019,Asian/Pacific Islander (includes Hispanic),
9,Connecticut,9015,Windham,2015,2019,Black (includes Hispanic),9.4
9,Connecticut,9015,Windham,2015,2019,Hispanic (all races),8.9
9,Connecticut,9015,Windham,2015,2019,American Indian/Alaskan Native (includes Hispanic),
9,Connecticut,9015,Windham,2015,2019,White (includes Hispanic),6.6
9,Connecticut,9015,Windham,2016,2020,Asian/Pacific Islander (includes Hispanic),
9,Connecticut,9015,Windham,2016,2020,Black (includes Hispanic),8.9
9,Connecticut,9015,Windham,2016,2020,Hispanic (all races),8.2
9,Connecticut,9015,Windham,2016,2020,American Indian/Alaskan Native (includes Hispanic),
9,Connecticut,9015,Windham,2016,2020,White (includes Hispanic),6.3
10,Delaware,10001,Kent,2011,2015,Asian/Pacific Islander (includes Hispanic),
10,Delaware,10001,Kent,2011,2015,Black (includes Hispanic),10.4
10,Delaware,10001,Kent,2011,2015,Hispanic (all races),9.1
10,Delaware,10001,Kent,2011,2015,American Indian/Alaskan Native (includes Hispanic),
10,Delaware,10001,Kent,2011,2015,White (includes Hispanic),8.8
10,Delaware,10001,Kent,2012,2016,Asian/Pacific Islander (includes Hispanic),
10,Delaware,10001,Kent,2012,2016,Black (includes Hispanic),10.5
10,Delaware,10001,Kent,2012,2016,Hispanic (all races),9.2
10,Delaware,10001,Kent,2012,2016,American Indian/Alaskan Native (includes Hispanic),
10,Delaware,10001,Kent,2012,2016,White (includes Hispanic),8.9
10,Delaware,10001,Kent,2013,2017,Asian/Pacific Islander (includes Hispanic),
10,Delaware,10001,Kent,2013,2017,Black (includes Hispanic),10.0
10,Delaware,10001,Kent,2013,2017,Hispanic (all races),9.5
10,Delaware,10001,Kent,2013,2017,American Indian/Alaskan Native (includes Hispanic),
10,Delaware,10001,Kent,2013,2017,White (includes Hispanic),9.2
10,Delaware,10001,Kent,2014,2018,Asian/Pacific Islander (includes Hispanic),
10,Delaware,10001,Kent,2014,2018,Black (includes Hispanic),9.5
10,Delaware,10001,Kent,2014,2018,Hispanic (all races),9.6
10,Delaware,10001,Kent,2014,2018,American Indian/Alaskan Native (includes Hispanic),
10,Delaware,10001,Kent,2014,2018,White (includes Hispanic),9.3
10,Delaware,10001,Kent,2015,2019,Asian/Pacific Islander (includes Hispanic),
10,Delaware,10001,Kent,2015,2019,Black (includes Hispanic),8.1
10,Delaware,10001,Kent,2015,2019,Hispanic (all races),9.7
10,Delaware,10001,Kent,2015,2019,American Indian/Alaskan Native (includes Hispanic),
10,Delaware,10001,Kent,2015,2019,White (includes Hispanic),8.6
10,Delaware,10001,Kent,2016,2020,Asian/Pacific Islander (includes Hispanic),
10,Delaware,10001,Kent,2016,2020,Black (includes Hispanic),7.1
10,Delaware,10001,Kent,2016,2020,Hispanic (all races),9.7
10,Delaware,10001,Kent,2016,2020,American Indian/Alaskan Native (includes Hispanic),
10,Delaware,10001,Kent,2016,2020,White (includes Hispanic),8.0
10,Delaware,10003,New Castle,2011,2015,Asian/Pacific Islander (includes Hispanic),
10,Delaware,10003,New Castle,2011,2015,Black (includes Hispanic),9.6
10,Delaware,10003,New Castle,2011,2015,Hispanic (all races),9.0
10,Delaware,10003,New Castle,2011,2015,American Indian/Alaskan Native (includes Hispanic),
10,Delaware,10003,New Castle,2011,2015,White (includes Hispanic),7.0
10,Delaware,10003,New Castle,2012,2016,Asian/Pacific Islander (includes Hispanic),
10,Delaware,10003,New Castle,2012,2016,Black (includes Hispanic),9.7
10,Delaware,10003,New Castle,2012,2016,Hispanic (all races),9.8
10,Delaware,10003,New Castle,2012,2016,American Indian/Alaskan Native (includes Hispanic),
10,Delaware,10003,New Castle,2012,2016,White (includes Hispanic),7.2
10,Delaware,10003,New Castle,2013,2017,Asian/Pacific Islander (includes Hispanic),
10,Delaware,10003,New Castle,2013,2017,Black (includes Hispanic),9.0
10,Delaware,10003,New Castle,2013,2017,Hispanic (all races),9.0
10,Delaware,10003,New Castle,2013,2017,American Indian/Alaskan Native (includes Hispanic),
10,Delaware,10003,New Castle,2013,2017,White (includes Hispanic),6.9
10,Delaware,10003,New Castle,2014,2018,Asian/Pacific Islander (includes Hispanic),
10,Delaware,10003,New Castle,2014,2018,Black (includes Hispanic),8.2
10,Delaware,10003,New Castle,2014,2018,Hispanic (all races),6.7
10,Delaware,10003,New Castle,2014,2018,American Indian/Alaskan Native (includes Hispanic),
10,Delaware,10003,New Castle,2014,2018,White (includes Hispanic),7.4
10,Delaware,10003,New Castle,2015,2019,Asian/Pacific Islander (includes Hispanic),
10,Delaware,10003,New Castle,2015,2019,Black (includes Hispanic),7.3
10,Delaware,10003,New Castle,2015,2019,Hispanic (all races),7.6
10,Delaware,10003,New Castle,2015,2019,American Indian/Alaskan Native (includes Hispanic),
10,Delaware,10003,New Castle,2015,2019,White (includes Hispanic),7.4
10,Delaware,10003,New Castle,2016,2020,Asian/Pacific Islander (includes Hispanic),
10,Delaware,10003,New Castle,2016,2020,Black (includes Hispanic),6.8
10,Delaware,10003,New Castle,2016,2020,Hispanic (all races),7.3
10,Delaware,10003,New Castle,2016,2020,American Indian/Alaskan Native (includes Hispanic),
10,Delaware,10003,New Castle,2016,2020,White (includes Hispanic),6.9
10,Delaware,10005,Sussex,2011,2015,Asian/Pacific Islander (includes Hispanic),
10,Delaware,10005,Sussex,2011,2015,Black (includes Hispanic),8.5
10,Delaware,10005,Sussex,2011,2015,Hispanic (all races),
10,Delaware,10005,Sussex,2011,2015,American Indian/Alaskan Native (includes Hispanic),
10,Delaware,10005,Sussex,2011,2015,White (includes Hispanic),9.3
10,Delaware,10005,Sussex,2012,2016,Asian/Pacific Islander (includes Hispanic),
10,Delaware,10005,Sussex,2012,2016,Black (includes Hispanic),7.2
10,Delaware,10005,Sussex,2012,2016,Hispanic (all races),
10,Delaware,10005,Sussex,2012,2016,American Indian/Alaskan Native (includes Hispanic),
10,Delaware,10005,Sussex,2012,2016,White (includes Hispanic),9.6
10,Delaware,10005,Sussex,2013,2017,Asian/Pacific Islander (includes Hispanic),
10,Delaware,10005,Sussex,2013,2017,Black (includes Hispanic),6.8
10,Delaware,10005,Sussex,2013,2017,Hispanic (all races),
10,Delaware,10005,Sussex,2013,2017,American Indian/Alaskan Native (includes Hispanic),
10,Delaware,10005,Sussex,2013,2017,White (includes Hispanic),9.8
10,Delaware,10005,Sussex,2014,2018,Asian/Pacific Islander (includes Hispanic),
10,Delaware,10005,Sussex,2014,2018,Black (includes Hispanic),6.7
10,Delaware,10005,Sussex,2014,2018,Hispanic (all races),
10,Delaware,10005,Sussex,2014,2018,American Indian/Alaskan Native (includes Hispanic),
10,Delaware,10005,Sussex,2014,2018,White (includes Hispanic),9.9
10,Delaware,10005,Sussex,2015,2019,Asian/Pacific Islander (includes Hispanic),
10,Delaware,10005,Sussex,2015,2019,Black (includes Hispanic),7.0
10,Delaware,10005,Sussex,2015,2019,Hispanic (all races),
10,Delaware,10005,Sussex,2015,2019,American Indian/Alaskan Native (includes Hispanic),
10,Delaware,10005,Sussex,2015,2019,White (includes Hispanic),10.1
10,Delaware,10005,Sussex,2016,2020,Asian/Pacific Islander (includes Hispanic),
10,Delaware,10005,Sussex,2016,2020,Black (includes Hispanic),6.0
10,Delaware,10005,Sussex,2016,2020,Hispanic (all races),
10,Delaware,10005,Sussex,2016,2020,American Indian/Alaskan Native (includes Hispanic),
10,Delaware,10005,Sussex,2016,2020,White (includes Hispanic),9.0
11,District of Columbia,11001,District of Columbia,2011,2015,Asian/Pacific Islander (includes Hispanic),5.1
11,District of Columbia,11001,District of Columbia,2011,2015,Black (includes Hispanic),7.3
11,District of Columbia,11001,District of Columbia,2011,2015,Hispanic (all races),10.2
11,District of Columbia,11001,District of Columbia,2011,2015,American Indian/Alaskan Native (includes Hispanic),
11,District of Columbia,11001,District of Columbia,2011,2015,White (includes Hispanic),4.8
11,District of Columbia,11001,District of Columbia,2012,2016,Asian/Pacific Islander (includes Hispanic),5.3
11,District of Columbia,11001,District of Columbia,2012,2016,Black (includes Hispanic),7.0
11,District of Columbia,11001,District of Columbia,2012,2016,Hispanic (all races),9.3
11,District of Columbia,11001,District of Columbia,2012,2016,American Indian/Alaskan Native (includes Hispanic),
11,District of Columbia,11001,District of Columbia,2012,2016,White (includes Hispanic),4.5
11,District of Columbia,11001,District of Columbia,2013,2017,Asian/Pacific Islander (includes Hispanic),4.7
11,District of Columbia,11001,District of Columbia,2013,2017,Black (includes Hispanic),6.7
11,District of Columbia,11001,District of Columbia,2013,2017,Hispanic (all races),9.6
11,District of Columbia,11001,District of Columbia,2013,2017,American Indian/Alaskan Native (includes Hispanic),
11,District of Columbia,11001,District of Columbia,2013,2017,White (includes Hispanic),4.5
11,District of Columbia,11001,District of Columbia,2014,2018,Asian/Pacific Islander (includes Hispanic),4.5
11,District of Columbia,11001,District of Columbia,2014,2018,Black (includes Hispanic),6.5
11,District of Columbia,11001,District of Columbia,2014,2018,Hispanic (all races),9.1
11,District of Columbia,11001,District of Columbia,2014,2018,American Indian/Alaskan Native (includes Hispanic),
11,District of Columbia,11001,District of Columbia,2014,2018,White (includes Hispanic),4.4
11,District of Columbia,11001,District of Columbia,2015,2019,Asian/Pacific Islander (includes Hispanic),4.0
11,District of Columbia,11001,District of Columbia,2015,2019,Black (includes Hispanic),6.6
11,District of Columbia,11001,District of Columbia,2015,2019,Hispanic (all races),9.4
11,District of Columbia,11001,District of Columbia,2015,2019,American Indian/Alaskan Native (includes Hispanic),
11,District of Columbia,11001,District of Columbia,2015,2019,White (includes Hispanic),4.2
11,District of Columbia,11001,District of Columbia,2016,2020,Asian/Pacific Islander (includes Hispanic),3.8
11,District of Columbia,11001,District of Columbia,2016,2020,Black (includes Hispanic),6.4
11,District of Columbia,11001,District of Columbia,2016,2020,Hispanic (all races),9.8
11,District of Columbia,11001,District of Columbia,2016,2020,American Indian/Alaskan Native (includes Hispanic),
11,District of Columbia,11001,District of Columbia,2016,2020,White (includes Hispanic),4.3
12,Florida,12001,Alachua,2011,2015,Asian/Pacific Islander (includes Hispanic),
12,Florida,12001,Alachua,2011,2015,Black (includes Hispanic),6.5
12,Florida,12001,Alachua,2011,2015,Hispanic (all races),
12,Florida,12001,Alachua,2011,2015,American Indian/Alaskan Native (includes Hispanic),
12,Florida,12001,Alachua,2011,2015,White (includes Hispanic),11.7
12,Florida,12001,Alachua,2012,2016,Asian/Pacific Islander (includes Hispanic),
12,Florida,12001,Alachua,2012,2016,Black (includes Hispanic),8.5
12,Florida,12001,Alachua,2012,2016,Hispanic (all races),11.6
12,Florida,12001,Alachua,2012,2016,American Indian/Alaskan Native (includes Hispanic),
12,Florida,12001,Alachua,2012,2016,White (includes Hispanic),11.4
12,Florida,12001,Alachua,2013,2017,Asian/Pacific Islander (includes Hispanic),
12,Florida,12001,Alachua,2013,2017,Black (includes Hispanic),8.2
12,Florida,12001,Alachua,2013,2017,Hispanic (all races),11.6
12,Florida,12001,Alachua,2013,2017,American Indian/Alaskan Native (includes Hispanic),
12,Florida,12001,Alachua,2013,2017,White (includes Hispanic),12.1
12,Florida,12001,Alachua,2014,2018,Asian/Pacific Islander (includes Hispanic),
12,Florida,12001,Alachua,2014,2018,Black (includes Hispanic),9.5
12,Florida,12001,Alachua,2014,2018,Hispanic (all races),10.6
12,Florida,12001,Alachua,2014,2018,American Indian/Alaskan Native (includes Hispanic),
12,Florida,12001,Alachua,2014,2018,White (includes Hispanic),12.7
12,Florida,12001,Alachua,2015,2019,Asian/Pacific Islander (includes Hispanic),
12,Florida,12001,Alachua,2015,2019,Black (includes Hispanic),10.6
12,Florida,12001,Alachua,2015,2019,Hispanic (all races),
12,Florida,12001,Alachua,2015,2019,American Indian/Alaskan Native (includes Hispanic),
12,Florida,12001,Alachua,2015,2019,White (includes Hispanic),11.6
12,Florida,12001,Alachua,2016,2020,Asian/Pacific Islander (includes Hispanic),
12,Florida,12001,Alachua,2016,2020,Black (includes Hispanic),11.1
12,Florida,12001,Alachua,2016,2020,Hispanic (all races),
12,Florida,12001,Alachua,2016,2020,American Indian/Alaskan Native (includes Hispanic),
12,Florida,12001,Alachua,2016,2020,White (includes Hispanic),11.1
12,Florida,12003,Baker,2011,2015,Asian/Pacific Islander (includes Hispanic),
12,Florida,12003,Baker,2011,2015,Black (includes Hispanic),10.3
12,Florida,12003,Baker,2011,2015,Hispanic (all races),9.0
12,Florida,12003,Baker,2011,2015,American Indian/Alaskan Native (includes Hispanic),
12,Florida,12003,Baker,2011,2015,White (includes Hispanic),9.8
12,Florida,12003,Baker,2012,2016,Asian/Pacific Islander (includes Hispanic),
12,Florida,12003,Baker,2012,2016,Black (includes Hispanic),11.7
12,Florida,12003,Baker,2012,2016,Hispanic (all races),8.0
12,Florida,12003,Baker,2012,2016,American Indian/Alaskan Native (includes Hispanic),
12,Florida,12003,Baker,2012,2016,White (includes Hispanic),10.6
12,Florida,12003,Baker,2013,2017,Asian/Pacific Islander (includes Hispanic),
12,Florida,12003,Baker,2013,2017,Black (includes Hispanic),11.7
12,Florida,12003,Baker,2013,2017,Hispanic (all races),9.2
12,Florida,12003,Baker,2013,2017,American Indian/Alaskan Native (includes Hispanic),
12,Florida,12003,Baker,2013,2017,White (includes Hispanic),10.6
12,Florida,12003,Baker,2014,2018,Asian/Pacific Islander (includes Hispanic),
12,Florida,12003,Baker,2014,2018,Black (includes Hispanic),10.4
12,Florida,12003,Baker,2014,2018,Hispanic (all races),9.0
12,Florida,12003,Baker,2014,2018,American Indian/Alaskan Native (includes Hispanic),
12,Florida,12003,Baker,2014,2018,White (includes Hispanic),10.6
12,Florida,12003,Baker,2015,2019,Asian/Pacific Islander (includes Hispanic),
12,Florida,12003,Baker,2015,2019,Black (includes Hispanic),10.6
12,Florida,12003,Baker,2015,2019,Hispanic (all races),11.4
12,Florida,12003,Baker,2015,2019,American Indian/Alaskan Native (includes Hispanic),
12,Florida,12003,Baker,2015,2019,White (includes Hispanic),10.9
12,Florida,12003,Baker,2016,2020,Asian/Pacific Islander (includes Hispanic),
12,Florida,12003,Baker,2016,2020,Black (includes Hispanic),10.1
12,Florida,12003,Baker,2016,2020,Hispanic (all races),12.0
12,Florida,12003,Baker,2016,2020,American Indian/Alaskan Native (includes Hispanic),
12,Florida,12003,Baker,2016,2020,White (includes Hispanic),11.0
12,Florida,12005,Bay,2011,2015,Asian/Pacific Islander (includes Hispanic),
12,Florida,12005,Bay,2011,2015,Black (includes Hispanic),
12,Florida,12005,Bay,2011,2015,Hispanic (all races),
12,Florida,12005,Bay,2011,2015,American Indian/Alaskan Native (includes Hispanic),
12,Florida,12005,Bay,2011,2015,White (includes Hispanic),11.1
12,Florida,12005,Bay,2012,2016,Asian/Pacific Islander (includes Hispanic),
12,Florida,12005,Bay,2012,2016,Black (includes Hispanic),
12,Florida,12005,Bay,2012,2016,Hispanic (all races),
12,Florida,12005,Bay,2012,2016,American Indian/Alaskan Native (includes Hispanic),
12,Florida,12005,Bay,2012,2016,White (includes Hispanic),10.1
12,Florida,12005,Bay,2013,2017,Asian/Pacific Islander (includes Hispanic),
12,Florida,12005,Bay,2013,2017,Black (includes Hispanic),
12,Florida,12005,Bay,2013,2017,Hispanic (all races),
12,Florida,12005,Bay,2013,2017,American Indian/Alaskan Native (includes Hispanic),
12,Florida,12005,Bay,2013,2017,White (includes Hispanic),9.9
12,Florida,12005,Bay,2014,2018,Asian/Pacific Islander (includes Hispanic),
12,Florida,12005,Bay,2014,2018,Black (includes Hispanic),
12,Florida,12005,Bay,2014,2018,Hispanic (all races),
12,Florida,12005,Bay,2014,2018,American Indian/Alaskan Native (includes Hispanic),
12,Florida,12005,Bay,2014,2018,White (includes Hispanic),9.9
12,Florida,12005,Bay,2015,2019,Asian/Pacific Islander (includes Hispanic),
12,Florida,12005,Bay,2015,2019,Black (includes Hispanic),
12,Florida,12005,Bay,2015,2019,Hispanic (all races),
12,Florida,12005,Bay,2015,2019,American Indian/Alaskan Native (includes Hispanic),
12,Florida,12005,Bay,2015,2019,White (includes Hispanic),10.7
12,Florida,12005,Bay,2016,2020,Asian/Pacific Islander (includes Hispanic),
12,Florida,12005,Bay,2016,2020,Black (includes Hispanic),
12,Florida,12005,Bay,2016,2020,Hispanic (all races),
12,Florida,12005,Bay,2016,2020,American Indian/Alaskan Native (includes Hispanic),
12,Florida,12005,Bay,2016,2020,White (includes Hispanic),9.2
12,Florida,12007,Bradford,2011,2015,Asian/Pacific Islander (includes Hispanic),
12,Florida,12007,Bradford,2011,2015,Black (includes Hispanic),
12,Florida,12007,Bradford,2011,2015,Hispanic (all races),
12,Florida,12007,Bradford,2011,2015,American Indian/Alaskan Native (includes Hispanic),
12,Florida,12007,Bradford,2011,2015,White (includes Hispanic),10.4
12,Florida,12007,Bradford,2012,2016,Asian/Pacific Islander (includes Hispanic),
12,Florida,12007,Bradford,2012,2016,Black (includes Hispanic),8.8
12,Florida,12007,Bradford,2012,2016,Hispanic (all races),
12,Florida,12007,Bradford,2012,2016,American Indian/Alaskan Native (includes Hispanic),
12,Florida,12007,Bradford,2012,2016,White (includes Hispanic),10.6
12,Florida,12007,Bradford,2013,2017,Asian/Pacific Islander (includes Hispanic),
12,Florida,12007,Bradford,2013,2017,Black (includes Hispanic),
12,Florida,12007,Bradford,2013,2017,Hispanic (all races),
12,Florida,12007,Bradford,2013,2017,American Indian/Alaskan Native (includes Hispanic),
12,Florida,12007,Bradford,2013,2017,White (includes Hispanic),10.6
12,Florida,12007,Bradford,2014,2018,Asian/Pacific Islander (includes Hispanic),
12,Florida,12007,Bradford,2014,2018,Black (includes Hispanic),
12,Florida,12007,Bradford,2014,2018,Hispanic (all races),
12,Florida,12007,Bradford,2014,2018,American Indian/Alaskan Native (includes Hispanic),
12,Florida,12007,Bradford,2014,2018,White (includes Hispanic),9.9
12,Florida,12007,Bradford,2015,2019,Asian/Pacific Islander (includes Hispanic),
12,Florida,12007,Bradford,2015,2019,Black (includes Hispanic),
12,Florida,12007,Bradford,2015,2019,Hispanic (all races),
12,Florida,12007,Bradford,2015,2019,American Indian/Alaskan Native (includes Hispanic),
12,Florida,12007,Bradford,2015,2019,White (includes Hispanic),9.4
12,Florida,12007,Bradford,2016,2020,Asian/Pacific Islander (includes Hispanic),
12,Florida,12007,Bradford,2016,2020,Black (includes Hispanic),
12,Florida,12007,Bradford,2016,2020,Hispanic (all races),
12,Florida,12007,Bradford,2016,2020,American Indian/Alaskan Native (includes Hispanic),
12,Florida,12007,Bradford,2016,2020,White (includes Hispanic),8.9
12,Florida,12009,Brevard,2011,2015,Asian/Pacific Islander (includes Hispanic),
12,Florida,12009,Brevard,2011,2015,Black (includes Hispanic),9.9
12,Florida,12009,Brevard,2011,2015,Hispanic (all races),9.4
12,Florida,12009,Brevard,2011,2015,American Indian/Alaskan Native (includes Hispanic),
12,Florida,12009,Brevard,2011,2015,White (includes Hispanic),8.6
12,Florida,12009,Brevard,2012,2016,Asian/Pacific Islander (includes Hispanic),
12,Florida,12009,Brevard,2012,2016,Black (includes Hispanic),10.1
12,Florida,12009,Brevard,2012,2016,Hispanic (all races),9.1
12,Florida,12009,Brevard,2012,2016,American Indian/Alaskan Native (includes Hispanic),
12,Florida,12009,Brevard,2012,2016,White (includes Hispanic),8.7
12,Florida,12009,Brevard,2013,2017,Asian/Pacific Islander (includes Hispanic),
12,Florida,12009,Brevard,2013,2017,Black (includes Hispanic),9.9
12,Florida,12009,Brevard,2013,2017,Hispanic (all races),10.0
12,Florida,12009,Brevard,2013,2017,American Indian/Alaskan Native (includes Hispanic),
12,Florida,12009,Brevard,2013,2017,White (includes Hispanic),8.7
12,Florida,12009,Brevard,2014,2018,Asian/Pacific Islander (includes Hispanic),
12,Florida,12009,Brevard,2014,2018,Black (includes Hispanic),10.6
12,Florida,12009,Brevard,2014,2018,Hispanic (all races),9.6
12,Florida,12009,Brevard,2014,2018,American Indian/Alaskan Native (includes Hispanic),
12,Florida,12009,Brevard,2014,2018,White (includes Hispanic),8.9
12,Florida,12009,Brevard,2015,2019,Asian/Pacific Islander (includes Hispanic),4.4
12,Florida,12009,Brevard,2015,2019,Black (includes Hispanic),11.2
12,Florida,12009,Brevard,2015,2019,Hispanic (all races),10.1
12,Florida,12009,Brevard,2015,2019,American Indian/Alaskan Native (includes Hispanic),
12,Florida,12009,Brevard,2015,2019,White (includes Hispanic),9.1
12,Florida,12009,Brevard,2016,2020,Asian/Pacific Islander (includes Hispanic),5.5
12,Florida,12009,Brevard,2016,2020,Black (includes Hispanic),10.5
12,Florida,12009,Brevard,2016,2020,Hispanic (all races),10.1
12,Florida,12009,Brevard,2016,2020,American Indian/Alaskan Native (includes Hispanic),
12,Florida,12009,Brevard,2016,2020,White (includes Hispanic),9.1
12,Florida,12011,Broward,2011,2015,Asian/Pacific Islander (includes Hispanic),3.5
12,Florida,12011,Broward,2011,2015,Black (includes Hispanic),13.3
12,Florida,12011,Broward,2011,2015,Hispanic (all races),9.7
12,Florida,12011,Broward,2011,2015,American Indian/Alaskan Native (includes Hispanic),
12,Florida,12011,Broward,2011,2015,White (includes Hispanic),8.7
12,Florida,12011,Broward,2012,2016,Asian/Pacific Islander (includes Hispanic),4.0
12,Florida,12011,Broward,2012,2016,Black (includes Hispanic),12.9
12,Florida,12011,Broward,2012,2016,Hispanic (all races),9.6
12,Florida,12011,Broward,2012,2016,American Indian/Alaskan Native (includes Hispanic),
12,Florida,12011,Broward,2012,2016,White (includes Hispanic),8.5
12,Florida,12011,Broward,2013,2017,Asian/Pacific Islander (includes Hispanic),4.8
12,Florida,12011,Broward,2013,2017,Black (includes Hispanic),12.8
12,Florida,12011,Broward,2013,2017,Hispanic (all races),9.5
12,Florida,12011,Broward,2013,2017,American Indian/Alaskan Native (includes Hispanic),
12,Florida,12011,Broward,2013,2017,White (includes Hispanic),8.6
12,Florida,12011,Broward,2014,2018,Asian/Pacific Islander (includes Hispanic),5.6
12,Florida,12011,Broward,2014,2018,Black (includes Hispanic),13.0
12,Florida,12011,Broward,2014,2018,Hispanic (all races),9.5
12,Florida,12011,Broward,2014,2018,American Indian/Alaskan Native (includes Hispanic),
12,Florida,12011,Broward,2014,2018,White (includes Hispanic),8.6
12,Florida,12011,Broward,2015,2019,Asian/Pacific Islander (includes Hispanic),5.6
12,Florida,12011,Broward,2015,2019,Black (includes Hispanic),13.0
12,Florida,12011,Broward,2015,2019,Hispanic (all races),9.5
12,Florida,12011,Broward,2015,2019,American Indian/Alaskan Native (includes Hispanic),
12,Florida,12011,Broward,2015,2019,White (includes Hispanic),8.5
12,Florida,12011,Broward,2016,2020,Asian/Pacific Islander (includes Hispanic),6.1
12,Florida,12011,Broward,2016,2020,Black (includes Hispanic),12.3
12,Florida,12011,Broward,2016,2020,Hispanic (all races),9.4
12,Florida,12011,Broward,2016,2020,American Indian/Alaskan Native (includes Hispanic),
12,Florida,12011,Broward,2016,2020,White (includes Hispanic),8.2
12,Florida,12013,Calhoun,2011,2015,Asian/Pacific Islander (includes Hispanic),
12,Florida,12013,Calhoun,2011,2015,Black (includes Hispanic),
12,Florida,12013,Calhoun,2011,2015,Hispanic (all races),
12,Florida,12013,Calhoun,2011,2015,American Indian/Alaskan Native (includes Hispanic),
12,Florida,12013,Calhoun,2011,2015,White (includes Hispanic),11.1
12,Florida,12013,Calhoun,2012,2016,Asian/Pacific Islander (includes Hispanic),
12,Florida,12013,Calhoun,2012,2016,Black (includes Hispanic),
12,Florida,12013,Calhoun,2012,2016,Hispanic (all races),
12,Florida,12013,Calhoun,2012,2016,American Indian/Alaskan Native (includes Hispanic),
12,Florida,12013,Calhoun,2012,2016,White (includes Hispanic),11.4
12,Florida,12013,Calhoun,2013,2017,Asian/Pacific Islander (includes Hispanic),
12,Florida,12013,Calhoun,2013,2017,Black (includes Hispanic),
12,Florida,12013,Calhoun,2013,2017,Hispanic (all races),
12,Florida,12013,Calhoun,2013,2017,American Indian/Alaskan Native (includes Hispanic),
12,Florida,12013,Calhoun,2013,2017,White (includes Hispanic),11.1
12,Florida,12013,Calhoun,2014,2018,Asian/Pacific Islander (includes Hispanic),
12,Florida,12013,Calhoun,2014,2018,Black (includes Hispanic),
12,Florida,12013,Calhoun,2014,2018,Hispanic (all races),
12,Florida,12013,Calhoun,2014,2018,American Indian/Alaskan Native (includes Hispanic),
12,Florida,12013,Calhoun,2014,2018,White (includes Hispanic),10.5
12,Florida,12013,Calhoun,2015,2019,Asian/Pacific Islander (includes Hispanic),
12,Florida,12013,Calhoun,2015,2019,Black (includes Hispanic),
12,Florida,12013,Calhoun,2015,2019,Hispanic (all races),
12,Florida,12013,Calhoun,2015,2019,American Indian/Alaskan Native (includes Hispanic),
12,Florida,12013,Calhoun,2015,2019,White (includes Hispanic),11.3
12,Florida,12013,Calhoun,2016,2020,Asian/Pacific Islander (includes Hispanic),
12,Florida,12013,Calhoun,2016,2020,Black (includes Hispanic),
12,Florida,12013,Calhoun,2016,2020,Hispanic (all races),
12,Florida,12013,Calhoun,2016,2020,American Indian/Alaskan Native (includes Hispanic),
12,Florida,12013,Calhoun,2016,2020,White (includes Hispanic),9.5
12,Florida,12015,Charlotte,2011,2015,Asian/Pacific Islander (includes Hispanic),
12,Florida,12015,Charlotte,2011,2015,Black (includes Hispanic),8.6
12,Florida,12015,Charlotte,2011,2015,Hispanic (all races),9.0
12,Florida,12015,Charlotte,2011,2015,American Indian/Alaskan Native (includes Hispanic),
12,Florida,12015,Charlotte,2011,2015,White (includes Hispanic),7.6
12,Florida,12015,Charlotte,2012,2016,Asian/Pacific Islander (includes Hispanic),
12,Florida,12015,Charlotte,2012,2016,Black (includes Hispanic),10.4
12,Florida,12015,Charlotte,2012,2016,Hispanic (all races),9.4
12,Florida,12015,Charlotte,2012,2016,American Indian/Alaskan Native (includes Hispanic),
12,Florida,12015,Charlotte,2012,2016,White (includes Hispanic),8.0
12,Florida,12015,Charlotte,2013,2017,Asian/Pacific Islander (includes Hispanic),
12,Florida,12015,Charlotte,2013,2017,Black (includes Hispanic),8.2
12,Florida,12015,Charlotte,2013,2017,Hispanic (all races),9.2
12,Florida,12015,Charlotte,2013,2017,American Indian/Alaskan Native (includes Hispanic),
12,Florida,12015,Charlotte,2013,2017,White (includes Hispanic),8.5
12,Florida,12015,Charlotte,2014,2018,Asian/Pacific Islander (includes Hispanic),
12,Florida,12015,Charlotte,2014,2018,Black (includes Hispanic),10.7
12,Florida,12015,Charlotte,2014,2018,Hispanic (all races),9.4
12,Florida,12015,Charlotte,2014,2018,American Indian/Alaskan Native (includes Hispanic),
12,Florida,12015,Charlotte,2014,2018,White (includes Hispanic),8.6
12,Florida,12015,Charlotte,2015,2019,Asian/Pacific Islander (includes Hispanic),
12,Florida,12015,Charlotte,2015,2019,Black (includes Hispanic),12.6
12,Florida,12015,Charlotte,2015,2019,Hispanic (all races),9.8
12,Florida,12015,Charlotte,2015,2019,American Indian/Alaskan Native (includes Hispanic),
12,Florida,12015,Charlotte,2015,2019,White (includes Hispanic),9.2
12,Florida,12015,Charlotte,2016,2020,Asian/Pacific Islander (includes Hispanic),
12,Florida,12015,Charlotte,2016,2020,Black (includes Hispanic),14.3
12,Florida,12015,Charlotte,2016,2020,Hispanic (all races),10.1
12,Florida,12015,Charlotte,2016,2020,American Indian/Alaskan Native (includes Hispanic),
12,Florida,12015,Charlotte,2016,2020,White (includes Hispanic),9.6
12,Florida,12017,Citrus,2011,2015,Asian/Pacific Islander (includes Hispanic),
12,Florida,12017,Citrus,2011,2015,Black (includes Hispanic),
12,Florida,12017,Citrus,2011,2015,Hispanic (all races),
12,Florida,12017,Citrus,2011,2015,American Indian/Alaskan Native (includes Hispanic),
12,Florida,12017,Citrus,2011,2015,White (includes Hispanic),11.2
12,Florida,12017,Citrus,2012,2016,Asian/Pacific Islander (includes Hispanic),
12,Florida,12017,Citrus,2012,2016,Black (includes Hispanic),
12,Florida,12017,Citrus,2012,2016,Hispanic (all races),
12,Florida,12017,Citrus,2012,2016,American Indian/Alaskan Native (includes Hispanic),
12,Florida,12017,Citrus,2012,2016,White (includes Hispanic),12.0
12,Florida,12017,Citrus,2013,2017,Asian/Pacific Islander (includes Hispanic),
12,Florida,12017,Citrus,2013,2017,Black (includes Hispanic),8.9
12,Florida,12017,Citrus,2013,2017,Hispanic (all races),
12,Florida,12017,Citrus,2013,2017,American Indian/Alaskan Native (includes Hispanic),
12,Florida,12017,Citrus,2013,2017,White (includes Hispanic),12.5
12,Florida,12017,Citrus,2014,2018,Asian/Pacific Islander (includes Hispanic),
12,Florida,12017,Citrus,2014,2018,Black (includes Hispanic),11.8
12,Florida,12017,Citrus,2014,2018,Hispanic (all races),
12,Florida,12017,Citrus,2014,2018,American Indian/Alaskan Native (includes Hispanic),
12,Florida,12017,Citrus,2014,2018,White (includes Hispanic),12.2
12,Florida,12017,Citrus,2015,2019,Asian/Pacific Islander (includes Hispanic),
12,Florida,12017,Citrus,2015,2019,Black (includes Hispanic),14.0
12,Florida,12017,Citrus,2015,2019,Hispanic (all races),
12,Florida,12017,Citrus,2015,2019,American Indian/Alaskan Native (includes Hispanic),
12,Florida,12017,Citrus,2015,2019,White (includes Hispanic),11.3
12,Florida,12017,Citrus,2016,2020,Asian/Pacific Islander (includes Hispanic),
12,Florida,12017,Citrus,2016,2020,Black (includes Hispanic),15.4
12,Florida,12017,Citrus,2016,2020,Hispanic (all races),8.4
12,Florida,12017,Citrus,2016,2020,American Indian/Alaskan Native (includes Hispanic),
12,Florida,12017,Citrus,2016,2020,White (includes Hispanic),11.8
12,Florida,12019,Clay,2011,2015,Asian/Pacific Islander (includes Hispanic),
12,Florida,12019,Clay,2011,2015,Black (includes Hispanic),10.7
12,Florida,12019,Clay,2011,2015,Hispanic (all races),9.9
12,Florida,12019,Clay,2011,2015,American Indian/Alaskan Native (includes Hispanic),
12,Florida,12019,Clay,2011,2015,White (includes Hispanic),9.2
12,Florida,12019,Clay,2012,2016,Asian/Pacific Islander (includes Hispanic),
12,Florida,12019,Clay,2012,2016,Black (includes Hispanic),11.9
12,Florida,12019,Clay,2012,2016,Hispanic (all races),8.9
12,Florida,12019,Clay,2012,2016,American Indian/Alaskan Native (includes Hispanic),
12,Florida,12019,Clay,2012,2016,White (includes Hispanic),9.8
12,Florida,12019,Clay,2013,2017,Asian/Pacific Islander (includes Hispanic),
12,Florida,12019,Clay,2013,2017,Black (includes Hispanic),11.4
12,Florida,12019,Clay,2013,2017,Hispanic (all races),9.8
12,Florida,12019,Clay,2013,2017,American Indian/Alaskan Native (includes Hispanic),
12,Florida,12019,Clay,2013,2017,White (includes Hispanic),9.3
12,Florida,12019,Clay,2014,2018,Asian/Pacific Islander (includes Hispanic),
12,Florida,12019,Clay,2014,2018,Black (includes Hispanic),10.3
12,Florida,12019,Clay,2014,2018,Hispanic (all races),9.5
12,Florida,12019,Clay,2014,2018,American Indian/Alaskan Native (includes Hispanic),
12,Florida,12019,Clay,2014,2018,White (includes Hispanic),9.4
12,Florida,12019,Clay,2015,2019,Asian/Pacific Islander (includes Hispanic),
12,Florida,12019,Clay,2015,2019,Black (includes Hispanic),10.6
12,Florida,12019,Clay,2015,2019,Hispanic (all races),10.6
12,Florida,12019,Clay,2015,2019,American Indian/Alaskan Native (includes Hispanic),
12,Florida,12019,Clay,2015,2019,White (includes Hispanic),9.5
12,Florida,12019,Clay,2016,2020,Asian/Pacific Islander (includes Hispanic),
12,Florida,12019,Clay,2016,2020,Black (includes Hispanic),10.0
12,Florida,12019,Clay,2016,2020,Hispanic (all races),10.6
12,Florida,12019,Clay,2016,2020,American Indian/Alaskan Native (includes Hispanic),
12,Florida,12019,Clay,2016,2020,White (includes Hispanic),9.2
12,Florida,12021,Collier,2011,2015,Asian/Pacific Islander (includes Hispanic),
12,Florida,12021,Collier,2011,2015,Black (includes Hispanic),13.5
12,Florida,12021,Collier,2011,2015,Hispanic (all races),9.6
12,Florida,12021,Collier,2011,2015,American Indian/Alaskan Native (includes Hispanic),
12,Florida,12021,Collier,2011,2015,White (includes Hispanic),8.9
12,Florida,12021,Collier,2012,2016,Asian/Pacific Islander (includes Hispanic),4.3
12,Florida,12021,Collier,2012,2016,Black (includes Hispanic),13.3
12,Florida,12021,Collier,2012,2016,Hispanic (all races),9.6
12,Florida,12021,Collier,2012,2016,American Indian/Alaskan Native (includes Hispanic),
12,Florida,12021,Collier,2012,2016,White (includes Hispanic),8.8
12,Florida,12021,Collier,2013,2017,Asian/Pacific Islander (includes Hispanic),5.3
12,Florida,12021,Collier,2013,2017,Black (includes Hispanic),12.9
12,Florida,12021,Collier,2013,2017,Hispanic (all races),9.7
12,Florida,12021,Collier,2013,2017,American Indian/Alaskan Native (includes Hispanic),
12,Florida,12021,Collier,2013,2017,White (includes Hispanic),9.0
12,Florida,12021,Collier,2014,2018,Asian/Pacific Islander (includes Hispanic),6.2
12,Florida,12021,Collier,2014,2018,Black (includes Hispanic),13.0
12,Florida,12021,Collier,2014,2018,Hispanic (all races),9.7
12,Florida,12021,Collier,2014,2018,American Indian/Alaskan Native (includes Hispanic),
12,Florida,12021,Collier,2014,2018,White (includes Hispanic),8.9
12,Florida,12021,Collier,2015,2019,Asian/Pacific Islander (includes Hispanic),6.0
12,Florida,12021,Collier,2015,2019,Black (includes Hispanic),13.1
12,Florida,12021,Collier,2015,2019,Hispanic (all races),9.7
12,Florida,12021,Collier,2015,2019,American Indian/Alaskan Native (includes Hispanic),
12,Florida,12021,Collier,2015,2019,White (includes Hispanic),8.9
12,Florida,12021,Collier,2016,2020,Asian/Pacific Islander (includes Hispanic),6.5
12,Florida,12021,Collier,2016,2020,Black (includes Hispanic),12.4
12,Florida,12021,Collier,2016,2020,Hispanic (all races),9.7
12,Florida,12021,Collier,2016,2020,American Indian/Alaskan Native (includes Hispanic),
12,Florida,12021,Collier,2016,2020,White (includes Hispanic),8.8
12,Florida,12023,Columbia,2011,2015,Asian/Pacific Islander (includes Hispanic),
12,Florida,12023,Columbia,2011,2015,Black (includes Hispanic),
12,Florida,12023,Columbia,2011,2015,Hispanic (all races),
12,Florida,12023,Columbia,2011,2015,American Indian/Alaskan Native (includes Hispanic),
12,Florida,12023,Columbia,2011,2015,White (includes Hispanic),9.1
12,Florida,12023,Columbia,2012,2016,Asian/Pacific Islander (includes Hispanic),
12,Florida,12023,Columbia,2012,2016,Black (includes Hispanic),
12,Florida,12023,Columbia,2012,2016,Hispanic (all races),
12,Florida,12023,Columbia,2012,2016,American Indian/Alaskan Native (includes Hispanic),
12,Florida,12023,Columbia,2012,2016,White (includes Hispanic),8.6
12,Florida,12023,Columbia,2013,2017,Asian/Pacific Islander (includes Hispanic),
12,Florida,12023,Columbia,2013,2017,Black (includes Hispanic),
12,Florida,12023,Columbia,2013,2017,Hispanic (all races),
12,Florida,12023,Columbia,2013,2017,American Indian/Alaskan Native (includes Hispanic),
12,Florida,12023,Columbia,2013,2017,White (includes Hispanic),9.0
12,Florida,12023,Columbia,2014,2018,Asian/Pacific Islander (includes Hispanic),
12,Florida,12023,Columbia,2014,2018,Black (includes Hispanic),
12,Florida,12023,Columbia,2014,2018,Hispanic (all races),
12,Florida,12023,Columbia,2014,2018,American Indian/Alaskan Native (includes Hispanic),
12,Florida,12023,Columbia,2014,2018,White (includes Hispanic),9.5
12,Florida,12023,Columbia,2015,2019,Asian/Pacific Islander (includes Hispanic),
12,Florida,12023,Columbia,2015,2019,Black (includes Hispanic),9.0
12,Florida,12023,Columbia,2015,2019,Hispanic (all races),
12,Florida,12023,Columbia,2015,2019,American Indian/Alaskan Native (includes Hispanic),
12,Florida,12023,Columbia,2015,2019,White (includes Hispanic),9.3
12,Florida,12023,Columbia,2016,2020,Asian/Pacific Islander (includes Hispanic),
12,Florida,12023,Columbia,2016,2020,Black (includes Hispanic),
12,Florida,12023,Columbia,2016,2020,Hispanic (all races),
12,Florida,12023,Columbia,2016,2020,American Indian/Alaskan Native (includes Hispanic),
12,Florida,12023,Columbia,2016,2020,White (includes Hispanic),10.1
12,Florida,12027,DeSoto,2011,2015,Asian/Pacific Islander (includes Hispanic),
12,Florida,12027,DeSoto,2011,2015,Black (includes Hispanic),
12,Florida,12027,DeSoto,2011,2015,Hispanic (all races),10.6
12,Florida,12027,DeSoto,2011,2015,American Indian/Alaskan Native (includes Hispanic),
12,Florida,12027,DeSoto,2011,2015,White (includes Hispanic),7.9
12,Florida,12027,DeSoto,2012,2016,Asian/Pacific Islander (includes Hispanic),
12,Florida,12027,DeSoto,2012,2016,Black (includes Hispanic),
12,Florida,12027,DeSoto,2012,2016,Hispanic (all races),10.1
12,Florida,12027,DeSoto,2012,2016,American Indian/Alaskan Native (includes Hispanic),
12,Florida,12027,DeSoto,2012,2016,White (includes Hispanic),7.8
12,Florida,12027,DeSoto,2013,2017,Asian/Pacific Islander (includes Hispanic),
12,Florida,12027,DeSoto,2013,2017,Black (includes Hispanic),
12,Florida,12027,DeSoto,2013,2017,Hispanic (all races),9.5
12,Florida,12027,DeSoto,2013,2017,American Indian/Alaskan Native (includes Hispanic),
12,Florida,12027,DeSoto,2013,2017,White (includes Hispanic),8.4
12,Florida,12027,DeSoto,2014,2018,Asian/Pacific Islander (includes Hispanic),
12,Florida,12027,DeSoto,2014,2018,Black (includes Hispanic),
12,Florida,12027,DeSoto,2014,2018,Hispanic (all races),8.5
12,Florida,12027,DeSoto,2014,2018,American Indian/Alaskan Native (includes Hispanic),
12,Florida,12027,DeSoto,2014,2018,White (includes Hispanic),8.6
12,Florida,12027,DeSoto,2015,2019,Asian/Pacific Islander (includes Hispanic),
12,Florida,12027,DeSoto,2015,2019,Black (includes Hispanic),8.6
12,Florida,12027,DeSoto,2015,2019,Hispanic (all races),9.0
12,Florida,12027,DeSoto,2015,2019,American Indian/Alaskan Native (includes Hispanic),
12,Florida,12027,DeSoto,2015,2019,White (includes Hispanic),8.8
12,Florida,12027,DeSoto,2016,2020,Asian/Pacific Islander (includes Hispanic),
12,Florida,12027,DeSoto,2016,2020,Black (includes Hispanic),8.7
12,Florida,12027,DeSoto,2016,2020,Hispanic (all races),7.9
12,Florida,12027,DeSoto,2016,2020,American Indian/Alaskan Native (includes Hispanic),
12,Florida,12027,DeSoto,2016,2020,White (includes Hispanic),8.6
12,Florida,12029,Dixie,2011,2015,Asian/Pacific Islander (includes Hispanic),
12,Florida,12029,Dixie,2011,2015,Black (includes Hispanic),
12,Florida,12029,Dixie,2011,2015,Hispanic (all races),
12,Florida,12029,Dixie,2011,2015,American Indian/Alaskan Native (includes Hispanic),
12,Florida,12029,Dixie,2011,2015,White (includes Hispanic),8.4
12,Florida,12029,Dixie,2012,2016,Asian/Pacific Islander (includes Hispanic),
12,Florida,12029,Dixie,2012,2016,Black (includes Hispanic),
12,Florida,12029,Dixie,2012,2016,Hispanic (all races),
12,Florida,12029,Dixie,2012,2016,American Indian/Alaskan Native (includes Hispanic),
12,Florida,12029,Dixie,2012,2016,White (includes Hispanic),10.4
12,Florida,12029,Dixie,2013,2017,Asian/Pacific Islander (includes Hispanic),
12,Florida,12029,Dixie,2013,2017,Black (includes Hispanic),
12,Florida,12029,Dixie,2013,2017,Hispanic (all races),
12,Florida,12029,Dixie,2013,2017,American Indian/Alaskan Native (includes Hispanic),
12,Florida,12029,Dixie,2013,2017,White (includes Hispanic),12.6
12,Florida,12029,Dixie,2014,2018,Asian/Pacific Islander (includes Hispanic),
12,Florida,12029,Dixie,2014,2018,Black (includes Hispanic),
12,Florida,12029,Dixie,2014,2018,Hispanic (all races),
12,Florida,12029,Dixie,2014,2018,American Indian/Alaskan Native (includes Hispanic),
12,Florida,12029,Dixie,2014,2018,White (includes Hispanic),14.5
12,Florida,12029,Dixie,2015,2019,Asian/Pacific Islander (includes Hispanic),
12,Florida,12029,Dixie,2015,2019,Black (includes Hispanic),
12,Florida,12029,Dixie,2015,2019,Hispanic (all races),
12,Florida,12029,Dixie,2015,2019,American Indian/Alaskan Native (includes Hispanic),
12,Florida,12029,Dixie,2015,2019,White (includes Hispanic),14.7
12,Florida,12029,Dixie,2016,2020,Asian/Pacific Islander (includes Hispanic),
12,Florida,12029,Dixie,2016,2020,Black (includes Hispanic),
12,Florida,12029,Dixie,2016,2020,Hispanic (all races),
12,Florida,12029,Dixie,2016,2020,American Indian/Alaskan Native (includes Hispanic),
12,Florida,12029,Dixie,2016,2020,White (includes Hispanic),17.2
12,Florida,12031,Duval,2011,2015,Asian/Pacific Islander (includes Hispanic),
12,Florida,12031,Duval,2011,2015,Black (includes Hispanic),10.7
12,Florida,12031,Duval,2011,2015,Hispanic (all races),8.6
12,Florida,12031,Duval,2011,2015,American Indian/Alaskan Native (includes Hispanic),
12,Florida,12031,Duval,2011,2015,White (includes Hispanic),8.7
12,Florida,12031,Duval,2012,2016,Asian/Pacific Islander (includes Hispanic),
12,Florida,12031,Duval,2012,2016,Black (includes Hispanic),11.8
12,Florida,12031,Duval,2012,2016,Hispanic (all races),7.6
12,Florida,12031,Duval,2012,2016,American Indian/Alaskan Native (includes Hispanic),
12,Florida,12031,Duval,2012,2016,White (includes Hispanic),9.6
12,Florida,12031,Duval,2013,2017,Asian/Pacific Islander (includes Hispanic),
12,Florida,12031,Duval,2013,2017,Black (includes Hispanic),11.5
12,Florida,12031,Duval,2013,2017,Hispanic (all races),8.7
12,Florida,12031,Duval,2013,2017,American Indian/Alaskan Native (includes Hispanic),
12,Florida,12031,Duval,2013,2017,White (includes Hispanic),9.3
12,Florida,12031,Duval,2014,2018,Asian/Pacific Islander (includes Hispanic),
12,Florida,12031,Duval,2014,2018,Black (includes Hispanic),10.2
12,Florida,12031,Duval,2014,2018,Hispanic (all races),8.5
12,Florida,12031,Duval,2014,2018,American Indian/Alaskan Native (includes Hispanic),
12,Florida,12031,Duval,2014,2018,White (includes Hispanic),9.3
12,Florida,12031,Duval,2015,2019,Asian/Pacific Islander (includes Hispanic),
12,Florida,12031,Duval,2015,2019,Black (includes Hispanic),10.6
12,Florida,12031,Duval,2015,2019,Hispanic (all races),10.6
12,Florida,12031,Duval,2015,2019,American Indian/Alaskan Native (includes Hispanic),
12,Florida,12031,Duval,2015,2019,White (includes Hispanic),9.6
12,Florida,12031,Duval,2016,2020,Asian/Pacific Islander (includes Hispanic),
12,Florida,12031,Duval,2016,2020,Black (includes Hispanic),10.1
12,Florida,12031,Duval,2016,2020,Hispanic (all races),10.5
12,Florida,12031,Duval,2016,2020,American Indian/Alaskan Native (includes Hispanic),
12,Florida,12031,Duval,2016,2020,White (includes Hispanic),9.4
12,Florida,12033,Escambia,2011,2015,Asian/Pacific Islander (includes Hispanic),
12,Florida,12033,Escambia,2011,2015,Black (includes Hispanic),8.3
12,Florida,12033,Escambia,2011,2015,Hispanic (all races),
12,Florida,12033,Escambia,2011,2015,American Indian/Alaskan Native (includes Hispanic),
12,Florida,12033,Escambia,2011,2015,White (includes Hispanic),7.9
12,Florida,12033,Escambia,2012,2016,Asian/Pacific Islander (includes Hispanic),
12,Florida,12033,Escambia,2012,2016,Black (includes Hispanic),8.6
12,Florida,12033,Escambia,2012,2016,Hispanic (all races),
12,Florida,12033,Escambia,2012,2016,American Indian/Alaskan Native (includes Hispanic),
12,Florida,12033,Escambia,2012,2016,White (includes Hispanic),7.5
12,Florida,12033,Escambia,2013,2017,Asian/Pacific Islander (includes Hispanic),
12,Florida,12033,Escambia,2013,2017,Black (includes Hispanic),12.1
12,Florida,12033,Escambia,2013,2017,Hispanic (all races),
12,Florida,12033,Escambia,2013,2017,American Indian/Alaskan Native (includes Hispanic),
12,Florida,12033,Escambia,2013,2017,White (includes Hispanic),8.0
12,Florida,12033,Escambia,2014,2018,Asian/Pacific Islander (includes Hispanic),
12,Florida,12033,Escambia,2014,2018,Black (includes Hispanic),11.0
12,Florida,12033,Escambia,2014,2018,Hispanic (all races),
12,Florida,12033,Escambia,2014,2018,American Indian/Alaskan Native (includes Hispanic),
12,Florida,12033,Escambia,2014,2018,White (includes Hispanic),8.3
12,Florida,12033,Escambia,2015,2019,Asian/Pacific Islander (includes Hispanic),
12,Florida,12033,Escambia,2015,2019,Black (includes Hispanic),12.0
12,Florida,12033,Escambia,2015,2019,Hispanic (all races),
12,Florida,12033,Escambia,2015,2019,American Indian/Alaskan Native (includes Hispanic),
12,Florida,12033,Escambia,2015,2019,White (includes Hispanic),8.6
12,Florida,12033,Escambia,2016,2020,Asian/Pacific Islander (includes Hispanic),
12,Florida,12033,Escambia,2016,2020,Black (includes Hispanic),11.0
12,Florida,12033,Escambia,2016,2020,Hispanic (all races),
12,Florida,12033,Escambia,2016,2020,American Indian/Alaskan Native (includes Hispanic),
12,Florida,12033,Escambia,2016,2020,White (includes Hispanic),9.7
12,Florida,12035,Flagler,2011,2015,Asian/Pacific Islander (includes Hispanic),
12,Florida,12035,Flagler,2011,2015,Black (includes Hispanic),
12,Florida,12035,Flagler,2011,2015,Hispanic (all races),8.7
12,Florida,12035,Flagler,2011,2015,American Indian/Alaskan Native (includes Hispanic),
12,Florida,12035,Flagler,2011,2015,White (includes Hispanic),9.6
12,Florida,12035,Flagler,2012,2016,Asian/Pacific Islander (includes Hispanic),
12,Florida,12035,Flagler,2012,2016,Black (includes Hispanic),
12,Florida,12035,Flagler,2012,2016,Hispanic (all races),10.0
12,Florida,12035,Flagler,2012,2016,American Indian/Alaskan Native (includes Hispanic),
12,Florida,12035,Flagler,2012,2016,White (includes Hispanic),10.2
12,Florida,12035,Flagler,2013,2017,Asian/Pacific Islander (includes Hispanic),
12,Florida,12035,Flagler,2013,2017,Black (includes Hispanic),
12,Florida,12035,Flagler,2013,2017,Hispanic (all races),10.9
12,Florida,12035,Flagler,2013,2017,American Indian/Alaskan Native (includes Hispanic),
12,Florida,12035,Flagler,2013,2017,White (includes Hispanic),10.0
12,Florida,12035,Flagler,2014,2018,Asian/Pacific Islander (includes Hispanic),
12,Florida,12035,Flagler,2014,2018,Black (includes Hispanic),
12,Florida,12035,Flagler,2014,2018,Hispanic (all races),10.0
12,Florida,12035,Flagler,2014,2018,American Indian/Alaskan Native (includes Hispanic),
12,Florida,12035,Flagler,2014,2018,White (includes Hispanic),10.1
12,Florida,12035,Flagler,2015,2019,Asian/Pacific Islander (includes Hispanic),
12,Florida,12035,Flagler,2015,2019,Black (includes Hispanic),10.1
12,Florida,12035,Flagler,2015,2019,Hispanic (all races),8.3
12,Florida,12035,Flagler,2015,2019,American Indian/Alaskan Native (includes Hispanic),
12,Florida,12035,Flagler,2015,2019,White (includes Hispanic),9.1
12,Florida,12035,Flagler,2016,2020,Asian/Pacific Islander (includes Hispanic),
12,Florida,12035,Flagler,2016,2020,Black (includes Hispanic),9.1
12,Florida,12035,Flagler,2016,2020,Hispanic (all races),7.2
12,Florida,12035,Flagler,2016,2020,American Indian/Alaskan Native (includes Hispanic),
12,Florida,12035,Flagler,2016,2020,White (includes Hispanic),8.3
12,Florida,12037,Franklin,2011,2015,Asian/Pacific Islander (includes Hispanic),
12,Florida,12037,Franklin,2011,2015,Black (includes Hispanic),
12,Florida,12037,Franklin,2011,2015,Hispanic (all races),
12,Florida,12037,Franklin,2011,2015,American Indian/Alaskan Native (includes Hispanic),
12,Florida,12037,Franklin,2011,2015,White (includes Hispanic),
12,Florida,12037,Franklin,2012,2016,Asian/Pacific Islander (includes Hispanic),
12,Florida,12037,Franklin,2012,2016,Black (includes Hispanic),
12,Florida,12037,Franklin,2012,2016,Hispanic (all races),
12,Florida,12037,Franklin,2012,2016,American Indian/Alaskan Native (includes Hispanic),
12,Florida,12037,Franklin,2012,2016,White (includes Hispanic),13.1
12,Florida,12037,Franklin,2013,2017,Asian/Pacific Islander (includes Hispanic),
12,Florida,12037,Franklin,2013,2017,Black (includes Hispanic),
12,Florida,12037,Franklin,2013,2017,Hispanic (all races),
12,Florida,12037,Franklin,2013,2017,American Indian/Alaskan Native (includes Hispanic),
12,Florida,12037,Franklin,2013,2017,White (includes Hispanic),
12,Florida,12037,Franklin,2014,2018,Asian/Pacific Islander (includes Hispanic),
12,Florida,12037,Franklin,2014,2018,Black (includes Hispanic),
12,Florida,12037,Franklin,2014,2018,Hispanic (all races),
12,Florida,12037,Franklin,2014,2018,American Indian/Alaskan Native (includes Hispanic),
12,Florida,12037,Franklin,2014,2018,White (includes Hispanic),
12,Florida,12037,Franklin,2015,2019,Asian/Pacific Islander (includes Hispanic),
12,Florida,12037,Franklin,2015,2019,Black (includes Hispanic),
12,Florida,12037,Franklin,2015,2019,Hispanic (all races),
12,Florida,12037,Franklin,2015,2019,American Indian/Alaskan Native (includes Hispanic),
12,Florida,12037,Franklin,2015,2019,White (includes Hispanic),
12,Florida,12037,Franklin,2016,2020,Asian/Pacific Islander (includes Hispanic),
12,Florida,12037,Franklin,2016,2020,Black (includes Hispanic),
12,Florida,12037,Franklin,2016,2020,Hispanic (all races),
12,Florida,12037,Franklin,2016,2020,American Indian/Alaskan Native (includes Hispanic),
12,Florida,12037,Franklin,2016,2020,White (includes Hispanic),
12,Florida,12039,Gadsden,2011,2015,Asian/Pacific Islander (includes Hispanic),
12,Florida,12039,Gadsden,2011,2015,Black (includes Hispanic),8.4
12,Florida,12039,Gadsden,2011,2015,Hispanic (all races),
12,Florida,12039,Gadsden,2011,2015,American Indian/Alaskan Native (includes Hispanic),
12,Florida,12039,Gadsden,2011,2015,White (includes Hispanic),8.0
12,Florida,12039,Gadsden,2012,2016,Asian/Pacific Islander (includes Hispanic),
12,Florida,12039,Gadsden,2012,2016,Black (includes Hispanic),7.3
12,Florida,12039,Gadsden,2012,2016,Hispanic (all races),
12,Florida,12039,Gadsden,2012,2016,American Indian/Alaskan Native (includes Hispanic),
12,Florida,12039,Gadsden,2012,2016,White (includes Hispanic),8.1
12,Florida,12039,Gadsden,2013,2017,Asian/Pacific Islander (includes Hispanic),
12,Florida,12039,Gadsden,2013,2017,Black (includes Hispanic),7.6
12,Florida,12039,Gadsden,2013,2017,Hispanic (all races),
12,Florida,12039,Gadsden,2013,2017,American Indian/Alaskan Native (includes Hispanic),
12,Florida,12039,Gadsden,2013,2017,White (includes Hispanic),8.7
12,Florida,12039,Gadsden,2014,2018,Asian/Pacific Islander (includes Hispanic),
12,Florida,12039,Gadsden,2014,2018,Black (includes Hispanic),7.8
12,Florida,12039,Gadsden,2014,2018,Hispanic (all races),
12,Florida,12039,Gadsden,2014,2018,American Indian/Alaskan Native (includes Hispanic),
12,Florida,12039,Gadsden,2014,2018,White (includes Hispanic),8.7
12,Florida,12039,Gadsden,2015,2019,Asian/Pacific Islander (includes Hispanic),
12,Florida,12039,Gadsden,2015,2019,Black (includes Hispanic),7.4
12,Florida,12039,Gadsden,2015,2019,Hispanic (all races),
12,Florida,12039,Gadsden,2015,2019,American Indian/Alaskan Native (includes Hispanic),
12,Florida,12039,Gadsden,2015,2019,White (includes Hispanic),8.1
12,Florida,12039,Gadsden,2016,2020,Asian/Pacific Islander (includes Hispanic),
12,Florida,12039,Gadsden,2016,2020,Black (includes Hispanic),6.6
12,Florida,12039,Gadsden,2016,2020,Hispanic (all races),
12,Florida,12039,Gadsden,2016,2020,American Indian/Alaskan Native (includes Hispanic),
12,Florida,12039,Gadsden,2016,2020,White (includes Hispanic),8.1
12,Florida,12041,Gilchrist,2011,2015,Asian/Pacific Islander (includes Hispanic),
12,Florida,12041,Gilchrist,2011,2015,Black (includes Hispanic),
12,Florida,12041,Gilchrist,2011,2015,Hispanic (all races),
12,Florida,12041,Gilchrist,2011,2015,American Indian/Alaskan Native (includes Hispanic),
12,Florida,12041,Gilchrist,2011,2015,White (includes Hispanic),9.5
12,Florida,12041,Gilchrist,2012,2016,Asian/Pacific Islander (includes Hispanic),
12,Florida,12041,Gilchrist,2012,2016,Black (includes Hispanic),
12,Florida,12041,Gilchrist,2012,2016,Hispanic (all races),
12,Florida,12041,Gilchrist,2012,2016,American Indian/Alaskan Native (includes Hispanic),
12,Florida,12041,Gilchrist,2012,2016,White (includes Hispanic),8.9
12,Florida,12041,Gilchrist,2013,2017,Asian/Pacific Islander (includes Hispanic),
12,Florida,12041,Gilchrist,2013,2017,Black (includes Hispanic),
12,Florida,12041,Gilchrist,2013,2017,Hispanic (all races),
12,Florida,12041,Gilchrist,2013,2017,American Indian/Alaskan Native (includes Hispanic),
12,Florida,12041,Gilchrist,2013,2017,White (includes Hispanic),10.2
12,Florida,12041,Gilchrist,2014,2018,Asian/Pacific Islander (includes Hispanic),
12,Florida,12041,Gilchrist,2014,2018,Black (includes Hispanic),
12,Florida,12041,Gilchrist,2014,2018,Hispanic (all races),
12,Florida,12041,Gilchrist,2014,2018,American Indian/Alaskan Native (includes Hispanic),
12,Florida,12041,Gilchrist,2014,2018,White (includes Hispanic),10.6
12,Florida,12041,Gilchrist,2015,2019,Asian/Pacific Islander (includes Hispanic),
12,Florida,12041,Gilchrist,2015,2019,Black (includes Hispanic),9.4
12,Florida,12041,Gilchrist,2015,2019,Hispanic (all races),
12,Florida,12041,Gilchrist,2015,2019,American Indian/Alaskan Native (includes Hispanic),
12,Florida,12041,Gilchrist,2015,2019,White (includes Hispanic),10.2
12,Florida,12041,Gilchrist,2016,2020,Asian/Pacific Islander (includes Hispanic),
12,Florida,12041,Gilchrist,2016,2020,Black (includes Hispanic),
12,Florida,12041,Gilchrist,2016,2020,Hispanic (all races),
12,Florida,12041,Gilchrist,2016,2020,American Indian/Alaskan Native (includes Hispanic),
12,Florida,12041,Gilchrist,2016,2020,White (includes Hispanic),10.5
12,Florida,12043,Glades,2011,2015,Asian/Pacific Islander (includes Hispanic),
12,Florida,12043,Glades,2011,2015,Black (includes Hispanic),10.9
12,Florida,12043,Glades,2011,2015,Hispanic (all races),9.1
12,Florida,12043,Glades,2011,2015,American Indian/Alaskan Native (includes Hispanic),
12,Florida,12043,Glades,2011,2015,White (includes Hispanic),7.9
12,Florida,12043,Glades,2012,2016,Asian/Pacific Islander (includes Hispanic),
12,Florida,12043,Glades,2012,2016,Black (includes Hispanic),10.8
12,Florida,12043,Glades,2012,2016,Hispanic (all races),8.7
12,Florida,12043,Glades,2012,2016,American Indian/Alaskan Native (includes Hispanic),
12,Florida,12043,Glades,2012,2016,White (includes Hispanic),8.0
12,Florida,12043,Glades,2013,2017,Asian/Pacific Islander (includes Hispanic),
12,Florida,12043,Glades,2013,2017,Black (includes Hispanic),10.7
12,Florida,12043,Glades,2013,2017,Hispanic (all races),8.0
12,Florida,12043,Glades,2013,2017,American Indian/Alaskan Native (includes Hispanic),
12,Florida,12043,Glades,2013,2017,White (includes Hispanic),8.1
12,Florida,12043,Glades,2014,2018,Asian/Pacific Islander (includes Hispanic),
12,Florida,12043,Glades,2014,2018,Black (includes Hispanic),11.7
12,Florida,12043,Glades,2014,2018,Hispanic (all races),7.9
12,Florida,12043,Glades,2014,2018,American Indian/Alaskan Native (includes Hispanic),
12,Florida,12043,Glades,2014,2018,White (includes Hispanic),7.9
12,Florida,12043,Glades,2015,2019,Asian/Pacific Islander (includes Hispanic),
12,Florida,12043,Glades,2015,2019,Black (includes Hispanic),12.3
12,Florida,12043,Glades,2015,2019,Hispanic (all races),8.4
12,Florida,12043,Glades,2015,2019,American Indian/Alaskan Native (includes Hispanic),
12,Florida,12043,Glades,2015,2019,White (includes Hispanic),7.8
12,Florida,12043,Glades,2016,2020,Asian/Pacific Islander (includes Hispanic),
12,Florida,12043,Glades,2016,2020,Black (includes Hispanic),12.7
12,Florida,12043,Glades,2016,2020,Hispanic (all races),8.4
12,Florida,12043,Glades,2016,2020,American Indian/Alaskan Native (includes Hispanic),
12,Florida,12043,Glades,2016,2020,White (includes Hispanic),7.7
12,Florida,12045,Gulf,2011,2015,Asian/Pacific Islander (includes Hispanic),
12,Florida,12045,Gulf,2011,2015,Black (includes Hispanic),
12,Florida,12045,Gulf,2011,2015,Hispanic (all races),
12,Florida,12045,Gulf,2011,2015,American Indian/Alaskan Native (includes Hispanic),
12,Florida,12045,Gulf,2011,2015,White (includes Hispanic),10.3
12,Florida,12045,Gulf,2012,2016,Asian/Pacific Islander (includes Hispanic),
12,Florida,12045,Gulf,2012,2016,Black (includes Hispanic),
12,Florida,12045,Gulf,2012,2016,Hispanic (all races),
12,Florida,12045,Gulf,2012,2016,American Indian/Alaskan Native (includes Hispanic),
12,Florida,12045,Gulf,2012,2016,White (includes Hispanic),10.5
12,Florida,12045,Gulf,2013,2017,Asian/Pacific Islander (includes Hispanic),
12,Florida,12045,Gulf,2013,2017,Black (includes Hispanic),
12,Florida,12045,Gulf,2013,2017,Hispanic (all races),
12,Florida,12045,Gulf,2013,2017,American Indian/Alaskan Native (includes Hispanic),
12,Florida,12045,Gulf,2013,2017,White (includes Hispanic),10.8
12,Florida,12045,Gulf,2014,2018,Asian/Pacific Islander (includes Hispanic),
12,Florida,12045,Gulf,2014,2018,Black (includes Hispanic),
12,Florida,12045,Gulf,2014,2018,Hispanic (all races),
12,Florida,12045,Gulf,2014,2018,American Indian/Alaskan Native (includes Hispanic),
12,Florida,12045,Gulf,2014,2018,White (includes Hispanic),10.4
12,Florida,12045,Gulf,2015,2019,Asian/Pacific Islander (includes Hispanic),
12,Florida,12045,Gulf,2015,2019,Black (includes Hispanic),
12,Florida,12045,Gulf,2015,2019,Hispanic (all races),
12,Florida,12045,Gulf,2015,2019,American Indian/Alaskan Native (includes Hispanic),
12,Florida,12045,Gulf,2015,2019,White (includes Hispanic),12.3
12,Florida,12045,Gulf,2016,2020,Asian/Pacific Islander (includes Hispanic),
12,Florida,12045,Gulf,2016,2020,Black (includes Hispanic),
12,Florida,12045,Gulf,2016,2020,Hispanic (all races),
12,Florida,12045,Gulf,2016,2020,American Indian/Alaskan Native (includes Hispanic),
12,Florida,12045,Gulf,2016,2020,White (includes Hispanic),10.6
12,Florida,12047,Hamilton,2011,2015,Asian/Pacific Islander (includes Hispanic),
12,Florida,12047,Hamilton,2011,2015,Black (includes Hispanic),
12,Florida,12047,Hamilton,2011,2015,Hispanic (all races),
12,Florida,12047,Hamilton,2011,2015,American Indian/Alaskan Native (includes Hispanic),
12,Florida,12047,Hamilton,2011,2015,White (includes Hispanic),11.6
12,Florida,12047,Hamilton,2012,2016,Asian/Pacific Islander (includes Hispanic),
12,Florida,12047,Hamilton,2012,2016,Black (includes Hispanic),
12,Florida,12047,Hamilton,2012,2016,Hispanic (all races),
12,Florida,12047,Hamilton,2012,2016,American Indian/Alaskan Native (includes Hispanic),
12,Florida,12047,Hamilton,2012,2016,White (includes Hispanic),11.2
12,Florida,12047,Hamilton,2013,2017,Asian/Pacific Islander (includes Hispanic),
12,Florida,12047,Hamilton,2013,2017,Black (includes Hispanic),
12,Florida,12047,Hamilton,2013,2017,Hispanic (all races),
12,Florida,12047,Hamilton,2013,2017,American Indian/Alaskan Native (includes Hispanic),
12,Florida,12047,Hamilton,2013,2017,White (includes Hispanic),11.5
12,Florida,12047,Hamilton,2014,2018,Asian/Pacific Islander (includes Hispanic),
12,Florida,12047,Hamilton,2014,2018,Black (includes Hispanic),
12,Florida,12047,Hamilton,2014,2018,Hispanic (all races),
12,Florida,12047,Hamilton,2014,2018,American Indian/Alaskan Native (includes Hispanic),
12,Florida,12047,Hamilton,2014,2018,White (includes Hispanic),11.7
12,Florida,12047,Hamilton,2015,2019,Asian/Pacific Islander (includes Hispanic),
12,Florida,12047,Hamilton,2015,2019,Black (includes Hispanic),
12,Florida,12047,Hamilton,2015,2019,Hispanic (all races),
12,Florida,12047,Hamilton,2015,2019,American Indian/Alaskan Native (includes Hispanic),
12,Florida,12047,Hamilton,2015,2019,White (includes Hispanic),11.0
12,Florida,12047,Hamilton,2016,2020,Asian/Pacific Islander (includes Hispanic),
12,Florida,12047,Hamilton,2016,2020,Black (includes Hispanic),
12,Florida,12047,Hamilton,2016,2020,Hispanic (all races),
12,Florida,12047,Hamilton,2016,2020,American Indian/Alaskan Native (includes Hispanic),
12,Florida,12047,Hamilton,2016,2020,White (includes Hispanic),11.3
12,Florida,12049,Hardee,2011,2015,Asian/Pacific Islander (includes Hispanic),8.6
12,Florida,12049,Hardee,2011,2015,Black (includes Hispanic),9.1
12,Florida,12049,Hardee,2011,2015,Hispanic (all races),11.4
12,Florida,12049,Hardee,2011,2015,American Indian/Alaskan Native (includes Hispanic),
12,Florida,12049,Hardee,2011,2015,White (includes Hispanic),10.5
12,Florida,12049,Hardee,2012,2016,Asian/Pacific Islander (includes Hispanic),
12,Florida,12049,Hardee,2012,2016,Black (includes Hispanic),10.6
12,Florida,12049,Hardee,2012,2016,Hispanic (all races),10.8
12,Florida,12049,Hardee,2012,2016,American Indian/Alaskan Native (includes Hispanic),
12,Florida,12049,Hardee,2012,2016,White (includes Hispanic),10.3
12,Florida,12049,Hardee,2013,2017,Asian/Pacific Islander (includes Hispanic),8.4
12,Florida,12049,Hardee,2013,2017,Black (includes Hispanic),10.7
12,Florida,12049,Hardee,2013,2017,Hispanic (all races),10.7
12,Florida,12049,Hardee,2013,2017,American Indian/Alaskan Native (includes Hispanic),
12,Florida,12049,Hardee,2013,2017,White (includes Hispanic),10.2
12,Florida,12049,Hardee,2014,2018,Asian/Pacific Islander (includes Hispanic),7.9
12,Florida,12049,Hardee,2014,2018,Black (includes Hispanic),12.1
12,Florida,12049,Hardee,2014,2018,Hispanic (all races),10.3
12,Florida,12049,Hardee,2014,2018,American Indian/Alaskan Native (includes Hispanic),
12,Florida,12049,Hardee,2014,2018,White (includes Hispanic),9.8
12,Florida,12049,Hardee,2015,2019,Asian/Pacific Islander (includes Hispanic),
12,Florida,12049,Hardee,2015,2019,Black (includes Hispanic),12.0
12,Florida,12049,Hardee,2015,2019,Hispanic (all races),10.8
12,Florida,12049,Hardee,2015,2019,American Indian/Alaskan Native (includes Hispanic),
12,Florida,12049,Hardee,2015,2019,White (includes Hispanic),10.0
12,Florida,12049,Hardee,2016,2020,Asian/Pacific Islander (includes Hispanic),
12,Florida,12049,Hardee,2016,2020,Black (includes Hispanic),11.7
12,Florida,12049,Hardee,2016,2020,Hispanic (all races),10.8
12,Florida,12049,Hardee,2016,2020,American Indian/Alaskan Native (includes Hispanic),
12,Florida,12049,Hardee,2016,2020,White (includes Hispanic),9.8
12,Florida,12051,Hendry,2011,2015,Asian/Pacific Islander (includes Hispanic),
12,Florida,12051,Hendry,2011,2015,Black (includes Hispanic),12.7
12,Florida,12051,Hendry,2011,2015,Hispanic (all races),9.2
12,Florida,12051,Hendry,2011,2015,American Indian/Alaskan Native (includes Hispanic),
12,Florida,12051,Hendry,2011,2015,White (includes Hispanic),8.1
12,Florida,12051,Hendry,2012,2016,Asian/Pacific Islander (includes Hispanic),
12,Florida,12051,Hendry,2012,2016,Black (includes Hispanic),12.1
12,Florida,12051,Hendry,2012,2016,Hispanic (all races),8.9
12,Florida,12051,Hendry,2012,2016,American Indian/Alaskan Native (includes Hispanic),
12,Florida,12051,Hendry,2012,2016,White (includes Hispanic),7.9
12,Florida,12051,Hendry,2013,2017,Asian/Pacific Islander (includes Hispanic),4.4
12,Florida,12051,Hendry,2013,2017,Black (includes Hispanic),11.7
12,Florida,12051,Hendry,2013,2017,Hispanic (all races),8.7
12,Florida,12051,Hendry,2013,2017,American Indian/Alaskan Native (includes Hispanic),
12,Florida,12051,Hendry,2013,2017,White (includes Hispanic),8.1
12,Florida,12051,Hendry,2014,2018,Asian/Pacific Islander (includes Hispanic),5.3
12,Florida,12051,Hendry,2014,2018,Black (includes Hispanic),11.8
12,Florida,12051,Hendry,2014,2018,Hispanic (all races),8.7
12,Florida,12051,Hendry,2014,2018,American Indian/Alaskan Native (includes Hispanic),
12,Florida,12051,Hendry,2014,2018,White (includes Hispanic),7.9
12,Florida,12051,Hendry,2015,2019,Asian/Pacific Islander (includes Hispanic),5.4
12,Florida,12051,Hendry,2015,2019,Black (includes Hispanic),11.9
12,Florida,12051,Hendry,2015,2019,Hispanic (all races),9.0
12,Florida,12051,Hendry,2015,2019,American Indian/Alaskan Native (includes Hispanic),
12,Florida,12051,Hendry,2015,2019,White (includes Hispanic),8.0
12,Florida,12051,Hendry,2016,2020,Asian/Pacific Islander (includes Hispanic),5.8
12,Florida,12051,Hendry,2016,2020,Black (includes Hispanic),11.2
12,Florida,12051,Hendry,2016,2020,Hispanic (all races),8.9
12,Florida,12051,Hendry,2016,2020,American Indian/Alaskan Native (includes Hispanic),
12,Florida,12051,Hendry,2016,2020,White (includes Hispanic),7.6
12,Florida,12053,Hernando,2011,2015,Asian/Pacific Islander (includes Hispanic),
12,Florida,12053,Hernando,2011,2015,Black (includes Hispanic),
12,Florida,12053,Hernando,2011,2015,Hispanic (all races),11.3
12,Florida,12053,Hernando,2011,2015,American Indian/Alaskan Native (includes Hispanic),
12,Florida,12053,Hernando,2011,2015,White (includes Hispanic),10.6
12,Florida,12053,Hernando,2012,2016,Asian/Pacific Islander (includes Hispanic),
12,Florida,12053,Hernando,2012,2016,Black (includes Hispanic),
12,Florida,12053,Hernando,2012,2016,Hispanic (all races),11.0
12,Florida,12053,Hernando,2012,2016,American Indian/Alaskan Native (includes Hispanic),
12,Florida,12053,Hernando,2012,2016,White (includes Hispanic),11.1
12,Florida,12053,Hernando,2013,2017,Asian/Pacific Islander (includes Hispanic),
12,Florida,12053,Hernando,2013,2017,Black (includes Hispanic),
12,Florida,12053,Hernando,2013,2017,Hispanic (all races),10.7
12,Florida,12053,Hernando,2013,2017,American Indian/Alaskan Native (includes Hispanic),
12,Florida,12053,Hernando,2013,2017,White (includes Hispanic),10.7
12,Florida,12053,Hernando,2014,2018,Asian/Pacific Islander (includes Hispanic),
12,Florida,12053,Hernando,2014,2018,Black (includes Hispanic),
12,Florida,12053,Hernando,2014,2018,Hispanic (all races),8.3
12,Florida,12053,Hernando,2014,2018,American Indian/Alaskan Native (includes Hispanic),
12,Florida,12053,Hernando,2014,2018,White (includes Hispanic),10.2
12,Florida,12053,Hernando,2015,2019,Asian/Pacific Islander (includes Hispanic),
12,Florida,12053,Hernando,2015,2019,Black (includes Hispanic),
12,Florida,12053,Hernando,2015,2019,Hispanic (all races),8.5
12,Florida,12053,Hernando,2015,2019,American Indian/Alaskan Native (includes Hispanic),
12,Florida,12053,Hernando,2015,2019,White (includes Hispanic),9.9
12,Florida,12053,Hernando,2016,2020,Asian/Pacific Islander (includes Hispanic),
12,Florida,12053,Hernando,2016,2020,Black (includes Hispanic),
12,Florida,12053,Hernando,2016,2020,Hispanic (all races),9.6
12,Florida,12053,Hernando,2016,2020,American Indian/Alaskan Native (includes Hispanic),
12,Florida,12053,Hernando,2016,2020,White (includes Hispanic),10.3
12,Florida,12055,Highlands,2011,2015,Asian/Pacific Islander (includes Hispanic),
12,Florida,12055,Highlands,2011,2015,Black (includes Hispanic),7.9
12,Florida,12055,Highlands,2011,2015,Hispanic (all races),9.8
12,Florida,12055,Highlands,2011,2015,American Indian/Alaskan Native (includes Hispanic),
12,Florida,12055,Highlands,2011,2015,White (includes Hispanic),10.4
12,Florida,12055,Highlands,2012,2016,Asian/Pacific Islander (includes Hispanic),
12,Florida,12055,Highlands,2012,2016,Black (includes Hispanic),8.3
12,Florida,12055,Highlands,2012,2016,Hispanic (all races),9.5
12,Florida,12055,Highlands,2012,2016,American Indian/Alaskan Native (includes Hispanic),
12,Florida,12055,Highlands,2012,2016,White (includes Hispanic),10.3
12,Florida,12055,Highlands,2013,2017,Asian/Pacific Islander (includes Hispanic),
12,Florida,12055,Highlands,2013,2017,Black (includes Hispanic),8.9
12,Florida,12055,Highlands,2013,2017,Hispanic (all races),9.9
12,Florida,12055,Highlands,2013,2017,American Indian/Alaskan Native (includes Hispanic),
12,Florida,12055,Highlands,2013,2017,White (includes Hispanic),10.6
12,Florida,12055,Highlands,2014,2018,Asian/Pacific Islander (includes Hispanic),
12,Florida,12055,Highlands,2014,2018,Black (includes Hispanic),10.6
12,Florida,12055,Highlands,2014,2018,Hispanic (all races),10.9
12,Florida,12055,Highlands,2014,2018,American Indian/Alaskan Native (includes Hispanic),
12,Florida,12055,Highlands,2014,2018,White (includes Hispanic),11.0
12,Florida,12055,Highlands,2015,2019,Asian/Pacific Islander (includes Hispanic),
12,Florida,12055,Highlands,2015,2019,Black (includes Hispanic),11.8
12,Florida,12055,Highlands,2015,2019,Hispanic (all races),11.3
12,Florida,12055,Highlands,2015,2019,American Indian/Alaskan Native (includes Hispanic),
12,Florida,12055,Highlands,2015,2019,White (includes Hispanic),11.4
12,Florida,12055,Highlands,2016,2020,Asian/Pacific Islander (includes Hispanic),
12,Florida,12055,Highlands,2016,2020,Black (includes Hispanic),12.9
12,Florida,12055,Highlands,2016,2020,Hispanic (all races),10.7
12,Florida,12055,Highlands,2016,2020,American Indian/Alaskan Native (includes Hispanic),
12,Florida,12055,Highlands,2016,2020,White (includes Hispanic),11.2
12,Florida,12057,Hillsborough,2011,2015,Asian/Pacific Islander (includes Hispanic),8.4
12,Florida,12057,Hillsborough,2011,2015,Black (includes Hispanic),8.8
12,Florida,12057,Hillsborough,2011,2015,Hispanic (all races),10.7
12,Florida,12057,Hillsborough,2011,2015,American Indian/Alaskan Native (includes Hispanic),
12,Florida,12057,Hillsborough,2011,2015,White (includes Hispanic),10.0
12,Florida,12057,Hillsborough,2012,2016,Asian/Pacific Islander (includes Hispanic),7.2
12,Florida,12057,Hillsborough,2012,2016,Black (includes Hispanic),10.3
12,Florida,12057,Hillsborough,2012,2016,Hispanic (all races),10.5
12,Florida,12057,Hillsborough,2012,2016,American Indian/Alaskan Native (includes Hispanic),
12,Florida,12057,Hillsborough,2012,2016,White (includes Hispanic),9.9
12,Florida,12057,Hillsborough,2013,2017,Asian/Pacific Islander (includes Hispanic),7.1
12,Florida,12057,Hillsborough,2013,2017,Black (includes Hispanic),10.4
12,Florida,12057,Hillsborough,2013,2017,Hispanic (all races),10.4
12,Florida,12057,Hillsborough,2013,2017,American Indian/Alaskan Native (includes Hispanic),
12,Florida,12057,Hillsborough,2013,2017,White (includes Hispanic),9.9
12,Florida,12057,Hillsborough,2014,2018,Asian/Pacific Islander (includes Hispanic),6.2
12,Florida,12057,Hillsborough,2014,2018,Black (includes Hispanic),10.7
12,Florida,12057,Hillsborough,2014,2018,Hispanic (all races),9.8
12,Florida,12057,Hillsborough,2014,2018,American Indian/Alaskan Native (includes Hispanic),
12,Florida,12057,Hillsborough,2014,2018,White (includes Hispanic),9.7
12,Florida,12057,Hillsborough,2015,2019,Asian/Pacific Islander (includes Hispanic),5.5
12,Florida,12057,Hillsborough,2015,2019,Black (includes Hispanic),10.7
12,Florida,12057,Hillsborough,2015,2019,Hispanic (all races),10.3
12,Florida,12057,Hillsborough,2015,2019,American Indian/Alaskan Native (includes Hispanic),
12,Florida,12057,Hillsborough,2015,2019,White (includes Hispanic),9.6
12,Florida,12057,Hillsborough,2016,2020,Asian/Pacific Islander (includes Hispanic),5.5
12,Florida,12057,Hillsborough,2016,2020,Black (includes Hispanic),10.5
12,Florida,12057,Hillsborough,2016,2020,Hispanic (all races),10.5
12,Florida,12057,Hillsborough,2016,2020,American Indian/Alaskan Native (includes Hispanic),
12,Florida,12057,Hillsborough,2016,2020,White (includes Hispanic),9.4
12,Florida,12059,Holmes,2011,2015,Asian/Pacific Islander (includes Hispanic),
12,Florida,12059,Holmes,2011,2015,Black (includes Hispanic),
12,Florida,12059,Holmes,2011,2015,Hispanic (all races),
12,Florida,12059,Holmes,2011,2015,American Indian/Alaskan Native (includes Hispanic),
12,Florida,12059,Holmes,2011,2015,White (includes Hispanic),11.6
12,Florida,12059,Holmes,2012,2016,Asian/Pacific Islander (includes Hispanic),
12,Florida,12059,Holmes,2012,2016,Black (includes Hispanic),
12,Florida,12059,Holmes,2012,2016,Hispanic (all races),
12,Florida,12059,Holmes,2012,2016,American Indian/Alaskan Native (includes Hispanic),
12,Florida,12059,Holmes,2012,2016,White (includes Hispanic),8.4
12,Florida,12059,Holmes,2013,2017,Asian/Pacific Islander (includes Hispanic),
12,Florida,12059,Holmes,2013,2017,Black (includes Hispanic),
12,Florida,12059,Holmes,2013,2017,Hispanic (all races),
12,Florida,12059,Holmes,2013,2017,American Indian/Alaskan Native (includes Hispanic),
12,Florida,12059,Holmes,2013,2017,White (includes Hispanic),8.9
12,Florida,12059,Holmes,2014,2018,Asian/Pacific Islander (includes Hispanic),
12,Florida,12059,Holmes,2014,2018,Black (includes Hispanic),
12,Florida,12059,Holmes,2014,2018,Hispanic (all races),
12,Florida,12059,Holmes,2014,2018,American Indian/Alaskan Native (includes Hispanic),
12,Florida,12059,Holmes,2014,2018,White (includes Hispanic),10.2
12,Florida,12059,Holmes,2015,2019,Asian/Pacific Islander (includes Hispanic),
12,Florida,12059,Holmes,2015,2019,Black (includes Hispanic),
12,Florida,12059,Holmes,2015,2019,Hispanic (all races),
12,Florida,12059,Holmes,2015,2019,American Indian/Alaskan Native (includes Hispanic),
12,Florida,12059,Holmes,2015,2019,White (includes Hispanic),9.8
12,Florida,12059,Holmes,2016,2020,Asian/Pacific Islander (includes Hispanic),
12,Florida,12059,Holmes,2016,2020,Black (includes Hispanic),
12,Florida,12059,Holmes,2016,2020,Hispanic (all races),
12,Florida,12059,Holmes,2016,2020,American Indian/Alaskan Native (includes Hispanic),
12,Florida,12059,Holmes,2016,2020,White (includes Hispanic),8.4
12,Florida,12061,Indian River,2011,2015,Asian/Pacific Islander (includes Hispanic),
12,Florida,12061,Indian River,2011,2015,Black (includes Hispanic),8.8
12,Florida,12061,Indian River,2011,2015,Hispanic (all races),11.2
12,Florida,12061,Indian River,2011,2015,American Indian/Alaskan Native (includes Hispanic),
12,Florida,12061,Indian River,2011,2015,White (includes Hispanic),9.1
12,Florida,12061,Indian River,2012,2016,Asian/Pacific Islander (includes Hispanic),
12,Florida,12061,Indian River,2012,2016,Black (includes Hispanic),9.3
12,Florida,12061,Indian River,2012,2016,Hispanic (all races),10.1
12,Florida,12061,Indian River,2012,2016,American Indian/Alaskan Native (includes Hispanic),
12,Florida,12061,Indian River,2012,2016,White (includes Hispanic),8.8
12,Florida,12061,Indian River,2013,2017,Asian/Pacific Islander (includes Hispanic),
12,Florida,12061,Indian River,2013,2017,Black (includes Hispanic),9.9
12,Florida,12061,Indian River,2013,2017,Hispanic (all races),10.9
12,Florida,12061,Indian River,2013,2017,American Indian/Alaskan Native (includes Hispanic),
12,Florida,12061,Indian River,2013,2017,White (includes Hispanic),8.5
12,Florida,12061,Indian River,2014,2018,Asian/Pacific Islander (includes Hispanic),
12,Florida,12061,Indian River,2014,2018,Black (includes Hispanic),11.0
12,Florida,12061,Indian River,2014,2018,Hispanic (all races),9.8
12,Florida,12061,Indian River,2014,2018,American Indian/Alaskan Native (includes Hispanic),
12,Florida,12061,Indian River,2014,2018,White (includes Hispanic),9.1
12,Florida,12061,Indian River,2015,2019,Asian/Pacific Islander (includes Hispanic),
12,Florida,12061,Indian River,2015,2019,Black (includes Hispanic),10.2
12,Florida,12061,Indian River,2015,2019,Hispanic (all races),9.4
12,Florida,12061,Indian River,2015,2019,American Indian/Alaskan Native (includes Hispanic),
12,Florida,12061,Indian River,2015,2019,White (includes Hispanic),9.6
12,Florida,12061,Indian River,2016,2020,Asian/Pacific Islander (includes Hispanic),
12,Florida,12061,Indian River,2016,2020,Black (includes Hispanic),9.1
12,Florida,12061,Indian River,2016,2020,Hispanic (all races),9.0
12,Florida,12061,Indian River,2016,2020,American Indian/Alaskan Native (includes Hispanic),
12,Florida,12061,Indian River,2016,2020,White (includes Hispanic),9.6
12,Florida,12063,Jackson,2011,2015,Asian/Pacific Islander (includes Hispanic),
12,Florida,12063,Jackson,2011,2015,Black (includes Hispanic),9.2
12,Florida,12063,Jackson,2011,2015,Hispanic (all races),
12,Florida,12063,Jackson,2011,2015,American Indian/Alaskan Native (includes Hispanic),
12,Florida,12063,Jackson,2011,2015,White (includes Hispanic),10.8
12,Florida,12063,Jackson,2012,2016,Asian/Pacific Islander (includes Hispanic),
12,Florida,12063,Jackson,2012,2016,Black (includes Hispanic),9.1
12,Florida,12063,Jackson,2012,2016,Hispanic (all races),
12,Florida,12063,Jackson,2012,2016,American Indian/Alaskan Native (includes Hispanic),
12,Florida,12063,Jackson,2012,2016,White (includes Hispanic),10.2
12,Florida,12063,Jackson,2013,2017,Asian/Pacific Islander (includes Hispanic),
12,Florida,12063,Jackson,2013,2017,Black (includes Hispanic),8.8
12,Florida,12063,Jackson,2013,2017,Hispanic (all races),
12,Florida,12063,Jackson,2013,2017,American Indian/Alaskan Native (includes Hispanic),
12,Florida,12063,Jackson,2013,2017,White (includes Hispanic),10.3
12,Florida,12063,Jackson,2014,2018,Asian/Pacific Islander (includes Hispanic),
12,Florida,12063,Jackson,2014,2018,Black (includes Hispanic),8.2
12,Florida,12063,Jackson,2014,2018,Hispanic (all races),
12,Florida,12063,Jackson,2014,2018,American Indian/Alaskan Native (includes Hispanic),
12,Florida,12063,Jackson,2014,2018,White (includes Hispanic),10.6
12,Florida,12063,Jackson,2015,2019,Asian/Pacific Islander (includes Hispanic),
12,Florida,12063,Jackson,2015,2019,Black (includes Hispanic),8.4
12,Florida,12063,Jackson,2015,2019,Hispanic (all races),
12,Florida,12063,Jackson,2015,2019,American Indian/Alaskan Native (includes Hispanic),
12,Florida,12063,Jackson,2015,2019,White (includes Hispanic),10.5
12,Florida,12063,Jackson,2016,2020,Asian/Pacific Islander (includes Hispanic),
12,Florida,12063,Jackson,2016,2020,Black (includes Hispanic),7.5
12,Florida,12063,Jackson,2016,2020,Hispanic (all races),
12,Florida,12063,Jackson,2016,2020,American Indian/Alaskan Native (includes Hispanic),
12,Florida,12063,Jackson,2016,2020,White (includes Hispanic),9.3
12,Florida,12065,Jefferson,2011,2015,Asian/Pacific Islander (includes Hispanic),
12,Florida,12065,Jefferson,2011,2015,Black (includes Hispanic),7.2
12,Florida,12065,Jefferson,2011,2015,Hispanic (all races),
12,Florida,12065,Jefferson,2011,2015,American Indian/Alaskan Native (includes Hispanic),
12,Florida,12065,Jefferson,2011,2015,White (includes Hispanic),7.2
12,Florida,12065,Jefferson,2012,2016,Asian/Pacific Islander (includes Hispanic),
12,Florida,12065,Jefferson,2012,2016,Black (includes Hispanic),6.5
12,Florida,12065,Jefferson,2012,2016,Hispanic (all races),
12,Florida,12065,Jefferson,2012,2016,American Indian/Alaskan Native (includes Hispanic),
12,Florida,12065,Jefferson,2012,2016,White (includes Hispanic),7.7
12,Florida,12065,Jefferson,2013,2017,Asian/Pacific Islander (includes Hispanic),
12,Florida,12065,Jefferson,2013,2017,Black (includes Hispanic),7.2
12,Florida,12065,Jefferson,2013,2017,Hispanic (all races),
12,Florida,12065,Jefferson,2013,2017,American Indian/Alaskan Native (includes Hispanic),
12,Florida,12065,Jefferson,2013,2017,White (includes Hispanic),8.0
12,Florida,12065,Jefferson,2014,2018,Asian/Pacific Islander (includes Hispanic),
12,Florida,12065,Jefferson,2014,2018,Black (includes Hispanic),6.9
12,Florida,12065,Jefferson,2014,2018,Hispanic (all races),
12,Florida,12065,Jefferson,2014,2018,American Indian/Alaskan Native (includes Hispanic),
12,Florida,12065,Jefferson,2014,2018,White (includes Hispanic),8.1
12,Florida,12065,Jefferson,2015,2019,Asian/Pacific Islander (includes Hispanic),
12,Florida,12065,Jefferson,2015,2019,Black (includes Hispanic),7.4
12,Florida,12065,Jefferson,2015,2019,Hispanic (all races),
12,Florida,12065,Jefferson,2015,2019,American Indian/Alaskan Native (includes Hispanic),
12,Florida,12065,Jefferson,2015,2019,White (includes Hispanic),9.0
12,Florida,12065,Jefferson,2016,2020,Asian/Pacific Islander (includes Hispanic),
12,Florida,12065,Jefferson,2016,2020,Black (includes Hispanic),7.9
12,Florida,12065,Jefferson,2016,2020,Hispanic (all races),
12,Florida,12065,Jefferson,2016,2020,American Indian/Alaskan Native (includes Hispanic),
12,Florida,12065,Jefferson,2016,2020,White (includes Hispanic),8.8
12,Florida,12067,Lafayette,2011,2015,Asian/Pacific Islander (includes Hispanic),
12,Florida,12067,Lafayette,2011,2015,Black (includes Hispanic),
12,Florida,12067,Lafayette,2011,2015,Hispanic (all races),
12,Florida,12067,Lafayette,2011,2015,American Indian/Alaskan Native (includes Hispanic),
12,Florida,12067,Lafayette,2011,2015,White (includes Hispanic),8.4
12,Florida,12067,Lafayette,2012,2016,Asian/Pacific Islander (includes Hispanic),
12,Florida,12067,Lafayette,2012,2016,Black (includes Hispanic),
12,Florida,12067,Lafayette,2012,2016,Hispanic (all races),
12,Florida,12067,Lafayette,2012,2016,American Indian/Alaskan Native (includes Hispanic),
12,Florida,12067,Lafayette,2012,2016,White (includes Hispanic),9.4
12,Florida,12067,Lafayette,2013,2017,Asian/Pacific Islander (includes Hispanic),
12,Florida,12067,Lafayette,2013,2017,Black (includes Hispanic),
12,Florida,12067,Lafayette,2013,2017,Hispanic (all races),
12,Florida,12067,Lafayette,2013,2017,American Indian/Alaskan Native (includes Hispanic),
12,Florida,12067,Lafayette,2013,2017,White (includes Hispanic),8.3
12,Florida,12067,Lafayette,2014,2018,Asian/Pacific Islander (includes Hispanic),
12,Florida,12067,Lafayette,2014,2018,Black (includes Hispanic),
12,Florida,12067,Lafayette,2014,2018,Hispanic (all races),
12,Florida,12067,Lafayette,2014,2018,American Indian/Alaskan Native (includes Hispanic),
12,Florida,12067,Lafayette,2014,2018,White (includes Hispanic),9.7
12,Florida,12067,Lafayette,2015,2019,Asian/Pacific Islander (includes Hispanic),
12,Florida,12067,Lafayette,2015,2019,Black (includes Hispanic),
12,Florida,12067,Lafayette,2015,2019,Hispanic (all races),
12,Florida,12067,Lafayette,2015,2019,American Indian/Alaskan Native (includes Hispanic),
12,Florida,12067,Lafayette,2015,2019,White (includes Hispanic),11.0
12,Florida,12067,Lafayette,2016,2020,Asian/Pacific Islander (includes Hispanic),
12,Florida,12067,Lafayette,2016,2020,Black (includes Hispanic),
12,Florida,12067,Lafayette,2016,2020,Hispanic (all races),
12,Florida,12067,Lafayette,2016,2020,American Indian/Alaskan Native (includes Hispanic),
12,Florida,12067,Lafayette,2016,2020,White (includes Hispanic),13.3
12,Florida,12069,Lake,2011,2015,Asian/Pacific Islander (includes Hispanic),5.7
12,Florida,12069,Lake,2011,2015,Black (includes Hispanic),9.2
12,Florida,12069,Lake,2011,2015,Hispanic (all races),8.8
12,Florida,12069,Lake,2011,2015,American Indian/Alaskan Native (includes Hispanic),
12,Florida,12069,Lake,2011,2015,White (includes Hispanic),9.3
12,Florida,12069,Lake,2012,2016,Asian/Pacific Islander (includes Hispanic),4.9
12,Florida,12069,Lake,2012,2016,Black (includes Hispanic),9.9
12,Florida,12069,Lake,2012,2016,Hispanic (all races),8.8
12,Florida,12069,Lake,2012,2016,American Indian/Alaskan Native (includes Hispanic),
12,Florida,12069,Lake,2012,2016,White (includes Hispanic),9.5
12,Florida,12069,Lake,2013,2017,Asian/Pacific Islander (includes Hispanic),4.8
12,Florida,12069,Lake,2013,2017,Black (includes Hispanic),9.7
12,Florida,12069,Lake,2013,2017,Hispanic (all races),9.5
12,Florida,12069,Lake,2013,2017,American Indian/Alaskan Native (includes Hispanic),
12,Florida,12069,Lake,2013,2017,White (includes Hispanic),9.8
12,Florida,12069,Lake,2014,2018,Asian/Pacific Islander (includes Hispanic),
12,Florida,12069,Lake,2014,2018,Black (includes Hispanic),10.5
12,Florida,12069,Lake,2014,2018,Hispanic (all races),9.6
12,Florida,12069,Lake,2014,2018,American Indian/Alaskan Native (includes Hispanic),
12,Florida,12069,Lake,2014,2018,White (includes Hispanic),9.8
12,Florida,12069,Lake,2015,2019,Asian/Pacific Islander (includes Hispanic),4.5
12,Florida,12069,Lake,2015,2019,Black (includes Hispanic),11.4
12,Florida,12069,Lake,2015,2019,Hispanic (all races),10.4
12,Florida,12069,Lake,2015,2019,American Indian/Alaskan Native (includes Hispanic),
12,Florida,12069,Lake,2015,2019,White (includes Hispanic),9.8
12,Florida,12069,Lake,2016,2020,Asian/Pacific Islander (includes Hispanic),5.2
12,Florida,12069,Lake,2016,2020,Black (includes Hispanic),10.9
12,Florida,12069,Lake,2016,2020,Hispanic (all races),10.4
12,Florida,12069,Lake,2016,2020,American Indian/Alaskan Native (includes Hispanic),
12,Florida,12069,Lake,2016,2020,White (includes Hispanic),9.8
12,Florida,12071,Lee,2011,2015,Asian/Pacific Islander (includes Hispanic),
12,Florida,12071,Lee,2011,2015,Black (includes Hispanic),11.2
12,Florida,12071,Lee,2011,2015,Hispanic (all races),10.6
12,Florida,12071,Lee,2011,2015,American Indian/Alaskan Native (includes Hispanic),
12,Florida,12071,Lee,2011,2015,White (includes Hispanic),8.0
12,Florida,12071,Lee,2012,2016,Asian/Pacific Islander (includes Hispanic),
12,Florida,12071,Lee,2012,2016,Black (includes Hispanic),12.1
12,Florida,12071,Lee,2012,2016,Hispanic (all races),10.3
12,Florida,12071,Lee,2012,2016,American Indian/Alaskan Native (includes Hispanic),
12,Florida,12071,Lee,2012,2016,White (includes Hispanic),8.1
12,Florida,12071,Lee,2013,2017,Asian/Pacific Islander (includes Hispanic),
12,Florida,12071,Lee,2013,2017,Black (includes Hispanic),9.9
12,Florida,12071,Lee,2013,2017,Hispanic (all races),9.8
12,Florida,12071,Lee,2013,2017,American Indian/Alaskan Native (includes Hispanic),
12,Florida,12071,Lee,2013,2017,White (includes Hispanic),8.4
12,Florida,12071,Lee,2014,2018,Asian/Pacific Islander (includes Hispanic),
12,Florida,12071,Lee,2014,2018,Black (includes Hispanic),10.4
12,Florida,12071,Lee,2014,2018,Hispanic (all races),9.5
12,Florida,12071,Lee,2014,2018,American Indian/Alaskan Native (includes Hispanic),
12,Florida,12071,Lee,2014,2018,White (includes Hispanic),8.4
12,Florida,12071,Lee,2015,2019,Asian/Pacific Islander (includes Hispanic),
12,Florida,12071,Lee,2015,2019,Black (includes Hispanic),10.7
12,Florida,12071,Lee,2015,2019,Hispanic (all races),9.0
12,Florida,12071,Lee,2015,2019,American Indian/Alaskan Native (includes Hispanic),
12,Florida,12071,Lee,2015,2019,White (includes Hispanic),8.7
12,Florida,12071,Lee,2016,2020,Asian/Pacific Islander (includes Hispanic),
12,Florida,12071,Lee,2016,2020,Black (includes Hispanic),11.9
12,Florida,12071,Lee,2016,2020,Hispanic (all races),9.2
12,Florida,12071,Lee,2016,2020,American Indian/Alaskan Native (includes Hispanic),
12,Florida,12071,Lee,2016,2020,White (includes Hispanic),8.7
12,Florida,12073,Leon,2011,2015,Asian/Pacific Islander (includes Hispanic),
12,Florida,12073,Leon,2011,2015,Black (includes Hispanic),6.6
12,Florida,12073,Leon,2011,2015,Hispanic (all races),
12,Florida,12073,Leon,2011,2015,American Indian/Alaskan Native (includes Hispanic),
12,Florida,12073,Leon,2011,2015,White (includes Hispanic),7.4
12,Florida,12073,Leon,2012,2016,Asian/Pacific Islander (includes Hispanic),
12,Florida,12073,Leon,2012,2016,Black (includes Hispanic),6.0
12,Florida,12073,Leon,2012,2016,Hispanic (all races),
12,Florida,12073,Leon,2012,2016,American Indian/Alaskan Native (includes Hispanic),
12,Florida,12073,Leon,2012,2016,White (includes Hispanic),8.0
12,Florida,12073,Leon,2013,2017,Asian/Pacific Islander (includes Hispanic),
12,Florida,12073,Leon,2013,2017,Black (includes Hispanic),6.3
12,Florida,12073,Leon,2013,2017,Hispanic (all races),
12,Florida,12073,Leon,2013,2017,American Indian/Alaskan Native (includes Hispanic),
12,Florida,12073,Leon,2013,2017,White (includes Hispanic),8.7
12,Florida,12073,Leon,2014,2018,Asian/Pacific Islander (includes Hispanic),
12,Florida,12073,Leon,2014,2018,Black (includes Hispanic),6.4
12,Florida,12073,Leon,2014,2018,Hispanic (all races),
12,Florida,12073,Leon,2014,2018,American Indian/Alaskan Native (includes Hispanic),
12,Florida,12073,Leon,2014,2018,White (includes Hispanic),8.5
12,Florida,12073,Leon,2015,2019,Asian/Pacific Islander (includes Hispanic),
12,Florida,12073,Leon,2015,2019,Black (includes Hispanic),6.6
12,Florida,12073,Leon,2015,2019,Hispanic (all races),
12,Florida,12073,Leon,2015,2019,American Indian/Alaskan Native (includes Hispanic),
12,Florida,12073,Leon,2015,2019,White (includes Hispanic),8.6
12,Florida,12073,Leon,2016,2020,Asian/Pacific Islander (includes Hispanic),
12,Florida,12073,Leon,2016,2020,Black (includes Hispanic),7.0
12,Florida,12073,Leon,2016,2020,Hispanic (all races),
12,Florida,12073,Leon,2016,2020,American Indian/Alaskan Native (includes Hispanic),
12,Florida,12073,Leon,2016,2020,White (includes Hispanic),8.4
12,Florida,12075,Levy,2011,2015,Asian/Pacific Islander (includes Hispanic),
12,Florida,12075,Levy,2011,2015,Black (includes Hispanic),6.7
12,Florida,12075,Levy,2011,2015,Hispanic (all races),
12,Florida,12075,Levy,2011,2015,American Indian/Alaskan Native (includes Hispanic),
12,Florida,12075,Levy,2011,2015,White (includes Hispanic),10.8
12,Florida,12075,Levy,2012,2016,Asian/Pacific Islander (includes Hispanic),
12,Florida,12075,Levy,2012,2016,Black (includes Hispanic),8.3
12,Florida,12075,Levy,2012,2016,Hispanic (all races),
12,Florida,12075,Levy,2012,2016,American Indian/Alaskan Native (includes Hispanic),
12,Florida,12075,Levy,2012,2016,White (includes Hispanic),11.2
12,Florida,12075,Levy,2013,2017,Asian/Pacific Islander (includes Hispanic),
12,Florida,12075,Levy,2013,2017,Black (includes Hispanic),8.6
12,Florida,12075,Levy,2013,2017,Hispanic (all races),
12,Florida,12075,Levy,2013,2017,American Indian/Alaskan Native (includes Hispanic),
12,Florida,12075,Levy,2013,2017,White (includes Hispanic),12.0
12,Florida,12075,Levy,2014,2018,Asian/Pacific Islander (includes Hispanic),
12,Florida,12075,Levy,2014,2018,Black (includes Hispanic),10.0
12,Florida,12075,Levy,2014,2018,Hispanic (all races),
12,Florida,12075,Levy,2014,2018,American Indian/Alaskan Native (includes Hispanic),
12,Florida,12075,Levy,2014,2018,White (includes Hispanic),12.1
12,Florida,12075,Levy,2015,2019,Asian/Pacific Islander (includes Hispanic),
12,Florida,12075,Levy,2015,2019,Black (includes Hispanic),11.6
12,Florida,12075,Levy,2015,2019,Hispanic (all races),
12,Florida,12075,Levy,2015,2019,American Indian/Alaskan Native (includes Hispanic),
12,Florida,12075,Levy,2015,2019,White (includes Hispanic),11.3
12,Florida,12075,Levy,2016,2020,Asian/Pacific Islander (includes Hispanic),
12,Florida,12075,Levy,2016,2020,Black (includes Hispanic),11.8
12,Florida,12075,Levy,2016,2020,Hispanic (all races),
12,Florida,12075,Levy,2016,2020,American Indian/Alaskan Native (includes Hispanic),
12,Florida,12075,Levy,2016,2020,White (includes Hispanic),11.0
12,Florida,12077,Liberty,2011,2015,Asian/Pacific Islander (includes Hispanic),
12,Florida,12077,Liberty,2011,2015,Black (includes Hispanic),7.9
12,Florida,12077,Liberty,2011,2015,Hispanic (all races),
12,Florida,12077,Liberty,2011,2015,American Indian/Alaskan Native (includes Hispanic),
12,Florida,12077,Liberty,2011,2015,White (includes Hispanic),9.1
12,Florida,12077,Liberty,2012,2016,Asian/Pacific Islander (includes Hispanic),
12,Florida,12077,Liberty,2012,2016,Black (includes Hispanic),6.9
12,Florida,12077,Liberty,2012,2016,Hispanic (all races),
12,Florida,12077,Liberty,2012,2016,American Indian/Alaskan Native (includes Hispanic),
12,Florida,12077,Liberty,2012,2016,White (includes Hispanic),9.2
12,Florida,12077,Liberty,2013,2017,Asian/Pacific Islander (includes Hispanic),
12,Florida,12077,Liberty,2013,2017,Black (includes Hispanic),7.2
12,Florida,12077,Liberty,2013,2017,Hispanic (all races),
12,Florida,12077,Liberty,2013,2017,American Indian/Alaskan Native (includes Hispanic),
12,Florida,12077,Liberty,2013,2017,White (includes Hispanic),9.0
12,Florida,12077,Liberty,2014,2018,Asian/Pacific Islander (includes Hispanic),
12,Florida,12077,Liberty,2014,2018,Black (includes Hispanic),6.4
12,Florida,12077,Liberty,2014,2018,Hispanic (all races),
12,Florida,12077,Liberty,2014,2018,American Indian/Alaskan Native (includes Hispanic),
12,Florida,12077,Liberty,2014,2018,White (includes Hispanic),8.5
12,Florida,12077,Liberty,2015,2019,Asian/Pacific Islander (includes Hispanic),
12,Florida,12077,Liberty,2015,2019,Black (includes Hispanic),6.5
12,Florida,12077,Liberty,2015,2019,Hispanic (all races),
12,Florida,12077,Liberty,2015,2019,American Indian/Alaskan Native (includes Hispanic),
12,Florida,12077,Liberty,2015,2019,White (includes Hispanic),8.4
12,Florida,12077,Liberty,2016,2020,Asian/Pacific Islander (includes Hispanic),
12,Florida,12077,Liberty,2016,2020,Black (includes Hispanic),5.2
12,Florida,12077,Liberty,2016,2020,Hispanic (all races),
12,Florida,12077,Liberty,2016,2020,American Indian/Alaskan Native (includes Hispanic),
12,Florida,12077,Liberty,2016,2020,White (includes Hispanic),7.8
12,Florida,12079,Madison,2011,2015,Asian/Pacific Islander (includes Hispanic),
12,Florida,12079,Madison,2011,2015,Black (includes Hispanic),
12,Florida,12079,Madison,2011,2015,Hispanic (all races),
12,Florida,12079,Madison,2011,2015,American Indian/Alaskan Native (includes Hispanic),
12,Florida,12079,Madison,2011,2015,White (includes Hispanic),9.3
12,Florida,12079,Madison,2012,2016,Asian/Pacific Islander (includes Hispanic),
12,Florida,12079,Madison,2012,2016,Black (includes Hispanic),
12,Florida,12079,Madison,2012,2016,Hispanic (all races),
12,Florida,12079,Madison,2012,2016,American Indian/Alaskan Native (includes Hispanic),
12,Florida,12079,Madison,2012,2016,White (includes Hispanic),10.3
12,Florida,12079,Madison,2013,2017,Asian/Pacific Islander (includes Hispanic),
12,Florida,12079,Madison,2013,2017,Black (includes Hispanic),
12,Florida,12079,Madison,2013,2017,Hispanic (all races),
12,Florida,12079,Madison,2013,2017,American Indian/Alaskan Native (includes Hispanic),
12,Florida,12079,Madison,2013,2017,White (includes Hispanic),9.7
12,Florida,12079,Madison,2014,2018,Asian/Pacific Islander (includes Hispanic),
12,Florida,12079,Madison,2014,2018,Black (includes Hispanic),
12,Florida,12079,Madison,2014,2018,Hispanic (all races),
12,Florida,12079,Madison,2014,2018,American Indian/Alaskan Native (includes Hispanic),
12,Florida,12079,Madison,2014,2018,White (includes Hispanic),10.0
12,Florida,12079,Madison,2015,2019,Asian/Pacific Islander (includes Hispanic),
12,Florida,12079,Madison,2015,2019,Black (includes Hispanic),
12,Florida,12079,Madison,2015,2019,Hispanic (all races),
12,Florida,12079,Madison,2015,2019,American Indian/Alaskan Native (includes Hispanic),
12,Florida,12079,Madison,2015,2019,White (includes Hispanic),11.0
12,Florida,12079,Madison,2016,2020,Asian/Pacific Islander (includes Hispanic),
12,Florida,12079,Madison,2016,2020,Black (includes Hispanic),
12,Florida,12079,Madison,2016,2020,Hispanic (all races),
12,Florida,12079,Madison,2016,2020,American Indian/Alaskan Native (includes Hispanic),
12,Florida,12079,Madison,2016,2020,White (includes Hispanic),11.0
12,Florida,12081,Manatee,2011,2015,Asian/Pacific Islander (includes Hispanic),8.9
12,Florida,12081,Manatee,2011,2015,Black (includes Hispanic),8.9
12,Florida,12081,Manatee,2011,2015,Hispanic (all races),11.1
12,Florida,12081,Manatee,2011,2015,American Indian/Alaskan Native (includes Hispanic),
12,Florida,12081,Manatee,2011,2015,White (includes Hispanic),9.9
12,Florida,12081,Manatee,2012,2016,Asian/Pacific Islander (includes Hispanic),7.5
12,Florida,12081,Manatee,2012,2016,Black (includes Hispanic),10.7
12,Florida,12081,Manatee,2012,2016,Hispanic (all races),10.8
12,Florida,12081,Manatee,2012,2016,American Indian/Alaskan Native (includes Hispanic),
12,Florida,12081,Manatee,2012,2016,White (includes Hispanic),9.7
12,Florida,12081,Manatee,2013,2017,Asian/Pacific Islander (includes Hispanic),8.1
12,Florida,12081,Manatee,2013,2017,Black (includes Hispanic),10.7
12,Florida,12081,Manatee,2013,2017,Hispanic (all races),10.6
12,Florida,12081,Manatee,2013,2017,American Indian/Alaskan Native (includes Hispanic),
12,Florida,12081,Manatee,2013,2017,White (includes Hispanic),9.7
12,Florida,12081,Manatee,2014,2018,Asian/Pacific Islander (includes Hispanic),7.6
12,Florida,12081,Manatee,2014,2018,Black (includes Hispanic),11.9
12,Florida,12081,Manatee,2014,2018,Hispanic (all races),10.2
12,Florida,12081,Manatee,2014,2018,American Indian/Alaskan Native (includes Hispanic),
12,Florida,12081,Manatee,2014,2018,White (includes Hispanic),9.4
12,Florida,12081,Manatee,2015,2019,Asian/Pacific Islander (includes Hispanic),
12,Florida,12081,Manatee,2015,2019,Black (includes Hispanic),11.5
12,Florida,12081,Manatee,2015,2019,Hispanic (all races),10.7
12,Florida,12081,Manatee,2015,2019,American Indian/Alaskan Native (includes Hispanic),
12,Florida,12081,Manatee,2015,2019,White (includes Hispanic),9.6
12,Florida,12081,Manatee,2016,2020,Asian/Pacific Islander (includes Hispanic),
12,Florida,12081,Manatee,2016,2020,Black (includes Hispanic),11.0
12,Florida,12081,Manatee,2016,2020,Hispanic (all races),10.9
12,Florida,12081,Manatee,2016,2020,American Indian/Alaskan Native (includes Hispanic),
12,Florida,12081,Manatee,2016,2020,White (includes Hispanic),9.5
12,Florida,12083,Marion,2011,2015,Asian/Pacific Islander (includes Hispanic),
12,Florida,12083,Marion,2011,2015,Black (includes Hispanic),7.4
12,Florida,12083,Marion,2011,2015,Hispanic (all races),8.5
12,Florida,12083,Marion,2011,2015,American Indian/Alaskan Native (includes Hispanic),
12,Florida,12083,Marion,2011,2015,White (includes Hispanic),10.2
12,Florida,12083,Marion,2012,2016,Asian/Pacific Islander (includes Hispanic),
12,Florida,12083,Marion,2012,2016,Black (includes Hispanic),8.3
12,Florida,12083,Marion,2012,2016,Hispanic (all races),9.6
12,Florida,12083,Marion,2012,2016,American Indian/Alaskan Native (includes Hispanic),
12,Florida,12083,Marion,2012,2016,White (includes Hispanic),10.6
12,Florida,12083,Marion,2013,2017,Asian/Pacific Islander (includes Hispanic),
12,Florida,12083,Marion,2013,2017,Black (includes Hispanic),8.0
12,Florida,12083,Marion,2013,2017,Hispanic (all races),10.2
12,Florida,12083,Marion,2013,2017,American Indian/Alaskan Native (includes Hispanic),
12,Florida,12083,Marion,2013,2017,White (includes Hispanic),11.3
12,Florida,12083,Marion,2014,2018,Asian/Pacific Islander (includes Hispanic),
12,Florida,12083,Marion,2014,2018,Black (includes Hispanic),9.0
12,Florida,12083,Marion,2014,2018,Hispanic (all races),9.0
12,Florida,12083,Marion,2014,2018,American Indian/Alaskan Native (includes Hispanic),
12,Florida,12083,Marion,2014,2018,White (includes Hispanic),11.1
12,Florida,12083,Marion,2015,2019,Asian/Pacific Islander (includes Hispanic),
12,Florida,12083,Marion,2015,2019,Black (includes Hispanic),11.0
12,Florida,12083,Marion,2015,2019,Hispanic (all races),8.3
12,Florida,12083,Marion,2015,2019,American Indian/Alaskan Native (includes Hispanic),
12,Florida,12083,Marion,2015,2019,White (includes Hispanic),10.1
12,Florida,12083,Marion,2016,2020,Asian/Pacific Islander (includes Hispanic),
12,Florida,12083,Marion,2016,2020,Black (includes Hispanic),9.9
12,Florida,12083,Marion,2016,2020,Hispanic (all races),8.3
12,Florida,12083,Marion,2016,2020,American Indian/Alaskan Native (includes Hispanic),
12,Florida,12083,Marion,2016,2020,White (includes Hispanic),9.9
12,Florida,12085,Martin,2011,2015,Asian/Pacific Islander (includes Hispanic),
12,Florida,12085,Martin,2011,2015,Black (includes Hispanic),10.8
12,Florida,12085,Martin,2011,2015,Hispanic (all races),9.7
12,Florida,12085,Martin,2011,2015,American Indian/Alaskan Native (includes Hispanic),
12,Florida,12085,Martin,2011,2015,White (includes Hispanic),8.1
12,Florida,12085,Martin,2012,2016,Asian/Pacific Islander (includes Hispanic),
12,Florida,12085,Martin,2012,2016,Black (includes Hispanic),10.4
12,Florida,12085,Martin,2012,2016,Hispanic (all races),8.8
12,Florida,12085,Martin,2012,2016,American Indian/Alaskan Native (includes Hispanic),
12,Florida,12085,Martin,2012,2016,White (includes Hispanic),7.9
12,Florida,12085,Martin,2013,2017,Asian/Pacific Islander (includes Hispanic),
12,Florida,12085,Martin,2013,2017,Black (includes Hispanic),10.8
12,Florida,12085,Martin,2013,2017,Hispanic (all races),7.8
12,Florida,12085,Martin,2013,2017,American Indian/Alaskan Native (includes Hispanic),
12,Florida,12085,Martin,2013,2017,White (includes Hispanic),8.0
12,Florida,12085,Martin,2014,2018,Asian/Pacific Islander (includes Hispanic),
12,Florida,12085,Martin,2014,2018,Black (includes Hispanic),11.7
12,Florida,12085,Martin,2014,2018,Hispanic (all races),7.3
12,Florida,12085,Martin,2014,2018,American Indian/Alaskan Native (includes Hispanic),
12,Florida,12085,Martin,2014,2018,White (includes Hispanic),7.9
12,Florida,12085,Martin,2015,2019,Asian/Pacific Islander (includes Hispanic),
12,Florida,12085,Martin,2015,2019,Black (includes Hispanic),11.7
12,Florida,12085,Martin,2015,2019,Hispanic (all races),7.5
12,Florida,12085,Martin,2015,2019,American Indian/Alaskan Native (includes Hispanic),
12,Florida,12085,Martin,2015,2019,White (includes Hispanic),7.4
12,Florida,12085,Martin,2016,2020,Asian/Pacific Islander (includes Hispanic),
12,Florida,12085,Martin,2016,2020,Black (includes Hispanic),11.4
12,Florida,12085,Martin,2016,2020,Hispanic (all races),7.7
12,Florida,12085,Martin,2016,2020,American Indian/Alaskan Native (includes Hispanic),
12,Florida,12085,Martin,2016,2020,White (includes Hispanic),7.0
12,Florida,12086,Miami-Dade,2011,2015,Asian/Pacific Islander (includes Hispanic),
12,Florida,12086,Miami-Dade,2011,2015,Black (includes Hispanic),13.7
12,Florida,12086,Miami-Dade,2011,2015,Hispanic (all races),9.7
12,Florida,12086,Miami-Dade,2011,2015,American Indian/Alaskan Native (includes Hispanic),
12,Florida,12086,Miami-Dade,2011,2015,White (includes Hispanic),9.2
12,Florida,12086,Miami-Dade,2012,2016,Asian/Pacific Islander (includes Hispanic),
12,Florida,12086,Miami-Dade,2012,2016,Black (includes Hispanic),13.3
12,Florida,12086,Miami-Dade,2012,2016,Hispanic (all races),9.7
12,Florida,12086,Miami-Dade,2012,2016,American Indian/Alaskan Native (includes Hispanic),
12,Florida,12086,Miami-Dade,2012,2016,White (includes Hispanic),9.0
12,Florida,12086,Miami-Dade,2013,2017,Asian/Pacific Islander (includes Hispanic),5.6
12,Florida,12086,Miami-Dade,2013,2017,Black (includes Hispanic),13.0
12,Florida,12086,Miami-Dade,2013,2017,Hispanic (all races),9.7
12,Florida,12086,Miami-Dade,2013,2017,American Indian/Alaskan Native (includes Hispanic),
12,Florida,12086,Miami-Dade,2013,2017,White (includes Hispanic),9.1
12,Florida,12086,Miami-Dade,2014,2018,Asian/Pacific Islander (includes Hispanic),6.3
12,Florida,12086,Miami-Dade,2014,2018,Black (includes Hispanic),13.0
12,Florida,12086,Miami-Dade,2014,2018,Hispanic (all races),9.7
12,Florida,12086,Miami-Dade,2014,2018,American Indian/Alaskan Native (includes Hispanic),
12,Florida,12086,Miami-Dade,2014,2018,White (includes Hispanic),9.0
12,Florida,12086,Miami-Dade,2015,2019,Asian/Pacific Islander (includes Hispanic),6.0
12,Florida,12086,Miami-Dade,2015,2019,Black (includes Hispanic),13.1
12,Florida,12086,Miami-Dade,2015,2019,Hispanic (all races),9.7
12,Florida,12086,Miami-Dade,2015,2019,American Indian/Alaskan Native (includes Hispanic),
12,Florida,12086,Miami-Dade,2015,2019,White (includes Hispanic),9.0
12,Florida,12086,Miami-Dade,2016,2020,Asian/Pacific Islander (includes Hispanic),6.6
12,Florida,12086,Miami-Dade,2016,2020,Black (includes Hispanic),12.2
12,Florida,12086,Miami-Dade,2016,2020,Hispanic (all races),9.6
12,Florida,12086,Miami-Dade,2016,2020,American Indian/Alaskan Native (includes Hispanic),
12,Florida,12086,Miami-Dade,2016,2020,White (includes Hispanic),8.8
12,Florida,12087,Monroe,2011,2015,Asian/Pacific Islander (includes Hispanic),
12,Florida,12087,Monroe,2011,2015,Black (includes Hispanic),13.8
12,Florida,12087,Monroe,2011,2015,Hispanic (all races),10.0
12,Florida,12087,Monroe,2011,2015,American Indian/Alaskan Native (includes Hispanic),
12,Florida,12087,Monroe,2011,2015,White (includes Hispanic),9.4
12,Florida,12087,Monroe,2012,2016,Asian/Pacific Islander (includes Hispanic),
12,Florida,12087,Monroe,2012,2016,Black (includes Hispanic),13.8
12,Florida,12087,Monroe,2012,2016,Hispanic (all races),10.0
12,Florida,12087,Monroe,2012,2016,American Indian/Alaskan Native (includes Hispanic),
12,Florida,12087,Monroe,2012,2016,White (includes Hispanic),9.4
12,Florida,12087,Monroe,2013,2017,Asian/Pacific Islander (includes Hispanic),
12,Florida,12087,Monroe,2013,2017,Black (includes Hispanic),13.9
12,Florida,12087,Monroe,2013,2017,Hispanic (all races),10.0
12,Florida,12087,Monroe,2013,2017,American Indian/Alaskan Native (includes Hispanic),
12,Florida,12087,Monroe,2013,2017,White (includes Hispanic),9.4
12,Florida,12087,Monroe,2014,2018,Asian/Pacific Islander (includes Hispanic),
12,Florida,12087,Monroe,2014,2018,Black (includes Hispanic),14.0
12,Florida,12087,Monroe,2014,2018,Hispanic (all races),9.9
12,Florida,12087,Monroe,2014,2018,American Indian/Alaskan Native (includes Hispanic),
12,Florida,12087,Monroe,2014,2018,White (includes Hispanic),9.5
12,Florida,12087,Monroe,2015,2019,Asian/Pacific Islander (includes Hispanic),
12,Florida,12087,Monroe,2015,2019,Black (includes Hispanic),14.2
12,Florida,12087,Monroe,2015,2019,Hispanic (all races),9.8
12,Florida,12087,Monroe,2015,2019,American Indian/Alaskan Native (includes Hispanic),
12,Florida,12087,Monroe,2015,2019,White (includes Hispanic),9.3
12,Florida,12087,Monroe,2016,2020,Asian/Pacific Islander (includes Hispanic),
12,Florida,12087,Monroe,2016,2020,Black (includes Hispanic),13.8
12,Florida,12087,Monroe,2016,2020,Hispanic (all races),9.7
12,Florida,12087,Monroe,2016,2020,American Indian/Alaskan Native (includes Hispanic),
12,Florida,12087,Monroe,2016,2020,White (includes Hispanic),9.2
12,Florida,12089,Nassau,2011,2015,Asian/Pacific Islander (includes Hispanic),
12,Florida,12089,Nassau,2011,2015,Black (includes Hispanic),10.9
12,Florida,12089,Nassau,2011,2015,Hispanic (all races),
12,Florida,12089,Nassau,2011,2015,American Indian/Alaskan Native (includes Hispanic),
12,Florida,12089,Nassau,2011,2015,White (includes Hispanic),8.8
12,Florida,12089,Nassau,2012,2016,Asian/Pacific Islander (includes Hispanic),
12,Florida,12089,Nassau,2012,2016,Black (includes Hispanic),12.0
12,Florida,12089,Nassau,2012,2016,Hispanic (all races),
12,Florida,12089,Nassau,2012,2016,American Indian/Alaskan Native (includes Hispanic),
12,Florida,12089,Nassau,2012,2016,White (includes Hispanic),10.0
12,Florida,12089,Nassau,2013,2017,Asian/Pacific Islander (includes Hispanic),
12,Florida,12089,Nassau,2013,2017,Black (includes Hispanic),11.8
12,Florida,12089,Nassau,2013,2017,Hispanic (all races),9.4
12,Florida,12089,Nassau,2013,2017,American Indian/Alaskan Native (includes Hispanic),
12,Florida,12089,Nassau,2013,2017,White (includes Hispanic),9.8
12,Florida,12089,Nassau,2014,2018,Asian/Pacific Islander (includes Hispanic),
12,Florida,12089,Nassau,2014,2018,Black (includes Hispanic),10.5
12,Florida,12089,Nassau,2014,2018,Hispanic (all races),9.8
12,Florida,12089,Nassau,2014,2018,American Indian/Alaskan Native (includes Hispanic),
12,Florida,12089,Nassau,2014,2018,White (includes Hispanic),10.3
12,Florida,12089,Nassau,2015,2019,Asian/Pacific Islander (includes Hispanic),
12,Florida,12089,Nassau,2015,2019,Black (includes Hispanic),11.0
12,Florida,12089,Nassau,2015,2019,Hispanic (all races),13.3
12,Florida,12089,Nassau,2015,2019,American Indian/Alaskan Native (includes Hispanic),
12,Florida,12089,Nassau,2015,2019,White (includes Hispanic),10.9
12,Florida,12089,Nassau,2016,2020,Asian/Pacific Islander (includes Hispanic),
12,Florida,12089,Nassau,2016,2020,Black (includes Hispanic),10.7
12,Florida,12089,Nassau,2016,2020,Hispanic (all races),13.8
12,Florida,12089,Nassau,2016,2020,American Indian/Alaskan Native (includes Hispanic),
12,Florida,12089,Nassau,2016,2020,White (includes Hispanic),11.2
12,Florida,12091,Okaloosa,2011,2015,Asian/Pacific Islander (includes Hispanic),
12,Florida,12091,Okaloosa,2011,2015,Black (includes Hispanic),
12,Florida,12091,Okaloosa,2011,2015,Hispanic (all races),
12,Florida,12091,Okaloosa,2011,2015,American Indian/Alaskan Native (includes Hispanic),
12,Florida,12091,Okaloosa,2011,2015,White (includes Hispanic),7.5
12,Florida,12091,Okaloosa,2012,2016,Asian/Pacific Islander (includes Hispanic),
12,Florida,12091,Okaloosa,2012,2016,Black (includes Hispanic),
12,Florida,12091,Okaloosa,2012,2016,Hispanic (all races),
12,Florida,12091,Okaloosa,2012,2016,American Indian/Alaskan Native (includes Hispanic),
12,Florida,12091,Okaloosa,2012,2016,White (includes Hispanic),7.9
12,Florida,12091,Okaloosa,2013,2017,Asian/Pacific Islander (includes Hispanic),
12,Florida,12091,Okaloosa,2013,2017,Black (includes Hispanic),
12,Florida,12091,Okaloosa,2013,2017,Hispanic (all races),
12,Florida,12091,Okaloosa,2013,2017,American Indian/Alaskan Native (includes Hispanic),
12,Florida,12091,Okaloosa,2013,2017,White (includes Hispanic),7.6
12,Florida,12091,Okaloosa,2014,2018,Asian/Pacific Islander (includes Hispanic),
12,Florida,12091,Okaloosa,2014,2018,Black (includes Hispanic),
12,Florida,12091,Okaloosa,2014,2018,Hispanic (all races),
12,Florida,12091,Okaloosa,2014,2018,American Indian/Alaskan Native (includes Hispanic),
12,Florida,12091,Okaloosa,2014,2018,White (includes Hispanic),7.4
12,Florida,12091,Okaloosa,2015,2019,Asian/Pacific Islander (includes Hispanic),
12,Florida,12091,Okaloosa,2015,2019,Black (includes Hispanic),
12,Florida,12091,Okaloosa,2015,2019,Hispanic (all races),
12,Florida,12091,Okaloosa,2015,2019,American Indian/Alaskan Native (includes Hispanic),
12,Florida,12091,Okaloosa,2015,2019,White (includes Hispanic),8.1
12,Florida,12091,Okaloosa,2016,2020,Asian/Pacific Islander (includes Hispanic),
12,Florida,12091,Okaloosa,2016,2020,Black (includes Hispanic),
12,Florida,12091,Okaloosa,2016,2020,Hispanic (all races),
12,Florida,12091,Okaloosa,2016,2020,American Indian/Alaskan Native (includes Hispanic),
12,Florida,12091,Okaloosa,2016,2020,White (includes Hispanic),8.5
12,Florida,12093,Okeechobee,2011,2015,Asian/Pacific Islander (includes Hispanic),
12,Florida,12093,Okeechobee,2011,2015,Black (includes Hispanic),10.2
12,Florida,12093,Okeechobee,2011,2015,Hispanic (all races),9.8
12,Florida,12093,Okeechobee,2011,2015,American Indian/Alaskan Native (includes Hispanic),
12,Florida,12093,Okeechobee,2011,2015,White (includes Hispanic),9.1
12,Florida,12093,Okeechobee,2012,2016,Asian/Pacific Islander (includes Hispanic),
12,Florida,12093,Okeechobee,2012,2016,Black (includes Hispanic),10.2
12,Florida,12093,Okeechobee,2012,2016,Hispanic (all races),9.3
12,Florida,12093,Okeechobee,2012,2016,American Indian/Alaskan Native (includes Hispanic),
12,Florida,12093,Okeechobee,2012,2016,White (includes Hispanic),8.9
12,Florida,12093,Okeechobee,2013,2017,Asian/Pacific Islander (includes Hispanic),
12,Florida,12093,Okeechobee,2013,2017,Black (includes Hispanic),10.7
12,Florida,12093,Okeechobee,2013,2017,Hispanic (all races),8.9
12,Florida,12093,Okeechobee,2013,2017,American Indian/Alaskan Native (includes Hispanic),
12,Florida,12093,Okeechobee,2013,2017,White (includes Hispanic),9.0
12,Florida,12093,Okeechobee,2014,2018,Asian/Pacific Islander (includes Hispanic),
12,Florida,12093,Okeechobee,2014,2018,Black (includes Hispanic),12.0
12,Florida,12093,Okeechobee,2014,2018,Hispanic (all races),9.0
12,Florida,12093,Okeechobee,2014,2018,American Indian/Alaskan Native (includes Hispanic),
12,Florida,12093,Okeechobee,2014,2018,White (includes Hispanic),9.1
12,Florida,12093,Okeechobee,2015,2019,Asian/Pacific Islander (includes Hispanic),
12,Florida,12093,Okeechobee,2015,2019,Black (includes Hispanic),12.1
12,Florida,12093,Okeechobee,2015,2019,Hispanic (all races),9.5
12,Florida,12093,Okeechobee,2015,2019,American Indian/Alaskan Native (includes Hispanic),
12,Florida,12093,Okeechobee,2015,2019,White (includes Hispanic),9.2
12,Florida,12093,Okeechobee,2016,2020,Asian/Pacific Islander (includes Hispanic),
12,Florida,12093,Okeechobee,2016,2020,Black (includes Hispanic),11.9
12,Florida,12093,Okeechobee,2016,2020,Hispanic (all races),9.3
12,Florida,12093,Okeechobee,2016,2020,American Indian/Alaskan Native (includes Hispanic),
12,Florida,12093,Okeechobee,2016,2020,White (includes Hispanic),8.9
12,Florida,12095,Orange,2011,2015,Asian/Pacific Islander (includes Hispanic),5.1
12,Florida,12095,Orange,2011,2015,Black (includes Hispanic),9.5
12,Florida,12095,Orange,2011,2015,Hispanic (all races),9.3
12,Florida,12095,Orange,2011,2015,American Indian/Alaskan Native (includes Hispanic),
12,Florida,12095,Orange,2011,2015,White (includes Hispanic),9.0
12,Florida,12095,Orange,2012,2016,Asian/Pacific Islander (includes Hispanic),4.4
12,Florida,12095,Orange,2012,2016,Black (includes Hispanic),9.9
12,Florida,12095,Orange,2012,2016,Hispanic (all races),9.1
12,Florida,12095,Orange,2012,2016,American Indian/Alaskan Native (includes Hispanic),
12,Florida,12095,Orange,2012,2016,White (includes Hispanic),9.1
12,Florida,12095,Orange,2013,2017,Asian/Pacific Islander (includes Hispanic),4.0
12,Florida,12095,Orange,2013,2017,Black (includes Hispanic),9.9
12,Florida,12095,Orange,2013,2017,Hispanic (all races),9.8
12,Florida,12095,Orange,2013,2017,American Indian/Alaskan Native (includes Hispanic),
12,Florida,12095,Orange,2013,2017,White (includes Hispanic),9.1
12,Florida,12095,Orange,2014,2018,Asian/Pacific Islander (includes Hispanic),4.0
12,Florida,12095,Orange,2014,2018,Black (includes Hispanic),10.7
12,Florida,12095,Orange,2014,2018,Hispanic (all races),9.8
12,Florida,12095,Orange,2014,2018,American Indian/Alaskan Native (includes Hispanic),
12,Florida,12095,Orange,2014,2018,White (includes Hispanic),9.4
12,Florida,12095,Orange,2015,2019,Asian/Pacific Islander (includes Hispanic),4.4
12,Florida,12095,Orange,2015,2019,Black (includes Hispanic),11.2
12,Florida,12095,Orange,2015,2019,Hispanic (all races),10.3
12,Florida,12095,Orange,2015,2019,American Indian/Alaskan Native (includes Hispanic),
12,Florida,12095,Orange,2015,2019,White (includes Hispanic),9.6
12,Florida,12095,Orange,2016,2020,Asian/Pacific Islander (includes Hispanic),5.2
12,Florida,12095,Orange,2016,2020,Black (includes Hispanic),10.6
12,Florida,12095,Orange,2016,2020,Hispanic (all races),10.3
12,Florida,12095,Orange,2016,2020,American Indian/Alaskan Native (includes Hispanic),
12,Florida,12095,Orange,2016,2020,White (includes Hispanic),9.5
12,Florida,12097,Osceola,2011,2015,Asian/Pacific Islander (includes Hispanic),5.2
12,Florida,12097,Osceola,2011,2015,Black (includes Hispanic),9.5
12,Florida,12097,Osceola,2011,2015,Hispanic (all races),10.3
12,Florida,12097,Osceola,2011,2015,American Indian/Alaskan Native (includes Hispanic),
12,Florida,12097,Osceola,2011,2015,White (includes Hispanic),9.1
12,Florida,12097,Osceola,2012,2016,Asian/Pacific Islander (includes Hispanic),
12,Florida,12097,Osceola,2012,2016,Black (includes Hispanic),10.1
12,Florida,12097,Osceola,2012,2016,Hispanic (all races),9.7
12,Florida,12097,Osceola,2012,2016,American Indian/Alaskan Native (includes Hispanic),
12,Florida,12097,Osceola,2012,2016,White (includes Hispanic),9.1
12,Florida,12097,Osceola,2013,2017,Asian/Pacific Islander (includes Hispanic),4.7
12,Florida,12097,Osceola,2013,2017,Black (includes Hispanic),9.6
12,Florida,12097,Osceola,2013,2017,Hispanic (all races),10.4
12,Florida,12097,Osceola,2013,2017,American Indian/Alaskan Native (includes Hispanic),
12,Florida,12097,Osceola,2013,2017,White (includes Hispanic),9.0
12,Florida,12097,Osceola,2014,2018,Asian/Pacific Islander (includes Hispanic),5.1
12,Florida,12097,Osceola,2014,2018,Black (includes Hispanic),10.6
12,Florida,12097,Osceola,2014,2018,Hispanic (all races),10.2
12,Florida,12097,Osceola,2014,2018,American Indian/Alaskan Native (includes Hispanic),
12,Florida,12097,Osceola,2014,2018,White (includes Hispanic),9.3
12,Florida,12097,Osceola,2015,2019,Asian/Pacific Islander (includes Hispanic),5.2
12,Florida,12097,Osceola,2015,2019,Black (includes Hispanic),11.1
12,Florida,12097,Osceola,2015,2019,Hispanic (all races),10.8
12,Florida,12097,Osceola,2015,2019,American Indian/Alaskan Native (includes Hispanic),
12,Florida,12097,Osceola,2015,2019,White (includes Hispanic),9.7
12,Florida,12097,Osceola,2016,2020,Asian/Pacific Islander (includes Hispanic),6.2
12,Florida,12097,Osceola,2016,2020,Black (includes Hispanic),10.7
12,Florida,12097,Osceola,2016,2020,Hispanic (all races),10.7
12,Florida,12097,Osceola,2016,2020,American Indian/Alaskan Native (includes Hispanic),
12,Florida,12097,Osceola,2016,2020,White (includes Hispanic),9.8
12,Florida,12099,Palm Beach,2011,2015,Asian/Pacific Islander (includes Hispanic),
12,Florida,12099,Palm Beach,2011,2015,Black (includes Hispanic),12.8
12,Florida,12099,Palm Beach,2011,2015,Hispanic (all races),8.7
12,Florida,12099,Palm Beach,2011,2015,American Indian/Alaskan Native (includes Hispanic),
12,Florida,12099,Palm Beach,2011,2015,White (includes Hispanic),8.3
12,Florida,12099,Palm Beach,2012,2016,Asian/Pacific Islander (includes Hispanic),
12,Florida,12099,Palm Beach,2012,2016,Black (includes Hispanic),12.0
12,Florida,12099,Palm Beach,2012,2016,Hispanic (all races),8.5
12,Florida,12099,Palm Beach,2012,2016,American Indian/Alaskan Native (includes Hispanic),
12,Florida,12099,Palm Beach,2012,2016,White (includes Hispanic),7.9
12,Florida,12099,Palm Beach,2013,2017,Asian/Pacific Islander (includes Hispanic),4.9
12,Florida,12099,Palm Beach,2013,2017,Black (includes Hispanic),12.0
12,Florida,12099,Palm Beach,2013,2017,Hispanic (all races),8.4
12,Florida,12099,Palm Beach,2013,2017,American Indian/Alaskan Native (includes Hispanic),
12,Florida,12099,Palm Beach,2013,2017,White (includes Hispanic),8.1
12,Florida,12099,Palm Beach,2014,2018,Asian/Pacific Islander (includes Hispanic),5.6
12,Florida,12099,Palm Beach,2014,2018,Black (includes Hispanic),12.1
12,Florida,12099,Palm Beach,2014,2018,Hispanic (all races),8.5
12,Florida,12099,Palm Beach,2014,2018,American Indian/Alaskan Native (includes Hispanic),
12,Florida,12099,Palm Beach,2014,2018,White (includes Hispanic),7.8
12,Florida,12099,Palm Beach,2015,2019,Asian/Pacific Islander (includes Hispanic),5.5
12,Florida,12099,Palm Beach,2015,2019,Black (includes Hispanic),12.2
12,Florida,12099,Palm Beach,2015,2019,Hispanic (all races),8.9
12,Florida,12099,Palm Beach,2015,2019,American Indian/Alaskan Native (includes Hispanic),
12,Florida,12099,Palm Beach,2015,2019,White (includes Hispanic),7.7
12,Florida,12099,Palm Beach,2016,2020,Asian/Pacific Islander (includes Hispanic),5.8
12,Florida,12099,Palm Beach,2016,2020,Black (includes Hispanic),11.3
12,Florida,12099,Palm Beach,2016,2020,Hispanic (all races),8.7
12,Florida,12099,Palm Beach,2016,2020,American Indian/Alaskan Native (includes Hispanic),
12,Florida,12099,Palm Beach,2016,2020,White (includes Hispanic),7.2
12,Florida,12101,Pasco,2011,2015,Asian/Pacific Islander (includes Hispanic),8.4
12,Florida,12101,Pasco,2011,2015,Black (includes Hispanic),8.6
12,Florida,12101,Pasco,2011,2015,Hispanic (all races),10.9
12,Florida,12101,Pasco,2011,2015,American Indian/Alaskan Native (includes Hispanic),
12,Florida,12101,Pasco,2011,2015,White (includes Hispanic),10.1
12,Florida,12101,Pasco,2012,2016,Asian/Pacific Islander (includes Hispanic),7.5
12,Florida,12101,Pasco,2012,2016,Black (includes Hispanic),10.3
12,Florida,12101,Pasco,2012,2016,Hispanic (all races),10.7
12,Florida,12101,Pasco,2012,2016,American Indian/Alaskan Native (includes Hispanic),
12,Florida,12101,Pasco,2012,2016,White (includes Hispanic),10.2
12,Florida,12101,Pasco,2013,2017,Asian/Pacific Islander (includes Hispanic),7.6
12,Florida,12101,Pasco,2013,2017,Black (includes Hispanic),10.7
12,Florida,12101,Pasco,2013,2017,Hispanic (all races),10.7
12,Florida,12101,Pasco,2013,2017,American Indian/Alaskan Native (includes Hispanic),
12,Florida,12101,Pasco,2013,2017,White (includes Hispanic),10.0
12,Florida,12101,Pasco,2014,2018,Asian/Pacific Islander (includes Hispanic),6.7
12,Florida,12101,Pasco,2014,2018,Black (includes Hispanic),11.1
12,Florida,12101,Pasco,2014,2018,Hispanic (all races),10.1
12,Florida,12101,Pasco,2014,2018,American Indian/Alaskan Native (includes Hispanic),
12,Florida,12101,Pasco,2014,2018,White (includes Hispanic),9.7
12,Florida,12101,Pasco,2015,2019,Asian/Pacific Islander (includes Hispanic),5.9
12,Florida,12101,Pasco,2015,2019,Black (includes Hispanic),11.2
12,Florida,12101,Pasco,2015,2019,Hispanic (all races),10.6
12,Florida,12101,Pasco,2015,2019,American Indian/Alaskan Native (includes Hispanic),
12,Florida,12101,Pasco,2015,2019,White (includes Hispanic),9.7
12,Florida,12101,Pasco,2016,2020,Asian/Pacific Islander (includes Hispanic),6.0
12,Florida,12101,Pasco,2016,2020,Black (includes Hispanic),11.1
12,Florida,12101,Pasco,2016,2020,Hispanic (all races),10.8
12,Florida,12101,Pasco,2016,2020,American Indian/Alaskan Native (includes Hispanic),
12,Florida,12101,Pasco,2016,2020,White (includes Hispanic),9.7
12,Florida,12103,Pinellas,2011,2015,Asian/Pacific Islander (includes Hispanic),8.5
12,Florida,12103,Pinellas,2011,2015,Black (includes Hispanic),9.0
12,Florida,12103,Pinellas,2011,2015,Hispanic (all races),11.0
12,Florida,12103,Pinellas,2011,2015,American Indian/Alaskan Native (includes Hispanic),
12,Florida,12103,Pinellas,2011,2015,White (includes Hispanic),9.8
12,Florida,12103,Pinellas,2012,2016,Asian/Pacific Islander (includes Hispanic),7.5
12,Florida,12103,Pinellas,2012,2016,Black (includes Hispanic),10.8
12,Florida,12103,Pinellas,2012,2016,Hispanic (all races),10.8
12,Florida,12103,Pinellas,2012,2016,American Indian/Alaskan Native (includes Hispanic),
12,Florida,12103,Pinellas,2012,2016,White (includes Hispanic),9.8
12,Florida,12103,Pinellas,2013,2017,Asian/Pacific Islander (includes Hispanic),7.3
12,Florida,12103,Pinellas,2013,2017,Black (includes Hispanic),11.0
12,Florida,12103,Pinellas,2013,2017,Hispanic (all races),11.1
12,Florida,12103,Pinellas,2013,2017,American Indian/Alaskan Native (includes Hispanic),
12,Florida,12103,Pinellas,2013,2017,White (includes Hispanic),9.7
12,Florida,12103,Pinellas,2014,2018,Asian/Pacific Islander (includes Hispanic),6.3
12,Florida,12103,Pinellas,2014,2018,Black (includes Hispanic),10.7
12,Florida,12103,Pinellas,2014,2018,Hispanic (all races),9.7
12,Florida,12103,Pinellas,2014,2018,American Indian/Alaskan Native (includes Hispanic),
12,Florida,12103,Pinellas,2014,2018,White (includes Hispanic),9.3
12,Florida,12103,Pinellas,2015,2019,Asian/Pacific Islander (includes Hispanic),5.5
12,Florida,12103,Pinellas,2015,2019,Black (includes Hispanic),10.5
12,Florida,12103,Pinellas,2015,2019,Hispanic (all races),10.3
12,Florida,12103,Pinellas,2015,2019,American Indian/Alaskan Native (includes Hispanic),
12,Florida,12103,Pinellas,2015,2019,White (includes Hispanic),9.2
12,Florida,12103,Pinellas,2016,2020,Asian/Pacific Islander (includes Hispanic),5.8
12,Florida,12103,Pinellas,2016,2020,Black (includes Hispanic),10.1
12,Florida,12103,Pinellas,2016,2020,Hispanic (all races),10.5
12,Florida,12103,Pinellas,2016,2020,American Indian/Alaskan Native (includes Hispanic),
12,Florida,12103,Pinellas,2016,2020,White (includes Hispanic),9.2
12,Florida,12105,Polk,2011,2015,Asian/Pacific Islander (includes Hispanic),6.9
12,Florida,12105,Polk,2011,2015,Black (includes Hispanic),9.2
12,Florida,12105,Polk,2011,2015,Hispanic (all races),10.6
12,Florida,12105,Polk,2011,2015,American Indian/Alaskan Native (includes Hispanic),
12,Florida,12105,Polk,2011,2015,White (includes Hispanic),9.8
12,Florida,12105,Polk,2012,2016,Asian/Pacific Islander (includes Hispanic),5.9
12,Florida,12105,Polk,2012,2016,Black (includes Hispanic),10.3
12,Florida,12105,Polk,2012,2016,Hispanic (all races),10.1
12,Florida,12105,Polk,2012,2016,American Indian/Alaskan Native (includes Hispanic),
12,Florida,12105,Polk,2012,2016,White (includes Hispanic),9.7
12,Florida,12105,Polk,2013,2017,Asian/Pacific Islander (includes Hispanic),6.5
12,Florida,12105,Polk,2013,2017,Black (includes Hispanic),9.7
12,Florida,12105,Polk,2013,2017,Hispanic (all races),10.4
12,Florida,12105,Polk,2013,2017,American Indian/Alaskan Native (includes Hispanic),
12,Florida,12105,Polk,2013,2017,White (includes Hispanic),9.6
12,Florida,12105,Polk,2014,2018,Asian/Pacific Islander (includes Hispanic),5.6
12,Florida,12105,Polk,2014,2018,Black (includes Hispanic),10.3
12,Florida,12105,Polk,2014,2018,Hispanic (all races),9.9
12,Florida,12105,Polk,2014,2018,American Indian/Alaskan Native (includes Hispanic),
12,Florida,12105,Polk,2014,2018,White (includes Hispanic),9.4
12,Florida,12105,Polk,2015,2019,Asian/Pacific Islander (includes Hispanic),4.9
12,Florida,12105,Polk,2015,2019,Black (includes Hispanic),10.6
12,Florida,12105,Polk,2015,2019,Hispanic (all races),10.6
12,Florida,12105,Polk,2015,2019,American Indian/Alaskan Native (includes Hispanic),
12,Florida,12105,Polk,2015,2019,White (includes Hispanic),9.7
12,Florida,12105,Polk,2016,2020,Asian/Pacific Islander (includes Hispanic),6.0
12,Florida,12105,Polk,2016,2020,Black (includes Hispanic),10.2
12,Florida,12105,Polk,2016,2020,Hispanic (all races),10.7
12,Florida,12105,Polk,2016,2020,American Indian/Alaskan Native (includes Hispanic),
12,Florida,12105,Polk,2016,2020,White (includes Hispanic),9.6
12,Florida,12107,Putnam,2011,2015,Asian/Pacific Islander (includes Hispanic),
12,Florida,12107,Putnam,2011,2015,Black (includes Hispanic),6.7
12,Florida,12107,Putnam,2011,2015,Hispanic (all races),8.9
12,Florida,12107,Putnam,2011,2015,American Indian/Alaskan Native (includes Hispanic),
12,Florida,12107,Putnam,2011,2015,White (includes Hispanic),10.3
12,Florida,12107,Putnam,2012,2016,Asian/Pacific Islander (includes Hispanic),
12,Florida,12107,Putnam,2012,2016,Black (includes Hispanic),7.6
12,Florida,12107,Putnam,2012,2016,Hispanic (all races),10.0
12,Florida,12107,Putnam,2012,2016,American Indian/Alaskan Native (includes Hispanic),
12,Florida,12107,Putnam,2012,2016,White (includes Hispanic),10.9
12,Florida,12107,Putnam,2013,2017,Asian/Pacific Islander (includes Hispanic),
12,Florida,12107,Putnam,2013,2017,Black (includes Hispanic),7.4
12,Florida,12107,Putnam,2013,2017,Hispanic (all races),10.5
12,Florida,12107,Putnam,2013,2017,American Indian/Alaskan Native (includes Hispanic),
12,Florida,12107,Putnam,2013,2017,White (includes Hispanic),11.0
12,Florida,12107,Putnam,2014,2018,Asian/Pacific Islander (includes Hispanic),
12,Florida,12107,Putnam,2014,2018,Black (includes Hispanic),8.5
12,Florida,12107,Putnam,2014,2018,Hispanic (all races),9.2
12,Florida,12107,Putnam,2014,2018,American Indian/Alaskan Native (includes Hispanic),
12,Florida,12107,Putnam,2014,2018,White (includes Hispanic),10.6
12,Florida,12107,Putnam,2015,2019,Asian/Pacific Islander (includes Hispanic),
12,Florida,12107,Putnam,2015,2019,Black (includes Hispanic),9.9
12,Florida,12107,Putnam,2015,2019,Hispanic (all races),8.4
12,Florida,12107,Putnam,2015,2019,American Indian/Alaskan Native (includes Hispanic),
12,Florida,12107,Putnam,2015,2019,White (includes Hispanic),9.6
12,Florida,12107,Putnam,2016,2020,Asian/Pacific Islander (includes Hispanic),
12,Florida,12107,Putnam,2016,2020,Black (includes Hispanic),9.8
12,Florida,12107,Putnam,2016,2020,Hispanic (all races),7.3
12,Florida,12107,Putnam,2016,2020,American Indian/Alaskan Native (includes Hispanic),
12,Florida,12107,Putnam,2016,2020,White (includes Hispanic),8.8
12,Florida,12113,Santa Rosa,2011,2015,Asian/Pacific Islander (includes Hispanic),
12,Florida,12113,Santa Rosa,2011,2015,Black (includes Hispanic),
12,Florida,12113,Santa Rosa,2011,2015,Hispanic (all races),
12,Florida,12113,Santa Rosa,2011,2015,American Indian/Alaskan Native (includes Hispanic),
12,Florida,12113,Santa Rosa,2011,2015,White (includes Hispanic),8.1
12,Florida,12113,Santa Rosa,2012,2016,Asian/Pacific Islander (includes Hispanic),
12,Florida,12113,Santa Rosa,2012,2016,Black (includes Hispanic),
12,Florida,12113,Santa Rosa,2012,2016,Hispanic (all races),
12,Florida,12113,Santa Rosa,2012,2016,American Indian/Alaskan Native (includes Hispanic),
12,Florida,12113,Santa Rosa,2012,2016,White (includes Hispanic),8.3
12,Florida,12113,Santa Rosa,2013,2017,Asian/Pacific Islander (includes Hispanic),
12,Florida,12113,Santa Rosa,2013,2017,Black (includes Hispanic),8.8
12,Florida,12113,Santa Rosa,2013,2017,Hispanic (all races),
12,Florida,12113,Santa Rosa,2013,2017,American Indian/Alaskan Native (includes Hispanic),
12,Florida,12113,Santa Rosa,2013,2017,White (includes Hispanic),8.3
12,Florida,12113,Santa Rosa,2014,2018,Asian/Pacific Islander (includes Hispanic),
12,Florida,12113,Santa Rosa,2014,2018,Black (includes Hispanic),8.0
12,Florida,12113,Santa Rosa,2014,2018,Hispanic (all races),
12,Florida,12113,Santa Rosa,2014,2018,American Indian/Alaskan Native (includes Hispanic),
12,Florida,12113,Santa Rosa,2014,2018,White (includes Hispanic),8.0
12,Florida,12113,Santa Rosa,2015,2019,Asian/Pacific Islander (includes Hispanic),
12,Florida,12113,Santa Rosa,2015,2019,Black (includes Hispanic),9.2
12,Florida,12113,Santa Rosa,2015,2019,Hispanic (all races),
12,Florida,12113,Santa Rosa,2015,2019,American Indian/Alaskan Native (includes Hispanic),
12,Florida,12113,Santa Rosa,2015,2019,White (includes Hispanic),8.5
12,Florida,12113,Santa Rosa,2016,2020,Asian/Pacific Islander (includes Hispanic),
12,Florida,12113,Santa Rosa,2016,2020,Black (includes Hispanic),9.3
12,Florida,12113,Santa Rosa,2016,2020,Hispanic (all races),
12,Florida,12113,Santa Rosa,2016,2020,American Indian/Alaskan Native (includes Hispanic),
12,Florida,12113,Santa Rosa,2016,2020,White (includes Hispanic),9.2
12,Florida,12115,Sarasota,2011,2015,Asian/Pacific Islander (includes Hispanic),
12,Florida,12115,Sarasota,2011,2015,Black (includes Hispanic),
12,Florida,12115,Sarasota,2011,2015,Hispanic (all races),8.9
12,Florida,12115,Sarasota,2011,2015,American Indian/Alaskan Native (includes Hispanic),
12,Florida,12115,Sarasota,2011,2015,White (includes Hispanic),7.8
12,Florida,12115,Sarasota,2012,2016,Asian/Pacific Islander (includes Hispanic),
12,Florida,12115,Sarasota,2012,2016,Black (includes Hispanic),
12,Florida,12115,Sarasota,2012,2016,Hispanic (all races),9.4
12,Florida,12115,Sarasota,2012,2016,American Indian/Alaskan Native (includes Hispanic),
12,Florida,12115,Sarasota,2012,2016,White (includes Hispanic),7.6
12,Florida,12115,Sarasota,2013,2017,Asian/Pacific Islander (includes Hispanic),
12,Florida,12115,Sarasota,2013,2017,Black (includes Hispanic),
12,Florida,12115,Sarasota,2013,2017,Hispanic (all races),8.4
12,Florida,12115,Sarasota,2013,2017,American Indian/Alaskan Native (includes Hispanic),
12,Florida,12115,Sarasota,2013,2017,White (includes Hispanic),8.0
12,Florida,12115,Sarasota,2014,2018,Asian/Pacific Islander (includes Hispanic),
12,Florida,12115,Sarasota,2014,2018,Black (includes Hispanic),
12,Florida,12115,Sarasota,2014,2018,Hispanic (all races),7.6
12,Florida,12115,Sarasota,2014,2018,American Indian/Alaskan Native (includes Hispanic),
12,Florida,12115,Sarasota,2014,2018,White (includes Hispanic),8.2
12,Florida,12115,Sarasota,2015,2019,Asian/Pacific Islander (includes Hispanic),
12,Florida,12115,Sarasota,2015,2019,Black (includes Hispanic),
12,Florida,12115,Sarasota,2015,2019,Hispanic (all races),8.2
12,Florida,12115,Sarasota,2015,2019,American Indian/Alaskan Native (includes Hispanic),
12,Florida,12115,Sarasota,2015,2019,White (includes Hispanic),8.2
12,Florida,12115,Sarasota,2016,2020,Asian/Pacific Islander (includes Hispanic),
12,Florida,12115,Sarasota,2016,2020,Black (includes Hispanic),
12,Florida,12115,Sarasota,2016,2020,Hispanic (all races),7.9
12,Florida,12115,Sarasota,2016,2020,American Indian/Alaskan Native (includes Hispanic),
12,Florida,12115,Sarasota,2016,2020,White (includes Hispanic),8.1
12,Florida,12117,Seminole,2011,2015,Asian/Pacific Islander (includes Hispanic),
12,Florida,12117,Seminole,2011,2015,Black (includes Hispanic),9.9
12,Florida,12117,Seminole,2011,2015,Hispanic (all races),9.3
12,Florida,12117,Seminole,2011,2015,American Indian/Alaskan Native (includes Hispanic),
12,Florida,12117,Seminole,2011,2015,White (includes Hispanic),8.4
12,Florida,12117,Seminole,2012,2016,Asian/Pacific Islander (includes Hispanic),
12,Florida,12117,Seminole,2012,2016,Black (includes Hispanic),10.0
12,Florida,12117,Seminole,2012,2016,Hispanic (all races),9.0
12,Florida,12117,Seminole,2012,2016,American Indian/Alaskan Native (includes Hispanic),
12,Florida,12117,Seminole,2012,2016,White (includes Hispanic),8.5
12,Florida,12117,Seminole,2013,2017,Asian/Pacific Islander (includes Hispanic),
12,Florida,12117,Seminole,2013,2017,Black (includes Hispanic),9.7
12,Florida,12117,Seminole,2013,2017,Hispanic (all races),9.9
12,Florida,12117,Seminole,2013,2017,American Indian/Alaskan Native (includes Hispanic),
12,Florida,12117,Seminole,2013,2017,White (includes Hispanic),8.5
12,Florida,12117,Seminole,2014,2018,Asian/Pacific Islander (includes Hispanic),
12,Florida,12117,Seminole,2014,2018,Black (includes Hispanic),10.4
12,Florida,12117,Seminole,2014,2018,Hispanic (all races),9.4
12,Florida,12117,Seminole,2014,2018,American Indian/Alaskan Native (includes Hispanic),
12,Florida,12117,Seminole,2014,2018,White (includes Hispanic),8.7
12,Florida,12117,Seminole,2015,2019,Asian/Pacific Islander (includes Hispanic),
12,Florida,12117,Seminole,2015,2019,Black (includes Hispanic),11.1
12,Florida,12117,Seminole,2015,2019,Hispanic (all races),9.8
12,Florida,12117,Seminole,2015,2019,American Indian/Alaskan Native (includes Hispanic),
12,Florida,12117,Seminole,2015,2019,White (includes Hispanic),8.7
12,Florida,12117,Seminole,2016,2020,Asian/Pacific Islander (includes Hispanic),4.9
12,Florida,12117,Seminole,2016,2020,Black (includes Hispanic),10.2
12,Florida,12117,Seminole,2016,2020,Hispanic (all races),9.8
12,Florida,12117,Seminole,2016,2020,American Indian/Alaskan Native (includes Hispanic),
12,Florida,12117,Seminole,2016,2020,White (includes Hispanic),8.8
12,Florida,12109,St. Johns,2011,2015,Asian/Pacific Islander (includes Hispanic),
12,Florida,12109,St. Johns,2011,2015,Black (includes Hispanic),10.4
12,Florida,12109,St. Johns,2011,2015,Hispanic (all races),9.8
12,Florida,12109,St. Johns,2011,2015,American Indian/Alaskan Native (includes Hispanic),
12,Florida,12109,St. Johns,2011,2015,White (includes Hispanic),9.0
12,Florida,12109,St. Johns,2012,2016,Asian/Pacific Islander (includes Hispanic),
12,Florida,12109,St. Johns,2012,2016,Black (includes Hispanic),11.7
12,Florida,12109,St. Johns,2012,2016,Hispanic (all races),8.7
12,Florida,12109,St. Johns,2012,2016,American Indian/Alaskan Native (includes Hispanic),
12,Florida,12109,St. Johns,2012,2016,White (includes Hispanic),9.8
12,Florida,12109,St. Johns,2013,2017,Asian/Pacific Islander (includes Hispanic),9.2
12,Florida,12109,St. Johns,2013,2017,Black (includes Hispanic),11.2
12,Florida,12109,St. Johns,2013,2017,Hispanic (all races),9.2
12,Florida,12109,St. Johns,2013,2017,American Indian/Alaskan Native (includes Hispanic),
12,Florida,12109,St. Johns,2013,2017,White (includes Hispanic),9.2
12,Florida,12109,St. Johns,2014,2018,Asian/Pacific Islander (includes Hispanic),
12,Florida,12109,St. Johns,2014,2018,Black (includes Hispanic),10.2
12,Florida,12109,St. Johns,2014,2018,Hispanic (all races),9.0
12,Florida,12109,St. Johns,2014,2018,American Indian/Alaskan Native (includes Hispanic),
12,Florida,12109,St. Johns,2014,2018,White (includes Hispanic),9.4
12,Florida,12109,St. Johns,2015,2019,Asian/Pacific Islander (includes Hispanic),
12,Florida,12109,St. Johns,2015,2019,Black (includes Hispanic),10.6
12,Florida,12109,St. Johns,2015,2019,Hispanic (all races),10.4
12,Florida,12109,St. Johns,2015,2019,American Indian/Alaskan Native (includes Hispanic),
12,Florida,12109,St. Johns,2015,2019,White (includes Hispanic),9.3
12,Florida,12109,St. Johns,2016,2020,Asian/Pacific Islander (includes Hispanic),
12,Florida,12109,St. Johns,2016,2020,Black (includes Hispanic),10.0
12,Florida,12109,St. Johns,2016,2020,Hispanic (all races),9.8
12,Florida,12109,St. Johns,2016,2020,American Indian/Alaskan Native (includes Hispanic),
12,Florida,12109,St. Johns,2016,2020,White (includes Hispanic),8.9
12,Florida,12111,St. Lucie,2011,2015,Asian/Pacific Islander (includes Hispanic),
12,Florida,12111,St. Lucie,2011,2015,Black (includes Hispanic),8.6
12,Florida,12111,St. Lucie,2011,2015,Hispanic (all races),11.4
12,Florida,12111,St. Lucie,2011,2015,American Indian/Alaskan Native (includes Hispanic),
12,Florida,12111,St. Lucie,2011,2015,White (includes Hispanic),9.1
12,Florida,12111,St. Lucie,2012,2016,Asian/Pacific Islander (includes Hispanic),
12,Florida,12111,St. Lucie,2012,2016,Black (includes Hispanic),9.2
12,Florida,12111,St. Lucie,2012,2016,Hispanic (all races),11.1
12,Florida,12111,St. Lucie,2012,2016,American Indian/Alaskan Native (includes Hispanic),
12,Florida,12111,St. Lucie,2012,2016,White (includes Hispanic),9.2
12,Florida,12111,St. Lucie,2013,2017,Asian/Pacific Islander (includes Hispanic),
12,Florida,12111,St. Lucie,2013,2017,Black (includes Hispanic),8.7
12,Florida,12111,St. Lucie,2013,2017,Hispanic (all races),10.1
12,Florida,12111,St. Lucie,2013,2017,American Indian/Alaskan Native (includes Hispanic),
12,Florida,12111,St. Lucie,2013,2017,White (includes Hispanic),8.8
12,Florida,12111,St. Lucie,2014,2018,Asian/Pacific Islander (includes Hispanic),
12,Florida,12111,St. Lucie,2014,2018,Black (includes Hispanic),10.6
12,Florida,12111,St. Lucie,2014,2018,Hispanic (all races),7.9
12,Florida,12111,St. Lucie,2014,2018,American Indian/Alaskan Native (includes Hispanic),
12,Florida,12111,St. Lucie,2014,2018,White (includes Hispanic),8.8
12,Florida,12111,St. Lucie,2015,2019,Asian/Pacific Islander (includes Hispanic),
12,Florida,12111,St. Lucie,2015,2019,Black (includes Hispanic),9.7
12,Florida,12111,St. Lucie,2015,2019,Hispanic (all races),7.3
12,Florida,12111,St. Lucie,2015,2019,American Indian/Alaskan Native (includes Hispanic),
12,Florida,12111,St. Lucie,2015,2019,White (includes Hispanic),8.6
12,Florida,12111,St. Lucie,2016,2020,Asian/Pacific Islander (includes Hispanic),
12,Florida,12111,St. Lucie,2016,2020,Black (includes Hispanic),8.0
12,Florida,12111,St. Lucie,2016,2020,Hispanic (all races),8.5
12,Florida,12111,St. Lucie,2016,2020,American Indian/Alaskan Native (includes Hispanic),
12,Florida,12111,St. Lucie,2016,2020,White (includes Hispanic),8.7
12,Florida,12119,Sumter,2011,2015,Asian/Pacific Islander (includes Hispanic),
12,Florida,12119,Sumter,2011,2015,Black (includes Hispanic),6.5
12,Florida,12119,Sumter,2011,2015,Hispanic (all races),9.8
12,Florida,12119,Sumter,2011,2015,American Indian/Alaskan Native (includes Hispanic),
12,Florida,12119,Sumter,2011,2015,White (includes Hispanic),10.9
12,Florida,12119,Sumter,2012,2016,Asian/Pacific Islander (includes Hispanic),
12,Florida,12119,Sumter,2012,2016,Black (includes Hispanic),8.2
12,Florida,12119,Sumter,2012,2016,Hispanic (all races),10.1
12,Florida,12119,Sumter,2012,2016,American Indian/Alaskan Native (includes Hispanic),
12,Florida,12119,Sumter,2012,2016,White (includes Hispanic),11.1
12,Florida,12119,Sumter,2013,2017,Asian/Pacific Islander (includes Hispanic),
12,Florida,12119,Sumter,2013,2017,Black (includes Hispanic),9.5
12,Florida,12119,Sumter,2013,2017,Hispanic (all races),9.9
12,Florida,12119,Sumter,2013,2017,American Indian/Alaskan Native (includes Hispanic),
12,Florida,12119,Sumter,2013,2017,White (includes Hispanic),11.1
12,Florida,12119,Sumter,2014,2018,Asian/Pacific Islander (includes Hispanic),
12,Florida,12119,Sumter,2014,2018,Black (includes Hispanic),11.4
12,Florida,12119,Sumter,2014,2018,Hispanic (all races),9.8
12,Florida,12119,Sumter,2014,2018,American Indian/Alaskan Native (includes Hispanic),
12,Florida,12119,Sumter,2014,2018,White (includes Hispanic),11.0
12,Florida,12119,Sumter,2015,2019,Asian/Pacific Islander (includes Hispanic),
12,Florida,12119,Sumter,2015,2019,Black (includes Hispanic),11.9
12,Florida,12119,Sumter,2015,2019,Hispanic (all races),10.1
12,Florida,12119,Sumter,2015,2019,American Indian/Alaskan Native (includes Hispanic),
12,Florida,12119,Sumter,2015,2019,White (includes Hispanic),10.6
12,Florida,12119,Sumter,2016,2020,Asian/Pacific Islander (includes Hispanic),
12,Florida,12119,Sumter,2016,2020,Black (includes Hispanic),11.9
12,Florida,12119,Sumter,2016,2020,Hispanic (all races),10.3
12,Florida,12119,Sumter,2016,2020,American Indian/Alaskan Native (includes Hispanic),
12,Florida,12119,Sumter,2016,2020,White (includes Hispanic),10.6
12,Florida,12121,Suwannee,2011,2015,Asian/Pacific Islander (includes Hispanic),
12,Florida,12121,Suwannee,2011,2015,Black (includes Hispanic),
12,Florida,12121,Suwannee,2011,2015,Hispanic (all races),
12,Florida,12121,Suwannee,2011,2015,American Indian/Alaskan Native (includes Hispanic),
12,Florida,12121,Suwannee,2011,2015,White (includes Hispanic),11.1
12,Florida,12121,Suwannee,2012,2016,Asian/Pacific Islander (includes Hispanic),
12,Florida,12121,Suwannee,2012,2016,Black (includes Hispanic),
12,Florida,12121,Suwannee,2012,2016,Hispanic (all races),
12,Florida,12121,Suwannee,2012,2016,American Indian/Alaskan Native (includes Hispanic),
12,Florida,12121,Suwannee,2012,2016,White (includes Hispanic),10.1
12,Florida,12121,Suwannee,2013,2017,Asian/Pacific Islander (includes Hispanic),
12,Florida,12121,Suwannee,2013,2017,Black (includes Hispanic),
12,Florida,12121,Suwannee,2013,2017,Hispanic (all races),
12,Florida,12121,Suwannee,2013,2017,American Indian/Alaskan Native (includes Hispanic),
12,Florida,12121,Suwannee,2013,2017,White (includes Hispanic),10.2
12,Florida,12121,Suwannee,2014,2018,Asian/Pacific Islander (includes Hispanic),
12,Florida,12121,Suwannee,2014,2018,Black (includes Hispanic),
12,Florida,12121,Suwannee,2014,2018,Hispanic (all races),
12,Florida,12121,Suwannee,2014,2018,American Indian/Alaskan Native (includes Hispanic),
12,Florida,12121,Suwannee,2014,2018,White (includes Hispanic),11.3
12,Florida,12121,Suwannee,2015,2019,Asian/Pacific Islander (includes Hispanic),
12,Florida,12121,Suwannee,2015,2019,Black (includes Hispanic),
12,Florida,12121,Suwannee,2015,2019,Hispanic (all races),
12,Florida,12121,Suwannee,2015,2019,American Indian/Alaskan Native (includes Hispanic),
12,Florida,12121,Suwannee,2015,2019,White (includes Hispanic),11.6
12,Florida,12121,Suwannee,2016,2020,Asian/Pacific Islander (includes Hispanic),
12,Florida,12121,Suwannee,2016,2020,Black (includes Hispanic),
12,Florida,12121,Suwannee,2016,2020,Hispanic (all races),
12,Florida,12121,Suwannee,2016,2020,American Indian/Alaskan Native (includes Hispanic),
12,Florida,12121,Suwannee,2016,2020,White (includes Hispanic),13.5
12,Florida,12123,Taylor,2011,2015,Asian/Pacific Islander (includes Hispanic),
12,Florida,12123,Taylor,2011,2015,Black (includes Hispanic),
12,Florida,12123,Taylor,2011,2015,Hispanic (all races),
12,Florida,12123,Taylor,2011,2015,American Indian/Alaskan Native (includes Hispanic),
12,Florida,12123,Taylor,2011,2015,White (includes Hispanic),
12,Florida,12123,Taylor,2012,2016,Asian/Pacific Islander (includes Hispanic),
12,Florida,12123,Taylor,2012,2016,Black (includes Hispanic),
12,Florida,12123,Taylor,2012,2016,Hispanic (all races),
12,Florida,12123,Taylor,2012,2016,American Indian/Alaskan Native (includes Hispanic),
12,Florida,12123,Taylor,2012,2016,White (includes Hispanic),
12,Florida,12123,Taylor,2013,2017,Asian/Pacific Islander (includes Hispanic),
12,Florida,12123,Taylor,2013,2017,Black (includes Hispanic),
12,Florida,12123,Taylor,2013,2017,Hispanic (all races),
12,Florida,12123,Taylor,2013,2017,American Indian/Alaskan Native (includes Hispanic),
12,Florida,12123,Taylor,2013,2017,White (includes Hispanic),
12,Florida,12123,Taylor,2014,2018,Asian/Pacific Islander (includes Hispanic),
12,Florida,12123,Taylor,2014,2018,Black (includes Hispanic),
12,Florida,12123,Taylor,2014,2018,Hispanic (all races),
12,Florida,12123,Taylor,2014,2018,American Indian/Alaskan Native (includes Hispanic),
12,Florida,12123,Taylor,2014,2018,White (includes Hispanic),
12,Florida,12123,Taylor,2015,2019,Asian/Pacific Islander (includes Hispanic),
12,Florida,12123,Taylor,2015,2019,Black (includes Hispanic),
12,Florida,12123,Taylor,2015,2019,Hispanic (all races),
12,Florida,12123,Taylor,2015,2019,American Indian/Alaskan Native (includes Hispanic),
12,Florida,12123,Taylor,2015,2019,White (includes Hispanic),13.7
12,Florida,12123,Taylor,2016,2020,Asian/Pacific Islander (includes Hispanic),
12,Florida,12123,Taylor,2016,2020,Black (includes Hispanic),
12,Florida,12123,Taylor,2016,2020,Hispanic (all races),
12,Florida,12123,Taylor,2016,2020,American Indian/Alaskan Native (includes Hispanic),
12,Florida,12123,Taylor,2016,2020,White (includes Hispanic),16.3
12,Florida,12125,Union,2011,2015,Asian/Pacific Islander (includes Hispanic),
12,Florida,12125,Union,2011,2015,Black (includes Hispanic),
12,Florida,12125,Union,2011,2015,Hispanic (all races),
12,Florida,12125,Union,2011,2015,American Indian/Alaskan Native (includes Hispanic),
12,Florida,12125,Union,2011,2015,White (includes Hispanic),10.3
12,Florida,12125,Union,2012,2016,Asian/Pacific Islander (includes Hispanic),
12,Florida,12125,Union,2012,2016,Black (includes Hispanic),
12,Florida,12125,Union,2012,2016,Hispanic (all races),
12,Florida,12125,Union,2012,2016,American Indian/Alaskan Native (includes Hispanic),
12,Florida,12125,Union,2012,2016,White (includes Hispanic),9.2
12,Florida,12125,Union,2013,2017,Asian/Pacific Islander (includes Hispanic),
12,Florida,12125,Union,2013,2017,Black (includes Hispanic),
12,Florida,12125,Union,2013,2017,Hispanic (all races),
12,Florida,12125,Union,2013,2017,American Indian/Alaskan Native (includes Hispanic),
12,Florida,12125,Union,2013,2017,White (includes Hispanic),9.3
12,Florida,12125,Union,2014,2018,Asian/Pacific Islander (includes Hispanic),
12,Florida,12125,Union,2014,2018,Black (includes Hispanic),
12,Florida,12125,Union,2014,2018,Hispanic (all races),
12,Florida,12125,Union,2014,2018,American Indian/Alaskan Native (includes Hispanic),
12,Florida,12125,Union,2014,2018,White (includes Hispanic),10.2
12,Florida,12125,Union,2015,2019,Asian/Pacific Islander (includes Hispanic),
12,Florida,12125,Union,2015,2019,Black (includes Hispanic),
12,Florida,12125,Union,2015,2019,Hispanic (all races),
12,Florida,12125,Union,2015,2019,American Indian/Alaskan Native (includes Hispanic),
12,Florida,12125,Union,2015,2019,White (includes Hispanic),10.1
12,Florida,12125,Union,2016,2020,Asian/Pacific Islander (includes Hispanic),
12,Florida,12125,Union,2016,2020,Black (includes Hispanic),
12,Florida,12125,Union,2016,2020,Hispanic (all races),
12,Florida,12125,Union,2016,2020,American Indian/Alaskan Native (includes Hispanic),
12,Florida,12125,Union,2016,2020,White (includes Hispanic),10.2
12,Florida,12127,Volusia,2011,2015,Asian/Pacific Islander (includes Hispanic),
12,Florida,12127,Volusia,2011,2015,Black (includes Hispanic),9.1
12,Florida,12127,Volusia,2011,2015,Hispanic (all races),9.4
12,Florida,12127,Volusia,2011,2015,American Indian/Alaskan Native (includes Hispanic),
12,Florida,12127,Volusia,2011,2015,White (includes Hispanic),8.9
12,Florida,12127,Volusia,2012,2016,Asian/Pacific Islander (includes Hispanic),
12,Florida,12127,Volusia,2012,2016,Black (includes Hispanic),9.8
12,Florida,12127,Volusia,2012,2016,Hispanic (all races),9.2
12,Florida,12127,Volusia,2012,2016,American Indian/Alaskan Native (includes Hispanic),
12,Florida,12127,Volusia,2012,2016,White (includes Hispanic),9.0
12,Florida,12127,Volusia,2013,2017,Asian/Pacific Islander (includes Hispanic),
12,Florida,12127,Volusia,2013,2017,Black (includes Hispanic),9.6
12,Florida,12127,Volusia,2013,2017,Hispanic (all races),9.9
12,Florida,12127,Volusia,2013,2017,American Indian/Alaskan Native (includes Hispanic),
12,Florida,12127,Volusia,2013,2017,White (includes Hispanic),9.0
12,Florida,12127,Volusia,2014,2018,Asian/Pacific Islander (includes Hispanic),
12,Florida,12127,Volusia,2014,2018,Black (includes Hispanic),10.5
12,Florida,12127,Volusia,2014,2018,Hispanic (all races),9.4
12,Florida,12127,Volusia,2014,2018,American Indian/Alaskan Native (includes Hispanic),
12,Florida,12127,Volusia,2014,2018,White (includes Hispanic),9.3
12,Florida,12127,Volusia,2015,2019,Asian/Pacific Islander (includes Hispanic),3.8
12,Florida,12127,Volusia,2015,2019,Black (includes Hispanic),11.2
12,Florida,12127,Volusia,2015,2019,Hispanic (all races),9.7
12,Florida,12127,Volusia,2015,2019,American Indian/Alaskan Native (includes Hispanic),
12,Florida,12127,Volusia,2015,2019,White (includes Hispanic),9.0
12,Florida,12127,Volusia,2016,2020,Asian/Pacific Islander (includes Hispanic),5.0
12,Florida,12127,Volusia,2016,2020,Black (includes Hispanic),10.5
12,Florida,12127,Volusia,2016,2020,Hispanic (all races),9.7
12,Florida,12127,Volusia,2016,2020,American Indian/Alaskan Native (includes Hispanic),
12,Florida,12127,Volusia,2016,2020,White (includes Hispanic),9.0
12,Florida,12129,Wakulla,2011,2015,Asian/Pacific Islander (includes Hispanic),
12,Florida,12129,Wakulla,2011,2015,Black (includes Hispanic),
12,Florida,12129,Wakulla,2011,2015,Hispanic (all races),
12,Florida,12129,Wakulla,2011,2015,American Indian/Alaskan Native (includes Hispanic),
12,Florida,12129,Wakulla,2011,2015,White (includes Hispanic),6.3
12,Florida,12129,Wakulla,2012,2016,Asian/Pacific Islander (includes Hispanic),
12,Florida,12129,Wakulla,2012,2016,Black (includes Hispanic),
12,Florida,12129,Wakulla,2012,2016,Hispanic (all races),
12,Florida,12129,Wakulla,2012,2016,American Indian/Alaskan Native (includes Hispanic),
12,Florida,12129,Wakulla,2012,2016,White (includes Hispanic),6.7
12,Florida,12129,Wakulla,2013,2017,Asian/Pacific Islander (includes Hispanic),
12,Florida,12129,Wakulla,2013,2017,Black (includes Hispanic),
12,Florida,12129,Wakulla,2013,2017,Hispanic (all races),
12,Florida,12129,Wakulla,2013,2017,American Indian/Alaskan Native (includes Hispanic),
12,Florida,12129,Wakulla,2013,2017,White (includes Hispanic),7.0
12,Florida,12129,Wakulla,2014,2018,Asian/Pacific Islander (includes Hispanic),
12,Florida,12129,Wakulla,2014,2018,Black (includes Hispanic),
12,Florida,12129,Wakulla,2014,2018,Hispanic (all races),
12,Florida,12129,Wakulla,2014,2018,American Indian/Alaskan Native (includes Hispanic),
12,Florida,12129,Wakulla,2014,2018,White (includes Hispanic),6.8
12,Florida,12129,Wakulla,2015,2019,Asian/Pacific Islander (includes Hispanic),
12,Florida,12129,Wakulla,2015,2019,Black (includes Hispanic),7.0
12,Florida,12129,Wakulla,2015,2019,Hispanic (all races),
12,Florida,12129,Wakulla,2015,2019,American Indian/Alaskan Native (includes Hispanic),
12,Florida,12129,Wakulla,2015,2019,White (includes Hispanic),7.6
12,Florida,12129,Wakulla,2016,2020,Asian/Pacific Islander (includes Hispanic),
12,Florida,12129,Wakulla,2016,2020,Black (includes Hispanic),6.8
12,Florida,12129,Wakulla,2016,2020,Hispanic (all races),
12,Florida,12129,Wakulla,2016,2020,American Indian/Alaskan Native (includes Hispanic),
12,Florida,12129,Wakulla,2016,2020,White (includes Hispanic),7.7
12,Florida,12131,Walton,2011,2015,Asian/Pacific Islander (includes Hispanic),
12,Florida,12131,Walton,2011,2015,Black (includes Hispanic),
12,Florida,12131,Walton,2011,2015,Hispanic (all races),
12,Florida,12131,Walton,2011,2015,American Indian/Alaskan Native (includes Hispanic),
12,Florida,12131,Walton,2011,2015,White (includes Hispanic),9.2
12,Florida,12131,Walton,2012,2016,Asian/Pacific Islander (includes Hispanic),
12,Florida,12131,Walton,2012,2016,Black (includes Hispanic),
12,Florida,12131,Walton,2012,2016,Hispanic (all races),
12,Florida,12131,Walton,2012,2016,American Indian/Alaskan Native (includes Hispanic),
12,Florida,12131,Walton,2012,2016,White (includes Hispanic),8.9
12,Florida,12131,Walton,2013,2017,Asian/Pacific Islander (includes Hispanic),
12,Florida,12131,Walton,2013,2017,Black (includes Hispanic),
12,Florida,12131,Walton,2013,2017,Hispanic (all races),
12,Florida,12131,Walton,2013,2017,American Indian/Alaskan Native (includes Hispanic),
12,Florida,12131,Walton,2013,2017,White (includes Hispanic),9.2
12,Florida,12131,Walton,2014,2018,Asian/Pacific Islander (includes Hispanic),
12,Florida,12131,Walton,2014,2018,Black (includes Hispanic),
12,Florida,12131,Walton,2014,2018,Hispanic (all races),
12,Florida,12131,Walton,2014,2018,American Indian/Alaskan Native (includes Hispanic),
12,Florida,12131,Walton,2014,2018,White (includes Hispanic),9.2
12,Florida,12131,Walton,2015,2019,Asian/Pacific Islander (includes Hispanic),
12,Florida,12131,Walton,2015,2019,Black (includes Hispanic),
12,Florida,12131,Walton,2015,2019,Hispanic (all races),
12,Florida,12131,Walton,2015,2019,American Indian/Alaskan Native (includes Hispanic),
12,Florida,12131,Walton,2015,2019,White (includes Hispanic),9.8
12,Florida,12131,Walton,2016,2020,Asian/Pacific Islander (includes Hispanic),
12,Florida,12131,Walton,2016,2020,Black (includes Hispanic),
12,Florida,12131,Walton,2016,2020,Hispanic (all races),
12,Florida,12131,Walton,2016,2020,American Indian/Alaskan Native (includes Hispanic),
12,Florida,12131,Walton,2016,2020,White (includes Hispanic),9.0
12,Florida,12133,Washington,2011,2015,Asian/Pacific Islander (includes Hispanic),
12,Florida,12133,Washington,2011,2015,Black (includes Hispanic),
12,Florida,12133,Washington,2011,2015,Hispanic (all races),
12,Florida,12133,Washington,2011,2015,American Indian/Alaskan Native (includes Hispanic),
12,Florida,12133,Washington,2011,2015,White (includes Hispanic),10.2
12,Florida,12133,Washington,2012,2016,Asian/Pacific Islander (includes Hispanic),
12,Florida,12133,Washington,2012,2016,Black (includes Hispanic),
12,Florida,12133,Washington,2012,2016,Hispanic (all races),
12,Florida,12133,Washington,2012,2016,American Indian/Alaskan Native (includes Hispanic),
12,Florida,12133,Washington,2012,2016,White (includes Hispanic),9.1
12,Florida,12133,Washington,2013,2017,Asian/Pacific Islander (includes Hispanic),
12,Florida,12133,Washington,2013,2017,Black (includes Hispanic),
12,Florida,12133,Washington,2013,2017,Hispanic (all races),
12,Florida,12133,Washington,2013,2017,American Indian/Alaskan Native (includes Hispanic),
12,Florida,12133,Washington,2013,2017,White (includes Hispanic),9.3
12,Florida,12133,Washington,2014,2018,Asian/Pacific Islander (includes Hispanic),
12,Florida,12133,Washington,2014,2018,Black (includes Hispanic),
12,Florida,12133,Washington,2014,2018,Hispanic (all races),
12,Florida,12133,Washington,2014,2018,American Indian/Alaskan Native (includes Hispanic),
12,Florida,12133,Washington,2014,2018,White (includes Hispanic),9.7
12,Florida,12133,Washington,2015,2019,Asian/Pacific Islander (includes Hispanic),
12,Florida,12133,Washington,2015,2019,Black (includes Hispanic),
12,Florida,12133,Washington,2015,2019,Hispanic (all races),
12,Florida,12133,Washington,2015,2019,American Indian/Alaskan Native (includes Hispanic),
12,Florida,12133,Washington,2015,2019,White (includes Hispanic),10.3
12,Florida,12133,Washington,2016,2020,Asian/Pacific Islander (includes Hispanic),
12,Florida,12133,Washington,2016,2020,Black (includes Hispanic),
12,Florida,12133,Washington,2016,2020,Hispanic (all races),
12,Florida,12133,Washington,2016,2020,American Indian/Alaskan Native (includes Hispanic),
12,Florida,12133,Washington,2016,2020,White (includes Hispanic),8.8
13,Georgia,13001,Appling,2011,2015,Asian/Pacific Islander (includes Hispanic),
13,Georgia,13001,Appling,2011,2015,Black (includes Hispanic),
13,Georgia,13001,Appling,2011,2015,Hispanic (all races),
13,Georgia,13001,Appling,2011,2015,American Indian/Alaskan Native (includes Hispanic),
13,Georgia,13001,Appling,2011,2015,White (includes Hispanic),11.0
13,Georgia,13001,Appling,2012,2016,Asian/Pacific Islander (includes Hispanic),
13,Georgia,13001,Appling,2012,2016,Black (includes Hispanic),
13,Georgia,13001,Appling,2012,2016,Hispanic (all races),
13,Georgia,13001,Appling,2012,2016,American Indian/Alaskan Native (includes Hispanic),
13,Georgia,13001,Appling,2012,2016,White (includes Hispanic),10.2
13,Georgia,13001,Appling,2013,2017,Asian/Pacific Islander (includes Hispanic),
13,Georgia,13001,Appling,2013,2017,Black (includes Hispanic),
13,Georgia,13001,Appling,2013,2017,Hispanic (all races),
13,Georgia,13001,Appling,2013,2017,American Indian/Alaskan Native (includes Hispanic),
13,Georgia,13001,Appling,2013,2017,White (includes Hispanic),11.1
13,Georgia,13001,Appling,2014,2018,Asian/Pacific Islander (includes Hispanic),
13,Georgia,13001,Appling,2014,2018,Black (includes Hispanic),
13,Georgia,13001,Appling,2014,2018,Hispanic (all races),
13,Georgia,13001,Appling,2014,2018,American Indian/Alaskan Native (includes Hispanic),
13,Georgia,13001,Appling,2014,2018,White (includes Hispanic),10.6
13,Georgia,13001,Appling,2015,2019,Asian/Pacific Islander (includes Hispanic),
13,Georgia,13001,Appling,2015,2019,Black (includes Hispanic),
13,Georgia,13001,Appling,2015,2019,Hispanic (all races),
13,Georgia,13001,Appling,2015,2019,American Indian/Alaskan Native (includes Hispanic),
13,Georgia,13001,Appling,2015,2019,White (includes Hispanic),8.7
13,Georgia,13001,Appling,2016,2020,Asian/Pacific Islander (includes Hispanic),
13,Georgia,13001,Appling,2016,2020,Black (includes Hispanic),
13,Georgia,13001,Appling,2016,2020,Hispanic (all races),
13,Georgia,13001,Appling,2016,2020,American Indian/Alaskan Native (includes Hispanic),
13,Georgia,13001,Appling,2016,2020,White (includes Hispanic),9.9
13,Georgia,13003,Atkinson,2011,2015,Asian/Pacific Islander (includes Hispanic),
13,Georgia,13003,Atkinson,2011,2015,Black (includes Hispanic),
13,Georgia,13003,Atkinson,2011,2015,Hispanic (all races),
13,Georgia,13003,Atkinson,2011,2015,American Indian/Alaskan Native (includes Hispanic),
13,Georgia,13003,Atkinson,2011,2015,White (includes Hispanic),8.3
13,Georgia,13003,Atkinson,2012,2016,Asian/Pacific Islander (includes Hispanic),
13,Georgia,13003,Atkinson,2012,2016,Black (includes Hispanic),
13,Georgia,13003,Atkinson,2012,2016,Hispanic (all races),
13,Georgia,13003,Atkinson,2012,2016,American Indian/Alaskan Native (includes Hispanic),
13,Georgia,13003,Atkinson,2012,2016,White (includes Hispanic),
13,Georgia,13003,Atkinson,2013,2017,Asian/Pacific Islander (includes Hispanic),
13,Georgia,13003,Atkinson,2013,2017,Black (includes Hispanic),
13,Georgia,13003,Atkinson,2013,2017,Hispanic (all races),
13,Georgia,13003,Atkinson,2013,2017,American Indian/Alaskan Native (includes Hispanic),
13,Georgia,13003,Atkinson,2013,2017,White (includes Hispanic),8.9
13,Georgia,13003,Atkinson,2014,2018,Asian/Pacific Islander (includes Hispanic),
13,Georgia,13003,Atkinson,2014,2018,Black (includes Hispanic),
13,Georgia,13003,Atkinson,2014,2018,Hispanic (all races),
13,Georgia,13003,Atkinson,2014,2018,American Indian/Alaskan Native (includes Hispanic),
13,Georgia,13003,Atkinson,2014,2018,White (includes Hispanic),9.5
13,Georgia,13003,Atkinson,2015,2019,Asian/Pacific Islander (includes Hispanic),
13,Georgia,13003,Atkinson,2015,2019,Black (includes Hispanic),
13,Georgia,13003,Atkinson,2015,2019,Hispanic (all races),
13,Georgia,13003,Atkinson,2015,2019,American Indian/Alaskan Native (includes Hispanic),
13,Georgia,13003,Atkinson,2015,2019,White (includes Hispanic),9.1
13,Georgia,13003,Atkinson,2016,2020,Asian/Pacific Islander (includes Hispanic),
13,Georgia,13003,Atkinson,2016,2020,Black (includes Hispanic),
13,Georgia,13003,Atkinson,2016,2020,Hispanic (all races),
13,Georgia,13003,Atkinson,2016,2020,American Indian/Alaskan Native (includes Hispanic),
13,Georgia,13003,Atkinson,2016,2020,White (includes Hispanic),8.4
13,Georgia,13005,Bacon,2011,2015,Asian/Pacific Islander (includes Hispanic),
13,Georgia,13005,Bacon,2011,2015,Black (includes Hispanic),
13,Georgia,13005,Bacon,2011,2015,Hispanic (all races),
13,Georgia,13005,Bacon,2011,2015,American Indian/Alaskan Native (includes Hispanic),
13,Georgia,13005,Bacon,2011,2015,White (includes Hispanic),10.5
13,Georgia,13005,Bacon,2012,2016,Asian/Pacific Islander (includes Hispanic),
13,Georgia,13005,Bacon,2012,2016,Black (includes Hispanic),
13,Georgia,13005,Bacon,2012,2016,Hispanic (all races),
13,Georgia,13005,Bacon,2012,2016,American Indian/Alaskan Native (includes Hispanic),
13,Georgia,13005,Bacon,2012,2016,White (includes Hispanic),9.1
13,Georgia,13005,Bacon,2013,2017,Asian/Pacific Islander (includes Hispanic),
13,Georgia,13005,Bacon,2013,2017,Black (includes Hispanic),
13,Georgia,13005,Bacon,2013,2017,Hispanic (all races),
13,Georgia,13005,Bacon,2013,2017,American Indian/Alaskan Native (includes Hispanic),
13,Georgia,13005,Bacon,2013,2017,White (includes Hispanic),11.1
13,Georgia,13005,Bacon,2014,2018,Asian/Pacific Islander (includes Hispanic),
13,Georgia,13005,Bacon,2014,2018,Black (includes Hispanic),
13,Georgia,13005,Bacon,2014,2018,Hispanic (all races),
13,Georgia,13005,Bacon,2014,2018,American Indian/Alaskan Native (includes Hispanic),
13,Georgia,13005,Bacon,2014,2018,White (includes Hispanic),10.8
13,Georgia,13005,Bacon,2015,2019,Asian/Pacific Islander (includes Hispanic),
13,Georgia,13005,Bacon,2015,2019,Black (includes Hispanic),
13,Georgia,13005,Bacon,2015,2019,Hispanic (all races),
13,Georgia,13005,Bacon,2015,2019,American Indian/Alaskan Native (includes Hispanic),
13,Georgia,13005,Bacon,2015,2019,White (includes Hispanic),9.0
13,Georgia,13005,Bacon,2016,2020,Asian/Pacific Islander (includes Hispanic),
13,Georgia,13005,Bacon,2016,2020,Black (includes Hispanic),
13,Georgia,13005,Bacon,2016,2020,Hispanic (all races),
13,Georgia,13005,Bacon,2016,2020,American Indian/Alaskan Native (includes Hispanic),
13,Georgia,13005,Bacon,2016,2020,White (includes Hispanic),8.3
13,Georgia,13007,Baker,2011,2015,Asian/Pacific Islander (includes Hispanic),
13,Georgia,13007,Baker,2011,2015,Black (includes Hispanic),10.2
13,Georgia,13007,Baker,2011,2015,Hispanic (all races),
13,Georgia,13007,Baker,2011,2015,American Indian/Alaskan Native (includes Hispanic),
13,Georgia,13007,Baker,2011,2015,White (includes Hispanic),10.9
13,Georgia,13007,Baker,2012,2016,Asian/Pacific Islander (includes Hispanic),
13,Georgia,13007,Baker,2012,2016,Black (includes Hispanic),9.2
13,Georgia,13007,Baker,2012,2016,Hispanic (all races),
13,Georgia,13007,Baker,2012,2016,American Indian/Alaskan Native (includes Hispanic),
13,Georgia,13007,Baker,2012,2016,White (includes Hispanic),
13,Georgia,13007,Baker,2013,2017,Asian/Pacific Islander (includes Hispanic),
13,Georgia,13007,Baker,2013,2017,Black (includes Hispanic),10.1
13,Georgia,13007,Baker,2013,2017,Hispanic (all races),
13,Georgia,13007,Baker,2013,2017,American Indian/Alaskan Native (includes Hispanic),
13,Georgia,13007,Baker,2013,2017,White (includes Hispanic),
13,Georgia,13007,Baker,2014,2018,Asian/Pacific Islander (includes Hispanic),
13,Georgia,13007,Baker,2014,2018,Black (includes Hispanic),9.7
13,Georgia,13007,Baker,2014,2018,Hispanic (all races),
13,Georgia,13007,Baker,2014,2018,American Indian/Alaskan Native (includes Hispanic),
13,Georgia,13007,Baker,2014,2018,White (includes Hispanic),
13,Georgia,13007,Baker,2015,2019,Asian/Pacific Islander (includes Hispanic),
13,Georgia,13007,Baker,2015,2019,Black (includes Hispanic),9.5
13,Georgia,13007,Baker,2015,2019,Hispanic (all races),
13,Georgia,13007,Baker,2015,2019,American Indian/Alaskan Native (includes Hispanic),
13,Georgia,13007,Baker,2015,2019,White (includes Hispanic),
13,Georgia,13007,Baker,2016,2020,Asian/Pacific Islander (includes Hispanic),
13,Georgia,13007,Baker,2016,2020,Black (includes Hispanic),9.8
13,Georgia,13007,Baker,2016,2020,Hispanic (all races),
13,Georgia,13007,Baker,2016,2020,American Indian/Alaskan Native (includes Hispanic),
13,Georgia,13007,Baker,2016,2020,White (includes Hispanic),
13,Georgia,13009,Baldwin,2011,2015,Asian/Pacific Islander (includes Hispanic),
13,Georgia,13009,Baldwin,2011,2015,Black (includes Hispanic),12.3
13,Georgia,13009,Baldwin,2011,2015,Hispanic (all races),
13,Georgia,13009,Baldwin,2011,2015,American Indian/Alaskan Native (includes Hispanic),
13,Georgia,13009,Baldwin,2011,2015,White (includes Hispanic),
13,Georgia,13009,Baldwin,2012,2016,Asian/Pacific Islander (includes Hispanic),
13,Georgia,13009,Baldwin,2012,2016,Black (includes Hispanic),13.2
13,Georgia,13009,Baldwin,2012,2016,Hispanic (all races),
13,Georgia,13009,Baldwin,2012,2016,American Indian/Alaskan Native (includes Hispanic),
13,Georgia,13009,Baldwin,2012,2016,White (includes Hispanic),
13,Georgia,13009,Baldwin,2013,2017,Asian/Pacific Islander (includes Hispanic),
13,Georgia,13009,Baldwin,2013,2017,Black (includes Hispanic),
13,Georgia,13009,Baldwin,2013,2017,Hispanic (all races),
13,Georgia,13009,Baldwin,2013,2017,American Indian/Alaskan Native (includes Hispanic),
13,Georgia,13009,Baldwin,2013,2017,White (includes Hispanic),
13,Georgia,13009,Baldwin,2014,2018,Asian/Pacific Islander (includes Hispanic),
13,Georgia,13009,Baldwin,2014,2018,Black (includes Hispanic),
13,Georgia,13009,Baldwin,2014,2018,Hispanic (all races),
13,Georgia,13009,Baldwin,2014,2018,American Indian/Alaskan Native (includes Hispanic),
13,Georgia,13009,Baldwin,2014,2018,White (includes Hispanic),
13,Georgia,13009,Baldwin,2015,2019,Asian/Pacific Islander (includes Hispanic),
13,Georgia,13009,Baldwin,2015,2019,Black (includes Hispanic),
13,Georgia,13009,Baldwin,2015,2019,Hispanic (all races),
13,Georgia,13009,Baldwin,2015,2019,American Indian/Alaskan Native (includes Hispanic),
13,Georgia,13009,Baldwin,2015,2019,White (includes Hispanic),
13,Georgia,13009,Baldwin,2016,2020,Asian/Pacific Islander (includes Hispanic),
13,Georgia,13009,Baldwin,2016,2020,Black (includes Hispanic),
13,Georgia,13009,Baldwin,2016,2020,Hispanic (all races),
13,Georgia,13009,Baldwin,2016,2020,American Indian/Alaskan Native (includes Hispanic),
13,Georgia,13009,Baldwin,2016,2020,White (includes Hispanic),
13,Georgia,13011,Banks,2011,2015,Asian/Pacific Islander (includes Hispanic),
13,Georgia,13011,Banks,2011,2015,Black (includes Hispanic),
13,Georgia,13011,Banks,2011,2015,Hispanic (all races),
13,Georgia,13011,Banks,2011,2015,American Indian/Alaskan Native (includes Hispanic),
13,Georgia,13011,Banks,2011,2015,White (includes Hispanic),9.4
13,Georgia,13011,Banks,2012,2016,Asian/Pacific Islander (includes Hispanic),
13,Georgia,13011,Banks,2012,2016,Black (includes Hispanic),
13,Georgia,13011,Banks,2012,2016,Hispanic (all races),
13,Georgia,13011,Banks,2012,2016,American Indian/Alaskan Native (includes Hispanic),
13,Georgia,13011,Banks,2012,2016,White (includes Hispanic),9.6
13,Georgia,13011,Banks,2013,2017,Asian/Pacific Islander (includes Hispanic),
13,Georgia,13011,Banks,2013,2017,Black (includes Hispanic),
13,Georgia,13011,Banks,2013,2017,Hispanic (all races),
13,Georgia,13011,Banks,2013,2017,American Indian/Alaskan Native (includes Hispanic),
13,Georgia,13011,Banks,2013,2017,White (includes Hispanic),9.4
13,Georgia,13011,Banks,2014,2018,Asian/Pacific Islander (includes Hispanic),
13,Georgia,13011,Banks,2014,2018,Black (includes Hispanic),
13,Georgia,13011,Banks,2014,2018,Hispanic (all races),
13,Georgia,13011,Banks,2014,2018,American Indian/Alaskan Native (includes Hispanic),
13,Georgia,13011,Banks,2014,2018,White (includes Hispanic),9.6
13,Georgia,13011,Banks,2015,2019,Asian/Pacific Islander (includes Hispanic),
13,Georgia,13011,Banks,2015,2019,Black (includes Hispanic),
13,Georgia,13011,Banks,2015,2019,Hispanic (all races),
13,Georgia,13011,Banks,2015,2019,American Indian/Alaskan Native (includes Hispanic),
13,Georgia,13011,Banks,2015,2019,White (includes Hispanic),10.5
13,Georgia,13011,Banks,2016,2020,Asian/Pacific Islander (includes Hispanic),
13,Georgia,13011,Banks,2016,2020,Black (includes Hispanic),
13,Georgia,13011,Banks,2016,2020,Hispanic (all races),
13,Georgia,13011,Banks,2016,2020,American Indian/Alaskan Native (includes Hispanic),
13,Georgia,13011,Banks,2016,2020,White (includes Hispanic),9.8
13,Georgia,13013,Barrow,2011,2015,Asian/Pacific Islander (includes Hispanic),
13,Georgia,13013,Barrow,2011,2015,Black (includes Hispanic),7.2
13,Georgia,13013,Barrow,2011,2015,Hispanic (all races),9.1
13,Georgia,13013,Barrow,2011,2015,American Indian/Alaskan Native (includes Hispanic),
13,Georgia,13013,Barrow,2011,2015,White (includes Hispanic),8.0
13,Georgia,13013,Barrow,2012,2016,Asian/Pacific Islander (includes Hispanic),7.0
13,Georgia,13013,Barrow,2012,2016,Black (includes Hispanic),6.8
13,Georgia,13013,Barrow,2012,2016,Hispanic (all races),10.5
13,Georgia,13013,Barrow,2012,2016,American Indian/Alaskan Native (includes Hispanic),
13,Georgia,13013,Barrow,2012,2016,White (includes Hispanic),7.7
13,Georgia,13013,Barrow,2013,2017,Asian/Pacific Islander (includes Hispanic),6.7
13,Georgia,13013,Barrow,2013,2017,Black (includes Hispanic),6.7
13,Georgia,13013,Barrow,2013,2017,Hispanic (all races),10.7
13,Georgia,13013,Barrow,2013,2017,American Indian/Alaskan Native (includes Hispanic),
13,Georgia,13013,Barrow,2013,2017,White (includes Hispanic),7.8
13,Georgia,13013,Barrow,2014,2018,Asian/Pacific Islander (includes Hispanic),6.9
13,Georgia,13013,Barrow,2014,2018,Black (includes Hispanic),7.0
13,Georgia,13013,Barrow,2014,2018,Hispanic (all races),9.4
13,Georgia,13013,Barrow,2014,2018,American Indian/Alaskan Native (includes Hispanic),
13,Georgia,13013,Barrow,2014,2018,White (includes Hispanic),8.1
13,Georgia,13013,Barrow,2015,2019,Asian/Pacific Islander (includes Hispanic),6.1
13,Georgia,13013,Barrow,2015,2019,Black (includes Hispanic),7.6
13,Georgia,13013,Barrow,2015,2019,Hispanic (all races),9.8
13,Georgia,13013,Barrow,2015,2019,American Indian/Alaskan Native (includes Hispanic),
13,Georgia,13013,Barrow,2015,2019,White (includes Hispanic),8.7
13,Georgia,13013,Barrow,2016,2020,Asian/Pacific Islander (includes Hispanic),7.8
13,Georgia,13013,Barrow,2016,2020,Black (includes Hispanic),7.4
13,Georgia,13013,Barrow,2016,2020,Hispanic (all races),9.3
13,Georgia,13013,Barrow,2016,2020,American Indian/Alaskan Native (includes Hispanic),
13,Georgia,13013,Barrow,2016,2020,White (includes Hispanic),7.7
13,Georgia,13015,Bartow,2011,2015,Asian/Pacific Islander (includes Hispanic),
13,Georgia,13015,Bartow,2011,2015,Black (includes Hispanic),6.2
13,Georgia,13015,Bartow,2011,2015,Hispanic (all races),11.8
13,Georgia,13015,Bartow,2011,2015,American Indian/Alaskan Native (includes Hispanic),
13,Georgia,13015,Bartow,2011,2015,White (includes Hispanic),7.9
13,Georgia,13015,Bartow,2012,2016,Asian/Pacific Islander (includes Hispanic),
13,Georgia,13015,Bartow,2012,2016,Black (includes Hispanic),7.5
13,Georgia,13015,Bartow,2012,2016,Hispanic (all races),13.9
13,Georgia,13015,Bartow,2012,2016,American Indian/Alaskan Native (includes Hispanic),
13,Georgia,13015,Bartow,2012,2016,White (includes Hispanic),8.1
13,Georgia,13015,Bartow,2013,2017,Asian/Pacific Islander (includes Hispanic),
13,Georgia,13015,Bartow,2013,2017,Black (includes Hispanic),7.0
13,Georgia,13015,Bartow,2013,2017,Hispanic (all races),12.3
13,Georgia,13015,Bartow,2013,2017,American Indian/Alaskan Native (includes Hispanic),
13,Georgia,13015,Bartow,2013,2017,White (includes Hispanic),8.1
13,Georgia,13015,Bartow,2014,2018,Asian/Pacific Islander (includes Hispanic),
13,Georgia,13015,Bartow,2014,2018,Black (includes Hispanic),6.9
13,Georgia,13015,Bartow,2014,2018,Hispanic (all races),12.5
13,Georgia,13015,Bartow,2014,2018,American Indian/Alaskan Native (includes Hispanic),
13,Georgia,13015,Bartow,2014,2018,White (includes Hispanic),8.3
13,Georgia,13015,Bartow,2015,2019,Asian/Pacific Islander (includes Hispanic),
13,Georgia,13015,Bartow,2015,2019,Black (includes Hispanic),8.5
13,Georgia,13015,Bartow,2015,2019,Hispanic (all races),14.2
13,Georgia,13015,Bartow,2015,2019,American Indian/Alaskan Native (includes Hispanic),
13,Georgia,13015,Bartow,2015,2019,White (includes Hispanic),9.0
13,Georgia,13015,Bartow,2016,2020,Asian/Pacific Islander (includes Hispanic),
13,Georgia,13015,Bartow,2016,2020,Black (includes Hispanic),8.6
13,Georgia,13015,Bartow,2016,2020,Hispanic (all races),12.1
13,Georgia,13015,Bartow,2016,2020,American Indian/Alaskan Native (includes Hispanic),
13,Georgia,13015,Bartow,2016,2020,White (includes Hispanic),8.8
13,Georgia,13017,Ben Hill,2011,2015,Asian/Pacific Islander (includes Hispanic),
13,Georgia,13017,Ben Hill,2011,2015,Black (includes Hispanic),
13,Georgia,13017,Ben Hill,2011,2015,Hispanic (all races),
13,Georgia,13017,Ben Hill,2011,2015,American Indian/Alaskan Native (includes Hispanic),
13,Georgia,13017,Ben Hill,2011,2015,White (includes Hispanic),
13,Georgia,13017,Ben Hill,2012,2016,Asian/Pacific Islander (includes Hispanic),
13,Georgia,13017,Ben Hill,2012,2016,Black (includes Hispanic),
13,Georgia,13017,Ben Hill,2012,2016,Hispanic (all races),
13,Georgia,13017,Ben Hill,2012,2016,American Indian/Alaskan Native (includes Hispanic),
13,Georgia,13017,Ben Hill,2012,2016,White (includes Hispanic),
13,Georgia,13017,Ben Hill,2013,2017,Asian/Pacific Islander (includes Hispanic),
13,Georgia,13017,Ben Hill,2013,2017,Black (includes Hispanic),
13,Georgia,13017,Ben Hill,2013,2017,Hispanic (all races),
13,Georgia,13017,Ben Hill,2013,2017,American Indian/Alaskan Native (includes Hispanic),
13,Georgia,13017,Ben Hill,2013,2017,White (includes Hispanic),11.1
13,Georgia,13017,Ben Hill,2014,2018,Asian/Pacific Islander (includes Hispanic),
13,Georgia,13017,Ben Hill,2014,2018,Black (includes Hispanic),
13,Georgia,13017,Ben Hill,2014,2018,Hispanic (all races),
13,Georgia,13017,Ben Hill,2014,2018,American Indian/Alaskan Native (includes Hispanic),
13,Georgia,13017,Ben Hill,2014,2018,White (includes Hispanic),13.6
13,Georgia,13017,Ben Hill,2015,2019,Asian/Pacific Islander (includes Hispanic),
13,Georgia,13017,Ben Hill,2015,2019,Black (includes Hispanic),
13,Georgia,13017,Ben Hill,2015,2019,Hispanic (all races),
13,Georgia,13017,Ben Hill,2015,2019,American Indian/Alaskan Native (includes Hispanic),
13,Georgia,13017,Ben Hill,2015,2019,White (includes Hispanic),14.1
13,Georgia,13017,Ben Hill,2016,2020,Asian/Pacific Islander (includes Hispanic),
13,Georgia,13017,Ben Hill,2016,2020,Black (includes Hispanic),24.8
13,Georgia,13017,Ben Hill,2016,2020,Hispanic (all races),
13,Georgia,13017,Ben Hill,2016,2020,American Indian/Alaskan Native (includes Hispanic),
13,Georgia,13017,Ben Hill,2016,2020,White (includes Hispanic),11.1
13,Georgia,13019,Berrien,2011,2015,Asian/Pacific Islander (includes Hispanic),
13,Georgia,13019,Berrien,2011,2015,Black (includes Hispanic),
13,Georgia,13019,Berrien,2011,2015,Hispanic (all races),
13,Georgia,13019,Berrien,2011,2015,American Indian/Alaskan Native (includes Hispanic),
13,Georgia,13019,Berrien,2011,2015,White (includes Hispanic),9.6
13,Georgia,13019,Berrien,2012,2016,Asian/Pacific Islander (includes Hispanic),
13,Georgia,13019,Berrien,2012,2016,Black (includes Hispanic),10.3
13,Georgia,13019,Berrien,2012,2016,Hispanic (all races),
13,Georgia,13019,Berrien,2012,2016,American Indian/Alaskan Native (includes Hispanic),
13,Georgia,13019,Berrien,2012,2016,White (includes Hispanic),10.0
13,Georgia,13019,Berrien,2013,2017,Asian/Pacific Islander (includes Hispanic),
13,Georgia,13019,Berrien,2013,2017,Black (includes Hispanic),10.7
13,Georgia,13019,Berrien,2013,2017,Hispanic (all races),
13,Georgia,13019,Berrien,2013,2017,American Indian/Alaskan Native (includes Hispanic),
13,Georgia,13019,Berrien,2013,2017,White (includes Hispanic),10.2
13,Georgia,13019,Berrien,2014,2018,Asian/Pacific Islander (includes Hispanic),
13,Georgia,13019,Berrien,2014,2018,Black (includes Hispanic),9.8
13,Georgia,13019,Berrien,2014,2018,Hispanic (all races),
13,Georgia,13019,Berrien,2014,2018,American Indian/Alaskan Native (includes Hispanic),
13,Georgia,13019,Berrien,2014,2018,White (includes Hispanic),10.2
13,Georgia,13019,Berrien,2015,2019,Asian/Pacific Islander (includes Hispanic),
13,Georgia,13019,Berrien,2015,2019,Black (includes Hispanic),
13,Georgia,13019,Berrien,2015,2019,Hispanic (all races),
13,Georgia,13019,Berrien,2015,2019,American Indian/Alaskan Native (includes Hispanic),
13,Georgia,13019,Berrien,2015,2019,White (includes Hispanic),9.1
13,Georgia,13019,Berrien,2016,2020,Asian/Pacific Islander (includes Hispanic),
13,Georgia,13019,Berrien,2016,2020,Black (includes Hispanic),12.2
13,Georgia,13019,Berrien,2016,2020,Hispanic (all races),
13,Georgia,13019,Berrien,2016,2020,American Indian/Alaskan Native (includes Hispanic),
13,Georgia,13019,Berrien,2016,2020,White (includes Hispanic),7.9
13,Georgia,13021,Bibb,2011,2015,Asian/Pacific Islander (includes Hispanic),
13,Georgia,13021,Bibb,2011,2015,Black (includes Hispanic),9.3
13,Georgia,13021,Bibb,2011,2015,Hispanic (all races),
13,Georgia,13021,Bibb,2011,2015,American Indian/Alaskan Native (includes Hispanic),
13,Georgia,13021,Bibb,2011,2015,White (includes Hispanic),5.3
13,Georgia,13021,Bibb,2012,2016,Asian/Pacific Islander (includes Hispanic),
13,Georgia,13021,Bibb,2012,2016,Black (includes Hispanic),9.3
13,Georgia,13021,Bibb,2012,2016,Hispanic (all races),
13,Georgia,13021,Bibb,2012,2016,American Indian/Alaskan Native (includes Hispanic),
13,Georgia,13021,Bibb,2012,2016,White (includes Hispanic),5.4
13,Georgia,13021,Bibb,2013,2017,Asian/Pacific Islander (includes Hispanic),
13,Georgia,13021,Bibb,2013,2017,Black (includes Hispanic),8.5
13,Georgia,13021,Bibb,2013,2017,Hispanic (all races),
13,Georgia,13021,Bibb,2013,2017,American Indian/Alaskan Native (includes Hispanic),
13,Georgia,13021,Bibb,2013,2017,White (includes Hispanic),6.7
13,Georgia,13021,Bibb,2014,2018,Asian/Pacific Islander (includes Hispanic),
13,Georgia,13021,Bibb,2014,2018,Black (includes Hispanic),8.2
13,Georgia,13021,Bibb,2014,2018,Hispanic (all races),
13,Georgia,13021,Bibb,2014,2018,American Indian/Alaskan Native (includes Hispanic),
13,Georgia,13021,Bibb,2014,2018,White (includes Hispanic),7.8
13,Georgia,13021,Bibb,2015,2019,Asian/Pacific Islander (includes Hispanic),
13,Georgia,13021,Bibb,2015,2019,Black (includes Hispanic),8.7
13,Georgia,13021,Bibb,2015,2019,Hispanic (all races),
13,Georgia,13021,Bibb,2015,2019,American Indian/Alaskan Native (includes Hispanic),
13,Georgia,13021,Bibb,2015,2019,White (includes Hispanic),9.2
13,Georgia,13021,Bibb,2016,2020,Asian/Pacific Islander (includes Hispanic),
13,Georgia,13021,Bibb,2016,2020,Black (includes Hispanic),8.5
13,Georgia,13021,Bibb,2016,2020,Hispanic (all races),
13,Georgia,13021,Bibb,2016,2020,American Indian/Alaskan Native (includes Hispanic),
13,Georgia,13021,Bibb,2016,2020,White (includes Hispanic),9.1
13,Georgia,13023,Bleckley,2011,2015,Asian/Pacific Islander (includes Hispanic),
13,Georgia,13023,Bleckley,2011,2015,Black (includes Hispanic),11.5
13,Georgia,13023,Bleckley,2011,2015,Hispanic (all races),
13,Georgia,13023,Bleckley,2011,2015,American Indian/Alaskan Native (includes Hispanic),
13,Georgia,13023,Bleckley,2011,2015,White (includes Hispanic),6.8
13,Georgia,13023,Bleckley,2012,2016,Asian/Pacific Islander (includes Hispanic),
13,Georgia,13023,Bleckley,2012,2016,Black (includes Hispanic),11.2
13,Georgia,13023,Bleckley,2012,2016,Hispanic (all races),
13,Georgia,13023,Bleckley,2012,2016,American Indian/Alaskan Native (includes Hispanic),
13,Georgia,13023,Bleckley,2012,2016,White (includes Hispanic),7.3
13,Georgia,13023,Bleckley,2013,2017,Asian/Pacific Islander (includes Hispanic),
13,Georgia,13023,Bleckley,2013,2017,Black (includes Hispanic),10.8
13,Georgia,13023,Bleckley,2013,2017,Hispanic (all races),
13,Georgia,13023,Bleckley,2013,2017,American Indian/Alaskan Native (includes Hispanic),
13,Georgia,13023,Bleckley,2013,2017,White (includes Hispanic),9.5
13,Georgia,13023,Bleckley,2014,2018,Asian/Pacific Islander (includes Hispanic),
13,Georgia,13023,Bleckley,2014,2018,Black (includes Hispanic),10.6
13,Georgia,13023,Bleckley,2014,2018,Hispanic (all races),
13,Georgia,13023,Bleckley,2014,2018,American Indian/Alaskan Native (includes Hispanic),
13,Georgia,13023,Bleckley,2014,2018,White (includes Hispanic),9.2
13,Georgia,13023,Bleckley,2015,2019,Asian/Pacific Islander (includes Hispanic),
13,Georgia,13023,Bleckley,2015,2019,Black (includes Hispanic),10.9
13,Georgia,13023,Bleckley,2015,2019,Hispanic (all races),
13,Georgia,13023,Bleckley,2015,2019,American Indian/Alaskan Native (includes Hispanic),
13,Georgia,13023,Bleckley,2015,2019,White (includes Hispanic),10.7
13,Georgia,13023,Bleckley,2016,2020,Asian/Pacific Islander (includes Hispanic),
13,Georgia,13023,Bleckley,2016,2020,Black (includes Hispanic),10.9
13,Georgia,13023,Bleckley,2016,2020,Hispanic (all races),
13,Georgia,13023,Bleckley,2016,2020,American Indian/Alaskan Native (includes Hispanic),
13,Georgia,13023,Bleckley,2016,2020,White (includes Hispanic),9.3
13,Georgia,13025,Brantley,2011,2015,Asian/Pacific Islander (includes Hispanic),
13,Georgia,13025,Brantley,2011,2015,Black (includes Hispanic),
13,Georgia,13025,Brantley,2011,2015,Hispanic (all races),
13,Georgia,13025,Brantley,2011,2015,American Indian/Alaskan Native (includes Hispanic),
13,Georgia,13025,Brantley,2011,2015,White (includes Hispanic),8.7
13,Georgia,13025,Brantley,2012,2016,Asian/Pacific Islander (includes Hispanic),
13,Georgia,13025,Brantley,2012,2016,Black (includes Hispanic),
13,Georgia,13025,Brantley,2012,2016,Hispanic (all races),
13,Georgia,13025,Brantley,2012,2016,American Indian/Alaskan Native (includes Hispanic),
13,Georgia,13025,Brantley,2012,2016,White (includes Hispanic),9.5
13,Georgia,13025,Brantley,2013,2017,Asian/Pacific Islander (includes Hispanic),
13,Georgia,13025,Brantley,2013,2017,Black (includes Hispanic),
13,Georgia,13025,Brantley,2013,2017,Hispanic (all races),
13,Georgia,13025,Brantley,2013,2017,American Indian/Alaskan Native (includes Hispanic),
13,Georgia,13025,Brantley,2013,2017,White (includes Hispanic),8.9
13,Georgia,13025,Brantley,2014,2018,Asian/Pacific Islander (includes Hispanic),
13,Georgia,13025,Brantley,2014,2018,Black (includes Hispanic),
13,Georgia,13025,Brantley,2014,2018,Hispanic (all races),
13,Georgia,13025,Brantley,2014,2018,American Indian/Alaskan Native (includes Hispanic),
13,Georgia,13025,Brantley,2014,2018,White (includes Hispanic),10.3
13,Georgia,13025,Brantley,2015,2019,Asian/Pacific Islander (includes Hispanic),
13,Georgia,13025,Brantley,2015,2019,Black (includes Hispanic),
13,Georgia,13025,Brantley,2015,2019,Hispanic (all races),
13,Georgia,13025,Brantley,2015,2019,American Indian/Alaskan Native (includes Hispanic),
13,Georgia,13025,Brantley,2015,2019,White (includes Hispanic),9.4
13,Georgia,13025,Brantley,2016,2020,Asian/Pacific Islander (includes Hispanic),
13,Georgia,13025,Brantley,2016,2020,Black (includes Hispanic),
13,Georgia,13025,Brantley,2016,2020,Hispanic (all races),
13,Georgia,13025,Brantley,2016,2020,American Indian/Alaskan Native (includes Hispanic),
13,Georgia,13025,Brantley,2016,2020,White (includes Hispanic),9.5
13,Georgia,13027,Brooks,2011,2015,Asian/Pacific Islander (includes Hispanic),
13,Georgia,13027,Brooks,2011,2015,Black (includes Hispanic),8.3
13,Georgia,13027,Brooks,2011,2015,Hispanic (all races),
13,Georgia,13027,Brooks,2011,2015,American Indian/Alaskan Native (includes Hispanic),
13,Georgia,13027,Brooks,2011,2015,White (includes Hispanic),10.5
13,Georgia,13027,Brooks,2012,2016,Asian/Pacific Islander (includes Hispanic),
13,Georgia,13027,Brooks,2012,2016,Black (includes Hispanic),7.8
13,Georgia,13027,Brooks,2012,2016,Hispanic (all races),
13,Georgia,13027,Brooks,2012,2016,American Indian/Alaskan Native (includes Hispanic),
13,Georgia,13027,Brooks,2012,2016,White (includes Hispanic),10.2
13,Georgia,13027,Brooks,2013,2017,Asian/Pacific Islander (includes Hispanic),
13,Georgia,13027,Brooks,2013,2017,Black (includes Hispanic),
13,Georgia,13027,Brooks,2013,2017,Hispanic (all races),
13,Georgia,13027,Brooks,2013,2017,American Indian/Alaskan Native (includes Hispanic),
13,Georgia,13027,Brooks,2013,2017,White (includes Hispanic),9.9
13,Georgia,13027,Brooks,2014,2018,Asian/Pacific Islander (includes Hispanic),
13,Georgia,13027,Brooks,2014,2018,Black (includes Hispanic),
13,Georgia,13027,Brooks,2014,2018,Hispanic (all races),
13,Georgia,13027,Brooks,2014,2018,American Indian/Alaskan Native (includes Hispanic),
13,Georgia,13027,Brooks,2014,2018,White (includes Hispanic),8.9
13,Georgia,13027,Brooks,2015,2019,Asian/Pacific Islander (includes Hispanic),
13,Georgia,13027,Brooks,2015,2019,Black (includes Hispanic),
13,Georgia,13027,Brooks,2015,2019,Hispanic (all races),
13,Georgia,13027,Brooks,2015,2019,American Indian/Alaskan Native (includes Hispanic),
13,Georgia,13027,Brooks,2015,2019,White (includes Hispanic),9.4
13,Georgia,13027,Brooks,2016,2020,Asian/Pacific Islander (includes Hispanic),
13,Georgia,13027,Brooks,2016,2020,Black (includes Hispanic),11.0
13,Georgia,13027,Brooks,2016,2020,Hispanic (all races),
13,Georgia,13027,Brooks,2016,2020,American Indian/Alaskan Native (includes Hispanic),
13,Georgia,13027,Brooks,2016,2020,White (includes Hispanic),8.6
13,Georgia,13029,Bryan,2011,2015,Asian/Pacific Islander (includes Hispanic),
13,Georgia,13029,Bryan,2011,2015,Black (includes Hispanic),9.1
13,Georgia,13029,Bryan,2011,2015,Hispanic (all races),
13,Georgia,13029,Bryan,2011,2015,American Indian/Alaskan Native (includes Hispanic),
13,Georgia,13029,Bryan,2011,2015,White (includes Hispanic),7.4
13,Georgia,13029,Bryan,2012,2016,Asian/Pacific Islander (includes Hispanic),
13,Georgia,13029,Bryan,2012,2016,Black (includes Hispanic),8.5
13,Georgia,13029,Bryan,2012,2016,Hispanic (all races),
13,Georgia,13029,Bryan,2012,2016,American Indian/Alaskan Native (includes Hispanic),
13,Georgia,13029,Bryan,2012,2016,White (includes Hispanic),8.0
13,Georgia,13029,Bryan,2013,2017,Asian/Pacific Islander (includes Hispanic),
13,Georgia,13029,Bryan,2013,2017,Black (includes Hispanic),7.8
13,Georgia,13029,Bryan,2013,2017,Hispanic (all races),
13,Georgia,13029,Bryan,2013,2017,American Indian/Alaskan Native (includes Hispanic),
13,Georgia,13029,Bryan,2013,2017,White (includes Hispanic),7.8
13,Georgia,13029,Bryan,2014,2018,Asian/Pacific Islander (includes Hispanic),
13,Georgia,13029,Bryan,2014,2018,Black (includes Hispanic),6.9
13,Georgia,13029,Bryan,2014,2018,Hispanic (all races),
13,Georgia,13029,Bryan,2014,2018,American Indian/Alaskan Native (includes Hispanic),
13,Georgia,13029,Bryan,2014,2018,White (includes Hispanic),8.4
13,Georgia,13029,Bryan,2015,2019,Asian/Pacific Islander (includes Hispanic),
13,Georgia,13029,Bryan,2015,2019,Black (includes Hispanic),5.9
13,Georgia,13029,Bryan,2015,2019,Hispanic (all races),
13,Georgia,13029,Bryan,2015,2019,American Indian/Alaskan Native (includes Hispanic),
13,Georgia,13029,Bryan,2015,2019,White (includes Hispanic),7.3
13,Georgia,13029,Bryan,2016,2020,Asian/Pacific Islander (includes Hispanic),
13,Georgia,13029,Bryan,2016,2020,Black (includes Hispanic),5.2
13,Georgia,13029,Bryan,2016,2020,Hispanic (all races),
13,Georgia,13029,Bryan,2016,2020,American Indian/Alaskan Native (includes Hispanic),
13,Georgia,13029,Bryan,2016,2020,White (includes Hispanic),7.4
13,Georgia,13031,Bulloch,2011,2015,Asian/Pacific Islander (includes Hispanic),
13,Georgia,13031,Bulloch,2011,2015,Black (includes Hispanic),
13,Georgia,13031,Bulloch,2011,2015,Hispanic (all races),
13,Georgia,13031,Bulloch,2011,2015,American Indian/Alaskan Native (includes Hispanic),
13,Georgia,13031,Bulloch,2011,2015,White (includes Hispanic),9.0
13,Georgia,13031,Bulloch,2012,2016,Asian/Pacific Islander (includes Hispanic),
13,Georgia,13031,Bulloch,2012,2016,Black (includes Hispanic),
13,Georgia,13031,Bulloch,2012,2016,Hispanic (all races),
13,Georgia,13031,Bulloch,2012,2016,American Indian/Alaskan Native (includes Hispanic),
13,Georgia,13031,Bulloch,2012,2016,White (includes Hispanic),8.6
13,Georgia,13031,Bulloch,2013,2017,Asian/Pacific Islander (includes Hispanic),
13,Georgia,13031,Bulloch,2013,2017,Black (includes Hispanic),
13,Georgia,13031,Bulloch,2013,2017,Hispanic (all races),
13,Georgia,13031,Bulloch,2013,2017,American Indian/Alaskan Native (includes Hispanic),
13,Georgia,13031,Bulloch,2013,2017,White (includes Hispanic),9.4
13,Georgia,13031,Bulloch,2014,2018,Asian/Pacific Islander (includes Hispanic),
13,Georgia,13031,Bulloch,2014,2018,Black (includes Hispanic),
13,Georgia,13031,Bulloch,2014,2018,Hispanic (all races),
13,Georgia,13031,Bulloch,2014,2018,American Indian/Alaskan Native (includes Hispanic),
13,Georgia,13031,Bulloch,2014,2018,White (includes Hispanic),10.2
13,Georgia,13031,Bulloch,2015,2019,Asian/Pacific Islander (includes Hispanic),
13,Georgia,13031,Bulloch,2015,2019,Black (includes Hispanic),
13,Georgia,13031,Bulloch,2015,2019,Hispanic (all races),
13,Georgia,13031,Bulloch,2015,2019,American Indian/Alaskan Native (includes Hispanic),
13,Georgia,13031,Bulloch,2015,2019,White (includes Hispanic),8.3
13,Georgia,13031,Bulloch,2016,2020,Asian/Pacific Islander (includes Hispanic),
13,Georgia,13031,Bulloch,2016,2020,Black (includes Hispanic),
13,Georgia,13031,Bulloch,2016,2020,Hispanic (all races),
13,Georgia,13031,Bulloch,2016,2020,American Indian/Alaskan Native (includes Hispanic),
13,Georgia,13031,Bulloch,2016,2020,White (includes Hispanic),8.5
13,Georgia,13033,Burke,2011,2015,Asian/Pacific Islander (includes Hispanic),
13,Georgia,13033,Burke,2011,2015,Black (includes Hispanic),11.6
13,Georgia,13033,Burke,2011,2015,Hispanic (all races),
13,Georgia,13033,Burke,2011,2015,American Indian/Alaskan Native (includes Hispanic),
13,Georgia,13033,Burke,2011,2015,White (includes Hispanic),9.6
13,Georgia,13033,Burke,2012,2016,Asian/Pacific Islander (includes Hispanic),
13,Georgia,13033,Burke,2012,2016,Black (includes Hispanic),11.0
13,Georgia,13033,Burke,2012,2016,Hispanic (all races),
13,Georgia,13033,Burke,2012,2016,American Indian/Alaskan Native (includes Hispanic),
13,Georgia,13033,Burke,2012,2016,White (includes Hispanic),8.7
13,Georgia,13033,Burke,2013,2017,Asian/Pacific Islander (includes Hispanic),
13,Georgia,13033,Burke,2013,2017,Black (includes Hispanic),10.1
13,Georgia,13033,Burke,2013,2017,Hispanic (all races),
13,Georgia,13033,Burke,2013,2017,American Indian/Alaskan Native (includes Hispanic),
13,Georgia,13033,Burke,2013,2017,White (includes Hispanic),9.1
13,Georgia,13033,Burke,2014,2018,Asian/Pacific Islander (includes Hispanic),
13,Georgia,13033,Burke,2014,2018,Black (includes Hispanic),9.5
13,Georgia,13033,Burke,2014,2018,Hispanic (all races),
13,Georgia,13033,Burke,2014,2018,American Indian/Alaskan Native (includes Hispanic),
13,Georgia,13033,Burke,2014,2018,White (includes Hispanic),10.4
13,Georgia,13033,Burke,2015,2019,Asian/Pacific Islander (includes Hispanic),
13,Georgia,13033,Burke,2015,2019,Black (includes Hispanic),9.9
13,Georgia,13033,Burke,2015,2019,Hispanic (all races),
13,Georgia,13033,Burke,2015,2019,American Indian/Alaskan Native (includes Hispanic),
13,Georgia,13033,Burke,2015,2019,White (includes Hispanic),11.4
13,Georgia,13033,Burke,2016,2020,Asian/Pacific Islander (includes Hispanic),
13,Georgia,13033,Burke,2016,2020,Black (includes Hispanic),10.0
13,Georgia,13033,Burke,2016,2020,Hispanic (all races),
13,Georgia,13033,Burke,2016,2020,American Indian/Alaskan Native (includes Hispanic),
13,Georgia,13033,Burke,2016,2020,White (includes Hispanic),12.3
13,Georgia,13035,Butts,2011,2015,Asian/Pacific Islander (includes Hispanic),
13,Georgia,13035,Butts,2011,2015,Black (includes Hispanic),6.7
13,Georgia,13035,Butts,2011,2015,Hispanic (all races),
13,Georgia,13035,Butts,2011,2015,American Indian/Alaskan Native (includes Hispanic),
13,Georgia,13035,Butts,2011,2015,White (includes Hispanic),9.4
13,Georgia,13035,Butts,2012,2016,Asian/Pacific Islander (includes Hispanic),
13,Georgia,13035,Butts,2012,2016,Black (includes Hispanic),5.8
13,Georgia,13035,Butts,2012,2016,Hispanic (all races),
13,Georgia,13035,Butts,2012,2016,American Indian/Alaskan Native (includes Hispanic),
13,Georgia,13035,Butts,2012,2016,White (includes Hispanic),9.3
13,Georgia,13035,Butts,2013,2017,Asian/Pacific Islander (includes Hispanic),
13,Georgia,13035,Butts,2013,2017,Black (includes Hispanic),5.3
13,Georgia,13035,Butts,2013,2017,Hispanic (all races),
13,Georgia,13035,Butts,2013,2017,American Indian/Alaskan Native (includes Hispanic),
13,Georgia,13035,Butts,2013,2017,White (includes Hispanic),8.7
13,Georgia,13035,Butts,2014,2018,Asian/Pacific Islander (includes Hispanic),
13,Georgia,13035,Butts,2014,2018,Black (includes Hispanic),6.8
13,Georgia,13035,Butts,2014,2018,Hispanic (all races),
13,Georgia,13035,Butts,2014,2018,American Indian/Alaskan Native (includes Hispanic),
13,Georgia,13035,Butts,2014,2018,White (includes Hispanic),9.4
13,Georgia,13035,Butts,2015,2019,Asian/Pacific Islander (includes Hispanic),
13,Georgia,13035,Butts,2015,2019,Black (includes Hispanic),6.8
13,Georgia,13035,Butts,2015,2019,Hispanic (all races),
13,Georgia,13035,Butts,2015,2019,American Indian/Alaskan Native (includes Hispanic),
13,Georgia,13035,Butts,2015,2019,White (includes Hispanic),9.2
13,Georgia,13035,Butts,2016,2020,Asian/Pacific Islander (includes Hispanic),
13,Georgia,13035,Butts,2016,2020,Black (includes Hispanic),7.3
13,Georgia,13035,Butts,2016,2020,Hispanic (all races),
13,Georgia,13035,Butts,2016,2020,American Indian/Alaskan Native (includes Hispanic),
13,Georgia,13035,Butts,2016,2020,White (includes Hispanic),8.1
13,Georgia,13037,Calhoun,2011,2015,Asian/Pacific Islander (includes Hispanic),
13,Georgia,13037,Calhoun,2011,2015,Black (includes Hispanic),11.7
13,Georgia,13037,Calhoun,2011,2015,Hispanic (all races),
13,Georgia,13037,Calhoun,2011,2015,American Indian/Alaskan Native (includes Hispanic),
13,Georgia,13037,Calhoun,2011,2015,White (includes Hispanic),16.5
13,Georgia,13037,Calhoun,2012,2016,Asian/Pacific Islander (includes Hispanic),
13,Georgia,13037,Calhoun,2012,2016,Black (includes Hispanic),10.4
13,Georgia,13037,Calhoun,2012,2016,Hispanic (all races),
13,Georgia,13037,Calhoun,2012,2016,American Indian/Alaskan Native (includes Hispanic),
13,Georgia,13037,Calhoun,2012,2016,White (includes Hispanic),
13,Georgia,13037,Calhoun,2013,2017,Asian/Pacific Islander (includes Hispanic),
13,Georgia,13037,Calhoun,2013,2017,Black (includes Hispanic),11.7
13,Georgia,13037,Calhoun,2013,2017,Hispanic (all races),
13,Georgia,13037,Calhoun,2013,2017,American Indian/Alaskan Native (includes Hispanic),
13,Georgia,13037,Calhoun,2013,2017,White (includes Hispanic),
13,Georgia,13037,Calhoun,2014,2018,Asian/Pacific Islander (includes Hispanic),
13,Georgia,13037,Calhoun,2014,2018,Black (includes Hispanic),8.5
13,Georgia,13037,Calhoun,2014,2018,Hispanic (all races),
13,Georgia,13037,Calhoun,2014,2018,American Indian/Alaskan Native (includes Hispanic),
13,Georgia,13037,Calhoun,2014,2018,White (includes Hispanic),
13,Georgia,13037,Calhoun,2015,2019,Asian/Pacific Islander (includes Hispanic),
13,Georgia,13037,Calhoun,2015,2019,Black (includes Hispanic),
13,Georgia,13037,Calhoun,2015,2019,Hispanic (all races),
13,Georgia,13037,Calhoun,2015,2019,American Indian/Alaskan Native (includes Hispanic),
13,Georgia,13037,Calhoun,2015,2019,White (includes Hispanic),
13,Georgia,13037,Calhoun,2016,2020,Asian/Pacific Islander (includes Hispanic),
13,Georgia,13037,Calhoun,2016,2020,Black (includes Hispanic),
13,Georgia,13037,Calhoun,2016,2020,Hispanic (all races),
13,Georgia,13037,Calhoun,2016,2020,American Indian/Alaskan Native (includes Hispanic),
13,Georgia,13037,Calhoun,2016,2020,White (includes Hispanic),
13,Georgia,13039,Camden,2011,2015,Asian/Pacific Islander (includes Hispanic),
13,Georgia,13039,Camden,2011,2015,Black (includes Hispanic),
13,Georgia,13039,Camden,2011,2015,Hispanic (all races),
13,Georgia,13039,Camden,2011,2015,American Indian/Alaskan Native (includes Hispanic),
13,Georgia,13039,Camden,2011,2015,White (includes Hispanic),8.1
13,Georgia,13039,Camden,2012,2016,Asian/Pacific Islander (includes Hispanic),
13,Georgia,13039,Camden,2012,2016,Black (includes Hispanic),
13,Georgia,13039,Camden,2012,2016,Hispanic (all races),
13,Georgia,13039,Camden,2012,2016,American Indian/Alaskan Native (includes Hispanic),
13,Georgia,13039,Camden,2012,2016,White (includes Hispanic),9.6
13,Georgia,13039,Camden,2013,2017,Asian/Pacific Islander (includes Hispanic),
13,Georgia,13039,Camden,2013,2017,Black (includes Hispanic),
13,Georgia,13039,Camden,2013,2017,Hispanic (all races),
13,Georgia,13039,Camden,2013,2017,American Indian/Alaskan Native (includes Hispanic),
13,Georgia,13039,Camden,2013,2017,White (includes Hispanic),9.7
13,Georgia,13039,Camden,2014,2018,Asian/Pacific Islander (includes Hispanic),
13,Georgia,13039,Camden,2014,2018,Black (includes Hispanic),
13,Georgia,13039,Camden,2014,2018,Hispanic (all races),
13,Georgia,13039,Camden,2014,2018,American Indian/Alaskan Native (includes Hispanic),
13,Georgia,13039,Camden,2014,2018,White (includes Hispanic),10.4
13,Georgia,13039,Camden,2015,2019,Asian/Pacific Islander (includes Hispanic),
13,Georgia,13039,Camden,2015,2019,Black (includes Hispanic),
13,Georgia,13039,Camden,2015,2019,Hispanic (all races),
13,Georgia,13039,Camden,2015,2019,American Indian/Alaskan Native (includes Hispanic),
13,Georgia,13039,Camden,2015,2019,White (includes Hispanic),10.2
13,Georgia,13039,Camden,2016,2020,Asian/Pacific Islander (includes Hispanic),
13,Georgia,13039,Camden,2016,2020,Black (includes Hispanic),
13,Georgia,13039,Camden,2016,2020,Hispanic (all races),
13,Georgia,13039,Camden,2016,2020,American Indian/Alaskan Native (includes Hispanic),
13,Georgia,13039,Camden,2016,2020,White (includes Hispanic),11.1
13,Georgia,13043,Candler,2011,2015,Asian/Pacific Islander (includes Hispanic),
13,Georgia,13043,Candler,2011,2015,Black (includes Hispanic),
13,Georgia,13043,Candler,2011,2015,Hispanic (all races),
13,Georgia,13043,Candler,2011,2015,American Indian/Alaskan Native (includes Hispanic),
13,Georgia,13043,Candler,2011,2015,White (includes Hispanic),10.4
13,Georgia,13043,Candler,2012,2016,Asian/Pacific Islander (includes Hispanic),
13,Georgia,13043,Candler,2012,2016,Black (includes Hispanic),
13,Georgia,13043,Candler,2012,2016,Hispanic (all races),
13,Georgia,13043,Candler,2012,2016,American Indian/Alaskan Native (includes Hispanic),
13,Georgia,13043,Candler,2012,2016,White (includes Hispanic),9.4
13,Georgia,13043,Candler,2013,2017,Asian/Pacific Islander (includes Hispanic),
13,Georgia,13043,Candler,2013,2017,Black (includes Hispanic),
13,Georgia,13043,Candler,2013,2017,Hispanic (all races),
13,Georgia,13043,Candler,2013,2017,American Indian/Alaskan Native (includes Hispanic),
13,Georgia,13043,Candler,2013,2017,White (includes Hispanic),10.7
13,Georgia,13043,Candler,2014,2018,Asian/Pacific Islander (includes Hispanic),
13,Georgia,13043,Candler,2014,2018,Black (includes Hispanic),
13,Georgia,13043,Candler,2014,2018,Hispanic (all races),
13,Georgia,13043,Candler,2014,2018,American Indian/Alaskan Native (includes Hispanic),
13,Georgia,13043,Candler,2014,2018,White (includes Hispanic),10.4
13,Georgia,13043,Candler,2015,2019,Asian/Pacific Islander (includes Hispanic),
13,Georgia,13043,Candler,2015,2019,Black (includes Hispanic),
13,Georgia,13043,Candler,2015,2019,Hispanic (all races),
13,Georgia,13043,Candler,2015,2019,American Indian/Alaskan Native (includes Hispanic),
13,Georgia,13043,Candler,2015,2019,White (includes Hispanic),8.3
13,Georgia,13043,Candler,2016,2020,Asian/Pacific Islander (includes Hispanic),
13,Georgia,13043,Candler,2016,2020,Black (includes Hispanic),
13,Georgia,13043,Candler,2016,2020,Hispanic (all races),
13,Georgia,13043,Candler,2016,2020,American Indian/Alaskan Native (includes Hispanic),
13,Georgia,13043,Candler,2016,2020,White (includes Hispanic),9.1
13,Georgia,13045,Carroll,2011,2015,Asian/Pacific Islander (includes Hispanic),
13,Georgia,13045,Carroll,2011,2015,Black (includes Hispanic),8.5
13,Georgia,13045,Carroll,2011,2015,Hispanic (all races),
13,Georgia,13045,Carroll,2011,2015,American Indian/Alaskan Native (includes Hispanic),
13,Georgia,13045,Carroll,2011,2015,White (includes Hispanic),7.7
13,Georgia,13045,Carroll,2012,2016,Asian/Pacific Islander (includes Hispanic),
13,Georgia,13045,Carroll,2012,2016,Black (includes Hispanic),8.2
13,Georgia,13045,Carroll,2012,2016,Hispanic (all races),
13,Georgia,13045,Carroll,2012,2016,American Indian/Alaskan Native (includes Hispanic),
13,Georgia,13045,Carroll,2012,2016,White (includes Hispanic),7.4
13,Georgia,13045,Carroll,2013,2017,Asian/Pacific Islander (includes Hispanic),
13,Georgia,13045,Carroll,2013,2017,Black (includes Hispanic),8.1
13,Georgia,13045,Carroll,2013,2017,Hispanic (all races),
13,Georgia,13045,Carroll,2013,2017,American Indian/Alaskan Native (includes Hispanic),
13,Georgia,13045,Carroll,2013,2017,White (includes Hispanic),7.5
13,Georgia,13045,Carroll,2014,2018,Asian/Pacific Islander (includes Hispanic),
13,Georgia,13045,Carroll,2014,2018,Black (includes Hispanic),7.6
13,Georgia,13045,Carroll,2014,2018,Hispanic (all races),9.2
13,Georgia,13045,Carroll,2014,2018,American Indian/Alaskan Native (includes Hispanic),
13,Georgia,13045,Carroll,2014,2018,White (includes Hispanic),7.2
13,Georgia,13045,Carroll,2015,2019,Asian/Pacific Islander (includes Hispanic),
13,Georgia,13045,Carroll,2015,2019,Black (includes Hispanic),8.0
13,Georgia,13045,Carroll,2015,2019,Hispanic (all races),9.6
13,Georgia,13045,Carroll,2015,2019,American Indian/Alaskan Native (includes Hispanic),
13,Georgia,13045,Carroll,2015,2019,White (includes Hispanic),6.9
13,Georgia,13045,Carroll,2016,2020,Asian/Pacific Islander (includes Hispanic),
13,Georgia,13045,Carroll,2016,2020,Black (includes Hispanic),8.5
13,Georgia,13045,Carroll,2016,2020,Hispanic (all races),9.9
13,Georgia,13045,Carroll,2016,2020,American Indian/Alaskan Native (includes Hispanic),
13,Georgia,13045,Carroll,2016,2020,White (includes Hispanic),6.7
13,Georgia,13047,Catoosa,2011,2015,Asian/Pacific Islander (includes Hispanic),
13,Georgia,13047,Catoosa,2011,2015,Black (includes Hispanic),8.8
13,Georgia,13047,Catoosa,2011,2015,Hispanic (all races),
13,Georgia,13047,Catoosa,2011,2015,American Indian/Alaskan Native (includes Hispanic),
13,Georgia,13047,Catoosa,2011,2015,White (includes Hispanic),7.7
13,Georgia,13047,Catoosa,2012,2016,Asian/Pacific Islander (includes Hispanic),
13,Georgia,13047,Catoosa,2012,2016,Black (includes Hispanic),
13,Georgia,13047,Catoosa,2012,2016,Hispanic (all races),
13,Georgia,13047,Catoosa,2012,2016,American Indian/Alaskan Native (includes Hispanic),
13,Georgia,13047,Catoosa,2012,2016,White (includes Hispanic),7.4
13,Georgia,13047,Catoosa,2013,2017,Asian/Pacific Islander (includes Hispanic),
13,Georgia,13047,Catoosa,2013,2017,Black (includes Hispanic),
13,Georgia,13047,Catoosa,2013,2017,Hispanic (all races),
13,Georgia,13047,Catoosa,2013,2017,American Indian/Alaskan Native (includes Hispanic),
13,Georgia,13047,Catoosa,2013,2017,White (includes Hispanic),7.6
13,Georgia,13047,Catoosa,2014,2018,Asian/Pacific Islander (includes Hispanic),
13,Georgia,13047,Catoosa,2014,2018,Black (includes Hispanic),
13,Georgia,13047,Catoosa,2014,2018,Hispanic (all races),
13,Georgia,13047,Catoosa,2014,2018,American Indian/Alaskan Native (includes Hispanic),
13,Georgia,13047,Catoosa,2014,2018,White (includes Hispanic),7.5
13,Georgia,13047,Catoosa,2015,2019,Asian/Pacific Islander (includes Hispanic),
13,Georgia,13047,Catoosa,2015,2019,Black (includes Hispanic),
13,Georgia,13047,Catoosa,2015,2019,Hispanic (all races),
13,Georgia,13047,Catoosa,2015,2019,American Indian/Alaskan Native (includes Hispanic),
13,Georgia,13047,Catoosa,2015,2019,White (includes Hispanic),8.2
13,Georgia,13047,Catoosa,2016,2020,Asian/Pacific Islander (includes Hispanic),
13,Georgia,13047,Catoosa,2016,2020,Black (includes Hispanic),
13,Georgia,13047,Catoosa,2016,2020,Hispanic (all races),
13,Georgia,13047,Catoosa,2016,2020,American Indian/Alaskan Native (includes Hispanic),
13,Georgia,13047,Catoosa,2016,2020,White (includes Hispanic),8.2
13,Georgia,13049,Charlton,2011,2015,Asian/Pacific Islander (includes Hispanic),
13,Georgia,13049,Charlton,2011,2015,Black (includes Hispanic),
13,Georgia,13049,Charlton,2011,2015,Hispanic (all races),
13,Georgia,13049,Charlton,2011,2015,American Indian/Alaskan Native (includes Hispanic),
13,Georgia,13049,Charlton,2011,2015,White (includes Hispanic),8.8
13,Georgia,13049,Charlton,2012,2016,Asian/Pacific Islander (includes Hispanic),
13,Georgia,13049,Charlton,2012,2016,Black (includes Hispanic),
13,Georgia,13049,Charlton,2012,2016,Hispanic (all races),
13,Georgia,13049,Charlton,2012,2016,American Indian/Alaskan Native (includes Hispanic),
13,Georgia,13049,Charlton,2012,2016,White (includes Hispanic),10.3
13,Georgia,13049,Charlton,2013,2017,Asian/Pacific Islander (includes Hispanic),
13,Georgia,13049,Charlton,2013,2017,Black (includes Hispanic),
13,Georgia,13049,Charlton,2013,2017,Hispanic (all races),
13,Georgia,13049,Charlton,2013,2017,American Indian/Alaskan Native (includes Hispanic),
13,Georgia,13049,Charlton,2013,2017,White (includes Hispanic),10.9
13,Georgia,13049,Charlton,2014,2018,Asian/Pacific Islander (includes Hispanic),
13,Georgia,13049,Charlton,2014,2018,Black (includes Hispanic),
13,Georgia,13049,Charlton,2014,2018,Hispanic (all races),
13,Georgia,13049,Charlton,2014,2018,American Indian/Alaskan Native (includes Hispanic),
13,Georgia,13049,Charlton,2014,2018,White (includes Hispanic),11.4
13,Georgia,13049,Charlton,2015,2019,Asian/Pacific Islander (includes Hispanic),
13,Georgia,13049,Charlton,2015,2019,Black (includes Hispanic),
13,Georgia,13049,Charlton,2015,2019,Hispanic (all races),
13,Georgia,13049,Charlton,2015,2019,American Indian/Alaskan Native (includes Hispanic),
13,Georgia,13049,Charlton,2015,2019,White (includes Hispanic),11.1
13,Georgia,13049,Charlton,2016,2020,Asian/Pacific Islander (includes Hispanic),
13,Georgia,13049,Charlton,2016,2020,Black (includes Hispanic),
13,Georgia,13049,Charlton,2016,2020,Hispanic (all races),
13,Georgia,13049,Charlton,2016,2020,American Indian/Alaskan Native (includes Hispanic),
13,Georgia,13049,Charlton,2016,2020,White (includes Hispanic),12.3
13,Georgia,13051,Chatham,2011,2015,Asian/Pacific Islander (includes Hispanic),
13,Georgia,13051,Chatham,2011,2015,Black (includes Hispanic),9.6
13,Georgia,13051,Chatham,2011,2015,Hispanic (all races),
13,Georgia,13051,Chatham,2011,2015,American Indian/Alaskan Native (includes Hispanic),
13,Georgia,13051,Chatham,2011,2015,White (includes Hispanic),7.5
13,Georgia,13051,Chatham,2012,2016,Asian/Pacific Islander (includes Hispanic),
13,Georgia,13051,Chatham,2012,2016,Black (includes Hispanic),8.5
13,Georgia,13051,Chatham,2012,2016,Hispanic (all races),
13,Georgia,13051,Chatham,2012,2016,American Indian/Alaskan Native (includes Hispanic),
13,Georgia,13051,Chatham,2012,2016,White (includes Hispanic),8.6
13,Georgia,13051,Chatham,2013,2017,Asian/Pacific Islander (includes Hispanic),
13,Georgia,13051,Chatham,2013,2017,Black (includes Hispanic),7.4
13,Georgia,13051,Chatham,2013,2017,Hispanic (all races),
13,Georgia,13051,Chatham,2013,2017,American Indian/Alaskan Native (includes Hispanic),
13,Georgia,13051,Chatham,2013,2017,White (includes Hispanic),8.4
13,Georgia,13051,Chatham,2014,2018,Asian/Pacific Islander (includes Hispanic),
13,Georgia,13051,Chatham,2014,2018,Black (includes Hispanic),7.2
13,Georgia,13051,Chatham,2014,2018,Hispanic (all races),
13,Georgia,13051,Chatham,2014,2018,American Indian/Alaskan Native (includes Hispanic),
13,Georgia,13051,Chatham,2014,2018,White (includes Hispanic),9.0
13,Georgia,13051,Chatham,2015,2019,Asian/Pacific Islander (includes Hispanic),
13,Georgia,13051,Chatham,2015,2019,Black (includes Hispanic),5.9
13,Georgia,13051,Chatham,2015,2019,Hispanic (all races),
13,Georgia,13051,Chatham,2015,2019,American Indian/Alaskan Native (includes Hispanic),
13,Georgia,13051,Chatham,2015,2019,White (includes Hispanic),8.1
13,Georgia,13051,Chatham,2016,2020,Asian/Pacific Islander (includes Hispanic),
13,Georgia,13051,Chatham,2016,2020,Black (includes Hispanic),5.0
13,Georgia,13051,Chatham,2016,2020,Hispanic (all races),
13,Georgia,13051,Chatham,2016,2020,American Indian/Alaskan Native (includes Hispanic),
13,Georgia,13051,Chatham,2016,2020,White (includes Hispanic),8.2
13,Georgia,13053,Chattahoochee,2011,2015,Asian/Pacific Islander (includes Hispanic),
13,Georgia,13053,Chattahoochee,2011,2015,Black (includes Hispanic),7.5
13,Georgia,13053,Chattahoochee,2011,2015,Hispanic (all races),
13,Georgia,13053,Chattahoochee,2011,2015,American Indian/Alaskan Native (includes Hispanic),
13,Georgia,13053,Chattahoochee,2011,2015,White (includes Hispanic),11.2
13,Georgia,13053,Chattahoochee,2012,2016,Asian/Pacific Islander (includes Hispanic),
13,Georgia,13053,Chattahoochee,2012,2016,Black (includes Hispanic),7.6
13,Georgia,13053,Chattahoochee,2012,2016,Hispanic (all races),
13,Georgia,13053,Chattahoochee,2012,2016,American Indian/Alaskan Native (includes Hispanic),
13,Georgia,13053,Chattahoochee,2012,2016,White (includes Hispanic),11.8
13,Georgia,13053,Chattahoochee,2013,2017,Asian/Pacific Islander (includes Hispanic),
13,Georgia,13053,Chattahoochee,2013,2017,Black (includes Hispanic),9.4
13,Georgia,13053,Chattahoochee,2013,2017,Hispanic (all races),
13,Georgia,13053,Chattahoochee,2013,2017,American Indian/Alaskan Native (includes Hispanic),
13,Georgia,13053,Chattahoochee,2013,2017,White (includes Hispanic),11.1
13,Georgia,13053,Chattahoochee,2014,2018,Asian/Pacific Islander (includes Hispanic),
13,Georgia,13053,Chattahoochee,2014,2018,Black (includes Hispanic),11.1
13,Georgia,13053,Chattahoochee,2014,2018,Hispanic (all races),
13,Georgia,13053,Chattahoochee,2014,2018,American Indian/Alaskan Native (includes Hispanic),
13,Georgia,13053,Chattahoochee,2014,2018,White (includes Hispanic),9.2
13,Georgia,13053,Chattahoochee,2015,2019,Asian/Pacific Islander (includes Hispanic),
13,Georgia,13053,Chattahoochee,2015,2019,Black (includes Hispanic),11.8
13,Georgia,13053,Chattahoochee,2015,2019,Hispanic (all races),
13,Georgia,13053,Chattahoochee,2015,2019,American Indian/Alaskan Native (includes Hispanic),
13,Georgia,13053,Chattahoochee,2015,2019,White (includes Hispanic),7.6
13,Georgia,13053,Chattahoochee,2016,2020,Asian/Pacific Islander (includes Hispanic),
13,Georgia,13053,Chattahoochee,2016,2020,Black (includes Hispanic),11.6
13,Georgia,13053,Chattahoochee,2016,2020,Hispanic (all races),
13,Georgia,13053,Chattahoochee,2016,2020,American Indian/Alaskan Native (includes Hispanic),
13,Georgia,13053,Chattahoochee,2016,2020,White (includes Hispanic),7.4
13,Georgia,13055,Chattooga,2011,2015,Asian/Pacific Islander (includes Hispanic),
13,Georgia,13055,Chattooga,2011,2015,Black (includes Hispanic),
13,Georgia,13055,Chattooga,2011,2015,Hispanic (all races),
13,Georgia,13055,Chattooga,2011,2015,American Indian/Alaskan Native (includes Hispanic),
13,Georgia,13055,Chattooga,2011,2015,White (includes Hispanic),10.5
13,Georgia,13055,Chattooga,2012,2016,Asian/Pacific Islander (includes Hispanic),
13,Georgia,13055,Chattooga,2012,2016,Black (includes Hispanic),
13,Georgia,13055,Chattooga,2012,2016,Hispanic (all races),
13,Georgia,13055,Chattooga,2012,2016,American Indian/Alaskan Native (includes Hispanic),
13,Georgia,13055,Chattooga,2012,2016,White (includes Hispanic),11.2
13,Georgia,13055,Chattooga,2013,2017,Asian/Pacific Islander (includes Hispanic),
13,Georgia,13055,Chattooga,2013,2017,Black (includes Hispanic),
13,Georgia,13055,Chattooga,2013,2017,Hispanic (all races),
13,Georgia,13055,Chattooga,2013,2017,American Indian/Alaskan Native (includes Hispanic),
13,Georgia,13055,Chattooga,2013,2017,White (includes Hispanic),12.5
13,Georgia,13055,Chattooga,2014,2018,Asian/Pacific Islander (includes Hispanic),
13,Georgia,13055,Chattooga,2014,2018,Black (includes Hispanic),
13,Georgia,13055,Chattooga,2014,2018,Hispanic (all races),
13,Georgia,13055,Chattooga,2014,2018,American Indian/Alaskan Native (includes Hispanic),
13,Georgia,13055,Chattooga,2014,2018,White (includes Hispanic),11.6
13,Georgia,13055,Chattooga,2015,2019,Asian/Pacific Islander (includes Hispanic),
13,Georgia,13055,Chattooga,2015,2019,Black (includes Hispanic),
13,Georgia,13055,Chattooga,2015,2019,Hispanic (all races),
13,Georgia,13055,Chattooga,2015,2019,American Indian/Alaskan Native (includes Hispanic),
13,Georgia,13055,Chattooga,2015,2019,White (includes Hispanic),11.9
13,Georgia,13055,Chattooga,2016,2020,Asian/Pacific Islander (includes Hispanic),
13,Georgia,13055,Chattooga,2016,2020,Black (includes Hispanic),
13,Georgia,13055,Chattooga,2016,2020,Hispanic (all races),
13,Georgia,13055,Chattooga,2016,2020,American Indian/Alaskan Native (includes Hispanic),
13,Georgia,13055,Chattooga,2016,2020,White (includes Hispanic),11.9
13,Georgia,13057,Cherokee,2011,2015,Asian/Pacific Islander (includes Hispanic),
13,Georgia,13057,Cherokee,2011,2015,Black (includes Hispanic),7.7
13,Georgia,13057,Cherokee,2011,2015,Hispanic (all races),8.8
13,Georgia,13057,Cherokee,2011,2015,American Indian/Alaskan Native (includes Hispanic),
13,Georgia,13057,Cherokee,2011,2015,White (includes Hispanic),6.6
13,Georgia,13057,Cherokee,2012,2016,Asian/Pacific Islander (includes Hispanic),
13,Georgia,13057,Cherokee,2012,2016,Black (includes Hispanic),7.4
13,Georgia,13057,Cherokee,2012,2016,Hispanic (all races),9.9
13,Georgia,13057,Cherokee,2012,2016,American Indian/Alaskan Native (includes Hispanic),
13,Georgia,13057,Cherokee,2012,2016,White (includes Hispanic),6.8
13,Georgia,13057,Cherokee,2013,2017,Asian/Pacific Islander (includes Hispanic),
13,Georgia,13057,Cherokee,2013,2017,Black (includes Hispanic),7.5
13,Georgia,13057,Cherokee,2013,2017,Hispanic (all races),8.1
13,Georgia,13057,Cherokee,2013,2017,American Indian/Alaskan Native (includes Hispanic),
13,Georgia,13057,Cherokee,2013,2017,White (includes Hispanic),6.7
13,Georgia,13057,Cherokee,2014,2018,Asian/Pacific Islander (includes Hispanic),
13,Georgia,13057,Cherokee,2014,2018,Black (includes Hispanic),7.2
13,Georgia,13057,Cherokee,2014,2018,Hispanic (all races),9.8
13,Georgia,13057,Cherokee,2014,2018,American Indian/Alaskan Native (includes Hispanic),
13,Georgia,13057,Cherokee,2014,2018,White (includes Hispanic),6.8
13,Georgia,13057,Cherokee,2015,2019,Asian/Pacific Islander (includes Hispanic),
13,Georgia,13057,Cherokee,2015,2019,Black (includes Hispanic),7.9
13,Georgia,13057,Cherokee,2015,2019,Hispanic (all races),12.2
13,Georgia,13057,Cherokee,2015,2019,American Indian/Alaskan Native (includes Hispanic),
13,Georgia,13057,Cherokee,2015,2019,White (includes Hispanic),7.0
13,Georgia,13057,Cherokee,2016,2020,Asian/Pacific Islander (includes Hispanic),
13,Georgia,13057,Cherokee,2016,2020,Black (includes Hispanic),8.2
13,Georgia,13057,Cherokee,2016,2020,Hispanic (all races),12.6
13,Georgia,13057,Cherokee,2016,2020,American Indian/Alaskan Native (includes Hispanic),
13,Georgia,13057,Cherokee,2016,2020,White (includes Hispanic),6.9
13,Georgia,13059,Clarke,2011,2015,Asian/Pacific Islander (includes Hispanic),
13,Georgia,13059,Clarke,2011,2015,Black (includes Hispanic),
13,Georgia,13059,Clarke,2011,2015,Hispanic (all races),
13,Georgia,13059,Clarke,2011,2015,American Indian/Alaskan Native (includes Hispanic),
13,Georgia,13059,Clarke,2011,2015,White (includes Hispanic),8.3
13,Georgia,13059,Clarke,2012,2016,Asian/Pacific Islander (includes Hispanic),
13,Georgia,13059,Clarke,2012,2016,Black (includes Hispanic),
13,Georgia,13059,Clarke,2012,2016,Hispanic (all races),
13,Georgia,13059,Clarke,2012,2016,American Indian/Alaskan Native (includes Hispanic),
13,Georgia,13059,Clarke,2012,2016,White (includes Hispanic),8.1
13,Georgia,13059,Clarke,2013,2017,Asian/Pacific Islander (includes Hispanic),
13,Georgia,13059,Clarke,2013,2017,Black (includes Hispanic),
13,Georgia,13059,Clarke,2013,2017,Hispanic (all races),
13,Georgia,13059,Clarke,2013,2017,American Indian/Alaskan Native (includes Hispanic),
13,Georgia,13059,Clarke,2013,2017,White (includes Hispanic),8.5
13,Georgia,13059,Clarke,2014,2018,Asian/Pacific Islander (includes Hispanic),
13,Georgia,13059,Clarke,2014,2018,Black (includes Hispanic),
13,Georgia,13059,Clarke,2014,2018,Hispanic (all races),
13,Georgia,13059,Clarke,2014,2018,American Indian/Alaskan Native (includes Hispanic),
13,Georgia,13059,Clarke,2014,2018,White (includes Hispanic),8.5
13,Georgia,13059,Clarke,2015,2019,Asian/Pacific Islander (includes Hispanic),
13,Georgia,13059,Clarke,2015,2019,Black (includes Hispanic),
13,Georgia,13059,Clarke,2015,2019,Hispanic (all races),
13,Georgia,13059,Clarke,2015,2019,American Indian/Alaskan Native (includes Hispanic),
13,Georgia,13059,Clarke,2015,2019,White (includes Hispanic),9.6
13,Georgia,13059,Clarke,2016,2020,Asian/Pacific Islander (includes Hispanic),
13,Georgia,13059,Clarke,2016,2020,Black (includes Hispanic),
13,Georgia,13059,Clarke,2016,2020,Hispanic (all races),
13,Georgia,13059,Clarke,2016,2020,American Indian/Alaskan Native (includes Hispanic),
13,Georgia,13059,Clarke,2016,2020,White (includes Hispanic),8.5
13,Georgia,13061,Clay,2011,2015,Asian/Pacific Islander (includes Hispanic),
13,Georgia,13061,Clay,2011,2015,Black (includes Hispanic),
13,Georgia,13061,Clay,2011,2015,Hispanic (all races),
13,Georgia,13061,Clay,2011,2015,American Indian/Alaskan Native (includes Hispanic),
13,Georgia,13061,Clay,2011,2015,White (includes Hispanic),
13,Georgia,13061,Clay,2012,2016,Asian/Pacific Islander (includes Hispanic),
13,Georgia,13061,Clay,2012,2016,Black (includes Hispanic),
13,Georgia,13061,Clay,2012,2016,Hispanic (all races),
13,Georgia,13061,Clay,2012,2016,American Indian/Alaskan Native (includes Hispanic),
13,Georgia,13061,Clay,2012,2016,White (includes Hispanic),
13,Georgia,13061,Clay,2013,2017,Asian/Pacific Islander (includes Hispanic),
13,Georgia,13061,Clay,2013,2017,Black (includes Hispanic),
13,Georgia,13061,Clay,2013,2017,Hispanic (all races),
13,Georgia,13061,Clay,2013,2017,American Indian/Alaskan Native (includes Hispanic),
13,Georgia,13061,Clay,2013,2017,White (includes Hispanic),
13,Georgia,13061,Clay,2014,2018,Asian/Pacific Islander (includes Hispanic),
13,Georgia,13061,Clay,2014,2018,Black (includes Hispanic),
13,Georgia,13061,Clay,2014,2018,Hispanic (all races),
13,Georgia,13061,Clay,2014,2018,American Indian/Alaskan Native (includes Hispanic),
13,Georgia,13061,Clay,2014,2018,White (includes Hispanic),
13,Georgia,13061,Clay,2015,2019,Asian/Pacific Islander (includes Hispanic),
13,Georgia,13061,Clay,2015,2019,Black (includes Hispanic),
13,Georgia,13061,Clay,2015,2019,Hispanic (all races),
13,Georgia,13061,Clay,2015,2019,American Indian/Alaskan Native (includes Hispanic),
13,Georgia,13061,Clay,2015,2019,White (includes Hispanic),
13,Georgia,13061,Clay,2016,2020,Asian/Pacific Islander (includes Hispanic),
13,Georgia,13061,Clay,2016,2020,Black (includes Hispanic),
13,Georgia,13061,Clay,2016,2020,Hispanic (all races),
13,Georgia,13061,Clay,2016,2020,American Indian/Alaskan Native (includes Hispanic),
13,Georgia,13061,Clay,2016,2020,White (includes Hispanic),
13,Georgia,13063,Clayton,2011,2015,Asian/Pacific Islander (includes Hispanic),
13,Georgia,13063,Clayton,2011,2015,Black (includes Hispanic),7.5
13,Georgia,13063,Clayton,2011,2015,Hispanic (all races),10.3
13,Georgia,13063,Clayton,2011,2015,American Indian/Alaskan Native (includes Hispanic),
13,Georgia,13063,Clayton,2011,2015,White (includes Hispanic),7.7
13,Georgia,13063,Clayton,2012,2016,Asian/Pacific Islander (includes Hispanic),5.3
13,Georgia,13063,Clayton,2012,2016,Black (includes Hispanic),7.2
13,Georgia,13063,Clayton,2012,2016,Hispanic (all races),11.3
13,Georgia,13063,Clayton,2012,2016,American Indian/Alaskan Native (includes Hispanic),
13,Georgia,13063,Clayton,2012,2016,White (includes Hispanic),7.4
13,Georgia,13063,Clayton,2013,2017,Asian/Pacific Islander (includes Hispanic),6.2
13,Georgia,13063,Clayton,2013,2017,Black (includes Hispanic),7.5
13,Georgia,13063,Clayton,2013,2017,Hispanic (all races),10.9
13,Georgia,13063,Clayton,2013,2017,American Indian/Alaskan Native (includes Hispanic),
13,Georgia,13063,Clayton,2013,2017,White (includes Hispanic),7.1
13,Georgia,13063,Clayton,2014,2018,Asian/Pacific Islander (includes Hispanic),5.3
13,Georgia,13063,Clayton,2014,2018,Black (includes Hispanic),7.6
13,Georgia,13063,Clayton,2014,2018,Hispanic (all races),11.9
13,Georgia,13063,Clayton,2014,2018,American Indian/Alaskan Native (includes Hispanic),
13,Georgia,13063,Clayton,2014,2018,White (includes Hispanic),7.1
13,Georgia,13063,Clayton,2015,2019,Asian/Pacific Islander (includes Hispanic),5.1
13,Georgia,13063,Clayton,2015,2019,Black (includes Hispanic),8.2
13,Georgia,13063,Clayton,2015,2019,Hispanic (all races),14.6
13,Georgia,13063,Clayton,2015,2019,American Indian/Alaskan Native (includes Hispanic),
13,Georgia,13063,Clayton,2015,2019,White (includes Hispanic),6.8
13,Georgia,13063,Clayton,2016,2020,Asian/Pacific Islander (includes Hispanic),5.6
13,Georgia,13063,Clayton,2016,2020,Black (includes Hispanic),8.5
13,Georgia,13063,Clayton,2016,2020,Hispanic (all races),15.0
13,Georgia,13063,Clayton,2016,2020,American Indian/Alaskan Native (includes Hispanic),
13,Georgia,13063,Clayton,2016,2020,White (includes Hispanic),6.2
13,Georgia,13065,Clinch,2011,2015,Asian/Pacific Islander (includes Hispanic),
13,Georgia,13065,Clinch,2011,2015,Black (includes Hispanic),
13,Georgia,13065,Clinch,2011,2015,Hispanic (all races),
13,Georgia,13065,Clinch,2011,2015,American Indian/Alaskan Native (includes Hispanic),
13,Georgia,13065,Clinch,2011,2015,White (includes Hispanic),10.1
13,Georgia,13065,Clinch,2012,2016,Asian/Pacific Islander (includes Hispanic),
13,Georgia,13065,Clinch,2012,2016,Black (includes Hispanic),
13,Georgia,13065,Clinch,2012,2016,Hispanic (all races),
13,Georgia,13065,Clinch,2012,2016,American Indian/Alaskan Native (includes Hispanic),
13,Georgia,13065,Clinch,2012,2016,White (includes Hispanic),8.5
13,Georgia,13065,Clinch,2013,2017,Asian/Pacific Islander (includes Hispanic),
13,Georgia,13065,Clinch,2013,2017,Black (includes Hispanic),
13,Georgia,13065,Clinch,2013,2017,Hispanic (all races),
13,Georgia,13065,Clinch,2013,2017,American Indian/Alaskan Native (includes Hispanic),
13,Georgia,13065,Clinch,2013,2017,White (includes Hispanic),10.3
13,Georgia,13065,Clinch,2014,2018,Asian/Pacific Islander (includes Hispanic),
13,Georgia,13065,Clinch,2014,2018,Black (includes Hispanic),
13,Georgia,13065,Clinch,2014,2018,Hispanic (all races),
13,Georgia,13065,Clinch,2014,2018,American Indian/Alaskan Native (includes Hispanic),
13,Georgia,13065,Clinch,2014,2018,White (includes Hispanic),11.5
13,Georgia,13065,Clinch,2015,2019,Asian/Pacific Islander (includes Hispanic),
13,Georgia,13065,Clinch,2015,2019,Black (includes Hispanic),
13,Georgia,13065,Clinch,2015,2019,Hispanic (all races),
13,Georgia,13065,Clinch,2015,2019,American Indian/Alaskan Native (includes Hispanic),
13,Georgia,13065,Clinch,2015,2019,White (includes Hispanic),10.5
13,Georgia,13065,Clinch,2016,2020,Asian/Pacific Islander (includes Hispanic),
13,Georgia,13065,Clinch,2016,2020,Black (includes Hispanic),
13,Georgia,13065,Clinch,2016,2020,Hispanic (all races),
13,Georgia,13065,Clinch,2016,2020,American Indian/Alaskan Native (includes Hispanic),
13,Georgia,13065,Clinch,2016,2020,White (includes Hispanic),12.4
13,Georgia,13067,Cobb,2011,2015,Asian/Pacific Islander (includes Hispanic),
13,Georgia,13067,Cobb,2011,2015,Black (includes Hispanic),7.6
13,Georgia,13067,Cobb,2011,2015,Hispanic (all races),10.0
13,Georgia,13067,Cobb,2011,2015,American Indian/Alaskan Native (includes Hispanic),
13,Georgia,13067,Cobb,2011,2015,White (includes Hispanic),7.1
13,Georgia,13067,Cobb,2012,2016,Asian/Pacific Islander (includes Hispanic),
13,Georgia,13067,Cobb,2012,2016,Black (includes Hispanic),7.5
13,Georgia,13067,Cobb,2012,2016,Hispanic (all races),11.4
13,Georgia,13067,Cobb,2012,2016,American Indian/Alaskan Native (includes Hispanic),
13,Georgia,13067,Cobb,2012,2016,White (includes Hispanic),7.1
13,Georgia,13067,Cobb,2013,2017,Asian/Pacific Islander (includes Hispanic),
13,Georgia,13067,Cobb,2013,2017,Black (includes Hispanic),7.4
13,Georgia,13067,Cobb,2013,2017,Hispanic (all races),9.5
13,Georgia,13067,Cobb,2013,2017,American Indian/Alaskan Native (includes Hispanic),
13,Georgia,13067,Cobb,2013,2017,White (includes Hispanic),7.1
13,Georgia,13067,Cobb,2014,2018,Asian/Pacific Islander (includes Hispanic),
13,Georgia,13067,Cobb,2014,2018,Black (includes Hispanic),7.1
13,Georgia,13067,Cobb,2014,2018,Hispanic (all races),11.1
13,Georgia,13067,Cobb,2014,2018,American Indian/Alaskan Native (includes Hispanic),
13,Georgia,13067,Cobb,2014,2018,White (includes Hispanic),7.1
13,Georgia,13067,Cobb,2015,2019,Asian/Pacific Islander (includes Hispanic),
13,Georgia,13067,Cobb,2015,2019,Black (includes Hispanic),7.7
13,Georgia,13067,Cobb,2015,2019,Hispanic (all races),12.6
13,Georgia,13067,Cobb,2015,2019,American Indian/Alaskan Native (includes Hispanic),
13,Georgia,13067,Cobb,2015,2019,White (includes Hispanic),7.3
13,Georgia,13067,Cobb,2016,2020,Asian/Pacific Islander (includes Hispanic),
13,Georgia,13067,Cobb,2016,2020,Black (includes Hispanic),8.2
13,Georgia,13067,Cobb,2016,2020,Hispanic (all races),11.9
13,Georgia,13067,Cobb,2016,2020,American Indian/Alaskan Native (includes Hispanic),
13,Georgia,13067,Cobb,2016,2020,White (includes Hispanic),7.2
13,Georgia,13069,Coffee,2011,2015,Asian/Pacific Islander (includes Hispanic),
13,Georgia,13069,Coffee,2011,2015,Black (includes Hispanic),
13,Georgia,13069,Coffee,2011,2015,Hispanic (all races),
13,Georgia,13069,Coffee,2011,2015,American Indian/Alaskan Native (includes Hispanic),
13,Georgia,13069,Coffee,2011,2015,White (includes Hispanic),10.1
13,Georgia,13069,Coffee,2012,2016,Asian/Pacific Islander (includes Hispanic),
13,Georgia,13069,Coffee,2012,2016,Black (includes Hispanic),
13,Georgia,13069,Coffee,2012,2016,Hispanic (all races),
13,Georgia,13069,Coffee,2012,2016,American Indian/Alaskan Native (includes Hispanic),
13,Georgia,13069,Coffee,2012,2016,White (includes Hispanic),10.0
13,Georgia,13069,Coffee,2013,2017,Asian/Pacific Islander (includes Hispanic),
13,Georgia,13069,Coffee,2013,2017,Black (includes Hispanic),
13,Georgia,13069,Coffee,2013,2017,Hispanic (all races),
13,Georgia,13069,Coffee,2013,2017,American Indian/Alaskan Native (includes Hispanic),
13,Georgia,13069,Coffee,2013,2017,White (includes Hispanic),12.6
13,Georgia,13069,Coffee,2014,2018,Asian/Pacific Islander (includes Hispanic),
13,Georgia,13069,Coffee,2014,2018,Black (includes Hispanic),
13,Georgia,13069,Coffee,2014,2018,Hispanic (all races),
13,Georgia,13069,Coffee,2014,2018,American Indian/Alaskan Native (includes Hispanic),
13,Georgia,13069,Coffee,2014,2018,White (includes Hispanic),12.7
13,Georgia,13069,Coffee,2015,2019,Asian/Pacific Islander (includes Hispanic),
13,Georgia,13069,Coffee,2015,2019,Black (includes Hispanic),
13,Georgia,13069,Coffee,2015,2019,Hispanic (all races),
13,Georgia,13069,Coffee,2015,2019,American Indian/Alaskan Native (includes Hispanic),
13,Georgia,13069,Coffee,2015,2019,White (includes Hispanic),11.2
13,Georgia,13069,Coffee,2016,2020,Asian/Pacific Islander (includes Hispanic),
13,Georgia,13069,Coffee,2016,2020,Black (includes Hispanic),
13,Georgia,13069,Coffee,2016,2020,Hispanic (all races),
13,Georgia,13069,Coffee,2016,2020,American Indian/Alaskan Native (includes Hispanic),
13,Georgia,13069,Coffee,2016,2020,White (includes Hispanic),9.9
13,Georgia,13071,Colquitt,2011,2015,Asian/Pacific Islander (includes Hispanic),
13,Georgia,13071,Colquitt,2011,2015,Black (includes Hispanic),
13,Georgia,13071,Colquitt,2011,2015,Hispanic (all races),
13,Georgia,13071,Colquitt,2011,2015,American Indian/Alaskan Native (includes Hispanic),
13,Georgia,13071,Colquitt,2011,2015,White (includes Hispanic),10.1
13,Georgia,13071,Colquitt,2012,2016,Asian/Pacific Islander (includes Hispanic),
13,Georgia,13071,Colquitt,2012,2016,Black (includes Hispanic),
13,Georgia,13071,Colquitt,2012,2016,Hispanic (all races),
13,Georgia,13071,Colquitt,2012,2016,American Indian/Alaskan Native (includes Hispanic),
13,Georgia,13071,Colquitt,2012,2016,White (includes Hispanic),9.7
13,Georgia,13071,Colquitt,2013,2017,Asian/Pacific Islander (includes Hispanic),
13,Georgia,13071,Colquitt,2013,2017,Black (includes Hispanic),
13,Georgia,13071,Colquitt,2013,2017,Hispanic (all races),
13,Georgia,13071,Colquitt,2013,2017,American Indian/Alaskan Native (includes Hispanic),
13,Georgia,13071,Colquitt,2013,2017,White (includes Hispanic),9.6
13,Georgia,13071,Colquitt,2014,2018,Asian/Pacific Islander (includes Hispanic),
13,Georgia,13071,Colquitt,2014,2018,Black (includes Hispanic),13.6
13,Georgia,13071,Colquitt,2014,2018,Hispanic (all races),
13,Georgia,13071,Colquitt,2014,2018,American Indian/Alaskan Native (includes Hispanic),
13,Georgia,13071,Colquitt,2014,2018,White (includes Hispanic),8.6
13,Georgia,13071,Colquitt,2015,2019,Asian/Pacific Islander (includes Hispanic),
13,Georgia,13071,Colquitt,2015,2019,Black (includes Hispanic),15.1
13,Georgia,13071,Colquitt,2015,2019,Hispanic (all races),
13,Georgia,13071,Colquitt,2015,2019,American Indian/Alaskan Native (includes Hispanic),
13,Georgia,13071,Colquitt,2015,2019,White (includes Hispanic),8.3
13,Georgia,13071,Colquitt,2016,2020,Asian/Pacific Islander (includes Hispanic),
13,Georgia,13071,Colquitt,2016,2020,Black (includes Hispanic),18.0
13,Georgia,13071,Colquitt,2016,2020,Hispanic (all races),
13,Georgia,13071,Colquitt,2016,2020,American Indian/Alaskan Native (includes Hispanic),
13,Georgia,13071,Colquitt,2016,2020,White (includes Hispanic),8.1
13,Georgia,13073,Columbia,2011,2015,Asian/Pacific Islander (includes Hispanic),
13,Georgia,13073,Columbia,2011,2015,Black (includes Hispanic),9.1
13,Georgia,13073,Columbia,2011,2015,Hispanic (all races),
13,Georgia,13073,Columbia,2011,2015,American Indian/Alaskan Native (includes Hispanic),
13,Georgia,13073,Columbia,2011,2015,White (includes Hispanic),9.0
13,Georgia,13073,Columbia,2012,2016,Asian/Pacific Islander (includes Hispanic),
13,Georgia,13073,Columbia,2012,2016,Black (includes Hispanic),9.3
13,Georgia,13073,Columbia,2012,2016,Hispanic (all races),
13,Georgia,13073,Columbia,2012,2016,American Indian/Alaskan Native (includes Hispanic),
13,Georgia,13073,Columbia,2012,2016,White (includes Hispanic),8.8
13,Georgia,13073,Columbia,2013,2017,Asian/Pacific Islander (includes Hispanic),
13,Georgia,13073,Columbia,2013,2017,Black (includes Hispanic),7.9
13,Georgia,13073,Columbia,2013,2017,Hispanic (all races),
13,Georgia,13073,Columbia,2013,2017,American Indian/Alaskan Native (includes Hispanic),
13,Georgia,13073,Columbia,2013,2017,White (includes Hispanic),8.4
13,Georgia,13073,Columbia,2014,2018,Asian/Pacific Islander (includes Hispanic),
13,Georgia,13073,Columbia,2014,2018,Black (includes Hispanic),7.9
13,Georgia,13073,Columbia,2014,2018,Hispanic (all races),
13,Georgia,13073,Columbia,2014,2018,American Indian/Alaskan Native (includes Hispanic),
13,Georgia,13073,Columbia,2014,2018,White (includes Hispanic),8.6
13,Georgia,13073,Columbia,2015,2019,Asian/Pacific Islander (includes Hispanic),
13,Georgia,13073,Columbia,2015,2019,Black (includes Hispanic),8.6
13,Georgia,13073,Columbia,2015,2019,Hispanic (all races),
13,Georgia,13073,Columbia,2015,2019,American Indian/Alaskan Native (includes Hispanic),
13,Georgia,13073,Columbia,2015,2019,White (includes Hispanic),9.1
13,Georgia,13073,Columbia,2016,2020,Asian/Pacific Islander (includes Hispanic),
13,Georgia,13073,Columbia,2016,2020,Black (includes Hispanic),8.9
13,Georgia,13073,Columbia,2016,2020,Hispanic (all races),
13,Georgia,13073,Columbia,2016,2020,American Indian/Alaskan Native (includes Hispanic),
13,Georgia,13073,Columbia,2016,2020,White (includes Hispanic),9.0
13,Georgia,13075,Cook,2011,2015,Asian/Pacific Islander (includes Hispanic),
13,Georgia,13075,Cook,2011,2015,Black (includes Hispanic),
13,Georgia,13075,Cook,2011,2015,Hispanic (all races),
13,Georgia,13075,Cook,2011,2015,American Indian/Alaskan Native (includes Hispanic),
13,Georgia,13075,Cook,2011,2015,White (includes Hispanic),10.8
13,Georgia,13075,Cook,2012,2016,Asian/Pacific Islander (includes Hispanic),
13,Georgia,13075,Cook,2012,2016,Black (includes Hispanic),
13,Georgia,13075,Cook,2012,2016,Hispanic (all races),
13,Georgia,13075,Cook,2012,2016,American Indian/Alaskan Native (includes Hispanic),
13,Georgia,13075,Cook,2012,2016,White (includes Hispanic),11.1
13,Georgia,13075,Cook,2013,2017,Asian/Pacific Islander (includes Hispanic),
13,Georgia,13075,Cook,2013,2017,Black (includes Hispanic),
13,Georgia,13075,Cook,2013,2017,Hispanic (all races),
13,Georgia,13075,Cook,2013,2017,American Indian/Alaskan Native (includes Hispanic),
13,Georgia,13075,Cook,2013,2017,White (includes Hispanic),10.6
13,Georgia,13075,Cook,2014,2018,Asian/Pacific Islander (includes Hispanic),
13,Georgia,13075,Cook,2014,2018,Black (includes Hispanic),
13,Georgia,13075,Cook,2014,2018,Hispanic (all races),
13,Georgia,13075,Cook,2014,2018,American Indian/Alaskan Native (includes Hispanic),
13,Georgia,13075,Cook,2014,2018,White (includes Hispanic),9.4
13,Georgia,13075,Cook,2015,2019,Asian/Pacific Islander (includes Hispanic),
13,Georgia,13075,Cook,2015,2019,Black (includes Hispanic),
13,Georgia,13075,Cook,2015,2019,Hispanic (all races),
13,Georgia,13075,Cook,2015,2019,American Indian/Alaskan Native (includes Hispanic),
13,Georgia,13075,Cook,2015,2019,White (includes Hispanic),7.9
13,Georgia,13075,Cook,2016,2020,Asian/Pacific Islander (includes Hispanic),
13,Georgia,13075,Cook,2016,2020,Black (includes Hispanic),13.0
13,Georgia,13075,Cook,2016,2020,Hispanic (all races),
13,Georgia,13075,Cook,2016,2020,American Indian/Alaskan Native (includes Hispanic),
13,Georgia,13075,Cook,2016,2020,White (includes Hispanic),7.0
13,Georgia,13077,Coweta,2011,2015,Asian/Pacific Islander (includes Hispanic),
13,Georgia,13077,Coweta,2011,2015,Black (includes Hispanic),8.7
13,Georgia,13077,Coweta,2011,2015,Hispanic (all races),
13,Georgia,13077,Coweta,2011,2015,American Indian/Alaskan Native (includes Hispanic),
13,Georgia,13077,Coweta,2011,2015,White (includes Hispanic),7.3
13,Georgia,13077,Coweta,2012,2016,Asian/Pacific Islander (includes Hispanic),
13,Georgia,13077,Coweta,2012,2016,Black (includes Hispanic),8.4
13,Georgia,13077,Coweta,2012,2016,Hispanic (all races),
13,Georgia,13077,Coweta,2012,2016,American Indian/Alaskan Native (includes Hispanic),
13,Georgia,13077,Coweta,2012,2016,White (includes Hispanic),7.3
13,Georgia,13077,Coweta,2013,2017,Asian/Pacific Islander (includes Hispanic),
13,Georgia,13077,Coweta,2013,2017,Black (includes Hispanic),8.6
13,Georgia,13077,Coweta,2013,2017,Hispanic (all races),
13,Georgia,13077,Coweta,2013,2017,American Indian/Alaskan Native (includes Hispanic),
13,Georgia,13077,Coweta,2013,2017,White (includes Hispanic),7.4
13,Georgia,13077,Coweta,2014,2018,Asian/Pacific Islander (includes Hispanic),
13,Georgia,13077,Coweta,2014,2018,Black (includes Hispanic),8.1
13,Georgia,13077,Coweta,2014,2018,Hispanic (all races),11.4
13,Georgia,13077,Coweta,2014,2018,American Indian/Alaskan Native (includes Hispanic),
13,Georgia,13077,Coweta,2014,2018,White (includes Hispanic),7.0
13,Georgia,13077,Coweta,2015,2019,Asian/Pacific Islander (includes Hispanic),
13,Georgia,13077,Coweta,2015,2019,Black (includes Hispanic),8.5
13,Georgia,13077,Coweta,2015,2019,Hispanic (all races),12.7
13,Georgia,13077,Coweta,2015,2019,American Indian/Alaskan Native (includes Hispanic),
13,Georgia,13077,Coweta,2015,2019,White (includes Hispanic),6.1
13,Georgia,13077,Coweta,2016,2020,Asian/Pacific Islander (includes Hispanic),
13,Georgia,13077,Coweta,2016,2020,Black (includes Hispanic),8.8
13,Georgia,13077,Coweta,2016,2020,Hispanic (all races),12.8
13,Georgia,13077,Coweta,2016,2020,American Indian/Alaskan Native (includes Hispanic),
13,Georgia,13077,Coweta,2016,2020,White (includes Hispanic),6.0
13,Georgia,13079,Crawford,2011,2015,Asian/Pacific Islander (includes Hispanic),
13,Georgia,13079,Crawford,2011,2015,Black (includes Hispanic),10.6
13,Georgia,13079,Crawford,2011,2015,Hispanic (all races),
13,Georgia,13079,Crawford,2011,2015,American Indian/Alaskan Native (includes Hispanic),
13,Georgia,13079,Crawford,2011,2015,White (includes Hispanic),6.0
13,Georgia,13079,Crawford,2012,2016,Asian/Pacific Islander (includes Hispanic),
13,Georgia,13079,Crawford,2012,2016,Black (includes Hispanic),10.9
13,Georgia,13079,Crawford,2012,2016,Hispanic (all races),
13,Georgia,13079,Crawford,2012,2016,American Indian/Alaskan Native (includes Hispanic),
13,Georgia,13079,Crawford,2012,2016,White (includes Hispanic),6.2
13,Georgia,13079,Crawford,2013,2017,Asian/Pacific Islander (includes Hispanic),
13,Georgia,13079,Crawford,2013,2017,Black (includes Hispanic),9.5
13,Georgia,13079,Crawford,2013,2017,Hispanic (all races),
13,Georgia,13079,Crawford,2013,2017,American Indian/Alaskan Native (includes Hispanic),
13,Georgia,13079,Crawford,2013,2017,White (includes Hispanic),7.1
13,Georgia,13079,Crawford,2014,2018,Asian/Pacific Islander (includes Hispanic),
13,Georgia,13079,Crawford,2014,2018,Black (includes Hispanic),9.3
13,Georgia,13079,Crawford,2014,2018,Hispanic (all races),
13,Georgia,13079,Crawford,2014,2018,American Indian/Alaskan Native (includes Hispanic),
13,Georgia,13079,Crawford,2014,2018,White (includes Hispanic),7.9
13,Georgia,13079,Crawford,2015,2019,Asian/Pacific Islander (includes Hispanic),
13,Georgia,13079,Crawford,2015,2019,Black (includes Hispanic),8.7
13,Georgia,13079,Crawford,2015,2019,Hispanic (all races),
13,Georgia,13079,Crawford,2015,2019,American Indian/Alaskan Native (includes Hispanic),
13,Georgia,13079,Crawford,2015,2019,White (includes Hispanic),9.4
13,Georgia,13079,Crawford,2016,2020,Asian/Pacific Islander (includes Hispanic),
13,Georgia,13079,Crawford,2016,2020,Black (includes Hispanic),8.9
13,Georgia,13079,Crawford,2016,2020,Hispanic (all races),
13,Georgia,13079,Crawford,2016,2020,American Indian/Alaskan Native (includes Hispanic),
13,Georgia,13079,Crawford,2016,2020,White (includes Hispanic),9.2
13,Georgia,13081,Crisp,2011,2015,Asian/Pacific Islander (includes Hispanic),
13,Georgia,13081,Crisp,2011,2015,Black (includes Hispanic),
13,Georgia,13081,Crisp,2011,2015,Hispanic (all races),
13,Georgia,13081,Crisp,2011,2015,American Indian/Alaskan Native (includes Hispanic),
13,Georgia,13081,Crisp,2011,2015,White (includes Hispanic),
13,Georgia,13081,Crisp,2012,2016,Asian/Pacific Islander (includes Hispanic),
13,Georgia,13081,Crisp,2012,2016,Black (includes Hispanic),
13,Georgia,13081,Crisp,2012,2016,Hispanic (all races),
13,Georgia,13081,Crisp,2012,2016,American Indian/Alaskan Native (includes Hispanic),
13,Georgia,13081,Crisp,2012,2016,White (includes Hispanic),
13,Georgia,13081,Crisp,2013,2017,Asian/Pacific Islander (includes Hispanic),
13,Georgia,13081,Crisp,2013,2017,Black (includes Hispanic),
13,Georgia,13081,Crisp,2013,2017,Hispanic (all races),
13,Georgia,13081,Crisp,2013,2017,American Indian/Alaskan Native (includes Hispanic),
13,Georgia,13081,Crisp,2013,2017,White (includes Hispanic),
13,Georgia,13081,Crisp,2014,2018,Asian/Pacific Islander (includes Hispanic),
13,Georgia,13081,Crisp,2014,2018,Black (includes Hispanic),14.6
13,Georgia,13081,Crisp,2014,2018,Hispanic (all races),
13,Georgia,13081,Crisp,2014,2018,American Indian/Alaskan Native (includes Hispanic),
13,Georgia,13081,Crisp,2014,2018,White (includes Hispanic),
13,Georgia,13081,Crisp,2015,2019,Asian/Pacific Islander (includes Hispanic),
13,Georgia,13081,Crisp,2015,2019,Black (includes Hispanic),17.1
13,Georgia,13081,Crisp,2015,2019,Hispanic (all races),
13,Georgia,13081,Crisp,2015,2019,American Indian/Alaskan Native (includes Hispanic),
13,Georgia,13081,Crisp,2015,2019,White (includes Hispanic),
13,Georgia,13081,Crisp,2016,2020,Asian/Pacific Islander (includes Hispanic),
13,Georgia,13081,Crisp,2016,2020,Black (includes Hispanic),17.0
13,Georgia,13081,Crisp,2016,2020,Hispanic (all races),
13,Georgia,13081,Crisp,2016,2020,American Indian/Alaskan Native (includes Hispanic),
13,Georgia,13081,Crisp,2016,2020,White (includes Hispanic),10.4
13,Georgia,13083,Dade,2011,2015,Asian/Pacific Islander (includes Hispanic),
13,Georgia,13083,Dade,2011,2015,Black (includes Hispanic),8.3
13,Georgia,13083,Dade,2011,2015,Hispanic (all races),
13,Georgia,13083,Dade,2011,2015,American Indian/Alaskan Native (includes Hispanic),
13,Georgia,13083,Dade,2011,2015,White (includes Hispanic),7.8
13,Georgia,13083,Dade,2012,2016,Asian/Pacific Islander (includes Hispanic),
13,Georgia,13083,Dade,2012,2016,Black (includes Hispanic),
13,Georgia,13083,Dade,2012,2016,Hispanic (all races),
13,Georgia,13083,Dade,2012,2016,American Indian/Alaskan Native (includes Hispanic),
13,Georgia,13083,Dade,2012,2016,White (includes Hispanic),7.6
13,Georgia,13083,Dade,2013,2017,Asian/Pacific Islander (includes Hispanic),
13,Georgia,13083,Dade,2013,2017,Black (includes Hispanic),
13,Georgia,13083,Dade,2013,2017,Hispanic (all races),
13,Georgia,13083,Dade,2013,2017,American Indian/Alaskan Native (includes Hispanic),
13,Georgia,13083,Dade,2013,2017,White (includes Hispanic),8.1
13,Georgia,13083,Dade,2014,2018,Asian/Pacific Islander (includes Hispanic),
13,Georgia,13083,Dade,2014,2018,Black (includes Hispanic),
13,Georgia,13083,Dade,2014,2018,Hispanic (all races),
13,Georgia,13083,Dade,2014,2018,American Indian/Alaskan Native (includes Hispanic),
13,Georgia,13083,Dade,2014,2018,White (includes Hispanic),8.2
13,Georgia,13083,Dade,2015,2019,Asian/Pacific Islander (includes Hispanic),
13,Georgia,13083,Dade,2015,2019,Black (includes Hispanic),
13,Georgia,13083,Dade,2015,2019,Hispanic (all races),
13,Georgia,13083,Dade,2015,2019,American Indian/Alaskan Native (includes Hispanic),
13,Georgia,13083,Dade,2015,2019,White (includes Hispanic),8.6
13,Georgia,13083,Dade,2016,2020,Asian/Pacific Islander (includes Hispanic),
13,Georgia,13083,Dade,2016,2020,Black (includes Hispanic),
13,Georgia,13083,Dade,2016,2020,Hispanic (all races),
13,Georgia,13083,Dade,2016,2020,American Indian/Alaskan Native (includes Hispanic),
13,Georgia,13083,Dade,2016,2020,White (includes Hispanic),8.9
13,Georgia,13085,Dawson,2011,2015,Asian/Pacific Islander (includes Hispanic),
13,Georgia,13085,Dawson,2011,2015,Black (includes Hispanic),
13,Georgia,13085,Dawson,2011,2015,Hispanic (all races),
13,Georgia,13085,Dawson,2011,2015,American Indian/Alaskan Native (includes Hispanic),
13,Georgia,13085,Dawson,2011,2015,White (includes Hispanic),6.1
13,Georgia,13085,Dawson,2012,2016,Asian/Pacific Islander (includes Hispanic),
13,Georgia,13085,Dawson,2012,2016,Black (includes Hispanic),
13,Georgia,13085,Dawson,2012,2016,Hispanic (all races),
13,Georgia,13085,Dawson,2012,2016,American Indian/Alaskan Native (includes Hispanic),
13,Georgia,13085,Dawson,2012,2016,White (includes Hispanic),7.1
13,Georgia,13085,Dawson,2013,2017,Asian/Pacific Islander (includes Hispanic),
13,Georgia,13085,Dawson,2013,2017,Black (includes Hispanic),
13,Georgia,13085,Dawson,2013,2017,Hispanic (all races),
13,Georgia,13085,Dawson,2013,2017,American Indian/Alaskan Native (includes Hispanic),
13,Georgia,13085,Dawson,2013,2017,White (includes Hispanic),7.1
13,Georgia,13085,Dawson,2014,2018,Asian/Pacific Islander (includes Hispanic),
13,Georgia,13085,Dawson,2014,2018,Black (includes Hispanic),
13,Georgia,13085,Dawson,2014,2018,Hispanic (all races),
13,Georgia,13085,Dawson,2014,2018,American Indian/Alaskan Native (includes Hispanic),
13,Georgia,13085,Dawson,2014,2018,White (includes Hispanic),7.5
13,Georgia,13085,Dawson,2015,2019,Asian/Pacific Islander (includes Hispanic),
13,Georgia,13085,Dawson,2015,2019,Black (includes Hispanic),
13,Georgia,13085,Dawson,2015,2019,Hispanic (all races),13.0
13,Georgia,13085,Dawson,2015,2019,American Indian/Alaskan Native (includes Hispanic),
13,Georgia,13085,Dawson,2015,2019,White (includes Hispanic),8.0
13,Georgia,13085,Dawson,2016,2020,Asian/Pacific Islander (includes Hispanic),
13,Georgia,13085,Dawson,2016,2020,Black (includes Hispanic),
13,Georgia,13085,Dawson,2016,2020,Hispanic (all races),13.0
13,Georgia,13085,Dawson,2016,2020,American Indian/Alaskan Native (includes Hispanic),
13,Georgia,13085,Dawson,2016,2020,White (includes Hispanic),7.9
13,Georgia,13087,Decatur,2011,2015,Asian/Pacific Islander (includes Hispanic),
13,Georgia,13087,Decatur,2011,2015,Black (includes Hispanic),
13,Georgia,13087,Decatur,2011,2015,Hispanic (all races),
13,Georgia,13087,Decatur,2011,2015,American Indian/Alaskan Native (includes Hispanic),
13,Georgia,13087,Decatur,2011,2015,White (includes Hispanic),9.2
13,Georgia,13087,Decatur,2012,2016,Asian/Pacific Islander (includes Hispanic),
13,Georgia,13087,Decatur,2012,2016,Black (includes Hispanic),
13,Georgia,13087,Decatur,2012,2016,Hispanic (all races),
13,Georgia,13087,Decatur,2012,2016,American Indian/Alaskan Native (includes Hispanic),
13,Georgia,13087,Decatur,2012,2016,White (includes Hispanic),10.6
13,Georgia,13087,Decatur,2013,2017,Asian/Pacific Islander (includes Hispanic),
13,Georgia,13087,Decatur,2013,2017,Black (includes Hispanic),
13,Georgia,13087,Decatur,2013,2017,Hispanic (all races),
13,Georgia,13087,Decatur,2013,2017,American Indian/Alaskan Native (includes Hispanic),
13,Georgia,13087,Decatur,2013,2017,White (includes Hispanic),9.5
13,Georgia,13087,Decatur,2014,2018,Asian/Pacific Islander (includes Hispanic),
13,Georgia,13087,Decatur,2014,2018,Black (includes Hispanic),
13,Georgia,13087,Decatur,2014,2018,Hispanic (all races),
13,Georgia,13087,Decatur,2014,2018,American Indian/Alaskan Native (includes Hispanic),
13,Georgia,13087,Decatur,2014,2018,White (includes Hispanic),11.0
13,Georgia,13087,Decatur,2015,2019,Asian/Pacific Islander (includes Hispanic),
13,Georgia,13087,Decatur,2015,2019,Black (includes Hispanic),
13,Georgia,13087,Decatur,2015,2019,Hispanic (all races),
13,Georgia,13087,Decatur,2015,2019,American Indian/Alaskan Native (includes Hispanic),
13,Georgia,13087,Decatur,2015,2019,White (includes Hispanic),10.6
13,Georgia,13087,Decatur,2016,2020,Asian/Pacific Islander (includes Hispanic),
13,Georgia,13087,Decatur,2016,2020,Black (includes Hispanic),
13,Georgia,13087,Decatur,2016,2020,Hispanic (all races),
13,Georgia,13087,Decatur,2016,2020,American Indian/Alaskan Native (includes Hispanic),
13,Georgia,13087,Decatur,2016,2020,White (includes Hispanic),10.4
13,Georgia,13089,DeKalb,2011,2015,Asian/Pacific Islander (includes Hispanic),5.5
13,Georgia,13089,DeKalb,2011,2015,Black (includes Hispanic),7.3
13,Georgia,13089,DeKalb,2011,2015,Hispanic (all races),9.9
13,Georgia,13089,DeKalb,2011,2015,American Indian/Alaskan Native (includes Hispanic),
13,Georgia,13089,DeKalb,2011,2015,White (includes Hispanic),7.8
13,Georgia,13089,DeKalb,2012,2016,Asian/Pacific Islander (includes Hispanic),6.5
13,Georgia,13089,DeKalb,2012,2016,Black (includes Hispanic),7.1
13,Georgia,13089,DeKalb,2012,2016,Hispanic (all races),10.2
13,Georgia,13089,DeKalb,2012,2016,American Indian/Alaskan Native (includes Hispanic),
13,Georgia,13089,DeKalb,2012,2016,White (includes Hispanic),7.4
13,Georgia,13089,DeKalb,2013,2017,Asian/Pacific Islander (includes Hispanic),6.9
13,Georgia,13089,DeKalb,2013,2017,Black (includes Hispanic),7.4
13,Georgia,13089,DeKalb,2013,2017,Hispanic (all races),9.7
13,Georgia,13089,DeKalb,2013,2017,American Indian/Alaskan Native (includes Hispanic),
13,Georgia,13089,DeKalb,2013,2017,White (includes Hispanic),7.1
13,Georgia,13089,DeKalb,2014,2018,Asian/Pacific Islander (includes Hispanic),6.4
13,Georgia,13089,DeKalb,2014,2018,Black (includes Hispanic),7.4
13,Georgia,13089,DeKalb,2014,2018,Hispanic (all races),10.0
13,Georgia,13089,DeKalb,2014,2018,American Indian/Alaskan Native (includes Hispanic),
13,Georgia,13089,DeKalb,2014,2018,White (includes Hispanic),7.4
13,Georgia,13089,DeKalb,2015,2019,Asian/Pacific Islander (includes Hispanic),5.8
13,Georgia,13089,DeKalb,2015,2019,Black (includes Hispanic),7.9
13,Georgia,13089,DeKalb,2015,2019,Hispanic (all races),11.3
13,Georgia,13089,DeKalb,2015,2019,American Indian/Alaskan Native (includes Hispanic),
13,Georgia,13089,DeKalb,2015,2019,White (includes Hispanic),7.3
13,Georgia,13089,DeKalb,2016,2020,Asian/Pacific Islander (includes Hispanic),6.7
13,Georgia,13089,DeKalb,2016,2020,Black (includes Hispanic),8.2
13,Georgia,13089,DeKalb,2016,2020,Hispanic (all races),11.6
13,Georgia,13089,DeKalb,2016,2020,American Indian/Alaskan Native (includes Hispanic),
13,Georgia,13089,DeKalb,2016,2020,White (includes Hispanic),6.4
13,Georgia,13091,Dodge,2011,2015,Asian/Pacific Islander (includes Hispanic),
13,Georgia,13091,Dodge,2011,2015,Black (includes Hispanic),
13,Georgia,13091,Dodge,2011,2015,Hispanic (all races),
13,Georgia,13091,Dodge,2011,2015,American Indian/Alaskan Native (includes Hispanic),
13,Georgia,13091,Dodge,2011,2015,White (includes Hispanic),
13,Georgia,13091,Dodge,2012,2016,Asian/Pacific Islander (includes Hispanic),
13,Georgia,13091,Dodge,2012,2016,Black (includes Hispanic),
13,Georgia,13091,Dodge,2012,2016,Hispanic (all races),
13,Georgia,13091,Dodge,2012,2016,American Indian/Alaskan Native (includes Hispanic),
13,Georgia,13091,Dodge,2012,2016,White (includes Hispanic),
13,Georgia,13091,Dodge,2013,2017,Asian/Pacific Islander (includes Hispanic),
13,Georgia,13091,Dodge,2013,2017,Black (includes Hispanic),
13,Georgia,13091,Dodge,2013,2017,Hispanic (all races),
13,Georgia,13091,Dodge,2013,2017,American Indian/Alaskan Native (includes Hispanic),
13,Georgia,13091,Dodge,2013,2017,White (includes Hispanic),9.9
13,Georgia,13091,Dodge,2014,2018,Asian/Pacific Islander (includes Hispanic),
13,Georgia,13091,Dodge,2014,2018,Black (includes Hispanic),
13,Georgia,13091,Dodge,2014,2018,Hispanic (all races),
13,Georgia,13091,Dodge,2014,2018,American Indian/Alaskan Native (includes Hispanic),
13,Georgia,13091,Dodge,2014,2018,White (includes Hispanic),10.1
13,Georgia,13091,Dodge,2015,2019,Asian/Pacific Islander (includes Hispanic),
13,Georgia,13091,Dodge,2015,2019,Black (includes Hispanic),
13,Georgia,13091,Dodge,2015,2019,Hispanic (all races),
13,Georgia,13091,Dodge,2015,2019,American Indian/Alaskan Native (includes Hispanic),
13,Georgia,13091,Dodge,2015,2019,White (includes Hispanic),11.0
13,Georgia,13091,Dodge,2016,2020,Asian/Pacific Islander (includes Hispanic),
13,Georgia,13091,Dodge,2016,2020,Black (includes Hispanic),
13,Georgia,13091,Dodge,2016,2020,Hispanic (all races),
13,Georgia,13091,Dodge,2016,2020,American Indian/Alaskan Native (includes Hispanic),
13,Georgia,13091,Dodge,2016,2020,White (includes Hispanic),10.2
13,Georgia,13093,Dooly,2011,2015,Asian/Pacific Islander (includes Hispanic),
13,Georgia,13093,Dooly,2011,2015,Black (includes Hispanic),8.1
13,Georgia,13093,Dooly,2011,2015,Hispanic (all races),
13,Georgia,13093,Dooly,2011,2015,American Indian/Alaskan Native (includes Hispanic),
13,Georgia,13093,Dooly,2011,2015,White (includes Hispanic),5.9
13,Georgia,13093,Dooly,2012,2016,Asian/Pacific Islander (includes Hispanic),
13,Georgia,13093,Dooly,2012,2016,Black (includes Hispanic),9.6
13,Georgia,13093,Dooly,2012,2016,Hispanic (all races),
13,Georgia,13093,Dooly,2012,2016,American Indian/Alaskan Native (includes Hispanic),
13,Georgia,13093,Dooly,2012,2016,White (includes Hispanic),7.0
13,Georgia,13093,Dooly,2013,2017,Asian/Pacific Islander (includes Hispanic),
13,Georgia,13093,Dooly,2013,2017,Black (includes Hispanic),11.4
13,Georgia,13093,Dooly,2013,2017,Hispanic (all races),
13,Georgia,13093,Dooly,2013,2017,American Indian/Alaskan Native (includes Hispanic),
13,Georgia,13093,Dooly,2013,2017,White (includes Hispanic),7.8
13,Georgia,13093,Dooly,2014,2018,Asian/Pacific Islander (includes Hispanic),
13,Georgia,13093,Dooly,2014,2018,Black (includes Hispanic),11.1
13,Georgia,13093,Dooly,2014,2018,Hispanic (all races),
13,Georgia,13093,Dooly,2014,2018,American Indian/Alaskan Native (includes Hispanic),
13,Georgia,13093,Dooly,2014,2018,White (includes Hispanic),7.0
13,Georgia,13093,Dooly,2015,2019,Asian/Pacific Islander (includes Hispanic),
13,Georgia,13093,Dooly,2015,2019,Black (includes Hispanic),10.6
13,Georgia,13093,Dooly,2015,2019,Hispanic (all races),
13,Georgia,13093,Dooly,2015,2019,American Indian/Alaskan Native (includes Hispanic),
13,Georgia,13093,Dooly,2015,2019,White (includes Hispanic),8.7
13,Georgia,13093,Dooly,2016,2020,Asian/Pacific Islander (includes Hispanic),
13,Georgia,13093,Dooly,2016,2020,Black (includes Hispanic),10.4
13,Georgia,13093,Dooly,2016,2020,Hispanic (all races),
13,Georgia,13093,Dooly,2016,2020,American Indian/Alaskan Native (includes Hispanic),
13,Georgia,13093,Dooly,2016,2020,White (includes Hispanic),8.9
13,Georgia,13095,Dougherty,2011,2015,Asian/Pacific Islander (includes Hispanic),
13,Georgia,13095,Dougherty,2011,2015,Black (includes Hispanic),8.4
13,Georgia,13095,Dougherty,2011,2015,Hispanic (all races),
13,Georgia,13095,Dougherty,2011,2015,American Indian/Alaskan Native (includes Hispanic),
13,Georgia,13095,Dougherty,2011,2015,White (includes Hispanic),9.7
13,Georgia,13095,Dougherty,2012,2016,Asian/Pacific Islander (includes Hispanic),
13,Georgia,13095,Dougherty,2012,2016,Black (includes Hispanic),
13,Georgia,13095,Dougherty,2012,2016,Hispanic (all races),
13,Georgia,13095,Dougherty,2012,2016,American Indian/Alaskan Native (includes Hispanic),
13,Georgia,13095,Dougherty,2012,2016,White (includes Hispanic),
13,Georgia,13095,Dougherty,2013,2017,Asian/Pacific Islander (includes Hispanic),
13,Georgia,13095,Dougherty,2013,2017,Black (includes Hispanic),8.8
13,Georgia,13095,Dougherty,2013,2017,Hispanic (all races),
13,Georgia,13095,Dougherty,2013,2017,American Indian/Alaskan Native (includes Hispanic),
13,Georgia,13095,Dougherty,2013,2017,White (includes Hispanic),
13,Georgia,13095,Dougherty,2014,2018,Asian/Pacific Islander (includes Hispanic),
13,Georgia,13095,Dougherty,2014,2018,Black (includes Hispanic),8.8
13,Georgia,13095,Dougherty,2014,2018,Hispanic (all races),
13,Georgia,13095,Dougherty,2014,2018,American Indian/Alaskan Native (includes Hispanic),
13,Georgia,13095,Dougherty,2014,2018,White (includes Hispanic),
13,Georgia,13095,Dougherty,2015,2019,Asian/Pacific Islander (includes Hispanic),
13,Georgia,13095,Dougherty,2015,2019,Black (includes Hispanic),9.1
13,Georgia,13095,Dougherty,2015,2019,Hispanic (all races),
13,Georgia,13095,Dougherty,2015,2019,American Indian/Alaskan Native (includes Hispanic),
13,Georgia,13095,Dougherty,2015,2019,White (includes Hispanic),
13,Georgia,13095,Dougherty,2016,2020,Asian/Pacific Islander (includes Hispanic),
13,Georgia,13095,Dougherty,2016,2020,Black (includes Hispanic),9.7
13,Georgia,13095,Dougherty,2016,2020,Hispanic (all races),
13,Georgia,13095,Dougherty,2016,2020,American Indian/Alaskan Native (includes Hispanic),
13,Georgia,13095,Dougherty,2016,2020,White (includes Hispanic),
13,Georgia,13097,Douglas,2011,2015,Asian/Pacific Islander (includes Hispanic),
13,Georgia,13097,Douglas,2011,2015,Black (includes Hispanic),7.5
13,Georgia,13097,Douglas,2011,2015,Hispanic (all races),7.5
13,Georgia,13097,Douglas,2011,2015,American Indian/Alaskan Native (includes Hispanic),
13,Georgia,13097,Douglas,2011,2015,White (includes Hispanic),7.0
13,Georgia,13097,Douglas,2012,2016,Asian/Pacific Islander (includes Hispanic),
13,Georgia,13097,Douglas,2012,2016,Black (includes Hispanic),7.4
13,Georgia,13097,Douglas,2012,2016,Hispanic (all races),8.2
13,Georgia,13097,Douglas,2012,2016,American Indian/Alaskan Native (includes Hispanic),
13,Georgia,13097,Douglas,2012,2016,White (includes Hispanic),7.0
13,Georgia,13097,Douglas,2013,2017,Asian/Pacific Islander (includes Hispanic),
13,Georgia,13097,Douglas,2013,2017,Black (includes Hispanic),7.4
13,Georgia,13097,Douglas,2013,2017,Hispanic (all races),7.7
13,Georgia,13097,Douglas,2013,2017,American Indian/Alaskan Native (includes Hispanic),
13,Georgia,13097,Douglas,2013,2017,White (includes Hispanic),7.0
13,Georgia,13097,Douglas,2014,2018,Asian/Pacific Islander (includes Hispanic),
13,Georgia,13097,Douglas,2014,2018,Black (includes Hispanic),7.1
13,Georgia,13097,Douglas,2014,2018,Hispanic (all races),9.7
13,Georgia,13097,Douglas,2014,2018,American Indian/Alaskan Native (includes Hispanic),
13,Georgia,13097,Douglas,2014,2018,White (includes Hispanic),7.0
13,Georgia,13097,Douglas,2015,2019,Asian/Pacific Islander (includes Hispanic),
13,Georgia,13097,Douglas,2015,2019,Black (includes Hispanic),7.8
13,Georgia,13097,Douglas,2015,2019,Hispanic (all races),11.4
13,Georgia,13097,Douglas,2015,2019,American Indian/Alaskan Native (includes Hispanic),
13,Georgia,13097,Douglas,2015,2019,White (includes Hispanic),6.9
13,Georgia,13097,Douglas,2016,2020,Asian/Pacific Islander (includes Hispanic),
13,Georgia,13097,Douglas,2016,2020,Black (includes Hispanic),8.4
13,Georgia,13097,Douglas,2016,2020,Hispanic (all races),11.7
13,Georgia,13097,Douglas,2016,2020,American Indian/Alaskan Native (includes Hispanic),
13,Georgia,13097,Douglas,2016,2020,White (includes Hispanic),6.8
13,Georgia,13099,Early,2011,2015,Asian/Pacific Islander (includes Hispanic),
13,Georgia,13099,Early,2011,2015,Black (includes Hispanic),
13,Georgia,13099,Early,2011,2015,Hispanic (all races),
13,Georgia,13099,Early,2011,2015,American Indian/Alaskan Native (includes Hispanic),
13,Georgia,13099,Early,2011,2015,White (includes Hispanic),11.8
13,Georgia,13099,Early,2012,2016,Asian/Pacific Islander (includes Hispanic),
13,Georgia,13099,Early,2012,2016,Black (includes Hispanic),13.8
13,Georgia,13099,Early,2012,2016,Hispanic (all races),
13,Georgia,13099,Early,2012,2016,American Indian/Alaskan Native (includes Hispanic),
13,Georgia,13099,Early,2012,2016,White (includes Hispanic),10.8
13,Georgia,13099,Early,2013,2017,Asian/Pacific Islander (includes Hispanic),
13,Georgia,13099,Early,2013,2017,Black (includes Hispanic),
13,Georgia,13099,Early,2013,2017,Hispanic (all races),
13,Georgia,13099,Early,2013,2017,American Indian/Alaskan Native (includes Hispanic),
13,Georgia,13099,Early,2013,2017,White (includes Hispanic),7.8
13,Georgia,13099,Early,2014,2018,Asian/Pacific Islander (includes Hispanic),
13,Georgia,13099,Early,2014,2018,Black (includes Hispanic),
13,Georgia,13099,Early,2014,2018,Hispanic (all races),
13,Georgia,13099,Early,2014,2018,American Indian/Alaskan Native (includes Hispanic),
13,Georgia,13099,Early,2014,2018,White (includes Hispanic),7.9
13,Georgia,13099,Early,2015,2019,Asian/Pacific Islander (includes Hispanic),
13,Georgia,13099,Early,2015,2019,Black (includes Hispanic),12.6
13,Georgia,13099,Early,2015,2019,Hispanic (all races),
13,Georgia,13099,Early,2015,2019,American Indian/Alaskan Native (includes Hispanic),
13,Georgia,13099,Early,2015,2019,White (includes Hispanic),6.6
13,Georgia,13099,Early,2016,2020,Asian/Pacific Islander (includes Hispanic),
13,Georgia,13099,Early,2016,2020,Black (includes Hispanic),
13,Georgia,13099,Early,2016,2020,Hispanic (all races),
13,Georgia,13099,Early,2016,2020,American Indian/Alaskan Native (includes Hispanic),
13,Georgia,13099,Early,2016,2020,White (includes Hispanic),7.5
13,Georgia,13101,Echols,2011,2015,Asian/Pacific Islander (includes Hispanic),
13,Georgia,13101,Echols,2011,2015,Black (includes Hispanic),
13,Georgia,13101,Echols,2011,2015,Hispanic (all races),
13,Georgia,13101,Echols,2011,2015,American Indian/Alaskan Native (includes Hispanic),
13,Georgia,13101,Echols,2011,2015,White (includes Hispanic),11.7
13,Georgia,13101,Echols,2012,2016,Asian/Pacific Islander (includes Hispanic),
13,Georgia,13101,Echols,2012,2016,Black (includes Hispanic),
13,Georgia,13101,Echols,2012,2016,Hispanic (all races),
13,Georgia,13101,Echols,2012,2016,American Indian/Alaskan Native (includes Hispanic),
13,Georgia,13101,Echols,2012,2016,White (includes Hispanic),10.8
13,Georgia,13101,Echols,2013,2017,Asian/Pacific Islander (includes Hispanic),
13,Georgia,13101,Echols,2013,2017,Black (includes Hispanic),
13,Georgia,13101,Echols,2013,2017,Hispanic (all races),
13,Georgia,13101,Echols,2013,2017,American Indian/Alaskan Native (includes Hispanic),
13,Georgia,13101,Echols,2013,2017,White (includes Hispanic),11.1
13,Georgia,13101,Echols,2014,2018,Asian/Pacific Islander (includes Hispanic),
13,Georgia,13101,Echols,2014,2018,Black (includes Hispanic),
13,Georgia,13101,Echols,2014,2018,Hispanic (all races),
13,Georgia,13101,Echols,2014,2018,American Indian/Alaskan Native (includes Hispanic),
13,Georgia,13101,Echols,2014,2018,White (includes Hispanic),11.6
13,Georgia,13101,Echols,2015,2019,Asian/Pacific Islander (includes Hispanic),
13,Georgia,13101,Echols,2015,2019,Black (includes Hispanic),
13,Georgia,13101,Echols,2015,2019,Hispanic (all races),
13,Georgia,13101,Echols,2015,2019,American Indian/Alaskan Native (includes Hispanic),
13,Georgia,13101,Echols,2015,2019,White (includes Hispanic),10.2
13,Georgia,13101,Echols,2016,2020,Asian/Pacific Islander (includes Hispanic),
13,Georgia,13101,Echols,2016,2020,Black (includes Hispanic),
13,Georgia,13101,Echols,2016,2020,Hispanic (all races),
13,Georgia,13101,Echols,2016,2020,American Indian/Alaskan Native (includes Hispanic),
13,Georgia,13101,Echols,2016,2020,White (includes Hispanic),11.1
13,Georgia,13103,Effingham,2011,2015,Asian/Pacific Islander (includes Hispanic),
13,Georgia,13103,Effingham,2011,2015,Black (includes Hispanic),10.1
13,Georgia,13103,Effingham,2011,2015,Hispanic (all races),
13,Georgia,13103,Effingham,2011,2015,American Indian/Alaskan Native (includes Hispanic),
13,Georgia,13103,Effingham,2011,2015,White (includes Hispanic),7.5
13,Georgia,13103,Effingham,2012,2016,Asian/Pacific Islander (includes Hispanic),
13,Georgia,13103,Effingham,2012,2016,Black (includes Hispanic),9.7
13,Georgia,13103,Effingham,2012,2016,Hispanic (all races),
13,Georgia,13103,Effingham,2012,2016,American Indian/Alaskan Native (includes Hispanic),
13,Georgia,13103,Effingham,2012,2016,White (includes Hispanic),8.1
13,Georgia,13103,Effingham,2013,2017,Asian/Pacific Islander (includes Hispanic),
13,Georgia,13103,Effingham,2013,2017,Black (includes Hispanic),8.1
13,Georgia,13103,Effingham,2013,2017,Hispanic (all races),
13,Georgia,13103,Effingham,2013,2017,American Indian/Alaskan Native (includes Hispanic),
13,Georgia,13103,Effingham,2013,2017,White (includes Hispanic),8.0
13,Georgia,13103,Effingham,2014,2018,Asian/Pacific Islander (includes Hispanic),
13,Georgia,13103,Effingham,2014,2018,Black (includes Hispanic),7.2
13,Georgia,13103,Effingham,2014,2018,Hispanic (all races),
13,Georgia,13103,Effingham,2014,2018,American Indian/Alaskan Native (includes Hispanic),
13,Georgia,13103,Effingham,2014,2018,White (includes Hispanic),8.9
13,Georgia,13103,Effingham,2015,2019,Asian/Pacific Islander (includes Hispanic),
13,Georgia,13103,Effingham,2015,2019,Black (includes Hispanic),7.1
13,Georgia,13103,Effingham,2015,2019,Hispanic (all races),
13,Georgia,13103,Effingham,2015,2019,American Indian/Alaskan Native (includes Hispanic),
13,Georgia,13103,Effingham,2015,2019,White (includes Hispanic),7.5
13,Georgia,13103,Effingham,2016,2020,Asian/Pacific Islander (includes Hispanic),
13,Georgia,13103,Effingham,2016,2020,Black (includes Hispanic),7.0
13,Georgia,13103,Effingham,2016,2020,Hispanic (all races),
13,Georgia,13103,Effingham,2016,2020,American Indian/Alaskan Native (includes Hispanic),
13,Georgia,13103,Effingham,2016,2020,White (includes Hispanic),7.8
13,Georgia,13105,Elbert,2011,2015,Asian/Pacific Islander (includes Hispanic),
13,Georgia,13105,Elbert,2011,2015,Black (includes Hispanic),
13,Georgia,13105,Elbert,2011,2015,Hispanic (all races),
13,Georgia,13105,Elbert,2011,2015,American Indian/Alaskan Native (includes Hispanic),
13,Georgia,13105,Elbert,2011,2015,White (includes Hispanic),5.6
13,Georgia,13105,Elbert,2012,2016,Asian/Pacific Islander (includes Hispanic),
13,Georgia,13105,Elbert,2012,2016,Black (includes Hispanic),
13,Georgia,13105,Elbert,2012,2016,Hispanic (all races),
13,Georgia,13105,Elbert,2012,2016,American Indian/Alaskan Native (includes Hispanic),
13,Georgia,13105,Elbert,2012,2016,White (includes Hispanic),7.6
13,Georgia,13105,Elbert,2013,2017,Asian/Pacific Islander (includes Hispanic),
13,Georgia,13105,Elbert,2013,2017,Black (includes Hispanic),
13,Georgia,13105,Elbert,2013,2017,Hispanic (all races),
13,Georgia,13105,Elbert,2013,2017,American Indian/Alaskan Native (includes Hispanic),
13,Georgia,13105,Elbert,2013,2017,White (includes Hispanic),9.4
13,Georgia,13105,Elbert,2014,2018,Asian/Pacific Islander (includes Hispanic),
13,Georgia,13105,Elbert,2014,2018,Black (includes Hispanic),9.0
13,Georgia,13105,Elbert,2014,2018,Hispanic (all races),
13,Georgia,13105,Elbert,2014,2018,American Indian/Alaskan Native (includes Hispanic),
13,Georgia,13105,Elbert,2014,2018,White (includes Hispanic),9.6
13,Georgia,13105,Elbert,2015,2019,Asian/Pacific Islander (includes Hispanic),
13,Georgia,13105,Elbert,2015,2019,Black (includes Hispanic),9.5
13,Georgia,13105,Elbert,2015,2019,Hispanic (all races),
13,Georgia,13105,Elbert,2015,2019,American Indian/Alaskan Native (includes Hispanic),
13,Georgia,13105,Elbert,2015,2019,White (includes Hispanic),9.9
13,Georgia,13105,Elbert,2016,2020,Asian/Pacific Islander (includes Hispanic),
13,Georgia,13105,Elbert,2016,2020,Black (includes Hispanic),
13,Georgia,13105,Elbert,2016,2020,Hispanic (all races),
13,Georgia,13105,Elbert,2016,2020,American Indian/Alaskan Native (includes Hispanic),
13,Georgia,13105,Elbert,2016,2020,White (includes Hispanic),10.5
13,Georgia,13107,Emanuel,2011,2015,Asian/Pacific Islander (includes Hispanic),
13,Georgia,13107,Emanuel,2011,2015,Black (includes Hispanic),11.2
13,Georgia,13107,Emanuel,2011,2015,Hispanic (all races),
13,Georgia,13107,Emanuel,2011,2015,American Indian/Alaskan Native (includes Hispanic),
13,Georgia,13107,Emanuel,2011,2015,White (includes Hispanic),10.5
13,Georgia,13107,Emanuel,2012,2016,Asian/Pacific Islander (includes Hispanic),
13,Georgia,13107,Emanuel,2012,2016,Black (includes Hispanic),9.4
13,Georgia,13107,Emanuel,2012,2016,Hispanic (all races),
13,Georgia,13107,Emanuel,2012,2016,American Indian/Alaskan Native (includes Hispanic),
13,Georgia,13107,Emanuel,2012,2016,White (includes Hispanic),9.6
13,Georgia,13107,Emanuel,2013,2017,Asian/Pacific Islander (includes Hispanic),
13,Georgia,13107,Emanuel,2013,2017,Black (includes Hispanic),10.1
13,Georgia,13107,Emanuel,2013,2017,Hispanic (all races),
13,Georgia,13107,Emanuel,2013,2017,American Indian/Alaskan Native (includes Hispanic),
13,Georgia,13107,Emanuel,2013,2017,White (includes Hispanic),10.9
13,Georgia,13107,Emanuel,2014,2018,Asian/Pacific Islander (includes Hispanic),
13,Georgia,13107,Emanuel,2014,2018,Black (includes Hispanic),10.6
13,Georgia,13107,Emanuel,2014,2018,Hispanic (all races),
13,Georgia,13107,Emanuel,2014,2018,American Indian/Alaskan Native (includes Hispanic),
13,Georgia,13107,Emanuel,2014,2018,White (includes Hispanic),11.6
13,Georgia,13107,Emanuel,2015,2019,Asian/Pacific Islander (includes Hispanic),
13,Georgia,13107,Emanuel,2015,2019,Black (includes Hispanic),11.2
13,Georgia,13107,Emanuel,2015,2019,Hispanic (all races),
13,Georgia,13107,Emanuel,2015,2019,American Indian/Alaskan Native (includes Hispanic),
13,Georgia,13107,Emanuel,2015,2019,White (includes Hispanic),10.8
13,Georgia,13107,Emanuel,2016,2020,Asian/Pacific Islander (includes Hispanic),
13,Georgia,13107,Emanuel,2016,2020,Black (includes Hispanic),9.3
13,Georgia,13107,Emanuel,2016,2020,Hispanic (all races),
13,Georgia,13107,Emanuel,2016,2020,American Indian/Alaskan Native (includes Hispanic),
13,Georgia,13107,Emanuel,2016,2020,White (includes Hispanic),11.0
13,Georgia,13109,Evans,2011,2015,Asian/Pacific Islander (includes Hispanic),
13,Georgia,13109,Evans,2011,2015,Black (includes Hispanic),
13,Georgia,13109,Evans,2011,2015,Hispanic (all races),
13,Georgia,13109,Evans,2011,2015,American Indian/Alaskan Native (includes Hispanic),
13,Georgia,13109,Evans,2011,2015,White (includes Hispanic),9.9
13,Georgia,13109,Evans,2012,2016,Asian/Pacific Islander (includes Hispanic),
13,Georgia,13109,Evans,2012,2016,Black (includes Hispanic),
13,Georgia,13109,Evans,2012,2016,Hispanic (all races),
13,Georgia,13109,Evans,2012,2016,American Indian/Alaskan Native (includes Hispanic),
13,Georgia,13109,Evans,2012,2016,White (includes Hispanic),9.0
13,Georgia,13109,Evans,2013,2017,Asian/Pacific Islander (includes Hispanic),
13,Georgia,13109,Evans,2013,2017,Black (includes Hispanic),
13,Georgia,13109,Evans,2013,2017,Hispanic (all races),
13,Georgia,13109,Evans,2013,2017,American Indian/Alaskan Native (includes Hispanic),
13,Georgia,13109,Evans,2013,2017,White (includes Hispanic),9.3
13,Georgia,13109,Evans,2014,2018,Asian/Pacific Islander (includes Hispanic),
13,Georgia,13109,Evans,2014,2018,Black (includes Hispanic),
13,Georgia,13109,Evans,2014,2018,Hispanic (all races),
13,Georgia,13109,Evans,2014,2018,American Indian/Alaskan Native (includes Hispanic),
13,Georgia,13109,Evans,2014,2018,White (includes Hispanic),7.2
13,Georgia,13109,Evans,2015,2019,Asian/Pacific Islander (includes Hispanic),
13,Georgia,13109,Evans,2015,2019,Black (includes Hispanic),
13,Georgia,13109,Evans,2015,2019,Hispanic (all races),
13,Georgia,13109,Evans,2015,2019,American Indian/Alaskan Native (includes Hispanic),
13,Georgia,13109,Evans,2015,2019,White (includes Hispanic),
13,Georgia,13109,Evans,2016,2020,Asian/Pacific Islander (includes Hispanic),
13,Georgia,13109,Evans,2016,2020,Black (includes Hispanic),
13,Georgia,13109,Evans,2016,2020,Hispanic (all races),
13,Georgia,13109,Evans,2016,2020,American Indian/Alaskan Native (includes Hispanic),
13,Georgia,13109,Evans,2016,2020,White (includes Hispanic),
13,Georgia,13111,Fannin,2011,2015,Asian/Pacific Islander (includes Hispanic),
13,Georgia,13111,Fannin,2011,2015,Black (includes Hispanic),
13,Georgia,13111,Fannin,2011,2015,Hispanic (all races),
13,Georgia,13111,Fannin,2011,2015,American Indian/Alaskan Native (includes Hispanic),
13,Georgia,13111,Fannin,2011,2015,White (includes Hispanic),9.9
13,Georgia,13111,Fannin,2012,2016,Asian/Pacific Islander (includes Hispanic),
13,Georgia,13111,Fannin,2012,2016,Black (includes Hispanic),
13,Georgia,13111,Fannin,2012,2016,Hispanic (all races),
13,Georgia,13111,Fannin,2012,2016,American Indian/Alaskan Native (includes Hispanic),
13,Georgia,13111,Fannin,2012,2016,White (includes Hispanic),10.4
13,Georgia,13111,Fannin,2013,2017,Asian/Pacific Islander (includes Hispanic),
13,Georgia,13111,Fannin,2013,2017,Black (includes Hispanic),
13,Georgia,13111,Fannin,2013,2017,Hispanic (all races),
13,Georgia,13111,Fannin,2013,2017,American Indian/Alaskan Native (includes Hispanic),
13,Georgia,13111,Fannin,2013,2017,White (includes Hispanic),10.1
13,Georgia,13111,Fannin,2014,2018,Asian/Pacific Islander (includes Hispanic),
13,Georgia,13111,Fannin,2014,2018,Black (includes Hispanic),
13,Georgia,13111,Fannin,2014,2018,Hispanic (all races),
13,Georgia,13111,Fannin,2014,2018,American Indian/Alaskan Native (includes Hispanic),
13,Georgia,13111,Fannin,2014,2018,White (includes Hispanic),11.0
13,Georgia,13111,Fannin,2015,2019,Asian/Pacific Islander (includes Hispanic),
13,Georgia,13111,Fannin,2015,2019,Black (includes Hispanic),
13,Georgia,13111,Fannin,2015,2019,Hispanic (all races),
13,Georgia,13111,Fannin,2015,2019,American Indian/Alaskan Native (includes Hispanic),
13,Georgia,13111,Fannin,2015,2019,White (includes Hispanic),7.7
13,Georgia,13111,Fannin,2016,2020,Asian/Pacific Islander (includes Hispanic),
13,Georgia,13111,Fannin,2016,2020,Black (includes Hispanic),
13,Georgia,13111,Fannin,2016,2020,Hispanic (all races),
13,Georgia,13111,Fannin,2016,2020,American Indian/Alaskan Native (includes Hispanic),
13,Georgia,13111,Fannin,2016,2020,White (includes Hispanic),7.9
13,Georgia,13113,Fayette,2011,2015,Asian/Pacific Islander (includes Hispanic),
13,Georgia,13113,Fayette,2011,2015,Black (includes Hispanic),8.5
13,Georgia,13113,Fayette,2011,2015,Hispanic (all races),10.6
13,Georgia,13113,Fayette,2011,2015,American Indian/Alaskan Native (includes Hispanic),
13,Georgia,13113,Fayette,2011,2015,White (includes Hispanic),7.6
13,Georgia,13113,Fayette,2012,2016,Asian/Pacific Islander (includes Hispanic),
13,Georgia,13113,Fayette,2012,2016,Black (includes Hispanic),8.1
13,Georgia,13113,Fayette,2012,2016,Hispanic (all races),12.0
13,Georgia,13113,Fayette,2012,2016,American Indian/Alaskan Native (includes Hispanic),
13,Georgia,13113,Fayette,2012,2016,White (includes Hispanic),7.5
13,Georgia,13113,Fayette,2013,2017,Asian/Pacific Islander (includes Hispanic),
13,Georgia,13113,Fayette,2013,2017,Black (includes Hispanic),8.5
13,Georgia,13113,Fayette,2013,2017,Hispanic (all races),11.4
13,Georgia,13113,Fayette,2013,2017,American Indian/Alaskan Native (includes Hispanic),
13,Georgia,13113,Fayette,2013,2017,White (includes Hispanic),7.2
13,Georgia,13113,Fayette,2014,2018,Asian/Pacific Islander (includes Hispanic),
13,Georgia,13113,Fayette,2014,2018,Black (includes Hispanic),8.5
13,Georgia,13113,Fayette,2014,2018,Hispanic (all races),13.7
13,Georgia,13113,Fayette,2014,2018,American Indian/Alaskan Native (includes Hispanic),
13,Georgia,13113,Fayette,2014,2018,White (includes Hispanic),6.8
13,Georgia,13113,Fayette,2015,2019,Asian/Pacific Islander (includes Hispanic),
13,Georgia,13113,Fayette,2015,2019,Black (includes Hispanic),9.1
13,Georgia,13113,Fayette,2015,2019,Hispanic (all races),15.6
13,Georgia,13113,Fayette,2015,2019,American Indian/Alaskan Native (includes Hispanic),
13,Georgia,13113,Fayette,2015,2019,White (includes Hispanic),5.9
13,Georgia,13113,Fayette,2016,2020,Asian/Pacific Islander (includes Hispanic),
13,Georgia,13113,Fayette,2016,2020,Black (includes Hispanic),9.4
13,Georgia,13113,Fayette,2016,2020,Hispanic (all races),14.5
13,Georgia,13113,Fayette,2016,2020,American Indian/Alaskan Native (includes Hispanic),
13,Georgia,13113,Fayette,2016,2020,White (includes Hispanic),5.7
13,Georgia,13115,Floyd,2011,2015,Asian/Pacific Islander (includes Hispanic),
13,Georgia,13115,Floyd,2011,2015,Black (includes Hispanic),
13,Georgia,13115,Floyd,2011,2015,Hispanic (all races),
13,Georgia,13115,Floyd,2011,2015,American Indian/Alaskan Native (includes Hispanic),
13,Georgia,13115,Floyd,2011,2015,White (includes Hispanic),11.7
13,Georgia,13115,Floyd,2012,2016,Asian/Pacific Islander (includes Hispanic),
13,Georgia,13115,Floyd,2012,2016,Black (includes Hispanic),
13,Georgia,13115,Floyd,2012,2016,Hispanic (all races),
13,Georgia,13115,Floyd,2012,2016,American Indian/Alaskan Native (includes Hispanic),
13,Georgia,13115,Floyd,2012,2016,White (includes Hispanic),11.7
13,Georgia,13115,Floyd,2013,2017,Asian/Pacific Islander (includes Hispanic),
13,Georgia,13115,Floyd,2013,2017,Black (includes Hispanic),
13,Georgia,13115,Floyd,2013,2017,Hispanic (all races),
13,Georgia,13115,Floyd,2013,2017,American Indian/Alaskan Native (includes Hispanic),
13,Georgia,13115,Floyd,2013,2017,White (includes Hispanic),12.1
13,Georgia,13115,Floyd,2014,2018,Asian/Pacific Islander (includes Hispanic),
13,Georgia,13115,Floyd,2014,2018,Black (includes Hispanic),
13,Georgia,13115,Floyd,2014,2018,Hispanic (all races),
13,Georgia,13115,Floyd,2014,2018,American Indian/Alaskan Native (includes Hispanic),
13,Georgia,13115,Floyd,2014,2018,White (includes Hispanic),11.8
13,Georgia,13115,Floyd,2015,2019,Asian/Pacific Islander (includes Hispanic),
13,Georgia,13115,Floyd,2015,2019,Black (includes Hispanic),
13,Georgia,13115,Floyd,2015,2019,Hispanic (all races),
13,Georgia,13115,Floyd,2015,2019,American Indian/Alaskan Native (includes Hispanic),
13,Georgia,13115,Floyd,2015,2019,White (includes Hispanic),12.2
13,Georgia,13115,Floyd,2016,2020,Asian/Pacific Islander (includes Hispanic),
13,Georgia,13115,Floyd,2016,2020,Black (includes Hispanic),
13,Georgia,13115,Floyd,2016,2020,Hispanic (all races),
13,Georgia,13115,Floyd,2016,2020,American Indian/Alaskan Native (includes Hispanic),
13,Georgia,13115,Floyd,2016,2020,White (includes Hispanic),12.0
13,Georgia,13117,Forsyth,2011,2015,Asian/Pacific Islander (includes Hispanic),4.9
13,Georgia,13117,Forsyth,2011,2015,Black (includes Hispanic),7.7
13,Georgia,13117,Forsyth,2011,2015,Hispanic (all races),9.4
13,Georgia,13117,Forsyth,2011,2015,American Indian/Alaskan Native (includes Hispanic),
13,Georgia,13117,Forsyth,2011,2015,White (includes Hispanic),6.7
13,Georgia,13117,Forsyth,2012,2016,Asian/Pacific Islander (includes Hispanic),5.7
13,Georgia,13117,Forsyth,2012,2016,Black (includes Hispanic),7.3
13,Georgia,13117,Forsyth,2012,2016,Hispanic (all races),10.9
13,Georgia,13117,Forsyth,2012,2016,American Indian/Alaskan Native (includes Hispanic),
13,Georgia,13117,Forsyth,2012,2016,White (includes Hispanic),6.8
13,Georgia,13117,Forsyth,2013,2017,Asian/Pacific Islander (includes Hispanic),5.6
13,Georgia,13117,Forsyth,2013,2017,Black (includes Hispanic),7.8
13,Georgia,13117,Forsyth,2013,2017,Hispanic (all races),9.7
13,Georgia,13117,Forsyth,2013,2017,American Indian/Alaskan Native (includes Hispanic),
13,Georgia,13117,Forsyth,2013,2017,White (includes Hispanic),6.6
13,Georgia,13117,Forsyth,2014,2018,Asian/Pacific Islander (includes Hispanic),5.8
13,Georgia,13117,Forsyth,2014,2018,Black (includes Hispanic),7.4
13,Georgia,13117,Forsyth,2014,2018,Hispanic (all races),9.5
13,Georgia,13117,Forsyth,2014,2018,American Indian/Alaskan Native (includes Hispanic),
13,Georgia,13117,Forsyth,2014,2018,White (includes Hispanic),6.8
13,Georgia,13117,Forsyth,2015,2019,Asian/Pacific Islander (includes Hispanic),5.1
13,Georgia,13117,Forsyth,2015,2019,Black (includes Hispanic),7.5
13,Georgia,13117,Forsyth,2015,2019,Hispanic (all races),10.5
13,Georgia,13117,Forsyth,2015,2019,American Indian/Alaskan Native (includes Hispanic),
13,Georgia,13117,Forsyth,2015,2019,White (includes Hispanic),6.8
13,Georgia,13117,Forsyth,2016,2020,Asian/Pacific Islander (includes Hispanic),6.2
13,Georgia,13117,Forsyth,2016,2020,Black (includes Hispanic),7.8
13,Georgia,13117,Forsyth,2016,2020,Hispanic (all races),10.7
13,Georgia,13117,Forsyth,2016,2020,American Indian/Alaskan Native (includes Hispanic),
13,Georgia,13117,Forsyth,2016,2020,White (includes Hispanic),6.3
13,Georgia,13119,Franklin,2011,2015,Asian/Pacific Islander (includes Hispanic),
13,Georgia,13119,Franklin,2011,2015,Black (includes Hispanic),
13,Georgia,13119,Franklin,2011,2015,Hispanic (all races),
13,Georgia,13119,Franklin,2011,2015,American Indian/Alaskan Native (includes Hispanic),
13,Georgia,13119,Franklin,2011,2015,White (includes Hispanic),7.0
13,Georgia,13119,Franklin,2012,2016,Asian/Pacific Islander (includes Hispanic),
13,Georgia,13119,Franklin,2012,2016,Black (includes Hispanic),
13,Georgia,13119,Franklin,2012,2016,Hispanic (all races),
13,Georgia,13119,Franklin,2012,2016,American Indian/Alaskan Native (includes Hispanic),
13,Georgia,13119,Franklin,2012,2016,White (includes Hispanic),7.1
13,Georgia,13119,Franklin,2013,2017,Asian/Pacific Islander (includes Hispanic),
13,Georgia,13119,Franklin,2013,2017,Black (includes Hispanic),
13,Georgia,13119,Franklin,2013,2017,Hispanic (all races),
13,Georgia,13119,Franklin,2013,2017,American Indian/Alaskan Native (includes Hispanic),
13,Georgia,13119,Franklin,2013,2017,White (includes Hispanic),6.7
13,Georgia,13119,Franklin,2014,2018,Asian/Pacific Islander (includes Hispanic),
13,Georgia,13119,Franklin,2014,2018,Black (includes Hispanic),
13,Georgia,13119,Franklin,2014,2018,Hispanic (all races),
13,Georgia,13119,Franklin,2014,2018,American Indian/Alaskan Native (includes Hispanic),
13,Georgia,13119,Franklin,2014,2018,White (includes Hispanic),7.2
13,Georgia,13119,Franklin,2015,2019,Asian/Pacific Islander (includes Hispanic),
13,Georgia,13119,Franklin,2015,2019,Black (includes Hispanic),
13,Georgia,13119,Franklin,2015,2019,Hispanic (all races),
13,Georgia,13119,Franklin,2015,2019,American Indian/Alaskan Native (includes Hispanic),
13,Georgia,13119,Franklin,2015,2019,White (includes Hispanic),8.8
13,Georgia,13119,Franklin,2016,2020,Asian/Pacific Islander (includes Hispanic),
13,Georgia,13119,Franklin,2016,2020,Black (includes Hispanic),
13,Georgia,13119,Franklin,2016,2020,Hispanic (all races),
13,Georgia,13119,Franklin,2016,2020,American Indian/Alaskan Native (includes Hispanic),
13,Georgia,13119,Franklin,2016,2020,White (includes Hispanic),9.0
13,Georgia,13121,Fulton,2011,2015,Asian/Pacific Islander (includes Hispanic),5.1
13,Georgia,13121,Fulton,2011,2015,Black (includes Hispanic),7.6
13,Georgia,13121,Fulton,2011,2015,Hispanic (all races),9.7
13,Georgia,13121,Fulton,2011,2015,American Indian/Alaskan Native (includes Hispanic),
13,Georgia,13121,Fulton,2011,2015,White (includes Hispanic),6.9
13,Georgia,13121,Fulton,2012,2016,Asian/Pacific Islander (includes Hispanic),6.1
13,Georgia,13121,Fulton,2012,2016,Black (includes Hispanic),7.6
13,Georgia,13121,Fulton,2012,2016,Hispanic (all races),10.9
13,Georgia,13121,Fulton,2012,2016,American Indian/Alaskan Native (includes Hispanic),
13,Georgia,13121,Fulton,2012,2016,White (includes Hispanic),6.8
13,Georgia,13121,Fulton,2013,2017,Asian/Pacific Islander (includes Hispanic),6.1
13,Georgia,13121,Fulton,2013,2017,Black (includes Hispanic),7.6
13,Georgia,13121,Fulton,2013,2017,Hispanic (all races),10.2
13,Georgia,13121,Fulton,2013,2017,American Indian/Alaskan Native (includes Hispanic),
13,Georgia,13121,Fulton,2013,2017,White (includes Hispanic),6.9
13,Georgia,13121,Fulton,2014,2018,Asian/Pacific Islander (includes Hispanic),6.1
13,Georgia,13121,Fulton,2014,2018,Black (includes Hispanic),7.6
13,Georgia,13121,Fulton,2014,2018,Hispanic (all races),10.6
13,Georgia,13121,Fulton,2014,2018,American Indian/Alaskan Native (includes Hispanic),
13,Georgia,13121,Fulton,2014,2018,White (includes Hispanic),7.0
13,Georgia,13121,Fulton,2015,2019,Asian/Pacific Islander (includes Hispanic),5.3
13,Georgia,13121,Fulton,2015,2019,Black (includes Hispanic),8.0
13,Georgia,13121,Fulton,2015,2019,Hispanic (all races),12.4
13,Georgia,13121,Fulton,2015,2019,American Indian/Alaskan Native (includes Hispanic),
13,Georgia,13121,Fulton,2015,2019,White (includes Hispanic),7.0
13,Georgia,13121,Fulton,2016,2020,Asian/Pacific Islander (includes Hispanic),5.9
13,Georgia,13121,Fulton,2016,2020,Black (includes Hispanic),8.4
13,Georgia,13121,Fulton,2016,2020,Hispanic (all races),12.2
13,Georgia,13121,Fulton,2016,2020,American Indian/Alaskan Native (includes Hispanic),
13,Georgia,13121,Fulton,2016,2020,White (includes Hispanic),6.6
13,Georgia,13123,Gilmer,2011,2015,Asian/Pacific Islander (includes Hispanic),
13,Georgia,13123,Gilmer,2011,2015,Black (includes Hispanic),
13,Georgia,13123,Gilmer,2011,2015,Hispanic (all races),
13,Georgia,13123,Gilmer,2011,2015,American Indian/Alaskan Native (includes Hispanic),
13,Georgia,13123,Gilmer,2011,2015,White (includes Hispanic),8.6
13,Georgia,13123,Gilmer,2012,2016,Asian/Pacific Islander (includes Hispanic),
13,Georgia,13123,Gilmer,2012,2016,Black (includes Hispanic),
13,Georgia,13123,Gilmer,2012,2016,Hispanic (all races),
13,Georgia,13123,Gilmer,2012,2016,American Indian/Alaskan Native (includes Hispanic),
13,Georgia,13123,Gilmer,2012,2016,White (includes Hispanic),9.6
13,Georgia,13123,Gilmer,2013,2017,Asian/Pacific Islander (includes Hispanic),
13,Georgia,13123,Gilmer,2013,2017,Black (includes Hispanic),
13,Georgia,13123,Gilmer,2013,2017,Hispanic (all races),
13,Georgia,13123,Gilmer,2013,2017,American Indian/Alaskan Native (includes Hispanic),
13,Georgia,13123,Gilmer,2013,2017,White (includes Hispanic),9.6
13,Georgia,13123,Gilmer,2014,2018,Asian/Pacific Islander (includes Hispanic),
13,Georgia,13123,Gilmer,2014,2018,Black (includes Hispanic),
13,Georgia,13123,Gilmer,2014,2018,Hispanic (all races),
13,Georgia,13123,Gilmer,2014,2018,American Indian/Alaskan Native (includes Hispanic),
13,Georgia,13123,Gilmer,2014,2018,White (includes Hispanic),10.6
13,Georgia,13123,Gilmer,2015,2019,Asian/Pacific Islander (includes Hispanic),
13,Georgia,13123,Gilmer,2015,2019,Black (includes Hispanic),
13,Georgia,13123,Gilmer,2015,2019,Hispanic (all races),
13,Georgia,13123,Gilmer,2015,2019,American Indian/Alaskan Native (includes Hispanic),
13,Georgia,13123,Gilmer,2015,2019,White (includes Hispanic),9.4
13,Georgia,13123,Gilmer,2016,2020,Asian/Pacific Islander (includes Hispanic),
13,Georgia,13123,Gilmer,2016,2020,Black (includes Hispanic),
13,Georgia,13123,Gilmer,2016,2020,Hispanic (all races),
13,Georgia,13123,Gilmer,2016,2020,American Indian/Alaskan Native (includes Hispanic),
13,Georgia,13123,Gilmer,2016,2020,White (includes Hispanic),9.8
13,Georgia,13125,Glascock,2011,2015,Asian/Pacific Islander (includes Hispanic),
13,Georgia,13125,Glascock,2011,2015,Black (includes Hispanic),
13,Georgia,13125,Glascock,2011,2015,Hispanic (all races),
13,Georgia,13125,Glascock,2011,2015,American Indian/Alaskan Native (includes Hispanic),
13,Georgia,13125,Glascock,2011,2015,White (includes Hispanic),
13,Georgia,13125,Glascock,2012,2016,Asian/Pacific Islander (includes Hispanic),
13,Georgia,13125,Glascock,2012,2016,Black (includes Hispanic),
13,Georgia,13125,Glascock,2012,2016,Hispanic (all races),
13,Georgia,13125,Glascock,2012,2016,American Indian/Alaskan Native (includes Hispanic),
13,Georgia,13125,Glascock,2012,2016,White (includes Hispanic),
13,Georgia,13125,Glascock,2013,2017,Asian/Pacific Islander (includes Hispanic),
13,Georgia,13125,Glascock,2013,2017,Black (includes Hispanic),
13,Georgia,13125,Glascock,2013,2017,Hispanic (all races),
13,Georgia,13125,Glascock,2013,2017,American Indian/Alaskan Native (includes Hispanic),
13,Georgia,13125,Glascock,2013,2017,White (includes Hispanic),
13,Georgia,13125,Glascock,2014,2018,Asian/Pacific Islander (includes Hispanic),
13,Georgia,13125,Glascock,2014,2018,Black (includes Hispanic),
13,Georgia,13125,Glascock,2014,2018,Hispanic (all races),
13,Georgia,13125,Glascock,2014,2018,American Indian/Alaskan Native (includes Hispanic),
13,Georgia,13125,Glascock,2014,2018,White (includes Hispanic),
13,Georgia,13125,Glascock,2015,2019,Asian/Pacific Islander (includes Hispanic),
13,Georgia,13125,Glascock,2015,2019,Black (includes Hispanic),
13,Georgia,13125,Glascock,2015,2019,Hispanic (all races),
13,Georgia,13125,Glascock,2015,2019,American Indian/Alaskan Native (includes Hispanic),
13,Georgia,13125,Glascock,2015,2019,White (includes Hispanic),
13,Georgia,13125,Glascock,2016,2020,Asian/Pacific Islander (includes Hispanic),
13,Georgia,13125,Glascock,2016,2020,Black (includes Hispanic),
13,Georgia,13125,Glascock,2016,2020,Hispanic (all races),
13,Georgia,13125,Glascock,2016,2020,American Indian/Alaskan Native (includes Hispanic),
13,Georgia,13125,Glascock,2016,2020,White (includes Hispanic),
13,Georgia,13127,Glynn,2011,2015,Asian/Pacific Islander (includes Hispanic),
13,Georgia,13127,Glynn,2011,2015,Black (includes Hispanic),
13,Georgia,13127,Glynn,2011,2015,Hispanic (all races),
13,Georgia,13127,Glynn,2011,2015,American Indian/Alaskan Native (includes Hispanic),
13,Georgia,13127,Glynn,2011,2015,White (includes Hispanic),7.3
13,Georgia,13127,Glynn,2012,2016,Asian/Pacific Islander (includes Hispanic),
13,Georgia,13127,Glynn,2012,2016,Black (includes Hispanic),
13,Georgia,13127,Glynn,2012,2016,Hispanic (all races),
13,Georgia,13127,Glynn,2012,2016,American Indian/Alaskan Native (includes Hispanic),
13,Georgia,13127,Glynn,2012,2016,White (includes Hispanic),8.5
13,Georgia,13127,Glynn,2013,2017,Asian/Pacific Islander (includes Hispanic),
13,Georgia,13127,Glynn,2013,2017,Black (includes Hispanic),
13,Georgia,13127,Glynn,2013,2017,Hispanic (all races),
13,Georgia,13127,Glynn,2013,2017,American Indian/Alaskan Native (includes Hispanic),
13,Georgia,13127,Glynn,2013,2017,White (includes Hispanic),7.4
13,Georgia,13127,Glynn,2014,2018,Asian/Pacific Islander (includes Hispanic),
13,Georgia,13127,Glynn,2014,2018,Black (includes Hispanic),
13,Georgia,13127,Glynn,2014,2018,Hispanic (all races),
13,Georgia,13127,Glynn,2014,2018,American Indian/Alaskan Native (includes Hispanic),
13,Georgia,13127,Glynn,2014,2018,White (includes Hispanic),8.4
13,Georgia,13127,Glynn,2015,2019,Asian/Pacific Islander (includes Hispanic),
13,Georgia,13127,Glynn,2015,2019,Black (includes Hispanic),
13,Georgia,13127,Glynn,2015,2019,Hispanic (all races),
13,Georgia,13127,Glynn,2015,2019,American Indian/Alaskan Native (includes Hispanic),
13,Georgia,13127,Glynn,2015,2019,White (includes Hispanic),8.0
13,Georgia,13127,Glynn,2016,2020,Asian/Pacific Islander (includes Hispanic),
13,Georgia,13127,Glynn,2016,2020,Black (includes Hispanic),
13,Georgia,13127,Glynn,2016,2020,Hispanic (all races),
13,Georgia,13127,Glynn,2016,2020,American Indian/Alaskan Native (includes Hispanic),
13,Georgia,13127,Glynn,2016,2020,White (includes Hispanic),8.8
13,Georgia,13129,Gordon,2011,2015,Asian/Pacific Islander (includes Hispanic),
13,Georgia,13129,Gordon,2011,2015,Black (includes Hispanic),
13,Georgia,13129,Gordon,2011,2015,Hispanic (all races),
13,Georgia,13129,Gordon,2011,2015,American Indian/Alaskan Native (includes Hispanic),
13,Georgia,13129,Gordon,2011,2015,White (includes Hispanic),8.9
13,Georgia,13129,Gordon,2012,2016,Asian/Pacific Islander (includes Hispanic),
13,Georgia,13129,Gordon,2012,2016,Black (includes Hispanic),
13,Georgia,13129,Gordon,2012,2016,Hispanic (all races),
13,Georgia,13129,Gordon,2012,2016,American Indian/Alaskan Native (includes Hispanic),
13,Georgia,13129,Gordon,2012,2016,White (includes Hispanic),9.1
13,Georgia,13129,Gordon,2013,2017,Asian/Pacific Islander (includes Hispanic),
13,Georgia,13129,Gordon,2013,2017,Black (includes Hispanic),
13,Georgia,13129,Gordon,2013,2017,Hispanic (all races),
13,Georgia,13129,Gordon,2013,2017,American Indian/Alaskan Native (includes Hispanic),
13,Georgia,13129,Gordon,2013,2017,White (includes Hispanic),9.6
13,Georgia,13129,Gordon,2014,2018,Asian/Pacific Islander (includes Hispanic),
13,Georgia,13129,Gordon,2014,2018,Black (includes Hispanic),
13,Georgia,13129,Gordon,2014,2018,Hispanic (all races),12.7
13,Georgia,13129,Gordon,2014,2018,American Indian/Alaskan Native (includes Hispanic),
13,Georgia,13129,Gordon,2014,2018,White (includes Hispanic),9.4
13,Georgia,13129,Gordon,2015,2019,Asian/Pacific Islander (includes Hispanic),
13,Georgia,13129,Gordon,2015,2019,Black (includes Hispanic),
13,Georgia,13129,Gordon,2015,2019,Hispanic (all races),13.5
13,Georgia,13129,Gordon,2015,2019,American Indian/Alaskan Native (includes Hispanic),
13,Georgia,13129,Gordon,2015,2019,White (includes Hispanic),10.1
13,Georgia,13129,Gordon,2016,2020,Asian/Pacific Islander (includes Hispanic),
13,Georgia,13129,Gordon,2016,2020,Black (includes Hispanic),
13,Georgia,13129,Gordon,2016,2020,Hispanic (all races),10.6
13,Georgia,13129,Gordon,2016,2020,American Indian/Alaskan Native (includes Hispanic),
13,Georgia,13129,Gordon,2016,2020,White (includes Hispanic),9.4
13,Georgia,13131,Grady,2011,2015,Asian/Pacific Islander (includes Hispanic),
13,Georgia,13131,Grady,2011,2015,Black (includes Hispanic),6.8
13,Georgia,13131,Grady,2011,2015,Hispanic (all races),
13,Georgia,13131,Grady,2011,2015,American Indian/Alaskan Native (includes Hispanic),
13,Georgia,13131,Grady,2011,2015,White (includes Hispanic),7.1
13,Georgia,13131,Grady,2012,2016,Asian/Pacific Islander (includes Hispanic),
13,Georgia,13131,Grady,2012,2016,Black (includes Hispanic),6.0
13,Georgia,13131,Grady,2012,2016,Hispanic (all races),
13,Georgia,13131,Grady,2012,2016,American Indian/Alaskan Native (includes Hispanic),
13,Georgia,13131,Grady,2012,2016,White (includes Hispanic),7.5
13,Georgia,13131,Grady,2013,2017,Asian/Pacific Islander (includes Hispanic),
13,Georgia,13131,Grady,2013,2017,Black (includes Hispanic),6.6
13,Georgia,13131,Grady,2013,2017,Hispanic (all races),
13,Georgia,13131,Grady,2013,2017,American Indian/Alaskan Native (includes Hispanic),
13,Georgia,13131,Grady,2013,2017,White (includes Hispanic),8.2
13,Georgia,13131,Grady,2014,2018,Asian/Pacific Islander (includes Hispanic),
13,Georgia,13131,Grady,2014,2018,Black (includes Hispanic),7.9
13,Georgia,13131,Grady,2014,2018,Hispanic (all races),
13,Georgia,13131,Grady,2014,2018,American Indian/Alaskan Native (includes Hispanic),
13,Georgia,13131,Grady,2014,2018,White (includes Hispanic),8.8
13,Georgia,13131,Grady,2015,2019,Asian/Pacific Islander (includes Hispanic),
13,Georgia,13131,Grady,2015,2019,Black (includes Hispanic),7.9
13,Georgia,13131,Grady,2015,2019,Hispanic (all races),
13,Georgia,13131,Grady,2015,2019,American Indian/Alaskan Native (includes Hispanic),
13,Georgia,13131,Grady,2015,2019,White (includes Hispanic),8.7
13,Georgia,13131,Grady,2016,2020,Asian/Pacific Islander (includes Hispanic),
13,Georgia,13131,Grady,2016,2020,Black (includes Hispanic),8.2
13,Georgia,13131,Grady,2016,2020,Hispanic (all races),
13,Georgia,13131,Grady,2016,2020,American Indian/Alaskan Native (includes Hispanic),
13,Georgia,13131,Grady,2016,2020,White (includes Hispanic),8.6
13,Georgia,13133,Greene,2011,2015,Asian/Pacific Islander (includes Hispanic),
13,Georgia,13133,Greene,2011,2015,Black (includes Hispanic),
13,Georgia,13133,Greene,2011,2015,Hispanic (all races),
13,Georgia,13133,Greene,2011,2015,American Indian/Alaskan Native (includes Hispanic),
13,Georgia,13133,Greene,2011,2015,White (includes Hispanic),
13,Georgia,13133,Greene,2012,2016,Asian/Pacific Islander (includes Hispanic),
13,Georgia,13133,Greene,2012,2016,Black (includes Hispanic),
13,Georgia,13133,Greene,2012,2016,Hispanic (all races),
13,Georgia,13133,Greene,2012,2016,American Indian/Alaskan Native (includes Hispanic),
13,Georgia,13133,Greene,2012,2016,White (includes Hispanic),
13,Georgia,13133,Greene,2013,2017,Asian/Pacific Islander (includes Hispanic),
13,Georgia,13133,Greene,2013,2017,Black (includes Hispanic),
13,Georgia,13133,Greene,2013,2017,Hispanic (all races),
13,Georgia,13133,Greene,2013,2017,American Indian/Alaskan Native (includes Hispanic),
13,Georgia,13133,Greene,2013,2017,White (includes Hispanic),
13,Georgia,13133,Greene,2014,2018,Asian/Pacific Islander (includes Hispanic),
13,Georgia,13133,Greene,2014,2018,Black (includes Hispanic),
13,Georgia,13133,Greene,2014,2018,Hispanic (all races),
13,Georgia,13133,Greene,2014,2018,American Indian/Alaskan Native (includes Hispanic),
13,Georgia,13133,Greene,2014,2018,White (includes Hispanic),
13,Georgia,13133,Greene,2015,2019,Asian/Pacific Islander (includes Hispanic),
13,Georgia,13133,Greene,2015,2019,Black (includes Hispanic),
13,Georgia,13133,Greene,2015,2019,Hispanic (all races),
13,Georgia,13133,Greene,2015,2019,American Indian/Alaskan Native (includes Hispanic),
13,Georgia,13133,Greene,2015,2019,White (includes Hispanic),
13,Georgia,13133,Greene,2016,2020,Asian/Pacific Islander (includes Hispanic),
13,Georgia,13133,Greene,2016,2020,Black (includes Hispanic),
13,Georgia,13133,Greene,2016,2020,Hispanic (all races),
13,Georgia,13133,Greene,2016,2020,American Indian/Alaskan Native (includes Hispanic),
13,Georgia,13133,Greene,2016,2020,White (includes Hispanic),
13,Georgia,13135,Gwinnett,2011,2015,Asian/Pacific Islander (includes Hispanic),4.4
13,Georgia,13135,Gwinnett,2011,2015,Black (includes Hispanic),7.5
13,Georgia,13135,Gwinnett,2011,2015,Hispanic (all races),8.3
13,Georgia,13135,Gwinnett,2011,2015,American Indian/Alaskan Native (includes Hispanic),
13,Georgia,13135,Gwinnett,2011,2015,White (includes Hispanic),7.2
13,Georgia,13135,Gwinnett,2012,2016,Asian/Pacific Islander (includes Hispanic),5.3
13,Georgia,13135,Gwinnett,2012,2016,Black (includes Hispanic),7.2
13,Georgia,13135,Gwinnett,2012,2016,Hispanic (all races),9.2
13,Georgia,13135,Gwinnett,2012,2016,American Indian/Alaskan Native (includes Hispanic),
13,Georgia,13135,Gwinnett,2012,2016,White (includes Hispanic),7.0
13,Georgia,13135,Gwinnett,2013,2017,Asian/Pacific Islander (includes Hispanic),5.4
13,Georgia,13135,Gwinnett,2013,2017,Black (includes Hispanic),7.3
13,Georgia,13135,Gwinnett,2013,2017,Hispanic (all races),8.9
13,Georgia,13135,Gwinnett,2013,2017,American Indian/Alaskan Native (includes Hispanic),
13,Georgia,13135,Gwinnett,2013,2017,White (includes Hispanic),6.9
13,Georgia,13135,Gwinnett,2014,2018,Asian/Pacific Islander (includes Hispanic),5.3
13,Georgia,13135,Gwinnett,2014,2018,Black (includes Hispanic),7.0
13,Georgia,13135,Gwinnett,2014,2018,Hispanic (all races),8.5
13,Georgia,13135,Gwinnett,2014,2018,American Indian/Alaskan Native (includes Hispanic),
13,Georgia,13135,Gwinnett,2014,2018,White (includes Hispanic),6.9
13,Georgia,13135,Gwinnett,2015,2019,Asian/Pacific Islander (includes Hispanic),4.9
13,Georgia,13135,Gwinnett,2015,2019,Black (includes Hispanic),7.4
13,Georgia,13135,Gwinnett,2015,2019,Hispanic (all races),10.0
13,Georgia,13135,Gwinnett,2015,2019,American Indian/Alaskan Native (includes Hispanic),
13,Georgia,13135,Gwinnett,2015,2019,White (includes Hispanic),7.2
13,Georgia,13135,Gwinnett,2016,2020,Asian/Pacific Islander (includes Hispanic),6.2
13,Georgia,13135,Gwinnett,2016,2020,Black (includes Hispanic),7.7
13,Georgia,13135,Gwinnett,2016,2020,Hispanic (all races),10.9
13,Georgia,13135,Gwinnett,2016,2020,American Indian/Alaskan Native (includes Hispanic),
13,Georgia,13135,Gwinnett,2016,2020,White (includes Hispanic),6.7
13,Georgia,13137,Habersham,2011,2015,Asian/Pacific Islander (includes Hispanic),
13,Georgia,13137,Habersham,2011,2015,Black (includes Hispanic),
13,Georgia,13137,Habersham,2011,2015,Hispanic (all races),
13,Georgia,13137,Habersham,2011,2015,American Indian/Alaskan Native (includes Hispanic),
13,Georgia,13137,Habersham,2011,2015,White (includes Hispanic),7.3
13,Georgia,13137,Habersham,2012,2016,Asian/Pacific Islander (includes Hispanic),
13,Georgia,13137,Habersham,2012,2016,Black (includes Hispanic),
13,Georgia,13137,Habersham,2012,2016,Hispanic (all races),
13,Georgia,13137,Habersham,2012,2016,American Indian/Alaskan Native (includes Hispanic),
13,Georgia,13137,Habersham,2012,2016,White (includes Hispanic),7.9
13,Georgia,13137,Habersham,2013,2017,Asian/Pacific Islander (includes Hispanic),
13,Georgia,13137,Habersham,2013,2017,Black (includes Hispanic),
13,Georgia,13137,Habersham,2013,2017,Hispanic (all races),
13,Georgia,13137,Habersham,2013,2017,American Indian/Alaskan Native (includes Hispanic),
13,Georgia,13137,Habersham,2013,2017,White (includes Hispanic),8.4
13,Georgia,13137,Habersham,2014,2018,Asian/Pacific Islander (includes Hispanic),
13,Georgia,13137,Habersham,2014,2018,Black (includes Hispanic),
13,Georgia,13137,Habersham,2014,2018,Hispanic (all races),
13,Georgia,13137,Habersham,2014,2018,American Indian/Alaskan Native (includes Hispanic),
13,Georgia,13137,Habersham,2014,2018,White (includes Hispanic),8.7
13,Georgia,13137,Habersham,2015,2019,Asian/Pacific Islander (includes Hispanic),
13,Georgia,13137,Habersham,2015,2019,Black (includes Hispanic),
13,Georgia,13137,Habersham,2015,2019,Hispanic (all races),
13,Georgia,13137,Habersham,2015,2019,American Indian/Alaskan Native (includes Hispanic),
13,Georgia,13137,Habersham,2015,2019,White (includes Hispanic),9.2
13,Georgia,13137,Habersham,2016,2020,Asian/Pacific Islander (includes Hispanic),
13,Georgia,13137,Habersham,2016,2020,Black (includes Hispanic),
13,Georgia,13137,Habersham,2016,2020,Hispanic (all races),
13,Georgia,13137,Habersham,2016,2020,American Indian/Alaskan Native (includes Hispanic),
13,Georgia,13137,Habersham,2016,2020,White (includes Hispanic),9.0
13,Georgia,13139,Hall,2011,2015,Asian/Pacific Islander (includes Hispanic),6.0
13,Georgia,13139,Hall,2011,2015,Black (includes Hispanic),7.1
13,Georgia,13139,Hall,2011,2015,Hispanic (all races),8.2
13,Georgia,13139,Hall,2011,2015,American Indian/Alaskan Native (includes Hispanic),
13,Georgia,13139,Hall,2011,2015,White (includes Hispanic),7.4
13,Georgia,13139,Hall,2012,2016,Asian/Pacific Islander (includes Hispanic),7.1
13,Georgia,13139,Hall,2012,2016,Black (includes Hispanic),6.8
13,Georgia,13139,Hall,2012,2016,Hispanic (all races),9.3
13,Georgia,13139,Hall,2012,2016,American Indian/Alaskan Native (includes Hispanic),
13,Georgia,13139,Hall,2012,2016,White (includes Hispanic),7.3
13,Georgia,13139,Hall,2013,2017,Asian/Pacific Islander (includes Hispanic),7.2
13,Georgia,13139,Hall,2013,2017,Black (includes Hispanic),6.6
13,Georgia,13139,Hall,2013,2017,Hispanic (all races),9.4
13,Georgia,13139,Hall,2013,2017,American Indian/Alaskan Native (includes Hispanic),
13,Georgia,13139,Hall,2013,2017,White (includes Hispanic),7.4
13,Georgia,13139,Hall,2014,2018,Asian/Pacific Islander (includes Hispanic),7.2
13,Georgia,13139,Hall,2014,2018,Black (includes Hispanic),6.5
13,Georgia,13139,Hall,2014,2018,Hispanic (all races),8.5
13,Georgia,13139,Hall,2014,2018,American Indian/Alaskan Native (includes Hispanic),
13,Georgia,13139,Hall,2014,2018,White (includes Hispanic),7.9
13,Georgia,13139,Hall,2015,2019,Asian/Pacific Islander (includes Hispanic),6.3
13,Georgia,13139,Hall,2015,2019,Black (includes Hispanic),7.0
13,Georgia,13139,Hall,2015,2019,Hispanic (all races),9.4
13,Georgia,13139,Hall,2015,2019,American Indian/Alaskan Native (includes Hispanic),
13,Georgia,13139,Hall,2015,2019,White (includes Hispanic),8.3
13,Georgia,13139,Hall,2016,2020,Asian/Pacific Islander (includes Hispanic),7.4
13,Georgia,13139,Hall,2016,2020,Black (includes Hispanic),7.1
13,Georgia,13139,Hall,2016,2020,Hispanic (all races),10.1
13,Georgia,13139,Hall,2016,2020,American Indian/Alaskan Native (includes Hispanic),
13,Georgia,13139,Hall,2016,2020,White (includes Hispanic),7.5
13,Georgia,13141,Hancock,2011,2015,Asian/Pacific Islander (includes Hispanic),
13,Georgia,13141,Hancock,2011,2015,Black (includes Hispanic),
13,Georgia,13141,Hancock,2011,2015,Hispanic (all races),
13,Georgia,13141,Hancock,2011,2015,American Indian/Alaskan Native (includes Hispanic),
13,Georgia,13141,Hancock,2011,2015,White (includes Hispanic),
13,Georgia,13141,Hancock,2012,2016,Asian/Pacific Islander (includes Hispanic),
13,Georgia,13141,Hancock,2012,2016,Black (includes Hispanic),
13,Georgia,13141,Hancock,2012,2016,Hispanic (all races),
13,Georgia,13141,Hancock,2012,2016,American Indian/Alaskan Native (includes Hispanic),
13,Georgia,13141,Hancock,2012,2016,White (includes Hispanic),
13,Georgia,13141,Hancock,2013,2017,Asian/Pacific Islander (includes Hispanic),
13,Georgia,13141,Hancock,2013,2017,Black (includes Hispanic),
13,Georgia,13141,Hancock,2013,2017,Hispanic (all races),
13,Georgia,13141,Hancock,2013,2017,American Indian/Alaskan Native (includes Hispanic),
13,Georgia,13141,Hancock,2013,2017,White (includes Hispanic),
13,Georgia,13141,Hancock,2014,2018,Asian/Pacific Islander (includes Hispanic),
13,Georgia,13141,Hancock,2014,2018,Black (includes Hispanic),
13,Georgia,13141,Hancock,2014,2018,Hispanic (all races),
13,Georgia,13141,Hancock,2014,2018,American Indian/Alaskan Native (includes Hispanic),
13,Georgia,13141,Hancock,2014,2018,White (includes Hispanic),
13,Georgia,13141,Hancock,2015,2019,Asian/Pacific Islander (includes Hispanic),
13,Georgia,13141,Hancock,2015,2019,Black (includes Hispanic),
13,Georgia,13141,Hancock,2015,2019,Hispanic (all races),
13,Georgia,13141,Hancock,2015,2019,American Indian/Alaskan Native (includes Hispanic),
13,Georgia,13141,Hancock,2015,2019,White (includes Hispanic),
13,Georgia,13141,Hancock,2016,2020,Asian/Pacific Islander (includes Hispanic),
13,Georgia,13141,Hancock,2016,2020,Black (includes Hispanic),
13,Georgia,13141,Hancock,2016,2020,Hispanic (all races),
13,Georgia,13141,Hancock,2016,2020,American Indian/Alaskan Native (includes Hispanic),
13,Georgia,13141,Hancock,2016,2020,White (includes Hispanic),
13,Georgia,13143,Haralson,2011,2015,Asian/Pacific Islander (includes Hispanic),
13,Georgia,13143,Haralson,2011,2015,Black (includes Hispanic),
13,Georgia,13143,Haralson,2011,2015,Hispanic (all races),
13,Georgia,13143,Haralson,2011,2015,American Indian/Alaskan Native (includes Hispanic),
13,Georgia,13143,Haralson,2011,2015,White (includes Hispanic),9.4
13,Georgia,13143,Haralson,2012,2016,Asian/Pacific Islander (includes Hispanic),
13,Georgia,13143,Haralson,2012,2016,Black (includes Hispanic),
13,Georgia,13143,Haralson,2012,2016,Hispanic (all races),
13,Georgia,13143,Haralson,2012,2016,American Indian/Alaskan Native (includes Hispanic),
13,Georgia,13143,Haralson,2012,2016,White (includes Hispanic),9.3
13,Georgia,13143,Haralson,2013,2017,Asian/Pacific Islander (includes Hispanic),
13,Georgia,13143,Haralson,2013,2017,Black (includes Hispanic),
13,Georgia,13143,Haralson,2013,2017,Hispanic (all races),
13,Georgia,13143,Haralson,2013,2017,American Indian/Alaskan Native (includes Hispanic),
13,Georgia,13143,Haralson,2013,2017,White (includes Hispanic),9.3
13,Georgia,13143,Haralson,2014,2018,Asian/Pacific Islander (includes Hispanic),
13,Georgia,13143,Haralson,2014,2018,Black (includes Hispanic),
13,Georgia,13143,Haralson,2014,2018,Hispanic (all races),
13,Georgia,13143,Haralson,2014,2018,American Indian/Alaskan Native (includes Hispanic),
13,Georgia,13143,Haralson,2014,2018,White (includes Hispanic),10.1
13,Georgia,13143,Haralson,2015,2019,Asian/Pacific Islander (includes Hispanic),
13,Georgia,13143,Haralson,2015,2019,Black (includes Hispanic),
13,Georgia,13143,Haralson,2015,2019,Hispanic (all races),
13,Georgia,13143,Haralson,2015,2019,American Indian/Alaskan Native (includes Hispanic),
13,Georgia,13143,Haralson,2015,2019,White (includes Hispanic),11.0
13,Georgia,13143,Haralson,2016,2020,Asian/Pacific Islander (includes Hispanic),
13,Georgia,13143,Haralson,2016,2020,Black (includes Hispanic),
13,Georgia,13143,Haralson,2016,2020,Hispanic (all races),
13,Georgia,13143,Haralson,2016,2020,American Indian/Alaskan Native (includes Hispanic),
13,Georgia,13143,Haralson,2016,2020,White (includes Hispanic),10.2
13,Georgia,13145,Harris,2011,2015,Asian/Pacific Islander (includes Hispanic),
13,Georgia,13145,Harris,2011,2015,Black (includes Hispanic),8.5
13,Georgia,13145,Harris,2011,2015,Hispanic (all races),
13,Georgia,13145,Harris,2011,2015,American Indian/Alaskan Native (includes Hispanic),
13,Georgia,13145,Harris,2011,2015,White (includes Hispanic),10.9
13,Georgia,13145,Harris,2012,2016,Asian/Pacific Islander (includes Hispanic),
13,Georgia,13145,Harris,2012,2016,Black (includes Hispanic),9.6
13,Georgia,13145,Harris,2012,2016,Hispanic (all races),
13,Georgia,13145,Harris,2012,2016,American Indian/Alaskan Native (includes Hispanic),
13,Georgia,13145,Harris,2012,2016,White (includes Hispanic),10.8
13,Georgia,13145,Harris,2013,2017,Asian/Pacific Islander (includes Hispanic),
13,Georgia,13145,Harris,2013,2017,Black (includes Hispanic),10.7
13,Georgia,13145,Harris,2013,2017,Hispanic (all races),
13,Georgia,13145,Harris,2013,2017,American Indian/Alaskan Native (includes Hispanic),
13,Georgia,13145,Harris,2013,2017,White (includes Hispanic),10.3
13,Georgia,13145,Harris,2014,2018,Asian/Pacific Islander (includes Hispanic),
13,Georgia,13145,Harris,2014,2018,Black (includes Hispanic),11.3
13,Georgia,13145,Harris,2014,2018,Hispanic (all races),
13,Georgia,13145,Harris,2014,2018,American Indian/Alaskan Native (includes Hispanic),
13,Georgia,13145,Harris,2014,2018,White (includes Hispanic),9.5
13,Georgia,13145,Harris,2015,2019,Asian/Pacific Islander (includes Hispanic),
13,Georgia,13145,Harris,2015,2019,Black (includes Hispanic),12.6
13,Georgia,13145,Harris,2015,2019,Hispanic (all races),
13,Georgia,13145,Harris,2015,2019,American Indian/Alaskan Native (includes Hispanic),
13,Georgia,13145,Harris,2015,2019,White (includes Hispanic),8.8
13,Georgia,13145,Harris,2016,2020,Asian/Pacific Islander (includes Hispanic),
13,Georgia,13145,Harris,2016,2020,Black (includes Hispanic),12.2
13,Georgia,13145,Harris,2016,2020,Hispanic (all races),
13,Georgia,13145,Harris,2016,2020,American Indian/Alaskan Native (includes Hispanic),
13,Georgia,13145,Harris,2016,2020,White (includes Hispanic),8.0
13,Georgia,13147,Hart,2011,2015,Asian/Pacific Islander (includes Hispanic),
13,Georgia,13147,Hart,2011,2015,Black (includes Hispanic),
13,Georgia,13147,Hart,2011,2015,Hispanic (all races),
13,Georgia,13147,Hart,2011,2015,American Indian/Alaskan Native (includes Hispanic),
13,Georgia,13147,Hart,2011,2015,White (includes Hispanic),5.5
13,Georgia,13147,Hart,2012,2016,Asian/Pacific Islander (includes Hispanic),
13,Georgia,13147,Hart,2012,2016,Black (includes Hispanic),
13,Georgia,13147,Hart,2012,2016,Hispanic (all races),
13,Georgia,13147,Hart,2012,2016,American Indian/Alaskan Native (includes Hispanic),
13,Georgia,13147,Hart,2012,2016,White (includes Hispanic),6.6
13,Georgia,13147,Hart,2013,2017,Asian/Pacific Islander (includes Hispanic),
13,Georgia,13147,Hart,2013,2017,Black (includes Hispanic),
13,Georgia,13147,Hart,2013,2017,Hispanic (all races),
13,Georgia,13147,Hart,2013,2017,American Indian/Alaskan Native (includes Hispanic),
13,Georgia,13147,Hart,2013,2017,White (includes Hispanic),8.2
13,Georgia,13147,Hart,2014,2018,Asian/Pacific Islander (includes Hispanic),
13,Georgia,13147,Hart,2014,2018,Black (includes Hispanic),
13,Georgia,13147,Hart,2014,2018,Hispanic (all races),
13,Georgia,13147,Hart,2014,2018,American Indian/Alaskan Native (includes Hispanic),
13,Georgia,13147,Hart,2014,2018,White (includes Hispanic),8.5
13,Georgia,13147,Hart,2015,2019,Asian/Pacific Islander (includes Hispanic),
13,Georgia,13147,Hart,2015,2019,Black (includes Hispanic),
13,Georgia,13147,Hart,2015,2019,Hispanic (all races),
13,Georgia,13147,Hart,2015,2019,American Indian/Alaskan Native (includes Hispanic),
13,Georgia,13147,Hart,2015,2019,White (includes Hispanic),9.8
13,Georgia,13147,Hart,2016,2020,Asian/Pacific Islander (includes Hispanic),
13,Georgia,13147,Hart,2016,2020,Black (includes Hispanic),
13,Georgia,13147,Hart,2016,2020,Hispanic (all races),
13,Georgia,13147,Hart,2016,2020,American Indian/Alaskan Native (includes Hispanic),
13,Georgia,13147,Hart,2016,2020,White (includes Hispanic),10.1
13,Georgia,13149,Heard,2011,2015,Asian/Pacific Islander (includes Hispanic),
13,Georgia,13149,Heard,2011,2015,Black (includes Hispanic),9.8
13,Georgia,13149,Heard,2011,2015,Hispanic (all races),
13,Georgia,13149,Heard,2011,2015,American Indian/Alaskan Native (includes Hispanic),
13,Georgia,13149,Heard,2011,2015,White (includes Hispanic),7.9
13,Georgia,13149,Heard,2012,2016,Asian/Pacific Islander (includes Hispanic),
13,Georgia,13149,Heard,2012,2016,Black (includes Hispanic),11.1
13,Georgia,13149,Heard,2012,2016,Hispanic (all races),
13,Georgia,13149,Heard,2012,2016,American Indian/Alaskan Native (includes Hispanic),
13,Georgia,13149,Heard,2012,2016,White (includes Hispanic),8.3
13,Georgia,13149,Heard,2013,2017,Asian/Pacific Islander (includes Hispanic),
13,Georgia,13149,Heard,2013,2017,Black (includes Hispanic),9.9
13,Georgia,13149,Heard,2013,2017,Hispanic (all races),
13,Georgia,13149,Heard,2013,2017,American Indian/Alaskan Native (includes Hispanic),
13,Georgia,13149,Heard,2013,2017,White (includes Hispanic),9.7
13,Georgia,13149,Heard,2014,2018,Asian/Pacific Islander (includes Hispanic),
13,Georgia,13149,Heard,2014,2018,Black (includes Hispanic),10.0
13,Georgia,13149,Heard,2014,2018,Hispanic (all races),
13,Georgia,13149,Heard,2014,2018,American Indian/Alaskan Native (includes Hispanic),
13,Georgia,13149,Heard,2014,2018,White (includes Hispanic),9.5
13,Georgia,13149,Heard,2015,2019,Asian/Pacific Islander (includes Hispanic),
13,Georgia,13149,Heard,2015,2019,Black (includes Hispanic),9.6
13,Georgia,13149,Heard,2015,2019,Hispanic (all races),
13,Georgia,13149,Heard,2015,2019,American Indian/Alaskan Native (includes Hispanic),
13,Georgia,13149,Heard,2015,2019,White (includes Hispanic),8.7
13,Georgia,13149,Heard,2016,2020,Asian/Pacific Islander (includes Hispanic),
13,Georgia,13149,Heard,2016,2020,Black (includes Hispanic),10.3
13,Georgia,13149,Heard,2016,2020,Hispanic (all races),
13,Georgia,13149,Heard,2016,2020,American Indian/Alaskan Native (includes Hispanic),
13,Georgia,13149,Heard,2016,2020,White (includes Hispanic),8.8
13,Georgia,13151,Henry,2011,2015,Asian/Pacific Islander (includes Hispanic),
13,Georgia,13151,Henry,2011,2015,Black (includes Hispanic),7.4
13,Georgia,13151,Henry,2011,2015,Hispanic (all races),12.7
13,Georgia,13151,Henry,2011,2015,American Indian/Alaskan Native (includes Hispanic),
13,Georgia,13151,Henry,2011,2015,White (includes Hispanic),9.2
13,Georgia,13151,Henry,2012,2016,Asian/Pacific Islander (includes Hispanic),
13,Georgia,13151,Henry,2012,2016,Black (includes Hispanic),7.2
13,Georgia,13151,Henry,2012,2016,Hispanic (all races),13.2
13,Georgia,13151,Henry,2012,2016,American Indian/Alaskan Native (includes Hispanic),
13,Georgia,13151,Henry,2012,2016,White (includes Hispanic),9.0
13,Georgia,13151,Henry,2013,2017,Asian/Pacific Islander (includes Hispanic),10.5
13,Georgia,13151,Henry,2013,2017,Black (includes Hispanic),7.2
13,Georgia,13151,Henry,2013,2017,Hispanic (all races),13.2
13,Georgia,13151,Henry,2013,2017,American Indian/Alaskan Native (includes Hispanic),
13,Georgia,13151,Henry,2013,2017,White (includes Hispanic),8.8
13,Georgia,13151,Henry,2014,2018,Asian/Pacific Islander (includes Hispanic),
13,Georgia,13151,Henry,2014,2018,Black (includes Hispanic),7.7
13,Georgia,13151,Henry,2014,2018,Hispanic (all races),13.0
13,Georgia,13151,Henry,2014,2018,American Indian/Alaskan Native (includes Hispanic),
13,Georgia,13151,Henry,2014,2018,White (includes Hispanic),9.1
13,Georgia,13151,Henry,2015,2019,Asian/Pacific Islander (includes Hispanic),
13,Georgia,13151,Henry,2015,2019,Black (includes Hispanic),8.2
13,Georgia,13151,Henry,2015,2019,Hispanic (all races),15.8
13,Georgia,13151,Henry,2015,2019,American Indian/Alaskan Native (includes Hispanic),
13,Georgia,13151,Henry,2015,2019,White (includes Hispanic),9.3
13,Georgia,13151,Henry,2016,2020,Asian/Pacific Islander (includes Hispanic),
13,Georgia,13151,Henry,2016,2020,Black (includes Hispanic),8.4
13,Georgia,13151,Henry,2016,2020,Hispanic (all races),15.9
13,Georgia,13151,Henry,2016,2020,American Indian/Alaskan Native (includes Hispanic),
13,Georgia,13151,Henry,2016,2020,White (includes Hispanic),8.3
13,Georgia,13153,Houston,2011,2015,Asian/Pacific Islander (includes Hispanic),
13,Georgia,13153,Houston,2011,2015,Black (includes Hispanic),10.1
13,Georgia,13153,Houston,2011,2015,Hispanic (all races),
13,Georgia,13153,Houston,2011,2015,American Indian/Alaskan Native (includes Hispanic),
13,Georgia,13153,Houston,2011,2015,White (includes Hispanic),6.1
13,Georgia,13153,Houston,2012,2016,Asian/Pacific Islander (includes Hispanic),
13,Georgia,13153,Houston,2012,2016,Black (includes Hispanic),10.9
13,Georgia,13153,Houston,2012,2016,Hispanic (all races),
13,Georgia,13153,Houston,2012,2016,American Indian/Alaskan Native (includes Hispanic),
13,Georgia,13153,Houston,2012,2016,White (includes Hispanic),6.6
13,Georgia,13153,Houston,2013,2017,Asian/Pacific Islander (includes Hispanic),
13,Georgia,13153,Houston,2013,2017,Black (includes Hispanic),9.3
13,Georgia,13153,Houston,2013,2017,Hispanic (all races),
13,Georgia,13153,Houston,2013,2017,American Indian/Alaskan Native (includes Hispanic),
13,Georgia,13153,Houston,2013,2017,White (includes Hispanic),7.5
13,Georgia,13153,Houston,2014,2018,Asian/Pacific Islander (includes Hispanic),
13,Georgia,13153,Houston,2014,2018,Black (includes Hispanic),9.3
13,Georgia,13153,Houston,2014,2018,Hispanic (all races),
13,Georgia,13153,Houston,2014,2018,American Indian/Alaskan Native (includes Hispanic),
13,Georgia,13153,Houston,2014,2018,White (includes Hispanic),8.0
13,Georgia,13153,Houston,2015,2019,Asian/Pacific Islander (includes Hispanic),
13,Georgia,13153,Houston,2015,2019,Black (includes Hispanic),9.6
13,Georgia,13153,Houston,2015,2019,Hispanic (all races),
13,Georgia,13153,Houston,2015,2019,American Indian/Alaskan Native (includes Hispanic),
13,Georgia,13153,Houston,2015,2019,White (includes Hispanic),9.7
13,Georgia,13153,Houston,2016,2020,Asian/Pacific Islander (includes Hispanic),
13,Georgia,13153,Houston,2016,2020,Black (includes Hispanic),9.7
13,Georgia,13153,Houston,2016,2020,Hispanic (all races),
13,Georgia,13153,Houston,2016,2020,American Indian/Alaskan Native (includes Hispanic),
13,Georgia,13153,Houston,2016,2020,White (includes Hispanic),9.9
13,Georgia,13155,Irwin,2011,2015,Asian/Pacific Islander (includes Hispanic),
13,Georgia,13155,Irwin,2011,2015,Black (includes Hispanic),
13,Georgia,13155,Irwin,2011,2015,Hispanic (all races),
13,Georgia,13155,Irwin,2011,2015,American Indian/Alaskan Native (includes Hispanic),
13,Georgia,13155,Irwin,2011,2015,White (includes Hispanic),10.5
13,Georgia,13155,Irwin,2012,2016,Asian/Pacific Islander (includes Hispanic),
13,Georgia,13155,Irwin,2012,2016,Black (includes Hispanic),
13,Georgia,13155,Irwin,2012,2016,Hispanic (all races),
13,Georgia,13155,Irwin,2012,2016,American Indian/Alaskan Native (includes Hispanic),
13,Georgia,13155,Irwin,2012,2016,White (includes Hispanic),11.8
13,Georgia,13155,Irwin,2013,2017,Asian/Pacific Islander (includes Hispanic),
13,Georgia,13155,Irwin,2013,2017,Black (includes Hispanic),
13,Georgia,13155,Irwin,2013,2017,Hispanic (all races),
13,Georgia,13155,Irwin,2013,2017,American Indian/Alaskan Native (includes Hispanic),
13,Georgia,13155,Irwin,2013,2017,White (includes Hispanic),12.1
13,Georgia,13155,Irwin,2014,2018,Asian/Pacific Islander (includes Hispanic),
13,Georgia,13155,Irwin,2014,2018,Black (includes Hispanic),
13,Georgia,13155,Irwin,2014,2018,Hispanic (all races),
13,Georgia,13155,Irwin,2014,2018,American Indian/Alaskan Native (includes Hispanic),
13,Georgia,13155,Irwin,2014,2018,White (includes Hispanic),13.4
13,Georgia,13155,Irwin,2015,2019,Asian/Pacific Islander (includes Hispanic),
13,Georgia,13155,Irwin,2015,2019,Black (includes Hispanic),23.5
13,Georgia,13155,Irwin,2015,2019,Hispanic (all races),
13,Georgia,13155,Irwin,2015,2019,American Indian/Alaskan Native (includes Hispanic),
13,Georgia,13155,Irwin,2015,2019,White (includes Hispanic),11.9
13,Georgia,13155,Irwin,2016,2020,Asian/Pacific Islander (includes Hispanic),
13,Georgia,13155,Irwin,2016,2020,Black (includes Hispanic),23.0
13,Georgia,13155,Irwin,2016,2020,Hispanic (all races),
13,Georgia,13155,Irwin,2016,2020,American Indian/Alaskan Native (includes Hispanic),
13,Georgia,13155,Irwin,2016,2020,White (includes Hispanic),10.2
13,Georgia,13157,Jackson,2011,2015,Asian/Pacific Islander (includes Hispanic),
13,Georgia,13157,Jackson,2011,2015,Black (includes Hispanic),7.6
13,Georgia,13157,Jackson,2011,2015,Hispanic (all races),9.1
13,Georgia,13157,Jackson,2011,2015,American Indian/Alaskan Native (includes Hispanic),
13,Georgia,13157,Jackson,2011,2015,White (includes Hispanic),7.9
13,Georgia,13157,Jackson,2012,2016,Asian/Pacific Islander (includes Hispanic),7.0
13,Georgia,13157,Jackson,2012,2016,Black (includes Hispanic),7.2
13,Georgia,13157,Jackson,2012,2016,Hispanic (all races),10.5
13,Georgia,13157,Jackson,2012,2016,American Indian/Alaskan Native (includes Hispanic),
13,Georgia,13157,Jackson,2012,2016,White (includes Hispanic),7.7
13,Georgia,13157,Jackson,2013,2017,Asian/Pacific Islander (includes Hispanic),6.7
13,Georgia,13157,Jackson,2013,2017,Black (includes Hispanic),6.9
13,Georgia,13157,Jackson,2013,2017,Hispanic (all races),10.7
13,Georgia,13157,Jackson,2013,2017,American Indian/Alaskan Native (includes Hispanic),
13,Georgia,13157,Jackson,2013,2017,White (includes Hispanic),7.7
13,Georgia,13157,Jackson,2014,2018,Asian/Pacific Islander (includes Hispanic),6.9
13,Georgia,13157,Jackson,2014,2018,Black (includes Hispanic),7.0
13,Georgia,13157,Jackson,2014,2018,Hispanic (all races),9.4
13,Georgia,13157,Jackson,2014,2018,American Indian/Alaskan Native (includes Hispanic),
13,Georgia,13157,Jackson,2014,2018,White (includes Hispanic),8.2
13,Georgia,13157,Jackson,2015,2019,Asian/Pacific Islander (includes Hispanic),6.1
13,Georgia,13157,Jackson,2015,2019,Black (includes Hispanic),7.4
13,Georgia,13157,Jackson,2015,2019,Hispanic (all races),9.6
13,Georgia,13157,Jackson,2015,2019,American Indian/Alaskan Native (includes Hispanic),
13,Georgia,13157,Jackson,2015,2019,White (includes Hispanic),8.8
13,Georgia,13157,Jackson,2016,2020,Asian/Pacific Islander (includes Hispanic),7.9
13,Georgia,13157,Jackson,2016,2020,Black (includes Hispanic),7.5
13,Georgia,13157,Jackson,2016,2020,Hispanic (all races),9.2
13,Georgia,13157,Jackson,2016,2020,American Indian/Alaskan Native (includes Hispanic),
13,Georgia,13157,Jackson,2016,2020,White (includes Hispanic),7.6
13,Georgia,13159,Jasper,2011,2015,Asian/Pacific Islander (includes Hispanic),
13,Georgia,13159,Jasper,2011,2015,Black (includes Hispanic),10.4
13,Georgia,13159,Jasper,2011,2015,Hispanic (all races),
13,Georgia,13159,Jasper,2011,2015,American Indian/Alaskan Native (includes Hispanic),
13,Georgia,13159,Jasper,2011,2015,White (includes Hispanic),7.1
13,Georgia,13159,Jasper,2012,2016,Asian/Pacific Islander (includes Hispanic),
13,Georgia,13159,Jasper,2012,2016,Black (includes Hispanic),9.5
13,Georgia,13159,Jasper,2012,2016,Hispanic (all races),
13,Georgia,13159,Jasper,2012,2016,American Indian/Alaskan Native (includes Hispanic),
13,Georgia,13159,Jasper,2012,2016,White (includes Hispanic),7.6
13,Georgia,13159,Jasper,2013,2017,Asian/Pacific Islander (includes Hispanic),
13,Georgia,13159,Jasper,2013,2017,Black (includes Hispanic),8.2
13,Georgia,13159,Jasper,2013,2017,Hispanic (all races),
13,Georgia,13159,Jasper,2013,2017,American Indian/Alaskan Native (includes Hispanic),
13,Georgia,13159,Jasper,2013,2017,White (includes Hispanic),7.1
13,Georgia,13159,Jasper,2014,2018,Asian/Pacific Islander (includes Hispanic),
13,Georgia,13159,Jasper,2014,2018,Black (includes Hispanic),9.8
13,Georgia,13159,Jasper,2014,2018,Hispanic (all races),
13,Georgia,13159,Jasper,2014,2018,American Indian/Alaskan Native (includes Hispanic),
13,Georgia,13159,Jasper,2014,2018,White (includes Hispanic),7.3
13,Georgia,13159,Jasper,2015,2019,Asian/Pacific Islander (includes Hispanic),
13,Georgia,13159,Jasper,2015,2019,Black (includes Hispanic),
13,Georgia,13159,Jasper,2015,2019,Hispanic (all races),
13,Georgia,13159,Jasper,2015,2019,American Indian/Alaskan Native (includes Hispanic),
13,Georgia,13159,Jasper,2015,2019,White (includes Hispanic),6.7
13,Georgia,13159,Jasper,2016,2020,Asian/Pacific Islander (includes Hispanic),
13,Georgia,13159,Jasper,2016,2020,Black (includes Hispanic),
13,Georgia,13159,Jasper,2016,2020,Hispanic (all races),
13,Georgia,13159,Jasper,2016,2020,American Indian/Alaskan Native (includes Hispanic),
13,Georgia,13159,Jasper,2016,2020,White (includes Hispanic),7.3
13,Georgia,13161,Jeff Davis,2011,2015,Asian/Pacific Islander (includes Hispanic),
13,Georgia,13161,Jeff Davis,2011,2015,Black (includes Hispanic),
13,Georgia,13161,Jeff Davis,2011,2015,Hispanic (all races),
13,Georgia,13161,Jeff Davis,2011,2015,American Indian/Alaskan Native (includes Hispanic),
13,Georgia,13161,Jeff Davis,2011,2015,White (includes Hispanic),9.2
13,Georgia,13161,Jeff Davis,2012,2016,Asian/Pacific Islander (includes Hispanic),
13,Georgia,13161,Jeff Davis,2012,2016,Black (includes Hispanic),
13,Georgia,13161,Jeff Davis,2012,2016,Hispanic (all races),
13,Georgia,13161,Jeff Davis,2012,2016,American Indian/Alaskan Native (includes Hispanic),
13,Georgia,13161,Jeff Davis,2012,2016,White (includes Hispanic),8.7
13,Georgia,13161,Jeff Davis,2013,2017,Asian/Pacific Islander (includes Hispanic),
13,Georgia,13161,Jeff Davis,2013,2017,Black (includes Hispanic),
13,Georgia,13161,Jeff Davis,2013,2017,Hispanic (all races),
13,Georgia,13161,Jeff Davis,2013,2017,American Indian/Alaskan Native (includes Hispanic),
13,Georgia,13161,Jeff Davis,2013,2017,White (includes Hispanic),11.6
13,Georgia,13161,Jeff Davis,2014,2018,Asian/Pacific Islander (includes Hispanic),
13,Georgia,13161,Jeff Davis,2014,2018,Black (includes Hispanic),
13,Georgia,13161,Jeff Davis,2014,2018,Hispanic (all races),
13,Georgia,13161,Jeff Davis,2014,2018,American Indian/Alaskan Native (includes Hispanic),
13,Georgia,13161,Jeff Davis,2014,2018,White (includes Hispanic),11.0
13,Georgia,13161,Jeff Davis,2015,2019,Asian/Pacific Islander (includes Hispanic),
13,Georgia,13161,Jeff Davis,2015,2019,Black (includes Hispanic),
13,Georgia,13161,Jeff Davis,2015,2019,Hispanic (all races),
13,Georgia,13161,Jeff Davis,2015,2019,American Indian/Alaskan Native (includes Hispanic),
13,Georgia,13161,Jeff Davis,2015,2019,White (includes Hispanic),9.6
13,Georgia,13161,Jeff Davis,2016,2020,Asian/Pacific Islander (includes Hispanic),
13,Georgia,13161,Jeff Davis,2016,2020,Black (includes Hispanic),
13,Georgia,13161,Jeff Davis,2016,2020,Hispanic (all races),
13,Georgia,13161,Jeff Davis,2016,2020,American Indian/Alaskan Native (includes Hispanic),
13,Georgia,13161,Jeff Davis,2016,2020,White (includes Hispanic),10.5
13,Georgia,13163,Jefferson,2011,2015,Asian/Pacific Islander (includes Hispanic),
13,Georgia,13163,Jefferson,2011,2015,Black (includes Hispanic),8.9
13,Georgia,13163,Jefferson,2011,2015,Hispanic (all races),
13,Georgia,13163,Jefferson,2011,2015,American Indian/Alaskan Native (includes Hispanic),
13,Georgia,13163,Jefferson,2011,2015,White (includes Hispanic),10.9
13,Georgia,13163,Jefferson,2012,2016,Asian/Pacific Islander (includes Hispanic),
13,Georgia,13163,Jefferson,2012,2016,Black (includes Hispanic),9.4
13,Georgia,13163,Jefferson,2012,2016,Hispanic (all races),
13,Georgia,13163,Jefferson,2012,2016,American Indian/Alaskan Native (includes Hispanic),
13,Georgia,13163,Jefferson,2012,2016,White (includes Hispanic),11.3
13,Georgia,13163,Jefferson,2013,2017,Asian/Pacific Islander (includes Hispanic),
13,Georgia,13163,Jefferson,2013,2017,Black (includes Hispanic),8.2
13,Georgia,13163,Jefferson,2013,2017,Hispanic (all races),
13,Georgia,13163,Jefferson,2013,2017,American Indian/Alaskan Native (includes Hispanic),
13,Georgia,13163,Jefferson,2013,2017,White (includes Hispanic),11.2
13,Georgia,13163,Jefferson,2014,2018,Asian/Pacific Islander (includes Hispanic),
13,Georgia,13163,Jefferson,2014,2018,Black (includes Hispanic),8.2
13,Georgia,13163,Jefferson,2014,2018,Hispanic (all races),
13,Georgia,13163,Jefferson,2014,2018,American Indian/Alaskan Native (includes Hispanic),
13,Georgia,13163,Jefferson,2014,2018,White (includes Hispanic),12.6
13,Georgia,13163,Jefferson,2015,2019,Asian/Pacific Islander (includes Hispanic),
13,Georgia,13163,Jefferson,2015,2019,Black (includes Hispanic),9.0
13,Georgia,13163,Jefferson,2015,2019,Hispanic (all races),
13,Georgia,13163,Jefferson,2015,2019,American Indian/Alaskan Native (includes Hispanic),
13,Georgia,13163,Jefferson,2015,2019,White (includes Hispanic),14.5
13,Georgia,13163,Jefferson,2016,2020,Asian/Pacific Islander (includes Hispanic),
13,Georgia,13163,Jefferson,2016,2020,Black (includes Hispanic),9.1
13,Georgia,13163,Jefferson,2016,2020,Hispanic (all races),
13,Georgia,13163,Jefferson,2016,2020,American Indian/Alaskan Native (includes Hispanic),
13,Georgia,13163,Jefferson,2016,2020,White (includes Hispanic),15.7
13,Georgia,13165,Jenkins,2011,2015,Asian/Pacific Islander (includes Hispanic),
13,Georgia,13165,Jenkins,2011,2015,Black (includes Hispanic),14.5
13,Georgia,13165,Jenkins,2011,2015,Hispanic (all races),
13,Georgia,13165,Jenkins,2011,2015,American Indian/Alaskan Native (includes Hispanic),
13,Georgia,13165,Jenkins,2011,2015,White (includes Hispanic),10.7
13,Georgia,13165,Jenkins,2012,2016,Asian/Pacific Islander (includes Hispanic),
13,Georgia,13165,Jenkins,2012,2016,Black (includes Hispanic),
13,Georgia,13165,Jenkins,2012,2016,Hispanic (all races),
13,Georgia,13165,Jenkins,2012,2016,American Indian/Alaskan Native (includes Hispanic),
13,Georgia,13165,Jenkins,2012,2016,White (includes Hispanic),
13,Georgia,13165,Jenkins,2013,2017,Asian/Pacific Islander (includes Hispanic),
13,Georgia,13165,Jenkins,2013,2017,Black (includes Hispanic),
13,Georgia,13165,Jenkins,2013,2017,Hispanic (all races),
13,Georgia,13165,Jenkins,2013,2017,American Indian/Alaskan Native (includes Hispanic),
13,Georgia,13165,Jenkins,2013,2017,White (includes Hispanic),9.5
13,Georgia,13165,Jenkins,2014,2018,Asian/Pacific Islander (includes Hispanic),
13,Georgia,13165,Jenkins,2014,2018,Black (includes Hispanic),
13,Georgia,13165,Jenkins,2014,2018,Hispanic (all races),
13,Georgia,13165,Jenkins,2014,2018,American Indian/Alaskan Native (includes Hispanic),
13,Georgia,13165,Jenkins,2014,2018,White (includes Hispanic),10.0
13,Georgia,13165,Jenkins,2015,2019,Asian/Pacific Islander (includes Hispanic),
13,Georgia,13165,Jenkins,2015,2019,Black (includes Hispanic),
13,Georgia,13165,Jenkins,2015,2019,Hispanic (all races),
13,Georgia,13165,Jenkins,2015,2019,American Indian/Alaskan Native (includes Hispanic),
13,Georgia,13165,Jenkins,2015,2019,White (includes Hispanic),8.9
13,Georgia,13165,Jenkins,2016,2020,Asian/Pacific Islander (includes Hispanic),
13,Georgia,13165,Jenkins,2016,2020,Black (includes Hispanic),
13,Georgia,13165,Jenkins,2016,2020,Hispanic (all races),
13,Georgia,13165,Jenkins,2016,2020,American Indian/Alaskan Native (includes Hispanic),
13,Georgia,13165,Jenkins,2016,2020,White (includes Hispanic),10.3
13,Georgia,13167,Johnson,2011,2015,Asian/Pacific Islander (includes Hispanic),
13,Georgia,13167,Johnson,2011,2015,Black (includes Hispanic),15.2
13,Georgia,13167,Johnson,2011,2015,Hispanic (all races),
13,Georgia,13167,Johnson,2011,2015,American Indian/Alaskan Native (includes Hispanic),
13,Georgia,13167,Johnson,2011,2015,White (includes Hispanic),12.8
13,Georgia,13167,Johnson,2012,2016,Asian/Pacific Islander (includes Hispanic),
13,Georgia,13167,Johnson,2012,2016,Black (includes Hispanic),13.2
13,Georgia,13167,Johnson,2012,2016,Hispanic (all races),
13,Georgia,13167,Johnson,2012,2016,American Indian/Alaskan Native (includes Hispanic),
13,Georgia,13167,Johnson,2012,2016,White (includes Hispanic),12.4
13,Georgia,13167,Johnson,2013,2017,Asian/Pacific Islander (includes Hispanic),
13,Georgia,13167,Johnson,2013,2017,Black (includes Hispanic),
13,Georgia,13167,Johnson,2013,2017,Hispanic (all races),
13,Georgia,13167,Johnson,2013,2017,American Indian/Alaskan Native (includes Hispanic),
13,Georgia,13167,Johnson,2013,2017,White (includes Hispanic),13.9
13,Georgia,13167,Johnson,2014,2018,Asian/Pacific Islander (includes Hispanic),
13,Georgia,13167,Johnson,2014,2018,Black (includes Hispanic),12.2
13,Georgia,13167,Johnson,2014,2018,Hispanic (all races),
13,Georgia,13167,Johnson,2014,2018,American Indian/Alaskan Native (includes Hispanic),
13,Georgia,13167,Johnson,2014,2018,White (includes Hispanic),14.7
13,Georgia,13167,Johnson,2015,2019,Asian/Pacific Islander (includes Hispanic),
13,Georgia,13167,Johnson,2015,2019,Black (includes Hispanic),
13,Georgia,13167,Johnson,2015,2019,Hispanic (all races),
13,Georgia,13167,Johnson,2015,2019,American Indian/Alaskan Native (includes Hispanic),
13,Georgia,13167,Johnson,2015,2019,White (includes Hispanic),15.1
13,Georgia,13167,Johnson,2016,2020,Asian/Pacific Islander (includes Hispanic),
13,Georgia,13167,Johnson,2016,2020,Black (includes Hispanic),
13,Georgia,13167,Johnson,2016,2020,Hispanic (all races),
13,Georgia,13167,Johnson,2016,2020,American Indian/Alaskan Native (includes Hispanic),
13,Georgia,13167,Johnson,2016,2020,White (includes Hispanic),15.4
13,Georgia,13169,Jones,2011,2015,Asian/Pacific Islander (includes Hispanic),
13,Georgia,13169,Jones,2011,2015,Black (includes Hispanic),10.6
13,Georgia,13169,Jones,2011,2015,Hispanic (all races),
13,Georgia,13169,Jones,2011,2015,American Indian/Alaskan Native (includes Hispanic),
13,Georgia,13169,Jones,2011,2015,White (includes Hispanic),5.7
13,Georgia,13169,Jones,2012,2016,Asian/Pacific Islander (includes Hispanic),
13,Georgia,13169,Jones,2012,2016,Black (includes Hispanic),11.3
13,Georgia,13169,Jones,2012,2016,Hispanic (all races),
13,Georgia,13169,Jones,2012,2016,American Indian/Alaskan Native (includes Hispanic),
13,Georgia,13169,Jones,2012,2016,White (includes Hispanic),5.0
13,Georgia,13169,Jones,2013,2017,Asian/Pacific Islander (includes Hispanic),
13,Georgia,13169,Jones,2013,2017,Black (includes Hispanic),10.0
13,Georgia,13169,Jones,2013,2017,Hispanic (all races),
13,Georgia,13169,Jones,2013,2017,American Indian/Alaskan Native (includes Hispanic),
13,Georgia,13169,Jones,2013,2017,White (includes Hispanic),4.7
13,Georgia,13169,Jones,2014,2018,Asian/Pacific Islander (includes Hispanic),
13,Georgia,13169,Jones,2014,2018,Black (includes Hispanic),9.4
13,Georgia,13169,Jones,2014,2018,Hispanic (all races),
13,Georgia,13169,Jones,2014,2018,American Indian/Alaskan Native (includes Hispanic),
13,Georgia,13169,Jones,2014,2018,White (includes Hispanic),5.9
13,Georgia,13169,Jones,2015,2019,Asian/Pacific Islander (includes Hispanic),
13,Georgia,13169,Jones,2015,2019,Black (includes Hispanic),8.8
13,Georgia,13169,Jones,2015,2019,Hispanic (all races),
13,Georgia,13169,Jones,2015,2019,American Indian/Alaskan Native (includes Hispanic),
13,Georgia,13169,Jones,2015,2019,White (includes Hispanic),6.9
13,Georgia,13169,Jones,2016,2020,Asian/Pacific Islander (includes Hispanic),
13,Georgia,13169,Jones,2016,2020,Black (includes Hispanic),8.2
13,Georgia,13169,Jones,2016,2020,Hispanic (all races),
13,Georgia,13169,Jones,2016,2020,American Indian/Alaskan Native (includes Hispanic),
13,Georgia,13169,Jones,2016,2020,White (includes Hispanic),8.1
13,Georgia,13171,Lamar,2011,2015,Asian/Pacific Islander (includes Hispanic),
13,Georgia,13171,Lamar,2011,2015,Black (includes Hispanic),
13,Georgia,13171,Lamar,2011,2015,Hispanic (all races),
13,Georgia,13171,Lamar,2011,2015,American Indian/Alaskan Native (includes Hispanic),
13,Georgia,13171,Lamar,2011,2015,White (includes Hispanic),8.8
13,Georgia,13171,Lamar,2012,2016,Asian/Pacific Islander (includes Hispanic),
13,Georgia,13171,Lamar,2012,2016,Black (includes Hispanic),
13,Georgia,13171,Lamar,2012,2016,Hispanic (all races),
13,Georgia,13171,Lamar,2012,2016,American Indian/Alaskan Native (includes Hispanic),
13,Georgia,13171,Lamar,2012,2016,White (includes Hispanic),8.1
13,Georgia,13171,Lamar,2013,2017,Asian/Pacific Islander (includes Hispanic),
13,Georgia,13171,Lamar,2013,2017,Black (includes Hispanic),
13,Georgia,13171,Lamar,2013,2017,Hispanic (all races),
13,Georgia,13171,Lamar,2013,2017,American Indian/Alaskan Native (includes Hispanic),
13,Georgia,13171,Lamar,2013,2017,White (includes Hispanic),8.2
13,Georgia,13171,Lamar,2014,2018,Asian/Pacific Islander (includes Hispanic),
13,Georgia,13171,Lamar,2014,2018,Black (includes Hispanic),
13,Georgia,13171,Lamar,2014,2018,Hispanic (all races),
13,Georgia,13171,Lamar,2014,2018,American Indian/Alaskan Native (includes Hispanic),
13,Georgia,13171,Lamar,2014,2018,White (includes Hispanic),9.9
13,Georgia,13171,Lamar,2015,2019,Asian/Pacific Islander (includes Hispanic),
13,Georgia,13171,Lamar,2015,2019,Black (includes Hispanic),
13,Georgia,13171,Lamar,2015,2019,Hispanic (all races),
13,Georgia,13171,Lamar,2015,2019,American Indian/Alaskan Native (includes Hispanic),
13,Georgia,13171,Lamar,2015,2019,White (includes Hispanic),10.1
13,Georgia,13171,Lamar,2016,2020,Asian/Pacific Islander (includes Hispanic),
13,Georgia,13171,Lamar,2016,2020,Black (includes Hispanic),
13,Georgia,13171,Lamar,2016,2020,Hispanic (all races),
13,Georgia,13171,Lamar,2016,2020,American Indian/Alaskan Native (includes Hispanic),
13,Georgia,13171,Lamar,2016,2020,White (includes Hispanic),10.7
13,Georgia,13173,Lanier,2011,2015,Asian/Pacific Islander (includes Hispanic),
13,Georgia,13173,Lanier,2011,2015,Black (includes Hispanic),
13,Georgia,13173,Lanier,2011,2015,Hispanic (all races),
13,Georgia,13173,Lanier,2011,2015,American Indian/Alaskan Native (includes Hispanic),
13,Georgia,13173,Lanier,2011,2015,White (includes Hispanic),9.3
13,Georgia,13173,Lanier,2012,2016,Asian/Pacific Islander (includes Hispanic),
13,Georgia,13173,Lanier,2012,2016,Black (includes Hispanic),
13,Georgia,13173,Lanier,2012,2016,Hispanic (all races),
13,Georgia,13173,Lanier,2012,2016,American Indian/Alaskan Native (includes Hispanic),
13,Georgia,13173,Lanier,2012,2016,White (includes Hispanic),9.2
13,Georgia,13173,Lanier,2013,2017,Asian/Pacific Islander (includes Hispanic),
13,Georgia,13173,Lanier,2013,2017,Black (includes Hispanic),
13,Georgia,13173,Lanier,2013,2017,Hispanic (all races),
13,Georgia,13173,Lanier,2013,2017,American Indian/Alaskan Native (includes Hispanic),
13,Georgia,13173,Lanier,2013,2017,White (includes Hispanic),9.1
13,Georgia,13173,Lanier,2014,2018,Asian/Pacific Islander (includes Hispanic),
13,Georgia,13173,Lanier,2014,2018,Black (includes Hispanic),
13,Georgia,13173,Lanier,2014,2018,Hispanic (all races),
13,Georgia,13173,Lanier,2014,2018,American Indian/Alaskan Native (includes Hispanic),
13,Georgia,13173,Lanier,2014,2018,White (includes Hispanic),9.1
13,Georgia,13173,Lanier,2015,2019,Asian/Pacific Islander (includes Hispanic),
13,Georgia,13173,Lanier,2015,2019,Black (includes Hispanic),
13,Georgia,13173,Lanier,2015,2019,Hispanic (all races),
13,Georgia,13173,Lanier,2015,2019,American Indian/Alaskan Native (includes Hispanic),
13,Georgia,13173,Lanier,2015,2019,White (includes Hispanic),7.9
13,Georgia,13173,Lanier,2016,2020,Asian/Pacific Islander (includes Hispanic),
13,Georgia,13173,Lanier,2016,2020,Black (includes Hispanic),
13,Georgia,13173,Lanier,2016,2020,Hispanic (all races),
13,Georgia,13173,Lanier,2016,2020,American Indian/Alaskan Native (includes Hispanic),
13,Georgia,13173,Lanier,2016,2020,White (includes Hispanic),7.9
13,Georgia,13175,Laurens,2011,2015,Asian/Pacific Islander (includes Hispanic),
13,Georgia,13175,Laurens,2011,2015,Black (includes Hispanic),16.1
13,Georgia,13175,Laurens,2011,2015,Hispanic (all races),
13,Georgia,13175,Laurens,2011,2015,American Indian/Alaskan Native (includes Hispanic),
13,Georgia,13175,Laurens,2011,2015,White (includes Hispanic),10.6
13,Georgia,13175,Laurens,2012,2016,Asian/Pacific Islander (includes Hispanic),
13,Georgia,13175,Laurens,2012,2016,Black (includes Hispanic),14.8
13,Georgia,13175,Laurens,2012,2016,Hispanic (all races),
13,Georgia,13175,Laurens,2012,2016,American Indian/Alaskan Native (includes Hispanic),
13,Georgia,13175,Laurens,2012,2016,White (includes Hispanic),10.2
13,Georgia,13175,Laurens,2013,2017,Asian/Pacific Islander (includes Hispanic),
13,Georgia,13175,Laurens,2013,2017,Black (includes Hispanic),
13,Georgia,13175,Laurens,2013,2017,Hispanic (all races),
13,Georgia,13175,Laurens,2013,2017,American Indian/Alaskan Native (includes Hispanic),
13,Georgia,13175,Laurens,2013,2017,White (includes Hispanic),12.3
13,Georgia,13175,Laurens,2014,2018,Asian/Pacific Islander (includes Hispanic),
13,Georgia,13175,Laurens,2014,2018,Black (includes Hispanic),
13,Georgia,13175,Laurens,2014,2018,Hispanic (all races),
13,Georgia,13175,Laurens,2014,2018,American Indian/Alaskan Native (includes Hispanic),
13,Georgia,13175,Laurens,2014,2018,White (includes Hispanic),12.9
13,Georgia,13175,Laurens,2015,2019,Asian/Pacific Islander (includes Hispanic),
13,Georgia,13175,Laurens,2015,2019,Black (includes Hispanic),
13,Georgia,13175,Laurens,2015,2019,Hispanic (all races),
13,Georgia,13175,Laurens,2015,2019,American Indian/Alaskan Native (includes Hispanic),
13,Georgia,13175,Laurens,2015,2019,White (includes Hispanic),14.5
13,Georgia,13175,Laurens,2016,2020,Asian/Pacific Islander (includes Hispanic),
13,Georgia,13175,Laurens,2016,2020,Black (includes Hispanic),
13,Georgia,13175,Laurens,2016,2020,Hispanic (all races),
13,Georgia,13175,Laurens,2016,2020,American Indian/Alaskan Native (includes Hispanic),
13,Georgia,13175,Laurens,2016,2020,White (includes Hispanic),15.0
13,Georgia,13177,Lee,2011,2015,Asian/Pacific Islander (includes Hispanic),
13,Georgia,13177,Lee,2011,2015,Black (includes Hispanic),7.0
13,Georgia,13177,Lee,2011,2015,Hispanic (all races),
13,Georgia,13177,Lee,2011,2015,American Indian/Alaskan Native (includes Hispanic),
13,Georgia,13177,Lee,2011,2015,White (includes Hispanic),8.9
13,Georgia,13177,Lee,2012,2016,Asian/Pacific Islander (includes Hispanic),
13,Georgia,13177,Lee,2012,2016,Black (includes Hispanic),
13,Georgia,13177,Lee,2012,2016,Hispanic (all races),
13,Georgia,13177,Lee,2012,2016,American Indian/Alaskan Native (includes Hispanic),
13,Georgia,13177,Lee,2012,2016,White (includes Hispanic),
13,Georgia,13177,Lee,2013,2017,Asian/Pacific Islander (includes Hispanic),
13,Georgia,13177,Lee,2013,2017,Black (includes Hispanic),8.7
13,Georgia,13177,Lee,2013,2017,Hispanic (all races),
13,Georgia,13177,Lee,2013,2017,American Indian/Alaskan Native (includes Hispanic),
13,Georgia,13177,Lee,2013,2017,White (includes Hispanic),
13,Georgia,13177,Lee,2014,2018,Asian/Pacific Islander (includes Hispanic),
13,Georgia,13177,Lee,2014,2018,Black (includes Hispanic),8.8
13,Georgia,13177,Lee,2014,2018,Hispanic (all races),
13,Georgia,13177,Lee,2014,2018,American Indian/Alaskan Native (includes Hispanic),
13,Georgia,13177,Lee,2014,2018,White (includes Hispanic),
13,Georgia,13177,Lee,2015,2019,Asian/Pacific Islander (includes Hispanic),
13,Georgia,13177,Lee,2015,2019,Black (includes Hispanic),9.1
13,Georgia,13177,Lee,2015,2019,Hispanic (all races),
13,Georgia,13177,Lee,2015,2019,American Indian/Alaskan Native (includes Hispanic),
13,Georgia,13177,Lee,2015,2019,White (includes Hispanic),
13,Georgia,13177,Lee,2016,2020,Asian/Pacific Islander (includes Hispanic),
13,Georgia,13177,Lee,2016,2020,Black (includes Hispanic),9.6
13,Georgia,13177,Lee,2016,2020,Hispanic (all races),
13,Georgia,13177,Lee,2016,2020,American Indian/Alaskan Native (includes Hispanic),
13,Georgia,13177,Lee,2016,2020,White (includes Hispanic),
13,Georgia,13179,Liberty,2011,2015,Asian/Pacific Islander (includes Hispanic),
13,Georgia,13179,Liberty,2011,2015,Black (includes Hispanic),9.4
13,Georgia,13179,Liberty,2011,2015,Hispanic (all races),
13,Georgia,13179,Liberty,2011,2015,American Indian/Alaskan Native (includes Hispanic),
13,Georgia,13179,Liberty,2011,2015,White (includes Hispanic),7.2
13,Georgia,13179,Liberty,2012,2016,Asian/Pacific Islander (includes Hispanic),
13,Georgia,13179,Liberty,2012,2016,Black (includes Hispanic),8.4
13,Georgia,13179,Liberty,2012,2016,Hispanic (all races),
13,Georgia,13179,Liberty,2012,2016,American Indian/Alaskan Native (includes Hispanic),
13,Georgia,13179,Liberty,2012,2016,White (includes Hispanic),8.4
13,Georgia,13179,Liberty,2013,2017,Asian/Pacific Islander (includes Hispanic),
13,Georgia,13179,Liberty,2013,2017,Black (includes Hispanic),7.6
13,Georgia,13179,Liberty,2013,2017,Hispanic (all races),
13,Georgia,13179,Liberty,2013,2017,American Indian/Alaskan Native (includes Hispanic),
13,Georgia,13179,Liberty,2013,2017,White (includes Hispanic),8.3
13,Georgia,13179,Liberty,2014,2018,Asian/Pacific Islander (includes Hispanic),
13,Georgia,13179,Liberty,2014,2018,Black (includes Hispanic),6.8
13,Georgia,13179,Liberty,2014,2018,Hispanic (all races),
13,Georgia,13179,Liberty,2014,2018,American Indian/Alaskan Native (includes Hispanic),
13,Georgia,13179,Liberty,2014,2018,White (includes Hispanic),8.4
13,Georgia,13179,Liberty,2015,2019,Asian/Pacific Islander (includes Hispanic),
13,Georgia,13179,Liberty,2015,2019,Black (includes Hispanic),5.5
13,Georgia,13179,Liberty,2015,2019,Hispanic (all races),
13,Georgia,13179,Liberty,2015,2019,American Indian/Alaskan Native (includes Hispanic),
13,Georgia,13179,Liberty,2015,2019,White (includes Hispanic),7.6
13,Georgia,13179,Liberty,2016,2020,Asian/Pacific Islander (includes Hispanic),
13,Georgia,13179,Liberty,2016,2020,Black (includes Hispanic),4.5
13,Georgia,13179,Liberty,2016,2020,Hispanic (all races),
13,Georgia,13179,Liberty,2016,2020,American Indian/Alaskan Native (includes Hispanic),
13,Georgia,13179,Liberty,2016,2020,White (includes Hispanic),8.3
13,Georgia,13181,Lincoln,2011,2015,Asian/Pacific Islander (includes Hispanic),
13,Georgia,13181,Lincoln,2011,2015,Black (includes Hispanic),
13,Georgia,13181,Lincoln,2011,2015,Hispanic (all races),
13,Georgia,13181,Lincoln,2011,2015,American Indian/Alaskan Native (includes Hispanic),
13,Georgia,13181,Lincoln,2011,2015,White (includes Hispanic),8.9
13,Georgia,13181,Lincoln,2012,2016,Asian/Pacific Islander (includes Hispanic),
13,Georgia,13181,Lincoln,2012,2016,Black (includes Hispanic),
13,Georgia,13181,Lincoln,2012,2016,Hispanic (all races),
13,Georgia,13181,Lincoln,2012,2016,American Indian/Alaskan Native (includes Hispanic),
13,Georgia,13181,Lincoln,2012,2016,White (includes Hispanic),8.7
13,Georgia,13181,Lincoln,2013,2017,Asian/Pacific Islander (includes Hispanic),
13,Georgia,13181,Lincoln,2013,2017,Black (includes Hispanic),
13,Georgia,13181,Lincoln,2013,2017,Hispanic (all races),
13,Georgia,13181,Lincoln,2013,2017,American Indian/Alaskan Native (includes Hispanic),
13,Georgia,13181,Lincoln,2013,2017,White (includes Hispanic),8.7
13,Georgia,13181,Lincoln,2014,2018,Asian/Pacific Islander (includes Hispanic),
13,Georgia,13181,Lincoln,2014,2018,Black (includes Hispanic),
13,Georgia,13181,Lincoln,2014,2018,Hispanic (all races),
13,Georgia,13181,Lincoln,2014,2018,American Indian/Alaskan Native (includes Hispanic),
13,Georgia,13181,Lincoln,2014,2018,White (includes Hispanic),7.7
13,Georgia,13181,Lincoln,2015,2019,Asian/Pacific Islander (includes Hispanic),
13,Georgia,13181,Lincoln,2015,2019,Black (includes Hispanic),
13,Georgia,13181,Lincoln,2015,2019,Hispanic (all races),
13,Georgia,13181,Lincoln,2015,2019,American Indian/Alaskan Native (includes Hispanic),
13,Georgia,13181,Lincoln,2015,2019,White (includes Hispanic),6.3
13,Georgia,13181,Lincoln,2016,2020,Asian/Pacific Islander (includes Hispanic),
13,Georgia,13181,Lincoln,2016,2020,Black (includes Hispanic),
13,Georgia,13181,Lincoln,2016,2020,Hispanic (all races),
13,Georgia,13181,Lincoln,2016,2020,American Indian/Alaskan Native (includes Hispanic),
13,Georgia,13181,Lincoln,2016,2020,White (includes Hispanic),6.6
13,Georgia,13183,Long,2011,2015,Asian/Pacific Islander (includes Hispanic),
13,Georgia,13183,Long,2011,2015,Black (includes Hispanic),
13,Georgia,13183,Long,2011,2015,Hispanic (all races),
13,Georgia,13183,Long,2011,2015,American Indian/Alaskan Native (includes Hispanic),
13,Georgia,13183,Long,2011,2015,White (includes Hispanic),9.4
13,Georgia,13183,Long,2012,2016,Asian/Pacific Islander (includes Hispanic),
13,Georgia,13183,Long,2012,2016,Black (includes Hispanic),
13,Georgia,13183,Long,2012,2016,Hispanic (all races),
13,Georgia,13183,Long,2012,2016,American Indian/Alaskan Native (includes Hispanic),
13,Georgia,13183,Long,2012,2016,White (includes Hispanic),10.0
13,Georgia,13183,Long,2013,2017,Asian/Pacific Islander (includes Hispanic),
13,Georgia,13183,Long,2013,2017,Black (includes Hispanic),
13,Georgia,13183,Long,2013,2017,Hispanic (all races),
13,Georgia,13183,Long,2013,2017,American Indian/Alaskan Native (includes Hispanic),
13,Georgia,13183,Long,2013,2017,White (includes Hispanic),9.1
13,Georgia,13183,Long,2014,2018,Asian/Pacific Islander (includes Hispanic),
13,Georgia,13183,Long,2014,2018,Black (includes Hispanic),
13,Georgia,13183,Long,2014,2018,Hispanic (all races),
13,Georgia,13183,Long,2014,2018,American Indian/Alaskan Native (includes Hispanic),
13,Georgia,13183,Long,2014,2018,White (includes Hispanic),8.2
13,Georgia,13183,Long,2015,2019,Asian/Pacific Islander (includes Hispanic),
13,Georgia,13183,Long,2015,2019,Black (includes Hispanic),
13,Georgia,13183,Long,2015,2019,Hispanic (all races),
13,Georgia,13183,Long,2015,2019,American Indian/Alaskan Native (includes Hispanic),
13,Georgia,13183,Long,2015,2019,White (includes Hispanic),8.9
13,Georgia,13183,Long,2016,2020,Asian/Pacific Islander (includes Hispanic),
13,Georgia,13183,Long,2016,2020,Black (includes Hispanic),
13,Georgia,13183,Long,2016,2020,Hispanic (all races),
13,Georgia,13183,Long,2016,2020,American Indian/Alaskan Native (includes Hispanic),
13,Georgia,13183,Long,2016,2020,White (includes Hispanic),9.3
13,Georgia,13185,Lowndes,2011,2015,Asian/Pacific Islander (includes Hispanic),
13,Georgia,13185,Lowndes,2011,2015,Black (includes Hispanic),
13,Georgia,13185,Lowndes,2011,2015,Hispanic (all races),
13,Georgia,13185,Lowndes,2011,2015,American Indian/Alaskan Native (includes Hispanic),
13,Georgia,13185,Lowndes,2011,2015,White (includes Hispanic),11.0
13,Georgia,13185,Lowndes,2012,2016,Asian/Pacific Islander (includes Hispanic),
13,Georgia,13185,Lowndes,2012,2016,Black (includes Hispanic),
13,Georgia,13185,Lowndes,2012,2016,Hispanic (all races),
13,Georgia,13185,Lowndes,2012,2016,American Indian/Alaskan Native (includes Hispanic),
13,Georgia,13185,Lowndes,2012,2016,White (includes Hispanic),10.7
13,Georgia,13185,Lowndes,2013,2017,Asian/Pacific Islander (includes Hispanic),
13,Georgia,13185,Lowndes,2013,2017,Black (includes Hispanic),
13,Georgia,13185,Lowndes,2013,2017,Hispanic (all races),
13,Georgia,13185,Lowndes,2013,2017,American Indian/Alaskan Native (includes Hispanic),
13,Georgia,13185,Lowndes,2013,2017,White (includes Hispanic),10.0
13,Georgia,13185,Lowndes,2014,2018,Asian/Pacific Islander (includes Hispanic),
13,Georgia,13185,Lowndes,2014,2018,Black (includes Hispanic),
13,Georgia,13185,Lowndes,2014,2018,Hispanic (all races),
13,Georgia,13185,Lowndes,2014,2018,American Indian/Alaskan Native (includes Hispanic),
13,Georgia,13185,Lowndes,2014,2018,White (includes Hispanic),9.2
13,Georgia,13185,Lowndes,2015,2019,Asian/Pacific Islander (includes Hispanic),
13,Georgia,13185,Lowndes,2015,2019,Black (includes Hispanic),
13,Georgia,13185,Lowndes,2015,2019,Hispanic (all races),
13,Georgia,13185,Lowndes,2015,2019,American Indian/Alaskan Native (includes Hispanic),
13,Georgia,13185,Lowndes,2015,2019,White (includes Hispanic),8.8
13,Georgia,13185,Lowndes,2016,2020,Asian/Pacific Islander (includes Hispanic),
13,Georgia,13185,Lowndes,2016,2020,Black (includes Hispanic),
13,Georgia,13185,Lowndes,2016,2020,Hispanic (all races),
13,Georgia,13185,Lowndes,2016,2020,American Indian/Alaskan Native (includes Hispanic),
13,Georgia,13185,Lowndes,2016,2020,White (includes Hispanic),8.5
13,Georgia,13187,Lumpkin,2011,2015,Asian/Pacific Islander (includes Hispanic),
13,Georgia,13187,Lumpkin,2011,2015,Black (includes Hispanic),
13,Georgia,13187,Lumpkin,2011,2015,Hispanic (all races),
13,Georgia,13187,Lumpkin,2011,2015,American Indian/Alaskan Native (includes Hispanic),
13,Georgia,13187,Lumpkin,2011,2015,White (includes Hispanic),7.9
13,Georgia,13187,Lumpkin,2012,2016,Asian/Pacific Islander (includes Hispanic),
13,Georgia,13187,Lumpkin,2012,2016,Black (includes Hispanic),
13,Georgia,13187,Lumpkin,2012,2016,Hispanic (all races),
13,Georgia,13187,Lumpkin,2012,2016,American Indian/Alaskan Native (includes Hispanic),
13,Georgia,13187,Lumpkin,2012,2016,White (includes Hispanic),9.5
13,Georgia,13187,Lumpkin,2013,2017,Asian/Pacific Islander (includes Hispanic),
13,Georgia,13187,Lumpkin,2013,2017,Black (includes Hispanic),
13,Georgia,13187,Lumpkin,2013,2017,Hispanic (all races),
13,Georgia,13187,Lumpkin,2013,2017,American Indian/Alaskan Native (includes Hispanic),
13,Georgia,13187,Lumpkin,2013,2017,White (includes Hispanic),8.9
13,Georgia,13187,Lumpkin,2014,2018,Asian/Pacific Islander (includes Hispanic),
13,Georgia,13187,Lumpkin,2014,2018,Black (includes Hispanic),
13,Georgia,13187,Lumpkin,2014,2018,Hispanic (all races),
13,Georgia,13187,Lumpkin,2014,2018,American Indian/Alaskan Native (includes Hispanic),
13,Georgia,13187,Lumpkin,2014,2018,White (includes Hispanic),9.3
13,Georgia,13187,Lumpkin,2015,2019,Asian/Pacific Islander (includes Hispanic),
13,Georgia,13187,Lumpkin,2015,2019,Black (includes Hispanic),
13,Georgia,13187,Lumpkin,2015,2019,Hispanic (all races),
13,Georgia,13187,Lumpkin,2015,2019,American Indian/Alaskan Native (includes Hispanic),
13,Georgia,13187,Lumpkin,2015,2019,White (includes Hispanic),8.8
13,Georgia,13187,Lumpkin,2016,2020,Asian/Pacific Islander (includes Hispanic),
13,Georgia,13187,Lumpkin,2016,2020,Black (includes Hispanic),
13,Georgia,13187,Lumpkin,2016,2020,Hispanic (all races),
13,Georgia,13187,Lumpkin,2016,2020,American Indian/Alaskan Native (includes Hispanic),
13,Georgia,13187,Lumpkin,2016,2020,White (includes Hispanic),8.6
13,Georgia,13193,Macon,2011,2015,Asian/Pacific Islander (includes Hispanic),
13,Georgia,13193,Macon,2011,2015,Black (includes Hispanic),9.7
13,Georgia,13193,Macon,2011,2015,Hispanic (all races),
13,Georgia,13193,Macon,2011,2015,American Indian/Alaskan Native (includes Hispanic),
13,Georgia,13193,Macon,2011,2015,White (includes Hispanic),6.0
13,Georgia,13193,Macon,2012,2016,Asian/Pacific Islander (includes Hispanic),
13,Georgia,13193,Macon,2012,2016,Black (includes Hispanic),10.8
13,Georgia,13193,Macon,2012,2016,Hispanic (all races),
13,Georgia,13193,Macon,2012,2016,American Indian/Alaskan Native (includes Hispanic),
13,Georgia,13193,Macon,2012,2016,White (includes Hispanic),7.7
13,Georgia,13193,Macon,2013,2017,Asian/Pacific Islander (includes Hispanic),
13,Georgia,13193,Macon,2013,2017,Black (includes Hispanic),11.2
13,Georgia,13193,Macon,2013,2017,Hispanic (all races),
13,Georgia,13193,Macon,2013,2017,American Indian/Alaskan Native (includes Hispanic),
13,Georgia,13193,Macon,2013,2017,White (includes Hispanic),8.9
13,Georgia,13193,Macon,2014,2018,Asian/Pacific Islander (includes Hispanic),
13,Georgia,13193,Macon,2014,2018,Black (includes Hispanic),10.9
13,Georgia,13193,Macon,2014,2018,Hispanic (all races),
13,Georgia,13193,Macon,2014,2018,American Indian/Alaskan Native (includes Hispanic),
13,Georgia,13193,Macon,2014,2018,White (includes Hispanic),8.4
13,Georgia,13193,Macon,2015,2019,Asian/Pacific Islander (includes Hispanic),
13,Georgia,13193,Macon,2015,2019,Black (includes Hispanic),10.0
13,Georgia,13193,Macon,2015,2019,Hispanic (all races),
13,Georgia,13193,Macon,2015,2019,American Indian/Alaskan Native (includes Hispanic),
13,Georgia,13193,Macon,2015,2019,White (includes Hispanic),10.0
13,Georgia,13193,Macon,2016,2020,Asian/Pacific Islander (includes Hispanic),
13,Georgia,13193,Macon,2016,2020,Black (includes Hispanic),10.2
13,Georgia,13193,Macon,2016,2020,Hispanic (all races),
13,Georgia,13193,Macon,2016,2020,American Indian/Alaskan Native (includes Hispanic),
13,Georgia,13193,Macon,2016,2020,White (includes Hispanic),10.1
13,Georgia,13195,Madison,2011,2015,Asian/Pacific Islander (includes Hispanic),
13,Georgia,13195,Madison,2011,2015,Black (includes Hispanic),
13,Georgia,13195,Madison,2011,2015,Hispanic (all races),
13,Georgia,13195,Madison,2011,2015,American Indian/Alaskan Native (includes Hispanic),
13,Georgia,13195,Madison,2011,2015,White (includes Hispanic),9.1
13,Georgia,13195,Madison,2012,2016,Asian/Pacific Islander (includes Hispanic),
13,Georgia,13195,Madison,2012,2016,Black (includes Hispanic),
13,Georgia,13195,Madison,2012,2016,Hispanic (all races),
13,Georgia,13195,Madison,2012,2016,American Indian/Alaskan Native (includes Hispanic),
13,Georgia,13195,Madison,2012,2016,White (includes Hispanic),8.5
13,Georgia,13195,Madison,2013,2017,Asian/Pacific Islander (includes Hispanic),
13,Georgia,13195,Madison,2013,2017,Black (includes Hispanic),
13,Georgia,13195,Madison,2013,2017,Hispanic (all races),
13,Georgia,13195,Madison,2013,2017,American Indian/Alaskan Native (includes Hispanic),
13,Georgia,13195,Madison,2013,2017,White (includes Hispanic),8.9
13,Georgia,13195,Madison,2014,2018,Asian/Pacific Islander (includes Hispanic),
13,Georgia,13195,Madison,2014,2018,Black (includes Hispanic),
13,Georgia,13195,Madison,2014,2018,Hispanic (all races),
13,Georgia,13195,Madison,2014,2018,American Indian/Alaskan Native (includes Hispanic),
13,Georgia,13195,Madison,2014,2018,White (includes Hispanic),9.7
13,Georgia,13195,Madison,2015,2019,Asian/Pacific Islander (includes Hispanic),
13,Georgia,13195,Madison,2015,2019,Black (includes Hispanic),
13,Georgia,13195,Madison,2015,2019,Hispanic (all races),
13,Georgia,13195,Madison,2015,2019,American Indian/Alaskan Native (includes Hispanic),
13,Georgia,13195,Madison,2015,2019,White (includes Hispanic),10.9
13,Georgia,13195,Madison,2016,2020,Asian/Pacific Islander (includes Hispanic),
13,Georgia,13195,Madison,2016,2020,Black (includes Hispanic),
13,Georgia,13195,Madison,2016,2020,Hispanic (all races),
13,Georgia,13195,Madison,2016,2020,American Indian/Alaskan Native (includes Hispanic),
13,Georgia,13195,Madison,2016,2020,White (includes Hispanic),10.0
13,Georgia,13197,Marion,2011,2015,Asian/Pacific Islander (includes Hispanic),
13,Georgia,13197,Marion,2011,2015,Black (includes Hispanic),
13,Georgia,13197,Marion,2011,2015,Hispanic (all races),
13,Georgia,13197,Marion,2011,2015,American Indian/Alaskan Native (includes Hispanic),
13,Georgia,13197,Marion,2011,2015,White (includes Hispanic),
13,Georgia,13197,Marion,2012,2016,Asian/Pacific Islander (includes Hispanic),
13,Georgia,13197,Marion,2012,2016,Black (includes Hispanic),
13,Georgia,13197,Marion,2012,2016,Hispanic (all races),
13,Georgia,13197,Marion,2012,2016,American Indian/Alaskan Native (includes Hispanic),
13,Georgia,13197,Marion,2012,2016,White (includes Hispanic),
13,Georgia,13197,Marion,2013,2017,Asian/Pacific Islander (includes Hispanic),
13,Georgia,13197,Marion,2013,2017,Black (includes Hispanic),
13,Georgia,13197,Marion,2013,2017,Hispanic (all races),
13,Georgia,13197,Marion,2013,2017,American Indian/Alaskan Native (includes Hispanic),
13,Georgia,13197,Marion,2013,2017,White (includes Hispanic),
13,Georgia,13197,Marion,2014,2018,Asian/Pacific Islander (includes Hispanic),
13,Georgia,13197,Marion,2014,2018,Black (includes Hispanic),
13,Georgia,13197,Marion,2014,2018,Hispanic (all races),
13,Georgia,13197,Marion,2014,2018,American Indian/Alaskan Native (includes Hispanic),
13,Georgia,13197,Marion,2014,2018,White (includes Hispanic),
13,Georgia,13197,Marion,2015,2019,Asian/Pacific Islander (includes Hispanic),
13,Georgia,13197,Marion,2015,2019,Black (includes Hispanic),
13,Georgia,13197,Marion,2015,2019,Hispanic (all races),
13,Georgia,13197,Marion,2015,2019,American Indian/Alaskan Native (includes Hispanic),
13,Georgia,13197,Marion,2015,2019,White (includes Hispanic),
13,Georgia,13197,Marion,2016,2020,Asian/Pacific Islander (includes Hispanic),
13,Georgia,13197,Marion,2016,2020,Black (includes Hispanic),
13,Georgia,13197,Marion,2016,2020,Hispanic (all races),
13,Georgia,13197,Marion,2016,2020,American Indian/Alaskan Native (includes Hispanic),
13,Georgia,13197,Marion,2016,2020,White (includes Hispanic),
13,Georgia,13189,McDuffie,2011,2015,Asian/Pacific Islander (includes Hispanic),
13,Georgia,13189,McDuffie,2011,2015,Black (includes Hispanic),7.8
13,Georgia,13189,McDuffie,2011,2015,Hispanic (all races),
13,Georgia,13189,McDuffie,2011,2015,American Indian/Alaskan Native (includes Hispanic),
13,Georgia,13189,McDuffie,2011,2015,White (includes Hispanic),9.7
13,Georgia,13189,McDuffie,2012,2016,Asian/Pacific Islander (includes Hispanic),
13,Georgia,13189,McDuffie,2012,2016,Black (includes Hispanic),8.3
13,Georgia,13189,McDuffie,2012,2016,Hispanic (all races),
13,Georgia,13189,McDuffie,2012,2016,American Indian/Alaskan Native (includes Hispanic),
13,Georgia,13189,McDuffie,2012,2016,White (includes Hispanic),9.0
13,Georgia,13189,McDuffie,2013,2017,Asian/Pacific Islander (includes Hispanic),
13,Georgia,13189,McDuffie,2013,2017,Black (includes Hispanic),7.7
13,Georgia,13189,McDuffie,2013,2017,Hispanic (all races),
13,Georgia,13189,McDuffie,2013,2017,American Indian/Alaskan Native (includes Hispanic),
13,Georgia,13189,McDuffie,2013,2017,White (includes Hispanic),8.5
13,Georgia,13189,McDuffie,2014,2018,Asian/Pacific Islander (includes Hispanic),
13,Georgia,13189,McDuffie,2014,2018,Black (includes Hispanic),7.6
13,Georgia,13189,McDuffie,2014,2018,Hispanic (all races),
13,Georgia,13189,McDuffie,2014,2018,American Indian/Alaskan Native (includes Hispanic),
13,Georgia,13189,McDuffie,2014,2018,White (includes Hispanic),9.0
13,Georgia,13189,McDuffie,2015,2019,Asian/Pacific Islander (includes Hispanic),
13,Georgia,13189,McDuffie,2015,2019,Black (includes Hispanic),8.0
13,Georgia,13189,McDuffie,2015,2019,Hispanic (all races),
13,Georgia,13189,McDuffie,2015,2019,American Indian/Alaskan Native (includes Hispanic),
13,Georgia,13189,McDuffie,2015,2019,White (includes Hispanic),9.3
13,Georgia,13189,McDuffie,2016,2020,Asian/Pacific Islander (includes Hispanic),
13,Georgia,13189,McDuffie,2016,2020,Black (includes Hispanic),8.7
13,Georgia,13189,McDuffie,2016,2020,Hispanic (all races),
13,Georgia,13189,McDuffie,2016,2020,American Indian/Alaskan Native (includes Hispanic),
13,Georgia,13189,McDuffie,2016,2020,White (includes Hispanic),8.7
13,Georgia,13191,McIntosh,2011,2015,Asian/Pacific Islander (includes Hispanic),
13,Georgia,13191,McIntosh,2011,2015,Black (includes Hispanic),
13,Georgia,13191,McIntosh,2011,2015,Hispanic (all races),
13,Georgia,13191,McIntosh,2011,2015,American Indian/Alaskan Native (includes Hispanic),
13,Georgia,13191,McIntosh,2011,2015,White (includes Hispanic),7.7
13,Georgia,13191,McIntosh,2012,2016,Asian/Pacific Islander (includes Hispanic),
13,Georgia,13191,McIntosh,2012,2016,Black (includes Hispanic),
13,Georgia,13191,McIntosh,2012,2016,Hispanic (all races),
13,Georgia,13191,McIntosh,2012,2016,American Indian/Alaskan Native (includes Hispanic),
13,Georgia,13191,McIntosh,2012,2016,White (includes Hispanic),8.6
13,Georgia,13191,McIntosh,2013,2017,Asian/Pacific Islander (includes Hispanic),
13,Georgia,13191,McIntosh,2013,2017,Black (includes Hispanic),
13,Georgia,13191,McIntosh,2013,2017,Hispanic (all races),
13,Georgia,13191,McIntosh,2013,2017,American Indian/Alaskan Native (includes Hispanic),
13,Georgia,13191,McIntosh,2013,2017,White (includes Hispanic),7.5
13,Georgia,13191,McIntosh,2014,2018,Asian/Pacific Islander (includes Hispanic),
13,Georgia,13191,McIntosh,2014,2018,Black (includes Hispanic),
13,Georgia,13191,McIntosh,2014,2018,Hispanic (all races),
13,Georgia,13191,McIntosh,2014,2018,American Indian/Alaskan Native (includes Hispanic),
13,Georgia,13191,McIntosh,2014,2018,White (includes Hispanic),8.1
13,Georgia,13191,McIntosh,2015,2019,Asian/Pacific Islander (includes Hispanic),
13,Georgia,13191,McIntosh,2015,2019,Black (includes Hispanic),
13,Georgia,13191,McIntosh,2015,2019,Hispanic (all races),
13,Georgia,13191,McIntosh,2015,2019,American Indian/Alaskan Native (includes Hispanic),
13,Georgia,13191,McIntosh,2015,2019,White (includes Hispanic),8.7
13,Georgia,13191,McIntosh,2016,2020,Asian/Pacific Islander (includes Hispanic),
13,Georgia,13191,McIntosh,2016,2020,Black (includes Hispanic),
13,Georgia,13191,McIntosh,2016,2020,Hispanic (all races),
13,Georgia,13191,McIntosh,2016,2020,American Indian/Alaskan Native (includes Hispanic),
13,Georgia,13191,McIntosh,2016,2020,White (includes Hispanic),8.6
13,Georgia,13199,Meriwether,2011,2015,Asian/Pacific Islander (includes Hispanic),
13,Georgia,13199,Meriwether,2011,2015,Black (includes Hispanic),11.5
13,Georgia,13199,Meriwether,2011,2015,Hispanic (all races),
13,Georgia,13199,Meriwether,2011,2015,American Indian/Alaskan Native (includes Hispanic),
13,Georgia,13199,Meriwether,2011,2015,White (includes Hispanic),8.3
13,Georgia,13199,Meriwether,2012,2016,Asian/Pacific Islander (includes Hispanic),
13,Georgia,13199,Meriwether,2012,2016,Black (includes Hispanic),12.0
13,Georgia,13199,Meriwether,2012,2016,Hispanic (all races),
13,Georgia,13199,Meriwether,2012,2016,American Indian/Alaskan Native (includes Hispanic),
13,Georgia,13199,Meriwether,2012,2016,White (includes Hispanic),8.1
13,Georgia,13199,Meriwether,2013,2017,Asian/Pacific Islander (includes Hispanic),
13,Georgia,13199,Meriwether,2013,2017,Black (includes Hispanic),12.8
13,Georgia,13199,Meriwether,2013,2017,Hispanic (all races),
13,Georgia,13199,Meriwether,2013,2017,American Indian/Alaskan Native (includes Hispanic),
13,Georgia,13199,Meriwether,2013,2017,White (includes Hispanic),8.3
13,Georgia,13199,Meriwether,2014,2018,Asian/Pacific Islander (includes Hispanic),
13,Georgia,13199,Meriwether,2014,2018,Black (includes Hispanic),11.0
13,Georgia,13199,Meriwether,2014,2018,Hispanic (all races),
13,Georgia,13199,Meriwether,2014,2018,American Indian/Alaskan Native (includes Hispanic),
13,Georgia,13199,Meriwether,2014,2018,White (includes Hispanic),8.5
13,Georgia,13199,Meriwether,2015,2019,Asian/Pacific Islander (includes Hispanic),
13,Georgia,13199,Meriwether,2015,2019,Black (includes Hispanic),10.6
13,Georgia,13199,Meriwether,2015,2019,Hispanic (all races),
13,Georgia,13199,Meriwether,2015,2019,American Indian/Alaskan Native (includes Hispanic),
13,Georgia,13199,Meriwether,2015,2019,White (includes Hispanic),6.8
13,Georgia,13199,Meriwether,2016,2020,Asian/Pacific Islander (includes Hispanic),
13,Georgia,13199,Meriwether,2016,2020,Black (includes Hispanic),10.9
13,Georgia,13199,Meriwether,2016,2020,Hispanic (all races),
13,Georgia,13199,Meriwether,2016,2020,American Indian/Alaskan Native (includes Hispanic),
13,Georgia,13199,Meriwether,2016,2020,White (includes Hispanic),7.5
13,Georgia,13201,Miller,2011,2015,Asian/Pacific Islander (includes Hispanic),
13,Georgia,13201,Miller,2011,2015,Black (includes Hispanic),
13,Georgia,13201,Miller,2011,2015,Hispanic (all races),
13,Georgia,13201,Miller,2011,2015,American Indian/Alaskan Native (includes Hispanic),
13,Georgia,13201,Miller,2011,2015,White (includes Hispanic),
13,Georgia,13201,Miller,2012,2016,Asian/Pacific Islander (includes Hispanic),
13,Georgia,13201,Miller,2012,2016,Black (includes Hispanic),
13,Georgia,13201,Miller,2012,2016,Hispanic (all races),
13,Georgia,13201,Miller,2012,2016,American Indian/Alaskan Native (includes Hispanic),
13,Georgia,13201,Miller,2012,2016,White (includes Hispanic),
13,Georgia,13201,Miller,2013,2017,Asian/Pacific Islander (includes Hispanic),
13,Georgia,13201,Miller,2013,2017,Black (includes Hispanic),
13,Georgia,13201,Miller,2013,2017,Hispanic (all races),
13,Georgia,13201,Miller,2013,2017,American Indian/Alaskan Native (includes Hispanic),
13,Georgia,13201,Miller,2013,2017,White (includes Hispanic),
13,Georgia,13201,Miller,2014,2018,Asian/Pacific Islander (includes Hispanic),
13,Georgia,13201,Miller,2014,2018,Black (includes Hispanic),
13,Georgia,13201,Miller,2014,2018,Hispanic (all races),
13,Georgia,13201,Miller,2014,2018,American Indian/Alaskan Native (includes Hispanic),
13,Georgia,13201,Miller,2014,2018,White (includes Hispanic),
13,Georgia,13201,Miller,2015,2019,Asian/Pacific Islander (includes Hispanic),
13,Georgia,13201,Miller,2015,2019,Black (includes Hispanic),
13,Georgia,13201,Miller,2015,2019,Hispanic (all races),
13,Georgia,13201,Miller,2015,2019,American Indian/Alaskan Native (includes Hispanic),
13,Georgia,13201,Miller,2015,2019,White (includes Hispanic),
13,Georgia,13201,Miller,2016,2020,Asian/Pacific Islander (includes Hispanic),
13,Georgia,13201,Miller,2016,2020,Black (includes Hispanic),
13,Georgia,13201,Miller,2016,2020,Hispanic (all races),
13,Georgia,13201,Miller,2016,2020,American Indian/Alaskan Native (includes Hispanic),
13,Georgia,13201,Miller,2016,2020,White (includes Hispanic),
13,Georgia,13205,Mitchell,2011,2015,Asian/Pacific Islander (includes Hispanic),
13,Georgia,13205,Mitchell,2011,2015,Black (includes Hispanic),9.1
13,Georgia,13205,Mitchell,2011,2015,Hispanic (all races),
13,Georgia,13205,Mitchell,2011,2015,American Indian/Alaskan Native (includes Hispanic),
13,Georgia,13205,Mitchell,2011,2015,White (includes Hispanic),9.3
13,Georgia,13205,Mitchell,2012,2016,Asian/Pacific Islander (includes Hispanic),
13,Georgia,13205,Mitchell,2012,2016,Black (includes Hispanic),7.6
13,Georgia,13205,Mitchell,2012,2016,Hispanic (all races),
13,Georgia,13205,Mitchell,2012,2016,American Indian/Alaskan Native (includes Hispanic),
13,Georgia,13205,Mitchell,2012,2016,White (includes Hispanic),7.6
13,Georgia,13205,Mitchell,2013,2017,Asian/Pacific Islander (includes Hispanic),
13,Georgia,13205,Mitchell,2013,2017,Black (includes Hispanic),8.4
13,Georgia,13205,Mitchell,2013,2017,Hispanic (all races),
13,Georgia,13205,Mitchell,2013,2017,American Indian/Alaskan Native (includes Hispanic),
13,Georgia,13205,Mitchell,2013,2017,White (includes Hispanic),7.4
13,Georgia,13205,Mitchell,2014,2018,Asian/Pacific Islander (includes Hispanic),
13,Georgia,13205,Mitchell,2014,2018,Black (includes Hispanic),10.0
13,Georgia,13205,Mitchell,2014,2018,Hispanic (all races),
13,Georgia,13205,Mitchell,2014,2018,American Indian/Alaskan Native (includes Hispanic),
13,Georgia,13205,Mitchell,2014,2018,White (includes Hispanic),7.7
13,Georgia,13205,Mitchell,2015,2019,Asian/Pacific Islander (includes Hispanic),
13,Georgia,13205,Mitchell,2015,2019,Black (includes Hispanic),10.5
13,Georgia,13205,Mitchell,2015,2019,Hispanic (all races),
13,Georgia,13205,Mitchell,2015,2019,American Indian/Alaskan Native (includes Hispanic),
13,Georgia,13205,Mitchell,2015,2019,White (includes Hispanic),7.3
13,Georgia,13205,Mitchell,2016,2020,Asian/Pacific Islander (includes Hispanic),
13,Georgia,13205,Mitchell,2016,2020,Black (includes Hispanic),11.6
13,Georgia,13205,Mitchell,2016,2020,Hispanic (all races),
13,Georgia,13205,Mitchell,2016,2020,American Indian/Alaskan Native (includes Hispanic),
13,Georgia,13205,Mitchell,2016,2020,White (includes Hispanic),7.8
13,Georgia,13207,Monroe,2011,2015,Asian/Pacific Islander (includes Hispanic),
13,Georgia,13207,Monroe,2011,2015,Black (includes Hispanic),10.0
13,Georgia,13207,Monroe,2011,2015,Hispanic (all races),
13,Georgia,13207,Monroe,2011,2015,American Indian/Alaskan Native (includes Hispanic),
13,Georgia,13207,Monroe,2011,2015,White (includes Hispanic),6.2
13,Georgia,13207,Monroe,2012,2016,Asian/Pacific Islander (includes Hispanic),
13,Georgia,13207,Monroe,2012,2016,Black (includes Hispanic),10.4
13,Georgia,13207,Monroe,2012,2016,Hispanic (all races),
13,Georgia,13207,Monroe,2012,2016,American Indian/Alaskan Native (includes Hispanic),
13,Georgia,13207,Monroe,2012,2016,White (includes Hispanic),5.2
13,Georgia,13207,Monroe,2013,2017,Asian/Pacific Islander (includes Hispanic),
13,Georgia,13207,Monroe,2013,2017,Black (includes Hispanic),8.3
13,Georgia,13207,Monroe,2013,2017,Hispanic (all races),
13,Georgia,13207,Monroe,2013,2017,American Indian/Alaskan Native (includes Hispanic),
13,Georgia,13207,Monroe,2013,2017,White (includes Hispanic),5.3
13,Georgia,13207,Monroe,2014,2018,Asian/Pacific Islander (includes Hispanic),
13,Georgia,13207,Monroe,2014,2018,Black (includes Hispanic),8.4
13,Georgia,13207,Monroe,2014,2018,Hispanic (all races),
13,Georgia,13207,Monroe,2014,2018,American Indian/Alaskan Native (includes Hispanic),
13,Georgia,13207,Monroe,2014,2018,White (includes Hispanic),6.8
13,Georgia,13207,Monroe,2015,2019,Asian/Pacific Islander (includes Hispanic),
13,Georgia,13207,Monroe,2015,2019,Black (includes Hispanic),7.8
13,Georgia,13207,Monroe,2015,2019,Hispanic (all races),
13,Georgia,13207,Monroe,2015,2019,American Indian/Alaskan Native (includes Hispanic),
13,Georgia,13207,Monroe,2015,2019,White (includes Hispanic),7.8
13,Georgia,13207,Monroe,2016,2020,Asian/Pacific Islander (includes Hispanic),
13,Georgia,13207,Monroe,2016,2020,Black (includes Hispanic),7.6
13,Georgia,13207,Monroe,2016,2020,Hispanic (all races),
13,Georgia,13207,Monroe,2016,2020,American Indian/Alaskan Native (includes Hispanic),
13,Georgia,13207,Monroe,2016,2020,White (includes Hispanic),8.9
13,Georgia,13209,Montgomery,2011,2015,Asian/Pacific Islander (includes Hispanic),
13,Georgia,13209,Montgomery,2011,2015,Black (includes Hispanic),
13,Georgia,13209,Montgomery,2011,2015,Hispanic (all races),
13,Georgia,13209,Montgomery,2011,2015,American Indian/Alaskan Native (includes Hispanic),
13,Georgia,13209,Montgomery,2011,2015,White (includes Hispanic),
13,Georgia,13209,Montgomery,2012,2016,Asian/Pacific Islander (includes Hispanic),
13,Georgia,13209,Montgomery,2012,2016,Black (includes Hispanic),
13,Georgia,13209,Montgomery,2012,2016,Hispanic (all races),
13,Georgia,13209,Montgomery,2012,2016,American Indian/Alaskan Native (includes Hispanic),
13,Georgia,13209,Montgomery,2012,2016,White (includes Hispanic),
13,Georgia,13209,Montgomery,2013,2017,Asian/Pacific Islander (includes Hispanic),
13,Georgia,13209,Montgomery,2013,2017,Black (includes Hispanic),
13,Georgia,13209,Montgomery,2013,2017,Hispanic (all races),
13,Georgia,13209,Montgomery,2013,2017,American Indian/Alaskan Native (includes Hispanic),
13,Georgia,13209,Montgomery,2013,2017,White (includes Hispanic),
13,Georgia,13209,Montgomery,2014,2018,Asian/Pacific Islander (includes Hispanic),
13,Georgia,13209,Montgomery,2014,2018,Black (includes Hispanic),
13,Georgia,13209,Montgomery,2014,2018,Hispanic (all races),
13,Georgia,13209,Montgomery,2014,2018,American Indian/Alaskan Native (includes Hispanic),
13,Georgia,13209,Montgomery,2014,2018,White (includes Hispanic),
13,Georgia,13209,Montgomery,2015,2019,Asian/Pacific Islander (includes Hispanic),
13,Georgia,13209,Montgomery,2015,2019,Black (includes Hispanic),
13,Georgia,13209,Montgomery,2015,2019,Hispanic (all races),
13,Georgia,13209,Montgomery,2015,2019,American Indian/Alaskan Native (includes Hispanic),
13,Georgia,13209,Montgomery,2015,2019,White (includes Hispanic),
13,Georgia,13209,Montgomery,2016,2020,Asian/Pacific Islander (includes Hispanic),
13,Georgia,13209,Montgomery,2016,2020,Black (includes Hispanic),
13,Georgia,13209,Montgomery,2016,2020,Hispanic (all races),
13,Georgia,13209,Montgomery,2016,2020,American Indian/Alaskan Native (includes Hispanic),
13,Georgia,13209,Montgomery,2016,2020,White (includes Hispanic),
13,Georgia,13211,Morgan,2011,2015,Asian/Pacific Islander (includes Hispanic),
13,Georgia,13211,Morgan,2011,2015,Black (includes Hispanic),9.6
13,Georgia,13211,Morgan,2011,2015,Hispanic (all races),
13,Georgia,13211,Morgan,2011,2015,American Indian/Alaskan Native (includes Hispanic),
13,Georgia,13211,Morgan,2011,2015,White (includes Hispanic),7.9
13,Georgia,13211,Morgan,2012,2016,Asian/Pacific Islander (includes Hispanic),
13,Georgia,13211,Morgan,2012,2016,Black (includes Hispanic),8.6
13,Georgia,13211,Morgan,2012,2016,Hispanic (all races),
13,Georgia,13211,Morgan,2012,2016,American Indian/Alaskan Native (includes Hispanic),
13,Georgia,13211,Morgan,2012,2016,White (includes Hispanic),8.2
13,Georgia,13211,Morgan,2013,2017,Asian/Pacific Islander (includes Hispanic),
13,Georgia,13211,Morgan,2013,2017,Black (includes Hispanic),
13,Georgia,13211,Morgan,2013,2017,Hispanic (all races),
13,Georgia,13211,Morgan,2013,2017,American Indian/Alaskan Native (includes Hispanic),
13,Georgia,13211,Morgan,2013,2017,White (includes Hispanic),7.6
13,Georgia,13211,Morgan,2014,2018,Asian/Pacific Islander (includes Hispanic),
13,Georgia,13211,Morgan,2014,2018,Black (includes Hispanic),10.2
13,Georgia,13211,Morgan,2014,2018,Hispanic (all races),
13,Georgia,13211,Morgan,2014,2018,American Indian/Alaskan Native (includes Hispanic),
13,Georgia,13211,Morgan,2014,2018,White (includes Hispanic),6.4
13,Georgia,13211,Morgan,2015,2019,Asian/Pacific Islander (includes Hispanic),
13,Georgia,13211,Morgan,2015,2019,Black (includes Hispanic),9.8
13,Georgia,13211,Morgan,2015,2019,Hispanic (all races),
13,Georgia,13211,Morgan,2015,2019,American Indian/Alaskan Native (includes Hispanic),
13,Georgia,13211,Morgan,2015,2019,White (includes Hispanic),6.4
13,Georgia,13211,Morgan,2016,2020,Asian/Pacific Islander (includes Hispanic),
13,Georgia,13211,Morgan,2016,2020,Black (includes Hispanic),8.3
13,Georgia,13211,Morgan,2016,2020,Hispanic (all races),
13,Georgia,13211,Morgan,2016,2020,American Indian/Alaskan Native (includes Hispanic),
13,Georgia,13211,Morgan,2016,2020,White (includes Hispanic),6.6
13,Georgia,13213,Murray,2011,2015,Asian/Pacific Islander (includes Hispanic),
13,Georgia,13213,Murray,2011,2015,Black (includes Hispanic),
13,Georgia,13213,Murray,2011,2015,Hispanic (all races),
13,Georgia,13213,Murray,2011,2015,American Indian/Alaskan Native (includes Hispanic),
13,Georgia,13213,Murray,2011,2015,White (includes Hispanic),10.1
13,Georgia,13213,Murray,2012,2016,Asian/Pacific Islander (includes Hispanic),
13,Georgia,13213,Murray,2012,2016,Black (includes Hispanic),
13,Georgia,13213,Murray,2012,2016,Hispanic (all races),
13,Georgia,13213,Murray,2012,2016,American Indian/Alaskan Native (includes Hispanic),
13,Georgia,13213,Murray,2012,2016,White (includes Hispanic),10.1
13,Georgia,13213,Murray,2013,2017,Asian/Pacific Islander (includes Hispanic),
13,Georgia,13213,Murray,2013,2017,Black (includes Hispanic),
13,Georgia,13213,Murray,2013,2017,Hispanic (all races),
13,Georgia,13213,Murray,2013,2017,American Indian/Alaskan Native (includes Hispanic),
13,Georgia,13213,Murray,2013,2017,White (includes Hispanic),9.6
13,Georgia,13213,Murray,2014,2018,Asian/Pacific Islander (includes Hispanic),
13,Georgia,13213,Murray,2014,2018,Black (includes Hispanic),
13,Georgia,13213,Murray,2014,2018,Hispanic (all races),
13,Georgia,13213,Murray,2014,2018,American Indian/Alaskan Native (includes Hispanic),
13,Georgia,13213,Murray,2014,2018,White (includes Hispanic),9.6
13,Georgia,13213,Murray,2015,2019,Asian/Pacific Islander (includes Hispanic),
13,Georgia,13213,Murray,2015,2019,Black (includes Hispanic),
13,Georgia,13213,Murray,2015,2019,Hispanic (all races),
13,Georgia,13213,Murray,2015,2019,American Indian/Alaskan Native (includes Hispanic),
13,Georgia,13213,Murray,2015,2019,White (includes Hispanic),9.2
13,Georgia,13213,Murray,2016,2020,Asian/Pacific Islander (includes Hispanic),
13,Georgia,13213,Murray,2016,2020,Black (includes Hispanic),
13,Georgia,13213,Murray,2016,2020,Hispanic (all races),
13,Georgia,13213,Murray,2016,2020,American Indian/Alaskan Native (includes Hispanic),
13,Georgia,13213,Murray,2016,2020,White (includes Hispanic),8.0
13,Georgia,13215,Muscogee,2011,2015,Asian/Pacific Islander (includes Hispanic),
13,Georgia,13215,Muscogee,2011,2015,Black (includes Hispanic),7.3
13,Georgia,13215,Muscogee,2011,2015,Hispanic (all races),
13,Georgia,13215,Muscogee,2011,2015,American Indian/Alaskan Native (includes Hispanic),
13,Georgia,13215,Muscogee,2011,2015,White (includes Hispanic),10.2
13,Georgia,13215,Muscogee,2012,2016,Asian/Pacific Islander (includes Hispanic),
13,Georgia,13215,Muscogee,2012,2016,Black (includes Hispanic),7.8
13,Georgia,13215,Muscogee,2012,2016,Hispanic (all races),
13,Georgia,13215,Muscogee,2012,2016,American Indian/Alaskan Native (includes Hispanic),
13,Georgia,13215,Muscogee,2012,2016,White (includes Hispanic),10.2
13,Georgia,13215,Muscogee,2013,2017,Asian/Pacific Islander (includes Hispanic),
13,Georgia,13215,Muscogee,2013,2017,Black (includes Hispanic),9.0
13,Georgia,13215,Muscogee,2013,2017,Hispanic (all races),
13,Georgia,13215,Muscogee,2013,2017,American Indian/Alaskan Native (includes Hispanic),
13,Georgia,13215,Muscogee,2013,2017,White (includes Hispanic),10.0
13,Georgia,13215,Muscogee,2014,2018,Asian/Pacific Islander (includes Hispanic),
13,Georgia,13215,Muscogee,2014,2018,Black (includes Hispanic),10.5
13,Georgia,13215,Muscogee,2014,2018,Hispanic (all races),
13,Georgia,13215,Muscogee,2014,2018,American Indian/Alaskan Native (includes Hispanic),
13,Georgia,13215,Muscogee,2014,2018,White (includes Hispanic),9.1
13,Georgia,13215,Muscogee,2015,2019,Asian/Pacific Islander (includes Hispanic),
13,Georgia,13215,Muscogee,2015,2019,Black (includes Hispanic),11.5
13,Georgia,13215,Muscogee,2015,2019,Hispanic (all races),
13,Georgia,13215,Muscogee,2015,2019,American Indian/Alaskan Native (includes Hispanic),
13,Georgia,13215,Muscogee,2015,2019,White (includes Hispanic),8.1
13,Georgia,13215,Muscogee,2016,2020,Asian/Pacific Islander (includes Hispanic),
13,Georgia,13215,Muscogee,2016,2020,Black (includes Hispanic),11.6
13,Georgia,13215,Muscogee,2016,2020,Hispanic (all races),
13,Georgia,13215,Muscogee,2016,2020,American Indian/Alaskan Native (includes Hispanic),
13,Georgia,13215,Muscogee,2016,2020,White (includes Hispanic),7.4
13,Georgia,13217,Newton,2011,2015,Asian/Pacific Islander (includes Hispanic),
13,Georgia,13217,Newton,2011,2015,Black (includes Hispanic),5.6
13,Georgia,13217,Newton,2011,2015,Hispanic (all races),
13,Georgia,13217,Newton,2011,2015,American Indian/Alaskan Native (includes Hispanic),
13,Georgia,13217,Newton,2011,2015,White (includes Hispanic),9.4
13,Georgia,13217,Newton,2012,2016,Asian/Pacific Islander (includes Hispanic),
13,Georgia,13217,Newton,2012,2016,Black (includes Hispanic),5.5
13,Georgia,13217,Newton,2012,2016,Hispanic (all races),
13,Georgia,13217,Newton,2012,2016,American Indian/Alaskan Native (includes Hispanic),
13,Georgia,13217,Newton,2012,2016,White (includes Hispanic),9.2
13,Georgia,13217,Newton,2013,2017,Asian/Pacific Islander (includes Hispanic),
13,Georgia,13217,Newton,2013,2017,Black (includes Hispanic),4.9
13,Georgia,13217,Newton,2013,2017,Hispanic (all races),
13,Georgia,13217,Newton,2013,2017,American Indian/Alaskan Native (includes Hispanic),
13,Georgia,13217,Newton,2013,2017,White (includes Hispanic),8.5
13,Georgia,13217,Newton,2014,2018,Asian/Pacific Islander (includes Hispanic),
13,Georgia,13217,Newton,2014,2018,Black (includes Hispanic),5.6
13,Georgia,13217,Newton,2014,2018,Hispanic (all races),
13,Georgia,13217,Newton,2014,2018,American Indian/Alaskan Native (includes Hispanic),
13,Georgia,13217,Newton,2014,2018,White (includes Hispanic),8.3
13,Georgia,13217,Newton,2015,2019,Asian/Pacific Islander (includes Hispanic),
13,Georgia,13217,Newton,2015,2019,Black (includes Hispanic),5.8
13,Georgia,13217,Newton,2015,2019,Hispanic (all races),
13,Georgia,13217,Newton,2015,2019,American Indian/Alaskan Native (includes Hispanic),
13,Georgia,13217,Newton,2015,2019,White (includes Hispanic),8.2
13,Georgia,13217,Newton,2016,2020,Asian/Pacific Islander (includes Hispanic),
13,Georgia,13217,Newton,2016,2020,Black (includes Hispanic),6.0
13,Georgia,13217,Newton,2016,2020,Hispanic (all races),
13,Georgia,13217,Newton,2016,2020,American Indian/Alaskan Native (includes Hispanic),
13,Georgia,13217,Newton,2016,2020,White (includes Hispanic),7.3
13,Georgia,13219,Oconee,2011,2015,Asian/Pacific Islander (includes Hispanic),
13,Georgia,13219,Oconee,2011,2015,Black (includes Hispanic),
13,Georgia,13219,Oconee,2011,2015,Hispanic (all races),
13,Georgia,13219,Oconee,2011,2015,American Indian/Alaskan Native (includes Hispanic),
13,Georgia,13219,Oconee,2011,2015,White (includes Hispanic),8.3
13,Georgia,13219,Oconee,2012,2016,Asian/Pacific Islander (includes Hispanic),
13,Georgia,13219,Oconee,2012,2016,Black (includes Hispanic),
13,Georgia,13219,Oconee,2012,2016,Hispanic (all races),
13,Georgia,13219,Oconee,2012,2016,American Indian/Alaskan Native (includes Hispanic),
13,Georgia,13219,Oconee,2012,2016,White (includes Hispanic),7.7
13,Georgia,13219,Oconee,2013,2017,Asian/Pacific Islander (includes Hispanic),
13,Georgia,13219,Oconee,2013,2017,Black (includes Hispanic),
13,Georgia,13219,Oconee,2013,2017,Hispanic (all races),
13,Georgia,13219,Oconee,2013,2017,American Indian/Alaskan Native (includes Hispanic),
13,Georgia,13219,Oconee,2013,2017,White (includes Hispanic),8.1
13,Georgia,13219,Oconee,2014,2018,Asian/Pacific Islander (includes Hispanic),
13,Georgia,13219,Oconee,2014,2018,Black (includes Hispanic),8.3
13,Georgia,13219,Oconee,2014,2018,Hispanic (all races),
13,Georgia,13219,Oconee,2014,2018,American Indian/Alaskan Native (includes Hispanic),
13,Georgia,13219,Oconee,2014,2018,White (includes Hispanic),7.8
13,Georgia,13219,Oconee,2015,2019,Asian/Pacific Islander (includes Hispanic),
13,Georgia,13219,Oconee,2015,2019,Black (includes Hispanic),9.7
13,Georgia,13219,Oconee,2015,2019,Hispanic (all races),
13,Georgia,13219,Oconee,2015,2019,American Indian/Alaskan Native (includes Hispanic),
13,Georgia,13219,Oconee,2015,2019,White (includes Hispanic),8.8
13,Georgia,13219,Oconee,2016,2020,Asian/Pacific Islander (includes Hispanic),
13,Georgia,13219,Oconee,2016,2020,Black (includes Hispanic),8.0
13,Georgia,13219,Oconee,2016,2020,Hispanic (all races),
13,Georgia,13219,Oconee,2016,2020,American Indian/Alaskan Native (includes Hispanic),
13,Georgia,13219,Oconee,2016,2020,White (includes Hispanic),8.2
13,Georgia,13221,Oglethorpe,2011,2015,Asian/Pacific Islander (includes Hispanic),
13,Georgia,13221,Oglethorpe,2011,2015,Black (includes Hispanic),
13,Georgia,13221,Oglethorpe,2011,2015,Hispanic (all races),
13,Georgia,13221,Oglethorpe,2011,2015,American Indian/Alaskan Native (includes Hispanic),
13,Georgia,13221,Oglethorpe,2011,2015,White (includes Hispanic),7.0
13,Georgia,13221,Oglethorpe,2012,2016,Asian/Pacific Islander (includes Hispanic),
13,Georgia,13221,Oglethorpe,2012,2016,Black (includes Hispanic),
13,Georgia,13221,Oglethorpe,2012,2016,Hispanic (all races),
13,Georgia,13221,Oglethorpe,2012,2016,American Indian/Alaskan Native (includes Hispanic),
13,Georgia,13221,Oglethorpe,2012,2016,White (includes Hispanic),6.6
13,Georgia,13221,Oglethorpe,2013,2017,Asian/Pacific Islander (includes Hispanic),
13,Georgia,13221,Oglethorpe,2013,2017,Black (includes Hispanic),
13,Georgia,13221,Oglethorpe,2013,2017,Hispanic (all races),
13,Georgia,13221,Oglethorpe,2013,2017,American Indian/Alaskan Native (includes Hispanic),
13,Georgia,13221,Oglethorpe,2013,2017,White (includes Hispanic),7.8
13,Georgia,13221,Oglethorpe,2014,2018,Asian/Pacific Islander (includes Hispanic),
13,Georgia,13221,Oglethorpe,2014,2018,Black (includes Hispanic),
13,Georgia,13221,Oglethorpe,2014,2018,Hispanic (all races),
13,Georgia,13221,Oglethorpe,2014,2018,American Indian/Alaskan Native (includes Hispanic),
13,Georgia,13221,Oglethorpe,2014,2018,White (includes Hispanic),8.1
13,Georgia,13221,Oglethorpe,2015,2019,Asian/Pacific Islander (includes Hispanic),
13,Georgia,13221,Oglethorpe,2015,2019,Black (includes Hispanic),11.0
13,Georgia,13221,Oglethorpe,2015,2019,Hispanic (all races),
13,Georgia,13221,Oglethorpe,2015,2019,American Indian/Alaskan Native (includes Hispanic),
13,Georgia,13221,Oglethorpe,2015,2019,White (includes Hispanic),7.3
13,Georgia,13221,Oglethorpe,2016,2020,Asian/Pacific Islander (includes Hispanic),
13,Georgia,13221,Oglethorpe,2016,2020,Black (includes Hispanic),10.7
13,Georgia,13221,Oglethorpe,2016,2020,Hispanic (all races),
13,Georgia,13221,Oglethorpe,2016,2020,American Indian/Alaskan Native (includes Hispanic),
13,Georgia,13221,Oglethorpe,2016,2020,White (includes Hispanic),6.4
13,Georgia,13223,Paulding,2011,2015,Asian/Pacific Islander (includes Hispanic),
13,Georgia,13223,Paulding,2011,2015,Black (includes Hispanic),6.6
13,Georgia,13223,Paulding,2011,2015,Hispanic (all races),8.7
13,Georgia,13223,Paulding,2011,2015,American Indian/Alaskan Native (includes Hispanic),
13,Georgia,13223,Paulding,2011,2015,White (includes Hispanic),8.1
13,Georgia,13223,Paulding,2012,2016,Asian/Pacific Islander (includes Hispanic),
13,Georgia,13223,Paulding,2012,2016,Black (includes Hispanic),7.9
13,Georgia,13223,Paulding,2012,2016,Hispanic (all races),8.7
13,Georgia,13223,Paulding,2012,2016,American Indian/Alaskan Native (includes Hispanic),
13,Georgia,13223,Paulding,2012,2016,White (includes Hispanic),8.2
13,Georgia,13223,Paulding,2013,2017,Asian/Pacific Islander (includes Hispanic),
13,Georgia,13223,Paulding,2013,2017,Black (includes Hispanic),6.6
13,Georgia,13223,Paulding,2013,2017,Hispanic (all races),9.0
13,Georgia,13223,Paulding,2013,2017,American Indian/Alaskan Native (includes Hispanic),
13,Georgia,13223,Paulding,2013,2017,White (includes Hispanic),8.5
13,Georgia,13223,Paulding,2014,2018,Asian/Pacific Islander (includes Hispanic),
13,Georgia,13223,Paulding,2014,2018,Black (includes Hispanic),6.7
13,Georgia,13223,Paulding,2014,2018,Hispanic (all races),10.4
13,Georgia,13223,Paulding,2014,2018,American Indian/Alaskan Native (includes Hispanic),
13,Georgia,13223,Paulding,2014,2018,White (includes Hispanic),9.0
13,Georgia,13223,Paulding,2015,2019,Asian/Pacific Islander (includes Hispanic),
13,Georgia,13223,Paulding,2015,2019,Black (includes Hispanic),7.9
13,Georgia,13223,Paulding,2015,2019,Hispanic (all races),12.5
13,Georgia,13223,Paulding,2015,2019,American Indian/Alaskan Native (includes Hispanic),
13,Georgia,13223,Paulding,2015,2019,White (includes Hispanic),9.5
13,Georgia,13223,Paulding,2016,2020,Asian/Pacific Islander (includes Hispanic),
13,Georgia,13223,Paulding,2016,2020,Black (includes Hispanic),8.8
13,Georgia,13223,Paulding,2016,2020,Hispanic (all races),11.9
13,Georgia,13223,Paulding,2016,2020,American Indian/Alaskan Native (includes Hispanic),
13,Georgia,13223,Paulding,2016,2020,White (includes Hispanic),9.2
13,Georgia,13225,Peach,2011,2015,Asian/Pacific Islander (includes Hispanic),
13,Georgia,13225,Peach,2011,2015,Black (includes Hispanic),10.6
13,Georgia,13225,Peach,2011,2015,Hispanic (all races),
13,Georgia,13225,Peach,2011,2015,American Indian/Alaskan Native (includes Hispanic),
13,Georgia,13225,Peach,2011,2015,White (includes Hispanic),5.9
13,Georgia,13225,Peach,2012,2016,Asian/Pacific Islander (includes Hispanic),
13,Georgia,13225,Peach,2012,2016,Black (includes Hispanic),11.0
13,Georgia,13225,Peach,2012,2016,Hispanic (all races),
13,Georgia,13225,Peach,2012,2016,American Indian/Alaskan Native (includes Hispanic),
13,Georgia,13225,Peach,2012,2016,White (includes Hispanic),7.8
13,Georgia,13225,Peach,2013,2017,Asian/Pacific Islander (includes Hispanic),
13,Georgia,13225,Peach,2013,2017,Black (includes Hispanic),11.1
13,Georgia,13225,Peach,2013,2017,Hispanic (all races),
13,Georgia,13225,Peach,2013,2017,American Indian/Alaskan Native (includes Hispanic),
13,Georgia,13225,Peach,2013,2017,White (includes Hispanic),9.3
13,Georgia,13225,Peach,2014,2018,Asian/Pacific Islander (includes Hispanic),
13,Georgia,13225,Peach,2014,2018,Black (includes Hispanic),10.2
13,Georgia,13225,Peach,2014,2018,Hispanic (all races),
13,Georgia,13225,Peach,2014,2018,American Indian/Alaskan Native (includes Hispanic),
13,Georgia,13225,Peach,2014,2018,White (includes Hispanic),9.2
13,Georgia,13225,Peach,2015,2019,Asian/Pacific Islander (includes Hispanic),
13,Georgia,13225,Peach,2015,2019,Black (includes Hispanic),9.4
13,Georgia,13225,Peach,2015,2019,Hispanic (all races),
13,Georgia,13225,Peach,2015,2019,American Indian/Alaskan Native (includes Hispanic),
13,Georgia,13225,Peach,2015,2019,White (includes Hispanic),10.6
13,Georgia,13225,Peach,2016,2020,Asian/Pacific Islander (includes Hispanic),
13,Georgia,13225,Peach,2016,2020,Black (includes Hispanic),10.3
13,Georgia,13225,Peach,2016,2020,Hispanic (all races),
13,Georgia,13225,Peach,2016,2020,American Indian/Alaskan Native (includes Hispanic),
13,Georgia,13225,Peach,2016,2020,White (includes Hispanic),9.7
13,Georgia,13227,Pickens,2011,2015,Asian/Pacific Islander (includes Hispanic),
13,Georgia,13227,Pickens,2011,2015,Black (includes Hispanic),
13,Georgia,13227,Pickens,2011,2015,Hispanic (all races),
13,Georgia,13227,Pickens,2011,2015,American Indian/Alaskan Native (includes Hispanic),
13,Georgia,13227,Pickens,2011,2015,White (includes Hispanic),7.8
13,Georgia,13227,Pickens,2012,2016,Asian/Pacific Islander (includes Hispanic),
13,Georgia,13227,Pickens,2012,2016,Black (includes Hispanic),
13,Georgia,13227,Pickens,2012,2016,Hispanic (all races),
13,Georgia,13227,Pickens,2012,2016,American Indian/Alaskan Native (includes Hispanic),
13,Georgia,13227,Pickens,2012,2016,White (includes Hispanic),8.7
13,Georgia,13227,Pickens,2013,2017,Asian/Pacific Islander (includes Hispanic),
13,Georgia,13227,Pickens,2013,2017,Black (includes Hispanic),
13,Georgia,13227,Pickens,2013,2017,Hispanic (all races),
13,Georgia,13227,Pickens,2013,2017,American Indian/Alaskan Native (includes Hispanic),
13,Georgia,13227,Pickens,2013,2017,White (includes Hispanic),8.9
13,Georgia,13227,Pickens,2014,2018,Asian/Pacific Islander (includes Hispanic),
13,Georgia,13227,Pickens,2014,2018,Black (includes Hispanic),
13,Georgia,13227,Pickens,2014,2018,Hispanic (all races),
13,Georgia,13227,Pickens,2014,2018,American Indian/Alaskan Native (includes Hispanic),
13,Georgia,13227,Pickens,2014,2018,White (includes Hispanic),9.3
13,Georgia,13227,Pickens,2015,2019,Asian/Pacific Islander (includes Hispanic),
13,Georgia,13227,Pickens,2015,2019,Black (includes Hispanic),
13,Georgia,13227,Pickens,2015,2019,Hispanic (all races),
13,Georgia,13227,Pickens,2015,2019,American Indian/Alaskan Native (includes Hispanic),
13,Georgia,13227,Pickens,2015,2019,White (includes Hispanic),10.0
13,Georgia,13227,Pickens,2016,2020,Asian/Pacific Islander (includes Hispanic),
13,Georgia,13227,Pickens,2016,2020,Black (includes Hispanic),
13,Georgia,13227,Pickens,2016,2020,Hispanic (all races),
13,Georgia,13227,Pickens,2016,2020,American Indian/Alaskan Native (includes Hispanic),
13,Georgia,13227,Pickens,2016,2020,White (includes Hispanic),9.5
13,Georgia,13229,Pierce,2011,2015,Asian/Pacific Islander (includes Hispanic),
13,Georgia,13229,Pierce,2011,2015,Black (includes Hispanic),
13,Georgia,13229,Pierce,2011,2015,Hispanic (all races),
13,Georgia,13229,Pierce,2011,2015,American Indian/Alaskan Native (includes Hispanic),
13,Georgia,13229,Pierce,2011,2015,White (includes Hispanic),10.1
13,Georgia,13229,Pierce,2012,2016,Asian/Pacific Islander (includes Hispanic),
13,Georgia,13229,Pierce,2012,2016,Black (includes Hispanic),
13,Georgia,13229,Pierce,2012,2016,Hispanic (all races),
13,Georgia,13229,Pierce,2012,2016,American Indian/Alaskan Native (includes Hispanic),
13,Georgia,13229,Pierce,2012,2016,White (includes Hispanic),10.2
13,Georgia,13229,Pierce,2013,2017,Asian/Pacific Islander (includes Hispanic),
13,Georgia,13229,Pierce,2013,2017,Black (includes Hispanic),
13,Georgia,13229,Pierce,2013,2017,Hispanic (all races),
13,Georgia,13229,Pierce,2013,2017,American Indian/Alaskan Native (includes Hispanic),
13,Georgia,13229,Pierce,2013,2017,White (includes Hispanic),9.7
13,Georgia,13229,Pierce,2014,2018,Asian/Pacific Islander (includes Hispanic),
13,Georgia,13229,Pierce,2014,2018,Black (includes Hispanic),
13,Georgia,13229,Pierce,2014,2018,Hispanic (all races),
13,Georgia,13229,Pierce,2014,2018,American Indian/Alaskan Native (includes Hispanic),
13,Georgia,13229,Pierce,2014,2018,White (includes Hispanic),10.0
13,Georgia,13229,Pierce,2015,2019,Asian/Pacific Islander (includes Hispanic),
13,Georgia,13229,Pierce,2015,2019,Black (includes Hispanic),
13,Georgia,13229,Pierce,2015,2019,Hispanic (all races),
13,Georgia,13229,Pierce,2015,2019,American Indian/Alaskan Native (includes Hispanic),
13,Georgia,13229,Pierce,2015,2019,White (includes Hispanic),8.9
13,Georgia,13229,Pierce,2016,2020,Asian/Pacific Islander (includes Hispanic),
13,Georgia,13229,Pierce,2016,2020,Black (includes Hispanic),
13,Georgia,13229,Pierce,2016,2020,Hispanic (all races),
13,Georgia,13229,Pierce,2016,2020,American Indian/Alaskan Native (includes Hispanic),
13,Georgia,13229,Pierce,2016,2020,White (includes Hispanic),8.5
13,Georgia,13231,Pike,2011,2015,Asian/Pacific Islander (includes Hispanic),
13,Georgia,13231,Pike,2011,2015,Black (includes Hispanic),15.3
13,Georgia,13231,Pike,2011,2015,Hispanic (all races),
13,Georgia,13231,Pike,2011,2015,American Indian/Alaskan Native (includes Hispanic),
13,Georgia,13231,Pike,2011,2015,White (includes Hispanic),10.9
13,Georgia,13231,Pike,2012,2016,Asian/Pacific Islander (includes Hispanic),
13,Georgia,13231,Pike,2012,2016,Black (includes Hispanic),16.0
13,Georgia,13231,Pike,2012,2016,Hispanic (all races),
13,Georgia,13231,Pike,2012,2016,American Indian/Alaskan Native (includes Hispanic),
13,Georgia,13231,Pike,2012,2016,White (includes Hispanic),10.5
13,Georgia,13231,Pike,2013,2017,Asian/Pacific Islander (includes Hispanic),
13,Georgia,13231,Pike,2013,2017,Black (includes Hispanic),17.3
13,Georgia,13231,Pike,2013,2017,Hispanic (all races),
13,Georgia,13231,Pike,2013,2017,American Indian/Alaskan Native (includes Hispanic),
13,Georgia,13231,Pike,2013,2017,White (includes Hispanic),9.5
13,Georgia,13231,Pike,2014,2018,Asian/Pacific Islander (includes Hispanic),
13,Georgia,13231,Pike,2014,2018,Black (includes Hispanic),
13,Georgia,13231,Pike,2014,2018,Hispanic (all races),
13,Georgia,13231,Pike,2014,2018,American Indian/Alaskan Native (includes Hispanic),
13,Georgia,13231,Pike,2014,2018,White (includes Hispanic),10.3
13,Georgia,13231,Pike,2015,2019,Asian/Pacific Islander (includes Hispanic),
13,Georgia,13231,Pike,2015,2019,Black (includes Hispanic),
13,Georgia,13231,Pike,2015,2019,Hispanic (all races),
13,Georgia,13231,Pike,2015,2019,American Indian/Alaskan Native (includes Hispanic),
13,Georgia,13231,Pike,2015,2019,White (includes Hispanic),11.0
13,Georgia,13231,Pike,2016,2020,Asian/Pacific Islander (includes Hispanic),
13,Georgia,13231,Pike,2016,2020,Black (includes Hispanic),
13,Georgia,13231,Pike,2016,2020,Hispanic (all races),
13,Georgia,13231,Pike,2016,2020,American Indian/Alaskan Native (includes Hispanic),
13,Georgia,13231,Pike,2016,2020,White (includes Hispanic),10.7
13,Georgia,13233,Polk,2011,2015,Asian/Pacific Islander (includes Hispanic),
13,Georgia,13233,Polk,2011,2015,Black (includes Hispanic),
13,Georgia,13233,Polk,2011,2015,Hispanic (all races),
13,Georgia,13233,Polk,2011,2015,American Indian/Alaskan Native (includes Hispanic),
13,Georgia,13233,Polk,2011,2015,White (includes Hispanic),11.6
13,Georgia,13233,Polk,2012,2016,Asian/Pacific Islander (includes Hispanic),
13,Georgia,13233,Polk,2012,2016,Black (includes Hispanic),
13,Georgia,13233,Polk,2012,2016,Hispanic (all races),
13,Georgia,13233,Polk,2012,2016,American Indian/Alaskan Native (includes Hispanic),
13,Georgia,13233,Polk,2012,2016,White (includes Hispanic),11.2
13,Georgia,13233,Polk,2013,2017,Asian/Pacific Islander (includes Hispanic),
13,Georgia,13233,Polk,2013,2017,Black (includes Hispanic),
13,Georgia,13233,Polk,2013,2017,Hispanic (all races),
13,Georgia,13233,Polk,2013,2017,American Indian/Alaskan Native (includes Hispanic),
13,Georgia,13233,Polk,2013,2017,White (includes Hispanic),10.9
13,Georgia,13233,Polk,2014,2018,Asian/Pacific Islander (includes Hispanic),
13,Georgia,13233,Polk,2014,2018,Black (includes Hispanic),
13,Georgia,13233,Polk,2014,2018,Hispanic (all races),
13,Georgia,13233,Polk,2014,2018,American Indian/Alaskan Native (includes Hispanic),
13,Georgia,13233,Polk,2014,2018,White (includes Hispanic),11.1
13,Georgia,13233,Polk,2015,2019,Asian/Pacific Islander (includes Hispanic),
13,Georgia,13233,Polk,2015,2019,Black (includes Hispanic),
13,Georgia,13233,Polk,2015,2019,Hispanic (all races),
13,Georgia,13233,Polk,2015,2019,American Indian/Alaskan Native (includes Hispanic),
13,Georgia,13233,Polk,2015,2019,White (includes Hispanic),12.0
13,Georgia,13233,Polk,2016,2020,Asian/Pacific Islander (includes Hispanic),
13,Georgia,13233,Polk,2016,2020,Black (includes Hispanic),
13,Georgia,13233,Polk,2016,2020,Hispanic (all races),
13,Georgia,13233,Polk,2016,2020,American Indian/Alaskan Native (includes Hispanic),
13,Georgia,13233,Polk,2016,2020,White (includes Hispanic),11.3
13,Georgia,13235,Pulaski,2011,2015,Asian/Pacific Islander (includes Hispanic),
13,Georgia,13235,Pulaski,2011,2015,Black (includes Hispanic),10.3
13,Georgia,13235,Pulaski,2011,2015,Hispanic (all races),
13,Georgia,13235,Pulaski,2011,2015,American Indian/Alaskan Native (includes Hispanic),
13,Georgia,13235,Pulaski,2011,2015,White (includes Hispanic),6.1
13,Georgia,13235,Pulaski,2012,2016,Asian/Pacific Islander (includes Hispanic),
13,Georgia,13235,Pulaski,2012,2016,Black (includes Hispanic),11.2
13,Georgia,13235,Pulaski,2012,2016,Hispanic (all races),
13,Georgia,13235,Pulaski,2012,2016,American Indian/Alaskan Native (includes Hispanic),
13,Georgia,13235,Pulaski,2012,2016,White (includes Hispanic),7.2
13,Georgia,13235,Pulaski,2013,2017,Asian/Pacific Islander (includes Hispanic),
13,Georgia,13235,Pulaski,2013,2017,Black (includes Hispanic),11.3
13,Georgia,13235,Pulaski,2013,2017,Hispanic (all races),
13,Georgia,13235,Pulaski,2013,2017,American Indian/Alaskan Native (includes Hispanic),
13,Georgia,13235,Pulaski,2013,2017,White (includes Hispanic),8.3
13,Georgia,13235,Pulaski,2014,2018,Asian/Pacific Islander (includes Hispanic),
13,Georgia,13235,Pulaski,2014,2018,Black (includes Hispanic),10.7
13,Georgia,13235,Pulaski,2014,2018,Hispanic (all races),
13,Georgia,13235,Pulaski,2014,2018,American Indian/Alaskan Native (includes Hispanic),
13,Georgia,13235,Pulaski,2014,2018,White (includes Hispanic),7.5
13,Georgia,13235,Pulaski,2015,2019,Asian/Pacific Islander (includes Hispanic),
13,Georgia,13235,Pulaski,2015,2019,Black (includes Hispanic),10.6
13,Georgia,13235,Pulaski,2015,2019,Hispanic (all races),
13,Georgia,13235,Pulaski,2015,2019,American Indian/Alaskan Native (includes Hispanic),
13,Georgia,13235,Pulaski,2015,2019,White (includes Hispanic),9.1
13,Georgia,13235,Pulaski,2016,2020,Asian/Pacific Islander (includes Hispanic),
13,Georgia,13235,Pulaski,2016,2020,Black (includes Hispanic),10.4
13,Georgia,13235,Pulaski,2016,2020,Hispanic (all races),
13,Georgia,13235,Pulaski,2016,2020,American Indian/Alaskan Native (includes Hispanic),
13,Georgia,13235,Pulaski,2016,2020,White (includes Hispanic),9.3
13,Georgia,13237,Putnam,2011,2015,Asian/Pacific Islander (includes Hispanic),
13,Georgia,13237,Putnam,2011,2015,Black (includes Hispanic),
13,Georgia,13237,Putnam,2011,2015,Hispanic (all races),
13,Georgia,13237,Putnam,2011,2015,American Indian/Alaskan Native (includes Hispanic),
13,Georgia,13237,Putnam,2011,2015,White (includes Hispanic),
13,Georgia,13237,Putnam,2012,2016,Asian/Pacific Islander (includes Hispanic),
13,Georgia,13237,Putnam,2012,2016,Black (includes Hispanic),
13,Georgia,13237,Putnam,2012,2016,Hispanic (all races),
13,Georgia,13237,Putnam,2012,2016,American Indian/Alaskan Native (includes Hispanic),
13,Georgia,13237,Putnam,2012,2016,White (includes Hispanic),
13,Georgia,13237,Putnam,2013,2017,Asian/Pacific Islander (includes Hispanic),
13,Georgia,13237,Putnam,2013,2017,Black (includes Hispanic),
13,Georgia,13237,Putnam,2013,2017,Hispanic (all races),
13,Georgia,13237,Putnam,2013,2017,American Indian/Alaskan Native (includes Hispanic),
13,Georgia,13237,Putnam,2013,2017,White (includes Hispanic),
13,Georgia,13237,Putnam,2014,2018,Asian/Pacific Islander (includes Hispanic),
13,Georgia,13237,Putnam,2014,2018,Black (includes Hispanic),
13,Georgia,13237,Putnam,2014,2018,Hispanic (all races),
13,Georgia,13237,Putnam,2014,2018,American Indian/Alaskan Native (includes Hispanic),
13,Georgia,13237,Putnam,2014,2018,White (includes Hispanic),
13,Georgia,13237,Putnam,2015,2019,Asian/Pacific Islander (includes Hispanic),
13,Georgia,13237,Putnam,2015,2019,Black (includes Hispanic),
13,Georgia,13237,Putnam,2015,2019,Hispanic (all races),
13,Georgia,13237,Putnam,2015,2019,American Indian/Alaskan Native (includes Hispanic),
13,Georgia,13237,Putnam,2015,2019,White (includes Hispanic),
13,Georgia,13237,Putnam,2016,2020,Asian/Pacific Islander (includes Hispanic),
13,Georgia,13237,Putnam,2016,2020,Black (includes Hispanic),
13,Georgia,13237,Putnam,2016,2020,Hispanic (all races),
13,Georgia,13237,Putnam,2016,2020,American Indian/Alaskan Native (includes Hispanic),
13,Georgia,13237,Putnam,2016,2020,White (includes Hispanic),
13,Georgia,13239,Quitman,2011,2015,Asian/Pacific Islander (includes Hispanic),
13,Georgia,13239,Quitman,2011,2015,Black (includes Hispanic),
13,Georgia,13239,Quitman,2011,2015,Hispanic (all races),
13,Georgia,13239,Quitman,2011,2015,American Indian/Alaskan Native (includes Hispanic),
13,Georgia,13239,Quitman,2011,2015,White (includes Hispanic),
13,Georgia,13239,Quitman,2012,2016,Asian/Pacific Islander (includes Hispanic),
13,Georgia,13239,Quitman,2012,2016,Black (includes Hispanic),
13,Georgia,13239,Quitman,2012,2016,Hispanic (all races),
13,Georgia,13239,Quitman,2012,2016,American Indian/Alaskan Native (includes Hispanic),
13,Georgia,13239,Quitman,2012,2016,White (includes Hispanic),
13,Georgia,13239,Quitman,2013,2017,Asian/Pacific Islander (includes Hispanic),
13,Georgia,13239,Quitman,2013,2017,Black (includes Hispanic),
13,Georgia,13239,Quitman,2013,2017,Hispanic (all races),
13,Georgia,13239,Quitman,2013,2017,American Indian/Alaskan Native (includes Hispanic),
13,Georgia,13239,Quitman,2013,2017,White (includes Hispanic),
13,Georgia,13239,Quitman,2014,2018,Asian/Pacific Islander (includes Hispanic),
13,Georgia,13239,Quitman,2014,2018,Black (includes Hispanic),
13,Georgia,13239,Quitman,2014,2018,Hispanic (all races),
13,Georgia,13239,Quitman,2014,2018,American Indian/Alaskan Native (includes Hispanic),
13,Georgia,13239,Quitman,2014,2018,White (includes Hispanic),
13,Georgia,13239,Quitman,2015,2019,Asian/Pacific Islander (includes Hispanic),
13,Georgia,13239,Quitman,2015,2019,Black (includes Hispanic),
13,Georgia,13239,Quitman,2015,2019,Hispanic (all races),
13,Georgia,13239,Quitman,2015,2019,American Indian/Alaskan Native (includes Hispanic),
13,Georgia,13239,Quitman,2015,2019,White (includes Hispanic),
13,Georgia,13239,Quitman,2016,2020,Asian/Pacific Islander (includes Hispanic),
13,Georgia,13239,Quitman,2016,2020,Black (includes Hispanic),
13,Georgia,13239,Quitman,2016,2020,Hispanic (all races),
13,Georgia,13239,Quitman,2016,2020,American Indian/Alaskan Native (includes Hispanic),
13,Georgia,13239,Quitman,2016,2020,White (includes Hispanic),
13,Georgia,13241,Rabun,2011,2015,Asian/Pacific Islander (includes Hispanic),
13,Georgia,13241,Rabun,2011,2015,Black (includes Hispanic),
13,Georgia,13241,Rabun,2011,2015,Hispanic (all races),
13,Georgia,13241,Rabun,2011,2015,American Indian/Alaskan Native (includes Hispanic),
13,Georgia,13241,Rabun,2011,2015,White (includes Hispanic),7.1
13,Georgia,13241,Rabun,2012,2016,Asian/Pacific Islander (includes Hispanic),
13,Georgia,13241,Rabun,2012,2016,Black (includes Hispanic),
13,Georgia,13241,Rabun,2012,2016,Hispanic (all races),
13,Georgia,13241,Rabun,2012,2016,American Indian/Alaskan Native (includes Hispanic),
13,Georgia,13241,Rabun,2012,2016,White (includes Hispanic),7.0
13,Georgia,13241,Rabun,2013,2017,Asian/Pacific Islander (includes Hispanic),
13,Georgia,13241,Rabun,2013,2017,Black (includes Hispanic),
13,Georgia,13241,Rabun,2013,2017,Hispanic (all races),
13,Georgia,13241,Rabun,2013,2017,American Indian/Alaskan Native (includes Hispanic),
13,Georgia,13241,Rabun,2013,2017,White (includes Hispanic),7.4
13,Georgia,13241,Rabun,2014,2018,Asian/Pacific Islander (includes Hispanic),
13,Georgia,13241,Rabun,2014,2018,Black (includes Hispanic),
13,Georgia,13241,Rabun,2014,2018,Hispanic (all races),
13,Georgia,13241,Rabun,2014,2018,American Indian/Alaskan Native (includes Hispanic),
13,Georgia,13241,Rabun,2014,2018,White (includes Hispanic),7.7
13,Georgia,13241,Rabun,2015,2019,Asian/Pacific Islander (includes Hispanic),
13,Georgia,13241,Rabun,2015,2019,Black (includes Hispanic),
13,Georgia,13241,Rabun,2015,2019,Hispanic (all races),
13,Georgia,13241,Rabun,2015,2019,American Indian/Alaskan Native (includes Hispanic),
13,Georgia,13241,Rabun,2015,2019,White (includes Hispanic),8.7
13,Georgia,13241,Rabun,2016,2020,Asian/Pacific Islander (includes Hispanic),
13,Georgia,13241,Rabun,2016,2020,Black (includes Hispanic),
13,Georgia,13241,Rabun,2016,2020,Hispanic (all races),
13,Georgia,13241,Rabun,2016,2020,American Indian/Alaskan Native (includes Hispanic),
13,Georgia,13241,Rabun,2016,2020,White (includes Hispanic),8.8
13,Georgia,13243,Randolph,2011,2015,Asian/Pacific Islander (includes Hispanic),
13,Georgia,13243,Randolph,2011,2015,Black (includes Hispanic),
13,Georgia,13243,Randolph,2011,2015,Hispanic (all races),
13,Georgia,13243,Randolph,2011,2015,American Indian/Alaskan Native (includes Hispanic),
13,Georgia,13243,Randolph,2011,2015,White (includes Hispanic),
13,Georgia,13243,Randolph,2012,2016,Asian/Pacific Islander (includes Hispanic),
13,Georgia,13243,Randolph,2012,2016,Black (includes Hispanic),
13,Georgia,13243,Randolph,2012,2016,Hispanic (all races),
13,Georgia,13243,Randolph,2012,2016,American Indian/Alaskan Native (includes Hispanic),
13,Georgia,13243,Randolph,2012,2016,White (includes Hispanic),
13,Georgia,13243,Randolph,2013,2017,Asian/Pacific Islander (includes Hispanic),
13,Georgia,13243,Randolph,2013,2017,Black (includes Hispanic),
13,Georgia,13243,Randolph,2013,2017,Hispanic (all races),
13,Georgia,13243,Randolph,2013,2017,American Indian/Alaskan Native (includes Hispanic),
13,Georgia,13243,Randolph,2013,2017,White (includes Hispanic),
13,Georgia,13243,Randolph,2014,2018,Asian/Pacific Islander (includes Hispanic),
13,Georgia,13243,Randolph,2014,2018,Black (includes Hispanic),
13,Georgia,13243,Randolph,2014,2018,Hispanic (all races),
13,Georgia,13243,Randolph,2014,2018,American Indian/Alaskan Native (includes Hispanic),
13,Georgia,13243,Randolph,2014,2018,White (includes Hispanic),
13,Georgia,13243,Randolph,2015,2019,Asian/Pacific Islander (includes Hispanic),
13,Georgia,13243,Randolph,2015,2019,Black (includes Hispanic),
13,Georgia,13243,Randolph,2015,2019,Hispanic (all races),
13,Georgia,13243,Randolph,2015,2019,American Indian/Alaskan Native (includes Hispanic),
13,Georgia,13243,Randolph,2015,2019,White (includes Hispanic),
13,Georgia,13243,Randolph,2016,2020,Asian/Pacific Islander (includes Hispanic),
13,Georgia,13243,Randolph,2016,2020,Black (includes Hispanic),
13,Georgia,13243,Randolph,2016,2020,Hispanic (all races),
13,Georgia,13243,Randolph,2016,2020,American Indian/Alaskan Native (includes Hispanic),
13,Georgia,13243,Randolph,2016,2020,White (includes Hispanic),
13,Georgia,13245,Richmond,2011,2015,Asian/Pacific Islander (includes Hispanic),
13,Georgia,13245,Richmond,2011,2015,Black (includes Hispanic),9.0
13,Georgia,13245,Richmond,2011,2015,Hispanic (all races),
13,Georgia,13245,Richmond,2011,2015,American Indian/Alaskan Native (includes Hispanic),
13,Georgia,13245,Richmond,2011,2015,White (includes Hispanic),8.9
13,Georgia,13245,Richmond,2012,2016,Asian/Pacific Islander (includes Hispanic),
13,Georgia,13245,Richmond,2012,2016,Black (includes Hispanic),8.9
13,Georgia,13245,Richmond,2012,2016,Hispanic (all races),
13,Georgia,13245,Richmond,2012,2016,American Indian/Alaskan Native (includes Hispanic),
13,Georgia,13245,Richmond,2012,2016,White (includes Hispanic),8.4
13,Georgia,13245,Richmond,2013,2017,Asian/Pacific Islander (includes Hispanic),
13,Georgia,13245,Richmond,2013,2017,Black (includes Hispanic),8.5
13,Georgia,13245,Richmond,2013,2017,Hispanic (all races),
13,Georgia,13245,Richmond,2013,2017,American Indian/Alaskan Native (includes Hispanic),
13,Georgia,13245,Richmond,2013,2017,White (includes Hispanic),8.0
13,Georgia,13245,Richmond,2014,2018,Asian/Pacific Islander (includes Hispanic),
13,Georgia,13245,Richmond,2014,2018,Black (includes Hispanic),8.8
13,Georgia,13245,Richmond,2014,2018,Hispanic (all races),
13,Georgia,13245,Richmond,2014,2018,American Indian/Alaskan Native (includes Hispanic),
13,Georgia,13245,Richmond,2014,2018,White (includes Hispanic),8.1
13,Georgia,13245,Richmond,2015,2019,Asian/Pacific Islander (includes Hispanic),
13,Georgia,13245,Richmond,2015,2019,Black (includes Hispanic),9.3
13,Georgia,13245,Richmond,2015,2019,Hispanic (all races),
13,Georgia,13245,Richmond,2015,2019,American Indian/Alaskan Native (includes Hispanic),
13,Georgia,13245,Richmond,2015,2019,White (includes Hispanic),8.4
13,Georgia,13245,Richmond,2016,2020,Asian/Pacific Islander (includes Hispanic),
13,Georgia,13245,Richmond,2016,2020,Black (includes Hispanic),9.1
13,Georgia,13245,Richmond,2016,2020,Hispanic (all races),
13,Georgia,13245,Richmond,2016,2020,American Indian/Alaskan Native (includes Hispanic),
13,Georgia,13245,Richmond,2016,2020,White (includes Hispanic),8.8
13,Georgia,13247,Rockdale,2011,2015,Asian/Pacific Islander (includes Hispanic),5.9
13,Georgia,13247,Rockdale,2011,2015,Black (includes Hispanic),6.8
13,Georgia,13247,Rockdale,2011,2015,Hispanic (all races),10.1
13,Georgia,13247,Rockdale,2011,2015,American Indian/Alaskan Native (includes Hispanic),
13,Georgia,13247,Rockdale,2011,2015,White (includes Hispanic),8.1
13,Georgia,13247,Rockdale,2012,2016,Asian/Pacific Islander (includes Hispanic),6.8
13,Georgia,13247,Rockdale,2012,2016,Black (includes Hispanic),6.6
13,Georgia,13247,Rockdale,2012,2016,Hispanic (all races),10.3
13,Georgia,13247,Rockdale,2012,2016,American Indian/Alaskan Native (includes Hispanic),
13,Georgia,13247,Rockdale,2012,2016,White (includes Hispanic),7.6
13,Georgia,13247,Rockdale,2013,2017,Asian/Pacific Islander (includes Hispanic),7.2
13,Georgia,13247,Rockdale,2013,2017,Black (includes Hispanic),6.6
13,Georgia,13247,Rockdale,2013,2017,Hispanic (all races),10.4
13,Georgia,13247,Rockdale,2013,2017,American Indian/Alaskan Native (includes Hispanic),
13,Georgia,13247,Rockdale,2013,2017,White (includes Hispanic),7.5
13,Georgia,13247,Rockdale,2014,2018,Asian/Pacific Islander (includes Hispanic),6.2
13,Georgia,13247,Rockdale,2014,2018,Black (includes Hispanic),6.7
13,Georgia,13247,Rockdale,2014,2018,Hispanic (all races),9.4
13,Georgia,13247,Rockdale,2014,2018,American Indian/Alaskan Native (includes Hispanic),
13,Georgia,13247,Rockdale,2014,2018,White (includes Hispanic),7.7
13,Georgia,13247,Rockdale,2015,2019,Asian/Pacific Islander (includes Hispanic),5.8
13,Georgia,13247,Rockdale,2015,2019,Black (includes Hispanic),7.0
13,Georgia,13247,Rockdale,2015,2019,Hispanic (all races),10.5
13,Georgia,13247,Rockdale,2015,2019,American Indian/Alaskan Native (includes Hispanic),
13,Georgia,13247,Rockdale,2015,2019,White (includes Hispanic),8.0
13,Georgia,13247,Rockdale,2016,2020,Asian/Pacific Islander (includes Hispanic),7.2
13,Georgia,13247,Rockdale,2016,2020,Black (includes Hispanic),7.4
13,Georgia,13247,Rockdale,2016,2020,Hispanic (all races),10.9
13,Georgia,13247,Rockdale,2016,2020,American Indian/Alaskan Native (includes Hispanic),
13,Georgia,13247,Rockdale,2016,2020,White (includes Hispanic),6.9
13,Georgia,13249,Schley,2011,2015,Asian/Pacific Islander (includes Hispanic),
13,Georgia,13249,Schley,2011,2015,Black (includes Hispanic),
13,Georgia,13249,Schley,2011,2015,Hispanic (all races),
13,Georgia,13249,Schley,2011,2015,American Indian/Alaskan Native (includes Hispanic),
13,Georgia,13249,Schley,2011,2015,White (includes Hispanic),
13,Georgia,13249,Schley,2012,2016,Asian/Pacific Islander (includes Hispanic),
13,Georgia,13249,Schley,2012,2016,Black (includes Hispanic),
13,Georgia,13249,Schley,2012,2016,Hispanic (all races),
13,Georgia,13249,Schley,2012,2016,American Indian/Alaskan Native (includes Hispanic),
13,Georgia,13249,Schley,2012,2016,White (includes Hispanic),
13,Georgia,13249,Schley,2013,2017,Asian/Pacific Islander (includes Hispanic),
13,Georgia,13249,Schley,2013,2017,Black (includes Hispanic),
13,Georgia,13249,Schley,2013,2017,Hispanic (all races),
13,Georgia,13249,Schley,2013,2017,American Indian/Alaskan Native (includes Hispanic),
13,Georgia,13249,Schley,2013,2017,White (includes Hispanic),
13,Georgia,13249,Schley,2014,2018,Asian/Pacific Islander (includes Hispanic),
13,Georgia,13249,Schley,2014,2018,Black (includes Hispanic),
13,Georgia,13249,Schley,2014,2018,Hispanic (all races),
13,Georgia,13249,Schley,2014,2018,American Indian/Alaskan Native (includes Hispanic),
13,Georgia,13249,Schley,2014,2018,White (includes Hispanic),
13,Georgia,13249,Schley,2015,2019,Asian/Pacific Islander (includes Hispanic),
13,Georgia,13249,Schley,2015,2019,Black (includes Hispanic),
13,Georgia,13249,Schley,2015,2019,Hispanic (all races),
13,Georgia,13249,Schley,2015,2019,American Indian/Alaskan Native (includes Hispanic),
13,Georgia,13249,Schley,2015,2019,White (includes Hispanic),
13,Georgia,13249,Schley,2016,2020,Asian/Pacific Islander (includes Hispanic),
13,Georgia,13249,Schley,2016,2020,Black (includes Hispanic),
13,Georgia,13249,Schley,2016,2020,Hispanic (all races),
13,Georgia,13249,Schley,2016,2020,American Indian/Alaskan Native (includes Hispanic),
13,Georgia,13249,Schley,2016,2020,White (includes Hispanic),
13,Georgia,13251,Screven,2011,2015,Asian/Pacific Islander (includes Hispanic),
13,Georgia,13251,Screven,2011,2015,Black (includes Hispanic),9.9
13,Georgia,13251,Screven,2011,2015,Hispanic (all races),
13,Georgia,13251,Screven,2011,2015,American Indian/Alaskan Native (includes Hispanic),
13,Georgia,13251,Screven,2011,2015,White (includes Hispanic),8.5
13,Georgia,13251,Screven,2012,2016,Asian/Pacific Islander (includes Hispanic),
13,Georgia,13251,Screven,2012,2016,Black (includes Hispanic),10.2
13,Georgia,13251,Screven,2012,2016,Hispanic (all races),
13,Georgia,13251,Screven,2012,2016,American Indian/Alaskan Native (includes Hispanic),
13,Georgia,13251,Screven,2012,2016,White (includes Hispanic),7.3
13,Georgia,13251,Screven,2013,2017,Asian/Pacific Islander (includes Hispanic),
13,Georgia,13251,Screven,2013,2017,Black (includes Hispanic),9.2
13,Georgia,13251,Screven,2013,2017,Hispanic (all races),
13,Georgia,13251,Screven,2013,2017,American Indian/Alaskan Native (includes Hispanic),
13,Georgia,13251,Screven,2013,2017,White (includes Hispanic),6.9
13,Georgia,13251,Screven,2014,2018,Asian/Pacific Islander (includes Hispanic),
13,Georgia,13251,Screven,2014,2018,Black (includes Hispanic),
13,Georgia,13251,Screven,2014,2018,Hispanic (all races),
13,Georgia,13251,Screven,2014,2018,American Indian/Alaskan Native (includes Hispanic),
13,Georgia,13251,Screven,2014,2018,White (includes Hispanic),8.2
13,Georgia,13251,Screven,2015,2019,Asian/Pacific Islander (includes Hispanic),
13,Georgia,13251,Screven,2015,2019,Black (includes Hispanic),
13,Georgia,13251,Screven,2015,2019,Hispanic (all races),
13,Georgia,13251,Screven,2015,2019,American Indian/Alaskan Native (includes Hispanic),
13,Georgia,13251,Screven,2015,2019,White (includes Hispanic),6.9
13,Georgia,13251,Screven,2016,2020,Asian/Pacific Islander (includes Hispanic),
13,Georgia,13251,Screven,2016,2020,Black (includes Hispanic),11.0
13,Georgia,13251,Screven,2016,2020,Hispanic (all races),
13,Georgia,13251,Screven,2016,2020,American Indian/Alaskan Native (includes Hispanic),
13,Georgia,13251,Screven,2016,2020,White (includes Hispanic),7.5
13,Georgia,13253,Seminole,2011,2015,Asian/Pacific Islander (includes Hispanic),
13,Georgia,13253,Seminole,2011,2015,Black (includes Hispanic),11.8
13,Georgia,13253,Seminole,2011,2015,Hispanic (all races),
13,Georgia,13253,Seminole,2011,2015,American Indian/Alaskan Native (includes Hispanic),
13,Georgia,13253,Seminole,2011,2015,White (includes Hispanic),12.1
13,Georgia,13253,Seminole,2012,2016,Asian/Pacific Islander (includes Hispanic),
13,Georgia,13253,Seminole,2012,2016,Black (includes Hispanic),12.0
13,Georgia,13253,Seminole,2012,2016,Hispanic (all races),
13,Georgia,13253,Seminole,2012,2016,American Indian/Alaskan Native (includes Hispanic),
13,Georgia,13253,Seminole,2012,2016,White (includes Hispanic),11.4
13,Georgia,13253,Seminole,2013,2017,Asian/Pacific Islander (includes Hispanic),
13,Georgia,13253,Seminole,2013,2017,Black (includes Hispanic),11.4
13,Georgia,13253,Seminole,2013,2017,Hispanic (all races),
13,Georgia,13253,Seminole,2013,2017,American Indian/Alaskan Native (includes Hispanic),
13,Georgia,13253,Seminole,2013,2017,White (includes Hispanic),9.2
13,Georgia,13253,Seminole,2014,2018,Asian/Pacific Islander (includes Hispanic),
13,Georgia,13253,Seminole,2014,2018,Black (includes Hispanic),11.4
13,Georgia,13253,Seminole,2014,2018,Hispanic (all races),
13,Georgia,13253,Seminole,2014,2018,American Indian/Alaskan Native (includes Hispanic),
13,Georgia,13253,Seminole,2014,2018,White (includes Hispanic),9.1
13,Georgia,13253,Seminole,2015,2019,Asian/Pacific Islander (includes Hispanic),
13,Georgia,13253,Seminole,2015,2019,Black (includes Hispanic),10.5
13,Georgia,13253,Seminole,2015,2019,Hispanic (all races),
13,Georgia,13253,Seminole,2015,2019,American Indian/Alaskan Native (includes Hispanic),
13,Georgia,13253,Seminole,2015,2019,White (includes Hispanic),7.5
13,Georgia,13253,Seminole,2016,2020,Asian/Pacific Islander (includes Hispanic),
13,Georgia,13253,Seminole,2016,2020,Black (includes Hispanic),9.8
13,Georgia,13253,Seminole,2016,2020,Hispanic (all races),
13,Georgia,13253,Seminole,2016,2020,American Indian/Alaskan Native (includes Hispanic),
13,Georgia,13253,Seminole,2016,2020,White (includes Hispanic),7.3
13,Georgia,13255,Spalding,2011,2015,Asian/Pacific Islander (includes Hispanic),
13,Georgia,13255,Spalding,2011,2015,Black (includes Hispanic),7.9
13,Georgia,13255,Spalding,2011,2015,Hispanic (all races),14.8
13,Georgia,13255,Spalding,2011,2015,American Indian/Alaskan Native (includes Hispanic),
13,Georgia,13255,Spalding,2011,2015,White (includes Hispanic),9.1
13,Georgia,13255,Spalding,2012,2016,Asian/Pacific Islander (includes Hispanic),
13,Georgia,13255,Spalding,2012,2016,Black (includes Hispanic),8.2
13,Georgia,13255,Spalding,2012,2016,Hispanic (all races),16.2
13,Georgia,13255,Spalding,2012,2016,American Indian/Alaskan Native (includes Hispanic),
13,Georgia,13255,Spalding,2012,2016,White (includes Hispanic),8.9
13,Georgia,13255,Spalding,2013,2017,Asian/Pacific Islander (includes Hispanic),
13,Georgia,13255,Spalding,2013,2017,Black (includes Hispanic),8.7
13,Georgia,13255,Spalding,2013,2017,Hispanic (all races),17.1
13,Georgia,13255,Spalding,2013,2017,American Indian/Alaskan Native (includes Hispanic),
13,Georgia,13255,Spalding,2013,2017,White (includes Hispanic),8.7
13,Georgia,13255,Spalding,2014,2018,Asian/Pacific Islander (includes Hispanic),
13,Georgia,13255,Spalding,2014,2018,Black (includes Hispanic),9.0
13,Georgia,13255,Spalding,2014,2018,Hispanic (all races),17.6
13,Georgia,13255,Spalding,2014,2018,American Indian/Alaskan Native (includes Hispanic),
13,Georgia,13255,Spalding,2014,2018,White (includes Hispanic),9.1
13,Georgia,13255,Spalding,2015,2019,Asian/Pacific Islander (includes Hispanic),
13,Georgia,13255,Spalding,2015,2019,Black (includes Hispanic),9.9
13,Georgia,13255,Spalding,2015,2019,Hispanic (all races),19.9
13,Georgia,13255,Spalding,2015,2019,American Indian/Alaskan Native (includes Hispanic),
13,Georgia,13255,Spalding,2015,2019,White (includes Hispanic),8.4
13,Georgia,13255,Spalding,2016,2020,Asian/Pacific Islander (includes Hispanic),
13,Georgia,13255,Spalding,2016,2020,Black (includes Hispanic),10.2
13,Georgia,13255,Spalding,2016,2020,Hispanic (all races),17.6
13,Georgia,13255,Spalding,2016,2020,American Indian/Alaskan Native (includes Hispanic),
13,Georgia,13255,Spalding,2016,2020,White (includes Hispanic),7.5
13,Georgia,13257,Stephens,2011,2015,Asian/Pacific Islander (includes Hispanic),
13,Georgia,13257,Stephens,2011,2015,Black (includes Hispanic),
13,Georgia,13257,Stephens,2011,2015,Hispanic (all races),
13,Georgia,13257,Stephens,2011,2015,American Indian/Alaskan Native (includes Hispanic),
13,Georgia,13257,Stephens,2011,2015,White (includes Hispanic),8.8
13,Georgia,13257,Stephens,2012,2016,Asian/Pacific Islander (includes Hispanic),
13,Georgia,13257,Stephens,2012,2016,Black (includes Hispanic),
13,Georgia,13257,Stephens,2012,2016,Hispanic (all races),
13,Georgia,13257,Stephens,2012,2016,American Indian/Alaskan Native (includes Hispanic),
13,Georgia,13257,Stephens,2012,2016,White (includes Hispanic),8.1
13,Georgia,13257,Stephens,2013,2017,Asian/Pacific Islander (includes Hispanic),
13,Georgia,13257,Stephens,2013,2017,Black (includes Hispanic),
13,Georgia,13257,Stephens,2013,2017,Hispanic (all races),
13,Georgia,13257,Stephens,2013,2017,American Indian/Alaskan Native (includes Hispanic),
13,Georgia,13257,Stephens,2013,2017,White (includes Hispanic),8.5
13,Georgia,13257,Stephens,2014,2018,Asian/Pacific Islander (includes Hispanic),
13,Georgia,13257,Stephens,2014,2018,Black (includes Hispanic),
13,Georgia,13257,Stephens,2014,2018,Hispanic (all races),
13,Georgia,13257,Stephens,2014,2018,American Indian/Alaskan Native (includes Hispanic),
13,Georgia,13257,Stephens,2014,2018,White (includes Hispanic),8.4
13,Georgia,13257,Stephens,2015,2019,Asian/Pacific Islander (includes Hispanic),
13,Georgia,13257,Stephens,2015,2019,Black (includes Hispanic),
13,Georgia,13257,Stephens,2015,2019,Hispanic (all races),
13,Georgia,13257,Stephens,2015,2019,American Indian/Alaskan Native (includes Hispanic),
13,Georgia,13257,Stephens,2015,2019,White (includes Hispanic),9.1
13,Georgia,13257,Stephens,2016,2020,Asian/Pacific Islander (includes Hispanic),
13,Georgia,13257,Stephens,2016,2020,Black (includes Hispanic),
13,Georgia,13257,Stephens,2016,2020,Hispanic (all races),
13,Georgia,13257,Stephens,2016,2020,American Indian/Alaskan Native (includes Hispanic),
13,Georgia,13257,Stephens,2016,2020,White (includes Hispanic),9.5
13,Georgia,13259,Stewart,2011,2015,Asian/Pacific Islander (includes Hispanic),
13,Georgia,13259,Stewart,2011,2015,Black (includes Hispanic),
13,Georgia,13259,Stewart,2011,2015,Hispanic (all races),
13,Georgia,13259,Stewart,2011,2015,American Indian/Alaskan Native (includes Hispanic),
13,Georgia,13259,Stewart,2011,2015,White (includes Hispanic),
13,Georgia,13259,Stewart,2012,2016,Asian/Pacific Islander (includes Hispanic),
13,Georgia,13259,Stewart,2012,2016,Black (includes Hispanic),
13,Georgia,13259,Stewart,2012,2016,Hispanic (all races),
13,Georgia,13259,Stewart,2012,2016,American Indian/Alaskan Native (includes Hispanic),
13,Georgia,13259,Stewart,2012,2016,White (includes Hispanic),
13,Georgia,13259,Stewart,2013,2017,Asian/Pacific Islander (includes Hispanic),
13,Georgia,13259,Stewart,2013,2017,Black (includes Hispanic),
13,Georgia,13259,Stewart,2013,2017,Hispanic (all races),
13,Georgia,13259,Stewart,2013,2017,American Indian/Alaskan Native (includes Hispanic),
13,Georgia,13259,Stewart,2013,2017,White (includes Hispanic),
13,Georgia,13259,Stewart,2014,2018,Asian/Pacific Islander (includes Hispanic),
13,Georgia,13259,Stewart,2014,2018,Black (includes Hispanic),
13,Georgia,13259,Stewart,2014,2018,Hispanic (all races),
13,Georgia,13259,Stewart,2014,2018,American Indian/Alaskan Native (includes Hispanic),
13,Georgia,13259,Stewart,2014,2018,White (includes Hispanic),
13,Georgia,13259,Stewart,2015,2019,Asian/Pacific Islander (includes Hispanic),
13,Georgia,13259,Stewart,2015,2019,Black (includes Hispanic),
13,Georgia,13259,Stewart,2015,2019,Hispanic (all races),
13,Georgia,13259,Stewart,2015,2019,American Indian/Alaskan Native (includes Hispanic),
13,Georgia,13259,Stewart,2015,2019,White (includes Hispanic),
13,Georgia,13259,Stewart,2016,2020,Asian/Pacific Islander (includes Hispanic),
13,Georgia,13259,Stewart,2016,2020,Black (includes Hispanic),
13,Georgia,13259,Stewart,2016,2020,Hispanic (all races),
13,Georgia,13259,Stewart,2016,2020,American Indian/Alaskan Native (includes Hispanic),
13,Georgia,13259,Stewart,2016,2020,White (includes Hispanic),
13,Georgia,13261,Sumter,2011,2015,Asian/Pacific Islander (includes Hispanic),
13,Georgia,13261,Sumter,2011,2015,Black (includes Hispanic),
13,Georgia,13261,Sumter,2011,2015,Hispanic (all races),
13,Georgia,13261,Sumter,2011,2015,American Indian/Alaskan Native (includes Hispanic),
13,Georgia,13261,Sumter,2011,2015,White (includes Hispanic),
13,Georgia,13261,Sumter,2012,2016,Asian/Pacific Islander (includes Hispanic),
13,Georgia,13261,Sumter,2012,2016,Black (includes Hispanic),
13,Georgia,13261,Sumter,2012,2016,Hispanic (all races),
13,Georgia,13261,Sumter,2012,2016,American Indian/Alaskan Native (includes Hispanic),
13,Georgia,13261,Sumter,2012,2016,White (includes Hispanic),
13,Georgia,13261,Sumter,2013,2017,Asian/Pacific Islander (includes Hispanic),
13,Georgia,13261,Sumter,2013,2017,Black (includes Hispanic),12.2
13,Georgia,13261,Sumter,2013,2017,Hispanic (all races),
13,Georgia,13261,Sumter,2013,2017,American Indian/Alaskan Native (includes Hispanic),
13,Georgia,13261,Sumter,2013,2017,White (includes Hispanic),
13,Georgia,13261,Sumter,2014,2018,Asian/Pacific Islander (includes Hispanic),
13,Georgia,13261,Sumter,2014,2018,Black (includes Hispanic),13.0
13,Georgia,13261,Sumter,2014,2018,Hispanic (all races),
13,Georgia,13261,Sumter,2014,2018,American Indian/Alaskan Native (includes Hispanic),
13,Georgia,13261,Sumter,2014,2018,White (includes Hispanic),
13,Georgia,13261,Sumter,2015,2019,Asian/Pacific Islander (includes Hispanic),
13,Georgia,13261,Sumter,2015,2019,Black (includes Hispanic),
13,Georgia,13261,Sumter,2015,2019,Hispanic (all races),
13,Georgia,13261,Sumter,2015,2019,American Indian/Alaskan Native (includes Hispanic),
13,Georgia,13261,Sumter,2015,2019,White (includes Hispanic),
13,Georgia,13261,Sumter,2016,2020,Asian/Pacific Islander (includes Hispanic),
13,Georgia,13261,Sumter,2016,2020,Black (includes Hispanic),
13,Georgia,13261,Sumter,2016,2020,Hispanic (all races),
13,Georgia,13261,Sumter,2016,2020,American Indian/Alaskan Native (includes Hispanic),
13,Georgia,13261,Sumter,2016,2020,White (includes Hispanic),
13,Georgia,13263,Talbot,2011,2015,Asian/Pacific Islander (includes Hispanic),
13,Georgia,13263,Talbot,2011,2015,Black (includes Hispanic),8.9
13,Georgia,13263,Talbot,2011,2015,Hispanic (all races),
13,Georgia,13263,Talbot,2011,2015,American Indian/Alaskan Native (includes Hispanic),
13,Georgia,13263,Talbot,2011,2015,White (includes Hispanic),11.3
13,Georgia,13263,Talbot,2012,2016,Asian/Pacific Islander (includes Hispanic),
13,Georgia,13263,Talbot,2012,2016,Black (includes Hispanic),10.5
13,Georgia,13263,Talbot,2012,2016,Hispanic (all races),
13,Georgia,13263,Talbot,2012,2016,American Indian/Alaskan Native (includes Hispanic),
13,Georgia,13263,Talbot,2012,2016,White (includes Hispanic),10.8
13,Georgia,13263,Talbot,2013,2017,Asian/Pacific Islander (includes Hispanic),
13,Georgia,13263,Talbot,2013,2017,Black (includes Hispanic),11.7
13,Georgia,13263,Talbot,2013,2017,Hispanic (all races),
13,Georgia,13263,Talbot,2013,2017,American Indian/Alaskan Native (includes Hispanic),
13,Georgia,13263,Talbot,2013,2017,White (includes Hispanic),9.4
13,Georgia,13263,Talbot,2014,2018,Asian/Pacific Islander (includes Hispanic),
13,Georgia,13263,Talbot,2014,2018,Black (includes Hispanic),11.7
13,Georgia,13263,Talbot,2014,2018,Hispanic (all races),
13,Georgia,13263,Talbot,2014,2018,American Indian/Alaskan Native (includes Hispanic),
13,Georgia,13263,Talbot,2014,2018,White (includes Hispanic),7.5
13,Georgia,13263,Talbot,2015,2019,Asian/Pacific Islander (includes Hispanic),
13,Georgia,13263,Talbot,2015,2019,Black (includes Hispanic),12.0
13,Georgia,13263,Talbot,2015,2019,Hispanic (all races),
13,Georgia,13263,Talbot,2015,2019,American Indian/Alaskan Native (includes Hispanic),
13,Georgia,13263,Talbot,2015,2019,White (includes Hispanic),5.8
13,Georgia,13263,Talbot,2016,2020,Asian/Pacific Islander (includes Hispanic),
13,Georgia,13263,Talbot,2016,2020,Black (includes Hispanic),11.7
13,Georgia,13263,Talbot,2016,2020,Hispanic (all races),
13,Georgia,13263,Talbot,2016,2020,American Indian/Alaskan Native (includes Hispanic),
13,Georgia,13263,Talbot,2016,2020,White (includes Hispanic),5.6
13,Georgia,13265,Taliaferro,2011,2015,Asian/Pacific Islander (includes Hispanic),
13,Georgia,13265,Taliaferro,2011,2015,Black (includes Hispanic),
13,Georgia,13265,Taliaferro,2011,2015,Hispanic (all races),
13,Georgia,13265,Taliaferro,2011,2015,American Indian/Alaskan Native (includes Hispanic),
13,Georgia,13265,Taliaferro,2011,2015,White (includes Hispanic),
13,Georgia,13265,Taliaferro,2012,2016,Asian/Pacific Islander (includes Hispanic),
13,Georgia,13265,Taliaferro,2012,2016,Black (includes Hispanic),
13,Georgia,13265,Taliaferro,2012,2016,Hispanic (all races),
13,Georgia,13265,Taliaferro,2012,2016,American Indian/Alaskan Native (includes Hispanic),
13,Georgia,13265,Taliaferro,2012,2016,White (includes Hispanic),
13,Georgia,13265,Taliaferro,2013,2017,Asian/Pacific Islander (includes Hispanic),
13,Georgia,13265,Taliaferro,2013,2017,Black (includes Hispanic),
13,Georgia,13265,Taliaferro,2013,2017,Hispanic (all races),
13,Georgia,13265,Taliaferro,2013,2017,American Indian/Alaskan Native (includes Hispanic),
13,Georgia,13265,Taliaferro,2013,2017,White (includes Hispanic),
13,Georgia,13265,Taliaferro,2014,2018,Asian/Pacific Islander (includes Hispanic),
13,Georgia,13265,Taliaferro,2014,2018,Black (includes Hispanic),
13,Georgia,13265,Taliaferro,2014,2018,Hispanic (all races),
13,Georgia,13265,Taliaferro,2014,2018,American Indian/Alaskan Native (includes Hispanic),
13,Georgia,13265,Taliaferro,2014,2018,White (includes Hispanic),
13,Georgia,13265,Taliaferro,2015,2019,Asian/Pacific Islander (includes Hispanic),
13,Georgia,13265,Taliaferro,2015,2019,Black (includes Hispanic),
13,Georgia,13265,Taliaferro,2015,2019,Hispanic (all races),
13,Georgia,13265,Taliaferro,2015,2019,American Indian/Alaskan Native (includes Hispanic),
13,Georgia,13265,Taliaferro,2015,2019,White (includes Hispanic),
13,Georgia,13265,Taliaferro,2016,2020,Asian/Pacific Islander (includes Hispanic),
13,Georgia,13265,Taliaferro,2016,2020,Black (includes Hispanic),
13,Georgia,13265,Taliaferro,2016,2020,Hispanic (all races),
13,Georgia,13265,Taliaferro,2016,2020,American Indian/Alaskan Native (includes Hispanic),
13,Georgia,13265,Taliaferro,2016,2020,White (includes Hispanic),
13,Georgia,13267,Tattnall,2011,2015,Asian/Pacific Islander (includes Hispanic),
13,Georgia,13267,Tattnall,2011,2015,Black (includes Hispanic),
13,Georgia,13267,Tattnall,2011,2015,Hispanic (all races),
13,Georgia,13267,Tattnall,2011,2015,American Indian/Alaskan Native (includes Hispanic),
13,Georgia,13267,Tattnall,2011,2015,White (includes Hispanic),10.5
13,Georgia,13267,Tattnall,2012,2016,Asian/Pacific Islander (includes Hispanic),
13,Georgia,13267,Tattnall,2012,2016,Black (includes Hispanic),
13,Georgia,13267,Tattnall,2012,2016,Hispanic (all races),
13,Georgia,13267,Tattnall,2012,2016,American Indian/Alaskan Native (includes Hispanic),
13,Georgia,13267,Tattnall,2012,2016,White (includes Hispanic),11.2
13,Georgia,13267,Tattnall,2013,2017,Asian/Pacific Islander (includes Hispanic),
13,Georgia,13267,Tattnall,2013,2017,Black (includes Hispanic),
13,Georgia,13267,Tattnall,2013,2017,Hispanic (all races),
13,Georgia,13267,Tattnall,2013,2017,American Indian/Alaskan Native (includes Hispanic),
13,Georgia,13267,Tattnall,2013,2017,White (includes Hispanic),11.8
13,Georgia,13267,Tattnall,2014,2018,Asian/Pacific Islander (includes Hispanic),
13,Georgia,13267,Tattnall,2014,2018,Black (includes Hispanic),
13,Georgia,13267,Tattnall,2014,2018,Hispanic (all races),
13,Georgia,13267,Tattnall,2014,2018,American Indian/Alaskan Native (includes Hispanic),
13,Georgia,13267,Tattnall,2014,2018,White (includes Hispanic),11.3
13,Georgia,13267,Tattnall,2015,2019,Asian/Pacific Islander (includes Hispanic),
13,Georgia,13267,Tattnall,2015,2019,Black (includes Hispanic),
13,Georgia,13267,Tattnall,2015,2019,Hispanic (all races),
13,Georgia,13267,Tattnall,2015,2019,American Indian/Alaskan Native (includes Hispanic),
13,Georgia,13267,Tattnall,2015,2019,White (includes Hispanic),11.0
13,Georgia,13267,Tattnall,2016,2020,Asian/Pacific Islander (includes Hispanic),
13,Georgia,13267,Tattnall,2016,2020,Black (includes Hispanic),
13,Georgia,13267,Tattnall,2016,2020,Hispanic (all races),
13,Georgia,13267,Tattnall,2016,2020,American Indian/Alaskan Native (includes Hispanic),
13,Georgia,13267,Tattnall,2016,2020,White (includes Hispanic),11.4
13,Georgia,13269,Taylor,2011,2015,Asian/Pacific Islander (includes Hispanic),
13,Georgia,13269,Taylor,2011,2015,Black (includes Hispanic),
13,Georgia,13269,Taylor,2011,2015,Hispanic (all races),
13,Georgia,13269,Taylor,2011,2015,American Indian/Alaskan Native (includes Hispanic),
13,Georgia,13269,Taylor,2011,2015,White (includes Hispanic),
13,Georgia,13269,Taylor,2012,2016,Asian/Pacific Islander (includes Hispanic),
13,Georgia,13269,Taylor,2012,2016,Black (includes Hispanic),
13,Georgia,13269,Taylor,2012,2016,Hispanic (all races),
13,Georgia,13269,Taylor,2012,2016,American Indian/Alaskan Native (includes Hispanic),
13,Georgia,13269,Taylor,2012,2016,White (includes Hispanic),
13,Georgia,13269,Taylor,2013,2017,Asian/Pacific Islander (includes Hispanic),
13,Georgia,13269,Taylor,2013,2017,Black (includes Hispanic),
13,Georgia,13269,Taylor,2013,2017,Hispanic (all races),
13,Georgia,13269,Taylor,2013,2017,American Indian/Alaskan Native (includes Hispanic),
13,Georgia,13269,Taylor,2013,2017,White (includes Hispanic),
13,Georgia,13269,Taylor,2014,2018,Asian/Pacific Islander (includes Hispanic),
13,Georgia,13269,Taylor,2014,2018,Black (includes Hispanic),
13,Georgia,13269,Taylor,2014,2018,Hispanic (all races),
13,Georgia,13269,Taylor,2014,2018,American Indian/Alaskan Native (includes Hispanic),
13,Georgia,13269,Taylor,2014,2018,White (includes Hispanic),
13,Georgia,13269,Taylor,2015,2019,Asian/Pacific Islander (includes Hispanic),
13,Georgia,13269,Taylor,2015,2019,Black (includes Hispanic),
13,Georgia,13269,Taylor,2015,2019,Hispanic (all races),
13,Georgia,13269,Taylor,2015,2019,American Indian/Alaskan Native (includes Hispanic),
13,Georgia,13269,Taylor,2015,2019,White (includes Hispanic),
13,Georgia,13269,Taylor,2016,2020,Asian/Pacific Islander (includes Hispanic),
13,Georgia,13269,Taylor,2016,2020,Black (includes Hispanic),
13,Georgia,13269,Taylor,2016,2020,Hispanic (all races),
13,Georgia,13269,Taylor,2016,2020,American Indian/Alaskan Native (includes Hispanic),
13,Georgia,13269,Taylor,2016,2020,White (includes Hispanic),
13,Georgia,13271,Telfair,2011,2015,Asian/Pacific Islander (includes Hispanic),
13,Georgia,13271,Telfair,2011,2015,Black (includes Hispanic),
13,Georgia,13271,Telfair,2011,2015,Hispanic (all races),
13,Georgia,13271,Telfair,2011,2015,American Indian/Alaskan Native (includes Hispanic),
13,Georgia,13271,Telfair,2011,2015,White (includes Hispanic),
13,Georgia,13271,Telfair,2012,2016,Asian/Pacific Islander (includes Hispanic),
13,Georgia,13271,Telfair,2012,2016,Black (includes Hispanic),
13,Georgia,13271,Telfair,2012,2016,Hispanic (all races),
13,Georgia,13271,Telfair,2012,2016,American Indian/Alaskan Native (includes Hispanic),
13,Georgia,13271,Telfair,2012,2016,White (includes Hispanic),
13,Georgia,13271,Telfair,2013,2017,Asian/Pacific Islander (includes Hispanic),
13,Georgia,13271,Telfair,2013,2017,Black (includes Hispanic),
13,Georgia,13271,Telfair,2013,2017,Hispanic (all races),
13,Georgia,13271,Telfair,2013,2017,American Indian/Alaskan Native (includes Hispanic),
13,Georgia,13271,Telfair,2013,2017,White (includes Hispanic),10.6
13,Georgia,13271,Telfair,2014,2018,Asian/Pacific Islander (includes Hispanic),
13,Georgia,13271,Telfair,2014,2018,Black (includes Hispanic),
13,Georgia,13271,Telfair,2014,2018,Hispanic (all races),
13,Georgia,13271,Telfair,2014,2018,American Indian/Alaskan Native (includes Hispanic),
13,Georgia,13271,Telfair,2014,2018,White (includes Hispanic),10.9
13,Georgia,13271,Telfair,2015,2019,Asian/Pacific Islander (includes Hispanic),
13,Georgia,13271,Telfair,2015,2019,Black (includes Hispanic),
13,Georgia,13271,Telfair,2015,2019,Hispanic (all races),
13,Georgia,13271,Telfair,2015,2019,American Indian/Alaskan Native (includes Hispanic),
13,Georgia,13271,Telfair,2015,2019,White (includes Hispanic),10.6
13,Georgia,13271,Telfair,2016,2020,Asian/Pacific Islander (includes Hispanic),
13,Georgia,13271,Telfair,2016,2020,Black (includes Hispanic),
13,Georgia,13271,Telfair,2016,2020,Hispanic (all races),
13,Georgia,13271,Telfair,2016,2020,American Indian/Alaskan Native (includes Hispanic),
13,Georgia,13271,Telfair,2016,2020,White (includes Hispanic),11.5
13,Georgia,13273,Terrell,2011,2015,Asian/Pacific Islander (includes Hispanic),
13,Georgia,13273,Terrell,2011,2015,Black (includes Hispanic),9.1
13,Georgia,13273,Terrell,2011,2015,Hispanic (all races),
13,Georgia,13273,Terrell,2011,2015,American Indian/Alaskan Native (includes Hispanic),
13,Georgia,13273,Terrell,2011,2015,White (includes Hispanic),
13,Georgia,13273,Terrell,2012,2016,Asian/Pacific Islander (includes Hispanic),
13,Georgia,13273,Terrell,2012,2016,Black (includes Hispanic),8.1
13,Georgia,13273,Terrell,2012,2016,Hispanic (all races),
13,Georgia,13273,Terrell,2012,2016,American Indian/Alaskan Native (includes Hispanic),
13,Georgia,13273,Terrell,2012,2016,White (includes Hispanic),
13,Georgia,13273,Terrell,2013,2017,Asian/Pacific Islander (includes Hispanic),
13,Georgia,13273,Terrell,2013,2017,Black (includes Hispanic),9.4
13,Georgia,13273,Terrell,2013,2017,Hispanic (all races),
13,Georgia,13273,Terrell,2013,2017,American Indian/Alaskan Native (includes Hispanic),
13,Georgia,13273,Terrell,2013,2017,White (includes Hispanic),
13,Georgia,13273,Terrell,2014,2018,Asian/Pacific Islander (includes Hispanic),
13,Georgia,13273,Terrell,2014,2018,Black (includes Hispanic),7.4
13,Georgia,13273,Terrell,2014,2018,Hispanic (all races),
13,Georgia,13273,Terrell,2014,2018,American Indian/Alaskan Native (includes Hispanic),
13,Georgia,13273,Terrell,2014,2018,White (includes Hispanic),
13,Georgia,13273,Terrell,2015,2019,Asian/Pacific Islander (includes Hispanic),
13,Georgia,13273,Terrell,2015,2019,Black (includes Hispanic),7.4
13,Georgia,13273,Terrell,2015,2019,Hispanic (all races),
13,Georgia,13273,Terrell,2015,2019,American Indian/Alaskan Native (includes Hispanic),
13,Georgia,13273,Terrell,2015,2019,White (includes Hispanic),
13,Georgia,13273,Terrell,2016,2020,Asian/Pacific Islander (includes Hispanic),
13,Georgia,13273,Terrell,2016,2020,Black (includes Hispanic),7.5
13,Georgia,13273,Terrell,2016,2020,Hispanic (all races),
13,Georgia,13273,Terrell,2016,2020,American Indian/Alaskan Native (includes Hispanic),
13,Georgia,13273,Terrell,2016,2020,White (includes Hispanic),
13,Georgia,13275,Thomas,2011,2015,Asian/Pacific Islander (includes Hispanic),
13,Georgia,13275,Thomas,2011,2015,Black (includes Hispanic),7.1
13,Georgia,13275,Thomas,2011,2015,Hispanic (all races),
13,Georgia,13275,Thomas,2011,2015,American Indian/Alaskan Native (includes Hispanic),
13,Georgia,13275,Thomas,2011,2015,White (includes Hispanic),7.3
13,Georgia,13275,Thomas,2012,2016,Asian/Pacific Islander (includes Hispanic),
13,Georgia,13275,Thomas,2012,2016,Black (includes Hispanic),5.9
13,Georgia,13275,Thomas,2012,2016,Hispanic (all races),
13,Georgia,13275,Thomas,2012,2016,American Indian/Alaskan Native (includes Hispanic),
13,Georgia,13275,Thomas,2012,2016,White (includes Hispanic),7.1
13,Georgia,13275,Thomas,2013,2017,Asian/Pacific Islander (includes Hispanic),
13,Georgia,13275,Thomas,2013,2017,Black (includes Hispanic),6.7
13,Georgia,13275,Thomas,2013,2017,Hispanic (all races),
13,Georgia,13275,Thomas,2013,2017,American Indian/Alaskan Native (includes Hispanic),
13,Georgia,13275,Thomas,2013,2017,White (includes Hispanic),7.8
13,Georgia,13275,Thomas,2014,2018,Asian/Pacific Islander (includes Hispanic),
13,Georgia,13275,Thomas,2014,2018,Black (includes Hispanic),8.2
13,Georgia,13275,Thomas,2014,2018,Hispanic (all races),
13,Georgia,13275,Thomas,2014,2018,American Indian/Alaskan Native (includes Hispanic),
13,Georgia,13275,Thomas,2014,2018,White (includes Hispanic),7.9
13,Georgia,13275,Thomas,2015,2019,Asian/Pacific Islander (includes Hispanic),
13,Georgia,13275,Thomas,2015,2019,Black (includes Hispanic),9.1
13,Georgia,13275,Thomas,2015,2019,Hispanic (all races),
13,Georgia,13275,Thomas,2015,2019,American Indian/Alaskan Native (includes Hispanic),
13,Georgia,13275,Thomas,2015,2019,White (includes Hispanic),8.6
13,Georgia,13275,Thomas,2016,2020,Asian/Pacific Islander (includes Hispanic),
13,Georgia,13275,Thomas,2016,2020,Black (includes Hispanic),9.6
13,Georgia,13275,Thomas,2016,2020,Hispanic (all races),
13,Georgia,13275,Thomas,2016,2020,American Indian/Alaskan Native (includes Hispanic),
13,Georgia,13275,Thomas,2016,2020,White (includes Hispanic),8.4
13,Georgia,13277,Tift,2011,2015,Asian/Pacific Islander (includes Hispanic),
13,Georgia,13277,Tift,2011,2015,Black (includes Hispanic),
13,Georgia,13277,Tift,2011,2015,Hispanic (all races),
13,Georgia,13277,Tift,2011,2015,American Indian/Alaskan Native (includes Hispanic),
13,Georgia,13277,Tift,2011,2015,White (includes Hispanic),9.7
13,Georgia,13277,Tift,2012,2016,Asian/Pacific Islander (includes Hispanic),
13,Georgia,13277,Tift,2012,2016,Black (includes Hispanic),
13,Georgia,13277,Tift,2012,2016,Hispanic (all races),
13,Georgia,13277,Tift,2012,2016,American Indian/Alaskan Native (includes Hispanic),
13,Georgia,13277,Tift,2012,2016,White (includes Hispanic),9.5
13,Georgia,13277,Tift,2013,2017,Asian/Pacific Islander (includes Hispanic),
13,Georgia,13277,Tift,2013,2017,Black (includes Hispanic),
13,Georgia,13277,Tift,2013,2017,Hispanic (all races),
13,Georgia,13277,Tift,2013,2017,American Indian/Alaskan Native (includes Hispanic),
13,Georgia,13277,Tift,2013,2017,White (includes Hispanic),8.8
13,Georgia,13277,Tift,2014,2018,Asian/Pacific Islander (includes Hispanic),
13,Georgia,13277,Tift,2014,2018,Black (includes Hispanic),
13,Georgia,13277,Tift,2014,2018,Hispanic (all races),
13,Georgia,13277,Tift,2014,2018,American Indian/Alaskan Native (includes Hispanic),
13,Georgia,13277,Tift,2014,2018,White (includes Hispanic),8.0
13,Georgia,13277,Tift,2015,2019,Asian/Pacific Islander (includes Hispanic),
13,Georgia,13277,Tift,2015,2019,Black (includes Hispanic),21.4
13,Georgia,13277,Tift,2015,2019,Hispanic (all races),
13,Georgia,13277,Tift,2015,2019,American Indian/Alaskan Native (includes Hispanic),
13,Georgia,13277,Tift,2015,2019,White (includes Hispanic),7.9
13,Georgia,13277,Tift,2016,2020,Asian/Pacific Islander (includes Hispanic),
13,Georgia,13277,Tift,2016,2020,Black (includes Hispanic),23.7
13,Georgia,13277,Tift,2016,2020,Hispanic (all races),
13,Georgia,13277,Tift,2016,2020,American Indian/Alaskan Native (includes Hispanic),
13,Georgia,13277,Tift,2016,2020,White (includes Hispanic),7.3
13,Georgia,13279,Toombs,2011,2015,Asian/Pacific Islander (includes Hispanic),
13,Georgia,13279,Toombs,2011,2015,Black (includes Hispanic),
13,Georgia,13279,Toombs,2011,2015,Hispanic (all races),
13,Georgia,13279,Toombs,2011,2015,American Indian/Alaskan Native (includes Hispanic),
13,Georgia,13279,Toombs,2011,2015,White (includes Hispanic),11.9
13,Georgia,13279,Toombs,2012,2016,Asian/Pacific Islander (includes Hispanic),
13,Georgia,13279,Toombs,2012,2016,Black (includes Hispanic),
13,Georgia,13279,Toombs,2012,2016,Hispanic (all races),
13,Georgia,13279,Toombs,2012,2016,American Indian/Alaskan Native (includes Hispanic),
13,Georgia,13279,Toombs,2012,2016,White (includes Hispanic),11.3
13,Georgia,13279,Toombs,2013,2017,Asian/Pacific Islander (includes Hispanic),
13,Georgia,13279,Toombs,2013,2017,Black (includes Hispanic),
13,Georgia,13279,Toombs,2013,2017,Hispanic (all races),
13,Georgia,13279,Toombs,2013,2017,American Indian/Alaskan Native (includes Hispanic),
13,Georgia,13279,Toombs,2013,2017,White (includes Hispanic),13.6
13,Georgia,13279,Toombs,2014,2018,Asian/Pacific Islander (includes Hispanic),
13,Georgia,13279,Toombs,2014,2018,Black (includes Hispanic),
13,Georgia,13279,Toombs,2014,2018,Hispanic (all races),
13,Georgia,13279,Toombs,2014,2018,American Indian/Alaskan Native (includes Hispanic),
13,Georgia,13279,Toombs,2014,2018,White (includes Hispanic),12.7
13,Georgia,13279,Toombs,2015,2019,Asian/Pacific Islander (includes Hispanic),
13,Georgia,13279,Toombs,2015,2019,Black (includes Hispanic),
13,Georgia,13279,Toombs,2015,2019,Hispanic (all races),
13,Georgia,13279,Toombs,2015,2019,American Indian/Alaskan Native (includes Hispanic),
13,Georgia,13279,Toombs,2015,2019,White (includes Hispanic),10.6
13,Georgia,13279,Toombs,2016,2020,Asian/Pacific Islander (includes Hispanic),
13,Georgia,13279,Toombs,2016,2020,Black (includes Hispanic),
13,Georgia,13279,Toombs,2016,2020,Hispanic (all races),
13,Georgia,13279,Toombs,2016,2020,American Indian/Alaskan Native (includes Hispanic),
13,Georgia,13279,Toombs,2016,2020,White (includes Hispanic),12.3
13,Georgia,13281,Towns,2011,2015,Asian/Pacific Islander (includes Hispanic),
13,Georgia,13281,Towns,2011,2015,Black (includes Hispanic),
13,Georgia,13281,Towns,2011,2015,Hispanic (all races),
13,Georgia,13281,Towns,2011,2015,American Indian/Alaskan Native (includes Hispanic),
13,Georgia,13281,Towns,2011,2015,White (includes Hispanic),10.2
13,Georgia,13281,Towns,2012,2016,Asian/Pacific Islander (includes Hispanic),
13,Georgia,13281,Towns,2012,2016,Black (includes Hispanic),
13,Georgia,13281,Towns,2012,2016,Hispanic (all races),
13,Georgia,13281,Towns,2012,2016,American Indian/Alaskan Native (includes Hispanic),
13,Georgia,13281,Towns,2012,2016,White (includes Hispanic),9.9
13,Georgia,13281,Towns,2013,2017,Asian/Pacific Islander (includes Hispanic),
13,Georgia,13281,Towns,2013,2017,Black (includes Hispanic),
13,Georgia,13281,Towns,2013,2017,Hispanic (all races),
13,Georgia,13281,Towns,2013,2017,American Indian/Alaskan Native (includes Hispanic),
13,Georgia,13281,Towns,2013,2017,White (includes Hispanic),9.8
13,Georgia,13281,Towns,2014,2018,Asian/Pacific Islander (includes Hispanic),
13,Georgia,13281,Towns,2014,2018,Black (includes Hispanic),
13,Georgia,13281,Towns,2014,2018,Hispanic (all races),
13,Georgia,13281,Towns,2014,2018,American Indian/Alaskan Native (includes Hispanic),
13,Georgia,13281,Towns,2014,2018,White (includes Hispanic),10.3
13,Georgia,13281,Towns,2015,2019,Asian/Pacific Islander (includes Hispanic),
13,Georgia,13281,Towns,2015,2019,Black (includes Hispanic),
13,Georgia,13281,Towns,2015,2019,Hispanic (all races),
13,Georgia,13281,Towns,2015,2019,American Indian/Alaskan Native (includes Hispanic),
13,Georgia,13281,Towns,2015,2019,White (includes Hispanic),9.2
13,Georgia,13281,Towns,2016,2020,Asian/Pacific Islander (includes Hispanic),
13,Georgia,13281,Towns,2016,2020,Black (includes Hispanic),
13,Georgia,13281,Towns,2016,2020,Hispanic (all races),
13,Georgia,13281,Towns,2016,2020,American Indian/Alaskan Native (includes Hispanic),
13,Georgia,13281,Towns,2016,2020,White (includes Hispanic),8.6
13,Georgia,13283,Treutlen,2011,2015,Asian/Pacific Islander (includes Hispanic),
13,Georgia,13283,Treutlen,2011,2015,Black (includes Hispanic),
13,Georgia,13283,Treutlen,2011,2015,Hispanic (all races),
13,Georgia,13283,Treutlen,2011,2015,American Indian/Alaskan Native (includes Hispanic),
13,Georgia,13283,Treutlen,2011,2015,White (includes Hispanic),11.6
13,Georgia,13283,Treutlen,2012,2016,Asian/Pacific Islander (includes Hispanic),
13,Georgia,13283,Treutlen,2012,2016,Black (includes Hispanic),
13,Georgia,13283,Treutlen,2012,2016,Hispanic (all races),
13,Georgia,13283,Treutlen,2012,2016,American Indian/Alaskan Native (includes Hispanic),
13,Georgia,13283,Treutlen,2012,2016,White (includes Hispanic),11.9
13,Georgia,13283,Treutlen,2013,2017,Asian/Pacific Islander (includes Hispanic),
13,Georgia,13283,Treutlen,2013,2017,Black (includes Hispanic),
13,Georgia,13283,Treutlen,2013,2017,Hispanic (all races),
13,Georgia,13283,Treutlen,2013,2017,American Indian/Alaskan Native (includes Hispanic),
13,Georgia,13283,Treutlen,2013,2017,White (includes Hispanic),14.3
13,Georgia,13283,Treutlen,2014,2018,Asian/Pacific Islander (includes Hispanic),
13,Georgia,13283,Treutlen,2014,2018,Black (includes Hispanic),
13,Georgia,13283,Treutlen,2014,2018,Hispanic (all races),
13,Georgia,13283,Treutlen,2014,2018,American Indian/Alaskan Native (includes Hispanic),
13,Georgia,13283,Treutlen,2014,2018,White (includes Hispanic),16.1
13,Georgia,13283,Treutlen,2015,2019,Asian/Pacific Islander (includes Hispanic),
13,Georgia,13283,Treutlen,2015,2019,Black (includes Hispanic),
13,Georgia,13283,Treutlen,2015,2019,Hispanic (all races),
13,Georgia,13283,Treutlen,2015,2019,American Indian/Alaskan Native (includes Hispanic),
13,Georgia,13283,Treutlen,2015,2019,White (includes Hispanic),17.6
13,Georgia,13283,Treutlen,2016,2020,Asian/Pacific Islander (includes Hispanic),
13,Georgia,13283,Treutlen,2016,2020,Black (includes Hispanic),
13,Georgia,13283,Treutlen,2016,2020,Hispanic (all races),
13,Georgia,13283,Treutlen,2016,2020,American Indian/Alaskan Native (includes Hispanic),
13,Georgia,13283,Treutlen,2016,2020,White (includes Hispanic),18.0
13,Georgia,13285,Troup,2011,2015,Asian/Pacific Islander (includes Hispanic),
13,Georgia,13285,Troup,2011,2015,Black (includes Hispanic),12.6
13,Georgia,13285,Troup,2011,2015,Hispanic (all races),
13,Georgia,13285,Troup,2011,2015,American Indian/Alaskan Native (includes Hispanic),
13,Georgia,13285,Troup,2011,2015,White (includes Hispanic),9.1
13,Georgia,13285,Troup,2012,2016,Asian/Pacific Islander (includes Hispanic),
13,Georgia,13285,Troup,2012,2016,Black (includes Hispanic),13.5
13,Georgia,13285,Troup,2012,2016,Hispanic (all races),
13,Georgia,13285,Troup,2012,2016,American Indian/Alaskan Native (includes Hispanic),
13,Georgia,13285,Troup,2012,2016,White (includes Hispanic),9.5
13,Georgia,13285,Troup,2013,2017,Asian/Pacific Islander (includes Hispanic),
13,Georgia,13285,Troup,2013,2017,Black (includes Hispanic),13.1
13,Georgia,13285,Troup,2013,2017,Hispanic (all races),
13,Georgia,13285,Troup,2013,2017,American Indian/Alaskan Native (includes Hispanic),
13,Georgia,13285,Troup,2013,2017,White (includes Hispanic),9.8
13,Georgia,13285,Troup,2014,2018,Asian/Pacific Islander (includes Hispanic),
13,Georgia,13285,Troup,2014,2018,Black (includes Hispanic),11.7
13,Georgia,13285,Troup,2014,2018,Hispanic (all races),
13,Georgia,13285,Troup,2014,2018,American Indian/Alaskan Native (includes Hispanic),
13,Georgia,13285,Troup,2014,2018,White (includes Hispanic),8.7
13,Georgia,13285,Troup,2015,2019,Asian/Pacific Islander (includes Hispanic),
13,Georgia,13285,Troup,2015,2019,Black (includes Hispanic),11.9
13,Georgia,13285,Troup,2015,2019,Hispanic (all races),
13,Georgia,13285,Troup,2015,2019,American Indian/Alaskan Native (includes Hispanic),
13,Georgia,13285,Troup,2015,2019,White (includes Hispanic),7.6
13,Georgia,13285,Troup,2016,2020,Asian/Pacific Islander (includes Hispanic),
13,Georgia,13285,Troup,2016,2020,Black (includes Hispanic),11.6
13,Georgia,13285,Troup,2016,2020,Hispanic (all races),
13,Georgia,13285,Troup,2016,2020,American Indian/Alaskan Native (includes Hispanic),
13,Georgia,13285,Troup,2016,2020,White (includes Hispanic),8.5
13,Georgia,13287,Turner,2011,2015,Asian/Pacific Islander (includes Hispanic),
13,Georgia,13287,Turner,2011,2015,Black (includes Hispanic),
13,Georgia,13287,Turner,2011,2015,Hispanic (all races),
13,Georgia,13287,Turner,2011,2015,American Indian/Alaskan Native (includes Hispanic),
13,Georgia,13287,Turner,2011,2015,White (includes Hispanic),10.2
13,Georgia,13287,Turner,2012,2016,Asian/Pacific Islander (includes Hispanic),
13,Georgia,13287,Turner,2012,2016,Black (includes Hispanic),
13,Georgia,13287,Turner,2012,2016,Hispanic (all races),
13,Georgia,13287,Turner,2012,2016,American Indian/Alaskan Native (includes Hispanic),
13,Georgia,13287,Turner,2012,2016,White (includes Hispanic),11.8
13,Georgia,13287,Turner,2013,2017,Asian/Pacific Islander (includes Hispanic),
13,Georgia,13287,Turner,2013,2017,Black (includes Hispanic),
13,Georgia,13287,Turner,2013,2017,Hispanic (all races),
13,Georgia,13287,Turner,2013,2017,American Indian/Alaskan Native (includes Hispanic),
13,Georgia,13287,Turner,2013,2017,White (includes Hispanic),11.7
13,Georgia,13287,Turner,2014,2018,Asian/Pacific Islander (includes Hispanic),
13,Georgia,13287,Turner,2014,2018,Black (includes Hispanic),
13,Georgia,13287,Turner,2014,2018,Hispanic (all races),
13,Georgia,13287,Turner,2014,2018,American Indian/Alaskan Native (includes Hispanic),
13,Georgia,13287,Turner,2014,2018,White (includes Hispanic),12.2
13,Georgia,13287,Turner,2015,2019,Asian/Pacific Islander (includes Hispanic),
13,Georgia,13287,Turner,2015,2019,Black (includes Hispanic),23.1
13,Georgia,13287,Turner,2015,2019,Hispanic (all races),
13,Georgia,13287,Turner,2015,2019,American Indian/Alaskan Native (includes Hispanic),
13,Georgia,13287,Turner,2015,2019,White (includes Hispanic),11.1
13,Georgia,13287,Turner,2016,2020,Asian/Pacific Islander (includes Hispanic),
13,Georgia,13287,Turner,2016,2020,Black (includes Hispanic),23.8
13,Georgia,13287,Turner,2016,2020,Hispanic (all races),
13,Georgia,13287,Turner,2016,2020,American Indian/Alaskan Native (includes Hispanic),
13,Georgia,13287,Turner,2016,2020,White (includes Hispanic),9.2
13,Georgia,13289,Twiggs,2011,2015,Asian/Pacific Islander (includes Hispanic),
13,Georgia,13289,Twiggs,2011,2015,Black (includes Hispanic),10.3
13,Georgia,13289,Twiggs,2011,2015,Hispanic (all races),
13,Georgia,13289,Twiggs,2011,2015,American Indian/Alaskan Native (includes Hispanic),
13,Georgia,13289,Twiggs,2011,2015,White (includes Hispanic),6.3
13,Georgia,13289,Twiggs,2012,2016,Asian/Pacific Islander (includes Hispanic),
13,Georgia,13289,Twiggs,2012,2016,Black (includes Hispanic),10.3
13,Georgia,13289,Twiggs,2012,2016,Hispanic (all races),
13,Georgia,13289,Twiggs,2012,2016,American Indian/Alaskan Native (includes Hispanic),
13,Georgia,13289,Twiggs,2012,2016,White (includes Hispanic),6.1
13,Georgia,13289,Twiggs,2013,2017,Asian/Pacific Islander (includes Hispanic),
13,Georgia,13289,Twiggs,2013,2017,Black (includes Hispanic),9.0
13,Georgia,13289,Twiggs,2013,2017,Hispanic (all races),
13,Georgia,13289,Twiggs,2013,2017,American Indian/Alaskan Native (includes Hispanic),
13,Georgia,13289,Twiggs,2013,2017,White (includes Hispanic),7.7
13,Georgia,13289,Twiggs,2014,2018,Asian/Pacific Islander (includes Hispanic),
13,Georgia,13289,Twiggs,2014,2018,Black (includes Hispanic),8.4
13,Georgia,13289,Twiggs,2014,2018,Hispanic (all races),
13,Georgia,13289,Twiggs,2014,2018,American Indian/Alaskan Native (includes Hispanic),
13,Georgia,13289,Twiggs,2014,2018,White (includes Hispanic),8.5
13,Georgia,13289,Twiggs,2015,2019,Asian/Pacific Islander (includes Hispanic),
13,Georgia,13289,Twiggs,2015,2019,Black (includes Hispanic),9.1
13,Georgia,13289,Twiggs,2015,2019,Hispanic (all races),
13,Georgia,13289,Twiggs,2015,2019,American Indian/Alaskan Native (includes Hispanic),
13,Georgia,13289,Twiggs,2015,2019,White (includes Hispanic),10.6
13,Georgia,13289,Twiggs,2016,2020,Asian/Pacific Islander (includes Hispanic),
13,Georgia,13289,Twiggs,2016,2020,Black (includes Hispanic),9.3
13,Georgia,13289,Twiggs,2016,2020,Hispanic (all races),
13,Georgia,13289,Twiggs,2016,2020,American Indian/Alaskan Native (includes Hispanic),
13,Georgia,13289,Twiggs,2016,2020,White (includes Hispanic),9.9
13,Georgia,13291,Union,2011,2015,Asian/Pacific Islander (includes Hispanic),
13,Georgia,13291,Union,2011,2015,Black (includes Hispanic),
13,Georgia,13291,Union,2011,2015,Hispanic (all races),
13,Georgia,13291,Union,2011,2015,American Indian/Alaskan Native (includes Hispanic),
13,Georgia,13291,Union,2011,2015,White (includes Hispanic),8.8
13,Georgia,13291,Union,2012,2016,Asian/Pacific Islander (includes Hispanic),
13,Georgia,13291,Union,2012,2016,Black (includes Hispanic),
13,Georgia,13291,Union,2012,2016,Hispanic (all races),
13,Georgia,13291,Union,2012,2016,American Indian/Alaskan Native (includes Hispanic),
13,Georgia,13291,Union,2012,2016,White (includes Hispanic),9.0
13,Georgia,13291,Union,2013,2017,Asian/Pacific Islander (includes Hispanic),
13,Georgia,13291,Union,2013,2017,Black (includes Hispanic),
13,Georgia,13291,Union,2013,2017,Hispanic (all races),
13,Georgia,13291,Union,2013,2017,American Indian/Alaskan Native (includes Hispanic),
13,Georgia,13291,Union,2013,2017,White (includes Hispanic),6.4
13,Georgia,13291,Union,2014,2018,Asian/Pacific Islander (includes Hispanic),
13,Georgia,13291,Union,2014,2018,Black (includes Hispanic),
13,Georgia,13291,Union,2014,2018,Hispanic (all races),
13,Georgia,13291,Union,2014,2018,American Indian/Alaskan Native (includes Hispanic),
13,Georgia,13291,Union,2014,2018,White (includes Hispanic),7.1
13,Georgia,13291,Union,2015,2019,Asian/Pacific Islander (includes Hispanic),
13,Georgia,13291,Union,2015,2019,Black (includes Hispanic),
13,Georgia,13291,Union,2015,2019,Hispanic (all races),
13,Georgia,13291,Union,2015,2019,American Indian/Alaskan Native (includes Hispanic),
13,Georgia,13291,Union,2015,2019,White (includes Hispanic),5.6
13,Georgia,13291,Union,2016,2020,Asian/Pacific Islander (includes Hispanic),
13,Georgia,13291,Union,2016,2020,Black (includes Hispanic),
13,Georgia,13291,Union,2016,2020,Hispanic (all races),
13,Georgia,13291,Union,2016,2020,American Indian/Alaskan Native (includes Hispanic),
13,Georgia,13291,Union,2016,2020,White (includes Hispanic),5.9
13,Georgia,13293,Upson,2011,2015,Asian/Pacific Islander (includes Hispanic),
13,Georgia,13293,Upson,2011,2015,Black (includes Hispanic),
13,Georgia,13293,Upson,2011,2015,Hispanic (all races),
13,Georgia,13293,Upson,2011,2015,American Indian/Alaskan Native (includes Hispanic),
13,Georgia,13293,Upson,2011,2015,White (includes Hispanic),8.6
13,Georgia,13293,Upson,2012,2016,Asian/Pacific Islander (includes Hispanic),
13,Georgia,13293,Upson,2012,2016,Black (includes Hispanic),16.7
13,Georgia,13293,Upson,2012,2016,Hispanic (all races),
13,Georgia,13293,Upson,2012,2016,American Indian/Alaskan Native (includes Hispanic),
13,Georgia,13293,Upson,2012,2016,White (includes Hispanic),9.8
13,Georgia,13293,Upson,2013,2017,Asian/Pacific Islander (includes Hispanic),
13,Georgia,13293,Upson,2013,2017,Black (includes Hispanic),18.6
13,Georgia,13293,Upson,2013,2017,Hispanic (all races),
13,Georgia,13293,Upson,2013,2017,American Indian/Alaskan Native (includes Hispanic),
13,Georgia,13293,Upson,2013,2017,White (includes Hispanic),8.7
13,Georgia,13293,Upson,2014,2018,Asian/Pacific Islander (includes Hispanic),
13,Georgia,13293,Upson,2014,2018,Black (includes Hispanic),17.2
13,Georgia,13293,Upson,2014,2018,Hispanic (all races),
13,Georgia,13293,Upson,2014,2018,American Indian/Alaskan Native (includes Hispanic),
13,Georgia,13293,Upson,2014,2018,White (includes Hispanic),9.1
13,Georgia,13293,Upson,2015,2019,Asian/Pacific Islander (includes Hispanic),
13,Georgia,13293,Upson,2015,2019,Black (includes Hispanic),
13,Georgia,13293,Upson,2015,2019,Hispanic (all races),
13,Georgia,13293,Upson,2015,2019,American Indian/Alaskan Native (includes Hispanic),
13,Georgia,13293,Upson,2015,2019,White (includes Hispanic),8.9
13,Georgia,13293,Upson,2016,2020,Asian/Pacific Islander (includes Hispanic),
13,Georgia,13293,Upson,2016,2020,Black (includes Hispanic),
13,Georgia,13293,Upson,2016,2020,Hispanic (all races),
13,Georgia,13293,Upson,2016,2020,American Indian/Alaskan Native (includes Hispanic),
13,Georgia,13293,Upson,2016,2020,White (includes Hispanic),7.8
13,Georgia,13295,Walker,2011,2015,Asian/Pacific Islander (includes Hispanic),
13,Georgia,13295,Walker,2011,2015,Black (includes Hispanic),8.6
13,Georgia,13295,Walker,2011,2015,Hispanic (all races),
13,Georgia,13295,Walker,2011,2015,American Indian/Alaskan Native (includes Hispanic),
13,Georgia,13295,Walker,2011,2015,White (includes Hispanic),8.5
13,Georgia,13295,Walker,2012,2016,Asian/Pacific Islander (includes Hispanic),
13,Georgia,13295,Walker,2012,2016,Black (includes Hispanic),7.7
13,Georgia,13295,Walker,2012,2016,Hispanic (all races),
13,Georgia,13295,Walker,2012,2016,American Indian/Alaskan Native (includes Hispanic),
13,Georgia,13295,Walker,2012,2016,White (includes Hispanic),8.4
13,Georgia,13295,Walker,2013,2017,Asian/Pacific Islander (includes Hispanic),
13,Georgia,13295,Walker,2013,2017,Black (includes Hispanic),6.2
13,Georgia,13295,Walker,2013,2017,Hispanic (all races),
13,Georgia,13295,Walker,2013,2017,American Indian/Alaskan Native (includes Hispanic),
13,Georgia,13295,Walker,2013,2017,White (includes Hispanic),8.7
13,Georgia,13295,Walker,2014,2018,Asian/Pacific Islander (includes Hispanic),
13,Georgia,13295,Walker,2014,2018,Black (includes Hispanic),
13,Georgia,13295,Walker,2014,2018,Hispanic (all races),
13,Georgia,13295,Walker,2014,2018,American Indian/Alaskan Native (includes Hispanic),
13,Georgia,13295,Walker,2014,2018,White (includes Hispanic),8.4
13,Georgia,13295,Walker,2015,2019,Asian/Pacific Islander (includes Hispanic),
13,Georgia,13295,Walker,2015,2019,Black (includes Hispanic),
13,Georgia,13295,Walker,2015,2019,Hispanic (all races),
13,Georgia,13295,Walker,2015,2019,American Indian/Alaskan Native (includes Hispanic),
13,Georgia,13295,Walker,2015,2019,White (includes Hispanic),9.3
13,Georgia,13295,Walker,2016,2020,Asian/Pacific Islander (includes Hispanic),
13,Georgia,13295,Walker,2016,2020,Black (includes Hispanic),
13,Georgia,13295,Walker,2016,2020,Hispanic (all races),
13,Georgia,13295,Walker,2016,2020,American Indian/Alaskan Native (includes Hispanic),
13,Georgia,13295,Walker,2016,2020,White (includes Hispanic),8.9
13,Georgia,13297,Walton,2011,2015,Asian/Pacific Islander (includes Hispanic),
13,Georgia,13297,Walton,2011,2015,Black (includes Hispanic),7.4
13,Georgia,13297,Walton,2011,2015,Hispanic (all races),9.8
13,Georgia,13297,Walton,2011,2015,American Indian/Alaskan Native (includes Hispanic),
13,Georgia,13297,Walton,2011,2015,White (includes Hispanic),8.2
13,Georgia,13297,Walton,2012,2016,Asian/Pacific Islander (includes Hispanic),7.3
13,Georgia,13297,Walton,2012,2016,Black (includes Hispanic),7.1
13,Georgia,13297,Walton,2012,2016,Hispanic (all races),10.5
13,Georgia,13297,Walton,2012,2016,American Indian/Alaskan Native (includes Hispanic),
13,Georgia,13297,Walton,2012,2016,White (includes Hispanic),7.9
13,Georgia,13297,Walton,2013,2017,Asian/Pacific Islander (includes Hispanic),7.0
13,Georgia,13297,Walton,2013,2017,Black (includes Hispanic),6.7
13,Georgia,13297,Walton,2013,2017,Hispanic (all races),10.7
13,Georgia,13297,Walton,2013,2017,American Indian/Alaskan Native (includes Hispanic),
13,Georgia,13297,Walton,2013,2017,White (includes Hispanic),7.7
13,Georgia,13297,Walton,2014,2018,Asian/Pacific Islander (includes Hispanic),7.2
13,Georgia,13297,Walton,2014,2018,Black (includes Hispanic),7.0
13,Georgia,13297,Walton,2014,2018,Hispanic (all races),9.7
13,Georgia,13297,Walton,2014,2018,American Indian/Alaskan Native (includes Hispanic),
13,Georgia,13297,Walton,2014,2018,White (includes Hispanic),7.7
13,Georgia,13297,Walton,2015,2019,Asian/Pacific Islander (includes Hispanic),6.4
13,Georgia,13297,Walton,2015,2019,Black (includes Hispanic),7.0
13,Georgia,13297,Walton,2015,2019,Hispanic (all races),9.8
13,Georgia,13297,Walton,2015,2019,American Indian/Alaskan Native (includes Hispanic),
13,Georgia,13297,Walton,2015,2019,White (includes Hispanic),7.9
13,Georgia,13297,Walton,2016,2020,Asian/Pacific Islander (includes Hispanic),7.9
13,Georgia,13297,Walton,2016,2020,Black (includes Hispanic),7.1
13,Georgia,13297,Walton,2016,2020,Hispanic (all races),9.7
13,Georgia,13297,Walton,2016,2020,American Indian/Alaskan Native (includes Hispanic),
13,Georgia,13297,Walton,2016,2020,White (includes Hispanic),6.9
13,Georgia,13299,Ware,2011,2015,Asian/Pacific Islander (includes Hispanic),
13,Georgia,13299,Ware,2011,2015,Black (includes Hispanic),
13,Georgia,13299,Ware,2011,2015,Hispanic (all races),
13,Georgia,13299,Ware,2011,2015,American Indian/Alaskan Native (includes Hispanic),
13,Georgia,13299,Ware,2011,2015,White (includes Hispanic),8.1
13,Georgia,13299,Ware,2012,2016,Asian/Pacific Islander (includes Hispanic),
13,Georgia,13299,Ware,2012,2016,Black (includes Hispanic),
13,Georgia,13299,Ware,2012,2016,Hispanic (all races),
13,Georgia,13299,Ware,2012,2016,American Indian/Alaskan Native (includes Hispanic),
13,Georgia,13299,Ware,2012,2016,White (includes Hispanic),8.1
13,Georgia,13299,Ware,2013,2017,Asian/Pacific Islander (includes Hispanic),
13,Georgia,13299,Ware,2013,2017,Black (includes Hispanic),
13,Georgia,13299,Ware,2013,2017,Hispanic (all races),
13,Georgia,13299,Ware,2013,2017,American Indian/Alaskan Native (includes Hispanic),
13,Georgia,13299,Ware,2013,2017,White (includes Hispanic),9.0
13,Georgia,13299,Ware,2014,2018,Asian/Pacific Islander (includes Hispanic),
13,Georgia,13299,Ware,2014,2018,Black (includes Hispanic),
13,Georgia,13299,Ware,2014,2018,Hispanic (all races),
13,Georgia,13299,Ware,2014,2018,American Indian/Alaskan Native (includes Hispanic),
13,Georgia,13299,Ware,2014,2018,White (includes Hispanic),9.6
13,Georgia,13299,Ware,2015,2019,Asian/Pacific Islander (includes Hispanic),
13,Georgia,13299,Ware,2015,2019,Black (includes Hispanic),
13,Georgia,13299,Ware,2015,2019,Hispanic (all races),
13,Georgia,13299,Ware,2015,2019,American Indian/Alaskan Native (includes Hispanic),
13,Georgia,13299,Ware,2015,2019,White (includes Hispanic),8.5
13,Georgia,13299,Ware,2016,2020,Asian/Pacific Islander (includes Hispanic),
13,Georgia,13299,Ware,2016,2020,Black (includes Hispanic),
13,Georgia,13299,Ware,2016,2020,Hispanic (all races),
13,Georgia,13299,Ware,2016,2020,American Indian/Alaskan Native (includes Hispanic),
13,Georgia,13299,Ware,2016,2020,White (includes Hispanic),9.2
13,Georgia,13301,Warren,2011,2015,Asian/Pacific Islander (includes Hispanic),
13,Georgia,13301,Warren,2011,2015,Black (includes Hispanic),
13,Georgia,13301,Warren,2011,2015,Hispanic (all races),
13,Georgia,13301,Warren,2011,2015,American Indian/Alaskan Native (includes Hispanic),
13,Georgia,13301,Warren,2011,2015,White (includes Hispanic),
13,Georgia,13301,Warren,2012,2016,Asian/Pacific Islander (includes Hispanic),
13,Georgia,13301,Warren,2012,2016,Black (includes Hispanic),
13,Georgia,13301,Warren,2012,2016,Hispanic (all races),
13,Georgia,13301,Warren,2012,2016,American Indian/Alaskan Native (includes Hispanic),
13,Georgia,13301,Warren,2012,2016,White (includes Hispanic),
13,Georgia,13301,Warren,2013,2017,Asian/Pacific Islander (includes Hispanic),
13,Georgia,13301,Warren,2013,2017,Black (includes Hispanic),
13,Georgia,13301,Warren,2013,2017,Hispanic (all races),
13,Georgia,13301,Warren,2013,2017,American Indian/Alaskan Native (includes Hispanic),
13,Georgia,13301,Warren,2013,2017,White (includes Hispanic),
13,Georgia,13301,Warren,2014,2018,Asian/Pacific Islander (includes Hispanic),
13,Georgia,13301,Warren,2014,2018,Black (includes Hispanic),
13,Georgia,13301,Warren,2014,2018,Hispanic (all races),
13,Georgia,13301,Warren,2014,2018,American Indian/Alaskan Native (includes Hispanic),
13,Georgia,13301,Warren,2014,2018,White (includes Hispanic),
13,Georgia,13301,Warren,2015,2019,Asian/Pacific Islander (includes Hispanic),
13,Georgia,13301,Warren,2015,2019,Black (includes Hispanic),
13,Georgia,13301,Warren,2015,2019,Hispanic (all races),
13,Georgia,13301,Warren,2015,2019,American Indian/Alaskan Native (includes Hispanic),
13,Georgia,13301,Warren,2015,2019,White (includes Hispanic),
13,Georgia,13301,Warren,2016,2020,Asian/Pacific Islander (includes Hispanic),
13,Georgia,13301,Warren,2016,2020,Black (includes Hispanic),
13,Georgia,13301,Warren,2016,2020,Hispanic (all races),
13,Georgia,13301,Warren,2016,2020,American Indian/Alaskan Native (includes Hispanic),
13,Georgia,13301,Warren,2016,2020,White (includes Hispanic),
13,Georgia,13303,Washington,2011,2015,Asian/Pacific Islander (includes Hispanic),
13,Georgia,13303,Washington,2011,2015,Black (includes Hispanic),
13,Georgia,13303,Washington,2011,2015,Hispanic (all races),
13,Georgia,13303,Washington,2011,2015,American Indian/Alaskan Native (includes Hispanic),
13,Georgia,13303,Washington,2011,2015,White (includes Hispanic),
13,Georgia,13303,Washington,2012,2016,Asian/Pacific Islander (includes Hispanic),
13,Georgia,13303,Washington,2012,2016,Black (includes Hispanic),
13,Georgia,13303,Washington,2012,2016,Hispanic (all races),
13,Georgia,13303,Washington,2012,2016,American Indian/Alaskan Native (includes Hispanic),
13,Georgia,13303,Washington,2012,2016,White (includes Hispanic),
13,Georgia,13303,Washington,2013,2017,Asian/Pacific Islander (includes Hispanic),
13,Georgia,13303,Washington,2013,2017,Black (includes Hispanic),
13,Georgia,13303,Washington,2013,2017,Hispanic (all races),
13,Georgia,13303,Washington,2013,2017,American Indian/Alaskan Native (includes Hispanic),
13,Georgia,13303,Washington,2013,2017,White (includes Hispanic),
13,Georgia,13303,Washington,2014,2018,Asian/Pacific Islander (includes Hispanic),
13,Georgia,13303,Washington,2014,2018,Black (includes Hispanic),
13,Georgia,13303,Washington,2014,2018,Hispanic (all races),
13,Georgia,13303,Washington,2014,2018,American Indian/Alaskan Native (includes Hispanic),
13,Georgia,13303,Washington,2014,2018,White (includes Hispanic),
13,Georgia,13303,Washington,2015,2019,Asian/Pacific Islander (includes Hispanic),
13,Georgia,13303,Washington,2015,2019,Black (includes Hispanic),
13,Georgia,13303,Washington,2015,2019,Hispanic (all races),
13,Georgia,13303,Washington,2015,2019,American Indian/Alaskan Native (includes Hispanic),
13,Georgia,13303,Washington,2015,2019,White (includes Hispanic),
13,Georgia,13303,Washington,2016,2020,Asian/Pacific Islander (includes Hispanic),
13,Georgia,13303,Washington,2016,2020,Black (includes Hispanic),
13,Georgia,13303,Washington,2016,2020,Hispanic (all races),
13,Georgia,13303,Washington,2016,2020,American Indian/Alaskan Native (includes Hispanic),
13,Georgia,13303,Washington,2016,2020,White (includes Hispanic),
13,Georgia,13305,Wayne,2011,2015,Asian/Pacific Islander (includes Hispanic),
13,Georgia,13305,Wayne,2011,2015,Black (includes Hispanic),
13,Georgia,13305,Wayne,2011,2015,Hispanic (all races),
13,Georgia,13305,Wayne,2011,2015,American Indian/Alaskan Native (includes Hispanic),
13,Georgia,13305,Wayne,2011,2015,White (includes Hispanic),7.5
13,Georgia,13305,Wayne,2012,2016,Asian/Pacific Islander (includes Hispanic),
13,Georgia,13305,Wayne,2012,2016,Black (includes Hispanic),
13,Georgia,13305,Wayne,2012,2016,Hispanic (all races),
13,Georgia,13305,Wayne,2012,2016,American Indian/Alaskan Native (includes Hispanic),
13,Georgia,13305,Wayne,2012,2016,White (includes Hispanic),8.2
13,Georgia,13305,Wayne,2013,2017,Asian/Pacific Islander (includes Hispanic),
13,Georgia,13305,Wayne,2013,2017,Black (includes Hispanic),
13,Georgia,13305,Wayne,2013,2017,Hispanic (all races),
13,Georgia,13305,Wayne,2013,2017,American Indian/Alaskan Native (includes Hispanic),
13,Georgia,13305,Wayne,2013,2017,White (includes Hispanic),7.1
13,Georgia,13305,Wayne,2014,2018,Asian/Pacific Islander (includes Hispanic),
13,Georgia,13305,Wayne,2014,2018,Black (includes Hispanic),
13,Georgia,13305,Wayne,2014,2018,Hispanic (all races),
13,Georgia,13305,Wayne,2014,2018,American Indian/Alaskan Native (includes Hispanic),
13,Georgia,13305,Wayne,2014,2018,White (includes Hispanic),7.9
13,Georgia,13305,Wayne,2015,2019,Asian/Pacific Islander (includes Hispanic),
13,Georgia,13305,Wayne,2015,2019,Black (includes Hispanic),
13,Georgia,13305,Wayne,2015,2019,Hispanic (all races),
13,Georgia,13305,Wayne,2015,2019,American Indian/Alaskan Native (includes Hispanic),
13,Georgia,13305,Wayne,2015,2019,White (includes Hispanic),7.6
13,Georgia,13305,Wayne,2016,2020,Asian/Pacific Islander (includes Hispanic),
13,Georgia,13305,Wayne,2016,2020,Black (includes Hispanic),
13,Georgia,13305,Wayne,2016,2020,Hispanic (all races),
13,Georgia,13305,Wayne,2016,2020,American Indian/Alaskan Native (includes Hispanic),
13,Georgia,13305,Wayne,2016,2020,White (includes Hispanic),8.3
13,Georgia,13307,Webster,2011,2015,Asian/Pacific Islander (includes Hispanic),
13,Georgia,13307,Webster,2011,2015,Black (includes Hispanic),
13,Georgia,13307,Webster,2011,2015,Hispanic (all races),
13,Georgia,13307,Webster,2011,2015,American Indian/Alaskan Native (includes Hispanic),
13,Georgia,13307,Webster,2011,2015,White (includes Hispanic),
13,Georgia,13307,Webster,2012,2016,Asian/Pacific Islander (includes Hispanic),
13,Georgia,13307,Webster,2012,2016,Black (includes Hispanic),
13,Georgia,13307,Webster,2012,2016,Hispanic (all races),
13,Georgia,13307,Webster,2012,2016,American Indian/Alaskan Native (includes Hispanic),
13,Georgia,13307,Webster,2012,2016,White (includes Hispanic),
13,Georgia,13307,Webster,2013,2017,Asian/Pacific Islander (includes Hispanic),
13,Georgia,13307,Webster,2013,2017,Black (includes Hispanic),
13,Georgia,13307,Webster,2013,2017,Hispanic (all races),
13,Georgia,13307,Webster,2013,2017,American Indian/Alaskan Native (includes Hispanic),
13,Georgia,13307,Webster,2013,2017,White (includes Hispanic),
13,Georgia,13307,Webster,2014,2018,Asian/Pacific Islander (includes Hispanic),
13,Georgia,13307,Webster,2014,2018,Black (includes Hispanic),
13,Georgia,13307,Webster,2014,2018,Hispanic (all races),
13,Georgia,13307,Webster,2014,2018,American Indian/Alaskan Native (includes Hispanic),
13,Georgia,13307,Webster,2014,2018,White (includes Hispanic),
13,Georgia,13307,Webster,2015,2019,Asian/Pacific Islander (includes Hispanic),
13,Georgia,13307,Webster,2015,2019,Black (includes Hispanic),
13,Georgia,13307,Webster,2015,2019,Hispanic (all races),
13,Georgia,13307,Webster,2015,2019,American Indian/Alaskan Native (includes Hispanic),
13,Georgia,13307,Webster,2015,2019,White (includes Hispanic),
13,Georgia,13307,Webster,2016,2020,Asian/Pacific Islander (includes Hispanic),
13,Georgia,13307,Webster,2016,2020,Black (includes Hispanic),
13,Georgia,13307,Webster,2016,2020,Hispanic (all races),
13,Georgia,13307,Webster,2016,2020,American Indian/Alaskan Native (includes Hispanic),
13,Georgia,13307,Webster,2016,2020,White (includes Hispanic),
13,Georgia,13309,Wheeler,2011,2015,Asian/Pacific Islander (includes Hispanic),
13,Georgia,13309,Wheeler,2011,2015,Black (includes Hispanic),
13,Georgia,13309,Wheeler,2011,2015,Hispanic (all races),
13,Georgia,13309,Wheeler,2011,2015,American Indian/Alaskan Native (includes Hispanic),
13,Georgia,13309,Wheeler,2011,2015,White (includes Hispanic),9.6
13,Georgia,13309,Wheeler,2012,2016,Asian/Pacific Islander (includes Hispanic),
13,Georgia,13309,Wheeler,2012,2016,Black (includes Hispanic),
13,Georgia,13309,Wheeler,2012,2016,Hispanic (all races),
13,Georgia,13309,Wheeler,2012,2016,American Indian/Alaskan Native (includes Hispanic),
13,Georgia,13309,Wheeler,2012,2016,White (includes Hispanic),
13,Georgia,13309,Wheeler,2013,2017,Asian/Pacific Islander (includes Hispanic),
13,Georgia,13309,Wheeler,2013,2017,Black (includes Hispanic),
13,Georgia,13309,Wheeler,2013,2017,Hispanic (all races),
13,Georgia,13309,Wheeler,2013,2017,American Indian/Alaskan Native (includes Hispanic),
13,Georgia,13309,Wheeler,2013,2017,White (includes Hispanic),11.7
13,Georgia,13309,Wheeler,2014,2018,Asian/Pacific Islander (includes Hispanic),
13,Georgia,13309,Wheeler,2014,2018,Black (includes Hispanic),
13,Georgia,13309,Wheeler,2014,2018,Hispanic (all races),
13,Georgia,13309,Wheeler,2014,2018,American Indian/Alaskan Native (includes Hispanic),
13,Georgia,13309,Wheeler,2014,2018,White (includes Hispanic),12.9
13,Georgia,13309,Wheeler,2015,2019,Asian/Pacific Islander (includes Hispanic),
13,Georgia,13309,Wheeler,2015,2019,Black (includes Hispanic),
13,Georgia,13309,Wheeler,2015,2019,Hispanic (all races),
13,Georgia,13309,Wheeler,2015,2019,American Indian/Alaskan Native (includes Hispanic),
13,Georgia,13309,Wheeler,2015,2019,White (includes Hispanic),13.1
13,Georgia,13309,Wheeler,2016,2020,Asian/Pacific Islander (includes Hispanic),
13,Georgia,13309,Wheeler,2016,2020,Black (includes Hispanic),
13,Georgia,13309,Wheeler,2016,2020,Hispanic (all races),
13,Georgia,13309,Wheeler,2016,2020,American Indian/Alaskan Native (includes Hispanic),
13,Georgia,13309,Wheeler,2016,2020,White (includes Hispanic),13.5
13,Georgia,13311,White,2011,2015,Asian/Pacific Islander (includes Hispanic),
13,Georgia,13311,White,2011,2015,Black (includes Hispanic),
13,Georgia,13311,White,2011,2015,Hispanic (all races),
13,Georgia,13311,White,2011,2015,American Indian/Alaskan Native (includes Hispanic),
13,Georgia,13311,White,2011,2015,White (includes Hispanic),8.3
13,Georgia,13311,White,2012,2016,Asian/Pacific Islander (includes Hispanic),
13,Georgia,13311,White,2012,2016,Black (includes Hispanic),
13,Georgia,13311,White,2012,2016,Hispanic (all races),
13,Georgia,13311,White,2012,2016,American Indian/Alaskan Native (includes Hispanic),
13,Georgia,13311,White,2012,2016,White (includes Hispanic),9.5
13,Georgia,13311,White,2013,2017,Asian/Pacific Islander (includes Hispanic),
13,Georgia,13311,White,2013,2017,Black (includes Hispanic),
13,Georgia,13311,White,2013,2017,Hispanic (all races),
13,Georgia,13311,White,2013,2017,American Indian/Alaskan Native (includes Hispanic),
13,Georgia,13311,White,2013,2017,White (includes Hispanic),9.4
13,Georgia,13311,White,2014,2018,Asian/Pacific Islander (includes Hispanic),
13,Georgia,13311,White,2014,2018,Black (includes Hispanic),
13,Georgia,13311,White,2014,2018,Hispanic (all races),
13,Georgia,13311,White,2014,2018,American Indian/Alaskan Native (includes Hispanic),
13,Georgia,13311,White,2014,2018,White (includes Hispanic),9.4
13,Georgia,13311,White,2015,2019,Asian/Pacific Islander (includes Hispanic),
13,Georgia,13311,White,2015,2019,Black (includes Hispanic),
13,Georgia,13311,White,2015,2019,Hispanic (all races),
13,Georgia,13311,White,2015,2019,American Indian/Alaskan Native (includes Hispanic),
13,Georgia,13311,White,2015,2019,White (includes Hispanic),9.4
13,Georgia,13311,White,2016,2020,Asian/Pacific Islander (includes Hispanic),
13,Georgia,13311,White,2016,2020,Black (includes Hispanic),
13,Georgia,13311,White,2016,2020,Hispanic (all races),
13,Georgia,13311,White,2016,2020,American Indian/Alaskan Native (includes Hispanic),
13,Georgia,13311,White,2016,2020,White (includes Hispanic),9.0
13,Georgia,13313,Whitfield,2011,2015,Asian/Pacific Islander (includes Hispanic),
13,Georgia,13313,Whitfield,2011,2015,Black (includes Hispanic),10.1
13,Georgia,13313,Whitfield,2011,2015,Hispanic (all races),
13,Georgia,13313,Whitfield,2011,2015,American Indian/Alaskan Native (includes Hispanic),
13,Georgia,13313,Whitfield,2011,2015,White (includes Hispanic),8.0
13,Georgia,13313,Whitfield,2012,2016,Asian/Pacific Islander (includes Hispanic),
13,Georgia,13313,Whitfield,2012,2016,Black (includes Hispanic),9.2
13,Georgia,13313,Whitfield,2012,2016,Hispanic (all races),
13,Georgia,13313,Whitfield,2012,2016,American Indian/Alaskan Native (includes Hispanic),
13,Georgia,13313,Whitfield,2012,2016,White (includes Hispanic),8.0
13,Georgia,13313,Whitfield,2013,2017,Asian/Pacific Islander (includes Hispanic),
13,Georgia,13313,Whitfield,2013,2017,Black (includes Hispanic),
13,Georgia,13313,Whitfield,2013,2017,Hispanic (all races),
13,Georgia,13313,Whitfield,2013,2017,American Indian/Alaskan Native (includes Hispanic),
13,Georgia,13313,Whitfield,2013,2017,White (includes Hispanic),8.1
13,Georgia,13313,Whitfield,2014,2018,Asian/Pacific Islander (includes Hispanic),
13,Georgia,13313,Whitfield,2014,2018,Black (includes Hispanic),
13,Georgia,13313,Whitfield,2014,2018,Hispanic (all races),
13,Georgia,13313,Whitfield,2014,2018,American Indian/Alaskan Native (includes Hispanic),
13,Georgia,13313,Whitfield,2014,2018,White (includes Hispanic),8.0
13,Georgia,13313,Whitfield,2015,2019,Asian/Pacific Islander (includes Hispanic),
13,Georgia,13313,Whitfield,2015,2019,Black (includes Hispanic),
13,Georgia,13313,Whitfield,2015,2019,Hispanic (all races),
13,Georgia,13313,Whitfield,2015,2019,American Indian/Alaskan Native (includes Hispanic),
13,Georgia,13313,Whitfield,2015,2019,White (includes Hispanic),8.6
13,Georgia,13313,Whitfield,2016,2020,Asian/Pacific Islander (includes Hispanic),
13,Georgia,13313,Whitfield,2016,2020,Black (includes Hispanic),
13,Georgia,13313,Whitfield,2016,2020,Hispanic (all races),
13,Georgia,13313,Whitfield,2016,2020,American Indian/Alaskan Native (includes Hispanic),
13,Georgia,13313,Whitfield,2016,2020,White (includes Hispanic),8.3
13,Georgia,13315,Wilcox,2011,2015,Asian/Pacific Islander (includes Hispanic),
13,Georgia,13315,Wilcox,2011,2015,Black (includes Hispanic),
13,Georgia,13315,Wilcox,2011,2015,Hispanic (all races),
13,Georgia,13315,Wilcox,2011,2015,American Indian/Alaskan Native (includes Hispanic),
13,Georgia,13315,Wilcox,2011,2015,White (includes Hispanic),
13,Georgia,13315,Wilcox,2012,2016,Asian/Pacific Islander (includes Hispanic),
13,Georgia,13315,Wilcox,2012,2016,Black (includes Hispanic),
13,Georgia,13315,Wilcox,2012,2016,Hispanic (all races),
13,Georgia,13315,Wilcox,2012,2016,American Indian/Alaskan Native (includes Hispanic),
13,Georgia,13315,Wilcox,2012,2016,White (includes Hispanic),
13,Georgia,13315,Wilcox,2013,2017,Asian/Pacific Islander (includes Hispanic),
13,Georgia,13315,Wilcox,2013,2017,Black (includes Hispanic),
13,Georgia,13315,Wilcox,2013,2017,Hispanic (all races),
13,Georgia,13315,Wilcox,2013,2017,American Indian/Alaskan Native (includes Hispanic),
13,Georgia,13315,Wilcox,2013,2017,White (includes Hispanic),
13,Georgia,13315,Wilcox,2014,2018,Asian/Pacific Islander (includes Hispanic),
13,Georgia,13315,Wilcox,2014,2018,Black (includes Hispanic),16.2
13,Georgia,13315,Wilcox,2014,2018,Hispanic (all races),
13,Georgia,13315,Wilcox,2014,2018,American Indian/Alaskan Native (includes Hispanic),
13,Georgia,13315,Wilcox,2014,2018,White (includes Hispanic),10.1
13,Georgia,13315,Wilcox,2015,2019,Asian/Pacific Islander (includes Hispanic),
13,Georgia,13315,Wilcox,2015,2019,Black (includes Hispanic),19.7
13,Georgia,13315,Wilcox,2015,2019,Hispanic (all races),
13,Georgia,13315,Wilcox,2015,2019,American Indian/Alaskan Native (includes Hispanic),
13,Georgia,13315,Wilcox,2015,2019,White (includes Hispanic),9.3
13,Georgia,13315,Wilcox,2016,2020,Asian/Pacific Islander (includes Hispanic),
13,Georgia,13315,Wilcox,2016,2020,Black (includes Hispanic),20.7
13,Georgia,13315,Wilcox,2016,2020,Hispanic (all races),
13,Georgia,13315,Wilcox,2016,2020,American Indian/Alaskan Native (includes Hispanic),
13,Georgia,13315,Wilcox,2016,2020,White (includes Hispanic),10.6
13,Georgia,13317,Wilkes,2011,2015,Asian/Pacific Islander (includes Hispanic),
13,Georgia,13317,Wilkes,2011,2015,Black (includes Hispanic),
13,Georgia,13317,Wilkes,2011,2015,Hispanic (all races),
13,Georgia,13317,Wilkes,2011,2015,American Indian/Alaskan Native (includes Hispanic),
13,Georgia,13317,Wilkes,2011,2015,White (includes Hispanic),
13,Georgia,13317,Wilkes,2012,2016,Asian/Pacific Islander (includes Hispanic),
13,Georgia,13317,Wilkes,2012,2016,Black (includes Hispanic),
13,Georgia,13317,Wilkes,2012,2016,Hispanic (all races),
13,Georgia,13317,Wilkes,2012,2016,American Indian/Alaskan Native (includes Hispanic),
13,Georgia,13317,Wilkes,2012,2016,White (includes Hispanic),
13,Georgia,13317,Wilkes,2013,2017,Asian/Pacific Islander (includes Hispanic),
13,Georgia,13317,Wilkes,2013,2017,Black (includes Hispanic),
13,Georgia,13317,Wilkes,2013,2017,Hispanic (all races),
13,Georgia,13317,Wilkes,2013,2017,American Indian/Alaskan Native (includes Hispanic),
13,Georgia,13317,Wilkes,2013,2017,White (includes Hispanic),
13,Georgia,13317,Wilkes,2014,2018,Asian/Pacific Islander (includes Hispanic),
13,Georgia,13317,Wilkes,2014,2018,Black (includes Hispanic),
13,Georgia,13317,Wilkes,2014,2018,Hispanic (all races),
13,Georgia,13317,Wilkes,2014,2018,American Indian/Alaskan Native (includes Hispanic),
13,Georgia,13317,Wilkes,2014,2018,White (includes Hispanic),
13,Georgia,13317,Wilkes,2015,2019,Asian/Pacific Islander (includes Hispanic),
13,Georgia,13317,Wilkes,2015,2019,Black (includes Hispanic),
13,Georgia,13317,Wilkes,2015,2019,Hispanic (all races),
13,Georgia,13317,Wilkes,2015,2019,American Indian/Alaskan Native (includes Hispanic),
13,Georgia,13317,Wilkes,2015,2019,White (includes Hispanic),
13,Georgia,13317,Wilkes,2016,2020,Asian/Pacific Islander (includes Hispanic),
13,Georgia,13317,Wilkes,2016,2020,Black (includes Hispanic),
13,Georgia,13317,Wilkes,2016,2020,Hispanic (all races),
13,Georgia,13317,Wilkes,2016,2020,American Indian/Alaskan Native (includes Hispanic),
13,Georgia,13317,Wilkes,2016,2020,White (includes Hispanic),
13,Georgia,13319,Wilkinson,2011,2015,Asian/Pacific Islander (includes Hispanic),
13,Georgia,13319,Wilkinson,2011,2015,Black (includes Hispanic),11.8
13,Georgia,13319,Wilkinson,2011,2015,Hispanic (all races),
13,Georgia,13319,Wilkinson,2011,2015,American Indian/Alaskan Native (includes Hispanic),
13,Georgia,13319,Wilkinson,2011,2015,White (includes Hispanic),7.9
13,Georgia,13319,Wilkinson,2012,2016,Asian/Pacific Islander (includes Hispanic),
13,Georgia,13319,Wilkinson,2012,2016,Black (includes Hispanic),12.4
13,Georgia,13319,Wilkinson,2012,2016,Hispanic (all races),
13,Georgia,13319,Wilkinson,2012,2016,American Indian/Alaskan Native (includes Hispanic),
13,Georgia,13319,Wilkinson,2012,2016,White (includes Hispanic),8.1
13,Georgia,13319,Wilkinson,2013,2017,Asian/Pacific Islander (includes Hispanic),
13,Georgia,13319,Wilkinson,2013,2017,Black (includes Hispanic),11.2
13,Georgia,13319,Wilkinson,2013,2017,Hispanic (all races),
13,Georgia,13319,Wilkinson,2013,2017,American Indian/Alaskan Native (includes Hispanic),
13,Georgia,13319,Wilkinson,2013,2017,White (includes Hispanic),9.1
13,Georgia,13319,Wilkinson,2014,2018,Asian/Pacific Islander (includes Hispanic),
13,Georgia,13319,Wilkinson,2014,2018,Black (includes Hispanic),10.7
13,Georgia,13319,Wilkinson,2014,2018,Hispanic (all races),
13,Georgia,13319,Wilkinson,2014,2018,American Indian/Alaskan Native (includes Hispanic),
13,Georgia,13319,Wilkinson,2014,2018,White (includes Hispanic),9.2
13,Georgia,13319,Wilkinson,2015,2019,Asian/Pacific Islander (includes Hispanic),
13,Georgia,13319,Wilkinson,2015,2019,Black (includes Hispanic),
13,Georgia,13319,Wilkinson,2015,2019,Hispanic (all races),
13,Georgia,13319,Wilkinson,2015,2019,American Indian/Alaskan Native (includes Hispanic),
13,Georgia,13319,Wilkinson,2015,2019,White (includes Hispanic),9.8
13,Georgia,13319,Wilkinson,2016,2020,Asian/Pacific Islander (includes Hispanic),
13,Georgia,13319,Wilkinson,2016,2020,Black (includes Hispanic),
13,Georgia,13319,Wilkinson,2016,2020,Hispanic (all races),
13,Georgia,13319,Wilkinson,2016,2020,American Indian/Alaskan Native (includes Hispanic),
13,Georgia,13319,Wilkinson,2016,2020,White (includes Hispanic),9.7
13,Georgia,13321,Worth,2011,2015,Asian/Pacific Islander (includes Hispanic),
13,Georgia,13321,Worth,2011,2015,Black (includes Hispanic),8.3
13,Georgia,13321,Worth,2011,2015,Hispanic (all races),
13,Georgia,13321,Worth,2011,2015,American Indian/Alaskan Native (includes Hispanic),
13,Georgia,13321,Worth,2011,2015,White (includes Hispanic),9.6
13,Georgia,13321,Worth,2012,2016,Asian/Pacific Islander (includes Hispanic),
13,Georgia,13321,Worth,2012,2016,Black (includes Hispanic),8.7
13,Georgia,13321,Worth,2012,2016,Hispanic (all races),
13,Georgia,13321,Worth,2012,2016,American Indian/Alaskan Native (includes Hispanic),
13,Georgia,13321,Worth,2012,2016,White (includes Hispanic),8.5
13,Georgia,13321,Worth,2013,2017,Asian/Pacific Islander (includes Hispanic),
13,Georgia,13321,Worth,2013,2017,Black (includes Hispanic),10.7
13,Georgia,13321,Worth,2013,2017,Hispanic (all races),
13,Georgia,13321,Worth,2013,2017,American Indian/Alaskan Native (includes Hispanic),
13,Georgia,13321,Worth,2013,2017,White (includes Hispanic),7.8
13,Georgia,13321,Worth,2014,2018,Asian/Pacific Islander (includes Hispanic),
13,Georgia,13321,Worth,2014,2018,Black (includes Hispanic),11.8
13,Georgia,13321,Worth,2014,2018,Hispanic (all races),
13,Georgia,13321,Worth,2014,2018,American Indian/Alaskan Native (includes Hispanic),
13,Georgia,13321,Worth,2014,2018,White (includes Hispanic),8.6
13,Georgia,13321,Worth,2015,2019,Asian/Pacific Islander (includes Hispanic),
13,Georgia,13321,Worth,2015,2019,Black (includes Hispanic),14.2
13,Georgia,13321,Worth,2015,2019,Hispanic (all races),
13,Georgia,13321,Worth,2015,2019,American Indian/Alaskan Native (includes Hispanic),
13,Georgia,13321,Worth,2015,2019,White (includes Hispanic),7.6
13,Georgia,13321,Worth,2016,2020,Asian/Pacific Islander (includes Hispanic),
13,Georgia,13321,Worth,2016,2020,Black (includes Hispanic),14.5
13,Georgia,13321,Worth,2016,2020,Hispanic (all races),
13,Georgia,13321,Worth,2016,2020,American Indian/Alaskan Native (includes Hispanic),
13,Georgia,13321,Worth,2016,2020,White (includes Hispanic),8.1
15,Hawaii,15001,Hawaii,2011,2015,Asian/Pacific Islander (includes Hispanic),
15,Hawaii,15001,Hawaii,2011,2015,Black (includes Hispanic),
15,Hawaii,15001,Hawaii,2011,2015,Hispanic (all races),
15,Hawaii,15001,Hawaii,2011,2015,American Indian/Alaskan Native (includes Hispanic),
15,Hawaii,15001,Hawaii,2011,2015,White (includes Hispanic),
15,Hawaii,15001,Hawaii,2012,2016,Asian/Pacific Islander (includes Hispanic),
15,Hawaii,15001,Hawaii,2012,2016,Black (includes Hispanic),
15,Hawaii,15001,Hawaii,2012,2016,Hispanic (all races),
15,Hawaii,15001,Hawaii,2012,2016,American Indian/Alaskan Native (includes Hispanic),
15,Hawaii,15001,Hawaii,2012,2016,White (includes Hispanic),
15,Hawaii,15001,Hawaii,2013,2017,Asian/Pacific Islander (includes Hispanic),6.0
15,Hawaii,15001,Hawaii,2013,2017,Black (includes Hispanic),
15,Hawaii,15001,Hawaii,2013,2017,Hispanic (all races),
15,Hawaii,15001,Hawaii,2013,2017,American Indian/Alaskan Native (includes Hispanic),
15,Hawaii,15001,Hawaii,2013,2017,White (includes Hispanic),
15,Hawaii,15001,Hawaii,2014,2018,Asian/Pacific Islander (includes Hispanic),6.8
15,Hawaii,15001,Hawaii,2014,2018,Black (includes Hispanic),
15,Hawaii,15001,Hawaii,2014,2018,Hispanic (all races),
15,Hawaii,15001,Hawaii,2014,2018,American Indian/Alaskan Native (includes Hispanic),
15,Hawaii,15001,Hawaii,2014,2018,White (includes Hispanic),
15,Hawaii,15001,Hawaii,2015,2019,Asian/Pacific Islander (includes Hispanic),8.0
15,Hawaii,15001,Hawaii,2015,2019,Black (includes Hispanic),
15,Hawaii,15001,Hawaii,2015,2019,Hispanic (all races),
15,Hawaii,15001,Hawaii,2015,2019,American Indian/Alaskan Native (includes Hispanic),
15,Hawaii,15001,Hawaii,2015,2019,White (includes Hispanic),
15,Hawaii,15001,Hawaii,2016,2020,Asian/Pacific Islander (includes Hispanic),7.8
15,Hawaii,15001,Hawaii,2016,2020,Black (includes Hispanic),
15,Hawaii,15001,Hawaii,2016,2020,Hispanic (all races),
15,Hawaii,15001,Hawaii,2016,2020,American Indian/Alaskan Native (includes Hispanic),
15,Hawaii,15001,Hawaii,2016,2020,White (includes Hispanic),
15,Hawaii,15003,Honolulu,2011,2015,Asian/Pacific Islander (includes Hispanic),7.3
15,Hawaii,15003,Honolulu,2011,2015,Black (includes Hispanic),
15,Hawaii,15003,Honolulu,2011,2015,Hispanic (all races),
15,Hawaii,15003,Honolulu,2011,2015,American Indian/Alaskan Native (includes Hispanic),
15,Hawaii,15003,Honolulu,2011,2015,White (includes Hispanic),8.0
15,Hawaii,15003,Honolulu,2012,2016,Asian/Pacific Islander (includes Hispanic),7.1
15,Hawaii,15003,Honolulu,2012,2016,Black (includes Hispanic),
15,Hawaii,15003,Honolulu,2012,2016,Hispanic (all races),12.8
15,Hawaii,15003,Honolulu,2012,2016,American Indian/Alaskan Native (includes Hispanic),
15,Hawaii,15003,Honolulu,2012,2016,White (includes Hispanic),9.0
15,Hawaii,15003,Honolulu,2013,2017,Asian/Pacific Islander (includes Hispanic),6.3
15,Hawaii,15003,Honolulu,2013,2017,Black (includes Hispanic),
15,Hawaii,15003,Honolulu,2013,2017,Hispanic (all races),
15,Hawaii,15003,Honolulu,2013,2017,American Indian/Alaskan Native (includes Hispanic),
15,Hawaii,15003,Honolulu,2013,2017,White (includes Hispanic),8.7
15,Hawaii,15003,Honolulu,2014,2018,Asian/Pacific Islander (includes Hispanic),6.1
15,Hawaii,15003,Honolulu,2014,2018,Black (includes Hispanic),
15,Hawaii,15003,Honolulu,2014,2018,Hispanic (all races),
15,Hawaii,15003,Honolulu,2014,2018,American Indian/Alaskan Native (includes Hispanic),
15,Hawaii,15003,Honolulu,2014,2018,White (includes Hispanic),10.2
15,Hawaii,15003,Honolulu,2015,2019,Asian/Pacific Islander (includes Hispanic),6.0
15,Hawaii,15003,Honolulu,2015,2019,Black (includes Hispanic),
15,Hawaii,15003,Honolulu,2015,2019,Hispanic (all races),
15,Hawaii,15003,Honolulu,2015,2019,American Indian/Alaskan Native (includes Hispanic),
15,Hawaii,15003,Honolulu,2015,2019,White (includes Hispanic),9.6
15,Hawaii,15003,Honolulu,2016,2020,Asian/Pacific Islander (includes Hispanic),6.9
15,Hawaii,15003,Honolulu,2016,2020,Black (includes Hispanic),
15,Hawaii,15003,Honolulu,2016,2020,Hispanic (all races),
15,Hawaii,15003,Honolulu,2016,2020,American Indian/Alaskan Native (includes Hispanic),
15,Hawaii,15003,Honolulu,2016,2020,White (includes Hispanic),7.5
15,Hawaii,15005,Kalawao,2011,2015,Asian/Pacific Islander (includes Hispanic),
15,Hawaii,15005,Kalawao,2011,2015,Black (includes Hispanic),
15,Hawaii,15005,Kalawao,2011,2015,Hispanic (all races),
15,Hawaii,15005,Kalawao,2011,2015,American Indian/Alaskan Native (includes Hispanic),
15,Hawaii,15005,Kalawao,2011,2015,White (includes Hispanic),
15,Hawaii,15005,Kalawao,2012,2016,Asian/Pacific Islander (includes Hispanic),6.7
15,Hawaii,15005,Kalawao,2012,2016,Black (includes Hispanic),
15,Hawaii,15005,Kalawao,2012,2016,Hispanic (all races),
15,Hawaii,15005,Kalawao,2012,2016,American Indian/Alaskan Native (includes Hispanic),
15,Hawaii,15005,Kalawao,2012,2016,White (includes Hispanic),
15,Hawaii,15005,Kalawao,2013,2017,Asian/Pacific Islander (includes Hispanic),7.1
15,Hawaii,15005,Kalawao,2013,2017,Black (includes Hispanic),
15,Hawaii,15005,Kalawao,2013,2017,Hispanic (all races),
15,Hawaii,15005,Kalawao,2013,2017,American Indian/Alaskan Native (includes Hispanic),
15,Hawaii,15005,Kalawao,2013,2017,White (includes Hispanic),
15,Hawaii,15005,Kalawao,2014,2018,Asian/Pacific Islander (includes Hispanic),
15,Hawaii,15005,Kalawao,2014,2018,Black (includes Hispanic),
15,Hawaii,15005,Kalawao,2014,2018,Hispanic (all races),
15,Hawaii,15005,Kalawao,2014,2018,American Indian/Alaskan Native (includes Hispanic),
15,Hawaii,15005,Kalawao,2014,2018,White (includes Hispanic),
15,Hawaii,15005,Kalawao,2015,2019,Asian/Pacific Islander (includes Hispanic),
15,Hawaii,15005,Kalawao,2015,2019,Black (includes Hispanic),
15,Hawaii,15005,Kalawao,2015,2019,Hispanic (all races),
15,Hawaii,15005,Kalawao,2015,2019,American Indian/Alaskan Native (includes Hispanic),
15,Hawaii,15005,Kalawao,2015,2019,White (includes Hispanic),
15,Hawaii,15005,Kalawao,2016,2020,Asian/Pacific Islander (includes Hispanic),
15,Hawaii,15005,Kalawao,2016,2020,Black (includes Hispanic),
15,Hawaii,15005,Kalawao,2016,2020,Hispanic (all races),
15,Hawaii,15005,Kalawao,2016,2020,American Indian/Alaskan Native (includes Hispanic),
15,Hawaii,15005,Kalawao,2016,2020,White (includes Hispanic),
15,Hawaii,15007,Kauai,2011,2015,Asian/Pacific Islander (includes Hispanic),
15,Hawaii,15007,Kauai,2011,2015,Black (includes Hispanic),
15,Hawaii,15007,Kauai,2011,2015,Hispanic (all races),
15,Hawaii,15007,Kauai,2011,2015,American Indian/Alaskan Native (includes Hispanic),
15,Hawaii,15007,Kauai,2011,2015,White (includes Hispanic),
15,Hawaii,15007,Kauai,2012,2016,Asian/Pacific Islander (includes Hispanic),
15,Hawaii,15007,Kauai,2012,2016,Black (includes Hispanic),
15,Hawaii,15007,Kauai,2012,2016,Hispanic (all races),
15,Hawaii,15007,Kauai,2012,2016,American Indian/Alaskan Native (includes Hispanic),
15,Hawaii,15007,Kauai,2012,2016,White (includes Hispanic),
15,Hawaii,15007,Kauai,2013,2017,Asian/Pacific Islander (includes Hispanic),
15,Hawaii,15007,Kauai,2013,2017,Black (includes Hispanic),
15,Hawaii,15007,Kauai,2013,2017,Hispanic (all races),
15,Hawaii,15007,Kauai,2013,2017,American Indian/Alaskan Native (includes Hispanic),
15,Hawaii,15007,Kauai,2013,2017,White (includes Hispanic),
15,Hawaii,15007,Kauai,2014,2018,Asian/Pacific Islander (includes Hispanic),
15,Hawaii,15007,Kauai,2014,2018,Black (includes Hispanic),
15,Hawaii,15007,Kauai,2014,2018,Hispanic (all races),
15,Hawaii,15007,Kauai,2014,2018,American Indian/Alaskan Native (includes Hispanic),
15,Hawaii,15007,Kauai,2014,2018,White (includes Hispanic),
15,Hawaii,15007,Kauai,2015,2019,Asian/Pacific Islander (includes Hispanic),
15,Hawaii,15007,Kauai,2015,2019,Black (includes Hispanic),
15,Hawaii,15007,Kauai,2015,2019,Hispanic (all races),
15,Hawaii,15007,Kauai,2015,2019,American Indian/Alaskan Native (includes Hispanic),
15,Hawaii,15007,Kauai,2015,2019,White (includes Hispanic),
15,Hawaii,15007,Kauai,2016,2020,Asian/Pacific Islander (includes Hispanic),
15,Hawaii,15007,Kauai,2016,2020,Black (includes Hispanic),
15,Hawaii,15007,Kauai,2016,2020,Hispanic (all races),
15,Hawaii,15007,Kauai,2016,2020,American Indian/Alaskan Native (includes Hispanic),
15,Hawaii,15007,Kauai,2016,2020,White (includes Hispanic),
15,Hawaii,15009,Maui,2011,2015,Asian/Pacific Islander (includes Hispanic),
15,Hawaii,15009,Maui,2011,2015,Black (includes Hispanic),
15,Hawaii,15009,Maui,2011,2015,Hispanic (all races),
15,Hawaii,15009,Maui,2011,2015,American Indian/Alaskan Native (includes Hispanic),
15,Hawaii,15009,Maui,2011,2015,White (includes Hispanic),
15,Hawaii,15009,Maui,2012,2016,Asian/Pacific Islander (includes Hispanic),6.7
15,Hawaii,15009,Maui,2012,2016,Black (includes Hispanic),
15,Hawaii,15009,Maui,2012,2016,Hispanic (all races),
15,Hawaii,15009,Maui,2012,2016,American Indian/Alaskan Native (includes Hispanic),
15,Hawaii,15009,Maui,2012,2016,White (includes Hispanic),
15,Hawaii,15009,Maui,2013,2017,Asian/Pacific Islander (includes Hispanic),7.1
15,Hawaii,15009,Maui,2013,2017,Black (includes Hispanic),
15,Hawaii,15009,Maui,2013,2017,Hispanic (all races),
15,Hawaii,15009,Maui,2013,2017,American Indian/Alaskan Native (includes Hispanic),
15,Hawaii,15009,Maui,2013,2017,White (includes Hispanic),
15,Hawaii,15009,Maui,2014,2018,Asian/Pacific Islander (includes Hispanic),
15,Hawaii,15009,Maui,2014,2018,Black (includes Hispanic),
15,Hawaii,15009,Maui,2014,2018,Hispanic (all races),
15,Hawaii,15009,Maui,2014,2018,American Indian/Alaskan Native (includes Hispanic),
15,Hawaii,15009,Maui,2014,2018,White (includes Hispanic),
15,Hawaii,15009,Maui,2015,2019,Asian/Pacific Islander (includes Hispanic),
15,Hawaii,15009,Maui,2015,2019,Black (includes Hispanic),
15,Hawaii,15009,Maui,2015,2019,Hispanic (all races),
15,Hawaii,15009,Maui,2015,2019,American Indian/Alaskan Native (includes Hispanic),
15,Hawaii,15009,Maui,2015,2019,White (includes Hispanic),
15,Hawaii,15009,Maui,2016,2020,Asian/Pacific Islander (includes Hispanic),
15,Hawaii,15009,Maui,2016,2020,Black (includes Hispanic),
15,Hawaii,15009,Maui,2016,2020,Hispanic (all races),
15,Hawaii,15009,Maui,2016,2020,American Indian/Alaskan Native (includes Hispanic),
15,Hawaii,15009,Maui,2016,2020,White (includes Hispanic),
16,Idaho,16001,Ada,2011,2015,Asian/Pacific Islander (includes Hispanic),
16,Idaho,16001,Ada,2011,2015,Black (includes Hispanic),
16,Idaho,16001,Ada,2011,2015,Hispanic (all races),13.2
16,Idaho,16001,Ada,2011,2015,American Indian/Alaskan Native (includes Hispanic),
16,Idaho,16001,Ada,2011,2015,White (includes Hispanic),6.3
16,Idaho,16001,Ada,2012,2016,Asian/Pacific Islander (includes Hispanic),
16,Idaho,16001,Ada,2012,2016,Black (includes Hispanic),
16,Idaho,16001,Ada,2012,2016,Hispanic (all races),12.3
16,Idaho,16001,Ada,2012,2016,American Indian/Alaskan Native (includes Hispanic),
16,Idaho,16001,Ada,2012,2016,White (includes Hispanic),6.5
16,Idaho,16001,Ada,2013,2017,Asian/Pacific Islander (includes Hispanic),
16,Idaho,16001,Ada,2013,2017,Black (includes Hispanic),
16,Idaho,16001,Ada,2013,2017,Hispanic (all races),
16,Idaho,16001,Ada,2013,2017,American Indian/Alaskan Native (includes Hispanic),
16,Idaho,16001,Ada,2013,2017,White (includes Hispanic),6.2
16,Idaho,16001,Ada,2014,2018,Asian/Pacific Islander (includes Hispanic),
16,Idaho,16001,Ada,2014,2018,Black (includes Hispanic),
16,Idaho,16001,Ada,2014,2018,Hispanic (all races),11.7
16,Idaho,16001,Ada,2014,2018,American Indian/Alaskan Native (includes Hispanic),
16,Idaho,16001,Ada,2014,2018,White (includes Hispanic),6.7
16,Idaho,16001,Ada,2015,2019,Asian/Pacific Islander (includes Hispanic),
16,Idaho,16001,Ada,2015,2019,Black (includes Hispanic),
16,Idaho,16001,Ada,2015,2019,Hispanic (all races),11.2
16,Idaho,16001,Ada,2015,2019,American Indian/Alaskan Native (includes Hispanic),
16,Idaho,16001,Ada,2015,2019,White (includes Hispanic),7.3
16,Idaho,16001,Ada,2016,2020,Asian/Pacific Islander (includes Hispanic),
16,Idaho,16001,Ada,2016,2020,Black (includes Hispanic),
16,Idaho,16001,Ada,2016,2020,Hispanic (all races),9.0
16,Idaho,16001,Ada,2016,2020,American Indian/Alaskan Native (includes Hispanic),
16,Idaho,16001,Ada,2016,2020,White (includes Hispanic),6.7
16,Idaho,16003,Adams,2011,2015,Asian/Pacific Islander (includes Hispanic),
16,Idaho,16003,Adams,2011,2015,Black (includes Hispanic),
16,Idaho,16003,Adams,2011,2015,Hispanic (all races),
16,Idaho,16003,Adams,2011,2015,American Indian/Alaskan Native (includes Hispanic),
16,Idaho,16003,Adams,2011,2015,White (includes Hispanic),
16,Idaho,16003,Adams,2012,2016,Asian/Pacific Islander (includes Hispanic),
16,Idaho,16003,Adams,2012,2016,Black (includes Hispanic),
16,Idaho,16003,Adams,2012,2016,Hispanic (all races),
16,Idaho,16003,Adams,2012,2016,American Indian/Alaskan Native (includes Hispanic),
16,Idaho,16003,Adams,2012,2016,White (includes Hispanic),
16,Idaho,16003,Adams,2013,2017,Asian/Pacific Islander (includes Hispanic),
16,Idaho,16003,Adams,2013,2017,Black (includes Hispanic),
16,Idaho,16003,Adams,2013,2017,Hispanic (all races),
16,Idaho,16003,Adams,2013,2017,American Indian/Alaskan Native (includes Hispanic),
16,Idaho,16003,Adams,2013,2017,White (includes Hispanic),
16,Idaho,16003,Adams,2014,2018,Asian/Pacific Islander (includes Hispanic),
16,Idaho,16003,Adams,2014,2018,Black (includes Hispanic),
16,Idaho,16003,Adams,2014,2018,Hispanic (all races),
16,Idaho,16003,Adams,2014,2018,American Indian/Alaskan Native (includes Hispanic),
16,Idaho,16003,Adams,2014,2018,White (includes Hispanic),9.8
16,Idaho,16003,Adams,2015,2019,Asian/Pacific Islander (includes Hispanic),
16,Idaho,16003,Adams,2015,2019,Black (includes Hispanic),
16,Idaho,16003,Adams,2015,2019,Hispanic (all races),
16,Idaho,16003,Adams,2015,2019,American Indian/Alaskan Native (includes Hispanic),
16,Idaho,16003,Adams,2015,2019,White (includes Hispanic),
16,Idaho,16003,Adams,2016,2020,Asian/Pacific Islander (includes Hispanic),
16,Idaho,16003,Adams,2016,2020,Black (includes Hispanic),
16,Idaho,16003,Adams,2016,2020,Hispanic (all races),
16,Idaho,16003,Adams,2016,2020,American Indian/Alaskan Native (includes Hispanic),
16,Idaho,16003,Adams,2016,2020,White (includes Hispanic),
16,Idaho,16005,Bannock,2011,2015,Asian/Pacific Islander (includes Hispanic),
16,Idaho,16005,Bannock,2011,2015,Black (includes Hispanic),
16,Idaho,16005,Bannock,2011,2015,Hispanic (all races),
16,Idaho,16005,Bannock,2011,2015,American Indian/Alaskan Native (includes Hispanic),
16,Idaho,16005,Bannock,2011,2015,White (includes Hispanic),5.4
16,Idaho,16005,Bannock,2012,2016,Asian/Pacific Islander (includes Hispanic),
16,Idaho,16005,Bannock,2012,2016,Black (includes Hispanic),
16,Idaho,16005,Bannock,2012,2016,Hispanic (all races),
16,Idaho,16005,Bannock,2012,2016,American Indian/Alaskan Native (includes Hispanic),
16,Idaho,16005,Bannock,2012,2016,White (includes Hispanic),5.9
16,Idaho,16005,Bannock,2013,2017,Asian/Pacific Islander (includes Hispanic),
16,Idaho,16005,Bannock,2013,2017,Black (includes Hispanic),
16,Idaho,16005,Bannock,2013,2017,Hispanic (all races),
16,Idaho,16005,Bannock,2013,2017,American Indian/Alaskan Native (includes Hispanic),
16,Idaho,16005,Bannock,2013,2017,White (includes Hispanic),6.0
16,Idaho,16005,Bannock,2014,2018,Asian/Pacific Islander (includes Hispanic),
16,Idaho,16005,Bannock,2014,2018,Black (includes Hispanic),
16,Idaho,16005,Bannock,2014,2018,Hispanic (all races),
16,Idaho,16005,Bannock,2014,2018,American Indian/Alaskan Native (includes Hispanic),
16,Idaho,16005,Bannock,2014,2018,White (includes Hispanic),7.6
16,Idaho,16005,Bannock,2015,2019,Asian/Pacific Islander (includes Hispanic),
16,Idaho,16005,Bannock,2015,2019,Black (includes Hispanic),
16,Idaho,16005,Bannock,2015,2019,Hispanic (all races),
16,Idaho,16005,Bannock,2015,2019,American Indian/Alaskan Native (includes Hispanic),
16,Idaho,16005,Bannock,2015,2019,White (includes Hispanic),9.5
16,Idaho,16005,Bannock,2016,2020,Asian/Pacific Islander (includes Hispanic),
16,Idaho,16005,Bannock,2016,2020,Black (includes Hispanic),
16,Idaho,16005,Bannock,2016,2020,Hispanic (all races),
16,Idaho,16005,Bannock,2016,2020,American Indian/Alaskan Native (includes Hispanic),
16,Idaho,16005,Bannock,2016,2020,White (includes Hispanic),9.5
16,Idaho,16007,Bear Lake,2011,2015,Asian/Pacific Islander (includes Hispanic),
16,Idaho,16007,Bear Lake,2011,2015,Black (includes Hispanic),
16,Idaho,16007,Bear Lake,2011,2015,Hispanic (all races),
16,Idaho,16007,Bear Lake,2011,2015,American Indian/Alaskan Native (includes Hispanic),
16,Idaho,16007,Bear Lake,2011,2015,White (includes Hispanic),
16,Idaho,16007,Bear Lake,2012,2016,Asian/Pacific Islander (includes Hispanic),
16,Idaho,16007,Bear Lake,2012,2016,Black (includes Hispanic),
16,Idaho,16007,Bear Lake,2012,2016,Hispanic (all races),
16,Idaho,16007,Bear Lake,2012,2016,American Indian/Alaskan Native (includes Hispanic),
16,Idaho,16007,Bear Lake,2012,2016,White (includes Hispanic),
16,Idaho,16007,Bear Lake,2013,2017,Asian/Pacific Islander (includes Hispanic),
16,Idaho,16007,Bear Lake,2013,2017,Black (includes Hispanic),
16,Idaho,16007,Bear Lake,2013,2017,Hispanic (all races),
16,Idaho,16007,Bear Lake,2013,2017,American Indian/Alaskan Native (includes Hispanic),
16,Idaho,16007,Bear Lake,2013,2017,White (includes Hispanic),
16,Idaho,16007,Bear Lake,2014,2018,Asian/Pacific Islander (includes Hispanic),
16,Idaho,16007,Bear Lake,2014,2018,Black (includes Hispanic),
16,Idaho,16007,Bear Lake,2014,2018,Hispanic (all races),
16,Idaho,16007,Bear Lake,2014,2018,American Indian/Alaskan Native (includes Hispanic),
16,Idaho,16007,Bear Lake,2014,2018,White (includes Hispanic),
16,Idaho,16007,Bear Lake,2015,2019,Asian/Pacific Islander (includes Hispanic),
16,Idaho,16007,Bear Lake,2015,2019,Black (includes Hispanic),
16,Idaho,16007,Bear Lake,2015,2019,Hispanic (all races),
16,Idaho,16007,Bear Lake,2015,2019,American Indian/Alaskan Native (includes Hispanic),
16,Idaho,16007,Bear Lake,2015,2019,White (includes Hispanic),
16,Idaho,16007,Bear Lake,2016,2020,Asian/Pacific Islander (includes Hispanic),
16,Idaho,16007,Bear Lake,2016,2020,Black (includes Hispanic),
16,Idaho,16007,Bear Lake,2016,2020,Hispanic (all races),
16,Idaho,16007,Bear Lake,2016,2020,American Indian/Alaskan Native (includes Hispanic),
16,Idaho,16007,Bear Lake,2016,2020,White (includes Hispanic),
16,Idaho,16009,Benewah,2011,2015,Asian/Pacific Islander (includes Hispanic),
16,Idaho,16009,Benewah,2011,2015,Black (includes Hispanic),
16,Idaho,16009,Benewah,2011,2015,Hispanic (all races),
16,Idaho,16009,Benewah,2011,2015,American Indian/Alaskan Native (includes Hispanic),
16,Idaho,16009,Benewah,2011,2015,White (includes Hispanic),5.6
16,Idaho,16009,Benewah,2012,2016,Asian/Pacific Islander (includes Hispanic),
16,Idaho,16009,Benewah,2012,2016,Black (includes Hispanic),
16,Idaho,16009,Benewah,2012,2016,Hispanic (all races),
16,Idaho,16009,Benewah,2012,2016,American Indian/Alaskan Native (includes Hispanic),
16,Idaho,16009,Benewah,2012,2016,White (includes Hispanic),6.0
16,Idaho,16009,Benewah,2013,2017,Asian/Pacific Islander (includes Hispanic),
16,Idaho,16009,Benewah,2013,2017,Black (includes Hispanic),
16,Idaho,16009,Benewah,2013,2017,Hispanic (all races),
16,Idaho,16009,Benewah,2013,2017,American Indian/Alaskan Native (includes Hispanic),
16,Idaho,16009,Benewah,2013,2017,White (includes Hispanic),6.4
16,Idaho,16009,Benewah,2014,2018,Asian/Pacific Islander (includes Hispanic),
16,Idaho,16009,Benewah,2014,2018,Black (includes Hispanic),
16,Idaho,16009,Benewah,2014,2018,Hispanic (all races),
16,Idaho,16009,Benewah,2014,2018,American Indian/Alaskan Native (includes Hispanic),
16,Idaho,16009,Benewah,2014,2018,White (includes Hispanic),6.8
16,Idaho,16009,Benewah,2015,2019,Asian/Pacific Islander (includes Hispanic),
16,Idaho,16009,Benewah,2015,2019,Black (includes Hispanic),
16,Idaho,16009,Benewah,2015,2019,Hispanic (all races),
16,Idaho,16009,Benewah,2015,2019,American Indian/Alaskan Native (includes Hispanic),
16,Idaho,16009,Benewah,2015,2019,White (includes Hispanic),7.2
16,Idaho,16009,Benewah,2016,2020,Asian/Pacific Islander (includes Hispanic),
16,Idaho,16009,Benewah,2016,2020,Black (includes Hispanic),
16,Idaho,16009,Benewah,2016,2020,Hispanic (all races),
16,Idaho,16009,Benewah,2016,2020,American Indian/Alaskan Native (includes Hispanic),
16,Idaho,16009,Benewah,2016,2020,White (includes Hispanic),7.2
16,Idaho,16011,Bingham,2011,2015,Asian/Pacific Islander (includes Hispanic),
16,Idaho,16011,Bingham,2011,2015,Black (includes Hispanic),
16,Idaho,16011,Bingham,2011,2015,Hispanic (all races),
16,Idaho,16011,Bingham,2011,2015,American Indian/Alaskan Native (includes Hispanic),
16,Idaho,16011,Bingham,2011,2015,White (includes Hispanic),4.7
16,Idaho,16011,Bingham,2012,2016,Asian/Pacific Islander (includes Hispanic),
16,Idaho,16011,Bingham,2012,2016,Black (includes Hispanic),
16,Idaho,16011,Bingham,2012,2016,Hispanic (all races),
16,Idaho,16011,Bingham,2012,2016,American Indian/Alaskan Native (includes Hispanic),
16,Idaho,16011,Bingham,2012,2016,White (includes Hispanic),5.4
16,Idaho,16011,Bingham,2013,2017,Asian/Pacific Islander (includes Hispanic),
16,Idaho,16011,Bingham,2013,2017,Black (includes Hispanic),
16,Idaho,16011,Bingham,2013,2017,Hispanic (all races),
16,Idaho,16011,Bingham,2013,2017,American Indian/Alaskan Native (includes Hispanic),
16,Idaho,16011,Bingham,2013,2017,White (includes Hispanic),5.9
16,Idaho,16011,Bingham,2014,2018,Asian/Pacific Islander (includes Hispanic),
16,Idaho,16011,Bingham,2014,2018,Black (includes Hispanic),
16,Idaho,16011,Bingham,2014,2018,Hispanic (all races),
16,Idaho,16011,Bingham,2014,2018,American Indian/Alaskan Native (includes Hispanic),
16,Idaho,16011,Bingham,2014,2018,White (includes Hispanic),7.1
16,Idaho,16011,Bingham,2015,2019,Asian/Pacific Islander (includes Hispanic),
16,Idaho,16011,Bingham,2015,2019,Black (includes Hispanic),
16,Idaho,16011,Bingham,2015,2019,Hispanic (all races),
16,Idaho,16011,Bingham,2015,2019,American Indian/Alaskan Native (includes Hispanic),
16,Idaho,16011,Bingham,2015,2019,White (includes Hispanic),7.9
16,Idaho,16011,Bingham,2016,2020,Asian/Pacific Islander (includes Hispanic),
16,Idaho,16011,Bingham,2016,2020,Black (includes Hispanic),
16,Idaho,16011,Bingham,2016,2020,Hispanic (all races),
16,Idaho,16011,Bingham,2016,2020,American Indian/Alaskan Native (includes Hispanic),
16,Idaho,16011,Bingham,2016,2020,White (includes Hispanic),8.7
16,Idaho,16013,Blaine,2011,2015,Asian/Pacific Islander (includes Hispanic),
16,Idaho,16013,Blaine,2011,2015,Black (includes Hispanic),
16,Idaho,16013,Blaine,2011,2015,Hispanic (all races),
16,Idaho,16013,Blaine,2011,2015,American Indian/Alaskan Native (includes Hispanic),
16,Idaho,16013,Blaine,2011,2015,White (includes Hispanic),
16,Idaho,16013,Blaine,2012,2016,Asian/Pacific Islander (includes Hispanic),
16,Idaho,16013,Blaine,2012,2016,Black (includes Hispanic),
16,Idaho,16013,Blaine,2012,2016,Hispanic (all races),
16,Idaho,16013,Blaine,2012,2016,American Indian/Alaskan Native (includes Hispanic),
16,Idaho,16013,Blaine,2012,2016,White (includes Hispanic),
16,Idaho,16013,Blaine,2013,2017,Asian/Pacific Islander (includes Hispanic),
16,Idaho,16013,Blaine,2013,2017,Black (includes Hispanic),
16,Idaho,16013,Blaine,2013,2017,Hispanic (all races),
16,Idaho,16013,Blaine,2013,2017,American Indian/Alaskan Native (includes Hispanic),
16,Idaho,16013,Blaine,2013,2017,White (includes Hispanic),
16,Idaho,16013,Blaine,2014,2018,Asian/Pacific Islander (includes Hispanic),
16,Idaho,16013,Blaine,2014,2018,Black (includes Hispanic),
16,Idaho,16013,Blaine,2014,2018,Hispanic (all races),
16,Idaho,16013,Blaine,2014,2018,American Indian/Alaskan Native (includes Hispanic),
16,Idaho,16013,Blaine,2014,2018,White (includes Hispanic),6.5
16,Idaho,16013,Blaine,2015,2019,Asian/Pacific Islander (includes Hispanic),
16,Idaho,16013,Blaine,2015,2019,Black (includes Hispanic),
16,Idaho,16013,Blaine,2015,2019,Hispanic (all races),
16,Idaho,16013,Blaine,2015,2019,American Indian/Alaskan Native (includes Hispanic),
16,Idaho,16013,Blaine,2015,2019,White (includes Hispanic),7.2
16,Idaho,16013,Blaine,2016,2020,Asian/Pacific Islander (includes Hispanic),
16,Idaho,16013,Blaine,2016,2020,Black (includes Hispanic),
16,Idaho,16013,Blaine,2016,2020,Hispanic (all races),
16,Idaho,16013,Blaine,2016,2020,American Indian/Alaskan Native (includes Hispanic),
16,Idaho,16013,Blaine,2016,2020,White (includes Hispanic),8.0
16,Idaho,16015,Boise,2011,2015,Asian/Pacific Islander (includes Hispanic),
16,Idaho,16015,Boise,2011,2015,Black (includes Hispanic),
16,Idaho,16015,Boise,2011,2015,Hispanic (all races),
16,Idaho,16015,Boise,2011,2015,American Indian/Alaskan Native (includes Hispanic),
16,Idaho,16015,Boise,2011,2015,White (includes Hispanic),6.1
16,Idaho,16015,Boise,2012,2016,Asian/Pacific Islander (includes Hispanic),
16,Idaho,16015,Boise,2012,2016,Black (includes Hispanic),
16,Idaho,16015,Boise,2012,2016,Hispanic (all races),
16,Idaho,16015,Boise,2012,2016,American Indian/Alaskan Native (includes Hispanic),
16,Idaho,16015,Boise,2012,2016,White (includes Hispanic),6.1
16,Idaho,16015,Boise,2013,2017,Asian/Pacific Islander (includes Hispanic),
16,Idaho,16015,Boise,2013,2017,Black (includes Hispanic),
16,Idaho,16015,Boise,2013,2017,Hispanic (all races),
16,Idaho,16015,Boise,2013,2017,American Indian/Alaskan Native (includes Hispanic),
16,Idaho,16015,Boise,2013,2017,White (includes Hispanic),5.6
16,Idaho,16015,Boise,2014,2018,Asian/Pacific Islander (includes Hispanic),
16,Idaho,16015,Boise,2014,2018,Black (includes Hispanic),
16,Idaho,16015,Boise,2014,2018,Hispanic (all races),
16,Idaho,16015,Boise,2014,2018,American Indian/Alaskan Native (includes Hispanic),
16,Idaho,16015,Boise,2014,2018,White (includes Hispanic),5.7
16,Idaho,16015,Boise,2015,2019,Asian/Pacific Islander (includes Hispanic),
16,Idaho,16015,Boise,2015,2019,Black (includes Hispanic),
16,Idaho,16015,Boise,2015,2019,Hispanic (all races),
16,Idaho,16015,Boise,2015,2019,American Indian/Alaskan Native (includes Hispanic),
16,Idaho,16015,Boise,2015,2019,White (includes Hispanic),5.9
16,Idaho,16015,Boise,2016,2020,Asian/Pacific Islander (includes Hispanic),
16,Idaho,16015,Boise,2016,2020,Black (includes Hispanic),
16,Idaho,16015,Boise,2016,2020,Hispanic (all races),
16,Idaho,16015,Boise,2016,2020,American Indian/Alaskan Native (includes Hispanic),
16,Idaho,16015,Boise,2016,2020,White (includes Hispanic),5.4
16,Idaho,16017,Bonner,2011,2015,Asian/Pacific Islander (includes Hispanic),
16,Idaho,16017,Bonner,2011,2015,Black (includes Hispanic),
16,Idaho,16017,Bonner,2011,2015,Hispanic (all races),
16,Idaho,16017,Bonner,2011,2015,American Indian/Alaskan Native (includes Hispanic),
16,Idaho,16017,Bonner,2011,2015,White (includes Hispanic),5.7
16,Idaho,16017,Bonner,2012,2016,Asian/Pacific Islander (includes Hispanic),
16,Idaho,16017,Bonner,2012,2016,Black (includes Hispanic),
16,Idaho,16017,Bonner,2012,2016,Hispanic (all races),
16,Idaho,16017,Bonner,2012,2016,American Indian/Alaskan Native (includes Hispanic),
16,Idaho,16017,Bonner,2012,2016,White (includes Hispanic),6.2
16,Idaho,16017,Bonner,2013,2017,Asian/Pacific Islander (includes Hispanic),
16,Idaho,16017,Bonner,2013,2017,Black (includes Hispanic),
16,Idaho,16017,Bonner,2013,2017,Hispanic (all races),
16,Idaho,16017,Bonner,2013,2017,American Indian/Alaskan Native (includes Hispanic),
16,Idaho,16017,Bonner,2013,2017,White (includes Hispanic),6.8
16,Idaho,16017,Bonner,2014,2018,Asian/Pacific Islander (includes Hispanic),
16,Idaho,16017,Bonner,2014,2018,Black (includes Hispanic),
16,Idaho,16017,Bonner,2014,2018,Hispanic (all races),
16,Idaho,16017,Bonner,2014,2018,American Indian/Alaskan Native (includes Hispanic),
16,Idaho,16017,Bonner,2014,2018,White (includes Hispanic),7.0
16,Idaho,16017,Bonner,2015,2019,Asian/Pacific Islander (includes Hispanic),
16,Idaho,16017,Bonner,2015,2019,Black (includes Hispanic),
16,Idaho,16017,Bonner,2015,2019,Hispanic (all races),
16,Idaho,16017,Bonner,2015,2019,American Indian/Alaskan Native (includes Hispanic),
16,Idaho,16017,Bonner,2015,2019,White (includes Hispanic),7.4
16,Idaho,16017,Bonner,2016,2020,Asian/Pacific Islander (includes Hispanic),
16,Idaho,16017,Bonner,2016,2020,Black (includes Hispanic),
16,Idaho,16017,Bonner,2016,2020,Hispanic (all races),
16,Idaho,16017,Bonner,2016,2020,American Indian/Alaskan Native (includes Hispanic),
16,Idaho,16017,Bonner,2016,2020,White (includes Hispanic),7.6
16,Idaho,16019,Bonneville,2011,2015,Asian/Pacific Islander (includes Hispanic),
16,Idaho,16019,Bonneville,2011,2015,Black (includes Hispanic),
16,Idaho,16019,Bonneville,2011,2015,Hispanic (all races),
16,Idaho,16019,Bonneville,2011,2015,American Indian/Alaskan Native (includes Hispanic),
16,Idaho,16019,Bonneville,2011,2015,White (includes Hispanic),3.7
16,Idaho,16019,Bonneville,2012,2016,Asian/Pacific Islander (includes Hispanic),
16,Idaho,16019,Bonneville,2012,2016,Black (includes Hispanic),
16,Idaho,16019,Bonneville,2012,2016,Hispanic (all races),
16,Idaho,16019,Bonneville,2012,2016,American Indian/Alaskan Native (includes Hispanic),
16,Idaho,16019,Bonneville,2012,2016,White (includes Hispanic),4.6
16,Idaho,16019,Bonneville,2013,2017,Asian/Pacific Islander (includes Hispanic),
16,Idaho,16019,Bonneville,2013,2017,Black (includes Hispanic),
16,Idaho,16019,Bonneville,2013,2017,Hispanic (all races),
16,Idaho,16019,Bonneville,2013,2017,American Indian/Alaskan Native (includes Hispanic),
16,Idaho,16019,Bonneville,2013,2017,White (includes Hispanic),5.1
16,Idaho,16019,Bonneville,2014,2018,Asian/Pacific Islander (includes Hispanic),
16,Idaho,16019,Bonneville,2014,2018,Black (includes Hispanic),
16,Idaho,16019,Bonneville,2014,2018,Hispanic (all races),
16,Idaho,16019,Bonneville,2014,2018,American Indian/Alaskan Native (includes Hispanic),
16,Idaho,16019,Bonneville,2014,2018,White (includes Hispanic),6.9
16,Idaho,16019,Bonneville,2015,2019,Asian/Pacific Islander (includes Hispanic),
16,Idaho,16019,Bonneville,2015,2019,Black (includes Hispanic),
16,Idaho,16019,Bonneville,2015,2019,Hispanic (all races),
16,Idaho,16019,Bonneville,2015,2019,American Indian/Alaskan Native (includes Hispanic),
16,Idaho,16019,Bonneville,2015,2019,White (includes Hispanic),7.3
16,Idaho,16019,Bonneville,2016,2020,Asian/Pacific Islander (includes Hispanic),
16,Idaho,16019,Bonneville,2016,2020,Black (includes Hispanic),
16,Idaho,16019,Bonneville,2016,2020,Hispanic (all races),
16,Idaho,16019,Bonneville,2016,2020,American Indian/Alaskan Native (includes Hispanic),
16,Idaho,16019,Bonneville,2016,2020,White (includes Hispanic),7.7
16,Idaho,16021,Boundary,2011,2015,Asian/Pacific Islander (includes Hispanic),
16,Idaho,16021,Boundary,2011,2015,Black (includes Hispanic),
16,Idaho,16021,Boundary,2011,2015,Hispanic (all races),
16,Idaho,16021,Boundary,2011,2015,American Indian/Alaskan Native (includes Hispanic),
16,Idaho,16021,Boundary,2011,2015,White (includes Hispanic),
16,Idaho,16021,Boundary,2012,2016,Asian/Pacific Islander (includes Hispanic),
16,Idaho,16021,Boundary,2012,2016,Black (includes Hispanic),
16,Idaho,16021,Boundary,2012,2016,Hispanic (all races),
16,Idaho,16021,Boundary,2012,2016,American Indian/Alaskan Native (includes Hispanic),
16,Idaho,16021,Boundary,2012,2016,White (includes Hispanic),
16,Idaho,16021,Boundary,2013,2017,Asian/Pacific Islander (includes Hispanic),
16,Idaho,16021,Boundary,2013,2017,Black (includes Hispanic),
16,Idaho,16021,Boundary,2013,2017,Hispanic (all races),
16,Idaho,16021,Boundary,2013,2017,American Indian/Alaskan Native (includes Hispanic),
16,Idaho,16021,Boundary,2013,2017,White (includes Hispanic),9.5
16,Idaho,16021,Boundary,2014,2018,Asian/Pacific Islander (includes Hispanic),
16,Idaho,16021,Boundary,2014,2018,Black (includes Hispanic),
16,Idaho,16021,Boundary,2014,2018,Hispanic (all races),
16,Idaho,16021,Boundary,2014,2018,American Indian/Alaskan Native (includes Hispanic),
16,Idaho,16021,Boundary,2014,2018,White (includes Hispanic),8.7
16,Idaho,16021,Boundary,2015,2019,Asian/Pacific Islander (includes Hispanic),
16,Idaho,16021,Boundary,2015,2019,Black (includes Hispanic),
16,Idaho,16021,Boundary,2015,2019,Hispanic (all races),
16,Idaho,16021,Boundary,2015,2019,American Indian/Alaskan Native (includes Hispanic),
16,Idaho,16021,Boundary,2015,2019,White (includes Hispanic),9.4
16,Idaho,16021,Boundary,2016,2020,Asian/Pacific Islander (includes Hispanic),
16,Idaho,16021,Boundary,2016,2020,Black (includes Hispanic),
16,Idaho,16021,Boundary,2016,2020,Hispanic (all races),
16,Idaho,16021,Boundary,2016,2020,American Indian/Alaskan Native (includes Hispanic),
16,Idaho,16021,Boundary,2016,2020,White (includes Hispanic),11.0
16,Idaho,16023,Butte,2011,2015,Asian/Pacific Islander (includes Hispanic),
16,Idaho,16023,Butte,2011,2015,Black (includes Hispanic),
16,Idaho,16023,Butte,2011,2015,Hispanic (all races),
16,Idaho,16023,Butte,2011,2015,American Indian/Alaskan Native (includes Hispanic),
16,Idaho,16023,Butte,2011,2015,White (includes Hispanic),
16,Idaho,16023,Butte,2012,2016,Asian/Pacific Islander (includes Hispanic),
16,Idaho,16023,Butte,2012,2016,Black (includes Hispanic),
16,Idaho,16023,Butte,2012,2016,Hispanic (all races),
16,Idaho,16023,Butte,2012,2016,American Indian/Alaskan Native (includes Hispanic),
16,Idaho,16023,Butte,2012,2016,White (includes Hispanic),
16,Idaho,16023,Butte,2013,2017,Asian/Pacific Islander (includes Hispanic),
16,Idaho,16023,Butte,2013,2017,Black (includes Hispanic),
16,Idaho,16023,Butte,2013,2017,Hispanic (all races),
16,Idaho,16023,Butte,2013,2017,American Indian/Alaskan Native (includes Hispanic),
16,Idaho,16023,Butte,2013,2017,White (includes Hispanic),
16,Idaho,16023,Butte,2014,2018,Asian/Pacific Islander (includes Hispanic),
16,Idaho,16023,Butte,2014,2018,Black (includes Hispanic),
16,Idaho,16023,Butte,2014,2018,Hispanic (all races),
16,Idaho,16023,Butte,2014,2018,American Indian/Alaskan Native (includes Hispanic),
16,Idaho,16023,Butte,2014,2018,White (includes Hispanic),
16,Idaho,16023,Butte,2015,2019,Asian/Pacific Islander (includes Hispanic),
16,Idaho,16023,Butte,2015,2019,Black (includes Hispanic),
16,Idaho,16023,Butte,2015,2019,Hispanic (all races),
16,Idaho,16023,Butte,2015,2019,American Indian/Alaskan Native (includes Hispanic),
16,Idaho,16023,Butte,2015,2019,White (includes Hispanic),
16,Idaho,16023,Butte,2016,2020,Asian/Pacific Islander (includes Hispanic),
16,Idaho,16023,Butte,2016,2020,Black (includes Hispanic),
16,Idaho,16023,Butte,2016,2020,Hispanic (all races),
16,Idaho,16023,Butte,2016,2020,American Indian/Alaskan Native (includes Hispanic),
16,Idaho,16023,Butte,2016,2020,White (includes Hispanic),
16,Idaho,16025,Camas,2011,2015,Asian/Pacific Islander (includes Hispanic),
16,Idaho,16025,Camas,2011,2015,Black (includes Hispanic),
16,Idaho,16025,Camas,2011,2015,Hispanic (all races),
16,Idaho,16025,Camas,2011,2015,American Indian/Alaskan Native (includes Hispanic),
16,Idaho,16025,Camas,2011,2015,White (includes Hispanic),
16,Idaho,16025,Camas,2012,2016,Asian/Pacific Islander (includes Hispanic),
16,Idaho,16025,Camas,2012,2016,Black (includes Hispanic),
16,Idaho,16025,Camas,2012,2016,Hispanic (all races),
16,Idaho,16025,Camas,2012,2016,American Indian/Alaskan Native (includes Hispanic),
16,Idaho,16025,Camas,2012,2016,White (includes Hispanic),
16,Idaho,16025,Camas,2013,2017,Asian/Pacific Islander (includes Hispanic),
16,Idaho,16025,Camas,2013,2017,Black (includes Hispanic),
16,Idaho,16025,Camas,2013,2017,Hispanic (all races),
16,Idaho,16025,Camas,2013,2017,American Indian/Alaskan Native (includes Hispanic),
16,Idaho,16025,Camas,2013,2017,White (includes Hispanic),
16,Idaho,16025,Camas,2014,2018,Asian/Pacific Islander (includes Hispanic),
16,Idaho,16025,Camas,2014,2018,Black (includes Hispanic),
16,Idaho,16025,Camas,2014,2018,Hispanic (all races),
16,Idaho,16025,Camas,2014,2018,American Indian/Alaskan Native (includes Hispanic),
16,Idaho,16025,Camas,2014,2018,White (includes Hispanic),
16,Idaho,16025,Camas,2015,2019,Asian/Pacific Islander (includes Hispanic),
16,Idaho,16025,Camas,2015,2019,Black (includes Hispanic),
16,Idaho,16025,Camas,2015,2019,Hispanic (all races),
16,Idaho,16025,Camas,2015,2019,American Indian/Alaskan Native (includes Hispanic),
16,Idaho,16025,Camas,2015,2019,White (includes Hispanic),
16,Idaho,16025,Camas,2016,2020,Asian/Pacific Islander (includes Hispanic),
16,Idaho,16025,Camas,2016,2020,Black (includes Hispanic),
16,Idaho,16025,Camas,2016,2020,Hispanic (all races),
16,Idaho,16025,Camas,2016,2020,American Indian/Alaskan Native (includes Hispanic),
16,Idaho,16025,Camas,2016,2020,White (includes Hispanic),
16,Idaho,16027,Canyon,2011,2015,Asian/Pacific Islander (includes Hispanic),
16,Idaho,16027,Canyon,2011,2015,Black (includes Hispanic),
16,Idaho,16027,Canyon,2011,2015,Hispanic (all races),14.6
16,Idaho,16027,Canyon,2011,2015,American Indian/Alaskan Native (includes Hispanic),
16,Idaho,16027,Canyon,2011,2015,White (includes Hispanic),6.4
16,Idaho,16027,Canyon,2012,2016,Asian/Pacific Islander (includes Hispanic),
16,Idaho,16027,Canyon,2012,2016,Black (includes Hispanic),
16,Idaho,16027,Canyon,2012,2016,Hispanic (all races),12.9
16,Idaho,16027,Canyon,2012,2016,American Indian/Alaskan Native (includes Hispanic),
16,Idaho,16027,Canyon,2012,2016,White (includes Hispanic),6.6
16,Idaho,16027,Canyon,2013,2017,Asian/Pacific Islander (includes Hispanic),
16,Idaho,16027,Canyon,2013,2017,Black (includes Hispanic),
16,Idaho,16027,Canyon,2013,2017,Hispanic (all races),11.4
16,Idaho,16027,Canyon,2013,2017,American Indian/Alaskan Native (includes Hispanic),
16,Idaho,16027,Canyon,2013,2017,White (includes Hispanic),6.5
16,Idaho,16027,Canyon,2014,2018,Asian/Pacific Islander (includes Hispanic),
16,Idaho,16027,Canyon,2014,2018,Black (includes Hispanic),
16,Idaho,16027,Canyon,2014,2018,Hispanic (all races),12.1
16,Idaho,16027,Canyon,2014,2018,American Indian/Alaskan Native (includes Hispanic),
16,Idaho,16027,Canyon,2014,2018,White (includes Hispanic),7.0
16,Idaho,16027,Canyon,2015,2019,Asian/Pacific Islander (includes Hispanic),
16,Idaho,16027,Canyon,2015,2019,Black (includes Hispanic),
16,Idaho,16027,Canyon,2015,2019,Hispanic (all races),10.9
16,Idaho,16027,Canyon,2015,2019,American Indian/Alaskan Native (includes Hispanic),
16,Idaho,16027,Canyon,2015,2019,White (includes Hispanic),7.4
16,Idaho,16027,Canyon,2016,2020,Asian/Pacific Islander (includes Hispanic),
16,Idaho,16027,Canyon,2016,2020,Black (includes Hispanic),
16,Idaho,16027,Canyon,2016,2020,Hispanic (all races),9.0
16,Idaho,16027,Canyon,2016,2020,American Indian/Alaskan Native (includes Hispanic),
16,Idaho,16027,Canyon,2016,2020,White (includes Hispanic),6.7
16,Idaho,16029,Caribou,2011,2015,Asian/Pacific Islander (includes Hispanic),
16,Idaho,16029,Caribou,2011,2015,Black (includes Hispanic),
16,Idaho,16029,Caribou,2011,2015,Hispanic (all races),
16,Idaho,16029,Caribou,2011,2015,American Indian/Alaskan Native (includes Hispanic),
16,Idaho,16029,Caribou,2011,2015,White (includes Hispanic),4.8
16,Idaho,16029,Caribou,2012,2016,Asian/Pacific Islander (includes Hispanic),
16,Idaho,16029,Caribou,2012,2016,Black (includes Hispanic),
16,Idaho,16029,Caribou,2012,2016,Hispanic (all races),
16,Idaho,16029,Caribou,2012,2016,American Indian/Alaskan Native (includes Hispanic),
16,Idaho,16029,Caribou,2012,2016,White (includes Hispanic),5.8
16,Idaho,16029,Caribou,2013,2017,Asian/Pacific Islander (includes Hispanic),
16,Idaho,16029,Caribou,2013,2017,Black (includes Hispanic),
16,Idaho,16029,Caribou,2013,2017,Hispanic (all races),
16,Idaho,16029,Caribou,2013,2017,American Indian/Alaskan Native (includes Hispanic),
16,Idaho,16029,Caribou,2013,2017,White (includes Hispanic),6.1
16,Idaho,16029,Caribou,2014,2018,Asian/Pacific Islander (includes Hispanic),
16,Idaho,16029,Caribou,2014,2018,Black (includes Hispanic),
16,Idaho,16029,Caribou,2014,2018,Hispanic (all races),
16,Idaho,16029,Caribou,2014,2018,American Indian/Alaskan Native (includes Hispanic),
16,Idaho,16029,Caribou,2014,2018,White (includes Hispanic),7.5
16,Idaho,16029,Caribou,2015,2019,Asian/Pacific Islander (includes Hispanic),
16,Idaho,16029,Caribou,2015,2019,Black (includes Hispanic),
16,Idaho,16029,Caribou,2015,2019,Hispanic (all races),
16,Idaho,16029,Caribou,2015,2019,American Indian/Alaskan Native (includes Hispanic),
16,Idaho,16029,Caribou,2015,2019,White (includes Hispanic),8.7
16,Idaho,16029,Caribou,2016,2020,Asian/Pacific Islander (includes Hispanic),
16,Idaho,16029,Caribou,2016,2020,Black (includes Hispanic),
16,Idaho,16029,Caribou,2016,2020,Hispanic (all races),
16,Idaho,16029,Caribou,2016,2020,American Indian/Alaskan Native (includes Hispanic),
16,Idaho,16029,Caribou,2016,2020,White (includes Hispanic),9.1
16,Idaho,16031,Cassia,2011,2015,Asian/Pacific Islander (includes Hispanic),
16,Idaho,16031,Cassia,2011,2015,Black (includes Hispanic),
16,Idaho,16031,Cassia,2011,2015,Hispanic (all races),
16,Idaho,16031,Cassia,2011,2015,American Indian/Alaskan Native (includes Hispanic),
16,Idaho,16031,Cassia,2011,2015,White (includes Hispanic),7.0
16,Idaho,16031,Cassia,2012,2016,Asian/Pacific Islander (includes Hispanic),
16,Idaho,16031,Cassia,2012,2016,Black (includes Hispanic),
16,Idaho,16031,Cassia,2012,2016,Hispanic (all races),
16,Idaho,16031,Cassia,2012,2016,American Indian/Alaskan Native (includes Hispanic),
16,Idaho,16031,Cassia,2012,2016,White (includes Hispanic),6.0
16,Idaho,16031,Cassia,2013,2017,Asian/Pacific Islander (includes Hispanic),
16,Idaho,16031,Cassia,2013,2017,Black (includes Hispanic),
16,Idaho,16031,Cassia,2013,2017,Hispanic (all races),
16,Idaho,16031,Cassia,2013,2017,American Indian/Alaskan Native (includes Hispanic),
16,Idaho,16031,Cassia,2013,2017,White (includes Hispanic),6.5
16,Idaho,16031,Cassia,2014,2018,Asian/Pacific Islander (includes Hispanic),
16,Idaho,16031,Cassia,2014,2018,Black (includes Hispanic),
16,Idaho,16031,Cassia,2014,2018,Hispanic (all races),
16,Idaho,16031,Cassia,2014,2018,American Indian/Alaskan Native (includes Hispanic),
16,Idaho,16031,Cassia,2014,2018,White (includes Hispanic),6.4
16,Idaho,16031,Cassia,2015,2019,Asian/Pacific Islander (includes Hispanic),
16,Idaho,16031,Cassia,2015,2019,Black (includes Hispanic),
16,Idaho,16031,Cassia,2015,2019,Hispanic (all races),
16,Idaho,16031,Cassia,2015,2019,American Indian/Alaskan Native (includes Hispanic),
16,Idaho,16031,Cassia,2015,2019,White (includes Hispanic),7.4
16,Idaho,16031,Cassia,2016,2020,Asian/Pacific Islander (includes Hispanic),
16,Idaho,16031,Cassia,2016,2020,Black (includes Hispanic),
16,Idaho,16031,Cassia,2016,2020,Hispanic (all races),
16,Idaho,16031,Cassia,2016,2020,American Indian/Alaskan Native (includes Hispanic),
16,Idaho,16031,Cassia,2016,2020,White (includes Hispanic),7.1
16,Idaho,16033,Clark,2011,2015,Asian/Pacific Islander (includes Hispanic),
16,Idaho,16033,Clark,2011,2015,Black (includes Hispanic),
16,Idaho,16033,Clark,2011,2015,Hispanic (all races),
16,Idaho,16033,Clark,2011,2015,American Indian/Alaskan Native (includes Hispanic),
16,Idaho,16033,Clark,2011,2015,White (includes Hispanic),
16,Idaho,16033,Clark,2012,2016,Asian/Pacific Islander (includes Hispanic),
16,Idaho,16033,Clark,2012,2016,Black (includes Hispanic),
16,Idaho,16033,Clark,2012,2016,Hispanic (all races),
16,Idaho,16033,Clark,2012,2016,American Indian/Alaskan Native (includes Hispanic),
16,Idaho,16033,Clark,2012,2016,White (includes Hispanic),
16,Idaho,16033,Clark,2013,2017,Asian/Pacific Islander (includes Hispanic),
16,Idaho,16033,Clark,2013,2017,Black (includes Hispanic),
16,Idaho,16033,Clark,2013,2017,Hispanic (all races),
16,Idaho,16033,Clark,2013,2017,American Indian/Alaskan Native (includes Hispanic),
16,Idaho,16033,Clark,2013,2017,White (includes Hispanic),
16,Idaho,16033,Clark,2014,2018,Asian/Pacific Islander (includes Hispanic),
16,Idaho,16033,Clark,2014,2018,Black (includes Hispanic),
16,Idaho,16033,Clark,2014,2018,Hispanic (all races),
16,Idaho,16033,Clark,2014,2018,American Indian/Alaskan Native (includes Hispanic),
16,Idaho,16033,Clark,2014,2018,White (includes Hispanic),
16,Idaho,16033,Clark,2015,2019,Asian/Pacific Islander (includes Hispanic),
16,Idaho,16033,Clark,2015,2019,Black (includes Hispanic),
16,Idaho,16033,Clark,2015,2019,Hispanic (all races),
16,Idaho,16033,Clark,2015,2019,American Indian/Alaskan Native (includes Hispanic),
16,Idaho,16033,Clark,2015,2019,White (includes Hispanic),
16,Idaho,16033,Clark,2016,2020,Asian/Pacific Islander (includes Hispanic),
16,Idaho,16033,Clark,2016,2020,Black (includes Hispanic),
16,Idaho,16033,Clark,2016,2020,Hispanic (all races),
16,Idaho,16033,Clark,2016,2020,American Indian/Alaskan Native (includes Hispanic),
16,Idaho,16033,Clark,2016,2020,White (includes Hispanic),
16,Idaho,16035,Clearwater,2011,2015,Asian/Pacific Islander (includes Hispanic),
16,Idaho,16035,Clearwater,2011,2015,Black (includes Hispanic),
16,Idaho,16035,Clearwater,2011,2015,Hispanic (all races),
16,Idaho,16035,Clearwater,2011,2015,American Indian/Alaskan Native (includes Hispanic),
16,Idaho,16035,Clearwater,2011,2015,White (includes Hispanic),6.6
16,Idaho,16035,Clearwater,2012,2016,Asian/Pacific Islander (includes Hispanic),
16,Idaho,16035,Clearwater,2012,2016,Black (includes Hispanic),
16,Idaho,16035,Clearwater,2012,2016,Hispanic (all races),
16,Idaho,16035,Clearwater,2012,2016,American Indian/Alaskan Native (includes Hispanic),
16,Idaho,16035,Clearwater,2012,2016,White (includes Hispanic),6.2
16,Idaho,16035,Clearwater,2013,2017,Asian/Pacific Islander (includes Hispanic),
16,Idaho,16035,Clearwater,2013,2017,Black (includes Hispanic),
16,Idaho,16035,Clearwater,2013,2017,Hispanic (all races),
16,Idaho,16035,Clearwater,2013,2017,American Indian/Alaskan Native (includes Hispanic),
16,Idaho,16035,Clearwater,2013,2017,White (includes Hispanic),5.8
16,Idaho,16035,Clearwater,2014,2018,Asian/Pacific Islander (includes Hispanic),
16,Idaho,16035,Clearwater,2014,2018,Black (includes Hispanic),
16,Idaho,16035,Clearwater,2014,2018,Hispanic (all races),
16,Idaho,16035,Clearwater,2014,2018,American Indian/Alaskan Native (includes Hispanic),
16,Idaho,16035,Clearwater,2014,2018,White (includes Hispanic),7.0
16,Idaho,16035,Clearwater,2015,2019,Asian/Pacific Islander (includes Hispanic),
16,Idaho,16035,Clearwater,2015,2019,Black (includes Hispanic),
16,Idaho,16035,Clearwater,2015,2019,Hispanic (all races),
16,Idaho,16035,Clearwater,2015,2019,American Indian/Alaskan Native (includes Hispanic),
16,Idaho,16035,Clearwater,2015,2019,White (includes Hispanic),7.3
16,Idaho,16035,Clearwater,2016,2020,Asian/Pacific Islander (includes Hispanic),
16,Idaho,16035,Clearwater,2016,2020,Black (includes Hispanic),
16,Idaho,16035,Clearwater,2016,2020,Hispanic (all races),
16,Idaho,16035,Clearwater,2016,2020,American Indian/Alaskan Native (includes Hispanic),
16,Idaho,16035,Clearwater,2016,2020,White (includes Hispanic),7.2
16,Idaho,16037,Custer,2011,2015,Asian/Pacific Islander (includes Hispanic),
16,Idaho,16037,Custer,2011,2015,Black (includes Hispanic),
16,Idaho,16037,Custer,2011,2015,Hispanic (all races),
16,Idaho,16037,Custer,2011,2015,American Indian/Alaskan Native (includes Hispanic),
16,Idaho,16037,Custer,2011,2015,White (includes Hispanic),
16,Idaho,16037,Custer,2012,2016,Asian/Pacific Islander (includes Hispanic),
16,Idaho,16037,Custer,2012,2016,Black (includes Hispanic),
16,Idaho,16037,Custer,2012,2016,Hispanic (all races),
16,Idaho,16037,Custer,2012,2016,American Indian/Alaskan Native (includes Hispanic),
16,Idaho,16037,Custer,2012,2016,White (includes Hispanic),
16,Idaho,16037,Custer,2013,2017,Asian/Pacific Islander (includes Hispanic),
16,Idaho,16037,Custer,2013,2017,Black (includes Hispanic),
16,Idaho,16037,Custer,2013,2017,Hispanic (all races),
16,Idaho,16037,Custer,2013,2017,American Indian/Alaskan Native (includes Hispanic),
16,Idaho,16037,Custer,2013,2017,White (includes Hispanic),
16,Idaho,16037,Custer,2014,2018,Asian/Pacific Islander (includes Hispanic),
16,Idaho,16037,Custer,2014,2018,Black (includes Hispanic),
16,Idaho,16037,Custer,2014,2018,Hispanic (all races),
16,Idaho,16037,Custer,2014,2018,American Indian/Alaskan Native (includes Hispanic),
16,Idaho,16037,Custer,2014,2018,White (includes Hispanic),
16,Idaho,16037,Custer,2015,2019,Asian/Pacific Islander (includes Hispanic),
16,Idaho,16037,Custer,2015,2019,Black (includes Hispanic),
16,Idaho,16037,Custer,2015,2019,Hispanic (all races),
16,Idaho,16037,Custer,2015,2019,American Indian/Alaskan Native (includes Hispanic),
16,Idaho,16037,Custer,2015,2019,White (includes Hispanic),
16,Idaho,16037,Custer,2016,2020,Asian/Pacific Islander (includes Hispanic),
16,Idaho,16037,Custer,2016,2020,Black (includes Hispanic),
16,Idaho,16037,Custer,2016,2020,Hispanic (all races),
16,Idaho,16037,Custer,2016,2020,American Indian/Alaskan Native (includes Hispanic),
16,Idaho,16037,Custer,2016,2020,White (includes Hispanic),
16,Idaho,16039,Elmore,2011,2015,Asian/Pacific Islander (includes Hispanic),
16,Idaho,16039,Elmore,2011,2015,Black (includes Hispanic),
16,Idaho,16039,Elmore,2011,2015,Hispanic (all races),
16,Idaho,16039,Elmore,2011,2015,American Indian/Alaskan Native (includes Hispanic),
16,Idaho,16039,Elmore,2011,2015,White (includes Hispanic),5.9
16,Idaho,16039,Elmore,2012,2016,Asian/Pacific Islander (includes Hispanic),
16,Idaho,16039,Elmore,2012,2016,Black (includes Hispanic),
16,Idaho,16039,Elmore,2012,2016,Hispanic (all races),
16,Idaho,16039,Elmore,2012,2016,American Indian/Alaskan Native (includes Hispanic),
16,Idaho,16039,Elmore,2012,2016,White (includes Hispanic),5.5
16,Idaho,16039,Elmore,2013,2017,Asian/Pacific Islander (includes Hispanic),
16,Idaho,16039,Elmore,2013,2017,Black (includes Hispanic),
16,Idaho,16039,Elmore,2013,2017,Hispanic (all races),
16,Idaho,16039,Elmore,2013,2017,American Indian/Alaskan Native (includes Hispanic),
16,Idaho,16039,Elmore,2013,2017,White (includes Hispanic),4.8
16,Idaho,16039,Elmore,2014,2018,Asian/Pacific Islander (includes Hispanic),
16,Idaho,16039,Elmore,2014,2018,Black (includes Hispanic),
16,Idaho,16039,Elmore,2014,2018,Hispanic (all races),
16,Idaho,16039,Elmore,2014,2018,American Indian/Alaskan Native (includes Hispanic),
16,Idaho,16039,Elmore,2014,2018,White (includes Hispanic),5.0
16,Idaho,16039,Elmore,2015,2019,Asian/Pacific Islander (includes Hispanic),
16,Idaho,16039,Elmore,2015,2019,Black (includes Hispanic),
16,Idaho,16039,Elmore,2015,2019,Hispanic (all races),
16,Idaho,16039,Elmore,2015,2019,American Indian/Alaskan Native (includes Hispanic),
16,Idaho,16039,Elmore,2015,2019,White (includes Hispanic),5.3
16,Idaho,16039,Elmore,2016,2020,Asian/Pacific Islander (includes Hispanic),
16,Idaho,16039,Elmore,2016,2020,Black (includes Hispanic),
16,Idaho,16039,Elmore,2016,2020,Hispanic (all races),
16,Idaho,16039,Elmore,2016,2020,American Indian/Alaskan Native (includes Hispanic),
16,Idaho,16039,Elmore,2016,2020,White (includes Hispanic),5.0
16,Idaho,16041,Franklin,2011,2015,Asian/Pacific Islander (includes Hispanic),
16,Idaho,16041,Franklin,2011,2015,Black (includes Hispanic),
16,Idaho,16041,Franklin,2011,2015,Hispanic (all races),
16,Idaho,16041,Franklin,2011,2015,American Indian/Alaskan Native (includes Hispanic),
16,Idaho,16041,Franklin,2011,2015,White (includes Hispanic),6.0
16,Idaho,16041,Franklin,2012,2016,Asian/Pacific Islander (includes Hispanic),
16,Idaho,16041,Franklin,2012,2016,Black (includes Hispanic),
16,Idaho,16041,Franklin,2012,2016,Hispanic (all races),
16,Idaho,16041,Franklin,2012,2016,American Indian/Alaskan Native (includes Hispanic),
16,Idaho,16041,Franklin,2012,2016,White (includes Hispanic),5.7
16,Idaho,16041,Franklin,2013,2017,Asian/Pacific Islander (includes Hispanic),
16,Idaho,16041,Franklin,2013,2017,Black (includes Hispanic),
16,Idaho,16041,Franklin,2013,2017,Hispanic (all races),
16,Idaho,16041,Franklin,2013,2017,American Indian/Alaskan Native (includes Hispanic),
16,Idaho,16041,Franklin,2013,2017,White (includes Hispanic),5.1
16,Idaho,16041,Franklin,2014,2018,Asian/Pacific Islander (includes Hispanic),
16,Idaho,16041,Franklin,2014,2018,Black (includes Hispanic),
16,Idaho,16041,Franklin,2014,2018,Hispanic (all races),
16,Idaho,16041,Franklin,2014,2018,American Indian/Alaskan Native (includes Hispanic),
16,Idaho,16041,Franklin,2014,2018,White (includes Hispanic),5.0
16,Idaho,16041,Franklin,2015,2019,Asian/Pacific Islander (includes Hispanic),
16,Idaho,16041,Franklin,2015,2019,Black (includes Hispanic),
16,Idaho,16041,Franklin,2015,2019,Hispanic (all races),
16,Idaho,16041,Franklin,2015,2019,American Indian/Alaskan Native (includes Hispanic),
16,Idaho,16041,Franklin,2015,2019,White (includes Hispanic),6.1
16,Idaho,16041,Franklin,2016,2020,Asian/Pacific Islander (includes Hispanic),
16,Idaho,16041,Franklin,2016,2020,Black (includes Hispanic),
16,Idaho,16041,Franklin,2016,2020,Hispanic (all races),
16,Idaho,16041,Franklin,2016,2020,American Indian/Alaskan Native (includes Hispanic),
16,Idaho,16041,Franklin,2016,2020,White (includes Hispanic),6.6
16,Idaho,16043,Fremont,2011,2015,Asian/Pacific Islander (includes Hispanic),
16,Idaho,16043,Fremont,2011,2015,Black (includes Hispanic),
16,Idaho,16043,Fremont,2011,2015,Hispanic (all races),
16,Idaho,16043,Fremont,2011,2015,American Indian/Alaskan Native (includes Hispanic),
16,Idaho,16043,Fremont,2011,2015,White (includes Hispanic),5.2
16,Idaho,16043,Fremont,2012,2016,Asian/Pacific Islander (includes Hispanic),
16,Idaho,16043,Fremont,2012,2016,Black (includes Hispanic),
16,Idaho,16043,Fremont,2012,2016,Hispanic (all races),
16,Idaho,16043,Fremont,2012,2016,American Indian/Alaskan Native (includes Hispanic),
16,Idaho,16043,Fremont,2012,2016,White (includes Hispanic),4.7
16,Idaho,16043,Fremont,2013,2017,Asian/Pacific Islander (includes Hispanic),
16,Idaho,16043,Fremont,2013,2017,Black (includes Hispanic),
16,Idaho,16043,Fremont,2013,2017,Hispanic (all races),
16,Idaho,16043,Fremont,2013,2017,American Indian/Alaskan Native (includes Hispanic),
16,Idaho,16043,Fremont,2013,2017,White (includes Hispanic),4.7
16,Idaho,16043,Fremont,2014,2018,Asian/Pacific Islander (includes Hispanic),
16,Idaho,16043,Fremont,2014,2018,Black (includes Hispanic),
16,Idaho,16043,Fremont,2014,2018,Hispanic (all races),
16,Idaho,16043,Fremont,2014,2018,American Indian/Alaskan Native (includes Hispanic),
16,Idaho,16043,Fremont,2014,2018,White (includes Hispanic),5.7
16,Idaho,16043,Fremont,2015,2019,Asian/Pacific Islander (includes Hispanic),
16,Idaho,16043,Fremont,2015,2019,Black (includes Hispanic),
16,Idaho,16043,Fremont,2015,2019,Hispanic (all races),
16,Idaho,16043,Fremont,2015,2019,American Indian/Alaskan Native (includes Hispanic),
16,Idaho,16043,Fremont,2015,2019,White (includes Hispanic),4.7
16,Idaho,16043,Fremont,2016,2020,Asian/Pacific Islander (includes Hispanic),
16,Idaho,16043,Fremont,2016,2020,Black (includes Hispanic),
16,Idaho,16043,Fremont,2016,2020,Hispanic (all races),
16,Idaho,16043,Fremont,2016,2020,American Indian/Alaskan Native (includes Hispanic),
16,Idaho,16043,Fremont,2016,2020,White (includes Hispanic),4.8
16,Idaho,16045,Gem,2011,2015,Asian/Pacific Islander (includes Hispanic),
16,Idaho,16045,Gem,2011,2015,Black (includes Hispanic),
16,Idaho,16045,Gem,2011,2015,Hispanic (all races),13.8
16,Idaho,16045,Gem,2011,2015,American Indian/Alaskan Native (includes Hispanic),
16,Idaho,16045,Gem,2011,2015,White (includes Hispanic),6.4
16,Idaho,16045,Gem,2012,2016,Asian/Pacific Islander (includes Hispanic),
16,Idaho,16045,Gem,2012,2016,Black (includes Hispanic),
16,Idaho,16045,Gem,2012,2016,Hispanic (all races),12.8
16,Idaho,16045,Gem,2012,2016,American Indian/Alaskan Native (includes Hispanic),
16,Idaho,16045,Gem,2012,2016,White (includes Hispanic),6.5
16,Idaho,16045,Gem,2013,2017,Asian/Pacific Islander (includes Hispanic),
16,Idaho,16045,Gem,2013,2017,Black (includes Hispanic),
16,Idaho,16045,Gem,2013,2017,Hispanic (all races),11.1
16,Idaho,16045,Gem,2013,2017,American Indian/Alaskan Native (includes Hispanic),
16,Idaho,16045,Gem,2013,2017,White (includes Hispanic),6.4
16,Idaho,16045,Gem,2014,2018,Asian/Pacific Islander (includes Hispanic),
16,Idaho,16045,Gem,2014,2018,Black (includes Hispanic),
16,Idaho,16045,Gem,2014,2018,Hispanic (all races),12.0
16,Idaho,16045,Gem,2014,2018,American Indian/Alaskan Native (includes Hispanic),
16,Idaho,16045,Gem,2014,2018,White (includes Hispanic),7.0
16,Idaho,16045,Gem,2015,2019,Asian/Pacific Islander (includes Hispanic),
16,Idaho,16045,Gem,2015,2019,Black (includes Hispanic),
16,Idaho,16045,Gem,2015,2019,Hispanic (all races),11.0
16,Idaho,16045,Gem,2015,2019,American Indian/Alaskan Native (includes Hispanic),
16,Idaho,16045,Gem,2015,2019,White (includes Hispanic),7.4
16,Idaho,16045,Gem,2016,2020,Asian/Pacific Islander (includes Hispanic),
16,Idaho,16045,Gem,2016,2020,Black (includes Hispanic),
16,Idaho,16045,Gem,2016,2020,Hispanic (all races),9.4
16,Idaho,16045,Gem,2016,2020,American Indian/Alaskan Native (includes Hispanic),
16,Idaho,16045,Gem,2016,2020,White (includes Hispanic),6.8
16,Idaho,16047,Gooding,2011,2015,Asian/Pacific Islander (includes Hispanic),
16,Idaho,16047,Gooding,2011,2015,Black (includes Hispanic),
16,Idaho,16047,Gooding,2011,2015,Hispanic (all races),
16,Idaho,16047,Gooding,2011,2015,American Indian/Alaskan Native (includes Hispanic),
16,Idaho,16047,Gooding,2011,2015,White (includes Hispanic),6.2
16,Idaho,16047,Gooding,2012,2016,Asian/Pacific Islander (includes Hispanic),
16,Idaho,16047,Gooding,2012,2016,Black (includes Hispanic),
16,Idaho,16047,Gooding,2012,2016,Hispanic (all races),
16,Idaho,16047,Gooding,2012,2016,American Indian/Alaskan Native (includes Hispanic),
16,Idaho,16047,Gooding,2012,2016,White (includes Hispanic),5.5
16,Idaho,16047,Gooding,2013,2017,Asian/Pacific Islander (includes Hispanic),
16,Idaho,16047,Gooding,2013,2017,Black (includes Hispanic),
16,Idaho,16047,Gooding,2013,2017,Hispanic (all races),
16,Idaho,16047,Gooding,2013,2017,American Indian/Alaskan Native (includes Hispanic),
16,Idaho,16047,Gooding,2013,2017,White (includes Hispanic),
16,Idaho,16047,Gooding,2014,2018,Asian/Pacific Islander (includes Hispanic),
16,Idaho,16047,Gooding,2014,2018,Black (includes Hispanic),
16,Idaho,16047,Gooding,2014,2018,Hispanic (all races),
16,Idaho,16047,Gooding,2014,2018,American Indian/Alaskan Native (includes Hispanic),
16,Idaho,16047,Gooding,2014,2018,White (includes Hispanic),
16,Idaho,16047,Gooding,2015,2019,Asian/Pacific Islander (includes Hispanic),
16,Idaho,16047,Gooding,2015,2019,Black (includes Hispanic),
16,Idaho,16047,Gooding,2015,2019,Hispanic (all races),
16,Idaho,16047,Gooding,2015,2019,American Indian/Alaskan Native (includes Hispanic),
16,Idaho,16047,Gooding,2015,2019,White (includes Hispanic),5.6
16,Idaho,16047,Gooding,2016,2020,Asian/Pacific Islander (includes Hispanic),
16,Idaho,16047,Gooding,2016,2020,Black (includes Hispanic),
16,Idaho,16047,Gooding,2016,2020,Hispanic (all races),
16,Idaho,16047,Gooding,2016,2020,American Indian/Alaskan Native (includes Hispanic),
16,Idaho,16047,Gooding,2016,2020,White (includes Hispanic),6.9
16,Idaho,16049,Idaho,2011,2015,Asian/Pacific Islander (includes Hispanic),
16,Idaho,16049,Idaho,2011,2015,Black (includes Hispanic),
16,Idaho,16049,Idaho,2011,2015,Hispanic (all races),
16,Idaho,16049,Idaho,2011,2015,American Indian/Alaskan Native (includes Hispanic),
16,Idaho,16049,Idaho,2011,2015,White (includes Hispanic),5.1
16,Idaho,16049,Idaho,2012,2016,Asian/Pacific Islander (includes Hispanic),
16,Idaho,16049,Idaho,2012,2016,Black (includes Hispanic),
16,Idaho,16049,Idaho,2012,2016,Hispanic (all races),
16,Idaho,16049,Idaho,2012,2016,American Indian/Alaskan Native (includes Hispanic),
16,Idaho,16049,Idaho,2012,2016,White (includes Hispanic),5.5
16,Idaho,16049,Idaho,2013,2017,Asian/Pacific Islander (includes Hispanic),
16,Idaho,16049,Idaho,2013,2017,Black (includes Hispanic),
16,Idaho,16049,Idaho,2013,2017,Hispanic (all races),
16,Idaho,16049,Idaho,2013,2017,American Indian/Alaskan Native (includes Hispanic),
16,Idaho,16049,Idaho,2013,2017,White (includes Hispanic),5.4
16,Idaho,16049,Idaho,2014,2018,Asian/Pacific Islander (includes Hispanic),
16,Idaho,16049,Idaho,2014,2018,Black (includes Hispanic),
16,Idaho,16049,Idaho,2014,2018,Hispanic (all races),
16,Idaho,16049,Idaho,2014,2018,American Indian/Alaskan Native (includes Hispanic),
16,Idaho,16049,Idaho,2014,2018,White (includes Hispanic),6.5
16,Idaho,16049,Idaho,2015,2019,Asian/Pacific Islander (includes Hispanic),
16,Idaho,16049,Idaho,2015,2019,Black (includes Hispanic),
16,Idaho,16049,Idaho,2015,2019,Hispanic (all races),
16,Idaho,16049,Idaho,2015,2019,American Indian/Alaskan Native (includes Hispanic),
16,Idaho,16049,Idaho,2015,2019,White (includes Hispanic),6.7
16,Idaho,16049,Idaho,2016,2020,Asian/Pacific Islander (includes Hispanic),
16,Idaho,16049,Idaho,2016,2020,Black (includes Hispanic),
16,Idaho,16049,Idaho,2016,2020,Hispanic (all races),
16,Idaho,16049,Idaho,2016,2020,American Indian/Alaskan Native (includes Hispanic),
16,Idaho,16049,Idaho,2016,2020,White (includes Hispanic),7.0
16,Idaho,16051,Jefferson,2011,2015,Asian/Pacific Islander (includes Hispanic),
16,Idaho,16051,Jefferson,2011,2015,Black (includes Hispanic),
16,Idaho,16051,Jefferson,2011,2015,Hispanic (all races),
16,Idaho,16051,Jefferson,2011,2015,American Indian/Alaskan Native (includes Hispanic),
16,Idaho,16051,Jefferson,2011,2015,White (includes Hispanic),
16,Idaho,16051,Jefferson,2012,2016,Asian/Pacific Islander (includes Hispanic),
16,Idaho,16051,Jefferson,2012,2016,Black (includes Hispanic),
16,Idaho,16051,Jefferson,2012,2016,Hispanic (all races),
16,Idaho,16051,Jefferson,2012,2016,American Indian/Alaskan Native (includes Hispanic),
16,Idaho,16051,Jefferson,2012,2016,White (includes Hispanic),3.9
16,Idaho,16051,Jefferson,2013,2017,Asian/Pacific Islander (includes Hispanic),
16,Idaho,16051,Jefferson,2013,2017,Black (includes Hispanic),
16,Idaho,16051,Jefferson,2013,2017,Hispanic (all races),
16,Idaho,16051,Jefferson,2013,2017,American Indian/Alaskan Native (includes Hispanic),
16,Idaho,16051,Jefferson,2013,2017,White (includes Hispanic),5.0
16,Idaho,16051,Jefferson,2014,2018,Asian/Pacific Islander (includes Hispanic),
16,Idaho,16051,Jefferson,2014,2018,Black (includes Hispanic),
16,Idaho,16051,Jefferson,2014,2018,Hispanic (all races),
16,Idaho,16051,Jefferson,2014,2018,American Indian/Alaskan Native (includes Hispanic),
16,Idaho,16051,Jefferson,2014,2018,White (includes Hispanic),6.2
16,Idaho,16051,Jefferson,2015,2019,Asian/Pacific Islander (includes Hispanic),
16,Idaho,16051,Jefferson,2015,2019,Black (includes Hispanic),
16,Idaho,16051,Jefferson,2015,2019,Hispanic (all races),
16,Idaho,16051,Jefferson,2015,2019,American Indian/Alaskan Native (includes Hispanic),
16,Idaho,16051,Jefferson,2015,2019,White (includes Hispanic),5.9
16,Idaho,16051,Jefferson,2016,2020,Asian/Pacific Islander (includes Hispanic),
16,Idaho,16051,Jefferson,2016,2020,Black (includes Hispanic),
16,Idaho,16051,Jefferson,2016,2020,Hispanic (all races),
16,Idaho,16051,Jefferson,2016,2020,American Indian/Alaskan Native (includes Hispanic),
16,Idaho,16051,Jefferson,2016,2020,White (includes Hispanic),7.0
16,Idaho,16053,Jerome,2011,2015,Asian/Pacific Islander (includes Hispanic),
16,Idaho,16053,Jerome,2011,2015,Black (includes Hispanic),
16,Idaho,16053,Jerome,2011,2015,Hispanic (all races),
16,Idaho,16053,Jerome,2011,2015,American Indian/Alaskan Native (includes Hispanic),
16,Idaho,16053,Jerome,2011,2015,White (includes Hispanic),6.7
16,Idaho,16053,Jerome,2012,2016,Asian/Pacific Islander (includes Hispanic),
16,Idaho,16053,Jerome,2012,2016,Black (includes Hispanic),
16,Idaho,16053,Jerome,2012,2016,Hispanic (all races),
16,Idaho,16053,Jerome,2012,2016,American Indian/Alaskan Native (includes Hispanic),
16,Idaho,16053,Jerome,2012,2016,White (includes Hispanic),5.8
16,Idaho,16053,Jerome,2013,2017,Asian/Pacific Islander (includes Hispanic),
16,Idaho,16053,Jerome,2013,2017,Black (includes Hispanic),
16,Idaho,16053,Jerome,2013,2017,Hispanic (all races),
16,Idaho,16053,Jerome,2013,2017,American Indian/Alaskan Native (includes Hispanic),
16,Idaho,16053,Jerome,2013,2017,White (includes Hispanic),5.8
16,Idaho,16053,Jerome,2014,2018,Asian/Pacific Islander (includes Hispanic),
16,Idaho,16053,Jerome,2014,2018,Black (includes Hispanic),
16,Idaho,16053,Jerome,2014,2018,Hispanic (all races),
16,Idaho,16053,Jerome,2014,2018,American Indian/Alaskan Native (includes Hispanic),
16,Idaho,16053,Jerome,2014,2018,White (includes Hispanic),5.7
16,Idaho,16053,Jerome,2015,2019,Asian/Pacific Islander (includes Hispanic),
16,Idaho,16053,Jerome,2015,2019,Black (includes Hispanic),
16,Idaho,16053,Jerome,2015,2019,Hispanic (all races),
16,Idaho,16053,Jerome,2015,2019,American Indian/Alaskan Native (includes Hispanic),
16,Idaho,16053,Jerome,2015,2019,White (includes Hispanic),5.9
16,Idaho,16053,Jerome,2016,2020,Asian/Pacific Islander (includes Hispanic),
16,Idaho,16053,Jerome,2016,2020,Black (includes Hispanic),
16,Idaho,16053,Jerome,2016,2020,Hispanic (all races),
16,Idaho,16053,Jerome,2016,2020,American Indian/Alaskan Native (includes Hispanic),
16,Idaho,16053,Jerome,2016,2020,White (includes Hispanic),6.8
16,Idaho,16055,Kootenai,2011,2015,Asian/Pacific Islander (includes Hispanic),
16,Idaho,16055,Kootenai,2011,2015,Black (includes Hispanic),
16,Idaho,16055,Kootenai,2011,2015,Hispanic (all races),
16,Idaho,16055,Kootenai,2011,2015,American Indian/Alaskan Native (includes Hispanic),
16,Idaho,16055,Kootenai,2011,2015,White (includes Hispanic),5.5
16,Idaho,16055,Kootenai,2012,2016,Asian/Pacific Islander (includes Hispanic),
16,Idaho,16055,Kootenai,2012,2016,Black (includes Hispanic),
16,Idaho,16055,Kootenai,2012,2016,Hispanic (all races),
16,Idaho,16055,Kootenai,2012,2016,American Indian/Alaskan Native (includes Hispanic),
16,Idaho,16055,Kootenai,2012,2016,White (includes Hispanic),5.9
16,Idaho,16055,Kootenai,2013,2017,Asian/Pacific Islander (includes Hispanic),
16,Idaho,16055,Kootenai,2013,2017,Black (includes Hispanic),
16,Idaho,16055,Kootenai,2013,2017,Hispanic (all races),
16,Idaho,16055,Kootenai,2013,2017,American Indian/Alaskan Native (includes Hispanic),
16,Idaho,16055,Kootenai,2013,2017,White (includes Hispanic),6.4
16,Idaho,16055,Kootenai,2014,2018,Asian/Pacific Islander (includes Hispanic),
16,Idaho,16055,Kootenai,2014,2018,Black (includes Hispanic),
16,Idaho,16055,Kootenai,2014,2018,Hispanic (all races),
16,Idaho,16055,Kootenai,2014,2018,American Indian/Alaskan Native (includes Hispanic),
16,Idaho,16055,Kootenai,2014,2018,White (includes Hispanic),6.7
16,Idaho,16055,Kootenai,2015,2019,Asian/Pacific Islander (includes Hispanic),
16,Idaho,16055,Kootenai,2015,2019,Black (includes Hispanic),
16,Idaho,16055,Kootenai,2015,2019,Hispanic (all races),
16,Idaho,16055,Kootenai,2015,2019,American Indian/Alaskan Native (includes Hispanic),
16,Idaho,16055,Kootenai,2015,2019,White (includes Hispanic),7.3
16,Idaho,16055,Kootenai,2016,2020,Asian/Pacific Islander (includes Hispanic),
16,Idaho,16055,Kootenai,2016,2020,Black (includes Hispanic),
16,Idaho,16055,Kootenai,2016,2020,Hispanic (all races),
16,Idaho,16055,Kootenai,2016,2020,American Indian/Alaskan Native (includes Hispanic),
16,Idaho,16055,Kootenai,2016,2020,White (includes Hispanic),7.2
16,Idaho,16057,Latah,2011,2015,Asian/Pacific Islander (includes Hispanic),
16,Idaho,16057,Latah,2011,2015,Black (includes Hispanic),
16,Idaho,16057,Latah,2011,2015,Hispanic (all races),
16,Idaho,16057,Latah,2011,2015,American Indian/Alaskan Native (includes Hispanic),
16,Idaho,16057,Latah,2011,2015,White (includes Hispanic),8.6
16,Idaho,16057,Latah,2012,2016,Asian/Pacific Islander (includes Hispanic),
16,Idaho,16057,Latah,2012,2016,Black (includes Hispanic),
16,Idaho,16057,Latah,2012,2016,Hispanic (all races),
16,Idaho,16057,Latah,2012,2016,American Indian/Alaskan Native (includes Hispanic),
16,Idaho,16057,Latah,2012,2016,White (includes Hispanic),7.4
16,Idaho,16057,Latah,2013,2017,Asian/Pacific Islander (includes Hispanic),
16,Idaho,16057,Latah,2013,2017,Black (includes Hispanic),
16,Idaho,16057,Latah,2013,2017,Hispanic (all races),
16,Idaho,16057,Latah,2013,2017,American Indian/Alaskan Native (includes Hispanic),
16,Idaho,16057,Latah,2013,2017,White (includes Hispanic),6.2
16,Idaho,16057,Latah,2014,2018,Asian/Pacific Islander (includes Hispanic),
16,Idaho,16057,Latah,2014,2018,Black (includes Hispanic),
16,Idaho,16057,Latah,2014,2018,Hispanic (all races),
16,Idaho,16057,Latah,2014,2018,American Indian/Alaskan Native (includes Hispanic),
16,Idaho,16057,Latah,2014,2018,White (includes Hispanic),7.3
16,Idaho,16057,Latah,2015,2019,Asian/Pacific Islander (includes Hispanic),
16,Idaho,16057,Latah,2015,2019,Black (includes Hispanic),
16,Idaho,16057,Latah,2015,2019,Hispanic (all races),
16,Idaho,16057,Latah,2015,2019,American Indian/Alaskan Native (includes Hispanic),
16,Idaho,16057,Latah,2015,2019,White (includes Hispanic),7.1
16,Idaho,16057,Latah,2016,2020,Asian/Pacific Islander (includes Hispanic),
16,Idaho,16057,Latah,2016,2020,Black (includes Hispanic),
16,Idaho,16057,Latah,2016,2020,Hispanic (all races),
16,Idaho,16057,Latah,2016,2020,American Indian/Alaskan Native (includes Hispanic),
16,Idaho,16057,Latah,2016,2020,White (includes Hispanic),7.0
16,Idaho,16059,Lemhi,2011,2015,Asian/Pacific Islander (includes Hispanic),
16,Idaho,16059,Lemhi,2011,2015,Black (includes Hispanic),
16,Idaho,16059,Lemhi,2011,2015,Hispanic (all races),
16,Idaho,16059,Lemhi,2011,2015,American Indian/Alaskan Native (includes Hispanic),
16,Idaho,16059,Lemhi,2011,2015,White (includes Hispanic),
16,Idaho,16059,Lemhi,2012,2016,Asian/Pacific Islander (includes Hispanic),
16,Idaho,16059,Lemhi,2012,2016,Black (includes Hispanic),
16,Idaho,16059,Lemhi,2012,2016,Hispanic (all races),
16,Idaho,16059,Lemhi,2012,2016,American Indian/Alaskan Native (includes Hispanic),
16,Idaho,16059,Lemhi,2012,2016,White (includes Hispanic),
16,Idaho,16059,Lemhi,2013,2017,Asian/Pacific Islander (includes Hispanic),
16,Idaho,16059,Lemhi,2013,2017,Black (includes Hispanic),
16,Idaho,16059,Lemhi,2013,2017,Hispanic (all races),
16,Idaho,16059,Lemhi,2013,2017,American Indian/Alaskan Native (includes Hispanic),
16,Idaho,16059,Lemhi,2013,2017,White (includes Hispanic),
16,Idaho,16059,Lemhi,2014,2018,Asian/Pacific Islander (includes Hispanic),
16,Idaho,16059,Lemhi,2014,2018,Black (includes Hispanic),
16,Idaho,16059,Lemhi,2014,2018,Hispanic (all races),
16,Idaho,16059,Lemhi,2014,2018,American Indian/Alaskan Native (includes Hispanic),
16,Idaho,16059,Lemhi,2014,2018,White (includes Hispanic),7.2
16,Idaho,16059,Lemhi,2015,2019,Asian/Pacific Islander (includes Hispanic),
16,Idaho,16059,Lemhi,2015,2019,Black (includes Hispanic),
16,Idaho,16059,Lemhi,2015,2019,Hispanic (all races),
16,Idaho,16059,Lemhi,2015,2019,American Indian/Alaskan Native (includes Hispanic),
16,Idaho,16059,Lemhi,2015,2019,White (includes Hispanic),
16,Idaho,16059,Lemhi,2016,2020,Asian/Pacific Islander (includes Hispanic),
16,Idaho,16059,Lemhi,2016,2020,Black (includes Hispanic),
16,Idaho,16059,Lemhi,2016,2020,Hispanic (all races),
16,Idaho,16059,Lemhi,2016,2020,American Indian/Alaskan Native (includes Hispanic),
16,Idaho,16059,Lemhi,2016,2020,White (includes Hispanic),
16,Idaho,16061,Lewis,2011,2015,Asian/Pacific Islander (includes Hispanic),
16,Idaho,16061,Lewis,2011,2015,Black (includes Hispanic),
16,Idaho,16061,Lewis,2011,2015,Hispanic (all races),
16,Idaho,16061,Lewis,2011,2015,American Indian/Alaskan Native (includes Hispanic),
16,Idaho,16061,Lewis,2011,2015,White (includes Hispanic),
16,Idaho,16061,Lewis,2012,2016,Asian/Pacific Islander (includes Hispanic),
16,Idaho,16061,Lewis,2012,2016,Black (includes Hispanic),
16,Idaho,16061,Lewis,2012,2016,Hispanic (all races),
16,Idaho,16061,Lewis,2012,2016,American Indian/Alaskan Native (includes Hispanic),
16,Idaho,16061,Lewis,2012,2016,White (includes Hispanic),
16,Idaho,16061,Lewis,2013,2017,Asian/Pacific Islander (includes Hispanic),
16,Idaho,16061,Lewis,2013,2017,Black (includes Hispanic),
16,Idaho,16061,Lewis,2013,2017,Hispanic (all races),
16,Idaho,16061,Lewis,2013,2017,American Indian/Alaskan Native (includes Hispanic),
16,Idaho,16061,Lewis,2013,2017,White (includes Hispanic),
16,Idaho,16061,Lewis,2014,2018,Asian/Pacific Islander (includes Hispanic),
16,Idaho,16061,Lewis,2014,2018,Black (includes Hispanic),
16,Idaho,16061,Lewis,2014,2018,Hispanic (all races),
16,Idaho,16061,Lewis,2014,2018,American Indian/Alaskan Native (includes Hispanic),
16,Idaho,16061,Lewis,2014,2018,White (includes Hispanic),
16,Idaho,16061,Lewis,2015,2019,Asian/Pacific Islander (includes Hispanic),
16,Idaho,16061,Lewis,2015,2019,Black (includes Hispanic),
16,Idaho,16061,Lewis,2015,2019,Hispanic (all races),
16,Idaho,16061,Lewis,2015,2019,American Indian/Alaskan Native (includes Hispanic),
16,Idaho,16061,Lewis,2015,2019,White (includes Hispanic),
16,Idaho,16061,Lewis,2016,2020,Asian/Pacific Islander (includes Hispanic),
16,Idaho,16061,Lewis,2016,2020,Black (includes Hispanic),
16,Idaho,16061,Lewis,2016,2020,Hispanic (all races),
16,Idaho,16061,Lewis,2016,2020,American Indian/Alaskan Native (includes Hispanic),
16,Idaho,16061,Lewis,2016,2020,White (includes Hispanic),
16,Idaho,16063,Lincoln,2011,2015,Asian/Pacific Islander (includes Hispanic),
16,Idaho,16063,Lincoln,2011,2015,Black (includes Hispanic),
16,Idaho,16063,Lincoln,2011,2015,Hispanic (all races),
16,Idaho,16063,Lincoln,2011,2015,American Indian/Alaskan Native (includes Hispanic),
16,Idaho,16063,Lincoln,2011,2015,White (includes Hispanic),
16,Idaho,16063,Lincoln,2012,2016,Asian/Pacific Islander (includes Hispanic),
16,Idaho,16063,Lincoln,2012,2016,Black (includes Hispanic),
16,Idaho,16063,Lincoln,2012,2016,Hispanic (all races),
16,Idaho,16063,Lincoln,2012,2016,American Indian/Alaskan Native (includes Hispanic),
16,Idaho,16063,Lincoln,2012,2016,White (includes Hispanic),
16,Idaho,16063,Lincoln,2013,2017,Asian/Pacific Islander (includes Hispanic),
16,Idaho,16063,Lincoln,2013,2017,Black (includes Hispanic),
16,Idaho,16063,Lincoln,2013,2017,Hispanic (all races),
16,Idaho,16063,Lincoln,2013,2017,American Indian/Alaskan Native (includes Hispanic),
16,Idaho,16063,Lincoln,2013,2017,White (includes Hispanic),
16,Idaho,16063,Lincoln,2014,2018,Asian/Pacific Islander (includes Hispanic),
16,Idaho,16063,Lincoln,2014,2018,Black (includes Hispanic),
16,Idaho,16063,Lincoln,2014,2018,Hispanic (all races),
16,Idaho,16063,Lincoln,2014,2018,American Indian/Alaskan Native (includes Hispanic),
16,Idaho,16063,Lincoln,2014,2018,White (includes Hispanic),
16,Idaho,16063,Lincoln,2015,2019,Asian/Pacific Islander (includes Hispanic),
16,Idaho,16063,Lincoln,2015,2019,Black (includes Hispanic),
16,Idaho,16063,Lincoln,2015,2019,Hispanic (all races),
16,Idaho,16063,Lincoln,2015,2019,American Indian/Alaskan Native (includes Hispanic),
16,Idaho,16063,Lincoln,2015,2019,White (includes Hispanic),
16,Idaho,16063,Lincoln,2016,2020,Asian/Pacific Islander (includes Hispanic),
16,Idaho,16063,Lincoln,2016,2020,Black (includes Hispanic),
16,Idaho,16063,Lincoln,2016,2020,Hispanic (all races),
16,Idaho,16063,Lincoln,2016,2020,American Indian/Alaskan Native (includes Hispanic),
16,Idaho,16063,Lincoln,2016,2020,White (includes Hispanic),
16,Idaho,16065,Madison,2011,2015,Asian/Pacific Islander (includes Hispanic),
16,Idaho,16065,Madison,2011,2015,Black (includes Hispanic),
16,Idaho,16065,Madison,2011,2015,Hispanic (all races),
16,Idaho,16065,Madison,2011,2015,American Indian/Alaskan Native (includes Hispanic),
16,Idaho,16065,Madison,2011,2015,White (includes Hispanic),
16,Idaho,16065,Madison,2012,2016,Asian/Pacific Islander (includes Hispanic),
16,Idaho,16065,Madison,2012,2016,Black (includes Hispanic),
16,Idaho,16065,Madison,2012,2016,Hispanic (all races),
16,Idaho,16065,Madison,2012,2016,American Indian/Alaskan Native (includes Hispanic),
16,Idaho,16065,Madison,2012,2016,White (includes Hispanic),4.4
16,Idaho,16065,Madison,2013,2017,Asian/Pacific Islander (includes Hispanic),
16,Idaho,16065,Madison,2013,2017,Black (includes Hispanic),
16,Idaho,16065,Madison,2013,2017,Hispanic (all races),
16,Idaho,16065,Madison,2013,2017,American Indian/Alaskan Native (includes Hispanic),
16,Idaho,16065,Madison,2013,2017,White (includes Hispanic),5.4
16,Idaho,16065,Madison,2014,2018,Asian/Pacific Islander (includes Hispanic),
16,Idaho,16065,Madison,2014,2018,Black (includes Hispanic),
16,Idaho,16065,Madison,2014,2018,Hispanic (all races),
16,Idaho,16065,Madison,2014,2018,American Indian/Alaskan Native (includes Hispanic),
16,Idaho,16065,Madison,2014,2018,White (includes Hispanic),6.2
16,Idaho,16065,Madison,2015,2019,Asian/Pacific Islander (includes Hispanic),
16,Idaho,16065,Madison,2015,2019,Black (includes Hispanic),
16,Idaho,16065,Madison,2015,2019,Hispanic (all races),
16,Idaho,16065,Madison,2015,2019,American Indian/Alaskan Native (includes Hispanic),
16,Idaho,16065,Madison,2015,2019,White (includes Hispanic),5.3
16,Idaho,16065,Madison,2016,2020,Asian/Pacific Islander (includes Hispanic),
16,Idaho,16065,Madison,2016,2020,Black (includes Hispanic),
16,Idaho,16065,Madison,2016,2020,Hispanic (all races),
16,Idaho,16065,Madison,2016,2020,American Indian/Alaskan Native (includes Hispanic),
16,Idaho,16065,Madison,2016,2020,White (includes Hispanic),6.1
16,Idaho,16067,Minidoka,2011,2015,Asian/Pacific Islander (includes Hispanic),
16,Idaho,16067,Minidoka,2011,2015,Black (includes Hispanic),
16,Idaho,16067,Minidoka,2011,2015,Hispanic (all races),
16,Idaho,16067,Minidoka,2011,2015,American Indian/Alaskan Native (includes Hispanic),
16,Idaho,16067,Minidoka,2011,2015,White (includes Hispanic),
16,Idaho,16067,Minidoka,2012,2016,Asian/Pacific Islander (includes Hispanic),
16,Idaho,16067,Minidoka,2012,2016,Black (includes Hispanic),
16,Idaho,16067,Minidoka,2012,2016,Hispanic (all races),
16,Idaho,16067,Minidoka,2012,2016,American Indian/Alaskan Native (includes Hispanic),
16,Idaho,16067,Minidoka,2012,2016,White (includes Hispanic),
16,Idaho,16067,Minidoka,2013,2017,Asian/Pacific Islander (includes Hispanic),
16,Idaho,16067,Minidoka,2013,2017,Black (includes Hispanic),
16,Idaho,16067,Minidoka,2013,2017,Hispanic (all races),
16,Idaho,16067,Minidoka,2013,2017,American Indian/Alaskan Native (includes Hispanic),
16,Idaho,16067,Minidoka,2013,2017,White (includes Hispanic),
16,Idaho,16067,Minidoka,2014,2018,Asian/Pacific Islander (includes Hispanic),
16,Idaho,16067,Minidoka,2014,2018,Black (includes Hispanic),
16,Idaho,16067,Minidoka,2014,2018,Hispanic (all races),
16,Idaho,16067,Minidoka,2014,2018,American Indian/Alaskan Native (includes Hispanic),
16,Idaho,16067,Minidoka,2014,2018,White (includes Hispanic),
16,Idaho,16067,Minidoka,2015,2019,Asian/Pacific Islander (includes Hispanic),
16,Idaho,16067,Minidoka,2015,2019,Black (includes Hispanic),
16,Idaho,16067,Minidoka,2015,2019,Hispanic (all races),
16,Idaho,16067,Minidoka,2015,2019,American Indian/Alaskan Native (includes Hispanic),
16,Idaho,16067,Minidoka,2015,2019,White (includes Hispanic),
16,Idaho,16067,Minidoka,2016,2020,Asian/Pacific Islander (includes Hispanic),
16,Idaho,16067,Minidoka,2016,2020,Black (includes Hispanic),
16,Idaho,16067,Minidoka,2016,2020,Hispanic (all races),
16,Idaho,16067,Minidoka,2016,2020,American Indian/Alaskan Native (includes Hispanic),
16,Idaho,16067,Minidoka,2016,2020,White (includes Hispanic),
16,Idaho,16069,Nez Perce,2011,2015,Asian/Pacific Islander (includes Hispanic),
16,Idaho,16069,Nez Perce,2011,2015,Black (includes Hispanic),
16,Idaho,16069,Nez Perce,2011,2015,Hispanic (all races),
16,Idaho,16069,Nez Perce,2011,2015,American Indian/Alaskan Native (includes Hispanic),
16,Idaho,16069,Nez Perce,2011,2015,White (includes Hispanic),7.2
16,Idaho,16069,Nez Perce,2012,2016,Asian/Pacific Islander (includes Hispanic),
16,Idaho,16069,Nez Perce,2012,2016,Black (includes Hispanic),
16,Idaho,16069,Nez Perce,2012,2016,Hispanic (all races),
16,Idaho,16069,Nez Perce,2012,2016,American Indian/Alaskan Native (includes Hispanic),
16,Idaho,16069,Nez Perce,2012,2016,White (includes Hispanic),7.7
16,Idaho,16069,Nez Perce,2013,2017,Asian/Pacific Islander (includes Hispanic),
16,Idaho,16069,Nez Perce,2013,2017,Black (includes Hispanic),
16,Idaho,16069,Nez Perce,2013,2017,Hispanic (all races),
16,Idaho,16069,Nez Perce,2013,2017,American Indian/Alaskan Native (includes Hispanic),
16,Idaho,16069,Nez Perce,2013,2017,White (includes Hispanic),6.4
16,Idaho,16069,Nez Perce,2014,2018,Asian/Pacific Islander (includes Hispanic),
16,Idaho,16069,Nez Perce,2014,2018,Black (includes Hispanic),
16,Idaho,16069,Nez Perce,2014,2018,Hispanic (all races),
16,Idaho,16069,Nez Perce,2014,2018,American Indian/Alaskan Native (includes Hispanic),
16,Idaho,16069,Nez Perce,2014,2018,White (includes Hispanic),7.4
16,Idaho,16069,Nez Perce,2015,2019,Asian/Pacific Islander (includes Hispanic),
16,Idaho,16069,Nez Perce,2015,2019,Black (includes Hispanic),
16,Idaho,16069,Nez Perce,2015,2019,Hispanic (all races),
16,Idaho,16069,Nez Perce,2015,2019,American Indian/Alaskan Native (includes Hispanic),
16,Idaho,16069,Nez Perce,2015,2019,White (includes Hispanic),6.6
16,Idaho,16069,Nez Perce,2016,2020,Asian/Pacific Islander (includes Hispanic),
16,Idaho,16069,Nez Perce,2016,2020,Black (includes Hispanic),
16,Idaho,16069,Nez Perce,2016,2020,Hispanic (all races),
16,Idaho,16069,Nez Perce,2016,2020,American Indian/Alaskan Native (includes Hispanic),
16,Idaho,16069,Nez Perce,2016,2020,White (includes Hispanic),6.9
16,Idaho,16071,Oneida,2011,2015,Asian/Pacific Islander (includes Hispanic),
16,Idaho,16071,Oneida,2011,2015,Black (includes Hispanic),
16,Idaho,16071,Oneida,2011,2015,Hispanic (all races),
16,Idaho,16071,Oneida,2011,2015,American Indian/Alaskan Native (includes Hispanic),
16,Idaho,16071,Oneida,2011,2015,White (includes Hispanic),5.7
16,Idaho,16071,Oneida,2012,2016,Asian/Pacific Islander (includes Hispanic),
16,Idaho,16071,Oneida,2012,2016,Black (includes Hispanic),
16,Idaho,16071,Oneida,2012,2016,Hispanic (all races),
16,Idaho,16071,Oneida,2012,2016,American Indian/Alaskan Native (includes Hispanic),
16,Idaho,16071,Oneida,2012,2016,White (includes Hispanic),4.6
16,Idaho,16071,Oneida,2013,2017,Asian/Pacific Islander (includes Hispanic),
16,Idaho,16071,Oneida,2013,2017,Black (includes Hispanic),
16,Idaho,16071,Oneida,2013,2017,Hispanic (all races),
16,Idaho,16071,Oneida,2013,2017,American Indian/Alaskan Native (includes Hispanic),
16,Idaho,16071,Oneida,2013,2017,White (includes Hispanic),5.0
16,Idaho,16071,Oneida,2014,2018,Asian/Pacific Islander (includes Hispanic),
16,Idaho,16071,Oneida,2014,2018,Black (includes Hispanic),
16,Idaho,16071,Oneida,2014,2018,Hispanic (all races),
16,Idaho,16071,Oneida,2014,2018,American Indian/Alaskan Native (includes Hispanic),
16,Idaho,16071,Oneida,2014,2018,White (includes Hispanic),4.8
16,Idaho,16071,Oneida,2015,2019,Asian/Pacific Islander (includes Hispanic),
16,Idaho,16071,Oneida,2015,2019,Black (includes Hispanic),
16,Idaho,16071,Oneida,2015,2019,Hispanic (all races),
16,Idaho,16071,Oneida,2015,2019,American Indian/Alaskan Native (includes Hispanic),
16,Idaho,16071,Oneida,2015,2019,White (includes Hispanic),5.8
16,Idaho,16071,Oneida,2016,2020,Asian/Pacific Islander (includes Hispanic),
16,Idaho,16071,Oneida,2016,2020,Black (includes Hispanic),
16,Idaho,16071,Oneida,2016,2020,Hispanic (all races),
16,Idaho,16071,Oneida,2016,2020,American Indian/Alaskan Native (includes Hispanic),
16,Idaho,16071,Oneida,2016,2020,White (includes Hispanic),6.5
16,Idaho,16073,Owyhee,2011,2015,Asian/Pacific Islander (includes Hispanic),
16,Idaho,16073,Owyhee,2011,2015,Black (includes Hispanic),
16,Idaho,16073,Owyhee,2011,2015,Hispanic (all races),13.8
16,Idaho,16073,Owyhee,2011,2015,American Indian/Alaskan Native (includes Hispanic),
16,Idaho,16073,Owyhee,2011,2015,White (includes Hispanic),6.4
16,Idaho,16073,Owyhee,2012,2016,Asian/Pacific Islander (includes Hispanic),
16,Idaho,16073,Owyhee,2012,2016,Black (includes Hispanic),
16,Idaho,16073,Owyhee,2012,2016,Hispanic (all races),13.3
16,Idaho,16073,Owyhee,2012,2016,American Indian/Alaskan Native (includes Hispanic),
16,Idaho,16073,Owyhee,2012,2016,White (includes Hispanic),6.4
16,Idaho,16073,Owyhee,2013,2017,Asian/Pacific Islander (includes Hispanic),
16,Idaho,16073,Owyhee,2013,2017,Black (includes Hispanic),
16,Idaho,16073,Owyhee,2013,2017,Hispanic (all races),13.0
16,Idaho,16073,Owyhee,2013,2017,American Indian/Alaskan Native (includes Hispanic),
16,Idaho,16073,Owyhee,2013,2017,White (includes Hispanic),6.4
16,Idaho,16073,Owyhee,2014,2018,Asian/Pacific Islander (includes Hispanic),
16,Idaho,16073,Owyhee,2014,2018,Black (includes Hispanic),
16,Idaho,16073,Owyhee,2014,2018,Hispanic (all races),12.6
16,Idaho,16073,Owyhee,2014,2018,American Indian/Alaskan Native (includes Hispanic),
16,Idaho,16073,Owyhee,2014,2018,White (includes Hispanic),6.7
16,Idaho,16073,Owyhee,2015,2019,Asian/Pacific Islander (includes Hispanic),
16,Idaho,16073,Owyhee,2015,2019,Black (includes Hispanic),
16,Idaho,16073,Owyhee,2015,2019,Hispanic (all races),11.4
16,Idaho,16073,Owyhee,2015,2019,American Indian/Alaskan Native (includes Hispanic),
16,Idaho,16073,Owyhee,2015,2019,White (includes Hispanic),7.3
16,Idaho,16073,Owyhee,2016,2020,Asian/Pacific Islander (includes Hispanic),
16,Idaho,16073,Owyhee,2016,2020,Black (includes Hispanic),
16,Idaho,16073,Owyhee,2016,2020,Hispanic (all races),9.1
16,Idaho,16073,Owyhee,2016,2020,American Indian/Alaskan Native (includes Hispanic),
16,Idaho,16073,Owyhee,2016,2020,White (includes Hispanic),6.5
16,Idaho,16075,Payette,2011,2015,Asian/Pacific Islander (includes Hispanic),
16,Idaho,16075,Payette,2011,2015,Black (includes Hispanic),
16,Idaho,16075,Payette,2011,2015,Hispanic (all races),
16,Idaho,16075,Payette,2011,2015,American Indian/Alaskan Native (includes Hispanic),
16,Idaho,16075,Payette,2011,2015,White (includes Hispanic),7.4
16,Idaho,16075,Payette,2012,2016,Asian/Pacific Islander (includes Hispanic),
16,Idaho,16075,Payette,2012,2016,Black (includes Hispanic),
16,Idaho,16075,Payette,2012,2016,Hispanic (all races),
16,Idaho,16075,Payette,2012,2016,American Indian/Alaskan Native (includes Hispanic),
16,Idaho,16075,Payette,2012,2016,White (includes Hispanic),8.1
16,Idaho,16075,Payette,2013,2017,Asian/Pacific Islander (includes Hispanic),
16,Idaho,16075,Payette,2013,2017,Black (includes Hispanic),
16,Idaho,16075,Payette,2013,2017,Hispanic (all races),
16,Idaho,16075,Payette,2013,2017,American Indian/Alaskan Native (includes Hispanic),
16,Idaho,16075,Payette,2013,2017,White (includes Hispanic),8.4
16,Idaho,16075,Payette,2014,2018,Asian/Pacific Islander (includes Hispanic),
16,Idaho,16075,Payette,2014,2018,Black (includes Hispanic),
16,Idaho,16075,Payette,2014,2018,Hispanic (all races),
16,Idaho,16075,Payette,2014,2018,American Indian/Alaskan Native (includes Hispanic),
16,Idaho,16075,Payette,2014,2018,White (includes Hispanic),9.8
16,Idaho,16075,Payette,2015,2019,Asian/Pacific Islander (includes Hispanic),
16,Idaho,16075,Payette,2015,2019,Black (includes Hispanic),
16,Idaho,16075,Payette,2015,2019,Hispanic (all races),
16,Idaho,16075,Payette,2015,2019,American Indian/Alaskan Native (includes Hispanic),
16,Idaho,16075,Payette,2015,2019,White (includes Hispanic),10.4
16,Idaho,16075,Payette,2016,2020,Asian/Pacific Islander (includes Hispanic),
16,Idaho,16075,Payette,2016,2020,Black (includes Hispanic),
16,Idaho,16075,Payette,2016,2020,Hispanic (all races),
16,Idaho,16075,Payette,2016,2020,American Indian/Alaskan Native (includes Hispanic),
16,Idaho,16075,Payette,2016,2020,White (includes Hispanic),9.8
16,Idaho,16077,Power,2011,2015,Asian/Pacific Islander (includes Hispanic),
16,Idaho,16077,Power,2011,2015,Black (includes Hispanic),
16,Idaho,16077,Power,2011,2015,Hispanic (all races),
16,Idaho,16077,Power,2011,2015,American Indian/Alaskan Native (includes Hispanic),
16,Idaho,16077,Power,2011,2015,White (includes Hispanic),5.5
16,Idaho,16077,Power,2012,2016,Asian/Pacific Islander (includes Hispanic),
16,Idaho,16077,Power,2012,2016,Black (includes Hispanic),
16,Idaho,16077,Power,2012,2016,Hispanic (all races),
16,Idaho,16077,Power,2012,2016,American Indian/Alaskan Native (includes Hispanic),
16,Idaho,16077,Power,2012,2016,White (includes Hispanic),5.1
16,Idaho,16077,Power,2013,2017,Asian/Pacific Islander (includes Hispanic),
16,Idaho,16077,Power,2013,2017,Black (includes Hispanic),
16,Idaho,16077,Power,2013,2017,Hispanic (all races),
16,Idaho,16077,Power,2013,2017,American Indian/Alaskan Native (includes Hispanic),
16,Idaho,16077,Power,2013,2017,White (includes Hispanic),5.2
16,Idaho,16077,Power,2014,2018,Asian/Pacific Islander (includes Hispanic),
16,Idaho,16077,Power,2014,2018,Black (includes Hispanic),
16,Idaho,16077,Power,2014,2018,Hispanic (all races),
16,Idaho,16077,Power,2014,2018,American Indian/Alaskan Native (includes Hispanic),
16,Idaho,16077,Power,2014,2018,White (includes Hispanic),6.9
16,Idaho,16077,Power,2015,2019,Asian/Pacific Islander (includes Hispanic),
16,Idaho,16077,Power,2015,2019,Black (includes Hispanic),
16,Idaho,16077,Power,2015,2019,Hispanic (all races),
16,Idaho,16077,Power,2015,2019,American Indian/Alaskan Native (includes Hispanic),
16,Idaho,16077,Power,2015,2019,White (includes Hispanic),8.5
16,Idaho,16077,Power,2016,2020,Asian/Pacific Islander (includes Hispanic),
16,Idaho,16077,Power,2016,2020,Black (includes Hispanic),
16,Idaho,16077,Power,2016,2020,Hispanic (all races),
16,Idaho,16077,Power,2016,2020,American Indian/Alaskan Native (includes Hispanic),
16,Idaho,16077,Power,2016,2020,White (includes Hispanic),8.7
16,Idaho,16079,Shoshone,2011,2015,Asian/Pacific Islander (includes Hispanic),
16,Idaho,16079,Shoshone,2011,2015,Black (includes Hispanic),
16,Idaho,16079,Shoshone,2011,2015,Hispanic (all races),
16,Idaho,16079,Shoshone,2011,2015,American Indian/Alaskan Native (includes Hispanic),
16,Idaho,16079,Shoshone,2011,2015,White (includes Hispanic),6.9
16,Idaho,16079,Shoshone,2012,2016,Asian/Pacific Islander (includes Hispanic),
16,Idaho,16079,Shoshone,2012,2016,Black (includes Hispanic),
16,Idaho,16079,Shoshone,2012,2016,Hispanic (all races),
16,Idaho,16079,Shoshone,2012,2016,American Indian/Alaskan Native (includes Hispanic),
16,Idaho,16079,Shoshone,2012,2016,White (includes Hispanic),7.2
16,Idaho,16079,Shoshone,2013,2017,Asian/Pacific Islander (includes Hispanic),
16,Idaho,16079,Shoshone,2013,2017,Black (includes Hispanic),
16,Idaho,16079,Shoshone,2013,2017,Hispanic (all races),
16,Idaho,16079,Shoshone,2013,2017,American Indian/Alaskan Native (includes Hispanic),
16,Idaho,16079,Shoshone,2013,2017,White (includes Hispanic),8.4
16,Idaho,16079,Shoshone,2014,2018,Asian/Pacific Islander (includes Hispanic),
16,Idaho,16079,Shoshone,2014,2018,Black (includes Hispanic),
16,Idaho,16079,Shoshone,2014,2018,Hispanic (all races),
16,Idaho,16079,Shoshone,2014,2018,American Indian/Alaskan Native (includes Hispanic),
16,Idaho,16079,Shoshone,2014,2018,White (includes Hispanic),8.7
16,Idaho,16079,Shoshone,2015,2019,Asian/Pacific Islander (includes Hispanic),
16,Idaho,16079,Shoshone,2015,2019,Black (includes Hispanic),
16,Idaho,16079,Shoshone,2015,2019,Hispanic (all races),
16,Idaho,16079,Shoshone,2015,2019,American Indian/Alaskan Native (includes Hispanic),
16,Idaho,16079,Shoshone,2015,2019,White (includes Hispanic),8.7
16,Idaho,16079,Shoshone,2016,2020,Asian/Pacific Islander (includes Hispanic),
16,Idaho,16079,Shoshone,2016,2020,Black (includes Hispanic),
16,Idaho,16079,Shoshone,2016,2020,Hispanic (all races),
16,Idaho,16079,Shoshone,2016,2020,American Indian/Alaskan Native (includes Hispanic),
16,Idaho,16079,Shoshone,2016,2020,White (includes Hispanic),8.3
16,Idaho,16081,Teton,2011,2015,Asian/Pacific Islander (includes Hispanic),
16,Idaho,16081,Teton,2011,2015,Black (includes Hispanic),
16,Idaho,16081,Teton,2011,2015,Hispanic (all races),
16,Idaho,16081,Teton,2011,2015,American Indian/Alaskan Native (includes Hispanic),
16,Idaho,16081,Teton,2011,2015,White (includes Hispanic),
16,Idaho,16081,Teton,2012,2016,Asian/Pacific Islander (includes Hispanic),
16,Idaho,16081,Teton,2012,2016,Black (includes Hispanic),
16,Idaho,16081,Teton,2012,2016,Hispanic (all races),
16,Idaho,16081,Teton,2012,2016,American Indian/Alaskan Native (includes Hispanic),
16,Idaho,16081,Teton,2012,2016,White (includes Hispanic),4.6
16,Idaho,16081,Teton,2013,2017,Asian/Pacific Islander (includes Hispanic),
16,Idaho,16081,Teton,2013,2017,Black (includes Hispanic),
16,Idaho,16081,Teton,2013,2017,Hispanic (all races),
16,Idaho,16081,Teton,2013,2017,American Indian/Alaskan Native (includes Hispanic),
16,Idaho,16081,Teton,2013,2017,White (includes Hispanic),5.0
16,Idaho,16081,Teton,2014,2018,Asian/Pacific Islander (includes Hispanic),
16,Idaho,16081,Teton,2014,2018,Black (includes Hispanic),
16,Idaho,16081,Teton,2014,2018,Hispanic (all races),
16,Idaho,16081,Teton,2014,2018,American Indian/Alaskan Native (includes Hispanic),
16,Idaho,16081,Teton,2014,2018,White (includes Hispanic),6.3
16,Idaho,16081,Teton,2015,2019,Asian/Pacific Islander (includes Hispanic),
16,Idaho,16081,Teton,2015,2019,Black (includes Hispanic),
16,Idaho,16081,Teton,2015,2019,Hispanic (all races),
16,Idaho,16081,Teton,2015,2019,American Indian/Alaskan Native (includes Hispanic),
16,Idaho,16081,Teton,2015,2019,White (includes Hispanic),5.8
16,Idaho,16081,Teton,2016,2020,Asian/Pacific Islander (includes Hispanic),
16,Idaho,16081,Teton,2016,2020,Black (includes Hispanic),
16,Idaho,16081,Teton,2016,2020,Hispanic (all races),
16,Idaho,16081,Teton,2016,2020,American Indian/Alaskan Native (includes Hispanic),
16,Idaho,16081,Teton,2016,2020,White (includes Hispanic),6.2
16,Idaho,16083,Twin Falls,2011,2015,Asian/Pacific Islander (includes Hispanic),
16,Idaho,16083,Twin Falls,2011,2015,Black (includes Hispanic),
16,Idaho,16083,Twin Falls,2011,2015,Hispanic (all races),
16,Idaho,16083,Twin Falls,2011,2015,American Indian/Alaskan Native (includes Hispanic),
16,Idaho,16083,Twin Falls,2011,2015,White (includes Hispanic),7.0
16,Idaho,16083,Twin Falls,2012,2016,Asian/Pacific Islander (includes Hispanic),
16,Idaho,16083,Twin Falls,2012,2016,Black (includes Hispanic),
16,Idaho,16083,Twin Falls,2012,2016,Hispanic (all races),
16,Idaho,16083,Twin Falls,2012,2016,American Indian/Alaskan Native (includes Hispanic),
16,Idaho,16083,Twin Falls,2012,2016,White (includes Hispanic),6.0
16,Idaho,16083,Twin Falls,2013,2017,Asian/Pacific Islander (includes Hispanic),
16,Idaho,16083,Twin Falls,2013,2017,Black (includes Hispanic),
16,Idaho,16083,Twin Falls,2013,2017,Hispanic (all races),
16,Idaho,16083,Twin Falls,2013,2017,American Indian/Alaskan Native (includes Hispanic),
16,Idaho,16083,Twin Falls,2013,2017,White (includes Hispanic),6.5
16,Idaho,16083,Twin Falls,2014,2018,Asian/Pacific Islander (includes Hispanic),
16,Idaho,16083,Twin Falls,2014,2018,Black (includes Hispanic),
16,Idaho,16083,Twin Falls,2014,2018,Hispanic (all races),
16,Idaho,16083,Twin Falls,2014,2018,American Indian/Alaskan Native (includes Hispanic),
16,Idaho,16083,Twin Falls,2014,2018,White (includes Hispanic),6.2
16,Idaho,16083,Twin Falls,2015,2019,Asian/Pacific Islander (includes Hispanic),
16,Idaho,16083,Twin Falls,2015,2019,Black (includes Hispanic),
16,Idaho,16083,Twin Falls,2015,2019,Hispanic (all races),
16,Idaho,16083,Twin Falls,2015,2019,American Indian/Alaskan Native (includes Hispanic),
16,Idaho,16083,Twin Falls,2015,2019,White (includes Hispanic),7.0
16,Idaho,16083,Twin Falls,2016,2020,Asian/Pacific Islander (includes Hispanic),
16,Idaho,16083,Twin Falls,2016,2020,Black (includes Hispanic),
16,Idaho,16083,Twin Falls,2016,2020,Hispanic (all races),
16,Idaho,16083,Twin Falls,2016,2020,American Indian/Alaskan Native (includes Hispanic),
16,Idaho,16083,Twin Falls,2016,2020,White (includes Hispanic),6.8
16,Idaho,16085,Valley,2011,2015,Asian/Pacific Islander (includes Hispanic),
16,Idaho,16085,Valley,2011,2015,Black (includes Hispanic),
16,Idaho,16085,Valley,2011,2015,Hispanic (all races),
16,Idaho,16085,Valley,2011,2015,American Indian/Alaskan Native (includes Hispanic),
16,Idaho,16085,Valley,2011,2015,White (includes Hispanic),
16,Idaho,16085,Valley,2012,2016,Asian/Pacific Islander (includes Hispanic),
16,Idaho,16085,Valley,2012,2016,Black (includes Hispanic),
16,Idaho,16085,Valley,2012,2016,Hispanic (all races),
16,Idaho,16085,Valley,2012,2016,American Indian/Alaskan Native (includes Hispanic),
16,Idaho,16085,Valley,2012,2016,White (includes Hispanic),
16,Idaho,16085,Valley,2013,2017,Asian/Pacific Islander (includes Hispanic),
16,Idaho,16085,Valley,2013,2017,Black (includes Hispanic),
16,Idaho,16085,Valley,2013,2017,Hispanic (all races),
16,Idaho,16085,Valley,2013,2017,American Indian/Alaskan Native (includes Hispanic),
16,Idaho,16085,Valley,2013,2017,White (includes Hispanic),
16,Idaho,16085,Valley,2014,2018,Asian/Pacific Islander (includes Hispanic),
16,Idaho,16085,Valley,2014,2018,Black (includes Hispanic),
16,Idaho,16085,Valley,2014,2018,Hispanic (all races),
16,Idaho,16085,Valley,2014,2018,American Indian/Alaskan Native (includes Hispanic),
16,Idaho,16085,Valley,2014,2018,White (includes Hispanic),
16,Idaho,16085,Valley,2015,2019,Asian/Pacific Islander (includes Hispanic),
16,Idaho,16085,Valley,2015,2019,Black (includes Hispanic),
16,Idaho,16085,Valley,2015,2019,Hispanic (all races),
16,Idaho,16085,Valley,2015,2019,American Indian/Alaskan Native (includes Hispanic),
16,Idaho,16085,Valley,2015,2019,White (includes Hispanic),
16,Idaho,16085,Valley,2016,2020,Asian/Pacific Islander (includes Hispanic),
16,Idaho,16085,Valley,2016,2020,Black (includes Hispanic),
16,Idaho,16085,Valley,2016,2020,Hispanic (all races),
16,Idaho,16085,Valley,2016,2020,American Indian/Alaskan Native (includes Hispanic),
16,Idaho,16085,Valley,2016,2020,White (includes Hispanic),
16,Idaho,16087,Washington,2011,2015,Asian/Pacific Islander (includes Hispanic),
16,Idaho,16087,Washington,2011,2015,Black (includes Hispanic),
16,Idaho,16087,Washington,2011,2015,Hispanic (all races),
16,Idaho,16087,Washington,2011,2015,American Indian/Alaskan Native (includes Hispanic),
16,Idaho,16087,Washington,2011,2015,White (includes Hispanic),8.5
16,Idaho,16087,Washington,2012,2016,Asian/Pacific Islander (includes Hispanic),
16,Idaho,16087,Washington,2012,2016,Black (includes Hispanic),
16,Idaho,16087,Washington,2012,2016,Hispanic (all races),
16,Idaho,16087,Washington,2012,2016,American Indian/Alaskan Native (includes Hispanic),
16,Idaho,16087,Washington,2012,2016,White (includes Hispanic),7.2
16,Idaho,16087,Washington,2013,2017,Asian/Pacific Islander (includes Hispanic),
16,Idaho,16087,Washington,2013,2017,Black (includes Hispanic),
16,Idaho,16087,Washington,2013,2017,Hispanic (all races),
16,Idaho,16087,Washington,2013,2017,American Indian/Alaskan Native (includes Hispanic),
16,Idaho,16087,Washington,2013,2017,White (includes Hispanic),7.6
16,Idaho,16087,Washington,2014,2018,Asian/Pacific Islander (includes Hispanic),
16,Idaho,16087,Washington,2014,2018,Black (includes Hispanic),
16,Idaho,16087,Washington,2014,2018,Hispanic (all races),
16,Idaho,16087,Washington,2014,2018,American Indian/Alaskan Native (includes Hispanic),
16,Idaho,16087,Washington,2014,2018,White (includes Hispanic),8.8
16,Idaho,16087,Washington,2015,2019,Asian/Pacific Islander (includes Hispanic),
16,Idaho,16087,Washington,2015,2019,Black (includes Hispanic),
16,Idaho,16087,Washington,2015,2019,Hispanic (all races),
16,Idaho,16087,Washington,2015,2019,American Indian/Alaskan Native (includes Hispanic),
16,Idaho,16087,Washington,2015,2019,White (includes Hispanic),7.7
16,Idaho,16087,Washington,2016,2020,Asian/Pacific Islander (includes Hispanic),
16,Idaho,16087,Washington,2016,2020,Black (includes Hispanic),
16,Idaho,16087,Washington,2016,2020,Hispanic (all races),
16,Idaho,16087,Washington,2016,2020,American Indian/Alaskan Native (includes Hispanic),
16,Idaho,16087,Washington,2016,2020,White (includes Hispanic),8.1
17,Illinois,17001,Adams,2011,2015,Asian/Pacific Islander (includes Hispanic),
17,Illinois,17001,Adams,2011,2015,Black (includes Hispanic),
17,Illinois,17001,Adams,2011,2015,Hispanic (all races),
17,Illinois,17001,Adams,2011,2015,American Indian/Alaskan Native (includes Hispanic),
17,Illinois,17001,Adams,2011,2015,White (includes Hispanic),8.3
17,Illinois,17001,Adams,2012,2016,Asian/Pacific Islander (includes Hispanic),
17,Illinois,17001,Adams,2012,2016,Black (includes Hispanic),
17,Illinois,17001,Adams,2012,2016,Hispanic (all races),
17,Illinois,17001,Adams,2012,2016,American Indian/Alaskan Native (includes Hispanic),
17,Illinois,17001,Adams,2012,2016,White (includes Hispanic),8.1
17,Illinois,17001,Adams,2013,2017,Asian/Pacific Islander (includes Hispanic),
17,Illinois,17001,Adams,2013,2017,Black (includes Hispanic),
17,Illinois,17001,Adams,2013,2017,Hispanic (all races),
17,Illinois,17001,Adams,2013,2017,American Indian/Alaskan Native (includes Hispanic),
17,Illinois,17001,Adams,2013,2017,White (includes Hispanic),8.3
17,Illinois,17001,Adams,2014,2018,Asian/Pacific Islander (includes Hispanic),
17,Illinois,17001,Adams,2014,2018,Black (includes Hispanic),
17,Illinois,17001,Adams,2014,2018,Hispanic (all races),
17,Illinois,17001,Adams,2014,2018,American Indian/Alaskan Native (includes Hispanic),
17,Illinois,17001,Adams,2014,2018,White (includes Hispanic),7.2
17,Illinois,17001,Adams,2015,2019,Asian/Pacific Islander (includes Hispanic),
17,Illinois,17001,Adams,2015,2019,Black (includes Hispanic),
17,Illinois,17001,Adams,2015,2019,Hispanic (all races),
17,Illinois,17001,Adams,2015,2019,American Indian/Alaskan Native (includes Hispanic),
17,Illinois,17001,Adams,2015,2019,White (includes Hispanic),7.4
17,Illinois,17001,Adams,2016,2020,Asian/Pacific Islander (includes Hispanic),
17,Illinois,17001,Adams,2016,2020,Black (includes Hispanic),
17,Illinois,17001,Adams,2016,2020,Hispanic (all races),
17,Illinois,17001,Adams,2016,2020,American Indian/Alaskan Native (includes Hispanic),
17,Illinois,17001,Adams,2016,2020,White (includes Hispanic),6.1
17,Illinois,17003,Alexander,2011,2015,Asian/Pacific Islander (includes Hispanic),
17,Illinois,17003,Alexander,2011,2015,Black (includes Hispanic),
17,Illinois,17003,Alexander,2011,2015,Hispanic (all races),
17,Illinois,17003,Alexander,2011,2015,American Indian/Alaskan Native (includes Hispanic),
17,Illinois,17003,Alexander,2011,2015,White (includes Hispanic),8.6
17,Illinois,17003,Alexander,2012,2016,Asian/Pacific Islander (includes Hispanic),
17,Illinois,17003,Alexander,2012,2016,Black (includes Hispanic),
17,Illinois,17003,Alexander,2012,2016,Hispanic (all races),
17,Illinois,17003,Alexander,2012,2016,American Indian/Alaskan Native (includes Hispanic),
17,Illinois,17003,Alexander,2012,2016,White (includes Hispanic),8.1
17,Illinois,17003,Alexander,2013,2017,Asian/Pacific Islander (includes Hispanic),
17,Illinois,17003,Alexander,2013,2017,Black (includes Hispanic),
17,Illinois,17003,Alexander,2013,2017,Hispanic (all races),
17,Illinois,17003,Alexander,2013,2017,American Indian/Alaskan Native (includes Hispanic),
17,Illinois,17003,Alexander,2013,2017,White (includes Hispanic),7.5
17,Illinois,17003,Alexander,2014,2018,Asian/Pacific Islander (includes Hispanic),
17,Illinois,17003,Alexander,2014,2018,Black (includes Hispanic),
17,Illinois,17003,Alexander,2014,2018,Hispanic (all races),
17,Illinois,17003,Alexander,2014,2018,American Indian/Alaskan Native (includes Hispanic),
17,Illinois,17003,Alexander,2014,2018,White (includes Hispanic),9.2
17,Illinois,17003,Alexander,2015,2019,Asian/Pacific Islander (includes Hispanic),
17,Illinois,17003,Alexander,2015,2019,Black (includes Hispanic),
17,Illinois,17003,Alexander,2015,2019,Hispanic (all races),
17,Illinois,17003,Alexander,2015,2019,American Indian/Alaskan Native (includes Hispanic),
17,Illinois,17003,Alexander,2015,2019,White (includes Hispanic),8.6
17,Illinois,17003,Alexander,2016,2020,Asian/Pacific Islander (includes Hispanic),
17,Illinois,17003,Alexander,2016,2020,Black (includes Hispanic),
17,Illinois,17003,Alexander,2016,2020,Hispanic (all races),
17,Illinois,17003,Alexander,2016,2020,American Indian/Alaskan Native (includes Hispanic),
17,Illinois,17003,Alexander,2016,2020,White (includes Hispanic),8.2
17,Illinois,17005,Bond,2011,2015,Asian/Pacific Islander (includes Hispanic),
17,Illinois,17005,Bond,2011,2015,Black (includes Hispanic),
17,Illinois,17005,Bond,2011,2015,Hispanic (all races),
17,Illinois,17005,Bond,2011,2015,American Indian/Alaskan Native (includes Hispanic),
17,Illinois,17005,Bond,2011,2015,White (includes Hispanic),9.4
17,Illinois,17005,Bond,2012,2016,Asian/Pacific Islander (includes Hispanic),
17,Illinois,17005,Bond,2012,2016,Black (includes Hispanic),
17,Illinois,17005,Bond,2012,2016,Hispanic (all races),
17,Illinois,17005,Bond,2012,2016,American Indian/Alaskan Native (includes Hispanic),
17,Illinois,17005,Bond,2012,2016,White (includes Hispanic),9.1
17,Illinois,17005,Bond,2013,2017,Asian/Pacific Islander (includes Hispanic),
17,Illinois,17005,Bond,2013,2017,Black (includes Hispanic),
17,Illinois,17005,Bond,2013,2017,Hispanic (all races),
17,Illinois,17005,Bond,2013,2017,American Indian/Alaskan Native (includes Hispanic),
17,Illinois,17005,Bond,2013,2017,White (includes Hispanic),8.8
17,Illinois,17005,Bond,2014,2018,Asian/Pacific Islander (includes Hispanic),
17,Illinois,17005,Bond,2014,2018,Black (includes Hispanic),
17,Illinois,17005,Bond,2014,2018,Hispanic (all races),
17,Illinois,17005,Bond,2014,2018,American Indian/Alaskan Native (includes Hispanic),
17,Illinois,17005,Bond,2014,2018,White (includes Hispanic),8.6
17,Illinois,17005,Bond,2015,2019,Asian/Pacific Islander (includes Hispanic),
17,Illinois,17005,Bond,2015,2019,Black (includes Hispanic),
17,Illinois,17005,Bond,2015,2019,Hispanic (all races),
17,Illinois,17005,Bond,2015,2019,American Indian/Alaskan Native (includes Hispanic),
17,Illinois,17005,Bond,2015,2019,White (includes Hispanic),8.8
17,Illinois,17005,Bond,2016,2020,Asian/Pacific Islander (includes Hispanic),
17,Illinois,17005,Bond,2016,2020,Black (includes Hispanic),
17,Illinois,17005,Bond,2016,2020,Hispanic (all races),
17,Illinois,17005,Bond,2016,2020,American Indian/Alaskan Native (includes Hispanic),
17,Illinois,17005,Bond,2016,2020,White (includes Hispanic),8.4
17,Illinois,17007,Boone,2011,2015,Asian/Pacific Islander (includes Hispanic),
17,Illinois,17007,Boone,2011,2015,Black (includes Hispanic),
17,Illinois,17007,Boone,2011,2015,Hispanic (all races),
17,Illinois,17007,Boone,2011,2015,American Indian/Alaskan Native (includes Hispanic),
17,Illinois,17007,Boone,2011,2015,White (includes Hispanic),7.3
17,Illinois,17007,Boone,2012,2016,Asian/Pacific Islander (includes Hispanic),
17,Illinois,17007,Boone,2012,2016,Black (includes Hispanic),
17,Illinois,17007,Boone,2012,2016,Hispanic (all races),10.0
17,Illinois,17007,Boone,2012,2016,American Indian/Alaskan Native (includes Hispanic),
17,Illinois,17007,Boone,2012,2016,White (includes Hispanic),7.3
17,Illinois,17007,Boone,2013,2017,Asian/Pacific Islander (includes Hispanic),
17,Illinois,17007,Boone,2013,2017,Black (includes Hispanic),
17,Illinois,17007,Boone,2013,2017,Hispanic (all races),
17,Illinois,17007,Boone,2013,2017,American Indian/Alaskan Native (includes Hispanic),
17,Illinois,17007,Boone,2013,2017,White (includes Hispanic),7.0
17,Illinois,17007,Boone,2014,2018,Asian/Pacific Islander (includes Hispanic),
17,Illinois,17007,Boone,2014,2018,Black (includes Hispanic),
17,Illinois,17007,Boone,2014,2018,Hispanic (all races),
17,Illinois,17007,Boone,2014,2018,American Indian/Alaskan Native (includes Hispanic),
17,Illinois,17007,Boone,2014,2018,White (includes Hispanic),7.3
17,Illinois,17007,Boone,2015,2019,Asian/Pacific Islander (includes Hispanic),
17,Illinois,17007,Boone,2015,2019,Black (includes Hispanic),
17,Illinois,17007,Boone,2015,2019,Hispanic (all races),9.3
17,Illinois,17007,Boone,2015,2019,American Indian/Alaskan Native (includes Hispanic),
17,Illinois,17007,Boone,2015,2019,White (includes Hispanic),7.7
17,Illinois,17007,Boone,2016,2020,Asian/Pacific Islander (includes Hispanic),
17,Illinois,17007,Boone,2016,2020,Black (includes Hispanic),
17,Illinois,17007,Boone,2016,2020,Hispanic (all races),7.3
17,Illinois,17007,Boone,2016,2020,American Indian/Alaskan Native (includes Hispanic),
17,Illinois,17007,Boone,2016,2020,White (includes Hispanic),7.0
17,Illinois,17009,Brown,2011,2015,Asian/Pacific Islander (includes Hispanic),
17,Illinois,17009,Brown,2011,2015,Black (includes Hispanic),
17,Illinois,17009,Brown,2011,2015,Hispanic (all races),
17,Illinois,17009,Brown,2011,2015,American Indian/Alaskan Native (includes Hispanic),
17,Illinois,17009,Brown,2011,2015,White (includes Hispanic),7.9
17,Illinois,17009,Brown,2012,2016,Asian/Pacific Islander (includes Hispanic),
17,Illinois,17009,Brown,2012,2016,Black (includes Hispanic),
17,Illinois,17009,Brown,2012,2016,Hispanic (all races),
17,Illinois,17009,Brown,2012,2016,American Indian/Alaskan Native (includes Hispanic),
17,Illinois,17009,Brown,2012,2016,White (includes Hispanic),6.6
17,Illinois,17009,Brown,2013,2017,Asian/Pacific Islander (includes Hispanic),
17,Illinois,17009,Brown,2013,2017,Black (includes Hispanic),
17,Illinois,17009,Brown,2013,2017,Hispanic (all races),
17,Illinois,17009,Brown,2013,2017,American Indian/Alaskan Native (includes Hispanic),
17,Illinois,17009,Brown,2013,2017,White (includes Hispanic),7.1
17,Illinois,17009,Brown,2014,2018,Asian/Pacific Islander (includes Hispanic),
17,Illinois,17009,Brown,2014,2018,Black (includes Hispanic),
17,Illinois,17009,Brown,2014,2018,Hispanic (all races),
17,Illinois,17009,Brown,2014,2018,American Indian/Alaskan Native (includes Hispanic),
17,Illinois,17009,Brown,2014,2018,White (includes Hispanic),6.8
17,Illinois,17009,Brown,2015,2019,Asian/Pacific Islander (includes Hispanic),
17,Illinois,17009,Brown,2015,2019,Black (includes Hispanic),
17,Illinois,17009,Brown,2015,2019,Hispanic (all races),
17,Illinois,17009,Brown,2015,2019,American Indian/Alaskan Native (includes Hispanic),
17,Illinois,17009,Brown,2015,2019,White (includes Hispanic),8.5
17,Illinois,17009,Brown,2016,2020,Asian/Pacific Islander (includes Hispanic),
17,Illinois,17009,Brown,2016,2020,Black (includes Hispanic),
17,Illinois,17009,Brown,2016,2020,Hispanic (all races),
17,Illinois,17009,Brown,2016,2020,American Indian/Alaskan Native (includes Hispanic),
17,Illinois,17009,Brown,2016,2020,White (includes Hispanic),8.1
17,Illinois,17011,Bureau,2011,2015,Asian/Pacific Islander (includes Hispanic),
17,Illinois,17011,Bureau,2011,2015,Black (includes Hispanic),
17,Illinois,17011,Bureau,2011,2015,Hispanic (all races),
17,Illinois,17011,Bureau,2011,2015,American Indian/Alaskan Native (includes Hispanic),
17,Illinois,17011,Bureau,2011,2015,White (includes Hispanic),8.7
17,Illinois,17011,Bureau,2012,2016,Asian/Pacific Islander (includes Hispanic),
17,Illinois,17011,Bureau,2012,2016,Black (includes Hispanic),
17,Illinois,17011,Bureau,2012,2016,Hispanic (all races),
17,Illinois,17011,Bureau,2012,2016,American Indian/Alaskan Native (includes Hispanic),
17,Illinois,17011,Bureau,2012,2016,White (includes Hispanic),9.8
17,Illinois,17011,Bureau,2013,2017,Asian/Pacific Islander (includes Hispanic),
17,Illinois,17011,Bureau,2013,2017,Black (includes Hispanic),
17,Illinois,17011,Bureau,2013,2017,Hispanic (all races),
17,Illinois,17011,Bureau,2013,2017,American Indian/Alaskan Native (includes Hispanic),
17,Illinois,17011,Bureau,2013,2017,White (includes Hispanic),10.1
17,Illinois,17011,Bureau,2014,2018,Asian/Pacific Islander (includes Hispanic),
17,Illinois,17011,Bureau,2014,2018,Black (includes Hispanic),
17,Illinois,17011,Bureau,2014,2018,Hispanic (all races),
17,Illinois,17011,Bureau,2014,2018,American Indian/Alaskan Native (includes Hispanic),
17,Illinois,17011,Bureau,2014,2018,White (includes Hispanic),10.0
17,Illinois,17011,Bureau,2015,2019,Asian/Pacific Islander (includes Hispanic),
17,Illinois,17011,Bureau,2015,2019,Black (includes Hispanic),
17,Illinois,17011,Bureau,2015,2019,Hispanic (all races),
17,Illinois,17011,Bureau,2015,2019,American Indian/Alaskan Native (includes Hispanic),
17,Illinois,17011,Bureau,2015,2019,White (includes Hispanic),10.6
17,Illinois,17011,Bureau,2016,2020,Asian/Pacific Islander (includes Hispanic),
17,Illinois,17011,Bureau,2016,2020,Black (includes Hispanic),
17,Illinois,17011,Bureau,2016,2020,Hispanic (all races),
17,Illinois,17011,Bureau,2016,2020,American Indian/Alaskan Native (includes Hispanic),
17,Illinois,17011,Bureau,2016,2020,White (includes Hispanic),10.8
17,Illinois,17013,Calhoun,2011,2015,Asian/Pacific Islander (includes Hispanic),
17,Illinois,17013,Calhoun,2011,2015,Black (includes Hispanic),
17,Illinois,17013,Calhoun,2011,2015,Hispanic (all races),
17,Illinois,17013,Calhoun,2011,2015,American Indian/Alaskan Native (includes Hispanic),
17,Illinois,17013,Calhoun,2011,2015,White (includes Hispanic),8.1
17,Illinois,17013,Calhoun,2012,2016,Asian/Pacific Islander (includes Hispanic),
17,Illinois,17013,Calhoun,2012,2016,Black (includes Hispanic),
17,Illinois,17013,Calhoun,2012,2016,Hispanic (all races),
17,Illinois,17013,Calhoun,2012,2016,American Indian/Alaskan Native (includes Hispanic),
17,Illinois,17013,Calhoun,2012,2016,White (includes Hispanic),8.1
17,Illinois,17013,Calhoun,2013,2017,Asian/Pacific Islander (includes Hispanic),
17,Illinois,17013,Calhoun,2013,2017,Black (includes Hispanic),
17,Illinois,17013,Calhoun,2013,2017,Hispanic (all races),
17,Illinois,17013,Calhoun,2013,2017,American Indian/Alaskan Native (includes Hispanic),
17,Illinois,17013,Calhoun,2013,2017,White (includes Hispanic),7.0
17,Illinois,17013,Calhoun,2014,2018,Asian/Pacific Islander (includes Hispanic),
17,Illinois,17013,Calhoun,2014,2018,Black (includes Hispanic),
17,Illinois,17013,Calhoun,2014,2018,Hispanic (all races),
17,Illinois,17013,Calhoun,2014,2018,American Indian/Alaskan Native (includes Hispanic),
17,Illinois,17013,Calhoun,2014,2018,White (includes Hispanic),7.0
17,Illinois,17013,Calhoun,2015,2019,Asian/Pacific Islander (includes Hispanic),
17,Illinois,17013,Calhoun,2015,2019,Black (includes Hispanic),
17,Illinois,17013,Calhoun,2015,2019,Hispanic (all races),
17,Illinois,17013,Calhoun,2015,2019,American Indian/Alaskan Native (includes Hispanic),
17,Illinois,17013,Calhoun,2015,2019,White (includes Hispanic),7.0
17,Illinois,17013,Calhoun,2016,2020,Asian/Pacific Islander (includes Hispanic),
17,Illinois,17013,Calhoun,2016,2020,Black (includes Hispanic),
17,Illinois,17013,Calhoun,2016,2020,Hispanic (all races),
17,Illinois,17013,Calhoun,2016,2020,American Indian/Alaskan Native (includes Hispanic),
17,Illinois,17013,Calhoun,2016,2020,White (includes Hispanic),7.4
17,Illinois,17015,Carroll,2011,2015,Asian/Pacific Islander (includes Hispanic),
17,Illinois,17015,Carroll,2011,2015,Black (includes Hispanic),
17,Illinois,17015,Carroll,2011,2015,Hispanic (all races),
17,Illinois,17015,Carroll,2011,2015,American Indian/Alaskan Native (includes Hispanic),
17,Illinois,17015,Carroll,2011,2015,White (includes Hispanic),6.5
17,Illinois,17015,Carroll,2012,2016,Asian/Pacific Islander (includes Hispanic),
17,Illinois,17015,Carroll,2012,2016,Black (includes Hispanic),
17,Illinois,17015,Carroll,2012,2016,Hispanic (all races),
17,Illinois,17015,Carroll,2012,2016,American Indian/Alaskan Native (includes Hispanic),
17,Illinois,17015,Carroll,2012,2016,White (includes Hispanic),7.0
17,Illinois,17015,Carroll,2013,2017,Asian/Pacific Islander (includes Hispanic),
17,Illinois,17015,Carroll,2013,2017,Black (includes Hispanic),
17,Illinois,17015,Carroll,2013,2017,Hispanic (all races),
17,Illinois,17015,Carroll,2013,2017,American Indian/Alaskan Native (includes Hispanic),
17,Illinois,17015,Carroll,2013,2017,White (includes Hispanic),6.2
17,Illinois,17015,Carroll,2014,2018,Asian/Pacific Islander (includes Hispanic),
17,Illinois,17015,Carroll,2014,2018,Black (includes Hispanic),
17,Illinois,17015,Carroll,2014,2018,Hispanic (all races),
17,Illinois,17015,Carroll,2014,2018,American Indian/Alaskan Native (includes Hispanic),
17,Illinois,17015,Carroll,2014,2018,White (includes Hispanic),6.7
17,Illinois,17015,Carroll,2015,2019,Asian/Pacific Islander (includes Hispanic),
17,Illinois,17015,Carroll,2015,2019,Black (includes Hispanic),
17,Illinois,17015,Carroll,2015,2019,Hispanic (all races),
17,Illinois,17015,Carroll,2015,2019,American Indian/Alaskan Native (includes Hispanic),
17,Illinois,17015,Carroll,2015,2019,White (includes Hispanic),6.8
17,Illinois,17015,Carroll,2016,2020,Asian/Pacific Islander (includes Hispanic),
17,Illinois,17015,Carroll,2016,2020,Black (includes Hispanic),
17,Illinois,17015,Carroll,2016,2020,Hispanic (all races),
17,Illinois,17015,Carroll,2016,2020,American Indian/Alaskan Native (includes Hispanic),
17,Illinois,17015,Carroll,2016,2020,White (includes Hispanic),7.8
17,Illinois,17017,Cass,2011,2015,Asian/Pacific Islander (includes Hispanic),
17,Illinois,17017,Cass,2011,2015,Black (includes Hispanic),
17,Illinois,17017,Cass,2011,2015,Hispanic (all races),
17,Illinois,17017,Cass,2011,2015,American Indian/Alaskan Native (includes Hispanic),
17,Illinois,17017,Cass,2011,2015,White (includes Hispanic),6.8
17,Illinois,17017,Cass,2012,2016,Asian/Pacific Islander (includes Hispanic),
17,Illinois,17017,Cass,2012,2016,Black (includes Hispanic),
17,Illinois,17017,Cass,2012,2016,Hispanic (all races),
17,Illinois,17017,Cass,2012,2016,American Indian/Alaskan Native (includes Hispanic),
17,Illinois,17017,Cass,2012,2016,White (includes Hispanic),6.8
17,Illinois,17017,Cass,2013,2017,Asian/Pacific Islander (includes Hispanic),
17,Illinois,17017,Cass,2013,2017,Black (includes Hispanic),
17,Illinois,17017,Cass,2013,2017,Hispanic (all races),
17,Illinois,17017,Cass,2013,2017,American Indian/Alaskan Native (includes Hispanic),
17,Illinois,17017,Cass,2013,2017,White (includes Hispanic),6.2
17,Illinois,17017,Cass,2014,2018,Asian/Pacific Islander (includes Hispanic),
17,Illinois,17017,Cass,2014,2018,Black (includes Hispanic),
17,Illinois,17017,Cass,2014,2018,Hispanic (all races),
17,Illinois,17017,Cass,2014,2018,American Indian/Alaskan Native (includes Hispanic),
17,Illinois,17017,Cass,2014,2018,White (includes Hispanic),7.0
17,Illinois,17017,Cass,2015,2019,Asian/Pacific Islander (includes Hispanic),
17,Illinois,17017,Cass,2015,2019,Black (includes Hispanic),
17,Illinois,17017,Cass,2015,2019,Hispanic (all races),
17,Illinois,17017,Cass,2015,2019,American Indian/Alaskan Native (includes Hispanic),
17,Illinois,17017,Cass,2015,2019,White (includes Hispanic),8.1
17,Illinois,17017,Cass,2016,2020,Asian/Pacific Islander (includes Hispanic),
17,Illinois,17017,Cass,2016,2020,Black (includes Hispanic),
17,Illinois,17017,Cass,2016,2020,Hispanic (all races),
17,Illinois,17017,Cass,2016,2020,American Indian/Alaskan Native (includes Hispanic),
17,Illinois,17017,Cass,2016,2020,White (includes Hispanic),8.6
17,Illinois,17019,Champaign,2011,2015,Asian/Pacific Islander (includes Hispanic),
17,Illinois,17019,Champaign,2011,2015,Black (includes Hispanic),
17,Illinois,17019,Champaign,2011,2015,Hispanic (all races),
17,Illinois,17019,Champaign,2011,2015,American Indian/Alaskan Native (includes Hispanic),
17,Illinois,17019,Champaign,2011,2015,White (includes Hispanic),6.9
17,Illinois,17019,Champaign,2012,2016,Asian/Pacific Islander (includes Hispanic),
17,Illinois,17019,Champaign,2012,2016,Black (includes Hispanic),
17,Illinois,17019,Champaign,2012,2016,Hispanic (all races),
17,Illinois,17019,Champaign,2012,2016,American Indian/Alaskan Native (includes Hispanic),
17,Illinois,17019,Champaign,2012,2016,White (includes Hispanic),7.3
17,Illinois,17019,Champaign,2013,2017,Asian/Pacific Islander (includes Hispanic),
17,Illinois,17019,Champaign,2013,2017,Black (includes Hispanic),
17,Illinois,17019,Champaign,2013,2017,Hispanic (all races),
17,Illinois,17019,Champaign,2013,2017,American Indian/Alaskan Native (includes Hispanic),
17,Illinois,17019,Champaign,2013,2017,White (includes Hispanic),7.1
17,Illinois,17019,Champaign,2014,2018,Asian/Pacific Islander (includes Hispanic),
17,Illinois,17019,Champaign,2014,2018,Black (includes Hispanic),
17,Illinois,17019,Champaign,2014,2018,Hispanic (all races),
17,Illinois,17019,Champaign,2014,2018,American Indian/Alaskan Native (includes Hispanic),
17,Illinois,17019,Champaign,2014,2018,White (includes Hispanic),6.2
17,Illinois,17019,Champaign,2015,2019,Asian/Pacific Islander (includes Hispanic),
17,Illinois,17019,Champaign,2015,2019,Black (includes Hispanic),
17,Illinois,17019,Champaign,2015,2019,Hispanic (all races),
17,Illinois,17019,Champaign,2015,2019,American Indian/Alaskan Native (includes Hispanic),
17,Illinois,17019,Champaign,2015,2019,White (includes Hispanic),5.9
17,Illinois,17019,Champaign,2016,2020,Asian/Pacific Islander (includes Hispanic),
17,Illinois,17019,Champaign,2016,2020,Black (includes Hispanic),
17,Illinois,17019,Champaign,2016,2020,Hispanic (all races),
17,Illinois,17019,Champaign,2016,2020,American Indian/Alaskan Native (includes Hispanic),
17,Illinois,17019,Champaign,2016,2020,White (includes Hispanic),6.2
17,Illinois,17021,Christian,2011,2015,Asian/Pacific Islander (includes Hispanic),
17,Illinois,17021,Christian,2011,2015,Black (includes Hispanic),
17,Illinois,17021,Christian,2011,2015,Hispanic (all races),
17,Illinois,17021,Christian,2011,2015,American Indian/Alaskan Native (includes Hispanic),
17,Illinois,17021,Christian,2011,2015,White (includes Hispanic),9.4
17,Illinois,17021,Christian,2012,2016,Asian/Pacific Islander (includes Hispanic),
17,Illinois,17021,Christian,2012,2016,Black (includes Hispanic),
17,Illinois,17021,Christian,2012,2016,Hispanic (all races),
17,Illinois,17021,Christian,2012,2016,American Indian/Alaskan Native (includes Hispanic),
17,Illinois,17021,Christian,2012,2016,White (includes Hispanic),9.7
17,Illinois,17021,Christian,2013,2017,Asian/Pacific Islander (includes Hispanic),
17,Illinois,17021,Christian,2013,2017,Black (includes Hispanic),
17,Illinois,17021,Christian,2013,2017,Hispanic (all races),
17,Illinois,17021,Christian,2013,2017,American Indian/Alaskan Native (includes Hispanic),
17,Illinois,17021,Christian,2013,2017,White (includes Hispanic),7.9
17,Illinois,17021,Christian,2014,2018,Asian/Pacific Islander (includes Hispanic),
17,Illinois,17021,Christian,2014,2018,Black (includes Hispanic),
17,Illinois,17021,Christian,2014,2018,Hispanic (all races),
17,Illinois,17021,Christian,2014,2018,American Indian/Alaskan Native (includes Hispanic),
17,Illinois,17021,Christian,2014,2018,White (includes Hispanic),9.2
17,Illinois,17021,Christian,2015,2019,Asian/Pacific Islander (includes Hispanic),
17,Illinois,17021,Christian,2015,2019,Black (includes Hispanic),
17,Illinois,17021,Christian,2015,2019,Hispanic (all races),
17,Illinois,17021,Christian,2015,2019,American Indian/Alaskan Native (includes Hispanic),
17,Illinois,17021,Christian,2015,2019,White (includes Hispanic),9.2
17,Illinois,17021,Christian,2016,2020,Asian/Pacific Islander (includes Hispanic),
17,Illinois,17021,Christian,2016,2020,Black (includes Hispanic),
17,Illinois,17021,Christian,2016,2020,Hispanic (all races),
17,Illinois,17021,Christian,2016,2020,American Indian/Alaskan Native (includes Hispanic),
17,Illinois,17021,Christian,2016,2020,White (includes Hispanic),8.7
17,Illinois,17023,Clark,2011,2015,Asian/Pacific Islander (includes Hispanic),
17,Illinois,17023,Clark,2011,2015,Black (includes Hispanic),
17,Illinois,17023,Clark,2011,2015,Hispanic (all races),
17,Illinois,17023,Clark,2011,2015,American Indian/Alaskan Native (includes Hispanic),
17,Illinois,17023,Clark,2011,2015,White (includes Hispanic),9.3
17,Illinois,17023,Clark,2012,2016,Asian/Pacific Islander (includes Hispanic),
17,Illinois,17023,Clark,2012,2016,Black (includes Hispanic),
17,Illinois,17023,Clark,2012,2016,Hispanic (all races),
17,Illinois,17023,Clark,2012,2016,American Indian/Alaskan Native (includes Hispanic),
17,Illinois,17023,Clark,2012,2016,White (includes Hispanic),9.6
17,Illinois,17023,Clark,2013,2017,Asian/Pacific Islander (includes Hispanic),
17,Illinois,17023,Clark,2013,2017,Black (includes Hispanic),
17,Illinois,17023,Clark,2013,2017,Hispanic (all races),
17,Illinois,17023,Clark,2013,2017,American Indian/Alaskan Native (includes Hispanic),
17,Illinois,17023,Clark,2013,2017,White (includes Hispanic),9.7
17,Illinois,17023,Clark,2014,2018,Asian/Pacific Islander (includes Hispanic),
17,Illinois,17023,Clark,2014,2018,Black (includes Hispanic),
17,Illinois,17023,Clark,2014,2018,Hispanic (all races),
17,Illinois,17023,Clark,2014,2018,American Indian/Alaskan Native (includes Hispanic),
17,Illinois,17023,Clark,2014,2018,White (includes Hispanic),9.1
17,Illinois,17023,Clark,2015,2019,Asian/Pacific Islander (includes Hispanic),
17,Illinois,17023,Clark,2015,2019,Black (includes Hispanic),
17,Illinois,17023,Clark,2015,2019,Hispanic (all races),
17,Illinois,17023,Clark,2015,2019,American Indian/Alaskan Native (includes Hispanic),
17,Illinois,17023,Clark,2015,2019,White (includes Hispanic),7.4
17,Illinois,17023,Clark,2016,2020,Asian/Pacific Islander (includes Hispanic),
17,Illinois,17023,Clark,2016,2020,Black (includes Hispanic),
17,Illinois,17023,Clark,2016,2020,Hispanic (all races),
17,Illinois,17023,Clark,2016,2020,American Indian/Alaskan Native (includes Hispanic),
17,Illinois,17023,Clark,2016,2020,White (includes Hispanic),7.1
17,Illinois,17025,Clay,2011,2015,Asian/Pacific Islander (includes Hispanic),
17,Illinois,17025,Clay,2011,2015,Black (includes Hispanic),
17,Illinois,17025,Clay,2011,2015,Hispanic (all races),
17,Illinois,17025,Clay,2011,2015,American Indian/Alaskan Native (includes Hispanic),
17,Illinois,17025,Clay,2011,2015,White (includes Hispanic),8.8
17,Illinois,17025,Clay,2012,2016,Asian/Pacific Islander (includes Hispanic),
17,Illinois,17025,Clay,2012,2016,Black (includes Hispanic),
17,Illinois,17025,Clay,2012,2016,Hispanic (all races),
17,Illinois,17025,Clay,2012,2016,American Indian/Alaskan Native (includes Hispanic),
17,Illinois,17025,Clay,2012,2016,White (includes Hispanic),9.5
17,Illinois,17025,Clay,2013,2017,Asian/Pacific Islander (includes Hispanic),
17,Illinois,17025,Clay,2013,2017,Black (includes Hispanic),
17,Illinois,17025,Clay,2013,2017,Hispanic (all races),
17,Illinois,17025,Clay,2013,2017,American Indian/Alaskan Native (includes Hispanic),
17,Illinois,17025,Clay,2013,2017,White (includes Hispanic),10.8
17,Illinois,17025,Clay,2014,2018,Asian/Pacific Islander (includes Hispanic),
17,Illinois,17025,Clay,2014,2018,Black (includes Hispanic),
17,Illinois,17025,Clay,2014,2018,Hispanic (all races),
17,Illinois,17025,Clay,2014,2018,American Indian/Alaskan Native (includes Hispanic),
17,Illinois,17025,Clay,2014,2018,White (includes Hispanic),10.3
17,Illinois,17025,Clay,2015,2019,Asian/Pacific Islander (includes Hispanic),
17,Illinois,17025,Clay,2015,2019,Black (includes Hispanic),
17,Illinois,17025,Clay,2015,2019,Hispanic (all races),
17,Illinois,17025,Clay,2015,2019,American Indian/Alaskan Native (includes Hispanic),
17,Illinois,17025,Clay,2015,2019,White (includes Hispanic),9.4
17,Illinois,17025,Clay,2016,2020,Asian/Pacific Islander (includes Hispanic),
17,Illinois,17025,Clay,2016,2020,Black (includes Hispanic),
17,Illinois,17025,Clay,2016,2020,Hispanic (all races),
17,Illinois,17025,Clay,2016,2020,American Indian/Alaskan Native (includes Hispanic),
17,Illinois,17025,Clay,2016,2020,White (includes Hispanic),7.3
17,Illinois,17027,Clinton,2011,2015,Asian/Pacific Islander (includes Hispanic),
17,Illinois,17027,Clinton,2011,2015,Black (includes Hispanic),10.4
17,Illinois,17027,Clinton,2011,2015,Hispanic (all races),
17,Illinois,17027,Clinton,2011,2015,American Indian/Alaskan Native (includes Hispanic),
17,Illinois,17027,Clinton,2011,2015,White (includes Hispanic),8.3
17,Illinois,17027,Clinton,2012,2016,Asian/Pacific Islander (includes Hispanic),
17,Illinois,17027,Clinton,2012,2016,Black (includes Hispanic),12.7
17,Illinois,17027,Clinton,2012,2016,Hispanic (all races),
17,Illinois,17027,Clinton,2012,2016,American Indian/Alaskan Native (includes Hispanic),
17,Illinois,17027,Clinton,2012,2016,White (includes Hispanic),8.5
17,Illinois,17027,Clinton,2013,2017,Asian/Pacific Islander (includes Hispanic),
17,Illinois,17027,Clinton,2013,2017,Black (includes Hispanic),11.7
17,Illinois,17027,Clinton,2013,2017,Hispanic (all races),
17,Illinois,17027,Clinton,2013,2017,American Indian/Alaskan Native (includes Hispanic),
17,Illinois,17027,Clinton,2013,2017,White (includes Hispanic),8.5
17,Illinois,17027,Clinton,2014,2018,Asian/Pacific Islander (includes Hispanic),
17,Illinois,17027,Clinton,2014,2018,Black (includes Hispanic),10.8
17,Illinois,17027,Clinton,2014,2018,Hispanic (all races),
17,Illinois,17027,Clinton,2014,2018,American Indian/Alaskan Native (includes Hispanic),
17,Illinois,17027,Clinton,2014,2018,White (includes Hispanic),8.4
17,Illinois,17027,Clinton,2015,2019,Asian/Pacific Islander (includes Hispanic),
17,Illinois,17027,Clinton,2015,2019,Black (includes Hispanic),9.3
17,Illinois,17027,Clinton,2015,2019,Hispanic (all races),
17,Illinois,17027,Clinton,2015,2019,American Indian/Alaskan Native (includes Hispanic),
17,Illinois,17027,Clinton,2015,2019,White (includes Hispanic),8.5
17,Illinois,17027,Clinton,2016,2020,Asian/Pacific Islander (includes Hispanic),
17,Illinois,17027,Clinton,2016,2020,Black (includes Hispanic),7.5
17,Illinois,17027,Clinton,2016,2020,Hispanic (all races),
17,Illinois,17027,Clinton,2016,2020,American Indian/Alaskan Native (includes Hispanic),
17,Illinois,17027,Clinton,2016,2020,White (includes Hispanic),8.5
17,Illinois,17029,Coles,2011,2015,Asian/Pacific Islander (includes Hispanic),
17,Illinois,17029,Coles,2011,2015,Black (includes Hispanic),
17,Illinois,17029,Coles,2011,2015,Hispanic (all races),
17,Illinois,17029,Coles,2011,2015,American Indian/Alaskan Native (includes Hispanic),
17,Illinois,17029,Coles,2011,2015,White (includes Hispanic),9.3
17,Illinois,17029,Coles,2012,2016,Asian/Pacific Islander (includes Hispanic),
17,Illinois,17029,Coles,2012,2016,Black (includes Hispanic),
17,Illinois,17029,Coles,2012,2016,Hispanic (all races),
17,Illinois,17029,Coles,2012,2016,American Indian/Alaskan Native (includes Hispanic),
17,Illinois,17029,Coles,2012,2016,White (includes Hispanic),8.0
17,Illinois,17029,Coles,2013,2017,Asian/Pacific Islander (includes Hispanic),
17,Illinois,17029,Coles,2013,2017,Black (includes Hispanic),
17,Illinois,17029,Coles,2013,2017,Hispanic (all races),
17,Illinois,17029,Coles,2013,2017,American Indian/Alaskan Native (includes Hispanic),
17,Illinois,17029,Coles,2013,2017,White (includes Hispanic),7.3
17,Illinois,17029,Coles,2014,2018,Asian/Pacific Islander (includes Hispanic),
17,Illinois,17029,Coles,2014,2018,Black (includes Hispanic),
17,Illinois,17029,Coles,2014,2018,Hispanic (all races),
17,Illinois,17029,Coles,2014,2018,American Indian/Alaskan Native (includes Hispanic),
17,Illinois,17029,Coles,2014,2018,White (includes Hispanic),8.1
17,Illinois,17029,Coles,2015,2019,Asian/Pacific Islander (includes Hispanic),
17,Illinois,17029,Coles,2015,2019,Black (includes Hispanic),
17,Illinois,17029,Coles,2015,2019,Hispanic (all races),
17,Illinois,17029,Coles,2015,2019,American Indian/Alaskan Native (includes Hispanic),
17,Illinois,17029,Coles,2015,2019,White (includes Hispanic),7.2
17,Illinois,17029,Coles,2016,2020,Asian/Pacific Islander (includes Hispanic),
17,Illinois,17029,Coles,2016,2020,Black (includes Hispanic),
17,Illinois,17029,Coles,2016,2020,Hispanic (all races),
17,Illinois,17029,Coles,2016,2020,American Indian/Alaskan Native (includes Hispanic),
17,Illinois,17029,Coles,2016,2020,White (includes Hispanic),7.5
17,Illinois,17031,Cook,2011,2015,Asian/Pacific Islander (includes Hispanic),4.2
17,Illinois,17031,Cook,2011,2015,Black (includes Hispanic),10.6
17,Illinois,17031,Cook,2011,2015,Hispanic (all races),9.9
17,Illinois,17031,Cook,2011,2015,American Indian/Alaskan Native (includes Hispanic),
17,Illinois,17031,Cook,2011,2015,White (includes Hispanic),6.9
17,Illinois,17031,Cook,2012,2016,Asian/Pacific Islander (includes Hispanic),4.5
17,Illinois,17031,Cook,2012,2016,Black (includes Hispanic),10.5
17,Illinois,17031,Cook,2012,2016,Hispanic (all races),9.7
17,Illinois,17031,Cook,2012,2016,American Indian/Alaskan Native (includes Hispanic),
17,Illinois,17031,Cook,2012,2016,White (includes Hispanic),6.8
17,Illinois,17031,Cook,2013,2017,Asian/Pacific Islander (includes Hispanic),4.7
17,Illinois,17031,Cook,2013,2017,Black (includes Hispanic),10.5
17,Illinois,17031,Cook,2013,2017,Hispanic (all races),10.0
17,Illinois,17031,Cook,2013,2017,American Indian/Alaskan Native (includes Hispanic),
17,Illinois,17031,Cook,2013,2017,White (includes Hispanic),7.0
17,Illinois,17031,Cook,2014,2018,Asian/Pacific Islander (includes Hispanic),5.5
17,Illinois,17031,Cook,2014,2018,Black (includes Hispanic),10.4
17,Illinois,17031,Cook,2014,2018,Hispanic (all races),9.9
17,Illinois,17031,Cook,2014,2018,American Indian/Alaskan Native (includes Hispanic),
17,Illinois,17031,Cook,2014,2018,White (includes Hispanic),7.0
17,Illinois,17031,Cook,2015,2019,Asian/Pacific Islander (includes Hispanic),5.5
17,Illinois,17031,Cook,2015,2019,Black (includes Hispanic),10.1
17,Illinois,17031,Cook,2015,2019,Hispanic (all races),10.1
17,Illinois,17031,Cook,2015,2019,American Indian/Alaskan Native (includes Hispanic),
17,Illinois,17031,Cook,2015,2019,White (includes Hispanic),6.9
17,Illinois,17031,Cook,2016,2020,Asian/Pacific Islander (includes Hispanic),4.9
17,Illinois,17031,Cook,2016,2020,Black (includes Hispanic),9.7
17,Illinois,17031,Cook,2016,2020,Hispanic (all races),10.0
17,Illinois,17031,Cook,2016,2020,American Indian/Alaskan Native (includes Hispanic),
17,Illinois,17031,Cook,2016,2020,White (includes Hispanic),6.7
17,Illinois,17033,Crawford,2011,2015,Asian/Pacific Islander (includes Hispanic),
17,Illinois,17033,Crawford,2011,2015,Black (includes Hispanic),
17,Illinois,17033,Crawford,2011,2015,Hispanic (all races),
17,Illinois,17033,Crawford,2011,2015,American Indian/Alaskan Native (includes Hispanic),
17,Illinois,17033,Crawford,2011,2015,White (includes Hispanic),7.2
17,Illinois,17033,Crawford,2012,2016,Asian/Pacific Islander (includes Hispanic),
17,Illinois,17033,Crawford,2012,2016,Black (includes Hispanic),
17,Illinois,17033,Crawford,2012,2016,Hispanic (all races),
17,Illinois,17033,Crawford,2012,2016,American Indian/Alaskan Native (includes Hispanic),
17,Illinois,17033,Crawford,2012,2016,White (includes Hispanic),7.8
17,Illinois,17033,Crawford,2013,2017,Asian/Pacific Islander (includes Hispanic),
17,Illinois,17033,Crawford,2013,2017,Black (includes Hispanic),
17,Illinois,17033,Crawford,2013,2017,Hispanic (all races),
17,Illinois,17033,Crawford,2013,2017,American Indian/Alaskan Native (includes Hispanic),
17,Illinois,17033,Crawford,2013,2017,White (includes Hispanic),10.1
17,Illinois,17033,Crawford,2014,2018,Asian/Pacific Islander (includes Hispanic),
17,Illinois,17033,Crawford,2014,2018,Black (includes Hispanic),
17,Illinois,17033,Crawford,2014,2018,Hispanic (all races),
17,Illinois,17033,Crawford,2014,2018,American Indian/Alaskan Native (includes Hispanic),
17,Illinois,17033,Crawford,2014,2018,White (includes Hispanic),9.8
17,Illinois,17033,Crawford,2015,2019,Asian/Pacific Islander (includes Hispanic),
17,Illinois,17033,Crawford,2015,2019,Black (includes Hispanic),
17,Illinois,17033,Crawford,2015,2019,Hispanic (all races),
17,Illinois,17033,Crawford,2015,2019,American Indian/Alaskan Native (includes Hispanic),
17,Illinois,17033,Crawford,2015,2019,White (includes Hispanic),10.9
17,Illinois,17033,Crawford,2016,2020,Asian/Pacific Islander (includes Hispanic),
17,Illinois,17033,Crawford,2016,2020,Black (includes Hispanic),
17,Illinois,17033,Crawford,2016,2020,Hispanic (all races),
17,Illinois,17033,Crawford,2016,2020,American Indian/Alaskan Native (includes Hispanic),
17,Illinois,17033,Crawford,2016,2020,White (includes Hispanic),9.1
17,Illinois,17035,Cumberland,2011,2015,Asian/Pacific Islander (includes Hispanic),
17,Illinois,17035,Cumberland,2011,2015,Black (includes Hispanic),
17,Illinois,17035,Cumberland,2011,2015,Hispanic (all races),
17,Illinois,17035,Cumberland,2011,2015,American Indian/Alaskan Native (includes Hispanic),
17,Illinois,17035,Cumberland,2011,2015,White (includes Hispanic),8.7
17,Illinois,17035,Cumberland,2012,2016,Asian/Pacific Islander (includes Hispanic),
17,Illinois,17035,Cumberland,2012,2016,Black (includes Hispanic),
17,Illinois,17035,Cumberland,2012,2016,Hispanic (all races),
17,Illinois,17035,Cumberland,2012,2016,American Indian/Alaskan Native (includes Hispanic),
17,Illinois,17035,Cumberland,2012,2016,White (includes Hispanic),8.0
17,Illinois,17035,Cumberland,2013,2017,Asian/Pacific Islander (includes Hispanic),
17,Illinois,17035,Cumberland,2013,2017,Black (includes Hispanic),
17,Illinois,17035,Cumberland,2013,2017,Hispanic (all races),
17,Illinois,17035,Cumberland,2013,2017,American Indian/Alaskan Native (includes Hispanic),
17,Illinois,17035,Cumberland,2013,2017,White (includes Hispanic),7.7
17,Illinois,17035,Cumberland,2014,2018,Asian/Pacific Islander (includes Hispanic),
17,Illinois,17035,Cumberland,2014,2018,Black (includes Hispanic),
17,Illinois,17035,Cumberland,2014,2018,Hispanic (all races),
17,Illinois,17035,Cumberland,2014,2018,American Indian/Alaskan Native (includes Hispanic),
17,Illinois,17035,Cumberland,2014,2018,White (includes Hispanic),8.2
17,Illinois,17035,Cumberland,2015,2019,Asian/Pacific Islander (includes Hispanic),
17,Illinois,17035,Cumberland,2015,2019,Black (includes Hispanic),
17,Illinois,17035,Cumberland,2015,2019,Hispanic (all races),
17,Illinois,17035,Cumberland,2015,2019,American Indian/Alaskan Native (includes Hispanic),
17,Illinois,17035,Cumberland,2015,2019,White (includes Hispanic),6.3
17,Illinois,17035,Cumberland,2016,2020,Asian/Pacific Islander (includes Hispanic),
17,Illinois,17035,Cumberland,2016,2020,Black (includes Hispanic),
17,Illinois,17035,Cumberland,2016,2020,Hispanic (all races),
17,Illinois,17035,Cumberland,2016,2020,American Indian/Alaskan Native (includes Hispanic),
17,Illinois,17035,Cumberland,2016,2020,White (includes Hispanic),6.7
17,Illinois,17039,De Witt,2011,2015,Asian/Pacific Islander (includes Hispanic),
17,Illinois,17039,De Witt,2011,2015,Black (includes Hispanic),
17,Illinois,17039,De Witt,2011,2015,Hispanic (all races),
17,Illinois,17039,De Witt,2011,2015,American Indian/Alaskan Native (includes Hispanic),
17,Illinois,17039,De Witt,2011,2015,White (includes Hispanic),9.2
17,Illinois,17039,De Witt,2012,2016,Asian/Pacific Islander (includes Hispanic),
17,Illinois,17039,De Witt,2012,2016,Black (includes Hispanic),
17,Illinois,17039,De Witt,2012,2016,Hispanic (all races),
17,Illinois,17039,De Witt,2012,2016,American Indian/Alaskan Native (includes Hispanic),
17,Illinois,17039,De Witt,2012,2016,White (includes Hispanic),9.5
17,Illinois,17039,De Witt,2013,2017,Asian/Pacific Islander (includes Hispanic),
17,Illinois,17039,De Witt,2013,2017,Black (includes Hispanic),
17,Illinois,17039,De Witt,2013,2017,Hispanic (all races),
17,Illinois,17039,De Witt,2013,2017,American Indian/Alaskan Native (includes Hispanic),
17,Illinois,17039,De Witt,2013,2017,White (includes Hispanic),9.0
17,Illinois,17039,De Witt,2014,2018,Asian/Pacific Islander (includes Hispanic),
17,Illinois,17039,De Witt,2014,2018,Black (includes Hispanic),
17,Illinois,17039,De Witt,2014,2018,Hispanic (all races),
17,Illinois,17039,De Witt,2014,2018,American Indian/Alaskan Native (includes Hispanic),
17,Illinois,17039,De Witt,2014,2018,White (includes Hispanic),9.2
17,Illinois,17039,De Witt,2015,2019,Asian/Pacific Islander (includes Hispanic),
17,Illinois,17039,De Witt,2015,2019,Black (includes Hispanic),
17,Illinois,17039,De Witt,2015,2019,Hispanic (all races),
17,Illinois,17039,De Witt,2015,2019,American Indian/Alaskan Native (includes Hispanic),
17,Illinois,17039,De Witt,2015,2019,White (includes Hispanic),7.9
17,Illinois,17039,De Witt,2016,2020,Asian/Pacific Islander (includes Hispanic),
17,Illinois,17039,De Witt,2016,2020,Black (includes Hispanic),
17,Illinois,17039,De Witt,2016,2020,Hispanic (all races),
17,Illinois,17039,De Witt,2016,2020,American Indian/Alaskan Native (includes Hispanic),
17,Illinois,17039,De Witt,2016,2020,White (includes Hispanic),6.5
17,Illinois,17037,DeKalb,2011,2015,Asian/Pacific Islander (includes Hispanic),
17,Illinois,17037,DeKalb,2011,2015,Black (includes Hispanic),
17,Illinois,17037,DeKalb,2011,2015,Hispanic (all races),8.9
17,Illinois,17037,DeKalb,2011,2015,American Indian/Alaskan Native (includes Hispanic),
17,Illinois,17037,DeKalb,2011,2015,White (includes Hispanic),7.6
17,Illinois,17037,DeKalb,2012,2016,Asian/Pacific Islander (includes Hispanic),
17,Illinois,17037,DeKalb,2012,2016,Black (includes Hispanic),
17,Illinois,17037,DeKalb,2012,2016,Hispanic (all races),8.6
17,Illinois,17037,DeKalb,2012,2016,American Indian/Alaskan Native (includes Hispanic),
17,Illinois,17037,DeKalb,2012,2016,White (includes Hispanic),7.2
17,Illinois,17037,DeKalb,2013,2017,Asian/Pacific Islander (includes Hispanic),
17,Illinois,17037,DeKalb,2013,2017,Black (includes Hispanic),8.2
17,Illinois,17037,DeKalb,2013,2017,Hispanic (all races),7.7
17,Illinois,17037,DeKalb,2013,2017,American Indian/Alaskan Native (includes Hispanic),
17,Illinois,17037,DeKalb,2013,2017,White (includes Hispanic),6.7
17,Illinois,17037,DeKalb,2014,2018,Asian/Pacific Islander (includes Hispanic),
17,Illinois,17037,DeKalb,2014,2018,Black (includes Hispanic),
17,Illinois,17037,DeKalb,2014,2018,Hispanic (all races),6.5
17,Illinois,17037,DeKalb,2014,2018,American Indian/Alaskan Native (includes Hispanic),
17,Illinois,17037,DeKalb,2014,2018,White (includes Hispanic),6.6
17,Illinois,17037,DeKalb,2015,2019,Asian/Pacific Islander (includes Hispanic),
17,Illinois,17037,DeKalb,2015,2019,Black (includes Hispanic),9.4
17,Illinois,17037,DeKalb,2015,2019,Hispanic (all races),8.5
17,Illinois,17037,DeKalb,2015,2019,American Indian/Alaskan Native (includes Hispanic),
17,Illinois,17037,DeKalb,2015,2019,White (includes Hispanic),6.7
17,Illinois,17037,DeKalb,2016,2020,Asian/Pacific Islander (includes Hispanic),
17,Illinois,17037,DeKalb,2016,2020,Black (includes Hispanic),9.1
17,Illinois,17037,DeKalb,2016,2020,Hispanic (all races),8.1
17,Illinois,17037,DeKalb,2016,2020,American Indian/Alaskan Native (includes Hispanic),
17,Illinois,17037,DeKalb,2016,2020,White (includes Hispanic),6.2
17,Illinois,17041,Douglas,2011,2015,Asian/Pacific Islander (includes Hispanic),
17,Illinois,17041,Douglas,2011,2015,Black (includes Hispanic),
17,Illinois,17041,Douglas,2011,2015,Hispanic (all races),
17,Illinois,17041,Douglas,2011,2015,American Indian/Alaskan Native (includes Hispanic),
17,Illinois,17041,Douglas,2011,2015,White (includes Hispanic),7.7
17,Illinois,17041,Douglas,2012,2016,Asian/Pacific Islander (includes Hispanic),
17,Illinois,17041,Douglas,2012,2016,Black (includes Hispanic),
17,Illinois,17041,Douglas,2012,2016,Hispanic (all races),
17,Illinois,17041,Douglas,2012,2016,American Indian/Alaskan Native (includes Hispanic),
17,Illinois,17041,Douglas,2012,2016,White (includes Hispanic),7.9
17,Illinois,17041,Douglas,2013,2017,Asian/Pacific Islander (includes Hispanic),
17,Illinois,17041,Douglas,2013,2017,Black (includes Hispanic),
17,Illinois,17041,Douglas,2013,2017,Hispanic (all races),
17,Illinois,17041,Douglas,2013,2017,American Indian/Alaskan Native (includes Hispanic),
17,Illinois,17041,Douglas,2013,2017,White (includes Hispanic),7.9
17,Illinois,17041,Douglas,2014,2018,Asian/Pacific Islander (includes Hispanic),
17,Illinois,17041,Douglas,2014,2018,Black (includes Hispanic),
17,Illinois,17041,Douglas,2014,2018,Hispanic (all races),
17,Illinois,17041,Douglas,2014,2018,American Indian/Alaskan Native (includes Hispanic),
17,Illinois,17041,Douglas,2014,2018,White (includes Hispanic),7.0
17,Illinois,17041,Douglas,2015,2019,Asian/Pacific Islander (includes Hispanic),
17,Illinois,17041,Douglas,2015,2019,Black (includes Hispanic),
17,Illinois,17041,Douglas,2015,2019,Hispanic (all races),
17,Illinois,17041,Douglas,2015,2019,American Indian/Alaskan Native (includes Hispanic),
17,Illinois,17041,Douglas,2015,2019,White (includes Hispanic),6.5
17,Illinois,17041,Douglas,2016,2020,Asian/Pacific Islander (includes Hispanic),
17,Illinois,17041,Douglas,2016,2020,Black (includes Hispanic),
17,Illinois,17041,Douglas,2016,2020,Hispanic (all races),
17,Illinois,17041,Douglas,2016,2020,American Indian/Alaskan Native (includes Hispanic),
17,Illinois,17041,Douglas,2016,2020,White (includes Hispanic),6.8
17,Illinois,17043,DuPage,2011,2015,Asian/Pacific Islander (includes Hispanic),4.4
17,Illinois,17043,DuPage,2011,2015,Black (includes Hispanic),10.7
17,Illinois,17043,DuPage,2011,2015,Hispanic (all races),10.2
17,Illinois,17043,DuPage,2011,2015,American Indian/Alaskan Native (includes Hispanic),
17,Illinois,17043,DuPage,2011,2015,White (includes Hispanic),7.1
17,Illinois,17043,DuPage,2012,2016,Asian/Pacific Islander (includes Hispanic),4.5
17,Illinois,17043,DuPage,2012,2016,Black (includes Hispanic),10.6
17,Illinois,17043,DuPage,2012,2016,Hispanic (all races),9.8
17,Illinois,17043,DuPage,2012,2016,American Indian/Alaskan Native (includes Hispanic),
17,Illinois,17043,DuPage,2012,2016,White (includes Hispanic),6.9
17,Illinois,17043,DuPage,2013,2017,Asian/Pacific Islander (includes Hispanic),4.6
17,Illinois,17043,DuPage,2013,2017,Black (includes Hispanic),10.6
17,Illinois,17043,DuPage,2013,2017,Hispanic (all races),10.1
17,Illinois,17043,DuPage,2013,2017,American Indian/Alaskan Native (includes Hispanic),
17,Illinois,17043,DuPage,2013,2017,White (includes Hispanic),7.1
17,Illinois,17043,DuPage,2014,2018,Asian/Pacific Islander (includes Hispanic),5.4
17,Illinois,17043,DuPage,2014,2018,Black (includes Hispanic),10.5
17,Illinois,17043,DuPage,2014,2018,Hispanic (all races),9.9
17,Illinois,17043,DuPage,2014,2018,American Indian/Alaskan Native (includes Hispanic),
17,Illinois,17043,DuPage,2014,2018,White (includes Hispanic),7.0
17,Illinois,17043,DuPage,2015,2019,Asian/Pacific Islander (includes Hispanic),5.1
17,Illinois,17043,DuPage,2015,2019,Black (includes Hispanic),10.0
17,Illinois,17043,DuPage,2015,2019,Hispanic (all races),10.1
17,Illinois,17043,DuPage,2015,2019,American Indian/Alaskan Native (includes Hispanic),
17,Illinois,17043,DuPage,2015,2019,White (includes Hispanic),6.8
17,Illinois,17043,DuPage,2016,2020,Asian/Pacific Islander (includes Hispanic),4.6
17,Illinois,17043,DuPage,2016,2020,Black (includes Hispanic),9.7
17,Illinois,17043,DuPage,2016,2020,Hispanic (all races),10.0
17,Illinois,17043,DuPage,2016,2020,American Indian/Alaskan Native (includes Hispanic),
17,Illinois,17043,DuPage,2016,2020,White (includes Hispanic),6.7
17,Illinois,17045,Edgar,2011,2015,Asian/Pacific Islander (includes Hispanic),
17,Illinois,17045,Edgar,2011,2015,Black (includes Hispanic),
17,Illinois,17045,Edgar,2011,2015,Hispanic (all races),
17,Illinois,17045,Edgar,2011,2015,American Indian/Alaskan Native (includes Hispanic),
17,Illinois,17045,Edgar,2011,2015,White (includes Hispanic),8.9
17,Illinois,17045,Edgar,2012,2016,Asian/Pacific Islander (includes Hispanic),
17,Illinois,17045,Edgar,2012,2016,Black (includes Hispanic),
17,Illinois,17045,Edgar,2012,2016,Hispanic (all races),
17,Illinois,17045,Edgar,2012,2016,American Indian/Alaskan Native (includes Hispanic),
17,Illinois,17045,Edgar,2012,2016,White (includes Hispanic),9.3
17,Illinois,17045,Edgar,2013,2017,Asian/Pacific Islander (includes Hispanic),
17,Illinois,17045,Edgar,2013,2017,Black (includes Hispanic),
17,Illinois,17045,Edgar,2013,2017,Hispanic (all races),
17,Illinois,17045,Edgar,2013,2017,American Indian/Alaskan Native (includes Hispanic),
17,Illinois,17045,Edgar,2013,2017,White (includes Hispanic),9.1
17,Illinois,17045,Edgar,2014,2018,Asian/Pacific Islander (includes Hispanic),
17,Illinois,17045,Edgar,2014,2018,Black (includes Hispanic),
17,Illinois,17045,Edgar,2014,2018,Hispanic (all races),
17,Illinois,17045,Edgar,2014,2018,American Indian/Alaskan Native (includes Hispanic),
17,Illinois,17045,Edgar,2014,2018,White (includes Hispanic),8.5
17,Illinois,17045,Edgar,2015,2019,Asian/Pacific Islander (includes Hispanic),
17,Illinois,17045,Edgar,2015,2019,Black (includes Hispanic),
17,Illinois,17045,Edgar,2015,2019,Hispanic (all races),
17,Illinois,17045,Edgar,2015,2019,American Indian/Alaskan Native (includes Hispanic),
17,Illinois,17045,Edgar,2015,2019,White (includes Hispanic),7.0
17,Illinois,17045,Edgar,2016,2020,Asian/Pacific Islander (includes Hispanic),
17,Illinois,17045,Edgar,2016,2020,Black (includes Hispanic),
17,Illinois,17045,Edgar,2016,2020,Hispanic (all races),
17,Illinois,17045,Edgar,2016,2020,American Indian/Alaskan Native (includes Hispanic),
17,Illinois,17045,Edgar,2016,2020,White (includes Hispanic),7.3
17,Illinois,17047,Edwards,2011,2015,Asian/Pacific Islander (includes Hispanic),
17,Illinois,17047,Edwards,2011,2015,Black (includes Hispanic),
17,Illinois,17047,Edwards,2011,2015,Hispanic (all races),
17,Illinois,17047,Edwards,2011,2015,American Indian/Alaskan Native (includes Hispanic),
17,Illinois,17047,Edwards,2011,2015,White (includes Hispanic),
17,Illinois,17047,Edwards,2012,2016,Asian/Pacific Islander (includes Hispanic),
17,Illinois,17047,Edwards,2012,2016,Black (includes Hispanic),
17,Illinois,17047,Edwards,2012,2016,Hispanic (all races),
17,Illinois,17047,Edwards,2012,2016,American Indian/Alaskan Native (includes Hispanic),
17,Illinois,17047,Edwards,2012,2016,White (includes Hispanic),
17,Illinois,17047,Edwards,2013,2017,Asian/Pacific Islander (includes Hispanic),
17,Illinois,17047,Edwards,2013,2017,Black (includes Hispanic),
17,Illinois,17047,Edwards,2013,2017,Hispanic (all races),
17,Illinois,17047,Edwards,2013,2017,American Indian/Alaskan Native (includes Hispanic),
17,Illinois,17047,Edwards,2013,2017,White (includes Hispanic),
17,Illinois,17047,Edwards,2014,2018,Asian/Pacific Islander (includes Hispanic),
17,Illinois,17047,Edwards,2014,2018,Black (includes Hispanic),
17,Illinois,17047,Edwards,2014,2018,Hispanic (all races),
17,Illinois,17047,Edwards,2014,2018,American Indian/Alaskan Native (includes Hispanic),
17,Illinois,17047,Edwards,2014,2018,White (includes Hispanic),10.5
17,Illinois,17047,Edwards,2015,2019,Asian/Pacific Islander (includes Hispanic),
17,Illinois,17047,Edwards,2015,2019,Black (includes Hispanic),
17,Illinois,17047,Edwards,2015,2019,Hispanic (all races),
17,Illinois,17047,Edwards,2015,2019,American Indian/Alaskan Native (includes Hispanic),
17,Illinois,17047,Edwards,2015,2019,White (includes Hispanic),
17,Illinois,17047,Edwards,2016,2020,Asian/Pacific Islander (includes Hispanic),
17,Illinois,17047,Edwards,2016,2020,Black (includes Hispanic),
17,Illinois,17047,Edwards,2016,2020,Hispanic (all races),
17,Illinois,17047,Edwards,2016,2020,American Indian/Alaskan Native (includes Hispanic),
17,Illinois,17047,Edwards,2016,2020,White (includes Hispanic),
17,Illinois,17049,Effingham,2011,2015,Asian/Pacific Islander (includes Hispanic),
17,Illinois,17049,Effingham,2011,2015,Black (includes Hispanic),
17,Illinois,17049,Effingham,2011,2015,Hispanic (all races),
17,Illinois,17049,Effingham,2011,2015,American Indian/Alaskan Native (includes Hispanic),
17,Illinois,17049,Effingham,2011,2015,White (includes Hispanic),10.2
17,Illinois,17049,Effingham,2012,2016,Asian/Pacific Islander (includes Hispanic),
17,Illinois,17049,Effingham,2012,2016,Black (includes Hispanic),
17,Illinois,17049,Effingham,2012,2016,Hispanic (all races),
17,Illinois,17049,Effingham,2012,2016,American Indian/Alaskan Native (includes Hispanic),
17,Illinois,17049,Effingham,2012,2016,White (includes Hispanic),10.1
17,Illinois,17049,Effingham,2013,2017,Asian/Pacific Islander (includes Hispanic),
17,Illinois,17049,Effingham,2013,2017,Black (includes Hispanic),
17,Illinois,17049,Effingham,2013,2017,Hispanic (all races),
17,Illinois,17049,Effingham,2013,2017,American Indian/Alaskan Native (includes Hispanic),
17,Illinois,17049,Effingham,2013,2017,White (includes Hispanic),10.4
17,Illinois,17049,Effingham,2014,2018,Asian/Pacific Islander (includes Hispanic),
17,Illinois,17049,Effingham,2014,2018,Black (includes Hispanic),
17,Illinois,17049,Effingham,2014,2018,Hispanic (all races),
17,Illinois,17049,Effingham,2014,2018,American Indian/Alaskan Native (includes Hispanic),
17,Illinois,17049,Effingham,2014,2018,White (includes Hispanic),9.4
17,Illinois,17049,Effingham,2015,2019,Asian/Pacific Islander (includes Hispanic),
17,Illinois,17049,Effingham,2015,2019,Black (includes Hispanic),
17,Illinois,17049,Effingham,2015,2019,Hispanic (all races),
17,Illinois,17049,Effingham,2015,2019,American Indian/Alaskan Native (includes Hispanic),
17,Illinois,17049,Effingham,2015,2019,White (includes Hispanic),7.5
17,Illinois,17049,Effingham,2016,2020,Asian/Pacific Islander (includes Hispanic),
17,Illinois,17049,Effingham,2016,2020,Black (includes Hispanic),
17,Illinois,17049,Effingham,2016,2020,Hispanic (all races),
17,Illinois,17049,Effingham,2016,2020,American Indian/Alaskan Native (includes Hispanic),
17,Illinois,17049,Effingham,2016,2020,White (includes Hispanic),6.4
17,Illinois,17051,Fayette,2011,2015,Asian/Pacific Islander (includes Hispanic),
17,Illinois,17051,Fayette,2011,2015,Black (includes Hispanic),
17,Illinois,17051,Fayette,2011,2015,Hispanic (all races),
17,Illinois,17051,Fayette,2011,2015,American Indian/Alaskan Native (includes Hispanic),
17,Illinois,17051,Fayette,2011,2015,White (includes Hispanic),9.1
17,Illinois,17051,Fayette,2012,2016,Asian/Pacific Islander (includes Hispanic),
17,Illinois,17051,Fayette,2012,2016,Black (includes Hispanic),
17,Illinois,17051,Fayette,2012,2016,Hispanic (all races),
17,Illinois,17051,Fayette,2012,2016,American Indian/Alaskan Native (includes Hispanic),
17,Illinois,17051,Fayette,2012,2016,White (includes Hispanic),9.8
17,Illinois,17051,Fayette,2013,2017,Asian/Pacific Islander (includes Hispanic),
17,Illinois,17051,Fayette,2013,2017,Black (includes Hispanic),
17,Illinois,17051,Fayette,2013,2017,Hispanic (all races),
17,Illinois,17051,Fayette,2013,2017,American Indian/Alaskan Native (includes Hispanic),
17,Illinois,17051,Fayette,2013,2017,White (includes Hispanic),10.8
17,Illinois,17051,Fayette,2014,2018,Asian/Pacific Islander (includes Hispanic),
17,Illinois,17051,Fayette,2014,2018,Black (includes Hispanic),
17,Illinois,17051,Fayette,2014,2018,Hispanic (all races),
17,Illinois,17051,Fayette,2014,2018,American Indian/Alaskan Native (includes Hispanic),
17,Illinois,17051,Fayette,2014,2018,White (includes Hispanic),11.1
17,Illinois,17051,Fayette,2015,2019,Asian/Pacific Islander (includes Hispanic),
17,Illinois,17051,Fayette,2015,2019,Black (includes Hispanic),
17,Illinois,17051,Fayette,2015,2019,Hispanic (all races),
17,Illinois,17051,Fayette,2015,2019,American Indian/Alaskan Native (includes Hispanic),
17,Illinois,17051,Fayette,2015,2019,White (includes Hispanic),10.6
17,Illinois,17051,Fayette,2016,2020,Asian/Pacific Islander (includes Hispanic),
17,Illinois,17051,Fayette,2016,2020,Black (includes Hispanic),
17,Illinois,17051,Fayette,2016,2020,Hispanic (all races),
17,Illinois,17051,Fayette,2016,2020,American Indian/Alaskan Native (includes Hispanic),
17,Illinois,17051,Fayette,2016,2020,White (includes Hispanic),10.0
17,Illinois,17053,Ford,2011,2015,Asian/Pacific Islander (includes Hispanic),
17,Illinois,17053,Ford,2011,2015,Black (includes Hispanic),
17,Illinois,17053,Ford,2011,2015,Hispanic (all races),
17,Illinois,17053,Ford,2011,2015,American Indian/Alaskan Native (includes Hispanic),
17,Illinois,17053,Ford,2011,2015,White (includes Hispanic),7.5
17,Illinois,17053,Ford,2012,2016,Asian/Pacific Islander (includes Hispanic),
17,Illinois,17053,Ford,2012,2016,Black (includes Hispanic),
17,Illinois,17053,Ford,2012,2016,Hispanic (all races),
17,Illinois,17053,Ford,2012,2016,American Indian/Alaskan Native (includes Hispanic),
17,Illinois,17053,Ford,2012,2016,White (includes Hispanic),7.9
17,Illinois,17053,Ford,2013,2017,Asian/Pacific Islander (includes Hispanic),
17,Illinois,17053,Ford,2013,2017,Black (includes Hispanic),
17,Illinois,17053,Ford,2013,2017,Hispanic (all races),
17,Illinois,17053,Ford,2013,2017,American Indian/Alaskan Native (includes Hispanic),
17,Illinois,17053,Ford,2013,2017,White (includes Hispanic),7.7
17,Illinois,17053,Ford,2014,2018,Asian/Pacific Islander (includes Hispanic),
17,Illinois,17053,Ford,2014,2018,Black (includes Hispanic),
17,Illinois,17053,Ford,2014,2018,Hispanic (all races),
17,Illinois,17053,Ford,2014,2018,American Indian/Alaskan Native (includes Hispanic),
17,Illinois,17053,Ford,2014,2018,White (includes Hispanic),7.2
17,Illinois,17053,Ford,2015,2019,Asian/Pacific Islander (includes Hispanic),
17,Illinois,17053,Ford,2015,2019,Black (includes Hispanic),
17,Illinois,17053,Ford,2015,2019,Hispanic (all races),
17,Illinois,17053,Ford,2015,2019,American Indian/Alaskan Native (includes Hispanic),
17,Illinois,17053,Ford,2015,2019,White (includes Hispanic),6.8
17,Illinois,17053,Ford,2016,2020,Asian/Pacific Islander (includes Hispanic),
17,Illinois,17053,Ford,2016,2020,Black (includes Hispanic),
17,Illinois,17053,Ford,2016,2020,Hispanic (all races),
17,Illinois,17053,Ford,2016,2020,American Indian/Alaskan Native (includes Hispanic),
17,Illinois,17053,Ford,2016,2020,White (includes Hispanic),6.8
17,Illinois,17055,Franklin,2011,2015,Asian/Pacific Islander (includes Hispanic),
17,Illinois,17055,Franklin,2011,2015,Black (includes Hispanic),
17,Illinois,17055,Franklin,2011,2015,Hispanic (all races),
17,Illinois,17055,Franklin,2011,2015,American Indian/Alaskan Native (includes Hispanic),
17,Illinois,17055,Franklin,2011,2015,White (includes Hispanic),9.7
17,Illinois,17055,Franklin,2012,2016,Asian/Pacific Islander (includes Hispanic),
17,Illinois,17055,Franklin,2012,2016,Black (includes Hispanic),
17,Illinois,17055,Franklin,2012,2016,Hispanic (all races),
17,Illinois,17055,Franklin,2012,2016,American Indian/Alaskan Native (includes Hispanic),
17,Illinois,17055,Franklin,2012,2016,White (includes Hispanic),10.1
17,Illinois,17055,Franklin,2013,2017,Asian/Pacific Islander (includes Hispanic),
17,Illinois,17055,Franklin,2013,2017,Black (includes Hispanic),
17,Illinois,17055,Franklin,2013,2017,Hispanic (all races),
17,Illinois,17055,Franklin,2013,2017,American Indian/Alaskan Native (includes Hispanic),
17,Illinois,17055,Franklin,2013,2017,White (includes Hispanic),9.6
17,Illinois,17055,Franklin,2014,2018,Asian/Pacific Islander (includes Hispanic),
17,Illinois,17055,Franklin,2014,2018,Black (includes Hispanic),
17,Illinois,17055,Franklin,2014,2018,Hispanic (all races),
17,Illinois,17055,Franklin,2014,2018,American Indian/Alaskan Native (includes Hispanic),
17,Illinois,17055,Franklin,2014,2018,White (includes Hispanic),10.5
17,Illinois,17055,Franklin,2015,2019,Asian/Pacific Islander (includes Hispanic),
17,Illinois,17055,Franklin,2015,2019,Black (includes Hispanic),
17,Illinois,17055,Franklin,2015,2019,Hispanic (all races),
17,Illinois,17055,Franklin,2015,2019,American Indian/Alaskan Native (includes Hispanic),
17,Illinois,17055,Franklin,2015,2019,White (includes Hispanic),9.6
17,Illinois,17055,Franklin,2016,2020,Asian/Pacific Islander (includes Hispanic),
17,Illinois,17055,Franklin,2016,2020,Black (includes Hispanic),
17,Illinois,17055,Franklin,2016,2020,Hispanic (all races),
17,Illinois,17055,Franklin,2016,2020,American Indian/Alaskan Native (includes Hispanic),
17,Illinois,17055,Franklin,2016,2020,White (includes Hispanic),9.5
17,Illinois,17057,Fulton,2011,2015,Asian/Pacific Islander (includes Hispanic),
17,Illinois,17057,Fulton,2011,2015,Black (includes Hispanic),
17,Illinois,17057,Fulton,2011,2015,Hispanic (all races),
17,Illinois,17057,Fulton,2011,2015,American Indian/Alaskan Native (includes Hispanic),
17,Illinois,17057,Fulton,2011,2015,White (includes Hispanic),7.8
17,Illinois,17057,Fulton,2012,2016,Asian/Pacific Islander (includes Hispanic),
17,Illinois,17057,Fulton,2012,2016,Black (includes Hispanic),
17,Illinois,17057,Fulton,2012,2016,Hispanic (all races),
17,Illinois,17057,Fulton,2012,2016,American Indian/Alaskan Native (includes Hispanic),
17,Illinois,17057,Fulton,2012,2016,White (includes Hispanic),9.0
17,Illinois,17057,Fulton,2013,2017,Asian/Pacific Islander (includes Hispanic),
17,Illinois,17057,Fulton,2013,2017,Black (includes Hispanic),
17,Illinois,17057,Fulton,2013,2017,Hispanic (all races),
17,Illinois,17057,Fulton,2013,2017,American Indian/Alaskan Native (includes Hispanic),
17,Illinois,17057,Fulton,2013,2017,White (includes Hispanic),10.4
17,Illinois,17057,Fulton,2014,2018,Asian/Pacific Islander (includes Hispanic),
17,Illinois,17057,Fulton,2014,2018,Black (includes Hispanic),
17,Illinois,17057,Fulton,2014,2018,Hispanic (all races),
17,Illinois,17057,Fulton,2014,2018,American Indian/Alaskan Native (includes Hispanic),
17,Illinois,17057,Fulton,2014,2018,White (includes Hispanic),11.2
17,Illinois,17057,Fulton,2015,2019,Asian/Pacific Islander (includes Hispanic),
17,Illinois,17057,Fulton,2015,2019,Black (includes Hispanic),
17,Illinois,17057,Fulton,2015,2019,Hispanic (all races),
17,Illinois,17057,Fulton,2015,2019,American Indian/Alaskan Native (includes Hispanic),
17,Illinois,17057,Fulton,2015,2019,White (includes Hispanic),12.2
17,Illinois,17057,Fulton,2016,2020,Asian/Pacific Islander (includes Hispanic),
17,Illinois,17057,Fulton,2016,2020,Black (includes Hispanic),
17,Illinois,17057,Fulton,2016,2020,Hispanic (all races),
17,Illinois,17057,Fulton,2016,2020,American Indian/Alaskan Native (includes Hispanic),
17,Illinois,17057,Fulton,2016,2020,White (includes Hispanic),12.6
17,Illinois,17059,Gallatin,2011,2015,Asian/Pacific Islander (includes Hispanic),
17,Illinois,17059,Gallatin,2011,2015,Black (includes Hispanic),
17,Illinois,17059,Gallatin,2011,2015,Hispanic (all races),
17,Illinois,17059,Gallatin,2011,2015,American Indian/Alaskan Native (includes Hispanic),
17,Illinois,17059,Gallatin,2011,2015,White (includes Hispanic),10.0
17,Illinois,17059,Gallatin,2012,2016,Asian/Pacific Islander (includes Hispanic),
17,Illinois,17059,Gallatin,2012,2016,Black (includes Hispanic),
17,Illinois,17059,Gallatin,2012,2016,Hispanic (all races),
17,Illinois,17059,Gallatin,2012,2016,American Indian/Alaskan Native (includes Hispanic),
17,Illinois,17059,Gallatin,2012,2016,White (includes Hispanic),
17,Illinois,17059,Gallatin,2013,2017,Asian/Pacific Islander (includes Hispanic),
17,Illinois,17059,Gallatin,2013,2017,Black (includes Hispanic),
17,Illinois,17059,Gallatin,2013,2017,Hispanic (all races),
17,Illinois,17059,Gallatin,2013,2017,American Indian/Alaskan Native (includes Hispanic),
17,Illinois,17059,Gallatin,2013,2017,White (includes Hispanic),
17,Illinois,17059,Gallatin,2014,2018,Asian/Pacific Islander (includes Hispanic),
17,Illinois,17059,Gallatin,2014,2018,Black (includes Hispanic),
17,Illinois,17059,Gallatin,2014,2018,Hispanic (all races),
17,Illinois,17059,Gallatin,2014,2018,American Indian/Alaskan Native (includes Hispanic),
17,Illinois,17059,Gallatin,2014,2018,White (includes Hispanic),
17,Illinois,17059,Gallatin,2015,2019,Asian/Pacific Islander (includes Hispanic),
17,Illinois,17059,Gallatin,2015,2019,Black (includes Hispanic),
17,Illinois,17059,Gallatin,2015,2019,Hispanic (all races),
17,Illinois,17059,Gallatin,2015,2019,American Indian/Alaskan Native (includes Hispanic),
17,Illinois,17059,Gallatin,2015,2019,White (includes Hispanic),
17,Illinois,17059,Gallatin,2016,2020,Asian/Pacific Islander (includes Hispanic),
17,Illinois,17059,Gallatin,2016,2020,Black (includes Hispanic),
17,Illinois,17059,Gallatin,2016,2020,Hispanic (all races),
17,Illinois,17059,Gallatin,2016,2020,American Indian/Alaskan Native (includes Hispanic),
17,Illinois,17059,Gallatin,2016,2020,White (includes Hispanic),
17,Illinois,17061,Greene,2011,2015,Asian/Pacific Islander (includes Hispanic),
17,Illinois,17061,Greene,2011,2015,Black (includes Hispanic),
17,Illinois,17061,Greene,2011,2015,Hispanic (all races),
17,Illinois,17061,Greene,2011,2015,American Indian/Alaskan Native (includes Hispanic),
17,Illinois,17061,Greene,2011,2015,White (includes Hispanic),7.2
17,Illinois,17061,Greene,2012,2016,Asian/Pacific Islander (includes Hispanic),
17,Illinois,17061,Greene,2012,2016,Black (includes Hispanic),
17,Illinois,17061,Greene,2012,2016,Hispanic (all races),
17,Illinois,17061,Greene,2012,2016,American Indian/Alaskan Native (includes Hispanic),
17,Illinois,17061,Greene,2012,2016,White (includes Hispanic),7.5
17,Illinois,17061,Greene,2013,2017,Asian/Pacific Islander (includes Hispanic),
17,Illinois,17061,Greene,2013,2017,Black (includes Hispanic),
17,Illinois,17061,Greene,2013,2017,Hispanic (all races),
17,Illinois,17061,Greene,2013,2017,American Indian/Alaskan Native (includes Hispanic),
17,Illinois,17061,Greene,2013,2017,White (includes Hispanic),7.3
17,Illinois,17061,Greene,2014,2018,Asian/Pacific Islander (includes Hispanic),
17,Illinois,17061,Greene,2014,2018,Black (includes Hispanic),
17,Illinois,17061,Greene,2014,2018,Hispanic (all races),
17,Illinois,17061,Greene,2014,2018,American Indian/Alaskan Native (includes Hispanic),
17,Illinois,17061,Greene,2014,2018,White (includes Hispanic),6.1
17,Illinois,17061,Greene,2015,2019,Asian/Pacific Islander (includes Hispanic),
17,Illinois,17061,Greene,2015,2019,Black (includes Hispanic),
17,Illinois,17061,Greene,2015,2019,Hispanic (all races),
17,Illinois,17061,Greene,2015,2019,American Indian/Alaskan Native (includes Hispanic),
17,Illinois,17061,Greene,2015,2019,White (includes Hispanic),7.9
17,Illinois,17061,Greene,2016,2020,Asian/Pacific Islander (includes Hispanic),
17,Illinois,17061,Greene,2016,2020,Black (includes Hispanic),
17,Illinois,17061,Greene,2016,2020,Hispanic (all races),
17,Illinois,17061,Greene,2016,2020,American Indian/Alaskan Native (includes Hispanic),
17,Illinois,17061,Greene,2016,2020,White (includes Hispanic),9.3
17,Illinois,17063,Grundy,2011,2015,Asian/Pacific Islander (includes Hispanic),
17,Illinois,17063,Grundy,2011,2015,Black (includes Hispanic),
17,Illinois,17063,Grundy,2011,2015,Hispanic (all races),8.8
17,Illinois,17063,Grundy,2011,2015,American Indian/Alaskan Native (includes Hispanic),
17,Illinois,17063,Grundy,2011,2015,White (includes Hispanic),6.7
17,Illinois,17063,Grundy,2012,2016,Asian/Pacific Islander (includes Hispanic),
17,Illinois,17063,Grundy,2012,2016,Black (includes Hispanic),
17,Illinois,17063,Grundy,2012,2016,Hispanic (all races),7.6
17,Illinois,17063,Grundy,2012,2016,American Indian/Alaskan Native (includes Hispanic),
17,Illinois,17063,Grundy,2012,2016,White (includes Hispanic),7.2
17,Illinois,17063,Grundy,2013,2017,Asian/Pacific Islander (includes Hispanic),
17,Illinois,17063,Grundy,2013,2017,Black (includes Hispanic),
17,Illinois,17063,Grundy,2013,2017,Hispanic (all races),8.8
17,Illinois,17063,Grundy,2013,2017,American Indian/Alaskan Native (includes Hispanic),
17,Illinois,17063,Grundy,2013,2017,White (includes Hispanic),7.5
17,Illinois,17063,Grundy,2014,2018,Asian/Pacific Islander (includes Hispanic),
17,Illinois,17063,Grundy,2014,2018,Black (includes Hispanic),
17,Illinois,17063,Grundy,2014,2018,Hispanic (all races),9.0
17,Illinois,17063,Grundy,2014,2018,American Indian/Alaskan Native (includes Hispanic),
17,Illinois,17063,Grundy,2014,2018,White (includes Hispanic),7.9
17,Illinois,17063,Grundy,2015,2019,Asian/Pacific Islander (includes Hispanic),
17,Illinois,17063,Grundy,2015,2019,Black (includes Hispanic),6.2
17,Illinois,17063,Grundy,2015,2019,Hispanic (all races),9.9
17,Illinois,17063,Grundy,2015,2019,American Indian/Alaskan Native (includes Hispanic),
17,Illinois,17063,Grundy,2015,2019,White (includes Hispanic),7.8
17,Illinois,17063,Grundy,2016,2020,Asian/Pacific Islander (includes Hispanic),
17,Illinois,17063,Grundy,2016,2020,Black (includes Hispanic),
17,Illinois,17063,Grundy,2016,2020,Hispanic (all races),9.6
17,Illinois,17063,Grundy,2016,2020,American Indian/Alaskan Native (includes Hispanic),
17,Illinois,17063,Grundy,2016,2020,White (includes Hispanic),7.9
17,Illinois,17065,Hamilton,2011,2015,Asian/Pacific Islander (includes Hispanic),
17,Illinois,17065,Hamilton,2011,2015,Black (includes Hispanic),
17,Illinois,17065,Hamilton,2011,2015,Hispanic (all races),
17,Illinois,17065,Hamilton,2011,2015,American Indian/Alaskan Native (includes Hispanic),
17,Illinois,17065,Hamilton,2011,2015,White (includes Hispanic),11.4
17,Illinois,17065,Hamilton,2012,2016,Asian/Pacific Islander (includes Hispanic),
17,Illinois,17065,Hamilton,2012,2016,Black (includes Hispanic),
17,Illinois,17065,Hamilton,2012,2016,Hispanic (all races),
17,Illinois,17065,Hamilton,2012,2016,American Indian/Alaskan Native (includes Hispanic),
17,Illinois,17065,Hamilton,2012,2016,White (includes Hispanic),10.3
17,Illinois,17065,Hamilton,2013,2017,Asian/Pacific Islander (includes Hispanic),
17,Illinois,17065,Hamilton,2013,2017,Black (includes Hispanic),
17,Illinois,17065,Hamilton,2013,2017,Hispanic (all races),
17,Illinois,17065,Hamilton,2013,2017,American Indian/Alaskan Native (includes Hispanic),
17,Illinois,17065,Hamilton,2013,2017,White (includes Hispanic),9.3
17,Illinois,17065,Hamilton,2014,2018,Asian/Pacific Islander (includes Hispanic),
17,Illinois,17065,Hamilton,2014,2018,Black (includes Hispanic),
17,Illinois,17065,Hamilton,2014,2018,Hispanic (all races),
17,Illinois,17065,Hamilton,2014,2018,American Indian/Alaskan Native (includes Hispanic),
17,Illinois,17065,Hamilton,2014,2018,White (includes Hispanic),10.8
17,Illinois,17065,Hamilton,2015,2019,Asian/Pacific Islander (includes Hispanic),
17,Illinois,17065,Hamilton,2015,2019,Black (includes Hispanic),
17,Illinois,17065,Hamilton,2015,2019,Hispanic (all races),
17,Illinois,17065,Hamilton,2015,2019,American Indian/Alaskan Native (includes Hispanic),
17,Illinois,17065,Hamilton,2015,2019,White (includes Hispanic),9.4
17,Illinois,17065,Hamilton,2016,2020,Asian/Pacific Islander (includes Hispanic),
17,Illinois,17065,Hamilton,2016,2020,Black (includes Hispanic),
17,Illinois,17065,Hamilton,2016,2020,Hispanic (all races),
17,Illinois,17065,Hamilton,2016,2020,American Indian/Alaskan Native (includes Hispanic),
17,Illinois,17065,Hamilton,2016,2020,White (includes Hispanic),10.2
17,Illinois,17067,Hancock,2011,2015,Asian/Pacific Islander (includes Hispanic),
17,Illinois,17067,Hancock,2011,2015,Black (includes Hispanic),
17,Illinois,17067,Hancock,2011,2015,Hispanic (all races),
17,Illinois,17067,Hancock,2011,2015,American Indian/Alaskan Native (includes Hispanic),
17,Illinois,17067,Hancock,2011,2015,White (includes Hispanic),8.2
17,Illinois,17067,Hancock,2012,2016,Asian/Pacific Islander (includes Hispanic),
17,Illinois,17067,Hancock,2012,2016,Black (includes Hispanic),
17,Illinois,17067,Hancock,2012,2016,Hispanic (all races),
17,Illinois,17067,Hancock,2012,2016,American Indian/Alaskan Native (includes Hispanic),
17,Illinois,17067,Hancock,2012,2016,White (includes Hispanic),8.9
17,Illinois,17067,Hancock,2013,2017,Asian/Pacific Islander (includes Hispanic),
17,Illinois,17067,Hancock,2013,2017,Black (includes Hispanic),
17,Illinois,17067,Hancock,2013,2017,Hispanic (all races),
17,Illinois,17067,Hancock,2013,2017,American Indian/Alaskan Native (includes Hispanic),
17,Illinois,17067,Hancock,2013,2017,White (includes Hispanic),9.2
17,Illinois,17067,Hancock,2014,2018,Asian/Pacific Islander (includes Hispanic),
17,Illinois,17067,Hancock,2014,2018,Black (includes Hispanic),
17,Illinois,17067,Hancock,2014,2018,Hispanic (all races),
17,Illinois,17067,Hancock,2014,2018,American Indian/Alaskan Native (includes Hispanic),
17,Illinois,17067,Hancock,2014,2018,White (includes Hispanic),9.5
17,Illinois,17067,Hancock,2015,2019,Asian/Pacific Islander (includes Hispanic),
17,Illinois,17067,Hancock,2015,2019,Black (includes Hispanic),
17,Illinois,17067,Hancock,2015,2019,Hispanic (all races),
17,Illinois,17067,Hancock,2015,2019,American Indian/Alaskan Native (includes Hispanic),
17,Illinois,17067,Hancock,2015,2019,White (includes Hispanic),10.4
17,Illinois,17067,Hancock,2016,2020,Asian/Pacific Islander (includes Hispanic),
17,Illinois,17067,Hancock,2016,2020,Black (includes Hispanic),
17,Illinois,17067,Hancock,2016,2020,Hispanic (all races),
17,Illinois,17067,Hancock,2016,2020,American Indian/Alaskan Native (includes Hispanic),
17,Illinois,17067,Hancock,2016,2020,White (includes Hispanic),9.0
17,Illinois,17069,Hardin,2011,2015,Asian/Pacific Islander (includes Hispanic),
17,Illinois,17069,Hardin,2011,2015,Black (includes Hispanic),
17,Illinois,17069,Hardin,2011,2015,Hispanic (all races),
17,Illinois,17069,Hardin,2011,2015,American Indian/Alaskan Native (includes Hispanic),
17,Illinois,17069,Hardin,2011,2015,White (includes Hispanic),12.5
17,Illinois,17069,Hardin,2012,2016,Asian/Pacific Islander (includes Hispanic),
17,Illinois,17069,Hardin,2012,2016,Black (includes Hispanic),
17,Illinois,17069,Hardin,2012,2016,Hispanic (all races),
17,Illinois,17069,Hardin,2012,2016,American Indian/Alaskan Native (includes Hispanic),
17,Illinois,17069,Hardin,2012,2016,White (includes Hispanic),
17,Illinois,17069,Hardin,2013,2017,Asian/Pacific Islander (includes Hispanic),
17,Illinois,17069,Hardin,2013,2017,Black (includes Hispanic),
17,Illinois,17069,Hardin,2013,2017,Hispanic (all races),
17,Illinois,17069,Hardin,2013,2017,American Indian/Alaskan Native (includes Hispanic),
17,Illinois,17069,Hardin,2013,2017,White (includes Hispanic),
17,Illinois,17069,Hardin,2014,2018,Asian/Pacific Islander (includes Hispanic),
17,Illinois,17069,Hardin,2014,2018,Black (includes Hispanic),
17,Illinois,17069,Hardin,2014,2018,Hispanic (all races),
17,Illinois,17069,Hardin,2014,2018,American Indian/Alaskan Native (includes Hispanic),
17,Illinois,17069,Hardin,2014,2018,White (includes Hispanic),
17,Illinois,17069,Hardin,2015,2019,Asian/Pacific Islander (includes Hispanic),
17,Illinois,17069,Hardin,2015,2019,Black (includes Hispanic),
17,Illinois,17069,Hardin,2015,2019,Hispanic (all races),
17,Illinois,17069,Hardin,2015,2019,American Indian/Alaskan Native (includes Hispanic),
17,Illinois,17069,Hardin,2015,2019,White (includes Hispanic),
17,Illinois,17069,Hardin,2016,2020,Asian/Pacific Islander (includes Hispanic),
17,Illinois,17069,Hardin,2016,2020,Black (includes Hispanic),
17,Illinois,17069,Hardin,2016,2020,Hispanic (all races),
17,Illinois,17069,Hardin,2016,2020,American Indian/Alaskan Native (includes Hispanic),
17,Illinois,17069,Hardin,2016,2020,White (includes Hispanic),
17,Illinois,17071,Henderson,2011,2015,Asian/Pacific Islander (includes Hispanic),
17,Illinois,17071,Henderson,2011,2015,Black (includes Hispanic),
17,Illinois,17071,Henderson,2011,2015,Hispanic (all races),
17,Illinois,17071,Henderson,2011,2015,American Indian/Alaskan Native (includes Hispanic),
17,Illinois,17071,Henderson,2011,2015,White (includes Hispanic),8.3
17,Illinois,17071,Henderson,2012,2016,Asian/Pacific Islander (includes Hispanic),
17,Illinois,17071,Henderson,2012,2016,Black (includes Hispanic),
17,Illinois,17071,Henderson,2012,2016,Hispanic (all races),
17,Illinois,17071,Henderson,2012,2016,American Indian/Alaskan Native (includes Hispanic),
17,Illinois,17071,Henderson,2012,2016,White (includes Hispanic),10.1
17,Illinois,17071,Henderson,2013,2017,Asian/Pacific Islander (includes Hispanic),
17,Illinois,17071,Henderson,2013,2017,Black (includes Hispanic),
17,Illinois,17071,Henderson,2013,2017,Hispanic (all races),
17,Illinois,17071,Henderson,2013,2017,American Indian/Alaskan Native (includes Hispanic),
17,Illinois,17071,Henderson,2013,2017,White (includes Hispanic),10.3
17,Illinois,17071,Henderson,2014,2018,Asian/Pacific Islander (includes Hispanic),
17,Illinois,17071,Henderson,2014,2018,Black (includes Hispanic),
17,Illinois,17071,Henderson,2014,2018,Hispanic (all races),
17,Illinois,17071,Henderson,2014,2018,American Indian/Alaskan Native (includes Hispanic),
17,Illinois,17071,Henderson,2014,2018,White (includes Hispanic),12.4
17,Illinois,17071,Henderson,2015,2019,Asian/Pacific Islander (includes Hispanic),
17,Illinois,17071,Henderson,2015,2019,Black (includes Hispanic),
17,Illinois,17071,Henderson,2015,2019,Hispanic (all races),
17,Illinois,17071,Henderson,2015,2019,American Indian/Alaskan Native (includes Hispanic),
17,Illinois,17071,Henderson,2015,2019,White (includes Hispanic),12.7
17,Illinois,17071,Henderson,2016,2020,Asian/Pacific Islander (includes Hispanic),
17,Illinois,17071,Henderson,2016,2020,Black (includes Hispanic),
17,Illinois,17071,Henderson,2016,2020,Hispanic (all races),
17,Illinois,17071,Henderson,2016,2020,American Indian/Alaskan Native (includes Hispanic),
17,Illinois,17071,Henderson,2016,2020,White (includes Hispanic),10.7
17,Illinois,17073,Henry,2011,2015,Asian/Pacific Islander (includes Hispanic),
17,Illinois,17073,Henry,2011,2015,Black (includes Hispanic),
17,Illinois,17073,Henry,2011,2015,Hispanic (all races),
17,Illinois,17073,Henry,2011,2015,American Indian/Alaskan Native (includes Hispanic),
17,Illinois,17073,Henry,2011,2015,White (includes Hispanic),8.5
17,Illinois,17073,Henry,2012,2016,Asian/Pacific Islander (includes Hispanic),
17,Illinois,17073,Henry,2012,2016,Black (includes Hispanic),
17,Illinois,17073,Henry,2012,2016,Hispanic (all races),
17,Illinois,17073,Henry,2012,2016,American Indian/Alaskan Native (includes Hispanic),
17,Illinois,17073,Henry,2012,2016,White (includes Hispanic),9.5
17,Illinois,17073,Henry,2013,2017,Asian/Pacific Islander (includes Hispanic),
17,Illinois,17073,Henry,2013,2017,Black (includes Hispanic),
17,Illinois,17073,Henry,2013,2017,Hispanic (all races),
17,Illinois,17073,Henry,2013,2017,American Indian/Alaskan Native (includes Hispanic),
17,Illinois,17073,Henry,2013,2017,White (includes Hispanic),10.8
17,Illinois,17073,Henry,2014,2018,Asian/Pacific Islander (includes Hispanic),
17,Illinois,17073,Henry,2014,2018,Black (includes Hispanic),
17,Illinois,17073,Henry,2014,2018,Hispanic (all races),
17,Illinois,17073,Henry,2014,2018,American Indian/Alaskan Native (includes Hispanic),
17,Illinois,17073,Henry,2014,2018,White (includes Hispanic),10.9
17,Illinois,17073,Henry,2015,2019,Asian/Pacific Islander (includes Hispanic),
17,Illinois,17073,Henry,2015,2019,Black (includes Hispanic),
17,Illinois,17073,Henry,2015,2019,Hispanic (all races),
17,Illinois,17073,Henry,2015,2019,American Indian/Alaskan Native (includes Hispanic),
17,Illinois,17073,Henry,2015,2019,White (includes Hispanic),11.0
17,Illinois,17073,Henry,2016,2020,Asian/Pacific Islander (includes Hispanic),
17,Illinois,17073,Henry,2016,2020,Black (includes Hispanic),
17,Illinois,17073,Henry,2016,2020,Hispanic (all races),
17,Illinois,17073,Henry,2016,2020,American Indian/Alaskan Native (includes Hispanic),
17,Illinois,17073,Henry,2016,2020,White (includes Hispanic),11.5
17,Illinois,17075,Iroquois,2011,2015,Asian/Pacific Islander (includes Hispanic),
17,Illinois,17075,Iroquois,2011,2015,Black (includes Hispanic),
17,Illinois,17075,Iroquois,2011,2015,Hispanic (all races),
17,Illinois,17075,Iroquois,2011,2015,American Indian/Alaskan Native (includes Hispanic),
17,Illinois,17075,Iroquois,2011,2015,White (includes Hispanic),9.3
17,Illinois,17075,Iroquois,2012,2016,Asian/Pacific Islander (includes Hispanic),
17,Illinois,17075,Iroquois,2012,2016,Black (includes Hispanic),
17,Illinois,17075,Iroquois,2012,2016,Hispanic (all races),
17,Illinois,17075,Iroquois,2012,2016,American Indian/Alaskan Native (includes Hispanic),
17,Illinois,17075,Iroquois,2012,2016,White (includes Hispanic),9.8
17,Illinois,17075,Iroquois,2013,2017,Asian/Pacific Islander (includes Hispanic),
17,Illinois,17075,Iroquois,2013,2017,Black (includes Hispanic),
17,Illinois,17075,Iroquois,2013,2017,Hispanic (all races),
17,Illinois,17075,Iroquois,2013,2017,American Indian/Alaskan Native (includes Hispanic),
17,Illinois,17075,Iroquois,2013,2017,White (includes Hispanic),9.4
17,Illinois,17075,Iroquois,2014,2018,Asian/Pacific Islander (includes Hispanic),
17,Illinois,17075,Iroquois,2014,2018,Black (includes Hispanic),
17,Illinois,17075,Iroquois,2014,2018,Hispanic (all races),
17,Illinois,17075,Iroquois,2014,2018,American Indian/Alaskan Native (includes Hispanic),
17,Illinois,17075,Iroquois,2014,2018,White (includes Hispanic),8.7
17,Illinois,17075,Iroquois,2015,2019,Asian/Pacific Islander (includes Hispanic),
17,Illinois,17075,Iroquois,2015,2019,Black (includes Hispanic),
17,Illinois,17075,Iroquois,2015,2019,Hispanic (all races),
17,Illinois,17075,Iroquois,2015,2019,American Indian/Alaskan Native (includes Hispanic),
17,Illinois,17075,Iroquois,2015,2019,White (includes Hispanic),8.7
17,Illinois,17075,Iroquois,2016,2020,Asian/Pacific Islander (includes Hispanic),
17,Illinois,17075,Iroquois,2016,2020,Black (includes Hispanic),
17,Illinois,17075,Iroquois,2016,2020,Hispanic (all races),
17,Illinois,17075,Iroquois,2016,2020,American Indian/Alaskan Native (includes Hispanic),
17,Illinois,17075,Iroquois,2016,2020,White (includes Hispanic),9.3
17,Illinois,17077,Jackson,2011,2015,Asian/Pacific Islander (includes Hispanic),
17,Illinois,17077,Jackson,2011,2015,Black (includes Hispanic),
17,Illinois,17077,Jackson,2011,2015,Hispanic (all races),
17,Illinois,17077,Jackson,2011,2015,American Indian/Alaskan Native (includes Hispanic),
17,Illinois,17077,Jackson,2011,2015,White (includes Hispanic),7.7
17,Illinois,17077,Jackson,2012,2016,Asian/Pacific Islander (includes Hispanic),
17,Illinois,17077,Jackson,2012,2016,Black (includes Hispanic),
17,Illinois,17077,Jackson,2012,2016,Hispanic (all races),
17,Illinois,17077,Jackson,2012,2016,American Indian/Alaskan Native (includes Hispanic),
17,Illinois,17077,Jackson,2012,2016,White (includes Hispanic),8.2
17,Illinois,17077,Jackson,2013,2017,Asian/Pacific Islander (includes Hispanic),
17,Illinois,17077,Jackson,2013,2017,Black (includes Hispanic),
17,Illinois,17077,Jackson,2013,2017,Hispanic (all races),
17,Illinois,17077,Jackson,2013,2017,American Indian/Alaskan Native (includes Hispanic),
17,Illinois,17077,Jackson,2013,2017,White (includes Hispanic),8.4
17,Illinois,17077,Jackson,2014,2018,Asian/Pacific Islander (includes Hispanic),
17,Illinois,17077,Jackson,2014,2018,Black (includes Hispanic),
17,Illinois,17077,Jackson,2014,2018,Hispanic (all races),
17,Illinois,17077,Jackson,2014,2018,American Indian/Alaskan Native (includes Hispanic),
17,Illinois,17077,Jackson,2014,2018,White (includes Hispanic),9.4
17,Illinois,17077,Jackson,2015,2019,Asian/Pacific Islander (includes Hispanic),
17,Illinois,17077,Jackson,2015,2019,Black (includes Hispanic),
17,Illinois,17077,Jackson,2015,2019,Hispanic (all races),
17,Illinois,17077,Jackson,2015,2019,American Indian/Alaskan Native (includes Hispanic),
17,Illinois,17077,Jackson,2015,2019,White (includes Hispanic),8.7
17,Illinois,17077,Jackson,2016,2020,Asian/Pacific Islander (includes Hispanic),
17,Illinois,17077,Jackson,2016,2020,Black (includes Hispanic),
17,Illinois,17077,Jackson,2016,2020,Hispanic (all races),
17,Illinois,17077,Jackson,2016,2020,American Indian/Alaskan Native (includes Hispanic),
17,Illinois,17077,Jackson,2016,2020,White (includes Hispanic),7.9
17,Illinois,17079,Jasper,2011,2015,Asian/Pacific Islander (includes Hispanic),
17,Illinois,17079,Jasper,2011,2015,Black (includes Hispanic),
17,Illinois,17079,Jasper,2011,2015,Hispanic (all races),
17,Illinois,17079,Jasper,2011,2015,American Indian/Alaskan Native (includes Hispanic),
17,Illinois,17079,Jasper,2011,2015,White (includes Hispanic),8.7
17,Illinois,17079,Jasper,2012,2016,Asian/Pacific Islander (includes Hispanic),
17,Illinois,17079,Jasper,2012,2016,Black (includes Hispanic),
17,Illinois,17079,Jasper,2012,2016,Hispanic (all races),
17,Illinois,17079,Jasper,2012,2016,American Indian/Alaskan Native (includes Hispanic),
17,Illinois,17079,Jasper,2012,2016,White (includes Hispanic),8.8
17,Illinois,17079,Jasper,2013,2017,Asian/Pacific Islander (includes Hispanic),
17,Illinois,17079,Jasper,2013,2017,Black (includes Hispanic),
17,Illinois,17079,Jasper,2013,2017,Hispanic (all races),
17,Illinois,17079,Jasper,2013,2017,American Indian/Alaskan Native (includes Hispanic),
17,Illinois,17079,Jasper,2013,2017,White (includes Hispanic),10.1
17,Illinois,17079,Jasper,2014,2018,Asian/Pacific Islander (includes Hispanic),
17,Illinois,17079,Jasper,2014,2018,Black (includes Hispanic),
17,Illinois,17079,Jasper,2014,2018,Hispanic (all races),
17,Illinois,17079,Jasper,2014,2018,American Indian/Alaskan Native (includes Hispanic),
17,Illinois,17079,Jasper,2014,2018,White (includes Hispanic),9.4
17,Illinois,17079,Jasper,2015,2019,Asian/Pacific Islander (includes Hispanic),
17,Illinois,17079,Jasper,2015,2019,Black (includes Hispanic),
17,Illinois,17079,Jasper,2015,2019,Hispanic (all races),
17,Illinois,17079,Jasper,2015,2019,American Indian/Alaskan Native (includes Hispanic),
17,Illinois,17079,Jasper,2015,2019,White (includes Hispanic),8.3
17,Illinois,17079,Jasper,2016,2020,Asian/Pacific Islander (includes Hispanic),
17,Illinois,17079,Jasper,2016,2020,Black (includes Hispanic),
17,Illinois,17079,Jasper,2016,2020,Hispanic (all races),
17,Illinois,17079,Jasper,2016,2020,American Indian/Alaskan Native (includes Hispanic),
17,Illinois,17079,Jasper,2016,2020,White (includes Hispanic),
17,Illinois,17081,Jefferson,2011,2015,Asian/Pacific Islander (includes Hispanic),
17,Illinois,17081,Jefferson,2011,2015,Black (includes Hispanic),
17,Illinois,17081,Jefferson,2011,2015,Hispanic (all races),
17,Illinois,17081,Jefferson,2011,2015,American Indian/Alaskan Native (includes Hispanic),
17,Illinois,17081,Jefferson,2011,2015,White (includes Hispanic),9.2
17,Illinois,17081,Jefferson,2012,2016,Asian/Pacific Islander (includes Hispanic),
17,Illinois,17081,Jefferson,2012,2016,Black (includes Hispanic),
17,Illinois,17081,Jefferson,2012,2016,Hispanic (all races),
17,Illinois,17081,Jefferson,2012,2016,American Indian/Alaskan Native (includes Hispanic),
17,Illinois,17081,Jefferson,2012,2016,White (includes Hispanic),9.9
17,Illinois,17081,Jefferson,2013,2017,Asian/Pacific Islander (includes Hispanic),
17,Illinois,17081,Jefferson,2013,2017,Black (includes Hispanic),
17,Illinois,17081,Jefferson,2013,2017,Hispanic (all races),
17,Illinois,17081,Jefferson,2013,2017,American Indian/Alaskan Native (includes Hispanic),
17,Illinois,17081,Jefferson,2013,2017,White (includes Hispanic),10.5
17,Illinois,17081,Jefferson,2014,2018,Asian/Pacific Islander (includes Hispanic),
17,Illinois,17081,Jefferson,2014,2018,Black (includes Hispanic),
17,Illinois,17081,Jefferson,2014,2018,Hispanic (all races),
17,Illinois,17081,Jefferson,2014,2018,American Indian/Alaskan Native (includes Hispanic),
17,Illinois,17081,Jefferson,2014,2018,White (includes Hispanic),11.1
17,Illinois,17081,Jefferson,2015,2019,Asian/Pacific Islander (includes Hispanic),
17,Illinois,17081,Jefferson,2015,2019,Black (includes Hispanic),
17,Illinois,17081,Jefferson,2015,2019,Hispanic (all races),
17,Illinois,17081,Jefferson,2015,2019,American Indian/Alaskan Native (includes Hispanic),
17,Illinois,17081,Jefferson,2015,2019,White (includes Hispanic),10.0
17,Illinois,17081,Jefferson,2016,2020,Asian/Pacific Islander (includes Hispanic),
17,Illinois,17081,Jefferson,2016,2020,Black (includes Hispanic),
17,Illinois,17081,Jefferson,2016,2020,Hispanic (all races),
17,Illinois,17081,Jefferson,2016,2020,American Indian/Alaskan Native (includes Hispanic),
17,Illinois,17081,Jefferson,2016,2020,White (includes Hispanic),9.7
17,Illinois,17083,Jersey,2011,2015,Asian/Pacific Islander (includes Hispanic),
17,Illinois,17083,Jersey,2011,2015,Black (includes Hispanic),
17,Illinois,17083,Jersey,2011,2015,Hispanic (all races),
17,Illinois,17083,Jersey,2011,2015,American Indian/Alaskan Native (includes Hispanic),
17,Illinois,17083,Jersey,2011,2015,White (includes Hispanic),8.4
17,Illinois,17083,Jersey,2012,2016,Asian/Pacific Islander (includes Hispanic),
17,Illinois,17083,Jersey,2012,2016,Black (includes Hispanic),
17,Illinois,17083,Jersey,2012,2016,Hispanic (all races),
17,Illinois,17083,Jersey,2012,2016,American Indian/Alaskan Native (includes Hispanic),
17,Illinois,17083,Jersey,2012,2016,White (includes Hispanic),8.5
17,Illinois,17083,Jersey,2013,2017,Asian/Pacific Islander (includes Hispanic),
17,Illinois,17083,Jersey,2013,2017,Black (includes Hispanic),
17,Illinois,17083,Jersey,2013,2017,Hispanic (all races),
17,Illinois,17083,Jersey,2013,2017,American Indian/Alaskan Native (includes Hispanic),
17,Illinois,17083,Jersey,2013,2017,White (includes Hispanic),7.4
17,Illinois,17083,Jersey,2014,2018,Asian/Pacific Islander (includes Hispanic),
17,Illinois,17083,Jersey,2014,2018,Black (includes Hispanic),
17,Illinois,17083,Jersey,2014,2018,Hispanic (all races),
17,Illinois,17083,Jersey,2014,2018,American Indian/Alaskan Native (includes Hispanic),
17,Illinois,17083,Jersey,2014,2018,White (includes Hispanic),7.3
17,Illinois,17083,Jersey,2015,2019,Asian/Pacific Islander (includes Hispanic),
17,Illinois,17083,Jersey,2015,2019,Black (includes Hispanic),
17,Illinois,17083,Jersey,2015,2019,Hispanic (all races),
17,Illinois,17083,Jersey,2015,2019,American Indian/Alaskan Native (includes Hispanic),
17,Illinois,17083,Jersey,2015,2019,White (includes Hispanic),7.2
17,Illinois,17083,Jersey,2016,2020,Asian/Pacific Islander (includes Hispanic),
17,Illinois,17083,Jersey,2016,2020,Black (includes Hispanic),
17,Illinois,17083,Jersey,2016,2020,Hispanic (all races),
17,Illinois,17083,Jersey,2016,2020,American Indian/Alaskan Native (includes Hispanic),
17,Illinois,17083,Jersey,2016,2020,White (includes Hispanic),7.3
17,Illinois,17085,Jo Daviess,2011,2015,Asian/Pacific Islander (includes Hispanic),
17,Illinois,17085,Jo Daviess,2011,2015,Black (includes Hispanic),
17,Illinois,17085,Jo Daviess,2011,2015,Hispanic (all races),
17,Illinois,17085,Jo Daviess,2011,2015,American Indian/Alaskan Native (includes Hispanic),
17,Illinois,17085,Jo Daviess,2011,2015,White (includes Hispanic),7.2
17,Illinois,17085,Jo Daviess,2012,2016,Asian/Pacific Islander (includes Hispanic),
17,Illinois,17085,Jo Daviess,2012,2016,Black (includes Hispanic),
17,Illinois,17085,Jo Daviess,2012,2016,Hispanic (all races),
17,Illinois,17085,Jo Daviess,2012,2016,American Indian/Alaskan Native (includes Hispanic),
17,Illinois,17085,Jo Daviess,2012,2016,White (includes Hispanic),6.5
17,Illinois,17085,Jo Daviess,2013,2017,Asian/Pacific Islander (includes Hispanic),
17,Illinois,17085,Jo Daviess,2013,2017,Black (includes Hispanic),
17,Illinois,17085,Jo Daviess,2013,2017,Hispanic (all races),
17,Illinois,17085,Jo Daviess,2013,2017,American Indian/Alaskan Native (includes Hispanic),
17,Illinois,17085,Jo Daviess,2013,2017,White (includes Hispanic),6.4
17,Illinois,17085,Jo Daviess,2014,2018,Asian/Pacific Islander (includes Hispanic),
17,Illinois,17085,Jo Daviess,2014,2018,Black (includes Hispanic),
17,Illinois,17085,Jo Daviess,2014,2018,Hispanic (all races),
17,Illinois,17085,Jo Daviess,2014,2018,American Indian/Alaskan Native (includes Hispanic),
17,Illinois,17085,Jo Daviess,2014,2018,White (includes Hispanic),5.9
17,Illinois,17085,Jo Daviess,2015,2019,Asian/Pacific Islander (includes Hispanic),
17,Illinois,17085,Jo Daviess,2015,2019,Black (includes Hispanic),
17,Illinois,17085,Jo Daviess,2015,2019,Hispanic (all races),
17,Illinois,17085,Jo Daviess,2015,2019,American Indian/Alaskan Native (includes Hispanic),
17,Illinois,17085,Jo Daviess,2015,2019,White (includes Hispanic),5.9
17,Illinois,17085,Jo Daviess,2016,2020,Asian/Pacific Islander (includes Hispanic),
17,Illinois,17085,Jo Daviess,2016,2020,Black (includes Hispanic),
17,Illinois,17085,Jo Daviess,2016,2020,Hispanic (all races),
17,Illinois,17085,Jo Daviess,2016,2020,American Indian/Alaskan Native (includes Hispanic),
17,Illinois,17085,Jo Daviess,2016,2020,White (includes Hispanic),5.8
17,Illinois,17087,Johnson,2011,2015,Asian/Pacific Islander (includes Hispanic),
17,Illinois,17087,Johnson,2011,2015,Black (includes Hispanic),
17,Illinois,17087,Johnson,2011,2015,Hispanic (all races),
17,Illinois,17087,Johnson,2011,2015,American Indian/Alaskan Native (includes Hispanic),
17,Illinois,17087,Johnson,2011,2015,White (includes Hispanic),11.0
17,Illinois,17087,Johnson,2012,2016,Asian/Pacific Islander (includes Hispanic),
17,Illinois,17087,Johnson,2012,2016,Black (includes Hispanic),
17,Illinois,17087,Johnson,2012,2016,Hispanic (all races),
17,Illinois,17087,Johnson,2012,2016,American Indian/Alaskan Native (includes Hispanic),
17,Illinois,17087,Johnson,2012,2016,White (includes Hispanic),10.4
17,Illinois,17087,Johnson,2013,2017,Asian/Pacific Islander (includes Hispanic),
17,Illinois,17087,Johnson,2013,2017,Black (includes Hispanic),
17,Illinois,17087,Johnson,2013,2017,Hispanic (all races),
17,Illinois,17087,Johnson,2013,2017,American Indian/Alaskan Native (includes Hispanic),
17,Illinois,17087,Johnson,2013,2017,White (includes Hispanic),9.8
17,Illinois,17087,Johnson,2014,2018,Asian/Pacific Islander (includes Hispanic),
17,Illinois,17087,Johnson,2014,2018,Black (includes Hispanic),
17,Illinois,17087,Johnson,2014,2018,Hispanic (all races),
17,Illinois,17087,Johnson,2014,2018,American Indian/Alaskan Native (includes Hispanic),
17,Illinois,17087,Johnson,2014,2018,White (includes Hispanic),9.3
17,Illinois,17087,Johnson,2015,2019,Asian/Pacific Islander (includes Hispanic),
17,Illinois,17087,Johnson,2015,2019,Black (includes Hispanic),
17,Illinois,17087,Johnson,2015,2019,Hispanic (all races),
17,Illinois,17087,Johnson,2015,2019,American Indian/Alaskan Native (includes Hispanic),
17,Illinois,17087,Johnson,2015,2019,White (includes Hispanic),8.5
17,Illinois,17087,Johnson,2016,2020,Asian/Pacific Islander (includes Hispanic),
17,Illinois,17087,Johnson,2016,2020,Black (includes Hispanic),
17,Illinois,17087,Johnson,2016,2020,Hispanic (all races),
17,Illinois,17087,Johnson,2016,2020,American Indian/Alaskan Native (includes Hispanic),
17,Illinois,17087,Johnson,2016,2020,White (includes Hispanic),8.7
17,Illinois,17089,Kane,2011,2015,Asian/Pacific Islander (includes Hispanic),4.3
17,Illinois,17089,Kane,2011,2015,Black (includes Hispanic),10.9
17,Illinois,17089,Kane,2011,2015,Hispanic (all races),10.2
17,Illinois,17089,Kane,2011,2015,American Indian/Alaskan Native (includes Hispanic),
17,Illinois,17089,Kane,2011,2015,White (includes Hispanic),7.1
17,Illinois,17089,Kane,2012,2016,Asian/Pacific Islander (includes Hispanic),4.4
17,Illinois,17089,Kane,2012,2016,Black (includes Hispanic),10.8
17,Illinois,17089,Kane,2012,2016,Hispanic (all races),9.8
17,Illinois,17089,Kane,2012,2016,American Indian/Alaskan Native (includes Hispanic),
17,Illinois,17089,Kane,2012,2016,White (includes Hispanic),6.8
17,Illinois,17089,Kane,2013,2017,Asian/Pacific Islander (includes Hispanic),4.4
17,Illinois,17089,Kane,2013,2017,Black (includes Hispanic),10.8
17,Illinois,17089,Kane,2013,2017,Hispanic (all races),10.0
17,Illinois,17089,Kane,2013,2017,American Indian/Alaskan Native (includes Hispanic),
17,Illinois,17089,Kane,2013,2017,White (includes Hispanic),7.0
17,Illinois,17089,Kane,2014,2018,Asian/Pacific Islander (includes Hispanic),5.0
17,Illinois,17089,Kane,2014,2018,Black (includes Hispanic),10.7
17,Illinois,17089,Kane,2014,2018,Hispanic (all races),9.8
17,Illinois,17089,Kane,2014,2018,American Indian/Alaskan Native (includes Hispanic),
17,Illinois,17089,Kane,2014,2018,White (includes Hispanic),6.9
17,Illinois,17089,Kane,2015,2019,Asian/Pacific Islander (includes Hispanic),4.8
17,Illinois,17089,Kane,2015,2019,Black (includes Hispanic),10.2
17,Illinois,17089,Kane,2015,2019,Hispanic (all races),10.1
17,Illinois,17089,Kane,2015,2019,American Indian/Alaskan Native (includes Hispanic),
17,Illinois,17089,Kane,2015,2019,White (includes Hispanic),6.8
17,Illinois,17089,Kane,2016,2020,Asian/Pacific Islander (includes Hispanic),4.5
17,Illinois,17089,Kane,2016,2020,Black (includes Hispanic),9.9
17,Illinois,17089,Kane,2016,2020,Hispanic (all races),10.0
17,Illinois,17089,Kane,2016,2020,American Indian/Alaskan Native (includes Hispanic),
17,Illinois,17089,Kane,2016,2020,White (includes Hispanic),6.6
17,Illinois,17091,Kankakee,2011,2015,Asian/Pacific Islander (includes Hispanic),
17,Illinois,17091,Kankakee,2011,2015,Black (includes Hispanic),8.5
17,Illinois,17091,Kankakee,2011,2015,Hispanic (all races),8.4
17,Illinois,17091,Kankakee,2011,2015,American Indian/Alaskan Native (includes Hispanic),
17,Illinois,17091,Kankakee,2011,2015,White (includes Hispanic),7.2
17,Illinois,17091,Kankakee,2012,2016,Asian/Pacific Islander (includes Hispanic),
17,Illinois,17091,Kankakee,2012,2016,Black (includes Hispanic),7.7
17,Illinois,17091,Kankakee,2012,2016,Hispanic (all races),9.5
17,Illinois,17091,Kankakee,2012,2016,American Indian/Alaskan Native (includes Hispanic),
17,Illinois,17091,Kankakee,2012,2016,White (includes Hispanic),7.7
17,Illinois,17091,Kankakee,2013,2017,Asian/Pacific Islander (includes Hispanic),
17,Illinois,17091,Kankakee,2013,2017,Black (includes Hispanic),7.5
17,Illinois,17091,Kankakee,2013,2017,Hispanic (all races),9.7
17,Illinois,17091,Kankakee,2013,2017,American Indian/Alaskan Native (includes Hispanic),
17,Illinois,17091,Kankakee,2013,2017,White (includes Hispanic),7.9
17,Illinois,17091,Kankakee,2014,2018,Asian/Pacific Islander (includes Hispanic),
17,Illinois,17091,Kankakee,2014,2018,Black (includes Hispanic),8.5
17,Illinois,17091,Kankakee,2014,2018,Hispanic (all races),9.7
17,Illinois,17091,Kankakee,2014,2018,American Indian/Alaskan Native (includes Hispanic),
17,Illinois,17091,Kankakee,2014,2018,White (includes Hispanic),8.2
17,Illinois,17091,Kankakee,2015,2019,Asian/Pacific Islander (includes Hispanic),
17,Illinois,17091,Kankakee,2015,2019,Black (includes Hispanic),9.0
17,Illinois,17091,Kankakee,2015,2019,Hispanic (all races),11.1
17,Illinois,17091,Kankakee,2015,2019,American Indian/Alaskan Native (includes Hispanic),
17,Illinois,17091,Kankakee,2015,2019,White (includes Hispanic),8.3
17,Illinois,17091,Kankakee,2016,2020,Asian/Pacific Islander (includes Hispanic),
17,Illinois,17091,Kankakee,2016,2020,Black (includes Hispanic),7.9
17,Illinois,17091,Kankakee,2016,2020,Hispanic (all races),11.2
17,Illinois,17091,Kankakee,2016,2020,American Indian/Alaskan Native (includes Hispanic),
17,Illinois,17091,Kankakee,2016,2020,White (includes Hispanic),8.5
17,Illinois,17093,Kendall,2011,2015,Asian/Pacific Islander (includes Hispanic),
17,Illinois,17093,Kendall,2011,2015,Black (includes Hispanic),6.2
17,Illinois,17093,Kendall,2011,2015,Hispanic (all races),8.5
17,Illinois,17093,Kendall,2011,2015,American Indian/Alaskan Native (includes Hispanic),
17,Illinois,17093,Kendall,2011,2015,White (includes Hispanic),6.5
17,Illinois,17093,Kendall,2012,2016,Asian/Pacific Islander (includes Hispanic),4.0
17,Illinois,17093,Kendall,2012,2016,Black (includes Hispanic),5.8
17,Illinois,17093,Kendall,2012,2016,Hispanic (all races),7.5
17,Illinois,17093,Kendall,2012,2016,American Indian/Alaskan Native (includes Hispanic),
17,Illinois,17093,Kendall,2012,2016,White (includes Hispanic),6.4
17,Illinois,17093,Kendall,2013,2017,Asian/Pacific Islander (includes Hispanic),
17,Illinois,17093,Kendall,2013,2017,Black (includes Hispanic),5.9
17,Illinois,17093,Kendall,2013,2017,Hispanic (all races),7.9
17,Illinois,17093,Kendall,2013,2017,American Indian/Alaskan Native (includes Hispanic),
17,Illinois,17093,Kendall,2013,2017,White (includes Hispanic),6.3
17,Illinois,17093,Kendall,2014,2018,Asian/Pacific Islander (includes Hispanic),4.2
17,Illinois,17093,Kendall,2014,2018,Black (includes Hispanic),7.3
17,Illinois,17093,Kendall,2014,2018,Hispanic (all races),6.7
17,Illinois,17093,Kendall,2014,2018,American Indian/Alaskan Native (includes Hispanic),
17,Illinois,17093,Kendall,2014,2018,White (includes Hispanic),6.4
17,Illinois,17093,Kendall,2015,2019,Asian/Pacific Islander (includes Hispanic),3.7
17,Illinois,17093,Kendall,2015,2019,Black (includes Hispanic),7.6
17,Illinois,17093,Kendall,2015,2019,Hispanic (all races),7.2
17,Illinois,17093,Kendall,2015,2019,American Indian/Alaskan Native (includes Hispanic),
17,Illinois,17093,Kendall,2015,2019,White (includes Hispanic),6.1
17,Illinois,17093,Kendall,2016,2020,Asian/Pacific Islander (includes Hispanic),
17,Illinois,17093,Kendall,2016,2020,Black (includes Hispanic),6.7
17,Illinois,17093,Kendall,2016,2020,Hispanic (all races),7.7
17,Illinois,17093,Kendall,2016,2020,American Indian/Alaskan Native (includes Hispanic),
17,Illinois,17093,Kendall,2016,2020,White (includes Hispanic),6.2
17,Illinois,17095,Knox,2011,2015,Asian/Pacific Islander (includes Hispanic),
17,Illinois,17095,Knox,2011,2015,Black (includes Hispanic),
17,Illinois,17095,Knox,2011,2015,Hispanic (all races),
17,Illinois,17095,Knox,2011,2015,American Indian/Alaskan Native (includes Hispanic),
17,Illinois,17095,Knox,2011,2015,White (includes Hispanic),7.8
17,Illinois,17095,Knox,2012,2016,Asian/Pacific Islander (includes Hispanic),
17,Illinois,17095,Knox,2012,2016,Black (includes Hispanic),
17,Illinois,17095,Knox,2012,2016,Hispanic (all races),
17,Illinois,17095,Knox,2012,2016,American Indian/Alaskan Native (includes Hispanic),
17,Illinois,17095,Knox,2012,2016,White (includes Hispanic),9.0
17,Illinois,17095,Knox,2013,2017,Asian/Pacific Islander (includes Hispanic),
17,Illinois,17095,Knox,2013,2017,Black (includes Hispanic),
17,Illinois,17095,Knox,2013,2017,Hispanic (all races),
17,Illinois,17095,Knox,2013,2017,American Indian/Alaskan Native (includes Hispanic),
17,Illinois,17095,Knox,2013,2017,White (includes Hispanic),11.4
17,Illinois,17095,Knox,2014,2018,Asian/Pacific Islander (includes Hispanic),
17,Illinois,17095,Knox,2014,2018,Black (includes Hispanic),
17,Illinois,17095,Knox,2014,2018,Hispanic (all races),
17,Illinois,17095,Knox,2014,2018,American Indian/Alaskan Native (includes Hispanic),
17,Illinois,17095,Knox,2014,2018,White (includes Hispanic),13.0
17,Illinois,17095,Knox,2015,2019,Asian/Pacific Islander (includes Hispanic),
17,Illinois,17095,Knox,2015,2019,Black (includes Hispanic),
17,Illinois,17095,Knox,2015,2019,Hispanic (all races),
17,Illinois,17095,Knox,2015,2019,American Indian/Alaskan Native (includes Hispanic),
17,Illinois,17095,Knox,2015,2019,White (includes Hispanic),13.1
17,Illinois,17095,Knox,2016,2020,Asian/Pacific Islander (includes Hispanic),
17,Illinois,17095,Knox,2016,2020,Black (includes Hispanic),
17,Illinois,17095,Knox,2016,2020,Hispanic (all races),
17,Illinois,17095,Knox,2016,2020,American Indian/Alaskan Native (includes Hispanic),
17,Illinois,17095,Knox,2016,2020,White (includes Hispanic),12.9
17,Illinois,17099,La Salle,2011,2015,Asian/Pacific Islander (includes Hispanic),
17,Illinois,17099,La Salle,2011,2015,Black (includes Hispanic),
17,Illinois,17099,La Salle,2011,2015,Hispanic (all races),
17,Illinois,17099,La Salle,2011,2015,American Indian/Alaskan Native (includes Hispanic),
17,Illinois,17099,La Salle,2011,2015,White (includes Hispanic),7.7
17,Illinois,17099,La Salle,2012,2016,Asian/Pacific Islander (includes Hispanic),
17,Illinois,17099,La Salle,2012,2016,Black (includes Hispanic),
17,Illinois,17099,La Salle,2012,2016,Hispanic (all races),
17,Illinois,17099,La Salle,2012,2016,American Indian/Alaskan Native (includes Hispanic),
17,Illinois,17099,La Salle,2012,2016,White (includes Hispanic),8.1
17,Illinois,17099,La Salle,2013,2017,Asian/Pacific Islander (includes Hispanic),
17,Illinois,17099,La Salle,2013,2017,Black (includes Hispanic),
17,Illinois,17099,La Salle,2013,2017,Hispanic (all races),
17,Illinois,17099,La Salle,2013,2017,American Indian/Alaskan Native (includes Hispanic),
17,Illinois,17099,La Salle,2013,2017,White (includes Hispanic),8.2
17,Illinois,17099,La Salle,2014,2018,Asian/Pacific Islander (includes Hispanic),
17,Illinois,17099,La Salle,2014,2018,Black (includes Hispanic),
17,Illinois,17099,La Salle,2014,2018,Hispanic (all races),
17,Illinois,17099,La Salle,2014,2018,American Indian/Alaskan Native (includes Hispanic),
17,Illinois,17099,La Salle,2014,2018,White (includes Hispanic),8.5
17,Illinois,17099,La Salle,2015,2019,Asian/Pacific Islander (includes Hispanic),
17,Illinois,17099,La Salle,2015,2019,Black (includes Hispanic),
17,Illinois,17099,La Salle,2015,2019,Hispanic (all races),
17,Illinois,17099,La Salle,2015,2019,American Indian/Alaskan Native (includes Hispanic),
17,Illinois,17099,La Salle,2015,2019,White (includes Hispanic),8.2
17,Illinois,17099,La Salle,2016,2020,Asian/Pacific Islander (includes Hispanic),
17,Illinois,17099,La Salle,2016,2020,Black (includes Hispanic),
17,Illinois,17099,La Salle,2016,2020,Hispanic (all races),
17,Illinois,17099,La Salle,2016,2020,American Indian/Alaskan Native (includes Hispanic),
17,Illinois,17099,La Salle,2016,2020,White (includes Hispanic),8.2
17,Illinois,17097,Lake,2011,2015,Asian/Pacific Islander (includes Hispanic),4.4
17,Illinois,17097,Lake,2011,2015,Black (includes Hispanic),10.9
17,Illinois,17097,Lake,2011,2015,Hispanic (all races),10.3
17,Illinois,17097,Lake,2011,2015,American Indian/Alaskan Native (includes Hispanic),
17,Illinois,17097,Lake,2011,2015,White (includes Hispanic),7.0
17,Illinois,17097,Lake,2012,2016,Asian/Pacific Islander (includes Hispanic),4.7
17,Illinois,17097,Lake,2012,2016,Black (includes Hispanic),10.9
17,Illinois,17097,Lake,2012,2016,Hispanic (all races),10.0
17,Illinois,17097,Lake,2012,2016,American Indian/Alaskan Native (includes Hispanic),
17,Illinois,17097,Lake,2012,2016,White (includes Hispanic),6.9
17,Illinois,17097,Lake,2013,2017,Asian/Pacific Islander (includes Hispanic),5.1
17,Illinois,17097,Lake,2013,2017,Black (includes Hispanic),10.9
17,Illinois,17097,Lake,2013,2017,Hispanic (all races),10.4
17,Illinois,17097,Lake,2013,2017,American Indian/Alaskan Native (includes Hispanic),
17,Illinois,17097,Lake,2013,2017,White (includes Hispanic),7.2
17,Illinois,17097,Lake,2014,2018,Asian/Pacific Islander (includes Hispanic),5.8
17,Illinois,17097,Lake,2014,2018,Black (includes Hispanic),10.7
17,Illinois,17097,Lake,2014,2018,Hispanic (all races),10.6
17,Illinois,17097,Lake,2014,2018,American Indian/Alaskan Native (includes Hispanic),
17,Illinois,17097,Lake,2014,2018,White (includes Hispanic),7.2
17,Illinois,17097,Lake,2015,2019,Asian/Pacific Islander (includes Hispanic),6.0
17,Illinois,17097,Lake,2015,2019,Black (includes Hispanic),10.2
17,Illinois,17097,Lake,2015,2019,Hispanic (all races),10.6
17,Illinois,17097,Lake,2015,2019,American Indian/Alaskan Native (includes Hispanic),
17,Illinois,17097,Lake,2015,2019,White (includes Hispanic),7.1
17,Illinois,17097,Lake,2016,2020,Asian/Pacific Islander (includes Hispanic),5.6
17,Illinois,17097,Lake,2016,2020,Black (includes Hispanic),9.9
17,Illinois,17097,Lake,2016,2020,Hispanic (all races),10.5
17,Illinois,17097,Lake,2016,2020,American Indian/Alaskan Native (includes Hispanic),
17,Illinois,17097,Lake,2016,2020,White (includes Hispanic),6.9
17,Illinois,17101,Lawrence,2011,2015,Asian/Pacific Islander (includes Hispanic),
17,Illinois,17101,Lawrence,2011,2015,Black (includes Hispanic),
17,Illinois,17101,Lawrence,2011,2015,Hispanic (all races),
17,Illinois,17101,Lawrence,2011,2015,American Indian/Alaskan Native (includes Hispanic),
17,Illinois,17101,Lawrence,2011,2015,White (includes Hispanic),
17,Illinois,17101,Lawrence,2012,2016,Asian/Pacific Islander (includes Hispanic),
17,Illinois,17101,Lawrence,2012,2016,Black (includes Hispanic),
17,Illinois,17101,Lawrence,2012,2016,Hispanic (all races),
17,Illinois,17101,Lawrence,2012,2016,American Indian/Alaskan Native (includes Hispanic),
17,Illinois,17101,Lawrence,2012,2016,White (includes Hispanic),
17,Illinois,17101,Lawrence,2013,2017,Asian/Pacific Islander (includes Hispanic),
17,Illinois,17101,Lawrence,2013,2017,Black (includes Hispanic),
17,Illinois,17101,Lawrence,2013,2017,Hispanic (all races),
17,Illinois,17101,Lawrence,2013,2017,American Indian/Alaskan Native (includes Hispanic),
17,Illinois,17101,Lawrence,2013,2017,White (includes Hispanic),10.4
17,Illinois,17101,Lawrence,2014,2018,Asian/Pacific Islander (includes Hispanic),
17,Illinois,17101,Lawrence,2014,2018,Black (includes Hispanic),
17,Illinois,17101,Lawrence,2014,2018,Hispanic (all races),
17,Illinois,17101,Lawrence,2014,2018,American Indian/Alaskan Native (includes Hispanic),
17,Illinois,17101,Lawrence,2014,2018,White (includes Hispanic),10.7
17,Illinois,17101,Lawrence,2015,2019,Asian/Pacific Islander (includes Hispanic),
17,Illinois,17101,Lawrence,2015,2019,Black (includes Hispanic),
17,Illinois,17101,Lawrence,2015,2019,Hispanic (all races),
17,Illinois,17101,Lawrence,2015,2019,American Indian/Alaskan Native (includes Hispanic),
17,Illinois,17101,Lawrence,2015,2019,White (includes Hispanic),11.8
17,Illinois,17101,Lawrence,2016,2020,Asian/Pacific Islander (includes Hispanic),
17,Illinois,17101,Lawrence,2016,2020,Black (includes Hispanic),
17,Illinois,17101,Lawrence,2016,2020,Hispanic (all races),
17,Illinois,17101,Lawrence,2016,2020,American Indian/Alaskan Native (includes Hispanic),
17,Illinois,17101,Lawrence,2016,2020,White (includes Hispanic),10.0
17,Illinois,17103,Lee,2011,2015,Asian/Pacific Islander (includes Hispanic),
17,Illinois,17103,Lee,2011,2015,Black (includes Hispanic),
17,Illinois,17103,Lee,2011,2015,Hispanic (all races),
17,Illinois,17103,Lee,2011,2015,American Indian/Alaskan Native (includes Hispanic),
17,Illinois,17103,Lee,2011,2015,White (includes Hispanic),8.1
17,Illinois,17103,Lee,2012,2016,Asian/Pacific Islander (includes Hispanic),
17,Illinois,17103,Lee,2012,2016,Black (includes Hispanic),
17,Illinois,17103,Lee,2012,2016,Hispanic (all races),
17,Illinois,17103,Lee,2012,2016,American Indian/Alaskan Native (includes Hispanic),
17,Illinois,17103,Lee,2012,2016,White (includes Hispanic),8.7
17,Illinois,17103,Lee,2013,2017,Asian/Pacific Islander (includes Hispanic),
17,Illinois,17103,Lee,2013,2017,Black (includes Hispanic),
17,Illinois,17103,Lee,2013,2017,Hispanic (all races),
17,Illinois,17103,Lee,2013,2017,American Indian/Alaskan Native (includes Hispanic),
17,Illinois,17103,Lee,2013,2017,White (includes Hispanic),7.8
17,Illinois,17103,Lee,2014,2018,Asian/Pacific Islander (includes Hispanic),
17,Illinois,17103,Lee,2014,2018,Black (includes Hispanic),
17,Illinois,17103,Lee,2014,2018,Hispanic (all races),
17,Illinois,17103,Lee,2014,2018,American Indian/Alaskan Native (includes Hispanic),
17,Illinois,17103,Lee,2014,2018,White (includes Hispanic),8.0
17,Illinois,17103,Lee,2015,2019,Asian/Pacific Islander (includes Hispanic),
17,Illinois,17103,Lee,2015,2019,Black (includes Hispanic),
17,Illinois,17103,Lee,2015,2019,Hispanic (all races),
17,Illinois,17103,Lee,2015,2019,American Indian/Alaskan Native (includes Hispanic),
17,Illinois,17103,Lee,2015,2019,White (includes Hispanic),8.0
17,Illinois,17103,Lee,2016,2020,Asian/Pacific Islander (includes Hispanic),
17,Illinois,17103,Lee,2016,2020,Black (includes Hispanic),
17,Illinois,17103,Lee,2016,2020,Hispanic (all races),
17,Illinois,17103,Lee,2016,2020,American Indian/Alaskan Native (includes Hispanic),
17,Illinois,17103,Lee,2016,2020,White (includes Hispanic),8.1
17,Illinois,17105,Livingston,2011,2015,Asian/Pacific Islander (includes Hispanic),
17,Illinois,17105,Livingston,2011,2015,Black (includes Hispanic),
17,Illinois,17105,Livingston,2011,2015,Hispanic (all races),
17,Illinois,17105,Livingston,2011,2015,American Indian/Alaskan Native (includes Hispanic),
17,Illinois,17105,Livingston,2011,2015,White (includes Hispanic),8.2
17,Illinois,17105,Livingston,2012,2016,Asian/Pacific Islander (includes Hispanic),
17,Illinois,17105,Livingston,2012,2016,Black (includes Hispanic),
17,Illinois,17105,Livingston,2012,2016,Hispanic (all races),
17,Illinois,17105,Livingston,2012,2016,American Indian/Alaskan Native (includes Hispanic),
17,Illinois,17105,Livingston,2012,2016,White (includes Hispanic),8.4
17,Illinois,17105,Livingston,2013,2017,Asian/Pacific Islander (includes Hispanic),
17,Illinois,17105,Livingston,2013,2017,Black (includes Hispanic),
17,Illinois,17105,Livingston,2013,2017,Hispanic (all races),
17,Illinois,17105,Livingston,2013,2017,American Indian/Alaskan Native (includes Hispanic),
17,Illinois,17105,Livingston,2013,2017,White (includes Hispanic),8.3
17,Illinois,17105,Livingston,2014,2018,Asian/Pacific Islander (includes Hispanic),
17,Illinois,17105,Livingston,2014,2018,Black (includes Hispanic),
17,Illinois,17105,Livingston,2014,2018,Hispanic (all races),
17,Illinois,17105,Livingston,2014,2018,American Indian/Alaskan Native (includes Hispanic),
17,Illinois,17105,Livingston,2014,2018,White (includes Hispanic),8.5
17,Illinois,17105,Livingston,2015,2019,Asian/Pacific Islander (includes Hispanic),
17,Illinois,17105,Livingston,2015,2019,Black (includes Hispanic),
17,Illinois,17105,Livingston,2015,2019,Hispanic (all races),
17,Illinois,17105,Livingston,2015,2019,American Indian/Alaskan Native (includes Hispanic),
17,Illinois,17105,Livingston,2015,2019,White (includes Hispanic),8.0
17,Illinois,17105,Livingston,2016,2020,Asian/Pacific Islander (includes Hispanic),
17,Illinois,17105,Livingston,2016,2020,Black (includes Hispanic),
17,Illinois,17105,Livingston,2016,2020,Hispanic (all races),
17,Illinois,17105,Livingston,2016,2020,American Indian/Alaskan Native (includes Hispanic),
17,Illinois,17105,Livingston,2016,2020,White (includes Hispanic),8.0
17,Illinois,17107,Logan,2011,2015,Asian/Pacific Islander (includes Hispanic),
17,Illinois,17107,Logan,2011,2015,Black (includes Hispanic),12.9
17,Illinois,17107,Logan,2011,2015,Hispanic (all races),
17,Illinois,17107,Logan,2011,2015,American Indian/Alaskan Native (includes Hispanic),
17,Illinois,17107,Logan,2011,2015,White (includes Hispanic),8.3
17,Illinois,17107,Logan,2012,2016,Asian/Pacific Islander (includes Hispanic),
17,Illinois,17107,Logan,2012,2016,Black (includes Hispanic),
17,Illinois,17107,Logan,2012,2016,Hispanic (all races),
17,Illinois,17107,Logan,2012,2016,American Indian/Alaskan Native (includes Hispanic),
17,Illinois,17107,Logan,2012,2016,White (includes Hispanic),8.8
17,Illinois,17107,Logan,2013,2017,Asian/Pacific Islander (includes Hispanic),
17,Illinois,17107,Logan,2013,2017,Black (includes Hispanic),
17,Illinois,17107,Logan,2013,2017,Hispanic (all races),
17,Illinois,17107,Logan,2013,2017,American Indian/Alaskan Native (includes Hispanic),
17,Illinois,17107,Logan,2013,2017,White (includes Hispanic),8.3
17,Illinois,17107,Logan,2014,2018,Asian/Pacific Islander (includes Hispanic),
17,Illinois,17107,Logan,2014,2018,Black (includes Hispanic),
17,Illinois,17107,Logan,2014,2018,Hispanic (all races),
17,Illinois,17107,Logan,2014,2018,American Indian/Alaskan Native (includes Hispanic),
17,Illinois,17107,Logan,2014,2018,White (includes Hispanic),8.4
17,Illinois,17107,Logan,2015,2019,Asian/Pacific Islander (includes Hispanic),
17,Illinois,17107,Logan,2015,2019,Black (includes Hispanic),
17,Illinois,17107,Logan,2015,2019,Hispanic (all races),
17,Illinois,17107,Logan,2015,2019,American Indian/Alaskan Native (includes Hispanic),
17,Illinois,17107,Logan,2015,2019,White (includes Hispanic),8.2
17,Illinois,17107,Logan,2016,2020,Asian/Pacific Islander (includes Hispanic),
17,Illinois,17107,Logan,2016,2020,Black (includes Hispanic),
17,Illinois,17107,Logan,2016,2020,Hispanic (all races),
17,Illinois,17107,Logan,2016,2020,American Indian/Alaskan Native (includes Hispanic),
17,Illinois,17107,Logan,2016,2020,White (includes Hispanic),7.8
17,Illinois,17115,Macon,2011,2015,Asian/Pacific Islander (includes Hispanic),
17,Illinois,17115,Macon,2011,2015,Black (includes Hispanic),
17,Illinois,17115,Macon,2011,2015,Hispanic (all races),
17,Illinois,17115,Macon,2011,2015,American Indian/Alaskan Native (includes Hispanic),
17,Illinois,17115,Macon,2011,2015,White (includes Hispanic),10.0
17,Illinois,17115,Macon,2012,2016,Asian/Pacific Islander (includes Hispanic),
17,Illinois,17115,Macon,2012,2016,Black (includes Hispanic),
17,Illinois,17115,Macon,2012,2016,Hispanic (all races),
17,Illinois,17115,Macon,2012,2016,American Indian/Alaskan Native (includes Hispanic),
17,Illinois,17115,Macon,2012,2016,White (includes Hispanic),10.0
17,Illinois,17115,Macon,2013,2017,Asian/Pacific Islander (includes Hispanic),
17,Illinois,17115,Macon,2013,2017,Black (includes Hispanic),
17,Illinois,17115,Macon,2013,2017,Hispanic (all races),
17,Illinois,17115,Macon,2013,2017,American Indian/Alaskan Native (includes Hispanic),
17,Illinois,17115,Macon,2013,2017,White (includes Hispanic),8.8
17,Illinois,17115,Macon,2014,2018,Asian/Pacific Islander (includes Hispanic),
17,Illinois,17115,Macon,2014,2018,Black (includes Hispanic),
17,Illinois,17115,Macon,2014,2018,Hispanic (all races),
17,Illinois,17115,Macon,2014,2018,American Indian/Alaskan Native (includes Hispanic),
17,Illinois,17115,Macon,2014,2018,White (includes Hispanic),9.7
17,Illinois,17115,Macon,2015,2019,Asian/Pacific Islander (includes Hispanic),
17,Illinois,17115,Macon,2015,2019,Black (includes Hispanic),
17,Illinois,17115,Macon,2015,2019,Hispanic (all races),
17,Illinois,17115,Macon,2015,2019,American Indian/Alaskan Native (includes Hispanic),
17,Illinois,17115,Macon,2015,2019,White (includes Hispanic),9.0
17,Illinois,17115,Macon,2016,2020,Asian/Pacific Islander (includes Hispanic),
17,Illinois,17115,Macon,2016,2020,Black (includes Hispanic),
17,Illinois,17115,Macon,2016,2020,Hispanic (all races),
17,Illinois,17115,Macon,2016,2020,American Indian/Alaskan Native (includes Hispanic),
17,Illinois,17115,Macon,2016,2020,White (includes Hispanic),7.9
17,Illinois,17117,Macoupin,2011,2015,Asian/Pacific Islander (includes Hispanic),
17,Illinois,17117,Macoupin,2011,2015,Black (includes Hispanic),
17,Illinois,17117,Macoupin,2011,2015,Hispanic (all races),
17,Illinois,17117,Macoupin,2011,2015,American Indian/Alaskan Native (includes Hispanic),
17,Illinois,17117,Macoupin,2011,2015,White (includes Hispanic),8.0
17,Illinois,17117,Macoupin,2012,2016,Asian/Pacific Islander (includes Hispanic),
17,Illinois,17117,Macoupin,2012,2016,Black (includes Hispanic),
17,Illinois,17117,Macoupin,2012,2016,Hispanic (all races),
17,Illinois,17117,Macoupin,2012,2016,American Indian/Alaskan Native (includes Hispanic),
17,Illinois,17117,Macoupin,2012,2016,White (includes Hispanic),7.7
17,Illinois,17117,Macoupin,2013,2017,Asian/Pacific Islander (includes Hispanic),
17,Illinois,17117,Macoupin,2013,2017,Black (includes Hispanic),
17,Illinois,17117,Macoupin,2013,2017,Hispanic (all races),
17,Illinois,17117,Macoupin,2013,2017,American Indian/Alaskan Native (includes Hispanic),
17,Illinois,17117,Macoupin,2013,2017,White (includes Hispanic),7.0
17,Illinois,17117,Macoupin,2014,2018,Asian/Pacific Islander (includes Hispanic),
17,Illinois,17117,Macoupin,2014,2018,Black (includes Hispanic),
17,Illinois,17117,Macoupin,2014,2018,Hispanic (all races),
17,Illinois,17117,Macoupin,2014,2018,American Indian/Alaskan Native (includes Hispanic),
17,Illinois,17117,Macoupin,2014,2018,White (includes Hispanic),7.1
17,Illinois,17117,Macoupin,2015,2019,Asian/Pacific Islander (includes Hispanic),
17,Illinois,17117,Macoupin,2015,2019,Black (includes Hispanic),
17,Illinois,17117,Macoupin,2015,2019,Hispanic (all races),
17,Illinois,17117,Macoupin,2015,2019,American Indian/Alaskan Native (includes Hispanic),
17,Illinois,17117,Macoupin,2015,2019,White (includes Hispanic),7.7
17,Illinois,17117,Macoupin,2016,2020,Asian/Pacific Islander (includes Hispanic),
17,Illinois,17117,Macoupin,2016,2020,Black (includes Hispanic),
17,Illinois,17117,Macoupin,2016,2020,Hispanic (all races),
17,Illinois,17117,Macoupin,2016,2020,American Indian/Alaskan Native (includes Hispanic),
17,Illinois,17117,Macoupin,2016,2020,White (includes Hispanic),8.2
17,Illinois,17119,Madison,2011,2015,Asian/Pacific Islander (includes Hispanic),
17,Illinois,17119,Madison,2011,2015,Black (includes Hispanic),10.5
17,Illinois,17119,Madison,2011,2015,Hispanic (all races),
17,Illinois,17119,Madison,2011,2015,American Indian/Alaskan Native (includes Hispanic),
17,Illinois,17119,Madison,2011,2015,White (includes Hispanic),7.7
17,Illinois,17119,Madison,2012,2016,Asian/Pacific Islander (includes Hispanic),
17,Illinois,17119,Madison,2012,2016,Black (includes Hispanic),10.7
17,Illinois,17119,Madison,2012,2016,Hispanic (all races),
17,Illinois,17119,Madison,2012,2016,American Indian/Alaskan Native (includes Hispanic),
17,Illinois,17119,Madison,2012,2016,White (includes Hispanic),7.6
17,Illinois,17119,Madison,2013,2017,Asian/Pacific Islander (includes Hispanic),
17,Illinois,17119,Madison,2013,2017,Black (includes Hispanic),9.8
17,Illinois,17119,Madison,2013,2017,Hispanic (all races),
17,Illinois,17119,Madison,2013,2017,American Indian/Alaskan Native (includes Hispanic),
17,Illinois,17119,Madison,2013,2017,White (includes Hispanic),7.5
17,Illinois,17119,Madison,2014,2018,Asian/Pacific Islander (includes Hispanic),
17,Illinois,17119,Madison,2014,2018,Black (includes Hispanic),9.7
17,Illinois,17119,Madison,2014,2018,Hispanic (all races),
17,Illinois,17119,Madison,2014,2018,American Indian/Alaskan Native (includes Hispanic),
17,Illinois,17119,Madison,2014,2018,White (includes Hispanic),7.7
17,Illinois,17119,Madison,2015,2019,Asian/Pacific Islander (includes Hispanic),
17,Illinois,17119,Madison,2015,2019,Black (includes Hispanic),10.1
17,Illinois,17119,Madison,2015,2019,Hispanic (all races),
17,Illinois,17119,Madison,2015,2019,American Indian/Alaskan Native (includes Hispanic),
17,Illinois,17119,Madison,2015,2019,White (includes Hispanic),7.7
17,Illinois,17119,Madison,2016,2020,Asian/Pacific Islander (includes Hispanic),
17,Illinois,17119,Madison,2016,2020,Black (includes Hispanic),9.5
17,Illinois,17119,Madison,2016,2020,Hispanic (all races),
17,Illinois,17119,Madison,2016,2020,American Indian/Alaskan Native (includes Hispanic),
17,Illinois,17119,Madison,2016,2020,White (includes Hispanic),7.6
17,Illinois,17121,Marion,2011,2015,Asian/Pacific Islander (includes Hispanic),
17,Illinois,17121,Marion,2011,2015,Black (includes Hispanic),
17,Illinois,17121,Marion,2011,2015,Hispanic (all races),
17,Illinois,17121,Marion,2011,2015,American Indian/Alaskan Native (includes Hispanic),
17,Illinois,17121,Marion,2011,2015,White (includes Hispanic),9.1
17,Illinois,17121,Marion,2012,2016,Asian/Pacific Islander (includes Hispanic),
17,Illinois,17121,Marion,2012,2016,Black (includes Hispanic),
17,Illinois,17121,Marion,2012,2016,Hispanic (all races),
17,Illinois,17121,Marion,2012,2016,American Indian/Alaskan Native (includes Hispanic),
17,Illinois,17121,Marion,2012,2016,White (includes Hispanic),9.3
17,Illinois,17121,Marion,2013,2017,Asian/Pacific Islander (includes Hispanic),
17,Illinois,17121,Marion,2013,2017,Black (includes Hispanic),
17,Illinois,17121,Marion,2013,2017,Hispanic (all races),
17,Illinois,17121,Marion,2013,2017,American Indian/Alaskan Native (includes Hispanic),
17,Illinois,17121,Marion,2013,2017,White (includes Hispanic),10.6
17,Illinois,17121,Marion,2014,2018,Asian/Pacific Islander (includes Hispanic),
17,Illinois,17121,Marion,2014,2018,Black (includes Hispanic),
17,Illinois,17121,Marion,2014,2018,Hispanic (all races),
17,Illinois,17121,Marion,2014,2018,American Indian/Alaskan Native (includes Hispanic),
17,Illinois,17121,Marion,2014,2018,White (includes Hispanic),9.7
17,Illinois,17121,Marion,2015,2019,Asian/Pacific Islander (includes Hispanic),
17,Illinois,17121,Marion,2015,2019,Black (includes Hispanic),
17,Illinois,17121,Marion,2015,2019,Hispanic (all races),
17,Illinois,17121,Marion,2015,2019,American Indian/Alaskan Native (includes Hispanic),
17,Illinois,17121,Marion,2015,2019,White (includes Hispanic),8.2
17,Illinois,17121,Marion,2016,2020,Asian/Pacific Islander (includes Hispanic),
17,Illinois,17121,Marion,2016,2020,Black (includes Hispanic),
17,Illinois,17121,Marion,2016,2020,Hispanic (all races),
17,Illinois,17121,Marion,2016,2020,American Indian/Alaskan Native (includes Hispanic),
17,Illinois,17121,Marion,2016,2020,White (includes Hispanic),8.0
17,Illinois,17123,Marshall,2011,2015,Asian/Pacific Islander (includes Hispanic),
17,Illinois,17123,Marshall,2011,2015,Black (includes Hispanic),
17,Illinois,17123,Marshall,2011,2015,Hispanic (all races),
17,Illinois,17123,Marshall,2011,2015,American Indian/Alaskan Native (includes Hispanic),
17,Illinois,17123,Marshall,2011,2015,White (includes Hispanic),7.9
17,Illinois,17123,Marshall,2012,2016,Asian/Pacific Islander (includes Hispanic),
17,Illinois,17123,Marshall,2012,2016,Black (includes Hispanic),
17,Illinois,17123,Marshall,2012,2016,Hispanic (all races),
17,Illinois,17123,Marshall,2012,2016,American Indian/Alaskan Native (includes Hispanic),
17,Illinois,17123,Marshall,2012,2016,White (includes Hispanic),9.2
17,Illinois,17123,Marshall,2013,2017,Asian/Pacific Islander (includes Hispanic),
17,Illinois,17123,Marshall,2013,2017,Black (includes Hispanic),
17,Illinois,17123,Marshall,2013,2017,Hispanic (all races),
17,Illinois,17123,Marshall,2013,2017,American Indian/Alaskan Native (includes Hispanic),
17,Illinois,17123,Marshall,2013,2017,White (includes Hispanic),9.5
17,Illinois,17123,Marshall,2014,2018,Asian/Pacific Islander (includes Hispanic),
17,Illinois,17123,Marshall,2014,2018,Black (includes Hispanic),
17,Illinois,17123,Marshall,2014,2018,Hispanic (all races),
17,Illinois,17123,Marshall,2014,2018,American Indian/Alaskan Native (includes Hispanic),
17,Illinois,17123,Marshall,2014,2018,White (includes Hispanic),10.2
17,Illinois,17123,Marshall,2015,2019,Asian/Pacific Islander (includes Hispanic),
17,Illinois,17123,Marshall,2015,2019,Black (includes Hispanic),
17,Illinois,17123,Marshall,2015,2019,Hispanic (all races),
17,Illinois,17123,Marshall,2015,2019,American Indian/Alaskan Native (includes Hispanic),
17,Illinois,17123,Marshall,2015,2019,White (includes Hispanic),9.8
17,Illinois,17123,Marshall,2016,2020,Asian/Pacific Islander (includes Hispanic),
17,Illinois,17123,Marshall,2016,2020,Black (includes Hispanic),
17,Illinois,17123,Marshall,2016,2020,Hispanic (all races),
17,Illinois,17123,Marshall,2016,2020,American Indian/Alaskan Native (includes Hispanic),
17,Illinois,17123,Marshall,2016,2020,White (includes Hispanic),10.4
17,Illinois,17125,Mason,2011,2015,Asian/Pacific Islander (includes Hispanic),
17,Illinois,17125,Mason,2011,2015,Black (includes Hispanic),
17,Illinois,17125,Mason,2011,2015,Hispanic (all races),
17,Illinois,17125,Mason,2011,2015,American Indian/Alaskan Native (includes Hispanic),
17,Illinois,17125,Mason,2011,2015,White (includes Hispanic),8.1
17,Illinois,17125,Mason,2012,2016,Asian/Pacific Islander (includes Hispanic),
17,Illinois,17125,Mason,2012,2016,Black (includes Hispanic),
17,Illinois,17125,Mason,2012,2016,Hispanic (all races),
17,Illinois,17125,Mason,2012,2016,American Indian/Alaskan Native (includes Hispanic),
17,Illinois,17125,Mason,2012,2016,White (includes Hispanic),9.1
17,Illinois,17125,Mason,2013,2017,Asian/Pacific Islander (includes Hispanic),
17,Illinois,17125,Mason,2013,2017,Black (includes Hispanic),
17,Illinois,17125,Mason,2013,2017,Hispanic (all races),
17,Illinois,17125,Mason,2013,2017,American Indian/Alaskan Native (includes Hispanic),
17,Illinois,17125,Mason,2013,2017,White (includes Hispanic),10.6
17,Illinois,17125,Mason,2014,2018,Asian/Pacific Islander (includes Hispanic),
17,Illinois,17125,Mason,2014,2018,Black (includes Hispanic),
17,Illinois,17125,Mason,2014,2018,Hispanic (all races),
17,Illinois,17125,Mason,2014,2018,American Indian/Alaskan Native (includes Hispanic),
17,Illinois,17125,Mason,2014,2018,White (includes Hispanic),10.5
17,Illinois,17125,Mason,2015,2019,Asian/Pacific Islander (includes Hispanic),
17,Illinois,17125,Mason,2015,2019,Black (includes Hispanic),
17,Illinois,17125,Mason,2015,2019,Hispanic (all races),
17,Illinois,17125,Mason,2015,2019,American Indian/Alaskan Native (includes Hispanic),
17,Illinois,17125,Mason,2015,2019,White (includes Hispanic),11.5
17,Illinois,17125,Mason,2016,2020,Asian/Pacific Islander (includes Hispanic),
17,Illinois,17125,Mason,2016,2020,Black (includes Hispanic),
17,Illinois,17125,Mason,2016,2020,Hispanic (all races),
17,Illinois,17125,Mason,2016,2020,American Indian/Alaskan Native (includes Hispanic),
17,Illinois,17125,Mason,2016,2020,White (includes Hispanic),11.0
17,Illinois,17127,Massac,2011,2015,Asian/Pacific Islander (includes Hispanic),
17,Illinois,17127,Massac,2011,2015,Black (includes Hispanic),
17,Illinois,17127,Massac,2011,2015,Hispanic (all races),
17,Illinois,17127,Massac,2011,2015,American Indian/Alaskan Native (includes Hispanic),
17,Illinois,17127,Massac,2011,2015,White (includes Hispanic),11.0
17,Illinois,17127,Massac,2012,2016,Asian/Pacific Islander (includes Hispanic),
17,Illinois,17127,Massac,2012,2016,Black (includes Hispanic),
17,Illinois,17127,Massac,2012,2016,Hispanic (all races),
17,Illinois,17127,Massac,2012,2016,American Indian/Alaskan Native (includes Hispanic),
17,Illinois,17127,Massac,2012,2016,White (includes Hispanic),10.0
17,Illinois,17127,Massac,2013,2017,Asian/Pacific Islander (includes Hispanic),
17,Illinois,17127,Massac,2013,2017,Black (includes Hispanic),
17,Illinois,17127,Massac,2013,2017,Hispanic (all races),
17,Illinois,17127,Massac,2013,2017,American Indian/Alaskan Native (includes Hispanic),
17,Illinois,17127,Massac,2013,2017,White (includes Hispanic),9.0
17,Illinois,17127,Massac,2014,2018,Asian/Pacific Islander (includes Hispanic),
17,Illinois,17127,Massac,2014,2018,Black (includes Hispanic),
17,Illinois,17127,Massac,2014,2018,Hispanic (all races),
17,Illinois,17127,Massac,2014,2018,American Indian/Alaskan Native (includes Hispanic),
17,Illinois,17127,Massac,2014,2018,White (includes Hispanic),8.6
17,Illinois,17127,Massac,2015,2019,Asian/Pacific Islander (includes Hispanic),
17,Illinois,17127,Massac,2015,2019,Black (includes Hispanic),
17,Illinois,17127,Massac,2015,2019,Hispanic (all races),
17,Illinois,17127,Massac,2015,2019,American Indian/Alaskan Native (includes Hispanic),
17,Illinois,17127,Massac,2015,2019,White (includes Hispanic),8.9
17,Illinois,17127,Massac,2016,2020,Asian/Pacific Islander (includes Hispanic),
17,Illinois,17127,Massac,2016,2020,Black (includes Hispanic),
17,Illinois,17127,Massac,2016,2020,Hispanic (all races),
17,Illinois,17127,Massac,2016,2020,American Indian/Alaskan Native (includes Hispanic),
17,Illinois,17127,Massac,2016,2020,White (includes Hispanic),9.6
17,Illinois,17109,McDonough,2011,2015,Asian/Pacific Islander (includes Hispanic),
17,Illinois,17109,McDonough,2011,2015,Black (includes Hispanic),
17,Illinois,17109,McDonough,2011,2015,Hispanic (all races),
17,Illinois,17109,McDonough,2011,2015,American Indian/Alaskan Native (includes Hispanic),
17,Illinois,17109,McDonough,2011,2015,White (includes Hispanic),8.9
17,Illinois,17109,McDonough,2012,2016,Asian/Pacific Islander (includes Hispanic),
17,Illinois,17109,McDonough,2012,2016,Black (includes Hispanic),
17,Illinois,17109,McDonough,2012,2016,Hispanic (all races),
17,Illinois,17109,McDonough,2012,2016,American Indian/Alaskan Native (includes Hispanic),
17,Illinois,17109,McDonough,2012,2016,White (includes Hispanic),10.7
17,Illinois,17109,McDonough,2013,2017,Asian/Pacific Islander (includes Hispanic),
17,Illinois,17109,McDonough,2013,2017,Black (includes Hispanic),
17,Illinois,17109,McDonough,2013,2017,Hispanic (all races),
17,Illinois,17109,McDonough,2013,2017,American Indian/Alaskan Native (includes Hispanic),
17,Illinois,17109,McDonough,2013,2017,White (includes Hispanic),12.8
17,Illinois,17109,McDonough,2014,2018,Asian/Pacific Islander (includes Hispanic),
17,Illinois,17109,McDonough,2014,2018,Black (includes Hispanic),
17,Illinois,17109,McDonough,2014,2018,Hispanic (all races),
17,Illinois,17109,McDonough,2014,2018,American Indian/Alaskan Native (includes Hispanic),
17,Illinois,17109,McDonough,2014,2018,White (includes Hispanic),15.0
17,Illinois,17109,McDonough,2015,2019,Asian/Pacific Islander (includes Hispanic),
17,Illinois,17109,McDonough,2015,2019,Black (includes Hispanic),
17,Illinois,17109,McDonough,2015,2019,Hispanic (all races),
17,Illinois,17109,McDonough,2015,2019,American Indian/Alaskan Native (includes Hispanic),
17,Illinois,17109,McDonough,2015,2019,White (includes Hispanic),17.3
17,Illinois,17109,McDonough,2016,2020,Asian/Pacific Islander (includes Hispanic),
17,Illinois,17109,McDonough,2016,2020,Black (includes Hispanic),
17,Illinois,17109,McDonough,2016,2020,Hispanic (all races),
17,Illinois,17109,McDonough,2016,2020,American Indian/Alaskan Native (includes Hispanic),
17,Illinois,17109,McDonough,2016,2020,White (includes Hispanic),15.5
17,Illinois,17111,McHenry,2011,2015,Asian/Pacific Islander (includes Hispanic),4.5
17,Illinois,17111,McHenry,2011,2015,Black (includes Hispanic),11.1
17,Illinois,17111,McHenry,2011,2015,Hispanic (all races),10.1
17,Illinois,17111,McHenry,2011,2015,American Indian/Alaskan Native (includes Hispanic),
17,Illinois,17111,McHenry,2011,2015,White (includes Hispanic),7.1
17,Illinois,17111,McHenry,2012,2016,Asian/Pacific Islander (includes Hispanic),4.6
17,Illinois,17111,McHenry,2012,2016,Black (includes Hispanic),11.0
17,Illinois,17111,McHenry,2012,2016,Hispanic (all races),9.8
17,Illinois,17111,McHenry,2012,2016,American Indian/Alaskan Native (includes Hispanic),
17,Illinois,17111,McHenry,2012,2016,White (includes Hispanic),6.9
17,Illinois,17111,McHenry,2013,2017,Asian/Pacific Islander (includes Hispanic),5.0
17,Illinois,17111,McHenry,2013,2017,Black (includes Hispanic),11.0
17,Illinois,17111,McHenry,2013,2017,Hispanic (all races),10.1
17,Illinois,17111,McHenry,2013,2017,American Indian/Alaskan Native (includes Hispanic),
17,Illinois,17111,McHenry,2013,2017,White (includes Hispanic),7.1
17,Illinois,17111,McHenry,2014,2018,Asian/Pacific Islander (includes Hispanic),5.7
17,Illinois,17111,McHenry,2014,2018,Black (includes Hispanic),10.7
17,Illinois,17111,McHenry,2014,2018,Hispanic (all races),10.2
17,Illinois,17111,McHenry,2014,2018,American Indian/Alaskan Native (includes Hispanic),
17,Illinois,17111,McHenry,2014,2018,White (includes Hispanic),7.0
17,Illinois,17111,McHenry,2015,2019,Asian/Pacific Islander (includes Hispanic),5.8
17,Illinois,17111,McHenry,2015,2019,Black (includes Hispanic),10.2
17,Illinois,17111,McHenry,2015,2019,Hispanic (all races),10.2
17,Illinois,17111,McHenry,2015,2019,American Indian/Alaskan Native (includes Hispanic),
17,Illinois,17111,McHenry,2015,2019,White (includes Hispanic),6.9
17,Illinois,17111,McHenry,2016,2020,Asian/Pacific Islander (includes Hispanic),5.4
17,Illinois,17111,McHenry,2016,2020,Black (includes Hispanic),9.9
17,Illinois,17111,McHenry,2016,2020,Hispanic (all races),10.1
17,Illinois,17111,McHenry,2016,2020,American Indian/Alaskan Native (includes Hispanic),
17,Illinois,17111,McHenry,2016,2020,White (includes Hispanic),6.8
17,Illinois,17113,McLean,2011,2015,Asian/Pacific Islander (includes Hispanic),
17,Illinois,17113,McLean,2011,2015,Black (includes Hispanic),
17,Illinois,17113,McLean,2011,2015,Hispanic (all races),
17,Illinois,17113,McLean,2011,2015,American Indian/Alaskan Native (includes Hispanic),
17,Illinois,17113,McLean,2011,2015,White (includes Hispanic),7.2
17,Illinois,17113,McLean,2012,2016,Asian/Pacific Islander (includes Hispanic),
17,Illinois,17113,McLean,2012,2016,Black (includes Hispanic),
17,Illinois,17113,McLean,2012,2016,Hispanic (all races),
17,Illinois,17113,McLean,2012,2016,American Indian/Alaskan Native (includes Hispanic),
17,Illinois,17113,McLean,2012,2016,White (includes Hispanic),7.7
17,Illinois,17113,McLean,2013,2017,Asian/Pacific Islander (includes Hispanic),
17,Illinois,17113,McLean,2013,2017,Black (includes Hispanic),
17,Illinois,17113,McLean,2013,2017,Hispanic (all races),
17,Illinois,17113,McLean,2013,2017,American Indian/Alaskan Native (includes Hispanic),
17,Illinois,17113,McLean,2013,2017,White (includes Hispanic),8.2
17,Illinois,17113,McLean,2014,2018,Asian/Pacific Islander (includes Hispanic),
17,Illinois,17113,McLean,2014,2018,Black (includes Hispanic),
17,Illinois,17113,McLean,2014,2018,Hispanic (all races),
17,Illinois,17113,McLean,2014,2018,American Indian/Alaskan Native (includes Hispanic),
17,Illinois,17113,McLean,2014,2018,White (includes Hispanic),7.9
17,Illinois,17113,McLean,2015,2019,Asian/Pacific Islander (includes Hispanic),
17,Illinois,17113,McLean,2015,2019,Black (includes Hispanic),
17,Illinois,17113,McLean,2015,2019,Hispanic (all races),
17,Illinois,17113,McLean,2015,2019,American Indian/Alaskan Native (includes Hispanic),
17,Illinois,17113,McLean,2015,2019,White (includes Hispanic),7.3
17,Illinois,17113,McLean,2016,2020,Asian/Pacific Islander (includes Hispanic),
17,Illinois,17113,McLean,2016,2020,Black (includes Hispanic),
17,Illinois,17113,McLean,2016,2020,Hispanic (all races),
17,Illinois,17113,McLean,2016,2020,American Indian/Alaskan Native (includes Hispanic),
17,Illinois,17113,McLean,2016,2020,White (includes Hispanic),7.2
17,Illinois,17129,Menard,2011,2015,Asian/Pacific Islander (includes Hispanic),
17,Illinois,17129,Menard,2011,2015,Black (includes Hispanic),
17,Illinois,17129,Menard,2011,2015,Hispanic (all races),
17,Illinois,17129,Menard,2011,2015,American Indian/Alaskan Native (includes Hispanic),
17,Illinois,17129,Menard,2011,2015,White (includes Hispanic),7.9
17,Illinois,17129,Menard,2012,2016,Asian/Pacific Islander (includes Hispanic),
17,Illinois,17129,Menard,2012,2016,Black (includes Hispanic),
17,Illinois,17129,Menard,2012,2016,Hispanic (all races),
17,Illinois,17129,Menard,2012,2016,American Indian/Alaskan Native (includes Hispanic),
17,Illinois,17129,Menard,2012,2016,White (includes Hispanic),8.1
17,Illinois,17129,Menard,2013,2017,Asian/Pacific Islander (includes Hispanic),
17,Illinois,17129,Menard,2013,2017,Black (includes Hispanic),
17,Illinois,17129,Menard,2013,2017,Hispanic (all races),
17,Illinois,17129,Menard,2013,2017,American Indian/Alaskan Native (includes Hispanic),
17,Illinois,17129,Menard,2013,2017,White (includes Hispanic),7.4
17,Illinois,17129,Menard,2014,2018,Asian/Pacific Islander (includes Hispanic),
17,Illinois,17129,Menard,2014,2018,Black (includes Hispanic),
17,Illinois,17129,Menard,2014,2018,Hispanic (all races),
17,Illinois,17129,Menard,2014,2018,American Indian/Alaskan Native (includes Hispanic),
17,Illinois,17129,Menard,2014,2018,White (includes Hispanic),7.9
17,Illinois,17129,Menard,2015,2019,Asian/Pacific Islander (includes Hispanic),
17,Illinois,17129,Menard,2015,2019,Black (includes Hispanic),
17,Illinois,17129,Menard,2015,2019,Hispanic (all races),
17,Illinois,17129,Menard,2015,2019,American Indian/Alaskan Native (includes Hispanic),
17,Illinois,17129,Menard,2015,2019,White (includes Hispanic),7.7
17,Illinois,17129,Menard,2016,2020,Asian/Pacific Islander (includes Hispanic),
17,Illinois,17129,Menard,2016,2020,Black (includes Hispanic),
17,Illinois,17129,Menard,2016,2020,Hispanic (all races),
17,Illinois,17129,Menard,2016,2020,American Indian/Alaskan Native (includes Hispanic),
17,Illinois,17129,Menard,2016,2020,White (includes Hispanic),7.3
17,Illinois,17131,Mercer,2011,2015,Asian/Pacific Islander (includes Hispanic),
17,Illinois,17131,Mercer,2011,2015,Black (includes Hispanic),
17,Illinois,17131,Mercer,2011,2015,Hispanic (all races),
17,Illinois,17131,Mercer,2011,2015,American Indian/Alaskan Native (includes Hispanic),
17,Illinois,17131,Mercer,2011,2015,White (includes Hispanic),8.6
17,Illinois,17131,Mercer,2012,2016,Asian/Pacific Islander (includes Hispanic),
17,Illinois,17131,Mercer,2012,2016,Black (includes Hispanic),
17,Illinois,17131,Mercer,2012,2016,Hispanic (all races),
17,Illinois,17131,Mercer,2012,2016,American Indian/Alaskan Native (includes Hispanic),
17,Illinois,17131,Mercer,2012,2016,White (includes Hispanic),8.7
17,Illinois,17131,Mercer,2013,2017,Asian/Pacific Islander (includes Hispanic),
17,Illinois,17131,Mercer,2013,2017,Black (includes Hispanic),
17,Illinois,17131,Mercer,2013,2017,Hispanic (all races),
17,Illinois,17131,Mercer,2013,2017,American Indian/Alaskan Native (includes Hispanic),
17,Illinois,17131,Mercer,2013,2017,White (includes Hispanic),9.9
17,Illinois,17131,Mercer,2014,2018,Asian/Pacific Islander (includes Hispanic),
17,Illinois,17131,Mercer,2014,2018,Black (includes Hispanic),
17,Illinois,17131,Mercer,2014,2018,Hispanic (all races),
17,Illinois,17131,Mercer,2014,2018,American Indian/Alaskan Native (includes Hispanic),
17,Illinois,17131,Mercer,2014,2018,White (includes Hispanic),11.4
17,Illinois,17131,Mercer,2015,2019,Asian/Pacific Islander (includes Hispanic),
17,Illinois,17131,Mercer,2015,2019,Black (includes Hispanic),
17,Illinois,17131,Mercer,2015,2019,Hispanic (all races),
17,Illinois,17131,Mercer,2015,2019,American Indian/Alaskan Native (includes Hispanic),
17,Illinois,17131,Mercer,2015,2019,White (includes Hispanic),11.6
17,Illinois,17131,Mercer,2016,2020,Asian/Pacific Islander (includes Hispanic),
17,Illinois,17131,Mercer,2016,2020,Black (includes Hispanic),
17,Illinois,17131,Mercer,2016,2020,Hispanic (all races),
17,Illinois,17131,Mercer,2016,2020,American Indian/Alaskan Native (includes Hispanic),
17,Illinois,17131,Mercer,2016,2020,White (includes Hispanic),11.7
17,Illinois,17133,Monroe,2011,2015,Asian/Pacific Islander (includes Hispanic),
17,Illinois,17133,Monroe,2011,2015,Black (includes Hispanic),9.1
17,Illinois,17133,Monroe,2011,2015,Hispanic (all races),
17,Illinois,17133,Monroe,2011,2015,American Indian/Alaskan Native (includes Hispanic),
17,Illinois,17133,Monroe,2011,2015,White (includes Hispanic),6.6
17,Illinois,17133,Monroe,2012,2016,Asian/Pacific Islander (includes Hispanic),
17,Illinois,17133,Monroe,2012,2016,Black (includes Hispanic),9.4
17,Illinois,17133,Monroe,2012,2016,Hispanic (all races),
17,Illinois,17133,Monroe,2012,2016,American Indian/Alaskan Native (includes Hispanic),
17,Illinois,17133,Monroe,2012,2016,White (includes Hispanic),6.8
17,Illinois,17133,Monroe,2013,2017,Asian/Pacific Islander (includes Hispanic),
17,Illinois,17133,Monroe,2013,2017,Black (includes Hispanic),9.3
17,Illinois,17133,Monroe,2013,2017,Hispanic (all races),
17,Illinois,17133,Monroe,2013,2017,American Indian/Alaskan Native (includes Hispanic),
17,Illinois,17133,Monroe,2013,2017,White (includes Hispanic),7.1
17,Illinois,17133,Monroe,2014,2018,Asian/Pacific Islander (includes Hispanic),
17,Illinois,17133,Monroe,2014,2018,Black (includes Hispanic),8.8
17,Illinois,17133,Monroe,2014,2018,Hispanic (all races),
17,Illinois,17133,Monroe,2014,2018,American Indian/Alaskan Native (includes Hispanic),
17,Illinois,17133,Monroe,2014,2018,White (includes Hispanic),7.4
17,Illinois,17133,Monroe,2015,2019,Asian/Pacific Islander (includes Hispanic),
17,Illinois,17133,Monroe,2015,2019,Black (includes Hispanic),9.4
17,Illinois,17133,Monroe,2015,2019,Hispanic (all races),
17,Illinois,17133,Monroe,2015,2019,American Indian/Alaskan Native (includes Hispanic),
17,Illinois,17133,Monroe,2015,2019,White (includes Hispanic),7.8
17,Illinois,17133,Monroe,2016,2020,Asian/Pacific Islander (includes Hispanic),
17,Illinois,17133,Monroe,2016,2020,Black (includes Hispanic),8.9
17,Illinois,17133,Monroe,2016,2020,Hispanic (all races),
17,Illinois,17133,Monroe,2016,2020,American Indian/Alaskan Native (includes Hispanic),
17,Illinois,17133,Monroe,2016,2020,White (includes Hispanic),7.6
17,Illinois,17135,Montgomery,2011,2015,Asian/Pacific Islander (includes Hispanic),
17,Illinois,17135,Montgomery,2011,2015,Black (includes Hispanic),
17,Illinois,17135,Montgomery,2011,2015,Hispanic (all races),
17,Illinois,17135,Montgomery,2011,2015,American Indian/Alaskan Native (includes Hispanic),
17,Illinois,17135,Montgomery,2011,2015,White (includes Hispanic),8.9
17,Illinois,17135,Montgomery,2012,2016,Asian/Pacific Islander (includes Hispanic),
17,Illinois,17135,Montgomery,2012,2016,Black (includes Hispanic),
17,Illinois,17135,Montgomery,2012,2016,Hispanic (all races),
17,Illinois,17135,Montgomery,2012,2016,American Indian/Alaskan Native (includes Hispanic),
17,Illinois,17135,Montgomery,2012,2016,White (includes Hispanic),8.9
17,Illinois,17135,Montgomery,2013,2017,Asian/Pacific Islander (includes Hispanic),
17,Illinois,17135,Montgomery,2013,2017,Black (includes Hispanic),
17,Illinois,17135,Montgomery,2013,2017,Hispanic (all races),
17,Illinois,17135,Montgomery,2013,2017,American Indian/Alaskan Native (includes Hispanic),
17,Illinois,17135,Montgomery,2013,2017,White (includes Hispanic),7.9
17,Illinois,17135,Montgomery,2014,2018,Asian/Pacific Islander (includes Hispanic),
17,Illinois,17135,Montgomery,2014,2018,Black (includes Hispanic),
17,Illinois,17135,Montgomery,2014,2018,Hispanic (all races),
17,Illinois,17135,Montgomery,2014,2018,American Indian/Alaskan Native (includes Hispanic),
17,Illinois,17135,Montgomery,2014,2018,White (includes Hispanic),8.1
17,Illinois,17135,Montgomery,2015,2019,Asian/Pacific Islander (includes Hispanic),
17,Illinois,17135,Montgomery,2015,2019,Black (includes Hispanic),
17,Illinois,17135,Montgomery,2015,2019,Hispanic (all races),
17,Illinois,17135,Montgomery,2015,2019,American Indian/Alaskan Native (includes Hispanic),
17,Illinois,17135,Montgomery,2015,2019,White (includes Hispanic),8.1
17,Illinois,17135,Montgomery,2016,2020,Asian/Pacific Islander (includes Hispanic),
17,Illinois,17135,Montgomery,2016,2020,Black (includes Hispanic),
17,Illinois,17135,Montgomery,2016,2020,Hispanic (all races),
17,Illinois,17135,Montgomery,2016,2020,American Indian/Alaskan Native (includes Hispanic),
17,Illinois,17135,Montgomery,2016,2020,White (includes Hispanic),8.3
17,Illinois,17137,Morgan,2011,2015,Asian/Pacific Islander (includes Hispanic),
17,Illinois,17137,Morgan,2011,2015,Black (includes Hispanic),
17,Illinois,17137,Morgan,2011,2015,Hispanic (all races),
17,Illinois,17137,Morgan,2011,2015,American Indian/Alaskan Native (includes Hispanic),
17,Illinois,17137,Morgan,2011,2015,White (includes Hispanic),7.1
17,Illinois,17137,Morgan,2012,2016,Asian/Pacific Islander (includes Hispanic),
17,Illinois,17137,Morgan,2012,2016,Black (includes Hispanic),
17,Illinois,17137,Morgan,2012,2016,Hispanic (all races),
17,Illinois,17137,Morgan,2012,2016,American Indian/Alaskan Native (includes Hispanic),
17,Illinois,17137,Morgan,2012,2016,White (includes Hispanic),7.5
17,Illinois,17137,Morgan,2013,2017,Asian/Pacific Islander (includes Hispanic),
17,Illinois,17137,Morgan,2013,2017,Black (includes Hispanic),
17,Illinois,17137,Morgan,2013,2017,Hispanic (all races),
17,Illinois,17137,Morgan,2013,2017,American Indian/Alaskan Native (includes Hispanic),
17,Illinois,17137,Morgan,2013,2017,White (includes Hispanic),6.9
17,Illinois,17137,Morgan,2014,2018,Asian/Pacific Islander (includes Hispanic),
17,Illinois,17137,Morgan,2014,2018,Black (includes Hispanic),
17,Illinois,17137,Morgan,2014,2018,Hispanic (all races),
17,Illinois,17137,Morgan,2014,2018,American Indian/Alaskan Native (includes Hispanic),
17,Illinois,17137,Morgan,2014,2018,White (includes Hispanic),7.2
17,Illinois,17137,Morgan,2015,2019,Asian/Pacific Islander (includes Hispanic),
17,Illinois,17137,Morgan,2015,2019,Black (includes Hispanic),
17,Illinois,17137,Morgan,2015,2019,Hispanic (all races),
17,Illinois,17137,Morgan,2015,2019,American Indian/Alaskan Native (includes Hispanic),
17,Illinois,17137,Morgan,2015,2019,White (includes Hispanic),8.1
17,Illinois,17137,Morgan,2016,2020,Asian/Pacific Islander (includes Hispanic),
17,Illinois,17137,Morgan,2016,2020,Black (includes Hispanic),
17,Illinois,17137,Morgan,2016,2020,Hispanic (all races),
17,Illinois,17137,Morgan,2016,2020,American Indian/Alaskan Native (includes Hispanic),
17,Illinois,17137,Morgan,2016,2020,White (includes Hispanic),8.7
17,Illinois,17139,Moultrie,2011,2015,Asian/Pacific Islander (includes Hispanic),
17,Illinois,17139,Moultrie,2011,2015,Black (includes Hispanic),
17,Illinois,17139,Moultrie,2011,2015,Hispanic (all races),
17,Illinois,17139,Moultrie,2011,2015,American Indian/Alaskan Native (includes Hispanic),
17,Illinois,17139,Moultrie,2011,2015,White (includes Hispanic),10.4
17,Illinois,17139,Moultrie,2012,2016,Asian/Pacific Islander (includes Hispanic),
17,Illinois,17139,Moultrie,2012,2016,Black (includes Hispanic),
17,Illinois,17139,Moultrie,2012,2016,Hispanic (all races),
17,Illinois,17139,Moultrie,2012,2016,American Indian/Alaskan Native (includes Hispanic),
17,Illinois,17139,Moultrie,2012,2016,White (includes Hispanic),10.1
17,Illinois,17139,Moultrie,2013,2017,Asian/Pacific Islander (includes Hispanic),
17,Illinois,17139,Moultrie,2013,2017,Black (includes Hispanic),
17,Illinois,17139,Moultrie,2013,2017,Hispanic (all races),
17,Illinois,17139,Moultrie,2013,2017,American Indian/Alaskan Native (includes Hispanic),
17,Illinois,17139,Moultrie,2013,2017,White (includes Hispanic),8.6
17,Illinois,17139,Moultrie,2014,2018,Asian/Pacific Islander (includes Hispanic),
17,Illinois,17139,Moultrie,2014,2018,Black (includes Hispanic),
17,Illinois,17139,Moultrie,2014,2018,Hispanic (all races),
17,Illinois,17139,Moultrie,2014,2018,American Indian/Alaskan Native (includes Hispanic),
17,Illinois,17139,Moultrie,2014,2018,White (includes Hispanic),9.8
17,Illinois,17139,Moultrie,2015,2019,Asian/Pacific Islander (includes Hispanic),
17,Illinois,17139,Moultrie,2015,2019,Black (includes Hispanic),
17,Illinois,17139,Moultrie,2015,2019,Hispanic (all races),
17,Illinois,17139,Moultrie,2015,2019,American Indian/Alaskan Native (includes Hispanic),
17,Illinois,17139,Moultrie,2015,2019,White (includes Hispanic),8.7
17,Illinois,17139,Moultrie,2016,2020,Asian/Pacific Islander (includes Hispanic),
17,Illinois,17139,Moultrie,2016,2020,Black (includes Hispanic),
17,Illinois,17139,Moultrie,2016,2020,Hispanic (all races),
17,Illinois,17139,Moultrie,2016,2020,American Indian/Alaskan Native (includes Hispanic),
17,Illinois,17139,Moultrie,2016,2020,White (includes Hispanic),8.0
17,Illinois,17141,Ogle,2011,2015,Asian/Pacific Islander (includes Hispanic),
17,Illinois,17141,Ogle,2011,2015,Black (includes Hispanic),
17,Illinois,17141,Ogle,2011,2015,Hispanic (all races),
17,Illinois,17141,Ogle,2011,2015,American Indian/Alaskan Native (includes Hispanic),
17,Illinois,17141,Ogle,2011,2015,White (includes Hispanic),9.2
17,Illinois,17141,Ogle,2012,2016,Asian/Pacific Islander (includes Hispanic),
17,Illinois,17141,Ogle,2012,2016,Black (includes Hispanic),
17,Illinois,17141,Ogle,2012,2016,Hispanic (all races),
17,Illinois,17141,Ogle,2012,2016,American Indian/Alaskan Native (includes Hispanic),
17,Illinois,17141,Ogle,2012,2016,White (includes Hispanic),9.4
17,Illinois,17141,Ogle,2013,2017,Asian/Pacific Islander (includes Hispanic),
17,Illinois,17141,Ogle,2013,2017,Black (includes Hispanic),
17,Illinois,17141,Ogle,2013,2017,Hispanic (all races),
17,Illinois,17141,Ogle,2013,2017,American Indian/Alaskan Native (includes Hispanic),
17,Illinois,17141,Ogle,2013,2017,White (includes Hispanic),8.4
17,Illinois,17141,Ogle,2014,2018,Asian/Pacific Islander (includes Hispanic),
17,Illinois,17141,Ogle,2014,2018,Black (includes Hispanic),
17,Illinois,17141,Ogle,2014,2018,Hispanic (all races),
17,Illinois,17141,Ogle,2014,2018,American Indian/Alaskan Native (includes Hispanic),
17,Illinois,17141,Ogle,2014,2018,White (includes Hispanic),8.6
17,Illinois,17141,Ogle,2015,2019,Asian/Pacific Islander (includes Hispanic),
17,Illinois,17141,Ogle,2015,2019,Black (includes Hispanic),
17,Illinois,17141,Ogle,2015,2019,Hispanic (all races),
17,Illinois,17141,Ogle,2015,2019,American Indian/Alaskan Native (includes Hispanic),
17,Illinois,17141,Ogle,2015,2019,White (includes Hispanic),7.9
17,Illinois,17141,Ogle,2016,2020,Asian/Pacific Islander (includes Hispanic),
17,Illinois,17141,Ogle,2016,2020,Black (includes Hispanic),
17,Illinois,17141,Ogle,2016,2020,Hispanic (all races),
17,Illinois,17141,Ogle,2016,2020,American Indian/Alaskan Native (includes Hispanic),
17,Illinois,17141,Ogle,2016,2020,White (includes Hispanic),6.7
17,Illinois,17143,Peoria,2011,2015,Asian/Pacific Islander (includes Hispanic),
17,Illinois,17143,Peoria,2011,2015,Black (includes Hispanic),
17,Illinois,17143,Peoria,2011,2015,Hispanic (all races),
17,Illinois,17143,Peoria,2011,2015,American Indian/Alaskan Native (includes Hispanic),
17,Illinois,17143,Peoria,2011,2015,White (includes Hispanic),7.6
17,Illinois,17143,Peoria,2012,2016,Asian/Pacific Islander (includes Hispanic),
17,Illinois,17143,Peoria,2012,2016,Black (includes Hispanic),
17,Illinois,17143,Peoria,2012,2016,Hispanic (all races),
17,Illinois,17143,Peoria,2012,2016,American Indian/Alaskan Native (includes Hispanic),
17,Illinois,17143,Peoria,2012,2016,White (includes Hispanic),8.4
17,Illinois,17143,Peoria,2013,2017,Asian/Pacific Islander (includes Hispanic),
17,Illinois,17143,Peoria,2013,2017,Black (includes Hispanic),
17,Illinois,17143,Peoria,2013,2017,Hispanic (all races),
17,Illinois,17143,Peoria,2013,2017,American Indian/Alaskan Native (includes Hispanic),
17,Illinois,17143,Peoria,2013,2017,White (includes Hispanic),9.8
17,Illinois,17143,Peoria,2014,2018,Asian/Pacific Islander (includes Hispanic),
17,Illinois,17143,Peoria,2014,2018,Black (includes Hispanic),
17,Illinois,17143,Peoria,2014,2018,Hispanic (all races),
17,Illinois,17143,Peoria,2014,2018,American Indian/Alaskan Native (includes Hispanic),
17,Illinois,17143,Peoria,2014,2018,White (includes Hispanic),10.9
17,Illinois,17143,Peoria,2015,2019,Asian/Pacific Islander (includes Hispanic),
17,Illinois,17143,Peoria,2015,2019,Black (includes Hispanic),
17,Illinois,17143,Peoria,2015,2019,Hispanic (all races),
17,Illinois,17143,Peoria,2015,2019,American Indian/Alaskan Native (includes Hispanic),
17,Illinois,17143,Peoria,2015,2019,White (includes Hispanic),11.0
17,Illinois,17143,Peoria,2016,2020,Asian/Pacific Islander (includes Hispanic),
17,Illinois,17143,Peoria,2016,2020,Black (includes Hispanic),
17,Illinois,17143,Peoria,2016,2020,Hispanic (all races),
17,Illinois,17143,Peoria,2016,2020,American Indian/Alaskan Native (includes Hispanic),
17,Illinois,17143,Peoria,2016,2020,White (includes Hispanic),11.8
17,Illinois,17145,Perry,2011,2015,Asian/Pacific Islander (includes Hispanic),
17,Illinois,17145,Perry,2011,2015,Black (includes Hispanic),
17,Illinois,17145,Perry,2011,2015,Hispanic (all races),
17,Illinois,17145,Perry,2011,2015,American Indian/Alaskan Native (includes Hispanic),
17,Illinois,17145,Perry,2011,2015,White (includes Hispanic),8.4
17,Illinois,17145,Perry,2012,2016,Asian/Pacific Islander (includes Hispanic),
17,Illinois,17145,Perry,2012,2016,Black (includes Hispanic),
17,Illinois,17145,Perry,2012,2016,Hispanic (all races),
17,Illinois,17145,Perry,2012,2016,American Indian/Alaskan Native (includes Hispanic),
17,Illinois,17145,Perry,2012,2016,White (includes Hispanic),8.4
17,Illinois,17145,Perry,2013,2017,Asian/Pacific Islander (includes Hispanic),
17,Illinois,17145,Perry,2013,2017,Black (includes Hispanic),
17,Illinois,17145,Perry,2013,2017,Hispanic (all races),
17,Illinois,17145,Perry,2013,2017,American Indian/Alaskan Native (includes Hispanic),
17,Illinois,17145,Perry,2013,2017,White (includes Hispanic),8.9
17,Illinois,17145,Perry,2014,2018,Asian/Pacific Islander (includes Hispanic),
17,Illinois,17145,Perry,2014,2018,Black (includes Hispanic),
17,Illinois,17145,Perry,2014,2018,Hispanic (all races),
17,Illinois,17145,Perry,2014,2018,American Indian/Alaskan Native (includes Hispanic),
17,Illinois,17145,Perry,2014,2018,White (includes Hispanic),10.0
17,Illinois,17145,Perry,2015,2019,Asian/Pacific Islander (includes Hispanic),
17,Illinois,17145,Perry,2015,2019,Black (includes Hispanic),
17,Illinois,17145,Perry,2015,2019,Hispanic (all races),
17,Illinois,17145,Perry,2015,2019,American Indian/Alaskan Native (includes Hispanic),
17,Illinois,17145,Perry,2015,2019,White (includes Hispanic),8.7
17,Illinois,17145,Perry,2016,2020,Asian/Pacific Islander (includes Hispanic),
17,Illinois,17145,Perry,2016,2020,Black (includes Hispanic),
17,Illinois,17145,Perry,2016,2020,Hispanic (all races),
17,Illinois,17145,Perry,2016,2020,American Indian/Alaskan Native (includes Hispanic),
17,Illinois,17145,Perry,2016,2020,White (includes Hispanic),8.5
17,Illinois,17147,Piatt,2011,2015,Asian/Pacific Islander (includes Hispanic),
17,Illinois,17147,Piatt,2011,2015,Black (includes Hispanic),
17,Illinois,17147,Piatt,2011,2015,Hispanic (all races),
17,Illinois,17147,Piatt,2011,2015,American Indian/Alaskan Native (includes Hispanic),
17,Illinois,17147,Piatt,2011,2015,White (includes Hispanic),7.8
17,Illinois,17147,Piatt,2012,2016,Asian/Pacific Islander (includes Hispanic),
17,Illinois,17147,Piatt,2012,2016,Black (includes Hispanic),
17,Illinois,17147,Piatt,2012,2016,Hispanic (all races),
17,Illinois,17147,Piatt,2012,2016,American Indian/Alaskan Native (includes Hispanic),
17,Illinois,17147,Piatt,2012,2016,White (includes Hispanic),8.0
17,Illinois,17147,Piatt,2013,2017,Asian/Pacific Islander (includes Hispanic),
17,Illinois,17147,Piatt,2013,2017,Black (includes Hispanic),
17,Illinois,17147,Piatt,2013,2017,Hispanic (all races),
17,Illinois,17147,Piatt,2013,2017,American Indian/Alaskan Native (includes Hispanic),
17,Illinois,17147,Piatt,2013,2017,White (includes Hispanic),7.4
17,Illinois,17147,Piatt,2014,2018,Asian/Pacific Islander (includes Hispanic),
17,Illinois,17147,Piatt,2014,2018,Black (includes Hispanic),
17,Illinois,17147,Piatt,2014,2018,Hispanic (all races),
17,Illinois,17147,Piatt,2014,2018,American Indian/Alaskan Native (includes Hispanic),
17,Illinois,17147,Piatt,2014,2018,White (includes Hispanic),7.4
17,Illinois,17147,Piatt,2015,2019,Asian/Pacific Islander (includes Hispanic),
17,Illinois,17147,Piatt,2015,2019,Black (includes Hispanic),
17,Illinois,17147,Piatt,2015,2019,Hispanic (all races),
17,Illinois,17147,Piatt,2015,2019,American Indian/Alaskan Native (includes Hispanic),
17,Illinois,17147,Piatt,2015,2019,White (includes Hispanic),6.5
17,Illinois,17147,Piatt,2016,2020,Asian/Pacific Islander (includes Hispanic),
17,Illinois,17147,Piatt,2016,2020,Black (includes Hispanic),
17,Illinois,17147,Piatt,2016,2020,Hispanic (all races),
17,Illinois,17147,Piatt,2016,2020,American Indian/Alaskan Native (includes Hispanic),
17,Illinois,17147,Piatt,2016,2020,White (includes Hispanic),5.9
17,Illinois,17149,Pike,2011,2015,Asian/Pacific Islander (includes Hispanic),
17,Illinois,17149,Pike,2011,2015,Black (includes Hispanic),
17,Illinois,17149,Pike,2011,2015,Hispanic (all races),
17,Illinois,17149,Pike,2011,2015,American Indian/Alaskan Native (includes Hispanic),
17,Illinois,17149,Pike,2011,2015,White (includes Hispanic),7.4
17,Illinois,17149,Pike,2012,2016,Asian/Pacific Islander (includes Hispanic),
17,Illinois,17149,Pike,2012,2016,Black (includes Hispanic),
17,Illinois,17149,Pike,2012,2016,Hispanic (all races),
17,Illinois,17149,Pike,2012,2016,American Indian/Alaskan Native (includes Hispanic),
17,Illinois,17149,Pike,2012,2016,White (includes Hispanic),6.8
17,Illinois,17149,Pike,2013,2017,Asian/Pacific Islander (includes Hispanic),
17,Illinois,17149,Pike,2013,2017,Black (includes Hispanic),
17,Illinois,17149,Pike,2013,2017,Hispanic (all races),
17,Illinois,17149,Pike,2013,2017,American Indian/Alaskan Native (includes Hispanic),
17,Illinois,17149,Pike,2013,2017,White (includes Hispanic),7.3
17,Illinois,17149,Pike,2014,2018,Asian/Pacific Islander (includes Hispanic),
17,Illinois,17149,Pike,2014,2018,Black (includes Hispanic),
17,Illinois,17149,Pike,2014,2018,Hispanic (all races),
17,Illinois,17149,Pike,2014,2018,American Indian/Alaskan Native (includes Hispanic),
17,Illinois,17149,Pike,2014,2018,White (includes Hispanic),6.3
17,Illinois,17149,Pike,2015,2019,Asian/Pacific Islander (includes Hispanic),
17,Illinois,17149,Pike,2015,2019,Black (includes Hispanic),
17,Illinois,17149,Pike,2015,2019,Hispanic (all races),
17,Illinois,17149,Pike,2015,2019,American Indian/Alaskan Native (includes Hispanic),
17,Illinois,17149,Pike,2015,2019,White (includes Hispanic),7.3
17,Illinois,17149,Pike,2016,2020,Asian/Pacific Islander (includes Hispanic),
17,Illinois,17149,Pike,2016,2020,Black (includes Hispanic),
17,Illinois,17149,Pike,2016,2020,Hispanic (all races),
17,Illinois,17149,Pike,2016,2020,American Indian/Alaskan Native (includes Hispanic),
17,Illinois,17149,Pike,2016,2020,White (includes Hispanic),7.5
17,Illinois,17151,Pope,2011,2015,Asian/Pacific Islander (includes Hispanic),
17,Illinois,17151,Pope,2011,2015,Black (includes Hispanic),
17,Illinois,17151,Pope,2011,2015,Hispanic (all races),
17,Illinois,17151,Pope,2011,2015,American Indian/Alaskan Native (includes Hispanic),
17,Illinois,17151,Pope,2011,2015,White (includes Hispanic),10.8
17,Illinois,17151,Pope,2012,2016,Asian/Pacific Islander (includes Hispanic),
17,Illinois,17151,Pope,2012,2016,Black (includes Hispanic),
17,Illinois,17151,Pope,2012,2016,Hispanic (all races),
17,Illinois,17151,Pope,2012,2016,American Indian/Alaskan Native (includes Hispanic),
17,Illinois,17151,Pope,2012,2016,White (includes Hispanic),10.6
17,Illinois,17151,Pope,2013,2017,Asian/Pacific Islander (includes Hispanic),
17,Illinois,17151,Pope,2013,2017,Black (includes Hispanic),
17,Illinois,17151,Pope,2013,2017,Hispanic (all races),
17,Illinois,17151,Pope,2013,2017,American Indian/Alaskan Native (includes Hispanic),
17,Illinois,17151,Pope,2013,2017,White (includes Hispanic),8.8
17,Illinois,17151,Pope,2014,2018,Asian/Pacific Islander (includes Hispanic),
17,Illinois,17151,Pope,2014,2018,Black (includes Hispanic),
17,Illinois,17151,Pope,2014,2018,Hispanic (all races),
17,Illinois,17151,Pope,2014,2018,American Indian/Alaskan Native (includes Hispanic),
17,Illinois,17151,Pope,2014,2018,White (includes Hispanic),8.6
17,Illinois,17151,Pope,2015,2019,Asian/Pacific Islander (includes Hispanic),
17,Illinois,17151,Pope,2015,2019,Black (includes Hispanic),
17,Illinois,17151,Pope,2015,2019,Hispanic (all races),
17,Illinois,17151,Pope,2015,2019,American Indian/Alaskan Native (includes Hispanic),
17,Illinois,17151,Pope,2015,2019,White (includes Hispanic),7.9
17,Illinois,17151,Pope,2016,2020,Asian/Pacific Islander (includes Hispanic),
17,Illinois,17151,Pope,2016,2020,Black (includes Hispanic),
17,Illinois,17151,Pope,2016,2020,Hispanic (all races),
17,Illinois,17151,Pope,2016,2020,American Indian/Alaskan Native (includes Hispanic),
17,Illinois,17151,Pope,2016,2020,White (includes Hispanic),8.8
17,Illinois,17153,Pulaski,2011,2015,Asian/Pacific Islander (includes Hispanic),
17,Illinois,17153,Pulaski,2011,2015,Black (includes Hispanic),
17,Illinois,17153,Pulaski,2011,2015,Hispanic (all races),
17,Illinois,17153,Pulaski,2011,2015,American Indian/Alaskan Native (includes Hispanic),
17,Illinois,17153,Pulaski,2011,2015,White (includes Hispanic),10.1
17,Illinois,17153,Pulaski,2012,2016,Asian/Pacific Islander (includes Hispanic),
17,Illinois,17153,Pulaski,2012,2016,Black (includes Hispanic),
17,Illinois,17153,Pulaski,2012,2016,Hispanic (all races),
17,Illinois,17153,Pulaski,2012,2016,American Indian/Alaskan Native (includes Hispanic),
17,Illinois,17153,Pulaski,2012,2016,White (includes Hispanic),9.2
17,Illinois,17153,Pulaski,2013,2017,Asian/Pacific Islander (includes Hispanic),
17,Illinois,17153,Pulaski,2013,2017,Black (includes Hispanic),
17,Illinois,17153,Pulaski,2013,2017,Hispanic (all races),
17,Illinois,17153,Pulaski,2013,2017,American Indian/Alaskan Native (includes Hispanic),
17,Illinois,17153,Pulaski,2013,2017,White (includes Hispanic),8.9
17,Illinois,17153,Pulaski,2014,2018,Asian/Pacific Islander (includes Hispanic),
17,Illinois,17153,Pulaski,2014,2018,Black (includes Hispanic),
17,Illinois,17153,Pulaski,2014,2018,Hispanic (all races),
17,Illinois,17153,Pulaski,2014,2018,American Indian/Alaskan Native (includes Hispanic),
17,Illinois,17153,Pulaski,2014,2018,White (includes Hispanic),9.4
17,Illinois,17153,Pulaski,2015,2019,Asian/Pacific Islander (includes Hispanic),
17,Illinois,17153,Pulaski,2015,2019,Black (includes Hispanic),
17,Illinois,17153,Pulaski,2015,2019,Hispanic (all races),
17,Illinois,17153,Pulaski,2015,2019,American Indian/Alaskan Native (includes Hispanic),
17,Illinois,17153,Pulaski,2015,2019,White (includes Hispanic),8.9
17,Illinois,17153,Pulaski,2016,2020,Asian/Pacific Islander (includes Hispanic),
17,Illinois,17153,Pulaski,2016,2020,Black (includes Hispanic),
17,Illinois,17153,Pulaski,2016,2020,Hispanic (all races),
17,Illinois,17153,Pulaski,2016,2020,American Indian/Alaskan Native (includes Hispanic),
17,Illinois,17153,Pulaski,2016,2020,White (includes Hispanic),9.2
17,Illinois,17155,Putnam,2011,2015,Asian/Pacific Islander (includes Hispanic),
17,Illinois,17155,Putnam,2011,2015,Black (includes Hispanic),
17,Illinois,17155,Putnam,2011,2015,Hispanic (all races),
17,Illinois,17155,Putnam,2011,2015,American Indian/Alaskan Native (includes Hispanic),
17,Illinois,17155,Putnam,2011,2015,White (includes Hispanic),8.6
17,Illinois,17155,Putnam,2012,2016,Asian/Pacific Islander (includes Hispanic),
17,Illinois,17155,Putnam,2012,2016,Black (includes Hispanic),
17,Illinois,17155,Putnam,2012,2016,Hispanic (all races),
17,Illinois,17155,Putnam,2012,2016,American Indian/Alaskan Native (includes Hispanic),
17,Illinois,17155,Putnam,2012,2016,White (includes Hispanic),9.0
17,Illinois,17155,Putnam,2013,2017,Asian/Pacific Islander (includes Hispanic),
17,Illinois,17155,Putnam,2013,2017,Black (includes Hispanic),
17,Illinois,17155,Putnam,2013,2017,Hispanic (all races),
17,Illinois,17155,Putnam,2013,2017,American Indian/Alaskan Native (includes Hispanic),
17,Illinois,17155,Putnam,2013,2017,White (includes Hispanic),8.4
17,Illinois,17155,Putnam,2014,2018,Asian/Pacific Islander (includes Hispanic),
17,Illinois,17155,Putnam,2014,2018,Black (includes Hispanic),
17,Illinois,17155,Putnam,2014,2018,Hispanic (all races),
17,Illinois,17155,Putnam,2014,2018,American Indian/Alaskan Native (includes Hispanic),
17,Illinois,17155,Putnam,2014,2018,White (includes Hispanic),7.4
17,Illinois,17155,Putnam,2015,2019,Asian/Pacific Islander (includes Hispanic),
17,Illinois,17155,Putnam,2015,2019,Black (includes Hispanic),
17,Illinois,17155,Putnam,2015,2019,Hispanic (all races),
17,Illinois,17155,Putnam,2015,2019,American Indian/Alaskan Native (includes Hispanic),
17,Illinois,17155,Putnam,2015,2019,White (includes Hispanic),8.3
17,Illinois,17155,Putnam,2016,2020,Asian/Pacific Islander (includes Hispanic),
17,Illinois,17155,Putnam,2016,2020,Black (includes Hispanic),
17,Illinois,17155,Putnam,2016,2020,Hispanic (all races),
17,Illinois,17155,Putnam,2016,2020,American Indian/Alaskan Native (includes Hispanic),
17,Illinois,17155,Putnam,2016,2020,White (includes Hispanic),9.2
17,Illinois,17157,Randolph,2011,2015,Asian/Pacific Islander (includes Hispanic),
17,Illinois,17157,Randolph,2011,2015,Black (includes Hispanic),10.6
17,Illinois,17157,Randolph,2011,2015,Hispanic (all races),
17,Illinois,17157,Randolph,2011,2015,American Indian/Alaskan Native (includes Hispanic),
17,Illinois,17157,Randolph,2011,2015,White (includes Hispanic),6.3
17,Illinois,17157,Randolph,2012,2016,Asian/Pacific Islander (includes Hispanic),
17,Illinois,17157,Randolph,2012,2016,Black (includes Hispanic),12.4
17,Illinois,17157,Randolph,2012,2016,Hispanic (all races),
17,Illinois,17157,Randolph,2012,2016,American Indian/Alaskan Native (includes Hispanic),
17,Illinois,17157,Randolph,2012,2016,White (includes Hispanic),7.3
17,Illinois,17157,Randolph,2013,2017,Asian/Pacific Islander (includes Hispanic),
17,Illinois,17157,Randolph,2013,2017,Black (includes Hispanic),12.1
17,Illinois,17157,Randolph,2013,2017,Hispanic (all races),
17,Illinois,17157,Randolph,2013,2017,American Indian/Alaskan Native (includes Hispanic),
17,Illinois,17157,Randolph,2013,2017,White (includes Hispanic),8.0
17,Illinois,17157,Randolph,2014,2018,Asian/Pacific Islander (includes Hispanic),
17,Illinois,17157,Randolph,2014,2018,Black (includes Hispanic),11.0
17,Illinois,17157,Randolph,2014,2018,Hispanic (all races),
17,Illinois,17157,Randolph,2014,2018,American Indian/Alaskan Native (includes Hispanic),
17,Illinois,17157,Randolph,2014,2018,White (includes Hispanic),8.6
17,Illinois,17157,Randolph,2015,2019,Asian/Pacific Islander (includes Hispanic),
17,Illinois,17157,Randolph,2015,2019,Black (includes Hispanic),10.6
17,Illinois,17157,Randolph,2015,2019,Hispanic (all races),
17,Illinois,17157,Randolph,2015,2019,American Indian/Alaskan Native (includes Hispanic),
17,Illinois,17157,Randolph,2015,2019,White (includes Hispanic),8.5
17,Illinois,17157,Randolph,2016,2020,Asian/Pacific Islander (includes Hispanic),
17,Illinois,17157,Randolph,2016,2020,Black (includes Hispanic),8.2
17,Illinois,17157,Randolph,2016,2020,Hispanic (all races),
17,Illinois,17157,Randolph,2016,2020,American Indian/Alaskan Native (includes Hispanic),
17,Illinois,17157,Randolph,2016,2020,White (includes Hispanic),8.2
17,Illinois,17159,Richland,2011,2015,Asian/Pacific Islander (includes Hispanic),
17,Illinois,17159,Richland,2011,2015,Black (includes Hispanic),
17,Illinois,17159,Richland,2011,2015,Hispanic (all races),
17,Illinois,17159,Richland,2011,2015,American Indian/Alaskan Native (includes Hispanic),
17,Illinois,17159,Richland,2011,2015,White (includes Hispanic),6.6
17,Illinois,17159,Richland,2012,2016,Asian/Pacific Islander (includes Hispanic),
17,Illinois,17159,Richland,2012,2016,Black (includes Hispanic),
17,Illinois,17159,Richland,2012,2016,Hispanic (all races),
17,Illinois,17159,Richland,2012,2016,American Indian/Alaskan Native (includes Hispanic),
17,Illinois,17159,Richland,2012,2016,White (includes Hispanic),7.9
17,Illinois,17159,Richland,2013,2017,Asian/Pacific Islander (includes Hispanic),
17,Illinois,17159,Richland,2013,2017,Black (includes Hispanic),
17,Illinois,17159,Richland,2013,2017,Hispanic (all races),
17,Illinois,17159,Richland,2013,2017,American Indian/Alaskan Native (includes Hispanic),
17,Illinois,17159,Richland,2013,2017,White (includes Hispanic),10.2
17,Illinois,17159,Richland,2014,2018,Asian/Pacific Islander (includes Hispanic),
17,Illinois,17159,Richland,2014,2018,Black (includes Hispanic),
17,Illinois,17159,Richland,2014,2018,Hispanic (all races),
17,Illinois,17159,Richland,2014,2018,American Indian/Alaskan Native (includes Hispanic),
17,Illinois,17159,Richland,2014,2018,White (includes Hispanic),9.3
17,Illinois,17159,Richland,2015,2019,Asian/Pacific Islander (includes Hispanic),
17,Illinois,17159,Richland,2015,2019,Black (includes Hispanic),
17,Illinois,17159,Richland,2015,2019,Hispanic (all races),
17,Illinois,17159,Richland,2015,2019,American Indian/Alaskan Native (includes Hispanic),
17,Illinois,17159,Richland,2015,2019,White (includes Hispanic),8.7
17,Illinois,17159,Richland,2016,2020,Asian/Pacific Islander (includes Hispanic),
17,Illinois,17159,Richland,2016,2020,Black (includes Hispanic),
17,Illinois,17159,Richland,2016,2020,Hispanic (all races),
17,Illinois,17159,Richland,2016,2020,American Indian/Alaskan Native (includes Hispanic),
17,Illinois,17159,Richland,2016,2020,White (includes Hispanic),6.6
17,Illinois,17161,Rock Island,2011,2015,Asian/Pacific Islander (includes Hispanic),
17,Illinois,17161,Rock Island,2011,2015,Black (includes Hispanic),
17,Illinois,17161,Rock Island,2011,2015,Hispanic (all races),
17,Illinois,17161,Rock Island,2011,2015,American Indian/Alaskan Native (includes Hispanic),
17,Illinois,17161,Rock Island,2011,2015,White (includes Hispanic),8.3
17,Illinois,17161,Rock Island,2012,2016,Asian/Pacific Islander (includes Hispanic),
17,Illinois,17161,Rock Island,2012,2016,Black (includes Hispanic),
17,Illinois,17161,Rock Island,2012,2016,Hispanic (all races),
17,Illinois,17161,Rock Island,2012,2016,American Indian/Alaskan Native (includes Hispanic),
17,Illinois,17161,Rock Island,2012,2016,White (includes Hispanic),8.4
17,Illinois,17161,Rock Island,2013,2017,Asian/Pacific Islander (includes Hispanic),
17,Illinois,17161,Rock Island,2013,2017,Black (includes Hispanic),
17,Illinois,17161,Rock Island,2013,2017,Hispanic (all races),
17,Illinois,17161,Rock Island,2013,2017,American Indian/Alaskan Native (includes Hispanic),
17,Illinois,17161,Rock Island,2013,2017,White (includes Hispanic),9.3
17,Illinois,17161,Rock Island,2014,2018,Asian/Pacific Islander (includes Hispanic),
17,Illinois,17161,Rock Island,2014,2018,Black (includes Hispanic),
17,Illinois,17161,Rock Island,2014,2018,Hispanic (all races),
17,Illinois,17161,Rock Island,2014,2018,American Indian/Alaskan Native (includes Hispanic),
17,Illinois,17161,Rock Island,2014,2018,White (includes Hispanic),10.3
17,Illinois,17161,Rock Island,2015,2019,Asian/Pacific Islander (includes Hispanic),
17,Illinois,17161,Rock Island,2015,2019,Black (includes Hispanic),
17,Illinois,17161,Rock Island,2015,2019,Hispanic (all races),
17,Illinois,17161,Rock Island,2015,2019,American Indian/Alaskan Native (includes Hispanic),
17,Illinois,17161,Rock Island,2015,2019,White (includes Hispanic),10.0
17,Illinois,17161,Rock Island,2016,2020,Asian/Pacific Islander (includes Hispanic),
17,Illinois,17161,Rock Island,2016,2020,Black (includes Hispanic),
17,Illinois,17161,Rock Island,2016,2020,Hispanic (all races),
17,Illinois,17161,Rock Island,2016,2020,American Indian/Alaskan Native (includes Hispanic),
17,Illinois,17161,Rock Island,2016,2020,White (includes Hispanic),10.2
17,Illinois,17165,Saline,2011,2015,Asian/Pacific Islander (includes Hispanic),
17,Illinois,17165,Saline,2011,2015,Black (includes Hispanic),
17,Illinois,17165,Saline,2011,2015,Hispanic (all races),
17,Illinois,17165,Saline,2011,2015,American Indian/Alaskan Native (includes Hispanic),
17,Illinois,17165,Saline,2011,2015,White (includes Hispanic),10.8
17,Illinois,17165,Saline,2012,2016,Asian/Pacific Islander (includes Hispanic),
17,Illinois,17165,Saline,2012,2016,Black (includes Hispanic),
17,Illinois,17165,Saline,2012,2016,Hispanic (all races),
17,Illinois,17165,Saline,2012,2016,American Indian/Alaskan Native (includes Hispanic),
17,Illinois,17165,Saline,2012,2016,White (includes Hispanic),10.8
17,Illinois,17165,Saline,2013,2017,Asian/Pacific Islander (includes Hispanic),
17,Illinois,17165,Saline,2013,2017,Black (includes Hispanic),
17,Illinois,17165,Saline,2013,2017,Hispanic (all races),
17,Illinois,17165,Saline,2013,2017,American Indian/Alaskan Native (includes Hispanic),
17,Illinois,17165,Saline,2013,2017,White (includes Hispanic),9.4
17,Illinois,17165,Saline,2014,2018,Asian/Pacific Islander (includes Hispanic),
17,Illinois,17165,Saline,2014,2018,Black (includes Hispanic),
17,Illinois,17165,Saline,2014,2018,Hispanic (all races),
17,Illinois,17165,Saline,2014,2018,American Indian/Alaskan Native (includes Hispanic),
17,Illinois,17165,Saline,2014,2018,White (includes Hispanic),9.6
17,Illinois,17165,Saline,2015,2019,Asian/Pacific Islander (includes Hispanic),
17,Illinois,17165,Saline,2015,2019,Black (includes Hispanic),
17,Illinois,17165,Saline,2015,2019,Hispanic (all races),
17,Illinois,17165,Saline,2015,2019,American Indian/Alaskan Native (includes Hispanic),
17,Illinois,17165,Saline,2015,2019,White (includes Hispanic),9.0
17,Illinois,17165,Saline,2016,2020,Asian/Pacific Islander (includes Hispanic),
17,Illinois,17165,Saline,2016,2020,Black (includes Hispanic),
17,Illinois,17165,Saline,2016,2020,Hispanic (all races),
17,Illinois,17165,Saline,2016,2020,American Indian/Alaskan Native (includes Hispanic),
17,Illinois,17165,Saline,2016,2020,White (includes Hispanic),9.6
17,Illinois,17167,Sangamon,2011,2015,Asian/Pacific Islander (includes Hispanic),
17,Illinois,17167,Sangamon,2011,2015,Black (includes Hispanic),
17,Illinois,17167,Sangamon,2011,2015,Hispanic (all races),
17,Illinois,17167,Sangamon,2011,2015,American Indian/Alaskan Native (includes Hispanic),
17,Illinois,17167,Sangamon,2011,2015,White (includes Hispanic),9.0
17,Illinois,17167,Sangamon,2012,2016,Asian/Pacific Islander (includes Hispanic),
17,Illinois,17167,Sangamon,2012,2016,Black (includes Hispanic),
17,Illinois,17167,Sangamon,2012,2016,Hispanic (all races),
17,Illinois,17167,Sangamon,2012,2016,American Indian/Alaskan Native (includes Hispanic),
17,Illinois,17167,Sangamon,2012,2016,White (includes Hispanic),9.5
17,Illinois,17167,Sangamon,2013,2017,Asian/Pacific Islander (includes Hispanic),
17,Illinois,17167,Sangamon,2013,2017,Black (includes Hispanic),
17,Illinois,17167,Sangamon,2013,2017,Hispanic (all races),
17,Illinois,17167,Sangamon,2013,2017,American Indian/Alaskan Native (includes Hispanic),
17,Illinois,17167,Sangamon,2013,2017,White (includes Hispanic),8.9
17,Illinois,17167,Sangamon,2014,2018,Asian/Pacific Islander (includes Hispanic),
17,Illinois,17167,Sangamon,2014,2018,Black (includes Hispanic),
17,Illinois,17167,Sangamon,2014,2018,Hispanic (all races),
17,Illinois,17167,Sangamon,2014,2018,American Indian/Alaskan Native (includes Hispanic),
17,Illinois,17167,Sangamon,2014,2018,White (includes Hispanic),9.7
17,Illinois,17167,Sangamon,2015,2019,Asian/Pacific Islander (includes Hispanic),
17,Illinois,17167,Sangamon,2015,2019,Black (includes Hispanic),
17,Illinois,17167,Sangamon,2015,2019,Hispanic (all races),
17,Illinois,17167,Sangamon,2015,2019,American Indian/Alaskan Native (includes Hispanic),
17,Illinois,17167,Sangamon,2015,2019,White (includes Hispanic),10.2
17,Illinois,17167,Sangamon,2016,2020,Asian/Pacific Islander (includes Hispanic),
17,Illinois,17167,Sangamon,2016,2020,Black (includes Hispanic),
17,Illinois,17167,Sangamon,2016,2020,Hispanic (all races),
17,Illinois,17167,Sangamon,2016,2020,American Indian/Alaskan Native (includes Hispanic),
17,Illinois,17167,Sangamon,2016,2020,White (includes Hispanic),9.4
17,Illinois,17169,Schuyler,2011,2015,Asian/Pacific Islander (includes Hispanic),
17,Illinois,17169,Schuyler,2011,2015,Black (includes Hispanic),
17,Illinois,17169,Schuyler,2011,2015,Hispanic (all races),
17,Illinois,17169,Schuyler,2011,2015,American Indian/Alaskan Native (includes Hispanic),
17,Illinois,17169,Schuyler,2011,2015,White (includes Hispanic),9.3
17,Illinois,17169,Schuyler,2012,2016,Asian/Pacific Islander (includes Hispanic),
17,Illinois,17169,Schuyler,2012,2016,Black (includes Hispanic),
17,Illinois,17169,Schuyler,2012,2016,Hispanic (all races),
17,Illinois,17169,Schuyler,2012,2016,American Indian/Alaskan Native (includes Hispanic),
17,Illinois,17169,Schuyler,2012,2016,White (includes Hispanic),9.5
17,Illinois,17169,Schuyler,2013,2017,Asian/Pacific Islander (includes Hispanic),
17,Illinois,17169,Schuyler,2013,2017,Black (includes Hispanic),
17,Illinois,17169,Schuyler,2013,2017,Hispanic (all races),
17,Illinois,17169,Schuyler,2013,2017,American Indian/Alaskan Native (includes Hispanic),
17,Illinois,17169,Schuyler,2013,2017,White (includes Hispanic),10.1
17,Illinois,17169,Schuyler,2014,2018,Asian/Pacific Islander (includes Hispanic),
17,Illinois,17169,Schuyler,2014,2018,Black (includes Hispanic),
17,Illinois,17169,Schuyler,2014,2018,Hispanic (all races),
17,Illinois,17169,Schuyler,2014,2018,American Indian/Alaskan Native (includes Hispanic),
17,Illinois,17169,Schuyler,2014,2018,White (includes Hispanic),10.3
17,Illinois,17169,Schuyler,2015,2019,Asian/Pacific Islander (includes Hispanic),
17,Illinois,17169,Schuyler,2015,2019,Black (includes Hispanic),
17,Illinois,17169,Schuyler,2015,2019,Hispanic (all races),
17,Illinois,17169,Schuyler,2015,2019,American Indian/Alaskan Native (includes Hispanic),
17,Illinois,17169,Schuyler,2015,2019,White (includes Hispanic),11.5
17,Illinois,17169,Schuyler,2016,2020,Asian/Pacific Islander (includes Hispanic),
17,Illinois,17169,Schuyler,2016,2020,Black (includes Hispanic),
17,Illinois,17169,Schuyler,2016,2020,Hispanic (all races),
17,Illinois,17169,Schuyler,2016,2020,American Indian/Alaskan Native (includes Hispanic),
17,Illinois,17169,Schuyler,2016,2020,White (includes Hispanic),10.0
17,Illinois,17171,Scott,2011,2015,Asian/Pacific Islander (includes Hispanic),
17,Illinois,17171,Scott,2011,2015,Black (includes Hispanic),
17,Illinois,17171,Scott,2011,2015,Hispanic (all races),
17,Illinois,17171,Scott,2011,2015,American Indian/Alaskan Native (includes Hispanic),
17,Illinois,17171,Scott,2011,2015,White (includes Hispanic),
17,Illinois,17171,Scott,2012,2016,Asian/Pacific Islander (includes Hispanic),
17,Illinois,17171,Scott,2012,2016,Black (includes Hispanic),
17,Illinois,17171,Scott,2012,2016,Hispanic (all races),
17,Illinois,17171,Scott,2012,2016,American Indian/Alaskan Native (includes Hispanic),
17,Illinois,17171,Scott,2012,2016,White (includes Hispanic),
17,Illinois,17171,Scott,2013,2017,Asian/Pacific Islander (includes Hispanic),
17,Illinois,17171,Scott,2013,2017,Black (includes Hispanic),
17,Illinois,17171,Scott,2013,2017,Hispanic (all races),
17,Illinois,17171,Scott,2013,2017,American Indian/Alaskan Native (includes Hispanic),
17,Illinois,17171,Scott,2013,2017,White (includes Hispanic),
17,Illinois,17171,Scott,2014,2018,Asian/Pacific Islander (includes Hispanic),
17,Illinois,17171,Scott,2014,2018,Black (includes Hispanic),
17,Illinois,17171,Scott,2014,2018,Hispanic (all races),
17,Illinois,17171,Scott,2014,2018,American Indian/Alaskan Native (includes Hispanic),
17,Illinois,17171,Scott,2014,2018,White (includes Hispanic),
17,Illinois,17171,Scott,2015,2019,Asian/Pacific Islander (includes Hispanic),
17,Illinois,17171,Scott,2015,2019,Black (includes Hispanic),
17,Illinois,17171,Scott,2015,2019,Hispanic (all races),
17,Illinois,17171,Scott,2015,2019,American Indian/Alaskan Native (includes Hispanic),
17,Illinois,17171,Scott,2015,2019,White (includes Hispanic),
17,Illinois,17171,Scott,2016,2020,Asian/Pacific Islander (includes Hispanic),
17,Illinois,17171,Scott,2016,2020,Black (includes Hispanic),
17,Illinois,17171,Scott,2016,2020,Hispanic (all races),
17,Illinois,17171,Scott,2016,2020,American Indian/Alaskan Native (includes Hispanic),
17,Illinois,17171,Scott,2016,2020,White (includes Hispanic),
17,Illinois,17173,Shelby,2011,2015,Asian/Pacific Islander (includes Hispanic),
17,Illinois,17173,Shelby,2011,2015,Black (includes Hispanic),
17,Illinois,17173,Shelby,2011,2015,Hispanic (all races),
17,Illinois,17173,Shelby,2011,2015,American Indian/Alaskan Native (includes Hispanic),
17,Illinois,17173,Shelby,2011,2015,White (includes Hispanic),10.9
17,Illinois,17173,Shelby,2012,2016,Asian/Pacific Islander (includes Hispanic),
17,Illinois,17173,Shelby,2012,2016,Black (includes Hispanic),
17,Illinois,17173,Shelby,2012,2016,Hispanic (all races),
17,Illinois,17173,Shelby,2012,2016,American Indian/Alaskan Native (includes Hispanic),
17,Illinois,17173,Shelby,2012,2016,White (includes Hispanic),10.9
17,Illinois,17173,Shelby,2013,2017,Asian/Pacific Islander (includes Hispanic),
17,Illinois,17173,Shelby,2013,2017,Black (includes Hispanic),
17,Illinois,17173,Shelby,2013,2017,Hispanic (all races),
17,Illinois,17173,Shelby,2013,2017,American Indian/Alaskan Native (includes Hispanic),
17,Illinois,17173,Shelby,2013,2017,White (includes Hispanic),9.8
17,Illinois,17173,Shelby,2014,2018,Asian/Pacific Islander (includes Hispanic),
17,Illinois,17173,Shelby,2014,2018,Black (includes Hispanic),
17,Illinois,17173,Shelby,2014,2018,Hispanic (all races),
17,Illinois,17173,Shelby,2014,2018,American Indian/Alaskan Native (includes Hispanic),
17,Illinois,17173,Shelby,2014,2018,White (includes Hispanic),10.5
17,Illinois,17173,Shelby,2015,2019,Asian/Pacific Islander (includes Hispanic),
17,Illinois,17173,Shelby,2015,2019,Black (includes Hispanic),
17,Illinois,17173,Shelby,2015,2019,Hispanic (all races),
17,Illinois,17173,Shelby,2015,2019,American Indian/Alaskan Native (includes Hispanic),
17,Illinois,17173,Shelby,2015,2019,White (includes Hispanic),9.7
17,Illinois,17173,Shelby,2016,2020,Asian/Pacific Islander (includes Hispanic),
17,Illinois,17173,Shelby,2016,2020,Black (includes Hispanic),
17,Illinois,17173,Shelby,2016,2020,Hispanic (all races),
17,Illinois,17173,Shelby,2016,2020,American Indian/Alaskan Native (includes Hispanic),
17,Illinois,17173,Shelby,2016,2020,White (includes Hispanic),8.3
17,Illinois,17163,St. Clair,2011,2015,Asian/Pacific Islander (includes Hispanic),
17,Illinois,17163,St. Clair,2011,2015,Black (includes Hispanic),10.9
17,Illinois,17163,St. Clair,2011,2015,Hispanic (all races),
17,Illinois,17163,St. Clair,2011,2015,American Indian/Alaskan Native (includes Hispanic),
17,Illinois,17163,St. Clair,2011,2015,White (includes Hispanic),7.2
17,Illinois,17163,St. Clair,2012,2016,Asian/Pacific Islander (includes Hispanic),
17,Illinois,17163,St. Clair,2012,2016,Black (includes Hispanic),11.1
17,Illinois,17163,St. Clair,2012,2016,Hispanic (all races),
17,Illinois,17163,St. Clair,2012,2016,American Indian/Alaskan Native (includes Hispanic),
17,Illinois,17163,St. Clair,2012,2016,White (includes Hispanic),7.0
17,Illinois,17163,St. Clair,2013,2017,Asian/Pacific Islander (includes Hispanic),
17,Illinois,17163,St. Clair,2013,2017,Black (includes Hispanic),10.2
17,Illinois,17163,St. Clair,2013,2017,Hispanic (all races),
17,Illinois,17163,St. Clair,2013,2017,American Indian/Alaskan Native (includes Hispanic),
17,Illinois,17163,St. Clair,2013,2017,White (includes Hispanic),7.0
17,Illinois,17163,St. Clair,2014,2018,Asian/Pacific Islander (includes Hispanic),
17,Illinois,17163,St. Clair,2014,2018,Black (includes Hispanic),9.9
17,Illinois,17163,St. Clair,2014,2018,Hispanic (all races),
17,Illinois,17163,St. Clair,2014,2018,American Indian/Alaskan Native (includes Hispanic),
17,Illinois,17163,St. Clair,2014,2018,White (includes Hispanic),7.2
17,Illinois,17163,St. Clair,2015,2019,Asian/Pacific Islander (includes Hispanic),
17,Illinois,17163,St. Clair,2015,2019,Black (includes Hispanic),10.4
17,Illinois,17163,St. Clair,2015,2019,Hispanic (all races),
17,Illinois,17163,St. Clair,2015,2019,American Indian/Alaskan Native (includes Hispanic),
17,Illinois,17163,St. Clair,2015,2019,White (includes Hispanic),7.1
17,Illinois,17163,St. Clair,2016,2020,Asian/Pacific Islander (includes Hispanic),
17,Illinois,17163,St. Clair,2016,2020,Black (includes Hispanic),9.8
17,Illinois,17163,St. Clair,2016,2020,Hispanic (all races),
17,Illinois,17163,St. Clair,2016,2020,American Indian/Alaskan Native (includes Hispanic),
17,Illinois,17163,St. Clair,2016,2020,White (includes Hispanic),7.2
17,Illinois,17175,Stark,2011,2015,Asian/Pacific Islander (includes Hispanic),
17,Illinois,17175,Stark,2011,2015,Black (includes Hispanic),
17,Illinois,17175,Stark,2011,2015,Hispanic (all races),
17,Illinois,17175,Stark,2011,2015,American Indian/Alaskan Native (includes Hispanic),
17,Illinois,17175,Stark,2011,2015,White (includes Hispanic),7.5
17,Illinois,17175,Stark,2012,2016,Asian/Pacific Islander (includes Hispanic),
17,Illinois,17175,Stark,2012,2016,Black (includes Hispanic),
17,Illinois,17175,Stark,2012,2016,Hispanic (all races),
17,Illinois,17175,Stark,2012,2016,American Indian/Alaskan Native (includes Hispanic),
17,Illinois,17175,Stark,2012,2016,White (includes Hispanic),9.1
17,Illinois,17175,Stark,2013,2017,Asian/Pacific Islander (includes Hispanic),
17,Illinois,17175,Stark,2013,2017,Black (includes Hispanic),
17,Illinois,17175,Stark,2013,2017,Hispanic (all races),
17,Illinois,17175,Stark,2013,2017,American Indian/Alaskan Native (includes Hispanic),
17,Illinois,17175,Stark,2013,2017,White (includes Hispanic),11.2
17,Illinois,17175,Stark,2014,2018,Asian/Pacific Islander (includes Hispanic),
17,Illinois,17175,Stark,2014,2018,Black (includes Hispanic),
17,Illinois,17175,Stark,2014,2018,Hispanic (all races),
17,Illinois,17175,Stark,2014,2018,American Indian/Alaskan Native (includes Hispanic),
17,Illinois,17175,Stark,2014,2018,White (includes Hispanic),12.1
17,Illinois,17175,Stark,2015,2019,Asian/Pacific Islander (includes Hispanic),
17,Illinois,17175,Stark,2015,2019,Black (includes Hispanic),
17,Illinois,17175,Stark,2015,2019,Hispanic (all races),
17,Illinois,17175,Stark,2015,2019,American Indian/Alaskan Native (includes Hispanic),
17,Illinois,17175,Stark,2015,2019,White (includes Hispanic),12.4
17,Illinois,17175,Stark,2016,2020,Asian/Pacific Islander (includes Hispanic),
17,Illinois,17175,Stark,2016,2020,Black (includes Hispanic),
17,Illinois,17175,Stark,2016,2020,Hispanic (all races),
17,Illinois,17175,Stark,2016,2020,American Indian/Alaskan Native (includes Hispanic),
17,Illinois,17175,Stark,2016,2020,White (includes Hispanic),12.7
17,Illinois,17177,Stephenson,2011,2015,Asian/Pacific Islander (includes Hispanic),
17,Illinois,17177,Stephenson,2011,2015,Black (includes Hispanic),
17,Illinois,17177,Stephenson,2011,2015,Hispanic (all races),
17,Illinois,17177,Stephenson,2011,2015,American Indian/Alaskan Native (includes Hispanic),
17,Illinois,17177,Stephenson,2011,2015,White (includes Hispanic),8.8
17,Illinois,17177,Stephenson,2012,2016,Asian/Pacific Islander (includes Hispanic),
17,Illinois,17177,Stephenson,2012,2016,Black (includes Hispanic),
17,Illinois,17177,Stephenson,2012,2016,Hispanic (all races),
17,Illinois,17177,Stephenson,2012,2016,American Indian/Alaskan Native (includes Hispanic),
17,Illinois,17177,Stephenson,2012,2016,White (includes Hispanic),8.8
17,Illinois,17177,Stephenson,2013,2017,Asian/Pacific Islander (includes Hispanic),
17,Illinois,17177,Stephenson,2013,2017,Black (includes Hispanic),
17,Illinois,17177,Stephenson,2013,2017,Hispanic (all races),
17,Illinois,17177,Stephenson,2013,2017,American Indian/Alaskan Native (includes Hispanic),
17,Illinois,17177,Stephenson,2013,2017,White (includes Hispanic),8.2
17,Illinois,17177,Stephenson,2014,2018,Asian/Pacific Islander (includes Hispanic),
17,Illinois,17177,Stephenson,2014,2018,Black (includes Hispanic),
17,Illinois,17177,Stephenson,2014,2018,Hispanic (all races),
17,Illinois,17177,Stephenson,2014,2018,American Indian/Alaskan Native (includes Hispanic),
17,Illinois,17177,Stephenson,2014,2018,White (includes Hispanic),8.2
17,Illinois,17177,Stephenson,2015,2019,Asian/Pacific Islander (includes Hispanic),
17,Illinois,17177,Stephenson,2015,2019,Black (includes Hispanic),
17,Illinois,17177,Stephenson,2015,2019,Hispanic (all races),
17,Illinois,17177,Stephenson,2015,2019,American Indian/Alaskan Native (includes Hispanic),
17,Illinois,17177,Stephenson,2015,2019,White (includes Hispanic),7.3
17,Illinois,17177,Stephenson,2016,2020,Asian/Pacific Islander (includes Hispanic),
17,Illinois,17177,Stephenson,2016,2020,Black (includes Hispanic),
17,Illinois,17177,Stephenson,2016,2020,Hispanic (all races),
17,Illinois,17177,Stephenson,2016,2020,American Indian/Alaskan Native (includes Hispanic),
17,Illinois,17177,Stephenson,2016,2020,White (includes Hispanic),5.4
17,Illinois,17179,Tazewell,2011,2015,Asian/Pacific Islander (includes Hispanic),
17,Illinois,17179,Tazewell,2011,2015,Black (includes Hispanic),
17,Illinois,17179,Tazewell,2011,2015,Hispanic (all races),
17,Illinois,17179,Tazewell,2011,2015,American Indian/Alaskan Native (includes Hispanic),
17,Illinois,17179,Tazewell,2011,2015,White (includes Hispanic),7.1
17,Illinois,17179,Tazewell,2012,2016,Asian/Pacific Islander (includes Hispanic),
17,Illinois,17179,Tazewell,2012,2016,Black (includes Hispanic),
17,Illinois,17179,Tazewell,2012,2016,Hispanic (all races),
17,Illinois,17179,Tazewell,2012,2016,American Indian/Alaskan Native (includes Hispanic),
17,Illinois,17179,Tazewell,2012,2016,White (includes Hispanic),8.2
17,Illinois,17179,Tazewell,2013,2017,Asian/Pacific Islander (includes Hispanic),
17,Illinois,17179,Tazewell,2013,2017,Black (includes Hispanic),
17,Illinois,17179,Tazewell,2013,2017,Hispanic (all races),
17,Illinois,17179,Tazewell,2013,2017,American Indian/Alaskan Native (includes Hispanic),
17,Illinois,17179,Tazewell,2013,2017,White (includes Hispanic),9.2
17,Illinois,17179,Tazewell,2014,2018,Asian/Pacific Islander (includes Hispanic),
17,Illinois,17179,Tazewell,2014,2018,Black (includes Hispanic),
17,Illinois,17179,Tazewell,2014,2018,Hispanic (all races),
17,Illinois,17179,Tazewell,2014,2018,American Indian/Alaskan Native (includes Hispanic),
17,Illinois,17179,Tazewell,2014,2018,White (includes Hispanic),9.6
17,Illinois,17179,Tazewell,2015,2019,Asian/Pacific Islander (includes Hispanic),
17,Illinois,17179,Tazewell,2015,2019,Black (includes Hispanic),
17,Illinois,17179,Tazewell,2015,2019,Hispanic (all races),
17,Illinois,17179,Tazewell,2015,2019,American Indian/Alaskan Native (includes Hispanic),
17,Illinois,17179,Tazewell,2015,2019,White (includes Hispanic),9.4
17,Illinois,17179,Tazewell,2016,2020,Asian/Pacific Islander (includes Hispanic),
17,Illinois,17179,Tazewell,2016,2020,Black (includes Hispanic),
17,Illinois,17179,Tazewell,2016,2020,Hispanic (all races),
17,Illinois,17179,Tazewell,2016,2020,American Indian/Alaskan Native (includes Hispanic),
17,Illinois,17179,Tazewell,2016,2020,White (includes Hispanic),9.5
17,Illinois,17181,Union,2011,2015,Asian/Pacific Islander (includes Hispanic),
17,Illinois,17181,Union,2011,2015,Black (includes Hispanic),
17,Illinois,17181,Union,2011,2015,Hispanic (all races),
17,Illinois,17181,Union,2011,2015,American Indian/Alaskan Native (includes Hispanic),
17,Illinois,17181,Union,2011,2015,White (includes Hispanic),7.8
17,Illinois,17181,Union,2012,2016,Asian/Pacific Islander (includes Hispanic),
17,Illinois,17181,Union,2012,2016,Black (includes Hispanic),
17,Illinois,17181,Union,2012,2016,Hispanic (all races),
17,Illinois,17181,Union,2012,2016,American Indian/Alaskan Native (includes Hispanic),
17,Illinois,17181,Union,2012,2016,White (includes Hispanic),7.8
17,Illinois,17181,Union,2013,2017,Asian/Pacific Islander (includes Hispanic),
17,Illinois,17181,Union,2013,2017,Black (includes Hispanic),
17,Illinois,17181,Union,2013,2017,Hispanic (all races),
17,Illinois,17181,Union,2013,2017,American Indian/Alaskan Native (includes Hispanic),
17,Illinois,17181,Union,2013,2017,White (includes Hispanic),7.0
17,Illinois,17181,Union,2014,2018,Asian/Pacific Islander (includes Hispanic),
17,Illinois,17181,Union,2014,2018,Black (includes Hispanic),
17,Illinois,17181,Union,2014,2018,Hispanic (all races),
17,Illinois,17181,Union,2014,2018,American Indian/Alaskan Native (includes Hispanic),
17,Illinois,17181,Union,2014,2018,White (includes Hispanic),7.2
17,Illinois,17181,Union,2015,2019,Asian/Pacific Islander (includes Hispanic),
17,Illinois,17181,Union,2015,2019,Black (includes Hispanic),
17,Illinois,17181,Union,2015,2019,Hispanic (all races),
17,Illinois,17181,Union,2015,2019,American Indian/Alaskan Native (includes Hispanic),
17,Illinois,17181,Union,2015,2019,White (includes Hispanic),6.4
17,Illinois,17181,Union,2016,2020,Asian/Pacific Islander (includes Hispanic),
17,Illinois,17181,Union,2016,2020,Black (includes Hispanic),
17,Illinois,17181,Union,2016,2020,Hispanic (all races),
17,Illinois,17181,Union,2016,2020,American Indian/Alaskan Native (includes Hispanic),
17,Illinois,17181,Union,2016,2020,White (includes Hispanic),5.9
17,Illinois,17183,Vermilion,2011,2015,Asian/Pacific Islander (includes Hispanic),
17,Illinois,17183,Vermilion,2011,2015,Black (includes Hispanic),
17,Illinois,17183,Vermilion,2011,2015,Hispanic (all races),
17,Illinois,17183,Vermilion,2011,2015,American Indian/Alaskan Native (includes Hispanic),
17,Illinois,17183,Vermilion,2011,2015,White (includes Hispanic),8.0
17,Illinois,17183,Vermilion,2012,2016,Asian/Pacific Islander (includes Hispanic),
17,Illinois,17183,Vermilion,2012,2016,Black (includes Hispanic),
17,Illinois,17183,Vermilion,2012,2016,Hispanic (all races),
17,Illinois,17183,Vermilion,2012,2016,American Indian/Alaskan Native (includes Hispanic),
17,Illinois,17183,Vermilion,2012,2016,White (includes Hispanic),8.0
17,Illinois,17183,Vermilion,2013,2017,Asian/Pacific Islander (includes Hispanic),
17,Illinois,17183,Vermilion,2013,2017,Black (includes Hispanic),
17,Illinois,17183,Vermilion,2013,2017,Hispanic (all races),
17,Illinois,17183,Vermilion,2013,2017,American Indian/Alaskan Native (includes Hispanic),
17,Illinois,17183,Vermilion,2013,2017,White (includes Hispanic),7.5
17,Illinois,17183,Vermilion,2014,2018,Asian/Pacific Islander (includes Hispanic),
17,Illinois,17183,Vermilion,2014,2018,Black (includes Hispanic),
17,Illinois,17183,Vermilion,2014,2018,Hispanic (all races),
17,Illinois,17183,Vermilion,2014,2018,American Indian/Alaskan Native (includes Hispanic),
17,Illinois,17183,Vermilion,2014,2018,White (includes Hispanic),6.7
17,Illinois,17183,Vermilion,2015,2019,Asian/Pacific Islander (includes Hispanic),
17,Illinois,17183,Vermilion,2015,2019,Black (includes Hispanic),
17,Illinois,17183,Vermilion,2015,2019,Hispanic (all races),
17,Illinois,17183,Vermilion,2015,2019,American Indian/Alaskan Native (includes Hispanic),
17,Illinois,17183,Vermilion,2015,2019,White (includes Hispanic),6.3
17,Illinois,17183,Vermilion,2016,2020,Asian/Pacific Islander (includes Hispanic),
17,Illinois,17183,Vermilion,2016,2020,Black (includes Hispanic),
17,Illinois,17183,Vermilion,2016,2020,Hispanic (all races),
17,Illinois,17183,Vermilion,2016,2020,American Indian/Alaskan Native (includes Hispanic),
17,Illinois,17183,Vermilion,2016,2020,White (includes Hispanic),7.0
17,Illinois,17185,Wabash,2011,2015,Asian/Pacific Islander (includes Hispanic),
17,Illinois,17185,Wabash,2011,2015,Black (includes Hispanic),
17,Illinois,17185,Wabash,2011,2015,Hispanic (all races),
17,Illinois,17185,Wabash,2011,2015,American Indian/Alaskan Native (includes Hispanic),
17,Illinois,17185,Wabash,2011,2015,White (includes Hispanic),6.1
17,Illinois,17185,Wabash,2012,2016,Asian/Pacific Islander (includes Hispanic),
17,Illinois,17185,Wabash,2012,2016,Black (includes Hispanic),
17,Illinois,17185,Wabash,2012,2016,Hispanic (all races),
17,Illinois,17185,Wabash,2012,2016,American Indian/Alaskan Native (includes Hispanic),
17,Illinois,17185,Wabash,2012,2016,White (includes Hispanic),7.3
17,Illinois,17185,Wabash,2013,2017,Asian/Pacific Islander (includes Hispanic),
17,Illinois,17185,Wabash,2013,2017,Black (includes Hispanic),
17,Illinois,17185,Wabash,2013,2017,Hispanic (all races),
17,Illinois,17185,Wabash,2013,2017,American Indian/Alaskan Native (includes Hispanic),
17,Illinois,17185,Wabash,2013,2017,White (includes Hispanic),9.6
17,Illinois,17185,Wabash,2014,2018,Asian/Pacific Islander (includes Hispanic),
17,Illinois,17185,Wabash,2014,2018,Black (includes Hispanic),
17,Illinois,17185,Wabash,2014,2018,Hispanic (all races),
17,Illinois,17185,Wabash,2014,2018,American Indian/Alaskan Native (includes Hispanic),
17,Illinois,17185,Wabash,2014,2018,White (includes Hispanic),10.3
17,Illinois,17185,Wabash,2015,2019,Asian/Pacific Islander (includes Hispanic),
17,Illinois,17185,Wabash,2015,2019,Black (includes Hispanic),
17,Illinois,17185,Wabash,2015,2019,Hispanic (all races),
17,Illinois,17185,Wabash,2015,2019,American Indian/Alaskan Native (includes Hispanic),
17,Illinois,17185,Wabash,2015,2019,White (includes Hispanic),12.0
17,Illinois,17185,Wabash,2016,2020,Asian/Pacific Islander (includes Hispanic),
17,Illinois,17185,Wabash,2016,2020,Black (includes Hispanic),
17,Illinois,17185,Wabash,2016,2020,Hispanic (all races),
17,Illinois,17185,Wabash,2016,2020,American Indian/Alaskan Native (includes Hispanic),
17,Illinois,17185,Wabash,2016,2020,White (includes Hispanic),10.9
17,Illinois,17187,Warren,2011,2015,Asian/Pacific Islander (includes Hispanic),
17,Illinois,17187,Warren,2011,2015,Black (includes Hispanic),
17,Illinois,17187,Warren,2011,2015,Hispanic (all races),
17,Illinois,17187,Warren,2011,2015,American Indian/Alaskan Native (includes Hispanic),
17,Illinois,17187,Warren,2011,2015,White (includes Hispanic),8.3
17,Illinois,17187,Warren,2012,2016,Asian/Pacific Islander (includes Hispanic),
17,Illinois,17187,Warren,2012,2016,Black (includes Hispanic),
17,Illinois,17187,Warren,2012,2016,Hispanic (all races),
17,Illinois,17187,Warren,2012,2016,American Indian/Alaskan Native (includes Hispanic),
17,Illinois,17187,Warren,2012,2016,White (includes Hispanic),8.1
17,Illinois,17187,Warren,2013,2017,Asian/Pacific Islander (includes Hispanic),
17,Illinois,17187,Warren,2013,2017,Black (includes Hispanic),
17,Illinois,17187,Warren,2013,2017,Hispanic (all races),
17,Illinois,17187,Warren,2013,2017,American Indian/Alaskan Native (includes Hispanic),
17,Illinois,17187,Warren,2013,2017,White (includes Hispanic),10.1
17,Illinois,17187,Warren,2014,2018,Asian/Pacific Islander (includes Hispanic),
17,Illinois,17187,Warren,2014,2018,Black (includes Hispanic),
17,Illinois,17187,Warren,2014,2018,Hispanic (all races),
17,Illinois,17187,Warren,2014,2018,American Indian/Alaskan Native (includes Hispanic),
17,Illinois,17187,Warren,2014,2018,White (includes Hispanic),12.7
17,Illinois,17187,Warren,2015,2019,Asian/Pacific Islander (includes Hispanic),
17,Illinois,17187,Warren,2015,2019,Black (includes Hispanic),
17,Illinois,17187,Warren,2015,2019,Hispanic (all races),
17,Illinois,17187,Warren,2015,2019,American Indian/Alaskan Native (includes Hispanic),
17,Illinois,17187,Warren,2015,2019,White (includes Hispanic),14.1
17,Illinois,17187,Warren,2016,2020,Asian/Pacific Islander (includes Hispanic),
17,Illinois,17187,Warren,2016,2020,Black (includes Hispanic),
17,Illinois,17187,Warren,2016,2020,Hispanic (all races),
17,Illinois,17187,Warren,2016,2020,American Indian/Alaskan Native (includes Hispanic),
17,Illinois,17187,Warren,2016,2020,White (includes Hispanic),13.8
17,Illinois,17189,Washington,2011,2015,Asian/Pacific Islander (includes Hispanic),
17,Illinois,17189,Washington,2011,2015,Black (includes Hispanic),10.5
17,Illinois,17189,Washington,2011,2015,Hispanic (all races),
17,Illinois,17189,Washington,2011,2015,American Indian/Alaskan Native (includes Hispanic),
17,Illinois,17189,Washington,2011,2015,White (includes Hispanic),7.4
17,Illinois,17189,Washington,2012,2016,Asian/Pacific Islander (includes Hispanic),
17,Illinois,17189,Washington,2012,2016,Black (includes Hispanic),12.7
17,Illinois,17189,Washington,2012,2016,Hispanic (all races),
17,Illinois,17189,Washington,2012,2016,American Indian/Alaskan Native (includes Hispanic),
17,Illinois,17189,Washington,2012,2016,White (includes Hispanic),8.3
17,Illinois,17189,Washington,2013,2017,Asian/Pacific Islander (includes Hispanic),
17,Illinois,17189,Washington,2013,2017,Black (includes Hispanic),12.5
17,Illinois,17189,Washington,2013,2017,Hispanic (all races),
17,Illinois,17189,Washington,2013,2017,American Indian/Alaskan Native (includes Hispanic),
17,Illinois,17189,Washington,2013,2017,White (includes Hispanic),9.2
17,Illinois,17189,Washington,2014,2018,Asian/Pacific Islander (includes Hispanic),
17,Illinois,17189,Washington,2014,2018,Black (includes Hispanic),11.3
17,Illinois,17189,Washington,2014,2018,Hispanic (all races),
17,Illinois,17189,Washington,2014,2018,American Indian/Alaskan Native (includes Hispanic),
17,Illinois,17189,Washington,2014,2018,White (includes Hispanic),9.4
17,Illinois,17189,Washington,2015,2019,Asian/Pacific Islander (includes Hispanic),
17,Illinois,17189,Washington,2015,2019,Black (includes Hispanic),10.5
17,Illinois,17189,Washington,2015,2019,Hispanic (all races),
17,Illinois,17189,Washington,2015,2019,American Indian/Alaskan Native (includes Hispanic),
17,Illinois,17189,Washington,2015,2019,White (includes Hispanic),9.4
17,Illinois,17189,Washington,2016,2020,Asian/Pacific Islander (includes Hispanic),
17,Illinois,17189,Washington,2016,2020,Black (includes Hispanic),8.4
17,Illinois,17189,Washington,2016,2020,Hispanic (all races),
17,Illinois,17189,Washington,2016,2020,American Indian/Alaskan Native (includes Hispanic),
17,Illinois,17189,Washington,2016,2020,White (includes Hispanic),9.2
17,Illinois,17191,Wayne,2011,2015,Asian/Pacific Islander (includes Hispanic),
17,Illinois,17191,Wayne,2011,2015,Black (includes Hispanic),
17,Illinois,17191,Wayne,2011,2015,Hispanic (all races),
17,Illinois,17191,Wayne,2011,2015,American Indian/Alaskan Native (includes Hispanic),
17,Illinois,17191,Wayne,2011,2015,White (includes Hispanic),8.5
17,Illinois,17191,Wayne,2012,2016,Asian/Pacific Islander (includes Hispanic),
17,Illinois,17191,Wayne,2012,2016,Black (includes Hispanic),
17,Illinois,17191,Wayne,2012,2016,Hispanic (all races),
17,Illinois,17191,Wayne,2012,2016,American Indian/Alaskan Native (includes Hispanic),
17,Illinois,17191,Wayne,2012,2016,White (includes Hispanic),8.7
17,Illinois,17191,Wayne,2013,2017,Asian/Pacific Islander (includes Hispanic),
17,Illinois,17191,Wayne,2013,2017,Black (includes Hispanic),
17,Illinois,17191,Wayne,2013,2017,Hispanic (all races),
17,Illinois,17191,Wayne,2013,2017,American Indian/Alaskan Native (includes Hispanic),
17,Illinois,17191,Wayne,2013,2017,White (includes Hispanic),8.9
17,Illinois,17191,Wayne,2014,2018,Asian/Pacific Islander (includes Hispanic),
17,Illinois,17191,Wayne,2014,2018,Black (includes Hispanic),
17,Illinois,17191,Wayne,2014,2018,Hispanic (all races),
17,Illinois,17191,Wayne,2014,2018,American Indian/Alaskan Native (includes Hispanic),
17,Illinois,17191,Wayne,2014,2018,White (includes Hispanic),9.3
17,Illinois,17191,Wayne,2015,2019,Asian/Pacific Islander (includes Hispanic),
17,Illinois,17191,Wayne,2015,2019,Black (includes Hispanic),
17,Illinois,17191,Wayne,2015,2019,Hispanic (all races),
17,Illinois,17191,Wayne,2015,2019,American Indian/Alaskan Native (includes Hispanic),
17,Illinois,17191,Wayne,2015,2019,White (includes Hispanic),8.0
17,Illinois,17191,Wayne,2016,2020,Asian/Pacific Islander (includes Hispanic),
17,Illinois,17191,Wayne,2016,2020,Black (includes Hispanic),
17,Illinois,17191,Wayne,2016,2020,Hispanic (all races),
17,Illinois,17191,Wayne,2016,2020,American Indian/Alaskan Native (includes Hispanic),
17,Illinois,17191,Wayne,2016,2020,White (includes Hispanic),7.7
17,Illinois,17193,White,2011,2015,Asian/Pacific Islander (includes Hispanic),
17,Illinois,17193,White,2011,2015,Black (includes Hispanic),
17,Illinois,17193,White,2011,2015,Hispanic (all races),
17,Illinois,17193,White,2011,2015,American Indian/Alaskan Native (includes Hispanic),
17,Illinois,17193,White,2011,2015,White (includes Hispanic),6.7
17,Illinois,17193,White,2012,2016,Asian/Pacific Islander (includes Hispanic),
17,Illinois,17193,White,2012,2016,Black (includes Hispanic),
17,Illinois,17193,White,2012,2016,Hispanic (all races),
17,Illinois,17193,White,2012,2016,American Indian/Alaskan Native (includes Hispanic),
17,Illinois,17193,White,2012,2016,White (includes Hispanic),6.4
17,Illinois,17193,White,2013,2017,Asian/Pacific Islander (includes Hispanic),
17,Illinois,17193,White,2013,2017,Black (includes Hispanic),
17,Illinois,17193,White,2013,2017,Hispanic (all races),
17,Illinois,17193,White,2013,2017,American Indian/Alaskan Native (includes Hispanic),
17,Illinois,17193,White,2013,2017,White (includes Hispanic),8.0
17,Illinois,17193,White,2014,2018,Asian/Pacific Islander (includes Hispanic),
17,Illinois,17193,White,2014,2018,Black (includes Hispanic),
17,Illinois,17193,White,2014,2018,Hispanic (all races),
17,Illinois,17193,White,2014,2018,American Indian/Alaskan Native (includes Hispanic),
17,Illinois,17193,White,2014,2018,White (includes Hispanic),8.5
17,Illinois,17193,White,2015,2019,Asian/Pacific Islander (includes Hispanic),
17,Illinois,17193,White,2015,2019,Black (includes Hispanic),
17,Illinois,17193,White,2015,2019,Hispanic (all races),
17,Illinois,17193,White,2015,2019,American Indian/Alaskan Native (includes Hispanic),
17,Illinois,17193,White,2015,2019,White (includes Hispanic),8.8
17,Illinois,17193,White,2016,2020,Asian/Pacific Islander (includes Hispanic),
17,Illinois,17193,White,2016,2020,Black (includes Hispanic),
17,Illinois,17193,White,2016,2020,Hispanic (all races),
17,Illinois,17193,White,2016,2020,American Indian/Alaskan Native (includes Hispanic),
17,Illinois,17193,White,2016,2020,White (includes Hispanic),9.1
17,Illinois,17195,Whiteside,2011,2015,Asian/Pacific Islander (includes Hispanic),
17,Illinois,17195,Whiteside,2011,2015,Black (includes Hispanic),
17,Illinois,17195,Whiteside,2011,2015,Hispanic (all races),
17,Illinois,17195,Whiteside,2011,2015,American Indian/Alaskan Native (includes Hispanic),
17,Illinois,17195,Whiteside,2011,2015,White (includes Hispanic),7.7
17,Illinois,17195,Whiteside,2012,2016,Asian/Pacific Islander (includes Hispanic),
17,Illinois,17195,Whiteside,2012,2016,Black (includes Hispanic),
17,Illinois,17195,Whiteside,2012,2016,Hispanic (all races),
17,Illinois,17195,Whiteside,2012,2016,American Indian/Alaskan Native (includes Hispanic),
17,Illinois,17195,Whiteside,2012,2016,White (includes Hispanic),9.1
17,Illinois,17195,Whiteside,2013,2017,Asian/Pacific Islander (includes Hispanic),
17,Illinois,17195,Whiteside,2013,2017,Black (includes Hispanic),
17,Illinois,17195,Whiteside,2013,2017,Hispanic (all races),
17,Illinois,17195,Whiteside,2013,2017,American Indian/Alaskan Native (includes Hispanic),
17,Illinois,17195,Whiteside,2013,2017,White (includes Hispanic),9.3
17,Illinois,17195,Whiteside,2014,2018,Asian/Pacific Islander (includes Hispanic),
17,Illinois,17195,Whiteside,2014,2018,Black (includes Hispanic),
17,Illinois,17195,Whiteside,2014,2018,Hispanic (all races),
17,Illinois,17195,Whiteside,2014,2018,American Indian/Alaskan Native (includes Hispanic),
17,Illinois,17195,Whiteside,2014,2018,White (includes Hispanic),9.6
17,Illinois,17195,Whiteside,2015,2019,Asian/Pacific Islander (includes Hispanic),
17,Illinois,17195,Whiteside,2015,2019,Black (includes Hispanic),
17,Illinois,17195,Whiteside,2015,2019,Hispanic (all races),
17,Illinois,17195,Whiteside,2015,2019,American Indian/Alaskan Native (includes Hispanic),
17,Illinois,17195,Whiteside,2015,2019,White (includes Hispanic),9.8
17,Illinois,17195,Whiteside,2016,2020,Asian/Pacific Islander (includes Hispanic),
17,Illinois,17195,Whiteside,2016,2020,Black (includes Hispanic),
17,Illinois,17195,Whiteside,2016,2020,Hispanic (all races),
17,Illinois,17195,Whiteside,2016,2020,American Indian/Alaskan Native (includes Hispanic),
17,Illinois,17195,Whiteside,2016,2020,White (includes Hispanic),10.4
17,Illinois,17197,Will,2011,2015,Asian/Pacific Islander (includes Hispanic),4.6
17,Illinois,17197,Will,2011,2015,Black (includes Hispanic),10.6
17,Illinois,17197,Will,2011,2015,Hispanic (all races),10.2
17,Illinois,17197,Will,2011,2015,American Indian/Alaskan Native (includes Hispanic),
17,Illinois,17197,Will,2011,2015,White (includes Hispanic),7.1
17,Illinois,17197,Will,2012,2016,Asian/Pacific Islander (includes Hispanic),4.8
17,Illinois,17197,Will,2012,2016,Black (includes Hispanic),10.5
17,Illinois,17197,Will,2012,2016,Hispanic (all races),10.0
17,Illinois,17197,Will,2012,2016,American Indian/Alaskan Native (includes Hispanic),
17,Illinois,17197,Will,2012,2016,White (includes Hispanic),7.1
17,Illinois,17197,Will,2013,2017,Asian/Pacific Islander (includes Hispanic),4.8
17,Illinois,17197,Will,2013,2017,Black (includes Hispanic),10.4
17,Illinois,17197,Will,2013,2017,Hispanic (all races),10.3
17,Illinois,17197,Will,2013,2017,American Indian/Alaskan Native (includes Hispanic),
17,Illinois,17197,Will,2013,2017,White (includes Hispanic),7.3
17,Illinois,17197,Will,2014,2018,Asian/Pacific Islander (includes Hispanic),5.7
17,Illinois,17197,Will,2014,2018,Black (includes Hispanic),10.5
17,Illinois,17197,Will,2014,2018,Hispanic (all races),10.3
17,Illinois,17197,Will,2014,2018,American Indian/Alaskan Native (includes Hispanic),
17,Illinois,17197,Will,2014,2018,White (includes Hispanic),7.4
17,Illinois,17197,Will,2015,2019,Asian/Pacific Islander (includes Hispanic),5.5
17,Illinois,17197,Will,2015,2019,Black (includes Hispanic),10.1
17,Illinois,17197,Will,2015,2019,Hispanic (all races),10.6
17,Illinois,17197,Will,2015,2019,American Indian/Alaskan Native (includes Hispanic),
17,Illinois,17197,Will,2015,2019,White (includes Hispanic),7.2
17,Illinois,17197,Will,2016,2020,Asian/Pacific Islander (includes Hispanic),4.9
17,Illinois,17197,Will,2016,2020,Black (includes Hispanic),9.7
17,Illinois,17197,Will,2016,2020,Hispanic (all races),10.4
17,Illinois,17197,Will,2016,2020,American Indian/Alaskan Native (includes Hispanic),
17,Illinois,17197,Will,2016,2020,White (includes Hispanic),7.1
17,Illinois,17199,Williamson,2011,2015,Asian/Pacific Islander (includes Hispanic),
17,Illinois,17199,Williamson,2011,2015,Black (includes Hispanic),
17,Illinois,17199,Williamson,2011,2015,Hispanic (all races),
17,Illinois,17199,Williamson,2011,2015,American Indian/Alaskan Native (includes Hispanic),
17,Illinois,17199,Williamson,2011,2015,White (includes Hispanic),9.3
17,Illinois,17199,Williamson,2012,2016,Asian/Pacific Islander (includes Hispanic),
17,Illinois,17199,Williamson,2012,2016,Black (includes Hispanic),
17,Illinois,17199,Williamson,2012,2016,Hispanic (all races),
17,Illinois,17199,Williamson,2012,2016,American Indian/Alaskan Native (includes Hispanic),
17,Illinois,17199,Williamson,2012,2016,White (includes Hispanic),9.4
17,Illinois,17199,Williamson,2013,2017,Asian/Pacific Islander (includes Hispanic),
17,Illinois,17199,Williamson,2013,2017,Black (includes Hispanic),
17,Illinois,17199,Williamson,2013,2017,Hispanic (all races),
17,Illinois,17199,Williamson,2013,2017,American Indian/Alaskan Native (includes Hispanic),
17,Illinois,17199,Williamson,2013,2017,White (includes Hispanic),8.9
17,Illinois,17199,Williamson,2014,2018,Asian/Pacific Islander (includes Hispanic),
17,Illinois,17199,Williamson,2014,2018,Black (includes Hispanic),
17,Illinois,17199,Williamson,2014,2018,Hispanic (all races),
17,Illinois,17199,Williamson,2014,2018,American Indian/Alaskan Native (includes Hispanic),
17,Illinois,17199,Williamson,2014,2018,White (includes Hispanic),9.5
17,Illinois,17199,Williamson,2015,2019,Asian/Pacific Islander (includes Hispanic),
17,Illinois,17199,Williamson,2015,2019,Black (includes Hispanic),
17,Illinois,17199,Williamson,2015,2019,Hispanic (all races),
17,Illinois,17199,Williamson,2015,2019,American Indian/Alaskan Native (includes Hispanic),
17,Illinois,17199,Williamson,2015,2019,White (includes Hispanic),9.0
17,Illinois,17199,Williamson,2016,2020,Asian/Pacific Islander (includes Hispanic),
17,Illinois,17199,Williamson,2016,2020,Black (includes Hispanic),
17,Illinois,17199,Williamson,2016,2020,Hispanic (all races),
17,Illinois,17199,Williamson,2016,2020,American Indian/Alaskan Native (includes Hispanic),
17,Illinois,17199,Williamson,2016,2020,White (includes Hispanic),9.3
17,Illinois,17201,Winnebago,2011,2015,Asian/Pacific Islander (includes Hispanic),
17,Illinois,17201,Winnebago,2011,2015,Black (includes Hispanic),
17,Illinois,17201,Winnebago,2011,2015,Hispanic (all races),
17,Illinois,17201,Winnebago,2011,2015,American Indian/Alaskan Native (includes Hispanic),
17,Illinois,17201,Winnebago,2011,2015,White (includes Hispanic),8.8
17,Illinois,17201,Winnebago,2012,2016,Asian/Pacific Islander (includes Hispanic),
17,Illinois,17201,Winnebago,2012,2016,Black (includes Hispanic),
17,Illinois,17201,Winnebago,2012,2016,Hispanic (all races),
17,Illinois,17201,Winnebago,2012,2016,American Indian/Alaskan Native (includes Hispanic),
17,Illinois,17201,Winnebago,2012,2016,White (includes Hispanic),9.3
17,Illinois,17201,Winnebago,2013,2017,Asian/Pacific Islander (includes Hispanic),
17,Illinois,17201,Winnebago,2013,2017,Black (includes Hispanic),
17,Illinois,17201,Winnebago,2013,2017,Hispanic (all races),
17,Illinois,17201,Winnebago,2013,2017,American Indian/Alaskan Native (includes Hispanic),
17,Illinois,17201,Winnebago,2013,2017,White (includes Hispanic),8.7
17,Illinois,17201,Winnebago,2014,2018,Asian/Pacific Islander (includes Hispanic),
17,Illinois,17201,Winnebago,2014,2018,Black (includes Hispanic),
17,Illinois,17201,Winnebago,2014,2018,Hispanic (all races),
17,Illinois,17201,Winnebago,2014,2018,American Indian/Alaskan Native (includes Hispanic),
17,Illinois,17201,Winnebago,2014,2018,White (includes Hispanic),8.8
17,Illinois,17201,Winnebago,2015,2019,Asian/Pacific Islander (includes Hispanic),
17,Illinois,17201,Winnebago,2015,2019,Black (includes Hispanic),
17,Illinois,17201,Winnebago,2015,2019,Hispanic (all races),
17,Illinois,17201,Winnebago,2015,2019,American Indian/Alaskan Native (includes Hispanic),
17,Illinois,17201,Winnebago,2015,2019,White (includes Hispanic),7.9
17,Illinois,17201,Winnebago,2016,2020,Asian/Pacific Islander (includes Hispanic),
17,Illinois,17201,Winnebago,2016,2020,Black (includes Hispanic),
17,Illinois,17201,Winnebago,2016,2020,Hispanic (all races),
17,Illinois,17201,Winnebago,2016,2020,American Indian/Alaskan Native (includes Hispanic),
17,Illinois,17201,Winnebago,2016,2020,White (includes Hispanic),6.6
17,Illinois,17203,Woodford,2011,2015,Asian/Pacific Islander (includes Hispanic),
17,Illinois,17203,Woodford,2011,2015,Black (includes Hispanic),
17,Illinois,17203,Woodford,2011,2015,Hispanic (all races),
17,Illinois,17203,Woodford,2011,2015,American Indian/Alaskan Native (includes Hispanic),
17,Illinois,17203,Woodford,2011,2015,White (includes Hispanic),7.7
17,Illinois,17203,Woodford,2012,2016,Asian/Pacific Islander (includes Hispanic),
17,Illinois,17203,Woodford,2012,2016,Black (includes Hispanic),
17,Illinois,17203,Woodford,2012,2016,Hispanic (all races),
17,Illinois,17203,Woodford,2012,2016,American Indian/Alaskan Native (includes Hispanic),
17,Illinois,17203,Woodford,2012,2016,White (includes Hispanic),8.4
17,Illinois,17203,Woodford,2013,2017,Asian/Pacific Islander (includes Hispanic),
17,Illinois,17203,Woodford,2013,2017,Black (includes Hispanic),
17,Illinois,17203,Woodford,2013,2017,Hispanic (all races),
17,Illinois,17203,Woodford,2013,2017,American Indian/Alaskan Native (includes Hispanic),
17,Illinois,17203,Woodford,2013,2017,White (includes Hispanic),8.9
17,Illinois,17203,Woodford,2014,2018,Asian/Pacific Islander (includes Hispanic),
17,Illinois,17203,Woodford,2014,2018,Black (includes Hispanic),
17,Illinois,17203,Woodford,2014,2018,Hispanic (all races),
17,Illinois,17203,Woodford,2014,2018,American Indian/Alaskan Native (includes Hispanic),
17,Illinois,17203,Woodford,2014,2018,White (includes Hispanic),9.0
17,Illinois,17203,Woodford,2015,2019,Asian/Pacific Islander (includes Hispanic),
17,Illinois,17203,Woodford,2015,2019,Black (includes Hispanic),
17,Illinois,17203,Woodford,2015,2019,Hispanic (all races),
17,Illinois,17203,Woodford,2015,2019,American Indian/Alaskan Native (includes Hispanic),
17,Illinois,17203,Woodford,2015,2019,White (includes Hispanic),8.9
17,Illinois,17203,Woodford,2016,2020,Asian/Pacific Islander (includes Hispanic),
17,Illinois,17203,Woodford,2016,2020,Black (includes Hispanic),
17,Illinois,17203,Woodford,2016,2020,Hispanic (all races),
17,Illinois,17203,Woodford,2016,2020,American Indian/Alaskan Native (includes Hispanic),
17,Illinois,17203,Woodford,2016,2020,White (includes Hispanic),9.3
18,Indiana,18001,Adams,2011,2015,Asian/Pacific Islander (includes Hispanic),
18,Indiana,18001,Adams,2011,2015,Black (includes Hispanic),
18,Indiana,18001,Adams,2011,2015,Hispanic (all races),
18,Indiana,18001,Adams,2011,2015,American Indian/Alaskan Native (includes Hispanic),
18,Indiana,18001,Adams,2011,2015,White (includes Hispanic),7.6
18,Indiana,18001,Adams,2012,2016,Asian/Pacific Islander (includes Hispanic),
18,Indiana,18001,Adams,2012,2016,Black (includes Hispanic),
18,Indiana,18001,Adams,2012,2016,Hispanic (all races),
18,Indiana,18001,Adams,2012,2016,American Indian/Alaskan Native (includes Hispanic),
18,Indiana,18001,Adams,2012,2016,White (includes Hispanic),8.2
18,Indiana,18001,Adams,2013,2017,Asian/Pacific Islander (includes Hispanic),
18,Indiana,18001,Adams,2013,2017,Black (includes Hispanic),
18,Indiana,18001,Adams,2013,2017,Hispanic (all races),
18,Indiana,18001,Adams,2013,2017,American Indian/Alaskan Native (includes Hispanic),
18,Indiana,18001,Adams,2013,2017,White (includes Hispanic),8.6
18,Indiana,18001,Adams,2014,2018,Asian/Pacific Islander (includes Hispanic),
18,Indiana,18001,Adams,2014,2018,Black (includes Hispanic),
18,Indiana,18001,Adams,2014,2018,Hispanic (all races),
18,Indiana,18001,Adams,2014,2018,American Indian/Alaskan Native (includes Hispanic),
18,Indiana,18001,Adams,2014,2018,White (includes Hispanic),8.8
18,Indiana,18001,Adams,2015,2019,Asian/Pacific Islander (includes Hispanic),
18,Indiana,18001,Adams,2015,2019,Black (includes Hispanic),
18,Indiana,18001,Adams,2015,2019,Hispanic (all races),
18,Indiana,18001,Adams,2015,2019,American Indian/Alaskan Native (includes Hispanic),
18,Indiana,18001,Adams,2015,2019,White (includes Hispanic),9.0
18,Indiana,18003,Allen,2011,2015,Asian/Pacific Islander (includes Hispanic),
18,Indiana,18003,Allen,2011,2015,Black (includes Hispanic),
18,Indiana,18003,Allen,2011,2015,Hispanic (all races),
18,Indiana,18003,Allen,2011,2015,American Indian/Alaskan Native (includes Hispanic),
18,Indiana,18003,Allen,2011,2015,White (includes Hispanic),7.3
18,Indiana,18003,Allen,2012,2016,Asian/Pacific Islander (includes Hispanic),
18,Indiana,18003,Allen,2012,2016,Black (includes Hispanic),
18,Indiana,18003,Allen,2012,2016,Hispanic (all races),
18,Indiana,18003,Allen,2012,2016,American Indian/Alaskan Native (includes Hispanic),
18,Indiana,18003,Allen,2012,2016,White (includes Hispanic),7.9
18,Indiana,18003,Allen,2013,2017,Asian/Pacific Islander (includes Hispanic),
18,Indiana,18003,Allen,2013,2017,Black (includes Hispanic),
18,Indiana,18003,Allen,2013,2017,Hispanic (all races),
18,Indiana,18003,Allen,2013,2017,American Indian/Alaskan Native (includes Hispanic),
18,Indiana,18003,Allen,2013,2017,White (includes Hispanic),8.0
18,Indiana,18003,Allen,2014,2018,Asian/Pacific Islander (includes Hispanic),
18,Indiana,18003,Allen,2014,2018,Black (includes Hispanic),
18,Indiana,18003,Allen,2014,2018,Hispanic (all races),
18,Indiana,18003,Allen,2014,2018,American Indian/Alaskan Native (includes Hispanic),
18,Indiana,18003,Allen,2014,2018,White (includes Hispanic),8.7
18,Indiana,18003,Allen,2015,2019,Asian/Pacific Islander (includes Hispanic),
18,Indiana,18003,Allen,2015,2019,Black (includes Hispanic),
18,Indiana,18003,Allen,2015,2019,Hispanic (all races),
18,Indiana,18003,Allen,2015,2019,American Indian/Alaskan Native (includes Hispanic),
18,Indiana,18003,Allen,2015,2019,White (includes Hispanic),9.0
18,Indiana,18005,Bartholomew,2011,2015,Asian/Pacific Islander (includes Hispanic),
18,Indiana,18005,Bartholomew,2011,2015,Black (includes Hispanic),
18,Indiana,18005,Bartholomew,2011,2015,Hispanic (all races),
18,Indiana,18005,Bartholomew,2011,2015,American Indian/Alaskan Native (includes Hispanic),
18,Indiana,18005,Bartholomew,2011,2015,White (includes Hispanic),6.9
18,Indiana,18005,Bartholomew,2012,2016,Asian/Pacific Islander (includes Hispanic),
18,Indiana,18005,Bartholomew,2012,2016,Black (includes Hispanic),
18,Indiana,18005,Bartholomew,2012,2016,Hispanic (all races),
18,Indiana,18005,Bartholomew,2012,2016,American Indian/Alaskan Native (includes Hispanic),
18,Indiana,18005,Bartholomew,2012,2016,White (includes Hispanic),7.3
18,Indiana,18005,Bartholomew,2013,2017,Asian/Pacific Islander (includes Hispanic),
18,Indiana,18005,Bartholomew,2013,2017,Black (includes Hispanic),
18,Indiana,18005,Bartholomew,2013,2017,Hispanic (all races),
18,Indiana,18005,Bartholomew,2013,2017,American Indian/Alaskan Native (includes Hispanic),
18,Indiana,18005,Bartholomew,2013,2017,White (includes Hispanic),7.1
18,Indiana,18005,Bartholomew,2014,2018,Asian/Pacific Islander (includes Hispanic),
18,Indiana,18005,Bartholomew,2014,2018,Black (includes Hispanic),
18,Indiana,18005,Bartholomew,2014,2018,Hispanic (all races),
18,Indiana,18005,Bartholomew,2014,2018,American Indian/Alaskan Native (includes Hispanic),
18,Indiana,18005,Bartholomew,2014,2018,White (includes Hispanic),6.9
18,Indiana,18005,Bartholomew,2015,2019,Asian/Pacific Islander (includes Hispanic),
18,Indiana,18005,Bartholomew,2015,2019,Black (includes Hispanic),
18,Indiana,18005,Bartholomew,2015,2019,Hispanic (all races),
18,Indiana,18005,Bartholomew,2015,2019,American Indian/Alaskan Native (includes Hispanic),
18,Indiana,18005,Bartholomew,2015,2019,White (includes Hispanic),8.0
18,Indiana,18007,Benton,2011,2015,Asian/Pacific Islander (includes Hispanic),
18,Indiana,18007,Benton,2011,2015,Black (includes Hispanic),
18,Indiana,18007,Benton,2011,2015,Hispanic (all races),
18,Indiana,18007,Benton,2011,2015,American Indian/Alaskan Native (includes Hispanic),
18,Indiana,18007,Benton,2011,2015,White (includes Hispanic),8.1
18,Indiana,18007,Benton,2012,2016,Asian/Pacific Islander (includes Hispanic),
18,Indiana,18007,Benton,2012,2016,Black (includes Hispanic),
18,Indiana,18007,Benton,2012,2016,Hispanic (all races),
18,Indiana,18007,Benton,2012,2016,American Indian/Alaskan Native (includes Hispanic),
18,Indiana,18007,Benton,2012,2016,White (includes Hispanic),7.7
18,Indiana,18007,Benton,2013,2017,Asian/Pacific Islander (includes Hispanic),
18,Indiana,18007,Benton,2013,2017,Black (includes Hispanic),
18,Indiana,18007,Benton,2013,2017,Hispanic (all races),
18,Indiana,18007,Benton,2013,2017,American Indian/Alaskan Native (includes Hispanic),
18,Indiana,18007,Benton,2013,2017,White (includes Hispanic),7.9
18,Indiana,18007,Benton,2014,2018,Asian/Pacific Islander (includes Hispanic),
18,Indiana,18007,Benton,2014,2018,Black (includes Hispanic),
18,Indiana,18007,Benton,2014,2018,Hispanic (all races),
18,Indiana,18007,Benton,2014,2018,American Indian/Alaskan Native (includes Hispanic),
18,Indiana,18007,Benton,2014,2018,White (includes Hispanic),8.1
18,Indiana,18007,Benton,2015,2019,Asian/Pacific Islander (includes Hispanic),
18,Indiana,18007,Benton,2015,2019,Black (includes Hispanic),
18,Indiana,18007,Benton,2015,2019,Hispanic (all races),
18,Indiana,18007,Benton,2015,2019,American Indian/Alaskan Native (includes Hispanic),
18,Indiana,18007,Benton,2015,2019,White (includes Hispanic),8.6
18,Indiana,18009,Blackford,2011,2015,Asian/Pacific Islander (includes Hispanic),
18,Indiana,18009,Blackford,2011,2015,Black (includes Hispanic),
18,Indiana,18009,Blackford,2011,2015,Hispanic (all races),
18,Indiana,18009,Blackford,2011,2015,American Indian/Alaskan Native (includes Hispanic),
18,Indiana,18009,Blackford,2011,2015,White (includes Hispanic),8.2
18,Indiana,18009,Blackford,2012,2016,Asian/Pacific Islander (includes Hispanic),
18,Indiana,18009,Blackford,2012,2016,Black (includes Hispanic),
18,Indiana,18009,Blackford,2012,2016,Hispanic (all races),
18,Indiana,18009,Blackford,2012,2016,American Indian/Alaskan Native (includes Hispanic),
18,Indiana,18009,Blackford,2012,2016,White (includes Hispanic),9.2
18,Indiana,18009,Blackford,2013,2017,Asian/Pacific Islander (includes Hispanic),
18,Indiana,18009,Blackford,2013,2017,Black (includes Hispanic),
18,Indiana,18009,Blackford,2013,2017,Hispanic (all races),
18,Indiana,18009,Blackford,2013,2017,American Indian/Alaskan Native (includes Hispanic),
18,Indiana,18009,Blackford,2013,2017,White (includes Hispanic),8.7
18,Indiana,18009,Blackford,2014,2018,Asian/Pacific Islander (includes Hispanic),
18,Indiana,18009,Blackford,2014,2018,Black (includes Hispanic),
18,Indiana,18009,Blackford,2014,2018,Hispanic (all races),
18,Indiana,18009,Blackford,2014,2018,American Indian/Alaskan Native (includes Hispanic),
18,Indiana,18009,Blackford,2014,2018,White (includes Hispanic),9.4
18,Indiana,18009,Blackford,2015,2019,Asian/Pacific Islander (includes Hispanic),
18,Indiana,18009,Blackford,2015,2019,Black (includes Hispanic),
18,Indiana,18009,Blackford,2015,2019,Hispanic (all races),
18,Indiana,18009,Blackford,2015,2019,American Indian/Alaskan Native (includes Hispanic),
18,Indiana,18009,Blackford,2015,2019,White (includes Hispanic),9.7
18,Indiana,18011,Boone,2011,2015,Asian/Pacific Islander (includes Hispanic),
18,Indiana,18011,Boone,2011,2015,Black (includes Hispanic),8.9
18,Indiana,18011,Boone,2011,2015,Hispanic (all races),
18,Indiana,18011,Boone,2011,2015,American Indian/Alaskan Native (includes Hispanic),
18,Indiana,18011,Boone,2011,2015,White (includes Hispanic),6.7
18,Indiana,18011,Boone,2012,2016,Asian/Pacific Islander (includes Hispanic),
18,Indiana,18011,Boone,2012,2016,Black (includes Hispanic),8.1
18,Indiana,18011,Boone,2012,2016,Hispanic (all races),
18,Indiana,18011,Boone,2012,2016,American Indian/Alaskan Native (includes Hispanic),
18,Indiana,18011,Boone,2012,2016,White (includes Hispanic),7.7
18,Indiana,18011,Boone,2013,2017,Asian/Pacific Islander (includes Hispanic),
18,Indiana,18011,Boone,2013,2017,Black (includes Hispanic),7.8
18,Indiana,18011,Boone,2013,2017,Hispanic (all races),10.4
18,Indiana,18011,Boone,2013,2017,American Indian/Alaskan Native (includes Hispanic),
18,Indiana,18011,Boone,2013,2017,White (includes Hispanic),8.0
18,Indiana,18011,Boone,2014,2018,Asian/Pacific Islander (includes Hispanic),
18,Indiana,18011,Boone,2014,2018,Black (includes Hispanic),8.4
18,Indiana,18011,Boone,2014,2018,Hispanic (all races),12.8
18,Indiana,18011,Boone,2014,2018,American Indian/Alaskan Native (includes Hispanic),
18,Indiana,18011,Boone,2014,2018,White (includes Hispanic),8.1
18,Indiana,18011,Boone,2015,2019,Asian/Pacific Islander (includes Hispanic),
18,Indiana,18011,Boone,2015,2019,Black (includes Hispanic),7.9
18,Indiana,18011,Boone,2015,2019,Hispanic (all races),11.0
18,Indiana,18011,Boone,2015,2019,American Indian/Alaskan Native (includes Hispanic),
18,Indiana,18011,Boone,2015,2019,White (includes Hispanic),7.9
18,Indiana,18013,Brown,2011,2015,Asian/Pacific Islander (includes Hispanic),
18,Indiana,18013,Brown,2011,2015,Black (includes Hispanic),
18,Indiana,18013,Brown,2011,2015,Hispanic (all races),
18,Indiana,18013,Brown,2011,2015,American Indian/Alaskan Native (includes Hispanic),
18,Indiana,18013,Brown,2011,2015,White (includes Hispanic),7.2
18,Indiana,18013,Brown,2012,2016,Asian/Pacific Islander (includes Hispanic),
18,Indiana,18013,Brown,2012,2016,Black (includes Hispanic),
18,Indiana,18013,Brown,2012,2016,Hispanic (all races),
18,Indiana,18013,Brown,2012,2016,American Indian/Alaskan Native (includes Hispanic),
18,Indiana,18013,Brown,2012,2016,White (includes Hispanic),7.8
18,Indiana,18013,Brown,2013,2017,Asian/Pacific Islander (includes Hispanic),
18,Indiana,18013,Brown,2013,2017,Black (includes Hispanic),
18,Indiana,18013,Brown,2013,2017,Hispanic (all races),
18,Indiana,18013,Brown,2013,2017,American Indian/Alaskan Native (includes Hispanic),
18,Indiana,18013,Brown,2013,2017,White (includes Hispanic),7.4
18,Indiana,18013,Brown,2014,2018,Asian/Pacific Islander (includes Hispanic),
18,Indiana,18013,Brown,2014,2018,Black (includes Hispanic),
18,Indiana,18013,Brown,2014,2018,Hispanic (all races),
18,Indiana,18013,Brown,2014,2018,American Indian/Alaskan Native (includes Hispanic),
18,Indiana,18013,Brown,2014,2018,White (includes Hispanic),7.1
18,Indiana,18013,Brown,2015,2019,Asian/Pacific Islander (includes Hispanic),
18,Indiana,18013,Brown,2015,2019,Black (includes Hispanic),
18,Indiana,18013,Brown,2015,2019,Hispanic (all races),
18,Indiana,18013,Brown,2015,2019,American Indian/Alaskan Native (includes Hispanic),
18,Indiana,18013,Brown,2015,2019,White (includes Hispanic),7.3
18,Indiana,18015,Carroll,2011,2015,Asian/Pacific Islander (includes Hispanic),
18,Indiana,18015,Carroll,2011,2015,Black (includes Hispanic),
18,Indiana,18015,Carroll,2011,2015,Hispanic (all races),
18,Indiana,18015,Carroll,2011,2015,American Indian/Alaskan Native (includes Hispanic),
18,Indiana,18015,Carroll,2011,2015,White (includes Hispanic),7.0
18,Indiana,18015,Carroll,2012,2016,Asian/Pacific Islander (includes Hispanic),
18,Indiana,18015,Carroll,2012,2016,Black (includes Hispanic),
18,Indiana,18015,Carroll,2012,2016,Hispanic (all races),
18,Indiana,18015,Carroll,2012,2016,American Indian/Alaskan Native (includes Hispanic),
18,Indiana,18015,Carroll,2012,2016,White (includes Hispanic),7.7
18,Indiana,18015,Carroll,2013,2017,Asian/Pacific Islander (includes Hispanic),
18,Indiana,18015,Carroll,2013,2017,Black (includes Hispanic),
18,Indiana,18015,Carroll,2013,2017,Hispanic (all races),
18,Indiana,18015,Carroll,2013,2017,American Indian/Alaskan Native (includes Hispanic),
18,Indiana,18015,Carroll,2013,2017,White (includes Hispanic),8.7
18,Indiana,18015,Carroll,2014,2018,Asian/Pacific Islander (includes Hispanic),
18,Indiana,18015,Carroll,2014,2018,Black (includes Hispanic),
18,Indiana,18015,Carroll,2014,2018,Hispanic (all races),
18,Indiana,18015,Carroll,2014,2018,American Indian/Alaskan Native (includes Hispanic),
18,Indiana,18015,Carroll,2014,2018,White (includes Hispanic),10.2
18,Indiana,18015,Carroll,2015,2019,Asian/Pacific Islander (includes Hispanic),
18,Indiana,18015,Carroll,2015,2019,Black (includes Hispanic),
18,Indiana,18015,Carroll,2015,2019,Hispanic (all races),
18,Indiana,18015,Carroll,2015,2019,American Indian/Alaskan Native (includes Hispanic),
18,Indiana,18015,Carroll,2015,2019,White (includes Hispanic),11.3
18,Indiana,18017,Cass,2011,2015,Asian/Pacific Islander (includes Hispanic),
18,Indiana,18017,Cass,2011,2015,Black (includes Hispanic),
18,Indiana,18017,Cass,2011,2015,Hispanic (all races),
18,Indiana,18017,Cass,2011,2015,American Indian/Alaskan Native (includes Hispanic),
18,Indiana,18017,Cass,2011,2015,White (includes Hispanic),8.3
18,Indiana,18017,Cass,2012,2016,Asian/Pacific Islander (includes Hispanic),
18,Indiana,18017,Cass,2012,2016,Black (includes Hispanic),
18,Indiana,18017,Cass,2012,2016,Hispanic (all races),
18,Indiana,18017,Cass,2012,2016,American Indian/Alaskan Native (includes Hispanic),
18,Indiana,18017,Cass,2012,2016,White (includes Hispanic),9.9
18,Indiana,18017,Cass,2013,2017,Asian/Pacific Islander (includes Hispanic),
18,Indiana,18017,Cass,2013,2017,Black (includes Hispanic),
18,Indiana,18017,Cass,2013,2017,Hispanic (all races),
18,Indiana,18017,Cass,2013,2017,American Indian/Alaskan Native (includes Hispanic),
18,Indiana,18017,Cass,2013,2017,White (includes Hispanic),10.0
18,Indiana,18017,Cass,2014,2018,Asian/Pacific Islander (includes Hispanic),
18,Indiana,18017,Cass,2014,2018,Black (includes Hispanic),
18,Indiana,18017,Cass,2014,2018,Hispanic (all races),
18,Indiana,18017,Cass,2014,2018,American Indian/Alaskan Native (includes Hispanic),
18,Indiana,18017,Cass,2014,2018,White (includes Hispanic),9.7
18,Indiana,18017,Cass,2015,2019,Asian/Pacific Islander (includes Hispanic),
18,Indiana,18017,Cass,2015,2019,Black (includes Hispanic),
18,Indiana,18017,Cass,2015,2019,Hispanic (all races),
18,Indiana,18017,Cass,2015,2019,American Indian/Alaskan Native (includes Hispanic),
18,Indiana,18017,Cass,2015,2019,White (includes Hispanic),11.8
18,Indiana,18019,Clark,2011,2015,Asian/Pacific Islander (includes Hispanic),
18,Indiana,18019,Clark,2011,2015,Black (includes Hispanic),10.7
18,Indiana,18019,Clark,2011,2015,Hispanic (all races),
18,Indiana,18019,Clark,2011,2015,American Indian/Alaskan Native (includes Hispanic),
18,Indiana,18019,Clark,2011,2015,White (includes Hispanic),8.1
18,Indiana,18019,Clark,2012,2016,Asian/Pacific Islander (includes Hispanic),
18,Indiana,18019,Clark,2012,2016,Black (includes Hispanic),10.8
18,Indiana,18019,Clark,2012,2016,Hispanic (all races),
18,Indiana,18019,Clark,2012,2016,American Indian/Alaskan Native (includes Hispanic),
18,Indiana,18019,Clark,2012,2016,White (includes Hispanic),8.7
18,Indiana,18019,Clark,2013,2017,Asian/Pacific Islander (includes Hispanic),
18,Indiana,18019,Clark,2013,2017,Black (includes Hispanic),11.3
18,Indiana,18019,Clark,2013,2017,Hispanic (all races),
18,Indiana,18019,Clark,2013,2017,American Indian/Alaskan Native (includes Hispanic),
18,Indiana,18019,Clark,2013,2017,White (includes Hispanic),8.9
18,Indiana,18019,Clark,2014,2018,Asian/Pacific Islander (includes Hispanic),
18,Indiana,18019,Clark,2014,2018,Black (includes Hispanic),10.2
18,Indiana,18019,Clark,2014,2018,Hispanic (all races),
18,Indiana,18019,Clark,2014,2018,American Indian/Alaskan Native (includes Hispanic),
18,Indiana,18019,Clark,2014,2018,White (includes Hispanic),9.4
18,Indiana,18019,Clark,2015,2019,Asian/Pacific Islander (includes Hispanic),
18,Indiana,18019,Clark,2015,2019,Black (includes Hispanic),8.7
18,Indiana,18019,Clark,2015,2019,Hispanic (all races),15.7
18,Indiana,18019,Clark,2015,2019,American Indian/Alaskan Native (includes Hispanic),
18,Indiana,18019,Clark,2015,2019,White (includes Hispanic),9.6
18,Indiana,18021,Clay,2011,2015,Asian/Pacific Islander (includes Hispanic),
18,Indiana,18021,Clay,2011,2015,Black (includes Hispanic),
18,Indiana,18021,Clay,2011,2015,Hispanic (all races),
18,Indiana,18021,Clay,2011,2015,American Indian/Alaskan Native (includes Hispanic),
18,Indiana,18021,Clay,2011,2015,White (includes Hispanic),10.8
18,Indiana,18021,Clay,2012,2016,Asian/Pacific Islander (includes Hispanic),
18,Indiana,18021,Clay,2012,2016,Black (includes Hispanic),
18,Indiana,18021,Clay,2012,2016,Hispanic (all races),
18,Indiana,18021,Clay,2012,2016,American Indian/Alaskan Native (includes Hispanic),
18,Indiana,18021,Clay,2012,2016,White (includes Hispanic),11.3
18,Indiana,18021,Clay,2013,2017,Asian/Pacific Islander (includes Hispanic),
18,Indiana,18021,Clay,2013,2017,Black (includes Hispanic),
18,Indiana,18021,Clay,2013,2017,Hispanic (all races),
18,Indiana,18021,Clay,2013,2017,American Indian/Alaskan Native (includes Hispanic),
18,Indiana,18021,Clay,2013,2017,White (includes Hispanic),11.6
18,Indiana,18021,Clay,2014,2018,Asian/Pacific Islander (includes Hispanic),
18,Indiana,18021,Clay,2014,2018,Black (includes Hispanic),
18,Indiana,18021,Clay,2014,2018,Hispanic (all races),
18,Indiana,18021,Clay,2014,2018,American Indian/Alaskan Native (includes Hispanic),
18,Indiana,18021,Clay,2014,2018,White (includes Hispanic),11.0
18,Indiana,18021,Clay,2015,2019,Asian/Pacific Islander (includes Hispanic),
18,Indiana,18021,Clay,2015,2019,Black (includes Hispanic),
18,Indiana,18021,Clay,2015,2019,Hispanic (all races),
18,Indiana,18021,Clay,2015,2019,American Indian/Alaskan Native (includes Hispanic),
18,Indiana,18021,Clay,2015,2019,White (includes Hispanic),9.5
18,Indiana,18023,Clinton,2011,2015,Asian/Pacific Islander (includes Hispanic),
18,Indiana,18023,Clinton,2011,2015,Black (includes Hispanic),
18,Indiana,18023,Clinton,2011,2015,Hispanic (all races),
18,Indiana,18023,Clinton,2011,2015,American Indian/Alaskan Native (includes Hispanic),
18,Indiana,18023,Clinton,2011,2015,White (includes Hispanic),5.6
18,Indiana,18023,Clinton,2012,2016,Asian/Pacific Islander (includes Hispanic),
18,Indiana,18023,Clinton,2012,2016,Black (includes Hispanic),
18,Indiana,18023,Clinton,2012,2016,Hispanic (all races),
18,Indiana,18023,Clinton,2012,2016,American Indian/Alaskan Native (includes Hispanic),
18,Indiana,18023,Clinton,2012,2016,White (includes Hispanic),5.7
18,Indiana,18023,Clinton,2013,2017,Asian/Pacific Islander (includes Hispanic),
18,Indiana,18023,Clinton,2013,2017,Black (includes Hispanic),
18,Indiana,18023,Clinton,2013,2017,Hispanic (all races),
18,Indiana,18023,Clinton,2013,2017,American Indian/Alaskan Native (includes Hispanic),
18,Indiana,18023,Clinton,2013,2017,White (includes Hispanic),6.3
18,Indiana,18023,Clinton,2014,2018,Asian/Pacific Islander (includes Hispanic),
18,Indiana,18023,Clinton,2014,2018,Black (includes Hispanic),
18,Indiana,18023,Clinton,2014,2018,Hispanic (all races),
18,Indiana,18023,Clinton,2014,2018,American Indian/Alaskan Native (includes Hispanic),
18,Indiana,18023,Clinton,2014,2018,White (includes Hispanic),7.1
18,Indiana,18023,Clinton,2015,2019,Asian/Pacific Islander (includes Hispanic),
18,Indiana,18023,Clinton,2015,2019,Black (includes Hispanic),
18,Indiana,18023,Clinton,2015,2019,Hispanic (all races),
18,Indiana,18023,Clinton,2015,2019,American Indian/Alaskan Native (includes Hispanic),
18,Indiana,18023,Clinton,2015,2019,White (includes Hispanic),7.5
18,Indiana,18025,Crawford,2011,2015,Asian/Pacific Islander (includes Hispanic),
18,Indiana,18025,Crawford,2011,2015,Black (includes Hispanic),
18,Indiana,18025,Crawford,2011,2015,Hispanic (all races),
18,Indiana,18025,Crawford,2011,2015,American Indian/Alaskan Native (includes Hispanic),
18,Indiana,18025,Crawford,2011,2015,White (includes Hispanic),7.8
18,Indiana,18025,Crawford,2012,2016,Asian/Pacific Islander (includes Hispanic),
18,Indiana,18025,Crawford,2012,2016,Black (includes Hispanic),
18,Indiana,18025,Crawford,2012,2016,Hispanic (all races),
18,Indiana,18025,Crawford,2012,2016,American Indian/Alaskan Native (includes Hispanic),
18,Indiana,18025,Crawford,2012,2016,White (includes Hispanic),7.2
18,Indiana,18025,Crawford,2013,2017,Asian/Pacific Islander (includes Hispanic),
18,Indiana,18025,Crawford,2013,2017,Black (includes Hispanic),
18,Indiana,18025,Crawford,2013,2017,Hispanic (all races),
18,Indiana,18025,Crawford,2013,2017,American Indian/Alaskan Native (includes Hispanic),
18,Indiana,18025,Crawford,2013,2017,White (includes Hispanic),7.6
18,Indiana,18025,Crawford,2014,2018,Asian/Pacific Islander (includes Hispanic),
18,Indiana,18025,Crawford,2014,2018,Black (includes Hispanic),
18,Indiana,18025,Crawford,2014,2018,Hispanic (all races),
18,Indiana,18025,Crawford,2014,2018,American Indian/Alaskan Native (includes Hispanic),
18,Indiana,18025,Crawford,2014,2018,White (includes Hispanic),6.6
18,Indiana,18025,Crawford,2015,2019,Asian/Pacific Islander (includes Hispanic),
18,Indiana,18025,Crawford,2015,2019,Black (includes Hispanic),
18,Indiana,18025,Crawford,2015,2019,Hispanic (all races),
18,Indiana,18025,Crawford,2015,2019,American Indian/Alaskan Native (includes Hispanic),
18,Indiana,18025,Crawford,2015,2019,White (includes Hispanic),7.0
18,Indiana,18027,Daviess,2011,2015,Asian/Pacific Islander (includes Hispanic),
18,Indiana,18027,Daviess,2011,2015,Black (includes Hispanic),
18,Indiana,18027,Daviess,2011,2015,Hispanic (all races),
18,Indiana,18027,Daviess,2011,2015,American Indian/Alaskan Native (includes Hispanic),
18,Indiana,18027,Daviess,2011,2015,White (includes Hispanic),8.0
18,Indiana,18027,Daviess,2012,2016,Asian/Pacific Islander (includes Hispanic),
18,Indiana,18027,Daviess,2012,2016,Black (includes Hispanic),
18,Indiana,18027,Daviess,2012,2016,Hispanic (all races),
18,Indiana,18027,Daviess,2012,2016,American Indian/Alaskan Native (includes Hispanic),
18,Indiana,18027,Daviess,2012,2016,White (includes Hispanic),7.7
18,Indiana,18027,Daviess,2013,2017,Asian/Pacific Islander (includes Hispanic),
18,Indiana,18027,Daviess,2013,2017,Black (includes Hispanic),
18,Indiana,18027,Daviess,2013,2017,Hispanic (all races),
18,Indiana,18027,Daviess,2013,2017,American Indian/Alaskan Native (includes Hispanic),
18,Indiana,18027,Daviess,2013,2017,White (includes Hispanic),8.8
18,Indiana,18027,Daviess,2014,2018,Asian/Pacific Islander (includes Hispanic),
18,Indiana,18027,Daviess,2014,2018,Black (includes Hispanic),
18,Indiana,18027,Daviess,2014,2018,Hispanic (all races),
18,Indiana,18027,Daviess,2014,2018,American Indian/Alaskan Native (includes Hispanic),
18,Indiana,18027,Daviess,2014,2018,White (includes Hispanic),9.4
18,Indiana,18027,Daviess,2015,2019,Asian/Pacific Islander (includes Hispanic),
18,Indiana,18027,Daviess,2015,2019,Black (includes Hispanic),
18,Indiana,18027,Daviess,2015,2019,Hispanic (all races),
18,Indiana,18027,Daviess,2015,2019,American Indian/Alaskan Native (includes Hispanic),
18,Indiana,18027,Daviess,2015,2019,White (includes Hispanic),9.7
18,Indiana,18029,Dearborn,2011,2015,Asian/Pacific Islander (includes Hispanic),
18,Indiana,18029,Dearborn,2011,2015,Black (includes Hispanic),8.7
18,Indiana,18029,Dearborn,2011,2015,Hispanic (all races),
18,Indiana,18029,Dearborn,2011,2015,American Indian/Alaskan Native (includes Hispanic),
18,Indiana,18029,Dearborn,2011,2015,White (includes Hispanic),7.5
18,Indiana,18029,Dearborn,2012,2016,Asian/Pacific Islander (includes Hispanic),
18,Indiana,18029,Dearborn,2012,2016,Black (includes Hispanic),8.1
18,Indiana,18029,Dearborn,2012,2016,Hispanic (all races),
18,Indiana,18029,Dearborn,2012,2016,American Indian/Alaskan Native (includes Hispanic),
18,Indiana,18029,Dearborn,2012,2016,White (includes Hispanic),7.9
18,Indiana,18029,Dearborn,2013,2017,Asian/Pacific Islander (includes Hispanic),
18,Indiana,18029,Dearborn,2013,2017,Black (includes Hispanic),8.4
18,Indiana,18029,Dearborn,2013,2017,Hispanic (all races),
18,Indiana,18029,Dearborn,2013,2017,American Indian/Alaskan Native (includes Hispanic),
18,Indiana,18029,Dearborn,2013,2017,White (includes Hispanic),8.5
18,Indiana,18029,Dearborn,2014,2018,Asian/Pacific Islander (includes Hispanic),
18,Indiana,18029,Dearborn,2014,2018,Black (includes Hispanic),8.2
18,Indiana,18029,Dearborn,2014,2018,Hispanic (all races),
18,Indiana,18029,Dearborn,2014,2018,American Indian/Alaskan Native (includes Hispanic),
18,Indiana,18029,Dearborn,2014,2018,White (includes Hispanic),8.6
18,Indiana,18029,Dearborn,2015,2019,Asian/Pacific Islander (includes Hispanic),
18,Indiana,18029,Dearborn,2015,2019,Black (includes Hispanic),7.3
18,Indiana,18029,Dearborn,2015,2019,Hispanic (all races),
18,Indiana,18029,Dearborn,2015,2019,American Indian/Alaskan Native (includes Hispanic),
18,Indiana,18029,Dearborn,2015,2019,White (includes Hispanic),9.2
18,Indiana,18031,Decatur,2011,2015,Asian/Pacific Islander (includes Hispanic),
18,Indiana,18031,Decatur,2011,2015,Black (includes Hispanic),
18,Indiana,18031,Decatur,2011,2015,Hispanic (all races),
18,Indiana,18031,Decatur,2011,2015,American Indian/Alaskan Native (includes Hispanic),
18,Indiana,18031,Decatur,2011,2015,White (includes Hispanic),8.2
18,Indiana,18031,Decatur,2012,2016,Asian/Pacific Islander (includes Hispanic),
18,Indiana,18031,Decatur,2012,2016,Black (includes Hispanic),
18,Indiana,18031,Decatur,2012,2016,Hispanic (all races),
18,Indiana,18031,Decatur,2012,2016,American Indian/Alaskan Native (includes Hispanic),
18,Indiana,18031,Decatur,2012,2016,White (includes Hispanic),7.7
18,Indiana,18031,Decatur,2013,2017,Asian/Pacific Islander (includes Hispanic),
18,Indiana,18031,Decatur,2013,2017,Black (includes Hispanic),
18,Indiana,18031,Decatur,2013,2017,Hispanic (all races),
18,Indiana,18031,Decatur,2013,2017,American Indian/Alaskan Native (includes Hispanic),
18,Indiana,18031,Decatur,2013,2017,White (includes Hispanic),7.7
18,Indiana,18031,Decatur,2014,2018,Asian/Pacific Islander (includes Hispanic),
18,Indiana,18031,Decatur,2014,2018,Black (includes Hispanic),
18,Indiana,18031,Decatur,2014,2018,Hispanic (all races),
18,Indiana,18031,Decatur,2014,2018,American Indian/Alaskan Native (includes Hispanic),
18,Indiana,18031,Decatur,2014,2018,White (includes Hispanic),7.8
18,Indiana,18031,Decatur,2015,2019,Asian/Pacific Islander (includes Hispanic),
18,Indiana,18031,Decatur,2015,2019,Black (includes Hispanic),
18,Indiana,18031,Decatur,2015,2019,Hispanic (all races),
18,Indiana,18031,Decatur,2015,2019,American Indian/Alaskan Native (includes Hispanic),
18,Indiana,18031,Decatur,2015,2019,White (includes Hispanic),8.9
18,Indiana,18033,DeKalb,2011,2015,Asian/Pacific Islander (includes Hispanic),
18,Indiana,18033,DeKalb,2011,2015,Black (includes Hispanic),
18,Indiana,18033,DeKalb,2011,2015,Hispanic (all races),
18,Indiana,18033,DeKalb,2011,2015,American Indian/Alaskan Native (includes Hispanic),
18,Indiana,18033,DeKalb,2011,2015,White (includes Hispanic),8.1
18,Indiana,18033,DeKalb,2012,2016,Asian/Pacific Islander (includes Hispanic),
18,Indiana,18033,DeKalb,2012,2016,Black (includes Hispanic),
18,Indiana,18033,DeKalb,2012,2016,Hispanic (all races),
18,Indiana,18033,DeKalb,2012,2016,American Indian/Alaskan Native (includes Hispanic),
18,Indiana,18033,DeKalb,2012,2016,White (includes Hispanic),8.1
18,Indiana,18033,DeKalb,2013,2017,Asian/Pacific Islander (includes Hispanic),
18,Indiana,18033,DeKalb,2013,2017,Black (includes Hispanic),
18,Indiana,18033,DeKalb,2013,2017,Hispanic (all races),
18,Indiana,18033,DeKalb,2013,2017,American Indian/Alaskan Native (includes Hispanic),
18,Indiana,18033,DeKalb,2013,2017,White (includes Hispanic),8.5
18,Indiana,18033,DeKalb,2014,2018,Asian/Pacific Islander (includes Hispanic),
18,Indiana,18033,DeKalb,2014,2018,Black (includes Hispanic),
18,Indiana,18033,DeKalb,2014,2018,Hispanic (all races),
18,Indiana,18033,DeKalb,2014,2018,American Indian/Alaskan Native (includes Hispanic),
18,Indiana,18033,DeKalb,2014,2018,White (includes Hispanic),8.8
18,Indiana,18033,DeKalb,2015,2019,Asian/Pacific Islander (includes Hispanic),
18,Indiana,18033,DeKalb,2015,2019,Black (includes Hispanic),
18,Indiana,18033,DeKalb,2015,2019,Hispanic (all races),
18,Indiana,18033,DeKalb,2015,2019,American Indian/Alaskan Native (includes Hispanic),
18,Indiana,18033,DeKalb,2015,2019,White (includes Hispanic),9.5
18,Indiana,18035,Delaware,2011,2015,Asian/Pacific Islander (includes Hispanic),
18,Indiana,18035,Delaware,2011,2015,Black (includes Hispanic),
18,Indiana,18035,Delaware,2011,2015,Hispanic (all races),
18,Indiana,18035,Delaware,2011,2015,American Indian/Alaskan Native (includes Hispanic),
18,Indiana,18035,Delaware,2011,2015,White (includes Hispanic),8.8
18,Indiana,18035,Delaware,2012,2016,Asian/Pacific Islander (includes Hispanic),
18,Indiana,18035,Delaware,2012,2016,Black (includes Hispanic),
18,Indiana,18035,Delaware,2012,2016,Hispanic (all races),
18,Indiana,18035,Delaware,2012,2016,American Indian/Alaskan Native (includes Hispanic),
18,Indiana,18035,Delaware,2012,2016,White (includes Hispanic),9.3
18,Indiana,18035,Delaware,2013,2017,Asian/Pacific Islander (includes Hispanic),
18,Indiana,18035,Delaware,2013,2017,Black (includes Hispanic),
18,Indiana,18035,Delaware,2013,2017,Hispanic (all races),
18,Indiana,18035,Delaware,2013,2017,American Indian/Alaskan Native (includes Hispanic),
18,Indiana,18035,Delaware,2013,2017,White (includes Hispanic),9.0
18,Indiana,18035,Delaware,2014,2018,Asian/Pacific Islander (includes Hispanic),
18,Indiana,18035,Delaware,2014,2018,Black (includes Hispanic),
18,Indiana,18035,Delaware,2014,2018,Hispanic (all races),
18,Indiana,18035,Delaware,2014,2018,American Indian/Alaskan Native (includes Hispanic),
18,Indiana,18035,Delaware,2014,2018,White (includes Hispanic),9.6
18,Indiana,18035,Delaware,2015,2019,Asian/Pacific Islander (includes Hispanic),
18,Indiana,18035,Delaware,2015,2019,Black (includes Hispanic),
18,Indiana,18035,Delaware,2015,2019,Hispanic (all races),
18,Indiana,18035,Delaware,2015,2019,American Indian/Alaskan Native (includes Hispanic),
18,Indiana,18035,Delaware,2015,2019,White (includes Hispanic),10.4
18,Indiana,18037,Dubois,2011,2015,Asian/Pacific Islander (includes Hispanic),
18,Indiana,18037,Dubois,2011,2015,Black (includes Hispanic),
18,Indiana,18037,Dubois,2011,2015,Hispanic (all races),
18,Indiana,18037,Dubois,2011,2015,American Indian/Alaskan Native (includes Hispanic),
18,Indiana,18037,Dubois,2011,2015,White (includes Hispanic),8.2
18,Indiana,18037,Dubois,2012,2016,Asian/Pacific Islander (includes Hispanic),
18,Indiana,18037,Dubois,2012,2016,Black (includes Hispanic),
18,Indiana,18037,Dubois,2012,2016,Hispanic (all races),
18,Indiana,18037,Dubois,2012,2016,American Indian/Alaskan Native (includes Hispanic),
18,Indiana,18037,Dubois,2012,2016,White (includes Hispanic),7.5
18,Indiana,18037,Dubois,2013,2017,Asian/Pacific Islander (includes Hispanic),
18,Indiana,18037,Dubois,2013,2017,Black (includes Hispanic),
18,Indiana,18037,Dubois,2013,2017,Hispanic (all races),
18,Indiana,18037,Dubois,2013,2017,American Indian/Alaskan Native (includes Hispanic),
18,Indiana,18037,Dubois,2013,2017,White (includes Hispanic),8.2
18,Indiana,18037,Dubois,2014,2018,Asian/Pacific Islander (includes Hispanic),
18,Indiana,18037,Dubois,2014,2018,Black (includes Hispanic),
18,Indiana,18037,Dubois,2014,2018,Hispanic (all races),
18,Indiana,18037,Dubois,2014,2018,American Indian/Alaskan Native (includes Hispanic),
18,Indiana,18037,Dubois,2014,2018,White (includes Hispanic),7.7
18,Indiana,18037,Dubois,2015,2019,Asian/Pacific Islander (includes Hispanic),
18,Indiana,18037,Dubois,2015,2019,Black (includes Hispanic),
18,Indiana,18037,Dubois,2015,2019,Hispanic (all races),
18,Indiana,18037,Dubois,2015,2019,American Indian/Alaskan Native (includes Hispanic),
18,Indiana,18037,Dubois,2015,2019,White (includes Hispanic),7.4
18,Indiana,18039,Elkhart,2011,2015,Asian/Pacific Islander (includes Hispanic),
18,Indiana,18039,Elkhart,2011,2015,Black (includes Hispanic),14.9
18,Indiana,18039,Elkhart,2011,2015,Hispanic (all races),14.7
18,Indiana,18039,Elkhart,2011,2015,American Indian/Alaskan Native (includes Hispanic),
18,Indiana,18039,Elkhart,2011,2015,White (includes Hispanic),8.0
18,Indiana,18039,Elkhart,2012,2016,Asian/Pacific Islander (includes Hispanic),
18,Indiana,18039,Elkhart,2012,2016,Black (includes Hispanic),
18,Indiana,18039,Elkhart,2012,2016,Hispanic (all races),17.3
18,Indiana,18039,Elkhart,2012,2016,American Indian/Alaskan Native (includes Hispanic),
18,Indiana,18039,Elkhart,2012,2016,White (includes Hispanic),8.4
18,Indiana,18039,Elkhart,2013,2017,Asian/Pacific Islander (includes Hispanic),
18,Indiana,18039,Elkhart,2013,2017,Black (includes Hispanic),15.5
18,Indiana,18039,Elkhart,2013,2017,Hispanic (all races),13.7
18,Indiana,18039,Elkhart,2013,2017,American Indian/Alaskan Native (includes Hispanic),
18,Indiana,18039,Elkhart,2013,2017,White (includes Hispanic),8.4
18,Indiana,18039,Elkhart,2014,2018,Asian/Pacific Islander (includes Hispanic),
18,Indiana,18039,Elkhart,2014,2018,Black (includes Hispanic),16.2
18,Indiana,18039,Elkhart,2014,2018,Hispanic (all races),
18,Indiana,18039,Elkhart,2014,2018,American Indian/Alaskan Native (includes Hispanic),
18,Indiana,18039,Elkhart,2014,2018,White (includes Hispanic),8.0
18,Indiana,18039,Elkhart,2015,2019,Asian/Pacific Islander (includes Hispanic),
18,Indiana,18039,Elkhart,2015,2019,Black (includes Hispanic),
18,Indiana,18039,Elkhart,2015,2019,Hispanic (all races),
18,Indiana,18039,Elkhart,2015,2019,American Indian/Alaskan Native (includes Hispanic),
18,Indiana,18039,Elkhart,2015,2019,White (includes Hispanic),8.5
18,Indiana,18041,Fayette,2011,2015,Asian/Pacific Islander (includes Hispanic),
18,Indiana,18041,Fayette,2011,2015,Black (includes Hispanic),
18,Indiana,18041,Fayette,2011,2015,Hispanic (all races),
18,Indiana,18041,Fayette,2011,2015,American Indian/Alaskan Native (includes Hispanic),
18,Indiana,18041,Fayette,2011,2015,White (includes Hispanic),9.8
18,Indiana,18041,Fayette,2012,2016,Asian/Pacific Islander (includes Hispanic),
18,Indiana,18041,Fayette,2012,2016,Black (includes Hispanic),
18,Indiana,18041,Fayette,2012,2016,Hispanic (all races),
18,Indiana,18041,Fayette,2012,2016,American Indian/Alaskan Native (includes Hispanic),
18,Indiana,18041,Fayette,2012,2016,White (includes Hispanic),9.5
18,Indiana,18041,Fayette,2013,2017,Asian/Pacific Islander (includes Hispanic),
18,Indiana,18041,Fayette,2013,2017,Black (includes Hispanic),
18,Indiana,18041,Fayette,2013,2017,Hispanic (all races),
18,Indiana,18041,Fayette,2013,2017,American Indian/Alaskan Native (includes Hispanic),
18,Indiana,18041,Fayette,2013,2017,White (includes Hispanic),8.3
18,Indiana,18041,Fayette,2014,2018,Asian/Pacific Islander (includes Hispanic),
18,Indiana,18041,Fayette,2014,2018,Black (includes Hispanic),
18,Indiana,18041,Fayette,2014,2018,Hispanic (all races),
18,Indiana,18041,Fayette,2014,2018,American Indian/Alaskan Native (includes Hispanic),
18,Indiana,18041,Fayette,2014,2018,White (includes Hispanic),10.6
18,Indiana,18041,Fayette,2015,2019,Asian/Pacific Islander (includes Hispanic),
18,Indiana,18041,Fayette,2015,2019,Black (includes Hispanic),
18,Indiana,18041,Fayette,2015,2019,Hispanic (all races),
18,Indiana,18041,Fayette,2015,2019,American Indian/Alaskan Native (includes Hispanic),
18,Indiana,18041,Fayette,2015,2019,White (includes Hispanic),12.0
18,Indiana,18043,Floyd,2011,2015,Asian/Pacific Islander (includes Hispanic),
18,Indiana,18043,Floyd,2011,2015,Black (includes Hispanic),10.5
18,Indiana,18043,Floyd,2011,2015,Hispanic (all races),
18,Indiana,18043,Floyd,2011,2015,American Indian/Alaskan Native (includes Hispanic),
18,Indiana,18043,Floyd,2011,2015,White (includes Hispanic),8.3
18,Indiana,18043,Floyd,2012,2016,Asian/Pacific Islander (includes Hispanic),
18,Indiana,18043,Floyd,2012,2016,Black (includes Hispanic),11.0
18,Indiana,18043,Floyd,2012,2016,Hispanic (all races),
18,Indiana,18043,Floyd,2012,2016,American Indian/Alaskan Native (includes Hispanic),
18,Indiana,18043,Floyd,2012,2016,White (includes Hispanic),8.9
18,Indiana,18043,Floyd,2013,2017,Asian/Pacific Islander (includes Hispanic),
18,Indiana,18043,Floyd,2013,2017,Black (includes Hispanic),11.4
18,Indiana,18043,Floyd,2013,2017,Hispanic (all races),
18,Indiana,18043,Floyd,2013,2017,American Indian/Alaskan Native (includes Hispanic),
18,Indiana,18043,Floyd,2013,2017,White (includes Hispanic),9.3
18,Indiana,18043,Floyd,2014,2018,Asian/Pacific Islander (includes Hispanic),
18,Indiana,18043,Floyd,2014,2018,Black (includes Hispanic),10.3
18,Indiana,18043,Floyd,2014,2018,Hispanic (all races),
18,Indiana,18043,Floyd,2014,2018,American Indian/Alaskan Native (includes Hispanic),
18,Indiana,18043,Floyd,2014,2018,White (includes Hispanic),9.7
18,Indiana,18043,Floyd,2015,2019,Asian/Pacific Islander (includes Hispanic),
18,Indiana,18043,Floyd,2015,2019,Black (includes Hispanic),8.8
18,Indiana,18043,Floyd,2015,2019,Hispanic (all races),
18,Indiana,18043,Floyd,2015,2019,American Indian/Alaskan Native (includes Hispanic),
18,Indiana,18043,Floyd,2015,2019,White (includes Hispanic),9.7
18,Indiana,18045,Fountain,2011,2015,Asian/Pacific Islander (includes Hispanic),
18,Indiana,18045,Fountain,2011,2015,Black (includes Hispanic),
18,Indiana,18045,Fountain,2011,2015,Hispanic (all races),
18,Indiana,18045,Fountain,2011,2015,American Indian/Alaskan Native (includes Hispanic),
18,Indiana,18045,Fountain,2011,2015,White (includes Hispanic),9.1
18,Indiana,18045,Fountain,2012,2016,Asian/Pacific Islander (includes Hispanic),
18,Indiana,18045,Fountain,2012,2016,Black (includes Hispanic),
18,Indiana,18045,Fountain,2012,2016,Hispanic (all races),
18,Indiana,18045,Fountain,2012,2016,American Indian/Alaskan Native (includes Hispanic),
18,Indiana,18045,Fountain,2012,2016,White (includes Hispanic),8.0
18,Indiana,18045,Fountain,2013,2017,Asian/Pacific Islander (includes Hispanic),
18,Indiana,18045,Fountain,2013,2017,Black (includes Hispanic),
18,Indiana,18045,Fountain,2013,2017,Hispanic (all races),
18,Indiana,18045,Fountain,2013,2017,American Indian/Alaskan Native (includes Hispanic),
18,Indiana,18045,Fountain,2013,2017,White (includes Hispanic),9.0
18,Indiana,18045,Fountain,2014,2018,Asian/Pacific Islander (includes Hispanic),
18,Indiana,18045,Fountain,2014,2018,Black (includes Hispanic),
18,Indiana,18045,Fountain,2014,2018,Hispanic (all races),
18,Indiana,18045,Fountain,2014,2018,American Indian/Alaskan Native (includes Hispanic),
18,Indiana,18045,Fountain,2014,2018,White (includes Hispanic),10.5
18,Indiana,18045,Fountain,2015,2019,Asian/Pacific Islander (includes Hispanic),
18,Indiana,18045,Fountain,2015,2019,Black (includes Hispanic),
18,Indiana,18045,Fountain,2015,2019,Hispanic (all races),
18,Indiana,18045,Fountain,2015,2019,American Indian/Alaskan Native (includes Hispanic),
18,Indiana,18045,Fountain,2015,2019,White (includes Hispanic),10.1
18,Indiana,18047,Franklin,2011,2015,Asian/Pacific Islander (includes Hispanic),
18,Indiana,18047,Franklin,2011,2015,Black (includes Hispanic),8.8
18,Indiana,18047,Franklin,2011,2015,Hispanic (all races),
18,Indiana,18047,Franklin,2011,2015,American Indian/Alaskan Native (includes Hispanic),
18,Indiana,18047,Franklin,2011,2015,White (includes Hispanic),7.7
18,Indiana,18047,Franklin,2012,2016,Asian/Pacific Islander (includes Hispanic),
18,Indiana,18047,Franklin,2012,2016,Black (includes Hispanic),8.2
18,Indiana,18047,Franklin,2012,2016,Hispanic (all races),
18,Indiana,18047,Franklin,2012,2016,American Indian/Alaskan Native (includes Hispanic),
18,Indiana,18047,Franklin,2012,2016,White (includes Hispanic),8.2
18,Indiana,18047,Franklin,2013,2017,Asian/Pacific Islander (includes Hispanic),
18,Indiana,18047,Franklin,2013,2017,Black (includes Hispanic),8.4
18,Indiana,18047,Franklin,2013,2017,Hispanic (all races),
18,Indiana,18047,Franklin,2013,2017,American Indian/Alaskan Native (includes Hispanic),
18,Indiana,18047,Franklin,2013,2017,White (includes Hispanic),8.9
18,Indiana,18047,Franklin,2014,2018,Asian/Pacific Islander (includes Hispanic),
18,Indiana,18047,Franklin,2014,2018,Black (includes Hispanic),8.1
18,Indiana,18047,Franklin,2014,2018,Hispanic (all races),
18,Indiana,18047,Franklin,2014,2018,American Indian/Alaskan Native (includes Hispanic),
18,Indiana,18047,Franklin,2014,2018,White (includes Hispanic),8.8
18,Indiana,18047,Franklin,2015,2019,Asian/Pacific Islander (includes Hispanic),
18,Indiana,18047,Franklin,2015,2019,Black (includes Hispanic),7.3
18,Indiana,18047,Franklin,2015,2019,Hispanic (all races),
18,Indiana,18047,Franklin,2015,2019,American Indian/Alaskan Native (includes Hispanic),
18,Indiana,18047,Franklin,2015,2019,White (includes Hispanic),9.2
18,Indiana,18049,Fulton,2011,2015,Asian/Pacific Islander (includes Hispanic),
18,Indiana,18049,Fulton,2011,2015,Black (includes Hispanic),
18,Indiana,18049,Fulton,2011,2015,Hispanic (all races),
18,Indiana,18049,Fulton,2011,2015,American Indian/Alaskan Native (includes Hispanic),
18,Indiana,18049,Fulton,2011,2015,White (includes Hispanic),8.7
18,Indiana,18049,Fulton,2012,2016,Asian/Pacific Islander (includes Hispanic),
18,Indiana,18049,Fulton,2012,2016,Black (includes Hispanic),
18,Indiana,18049,Fulton,2012,2016,Hispanic (all races),
18,Indiana,18049,Fulton,2012,2016,American Indian/Alaskan Native (includes Hispanic),
18,Indiana,18049,Fulton,2012,2016,White (includes Hispanic),9.9
18,Indiana,18049,Fulton,2013,2017,Asian/Pacific Islander (includes Hispanic),
18,Indiana,18049,Fulton,2013,2017,Black (includes Hispanic),
18,Indiana,18049,Fulton,2013,2017,Hispanic (all races),
18,Indiana,18049,Fulton,2013,2017,American Indian/Alaskan Native (includes Hispanic),
18,Indiana,18049,Fulton,2013,2017,White (includes Hispanic),10.1
18,Indiana,18049,Fulton,2014,2018,Asian/Pacific Islander (includes Hispanic),
18,Indiana,18049,Fulton,2014,2018,Black (includes Hispanic),
18,Indiana,18049,Fulton,2014,2018,Hispanic (all races),
18,Indiana,18049,Fulton,2014,2018,American Indian/Alaskan Native (includes Hispanic),
18,Indiana,18049,Fulton,2014,2018,White (includes Hispanic),8.8
18,Indiana,18049,Fulton,2015,2019,Asian/Pacific Islander (includes Hispanic),
18,Indiana,18049,Fulton,2015,2019,Black (includes Hispanic),
18,Indiana,18049,Fulton,2015,2019,Hispanic (all races),
18,Indiana,18049,Fulton,2015,2019,American Indian/Alaskan Native (includes Hispanic),
18,Indiana,18049,Fulton,2015,2019,White (includes Hispanic),9.1
18,Indiana,18051,Gibson,2011,2015,Asian/Pacific Islander (includes Hispanic),
18,Indiana,18051,Gibson,2011,2015,Black (includes Hispanic),
18,Indiana,18051,Gibson,2011,2015,Hispanic (all races),
18,Indiana,18051,Gibson,2011,2015,American Indian/Alaskan Native (includes Hispanic),
18,Indiana,18051,Gibson,2011,2015,White (includes Hispanic),7.2
18,Indiana,18051,Gibson,2012,2016,Asian/Pacific Islander (includes Hispanic),
18,Indiana,18051,Gibson,2012,2016,Black (includes Hispanic),
18,Indiana,18051,Gibson,2012,2016,Hispanic (all races),
18,Indiana,18051,Gibson,2012,2016,American Indian/Alaskan Native (includes Hispanic),
18,Indiana,18051,Gibson,2012,2016,White (includes Hispanic),6.9
18,Indiana,18051,Gibson,2013,2017,Asian/Pacific Islander (includes Hispanic),
18,Indiana,18051,Gibson,2013,2017,Black (includes Hispanic),
18,Indiana,18051,Gibson,2013,2017,Hispanic (all races),
18,Indiana,18051,Gibson,2013,2017,American Indian/Alaskan Native (includes Hispanic),
18,Indiana,18051,Gibson,2013,2017,White (includes Hispanic),7.8
18,Indiana,18051,Gibson,2014,2018,Asian/Pacific Islander (includes Hispanic),
18,Indiana,18051,Gibson,2014,2018,Black (includes Hispanic),
18,Indiana,18051,Gibson,2014,2018,Hispanic (all races),
18,Indiana,18051,Gibson,2014,2018,American Indian/Alaskan Native (includes Hispanic),
18,Indiana,18051,Gibson,2014,2018,White (includes Hispanic),7.7
18,Indiana,18051,Gibson,2015,2019,Asian/Pacific Islander (includes Hispanic),
18,Indiana,18051,Gibson,2015,2019,Black (includes Hispanic),
18,Indiana,18051,Gibson,2015,2019,Hispanic (all races),
18,Indiana,18051,Gibson,2015,2019,American Indian/Alaskan Native (includes Hispanic),
18,Indiana,18051,Gibson,2015,2019,White (includes Hispanic),8.6
18,Indiana,18053,Grant,2011,2015,Asian/Pacific Islander (includes Hispanic),
18,Indiana,18053,Grant,2011,2015,Black (includes Hispanic),
18,Indiana,18053,Grant,2011,2015,Hispanic (all races),
18,Indiana,18053,Grant,2011,2015,American Indian/Alaskan Native (includes Hispanic),
18,Indiana,18053,Grant,2011,2015,White (includes Hispanic),7.9
18,Indiana,18053,Grant,2012,2016,Asian/Pacific Islander (includes Hispanic),
18,Indiana,18053,Grant,2012,2016,Black (includes Hispanic),
18,Indiana,18053,Grant,2012,2016,Hispanic (all races),
18,Indiana,18053,Grant,2012,2016,American Indian/Alaskan Native (includes Hispanic),
18,Indiana,18053,Grant,2012,2016,White (includes Hispanic),9.2
18,Indiana,18053,Grant,2013,2017,Asian/Pacific Islander (includes Hispanic),
18,Indiana,18053,Grant,2013,2017,Black (includes Hispanic),
18,Indiana,18053,Grant,2013,2017,Hispanic (all races),
18,Indiana,18053,Grant,2013,2017,American Indian/Alaskan Native (includes Hispanic),
18,Indiana,18053,Grant,2013,2017,White (includes Hispanic),9.9
18,Indiana,18053,Grant,2014,2018,Asian/Pacific Islander (includes Hispanic),
18,Indiana,18053,Grant,2014,2018,Black (includes Hispanic),
18,Indiana,18053,Grant,2014,2018,Hispanic (all races),
18,Indiana,18053,Grant,2014,2018,American Indian/Alaskan Native (includes Hispanic),
18,Indiana,18053,Grant,2014,2018,White (includes Hispanic),9.9
18,Indiana,18053,Grant,2015,2019,Asian/Pacific Islander (includes Hispanic),
18,Indiana,18053,Grant,2015,2019,Black (includes Hispanic),
18,Indiana,18053,Grant,2015,2019,Hispanic (all races),
18,Indiana,18053,Grant,2015,2019,American Indian/Alaskan Native (includes Hispanic),
18,Indiana,18053,Grant,2015,2019,White (includes Hispanic),10.9
18,Indiana,18055,Greene,2011,2015,Asian/Pacific Islander (includes Hispanic),
18,Indiana,18055,Greene,2011,2015,Black (includes Hispanic),
18,Indiana,18055,Greene,2011,2015,Hispanic (all races),
18,Indiana,18055,Greene,2011,2015,American Indian/Alaskan Native (includes Hispanic),
18,Indiana,18055,Greene,2011,2015,White (includes Hispanic),8.6
18,Indiana,18055,Greene,2012,2016,Asian/Pacific Islander (includes Hispanic),
18,Indiana,18055,Greene,2012,2016,Black (includes Hispanic),
18,Indiana,18055,Greene,2012,2016,Hispanic (all races),
18,Indiana,18055,Greene,2012,2016,American Indian/Alaskan Native (includes Hispanic),
18,Indiana,18055,Greene,2012,2016,White (includes Hispanic),8.4
18,Indiana,18055,Greene,2013,2017,Asian/Pacific Islander (includes Hispanic),
18,Indiana,18055,Greene,2013,2017,Black (includes Hispanic),
18,Indiana,18055,Greene,2013,2017,Hispanic (all races),
18,Indiana,18055,Greene,2013,2017,American Indian/Alaskan Native (includes Hispanic),
18,Indiana,18055,Greene,2013,2017,White (includes Hispanic),9.3
18,Indiana,18055,Greene,2014,2018,Asian/Pacific Islander (includes Hispanic),
18,Indiana,18055,Greene,2014,2018,Black (includes Hispanic),
18,Indiana,18055,Greene,2014,2018,Hispanic (all races),
18,Indiana,18055,Greene,2014,2018,American Indian/Alaskan Native (includes Hispanic),
18,Indiana,18055,Greene,2014,2018,White (includes Hispanic),9.1
18,Indiana,18055,Greene,2015,2019,Asian/Pacific Islander (includes Hispanic),
18,Indiana,18055,Greene,2015,2019,Black (includes Hispanic),
18,Indiana,18055,Greene,2015,2019,Hispanic (all races),
18,Indiana,18055,Greene,2015,2019,American Indian/Alaskan Native (includes Hispanic),
18,Indiana,18055,Greene,2015,2019,White (includes Hispanic),8.0
18,Indiana,18057,Hamilton,2011,2015,Asian/Pacific Islander (includes Hispanic),
18,Indiana,18057,Hamilton,2011,2015,Black (includes Hispanic),8.9
18,Indiana,18057,Hamilton,2011,2015,Hispanic (all races),
18,Indiana,18057,Hamilton,2011,2015,American Indian/Alaskan Native (includes Hispanic),
18,Indiana,18057,Hamilton,2011,2015,White (includes Hispanic),6.6
18,Indiana,18057,Hamilton,2012,2016,Asian/Pacific Islander (includes Hispanic),
18,Indiana,18057,Hamilton,2012,2016,Black (includes Hispanic),8.3
18,Indiana,18057,Hamilton,2012,2016,Hispanic (all races),
18,Indiana,18057,Hamilton,2012,2016,American Indian/Alaskan Native (includes Hispanic),
18,Indiana,18057,Hamilton,2012,2016,White (includes Hispanic),7.7
18,Indiana,18057,Hamilton,2013,2017,Asian/Pacific Islander (includes Hispanic),
18,Indiana,18057,Hamilton,2013,2017,Black (includes Hispanic),8.0
18,Indiana,18057,Hamilton,2013,2017,Hispanic (all races),10.6
18,Indiana,18057,Hamilton,2013,2017,American Indian/Alaskan Native (includes Hispanic),
18,Indiana,18057,Hamilton,2013,2017,White (includes Hispanic),8.4
18,Indiana,18057,Hamilton,2014,2018,Asian/Pacific Islander (includes Hispanic),
18,Indiana,18057,Hamilton,2014,2018,Black (includes Hispanic),8.6
18,Indiana,18057,Hamilton,2014,2018,Hispanic (all races),12.8
18,Indiana,18057,Hamilton,2014,2018,American Indian/Alaskan Native (includes Hispanic),
18,Indiana,18057,Hamilton,2014,2018,White (includes Hispanic),8.3
18,Indiana,18057,Hamilton,2015,2019,Asian/Pacific Islander (includes Hispanic),
18,Indiana,18057,Hamilton,2015,2019,Black (includes Hispanic),8.0
18,Indiana,18057,Hamilton,2015,2019,Hispanic (all races),11.0
18,Indiana,18057,Hamilton,2015,2019,American Indian/Alaskan Native (includes Hispanic),
18,Indiana,18057,Hamilton,2015,2019,White (includes Hispanic),8.3
18,Indiana,18059,Hancock,2011,2015,Asian/Pacific Islander (includes Hispanic),
18,Indiana,18059,Hancock,2011,2015,Black (includes Hispanic),8.9
18,Indiana,18059,Hancock,2011,2015,Hispanic (all races),
18,Indiana,18059,Hancock,2011,2015,American Indian/Alaskan Native (includes Hispanic),
18,Indiana,18059,Hancock,2011,2015,White (includes Hispanic),6.7
18,Indiana,18059,Hancock,2012,2016,Asian/Pacific Islander (includes Hispanic),
18,Indiana,18059,Hancock,2012,2016,Black (includes Hispanic),8.2
18,Indiana,18059,Hancock,2012,2016,Hispanic (all races),
18,Indiana,18059,Hancock,2012,2016,American Indian/Alaskan Native (includes Hispanic),
18,Indiana,18059,Hancock,2012,2016,White (includes Hispanic),7.7
18,Indiana,18059,Hancock,2013,2017,Asian/Pacific Islander (includes Hispanic),
18,Indiana,18059,Hancock,2013,2017,Black (includes Hispanic),7.9
18,Indiana,18059,Hancock,2013,2017,Hispanic (all races),11.0
18,Indiana,18059,Hancock,2013,2017,American Indian/Alaskan Native (includes Hispanic),
18,Indiana,18059,Hancock,2013,2017,White (includes Hispanic),8.0
18,Indiana,18059,Hancock,2014,2018,Asian/Pacific Islander (includes Hispanic),
18,Indiana,18059,Hancock,2014,2018,Black (includes Hispanic),8.5
18,Indiana,18059,Hancock,2014,2018,Hispanic (all races),13.0
18,Indiana,18059,Hancock,2014,2018,American Indian/Alaskan Native (includes Hispanic),
18,Indiana,18059,Hancock,2014,2018,White (includes Hispanic),8.0
18,Indiana,18059,Hancock,2015,2019,Asian/Pacific Islander (includes Hispanic),
18,Indiana,18059,Hancock,2015,2019,Black (includes Hispanic),7.9
18,Indiana,18059,Hancock,2015,2019,Hispanic (all races),11.1
18,Indiana,18059,Hancock,2015,2019,American Indian/Alaskan Native (includes Hispanic),
18,Indiana,18059,Hancock,2015,2019,White (includes Hispanic),7.9
18,Indiana,18061,Harrison,2011,2015,Asian/Pacific Islander (includes Hispanic),
18,Indiana,18061,Harrison,2011,2015,Black (includes Hispanic),9.8
18,Indiana,18061,Harrison,2011,2015,Hispanic (all races),
18,Indiana,18061,Harrison,2011,2015,American Indian/Alaskan Native (includes Hispanic),
18,Indiana,18061,Harrison,2011,2015,White (includes Hispanic),8.5
18,Indiana,18061,Harrison,2012,2016,Asian/Pacific Islander (includes Hispanic),
18,Indiana,18061,Harrison,2012,2016,Black (includes Hispanic),10.2
18,Indiana,18061,Harrison,2012,2016,Hispanic (all races),
18,Indiana,18061,Harrison,2012,2016,American Indian/Alaskan Native (includes Hispanic),
18,Indiana,18061,Harrison,2012,2016,White (includes Hispanic),9.1
18,Indiana,18061,Harrison,2013,2017,Asian/Pacific Islander (includes Hispanic),
18,Indiana,18061,Harrison,2013,2017,Black (includes Hispanic),11.1
18,Indiana,18061,Harrison,2013,2017,Hispanic (all races),
18,Indiana,18061,Harrison,2013,2017,American Indian/Alaskan Native (includes Hispanic),
18,Indiana,18061,Harrison,2013,2017,White (includes Hispanic),9.5
18,Indiana,18061,Harrison,2014,2018,Asian/Pacific Islander (includes Hispanic),
18,Indiana,18061,Harrison,2014,2018,Black (includes Hispanic),10.0
18,Indiana,18061,Harrison,2014,2018,Hispanic (all races),
18,Indiana,18061,Harrison,2014,2018,American Indian/Alaskan Native (includes Hispanic),
18,Indiana,18061,Harrison,2014,2018,White (includes Hispanic),9.8
18,Indiana,18061,Harrison,2015,2019,Asian/Pacific Islander (includes Hispanic),
18,Indiana,18061,Harrison,2015,2019,Black (includes Hispanic),8.6
18,Indiana,18061,Harrison,2015,2019,Hispanic (all races),
18,Indiana,18061,Harrison,2015,2019,American Indian/Alaskan Native (includes Hispanic),
18,Indiana,18061,Harrison,2015,2019,White (includes Hispanic),9.9
18,Indiana,18063,Hendricks,2011,2015,Asian/Pacific Islander (includes Hispanic),
18,Indiana,18063,Hendricks,2011,2015,Black (includes Hispanic),8.8
18,Indiana,18063,Hendricks,2011,2015,Hispanic (all races),
18,Indiana,18063,Hendricks,2011,2015,American Indian/Alaskan Native (includes Hispanic),
18,Indiana,18063,Hendricks,2011,2015,White (includes Hispanic),7.6
18,Indiana,18063,Hendricks,2012,2016,Asian/Pacific Islander (includes Hispanic),
18,Indiana,18063,Hendricks,2012,2016,Black (includes Hispanic),8.0
18,Indiana,18063,Hendricks,2012,2016,Hispanic (all races),
18,Indiana,18063,Hendricks,2012,2016,American Indian/Alaskan Native (includes Hispanic),
18,Indiana,18063,Hendricks,2012,2016,White (includes Hispanic),8.9
18,Indiana,18063,Hendricks,2013,2017,Asian/Pacific Islander (includes Hispanic),
18,Indiana,18063,Hendricks,2013,2017,Black (includes Hispanic),7.6
18,Indiana,18063,Hendricks,2013,2017,Hispanic (all races),12.2
18,Indiana,18063,Hendricks,2013,2017,American Indian/Alaskan Native (includes Hispanic),
18,Indiana,18063,Hendricks,2013,2017,White (includes Hispanic),9.2
18,Indiana,18063,Hendricks,2014,2018,Asian/Pacific Islander (includes Hispanic),
18,Indiana,18063,Hendricks,2014,2018,Black (includes Hispanic),8.3
18,Indiana,18063,Hendricks,2014,2018,Hispanic (all races),14.8
18,Indiana,18063,Hendricks,2014,2018,American Indian/Alaskan Native (includes Hispanic),
18,Indiana,18063,Hendricks,2014,2018,White (includes Hispanic),9.2
18,Indiana,18063,Hendricks,2015,2019,Asian/Pacific Islander (includes Hispanic),
18,Indiana,18063,Hendricks,2015,2019,Black (includes Hispanic),8.0
18,Indiana,18063,Hendricks,2015,2019,Hispanic (all races),12.7
18,Indiana,18063,Hendricks,2015,2019,American Indian/Alaskan Native (includes Hispanic),
18,Indiana,18063,Hendricks,2015,2019,White (includes Hispanic),9.0
18,Indiana,18065,Henry,2011,2015,Asian/Pacific Islander (includes Hispanic),
18,Indiana,18065,Henry,2011,2015,Black (includes Hispanic),
18,Indiana,18065,Henry,2011,2015,Hispanic (all races),
18,Indiana,18065,Henry,2011,2015,American Indian/Alaskan Native (includes Hispanic),
18,Indiana,18065,Henry,2011,2015,White (includes Hispanic),8.6
18,Indiana,18065,Henry,2012,2016,Asian/Pacific Islander (includes Hispanic),
18,Indiana,18065,Henry,2012,2016,Black (includes Hispanic),
18,Indiana,18065,Henry,2012,2016,Hispanic (all races),
18,Indiana,18065,Henry,2012,2016,American Indian/Alaskan Native (includes Hispanic),
18,Indiana,18065,Henry,2012,2016,White (includes Hispanic),8.8
18,Indiana,18065,Henry,2013,2017,Asian/Pacific Islander (includes Hispanic),
18,Indiana,18065,Henry,2013,2017,Black (includes Hispanic),
18,Indiana,18065,Henry,2013,2017,Hispanic (all races),
18,Indiana,18065,Henry,2013,2017,American Indian/Alaskan Native (includes Hispanic),
18,Indiana,18065,Henry,2013,2017,White (includes Hispanic),8.6
18,Indiana,18065,Henry,2014,2018,Asian/Pacific Islander (includes Hispanic),
18,Indiana,18065,Henry,2014,2018,Black (includes Hispanic),
18,Indiana,18065,Henry,2014,2018,Hispanic (all races),
18,Indiana,18065,Henry,2014,2018,American Indian/Alaskan Native (includes Hispanic),
18,Indiana,18065,Henry,2014,2018,White (includes Hispanic),9.6
18,Indiana,18065,Henry,2015,2019,Asian/Pacific Islander (includes Hispanic),
18,Indiana,18065,Henry,2015,2019,Black (includes Hispanic),
18,Indiana,18065,Henry,2015,2019,Hispanic (all races),
18,Indiana,18065,Henry,2015,2019,American Indian/Alaskan Native (includes Hispanic),
18,Indiana,18065,Henry,2015,2019,White (includes Hispanic),10.3
18,Indiana,18067,Howard,2011,2015,Asian/Pacific Islander (includes Hispanic),
18,Indiana,18067,Howard,2011,2015,Black (includes Hispanic),
18,Indiana,18067,Howard,2011,2015,Hispanic (all races),
18,Indiana,18067,Howard,2011,2015,American Indian/Alaskan Native (includes Hispanic),
18,Indiana,18067,Howard,2011,2015,White (includes Hispanic),7.5
18,Indiana,18067,Howard,2012,2016,Asian/Pacific Islander (includes Hispanic),
18,Indiana,18067,Howard,2012,2016,Black (includes Hispanic),
18,Indiana,18067,Howard,2012,2016,Hispanic (all races),
18,Indiana,18067,Howard,2012,2016,American Indian/Alaskan Native (includes Hispanic),
18,Indiana,18067,Howard,2012,2016,White (includes Hispanic),8.8
18,Indiana,18067,Howard,2013,2017,Asian/Pacific Islander (includes Hispanic),
18,Indiana,18067,Howard,2013,2017,Black (includes Hispanic),
18,Indiana,18067,Howard,2013,2017,Hispanic (all races),
18,Indiana,18067,Howard,2013,2017,American Indian/Alaskan Native (includes Hispanic),
18,Indiana,18067,Howard,2013,2017,White (includes Hispanic),9.7
18,Indiana,18067,Howard,2014,2018,Asian/Pacific Islander (includes Hispanic),
18,Indiana,18067,Howard,2014,2018,Black (includes Hispanic),
18,Indiana,18067,Howard,2014,2018,Hispanic (all races),
18,Indiana,18067,Howard,2014,2018,American Indian/Alaskan Native (includes Hispanic),
18,Indiana,18067,Howard,2014,2018,White (includes Hispanic),9.9
18,Indiana,18067,Howard,2015,2019,Asian/Pacific Islander (includes Hispanic),
18,Indiana,18067,Howard,2015,2019,Black (includes Hispanic),
18,Indiana,18067,Howard,2015,2019,Hispanic (all races),
18,Indiana,18067,Howard,2015,2019,American Indian/Alaskan Native (includes Hispanic),
18,Indiana,18067,Howard,2015,2019,White (includes Hispanic),12.0
18,Indiana,18069,Huntington,2011,2015,Asian/Pacific Islander (includes Hispanic),
18,Indiana,18069,Huntington,2011,2015,Black (includes Hispanic),
18,Indiana,18069,Huntington,2011,2015,Hispanic (all races),
18,Indiana,18069,Huntington,2011,2015,American Indian/Alaskan Native (includes Hispanic),
18,Indiana,18069,Huntington,2011,2015,White (includes Hispanic),7.3
18,Indiana,18069,Huntington,2012,2016,Asian/Pacific Islander (includes Hispanic),
18,Indiana,18069,Huntington,2012,2016,Black (includes Hispanic),
18,Indiana,18069,Huntington,2012,2016,Hispanic (all races),
18,Indiana,18069,Huntington,2012,2016,American Indian/Alaskan Native (includes Hispanic),
18,Indiana,18069,Huntington,2012,2016,White (includes Hispanic),8.0
18,Indiana,18069,Huntington,2013,2017,Asian/Pacific Islander (includes Hispanic),
18,Indiana,18069,Huntington,2013,2017,Black (includes Hispanic),
18,Indiana,18069,Huntington,2013,2017,Hispanic (all races),
18,Indiana,18069,Huntington,2013,2017,American Indian/Alaskan Native (includes Hispanic),
18,Indiana,18069,Huntington,2013,2017,White (includes Hispanic),8.4
18,Indiana,18069,Huntington,2014,2018,Asian/Pacific Islander (includes Hispanic),
18,Indiana,18069,Huntington,2014,2018,Black (includes Hispanic),
18,Indiana,18069,Huntington,2014,2018,Hispanic (all races),
18,Indiana,18069,Huntington,2014,2018,American Indian/Alaskan Native (includes Hispanic),
18,Indiana,18069,Huntington,2014,2018,White (includes Hispanic),9.1
18,Indiana,18069,Huntington,2015,2019,Asian/Pacific Islander (includes Hispanic),
18,Indiana,18069,Huntington,2015,2019,Black (includes Hispanic),
18,Indiana,18069,Huntington,2015,2019,Hispanic (all races),
18,Indiana,18069,Huntington,2015,2019,American Indian/Alaskan Native (includes Hispanic),
18,Indiana,18069,Huntington,2015,2019,White (includes Hispanic),9.7
18,Indiana,18071,Jackson,2011,2015,Asian/Pacific Islander (includes Hispanic),
18,Indiana,18071,Jackson,2011,2015,Black (includes Hispanic),
18,Indiana,18071,Jackson,2011,2015,Hispanic (all races),
18,Indiana,18071,Jackson,2011,2015,American Indian/Alaskan Native (includes Hispanic),
18,Indiana,18071,Jackson,2011,2015,White (includes Hispanic),8.3
18,Indiana,18071,Jackson,2012,2016,Asian/Pacific Islander (includes Hispanic),
18,Indiana,18071,Jackson,2012,2016,Black (includes Hispanic),
18,Indiana,18071,Jackson,2012,2016,Hispanic (all races),
18,Indiana,18071,Jackson,2012,2016,American Indian/Alaskan Native (includes Hispanic),
18,Indiana,18071,Jackson,2012,2016,White (includes Hispanic),8.3
18,Indiana,18071,Jackson,2013,2017,Asian/Pacific Islander (includes Hispanic),
18,Indiana,18071,Jackson,2013,2017,Black (includes Hispanic),
18,Indiana,18071,Jackson,2013,2017,Hispanic (all races),
18,Indiana,18071,Jackson,2013,2017,American Indian/Alaskan Native (includes Hispanic),
18,Indiana,18071,Jackson,2013,2017,White (includes Hispanic),8.1
18,Indiana,18071,Jackson,2014,2018,Asian/Pacific Islander (includes Hispanic),
18,Indiana,18071,Jackson,2014,2018,Black (includes Hispanic),
18,Indiana,18071,Jackson,2014,2018,Hispanic (all races),
18,Indiana,18071,Jackson,2014,2018,American Indian/Alaskan Native (includes Hispanic),
18,Indiana,18071,Jackson,2014,2018,White (includes Hispanic),7.7
18,Indiana,18071,Jackson,2015,2019,Asian/Pacific Islander (includes Hispanic),
18,Indiana,18071,Jackson,2015,2019,Black (includes Hispanic),
18,Indiana,18071,Jackson,2015,2019,Hispanic (all races),
18,Indiana,18071,Jackson,2015,2019,American Indian/Alaskan Native (includes Hispanic),
18,Indiana,18071,Jackson,2015,2019,White (includes Hispanic),7.3
18,Indiana,18073,Jasper,2011,2015,Asian/Pacific Islander (includes Hispanic),
18,Indiana,18073,Jasper,2011,2015,Black (includes Hispanic),11.1
18,Indiana,18073,Jasper,2011,2015,Hispanic (all races),9.1
18,Indiana,18073,Jasper,2011,2015,American Indian/Alaskan Native (includes Hispanic),
18,Indiana,18073,Jasper,2011,2015,White (includes Hispanic),8.6
18,Indiana,18073,Jasper,2012,2016,Asian/Pacific Islander (includes Hispanic),
18,Indiana,18073,Jasper,2012,2016,Black (includes Hispanic),10.4
18,Indiana,18073,Jasper,2012,2016,Hispanic (all races),11.8
18,Indiana,18073,Jasper,2012,2016,American Indian/Alaskan Native (includes Hispanic),
18,Indiana,18073,Jasper,2012,2016,White (includes Hispanic),8.6
18,Indiana,18073,Jasper,2013,2017,Asian/Pacific Islander (includes Hispanic),
18,Indiana,18073,Jasper,2013,2017,Black (includes Hispanic),9.7
18,Indiana,18073,Jasper,2013,2017,Hispanic (all races),12.2
18,Indiana,18073,Jasper,2013,2017,American Indian/Alaskan Native (includes Hispanic),
18,Indiana,18073,Jasper,2013,2017,White (includes Hispanic),8.6
18,Indiana,18073,Jasper,2014,2018,Asian/Pacific Islander (includes Hispanic),
18,Indiana,18073,Jasper,2014,2018,Black (includes Hispanic),10.0
18,Indiana,18073,Jasper,2014,2018,Hispanic (all races),12.5
18,Indiana,18073,Jasper,2014,2018,American Indian/Alaskan Native (includes Hispanic),
18,Indiana,18073,Jasper,2014,2018,White (includes Hispanic),8.7
18,Indiana,18073,Jasper,2015,2019,Asian/Pacific Islander (includes Hispanic),
18,Indiana,18073,Jasper,2015,2019,Black (includes Hispanic),10.3
18,Indiana,18073,Jasper,2015,2019,Hispanic (all races),13.5
18,Indiana,18073,Jasper,2015,2019,American Indian/Alaskan Native (includes Hispanic),
18,Indiana,18073,Jasper,2015,2019,White (includes Hispanic),8.7
18,Indiana,18075,Jay,2011,2015,Asian/Pacific Islander (includes Hispanic),
18,Indiana,18075,Jay,2011,2015,Black (includes Hispanic),
18,Indiana,18075,Jay,2011,2015,Hispanic (all races),
18,Indiana,18075,Jay,2011,2015,American Indian/Alaskan Native (includes Hispanic),
18,Indiana,18075,Jay,2011,2015,White (includes Hispanic),7.7
18,Indiana,18075,Jay,2012,2016,Asian/Pacific Islander (includes Hispanic),
18,Indiana,18075,Jay,2012,2016,Black (includes Hispanic),
18,Indiana,18075,Jay,2012,2016,Hispanic (all races),
18,Indiana,18075,Jay,2012,2016,American Indian/Alaskan Native (includes Hispanic),
18,Indiana,18075,Jay,2012,2016,White (includes Hispanic),8.8
18,Indiana,18075,Jay,2013,2017,Asian/Pacific Islander (includes Hispanic),
18,Indiana,18075,Jay,2013,2017,Black (includes Hispanic),
18,Indiana,18075,Jay,2013,2017,Hispanic (all races),
18,Indiana,18075,Jay,2013,2017,American Indian/Alaskan Native (includes Hispanic),
18,Indiana,18075,Jay,2013,2017,White (includes Hispanic),8.2
18,Indiana,18075,Jay,2014,2018,Asian/Pacific Islander (includes Hispanic),
18,Indiana,18075,Jay,2014,2018,Black (includes Hispanic),
18,Indiana,18075,Jay,2014,2018,Hispanic (all races),
18,Indiana,18075,Jay,2014,2018,American Indian/Alaskan Native (includes Hispanic),
18,Indiana,18075,Jay,2014,2018,White (includes Hispanic),9.1
18,Indiana,18075,Jay,2015,2019,Asian/Pacific Islander (includes Hispanic),
18,Indiana,18075,Jay,2015,2019,Black (includes Hispanic),
18,Indiana,18075,Jay,2015,2019,Hispanic (all races),
18,Indiana,18075,Jay,2015,2019,American Indian/Alaskan Native (includes Hispanic),
18,Indiana,18075,Jay,2015,2019,White (includes Hispanic),8.8
18,Indiana,18077,Jefferson,2011,2015,Asian/Pacific Islander (includes Hispanic),
18,Indiana,18077,Jefferson,2011,2015,Black (includes Hispanic),
18,Indiana,18077,Jefferson,2011,2015,Hispanic (all races),
18,Indiana,18077,Jefferson,2011,2015,American Indian/Alaskan Native (includes Hispanic),
18,Indiana,18077,Jefferson,2011,2015,White (includes Hispanic),8.2
18,Indiana,18077,Jefferson,2012,2016,Asian/Pacific Islander (includes Hispanic),
18,Indiana,18077,Jefferson,2012,2016,Black (includes Hispanic),
18,Indiana,18077,Jefferson,2012,2016,Hispanic (all races),
18,Indiana,18077,Jefferson,2012,2016,American Indian/Alaskan Native (includes Hispanic),
18,Indiana,18077,Jefferson,2012,2016,White (includes Hispanic),8.4
18,Indiana,18077,Jefferson,2013,2017,Asian/Pacific Islander (includes Hispanic),
18,Indiana,18077,Jefferson,2013,2017,Black (includes Hispanic),
18,Indiana,18077,Jefferson,2013,2017,Hispanic (all races),
18,Indiana,18077,Jefferson,2013,2017,American Indian/Alaskan Native (includes Hispanic),
18,Indiana,18077,Jefferson,2013,2017,White (includes Hispanic),9.0
18,Indiana,18077,Jefferson,2014,2018,Asian/Pacific Islander (includes Hispanic),
18,Indiana,18077,Jefferson,2014,2018,Black (includes Hispanic),
18,Indiana,18077,Jefferson,2014,2018,Hispanic (all races),
18,Indiana,18077,Jefferson,2014,2018,American Indian/Alaskan Native (includes Hispanic),
18,Indiana,18077,Jefferson,2014,2018,White (includes Hispanic),9.8
18,Indiana,18077,Jefferson,2015,2019,Asian/Pacific Islander (includes Hispanic),
18,Indiana,18077,Jefferson,2015,2019,Black (includes Hispanic),
18,Indiana,18077,Jefferson,2015,2019,Hispanic (all races),
18,Indiana,18077,Jefferson,2015,2019,American Indian/Alaskan Native (includes Hispanic),
18,Indiana,18077,Jefferson,2015,2019,White (includes Hispanic),11.1
18,Indiana,18079,Jennings,2011,2015,Asian/Pacific Islander (includes Hispanic),
18,Indiana,18079,Jennings,2011,2015,Black (includes Hispanic),
18,Indiana,18079,Jennings,2011,2015,Hispanic (all races),
18,Indiana,18079,Jennings,2011,2015,American Indian/Alaskan Native (includes Hispanic),
18,Indiana,18079,Jennings,2011,2015,White (includes Hispanic),9.1
18,Indiana,18079,Jennings,2012,2016,Asian/Pacific Islander (includes Hispanic),
18,Indiana,18079,Jennings,2012,2016,Black (includes Hispanic),
18,Indiana,18079,Jennings,2012,2016,Hispanic (all races),
18,Indiana,18079,Jennings,2012,2016,American Indian/Alaskan Native (includes Hispanic),
18,Indiana,18079,Jennings,2012,2016,White (includes Hispanic),9.4
18,Indiana,18079,Jennings,2013,2017,Asian/Pacific Islander (includes Hispanic),
18,Indiana,18079,Jennings,2013,2017,Black (includes Hispanic),
18,Indiana,18079,Jennings,2013,2017,Hispanic (all races),
18,Indiana,18079,Jennings,2013,2017,American Indian/Alaskan Native (includes Hispanic),
18,Indiana,18079,Jennings,2013,2017,White (includes Hispanic),9.2
18,Indiana,18079,Jennings,2014,2018,Asian/Pacific Islander (includes Hispanic),
18,Indiana,18079,Jennings,2014,2018,Black (includes Hispanic),
18,Indiana,18079,Jennings,2014,2018,Hispanic (all races),
18,Indiana,18079,Jennings,2014,2018,American Indian/Alaskan Native (includes Hispanic),
18,Indiana,18079,Jennings,2014,2018,White (includes Hispanic),9.3
18,Indiana,18079,Jennings,2015,2019,Asian/Pacific Islander (includes Hispanic),
18,Indiana,18079,Jennings,2015,2019,Black (includes Hispanic),
18,Indiana,18079,Jennings,2015,2019,Hispanic (all races),
18,Indiana,18079,Jennings,2015,2019,American Indian/Alaskan Native (includes Hispanic),
18,Indiana,18079,Jennings,2015,2019,White (includes Hispanic),10.7
18,Indiana,18081,Johnson,2011,2015,Asian/Pacific Islander (includes Hispanic),
18,Indiana,18081,Johnson,2011,2015,Black (includes Hispanic),8.8
18,Indiana,18081,Johnson,2011,2015,Hispanic (all races),
18,Indiana,18081,Johnson,2011,2015,American Indian/Alaskan Native (includes Hispanic),
18,Indiana,18081,Johnson,2011,2015,White (includes Hispanic),7.1
18,Indiana,18081,Johnson,2012,2016,Asian/Pacific Islander (includes Hispanic),
18,Indiana,18081,Johnson,2012,2016,Black (includes Hispanic),8.0
18,Indiana,18081,Johnson,2012,2016,Hispanic (all races),
18,Indiana,18081,Johnson,2012,2016,American Indian/Alaskan Native (includes Hispanic),
18,Indiana,18081,Johnson,2012,2016,White (includes Hispanic),8.4
18,Indiana,18081,Johnson,2013,2017,Asian/Pacific Islander (includes Hispanic),
18,Indiana,18081,Johnson,2013,2017,Black (includes Hispanic),7.8
18,Indiana,18081,Johnson,2013,2017,Hispanic (all races),11.8
18,Indiana,18081,Johnson,2013,2017,American Indian/Alaskan Native (includes Hispanic),
18,Indiana,18081,Johnson,2013,2017,White (includes Hispanic),8.7
18,Indiana,18081,Johnson,2014,2018,Asian/Pacific Islander (includes Hispanic),
18,Indiana,18081,Johnson,2014,2018,Black (includes Hispanic),8.4
18,Indiana,18081,Johnson,2014,2018,Hispanic (all races),14.5
18,Indiana,18081,Johnson,2014,2018,American Indian/Alaskan Native (includes Hispanic),
18,Indiana,18081,Johnson,2014,2018,White (includes Hispanic),8.6
18,Indiana,18081,Johnson,2015,2019,Asian/Pacific Islander (includes Hispanic),
18,Indiana,18081,Johnson,2015,2019,Black (includes Hispanic),8.1
18,Indiana,18081,Johnson,2015,2019,Hispanic (all races),12.4
18,Indiana,18081,Johnson,2015,2019,American Indian/Alaskan Native (includes Hispanic),
18,Indiana,18081,Johnson,2015,2019,White (includes Hispanic),8.8
18,Indiana,18083,Knox,2011,2015,Asian/Pacific Islander (includes Hispanic),
18,Indiana,18083,Knox,2011,2015,Black (includes Hispanic),
18,Indiana,18083,Knox,2011,2015,Hispanic (all races),
18,Indiana,18083,Knox,2011,2015,American Indian/Alaskan Native (includes Hispanic),
18,Indiana,18083,Knox,2011,2015,White (includes Hispanic),7.8
18,Indiana,18083,Knox,2012,2016,Asian/Pacific Islander (includes Hispanic),
18,Indiana,18083,Knox,2012,2016,Black (includes Hispanic),
18,Indiana,18083,Knox,2012,2016,Hispanic (all races),
18,Indiana,18083,Knox,2012,2016,American Indian/Alaskan Native (includes Hispanic),
18,Indiana,18083,Knox,2012,2016,White (includes Hispanic),7.9
18,Indiana,18083,Knox,2013,2017,Asian/Pacific Islander (includes Hispanic),
18,Indiana,18083,Knox,2013,2017,Black (includes Hispanic),
18,Indiana,18083,Knox,2013,2017,Hispanic (all races),
18,Indiana,18083,Knox,2013,2017,American Indian/Alaskan Native (includes Hispanic),
18,Indiana,18083,Knox,2013,2017,White (includes Hispanic),9.4
18,Indiana,18083,Knox,2014,2018,Asian/Pacific Islander (includes Hispanic),
18,Indiana,18083,Knox,2014,2018,Black (includes Hispanic),
18,Indiana,18083,Knox,2014,2018,Hispanic (all races),
18,Indiana,18083,Knox,2014,2018,American Indian/Alaskan Native (includes Hispanic),
18,Indiana,18083,Knox,2014,2018,White (includes Hispanic),9.4
18,Indiana,18083,Knox,2015,2019,Asian/Pacific Islander (includes Hispanic),
18,Indiana,18083,Knox,2015,2019,Black (includes Hispanic),
18,Indiana,18083,Knox,2015,2019,Hispanic (all races),
18,Indiana,18083,Knox,2015,2019,American Indian/Alaskan Native (includes Hispanic),
18,Indiana,18083,Knox,2015,2019,White (includes Hispanic),9.8
18,Indiana,18085,Kosciusko,2011,2015,Asian/Pacific Islander (includes Hispanic),
18,Indiana,18085,Kosciusko,2011,2015,Black (includes Hispanic),
18,Indiana,18085,Kosciusko,2011,2015,Hispanic (all races),
18,Indiana,18085,Kosciusko,2011,2015,American Indian/Alaskan Native (includes Hispanic),
18,Indiana,18085,Kosciusko,2011,2015,White (includes Hispanic),8.2
18,Indiana,18085,Kosciusko,2012,2016,Asian/Pacific Islander (includes Hispanic),
18,Indiana,18085,Kosciusko,2012,2016,Black (includes Hispanic),
18,Indiana,18085,Kosciusko,2012,2016,Hispanic (all races),
18,Indiana,18085,Kosciusko,2012,2016,American Indian/Alaskan Native (includes Hispanic),
18,Indiana,18085,Kosciusko,2012,2016,White (includes Hispanic),9.3
18,Indiana,18085,Kosciusko,2013,2017,Asian/Pacific Islander (includes Hispanic),
18,Indiana,18085,Kosciusko,2013,2017,Black (includes Hispanic),
18,Indiana,18085,Kosciusko,2013,2017,Hispanic (all races),
18,Indiana,18085,Kosciusko,2013,2017,American Indian/Alaskan Native (includes Hispanic),
18,Indiana,18085,Kosciusko,2013,2017,White (includes Hispanic),9.5
18,Indiana,18085,Kosciusko,2014,2018,Asian/Pacific Islander (includes Hispanic),
18,Indiana,18085,Kosciusko,2014,2018,Black (includes Hispanic),
18,Indiana,18085,Kosciusko,2014,2018,Hispanic (all races),
18,Indiana,18085,Kosciusko,2014,2018,American Indian/Alaskan Native (includes Hispanic),
18,Indiana,18085,Kosciusko,2014,2018,White (includes Hispanic),9.1
18,Indiana,18085,Kosciusko,2015,2019,Asian/Pacific Islander (includes Hispanic),
18,Indiana,18085,Kosciusko,2015,2019,Black (includes Hispanic),
18,Indiana,18085,Kosciusko,2015,2019,Hispanic (all races),
18,Indiana,18085,Kosciusko,2015,2019,American Indian/Alaskan Native (includes Hispanic),
18,Indiana,18085,Kosciusko,2015,2019,White (includes Hispanic),9.6
18,Indiana,18087,LaGrange,2011,2015,Asian/Pacific Islander (includes Hispanic),
18,Indiana,18087,LaGrange,2011,2015,Black (includes Hispanic),
18,Indiana,18087,LaGrange,2011,2015,Hispanic (all races),
18,Indiana,18087,LaGrange,2011,2015,American Indian/Alaskan Native (includes Hispanic),
18,Indiana,18087,LaGrange,2011,2015,White (includes Hispanic),8.7
18,Indiana,18087,LaGrange,2012,2016,Asian/Pacific Islander (includes Hispanic),
18,Indiana,18087,LaGrange,2012,2016,Black (includes Hispanic),
18,Indiana,18087,LaGrange,2012,2016,Hispanic (all races),
18,Indiana,18087,LaGrange,2012,2016,American Indian/Alaskan Native (includes Hispanic),
18,Indiana,18087,LaGrange,2012,2016,White (includes Hispanic),9.2
18,Indiana,18087,LaGrange,2013,2017,Asian/Pacific Islander (includes Hispanic),
18,Indiana,18087,LaGrange,2013,2017,Black (includes Hispanic),
18,Indiana,18087,LaGrange,2013,2017,Hispanic (all races),
18,Indiana,18087,LaGrange,2013,2017,American Indian/Alaskan Native (includes Hispanic),
18,Indiana,18087,LaGrange,2013,2017,White (includes Hispanic),9.8
18,Indiana,18087,LaGrange,2014,2018,Asian/Pacific Islander (includes Hispanic),
18,Indiana,18087,LaGrange,2014,2018,Black (includes Hispanic),
18,Indiana,18087,LaGrange,2014,2018,Hispanic (all races),
18,Indiana,18087,LaGrange,2014,2018,American Indian/Alaskan Native (includes Hispanic),
18,Indiana,18087,LaGrange,2014,2018,White (includes Hispanic),8.8
18,Indiana,18087,LaGrange,2015,2019,Asian/Pacific Islander (includes Hispanic),
18,Indiana,18087,LaGrange,2015,2019,Black (includes Hispanic),
18,Indiana,18087,LaGrange,2015,2019,Hispanic (all races),
18,Indiana,18087,LaGrange,2015,2019,American Indian/Alaskan Native (includes Hispanic),
18,Indiana,18087,LaGrange,2015,2019,White (includes Hispanic),9.8
18,Indiana,18089,Lake,2011,2015,Asian/Pacific Islander (includes Hispanic),5.1
18,Indiana,18089,Lake,2011,2015,Black (includes Hispanic),10.7
18,Indiana,18089,Lake,2011,2015,Hispanic (all races),10.4
18,Indiana,18089,Lake,2011,2015,American Indian/Alaskan Native (includes Hispanic),
18,Indiana,18089,Lake,2011,2015,White (includes Hispanic),7.4
18,Indiana,18089,Lake,2012,2016,Asian/Pacific Islander (includes Hispanic),5.0
18,Indiana,18089,Lake,2012,2016,Black (includes Hispanic),10.6
18,Indiana,18089,Lake,2012,2016,Hispanic (all races),10.4
18,Indiana,18089,Lake,2012,2016,American Indian/Alaskan Native (includes Hispanic),
18,Indiana,18089,Lake,2012,2016,White (includes Hispanic),7.3
18,Indiana,18089,Lake,2013,2017,Asian/Pacific Islander (includes Hispanic),5.3
18,Indiana,18089,Lake,2013,2017,Black (includes Hispanic),10.6
18,Indiana,18089,Lake,2013,2017,Hispanic (all races),10.7
18,Indiana,18089,Lake,2013,2017,American Indian/Alaskan Native (includes Hispanic),
18,Indiana,18089,Lake,2013,2017,White (includes Hispanic),7.6
18,Indiana,18089,Lake,2014,2018,Asian/Pacific Islander (includes Hispanic),6.4
18,Indiana,18089,Lake,2014,2018,Black (includes Hispanic),10.5
18,Indiana,18089,Lake,2014,2018,Hispanic (all races),10.9
18,Indiana,18089,Lake,2014,2018,American Indian/Alaskan Native (includes Hispanic),
18,Indiana,18089,Lake,2014,2018,White (includes Hispanic),7.6
18,Indiana,18089,Lake,2015,2019,Asian/Pacific Islander (includes Hispanic),6.2
18,Indiana,18089,Lake,2015,2019,Black (includes Hispanic),10.2
18,Indiana,18089,Lake,2015,2019,Hispanic (all races),11.1
18,Indiana,18089,Lake,2015,2019,American Indian/Alaskan Native (includes Hispanic),
18,Indiana,18089,Lake,2015,2019,White (includes Hispanic),7.5
18,Indiana,18091,LaPorte,2011,2015,Asian/Pacific Islander (includes Hispanic),
18,Indiana,18091,LaPorte,2011,2015,Black (includes Hispanic),11.4
18,Indiana,18091,LaPorte,2011,2015,Hispanic (all races),
18,Indiana,18091,LaPorte,2011,2015,American Indian/Alaskan Native (includes Hispanic),
18,Indiana,18091,LaPorte,2011,2015,White (includes Hispanic),7.4
18,Indiana,18091,LaPorte,2012,2016,Asian/Pacific Islander (includes Hispanic),
18,Indiana,18091,LaPorte,2012,2016,Black (includes Hispanic),9.5
18,Indiana,18091,LaPorte,2012,2016,Hispanic (all races),
18,Indiana,18091,LaPorte,2012,2016,American Indian/Alaskan Native (includes Hispanic),
18,Indiana,18091,LaPorte,2012,2016,White (includes Hispanic),7.4
18,Indiana,18091,LaPorte,2013,2017,Asian/Pacific Islander (includes Hispanic),
18,Indiana,18091,LaPorte,2013,2017,Black (includes Hispanic),10.9
18,Indiana,18091,LaPorte,2013,2017,Hispanic (all races),
18,Indiana,18091,LaPorte,2013,2017,American Indian/Alaskan Native (includes Hispanic),
18,Indiana,18091,LaPorte,2013,2017,White (includes Hispanic),7.6
18,Indiana,18091,LaPorte,2014,2018,Asian/Pacific Islander (includes Hispanic),
18,Indiana,18091,LaPorte,2014,2018,Black (includes Hispanic),10.9
18,Indiana,18091,LaPorte,2014,2018,Hispanic (all races),
18,Indiana,18091,LaPorte,2014,2018,American Indian/Alaskan Native (includes Hispanic),
18,Indiana,18091,LaPorte,2014,2018,White (includes Hispanic),7.8
18,Indiana,18091,LaPorte,2015,2019,Asian/Pacific Islander (includes Hispanic),
18,Indiana,18091,LaPorte,2015,2019,Black (includes Hispanic),10.4
18,Indiana,18091,LaPorte,2015,2019,Hispanic (all races),
18,Indiana,18091,LaPorte,2015,2019,American Indian/Alaskan Native (includes Hispanic),
18,Indiana,18091,LaPorte,2015,2019,White (includes Hispanic),7.6
18,Indiana,18093,Lawrence,2011,2015,Asian/Pacific Islander (includes Hispanic),
18,Indiana,18093,Lawrence,2011,2015,Black (includes Hispanic),
18,Indiana,18093,Lawrence,2011,2015,Hispanic (all races),
18,Indiana,18093,Lawrence,2011,2015,American Indian/Alaskan Native (includes Hispanic),
18,Indiana,18093,Lawrence,2011,2015,White (includes Hispanic),9.4
18,Indiana,18093,Lawrence,2012,2016,Asian/Pacific Islander (includes Hispanic),
18,Indiana,18093,Lawrence,2012,2016,Black (includes Hispanic),
18,Indiana,18093,Lawrence,2012,2016,Hispanic (all races),
18,Indiana,18093,Lawrence,2012,2016,American Indian/Alaskan Native (includes Hispanic),
18,Indiana,18093,Lawrence,2012,2016,White (includes Hispanic),9.2
18,Indiana,18093,Lawrence,2013,2017,Asian/Pacific Islander (includes Hispanic),
18,Indiana,18093,Lawrence,2013,2017,Black (includes Hispanic),
18,Indiana,18093,Lawrence,2013,2017,Hispanic (all races),
18,Indiana,18093,Lawrence,2013,2017,American Indian/Alaskan Native (includes Hispanic),
18,Indiana,18093,Lawrence,2013,2017,White (includes Hispanic),9.0
18,Indiana,18093,Lawrence,2014,2018,Asian/Pacific Islander (includes Hispanic),
18,Indiana,18093,Lawrence,2014,2018,Black (includes Hispanic),
18,Indiana,18093,Lawrence,2014,2018,Hispanic (all races),
18,Indiana,18093,Lawrence,2014,2018,American Indian/Alaskan Native (includes Hispanic),
18,Indiana,18093,Lawrence,2014,2018,White (includes Hispanic),8.1
18,Indiana,18093,Lawrence,2015,2019,Asian/Pacific Islander (includes Hispanic),
18,Indiana,18093,Lawrence,2015,2019,Black (includes Hispanic),
18,Indiana,18093,Lawrence,2015,2019,Hispanic (all races),
18,Indiana,18093,Lawrence,2015,2019,American Indian/Alaskan Native (includes Hispanic),
18,Indiana,18093,Lawrence,2015,2019,White (includes Hispanic),6.3
18,Indiana,18095,Madison,2011,2015,Asian/Pacific Islander (includes Hispanic),
18,Indiana,18095,Madison,2011,2015,Black (includes Hispanic),
18,Indiana,18095,Madison,2011,2015,Hispanic (all races),
18,Indiana,18095,Madison,2011,2015,American Indian/Alaskan Native (includes Hispanic),
18,Indiana,18095,Madison,2011,2015,White (includes Hispanic),6.0
18,Indiana,18095,Madison,2012,2016,Asian/Pacific Islander (includes Hispanic),
18,Indiana,18095,Madison,2012,2016,Black (includes Hispanic),
18,Indiana,18095,Madison,2012,2016,Hispanic (all races),
18,Indiana,18095,Madison,2012,2016,American Indian/Alaskan Native (includes Hispanic),
18,Indiana,18095,Madison,2012,2016,White (includes Hispanic),6.4
18,Indiana,18095,Madison,2013,2017,Asian/Pacific Islander (includes Hispanic),
18,Indiana,18095,Madison,2013,2017,Black (includes Hispanic),
18,Indiana,18095,Madison,2013,2017,Hispanic (all races),
18,Indiana,18095,Madison,2013,2017,American Indian/Alaskan Native (includes Hispanic),
18,Indiana,18095,Madison,2013,2017,White (includes Hispanic),6.4
18,Indiana,18095,Madison,2014,2018,Asian/Pacific Islander (includes Hispanic),
18,Indiana,18095,Madison,2014,2018,Black (includes Hispanic),
18,Indiana,18095,Madison,2014,2018,Hispanic (all races),
18,Indiana,18095,Madison,2014,2018,American Indian/Alaskan Native (includes Hispanic),
18,Indiana,18095,Madison,2014,2018,White (includes Hispanic),6.8
18,Indiana,18095,Madison,2015,2019,Asian/Pacific Islander (includes Hispanic),
18,Indiana,18095,Madison,2015,2019,Black (includes Hispanic),
18,Indiana,18095,Madison,2015,2019,Hispanic (all races),
18,Indiana,18095,Madison,2015,2019,American Indian/Alaskan Native (includes Hispanic),
18,Indiana,18095,Madison,2015,2019,White (includes Hispanic),7.0
18,Indiana,18097,Marion,2011,2015,Asian/Pacific Islander (includes Hispanic),
18,Indiana,18097,Marion,2011,2015,Black (includes Hispanic),8.9
18,Indiana,18097,Marion,2011,2015,Hispanic (all races),
18,Indiana,18097,Marion,2011,2015,American Indian/Alaskan Native (includes Hispanic),
18,Indiana,18097,Marion,2011,2015,White (includes Hispanic),6.4
18,Indiana,18097,Marion,2012,2016,Asian/Pacific Islander (includes Hispanic),
18,Indiana,18097,Marion,2012,2016,Black (includes Hispanic),8.3
18,Indiana,18097,Marion,2012,2016,Hispanic (all races),
18,Indiana,18097,Marion,2012,2016,American Indian/Alaskan Native (includes Hispanic),
18,Indiana,18097,Marion,2012,2016,White (includes Hispanic),7.4
18,Indiana,18097,Marion,2013,2017,Asian/Pacific Islander (includes Hispanic),
18,Indiana,18097,Marion,2013,2017,Black (includes Hispanic),7.9
18,Indiana,18097,Marion,2013,2017,Hispanic (all races),10.0
18,Indiana,18097,Marion,2013,2017,American Indian/Alaskan Native (includes Hispanic),
18,Indiana,18097,Marion,2013,2017,White (includes Hispanic),7.5
18,Indiana,18097,Marion,2014,2018,Asian/Pacific Islander (includes Hispanic),
18,Indiana,18097,Marion,2014,2018,Black (includes Hispanic),8.3
18,Indiana,18097,Marion,2014,2018,Hispanic (all races),12.1
18,Indiana,18097,Marion,2014,2018,American Indian/Alaskan Native (includes Hispanic),
18,Indiana,18097,Marion,2014,2018,White (includes Hispanic),7.4
18,Indiana,18097,Marion,2015,2019,Asian/Pacific Islander (includes Hispanic),
18,Indiana,18097,Marion,2015,2019,Black (includes Hispanic),7.8
18,Indiana,18097,Marion,2015,2019,Hispanic (all races),10.4
18,Indiana,18097,Marion,2015,2019,American Indian/Alaskan Native (includes Hispanic),
18,Indiana,18097,Marion,2015,2019,White (includes Hispanic),7.5
18,Indiana,18099,Marshall,2011,2015,Asian/Pacific Islander (includes Hispanic),
18,Indiana,18099,Marshall,2011,2015,Black (includes Hispanic),
18,Indiana,18099,Marshall,2011,2015,Hispanic (all races),
18,Indiana,18099,Marshall,2011,2015,American Indian/Alaskan Native (includes Hispanic),
18,Indiana,18099,Marshall,2011,2015,White (includes Hispanic),8.0
18,Indiana,18099,Marshall,2012,2016,Asian/Pacific Islander (includes Hispanic),
18,Indiana,18099,Marshall,2012,2016,Black (includes Hispanic),
18,Indiana,18099,Marshall,2012,2016,Hispanic (all races),17.2
18,Indiana,18099,Marshall,2012,2016,American Indian/Alaskan Native (includes Hispanic),
18,Indiana,18099,Marshall,2012,2016,White (includes Hispanic),8.6
18,Indiana,18099,Marshall,2013,2017,Asian/Pacific Islander (includes Hispanic),
18,Indiana,18099,Marshall,2013,2017,Black (includes Hispanic),
18,Indiana,18099,Marshall,2013,2017,Hispanic (all races),
18,Indiana,18099,Marshall,2013,2017,American Indian/Alaskan Native (includes Hispanic),
18,Indiana,18099,Marshall,2013,2017,White (includes Hispanic),8.7
18,Indiana,18099,Marshall,2014,2018,Asian/Pacific Islander (includes Hispanic),
18,Indiana,18099,Marshall,2014,2018,Black (includes Hispanic),
18,Indiana,18099,Marshall,2014,2018,Hispanic (all races),
18,Indiana,18099,Marshall,2014,2018,American Indian/Alaskan Native (includes Hispanic),
18,Indiana,18099,Marshall,2014,2018,White (includes Hispanic),7.7
18,Indiana,18099,Marshall,2015,2019,Asian/Pacific Islander (includes Hispanic),
18,Indiana,18099,Marshall,2015,2019,Black (includes Hispanic),
18,Indiana,18099,Marshall,2015,2019,Hispanic (all races),
18,Indiana,18099,Marshall,2015,2019,American Indian/Alaskan Native (includes Hispanic),
18,Indiana,18099,Marshall,2015,2019,White (includes Hispanic),8.2
18,Indiana,18101,Martin,2011,2015,Asian/Pacific Islander (includes Hispanic),
18,Indiana,18101,Martin,2011,2015,Black (includes Hispanic),
18,Indiana,18101,Martin,2011,2015,Hispanic (all races),
18,Indiana,18101,Martin,2011,2015,American Indian/Alaskan Native (includes Hispanic),
18,Indiana,18101,Martin,2011,2015,White (includes Hispanic),7.3
18,Indiana,18101,Martin,2012,2016,Asian/Pacific Islander (includes Hispanic),
18,Indiana,18101,Martin,2012,2016,Black (includes Hispanic),
18,Indiana,18101,Martin,2012,2016,Hispanic (all races),
18,Indiana,18101,Martin,2012,2016,American Indian/Alaskan Native (includes Hispanic),
18,Indiana,18101,Martin,2012,2016,White (includes Hispanic),6.6
18,Indiana,18101,Martin,2013,2017,Asian/Pacific Islander (includes Hispanic),
18,Indiana,18101,Martin,2013,2017,Black (includes Hispanic),
18,Indiana,18101,Martin,2013,2017,Hispanic (all races),
18,Indiana,18101,Martin,2013,2017,American Indian/Alaskan Native (includes Hispanic),
18,Indiana,18101,Martin,2013,2017,White (includes Hispanic),7.5
18,Indiana,18101,Martin,2014,2018,Asian/Pacific Islander (includes Hispanic),
18,Indiana,18101,Martin,2014,2018,Black (includes Hispanic),
18,Indiana,18101,Martin,2014,2018,Hispanic (all races),
18,Indiana,18101,Martin,2014,2018,American Indian/Alaskan Native (includes Hispanic),
18,Indiana,18101,Martin,2014,2018,White (includes Hispanic),7.9
18,Indiana,18101,Martin,2015,2019,Asian/Pacific Islander (includes Hispanic),
18,Indiana,18101,Martin,2015,2019,Black (includes Hispanic),
18,Indiana,18101,Martin,2015,2019,Hispanic (all races),
18,Indiana,18101,Martin,2015,2019,American Indian/Alaskan Native (includes Hispanic),
18,Indiana,18101,Martin,2015,2019,White (includes Hispanic),7.0
18,Indiana,18103,Miami,2011,2015,Asian/Pacific Islander (includes Hispanic),
18,Indiana,18103,Miami,2011,2015,Black (includes Hispanic),
18,Indiana,18103,Miami,2011,2015,Hispanic (all races),
18,Indiana,18103,Miami,2011,2015,American Indian/Alaskan Native (includes Hispanic),
18,Indiana,18103,Miami,2011,2015,White (includes Hispanic),7.3
18,Indiana,18103,Miami,2012,2016,Asian/Pacific Islander (includes Hispanic),
18,Indiana,18103,Miami,2012,2016,Black (includes Hispanic),
18,Indiana,18103,Miami,2012,2016,Hispanic (all races),
18,Indiana,18103,Miami,2012,2016,American Indian/Alaskan Native (includes Hispanic),
18,Indiana,18103,Miami,2012,2016,White (includes Hispanic),9.2
18,Indiana,18103,Miami,2013,2017,Asian/Pacific Islander (includes Hispanic),
18,Indiana,18103,Miami,2013,2017,Black (includes Hispanic),
18,Indiana,18103,Miami,2013,2017,Hispanic (all races),
18,Indiana,18103,Miami,2013,2017,American Indian/Alaskan Native (includes Hispanic),
18,Indiana,18103,Miami,2013,2017,White (includes Hispanic),10.3
18,Indiana,18103,Miami,2014,2018,Asian/Pacific Islander (includes Hispanic),
18,Indiana,18103,Miami,2014,2018,Black (includes Hispanic),
18,Indiana,18103,Miami,2014,2018,Hispanic (all races),
18,Indiana,18103,Miami,2014,2018,American Indian/Alaskan Native (includes Hispanic),
18,Indiana,18103,Miami,2014,2018,White (includes Hispanic),9.8
18,Indiana,18103,Miami,2015,2019,Asian/Pacific Islander (includes Hispanic),
18,Indiana,18103,Miami,2015,2019,Black (includes Hispanic),
18,Indiana,18103,Miami,2015,2019,Hispanic (all races),
18,Indiana,18103,Miami,2015,2019,American Indian/Alaskan Native (includes Hispanic),
18,Indiana,18103,Miami,2015,2019,White (includes Hispanic),11.7
18,Indiana,18105,Monroe,2011,2015,Asian/Pacific Islander (includes Hispanic),
18,Indiana,18105,Monroe,2011,2015,Black (includes Hispanic),
18,Indiana,18105,Monroe,2011,2015,Hispanic (all races),
18,Indiana,18105,Monroe,2011,2015,American Indian/Alaskan Native (includes Hispanic),
18,Indiana,18105,Monroe,2011,2015,White (includes Hispanic),8.3
18,Indiana,18105,Monroe,2012,2016,Asian/Pacific Islander (includes Hispanic),
18,Indiana,18105,Monroe,2012,2016,Black (includes Hispanic),
18,Indiana,18105,Monroe,2012,2016,Hispanic (all races),
18,Indiana,18105,Monroe,2012,2016,American Indian/Alaskan Native (includes Hispanic),
18,Indiana,18105,Monroe,2012,2016,White (includes Hispanic),8.4
18,Indiana,18105,Monroe,2013,2017,Asian/Pacific Islander (includes Hispanic),
18,Indiana,18105,Monroe,2013,2017,Black (includes Hispanic),
18,Indiana,18105,Monroe,2013,2017,Hispanic (all races),
18,Indiana,18105,Monroe,2013,2017,American Indian/Alaskan Native (includes Hispanic),
18,Indiana,18105,Monroe,2013,2017,White (includes Hispanic),8.2
18,Indiana,18105,Monroe,2014,2018,Asian/Pacific Islander (includes Hispanic),
18,Indiana,18105,Monroe,2014,2018,Black (includes Hispanic),
18,Indiana,18105,Monroe,2014,2018,Hispanic (all races),
18,Indiana,18105,Monroe,2014,2018,American Indian/Alaskan Native (includes Hispanic),
18,Indiana,18105,Monroe,2014,2018,White (includes Hispanic),7.7
18,Indiana,18105,Monroe,2015,2019,Asian/Pacific Islander (includes Hispanic),
18,Indiana,18105,Monroe,2015,2019,Black (includes Hispanic),
18,Indiana,18105,Monroe,2015,2019,Hispanic (all races),
18,Indiana,18105,Monroe,2015,2019,American Indian/Alaskan Native (includes Hispanic),
18,Indiana,18105,Monroe,2015,2019,White (includes Hispanic),6.5
18,Indiana,18107,Montgomery,2011,2015,Asian/Pacific Islander (includes Hispanic),
18,Indiana,18107,Montgomery,2011,2015,Black (includes Hispanic),
18,Indiana,18107,Montgomery,2011,2015,Hispanic (all races),
18,Indiana,18107,Montgomery,2011,2015,American Indian/Alaskan Native (includes Hispanic),
18,Indiana,18107,Montgomery,2011,2015,White (includes Hispanic),8.1
18,Indiana,18107,Montgomery,2012,2016,Asian/Pacific Islander (includes Hispanic),
18,Indiana,18107,Montgomery,2012,2016,Black (includes Hispanic),
18,Indiana,18107,Montgomery,2012,2016,Hispanic (all races),
18,Indiana,18107,Montgomery,2012,2016,American Indian/Alaskan Native (includes Hispanic),
18,Indiana,18107,Montgomery,2012,2016,White (includes Hispanic),8.1
18,Indiana,18107,Montgomery,2013,2017,Asian/Pacific Islander (includes Hispanic),
18,Indiana,18107,Montgomery,2013,2017,Black (includes Hispanic),
18,Indiana,18107,Montgomery,2013,2017,Hispanic (all races),
18,Indiana,18107,Montgomery,2013,2017,American Indian/Alaskan Native (includes Hispanic),
18,Indiana,18107,Montgomery,2013,2017,White (includes Hispanic),8.7
18,Indiana,18107,Montgomery,2014,2018,Asian/Pacific Islander (includes Hispanic),
18,Indiana,18107,Montgomery,2014,2018,Black (includes Hispanic),
18,Indiana,18107,Montgomery,2014,2018,Hispanic (all races),
18,Indiana,18107,Montgomery,2014,2018,American Indian/Alaskan Native (includes Hispanic),
18,Indiana,18107,Montgomery,2014,2018,White (includes Hispanic),9.3
18,Indiana,18107,Montgomery,2015,2019,Asian/Pacific Islander (includes Hispanic),
18,Indiana,18107,Montgomery,2015,2019,Black (includes Hispanic),
18,Indiana,18107,Montgomery,2015,2019,Hispanic (all races),
18,Indiana,18107,Montgomery,2015,2019,American Indian/Alaskan Native (includes Hispanic),
18,Indiana,18107,Montgomery,2015,2019,White (includes Hispanic),9.4
18,Indiana,18109,Morgan,2011,2015,Asian/Pacific Islander (includes Hispanic),
18,Indiana,18109,Morgan,2011,2015,Black (includes Hispanic),8.8
18,Indiana,18109,Morgan,2011,2015,Hispanic (all races),
18,Indiana,18109,Morgan,2011,2015,American Indian/Alaskan Native (includes Hispanic),
18,Indiana,18109,Morgan,2011,2015,White (includes Hispanic),7.3
18,Indiana,18109,Morgan,2012,2016,Asian/Pacific Islander (includes Hispanic),
18,Indiana,18109,Morgan,2012,2016,Black (includes Hispanic),8.0
18,Indiana,18109,Morgan,2012,2016,Hispanic (all races),
18,Indiana,18109,Morgan,2012,2016,American Indian/Alaskan Native (includes Hispanic),
18,Indiana,18109,Morgan,2012,2016,White (includes Hispanic),8.4
18,Indiana,18109,Morgan,2013,2017,Asian/Pacific Islander (includes Hispanic),
18,Indiana,18109,Morgan,2013,2017,Black (includes Hispanic),7.6
18,Indiana,18109,Morgan,2013,2017,Hispanic (all races),11.9
18,Indiana,18109,Morgan,2013,2017,American Indian/Alaskan Native (includes Hispanic),
18,Indiana,18109,Morgan,2013,2017,White (includes Hispanic),8.7
18,Indiana,18109,Morgan,2014,2018,Asian/Pacific Islander (includes Hispanic),
18,Indiana,18109,Morgan,2014,2018,Black (includes Hispanic),8.2
18,Indiana,18109,Morgan,2014,2018,Hispanic (all races),14.3
18,Indiana,18109,Morgan,2014,2018,American Indian/Alaskan Native (includes Hispanic),
18,Indiana,18109,Morgan,2014,2018,White (includes Hispanic),8.5
18,Indiana,18109,Morgan,2015,2019,Asian/Pacific Islander (includes Hispanic),
18,Indiana,18109,Morgan,2015,2019,Black (includes Hispanic),7.9
18,Indiana,18109,Morgan,2015,2019,Hispanic (all races),11.9
18,Indiana,18109,Morgan,2015,2019,American Indian/Alaskan Native (includes Hispanic),
18,Indiana,18109,Morgan,2015,2019,White (includes Hispanic),8.3
18,Indiana,18111,Newton,2011,2015,Asian/Pacific Islander (includes Hispanic),
18,Indiana,18111,Newton,2011,2015,Black (includes Hispanic),10.3
18,Indiana,18111,Newton,2011,2015,Hispanic (all races),
18,Indiana,18111,Newton,2011,2015,American Indian/Alaskan Native (includes Hispanic),
18,Indiana,18111,Newton,2011,2015,White (includes Hispanic),8.1
18,Indiana,18111,Newton,2012,2016,Asian/Pacific Islander (includes Hispanic),
18,Indiana,18111,Newton,2012,2016,Black (includes Hispanic),9.0
18,Indiana,18111,Newton,2012,2016,Hispanic (all races),11.2
18,Indiana,18111,Newton,2012,2016,American Indian/Alaskan Native (includes Hispanic),
18,Indiana,18111,Newton,2012,2016,White (includes Hispanic),8.3
18,Indiana,18111,Newton,2013,2017,Asian/Pacific Islander (includes Hispanic),
18,Indiana,18111,Newton,2013,2017,Black (includes Hispanic),8.7
18,Indiana,18111,Newton,2013,2017,Hispanic (all races),11.0
18,Indiana,18111,Newton,2013,2017,American Indian/Alaskan Native (includes Hispanic),
18,Indiana,18111,Newton,2013,2017,White (includes Hispanic),8.1
18,Indiana,18111,Newton,2014,2018,Asian/Pacific Islander (includes Hispanic),
18,Indiana,18111,Newton,2014,2018,Black (includes Hispanic),9.2
18,Indiana,18111,Newton,2014,2018,Hispanic (all races),10.8
18,Indiana,18111,Newton,2014,2018,American Indian/Alaskan Native (includes Hispanic),
18,Indiana,18111,Newton,2014,2018,White (includes Hispanic),8.7
18,Indiana,18111,Newton,2015,2019,Asian/Pacific Islander (includes Hispanic),
18,Indiana,18111,Newton,2015,2019,Black (includes Hispanic),9.9
18,Indiana,18111,Newton,2015,2019,Hispanic (all races),12.5
18,Indiana,18111,Newton,2015,2019,American Indian/Alaskan Native (includes Hispanic),
18,Indiana,18111,Newton,2015,2019,White (includes Hispanic),8.9
18,Indiana,18113,Noble,2011,2015,Asian/Pacific Islander (includes Hispanic),
18,Indiana,18113,Noble,2011,2015,Black (includes Hispanic),
18,Indiana,18113,Noble,2011,2015,Hispanic (all races),
18,Indiana,18113,Noble,2011,2015,American Indian/Alaskan Native (includes Hispanic),
18,Indiana,18113,Noble,2011,2015,White (includes Hispanic),8.2
18,Indiana,18113,Noble,2012,2016,Asian/Pacific Islander (includes Hispanic),
18,Indiana,18113,Noble,2012,2016,Black (includes Hispanic),
18,Indiana,18113,Noble,2012,2016,Hispanic (all races),
18,Indiana,18113,Noble,2012,2016,American Indian/Alaskan Native (includes Hispanic),
18,Indiana,18113,Noble,2012,2016,White (includes Hispanic),8.5
18,Indiana,18113,Noble,2013,2017,Asian/Pacific Islander (includes Hispanic),
18,Indiana,18113,Noble,2013,2017,Black (includes Hispanic),
18,Indiana,18113,Noble,2013,2017,Hispanic (all races),15.4
18,Indiana,18113,Noble,2013,2017,American Indian/Alaskan Native (includes Hispanic),
18,Indiana,18113,Noble,2013,2017,White (includes Hispanic),9.1
18,Indiana,18113,Noble,2014,2018,Asian/Pacific Islander (includes Hispanic),
18,Indiana,18113,Noble,2014,2018,Black (includes Hispanic),
18,Indiana,18113,Noble,2014,2018,Hispanic (all races),
18,Indiana,18113,Noble,2014,2018,American Indian/Alaskan Native (includes Hispanic),
18,Indiana,18113,Noble,2014,2018,White (includes Hispanic),9.3
18,Indiana,18113,Noble,2015,2019,Asian/Pacific Islander (includes Hispanic),
18,Indiana,18113,Noble,2015,2019,Black (includes Hispanic),
18,Indiana,18113,Noble,2015,2019,Hispanic (all races),
18,Indiana,18113,Noble,2015,2019,American Indian/Alaskan Native (includes Hispanic),
18,Indiana,18113,Noble,2015,2019,White (includes Hispanic),10.1
18,Indiana,18115,Ohio,2011,2015,Asian/Pacific Islander (includes Hispanic),
18,Indiana,18115,Ohio,2011,2015,Black (includes Hispanic),
18,Indiana,18115,Ohio,2011,2015,Hispanic (all races),
18,Indiana,18115,Ohio,2011,2015,American Indian/Alaskan Native (includes Hispanic),
18,Indiana,18115,Ohio,2011,2015,White (includes Hispanic),7.8
18,Indiana,18115,Ohio,2012,2016,Asian/Pacific Islander (includes Hispanic),
18,Indiana,18115,Ohio,2012,2016,Black (includes Hispanic),
18,Indiana,18115,Ohio,2012,2016,Hispanic (all races),
18,Indiana,18115,Ohio,2012,2016,American Indian/Alaskan Native (includes Hispanic),
18,Indiana,18115,Ohio,2012,2016,White (includes Hispanic),6.6
18,Indiana,18115,Ohio,2013,2017,Asian/Pacific Islander (includes Hispanic),
18,Indiana,18115,Ohio,2013,2017,Black (includes Hispanic),
18,Indiana,18115,Ohio,2013,2017,Hispanic (all races),
18,Indiana,18115,Ohio,2013,2017,American Indian/Alaskan Native (includes Hispanic),
18,Indiana,18115,Ohio,2013,2017,White (includes Hispanic),7.0
18,Indiana,18115,Ohio,2014,2018,Asian/Pacific Islander (includes Hispanic),
18,Indiana,18115,Ohio,2014,2018,Black (includes Hispanic),
18,Indiana,18115,Ohio,2014,2018,Hispanic (all races),
18,Indiana,18115,Ohio,2014,2018,American Indian/Alaskan Native (includes Hispanic),
18,Indiana,18115,Ohio,2014,2018,White (includes Hispanic),8.0
18,Indiana,18115,Ohio,2015,2019,Asian/Pacific Islander (includes Hispanic),
18,Indiana,18115,Ohio,2015,2019,Black (includes Hispanic),
18,Indiana,18115,Ohio,2015,2019,Hispanic (all races),
18,Indiana,18115,Ohio,2015,2019,American Indian/Alaskan Native (includes Hispanic),
18,Indiana,18115,Ohio,2015,2019,White (includes Hispanic),9.5
18,Indiana,18117,Orange,2011,2015,Asian/Pacific Islander (includes Hispanic),
18,Indiana,18117,Orange,2011,2015,Black (includes Hispanic),
18,Indiana,18117,Orange,2011,2015,Hispanic (all races),
18,Indiana,18117,Orange,2011,2015,American Indian/Alaskan Native (includes Hispanic),
18,Indiana,18117,Orange,2011,2015,White (includes Hispanic),7.0
18,Indiana,18117,Orange,2012,2016,Asian/Pacific Islander (includes Hispanic),
18,Indiana,18117,Orange,2012,2016,Black (includes Hispanic),
18,Indiana,18117,Orange,2012,2016,Hispanic (all races),
18,Indiana,18117,Orange,2012,2016,American Indian/Alaskan Native (includes Hispanic),
18,Indiana,18117,Orange,2012,2016,White (includes Hispanic),6.4
18,Indiana,18117,Orange,2013,2017,Asian/Pacific Islander (includes Hispanic),
18,Indiana,18117,Orange,2013,2017,Black (includes Hispanic),
18,Indiana,18117,Orange,2013,2017,Hispanic (all races),
18,Indiana,18117,Orange,2013,2017,American Indian/Alaskan Native (includes Hispanic),
18,Indiana,18117,Orange,2013,2017,White (includes Hispanic),7.2
18,Indiana,18117,Orange,2014,2018,Asian/Pacific Islander (includes Hispanic),
18,Indiana,18117,Orange,2014,2018,Black (includes Hispanic),
18,Indiana,18117,Orange,2014,2018,Hispanic (all races),
18,Indiana,18117,Orange,2014,2018,American Indian/Alaskan Native (includes Hispanic),
18,Indiana,18117,Orange,2014,2018,White (includes Hispanic),7.2
18,Indiana,18117,Orange,2015,2019,Asian/Pacific Islander (includes Hispanic),
18,Indiana,18117,Orange,2015,2019,Black (includes Hispanic),
18,Indiana,18117,Orange,2015,2019,Hispanic (all races),
18,Indiana,18117,Orange,2015,2019,American Indian/Alaskan Native (includes Hispanic),
18,Indiana,18117,Orange,2015,2019,White (includes Hispanic),6.2
18,Indiana,18119,Owen,2011,2015,Asian/Pacific Islander (includes Hispanic),
18,Indiana,18119,Owen,2011,2015,Black (includes Hispanic),
18,Indiana,18119,Owen,2011,2015,Hispanic (all races),
18,Indiana,18119,Owen,2011,2015,American Indian/Alaskan Native (includes Hispanic),
18,Indiana,18119,Owen,2011,2015,White (includes Hispanic),8.2
18,Indiana,18119,Owen,2012,2016,Asian/Pacific Islander (includes Hispanic),
18,Indiana,18119,Owen,2012,2016,Black (includes Hispanic),
18,Indiana,18119,Owen,2012,2016,Hispanic (all races),
18,Indiana,18119,Owen,2012,2016,American Indian/Alaskan Native (includes Hispanic),
18,Indiana,18119,Owen,2012,2016,White (includes Hispanic),8.3
18,Indiana,18119,Owen,2013,2017,Asian/Pacific Islander (includes Hispanic),
18,Indiana,18119,Owen,2013,2017,Black (includes Hispanic),
18,Indiana,18119,Owen,2013,2017,Hispanic (all races),
18,Indiana,18119,Owen,2013,2017,American Indian/Alaskan Native (includes Hispanic),
18,Indiana,18119,Owen,2013,2017,White (includes Hispanic),8.5
18,Indiana,18119,Owen,2014,2018,Asian/Pacific Islander (includes Hispanic),
18,Indiana,18119,Owen,2014,2018,Black (includes Hispanic),
18,Indiana,18119,Owen,2014,2018,Hispanic (all races),
18,Indiana,18119,Owen,2014,2018,American Indian/Alaskan Native (includes Hispanic),
18,Indiana,18119,Owen,2014,2018,White (includes Hispanic),8.4
18,Indiana,18119,Owen,2015,2019,Asian/Pacific Islander (includes Hispanic),
18,Indiana,18119,Owen,2015,2019,Black (includes Hispanic),
18,Indiana,18119,Owen,2015,2019,Hispanic (all races),
18,Indiana,18119,Owen,2015,2019,American Indian/Alaskan Native (includes Hispanic),
18,Indiana,18119,Owen,2015,2019,White (includes Hispanic),7.5
18,Indiana,18121,Parke,2011,2015,Asian/Pacific Islander (includes Hispanic),
18,Indiana,18121,Parke,2011,2015,Black (includes Hispanic),
18,Indiana,18121,Parke,2011,2015,Hispanic (all races),
18,Indiana,18121,Parke,2011,2015,American Indian/Alaskan Native (includes Hispanic),
18,Indiana,18121,Parke,2011,2015,White (includes Hispanic),11.7
18,Indiana,18121,Parke,2012,2016,Asian/Pacific Islander (includes Hispanic),
18,Indiana,18121,Parke,2012,2016,Black (includes Hispanic),
18,Indiana,18121,Parke,2012,2016,Hispanic (all races),
18,Indiana,18121,Parke,2012,2016,American Indian/Alaskan Native (includes Hispanic),
18,Indiana,18121,Parke,2012,2016,White (includes Hispanic),11.7
18,Indiana,18121,Parke,2013,2017,Asian/Pacific Islander (includes Hispanic),
18,Indiana,18121,Parke,2013,2017,Black (includes Hispanic),
18,Indiana,18121,Parke,2013,2017,Hispanic (all races),
18,Indiana,18121,Parke,2013,2017,American Indian/Alaskan Native (includes Hispanic),
18,Indiana,18121,Parke,2013,2017,White (includes Hispanic),11.7
18,Indiana,18121,Parke,2014,2018,Asian/Pacific Islander (includes Hispanic),
18,Indiana,18121,Parke,2014,2018,Black (includes Hispanic),
18,Indiana,18121,Parke,2014,2018,Hispanic (all races),
18,Indiana,18121,Parke,2014,2018,American Indian/Alaskan Native (includes Hispanic),
18,Indiana,18121,Parke,2014,2018,White (includes Hispanic),12.0
18,Indiana,18121,Parke,2015,2019,Asian/Pacific Islander (includes Hispanic),
18,Indiana,18121,Parke,2015,2019,Black (includes Hispanic),
18,Indiana,18121,Parke,2015,2019,Hispanic (all races),
18,Indiana,18121,Parke,2015,2019,American Indian/Alaskan Native (includes Hispanic),
18,Indiana,18121,Parke,2015,2019,White (includes Hispanic),10.3
18,Indiana,18123,Perry,2011,2015,Asian/Pacific Islander (includes Hispanic),
18,Indiana,18123,Perry,2011,2015,Black (includes Hispanic),
18,Indiana,18123,Perry,2011,2015,Hispanic (all races),
18,Indiana,18123,Perry,2011,2015,American Indian/Alaskan Native (includes Hispanic),
18,Indiana,18123,Perry,2011,2015,White (includes Hispanic),7.2
18,Indiana,18123,Perry,2012,2016,Asian/Pacific Islander (includes Hispanic),
18,Indiana,18123,Perry,2012,2016,Black (includes Hispanic),
18,Indiana,18123,Perry,2012,2016,Hispanic (all races),
18,Indiana,18123,Perry,2012,2016,American Indian/Alaskan Native (includes Hispanic),
18,Indiana,18123,Perry,2012,2016,White (includes Hispanic),7.5
18,Indiana,18123,Perry,2013,2017,Asian/Pacific Islander (includes Hispanic),
18,Indiana,18123,Perry,2013,2017,Black (includes Hispanic),
18,Indiana,18123,Perry,2013,2017,Hispanic (all races),
18,Indiana,18123,Perry,2013,2017,American Indian/Alaskan Native (includes Hispanic),
18,Indiana,18123,Perry,2013,2017,White (includes Hispanic),7.1
18,Indiana,18123,Perry,2014,2018,Asian/Pacific Islander (includes Hispanic),
18,Indiana,18123,Perry,2014,2018,Black (includes Hispanic),
18,Indiana,18123,Perry,2014,2018,Hispanic (all races),
18,Indiana,18123,Perry,2014,2018,American Indian/Alaskan Native (includes Hispanic),
18,Indiana,18123,Perry,2014,2018,White (includes Hispanic),6.0
18,Indiana,18123,Perry,2015,2019,Asian/Pacific Islander (includes Hispanic),
18,Indiana,18123,Perry,2015,2019,Black (includes Hispanic),
18,Indiana,18123,Perry,2015,2019,Hispanic (all races),
18,Indiana,18123,Perry,2015,2019,American Indian/Alaskan Native (includes Hispanic),
18,Indiana,18123,Perry,2015,2019,White (includes Hispanic),5.8
18,Indiana,18125,Pike,2011,2015,Asian/Pacific Islander (includes Hispanic),
18,Indiana,18125,Pike,2011,2015,Black (includes Hispanic),
18,Indiana,18125,Pike,2011,2015,Hispanic (all races),
18,Indiana,18125,Pike,2011,2015,American Indian/Alaskan Native (includes Hispanic),
18,Indiana,18125,Pike,2011,2015,White (includes Hispanic),6.8
18,Indiana,18125,Pike,2012,2016,Asian/Pacific Islander (includes Hispanic),
18,Indiana,18125,Pike,2012,2016,Black (includes Hispanic),
18,Indiana,18125,Pike,2012,2016,Hispanic (all races),
18,Indiana,18125,Pike,2012,2016,American Indian/Alaskan Native (includes Hispanic),
18,Indiana,18125,Pike,2012,2016,White (includes Hispanic),6.6
18,Indiana,18125,Pike,2013,2017,Asian/Pacific Islander (includes Hispanic),
18,Indiana,18125,Pike,2013,2017,Black (includes Hispanic),
18,Indiana,18125,Pike,2013,2017,Hispanic (all races),
18,Indiana,18125,Pike,2013,2017,American Indian/Alaskan Native (includes Hispanic),
18,Indiana,18125,Pike,2013,2017,White (includes Hispanic),8.0
18,Indiana,18125,Pike,2014,2018,Asian/Pacific Islander (includes Hispanic),
18,Indiana,18125,Pike,2014,2018,Black (includes Hispanic),
18,Indiana,18125,Pike,2014,2018,Hispanic (all races),
18,Indiana,18125,Pike,2014,2018,American Indian/Alaskan Native (includes Hispanic),
18,Indiana,18125,Pike,2014,2018,White (includes Hispanic),8.3
18,Indiana,18125,Pike,2015,2019,Asian/Pacific Islander (includes Hispanic),
18,Indiana,18125,Pike,2015,2019,Black (includes Hispanic),
18,Indiana,18125,Pike,2015,2019,Hispanic (all races),
18,Indiana,18125,Pike,2015,2019,American Indian/Alaskan Native (includes Hispanic),
18,Indiana,18125,Pike,2015,2019,White (includes Hispanic),9.4
18,Indiana,18127,Porter,2011,2015,Asian/Pacific Islander (includes Hispanic),5.0
18,Indiana,18127,Porter,2011,2015,Black (includes Hispanic),11.1
18,Indiana,18127,Porter,2011,2015,Hispanic (all races),10.5
18,Indiana,18127,Porter,2011,2015,American Indian/Alaskan Native (includes Hispanic),
18,Indiana,18127,Porter,2011,2015,White (includes Hispanic),7.6
18,Indiana,18127,Porter,2012,2016,Asian/Pacific Islander (includes Hispanic),5.0
18,Indiana,18127,Porter,2012,2016,Black (includes Hispanic),11.0
18,Indiana,18127,Porter,2012,2016,Hispanic (all races),10.5
18,Indiana,18127,Porter,2012,2016,American Indian/Alaskan Native (includes Hispanic),
18,Indiana,18127,Porter,2012,2016,White (includes Hispanic),7.5
18,Indiana,18127,Porter,2013,2017,Asian/Pacific Islander (includes Hispanic),5.3
18,Indiana,18127,Porter,2013,2017,Black (includes Hispanic),10.9
18,Indiana,18127,Porter,2013,2017,Hispanic (all races),10.8
18,Indiana,18127,Porter,2013,2017,American Indian/Alaskan Native (includes Hispanic),
18,Indiana,18127,Porter,2013,2017,White (includes Hispanic),7.8
18,Indiana,18127,Porter,2014,2018,Asian/Pacific Islander (includes Hispanic),6.2
18,Indiana,18127,Porter,2014,2018,Black (includes Hispanic),10.7
18,Indiana,18127,Porter,2014,2018,Hispanic (all races),11.0
18,Indiana,18127,Porter,2014,2018,American Indian/Alaskan Native (includes Hispanic),
18,Indiana,18127,Porter,2014,2018,White (includes Hispanic),7.7
18,Indiana,18127,Porter,2015,2019,Asian/Pacific Islander (includes Hispanic),6.1
18,Indiana,18127,Porter,2015,2019,Black (includes Hispanic),10.3
18,Indiana,18127,Porter,2015,2019,Hispanic (all races),11.1
18,Indiana,18127,Porter,2015,2019,American Indian/Alaskan Native (includes Hispanic),
18,Indiana,18127,Porter,2015,2019,White (includes Hispanic),7.6
18,Indiana,18129,Posey,2011,2015,Asian/Pacific Islander (includes Hispanic),
18,Indiana,18129,Posey,2011,2015,Black (includes Hispanic),
18,Indiana,18129,Posey,2011,2015,Hispanic (all races),
18,Indiana,18129,Posey,2011,2015,American Indian/Alaskan Native (includes Hispanic),
18,Indiana,18129,Posey,2011,2015,White (includes Hispanic),6.6
18,Indiana,18129,Posey,2012,2016,Asian/Pacific Islander (includes Hispanic),
18,Indiana,18129,Posey,2012,2016,Black (includes Hispanic),
18,Indiana,18129,Posey,2012,2016,Hispanic (all races),
18,Indiana,18129,Posey,2012,2016,American Indian/Alaskan Native (includes Hispanic),
18,Indiana,18129,Posey,2012,2016,White (includes Hispanic),6.3
18,Indiana,18129,Posey,2013,2017,Asian/Pacific Islander (includes Hispanic),
18,Indiana,18129,Posey,2013,2017,Black (includes Hispanic),
18,Indiana,18129,Posey,2013,2017,Hispanic (all races),
18,Indiana,18129,Posey,2013,2017,American Indian/Alaskan Native (includes Hispanic),
18,Indiana,18129,Posey,2013,2017,White (includes Hispanic),6.7
18,Indiana,18129,Posey,2014,2018,Asian/Pacific Islander (includes Hispanic),
18,Indiana,18129,Posey,2014,2018,Black (includes Hispanic),
18,Indiana,18129,Posey,2014,2018,Hispanic (all races),
18,Indiana,18129,Posey,2014,2018,American Indian/Alaskan Native (includes Hispanic),
18,Indiana,18129,Posey,2014,2018,White (includes Hispanic),6.9
18,Indiana,18129,Posey,2015,2019,Asian/Pacific Islander (includes Hispanic),
18,Indiana,18129,Posey,2015,2019,Black (includes Hispanic),
18,Indiana,18129,Posey,2015,2019,Hispanic (all races),
18,Indiana,18129,Posey,2015,2019,American Indian/Alaskan Native (includes Hispanic),
18,Indiana,18129,Posey,2015,2019,White (includes Hispanic),7.5
18,Indiana,18131,Pulaski,2011,2015,Asian/Pacific Islander (includes Hispanic),
18,Indiana,18131,Pulaski,2011,2015,Black (includes Hispanic),
18,Indiana,18131,Pulaski,2011,2015,Hispanic (all races),
18,Indiana,18131,Pulaski,2011,2015,American Indian/Alaskan Native (includes Hispanic),
18,Indiana,18131,Pulaski,2011,2015,White (includes Hispanic),8.7
18,Indiana,18131,Pulaski,2012,2016,Asian/Pacific Islander (includes Hispanic),
18,Indiana,18131,Pulaski,2012,2016,Black (includes Hispanic),
18,Indiana,18131,Pulaski,2012,2016,Hispanic (all races),
18,Indiana,18131,Pulaski,2012,2016,American Indian/Alaskan Native (includes Hispanic),
18,Indiana,18131,Pulaski,2012,2016,White (includes Hispanic),8.3
18,Indiana,18131,Pulaski,2013,2017,Asian/Pacific Islander (includes Hispanic),
18,Indiana,18131,Pulaski,2013,2017,Black (includes Hispanic),
18,Indiana,18131,Pulaski,2013,2017,Hispanic (all races),
18,Indiana,18131,Pulaski,2013,2017,American Indian/Alaskan Native (includes Hispanic),
18,Indiana,18131,Pulaski,2013,2017,White (includes Hispanic),7.8
18,Indiana,18131,Pulaski,2014,2018,Asian/Pacific Islander (includes Hispanic),
18,Indiana,18131,Pulaski,2014,2018,Black (includes Hispanic),
18,Indiana,18131,Pulaski,2014,2018,Hispanic (all races),
18,Indiana,18131,Pulaski,2014,2018,American Indian/Alaskan Native (includes Hispanic),
18,Indiana,18131,Pulaski,2014,2018,White (includes Hispanic),7.3
18,Indiana,18131,Pulaski,2015,2019,Asian/Pacific Islander (includes Hispanic),
18,Indiana,18131,Pulaski,2015,2019,Black (includes Hispanic),
18,Indiana,18131,Pulaski,2015,2019,Hispanic (all races),
18,Indiana,18131,Pulaski,2015,2019,American Indian/Alaskan Native (includes Hispanic),
18,Indiana,18131,Pulaski,2015,2019,White (includes Hispanic),7.5
18,Indiana,18133,Putnam,2011,2015,Asian/Pacific Islander (includes Hispanic),
18,Indiana,18133,Putnam,2011,2015,Black (includes Hispanic),
18,Indiana,18133,Putnam,2011,2015,Hispanic (all races),
18,Indiana,18133,Putnam,2011,2015,American Indian/Alaskan Native (includes Hispanic),
18,Indiana,18133,Putnam,2011,2015,White (includes Hispanic),8.7
18,Indiana,18133,Putnam,2012,2016,Asian/Pacific Islander (includes Hispanic),
18,Indiana,18133,Putnam,2012,2016,Black (includes Hispanic),
18,Indiana,18133,Putnam,2012,2016,Hispanic (all races),
18,Indiana,18133,Putnam,2012,2016,American Indian/Alaskan Native (includes Hispanic),
18,Indiana,18133,Putnam,2012,2016,White (includes Hispanic),8.6
18,Indiana,18133,Putnam,2013,2017,Asian/Pacific Islander (includes Hispanic),
18,Indiana,18133,Putnam,2013,2017,Black (includes Hispanic),
18,Indiana,18133,Putnam,2013,2017,Hispanic (all races),
18,Indiana,18133,Putnam,2013,2017,American Indian/Alaskan Native (includes Hispanic),
18,Indiana,18133,Putnam,2013,2017,White (includes Hispanic),8.5
18,Indiana,18133,Putnam,2014,2018,Asian/Pacific Islander (includes Hispanic),
18,Indiana,18133,Putnam,2014,2018,Black (includes Hispanic),
18,Indiana,18133,Putnam,2014,2018,Hispanic (all races),
18,Indiana,18133,Putnam,2014,2018,American Indian/Alaskan Native (includes Hispanic),
18,Indiana,18133,Putnam,2014,2018,White (includes Hispanic),8.8
18,Indiana,18133,Putnam,2015,2019,Asian/Pacific Islander (includes Hispanic),
18,Indiana,18133,Putnam,2015,2019,Black (includes Hispanic),
18,Indiana,18133,Putnam,2015,2019,Hispanic (all races),
18,Indiana,18133,Putnam,2015,2019,American Indian/Alaskan Native (includes Hispanic),
18,Indiana,18133,Putnam,2015,2019,White (includes Hispanic),8.6
18,Indiana,18135,Randolph,2011,2015,Asian/Pacific Islander (includes Hispanic),
18,Indiana,18135,Randolph,2011,2015,Black (includes Hispanic),
18,Indiana,18135,Randolph,2011,2015,Hispanic (all races),
18,Indiana,18135,Randolph,2011,2015,American Indian/Alaskan Native (includes Hispanic),
18,Indiana,18135,Randolph,2011,2015,White (includes Hispanic),9.5
18,Indiana,18135,Randolph,2012,2016,Asian/Pacific Islander (includes Hispanic),
18,Indiana,18135,Randolph,2012,2016,Black (includes Hispanic),
18,Indiana,18135,Randolph,2012,2016,Hispanic (all races),
18,Indiana,18135,Randolph,2012,2016,American Indian/Alaskan Native (includes Hispanic),
18,Indiana,18135,Randolph,2012,2016,White (includes Hispanic),10.6
18,Indiana,18135,Randolph,2013,2017,Asian/Pacific Islander (includes Hispanic),
18,Indiana,18135,Randolph,2013,2017,Black (includes Hispanic),
18,Indiana,18135,Randolph,2013,2017,Hispanic (all races),
18,Indiana,18135,Randolph,2013,2017,American Indian/Alaskan Native (includes Hispanic),
18,Indiana,18135,Randolph,2013,2017,White (includes Hispanic),9.1
18,Indiana,18135,Randolph,2014,2018,Asian/Pacific Islander (includes Hispanic),
18,Indiana,18135,Randolph,2014,2018,Black (includes Hispanic),
18,Indiana,18135,Randolph,2014,2018,Hispanic (all races),
18,Indiana,18135,Randolph,2014,2018,American Indian/Alaskan Native (includes Hispanic),
18,Indiana,18135,Randolph,2014,2018,White (includes Hispanic),10.5
18,Indiana,18135,Randolph,2015,2019,Asian/Pacific Islander (includes Hispanic),
18,Indiana,18135,Randolph,2015,2019,Black (includes Hispanic),
18,Indiana,18135,Randolph,2015,2019,Hispanic (all races),
18,Indiana,18135,Randolph,2015,2019,American Indian/Alaskan Native (includes Hispanic),
18,Indiana,18135,Randolph,2015,2019,White (includes Hispanic),11.0
18,Indiana,18137,Ripley,2011,2015,Asian/Pacific Islander (includes Hispanic),
18,Indiana,18137,Ripley,2011,2015,Black (includes Hispanic),
18,Indiana,18137,Ripley,2011,2015,Hispanic (all races),
18,Indiana,18137,Ripley,2011,2015,American Indian/Alaskan Native (includes Hispanic),
18,Indiana,18137,Ripley,2011,2015,White (includes Hispanic),9.1
18,Indiana,18137,Ripley,2012,2016,Asian/Pacific Islander (includes Hispanic),
18,Indiana,18137,Ripley,2012,2016,Black (includes Hispanic),
18,Indiana,18137,Ripley,2012,2016,Hispanic (all races),
18,Indiana,18137,Ripley,2012,2016,American Indian/Alaskan Native (includes Hispanic),
18,Indiana,18137,Ripley,2012,2016,White (includes Hispanic),8.1
18,Indiana,18137,Ripley,2013,2017,Asian/Pacific Islander (includes Hispanic),
18,Indiana,18137,Ripley,2013,2017,Black (includes Hispanic),
18,Indiana,18137,Ripley,2013,2017,Hispanic (all races),
18,Indiana,18137,Ripley,2013,2017,American Indian/Alaskan Native (includes Hispanic),
18,Indiana,18137,Ripley,2013,2017,White (includes Hispanic),8.5
18,Indiana,18137,Ripley,2014,2018,Asian/Pacific Islander (includes Hispanic),
18,Indiana,18137,Ripley,2014,2018,Black (includes Hispanic),
18,Indiana,18137,Ripley,2014,2018,Hispanic (all races),
18,Indiana,18137,Ripley,2014,2018,American Indian/Alaskan Native (includes Hispanic),
18,Indiana,18137,Ripley,2014,2018,White (includes Hispanic),9.0
18,Indiana,18137,Ripley,2015,2019,Asian/Pacific Islander (includes Hispanic),
18,Indiana,18137,Ripley,2015,2019,Black (includes Hispanic),
18,Indiana,18137,Ripley,2015,2019,Hispanic (all races),
18,Indiana,18137,Ripley,2015,2019,American Indian/Alaskan Native (includes Hispanic),
18,Indiana,18137,Ripley,2015,2019,White (includes Hispanic),11.7
18,Indiana,18139,Rush,2011,2015,Asian/Pacific Islander (includes Hispanic),
18,Indiana,18139,Rush,2011,2015,Black (includes Hispanic),
18,Indiana,18139,Rush,2011,2015,Hispanic (all races),
18,Indiana,18139,Rush,2011,2015,American Indian/Alaskan Native (includes Hispanic),
18,Indiana,18139,Rush,2011,2015,White (includes Hispanic),6.8
18,Indiana,18139,Rush,2012,2016,Asian/Pacific Islander (includes Hispanic),
18,Indiana,18139,Rush,2012,2016,Black (includes Hispanic),
18,Indiana,18139,Rush,2012,2016,Hispanic (all races),
18,Indiana,18139,Rush,2012,2016,American Indian/Alaskan Native (includes Hispanic),
18,Indiana,18139,Rush,2012,2016,White (includes Hispanic),6.0
18,Indiana,18139,Rush,2013,2017,Asian/Pacific Islander (includes Hispanic),
18,Indiana,18139,Rush,2013,2017,Black (includes Hispanic),
18,Indiana,18139,Rush,2013,2017,Hispanic (all races),
18,Indiana,18139,Rush,2013,2017,American Indian/Alaskan Native (includes Hispanic),
18,Indiana,18139,Rush,2013,2017,White (includes Hispanic),5.6
18,Indiana,18139,Rush,2014,2018,Asian/Pacific Islander (includes Hispanic),
18,Indiana,18139,Rush,2014,2018,Black (includes Hispanic),
18,Indiana,18139,Rush,2014,2018,Hispanic (all races),
18,Indiana,18139,Rush,2014,2018,American Indian/Alaskan Native (includes Hispanic),
18,Indiana,18139,Rush,2014,2018,White (includes Hispanic),6.0
18,Indiana,18139,Rush,2015,2019,Asian/Pacific Islander (includes Hispanic),
18,Indiana,18139,Rush,2015,2019,Black (includes Hispanic),
18,Indiana,18139,Rush,2015,2019,Hispanic (all races),
18,Indiana,18139,Rush,2015,2019,American Indian/Alaskan Native (includes Hispanic),
18,Indiana,18139,Rush,2015,2019,White (includes Hispanic),6.3
18,Indiana,18143,Scott,2011,2015,Asian/Pacific Islander (includes Hispanic),
18,Indiana,18143,Scott,2011,2015,Black (includes Hispanic),
18,Indiana,18143,Scott,2011,2015,Hispanic (all races),
18,Indiana,18143,Scott,2011,2015,American Indian/Alaskan Native (includes Hispanic),
18,Indiana,18143,Scott,2011,2015,White (includes Hispanic),9.1
18,Indiana,18143,Scott,2012,2016,Asian/Pacific Islander (includes Hispanic),
18,Indiana,18143,Scott,2012,2016,Black (includes Hispanic),
18,Indiana,18143,Scott,2012,2016,Hispanic (all races),
18,Indiana,18143,Scott,2012,2016,American Indian/Alaskan Native (includes Hispanic),
18,Indiana,18143,Scott,2012,2016,White (includes Hispanic),9.0
18,Indiana,18143,Scott,2013,2017,Asian/Pacific Islander (includes Hispanic),
18,Indiana,18143,Scott,2013,2017,Black (includes Hispanic),
18,Indiana,18143,Scott,2013,2017,Hispanic (all races),
18,Indiana,18143,Scott,2013,2017,American Indian/Alaskan Native (includes Hispanic),
18,Indiana,18143,Scott,2013,2017,White (includes Hispanic),8.8
18,Indiana,18143,Scott,2014,2018,Asian/Pacific Islander (includes Hispanic),
18,Indiana,18143,Scott,2014,2018,Black (includes Hispanic),
18,Indiana,18143,Scott,2014,2018,Hispanic (all races),
18,Indiana,18143,Scott,2014,2018,American Indian/Alaskan Native (includes Hispanic),
18,Indiana,18143,Scott,2014,2018,White (includes Hispanic),9.4
18,Indiana,18143,Scott,2015,2019,Asian/Pacific Islander (includes Hispanic),
18,Indiana,18143,Scott,2015,2019,Black (includes Hispanic),
18,Indiana,18143,Scott,2015,2019,Hispanic (all races),
18,Indiana,18143,Scott,2015,2019,American Indian/Alaskan Native (includes Hispanic),
18,Indiana,18143,Scott,2015,2019,White (includes Hispanic),10.2
18,Indiana,18145,Shelby,2011,2015,Asian/Pacific Islander (includes Hispanic),
18,Indiana,18145,Shelby,2011,2015,Black (includes Hispanic),8.7
18,Indiana,18145,Shelby,2011,2015,Hispanic (all races),
18,Indiana,18145,Shelby,2011,2015,American Indian/Alaskan Native (includes Hispanic),
18,Indiana,18145,Shelby,2011,2015,White (includes Hispanic),6.9
18,Indiana,18145,Shelby,2012,2016,Asian/Pacific Islander (includes Hispanic),
18,Indiana,18145,Shelby,2012,2016,Black (includes Hispanic),8.1
18,Indiana,18145,Shelby,2012,2016,Hispanic (all races),
18,Indiana,18145,Shelby,2012,2016,American Indian/Alaskan Native (includes Hispanic),
18,Indiana,18145,Shelby,2012,2016,White (includes Hispanic),8.2
18,Indiana,18145,Shelby,2013,2017,Asian/Pacific Islander (includes Hispanic),
18,Indiana,18145,Shelby,2013,2017,Black (includes Hispanic),7.9
18,Indiana,18145,Shelby,2013,2017,Hispanic (all races),11.7
18,Indiana,18145,Shelby,2013,2017,American Indian/Alaskan Native (includes Hispanic),
18,Indiana,18145,Shelby,2013,2017,White (includes Hispanic),8.6
18,Indiana,18145,Shelby,2014,2018,Asian/Pacific Islander (includes Hispanic),
18,Indiana,18145,Shelby,2014,2018,Black (includes Hispanic),8.5
18,Indiana,18145,Shelby,2014,2018,Hispanic (all races),14.4
18,Indiana,18145,Shelby,2014,2018,American Indian/Alaskan Native (includes Hispanic),
18,Indiana,18145,Shelby,2014,2018,White (includes Hispanic),8.5
18,Indiana,18145,Shelby,2015,2019,Asian/Pacific Islander (includes Hispanic),
18,Indiana,18145,Shelby,2015,2019,Black (includes Hispanic),8.2
18,Indiana,18145,Shelby,2015,2019,Hispanic (all races),12.3
18,Indiana,18145,Shelby,2015,2019,American Indian/Alaskan Native (includes Hispanic),
18,Indiana,18145,Shelby,2015,2019,White (includes Hispanic),8.5
18,Indiana,18147,Spencer,2011,2015,Asian/Pacific Islander (includes Hispanic),
18,Indiana,18147,Spencer,2011,2015,Black (includes Hispanic),
18,Indiana,18147,Spencer,2011,2015,Hispanic (all races),
18,Indiana,18147,Spencer,2011,2015,American Indian/Alaskan Native (includes Hispanic),
18,Indiana,18147,Spencer,2011,2015,White (includes Hispanic),5.9
18,Indiana,18147,Spencer,2012,2016,Asian/Pacific Islander (includes Hispanic),
18,Indiana,18147,Spencer,2012,2016,Black (includes Hispanic),
18,Indiana,18147,Spencer,2012,2016,Hispanic (all races),
18,Indiana,18147,Spencer,2012,2016,American Indian/Alaskan Native (includes Hispanic),
18,Indiana,18147,Spencer,2012,2016,White (includes Hispanic),6.0
18,Indiana,18147,Spencer,2013,2017,Asian/Pacific Islander (includes Hispanic),
18,Indiana,18147,Spencer,2013,2017,Black (includes Hispanic),
18,Indiana,18147,Spencer,2013,2017,Hispanic (all races),
18,Indiana,18147,Spencer,2013,2017,American Indian/Alaskan Native (includes Hispanic),
18,Indiana,18147,Spencer,2013,2017,White (includes Hispanic),6.6
18,Indiana,18147,Spencer,2014,2018,Asian/Pacific Islander (includes Hispanic),
18,Indiana,18147,Spencer,2014,2018,Black (includes Hispanic),
18,Indiana,18147,Spencer,2014,2018,Hispanic (all races),
18,Indiana,18147,Spencer,2014,2018,American Indian/Alaskan Native (includes Hispanic),
18,Indiana,18147,Spencer,2014,2018,White (includes Hispanic),7.3
18,Indiana,18147,Spencer,2015,2019,Asian/Pacific Islander (includes Hispanic),
18,Indiana,18147,Spencer,2015,2019,Black (includes Hispanic),
18,Indiana,18147,Spencer,2015,2019,Hispanic (all races),
18,Indiana,18147,Spencer,2015,2019,American Indian/Alaskan Native (includes Hispanic),
18,Indiana,18147,Spencer,2015,2019,White (includes Hispanic),7.1
18,Indiana,18141,St. Joseph,2011,2015,Asian/Pacific Islander (includes Hispanic),
18,Indiana,18141,St. Joseph,2011,2015,Black (includes Hispanic),11.8
18,Indiana,18141,St. Joseph,2011,2015,Hispanic (all races),
18,Indiana,18141,St. Joseph,2011,2015,American Indian/Alaskan Native (includes Hispanic),
18,Indiana,18141,St. Joseph,2011,2015,White (includes Hispanic),8.0
18,Indiana,18141,St. Joseph,2012,2016,Asian/Pacific Islander (includes Hispanic),
18,Indiana,18141,St. Joseph,2012,2016,Black (includes Hispanic),10.1
18,Indiana,18141,St. Joseph,2012,2016,Hispanic (all races),15.8
18,Indiana,18141,St. Joseph,2012,2016,American Indian/Alaskan Native (includes Hispanic),
18,Indiana,18141,St. Joseph,2012,2016,White (includes Hispanic),8.3
18,Indiana,18141,St. Joseph,2013,2017,Asian/Pacific Islander (includes Hispanic),
18,Indiana,18141,St. Joseph,2013,2017,Black (includes Hispanic),12.4
18,Indiana,18141,St. Joseph,2013,2017,Hispanic (all races),13.5
18,Indiana,18141,St. Joseph,2013,2017,American Indian/Alaskan Native (includes Hispanic),
18,Indiana,18141,St. Joseph,2013,2017,White (includes Hispanic),8.7
18,Indiana,18141,St. Joseph,2014,2018,Asian/Pacific Islander (includes Hispanic),
18,Indiana,18141,St. Joseph,2014,2018,Black (includes Hispanic),12.4
18,Indiana,18141,St. Joseph,2014,2018,Hispanic (all races),
18,Indiana,18141,St. Joseph,2014,2018,American Indian/Alaskan Native (includes Hispanic),
18,Indiana,18141,St. Joseph,2014,2018,White (includes Hispanic),8.2
18,Indiana,18141,St. Joseph,2015,2019,Asian/Pacific Islander (includes Hispanic),
18,Indiana,18141,St. Joseph,2015,2019,Black (includes Hispanic),10.9
18,Indiana,18141,St. Joseph,2015,2019,Hispanic (all races),
18,Indiana,18141,St. Joseph,2015,2019,American Indian/Alaskan Native (includes Hispanic),
18,Indiana,18141,St. Joseph,2015,2019,White (includes Hispanic),8.4
18,Indiana,18149,Starke,2011,2015,Asian/Pacific Islander (includes Hispanic),
18,Indiana,18149,Starke,2011,2015,Black (includes Hispanic),
18,Indiana,18149,Starke,2011,2015,Hispanic (all races),
18,Indiana,18149,Starke,2011,2015,American Indian/Alaskan Native (includes Hispanic),
18,Indiana,18149,Starke,2011,2015,White (includes Hispanic),7.8
18,Indiana,18149,Starke,2012,2016,Asian/Pacific Islander (includes Hispanic),
18,Indiana,18149,Starke,2012,2016,Black (includes Hispanic),
18,Indiana,18149,Starke,2012,2016,Hispanic (all races),
18,Indiana,18149,Starke,2012,2016,American Indian/Alaskan Native (includes Hispanic),
18,Indiana,18149,Starke,2012,2016,White (includes Hispanic),7.9
18,Indiana,18149,Starke,2013,2017,Asian/Pacific Islander (includes Hispanic),
18,Indiana,18149,Starke,2013,2017,Black (includes Hispanic),
18,Indiana,18149,Starke,2013,2017,Hispanic (all races),
18,Indiana,18149,Starke,2013,2017,American Indian/Alaskan Native (includes Hispanic),
18,Indiana,18149,Starke,2013,2017,White (includes Hispanic),7.7
18,Indiana,18149,Starke,2014,2018,Asian/Pacific Islander (includes Hispanic),
18,Indiana,18149,Starke,2014,2018,Black (includes Hispanic),13.9
18,Indiana,18149,Starke,2014,2018,Hispanic (all races),
18,Indiana,18149,Starke,2014,2018,American Indian/Alaskan Native (includes Hispanic),
18,Indiana,18149,Starke,2014,2018,White (includes Hispanic),7.6
18,Indiana,18149,Starke,2015,2019,Asian/Pacific Islander (includes Hispanic),
18,Indiana,18149,Starke,2015,2019,Black (includes Hispanic),
18,Indiana,18149,Starke,2015,2019,Hispanic (all races),
18,Indiana,18149,Starke,2015,2019,American Indian/Alaskan Native (includes Hispanic),
18,Indiana,18149,Starke,2015,2019,White (includes Hispanic),7.4
18,Indiana,18151,Steuben,2011,2015,Asian/Pacific Islander (includes Hispanic),
18,Indiana,18151,Steuben,2011,2015,Black (includes Hispanic),
18,Indiana,18151,Steuben,2011,2015,Hispanic (all races),
18,Indiana,18151,Steuben,2011,2015,American Indian/Alaskan Native (includes Hispanic),
18,Indiana,18151,Steuben,2011,2015,White (includes Hispanic),8.8
18,Indiana,18151,Steuben,2012,2016,Asian/Pacific Islander (includes Hispanic),
18,Indiana,18151,Steuben,2012,2016,Black (includes Hispanic),
18,Indiana,18151,Steuben,2012,2016,Hispanic (all races),
18,Indiana,18151,Steuben,2012,2016,American Indian/Alaskan Native (includes Hispanic),
18,Indiana,18151,Steuben,2012,2016,White (includes Hispanic),8.6
18,Indiana,18151,Steuben,2013,2017,Asian/Pacific Islander (includes Hispanic),
18,Indiana,18151,Steuben,2013,2017,Black (includes Hispanic),
18,Indiana,18151,Steuben,2013,2017,Hispanic (all races),
18,Indiana,18151,Steuben,2013,2017,American Indian/Alaskan Native (includes Hispanic),
18,Indiana,18151,Steuben,2013,2017,White (includes Hispanic),9.0
18,Indiana,18151,Steuben,2014,2018,Asian/Pacific Islander (includes Hispanic),
18,Indiana,18151,Steuben,2014,2018,Black (includes Hispanic),
18,Indiana,18151,Steuben,2014,2018,Hispanic (all races),
18,Indiana,18151,Steuben,2014,2018,American Indian/Alaskan Native (includes Hispanic),
18,Indiana,18151,Steuben,2014,2018,White (includes Hispanic),8.9
18,Indiana,18151,Steuben,2015,2019,Asian/Pacific Islander (includes Hispanic),
18,Indiana,18151,Steuben,2015,2019,Black (includes Hispanic),
18,Indiana,18151,Steuben,2015,2019,Hispanic (all races),
18,Indiana,18151,Steuben,2015,2019,American Indian/Alaskan Native (includes Hispanic),
18,Indiana,18151,Steuben,2015,2019,White (includes Hispanic),10.4
18,Indiana,18153,Sullivan,2011,2015,Asian/Pacific Islander (includes Hispanic),
18,Indiana,18153,Sullivan,2011,2015,Black (includes Hispanic),
18,Indiana,18153,Sullivan,2011,2015,Hispanic (all races),
18,Indiana,18153,Sullivan,2011,2015,American Indian/Alaskan Native (includes Hispanic),
18,Indiana,18153,Sullivan,2011,2015,White (includes Hispanic),9.3
18,Indiana,18153,Sullivan,2012,2016,Asian/Pacific Islander (includes Hispanic),
18,Indiana,18153,Sullivan,2012,2016,Black (includes Hispanic),
18,Indiana,18153,Sullivan,2012,2016,Hispanic (all races),
18,Indiana,18153,Sullivan,2012,2016,American Indian/Alaskan Native (includes Hispanic),
18,Indiana,18153,Sullivan,2012,2016,White (includes Hispanic),10.3
18,Indiana,18153,Sullivan,2013,2017,Asian/Pacific Islander (includes Hispanic),
18,Indiana,18153,Sullivan,2013,2017,Black (includes Hispanic),
18,Indiana,18153,Sullivan,2013,2017,Hispanic (all races),
18,Indiana,18153,Sullivan,2013,2017,American Indian/Alaskan Native (includes Hispanic),
18,Indiana,18153,Sullivan,2013,2017,White (includes Hispanic),11.1
18,Indiana,18153,Sullivan,2014,2018,Asian/Pacific Islander (includes Hispanic),
18,Indiana,18153,Sullivan,2014,2018,Black (includes Hispanic),
18,Indiana,18153,Sullivan,2014,2018,Hispanic (all races),
18,Indiana,18153,Sullivan,2014,2018,American Indian/Alaskan Native (includes Hispanic),
18,Indiana,18153,Sullivan,2014,2018,White (includes Hispanic),11.0
18,Indiana,18153,Sullivan,2015,2019,Asian/Pacific Islander (includes Hispanic),
18,Indiana,18153,Sullivan,2015,2019,Black (includes Hispanic),
18,Indiana,18153,Sullivan,2015,2019,Hispanic (all races),
18,Indiana,18153,Sullivan,2015,2019,American Indian/Alaskan Native (includes Hispanic),
18,Indiana,18153,Sullivan,2015,2019,White (includes Hispanic),10.0
18,Indiana,18155,Switzerland,2011,2015,Asian/Pacific Islander (includes Hispanic),
18,Indiana,18155,Switzerland,2011,2015,Black (includes Hispanic),
18,Indiana,18155,Switzerland,2011,2015,Hispanic (all races),
18,Indiana,18155,Switzerland,2011,2015,American Indian/Alaskan Native (includes Hispanic),
18,Indiana,18155,Switzerland,2011,2015,White (includes Hispanic),8.2
18,Indiana,18155,Switzerland,2012,2016,Asian/Pacific Islander (includes Hispanic),
18,Indiana,18155,Switzerland,2012,2016,Black (includes Hispanic),
18,Indiana,18155,Switzerland,2012,2016,Hispanic (all races),
18,Indiana,18155,Switzerland,2012,2016,American Indian/Alaskan Native (includes Hispanic),
18,Indiana,18155,Switzerland,2012,2016,White (includes Hispanic),7.4
18,Indiana,18155,Switzerland,2013,2017,Asian/Pacific Islander (includes Hispanic),
18,Indiana,18155,Switzerland,2013,2017,Black (includes Hispanic),
18,Indiana,18155,Switzerland,2013,2017,Hispanic (all races),
18,Indiana,18155,Switzerland,2013,2017,American Indian/Alaskan Native (includes Hispanic),
18,Indiana,18155,Switzerland,2013,2017,White (includes Hispanic),7.4
18,Indiana,18155,Switzerland,2014,2018,Asian/Pacific Islander (includes Hispanic),
18,Indiana,18155,Switzerland,2014,2018,Black (includes Hispanic),
18,Indiana,18155,Switzerland,2014,2018,Hispanic (all races),
18,Indiana,18155,Switzerland,2014,2018,American Indian/Alaskan Native (includes Hispanic),
18,Indiana,18155,Switzerland,2014,2018,White (includes Hispanic),8.6
18,Indiana,18155,Switzerland,2015,2019,Asian/Pacific Islander (includes Hispanic),
18,Indiana,18155,Switzerland,2015,2019,Black (includes Hispanic),
18,Indiana,18155,Switzerland,2015,2019,Hispanic (all races),
18,Indiana,18155,Switzerland,2015,2019,American Indian/Alaskan Native (includes Hispanic),
18,Indiana,18155,Switzerland,2015,2019,White (includes Hispanic),10.1
18,Indiana,18157,Tippecanoe,2011,2015,Asian/Pacific Islander (includes Hispanic),
18,Indiana,18157,Tippecanoe,2011,2015,Black (includes Hispanic),
18,Indiana,18157,Tippecanoe,2011,2015,Hispanic (all races),
18,Indiana,18157,Tippecanoe,2011,2015,American Indian/Alaskan Native (includes Hispanic),
18,Indiana,18157,Tippecanoe,2011,2015,White (includes Hispanic),7.1
18,Indiana,18157,Tippecanoe,2012,2016,Asian/Pacific Islander (includes Hispanic),
18,Indiana,18157,Tippecanoe,2012,2016,Black (includes Hispanic),
18,Indiana,18157,Tippecanoe,2012,2016,Hispanic (all races),
18,Indiana,18157,Tippecanoe,2012,2016,American Indian/Alaskan Native (includes Hispanic),
18,Indiana,18157,Tippecanoe,2012,2016,White (includes Hispanic),6.8
18,Indiana,18157,Tippecanoe,2013,2017,Asian/Pacific Islander (includes Hispanic),
18,Indiana,18157,Tippecanoe,2013,2017,Black (includes Hispanic),
18,Indiana,18157,Tippecanoe,2013,2017,Hispanic (all races),
18,Indiana,18157,Tippecanoe,2013,2017,American Indian/Alaskan Native (includes Hispanic),
18,Indiana,18157,Tippecanoe,2013,2017,White (includes Hispanic),7.6
18,Indiana,18157,Tippecanoe,2014,2018,Asian/Pacific Islander (includes Hispanic),
18,Indiana,18157,Tippecanoe,2014,2018,Black (includes Hispanic),
18,Indiana,18157,Tippecanoe,2014,2018,Hispanic (all races),
18,Indiana,18157,Tippecanoe,2014,2018,American Indian/Alaskan Native (includes Hispanic),
18,Indiana,18157,Tippecanoe,2014,2018,White (includes Hispanic),9.2
18,Indiana,18157,Tippecanoe,2015,2019,Asian/Pacific Islander (includes Hispanic),
18,Indiana,18157,Tippecanoe,2015,2019,Black (includes Hispanic),
18,Indiana,18157,Tippecanoe,2015,2019,Hispanic (all races),
18,Indiana,18157,Tippecanoe,2015,2019,American Indian/Alaskan Native (includes Hispanic),
18,Indiana,18157,Tippecanoe,2015,2019,White (includes Hispanic),10.0
18,Indiana,18159,Tipton,2011,2015,Asian/Pacific Islander (includes Hispanic),
18,Indiana,18159,Tipton,2011,2015,Black (includes Hispanic),
18,Indiana,18159,Tipton,2011,2015,Hispanic (all races),
18,Indiana,18159,Tipton,2011,2015,American Indian/Alaskan Native (includes Hispanic),
18,Indiana,18159,Tipton,2011,2015,White (includes Hispanic),5.8
18,Indiana,18159,Tipton,2012,2016,Asian/Pacific Islander (includes Hispanic),
18,Indiana,18159,Tipton,2012,2016,Black (includes Hispanic),
18,Indiana,18159,Tipton,2012,2016,Hispanic (all races),
18,Indiana,18159,Tipton,2012,2016,American Indian/Alaskan Native (includes Hispanic),
18,Indiana,18159,Tipton,2012,2016,White (includes Hispanic),6.3
18,Indiana,18159,Tipton,2013,2017,Asian/Pacific Islander (includes Hispanic),
18,Indiana,18159,Tipton,2013,2017,Black (includes Hispanic),
18,Indiana,18159,Tipton,2013,2017,Hispanic (all races),
18,Indiana,18159,Tipton,2013,2017,American Indian/Alaskan Native (includes Hispanic),
18,Indiana,18159,Tipton,2013,2017,White (includes Hispanic),7.2
18,Indiana,18159,Tipton,2014,2018,Asian/Pacific Islander (includes Hispanic),
18,Indiana,18159,Tipton,2014,2018,Black (includes Hispanic),
18,Indiana,18159,Tipton,2014,2018,Hispanic (all races),
18,Indiana,18159,Tipton,2014,2018,American Indian/Alaskan Native (includes Hispanic),
18,Indiana,18159,Tipton,2014,2018,White (includes Hispanic),7.5
18,Indiana,18159,Tipton,2015,2019,Asian/Pacific Islander (includes Hispanic),
18,Indiana,18159,Tipton,2015,2019,Black (includes Hispanic),
18,Indiana,18159,Tipton,2015,2019,Hispanic (all races),
18,Indiana,18159,Tipton,2015,2019,American Indian/Alaskan Native (includes Hispanic),
18,Indiana,18159,Tipton,2015,2019,White (includes Hispanic),8.1
18,Indiana,18161,Union,2011,2015,Asian/Pacific Islander (includes Hispanic),
18,Indiana,18161,Union,2011,2015,Black (includes Hispanic),
18,Indiana,18161,Union,2011,2015,Hispanic (all races),
18,Indiana,18161,Union,2011,2015,American Indian/Alaskan Native (includes Hispanic),
18,Indiana,18161,Union,2011,2015,White (includes Hispanic),9.1
18,Indiana,18161,Union,2012,2016,Asian/Pacific Islander (includes Hispanic),
18,Indiana,18161,Union,2012,2016,Black (includes Hispanic),
18,Indiana,18161,Union,2012,2016,Hispanic (all races),
18,Indiana,18161,Union,2012,2016,American Indian/Alaskan Native (includes Hispanic),
18,Indiana,18161,Union,2012,2016,White (includes Hispanic),10.0
18,Indiana,18161,Union,2013,2017,Asian/Pacific Islander (includes Hispanic),
18,Indiana,18161,Union,2013,2017,Black (includes Hispanic),
18,Indiana,18161,Union,2013,2017,Hispanic (all races),
18,Indiana,18161,Union,2013,2017,American Indian/Alaskan Native (includes Hispanic),
18,Indiana,18161,Union,2013,2017,White (includes Hispanic),10.2
18,Indiana,18161,Union,2014,2018,Asian/Pacific Islander (includes Hispanic),
18,Indiana,18161,Union,2014,2018,Black (includes Hispanic),
18,Indiana,18161,Union,2014,2018,Hispanic (all races),
18,Indiana,18161,Union,2014,2018,American Indian/Alaskan Native (includes Hispanic),
18,Indiana,18161,Union,2014,2018,White (includes Hispanic),10.2
18,Indiana,18161,Union,2015,2019,Asian/Pacific Islander (includes Hispanic),
18,Indiana,18161,Union,2015,2019,Black (includes Hispanic),
18,Indiana,18161,Union,2015,2019,Hispanic (all races),
18,Indiana,18161,Union,2015,2019,American Indian/Alaskan Native (includes Hispanic),
18,Indiana,18161,Union,2015,2019,White (includes Hispanic),11.0
18,Indiana,18163,Vanderburgh,2011,2015,Asian/Pacific Islander (includes Hispanic),
18,Indiana,18163,Vanderburgh,2011,2015,Black (includes Hispanic),
18,Indiana,18163,Vanderburgh,2011,2015,Hispanic (all races),
18,Indiana,18163,Vanderburgh,2011,2015,American Indian/Alaskan Native (includes Hispanic),
18,Indiana,18163,Vanderburgh,2011,2015,White (includes Hispanic),6.3
18,Indiana,18163,Vanderburgh,2012,2016,Asian/Pacific Islander (includes Hispanic),
18,Indiana,18163,Vanderburgh,2012,2016,Black (includes Hispanic),
18,Indiana,18163,Vanderburgh,2012,2016,Hispanic (all races),
18,Indiana,18163,Vanderburgh,2012,2016,American Indian/Alaskan Native (includes Hispanic),
18,Indiana,18163,Vanderburgh,2012,2016,White (includes Hispanic),6.2
18,Indiana,18163,Vanderburgh,2013,2017,Asian/Pacific Islander (includes Hispanic),
18,Indiana,18163,Vanderburgh,2013,2017,Black (includes Hispanic),
18,Indiana,18163,Vanderburgh,2013,2017,Hispanic (all races),
18,Indiana,18163,Vanderburgh,2013,2017,American Indian/Alaskan Native (includes Hispanic),
18,Indiana,18163,Vanderburgh,2013,2017,White (includes Hispanic),7.0
18,Indiana,18163,Vanderburgh,2014,2018,Asian/Pacific Islander (includes Hispanic),
18,Indiana,18163,Vanderburgh,2014,2018,Black (includes Hispanic),
18,Indiana,18163,Vanderburgh,2014,2018,Hispanic (all races),
18,Indiana,18163,Vanderburgh,2014,2018,American Indian/Alaskan Native (includes Hispanic),
18,Indiana,18163,Vanderburgh,2014,2018,White (includes Hispanic),6.9
18,Indiana,18163,Vanderburgh,2015,2019,Asian/Pacific Islander (includes Hispanic),
18,Indiana,18163,Vanderburgh,2015,2019,Black (includes Hispanic),
18,Indiana,18163,Vanderburgh,2015,2019,Hispanic (all races),
18,Indiana,18163,Vanderburgh,2015,2019,American Indian/Alaskan Native (includes Hispanic),
18,Indiana,18163,Vanderburgh,2015,2019,White (includes Hispanic),7.5
18,Indiana,18165,Vermillion,2011,2015,Asian/Pacific Islander (includes Hispanic),
18,Indiana,18165,Vermillion,2011,2015,Black (includes Hispanic),
18,Indiana,18165,Vermillion,2011,2015,Hispanic (all races),
18,Indiana,18165,Vermillion,2011,2015,American Indian/Alaskan Native (includes Hispanic),
18,Indiana,18165,Vermillion,2011,2015,White (includes Hispanic),13.1
18,Indiana,18165,Vermillion,2012,2016,Asian/Pacific Islander (includes Hispanic),
18,Indiana,18165,Vermillion,2012,2016,Black (includes Hispanic),
18,Indiana,18165,Vermillion,2012,2016,Hispanic (all races),
18,Indiana,18165,Vermillion,2012,2016,American Indian/Alaskan Native (includes Hispanic),
18,Indiana,18165,Vermillion,2012,2016,White (includes Hispanic),13.5
18,Indiana,18165,Vermillion,2013,2017,Asian/Pacific Islander (includes Hispanic),
18,Indiana,18165,Vermillion,2013,2017,Black (includes Hispanic),
18,Indiana,18165,Vermillion,2013,2017,Hispanic (all races),
18,Indiana,18165,Vermillion,2013,2017,American Indian/Alaskan Native (includes Hispanic),
18,Indiana,18165,Vermillion,2013,2017,White (includes Hispanic),13.3
18,Indiana,18165,Vermillion,2014,2018,Asian/Pacific Islander (includes Hispanic),
18,Indiana,18165,Vermillion,2014,2018,Black (includes Hispanic),
18,Indiana,18165,Vermillion,2014,2018,Hispanic (all races),
18,Indiana,18165,Vermillion,2014,2018,American Indian/Alaskan Native (includes Hispanic),
18,Indiana,18165,Vermillion,2014,2018,White (includes Hispanic),11.9
18,Indiana,18165,Vermillion,2015,2019,Asian/Pacific Islander (includes Hispanic),
18,Indiana,18165,Vermillion,2015,2019,Black (includes Hispanic),
18,Indiana,18165,Vermillion,2015,2019,Hispanic (all races),
18,Indiana,18165,Vermillion,2015,2019,American Indian/Alaskan Native (includes Hispanic),
18,Indiana,18165,Vermillion,2015,2019,White (includes Hispanic),10.5
18,Indiana,18167,Vigo,2011,2015,Asian/Pacific Islander (includes Hispanic),
18,Indiana,18167,Vigo,2011,2015,Black (includes Hispanic),
18,Indiana,18167,Vigo,2011,2015,Hispanic (all races),
18,Indiana,18167,Vigo,2011,2015,American Indian/Alaskan Native (includes Hispanic),
18,Indiana,18167,Vigo,2011,2015,White (includes Hispanic),12.4
18,Indiana,18167,Vigo,2012,2016,Asian/Pacific Islander (includes Hispanic),
18,Indiana,18167,Vigo,2012,2016,Black (includes Hispanic),
18,Indiana,18167,Vigo,2012,2016,Hispanic (all races),
18,Indiana,18167,Vigo,2012,2016,American Indian/Alaskan Native (includes Hispanic),
18,Indiana,18167,Vigo,2012,2016,White (includes Hispanic),13.0
18,Indiana,18167,Vigo,2013,2017,Asian/Pacific Islander (includes Hispanic),
18,Indiana,18167,Vigo,2013,2017,Black (includes Hispanic),
18,Indiana,18167,Vigo,2013,2017,Hispanic (all races),
18,Indiana,18167,Vigo,2013,2017,American Indian/Alaskan Native (includes Hispanic),
18,Indiana,18167,Vigo,2013,2017,White (includes Hispanic),13.2
18,Indiana,18167,Vigo,2014,2018,Asian/Pacific Islander (includes Hispanic),
18,Indiana,18167,Vigo,2014,2018,Black (includes Hispanic),
18,Indiana,18167,Vigo,2014,2018,Hispanic (all races),
18,Indiana,18167,Vigo,2014,2018,American Indian/Alaskan Native (includes Hispanic),
18,Indiana,18167,Vigo,2014,2018,White (includes Hispanic),13.0
18,Indiana,18167,Vigo,2015,2019,Asian/Pacific Islander (includes Hispanic),
18,Indiana,18167,Vigo,2015,2019,Black (includes Hispanic),
18,Indiana,18167,Vigo,2015,2019,Hispanic (all races),
18,Indiana,18167,Vigo,2015,2019,American Indian/Alaskan Native (includes Hispanic),
18,Indiana,18167,Vigo,2015,2019,White (includes Hispanic),11.3
18,Indiana,18169,Wabash,2011,2015,Asian/Pacific Islander (includes Hispanic),
18,Indiana,18169,Wabash,2011,2015,Black (includes Hispanic),
18,Indiana,18169,Wabash,2011,2015,Hispanic (all races),
18,Indiana,18169,Wabash,2011,2015,American Indian/Alaskan Native (includes Hispanic),
18,Indiana,18169,Wabash,2011,2015,White (includes Hispanic),6.7
18,Indiana,18169,Wabash,2012,2016,Asian/Pacific Islander (includes Hispanic),
18,Indiana,18169,Wabash,2012,2016,Black (includes Hispanic),
18,Indiana,18169,Wabash,2012,2016,Hispanic (all races),
18,Indiana,18169,Wabash,2012,2016,American Indian/Alaskan Native (includes Hispanic),
18,Indiana,18169,Wabash,2012,2016,White (includes Hispanic),8.5
18,Indiana,18169,Wabash,2013,2017,Asian/Pacific Islander (includes Hispanic),
18,Indiana,18169,Wabash,2013,2017,Black (includes Hispanic),
18,Indiana,18169,Wabash,2013,2017,Hispanic (all races),
18,Indiana,18169,Wabash,2013,2017,American Indian/Alaskan Native (includes Hispanic),
18,Indiana,18169,Wabash,2013,2017,White (includes Hispanic),8.9
18,Indiana,18169,Wabash,2014,2018,Asian/Pacific Islander (includes Hispanic),
18,Indiana,18169,Wabash,2014,2018,Black (includes Hispanic),
18,Indiana,18169,Wabash,2014,2018,Hispanic (all races),
18,Indiana,18169,Wabash,2014,2018,American Indian/Alaskan Native (includes Hispanic),
18,Indiana,18169,Wabash,2014,2018,White (includes Hispanic),9.5
18,Indiana,18169,Wabash,2015,2019,Asian/Pacific Islander (includes Hispanic),
18,Indiana,18169,Wabash,2015,2019,Black (includes Hispanic),
18,Indiana,18169,Wabash,2015,2019,Hispanic (all races),
18,Indiana,18169,Wabash,2015,2019,American Indian/Alaskan Native (includes Hispanic),
18,Indiana,18169,Wabash,2015,2019,White (includes Hispanic),10.7
18,Indiana,18171,Warren,2011,2015,Asian/Pacific Islander (includes Hispanic),
18,Indiana,18171,Warren,2011,2015,Black (includes Hispanic),
18,Indiana,18171,Warren,2011,2015,Hispanic (all races),
18,Indiana,18171,Warren,2011,2015,American Indian/Alaskan Native (includes Hispanic),
18,Indiana,18171,Warren,2011,2015,White (includes Hispanic),9.4
18,Indiana,18171,Warren,2012,2016,Asian/Pacific Islander (includes Hispanic),
18,Indiana,18171,Warren,2012,2016,Black (includes Hispanic),
18,Indiana,18171,Warren,2012,2016,Hispanic (all races),
18,Indiana,18171,Warren,2012,2016,American Indian/Alaskan Native (includes Hispanic),
18,Indiana,18171,Warren,2012,2016,White (includes Hispanic),9.4
18,Indiana,18171,Warren,2013,2017,Asian/Pacific Islander (includes Hispanic),
18,Indiana,18171,Warren,2013,2017,Black (includes Hispanic),
18,Indiana,18171,Warren,2013,2017,Hispanic (all races),
18,Indiana,18171,Warren,2013,2017,American Indian/Alaskan Native (includes Hispanic),
18,Indiana,18171,Warren,2013,2017,White (includes Hispanic),10.2
18,Indiana,18171,Warren,2014,2018,Asian/Pacific Islander (includes Hispanic),
18,Indiana,18171,Warren,2014,2018,Black (includes Hispanic),
18,Indiana,18171,Warren,2014,2018,Hispanic (all races),
18,Indiana,18171,Warren,2014,2018,American Indian/Alaskan Native (includes Hispanic),
18,Indiana,18171,Warren,2014,2018,White (includes Hispanic),10.1
18,Indiana,18171,Warren,2015,2019,Asian/Pacific Islander (includes Hispanic),
18,Indiana,18171,Warren,2015,2019,Black (includes Hispanic),
18,Indiana,18171,Warren,2015,2019,Hispanic (all races),
18,Indiana,18171,Warren,2015,2019,American Indian/Alaskan Native (includes Hispanic),
18,Indiana,18171,Warren,2015,2019,White (includes Hispanic),9.9
18,Indiana,18173,Warrick,2011,2015,Asian/Pacific Islander (includes Hispanic),
18,Indiana,18173,Warrick,2011,2015,Black (includes Hispanic),
18,Indiana,18173,Warrick,2011,2015,Hispanic (all races),
18,Indiana,18173,Warrick,2011,2015,American Indian/Alaskan Native (includes Hispanic),
18,Indiana,18173,Warrick,2011,2015,White (includes Hispanic),6.3
18,Indiana,18173,Warrick,2012,2016,Asian/Pacific Islander (includes Hispanic),
18,Indiana,18173,Warrick,2012,2016,Black (includes Hispanic),
18,Indiana,18173,Warrick,2012,2016,Hispanic (all races),
18,Indiana,18173,Warrick,2012,2016,American Indian/Alaskan Native (includes Hispanic),
18,Indiana,18173,Warrick,2012,2016,White (includes Hispanic),6.5
18,Indiana,18173,Warrick,2013,2017,Asian/Pacific Islander (includes Hispanic),
18,Indiana,18173,Warrick,2013,2017,Black (includes Hispanic),
18,Indiana,18173,Warrick,2013,2017,Hispanic (all races),
18,Indiana,18173,Warrick,2013,2017,American Indian/Alaskan Native (includes Hispanic),
18,Indiana,18173,Warrick,2013,2017,White (includes Hispanic),7.1
18,Indiana,18173,Warrick,2014,2018,Asian/Pacific Islander (includes Hispanic),
18,Indiana,18173,Warrick,2014,2018,Black (includes Hispanic),
18,Indiana,18173,Warrick,2014,2018,Hispanic (all races),
18,Indiana,18173,Warrick,2014,2018,American Indian/Alaskan Native (includes Hispanic),
18,Indiana,18173,Warrick,2014,2018,White (includes Hispanic),7.5
18,Indiana,18173,Warrick,2015,2019,Asian/Pacific Islander (includes Hispanic),
18,Indiana,18173,Warrick,2015,2019,Black (includes Hispanic),
18,Indiana,18173,Warrick,2015,2019,Hispanic (all races),
18,Indiana,18173,Warrick,2015,2019,American Indian/Alaskan Native (includes Hispanic),
18,Indiana,18173,Warrick,2015,2019,White (includes Hispanic),7.9
18,Indiana,18175,Washington,2011,2015,Asian/Pacific Islander (includes Hispanic),
18,Indiana,18175,Washington,2011,2015,Black (includes Hispanic),
18,Indiana,18175,Washington,2011,2015,Hispanic (all races),
18,Indiana,18175,Washington,2011,2015,American Indian/Alaskan Native (includes Hispanic),
18,Indiana,18175,Washington,2011,2015,White (includes Hispanic),8.0
18,Indiana,18175,Washington,2012,2016,Asian/Pacific Islander (includes Hispanic),
18,Indiana,18175,Washington,2012,2016,Black (includes Hispanic),
18,Indiana,18175,Washington,2012,2016,Hispanic (all races),
18,Indiana,18175,Washington,2012,2016,American Indian/Alaskan Native (includes Hispanic),
18,Indiana,18175,Washington,2012,2016,White (includes Hispanic),8.2
18,Indiana,18175,Washington,2013,2017,Asian/Pacific Islander (includes Hispanic),
18,Indiana,18175,Washington,2013,2017,Black (includes Hispanic),
18,Indiana,18175,Washington,2013,2017,Hispanic (all races),
18,Indiana,18175,Washington,2013,2017,American Indian/Alaskan Native (includes Hispanic),
18,Indiana,18175,Washington,2013,2017,White (includes Hispanic),8.4
18,Indiana,18175,Washington,2014,2018,Asian/Pacific Islander (includes Hispanic),
18,Indiana,18175,Washington,2014,2018,Black (includes Hispanic),
18,Indiana,18175,Washington,2014,2018,Hispanic (all races),
18,Indiana,18175,Washington,2014,2018,American Indian/Alaskan Native (includes Hispanic),
18,Indiana,18175,Washington,2014,2018,White (includes Hispanic),8.4
18,Indiana,18175,Washington,2015,2019,Asian/Pacific Islander (includes Hispanic),
18,Indiana,18175,Washington,2015,2019,Black (includes Hispanic),
18,Indiana,18175,Washington,2015,2019,Hispanic (all races),
18,Indiana,18175,Washington,2015,2019,American Indian/Alaskan Native (includes Hispanic),
18,Indiana,18175,Washington,2015,2019,White (includes Hispanic),7.8
18,Indiana,18177,Wayne,2011,2015,Asian/Pacific Islander (includes Hispanic),
18,Indiana,18177,Wayne,2011,2015,Black (includes Hispanic),
18,Indiana,18177,Wayne,2011,2015,Hispanic (all races),
18,Indiana,18177,Wayne,2011,2015,American Indian/Alaskan Native (includes Hispanic),
18,Indiana,18177,Wayne,2011,2015,White (includes Hispanic),9.0
18,Indiana,18177,Wayne,2012,2016,Asian/Pacific Islander (includes Hispanic),
18,Indiana,18177,Wayne,2012,2016,Black (includes Hispanic),
18,Indiana,18177,Wayne,2012,2016,Hispanic (all races),
18,Indiana,18177,Wayne,2012,2016,American Indian/Alaskan Native (includes Hispanic),
18,Indiana,18177,Wayne,2012,2016,White (includes Hispanic),9.8
18,Indiana,18177,Wayne,2013,2017,Asian/Pacific Islander (includes Hispanic),
18,Indiana,18177,Wayne,2013,2017,Black (includes Hispanic),
18,Indiana,18177,Wayne,2013,2017,Hispanic (all races),
18,Indiana,18177,Wayne,2013,2017,American Indian/Alaskan Native (includes Hispanic),
18,Indiana,18177,Wayne,2013,2017,White (includes Hispanic),8.4
18,Indiana,18177,Wayne,2014,2018,Asian/Pacific Islander (includes Hispanic),
18,Indiana,18177,Wayne,2014,2018,Black (includes Hispanic),
18,Indiana,18177,Wayne,2014,2018,Hispanic (all races),
18,Indiana,18177,Wayne,2014,2018,American Indian/Alaskan Native (includes Hispanic),
18,Indiana,18177,Wayne,2014,2018,White (includes Hispanic),10.1
18,Indiana,18177,Wayne,2015,2019,Asian/Pacific Islander (includes Hispanic),
18,Indiana,18177,Wayne,2015,2019,Black (includes Hispanic),
18,Indiana,18177,Wayne,2015,2019,Hispanic (all races),
18,Indiana,18177,Wayne,2015,2019,American Indian/Alaskan Native (includes Hispanic),
18,Indiana,18177,Wayne,2015,2019,White (includes Hispanic),11.0
18,Indiana,18179,Wells,2011,2015,Asian/Pacific Islander (includes Hispanic),
18,Indiana,18179,Wells,2011,2015,Black (includes Hispanic),
18,Indiana,18179,Wells,2011,2015,Hispanic (all races),
18,Indiana,18179,Wells,2011,2015,American Indian/Alaskan Native (includes Hispanic),
18,Indiana,18179,Wells,2011,2015,White (includes Hispanic),7.6
18,Indiana,18179,Wells,2012,2016,Asian/Pacific Islander (includes Hispanic),
18,Indiana,18179,Wells,2012,2016,Black (includes Hispanic),
18,Indiana,18179,Wells,2012,2016,Hispanic (all races),
18,Indiana,18179,Wells,2012,2016,American Indian/Alaskan Native (includes Hispanic),
18,Indiana,18179,Wells,2012,2016,White (includes Hispanic),8.1
18,Indiana,18179,Wells,2013,2017,Asian/Pacific Islander (includes Hispanic),
18,Indiana,18179,Wells,2013,2017,Black (includes Hispanic),
18,Indiana,18179,Wells,2013,2017,Hispanic (all races),
18,Indiana,18179,Wells,2013,2017,American Indian/Alaskan Native (includes Hispanic),
18,Indiana,18179,Wells,2013,2017,White (includes Hispanic),8.6
18,Indiana,18179,Wells,2014,2018,Asian/Pacific Islander (includes Hispanic),
18,Indiana,18179,Wells,2014,2018,Black (includes Hispanic),
18,Indiana,18179,Wells,2014,2018,Hispanic (all races),
18,Indiana,18179,Wells,2014,2018,American Indian/Alaskan Native (includes Hispanic),
18,Indiana,18179,Wells,2014,2018,White (includes Hispanic),8.8
18,Indiana,18179,Wells,2015,2019,Asian/Pacific Islander (includes Hispanic),
18,Indiana,18179,Wells,2015,2019,Black (includes Hispanic),
18,Indiana,18179,Wells,2015,2019,Hispanic (all races),
18,Indiana,18179,Wells,2015,2019,American Indian/Alaskan Native (includes Hispanic),
18,Indiana,18179,Wells,2015,2019,White (includes Hispanic),9.3
18,Indiana,18181,White,2011,2015,Asian/Pacific Islander (includes Hispanic),
18,Indiana,18181,White,2011,2015,Black (includes Hispanic),
18,Indiana,18181,White,2011,2015,Hispanic (all races),
18,Indiana,18181,White,2011,2015,American Indian/Alaskan Native (includes Hispanic),
18,Indiana,18181,White,2011,2015,White (includes Hispanic),7.1
18,Indiana,18181,White,2012,2016,Asian/Pacific Islander (includes Hispanic),
18,Indiana,18181,White,2012,2016,Black (includes Hispanic),
18,Indiana,18181,White,2012,2016,Hispanic (all races),
18,Indiana,18181,White,2012,2016,American Indian/Alaskan Native (includes Hispanic),
18,Indiana,18181,White,2012,2016,White (includes Hispanic),6.9
18,Indiana,18181,White,2013,2017,Asian/Pacific Islander (includes Hispanic),
18,Indiana,18181,White,2013,2017,Black (includes Hispanic),
18,Indiana,18181,White,2013,2017,Hispanic (all races),
18,Indiana,18181,White,2013,2017,American Indian/Alaskan Native (includes Hispanic),
18,Indiana,18181,White,2013,2017,White (includes Hispanic),7.5
18,Indiana,18181,White,2014,2018,Asian/Pacific Islander (includes Hispanic),
18,Indiana,18181,White,2014,2018,Black (includes Hispanic),
18,Indiana,18181,White,2014,2018,Hispanic (all races),
18,Indiana,18181,White,2014,2018,American Indian/Alaskan Native (includes Hispanic),
18,Indiana,18181,White,2014,2018,White (includes Hispanic),8.5
18,Indiana,18181,White,2015,2019,Asian/Pacific Islander (includes Hispanic),
18,Indiana,18181,White,2015,2019,Black (includes Hispanic),
18,Indiana,18181,White,2015,2019,Hispanic (all races),
18,Indiana,18181,White,2015,2019,American Indian/Alaskan Native (includes Hispanic),
18,Indiana,18181,White,2015,2019,White (includes Hispanic),9.7
18,Indiana,18183,Whitley,2011,2015,Asian/Pacific Islander (includes Hispanic),
18,Indiana,18183,Whitley,2011,2015,Black (includes Hispanic),
18,Indiana,18183,Whitley,2011,2015,Hispanic (all races),
18,Indiana,18183,Whitley,2011,2015,American Indian/Alaskan Native (includes Hispanic),
18,Indiana,18183,Whitley,2011,2015,White (includes Hispanic),7.8
18,Indiana,18183,Whitley,2012,2016,Asian/Pacific Islander (includes Hispanic),
18,Indiana,18183,Whitley,2012,2016,Black (includes Hispanic),
18,Indiana,18183,Whitley,2012,2016,Hispanic (all races),
18,Indiana,18183,Whitley,2012,2016,American Indian/Alaskan Native (includes Hispanic),
18,Indiana,18183,Whitley,2012,2016,White (includes Hispanic),8.7
18,Indiana,18183,Whitley,2013,2017,Asian/Pacific Islander (includes Hispanic),
18,Indiana,18183,Whitley,2013,2017,Black (includes Hispanic),
18,Indiana,18183,Whitley,2013,2017,Hispanic (all races),
18,Indiana,18183,Whitley,2013,2017,American Indian/Alaskan Native (includes Hispanic),
18,Indiana,18183,Whitley,2013,2017,White (includes Hispanic),8.9
18,Indiana,18183,Whitley,2014,2018,Asian/Pacific Islander (includes Hispanic),
18,Indiana,18183,Whitley,2014,2018,Black (includes Hispanic),
18,Indiana,18183,Whitley,2014,2018,Hispanic (all races),
18,Indiana,18183,Whitley,2014,2018,American Indian/Alaskan Native (includes Hispanic),
18,Indiana,18183,Whitley,2014,2018,White (includes Hispanic),9.5
18,Indiana,18183,Whitley,2015,2019,Asian/Pacific Islander (includes Hispanic),
18,Indiana,18183,Whitley,2015,2019,Black (includes Hispanic),
18,Indiana,18183,Whitley,2015,2019,Hispanic (all races),
18,Indiana,18183,Whitley,2015,2019,American Indian/Alaskan Native (includes Hispanic),
18,Indiana,18183,Whitley,2015,2019,White (includes Hispanic),9.9
19,Iowa,19001,Adair,2011,2015,Asian/Pacific Islander (includes Hispanic),
19,Iowa,19001,Adair,2011,2015,Black (includes Hispanic),
19,Iowa,19001,Adair,2011,2015,Hispanic (all races),
19,Iowa,19001,Adair,2011,2015,American Indian/Alaskan Native (includes Hispanic),
19,Iowa,19001,Adair,2011,2015,White (includes Hispanic),6.9
19,Iowa,19001,Adair,2012,2016,Asian/Pacific Islander (includes Hispanic),
19,Iowa,19001,Adair,2012,2016,Black (includes Hispanic),
19,Iowa,19001,Adair,2012,2016,Hispanic (all races),
19,Iowa,19001,Adair,2012,2016,American Indian/Alaskan Native (includes Hispanic),
19,Iowa,19001,Adair,2012,2016,White (includes Hispanic),6.1
19,Iowa,19001,Adair,2013,2017,Asian/Pacific Islander (includes Hispanic),
19,Iowa,19001,Adair,2013,2017,Black (includes Hispanic),
19,Iowa,19001,Adair,2013,2017,Hispanic (all races),
19,Iowa,19001,Adair,2013,2017,American Indian/Alaskan Native (includes Hispanic),
19,Iowa,19001,Adair,2013,2017,White (includes Hispanic),7.3
19,Iowa,19001,Adair,2014,2018,Asian/Pacific Islander (includes Hispanic),
19,Iowa,19001,Adair,2014,2018,Black (includes Hispanic),
19,Iowa,19001,Adair,2014,2018,Hispanic (all races),
19,Iowa,19001,Adair,2014,2018,American Indian/Alaskan Native (includes Hispanic),
19,Iowa,19001,Adair,2014,2018,White (includes Hispanic),7.4
19,Iowa,19001,Adair,2015,2019,Asian/Pacific Islander (includes Hispanic),
19,Iowa,19001,Adair,2015,2019,Black (includes Hispanic),
19,Iowa,19001,Adair,2015,2019,Hispanic (all races),
19,Iowa,19001,Adair,2015,2019,American Indian/Alaskan Native (includes Hispanic),
19,Iowa,19001,Adair,2015,2019,White (includes Hispanic),6.5
19,Iowa,19001,Adair,2016,2020,Asian/Pacific Islander (includes Hispanic),
19,Iowa,19001,Adair,2016,2020,Black (includes Hispanic),
19,Iowa,19001,Adair,2016,2020,Hispanic (all races),
19,Iowa,19001,Adair,2016,2020,American Indian/Alaskan Native (includes Hispanic),
19,Iowa,19001,Adair,2016,2020,White (includes Hispanic),5.8
19,Iowa,19003,Adams,2011,2015,Asian/Pacific Islander (includes Hispanic),
19,Iowa,19003,Adams,2011,2015,Black (includes Hispanic),
19,Iowa,19003,Adams,2011,2015,Hispanic (all races),
19,Iowa,19003,Adams,2011,2015,American Indian/Alaskan Native (includes Hispanic),
19,Iowa,19003,Adams,2011,2015,White (includes Hispanic),12.1
19,Iowa,19003,Adams,2012,2016,Asian/Pacific Islander (includes Hispanic),
19,Iowa,19003,Adams,2012,2016,Black (includes Hispanic),
19,Iowa,19003,Adams,2012,2016,Hispanic (all races),
19,Iowa,19003,Adams,2012,2016,American Indian/Alaskan Native (includes Hispanic),
19,Iowa,19003,Adams,2012,2016,White (includes Hispanic),11.3
19,Iowa,19003,Adams,2013,2017,Asian/Pacific Islander (includes Hispanic),
19,Iowa,19003,Adams,2013,2017,Black (includes Hispanic),
19,Iowa,19003,Adams,2013,2017,Hispanic (all races),
19,Iowa,19003,Adams,2013,2017,American Indian/Alaskan Native (includes Hispanic),
19,Iowa,19003,Adams,2013,2017,White (includes Hispanic),13.5
19,Iowa,19003,Adams,2014,2018,Asian/Pacific Islander (includes Hispanic),
19,Iowa,19003,Adams,2014,2018,Black (includes Hispanic),
19,Iowa,19003,Adams,2014,2018,Hispanic (all races),
19,Iowa,19003,Adams,2014,2018,American Indian/Alaskan Native (includes Hispanic),
19,Iowa,19003,Adams,2014,2018,White (includes Hispanic),14.0
19,Iowa,19003,Adams,2015,2019,Asian/Pacific Islander (includes Hispanic),
19,Iowa,19003,Adams,2015,2019,Black (includes Hispanic),
19,Iowa,19003,Adams,2015,2019,Hispanic (all races),
19,Iowa,19003,Adams,2015,2019,American Indian/Alaskan Native (includes Hispanic),
19,Iowa,19003,Adams,2015,2019,White (includes Hispanic),15.5
19,Iowa,19003,Adams,2016,2020,Asian/Pacific Islander (includes Hispanic),
19,Iowa,19003,Adams,2016,2020,Black (includes Hispanic),
19,Iowa,19003,Adams,2016,2020,Hispanic (all races),
19,Iowa,19003,Adams,2016,2020,American Indian/Alaskan Native (includes Hispanic),
19,Iowa,19003,Adams,2016,2020,White (includes Hispanic),11.6
19,Iowa,19005,Allamakee,2011,2015,Asian/Pacific Islander (includes Hispanic),
19,Iowa,19005,Allamakee,2011,2015,Black (includes Hispanic),
19,Iowa,19005,Allamakee,2011,2015,Hispanic (all races),
19,Iowa,19005,Allamakee,2011,2015,American Indian/Alaskan Native (includes Hispanic),
19,Iowa,19005,Allamakee,2011,2015,White (includes Hispanic),5.5
19,Iowa,19005,Allamakee,2012,2016,Asian/Pacific Islander (includes Hispanic),
19,Iowa,19005,Allamakee,2012,2016,Black (includes Hispanic),
19,Iowa,19005,Allamakee,2012,2016,Hispanic (all races),
19,Iowa,19005,Allamakee,2012,2016,American Indian/Alaskan Native (includes Hispanic),
19,Iowa,19005,Allamakee,2012,2016,White (includes Hispanic),5.8
19,Iowa,19005,Allamakee,2013,2017,Asian/Pacific Islander (includes Hispanic),
19,Iowa,19005,Allamakee,2013,2017,Black (includes Hispanic),
19,Iowa,19005,Allamakee,2013,2017,Hispanic (all races),
19,Iowa,19005,Allamakee,2013,2017,American Indian/Alaskan Native (includes Hispanic),
19,Iowa,19005,Allamakee,2013,2017,White (includes Hispanic),
19,Iowa,19005,Allamakee,2014,2018,Asian/Pacific Islander (includes Hispanic),
19,Iowa,19005,Allamakee,2014,2018,Black (includes Hispanic),
19,Iowa,19005,Allamakee,2014,2018,Hispanic (all races),
19,Iowa,19005,Allamakee,2014,2018,American Indian/Alaskan Native (includes Hispanic),
19,Iowa,19005,Allamakee,2014,2018,White (includes Hispanic),
19,Iowa,19005,Allamakee,2015,2019,Asian/Pacific Islander (includes Hispanic),
19,Iowa,19005,Allamakee,2015,2019,Black (includes Hispanic),
19,Iowa,19005,Allamakee,2015,2019,Hispanic (all races),
19,Iowa,19005,Allamakee,2015,2019,American Indian/Alaskan Native (includes Hispanic),
19,Iowa,19005,Allamakee,2015,2019,White (includes Hispanic),
19,Iowa,19005,Allamakee,2016,2020,Asian/Pacific Islander (includes Hispanic),
19,Iowa,19005,Allamakee,2016,2020,Black (includes Hispanic),
19,Iowa,19005,Allamakee,2016,2020,Hispanic (all races),
19,Iowa,19005,Allamakee,2016,2020,American Indian/Alaskan Native (includes Hispanic),
19,Iowa,19005,Allamakee,2016,2020,White (includes Hispanic),5.3
19,Iowa,19007,Appanoose,2011,2015,Asian/Pacific Islander (includes Hispanic),
19,Iowa,19007,Appanoose,2011,2015,Black (includes Hispanic),
19,Iowa,19007,Appanoose,2011,2015,Hispanic (all races),
19,Iowa,19007,Appanoose,2011,2015,American Indian/Alaskan Native (includes Hispanic),
19,Iowa,19007,Appanoose,2011,2015,White (includes Hispanic),
19,Iowa,19007,Appanoose,2012,2016,Asian/Pacific Islander (includes Hispanic),
19,Iowa,19007,Appanoose,2012,2016,Black (includes Hispanic),
19,Iowa,19007,Appanoose,2012,2016,Hispanic (all races),
19,Iowa,19007,Appanoose,2012,2016,American Indian/Alaskan Native (includes Hispanic),
19,Iowa,19007,Appanoose,2012,2016,White (includes Hispanic),8.4
19,Iowa,19007,Appanoose,2013,2017,Asian/Pacific Islander (includes Hispanic),
19,Iowa,19007,Appanoose,2013,2017,Black (includes Hispanic),
19,Iowa,19007,Appanoose,2013,2017,Hispanic (all races),
19,Iowa,19007,Appanoose,2013,2017,American Indian/Alaskan Native (includes Hispanic),
19,Iowa,19007,Appanoose,2013,2017,White (includes Hispanic),8.5
19,Iowa,19007,Appanoose,2014,2018,Asian/Pacific Islander (includes Hispanic),
19,Iowa,19007,Appanoose,2014,2018,Black (includes Hispanic),
19,Iowa,19007,Appanoose,2014,2018,Hispanic (all races),
19,Iowa,19007,Appanoose,2014,2018,American Indian/Alaskan Native (includes Hispanic),
19,Iowa,19007,Appanoose,2014,2018,White (includes Hispanic),
19,Iowa,19007,Appanoose,2015,2019,Asian/Pacific Islander (includes Hispanic),
19,Iowa,19007,Appanoose,2015,2019,Black (includes Hispanic),
19,Iowa,19007,Appanoose,2015,2019,Hispanic (all races),
19,Iowa,19007,Appanoose,2015,2019,American Indian/Alaskan Native (includes Hispanic),
19,Iowa,19007,Appanoose,2015,2019,White (includes Hispanic),8.4
19,Iowa,19007,Appanoose,2016,2020,Asian/Pacific Islander (includes Hispanic),
19,Iowa,19007,Appanoose,2016,2020,Black (includes Hispanic),
19,Iowa,19007,Appanoose,2016,2020,Hispanic (all races),
19,Iowa,19007,Appanoose,2016,2020,American Indian/Alaskan Native (includes Hispanic),
19,Iowa,19007,Appanoose,2016,2020,White (includes Hispanic),8.3
19,Iowa,19009,Audubon,2011,2015,Asian/Pacific Islander (includes Hispanic),
19,Iowa,19009,Audubon,2011,2015,Black (includes Hispanic),
19,Iowa,19009,Audubon,2011,2015,Hispanic (all races),
19,Iowa,19009,Audubon,2011,2015,American Indian/Alaskan Native (includes Hispanic),
19,Iowa,19009,Audubon,2011,2015,White (includes Hispanic),9.2
19,Iowa,19009,Audubon,2012,2016,Asian/Pacific Islander (includes Hispanic),
19,Iowa,19009,Audubon,2012,2016,Black (includes Hispanic),
19,Iowa,19009,Audubon,2012,2016,Hispanic (all races),
19,Iowa,19009,Audubon,2012,2016,American Indian/Alaskan Native (includes Hispanic),
19,Iowa,19009,Audubon,2012,2016,White (includes Hispanic),9.8
19,Iowa,19009,Audubon,2013,2017,Asian/Pacific Islander (includes Hispanic),
19,Iowa,19009,Audubon,2013,2017,Black (includes Hispanic),
19,Iowa,19009,Audubon,2013,2017,Hispanic (all races),
19,Iowa,19009,Audubon,2013,2017,American Indian/Alaskan Native (includes Hispanic),
19,Iowa,19009,Audubon,2013,2017,White (includes Hispanic),10.0
19,Iowa,19009,Audubon,2014,2018,Asian/Pacific Islander (includes Hispanic),
19,Iowa,19009,Audubon,2014,2018,Black (includes Hispanic),
19,Iowa,19009,Audubon,2014,2018,Hispanic (all races),
19,Iowa,19009,Audubon,2014,2018,American Indian/Alaskan Native (includes Hispanic),
19,Iowa,19009,Audubon,2014,2018,White (includes Hispanic),11.1
19,Iowa,19009,Audubon,2015,2019,Asian/Pacific Islander (includes Hispanic),
19,Iowa,19009,Audubon,2015,2019,Black (includes Hispanic),
19,Iowa,19009,Audubon,2015,2019,Hispanic (all races),
19,Iowa,19009,Audubon,2015,2019,American Indian/Alaskan Native (includes Hispanic),
19,Iowa,19009,Audubon,2015,2019,White (includes Hispanic),10.1
19,Iowa,19009,Audubon,2016,2020,Asian/Pacific Islander (includes Hispanic),
19,Iowa,19009,Audubon,2016,2020,Black (includes Hispanic),
19,Iowa,19009,Audubon,2016,2020,Hispanic (all races),
19,Iowa,19009,Audubon,2016,2020,American Indian/Alaskan Native (includes Hispanic),
19,Iowa,19009,Audubon,2016,2020,White (includes Hispanic),
19,Iowa,19011,Benton,2011,2015,Asian/Pacific Islander (includes Hispanic),
19,Iowa,19011,Benton,2011,2015,Black (includes Hispanic),
19,Iowa,19011,Benton,2011,2015,Hispanic (all races),
19,Iowa,19011,Benton,2011,2015,American Indian/Alaskan Native (includes Hispanic),
19,Iowa,19011,Benton,2011,2015,White (includes Hispanic),7.4
19,Iowa,19011,Benton,2012,2016,Asian/Pacific Islander (includes Hispanic),
19,Iowa,19011,Benton,2012,2016,Black (includes Hispanic),
19,Iowa,19011,Benton,2012,2016,Hispanic (all races),
19,Iowa,19011,Benton,2012,2016,American Indian/Alaskan Native (includes Hispanic),
19,Iowa,19011,Benton,2012,2016,White (includes Hispanic),7.4
19,Iowa,19011,Benton,2013,2017,Asian/Pacific Islander (includes Hispanic),
19,Iowa,19011,Benton,2013,2017,Black (includes Hispanic),
19,Iowa,19011,Benton,2013,2017,Hispanic (all races),
19,Iowa,19011,Benton,2013,2017,American Indian/Alaskan Native (includes Hispanic),
19,Iowa,19011,Benton,2013,2017,White (includes Hispanic),7.8
19,Iowa,19011,Benton,2014,2018,Asian/Pacific Islander (includes Hispanic),
19,Iowa,19011,Benton,2014,2018,Black (includes Hispanic),
19,Iowa,19011,Benton,2014,2018,Hispanic (all races),
19,Iowa,19011,Benton,2014,2018,American Indian/Alaskan Native (includes Hispanic),
19,Iowa,19011,Benton,2014,2018,White (includes Hispanic),8.4
19,Iowa,19011,Benton,2015,2019,Asian/Pacific Islander (includes Hispanic),
19,Iowa,19011,Benton,2015,2019,Black (includes Hispanic),
19,Iowa,19011,Benton,2015,2019,Hispanic (all races),
19,Iowa,19011,Benton,2015,2019,American Indian/Alaskan Native (includes Hispanic),
19,Iowa,19011,Benton,2015,2019,White (includes Hispanic),8.0
19,Iowa,19011,Benton,2016,2020,Asian/Pacific Islander (includes Hispanic),
19,Iowa,19011,Benton,2016,2020,Black (includes Hispanic),
19,Iowa,19011,Benton,2016,2020,Hispanic (all races),
19,Iowa,19011,Benton,2016,2020,American Indian/Alaskan Native (includes Hispanic),
19,Iowa,19011,Benton,2016,2020,White (includes Hispanic),8.1
19,Iowa,19013,Black Hawk,2011,2015,Asian/Pacific Islander (includes Hispanic),
19,Iowa,19013,Black Hawk,2011,2015,Black (includes Hispanic),
19,Iowa,19013,Black Hawk,2011,2015,Hispanic (all races),
19,Iowa,19013,Black Hawk,2011,2015,American Indian/Alaskan Native (includes Hispanic),
19,Iowa,19013,Black Hawk,2011,2015,White (includes Hispanic),5.7
19,Iowa,19013,Black Hawk,2012,2016,Asian/Pacific Islander (includes Hispanic),
19,Iowa,19013,Black Hawk,2012,2016,Black (includes Hispanic),
19,Iowa,19013,Black Hawk,2012,2016,Hispanic (all races),
19,Iowa,19013,Black Hawk,2012,2016,American Indian/Alaskan Native (includes Hispanic),
19,Iowa,19013,Black Hawk,2012,2016,White (includes Hispanic),6.6
19,Iowa,19013,Black Hawk,2013,2017,Asian/Pacific Islander (includes Hispanic),
19,Iowa,19013,Black Hawk,2013,2017,Black (includes Hispanic),
19,Iowa,19013,Black Hawk,2013,2017,Hispanic (all races),
19,Iowa,19013,Black Hawk,2013,2017,American Indian/Alaskan Native (includes Hispanic),
19,Iowa,19013,Black Hawk,2013,2017,White (includes Hispanic),6.2
19,Iowa,19013,Black Hawk,2014,2018,Asian/Pacific Islander (includes Hispanic),
19,Iowa,19013,Black Hawk,2014,2018,Black (includes Hispanic),
19,Iowa,19013,Black Hawk,2014,2018,Hispanic (all races),
19,Iowa,19013,Black Hawk,2014,2018,American Indian/Alaskan Native (includes Hispanic),
19,Iowa,19013,Black Hawk,2014,2018,White (includes Hispanic),6.9
19,Iowa,19013,Black Hawk,2015,2019,Asian/Pacific Islander (includes Hispanic),
19,Iowa,19013,Black Hawk,2015,2019,Black (includes Hispanic),
19,Iowa,19013,Black Hawk,2015,2019,Hispanic (all races),
19,Iowa,19013,Black Hawk,2015,2019,American Indian/Alaskan Native (includes Hispanic),
19,Iowa,19013,Black Hawk,2015,2019,White (includes Hispanic),6.1
19,Iowa,19013,Black Hawk,2016,2020,Asian/Pacific Islander (includes Hispanic),
19,Iowa,19013,Black Hawk,2016,2020,Black (includes Hispanic),
19,Iowa,19013,Black Hawk,2016,2020,Hispanic (all races),
19,Iowa,19013,Black Hawk,2016,2020,American Indian/Alaskan Native (includes Hispanic),
19,Iowa,19013,Black Hawk,2016,2020,White (includes Hispanic),7.3
19,Iowa,19015,Boone,2011,2015,Asian/Pacific Islander (includes Hispanic),
19,Iowa,19015,Boone,2011,2015,Black (includes Hispanic),
19,Iowa,19015,Boone,2011,2015,Hispanic (all races),
19,Iowa,19015,Boone,2011,2015,American Indian/Alaskan Native (includes Hispanic),
19,Iowa,19015,Boone,2011,2015,White (includes Hispanic),6.2
19,Iowa,19015,Boone,2012,2016,Asian/Pacific Islander (includes Hispanic),
19,Iowa,19015,Boone,2012,2016,Black (includes Hispanic),
19,Iowa,19015,Boone,2012,2016,Hispanic (all races),
19,Iowa,19015,Boone,2012,2016,American Indian/Alaskan Native (includes Hispanic),
19,Iowa,19015,Boone,2012,2016,White (includes Hispanic),6.2
19,Iowa,19015,Boone,2013,2017,Asian/Pacific Islander (includes Hispanic),
19,Iowa,19015,Boone,2013,2017,Black (includes Hispanic),
19,Iowa,19015,Boone,2013,2017,Hispanic (all races),
19,Iowa,19015,Boone,2013,2017,American Indian/Alaskan Native (includes Hispanic),
19,Iowa,19015,Boone,2013,2017,White (includes Hispanic),6.9
19,Iowa,19015,Boone,2014,2018,Asian/Pacific Islander (includes Hispanic),
19,Iowa,19015,Boone,2014,2018,Black (includes Hispanic),
19,Iowa,19015,Boone,2014,2018,Hispanic (all races),
19,Iowa,19015,Boone,2014,2018,American Indian/Alaskan Native (includes Hispanic),
19,Iowa,19015,Boone,2014,2018,White (includes Hispanic),7.5
19,Iowa,19015,Boone,2015,2019,Asian/Pacific Islander (includes Hispanic),
19,Iowa,19015,Boone,2015,2019,Black (includes Hispanic),
19,Iowa,19015,Boone,2015,2019,Hispanic (all races),
19,Iowa,19015,Boone,2015,2019,American Indian/Alaskan Native (includes Hispanic),
19,Iowa,19015,Boone,2015,2019,White (includes Hispanic),7.1
19,Iowa,19015,Boone,2016,2020,Asian/Pacific Islander (includes Hispanic),
19,Iowa,19015,Boone,2016,2020,Black (includes Hispanic),
19,Iowa,19015,Boone,2016,2020,Hispanic (all races),
19,Iowa,19015,Boone,2016,2020,American Indian/Alaskan Native (includes Hispanic),
19,Iowa,19015,Boone,2016,2020,White (includes Hispanic),6.8
19,Iowa,19017,Bremer,2011,2015,Asian/Pacific Islander (includes Hispanic),
19,Iowa,19017,Bremer,2011,2015,Black (includes Hispanic),
19,Iowa,19017,Bremer,2011,2015,Hispanic (all races),
19,Iowa,19017,Bremer,2011,2015,American Indian/Alaskan Native (includes Hispanic),
19,Iowa,19017,Bremer,2011,2015,White (includes Hispanic),5.3
19,Iowa,19017,Bremer,2012,2016,Asian/Pacific Islander (includes Hispanic),
19,Iowa,19017,Bremer,2012,2016,Black (includes Hispanic),
19,Iowa,19017,Bremer,2012,2016,Hispanic (all races),
19,Iowa,19017,Bremer,2012,2016,American Indian/Alaskan Native (includes Hispanic),
19,Iowa,19017,Bremer,2012,2016,White (includes Hispanic),6.1
19,Iowa,19017,Bremer,2013,2017,Asian/Pacific Islander (includes Hispanic),
19,Iowa,19017,Bremer,2013,2017,Black (includes Hispanic),
19,Iowa,19017,Bremer,2013,2017,Hispanic (all races),
19,Iowa,19017,Bremer,2013,2017,American Indian/Alaskan Native (includes Hispanic),
19,Iowa,19017,Bremer,2013,2017,White (includes Hispanic),6.7
19,Iowa,19017,Bremer,2014,2018,Asian/Pacific Islander (includes Hispanic),
19,Iowa,19017,Bremer,2014,2018,Black (includes Hispanic),
19,Iowa,19017,Bremer,2014,2018,Hispanic (all races),
19,Iowa,19017,Bremer,2014,2018,American Indian/Alaskan Native (includes Hispanic),
19,Iowa,19017,Bremer,2014,2018,White (includes Hispanic),7.4
19,Iowa,19017,Bremer,2015,2019,Asian/Pacific Islander (includes Hispanic),
19,Iowa,19017,Bremer,2015,2019,Black (includes Hispanic),
19,Iowa,19017,Bremer,2015,2019,Hispanic (all races),
19,Iowa,19017,Bremer,2015,2019,American Indian/Alaskan Native (includes Hispanic),
19,Iowa,19017,Bremer,2015,2019,White (includes Hispanic),7.0
19,Iowa,19017,Bremer,2016,2020,Asian/Pacific Islander (includes Hispanic),
19,Iowa,19017,Bremer,2016,2020,Black (includes Hispanic),
19,Iowa,19017,Bremer,2016,2020,Hispanic (all races),
19,Iowa,19017,Bremer,2016,2020,American Indian/Alaskan Native (includes Hispanic),
19,Iowa,19017,Bremer,2016,2020,White (includes Hispanic),8.0
19,Iowa,19019,Buchanan,2011,2015,Asian/Pacific Islander (includes Hispanic),
19,Iowa,19019,Buchanan,2011,2015,Black (includes Hispanic),
19,Iowa,19019,Buchanan,2011,2015,Hispanic (all races),
19,Iowa,19019,Buchanan,2011,2015,American Indian/Alaskan Native (includes Hispanic),
19,Iowa,19019,Buchanan,2011,2015,White (includes Hispanic),8.0
19,Iowa,19019,Buchanan,2012,2016,Asian/Pacific Islander (includes Hispanic),
19,Iowa,19019,Buchanan,2012,2016,Black (includes Hispanic),
19,Iowa,19019,Buchanan,2012,2016,Hispanic (all races),
19,Iowa,19019,Buchanan,2012,2016,American Indian/Alaskan Native (includes Hispanic),
19,Iowa,19019,Buchanan,2012,2016,White (includes Hispanic),8.1
19,Iowa,19019,Buchanan,2013,2017,Asian/Pacific Islander (includes Hispanic),
19,Iowa,19019,Buchanan,2013,2017,Black (includes Hispanic),
19,Iowa,19019,Buchanan,2013,2017,Hispanic (all races),
19,Iowa,19019,Buchanan,2013,2017,American Indian/Alaskan Native (includes Hispanic),
19,Iowa,19019,Buchanan,2013,2017,White (includes Hispanic),8.2
19,Iowa,19019,Buchanan,2014,2018,Asian/Pacific Islander (includes Hispanic),
19,Iowa,19019,Buchanan,2014,2018,Black (includes Hispanic),
19,Iowa,19019,Buchanan,2014,2018,Hispanic (all races),
19,Iowa,19019,Buchanan,2014,2018,American Indian/Alaskan Native (includes Hispanic),
19,Iowa,19019,Buchanan,2014,2018,White (includes Hispanic),8.3
19,Iowa,19019,Buchanan,2015,2019,Asian/Pacific Islander (includes Hispanic),
19,Iowa,19019,Buchanan,2015,2019,Black (includes Hispanic),
19,Iowa,19019,Buchanan,2015,2019,Hispanic (all races),
19,Iowa,19019,Buchanan,2015,2019,American Indian/Alaskan Native (includes Hispanic),
19,Iowa,19019,Buchanan,2015,2019,White (includes Hispanic),7.1
19,Iowa,19019,Buchanan,2016,2020,Asian/Pacific Islander (includes Hispanic),
19,Iowa,19019,Buchanan,2016,2020,Black (includes Hispanic),
19,Iowa,19019,Buchanan,2016,2020,Hispanic (all races),
19,Iowa,19019,Buchanan,2016,2020,American Indian/Alaskan Native (includes Hispanic),
19,Iowa,19019,Buchanan,2016,2020,White (includes Hispanic),7.4
19,Iowa,19021,Buena Vista,2011,2015,Asian/Pacific Islander (includes Hispanic),
19,Iowa,19021,Buena Vista,2011,2015,Black (includes Hispanic),
19,Iowa,19021,Buena Vista,2011,2015,Hispanic (all races),
19,Iowa,19021,Buena Vista,2011,2015,American Indian/Alaskan Native (includes Hispanic),
19,Iowa,19021,Buena Vista,2011,2015,White (includes Hispanic),
19,Iowa,19021,Buena Vista,2012,2016,Asian/Pacific Islander (includes Hispanic),
19,Iowa,19021,Buena Vista,2012,2016,Black (includes Hispanic),
19,Iowa,19021,Buena Vista,2012,2016,Hispanic (all races),
19,Iowa,19021,Buena Vista,2012,2016,American Indian/Alaskan Native (includes Hispanic),
19,Iowa,19021,Buena Vista,2012,2016,White (includes Hispanic),
19,Iowa,19021,Buena Vista,2013,2017,Asian/Pacific Islander (includes Hispanic),
19,Iowa,19021,Buena Vista,2013,2017,Black (includes Hispanic),
19,Iowa,19021,Buena Vista,2013,2017,Hispanic (all races),
19,Iowa,19021,Buena Vista,2013,2017,American Indian/Alaskan Native (includes Hispanic),
19,Iowa,19021,Buena Vista,2013,2017,White (includes Hispanic),
19,Iowa,19021,Buena Vista,2014,2018,Asian/Pacific Islander (includes Hispanic),
19,Iowa,19021,Buena Vista,2014,2018,Black (includes Hispanic),
19,Iowa,19021,Buena Vista,2014,2018,Hispanic (all races),
19,Iowa,19021,Buena Vista,2014,2018,American Indian/Alaskan Native (includes Hispanic),
19,Iowa,19021,Buena Vista,2014,2018,White (includes Hispanic),
19,Iowa,19021,Buena Vista,2015,2019,Asian/Pacific Islander (includes Hispanic),
19,Iowa,19021,Buena Vista,2015,2019,Black (includes Hispanic),
19,Iowa,19021,Buena Vista,2015,2019,Hispanic (all races),
19,Iowa,19021,Buena Vista,2015,2019,American Indian/Alaskan Native (includes Hispanic),
19,Iowa,19021,Buena Vista,2015,2019,White (includes Hispanic),
19,Iowa,19021,Buena Vista,2016,2020,Asian/Pacific Islander (includes Hispanic),
19,Iowa,19021,Buena Vista,2016,2020,Black (includes Hispanic),
19,Iowa,19021,Buena Vista,2016,2020,Hispanic (all races),
19,Iowa,19021,Buena Vista,2016,2020,American Indian/Alaskan Native (includes Hispanic),
19,Iowa,19021,Buena Vista,2016,2020,White (includes Hispanic),
19,Iowa,19023,Butler,2011,2015,Asian/Pacific Islander (includes Hispanic),
19,Iowa,19023,Butler,2011,2015,Black (includes Hispanic),
19,Iowa,19023,Butler,2011,2015,Hispanic (all races),
19,Iowa,19023,Butler,2011,2015,American Indian/Alaskan Native (includes Hispanic),
19,Iowa,19023,Butler,2011,2015,White (includes Hispanic),6.0
19,Iowa,19023,Butler,2012,2016,Asian/Pacific Islander (includes Hispanic),
19,Iowa,19023,Butler,2012,2016,Black (includes Hispanic),
19,Iowa,19023,Butler,2012,2016,Hispanic (all races),
19,Iowa,19023,Butler,2012,2016,American Indian/Alaskan Native (includes Hispanic),
19,Iowa,19023,Butler,2012,2016,White (includes Hispanic),6.2
19,Iowa,19023,Butler,2013,2017,Asian/Pacific Islander (includes Hispanic),
19,Iowa,19023,Butler,2013,2017,Black (includes Hispanic),
19,Iowa,19023,Butler,2013,2017,Hispanic (all races),
19,Iowa,19023,Butler,2013,2017,American Indian/Alaskan Native (includes Hispanic),
19,Iowa,19023,Butler,2013,2017,White (includes Hispanic),7.3
19,Iowa,19023,Butler,2014,2018,Asian/Pacific Islander (includes Hispanic),
19,Iowa,19023,Butler,2014,2018,Black (includes Hispanic),
19,Iowa,19023,Butler,2014,2018,Hispanic (all races),
19,Iowa,19023,Butler,2014,2018,American Indian/Alaskan Native (includes Hispanic),
19,Iowa,19023,Butler,2014,2018,White (includes Hispanic),7.6
19,Iowa,19023,Butler,2015,2019,Asian/Pacific Islander (includes Hispanic),
19,Iowa,19023,Butler,2015,2019,Black (includes Hispanic),
19,Iowa,19023,Butler,2015,2019,Hispanic (all races),
19,Iowa,19023,Butler,2015,2019,American Indian/Alaskan Native (includes Hispanic),
19,Iowa,19023,Butler,2015,2019,White (includes Hispanic),7.4
19,Iowa,19023,Butler,2016,2020,Asian/Pacific Islander (includes Hispanic),
19,Iowa,19023,Butler,2016,2020,Black (includes Hispanic),
19,Iowa,19023,Butler,2016,2020,Hispanic (all races),
19,Iowa,19023,Butler,2016,2020,American Indian/Alaskan Native (includes Hispanic),
19,Iowa,19023,Butler,2016,2020,White (includes Hispanic),8.4
19,Iowa,19025,Calhoun,2011,2015,Asian/Pacific Islander (includes Hispanic),
19,Iowa,19025,Calhoun,2011,2015,Black (includes Hispanic),
19,Iowa,19025,Calhoun,2011,2015,Hispanic (all races),
19,Iowa,19025,Calhoun,2011,2015,American Indian/Alaskan Native (includes Hispanic),
19,Iowa,19025,Calhoun,2011,2015,White (includes Hispanic),
19,Iowa,19025,Calhoun,2012,2016,Asian/Pacific Islander (includes Hispanic),
19,Iowa,19025,Calhoun,2012,2016,Black (includes Hispanic),
19,Iowa,19025,Calhoun,2012,2016,Hispanic (all races),
19,Iowa,19025,Calhoun,2012,2016,American Indian/Alaskan Native (includes Hispanic),
19,Iowa,19025,Calhoun,2012,2016,White (includes Hispanic),
19,Iowa,19025,Calhoun,2013,2017,Asian/Pacific Islander (includes Hispanic),
19,Iowa,19025,Calhoun,2013,2017,Black (includes Hispanic),
19,Iowa,19025,Calhoun,2013,2017,Hispanic (all races),
19,Iowa,19025,Calhoun,2013,2017,American Indian/Alaskan Native (includes Hispanic),
19,Iowa,19025,Calhoun,2013,2017,White (includes Hispanic),7.8
19,Iowa,19025,Calhoun,2014,2018,Asian/Pacific Islander (includes Hispanic),
19,Iowa,19025,Calhoun,2014,2018,Black (includes Hispanic),
19,Iowa,19025,Calhoun,2014,2018,Hispanic (all races),
19,Iowa,19025,Calhoun,2014,2018,American Indian/Alaskan Native (includes Hispanic),
19,Iowa,19025,Calhoun,2014,2018,White (includes Hispanic),9.8
19,Iowa,19025,Calhoun,2015,2019,Asian/Pacific Islander (includes Hispanic),
19,Iowa,19025,Calhoun,2015,2019,Black (includes Hispanic),
19,Iowa,19025,Calhoun,2015,2019,Hispanic (all races),
19,Iowa,19025,Calhoun,2015,2019,American Indian/Alaskan Native (includes Hispanic),
19,Iowa,19025,Calhoun,2015,2019,White (includes Hispanic),9.1
19,Iowa,19025,Calhoun,2016,2020,Asian/Pacific Islander (includes Hispanic),
19,Iowa,19025,Calhoun,2016,2020,Black (includes Hispanic),
19,Iowa,19025,Calhoun,2016,2020,Hispanic (all races),
19,Iowa,19025,Calhoun,2016,2020,American Indian/Alaskan Native (includes Hispanic),
19,Iowa,19025,Calhoun,2016,2020,White (includes Hispanic),
19,Iowa,19027,Carroll,2011,2015,Asian/Pacific Islander (includes Hispanic),
19,Iowa,19027,Carroll,2011,2015,Black (includes Hispanic),
19,Iowa,19027,Carroll,2011,2015,Hispanic (all races),
19,Iowa,19027,Carroll,2011,2015,American Indian/Alaskan Native (includes Hispanic),
19,Iowa,19027,Carroll,2011,2015,White (includes Hispanic),
19,Iowa,19027,Carroll,2012,2016,Asian/Pacific Islander (includes Hispanic),
19,Iowa,19027,Carroll,2012,2016,Black (includes Hispanic),
19,Iowa,19027,Carroll,2012,2016,Hispanic (all races),
19,Iowa,19027,Carroll,2012,2016,American Indian/Alaskan Native (includes Hispanic),
19,Iowa,19027,Carroll,2012,2016,White (includes Hispanic),9.6
19,Iowa,19027,Carroll,2013,2017,Asian/Pacific Islander (includes Hispanic),
19,Iowa,19027,Carroll,2013,2017,Black (includes Hispanic),
19,Iowa,19027,Carroll,2013,2017,Hispanic (all races),
19,Iowa,19027,Carroll,2013,2017,American Indian/Alaskan Native (includes Hispanic),
19,Iowa,19027,Carroll,2013,2017,White (includes Hispanic),9.8
19,Iowa,19027,Carroll,2014,2018,Asian/Pacific Islander (includes Hispanic),
19,Iowa,19027,Carroll,2014,2018,Black (includes Hispanic),
19,Iowa,19027,Carroll,2014,2018,Hispanic (all races),
19,Iowa,19027,Carroll,2014,2018,American Indian/Alaskan Native (includes Hispanic),
19,Iowa,19027,Carroll,2014,2018,White (includes Hispanic),12.2
19,Iowa,19027,Carroll,2015,2019,Asian/Pacific Islander (includes Hispanic),
19,Iowa,19027,Carroll,2015,2019,Black (includes Hispanic),
19,Iowa,19027,Carroll,2015,2019,Hispanic (all races),
19,Iowa,19027,Carroll,2015,2019,American Indian/Alaskan Native (includes Hispanic),
19,Iowa,19027,Carroll,2015,2019,White (includes Hispanic),11.3
19,Iowa,19027,Carroll,2016,2020,Asian/Pacific Islander (includes Hispanic),
19,Iowa,19027,Carroll,2016,2020,Black (includes Hispanic),
19,Iowa,19027,Carroll,2016,2020,Hispanic (all races),
19,Iowa,19027,Carroll,2016,2020,American Indian/Alaskan Native (includes Hispanic),
19,Iowa,19027,Carroll,2016,2020,White (includes Hispanic),
19,Iowa,19029,Cass,2011,2015,Asian/Pacific Islander (includes Hispanic),
19,Iowa,19029,Cass,2011,2015,Black (includes Hispanic),
19,Iowa,19029,Cass,2011,2015,Hispanic (all races),
19,Iowa,19029,Cass,2011,2015,American Indian/Alaskan Native (includes Hispanic),
19,Iowa,19029,Cass,2011,2015,White (includes Hispanic),8.6
19,Iowa,19029,Cass,2012,2016,Asian/Pacific Islander (includes Hispanic),
19,Iowa,19029,Cass,2012,2016,Black (includes Hispanic),
19,Iowa,19029,Cass,2012,2016,Hispanic (all races),
19,Iowa,19029,Cass,2012,2016,American Indian/Alaskan Native (includes Hispanic),
19,Iowa,19029,Cass,2012,2016,White (includes Hispanic),9.7
19,Iowa,19029,Cass,2013,2017,Asian/Pacific Islander (includes Hispanic),
19,Iowa,19029,Cass,2013,2017,Black (includes Hispanic),
19,Iowa,19029,Cass,2013,2017,Hispanic (all races),
19,Iowa,19029,Cass,2013,2017,American Indian/Alaskan Native (includes Hispanic),
19,Iowa,19029,Cass,2013,2017,White (includes Hispanic),11.0
19,Iowa,19029,Cass,2014,2018,Asian/Pacific Islander (includes Hispanic),
19,Iowa,19029,Cass,2014,2018,Black (includes Hispanic),
19,Iowa,19029,Cass,2014,2018,Hispanic (all races),
19,Iowa,19029,Cass,2014,2018,American Indian/Alaskan Native (includes Hispanic),
19,Iowa,19029,Cass,2014,2018,White (includes Hispanic),11.8
19,Iowa,19029,Cass,2015,2019,Asian/Pacific Islander (includes Hispanic),
19,Iowa,19029,Cass,2015,2019,Black (includes Hispanic),
19,Iowa,19029,Cass,2015,2019,Hispanic (all races),
19,Iowa,19029,Cass,2015,2019,American Indian/Alaskan Native (includes Hispanic),
19,Iowa,19029,Cass,2015,2019,White (includes Hispanic),11.1
19,Iowa,19029,Cass,2016,2020,Asian/Pacific Islander (includes Hispanic),
19,Iowa,19029,Cass,2016,2020,Black (includes Hispanic),
19,Iowa,19029,Cass,2016,2020,Hispanic (all races),
19,Iowa,19029,Cass,2016,2020,American Indian/Alaskan Native (includes Hispanic),
19,Iowa,19029,Cass,2016,2020,White (includes Hispanic),8.5
19,Iowa,19031,Cedar,2011,2015,Asian/Pacific Islander (includes Hispanic),
19,Iowa,19031,Cedar,2011,2015,Black (includes Hispanic),
19,Iowa,19031,Cedar,2011,2015,Hispanic (all races),
19,Iowa,19031,Cedar,2011,2015,American Indian/Alaskan Native (includes Hispanic),
19,Iowa,19031,Cedar,2011,2015,White (includes Hispanic),9.1
19,Iowa,19031,Cedar,2012,2016,Asian/Pacific Islander (includes Hispanic),
19,Iowa,19031,Cedar,2012,2016,Black (includes Hispanic),
19,Iowa,19031,Cedar,2012,2016,Hispanic (all races),
19,Iowa,19031,Cedar,2012,2016,American Indian/Alaskan Native (includes Hispanic),
19,Iowa,19031,Cedar,2012,2016,White (includes Hispanic),8.4
19,Iowa,19031,Cedar,2013,2017,Asian/Pacific Islander (includes Hispanic),
19,Iowa,19031,Cedar,2013,2017,Black (includes Hispanic),
19,Iowa,19031,Cedar,2013,2017,Hispanic (all races),
19,Iowa,19031,Cedar,2013,2017,American Indian/Alaskan Native (includes Hispanic),
19,Iowa,19031,Cedar,2013,2017,White (includes Hispanic),8.6
19,Iowa,19031,Cedar,2014,2018,Asian/Pacific Islander (includes Hispanic),
19,Iowa,19031,Cedar,2014,2018,Black (includes Hispanic),
19,Iowa,19031,Cedar,2014,2018,Hispanic (all races),
19,Iowa,19031,Cedar,2014,2018,American Indian/Alaskan Native (includes Hispanic),
19,Iowa,19031,Cedar,2014,2018,White (includes Hispanic),9.4
19,Iowa,19031,Cedar,2015,2019,Asian/Pacific Islander (includes Hispanic),
19,Iowa,19031,Cedar,2015,2019,Black (includes Hispanic),
19,Iowa,19031,Cedar,2015,2019,Hispanic (all races),
19,Iowa,19031,Cedar,2015,2019,American Indian/Alaskan Native (includes Hispanic),
19,Iowa,19031,Cedar,2015,2019,White (includes Hispanic),8.3
19,Iowa,19031,Cedar,2016,2020,Asian/Pacific Islander (includes Hispanic),
19,Iowa,19031,Cedar,2016,2020,Black (includes Hispanic),
19,Iowa,19031,Cedar,2016,2020,Hispanic (all races),
19,Iowa,19031,Cedar,2016,2020,American Indian/Alaskan Native (includes Hispanic),
19,Iowa,19031,Cedar,2016,2020,White (includes Hispanic),7.8
19,Iowa,19033,Cerro Gordo,2011,2015,Asian/Pacific Islander (includes Hispanic),
19,Iowa,19033,Cerro Gordo,2011,2015,Black (includes Hispanic),
19,Iowa,19033,Cerro Gordo,2011,2015,Hispanic (all races),
19,Iowa,19033,Cerro Gordo,2011,2015,American Indian/Alaskan Native (includes Hispanic),
19,Iowa,19033,Cerro Gordo,2011,2015,White (includes Hispanic),6.3
19,Iowa,19033,Cerro Gordo,2012,2016,Asian/Pacific Islander (includes Hispanic),
19,Iowa,19033,Cerro Gordo,2012,2016,Black (includes Hispanic),
19,Iowa,19033,Cerro Gordo,2012,2016,Hispanic (all races),
19,Iowa,19033,Cerro Gordo,2012,2016,American Indian/Alaskan Native (includes Hispanic),
19,Iowa,19033,Cerro Gordo,2012,2016,White (includes Hispanic),6.0
19,Iowa,19033,Cerro Gordo,2013,2017,Asian/Pacific Islander (includes Hispanic),
19,Iowa,19033,Cerro Gordo,2013,2017,Black (includes Hispanic),
19,Iowa,19033,Cerro Gordo,2013,2017,Hispanic (all races),
19,Iowa,19033,Cerro Gordo,2013,2017,American Indian/Alaskan Native (includes Hispanic),
19,Iowa,19033,Cerro Gordo,2013,2017,White (includes Hispanic),6.7
19,Iowa,19033,Cerro Gordo,2014,2018,Asian/Pacific Islander (includes Hispanic),
19,Iowa,19033,Cerro Gordo,2014,2018,Black (includes Hispanic),
19,Iowa,19033,Cerro Gordo,2014,2018,Hispanic (all races),
19,Iowa,19033,Cerro Gordo,2014,2018,American Indian/Alaskan Native (includes Hispanic),
19,Iowa,19033,Cerro Gordo,2014,2018,White (includes Hispanic),6.5
19,Iowa,19033,Cerro Gordo,2015,2019,Asian/Pacific Islander (includes Hispanic),
19,Iowa,19033,Cerro Gordo,2015,2019,Black (includes Hispanic),
19,Iowa,19033,Cerro Gordo,2015,2019,Hispanic (all races),
19,Iowa,19033,Cerro Gordo,2015,2019,American Indian/Alaskan Native (includes Hispanic),
19,Iowa,19033,Cerro Gordo,2015,2019,White (includes Hispanic),7.2
19,Iowa,19033,Cerro Gordo,2016,2020,Asian/Pacific Islander (includes Hispanic),
19,Iowa,19033,Cerro Gordo,2016,2020,Black (includes Hispanic),
19,Iowa,19033,Cerro Gordo,2016,2020,Hispanic (all races),
19,Iowa,19033,Cerro Gordo,2016,2020,American Indian/Alaskan Native (includes Hispanic),
19,Iowa,19033,Cerro Gordo,2016,2020,White (includes Hispanic),6.7
19,Iowa,19035,Cherokee,2011,2015,Asian/Pacific Islander (includes Hispanic),
19,Iowa,19035,Cherokee,2011,2015,Black (includes Hispanic),
19,Iowa,19035,Cherokee,2011,2015,Hispanic (all races),
19,Iowa,19035,Cherokee,2011,2015,American Indian/Alaskan Native (includes Hispanic),
19,Iowa,19035,Cherokee,2011,2015,White (includes Hispanic),7.0
19,Iowa,19035,Cherokee,2012,2016,Asian/Pacific Islander (includes Hispanic),
19,Iowa,19035,Cherokee,2012,2016,Black (includes Hispanic),
19,Iowa,19035,Cherokee,2012,2016,Hispanic (all races),
19,Iowa,19035,Cherokee,2012,2016,American Indian/Alaskan Native (includes Hispanic),
19,Iowa,19035,Cherokee,2012,2016,White (includes Hispanic),6.8
19,Iowa,19035,Cherokee,2013,2017,Asian/Pacific Islander (includes Hispanic),
19,Iowa,19035,Cherokee,2013,2017,Black (includes Hispanic),
19,Iowa,19035,Cherokee,2013,2017,Hispanic (all races),
19,Iowa,19035,Cherokee,2013,2017,American Indian/Alaskan Native (includes Hispanic),
19,Iowa,19035,Cherokee,2013,2017,White (includes Hispanic),7.0
19,Iowa,19035,Cherokee,2014,2018,Asian/Pacific Islander (includes Hispanic),
19,Iowa,19035,Cherokee,2014,2018,Black (includes Hispanic),
19,Iowa,19035,Cherokee,2014,2018,Hispanic (all races),
19,Iowa,19035,Cherokee,2014,2018,American Indian/Alaskan Native (includes Hispanic),
19,Iowa,19035,Cherokee,2014,2018,White (includes Hispanic),7.7
19,Iowa,19035,Cherokee,2015,2019,Asian/Pacific Islander (includes Hispanic),
19,Iowa,19035,Cherokee,2015,2019,Black (includes Hispanic),
19,Iowa,19035,Cherokee,2015,2019,Hispanic (all races),
19,Iowa,19035,Cherokee,2015,2019,American Indian/Alaskan Native (includes Hispanic),
19,Iowa,19035,Cherokee,2015,2019,White (includes Hispanic),6.9
19,Iowa,19035,Cherokee,2016,2020,Asian/Pacific Islander (includes Hispanic),
19,Iowa,19035,Cherokee,2016,2020,Black (includes Hispanic),
19,Iowa,19035,Cherokee,2016,2020,Hispanic (all races),
19,Iowa,19035,Cherokee,2016,2020,American Indian/Alaskan Native (includes Hispanic),
19,Iowa,19035,Cherokee,2016,2020,White (includes Hispanic),6.7
19,Iowa,19037,Chickasaw,2011,2015,Asian/Pacific Islander (includes Hispanic),
19,Iowa,19037,Chickasaw,2011,2015,Black (includes Hispanic),
19,Iowa,19037,Chickasaw,2011,2015,Hispanic (all races),
19,Iowa,19037,Chickasaw,2011,2015,American Indian/Alaskan Native (includes Hispanic),
19,Iowa,19037,Chickasaw,2011,2015,White (includes Hispanic),
19,Iowa,19037,Chickasaw,2012,2016,Asian/Pacific Islander (includes Hispanic),
19,Iowa,19037,Chickasaw,2012,2016,Black (includes Hispanic),
19,Iowa,19037,Chickasaw,2012,2016,Hispanic (all races),
19,Iowa,19037,Chickasaw,2012,2016,American Indian/Alaskan Native (includes Hispanic),
19,Iowa,19037,Chickasaw,2012,2016,White (includes Hispanic),
19,Iowa,19037,Chickasaw,2013,2017,Asian/Pacific Islander (includes Hispanic),
19,Iowa,19037,Chickasaw,2013,2017,Black (includes Hispanic),
19,Iowa,19037,Chickasaw,2013,2017,Hispanic (all races),
19,Iowa,19037,Chickasaw,2013,2017,American Indian/Alaskan Native (includes Hispanic),
19,Iowa,19037,Chickasaw,2013,2017,White (includes Hispanic),
19,Iowa,19037,Chickasaw,2014,2018,Asian/Pacific Islander (includes Hispanic),
19,Iowa,19037,Chickasaw,2014,2018,Black (includes Hispanic),
19,Iowa,19037,Chickasaw,2014,2018,Hispanic (all races),
19,Iowa,19037,Chickasaw,2014,2018,American Indian/Alaskan Native (includes Hispanic),
19,Iowa,19037,Chickasaw,2014,2018,White (includes Hispanic),
19,Iowa,19037,Chickasaw,2015,2019,Asian/Pacific Islander (includes Hispanic),
19,Iowa,19037,Chickasaw,2015,2019,Black (includes Hispanic),
19,Iowa,19037,Chickasaw,2015,2019,Hispanic (all races),
19,Iowa,19037,Chickasaw,2015,2019,American Indian/Alaskan Native (includes Hispanic),
19,Iowa,19037,Chickasaw,2015,2019,White (includes Hispanic),
19,Iowa,19037,Chickasaw,2016,2020,Asian/Pacific Islander (includes Hispanic),
19,Iowa,19037,Chickasaw,2016,2020,Black (includes Hispanic),
19,Iowa,19037,Chickasaw,2016,2020,Hispanic (all races),
19,Iowa,19037,Chickasaw,2016,2020,American Indian/Alaskan Native (includes Hispanic),
19,Iowa,19037,Chickasaw,2016,2020,White (includes Hispanic),
19,Iowa,19039,Clarke,2011,2015,Asian/Pacific Islander (includes Hispanic),
19,Iowa,19039,Clarke,2011,2015,Black (includes Hispanic),
19,Iowa,19039,Clarke,2011,2015,Hispanic (all races),
19,Iowa,19039,Clarke,2011,2015,American Indian/Alaskan Native (includes Hispanic),
19,Iowa,19039,Clarke,2011,2015,White (includes Hispanic),
19,Iowa,19039,Clarke,2012,2016,Asian/Pacific Islander (includes Hispanic),
19,Iowa,19039,Clarke,2012,2016,Black (includes Hispanic),
19,Iowa,19039,Clarke,2012,2016,Hispanic (all races),
19,Iowa,19039,Clarke,2012,2016,American Indian/Alaskan Native (includes Hispanic),
19,Iowa,19039,Clarke,2012,2016,White (includes Hispanic),7.0
19,Iowa,19039,Clarke,2013,2017,Asian/Pacific Islander (includes Hispanic),
19,Iowa,19039,Clarke,2013,2017,Black (includes Hispanic),
19,Iowa,19039,Clarke,2013,2017,Hispanic (all races),
19,Iowa,19039,Clarke,2013,2017,American Indian/Alaskan Native (includes Hispanic),
19,Iowa,19039,Clarke,2013,2017,White (includes Hispanic),7.3
19,Iowa,19039,Clarke,2014,2018,Asian/Pacific Islander (includes Hispanic),
19,Iowa,19039,Clarke,2014,2018,Black (includes Hispanic),
19,Iowa,19039,Clarke,2014,2018,Hispanic (all races),
19,Iowa,19039,Clarke,2014,2018,American Indian/Alaskan Native (includes Hispanic),
19,Iowa,19039,Clarke,2014,2018,White (includes Hispanic),6.7
19,Iowa,19039,Clarke,2015,2019,Asian/Pacific Islander (includes Hispanic),
19,Iowa,19039,Clarke,2015,2019,Black (includes Hispanic),
19,Iowa,19039,Clarke,2015,2019,Hispanic (all races),
19,Iowa,19039,Clarke,2015,2019,American Indian/Alaskan Native (includes Hispanic),
19,Iowa,19039,Clarke,2015,2019,White (includes Hispanic),8.2
19,Iowa,19039,Clarke,2016,2020,Asian/Pacific Islander (includes Hispanic),
19,Iowa,19039,Clarke,2016,2020,Black (includes Hispanic),
19,Iowa,19039,Clarke,2016,2020,Hispanic (all races),
19,Iowa,19039,Clarke,2016,2020,American Indian/Alaskan Native (includes Hispanic),
19,Iowa,19039,Clarke,2016,2020,White (includes Hispanic),8.3
19,Iowa,19041,Clay,2011,2015,Asian/Pacific Islander (includes Hispanic),
19,Iowa,19041,Clay,2011,2015,Black (includes Hispanic),
19,Iowa,19041,Clay,2011,2015,Hispanic (all races),
19,Iowa,19041,Clay,2011,2015,American Indian/Alaskan Native (includes Hispanic),
19,Iowa,19041,Clay,2011,2015,White (includes Hispanic),
19,Iowa,19041,Clay,2012,2016,Asian/Pacific Islander (includes Hispanic),
19,Iowa,19041,Clay,2012,2016,Black (includes Hispanic),
19,Iowa,19041,Clay,2012,2016,Hispanic (all races),
19,Iowa,19041,Clay,2012,2016,American Indian/Alaskan Native (includes Hispanic),
19,Iowa,19041,Clay,2012,2016,White (includes Hispanic),
19,Iowa,19041,Clay,2013,2017,Asian/Pacific Islander (includes Hispanic),
19,Iowa,19041,Clay,2013,2017,Black (includes Hispanic),
19,Iowa,19041,Clay,2013,2017,Hispanic (all races),
19,Iowa,19041,Clay,2013,2017,American Indian/Alaskan Native (includes Hispanic),
19,Iowa,19041,Clay,2013,2017,White (includes Hispanic),
19,Iowa,19041,Clay,2014,2018,Asian/Pacific Islander (includes Hispanic),
19,Iowa,19041,Clay,2014,2018,Black (includes Hispanic),
19,Iowa,19041,Clay,2014,2018,Hispanic (all races),
19,Iowa,19041,Clay,2014,2018,American Indian/Alaskan Native (includes Hispanic),
19,Iowa,19041,Clay,2014,2018,White (includes Hispanic),
19,Iowa,19041,Clay,2015,2019,Asian/Pacific Islander (includes Hispanic),
19,Iowa,19041,Clay,2015,2019,Black (includes Hispanic),
19,Iowa,19041,Clay,2015,2019,Hispanic (all races),
19,Iowa,19041,Clay,2015,2019,American Indian/Alaskan Native (includes Hispanic),
19,Iowa,19041,Clay,2015,2019,White (includes Hispanic),
19,Iowa,19041,Clay,2016,2020,Asian/Pacific Islander (includes Hispanic),
19,Iowa,19041,Clay,2016,2020,Black (includes Hispanic),
19,Iowa,19041,Clay,2016,2020,Hispanic (all races),
19,Iowa,19041,Clay,2016,2020,American Indian/Alaskan Native (includes Hispanic),
19,Iowa,19041,Clay,2016,2020,White (includes Hispanic),
19,Iowa,19043,Clayton,2011,2015,Asian/Pacific Islander (includes Hispanic),
19,Iowa,19043,Clayton,2011,2015,Black (includes Hispanic),
19,Iowa,19043,Clayton,2011,2015,Hispanic (all races),
19,Iowa,19043,Clayton,2011,2015,American Indian/Alaskan Native (includes Hispanic),
19,Iowa,19043,Clayton,2011,2015,White (includes Hispanic),5.8
19,Iowa,19043,Clayton,2012,2016,Asian/Pacific Islander (includes Hispanic),
19,Iowa,19043,Clayton,2012,2016,Black (includes Hispanic),
19,Iowa,19043,Clayton,2012,2016,Hispanic (all races),
19,Iowa,19043,Clayton,2012,2016,American Indian/Alaskan Native (includes Hispanic),
19,Iowa,19043,Clayton,2012,2016,White (includes Hispanic),5.7
19,Iowa,19043,Clayton,2013,2017,Asian/Pacific Islander (includes Hispanic),
19,Iowa,19043,Clayton,2013,2017,Black (includes Hispanic),
19,Iowa,19043,Clayton,2013,2017,Hispanic (all races),
19,Iowa,19043,Clayton,2013,2017,American Indian/Alaskan Native (includes Hispanic),
19,Iowa,19043,Clayton,2013,2017,White (includes Hispanic),5.2
19,Iowa,19043,Clayton,2014,2018,Asian/Pacific Islander (includes Hispanic),
19,Iowa,19043,Clayton,2014,2018,Black (includes Hispanic),
19,Iowa,19043,Clayton,2014,2018,Hispanic (all races),
19,Iowa,19043,Clayton,2014,2018,American Indian/Alaskan Native (includes Hispanic),
19,Iowa,19043,Clayton,2014,2018,White (includes Hispanic),4.8
19,Iowa,19043,Clayton,2015,2019,Asian/Pacific Islander (includes Hispanic),
19,Iowa,19043,Clayton,2015,2019,Black (includes Hispanic),
19,Iowa,19043,Clayton,2015,2019,Hispanic (all races),
19,Iowa,19043,Clayton,2015,2019,American Indian/Alaskan Native (includes Hispanic),
19,Iowa,19043,Clayton,2015,2019,White (includes Hispanic),4.7
19,Iowa,19043,Clayton,2016,2020,Asian/Pacific Islander (includes Hispanic),
19,Iowa,19043,Clayton,2016,2020,Black (includes Hispanic),
19,Iowa,19043,Clayton,2016,2020,Hispanic (all races),
19,Iowa,19043,Clayton,2016,2020,American Indian/Alaskan Native (includes Hispanic),
19,Iowa,19043,Clayton,2016,2020,White (includes Hispanic),4.6
19,Iowa,19045,Clinton,2011,2015,Asian/Pacific Islander (includes Hispanic),
19,Iowa,19045,Clinton,2011,2015,Black (includes Hispanic),
19,Iowa,19045,Clinton,2011,2015,Hispanic (all races),
19,Iowa,19045,Clinton,2011,2015,American Indian/Alaskan Native (includes Hispanic),
19,Iowa,19045,Clinton,2011,2015,White (includes Hispanic),9.4
19,Iowa,19045,Clinton,2012,2016,Asian/Pacific Islander (includes Hispanic),
19,Iowa,19045,Clinton,2012,2016,Black (includes Hispanic),
19,Iowa,19045,Clinton,2012,2016,Hispanic (all races),
19,Iowa,19045,Clinton,2012,2016,American Indian/Alaskan Native (includes Hispanic),
19,Iowa,19045,Clinton,2012,2016,White (includes Hispanic),9.2
19,Iowa,19045,Clinton,2013,2017,Asian/Pacific Islander (includes Hispanic),
19,Iowa,19045,Clinton,2013,2017,Black (includes Hispanic),
19,Iowa,19045,Clinton,2013,2017,Hispanic (all races),
19,Iowa,19045,Clinton,2013,2017,American Indian/Alaskan Native (includes Hispanic),
19,Iowa,19045,Clinton,2013,2017,White (includes Hispanic),9.0
19,Iowa,19045,Clinton,2014,2018,Asian/Pacific Islander (includes Hispanic),
19,Iowa,19045,Clinton,2014,2018,Black (includes Hispanic),
19,Iowa,19045,Clinton,2014,2018,Hispanic (all races),
19,Iowa,19045,Clinton,2014,2018,American Indian/Alaskan Native (includes Hispanic),
19,Iowa,19045,Clinton,2014,2018,White (includes Hispanic),9.7
19,Iowa,19045,Clinton,2015,2019,Asian/Pacific Islander (includes Hispanic),
19,Iowa,19045,Clinton,2015,2019,Black (includes Hispanic),
19,Iowa,19045,Clinton,2015,2019,Hispanic (all races),
19,Iowa,19045,Clinton,2015,2019,American Indian/Alaskan Native (includes Hispanic),
19,Iowa,19045,Clinton,2015,2019,White (includes Hispanic),9.3
19,Iowa,19045,Clinton,2016,2020,Asian/Pacific Islander (includes Hispanic),
19,Iowa,19045,Clinton,2016,2020,Black (includes Hispanic),
19,Iowa,19045,Clinton,2016,2020,Hispanic (all races),
19,Iowa,19045,Clinton,2016,2020,American Indian/Alaskan Native (includes Hispanic),
19,Iowa,19045,Clinton,2016,2020,White (includes Hispanic),9.9
19,Iowa,19047,Crawford,2011,2015,Asian/Pacific Islander (includes Hispanic),
19,Iowa,19047,Crawford,2011,2015,Black (includes Hispanic),
19,Iowa,19047,Crawford,2011,2015,Hispanic (all races),
19,Iowa,19047,Crawford,2011,2015,American Indian/Alaskan Native (includes Hispanic),
19,Iowa,19047,Crawford,2011,2015,White (includes Hispanic),8.4
19,Iowa,19047,Crawford,2012,2016,Asian/Pacific Islander (includes Hispanic),
19,Iowa,19047,Crawford,2012,2016,Black (includes Hispanic),
19,Iowa,19047,Crawford,2012,2016,Hispanic (all races),
19,Iowa,19047,Crawford,2012,2016,American Indian/Alaskan Native (includes Hispanic),
19,Iowa,19047,Crawford,2012,2016,White (includes Hispanic),8.7
19,Iowa,19047,Crawford,2013,2017,Asian/Pacific Islander (includes Hispanic),
19,Iowa,19047,Crawford,2013,2017,Black (includes Hispanic),
19,Iowa,19047,Crawford,2013,2017,Hispanic (all races),
19,Iowa,19047,Crawford,2013,2017,American Indian/Alaskan Native (includes Hispanic),
19,Iowa,19047,Crawford,2013,2017,White (includes Hispanic),9.4
19,Iowa,19047,Crawford,2014,2018,Asian/Pacific Islander (includes Hispanic),
19,Iowa,19047,Crawford,2014,2018,Black (includes Hispanic),
19,Iowa,19047,Crawford,2014,2018,Hispanic (all races),
19,Iowa,19047,Crawford,2014,2018,American Indian/Alaskan Native (includes Hispanic),
19,Iowa,19047,Crawford,2014,2018,White (includes Hispanic),10.1
19,Iowa,19047,Crawford,2015,2019,Asian/Pacific Islander (includes Hispanic),
19,Iowa,19047,Crawford,2015,2019,Black (includes Hispanic),
19,Iowa,19047,Crawford,2015,2019,Hispanic (all races),
19,Iowa,19047,Crawford,2015,2019,American Indian/Alaskan Native (includes Hispanic),
19,Iowa,19047,Crawford,2015,2019,White (includes Hispanic),9.5
19,Iowa,19047,Crawford,2016,2020,Asian/Pacific Islander (includes Hispanic),
19,Iowa,19047,Crawford,2016,2020,Black (includes Hispanic),
19,Iowa,19047,Crawford,2016,2020,Hispanic (all races),
19,Iowa,19047,Crawford,2016,2020,American Indian/Alaskan Native (includes Hispanic),
19,Iowa,19047,Crawford,2016,2020,White (includes Hispanic),8.6
19,Iowa,19049,Dallas,2011,2015,Asian/Pacific Islander (includes Hispanic),
19,Iowa,19049,Dallas,2011,2015,Black (includes Hispanic),
19,Iowa,19049,Dallas,2011,2015,Hispanic (all races),
19,Iowa,19049,Dallas,2011,2015,American Indian/Alaskan Native (includes Hispanic),
19,Iowa,19049,Dallas,2011,2015,White (includes Hispanic),6.5
19,Iowa,19049,Dallas,2012,2016,Asian/Pacific Islander (includes Hispanic),
19,Iowa,19049,Dallas,2012,2016,Black (includes Hispanic),
19,Iowa,19049,Dallas,2012,2016,Hispanic (all races),
19,Iowa,19049,Dallas,2012,2016,American Indian/Alaskan Native (includes Hispanic),
19,Iowa,19049,Dallas,2012,2016,White (includes Hispanic),6.4
19,Iowa,19049,Dallas,2013,2017,Asian/Pacific Islander (includes Hispanic),
19,Iowa,19049,Dallas,2013,2017,Black (includes Hispanic),
19,Iowa,19049,Dallas,2013,2017,Hispanic (all races),
19,Iowa,19049,Dallas,2013,2017,American Indian/Alaskan Native (includes Hispanic),
19,Iowa,19049,Dallas,2013,2017,White (includes Hispanic),6.9
19,Iowa,19049,Dallas,2014,2018,Asian/Pacific Islander (includes Hispanic),
19,Iowa,19049,Dallas,2014,2018,Black (includes Hispanic),
19,Iowa,19049,Dallas,2014,2018,Hispanic (all races),
19,Iowa,19049,Dallas,2014,2018,American Indian/Alaskan Native (includes Hispanic),
19,Iowa,19049,Dallas,2014,2018,White (includes Hispanic),7.4
19,Iowa,19049,Dallas,2015,2019,Asian/Pacific Islander (includes Hispanic),
19,Iowa,19049,Dallas,2015,2019,Black (includes Hispanic),
19,Iowa,19049,Dallas,2015,2019,Hispanic (all races),
19,Iowa,19049,Dallas,2015,2019,American Indian/Alaskan Native (includes Hispanic),
19,Iowa,19049,Dallas,2015,2019,White (includes Hispanic),7.0
19,Iowa,19049,Dallas,2016,2020,Asian/Pacific Islander (includes Hispanic),
19,Iowa,19049,Dallas,2016,2020,Black (includes Hispanic),
19,Iowa,19049,Dallas,2016,2020,Hispanic (all races),
19,Iowa,19049,Dallas,2016,2020,American Indian/Alaskan Native (includes Hispanic),
19,Iowa,19049,Dallas,2016,2020,White (includes Hispanic),6.7
19,Iowa,19051,Davis,2011,2015,Asian/Pacific Islander (includes Hispanic),
19,Iowa,19051,Davis,2011,2015,Black (includes Hispanic),
19,Iowa,19051,Davis,2011,2015,Hispanic (all races),
19,Iowa,19051,Davis,2011,2015,American Indian/Alaskan Native (includes Hispanic),
19,Iowa,19051,Davis,2011,2015,White (includes Hispanic),7.8
19,Iowa,19051,Davis,2012,2016,Asian/Pacific Islander (includes Hispanic),
19,Iowa,19051,Davis,2012,2016,Black (includes Hispanic),
19,Iowa,19051,Davis,2012,2016,Hispanic (all races),
19,Iowa,19051,Davis,2012,2016,American Indian/Alaskan Native (includes Hispanic),
19,Iowa,19051,Davis,2012,2016,White (includes Hispanic),9.2
19,Iowa,19051,Davis,2013,2017,Asian/Pacific Islander (includes Hispanic),
19,Iowa,19051,Davis,2013,2017,Black (includes Hispanic),
19,Iowa,19051,Davis,2013,2017,Hispanic (all races),
19,Iowa,19051,Davis,2013,2017,American Indian/Alaskan Native (includes Hispanic),
19,Iowa,19051,Davis,2013,2017,White (includes Hispanic),9.2
19,Iowa,19051,Davis,2014,2018,Asian/Pacific Islander (includes Hispanic),
19,Iowa,19051,Davis,2014,2018,Black (includes Hispanic),
19,Iowa,19051,Davis,2014,2018,Hispanic (all races),
19,Iowa,19051,Davis,2014,2018,American Indian/Alaskan Native (includes Hispanic),
19,Iowa,19051,Davis,2014,2018,White (includes Hispanic),8.4
19,Iowa,19051,Davis,2015,2019,Asian/Pacific Islander (includes Hispanic),
19,Iowa,19051,Davis,2015,2019,Black (includes Hispanic),
19,Iowa,19051,Davis,2015,2019,Hispanic (all races),
19,Iowa,19051,Davis,2015,2019,American Indian/Alaskan Native (includes Hispanic),
19,Iowa,19051,Davis,2015,2019,White (includes Hispanic),8.8
19,Iowa,19051,Davis,2016,2020,Asian/Pacific Islander (includes Hispanic),
19,Iowa,19051,Davis,2016,2020,Black (includes Hispanic),
19,Iowa,19051,Davis,2016,2020,Hispanic (all races),
19,Iowa,19051,Davis,2016,2020,American Indian/Alaskan Native (includes Hispanic),
19,Iowa,19051,Davis,2016,2020,White (includes Hispanic),9.0
19,Iowa,19053,Decatur,2011,2015,Asian/Pacific Islander (includes Hispanic),
19,Iowa,19053,Decatur,2011,2015,Black (includes Hispanic),
19,Iowa,19053,Decatur,2011,2015,Hispanic (all races),
19,Iowa,19053,Decatur,2011,2015,American Indian/Alaskan Native (includes Hispanic),
19,Iowa,19053,Decatur,2011,2015,White (includes Hispanic),
19,Iowa,19053,Decatur,2012,2016,Asian/Pacific Islander (includes Hispanic),
19,Iowa,19053,Decatur,2012,2016,Black (includes Hispanic),
19,Iowa,19053,Decatur,2012,2016,Hispanic (all races),
19,Iowa,19053,Decatur,2012,2016,American Indian/Alaskan Native (includes Hispanic),
19,Iowa,19053,Decatur,2012,2016,White (includes Hispanic),
19,Iowa,19053,Decatur,2013,2017,Asian/Pacific Islander (includes Hispanic),
19,Iowa,19053,Decatur,2013,2017,Black (includes Hispanic),
19,Iowa,19053,Decatur,2013,2017,Hispanic (all races),
19,Iowa,19053,Decatur,2013,2017,American Indian/Alaskan Native (includes Hispanic),
19,Iowa,19053,Decatur,2013,2017,White (includes Hispanic),
19,Iowa,19053,Decatur,2014,2018,Asian/Pacific Islander (includes Hispanic),
19,Iowa,19053,Decatur,2014,2018,Black (includes Hispanic),
19,Iowa,19053,Decatur,2014,2018,Hispanic (all races),
19,Iowa,19053,Decatur,2014,2018,American Indian/Alaskan Native (includes Hispanic),
19,Iowa,19053,Decatur,2014,2018,White (includes Hispanic),
19,Iowa,19053,Decatur,2015,2019,Asian/Pacific Islander (includes Hispanic),
19,Iowa,19053,Decatur,2015,2019,Black (includes Hispanic),
19,Iowa,19053,Decatur,2015,2019,Hispanic (all races),
19,Iowa,19053,Decatur,2015,2019,American Indian/Alaskan Native (includes Hispanic),
19,Iowa,19053,Decatur,2015,2019,White (includes Hispanic),
19,Iowa,19053,Decatur,2016,2020,Asian/Pacific Islander (includes Hispanic),
19,Iowa,19053,Decatur,2016,2020,Black (includes Hispanic),
19,Iowa,19053,Decatur,2016,2020,Hispanic (all races),
19,Iowa,19053,Decatur,2016,2020,American Indian/Alaskan Native (includes Hispanic),
19,Iowa,19053,Decatur,2016,2020,White (includes Hispanic),
19,Iowa,19055,Delaware,2011,2015,Asian/Pacific Islander (includes Hispanic),
19,Iowa,19055,Delaware,2011,2015,Black (includes Hispanic),
19,Iowa,19055,Delaware,2011,2015,Hispanic (all races),
19,Iowa,19055,Delaware,2011,2015,American Indian/Alaskan Native (includes Hispanic),
19,Iowa,19055,Delaware,2011,2015,White (includes Hispanic),8.3
19,Iowa,19055,Delaware,2012,2016,Asian/Pacific Islander (includes Hispanic),
19,Iowa,19055,Delaware,2012,2016,Black (includes Hispanic),
19,Iowa,19055,Delaware,2012,2016,Hispanic (all races),
19,Iowa,19055,Delaware,2012,2016,American Indian/Alaskan Native (includes Hispanic),
19,Iowa,19055,Delaware,2012,2016,White (includes Hispanic),8.4
19,Iowa,19055,Delaware,2013,2017,Asian/Pacific Islander (includes Hispanic),
19,Iowa,19055,Delaware,2013,2017,Black (includes Hispanic),
19,Iowa,19055,Delaware,2013,2017,Hispanic (all races),
19,Iowa,19055,Delaware,2013,2017,American Indian/Alaskan Native (includes Hispanic),
19,Iowa,19055,Delaware,2013,2017,White (includes Hispanic),8.5
19,Iowa,19055,Delaware,2014,2018,Asian/Pacific Islander (includes Hispanic),
19,Iowa,19055,Delaware,2014,2018,Black (includes Hispanic),
19,Iowa,19055,Delaware,2014,2018,Hispanic (all races),
19,Iowa,19055,Delaware,2014,2018,American Indian/Alaskan Native (includes Hispanic),
19,Iowa,19055,Delaware,2014,2018,White (includes Hispanic),8.2
19,Iowa,19055,Delaware,2015,2019,Asian/Pacific Islander (includes Hispanic),
19,Iowa,19055,Delaware,2015,2019,Black (includes Hispanic),
19,Iowa,19055,Delaware,2015,2019,Hispanic (all races),
19,Iowa,19055,Delaware,2015,2019,American Indian/Alaskan Native (includes Hispanic),
19,Iowa,19055,Delaware,2015,2019,White (includes Hispanic),6.8
19,Iowa,19055,Delaware,2016,2020,Asian/Pacific Islander (includes Hispanic),
19,Iowa,19055,Delaware,2016,2020,Black (includes Hispanic),
19,Iowa,19055,Delaware,2016,2020,Hispanic (all races),
19,Iowa,19055,Delaware,2016,2020,American Indian/Alaskan Native (includes Hispanic),
19,Iowa,19055,Delaware,2016,2020,White (includes Hispanic),6.5
19,Iowa,19057,Des Moines,2011,2015,Asian/Pacific Islander (includes Hispanic),
19,Iowa,19057,Des Moines,2011,2015,Black (includes Hispanic),
19,Iowa,19057,Des Moines,2011,2015,Hispanic (all races),
19,Iowa,19057,Des Moines,2011,2015,American Indian/Alaskan Native (includes Hispanic),
19,Iowa,19057,Des Moines,2011,2015,White (includes Hispanic),6.2
19,Iowa,19057,Des Moines,2012,2016,Asian/Pacific Islander (includes Hispanic),
19,Iowa,19057,Des Moines,2012,2016,Black (includes Hispanic),
19,Iowa,19057,Des Moines,2012,2016,Hispanic (all races),
19,Iowa,19057,Des Moines,2012,2016,American Indian/Alaskan Native (includes Hispanic),
19,Iowa,19057,Des Moines,2012,2016,White (includes Hispanic),6.5
19,Iowa,19057,Des Moines,2013,2017,Asian/Pacific Islander (includes Hispanic),
19,Iowa,19057,Des Moines,2013,2017,Black (includes Hispanic),
19,Iowa,19057,Des Moines,2013,2017,Hispanic (all races),
19,Iowa,19057,Des Moines,2013,2017,American Indian/Alaskan Native (includes Hispanic),
19,Iowa,19057,Des Moines,2013,2017,White (includes Hispanic),6.4
19,Iowa,19057,Des Moines,2014,2018,Asian/Pacific Islander (includes Hispanic),
19,Iowa,19057,Des Moines,2014,2018,Black (includes Hispanic),
19,Iowa,19057,Des Moines,2014,2018,Hispanic (all races),
19,Iowa,19057,Des Moines,2014,2018,American Indian/Alaskan Native (includes Hispanic),
19,Iowa,19057,Des Moines,2014,2018,White (includes Hispanic),9.5
19,Iowa,19057,Des Moines,2015,2019,Asian/Pacific Islander (includes Hispanic),
19,Iowa,19057,Des Moines,2015,2019,Black (includes Hispanic),
19,Iowa,19057,Des Moines,2015,2019,Hispanic (all races),
19,Iowa,19057,Des Moines,2015,2019,American Indian/Alaskan Native (includes Hispanic),
19,Iowa,19057,Des Moines,2015,2019,White (includes Hispanic),9.0
19,Iowa,19057,Des Moines,2016,2020,Asian/Pacific Islander (includes Hispanic),
19,Iowa,19057,Des Moines,2016,2020,Black (includes Hispanic),
19,Iowa,19057,Des Moines,2016,2020,Hispanic (all races),
19,Iowa,19057,Des Moines,2016,2020,American Indian/Alaskan Native (includes Hispanic),
19,Iowa,19057,Des Moines,2016,2020,White (includes Hispanic),8.0
19,Iowa,19059,Dickinson,2011,2015,Asian/Pacific Islander (includes Hispanic),
19,Iowa,19059,Dickinson,2011,2015,Black (includes Hispanic),
19,Iowa,19059,Dickinson,2011,2015,Hispanic (all races),
19,Iowa,19059,Dickinson,2011,2015,American Indian/Alaskan Native (includes Hispanic),
19,Iowa,19059,Dickinson,2011,2015,White (includes Hispanic),
19,Iowa,19059,Dickinson,2012,2016,Asian/Pacific Islander (includes Hispanic),
19,Iowa,19059,Dickinson,2012,2016,Black (includes Hispanic),
19,Iowa,19059,Dickinson,2012,2016,Hispanic (all races),
19,Iowa,19059,Dickinson,2012,2016,American Indian/Alaskan Native (includes Hispanic),
19,Iowa,19059,Dickinson,2012,2016,White (includes Hispanic),
19,Iowa,19059,Dickinson,2013,2017,Asian/Pacific Islander (includes Hispanic),
19,Iowa,19059,Dickinson,2013,2017,Black (includes Hispanic),
19,Iowa,19059,Dickinson,2013,2017,Hispanic (all races),
19,Iowa,19059,Dickinson,2013,2017,American Indian/Alaskan Native (includes Hispanic),
19,Iowa,19059,Dickinson,2013,2017,White (includes Hispanic),
19,Iowa,19059,Dickinson,2014,2018,Asian/Pacific Islander (includes Hispanic),
19,Iowa,19059,Dickinson,2014,2018,Black (includes Hispanic),
19,Iowa,19059,Dickinson,2014,2018,Hispanic (all races),
19,Iowa,19059,Dickinson,2014,2018,American Indian/Alaskan Native (includes Hispanic),
19,Iowa,19059,Dickinson,2014,2018,White (includes Hispanic),
19,Iowa,19059,Dickinson,2015,2019,Asian/Pacific Islander (includes Hispanic),
19,Iowa,19059,Dickinson,2015,2019,Black (includes Hispanic),
19,Iowa,19059,Dickinson,2015,2019,Hispanic (all races),
19,Iowa,19059,Dickinson,2015,2019,American Indian/Alaskan Native (includes Hispanic),
19,Iowa,19059,Dickinson,2015,2019,White (includes Hispanic),
19,Iowa,19059,Dickinson,2016,2020,Asian/Pacific Islander (includes Hispanic),
19,Iowa,19059,Dickinson,2016,2020,Black (includes Hispanic),
19,Iowa,19059,Dickinson,2016,2020,Hispanic (all races),
19,Iowa,19059,Dickinson,2016,2020,American Indian/Alaskan Native (includes Hispanic),
19,Iowa,19059,Dickinson,2016,2020,White (includes Hispanic),
19,Iowa,19061,Dubuque,2011,2015,Asian/Pacific Islander (includes Hispanic),
19,Iowa,19061,Dubuque,2011,2015,Black (includes Hispanic),
19,Iowa,19061,Dubuque,2011,2015,Hispanic (all races),
19,Iowa,19061,Dubuque,2011,2015,American Indian/Alaskan Native (includes Hispanic),
19,Iowa,19061,Dubuque,2011,2015,White (includes Hispanic),6.5
19,Iowa,19061,Dubuque,2012,2016,Asian/Pacific Islander (includes Hispanic),
19,Iowa,19061,Dubuque,2012,2016,Black (includes Hispanic),
19,Iowa,19061,Dubuque,2012,2016,Hispanic (all races),
19,Iowa,19061,Dubuque,2012,2016,American Indian/Alaskan Native (includes Hispanic),
19,Iowa,19061,Dubuque,2012,2016,White (includes Hispanic),6.5
19,Iowa,19061,Dubuque,2013,2017,Asian/Pacific Islander (includes Hispanic),
19,Iowa,19061,Dubuque,2013,2017,Black (includes Hispanic),
19,Iowa,19061,Dubuque,2013,2017,Hispanic (all races),
19,Iowa,19061,Dubuque,2013,2017,American Indian/Alaskan Native (includes Hispanic),
19,Iowa,19061,Dubuque,2013,2017,White (includes Hispanic),6.1
19,Iowa,19061,Dubuque,2014,2018,Asian/Pacific Islander (includes Hispanic),
19,Iowa,19061,Dubuque,2014,2018,Black (includes Hispanic),
19,Iowa,19061,Dubuque,2014,2018,Hispanic (all races),
19,Iowa,19061,Dubuque,2014,2018,American Indian/Alaskan Native (includes Hispanic),
19,Iowa,19061,Dubuque,2014,2018,White (includes Hispanic),5.3
19,Iowa,19061,Dubuque,2015,2019,Asian/Pacific Islander (includes Hispanic),
19,Iowa,19061,Dubuque,2015,2019,Black (includes Hispanic),
19,Iowa,19061,Dubuque,2015,2019,Hispanic (all races),
19,Iowa,19061,Dubuque,2015,2019,American Indian/Alaskan Native (includes Hispanic),
19,Iowa,19061,Dubuque,2015,2019,White (includes Hispanic),5.7
19,Iowa,19061,Dubuque,2016,2020,Asian/Pacific Islander (includes Hispanic),
19,Iowa,19061,Dubuque,2016,2020,Black (includes Hispanic),
19,Iowa,19061,Dubuque,2016,2020,Hispanic (all races),
19,Iowa,19061,Dubuque,2016,2020,American Indian/Alaskan Native (includes Hispanic),
19,Iowa,19061,Dubuque,2016,2020,White (includes Hispanic),5.6
19,Iowa,19063,Emmet,2011,2015,Asian/Pacific Islander (includes Hispanic),
19,Iowa,19063,Emmet,2011,2015,Black (includes Hispanic),
19,Iowa,19063,Emmet,2011,2015,Hispanic (all races),
19,Iowa,19063,Emmet,2011,2015,American Indian/Alaskan Native (includes Hispanic),
19,Iowa,19063,Emmet,2011,2015,White (includes Hispanic),
19,Iowa,19063,Emmet,2012,2016,Asian/Pacific Islander (includes Hispanic),
19,Iowa,19063,Emmet,2012,2016,Black (includes Hispanic),
19,Iowa,19063,Emmet,2012,2016,Hispanic (all races),
19,Iowa,19063,Emmet,2012,2016,American Indian/Alaskan Native (includes Hispanic),
19,Iowa,19063,Emmet,2012,2016,White (includes Hispanic),
19,Iowa,19063,Emmet,2013,2017,Asian/Pacific Islander (includes Hispanic),
19,Iowa,19063,Emmet,2013,2017,Black (includes Hispanic),
19,Iowa,19063,Emmet,2013,2017,Hispanic (all races),
19,Iowa,19063,Emmet,2013,2017,American Indian/Alaskan Native (includes Hispanic),
19,Iowa,19063,Emmet,2013,2017,White (includes Hispanic),
19,Iowa,19063,Emmet,2014,2018,Asian/Pacific Islander (includes Hispanic),
19,Iowa,19063,Emmet,2014,2018,Black (includes Hispanic),
19,Iowa,19063,Emmet,2014,2018,Hispanic (all races),
19,Iowa,19063,Emmet,2014,2018,American Indian/Alaskan Native (includes Hispanic),
19,Iowa,19063,Emmet,2014,2018,White (includes Hispanic),
19,Iowa,19063,Emmet,2015,2019,Asian/Pacific Islander (includes Hispanic),
19,Iowa,19063,Emmet,2015,2019,Black (includes Hispanic),
19,Iowa,19063,Emmet,2015,2019,Hispanic (all races),
19,Iowa,19063,Emmet,2015,2019,American Indian/Alaskan Native (includes Hispanic),
19,Iowa,19063,Emmet,2015,2019,White (includes Hispanic),
19,Iowa,19063,Emmet,2016,2020,Asian/Pacific Islander (includes Hispanic),
19,Iowa,19063,Emmet,2016,2020,Black (includes Hispanic),
19,Iowa,19063,Emmet,2016,2020,Hispanic (all races),
19,Iowa,19063,Emmet,2016,2020,American Indian/Alaskan Native (includes Hispanic),
19,Iowa,19063,Emmet,2016,2020,White (includes Hispanic),
19,Iowa,19065,Fayette,2011,2015,Asian/Pacific Islander (includes Hispanic),
19,Iowa,19065,Fayette,2011,2015,Black (includes Hispanic),
19,Iowa,19065,Fayette,2011,2015,Hispanic (all races),
19,Iowa,19065,Fayette,2011,2015,American Indian/Alaskan Native (includes Hispanic),
19,Iowa,19065,Fayette,2011,2015,White (includes Hispanic),5.6
19,Iowa,19065,Fayette,2012,2016,Asian/Pacific Islander (includes Hispanic),
19,Iowa,19065,Fayette,2012,2016,Black (includes Hispanic),
19,Iowa,19065,Fayette,2012,2016,Hispanic (all races),
19,Iowa,19065,Fayette,2012,2016,American Indian/Alaskan Native (includes Hispanic),
19,Iowa,19065,Fayette,2012,2016,White (includes Hispanic),6.2
19,Iowa,19065,Fayette,2013,2017,Asian/Pacific Islander (includes Hispanic),
19,Iowa,19065,Fayette,2013,2017,Black (includes Hispanic),
19,Iowa,19065,Fayette,2013,2017,Hispanic (all races),
19,Iowa,19065,Fayette,2013,2017,American Indian/Alaskan Native (includes Hispanic),
19,Iowa,19065,Fayette,2013,2017,White (includes Hispanic),6.0
19,Iowa,19065,Fayette,2014,2018,Asian/Pacific Islander (includes Hispanic),
19,Iowa,19065,Fayette,2014,2018,Black (includes Hispanic),
19,Iowa,19065,Fayette,2014,2018,Hispanic (all races),
19,Iowa,19065,Fayette,2014,2018,American Indian/Alaskan Native (includes Hispanic),
19,Iowa,19065,Fayette,2014,2018,White (includes Hispanic),6.2
19,Iowa,19065,Fayette,2015,2019,Asian/Pacific Islander (includes Hispanic),
19,Iowa,19065,Fayette,2015,2019,Black (includes Hispanic),
19,Iowa,19065,Fayette,2015,2019,Hispanic (all races),
19,Iowa,19065,Fayette,2015,2019,American Indian/Alaskan Native (includes Hispanic),
19,Iowa,19065,Fayette,2015,2019,White (includes Hispanic),6.0
19,Iowa,19065,Fayette,2016,2020,Asian/Pacific Islander (includes Hispanic),
19,Iowa,19065,Fayette,2016,2020,Black (includes Hispanic),
19,Iowa,19065,Fayette,2016,2020,Hispanic (all races),
19,Iowa,19065,Fayette,2016,2020,American Indian/Alaskan Native (includes Hispanic),
19,Iowa,19065,Fayette,2016,2020,White (includes Hispanic),7.1
19,Iowa,19067,Floyd,2011,2015,Asian/Pacific Islander (includes Hispanic),
19,Iowa,19067,Floyd,2011,2015,Black (includes Hispanic),
19,Iowa,19067,Floyd,2011,2015,Hispanic (all races),
19,Iowa,19067,Floyd,2011,2015,American Indian/Alaskan Native (includes Hispanic),
19,Iowa,19067,Floyd,2011,2015,White (includes Hispanic),
19,Iowa,19067,Floyd,2012,2016,Asian/Pacific Islander (includes Hispanic),
19,Iowa,19067,Floyd,2012,2016,Black (includes Hispanic),
19,Iowa,19067,Floyd,2012,2016,Hispanic (all races),
19,Iowa,19067,Floyd,2012,2016,American Indian/Alaskan Native (includes Hispanic),
19,Iowa,19067,Floyd,2012,2016,White (includes Hispanic),5.7
19,Iowa,19067,Floyd,2013,2017,Asian/Pacific Islander (includes Hispanic),
19,Iowa,19067,Floyd,2013,2017,Black (includes Hispanic),
19,Iowa,19067,Floyd,2013,2017,Hispanic (all races),
19,Iowa,19067,Floyd,2013,2017,American Indian/Alaskan Native (includes Hispanic),
19,Iowa,19067,Floyd,2013,2017,White (includes Hispanic),6.8
19,Iowa,19067,Floyd,2014,2018,Asian/Pacific Islander (includes Hispanic),
19,Iowa,19067,Floyd,2014,2018,Black (includes Hispanic),
19,Iowa,19067,Floyd,2014,2018,Hispanic (all races),
19,Iowa,19067,Floyd,2014,2018,American Indian/Alaskan Native (includes Hispanic),
19,Iowa,19067,Floyd,2014,2018,White (includes Hispanic),6.2
19,Iowa,19067,Floyd,2015,2019,Asian/Pacific Islander (includes Hispanic),
19,Iowa,19067,Floyd,2015,2019,Black (includes Hispanic),
19,Iowa,19067,Floyd,2015,2019,Hispanic (all races),
19,Iowa,19067,Floyd,2015,2019,American Indian/Alaskan Native (includes Hispanic),
19,Iowa,19067,Floyd,2015,2019,White (includes Hispanic),6.4
19,Iowa,19067,Floyd,2016,2020,Asian/Pacific Islander (includes Hispanic),
19,Iowa,19067,Floyd,2016,2020,Black (includes Hispanic),
19,Iowa,19067,Floyd,2016,2020,Hispanic (all races),
19,Iowa,19067,Floyd,2016,2020,American Indian/Alaskan Native (includes Hispanic),
19,Iowa,19067,Floyd,2016,2020,White (includes Hispanic),6.9
19,Iowa,19069,Franklin,2011,2015,Asian/Pacific Islander (includes Hispanic),
19,Iowa,19069,Franklin,2011,2015,Black (includes Hispanic),
19,Iowa,19069,Franklin,2011,2015,Hispanic (all races),
19,Iowa,19069,Franklin,2011,2015,American Indian/Alaskan Native (includes Hispanic),
19,Iowa,19069,Franklin,2011,2015,White (includes Hispanic),6.3
19,Iowa,19069,Franklin,2012,2016,Asian/Pacific Islander (includes Hispanic),
19,Iowa,19069,Franklin,2012,2016,Black (includes Hispanic),
19,Iowa,19069,Franklin,2012,2016,Hispanic (all races),
19,Iowa,19069,Franklin,2012,2016,American Indian/Alaskan Native (includes Hispanic),
19,Iowa,19069,Franklin,2012,2016,White (includes Hispanic),5.8
19,Iowa,19069,Franklin,2013,2017,Asian/Pacific Islander (includes Hispanic),
19,Iowa,19069,Franklin,2013,2017,Black (includes Hispanic),
19,Iowa,19069,Franklin,2013,2017,Hispanic (all races),
19,Iowa,19069,Franklin,2013,2017,American Indian/Alaskan Native (includes Hispanic),
19,Iowa,19069,Franklin,2013,2017,White (includes Hispanic),7.1
19,Iowa,19069,Franklin,2014,2018,Asian/Pacific Islander (includes Hispanic),
19,Iowa,19069,Franklin,2014,2018,Black (includes Hispanic),
19,Iowa,19069,Franklin,2014,2018,Hispanic (all races),
19,Iowa,19069,Franklin,2014,2018,American Indian/Alaskan Native (includes Hispanic),
19,Iowa,19069,Franklin,2014,2018,White (includes Hispanic),7.5
19,Iowa,19069,Franklin,2015,2019,Asian/Pacific Islander (includes Hispanic),
19,Iowa,19069,Franklin,2015,2019,Black (includes Hispanic),
19,Iowa,19069,Franklin,2015,2019,Hispanic (all races),
19,Iowa,19069,Franklin,2015,2019,American Indian/Alaskan Native (includes Hispanic),
19,Iowa,19069,Franklin,2015,2019,White (includes Hispanic),7.7
19,Iowa,19069,Franklin,2016,2020,Asian/Pacific Islander (includes Hispanic),
19,Iowa,19069,Franklin,2016,2020,Black (includes Hispanic),
19,Iowa,19069,Franklin,2016,2020,Hispanic (all races),
19,Iowa,19069,Franklin,2016,2020,American Indian/Alaskan Native (includes Hispanic),
19,Iowa,19069,Franklin,2016,2020,White (includes Hispanic),7.6
19,Iowa,19071,Fremont,2011,2015,Asian/Pacific Islander (includes Hispanic),
19,Iowa,19071,Fremont,2011,2015,Black (includes Hispanic),
19,Iowa,19071,Fremont,2011,2015,Hispanic (all races),
19,Iowa,19071,Fremont,2011,2015,American Indian/Alaskan Native (includes Hispanic),
19,Iowa,19071,Fremont,2011,2015,White (includes Hispanic),9.9
19,Iowa,19071,Fremont,2012,2016,Asian/Pacific Islander (includes Hispanic),
19,Iowa,19071,Fremont,2012,2016,Black (includes Hispanic),
19,Iowa,19071,Fremont,2012,2016,Hispanic (all races),
19,Iowa,19071,Fremont,2012,2016,American Indian/Alaskan Native (includes Hispanic),
19,Iowa,19071,Fremont,2012,2016,White (includes Hispanic),8.8
19,Iowa,19071,Fremont,2013,2017,Asian/Pacific Islander (includes Hispanic),
19,Iowa,19071,Fremont,2013,2017,Black (includes Hispanic),
19,Iowa,19071,Fremont,2013,2017,Hispanic (all races),
19,Iowa,19071,Fremont,2013,2017,American Indian/Alaskan Native (includes Hispanic),
19,Iowa,19071,Fremont,2013,2017,White (includes Hispanic),8.4
19,Iowa,19071,Fremont,2014,2018,Asian/Pacific Islander (includes Hispanic),
19,Iowa,19071,Fremont,2014,2018,Black (includes Hispanic),
19,Iowa,19071,Fremont,2014,2018,Hispanic (all races),
19,Iowa,19071,Fremont,2014,2018,American Indian/Alaskan Native (includes Hispanic),
19,Iowa,19071,Fremont,2014,2018,White (includes Hispanic),9.4
19,Iowa,19071,Fremont,2015,2019,Asian/Pacific Islander (includes Hispanic),
19,Iowa,19071,Fremont,2015,2019,Black (includes Hispanic),
19,Iowa,19071,Fremont,2015,2019,Hispanic (all races),
19,Iowa,19071,Fremont,2015,2019,American Indian/Alaskan Native (includes Hispanic),
19,Iowa,19071,Fremont,2015,2019,White (includes Hispanic),11.9
19,Iowa,19071,Fremont,2016,2020,Asian/Pacific Islander (includes Hispanic),
19,Iowa,19071,Fremont,2016,2020,Black (includes Hispanic),
19,Iowa,19071,Fremont,2016,2020,Hispanic (all races),
19,Iowa,19071,Fremont,2016,2020,American Indian/Alaskan Native (includes Hispanic),
19,Iowa,19071,Fremont,2016,2020,White (includes Hispanic),13.1
19,Iowa,19073,Greene,2011,2015,Asian/Pacific Islander (includes Hispanic),
19,Iowa,19073,Greene,2011,2015,Black (includes Hispanic),
19,Iowa,19073,Greene,2011,2015,Hispanic (all races),
19,Iowa,19073,Greene,2011,2015,American Indian/Alaskan Native (includes Hispanic),
19,Iowa,19073,Greene,2011,2015,White (includes Hispanic),6.0
19,Iowa,19073,Greene,2012,2016,Asian/Pacific Islander (includes Hispanic),
19,Iowa,19073,Greene,2012,2016,Black (includes Hispanic),
19,Iowa,19073,Greene,2012,2016,Hispanic (all races),
19,Iowa,19073,Greene,2012,2016,American Indian/Alaskan Native (includes Hispanic),
19,Iowa,19073,Greene,2012,2016,White (includes Hispanic),5.0
19,Iowa,19073,Greene,2013,2017,Asian/Pacific Islander (includes Hispanic),
19,Iowa,19073,Greene,2013,2017,Black (includes Hispanic),
19,Iowa,19073,Greene,2013,2017,Hispanic (all races),
19,Iowa,19073,Greene,2013,2017,American Indian/Alaskan Native (includes Hispanic),
19,Iowa,19073,Greene,2013,2017,White (includes Hispanic),5.5
19,Iowa,19073,Greene,2014,2018,Asian/Pacific Islander (includes Hispanic),
19,Iowa,19073,Greene,2014,2018,Black (includes Hispanic),
19,Iowa,19073,Greene,2014,2018,Hispanic (all races),
19,Iowa,19073,Greene,2014,2018,American Indian/Alaskan Native (includes Hispanic),
19,Iowa,19073,Greene,2014,2018,White (includes Hispanic),6.9
19,Iowa,19073,Greene,2015,2019,Asian/Pacific Islander (includes Hispanic),
19,Iowa,19073,Greene,2015,2019,Black (includes Hispanic),
19,Iowa,19073,Greene,2015,2019,Hispanic (all races),
19,Iowa,19073,Greene,2015,2019,American Indian/Alaskan Native (includes Hispanic),
19,Iowa,19073,Greene,2015,2019,White (includes Hispanic),6.9
19,Iowa,19073,Greene,2016,2020,Asian/Pacific Islander (includes Hispanic),
19,Iowa,19073,Greene,2016,2020,Black (includes Hispanic),
19,Iowa,19073,Greene,2016,2020,Hispanic (all races),
19,Iowa,19073,Greene,2016,2020,American Indian/Alaskan Native (includes Hispanic),
19,Iowa,19073,Greene,2016,2020,White (includes Hispanic),6.5
19,Iowa,19075,Grundy,2011,2015,Asian/Pacific Islander (includes Hispanic),
19,Iowa,19075,Grundy,2011,2015,Black (includes Hispanic),
19,Iowa,19075,Grundy,2011,2015,Hispanic (all races),
19,Iowa,19075,Grundy,2011,2015,American Indian/Alaskan Native (includes Hispanic),
19,Iowa,19075,Grundy,2011,2015,White (includes Hispanic),8.3
19,Iowa,19075,Grundy,2012,2016,Asian/Pacific Islander (includes Hispanic),
19,Iowa,19075,Grundy,2012,2016,Black (includes Hispanic),
19,Iowa,19075,Grundy,2012,2016,Hispanic (all races),
19,Iowa,19075,Grundy,2012,2016,American Indian/Alaskan Native (includes Hispanic),
19,Iowa,19075,Grundy,2012,2016,White (includes Hispanic),8.4
19,Iowa,19075,Grundy,2013,2017,Asian/Pacific Islander (includes Hispanic),
19,Iowa,19075,Grundy,2013,2017,Black (includes Hispanic),
19,Iowa,19075,Grundy,2013,2017,Hispanic (all races),
19,Iowa,19075,Grundy,2013,2017,American Indian/Alaskan Native (includes Hispanic),
19,Iowa,19075,Grundy,2013,2017,White (includes Hispanic),8.6
19,Iowa,19075,Grundy,2014,2018,Asian/Pacific Islander (includes Hispanic),
19,Iowa,19075,Grundy,2014,2018,Black (includes Hispanic),
19,Iowa,19075,Grundy,2014,2018,Hispanic (all races),
19,Iowa,19075,Grundy,2014,2018,American Indian/Alaskan Native (includes Hispanic),
19,Iowa,19075,Grundy,2014,2018,White (includes Hispanic),9.6
19,Iowa,19075,Grundy,2015,2019,Asian/Pacific Islander (includes Hispanic),
19,Iowa,19075,Grundy,2015,2019,Black (includes Hispanic),
19,Iowa,19075,Grundy,2015,2019,Hispanic (all races),
19,Iowa,19075,Grundy,2015,2019,American Indian/Alaskan Native (includes Hispanic),
19,Iowa,19075,Grundy,2015,2019,White (includes Hispanic),7.9
19,Iowa,19075,Grundy,2016,2020,Asian/Pacific Islander (includes Hispanic),
19,Iowa,19075,Grundy,2016,2020,Black (includes Hispanic),
19,Iowa,19075,Grundy,2016,2020,Hispanic (all races),
19,Iowa,19075,Grundy,2016,2020,American Indian/Alaskan Native (includes Hispanic),
19,Iowa,19075,Grundy,2016,2020,White (includes Hispanic),8.5
19,Iowa,19077,Guthrie,2011,2015,Asian/Pacific Islander (includes Hispanic),
19,Iowa,19077,Guthrie,2011,2015,Black (includes Hispanic),
19,Iowa,19077,Guthrie,2011,2015,Hispanic (all races),
19,Iowa,19077,Guthrie,2011,2015,American Indian/Alaskan Native (includes Hispanic),
19,Iowa,19077,Guthrie,2011,2015,White (includes Hispanic),8.0
19,Iowa,19077,Guthrie,2012,2016,Asian/Pacific Islander (includes Hispanic),
19,Iowa,19077,Guthrie,2012,2016,Black (includes Hispanic),
19,Iowa,19077,Guthrie,2012,2016,Hispanic (all races),
19,Iowa,19077,Guthrie,2012,2016,American Indian/Alaskan Native (includes Hispanic),
19,Iowa,19077,Guthrie,2012,2016,White (includes Hispanic),6.9
19,Iowa,19077,Guthrie,2013,2017,Asian/Pacific Islander (includes Hispanic),
19,Iowa,19077,Guthrie,2013,2017,Black (includes Hispanic),
19,Iowa,19077,Guthrie,2013,2017,Hispanic (all races),
19,Iowa,19077,Guthrie,2013,2017,American Indian/Alaskan Native (includes Hispanic),
19,Iowa,19077,Guthrie,2013,2017,White (includes Hispanic),6.6
19,Iowa,19077,Guthrie,2014,2018,Asian/Pacific Islander (includes Hispanic),
19,Iowa,19077,Guthrie,2014,2018,Black (includes Hispanic),
19,Iowa,19077,Guthrie,2014,2018,Hispanic (all races),
19,Iowa,19077,Guthrie,2014,2018,American Indian/Alaskan Native (includes Hispanic),
19,Iowa,19077,Guthrie,2014,2018,White (includes Hispanic),6.9
19,Iowa,19077,Guthrie,2015,2019,Asian/Pacific Islander (includes Hispanic),
19,Iowa,19077,Guthrie,2015,2019,Black (includes Hispanic),
19,Iowa,19077,Guthrie,2015,2019,Hispanic (all races),
19,Iowa,19077,Guthrie,2015,2019,American Indian/Alaskan Native (includes Hispanic),
19,Iowa,19077,Guthrie,2015,2019,White (includes Hispanic),5.9
19,Iowa,19077,Guthrie,2016,2020,Asian/Pacific Islander (includes Hispanic),
19,Iowa,19077,Guthrie,2016,2020,Black (includes Hispanic),
19,Iowa,19077,Guthrie,2016,2020,Hispanic (all races),
19,Iowa,19077,Guthrie,2016,2020,American Indian/Alaskan Native (includes Hispanic),
19,Iowa,19077,Guthrie,2016,2020,White (includes Hispanic),4.8
19,Iowa,19079,Hamilton,2011,2015,Asian/Pacific Islander (includes Hispanic),
19,Iowa,19079,Hamilton,2011,2015,Black (includes Hispanic),
19,Iowa,19079,Hamilton,2011,2015,Hispanic (all races),
19,Iowa,19079,Hamilton,2011,2015,American Indian/Alaskan Native (includes Hispanic),
19,Iowa,19079,Hamilton,2011,2015,White (includes Hispanic),5.7
19,Iowa,19079,Hamilton,2012,2016,Asian/Pacific Islander (includes Hispanic),
19,Iowa,19079,Hamilton,2012,2016,Black (includes Hispanic),
19,Iowa,19079,Hamilton,2012,2016,Hispanic (all races),
19,Iowa,19079,Hamilton,2012,2016,American Indian/Alaskan Native (includes Hispanic),
19,Iowa,19079,Hamilton,2012,2016,White (includes Hispanic),5.5
19,Iowa,19079,Hamilton,2013,2017,Asian/Pacific Islander (includes Hispanic),
19,Iowa,19079,Hamilton,2013,2017,Black (includes Hispanic),
19,Iowa,19079,Hamilton,2013,2017,Hispanic (all races),
19,Iowa,19079,Hamilton,2013,2017,American Indian/Alaskan Native (includes Hispanic),
19,Iowa,19079,Hamilton,2013,2017,White (includes Hispanic),6.7
19,Iowa,19079,Hamilton,2014,2018,Asian/Pacific Islander (includes Hispanic),
19,Iowa,19079,Hamilton,2014,2018,Black (includes Hispanic),
19,Iowa,19079,Hamilton,2014,2018,Hispanic (all races),
19,Iowa,19079,Hamilton,2014,2018,American Indian/Alaskan Native (includes Hispanic),
19,Iowa,19079,Hamilton,2014,2018,White (includes Hispanic),7.0
19,Iowa,19079,Hamilton,2015,2019,Asian/Pacific Islander (includes Hispanic),
19,Iowa,19079,Hamilton,2015,2019,Black (includes Hispanic),
19,Iowa,19079,Hamilton,2015,2019,Hispanic (all races),
19,Iowa,19079,Hamilton,2015,2019,American Indian/Alaskan Native (includes Hispanic),
19,Iowa,19079,Hamilton,2015,2019,White (includes Hispanic),7.9
19,Iowa,19079,Hamilton,2016,2020,Asian/Pacific Islander (includes Hispanic),
19,Iowa,19079,Hamilton,2016,2020,Black (includes Hispanic),
19,Iowa,19079,Hamilton,2016,2020,Hispanic (all races),
19,Iowa,19079,Hamilton,2016,2020,American Indian/Alaskan Native (includes Hispanic),
19,Iowa,19079,Hamilton,2016,2020,White (includes Hispanic),7.2
19,Iowa,19081,Hancock,2011,2015,Asian/Pacific Islander (includes Hispanic),
19,Iowa,19081,Hancock,2011,2015,Black (includes Hispanic),
19,Iowa,19081,Hancock,2011,2015,Hispanic (all races),
19,Iowa,19081,Hancock,2011,2015,American Indian/Alaskan Native (includes Hispanic),
19,Iowa,19081,Hancock,2011,2015,White (includes Hispanic),9.0
19,Iowa,19081,Hancock,2012,2016,Asian/Pacific Islander (includes Hispanic),
19,Iowa,19081,Hancock,2012,2016,Black (includes Hispanic),
19,Iowa,19081,Hancock,2012,2016,Hispanic (all races),
19,Iowa,19081,Hancock,2012,2016,American Indian/Alaskan Native (includes Hispanic),
19,Iowa,19081,Hancock,2012,2016,White (includes Hispanic),8.6
19,Iowa,19081,Hancock,2013,2017,Asian/Pacific Islander (includes Hispanic),
19,Iowa,19081,Hancock,2013,2017,Black (includes Hispanic),
19,Iowa,19081,Hancock,2013,2017,Hispanic (all races),
19,Iowa,19081,Hancock,2013,2017,American Indian/Alaskan Native (includes Hispanic),
19,Iowa,19081,Hancock,2013,2017,White (includes Hispanic),7.7
19,Iowa,19081,Hancock,2014,2018,Asian/Pacific Islander (includes Hispanic),
19,Iowa,19081,Hancock,2014,2018,Black (includes Hispanic),
19,Iowa,19081,Hancock,2014,2018,Hispanic (all races),
19,Iowa,19081,Hancock,2014,2018,American Indian/Alaskan Native (includes Hispanic),
19,Iowa,19081,Hancock,2014,2018,White (includes Hispanic),7.7
19,Iowa,19081,Hancock,2015,2019,Asian/Pacific Islander (includes Hispanic),
19,Iowa,19081,Hancock,2015,2019,Black (includes Hispanic),
19,Iowa,19081,Hancock,2015,2019,Hispanic (all races),
19,Iowa,19081,Hancock,2015,2019,American Indian/Alaskan Native (includes Hispanic),
19,Iowa,19081,Hancock,2015,2019,White (includes Hispanic),7.3
19,Iowa,19081,Hancock,2016,2020,Asian/Pacific Islander (includes Hispanic),
19,Iowa,19081,Hancock,2016,2020,Black (includes Hispanic),
19,Iowa,19081,Hancock,2016,2020,Hispanic (all races),
19,Iowa,19081,Hancock,2016,2020,American Indian/Alaskan Native (includes Hispanic),
19,Iowa,19081,Hancock,2016,2020,White (includes Hispanic),
19,Iowa,19083,Hardin,2011,2015,Asian/Pacific Islander (includes Hispanic),
19,Iowa,19083,Hardin,2011,2015,Black (includes Hispanic),
19,Iowa,19083,Hardin,2011,2015,Hispanic (all races),
19,Iowa,19083,Hardin,2011,2015,American Indian/Alaskan Native (includes Hispanic),
19,Iowa,19083,Hardin,2011,2015,White (includes Hispanic),7.4
19,Iowa,19083,Hardin,2012,2016,Asian/Pacific Islander (includes Hispanic),
19,Iowa,19083,Hardin,2012,2016,Black (includes Hispanic),
19,Iowa,19083,Hardin,2012,2016,Hispanic (all races),
19,Iowa,19083,Hardin,2012,2016,American Indian/Alaskan Native (includes Hispanic),
19,Iowa,19083,Hardin,2012,2016,White (includes Hispanic),7.3
19,Iowa,19083,Hardin,2013,2017,Asian/Pacific Islander (includes Hispanic),
19,Iowa,19083,Hardin,2013,2017,Black (includes Hispanic),
19,Iowa,19083,Hardin,2013,2017,Hispanic (all races),
19,Iowa,19083,Hardin,2013,2017,American Indian/Alaskan Native (includes Hispanic),
19,Iowa,19083,Hardin,2013,2017,White (includes Hispanic),7.7
19,Iowa,19083,Hardin,2014,2018,Asian/Pacific Islander (includes Hispanic),
19,Iowa,19083,Hardin,2014,2018,Black (includes Hispanic),
19,Iowa,19083,Hardin,2014,2018,Hispanic (all races),
19,Iowa,19083,Hardin,2014,2018,American Indian/Alaskan Native (includes Hispanic),
19,Iowa,19083,Hardin,2014,2018,White (includes Hispanic),7.8
19,Iowa,19083,Hardin,2015,2019,Asian/Pacific Islander (includes Hispanic),
19,Iowa,19083,Hardin,2015,2019,Black (includes Hispanic),
19,Iowa,19083,Hardin,2015,2019,Hispanic (all races),
19,Iowa,19083,Hardin,2015,2019,American Indian/Alaskan Native (includes Hispanic),
19,Iowa,19083,Hardin,2015,2019,White (includes Hispanic),6.6
19,Iowa,19083,Hardin,2016,2020,Asian/Pacific Islander (includes Hispanic),
19,Iowa,19083,Hardin,2016,2020,Black (includes Hispanic),
19,Iowa,19083,Hardin,2016,2020,Hispanic (all races),
19,Iowa,19083,Hardin,2016,2020,American Indian/Alaskan Native (includes Hispanic),
19,Iowa,19083,Hardin,2016,2020,White (includes Hispanic),5.9
19,Iowa,19085,Harrison,2011,2015,Asian/Pacific Islander (includes Hispanic),
19,Iowa,19085,Harrison,2011,2015,Black (includes Hispanic),
19,Iowa,19085,Harrison,2011,2015,Hispanic (all races),
19,Iowa,19085,Harrison,2011,2015,American Indian/Alaskan Native (includes Hispanic),
19,Iowa,19085,Harrison,2011,2015,White (includes Hispanic),7.2
19,Iowa,19085,Harrison,2012,2016,Asian/Pacific Islander (includes Hispanic),
19,Iowa,19085,Harrison,2012,2016,Black (includes Hispanic),
19,Iowa,19085,Harrison,2012,2016,Hispanic (all races),
19,Iowa,19085,Harrison,2012,2016,American Indian/Alaskan Native (includes Hispanic),
19,Iowa,19085,Harrison,2012,2016,White (includes Hispanic),7.6
19,Iowa,19085,Harrison,2013,2017,Asian/Pacific Islander (includes Hispanic),
19,Iowa,19085,Harrison,2013,2017,Black (includes Hispanic),
19,Iowa,19085,Harrison,2013,2017,Hispanic (all races),
19,Iowa,19085,Harrison,2013,2017,American Indian/Alaskan Native (includes Hispanic),
19,Iowa,19085,Harrison,2013,2017,White (includes Hispanic),9.2
19,Iowa,19085,Harrison,2014,2018,Asian/Pacific Islander (includes Hispanic),
19,Iowa,19085,Harrison,2014,2018,Black (includes Hispanic),
19,Iowa,19085,Harrison,2014,2018,Hispanic (all races),
19,Iowa,19085,Harrison,2014,2018,American Indian/Alaskan Native (includes Hispanic),
19,Iowa,19085,Harrison,2014,2018,White (includes Hispanic),9.6
19,Iowa,19085,Harrison,2015,2019,Asian/Pacific Islander (includes Hispanic),
19,Iowa,19085,Harrison,2015,2019,Black (includes Hispanic),
19,Iowa,19085,Harrison,2015,2019,Hispanic (all races),
19,Iowa,19085,Harrison,2015,2019,American Indian/Alaskan Native (includes Hispanic),
19,Iowa,19085,Harrison,2015,2019,White (includes Hispanic),9.5
19,Iowa,19085,Harrison,2016,2020,Asian/Pacific Islander (includes Hispanic),
19,Iowa,19085,Harrison,2016,2020,Black (includes Hispanic),
19,Iowa,19085,Harrison,2016,2020,Hispanic (all races),
19,Iowa,19085,Harrison,2016,2020,American Indian/Alaskan Native (includes Hispanic),
19,Iowa,19085,Harrison,2016,2020,White (includes Hispanic),8.2
19,Iowa,19087,Henry,2011,2015,Asian/Pacific Islander (includes Hispanic),
19,Iowa,19087,Henry,2011,2015,Black (includes Hispanic),
19,Iowa,19087,Henry,2011,2015,Hispanic (all races),
19,Iowa,19087,Henry,2011,2015,American Indian/Alaskan Native (includes Hispanic),
19,Iowa,19087,Henry,2011,2015,White (includes Hispanic),6.7
19,Iowa,19087,Henry,2012,2016,Asian/Pacific Islander (includes Hispanic),
19,Iowa,19087,Henry,2012,2016,Black (includes Hispanic),
19,Iowa,19087,Henry,2012,2016,Hispanic (all races),
19,Iowa,19087,Henry,2012,2016,American Indian/Alaskan Native (includes Hispanic),
19,Iowa,19087,Henry,2012,2016,White (includes Hispanic),6.2
19,Iowa,19087,Henry,2013,2017,Asian/Pacific Islander (includes Hispanic),
19,Iowa,19087,Henry,2013,2017,Black (includes Hispanic),
19,Iowa,19087,Henry,2013,2017,Hispanic (all races),
19,Iowa,19087,Henry,2013,2017,American Indian/Alaskan Native (includes Hispanic),
19,Iowa,19087,Henry,2013,2017,White (includes Hispanic),5.6
19,Iowa,19087,Henry,2014,2018,Asian/Pacific Islander (includes Hispanic),
19,Iowa,19087,Henry,2014,2018,Black (includes Hispanic),
19,Iowa,19087,Henry,2014,2018,Hispanic (all races),
19,Iowa,19087,Henry,2014,2018,American Indian/Alaskan Native (includes Hispanic),
19,Iowa,19087,Henry,2014,2018,White (includes Hispanic),8.1
19,Iowa,19087,Henry,2015,2019,Asian/Pacific Islander (includes Hispanic),
19,Iowa,19087,Henry,2015,2019,Black (includes Hispanic),
19,Iowa,19087,Henry,2015,2019,Hispanic (all races),
19,Iowa,19087,Henry,2015,2019,American Indian/Alaskan Native (includes Hispanic),
19,Iowa,19087,Henry,2015,2019,White (includes Hispanic),8.2
19,Iowa,19087,Henry,2016,2020,Asian/Pacific Islander (includes Hispanic),
19,Iowa,19087,Henry,2016,2020,Black (includes Hispanic),
19,Iowa,19087,Henry,2016,2020,Hispanic (all races),
19,Iowa,19087,Henry,2016,2020,American Indian/Alaskan Native (includes Hispanic),
19,Iowa,19087,Henry,2016,2020,White (includes Hispanic),7.8
19,Iowa,19089,Howard,2011,2015,Asian/Pacific Islander (includes Hispanic),
19,Iowa,19089,Howard,2011,2015,Black (includes Hispanic),
19,Iowa,19089,Howard,2011,2015,Hispanic (all races),
19,Iowa,19089,Howard,2011,2015,American Indian/Alaskan Native (includes Hispanic),
19,Iowa,19089,Howard,2011,2015,White (includes Hispanic),
19,Iowa,19089,Howard,2012,2016,Asian/Pacific Islander (includes Hispanic),
19,Iowa,19089,Howard,2012,2016,Black (includes Hispanic),
19,Iowa,19089,Howard,2012,2016,Hispanic (all races),
19,Iowa,19089,Howard,2012,2016,American Indian/Alaskan Native (includes Hispanic),
19,Iowa,19089,Howard,2012,2016,White (includes Hispanic),
19,Iowa,19089,Howard,2013,2017,Asian/Pacific Islander (includes Hispanic),
19,Iowa,19089,Howard,2013,2017,Black (includes Hispanic),
19,Iowa,19089,Howard,2013,2017,Hispanic (all races),
19,Iowa,19089,Howard,2013,2017,American Indian/Alaskan Native (includes Hispanic),
19,Iowa,19089,Howard,2013,2017,White (includes Hispanic),
19,Iowa,19089,Howard,2014,2018,Asian/Pacific Islander (includes Hispanic),
19,Iowa,19089,Howard,2014,2018,Black (includes Hispanic),
19,Iowa,19089,Howard,2014,2018,Hispanic (all races),
19,Iowa,19089,Howard,2014,2018,American Indian/Alaskan Native (includes Hispanic),
19,Iowa,19089,Howard,2014,2018,White (includes Hispanic),
19,Iowa,19089,Howard,2015,2019,Asian/Pacific Islander (includes Hispanic),
19,Iowa,19089,Howard,2015,2019,Black (includes Hispanic),
19,Iowa,19089,Howard,2015,2019,Hispanic (all races),
19,Iowa,19089,Howard,2015,2019,American Indian/Alaskan Native (includes Hispanic),
19,Iowa,19089,Howard,2015,2019,White (includes Hispanic),6.0
19,Iowa,19089,Howard,2016,2020,Asian/Pacific Islander (includes Hispanic),
19,Iowa,19089,Howard,2016,2020,Black (includes Hispanic),
19,Iowa,19089,Howard,2016,2020,Hispanic (all races),
19,Iowa,19089,Howard,2016,2020,American Indian/Alaskan Native (includes Hispanic),
19,Iowa,19089,Howard,2016,2020,White (includes Hispanic),6.5
19,Iowa,19091,Humboldt,2011,2015,Asian/Pacific Islander (includes Hispanic),
19,Iowa,19091,Humboldt,2011,2015,Black (includes Hispanic),
19,Iowa,19091,Humboldt,2011,2015,Hispanic (all races),
19,Iowa,19091,Humboldt,2011,2015,American Indian/Alaskan Native (includes Hispanic),
19,Iowa,19091,Humboldt,2011,2015,White (includes Hispanic),7.5
19,Iowa,19091,Humboldt,2012,2016,Asian/Pacific Islander (includes Hispanic),
19,Iowa,19091,Humboldt,2012,2016,Black (includes Hispanic),
19,Iowa,19091,Humboldt,2012,2016,Hispanic (all races),
19,Iowa,19091,Humboldt,2012,2016,American Indian/Alaskan Native (includes Hispanic),
19,Iowa,19091,Humboldt,2012,2016,White (includes Hispanic),
19,Iowa,19091,Humboldt,2013,2017,Asian/Pacific Islander (includes Hispanic),
19,Iowa,19091,Humboldt,2013,2017,Black (includes Hispanic),
19,Iowa,19091,Humboldt,2013,2017,Hispanic (all races),
19,Iowa,19091,Humboldt,2013,2017,American Indian/Alaskan Native (includes Hispanic),
19,Iowa,19091,Humboldt,2013,2017,White (includes Hispanic),
19,Iowa,19091,Humboldt,2014,2018,Asian/Pacific Islander (includes Hispanic),
19,Iowa,19091,Humboldt,2014,2018,Black (includes Hispanic),
19,Iowa,19091,Humboldt,2014,2018,Hispanic (all races),
19,Iowa,19091,Humboldt,2014,2018,American Indian/Alaskan Native (includes Hispanic),
19,Iowa,19091,Humboldt,2014,2018,White (includes Hispanic),7.9
19,Iowa,19091,Humboldt,2015,2019,Asian/Pacific Islander (includes Hispanic),
19,Iowa,19091,Humboldt,2015,2019,Black (includes Hispanic),
19,Iowa,19091,Humboldt,2015,2019,Hispanic (all races),
19,Iowa,19091,Humboldt,2015,2019,American Indian/Alaskan Native (includes Hispanic),
19,Iowa,19091,Humboldt,2015,2019,White (includes Hispanic),
19,Iowa,19091,Humboldt,2016,2020,Asian/Pacific Islander (includes Hispanic),
19,Iowa,19091,Humboldt,2016,2020,Black (includes Hispanic),
19,Iowa,19091,Humboldt,2016,2020,Hispanic (all races),
19,Iowa,19091,Humboldt,2016,2020,American Indian/Alaskan Native (includes Hispanic),
19,Iowa,19091,Humboldt,2016,2020,White (includes Hispanic),
19,Iowa,19093,Ida,2011,2015,Asian/Pacific Islander (includes Hispanic),
19,Iowa,19093,Ida,2011,2015,Black (includes Hispanic),
19,Iowa,19093,Ida,2011,2015,Hispanic (all races),
19,Iowa,19093,Ida,2011,2015,American Indian/Alaskan Native (includes Hispanic),
19,Iowa,19093,Ida,2011,2015,White (includes Hispanic),6.8
19,Iowa,19093,Ida,2012,2016,Asian/Pacific Islander (includes Hispanic),
19,Iowa,19093,Ida,2012,2016,Black (includes Hispanic),
19,Iowa,19093,Ida,2012,2016,Hispanic (all races),
19,Iowa,19093,Ida,2012,2016,American Indian/Alaskan Native (includes Hispanic),
19,Iowa,19093,Ida,2012,2016,White (includes Hispanic),7.0
19,Iowa,19093,Ida,2013,2017,Asian/Pacific Islander (includes Hispanic),
19,Iowa,19093,Ida,2013,2017,Black (includes Hispanic),
19,Iowa,19093,Ida,2013,2017,Hispanic (all races),
19,Iowa,19093,Ida,2013,2017,American Indian/Alaskan Native (includes Hispanic),
19,Iowa,19093,Ida,2013,2017,White (includes Hispanic),8.3
19,Iowa,19093,Ida,2014,2018,Asian/Pacific Islander (includes Hispanic),
19,Iowa,19093,Ida,2014,2018,Black (includes Hispanic),
19,Iowa,19093,Ida,2014,2018,Hispanic (all races),
19,Iowa,19093,Ida,2014,2018,American Indian/Alaskan Native (includes Hispanic),
19,Iowa,19093,Ida,2014,2018,White (includes Hispanic),9.3
19,Iowa,19093,Ida,2015,2019,Asian/Pacific Islander (includes Hispanic),
19,Iowa,19093,Ida,2015,2019,Black (includes Hispanic),
19,Iowa,19093,Ida,2015,2019,Hispanic (all races),
19,Iowa,19093,Ida,2015,2019,American Indian/Alaskan Native (includes Hispanic),
19,Iowa,19093,Ida,2015,2019,White (includes Hispanic),9.2
19,Iowa,19093,Ida,2016,2020,Asian/Pacific Islander (includes Hispanic),
19,Iowa,19093,Ida,2016,2020,Black (includes Hispanic),
19,Iowa,19093,Ida,2016,2020,Hispanic (all races),
19,Iowa,19093,Ida,2016,2020,American Indian/Alaskan Native (includes Hispanic),
19,Iowa,19093,Ida,2016,2020,White (includes Hispanic),8.8
19,Iowa,19095,Iowa,2011,2015,Asian/Pacific Islander (includes Hispanic),
19,Iowa,19095,Iowa,2011,2015,Black (includes Hispanic),
19,Iowa,19095,Iowa,2011,2015,Hispanic (all races),
19,Iowa,19095,Iowa,2011,2015,American Indian/Alaskan Native (includes Hispanic),
19,Iowa,19095,Iowa,2011,2015,White (includes Hispanic),7.7
19,Iowa,19095,Iowa,2012,2016,Asian/Pacific Islander (includes Hispanic),
19,Iowa,19095,Iowa,2012,2016,Black (includes Hispanic),
19,Iowa,19095,Iowa,2012,2016,Hispanic (all races),
19,Iowa,19095,Iowa,2012,2016,American Indian/Alaskan Native (includes Hispanic),
19,Iowa,19095,Iowa,2012,2016,White (includes Hispanic),7.3
19,Iowa,19095,Iowa,2013,2017,Asian/Pacific Islander (includes Hispanic),
19,Iowa,19095,Iowa,2013,2017,Black (includes Hispanic),
19,Iowa,19095,Iowa,2013,2017,Hispanic (all races),
19,Iowa,19095,Iowa,2013,2017,American Indian/Alaskan Native (includes Hispanic),
19,Iowa,19095,Iowa,2013,2017,White (includes Hispanic),7.8
19,Iowa,19095,Iowa,2014,2018,Asian/Pacific Islander (includes Hispanic),
19,Iowa,19095,Iowa,2014,2018,Black (includes Hispanic),
19,Iowa,19095,Iowa,2014,2018,Hispanic (all races),
19,Iowa,19095,Iowa,2014,2018,American Indian/Alaskan Native (includes Hispanic),
19,Iowa,19095,Iowa,2014,2018,White (includes Hispanic),8.4
19,Iowa,19095,Iowa,2015,2019,Asian/Pacific Islander (includes Hispanic),
19,Iowa,19095,Iowa,2015,2019,Black (includes Hispanic),
19,Iowa,19095,Iowa,2015,2019,Hispanic (all races),
19,Iowa,19095,Iowa,2015,2019,American Indian/Alaskan Native (includes Hispanic),
19,Iowa,19095,Iowa,2015,2019,White (includes Hispanic),7.8
19,Iowa,19095,Iowa,2016,2020,Asian/Pacific Islander (includes Hispanic),
19,Iowa,19095,Iowa,2016,2020,Black (includes Hispanic),
19,Iowa,19095,Iowa,2016,2020,Hispanic (all races),
19,Iowa,19095,Iowa,2016,2020,American Indian/Alaskan Native (includes Hispanic),
19,Iowa,19095,Iowa,2016,2020,White (includes Hispanic),7.6
19,Iowa,19097,Jackson,2011,2015,Asian/Pacific Islander (includes Hispanic),
19,Iowa,19097,Jackson,2011,2015,Black (includes Hispanic),
19,Iowa,19097,Jackson,2011,2015,Hispanic (all races),
19,Iowa,19097,Jackson,2011,2015,American Indian/Alaskan Native (includes Hispanic),
19,Iowa,19097,Jackson,2011,2015,White (includes Hispanic),5.5
19,Iowa,19097,Jackson,2012,2016,Asian/Pacific Islander (includes Hispanic),
19,Iowa,19097,Jackson,2012,2016,Black (includes Hispanic),
19,Iowa,19097,Jackson,2012,2016,Hispanic (all races),
19,Iowa,19097,Jackson,2012,2016,American Indian/Alaskan Native (includes Hispanic),
19,Iowa,19097,Jackson,2012,2016,White (includes Hispanic),5.7
19,Iowa,19097,Jackson,2013,2017,Asian/Pacific Islander (includes Hispanic),
19,Iowa,19097,Jackson,2013,2017,Black (includes Hispanic),
19,Iowa,19097,Jackson,2013,2017,Hispanic (all races),
19,Iowa,19097,Jackson,2013,2017,American Indian/Alaskan Native (includes Hispanic),
19,Iowa,19097,Jackson,2013,2017,White (includes Hispanic),5.2
19,Iowa,19097,Jackson,2014,2018,Asian/Pacific Islander (includes Hispanic),
19,Iowa,19097,Jackson,2014,2018,Black (includes Hispanic),
19,Iowa,19097,Jackson,2014,2018,Hispanic (all races),
19,Iowa,19097,Jackson,2014,2018,American Indian/Alaskan Native (includes Hispanic),
19,Iowa,19097,Jackson,2014,2018,White (includes Hispanic),5.4
19,Iowa,19097,Jackson,2015,2019,Asian/Pacific Islander (includes Hispanic),
19,Iowa,19097,Jackson,2015,2019,Black (includes Hispanic),
19,Iowa,19097,Jackson,2015,2019,Hispanic (all races),
19,Iowa,19097,Jackson,2015,2019,American Indian/Alaskan Native (includes Hispanic),
19,Iowa,19097,Jackson,2015,2019,White (includes Hispanic),6.1
19,Iowa,19097,Jackson,2016,2020,Asian/Pacific Islander (includes Hispanic),
19,Iowa,19097,Jackson,2016,2020,Black (includes Hispanic),
19,Iowa,19097,Jackson,2016,2020,Hispanic (all races),
19,Iowa,19097,Jackson,2016,2020,American Indian/Alaskan Native (includes Hispanic),
19,Iowa,19097,Jackson,2016,2020,White (includes Hispanic),6.7
19,Iowa,19099,Jasper,2011,2015,Asian/Pacific Islander (includes Hispanic),
19,Iowa,19099,Jasper,2011,2015,Black (includes Hispanic),
19,Iowa,19099,Jasper,2011,2015,Hispanic (all races),
19,Iowa,19099,Jasper,2011,2015,American Indian/Alaskan Native (includes Hispanic),
19,Iowa,19099,Jasper,2011,2015,White (includes Hispanic),7.1
19,Iowa,19099,Jasper,2012,2016,Asian/Pacific Islander (includes Hispanic),
19,Iowa,19099,Jasper,2012,2016,Black (includes Hispanic),
19,Iowa,19099,Jasper,2012,2016,Hispanic (all races),
19,Iowa,19099,Jasper,2012,2016,American Indian/Alaskan Native (includes Hispanic),
19,Iowa,19099,Jasper,2012,2016,White (includes Hispanic),7.8
19,Iowa,19099,Jasper,2013,2017,Asian/Pacific Islander (includes Hispanic),
19,Iowa,19099,Jasper,2013,2017,Black (includes Hispanic),
19,Iowa,19099,Jasper,2013,2017,Hispanic (all races),
19,Iowa,19099,Jasper,2013,2017,American Indian/Alaskan Native (includes Hispanic),
19,Iowa,19099,Jasper,2013,2017,White (includes Hispanic),8.2
19,Iowa,19099,Jasper,2014,2018,Asian/Pacific Islander (includes Hispanic),
19,Iowa,19099,Jasper,2014,2018,Black (includes Hispanic),
19,Iowa,19099,Jasper,2014,2018,Hispanic (all races),
19,Iowa,19099,Jasper,2014,2018,American Indian/Alaskan Native (includes Hispanic),
19,Iowa,19099,Jasper,2014,2018,White (includes Hispanic),8.7
19,Iowa,19099,Jasper,2015,2019,Asian/Pacific Islander (includes Hispanic),
19,Iowa,19099,Jasper,2015,2019,Black (includes Hispanic),
19,Iowa,19099,Jasper,2015,2019,Hispanic (all races),
19,Iowa,19099,Jasper,2015,2019,American Indian/Alaskan Native (includes Hispanic),
19,Iowa,19099,Jasper,2015,2019,White (includes Hispanic),7.8
19,Iowa,19099,Jasper,2016,2020,Asian/Pacific Islander (includes Hispanic),
19,Iowa,19099,Jasper,2016,2020,Black (includes Hispanic),
19,Iowa,19099,Jasper,2016,2020,Hispanic (all races),
19,Iowa,19099,Jasper,2016,2020,American Indian/Alaskan Native (includes Hispanic),
19,Iowa,19099,Jasper,2016,2020,White (includes Hispanic),7.3
19,Iowa,19101,Jefferson,2011,2015,Asian/Pacific Islander (includes Hispanic),
19,Iowa,19101,Jefferson,2011,2015,Black (includes Hispanic),
19,Iowa,19101,Jefferson,2011,2015,Hispanic (all races),
19,Iowa,19101,Jefferson,2011,2015,American Indian/Alaskan Native (includes Hispanic),
19,Iowa,19101,Jefferson,2011,2015,White (includes Hispanic),7.8
19,Iowa,19101,Jefferson,2012,2016,Asian/Pacific Islander (includes Hispanic),
19,Iowa,19101,Jefferson,2012,2016,Black (includes Hispanic),
19,Iowa,19101,Jefferson,2012,2016,Hispanic (all races),
19,Iowa,19101,Jefferson,2012,2016,American Indian/Alaskan Native (includes Hispanic),
19,Iowa,19101,Jefferson,2012,2016,White (includes Hispanic),7.7
19,Iowa,19101,Jefferson,2013,2017,Asian/Pacific Islander (includes Hispanic),
19,Iowa,19101,Jefferson,2013,2017,Black (includes Hispanic),
19,Iowa,19101,Jefferson,2013,2017,Hispanic (all races),
19,Iowa,19101,Jefferson,2013,2017,American Indian/Alaskan Native (includes Hispanic),
19,Iowa,19101,Jefferson,2013,2017,White (includes Hispanic),7.8
19,Iowa,19101,Jefferson,2014,2018,Asian/Pacific Islander (includes Hispanic),
19,Iowa,19101,Jefferson,2014,2018,Black (includes Hispanic),
19,Iowa,19101,Jefferson,2014,2018,Hispanic (all races),
19,Iowa,19101,Jefferson,2014,2018,American Indian/Alaskan Native (includes Hispanic),
19,Iowa,19101,Jefferson,2014,2018,White (includes Hispanic),8.4
19,Iowa,19101,Jefferson,2015,2019,Asian/Pacific Islander (includes Hispanic),
19,Iowa,19101,Jefferson,2015,2019,Black (includes Hispanic),
19,Iowa,19101,Jefferson,2015,2019,Hispanic (all races),
19,Iowa,19101,Jefferson,2015,2019,American Indian/Alaskan Native (includes Hispanic),
19,Iowa,19101,Jefferson,2015,2019,White (includes Hispanic),8.5
19,Iowa,19101,Jefferson,2016,2020,Asian/Pacific Islander (includes Hispanic),
19,Iowa,19101,Jefferson,2016,2020,Black (includes Hispanic),
19,Iowa,19101,Jefferson,2016,2020,Hispanic (all races),
19,Iowa,19101,Jefferson,2016,2020,American Indian/Alaskan Native (includes Hispanic),
19,Iowa,19101,Jefferson,2016,2020,White (includes Hispanic),8.0
19,Iowa,19103,Johnson,2011,2015,Asian/Pacific Islander (includes Hispanic),
19,Iowa,19103,Johnson,2011,2015,Black (includes Hispanic),
19,Iowa,19103,Johnson,2011,2015,Hispanic (all races),
19,Iowa,19103,Johnson,2011,2015,American Indian/Alaskan Native (includes Hispanic),
19,Iowa,19103,Johnson,2011,2015,White (includes Hispanic),8.0
19,Iowa,19103,Johnson,2012,2016,Asian/Pacific Islander (includes Hispanic),
19,Iowa,19103,Johnson,2012,2016,Black (includes Hispanic),
19,Iowa,19103,Johnson,2012,2016,Hispanic (all races),
19,Iowa,19103,Johnson,2012,2016,American Indian/Alaskan Native (includes Hispanic),
19,Iowa,19103,Johnson,2012,2016,White (includes Hispanic),7.3
19,Iowa,19103,Johnson,2013,2017,Asian/Pacific Islander (includes Hispanic),
19,Iowa,19103,Johnson,2013,2017,Black (includes Hispanic),
19,Iowa,19103,Johnson,2013,2017,Hispanic (all races),
19,Iowa,19103,Johnson,2013,2017,American Indian/Alaskan Native (includes Hispanic),
19,Iowa,19103,Johnson,2013,2017,White (includes Hispanic),7.7
19,Iowa,19103,Johnson,2014,2018,Asian/Pacific Islander (includes Hispanic),
19,Iowa,19103,Johnson,2014,2018,Black (includes Hispanic),
19,Iowa,19103,Johnson,2014,2018,Hispanic (all races),
19,Iowa,19103,Johnson,2014,2018,American Indian/Alaskan Native (includes Hispanic),
19,Iowa,19103,Johnson,2014,2018,White (includes Hispanic),8.2
19,Iowa,19103,Johnson,2015,2019,Asian/Pacific Islander (includes Hispanic),
19,Iowa,19103,Johnson,2015,2019,Black (includes Hispanic),
19,Iowa,19103,Johnson,2015,2019,Hispanic (all races),
19,Iowa,19103,Johnson,2015,2019,American Indian/Alaskan Native (includes Hispanic),
19,Iowa,19103,Johnson,2015,2019,White (includes Hispanic),7.3
19,Iowa,19103,Johnson,2016,2020,Asian/Pacific Islander (includes Hispanic),
19,Iowa,19103,Johnson,2016,2020,Black (includes Hispanic),
19,Iowa,19103,Johnson,2016,2020,Hispanic (all races),
19,Iowa,19103,Johnson,2016,2020,American Indian/Alaskan Native (includes Hispanic),
19,Iowa,19103,Johnson,2016,2020,White (includes Hispanic),6.9
19,Iowa,19105,Jones,2011,2015,Asian/Pacific Islander (includes Hispanic),
19,Iowa,19105,Jones,2011,2015,Black (includes Hispanic),
19,Iowa,19105,Jones,2011,2015,Hispanic (all races),
19,Iowa,19105,Jones,2011,2015,American Indian/Alaskan Native (includes Hispanic),
19,Iowa,19105,Jones,2011,2015,White (includes Hispanic),8.4
19,Iowa,19105,Jones,2012,2016,Asian/Pacific Islander (includes Hispanic),
19,Iowa,19105,Jones,2012,2016,Black (includes Hispanic),
19,Iowa,19105,Jones,2012,2016,Hispanic (all races),
19,Iowa,19105,Jones,2012,2016,American Indian/Alaskan Native (includes Hispanic),
19,Iowa,19105,Jones,2012,2016,White (includes Hispanic),7.9
19,Iowa,19105,Jones,2013,2017,Asian/Pacific Islander (includes Hispanic),
19,Iowa,19105,Jones,2013,2017,Black (includes Hispanic),
19,Iowa,19105,Jones,2013,2017,Hispanic (all races),
19,Iowa,19105,Jones,2013,2017,American Indian/Alaskan Native (includes Hispanic),
19,Iowa,19105,Jones,2013,2017,White (includes Hispanic),7.9
19,Iowa,19105,Jones,2014,2018,Asian/Pacific Islander (includes Hispanic),
19,Iowa,19105,Jones,2014,2018,Black (includes Hispanic),
19,Iowa,19105,Jones,2014,2018,Hispanic (all races),
19,Iowa,19105,Jones,2014,2018,American Indian/Alaskan Native (includes Hispanic),
19,Iowa,19105,Jones,2014,2018,White (includes Hispanic),7.8
19,Iowa,19105,Jones,2015,2019,Asian/Pacific Islander (includes Hispanic),
19,Iowa,19105,Jones,2015,2019,Black (includes Hispanic),
19,Iowa,19105,Jones,2015,2019,Hispanic (all races),
19,Iowa,19105,Jones,2015,2019,American Indian/Alaskan Native (includes Hispanic),
19,Iowa,19105,Jones,2015,2019,White (includes Hispanic),7.0
19,Iowa,19105,Jones,2016,2020,Asian/Pacific Islander (includes Hispanic),
19,Iowa,19105,Jones,2016,2020,Black (includes Hispanic),
19,Iowa,19105,Jones,2016,2020,Hispanic (all races),
19,Iowa,19105,Jones,2016,2020,American Indian/Alaskan Native (includes Hispanic),
19,Iowa,19105,Jones,2016,2020,White (includes Hispanic),6.8
19,Iowa,19107,Keokuk,2011,2015,Asian/Pacific Islander (includes Hispanic),
19,Iowa,19107,Keokuk,2011,2015,Black (includes Hispanic),
19,Iowa,19107,Keokuk,2011,2015,Hispanic (all races),
19,Iowa,19107,Keokuk,2011,2015,American Indian/Alaskan Native (includes Hispanic),
19,Iowa,19107,Keokuk,2011,2015,White (includes Hispanic),6.8
19,Iowa,19107,Keokuk,2012,2016,Asian/Pacific Islander (includes Hispanic),
19,Iowa,19107,Keokuk,2012,2016,Black (includes Hispanic),
19,Iowa,19107,Keokuk,2012,2016,Hispanic (all races),
19,Iowa,19107,Keokuk,2012,2016,American Indian/Alaskan Native (includes Hispanic),
19,Iowa,19107,Keokuk,2012,2016,White (includes Hispanic),6.9
19,Iowa,19107,Keokuk,2013,2017,Asian/Pacific Islander (includes Hispanic),
19,Iowa,19107,Keokuk,2013,2017,Black (includes Hispanic),
19,Iowa,19107,Keokuk,2013,2017,Hispanic (all races),
19,Iowa,19107,Keokuk,2013,2017,American Indian/Alaskan Native (includes Hispanic),
19,Iowa,19107,Keokuk,2013,2017,White (includes Hispanic),8.4
19,Iowa,19107,Keokuk,2014,2018,Asian/Pacific Islander (includes Hispanic),
19,Iowa,19107,Keokuk,2014,2018,Black (includes Hispanic),
19,Iowa,19107,Keokuk,2014,2018,Hispanic (all races),
19,Iowa,19107,Keokuk,2014,2018,American Indian/Alaskan Native (includes Hispanic),
19,Iowa,19107,Keokuk,2014,2018,White (includes Hispanic),8.7
19,Iowa,19107,Keokuk,2015,2019,Asian/Pacific Islander (includes Hispanic),
19,Iowa,19107,Keokuk,2015,2019,Black (includes Hispanic),
19,Iowa,19107,Keokuk,2015,2019,Hispanic (all races),
19,Iowa,19107,Keokuk,2015,2019,American Indian/Alaskan Native (includes Hispanic),
19,Iowa,19107,Keokuk,2015,2019,White (includes Hispanic),10.1
19,Iowa,19107,Keokuk,2016,2020,Asian/Pacific Islander (includes Hispanic),
19,Iowa,19107,Keokuk,2016,2020,Black (includes Hispanic),
19,Iowa,19107,Keokuk,2016,2020,Hispanic (all races),
19,Iowa,19107,Keokuk,2016,2020,American Indian/Alaskan Native (includes Hispanic),
19,Iowa,19107,Keokuk,2016,2020,White (includes Hispanic),9.8
19,Iowa,19109,Kossuth,2011,2015,Asian/Pacific Islander (includes Hispanic),
19,Iowa,19109,Kossuth,2011,2015,Black (includes Hispanic),
19,Iowa,19109,Kossuth,2011,2015,Hispanic (all races),
19,Iowa,19109,Kossuth,2011,2015,American Indian/Alaskan Native (includes Hispanic),
19,Iowa,19109,Kossuth,2011,2015,White (includes Hispanic),6.2
19,Iowa,19109,Kossuth,2012,2016,Asian/Pacific Islander (includes Hispanic),
19,Iowa,19109,Kossuth,2012,2016,Black (includes Hispanic),
19,Iowa,19109,Kossuth,2012,2016,Hispanic (all races),
19,Iowa,19109,Kossuth,2012,2016,American Indian/Alaskan Native (includes Hispanic),
19,Iowa,19109,Kossuth,2012,2016,White (includes Hispanic),6.3
19,Iowa,19109,Kossuth,2013,2017,Asian/Pacific Islander (includes Hispanic),
19,Iowa,19109,Kossuth,2013,2017,Black (includes Hispanic),
19,Iowa,19109,Kossuth,2013,2017,Hispanic (all races),
19,Iowa,19109,Kossuth,2013,2017,American Indian/Alaskan Native (includes Hispanic),
19,Iowa,19109,Kossuth,2013,2017,White (includes Hispanic),6.4
19,Iowa,19109,Kossuth,2014,2018,Asian/Pacific Islander (includes Hispanic),
19,Iowa,19109,Kossuth,2014,2018,Black (includes Hispanic),
19,Iowa,19109,Kossuth,2014,2018,Hispanic (all races),
19,Iowa,19109,Kossuth,2014,2018,American Indian/Alaskan Native (includes Hispanic),
19,Iowa,19109,Kossuth,2014,2018,White (includes Hispanic),6.9
19,Iowa,19109,Kossuth,2015,2019,Asian/Pacific Islander (includes Hispanic),
19,Iowa,19109,Kossuth,2015,2019,Black (includes Hispanic),
19,Iowa,19109,Kossuth,2015,2019,Hispanic (all races),
19,Iowa,19109,Kossuth,2015,2019,American Indian/Alaskan Native (includes Hispanic),
19,Iowa,19109,Kossuth,2015,2019,White (includes Hispanic),6.7
19,Iowa,19109,Kossuth,2016,2020,Asian/Pacific Islander (includes Hispanic),
19,Iowa,19109,Kossuth,2016,2020,Black (includes Hispanic),
19,Iowa,19109,Kossuth,2016,2020,Hispanic (all races),
19,Iowa,19109,Kossuth,2016,2020,American Indian/Alaskan Native (includes Hispanic),
19,Iowa,19109,Kossuth,2016,2020,White (includes Hispanic),6.1
19,Iowa,19111,Lee,2011,2015,Asian/Pacific Islander (includes Hispanic),
19,Iowa,19111,Lee,2011,2015,Black (includes Hispanic),
19,Iowa,19111,Lee,2011,2015,Hispanic (all races),
19,Iowa,19111,Lee,2011,2015,American Indian/Alaskan Native (includes Hispanic),
19,Iowa,19111,Lee,2011,2015,White (includes Hispanic),7.6
19,Iowa,19111,Lee,2012,2016,Asian/Pacific Islander (includes Hispanic),
19,Iowa,19111,Lee,2012,2016,Black (includes Hispanic),
19,Iowa,19111,Lee,2012,2016,Hispanic (all races),
19,Iowa,19111,Lee,2012,2016,American Indian/Alaskan Native (includes Hispanic),
19,Iowa,19111,Lee,2012,2016,White (includes Hispanic),8.5
19,Iowa,19111,Lee,2013,2017,Asian/Pacific Islander (includes Hispanic),
19,Iowa,19111,Lee,2013,2017,Black (includes Hispanic),
19,Iowa,19111,Lee,2013,2017,Hispanic (all races),
19,Iowa,19111,Lee,2013,2017,American Indian/Alaskan Native (includes Hispanic),
19,Iowa,19111,Lee,2013,2017,White (includes Hispanic),8.5
19,Iowa,19111,Lee,2014,2018,Asian/Pacific Islander (includes Hispanic),
19,Iowa,19111,Lee,2014,2018,Black (includes Hispanic),
19,Iowa,19111,Lee,2014,2018,Hispanic (all races),
19,Iowa,19111,Lee,2014,2018,American Indian/Alaskan Native (includes Hispanic),
19,Iowa,19111,Lee,2014,2018,White (includes Hispanic),10.6
19,Iowa,19111,Lee,2015,2019,Asian/Pacific Islander (includes Hispanic),
19,Iowa,19111,Lee,2015,2019,Black (includes Hispanic),
19,Iowa,19111,Lee,2015,2019,Hispanic (all races),
19,Iowa,19111,Lee,2015,2019,American Indian/Alaskan Native (includes Hispanic),
19,Iowa,19111,Lee,2015,2019,White (includes Hispanic),10.1
19,Iowa,19111,Lee,2016,2020,Asian/Pacific Islander (includes Hispanic),
19,Iowa,19111,Lee,2016,2020,Black (includes Hispanic),
19,Iowa,19111,Lee,2016,2020,Hispanic (all races),
19,Iowa,19111,Lee,2016,2020,American Indian/Alaskan Native (includes Hispanic),
19,Iowa,19111,Lee,2016,2020,White (includes Hispanic),7.9
19,Iowa,19113,Linn,2011,2015,Asian/Pacific Islander (includes Hispanic),
19,Iowa,19113,Linn,2011,2015,Black (includes Hispanic),
19,Iowa,19113,Linn,2011,2015,Hispanic (all races),
19,Iowa,19113,Linn,2011,2015,American Indian/Alaskan Native (includes Hispanic),
19,Iowa,19113,Linn,2011,2015,White (includes Hispanic),8.3
19,Iowa,19113,Linn,2012,2016,Asian/Pacific Islander (includes Hispanic),
19,Iowa,19113,Linn,2012,2016,Black (includes Hispanic),
19,Iowa,19113,Linn,2012,2016,Hispanic (all races),
19,Iowa,19113,Linn,2012,2016,American Indian/Alaskan Native (includes Hispanic),
19,Iowa,19113,Linn,2012,2016,White (includes Hispanic),8.0
19,Iowa,19113,Linn,2013,2017,Asian/Pacific Islander (includes Hispanic),
19,Iowa,19113,Linn,2013,2017,Black (includes Hispanic),
19,Iowa,19113,Linn,2013,2017,Hispanic (all races),
19,Iowa,19113,Linn,2013,2017,American Indian/Alaskan Native (includes Hispanic),
19,Iowa,19113,Linn,2013,2017,White (includes Hispanic),8.1
19,Iowa,19113,Linn,2014,2018,Asian/Pacific Islander (includes Hispanic),
19,Iowa,19113,Linn,2014,2018,Black (includes Hispanic),
19,Iowa,19113,Linn,2014,2018,Hispanic (all races),
19,Iowa,19113,Linn,2014,2018,American Indian/Alaskan Native (includes Hispanic),
19,Iowa,19113,Linn,2014,2018,White (includes Hispanic),8.1
19,Iowa,19113,Linn,2015,2019,Asian/Pacific Islander (includes Hispanic),
19,Iowa,19113,Linn,2015,2019,Black (includes Hispanic),
19,Iowa,19113,Linn,2015,2019,Hispanic (all races),
19,Iowa,19113,Linn,2015,2019,American Indian/Alaskan Native (includes Hispanic),
19,Iowa,19113,Linn,2015,2019,White (includes Hispanic),7.2
19,Iowa,19113,Linn,2016,2020,Asian/Pacific Islander (includes Hispanic),
19,Iowa,19113,Linn,2016,2020,Black (includes Hispanic),
19,Iowa,19113,Linn,2016,2020,Hispanic (all races),
19,Iowa,19113,Linn,2016,2020,American Indian/Alaskan Native (includes Hispanic),
19,Iowa,19113,Linn,2016,2020,White (includes Hispanic),6.9
19,Iowa,19115,Louisa,2011,2015,Asian/Pacific Islander (includes Hispanic),
19,Iowa,19115,Louisa,2011,2015,Black (includes Hispanic),
19,Iowa,19115,Louisa,2011,2015,Hispanic (all races),
19,Iowa,19115,Louisa,2011,2015,American Indian/Alaskan Native (includes Hispanic),
19,Iowa,19115,Louisa,2011,2015,White (includes Hispanic),7.3
19,Iowa,19115,Louisa,2012,2016,Asian/Pacific Islander (includes Hispanic),
19,Iowa,19115,Louisa,2012,2016,Black (includes Hispanic),
19,Iowa,19115,Louisa,2012,2016,Hispanic (all races),
19,Iowa,19115,Louisa,2012,2016,American Indian/Alaskan Native (includes Hispanic),
19,Iowa,19115,Louisa,2012,2016,White (includes Hispanic),7.0
19,Iowa,19115,Louisa,2013,2017,Asian/Pacific Islander (includes Hispanic),
19,Iowa,19115,Louisa,2013,2017,Black (includes Hispanic),
19,Iowa,19115,Louisa,2013,2017,Hispanic (all races),
19,Iowa,19115,Louisa,2013,2017,American Indian/Alaskan Native (includes Hispanic),
19,Iowa,19115,Louisa,2013,2017,White (includes Hispanic),7.0
19,Iowa,19115,Louisa,2014,2018,Asian/Pacific Islander (includes Hispanic),
19,Iowa,19115,Louisa,2014,2018,Black (includes Hispanic),
19,Iowa,19115,Louisa,2014,2018,Hispanic (all races),
19,Iowa,19115,Louisa,2014,2018,American Indian/Alaskan Native (includes Hispanic),
19,Iowa,19115,Louisa,2014,2018,White (includes Hispanic),8.1
19,Iowa,19115,Louisa,2015,2019,Asian/Pacific Islander (includes Hispanic),
19,Iowa,19115,Louisa,2015,2019,Black (includes Hispanic),
19,Iowa,19115,Louisa,2015,2019,Hispanic (all races),
19,Iowa,19115,Louisa,2015,2019,American Indian/Alaskan Native (includes Hispanic),
19,Iowa,19115,Louisa,2015,2019,White (includes Hispanic),7.8
19,Iowa,19115,Louisa,2016,2020,Asian/Pacific Islander (includes Hispanic),
19,Iowa,19115,Louisa,2016,2020,Black (includes Hispanic),
19,Iowa,19115,Louisa,2016,2020,Hispanic (all races),
19,Iowa,19115,Louisa,2016,2020,American Indian/Alaskan Native (includes Hispanic),
19,Iowa,19115,Louisa,2016,2020,White (includes Hispanic),7.7
19,Iowa,19117,Lucas,2011,2015,Asian/Pacific Islander (includes Hispanic),
19,Iowa,19117,Lucas,2011,2015,Black (includes Hispanic),
19,Iowa,19117,Lucas,2011,2015,Hispanic (all races),
19,Iowa,19117,Lucas,2011,2015,American Indian/Alaskan Native (includes Hispanic),
19,Iowa,19117,Lucas,2011,2015,White (includes Hispanic),5.1
19,Iowa,19117,Lucas,2012,2016,Asian/Pacific Islander (includes Hispanic),
19,Iowa,19117,Lucas,2012,2016,Black (includes Hispanic),
19,Iowa,19117,Lucas,2012,2016,Hispanic (all races),
19,Iowa,19117,Lucas,2012,2016,American Indian/Alaskan Native (includes Hispanic),
19,Iowa,19117,Lucas,2012,2016,White (includes Hispanic),7.2
19,Iowa,19117,Lucas,2013,2017,Asian/Pacific Islander (includes Hispanic),
19,Iowa,19117,Lucas,2013,2017,Black (includes Hispanic),
19,Iowa,19117,Lucas,2013,2017,Hispanic (all races),
19,Iowa,19117,Lucas,2013,2017,American Indian/Alaskan Native (includes Hispanic),
19,Iowa,19117,Lucas,2013,2017,White (includes Hispanic),7.1
19,Iowa,19117,Lucas,2014,2018,Asian/Pacific Islander (includes Hispanic),
19,Iowa,19117,Lucas,2014,2018,Black (includes Hispanic),
19,Iowa,19117,Lucas,2014,2018,Hispanic (all races),
19,Iowa,19117,Lucas,2014,2018,American Indian/Alaskan Native (includes Hispanic),
19,Iowa,19117,Lucas,2014,2018,White (includes Hispanic),7.1
19,Iowa,19117,Lucas,2015,2019,Asian/Pacific Islander (includes Hispanic),
19,Iowa,19117,Lucas,2015,2019,Black (includes Hispanic),
19,Iowa,19117,Lucas,2015,2019,Hispanic (all races),
19,Iowa,19117,Lucas,2015,2019,American Indian/Alaskan Native (includes Hispanic),
19,Iowa,19117,Lucas,2015,2019,White (includes Hispanic),8.3
19,Iowa,19117,Lucas,2016,2020,Asian/Pacific Islander (includes Hispanic),
19,Iowa,19117,Lucas,2016,2020,Black (includes Hispanic),
19,Iowa,19117,Lucas,2016,2020,Hispanic (all races),
19,Iowa,19117,Lucas,2016,2020,American Indian/Alaskan Native (includes Hispanic),
19,Iowa,19117,Lucas,2016,2020,White (includes Hispanic),8.0
19,Iowa,19119,Lyon,2011,2015,Asian/Pacific Islander (includes Hispanic),
19,Iowa,19119,Lyon,2011,2015,Black (includes Hispanic),
19,Iowa,19119,Lyon,2011,2015,Hispanic (all races),
19,Iowa,19119,Lyon,2011,2015,American Indian/Alaskan Native (includes Hispanic),
19,Iowa,19119,Lyon,2011,2015,White (includes Hispanic),5.7
19,Iowa,19119,Lyon,2012,2016,Asian/Pacific Islander (includes Hispanic),
19,Iowa,19119,Lyon,2012,2016,Black (includes Hispanic),
19,Iowa,19119,Lyon,2012,2016,Hispanic (all races),
19,Iowa,19119,Lyon,2012,2016,American Indian/Alaskan Native (includes Hispanic),
19,Iowa,19119,Lyon,2012,2016,White (includes Hispanic),4.7
19,Iowa,19119,Lyon,2013,2017,Asian/Pacific Islander (includes Hispanic),
19,Iowa,19119,Lyon,2013,2017,Black (includes Hispanic),
19,Iowa,19119,Lyon,2013,2017,Hispanic (all races),
19,Iowa,19119,Lyon,2013,2017,American Indian/Alaskan Native (includes Hispanic),
19,Iowa,19119,Lyon,2013,2017,White (includes Hispanic),4.3
19,Iowa,19119,Lyon,2014,2018,Asian/Pacific Islander (includes Hispanic),
19,Iowa,19119,Lyon,2014,2018,Black (includes Hispanic),
19,Iowa,19119,Lyon,2014,2018,Hispanic (all races),
19,Iowa,19119,Lyon,2014,2018,American Indian/Alaskan Native (includes Hispanic),
19,Iowa,19119,Lyon,2014,2018,White (includes Hispanic),4.2
19,Iowa,19119,Lyon,2015,2019,Asian/Pacific Islander (includes Hispanic),
19,Iowa,19119,Lyon,2015,2019,Black (includes Hispanic),
19,Iowa,19119,Lyon,2015,2019,Hispanic (all races),
19,Iowa,19119,Lyon,2015,2019,American Indian/Alaskan Native (includes Hispanic),
19,Iowa,19119,Lyon,2015,2019,White (includes Hispanic),3.5
19,Iowa,19119,Lyon,2016,2020,Asian/Pacific Islander (includes Hispanic),
19,Iowa,19119,Lyon,2016,2020,Black (includes Hispanic),
19,Iowa,19119,Lyon,2016,2020,Hispanic (all races),
19,Iowa,19119,Lyon,2016,2020,American Indian/Alaskan Native (includes Hispanic),
19,Iowa,19119,Lyon,2016,2020,White (includes Hispanic),3.3
19,Iowa,19121,Madison,2011,2015,Asian/Pacific Islander (includes Hispanic),
19,Iowa,19121,Madison,2011,2015,Black (includes Hispanic),
19,Iowa,19121,Madison,2011,2015,Hispanic (all races),
19,Iowa,19121,Madison,2011,2015,American Indian/Alaskan Native (includes Hispanic),
19,Iowa,19121,Madison,2011,2015,White (includes Hispanic),6.5
19,Iowa,19121,Madison,2012,2016,Asian/Pacific Islander (includes Hispanic),
19,Iowa,19121,Madison,2012,2016,Black (includes Hispanic),
19,Iowa,19121,Madison,2012,2016,Hispanic (all races),
19,Iowa,19121,Madison,2012,2016,American Indian/Alaskan Native (includes Hispanic),
19,Iowa,19121,Madison,2012,2016,White (includes Hispanic),6.6
19,Iowa,19121,Madison,2013,2017,Asian/Pacific Islander (includes Hispanic),
19,Iowa,19121,Madison,2013,2017,Black (includes Hispanic),
19,Iowa,19121,Madison,2013,2017,Hispanic (all races),
19,Iowa,19121,Madison,2013,2017,American Indian/Alaskan Native (includes Hispanic),
19,Iowa,19121,Madison,2013,2017,White (includes Hispanic),7.3
19,Iowa,19121,Madison,2014,2018,Asian/Pacific Islander (includes Hispanic),
19,Iowa,19121,Madison,2014,2018,Black (includes Hispanic),
19,Iowa,19121,Madison,2014,2018,Hispanic (all races),
19,Iowa,19121,Madison,2014,2018,American Indian/Alaskan Native (includes Hispanic),
19,Iowa,19121,Madison,2014,2018,White (includes Hispanic),7.8
19,Iowa,19121,Madison,2015,2019,Asian/Pacific Islander (includes Hispanic),
19,Iowa,19121,Madison,2015,2019,Black (includes Hispanic),
19,Iowa,19121,Madison,2015,2019,Hispanic (all races),
19,Iowa,19121,Madison,2015,2019,American Indian/Alaskan Native (includes Hispanic),
19,Iowa,19121,Madison,2015,2019,White (includes Hispanic),7.3
19,Iowa,19121,Madison,2016,2020,Asian/Pacific Islander (includes Hispanic),
19,Iowa,19121,Madison,2016,2020,Black (includes Hispanic),
19,Iowa,19121,Madison,2016,2020,Hispanic (all races),
19,Iowa,19121,Madison,2016,2020,American Indian/Alaskan Native (includes Hispanic),
19,Iowa,19121,Madison,2016,2020,White (includes Hispanic),7.0
19,Iowa,19123,Mahaska,2011,2015,Asian/Pacific Islander (includes Hispanic),
19,Iowa,19123,Mahaska,2011,2015,Black (includes Hispanic),
19,Iowa,19123,Mahaska,2011,2015,Hispanic (all races),
19,Iowa,19123,Mahaska,2011,2015,American Indian/Alaskan Native (includes Hispanic),
19,Iowa,19123,Mahaska,2011,2015,White (includes Hispanic),7.8
19,Iowa,19123,Mahaska,2012,2016,Asian/Pacific Islander (includes Hispanic),
19,Iowa,19123,Mahaska,2012,2016,Black (includes Hispanic),
19,Iowa,19123,Mahaska,2012,2016,Hispanic (all races),
19,Iowa,19123,Mahaska,2012,2016,American Indian/Alaskan Native (includes Hispanic),
19,Iowa,19123,Mahaska,2012,2016,White (includes Hispanic),9.7
19,Iowa,19123,Mahaska,2013,2017,Asian/Pacific Islander (includes Hispanic),
19,Iowa,19123,Mahaska,2013,2017,Black (includes Hispanic),
19,Iowa,19123,Mahaska,2013,2017,Hispanic (all races),
19,Iowa,19123,Mahaska,2013,2017,American Indian/Alaskan Native (includes Hispanic),
19,Iowa,19123,Mahaska,2013,2017,White (includes Hispanic),9.8
19,Iowa,19123,Mahaska,2014,2018,Asian/Pacific Islander (includes Hispanic),
19,Iowa,19123,Mahaska,2014,2018,Black (includes Hispanic),
19,Iowa,19123,Mahaska,2014,2018,Hispanic (all races),
19,Iowa,19123,Mahaska,2014,2018,American Indian/Alaskan Native (includes Hispanic),
19,Iowa,19123,Mahaska,2014,2018,White (includes Hispanic),10.1
19,Iowa,19123,Mahaska,2015,2019,Asian/Pacific Islander (includes Hispanic),
19,Iowa,19123,Mahaska,2015,2019,Black (includes Hispanic),
19,Iowa,19123,Mahaska,2015,2019,Hispanic (all races),
19,Iowa,19123,Mahaska,2015,2019,American Indian/Alaskan Native (includes Hispanic),
19,Iowa,19123,Mahaska,2015,2019,White (includes Hispanic),10.2
19,Iowa,19123,Mahaska,2016,2020,Asian/Pacific Islander (includes Hispanic),
19,Iowa,19123,Mahaska,2016,2020,Black (includes Hispanic),
19,Iowa,19123,Mahaska,2016,2020,Hispanic (all races),
19,Iowa,19123,Mahaska,2016,2020,American Indian/Alaskan Native (includes Hispanic),
19,Iowa,19123,Mahaska,2016,2020,White (includes Hispanic),9.3
19,Iowa,19125,Marion,2011,2015,Asian/Pacific Islander (includes Hispanic),
19,Iowa,19125,Marion,2011,2015,Black (includes Hispanic),
19,Iowa,19125,Marion,2011,2015,Hispanic (all races),
19,Iowa,19125,Marion,2011,2015,American Indian/Alaskan Native (includes Hispanic),
19,Iowa,19125,Marion,2011,2015,White (includes Hispanic),6.7
19,Iowa,19125,Marion,2012,2016,Asian/Pacific Islander (includes Hispanic),
19,Iowa,19125,Marion,2012,2016,Black (includes Hispanic),
19,Iowa,19125,Marion,2012,2016,Hispanic (all races),
19,Iowa,19125,Marion,2012,2016,American Indian/Alaskan Native (includes Hispanic),
19,Iowa,19125,Marion,2012,2016,White (includes Hispanic),7.3
19,Iowa,19125,Marion,2013,2017,Asian/Pacific Islander (includes Hispanic),
19,Iowa,19125,Marion,2013,2017,Black (includes Hispanic),
19,Iowa,19125,Marion,2013,2017,Hispanic (all races),
19,Iowa,19125,Marion,2013,2017,American Indian/Alaskan Native (includes Hispanic),
19,Iowa,19125,Marion,2013,2017,White (includes Hispanic),7.6
19,Iowa,19125,Marion,2014,2018,Asian/Pacific Islander (includes Hispanic),
19,Iowa,19125,Marion,2014,2018,Black (includes Hispanic),
19,Iowa,19125,Marion,2014,2018,Hispanic (all races),
19,Iowa,19125,Marion,2014,2018,American Indian/Alaskan Native (includes Hispanic),
19,Iowa,19125,Marion,2014,2018,White (includes Hispanic),8.2
19,Iowa,19125,Marion,2015,2019,Asian/Pacific Islander (includes Hispanic),
19,Iowa,19125,Marion,2015,2019,Black (includes Hispanic),
19,Iowa,19125,Marion,2015,2019,Hispanic (all races),
19,Iowa,19125,Marion,2015,2019,American Indian/Alaskan Native (includes Hispanic),
19,Iowa,19125,Marion,2015,2019,White (includes Hispanic),7.7
19,Iowa,19125,Marion,2016,2020,Asian/Pacific Islander (includes Hispanic),
19,Iowa,19125,Marion,2016,2020,Black (includes Hispanic),
19,Iowa,19125,Marion,2016,2020,Hispanic (all races),
19,Iowa,19125,Marion,2016,2020,American Indian/Alaskan Native (includes Hispanic),
19,Iowa,19125,Marion,2016,2020,White (includes Hispanic),7.3
19,Iowa,19127,Marshall,2011,2015,Asian/Pacific Islander (includes Hispanic),
19,Iowa,19127,Marshall,2011,2015,Black (includes Hispanic),
19,Iowa,19127,Marshall,2011,2015,Hispanic (all races),
19,Iowa,19127,Marshall,2011,2015,American Indian/Alaskan Native (includes Hispanic),
19,Iowa,19127,Marshall,2011,2015,White (includes Hispanic),8.3
19,Iowa,19127,Marshall,2012,2016,Asian/Pacific Islander (includes Hispanic),
19,Iowa,19127,Marshall,2012,2016,Black (includes Hispanic),
19,Iowa,19127,Marshall,2012,2016,Hispanic (all races),
19,Iowa,19127,Marshall,2012,2016,American Indian/Alaskan Native (includes Hispanic),
19,Iowa,19127,Marshall,2012,2016,White (includes Hispanic),9.4
19,Iowa,19127,Marshall,2013,2017,Asian/Pacific Islander (includes Hispanic),
19,Iowa,19127,Marshall,2013,2017,Black (includes Hispanic),
19,Iowa,19127,Marshall,2013,2017,Hispanic (all races),
19,Iowa,19127,Marshall,2013,2017,American Indian/Alaskan Native (includes Hispanic),
19,Iowa,19127,Marshall,2013,2017,White (includes Hispanic),9.6
19,Iowa,19127,Marshall,2014,2018,Asian/Pacific Islander (includes Hispanic),
19,Iowa,19127,Marshall,2014,2018,Black (includes Hispanic),
19,Iowa,19127,Marshall,2014,2018,Hispanic (all races),
19,Iowa,19127,Marshall,2014,2018,American Indian/Alaskan Native (includes Hispanic),
19,Iowa,19127,Marshall,2014,2018,White (includes Hispanic),9.2
19,Iowa,19127,Marshall,2015,2019,Asian/Pacific Islander (includes Hispanic),
19,Iowa,19127,Marshall,2015,2019,Black (includes Hispanic),
19,Iowa,19127,Marshall,2015,2019,Hispanic (all races),
19,Iowa,19127,Marshall,2015,2019,American Indian/Alaskan Native (includes Hispanic),
19,Iowa,19127,Marshall,2015,2019,White (includes Hispanic),7.9
19,Iowa,19127,Marshall,2016,2020,Asian/Pacific Islander (includes Hispanic),
19,Iowa,19127,Marshall,2016,2020,Black (includes Hispanic),
19,Iowa,19127,Marshall,2016,2020,Hispanic (all races),
19,Iowa,19127,Marshall,2016,2020,American Indian/Alaskan Native (includes Hispanic),
19,Iowa,19127,Marshall,2016,2020,White (includes Hispanic),7.7
19,Iowa,19129,Mills,2011,2015,Asian/Pacific Islander (includes Hispanic),
19,Iowa,19129,Mills,2011,2015,Black (includes Hispanic),
19,Iowa,19129,Mills,2011,2015,Hispanic (all races),
19,Iowa,19129,Mills,2011,2015,American Indian/Alaskan Native (includes Hispanic),
19,Iowa,19129,Mills,2011,2015,White (includes Hispanic),7.9
19,Iowa,19129,Mills,2012,2016,Asian/Pacific Islander (includes Hispanic),
19,Iowa,19129,Mills,2012,2016,Black (includes Hispanic),
19,Iowa,19129,Mills,2012,2016,Hispanic (all races),
19,Iowa,19129,Mills,2012,2016,American Indian/Alaskan Native (includes Hispanic),
19,Iowa,19129,Mills,2012,2016,White (includes Hispanic),7.9
19,Iowa,19129,Mills,2013,2017,Asian/Pacific Islander (includes Hispanic),
19,Iowa,19129,Mills,2013,2017,Black (includes Hispanic),
19,Iowa,19129,Mills,2013,2017,Hispanic (all races),
19,Iowa,19129,Mills,2013,2017,American Indian/Alaskan Native (includes Hispanic),
19,Iowa,19129,Mills,2013,2017,White (includes Hispanic),8.7
19,Iowa,19129,Mills,2014,2018,Asian/Pacific Islander (includes Hispanic),
19,Iowa,19129,Mills,2014,2018,Black (includes Hispanic),
19,Iowa,19129,Mills,2014,2018,Hispanic (all races),
19,Iowa,19129,Mills,2014,2018,American Indian/Alaskan Native (includes Hispanic),
19,Iowa,19129,Mills,2014,2018,White (includes Hispanic),9.0
19,Iowa,19129,Mills,2015,2019,Asian/Pacific Islander (includes Hispanic),
19,Iowa,19129,Mills,2015,2019,Black (includes Hispanic),
19,Iowa,19129,Mills,2015,2019,Hispanic (all races),
19,Iowa,19129,Mills,2015,2019,American Indian/Alaskan Native (includes Hispanic),
19,Iowa,19129,Mills,2015,2019,White (includes Hispanic),8.8
19,Iowa,19129,Mills,2016,2020,Asian/Pacific Islander (includes Hispanic),
19,Iowa,19129,Mills,2016,2020,Black (includes Hispanic),
19,Iowa,19129,Mills,2016,2020,Hispanic (all races),
19,Iowa,19129,Mills,2016,2020,American Indian/Alaskan Native (includes Hispanic),
19,Iowa,19129,Mills,2016,2020,White (includes Hispanic),8.3
19,Iowa,19131,Mitchell,2011,2015,Asian/Pacific Islander (includes Hispanic),
19,Iowa,19131,Mitchell,2011,2015,Black (includes Hispanic),
19,Iowa,19131,Mitchell,2011,2015,Hispanic (all races),
19,Iowa,19131,Mitchell,2011,2015,American Indian/Alaskan Native (includes Hispanic),
19,Iowa,19131,Mitchell,2011,2015,White (includes Hispanic),6.5
19,Iowa,19131,Mitchell,2012,2016,Asian/Pacific Islander (includes Hispanic),
19,Iowa,19131,Mitchell,2012,2016,Black (includes Hispanic),
19,Iowa,19131,Mitchell,2012,2016,Hispanic (all races),
19,Iowa,19131,Mitchell,2012,2016,American Indian/Alaskan Native (includes Hispanic),
19,Iowa,19131,Mitchell,2012,2016,White (includes Hispanic),6.5
19,Iowa,19131,Mitchell,2013,2017,Asian/Pacific Islander (includes Hispanic),
19,Iowa,19131,Mitchell,2013,2017,Black (includes Hispanic),
19,Iowa,19131,Mitchell,2013,2017,Hispanic (all races),
19,Iowa,19131,Mitchell,2013,2017,American Indian/Alaskan Native (includes Hispanic),
19,Iowa,19131,Mitchell,2013,2017,White (includes Hispanic),7.2
19,Iowa,19131,Mitchell,2014,2018,Asian/Pacific Islander (includes Hispanic),
19,Iowa,19131,Mitchell,2014,2018,Black (includes Hispanic),
19,Iowa,19131,Mitchell,2014,2018,Hispanic (all races),
19,Iowa,19131,Mitchell,2014,2018,American Indian/Alaskan Native (includes Hispanic),
19,Iowa,19131,Mitchell,2014,2018,White (includes Hispanic),
19,Iowa,19131,Mitchell,2015,2019,Asian/Pacific Islander (includes Hispanic),
19,Iowa,19131,Mitchell,2015,2019,Black (includes Hispanic),
19,Iowa,19131,Mitchell,2015,2019,Hispanic (all races),
19,Iowa,19131,Mitchell,2015,2019,American Indian/Alaskan Native (includes Hispanic),
19,Iowa,19131,Mitchell,2015,2019,White (includes Hispanic),6.9
19,Iowa,19131,Mitchell,2016,2020,Asian/Pacific Islander (includes Hispanic),
19,Iowa,19131,Mitchell,2016,2020,Black (includes Hispanic),
19,Iowa,19131,Mitchell,2016,2020,Hispanic (all races),
19,Iowa,19131,Mitchell,2016,2020,American Indian/Alaskan Native (includes Hispanic),
19,Iowa,19131,Mitchell,2016,2020,White (includes Hispanic),7.2
19,Iowa,19133,Monona,2011,2015,Asian/Pacific Islander (includes Hispanic),
19,Iowa,19133,Monona,2011,2015,Black (includes Hispanic),
19,Iowa,19133,Monona,2011,2015,Hispanic (all races),
19,Iowa,19133,Monona,2011,2015,American Indian/Alaskan Native (includes Hispanic),
19,Iowa,19133,Monona,2011,2015,White (includes Hispanic),8.4
19,Iowa,19133,Monona,2012,2016,Asian/Pacific Islander (includes Hispanic),
19,Iowa,19133,Monona,2012,2016,Black (includes Hispanic),
19,Iowa,19133,Monona,2012,2016,Hispanic (all races),
19,Iowa,19133,Monona,2012,2016,American Indian/Alaskan Native (includes Hispanic),
19,Iowa,19133,Monona,2012,2016,White (includes Hispanic),7.7
19,Iowa,19133,Monona,2013,2017,Asian/Pacific Islander (includes Hispanic),
19,Iowa,19133,Monona,2013,2017,Black (includes Hispanic),
19,Iowa,19133,Monona,2013,2017,Hispanic (all races),
19,Iowa,19133,Monona,2013,2017,American Indian/Alaskan Native (includes Hispanic),
19,Iowa,19133,Monona,2013,2017,White (includes Hispanic),8.6
19,Iowa,19133,Monona,2014,2018,Asian/Pacific Islander (includes Hispanic),
19,Iowa,19133,Monona,2014,2018,Black (includes Hispanic),
19,Iowa,19133,Monona,2014,2018,Hispanic (all races),
19,Iowa,19133,Monona,2014,2018,American Indian/Alaskan Native (includes Hispanic),
19,Iowa,19133,Monona,2014,2018,White (includes Hispanic),9.8
19,Iowa,19133,Monona,2015,2019,Asian/Pacific Islander (includes Hispanic),
19,Iowa,19133,Monona,2015,2019,Black (includes Hispanic),
19,Iowa,19133,Monona,2015,2019,Hispanic (all races),
19,Iowa,19133,Monona,2015,2019,American Indian/Alaskan Native (includes Hispanic),
19,Iowa,19133,Monona,2015,2019,White (includes Hispanic),9.9
19,Iowa,19133,Monona,2016,2020,Asian/Pacific Islander (includes Hispanic),
19,Iowa,19133,Monona,2016,2020,Black (includes Hispanic),
19,Iowa,19133,Monona,2016,2020,Hispanic (all races),
19,Iowa,19133,Monona,2016,2020,American Indian/Alaskan Native (includes Hispanic),
19,Iowa,19133,Monona,2016,2020,White (includes Hispanic),9.6
19,Iowa,19135,Monroe,2011,2015,Asian/Pacific Islander (includes Hispanic),
19,Iowa,19135,Monroe,2011,2015,Black (includes Hispanic),
19,Iowa,19135,Monroe,2011,2015,Hispanic (all races),
19,Iowa,19135,Monroe,2011,2015,American Indian/Alaskan Native (includes Hispanic),
19,Iowa,19135,Monroe,2011,2015,White (includes Hispanic),5.7
19,Iowa,19135,Monroe,2012,2016,Asian/Pacific Islander (includes Hispanic),
19,Iowa,19135,Monroe,2012,2016,Black (includes Hispanic),
19,Iowa,19135,Monroe,2012,2016,Hispanic (all races),
19,Iowa,19135,Monroe,2012,2016,American Indian/Alaskan Native (includes Hispanic),
19,Iowa,19135,Monroe,2012,2016,White (includes Hispanic),7.8
19,Iowa,19135,Monroe,2013,2017,Asian/Pacific Islander (includes Hispanic),
19,Iowa,19135,Monroe,2013,2017,Black (includes Hispanic),
19,Iowa,19135,Monroe,2013,2017,Hispanic (all races),
19,Iowa,19135,Monroe,2013,2017,American Indian/Alaskan Native (includes Hispanic),
19,Iowa,19135,Monroe,2013,2017,White (includes Hispanic),7.9
19,Iowa,19135,Monroe,2014,2018,Asian/Pacific Islander (includes Hispanic),
19,Iowa,19135,Monroe,2014,2018,Black (includes Hispanic),
19,Iowa,19135,Monroe,2014,2018,Hispanic (all races),
19,Iowa,19135,Monroe,2014,2018,American Indian/Alaskan Native (includes Hispanic),
19,Iowa,19135,Monroe,2014,2018,White (includes Hispanic),7.6
19,Iowa,19135,Monroe,2015,2019,Asian/Pacific Islander (includes Hispanic),
19,Iowa,19135,Monroe,2015,2019,Black (includes Hispanic),
19,Iowa,19135,Monroe,2015,2019,Hispanic (all races),
19,Iowa,19135,Monroe,2015,2019,American Indian/Alaskan Native (includes Hispanic),
19,Iowa,19135,Monroe,2015,2019,White (includes Hispanic),8.7
19,Iowa,19135,Monroe,2016,2020,Asian/Pacific Islander (includes Hispanic),
19,Iowa,19135,Monroe,2016,2020,Black (includes Hispanic),
19,Iowa,19135,Monroe,2016,2020,Hispanic (all races),
19,Iowa,19135,Monroe,2016,2020,American Indian/Alaskan Native (includes Hispanic),
19,Iowa,19135,Monroe,2016,2020,White (includes Hispanic),7.9
19,Iowa,19137,Montgomery,2011,2015,Asian/Pacific Islander (includes Hispanic),
19,Iowa,19137,Montgomery,2011,2015,Black (includes Hispanic),
19,Iowa,19137,Montgomery,2011,2015,Hispanic (all races),
19,Iowa,19137,Montgomery,2011,2015,American Indian/Alaskan Native (includes Hispanic),
19,Iowa,19137,Montgomery,2011,2015,White (includes Hispanic),10.4
19,Iowa,19137,Montgomery,2012,2016,Asian/Pacific Islander (includes Hispanic),
19,Iowa,19137,Montgomery,2012,2016,Black (includes Hispanic),
19,Iowa,19137,Montgomery,2012,2016,Hispanic (all races),
19,Iowa,19137,Montgomery,2012,2016,American Indian/Alaskan Native (includes Hispanic),
19,Iowa,19137,Montgomery,2012,2016,White (includes Hispanic),10.8
19,Iowa,19137,Montgomery,2013,2017,Asian/Pacific Islander (includes Hispanic),
19,Iowa,19137,Montgomery,2013,2017,Black (includes Hispanic),
19,Iowa,19137,Montgomery,2013,2017,Hispanic (all races),
19,Iowa,19137,Montgomery,2013,2017,American Indian/Alaskan Native (includes Hispanic),
19,Iowa,19137,Montgomery,2013,2017,White (includes Hispanic),11.5
19,Iowa,19137,Montgomery,2014,2018,Asian/Pacific Islander (includes Hispanic),
19,Iowa,19137,Montgomery,2014,2018,Black (includes Hispanic),
19,Iowa,19137,Montgomery,2014,2018,Hispanic (all races),
19,Iowa,19137,Montgomery,2014,2018,American Indian/Alaskan Native (includes Hispanic),
19,Iowa,19137,Montgomery,2014,2018,White (includes Hispanic),12.2
19,Iowa,19137,Montgomery,2015,2019,Asian/Pacific Islander (includes Hispanic),
19,Iowa,19137,Montgomery,2015,2019,Black (includes Hispanic),
19,Iowa,19137,Montgomery,2015,2019,Hispanic (all races),
19,Iowa,19137,Montgomery,2015,2019,American Indian/Alaskan Native (includes Hispanic),
19,Iowa,19137,Montgomery,2015,2019,White (includes Hispanic),12.7
19,Iowa,19137,Montgomery,2016,2020,Asian/Pacific Islander (includes Hispanic),
19,Iowa,19137,Montgomery,2016,2020,Black (includes Hispanic),
19,Iowa,19137,Montgomery,2016,2020,Hispanic (all races),
19,Iowa,19137,Montgomery,2016,2020,American Indian/Alaskan Native (includes Hispanic),
19,Iowa,19137,Montgomery,2016,2020,White (includes Hispanic),11.2
19,Iowa,19139,Muscatine,2011,2015,Asian/Pacific Islander (includes Hispanic),
19,Iowa,19139,Muscatine,2011,2015,Black (includes Hispanic),
19,Iowa,19139,Muscatine,2011,2015,Hispanic (all races),
19,Iowa,19139,Muscatine,2011,2015,American Indian/Alaskan Native (includes Hispanic),
19,Iowa,19139,Muscatine,2011,2015,White (includes Hispanic),8.7
19,Iowa,19139,Muscatine,2012,2016,Asian/Pacific Islander (includes Hispanic),
19,Iowa,19139,Muscatine,2012,2016,Black (includes Hispanic),
19,Iowa,19139,Muscatine,2012,2016,Hispanic (all races),
19,Iowa,19139,Muscatine,2012,2016,American Indian/Alaskan Native (includes Hispanic),
19,Iowa,19139,Muscatine,2012,2016,White (includes Hispanic),8.0
19,Iowa,19139,Muscatine,2013,2017,Asian/Pacific Islander (includes Hispanic),
19,Iowa,19139,Muscatine,2013,2017,Black (includes Hispanic),
19,Iowa,19139,Muscatine,2013,2017,Hispanic (all races),
19,Iowa,19139,Muscatine,2013,2017,American Indian/Alaskan Native (includes Hispanic),
19,Iowa,19139,Muscatine,2013,2017,White (includes Hispanic),8.1
19,Iowa,19139,Muscatine,2014,2018,Asian/Pacific Islander (includes Hispanic),
19,Iowa,19139,Muscatine,2014,2018,Black (includes Hispanic),
19,Iowa,19139,Muscatine,2014,2018,Hispanic (all races),
19,Iowa,19139,Muscatine,2014,2018,American Indian/Alaskan Native (includes Hispanic),
19,Iowa,19139,Muscatine,2014,2018,White (includes Hispanic),9.1
19,Iowa,19139,Muscatine,2015,2019,Asian/Pacific Islander (includes Hispanic),
19,Iowa,19139,Muscatine,2015,2019,Black (includes Hispanic),
19,Iowa,19139,Muscatine,2015,2019,Hispanic (all races),
19,Iowa,19139,Muscatine,2015,2019,American Indian/Alaskan Native (includes Hispanic),
19,Iowa,19139,Muscatine,2015,2019,White (includes Hispanic),8.6
19,Iowa,19139,Muscatine,2016,2020,Asian/Pacific Islander (includes Hispanic),
19,Iowa,19139,Muscatine,2016,2020,Black (includes Hispanic),
19,Iowa,19139,Muscatine,2016,2020,Hispanic (all races),
19,Iowa,19139,Muscatine,2016,2020,American Indian/Alaskan Native (includes Hispanic),
19,Iowa,19139,Muscatine,2016,2020,White (includes Hispanic),8.5
19,Iowa,19141,O'Brien,2011,2015,Asian/Pacific Islander (includes Hispanic),
19,Iowa,19141,O'Brien,2011,2015,Black (includes Hispanic),
19,Iowa,19141,O'Brien,2011,2015,Hispanic (all races),
19,Iowa,19141,O'Brien,2011,2015,American Indian/Alaskan Native (includes Hispanic),
19,Iowa,19141,O'Brien,2011,2015,White (includes Hispanic),5.5
19,Iowa,19141,O'Brien,2012,2016,Asian/Pacific Islander (includes Hispanic),
19,Iowa,19141,O'Brien,2012,2016,Black (includes Hispanic),
19,Iowa,19141,O'Brien,2012,2016,Hispanic (all races),
19,Iowa,19141,O'Brien,2012,2016,American Indian/Alaskan Native (includes Hispanic),
19,Iowa,19141,O'Brien,2012,2016,White (includes Hispanic),
19,Iowa,19141,O'Brien,2013,2017,Asian/Pacific Islander (includes Hispanic),
19,Iowa,19141,O'Brien,2013,2017,Black (includes Hispanic),
19,Iowa,19141,O'Brien,2013,2017,Hispanic (all races),
19,Iowa,19141,O'Brien,2013,2017,American Indian/Alaskan Native (includes Hispanic),
19,Iowa,19141,O'Brien,2013,2017,White (includes Hispanic),
19,Iowa,19141,O'Brien,2014,2018,Asian/Pacific Islander (includes Hispanic),
19,Iowa,19141,O'Brien,2014,2018,Black (includes Hispanic),
19,Iowa,19141,O'Brien,2014,2018,Hispanic (all races),
19,Iowa,19141,O'Brien,2014,2018,American Indian/Alaskan Native (includes Hispanic),
19,Iowa,19141,O'Brien,2014,2018,White (includes Hispanic),
19,Iowa,19141,O'Brien,2015,2019,Asian/Pacific Islander (includes Hispanic),
19,Iowa,19141,O'Brien,2015,2019,Black (includes Hispanic),
19,Iowa,19141,O'Brien,2015,2019,Hispanic (all races),
19,Iowa,19141,O'Brien,2015,2019,American Indian/Alaskan Native (includes Hispanic),
19,Iowa,19141,O'Brien,2015,2019,White (includes Hispanic),
19,Iowa,19141,O'Brien,2016,2020,Asian/Pacific Islander (includes Hispanic),
19,Iowa,19141,O'Brien,2016,2020,Black (includes Hispanic),
19,Iowa,19141,O'Brien,2016,2020,Hispanic (all races),
19,Iowa,19141,O'Brien,2016,2020,American Indian/Alaskan Native (includes Hispanic),
19,Iowa,19141,O'Brien,2016,2020,White (includes Hispanic),
19,Iowa,19143,Osceola,2011,2015,Asian/Pacific Islander (includes Hispanic),
19,Iowa,19143,Osceola,2011,2015,Black (includes Hispanic),
19,Iowa,19143,Osceola,2011,2015,Hispanic (all races),
19,Iowa,19143,Osceola,2011,2015,American Indian/Alaskan Native (includes Hispanic),
19,Iowa,19143,Osceola,2011,2015,White (includes Hispanic),
19,Iowa,19143,Osceola,2012,2016,Asian/Pacific Islander (includes Hispanic),
19,Iowa,19143,Osceola,2012,2016,Black (includes Hispanic),
19,Iowa,19143,Osceola,2012,2016,Hispanic (all races),
19,Iowa,19143,Osceola,2012,2016,American Indian/Alaskan Native (includes Hispanic),
19,Iowa,19143,Osceola,2012,2016,White (includes Hispanic),
19,Iowa,19143,Osceola,2013,2017,Asian/Pacific Islander (includes Hispanic),
19,Iowa,19143,Osceola,2013,2017,Black (includes Hispanic),
19,Iowa,19143,Osceola,2013,2017,Hispanic (all races),
19,Iowa,19143,Osceola,2013,2017,American Indian/Alaskan Native (includes Hispanic),
19,Iowa,19143,Osceola,2013,2017,White (includes Hispanic),
19,Iowa,19143,Osceola,2014,2018,Asian/Pacific Islander (includes Hispanic),
19,Iowa,19143,Osceola,2014,2018,Black (includes Hispanic),
19,Iowa,19143,Osceola,2014,2018,Hispanic (all races),
19,Iowa,19143,Osceola,2014,2018,American Indian/Alaskan Native (includes Hispanic),
19,Iowa,19143,Osceola,2014,2018,White (includes Hispanic),
19,Iowa,19143,Osceola,2015,2019,Asian/Pacific Islander (includes Hispanic),
19,Iowa,19143,Osceola,2015,2019,Black (includes Hispanic),
19,Iowa,19143,Osceola,2015,2019,Hispanic (all races),
19,Iowa,19143,Osceola,2015,2019,American Indian/Alaskan Native (includes Hispanic),
19,Iowa,19143,Osceola,2015,2019,White (includes Hispanic),
19,Iowa,19143,Osceola,2016,2020,Asian/Pacific Islander (includes Hispanic),
19,Iowa,19143,Osceola,2016,2020,Black (includes Hispanic),
19,Iowa,19143,Osceola,2016,2020,Hispanic (all races),
19,Iowa,19143,Osceola,2016,2020,American Indian/Alaskan Native (includes Hispanic),
19,Iowa,19143,Osceola,2016,2020,White (includes Hispanic),
19,Iowa,19145,Page,2011,2015,Asian/Pacific Islander (includes Hispanic),
19,Iowa,19145,Page,2011,2015,Black (includes Hispanic),
19,Iowa,19145,Page,2011,2015,Hispanic (all races),
19,Iowa,19145,Page,2011,2015,American Indian/Alaskan Native (includes Hispanic),
19,Iowa,19145,Page,2011,2015,White (includes Hispanic),10.4
19,Iowa,19145,Page,2012,2016,Asian/Pacific Islander (includes Hispanic),
19,Iowa,19145,Page,2012,2016,Black (includes Hispanic),
19,Iowa,19145,Page,2012,2016,Hispanic (all races),
19,Iowa,19145,Page,2012,2016,American Indian/Alaskan Native (includes Hispanic),
19,Iowa,19145,Page,2012,2016,White (includes Hispanic),
19,Iowa,19145,Page,2013,2017,Asian/Pacific Islander (includes Hispanic),
19,Iowa,19145,Page,2013,2017,Black (includes Hispanic),
19,Iowa,19145,Page,2013,2017,Hispanic (all races),
19,Iowa,19145,Page,2013,2017,American Indian/Alaskan Native (includes Hispanic),
19,Iowa,19145,Page,2013,2017,White (includes Hispanic),
19,Iowa,19145,Page,2014,2018,Asian/Pacific Islander (includes Hispanic),
19,Iowa,19145,Page,2014,2018,Black (includes Hispanic),
19,Iowa,19145,Page,2014,2018,Hispanic (all races),
19,Iowa,19145,Page,2014,2018,American Indian/Alaskan Native (includes Hispanic),
19,Iowa,19145,Page,2014,2018,White (includes Hispanic),
19,Iowa,19145,Page,2015,2019,Asian/Pacific Islander (includes Hispanic),
19,Iowa,19145,Page,2015,2019,Black (includes Hispanic),
19,Iowa,19145,Page,2015,2019,Hispanic (all races),
19,Iowa,19145,Page,2015,2019,American Indian/Alaskan Native (includes Hispanic),
19,Iowa,19145,Page,2015,2019,White (includes Hispanic),11.7
19,Iowa,19145,Page,2016,2020,Asian/Pacific Islander (includes Hispanic),
19,Iowa,19145,Page,2016,2020,Black (includes Hispanic),
19,Iowa,19145,Page,2016,2020,Hispanic (all races),
19,Iowa,19145,Page,2016,2020,American Indian/Alaskan Native (includes Hispanic),
19,Iowa,19145,Page,2016,2020,White (includes Hispanic),12.5
19,Iowa,19147,Palo Alto,2011,2015,Asian/Pacific Islander (includes Hispanic),
19,Iowa,19147,Palo Alto,2011,2015,Black (includes Hispanic),
19,Iowa,19147,Palo Alto,2011,2015,Hispanic (all races),
19,Iowa,19147,Palo Alto,2011,2015,American Indian/Alaskan Native (includes Hispanic),
19,Iowa,19147,Palo Alto,2011,2015,White (includes Hispanic),
19,Iowa,19147,Palo Alto,2012,2016,Asian/Pacific Islander (includes Hispanic),
19,Iowa,19147,Palo Alto,2012,2016,Black (includes Hispanic),
19,Iowa,19147,Palo Alto,2012,2016,Hispanic (all races),
19,Iowa,19147,Palo Alto,2012,2016,American Indian/Alaskan Native (includes Hispanic),
19,Iowa,19147,Palo Alto,2012,2016,White (includes Hispanic),
19,Iowa,19147,Palo Alto,2013,2017,Asian/Pacific Islander (includes Hispanic),
19,Iowa,19147,Palo Alto,2013,2017,Black (includes Hispanic),
19,Iowa,19147,Palo Alto,2013,2017,Hispanic (all races),
19,Iowa,19147,Palo Alto,2013,2017,American Indian/Alaskan Native (includes Hispanic),
19,Iowa,19147,Palo Alto,2013,2017,White (includes Hispanic),
19,Iowa,19147,Palo Alto,2014,2018,Asian/Pacific Islander (includes Hispanic),
19,Iowa,19147,Palo Alto,2014,2018,Black (includes Hispanic),
19,Iowa,19147,Palo Alto,2014,2018,Hispanic (all races),
19,Iowa,19147,Palo Alto,2014,2018,American Indian/Alaskan Native (includes Hispanic),
19,Iowa,19147,Palo Alto,2014,2018,White (includes Hispanic),
19,Iowa,19147,Palo Alto,2015,2019,Asian/Pacific Islander (includes Hispanic),
19,Iowa,19147,Palo Alto,2015,2019,Black (includes Hispanic),
19,Iowa,19147,Palo Alto,2015,2019,Hispanic (all races),
19,Iowa,19147,Palo Alto,2015,2019,American Indian/Alaskan Native (includes Hispanic),
19,Iowa,19147,Palo Alto,2015,2019,White (includes Hispanic),
19,Iowa,19147,Palo Alto,2016,2020,Asian/Pacific Islander (includes Hispanic),
19,Iowa,19147,Palo Alto,2016,2020,Black (includes Hispanic),
19,Iowa,19147,Palo Alto,2016,2020,Hispanic (all races),
19,Iowa,19147,Palo Alto,2016,2020,American Indian/Alaskan Native (includes Hispanic),
19,Iowa,19147,Palo Alto,2016,2020,White (includes Hispanic),
19,Iowa,19149,Plymouth,2011,2015,Asian/Pacific Islander (includes Hispanic),
19,Iowa,19149,Plymouth,2011,2015,Black (includes Hispanic),
19,Iowa,19149,Plymouth,2011,2015,Hispanic (all races),
19,Iowa,19149,Plymouth,2011,2015,American Indian/Alaskan Native (includes Hispanic),
19,Iowa,19149,Plymouth,2011,2015,White (includes Hispanic),7.3
19,Iowa,19149,Plymouth,2012,2016,Asian/Pacific Islander (includes Hispanic),
19,Iowa,19149,Plymouth,2012,2016,Black (includes Hispanic),
19,Iowa,19149,Plymouth,2012,2016,Hispanic (all races),
19,Iowa,19149,Plymouth,2012,2016,American Indian/Alaskan Native (includes Hispanic),
19,Iowa,19149,Plymouth,2012,2016,White (includes Hispanic),7.4
19,Iowa,19149,Plymouth,2013,2017,Asian/Pacific Islander (includes Hispanic),
19,Iowa,19149,Plymouth,2013,2017,Black (includes Hispanic),
19,Iowa,19149,Plymouth,2013,2017,Hispanic (all races),
19,Iowa,19149,Plymouth,2013,2017,American Indian/Alaskan Native (includes Hispanic),
19,Iowa,19149,Plymouth,2013,2017,White (includes Hispanic),7.2
19,Iowa,19149,Plymouth,2014,2018,Asian/Pacific Islander (includes Hispanic),
19,Iowa,19149,Plymouth,2014,2018,Black (includes Hispanic),
19,Iowa,19149,Plymouth,2014,2018,Hispanic (all races),
19,Iowa,19149,Plymouth,2014,2018,American Indian/Alaskan Native (includes Hispanic),
19,Iowa,19149,Plymouth,2014,2018,White (includes Hispanic),7.7
19,Iowa,19149,Plymouth,2015,2019,Asian/Pacific Islander (includes Hispanic),
19,Iowa,19149,Plymouth,2015,2019,Black (includes Hispanic),
19,Iowa,19149,Plymouth,2015,2019,Hispanic (all races),
19,Iowa,19149,Plymouth,2015,2019,American Indian/Alaskan Native (includes Hispanic),
19,Iowa,19149,Plymouth,2015,2019,White (includes Hispanic),7.2
19,Iowa,19149,Plymouth,2016,2020,Asian/Pacific Islander (includes Hispanic),
19,Iowa,19149,Plymouth,2016,2020,Black (includes Hispanic),
19,Iowa,19149,Plymouth,2016,2020,Hispanic (all races),
19,Iowa,19149,Plymouth,2016,2020,American Indian/Alaskan Native (includes Hispanic),
19,Iowa,19149,Plymouth,2016,2020,White (includes Hispanic),7.0
19,Iowa,19151,Pocahontas,2011,2015,Asian/Pacific Islander (includes Hispanic),
19,Iowa,19151,Pocahontas,2011,2015,Black (includes Hispanic),
19,Iowa,19151,Pocahontas,2011,2015,Hispanic (all races),
19,Iowa,19151,Pocahontas,2011,2015,American Indian/Alaskan Native (includes Hispanic),
19,Iowa,19151,Pocahontas,2011,2015,White (includes Hispanic),7.0
19,Iowa,19151,Pocahontas,2012,2016,Asian/Pacific Islander (includes Hispanic),
19,Iowa,19151,Pocahontas,2012,2016,Black (includes Hispanic),
19,Iowa,19151,Pocahontas,2012,2016,Hispanic (all races),
19,Iowa,19151,Pocahontas,2012,2016,American Indian/Alaskan Native (includes Hispanic),
19,Iowa,19151,Pocahontas,2012,2016,White (includes Hispanic),6.2
19,Iowa,19151,Pocahontas,2013,2017,Asian/Pacific Islander (includes Hispanic),
19,Iowa,19151,Pocahontas,2013,2017,Black (includes Hispanic),
19,Iowa,19151,Pocahontas,2013,2017,Hispanic (all races),
19,Iowa,19151,Pocahontas,2013,2017,American Indian/Alaskan Native (includes Hispanic),
19,Iowa,19151,Pocahontas,2013,2017,White (includes Hispanic),7.3
19,Iowa,19151,Pocahontas,2014,2018,Asian/Pacific Islander (includes Hispanic),
19,Iowa,19151,Pocahontas,2014,2018,Black (includes Hispanic),
19,Iowa,19151,Pocahontas,2014,2018,Hispanic (all races),
19,Iowa,19151,Pocahontas,2014,2018,American Indian/Alaskan Native (includes Hispanic),
19,Iowa,19151,Pocahontas,2014,2018,White (includes Hispanic),9.2
19,Iowa,19151,Pocahontas,2015,2019,Asian/Pacific Islander (includes Hispanic),
19,Iowa,19151,Pocahontas,2015,2019,Black (includes Hispanic),
19,Iowa,19151,Pocahontas,2015,2019,Hispanic (all races),
19,Iowa,19151,Pocahontas,2015,2019,American Indian/Alaskan Native (includes Hispanic),
19,Iowa,19151,Pocahontas,2015,2019,White (includes Hispanic),7.8
19,Iowa,19151,Pocahontas,2016,2020,Asian/Pacific Islander (includes Hispanic),
19,Iowa,19151,Pocahontas,2016,2020,Black (includes Hispanic),
19,Iowa,19151,Pocahontas,2016,2020,Hispanic (all races),
19,Iowa,19151,Pocahontas,2016,2020,American Indian/Alaskan Native (includes Hispanic),
19,Iowa,19151,Pocahontas,2016,2020,White (includes Hispanic),6.5
19,Iowa,19153,Polk,2011,2015,Asian/Pacific Islander (includes Hispanic),
19,Iowa,19153,Polk,2011,2015,Black (includes Hispanic),
19,Iowa,19153,Polk,2011,2015,Hispanic (all races),
19,Iowa,19153,Polk,2011,2015,American Indian/Alaskan Native (includes Hispanic),
19,Iowa,19153,Polk,2011,2015,White (includes Hispanic),6.3
19,Iowa,19153,Polk,2012,2016,Asian/Pacific Islander (includes Hispanic),
19,Iowa,19153,Polk,2012,2016,Black (includes Hispanic),
19,Iowa,19153,Polk,2012,2016,Hispanic (all races),
19,Iowa,19153,Polk,2012,2016,American Indian/Alaskan Native (includes Hispanic),
19,Iowa,19153,Polk,2012,2016,White (includes Hispanic),6.6
19,Iowa,19153,Polk,2013,2017,Asian/Pacific Islander (includes Hispanic),
19,Iowa,19153,Polk,2013,2017,Black (includes Hispanic),
19,Iowa,19153,Polk,2013,2017,Hispanic (all races),
19,Iowa,19153,Polk,2013,2017,American Indian/Alaskan Native (includes Hispanic),
19,Iowa,19153,Polk,2013,2017,White (includes Hispanic),7.2
19,Iowa,19153,Polk,2014,2018,Asian/Pacific Islander (includes Hispanic),
19,Iowa,19153,Polk,2014,2018,Black (includes Hispanic),
19,Iowa,19153,Polk,2014,2018,Hispanic (all races),
19,Iowa,19153,Polk,2014,2018,American Indian/Alaskan Native (includes Hispanic),
19,Iowa,19153,Polk,2014,2018,White (includes Hispanic),7.5
19,Iowa,19153,Polk,2015,2019,Asian/Pacific Islander (includes Hispanic),
19,Iowa,19153,Polk,2015,2019,Black (includes Hispanic),
19,Iowa,19153,Polk,2015,2019,Hispanic (all races),
19,Iowa,19153,Polk,2015,2019,American Indian/Alaskan Native (includes Hispanic),
19,Iowa,19153,Polk,2015,2019,White (includes Hispanic),7.1
19,Iowa,19153,Polk,2016,2020,Asian/Pacific Islander (includes Hispanic),
19,Iowa,19153,Polk,2016,2020,Black (includes Hispanic),
19,Iowa,19153,Polk,2016,2020,Hispanic (all races),
19,Iowa,19153,Polk,2016,2020,American Indian/Alaskan Native (includes Hispanic),
19,Iowa,19153,Polk,2016,2020,White (includes Hispanic),7.0
19,Iowa,19155,Pottawattamie,2011,2015,Asian/Pacific Islander (includes Hispanic),
19,Iowa,19155,Pottawattamie,2011,2015,Black (includes Hispanic),11.2
19,Iowa,19155,Pottawattamie,2011,2015,Hispanic (all races),
19,Iowa,19155,Pottawattamie,2011,2015,American Indian/Alaskan Native (includes Hispanic),
19,Iowa,19155,Pottawattamie,2011,2015,White (includes Hispanic),7.9
19,Iowa,19155,Pottawattamie,2012,2016,Asian/Pacific Islander (includes Hispanic),
19,Iowa,19155,Pottawattamie,2012,2016,Black (includes Hispanic),
19,Iowa,19155,Pottawattamie,2012,2016,Hispanic (all races),
19,Iowa,19155,Pottawattamie,2012,2016,American Indian/Alaskan Native (includes Hispanic),
19,Iowa,19155,Pottawattamie,2012,2016,White (includes Hispanic),7.7
19,Iowa,19155,Pottawattamie,2013,2017,Asian/Pacific Islander (includes Hispanic),
19,Iowa,19155,Pottawattamie,2013,2017,Black (includes Hispanic),11.4
19,Iowa,19155,Pottawattamie,2013,2017,Hispanic (all races),16.5
19,Iowa,19155,Pottawattamie,2013,2017,American Indian/Alaskan Native (includes Hispanic),
19,Iowa,19155,Pottawattamie,2013,2017,White (includes Hispanic),8.3
19,Iowa,19155,Pottawattamie,2014,2018,Asian/Pacific Islander (includes Hispanic),
19,Iowa,19155,Pottawattamie,2014,2018,Black (includes Hispanic),13.7
19,Iowa,19155,Pottawattamie,2014,2018,Hispanic (all races),15.4
19,Iowa,19155,Pottawattamie,2014,2018,American Indian/Alaskan Native (includes Hispanic),
19,Iowa,19155,Pottawattamie,2014,2018,White (includes Hispanic),8.3
19,Iowa,19155,Pottawattamie,2015,2019,Asian/Pacific Islander (includes Hispanic),
19,Iowa,19155,Pottawattamie,2015,2019,Black (includes Hispanic),10.6
19,Iowa,19155,Pottawattamie,2015,2019,Hispanic (all races),13.4
19,Iowa,19155,Pottawattamie,2015,2019,American Indian/Alaskan Native (includes Hispanic),
19,Iowa,19155,Pottawattamie,2015,2019,White (includes Hispanic),7.8
19,Iowa,19155,Pottawattamie,2016,2020,Asian/Pacific Islander (includes Hispanic),
19,Iowa,19155,Pottawattamie,2016,2020,Black (includes Hispanic),
19,Iowa,19155,Pottawattamie,2016,2020,Hispanic (all races),12.4
19,Iowa,19155,Pottawattamie,2016,2020,American Indian/Alaskan Native (includes Hispanic),
19,Iowa,19155,Pottawattamie,2016,2020,White (includes Hispanic),7.2
19,Iowa,19157,Poweshiek,2011,2015,Asian/Pacific Islander (includes Hispanic),
19,Iowa,19157,Poweshiek,2011,2015,Black (includes Hispanic),
19,Iowa,19157,Poweshiek,2011,2015,Hispanic (all races),
19,Iowa,19157,Poweshiek,2011,2015,American Indian/Alaskan Native (includes Hispanic),
19,Iowa,19157,Poweshiek,2011,2015,White (includes Hispanic),8.6
19,Iowa,19157,Poweshiek,2012,2016,Asian/Pacific Islander (includes Hispanic),
19,Iowa,19157,Poweshiek,2012,2016,Black (includes Hispanic),
19,Iowa,19157,Poweshiek,2012,2016,Hispanic (all races),
19,Iowa,19157,Poweshiek,2012,2016,American Indian/Alaskan Native (includes Hispanic),
19,Iowa,19157,Poweshiek,2012,2016,White (includes Hispanic),9.5
19,Iowa,19157,Poweshiek,2013,2017,Asian/Pacific Islander (includes Hispanic),
19,Iowa,19157,Poweshiek,2013,2017,Black (includes Hispanic),
19,Iowa,19157,Poweshiek,2013,2017,Hispanic (all races),
19,Iowa,19157,Poweshiek,2013,2017,American Indian/Alaskan Native (includes Hispanic),
19,Iowa,19157,Poweshiek,2013,2017,White (includes Hispanic),9.9
19,Iowa,19157,Poweshiek,2014,2018,Asian/Pacific Islander (includes Hispanic),
19,Iowa,19157,Poweshiek,2014,2018,Black (includes Hispanic),
19,Iowa,19157,Poweshiek,2014,2018,Hispanic (all races),
19,Iowa,19157,Poweshiek,2014,2018,American Indian/Alaskan Native (includes Hispanic),
19,Iowa,19157,Poweshiek,2014,2018,White (includes Hispanic),10.1
19,Iowa,19157,Poweshiek,2015,2019,Asian/Pacific Islander (includes Hispanic),
19,Iowa,19157,Poweshiek,2015,2019,Black (includes Hispanic),
19,Iowa,19157,Poweshiek,2015,2019,Hispanic (all races),
19,Iowa,19157,Poweshiek,2015,2019,American Indian/Alaskan Native (includes Hispanic),
19,Iowa,19157,Poweshiek,2015,2019,White (includes Hispanic),8.7
19,Iowa,19157,Poweshiek,2016,2020,Asian/Pacific Islander (includes Hispanic),
19,Iowa,19157,Poweshiek,2016,2020,Black (includes Hispanic),
19,Iowa,19157,Poweshiek,2016,2020,Hispanic (all races),
19,Iowa,19157,Poweshiek,2016,2020,American Indian/Alaskan Native (includes Hispanic),
19,Iowa,19157,Poweshiek,2016,2020,White (includes Hispanic),8.6
19,Iowa,19159,Ringgold,2011,2015,Asian/Pacific Islander (includes Hispanic),
19,Iowa,19159,Ringgold,2011,2015,Black (includes Hispanic),
19,Iowa,19159,Ringgold,2011,2015,Hispanic (all races),
19,Iowa,19159,Ringgold,2011,2015,American Indian/Alaskan Native (includes Hispanic),
19,Iowa,19159,Ringgold,2011,2015,White (includes Hispanic),
19,Iowa,19159,Ringgold,2012,2016,Asian/Pacific Islander (includes Hispanic),
19,Iowa,19159,Ringgold,2012,2016,Black (includes Hispanic),
19,Iowa,19159,Ringgold,2012,2016,Hispanic (all races),
19,Iowa,19159,Ringgold,2012,2016,American Indian/Alaskan Native (includes Hispanic),
19,Iowa,19159,Ringgold,2012,2016,White (includes Hispanic),
19,Iowa,19159,Ringgold,2013,2017,Asian/Pacific Islander (includes Hispanic),
19,Iowa,19159,Ringgold,2013,2017,Black (includes Hispanic),
19,Iowa,19159,Ringgold,2013,2017,Hispanic (all races),
19,Iowa,19159,Ringgold,2013,2017,American Indian/Alaskan Native (includes Hispanic),
19,Iowa,19159,Ringgold,2013,2017,White (includes Hispanic),11.6
19,Iowa,19159,Ringgold,2014,2018,Asian/Pacific Islander (includes Hispanic),
19,Iowa,19159,Ringgold,2014,2018,Black (includes Hispanic),
19,Iowa,19159,Ringgold,2014,2018,Hispanic (all races),
19,Iowa,19159,Ringgold,2014,2018,American Indian/Alaskan Native (includes Hispanic),
19,Iowa,19159,Ringgold,2014,2018,White (includes Hispanic),11.6
19,Iowa,19159,Ringgold,2015,2019,Asian/Pacific Islander (includes Hispanic),
19,Iowa,19159,Ringgold,2015,2019,Black (includes Hispanic),
19,Iowa,19159,Ringgold,2015,2019,Hispanic (all races),
19,Iowa,19159,Ringgold,2015,2019,American Indian/Alaskan Native (includes Hispanic),
19,Iowa,19159,Ringgold,2015,2019,White (includes Hispanic),
19,Iowa,19159,Ringgold,2016,2020,Asian/Pacific Islander (includes Hispanic),
19,Iowa,19159,Ringgold,2016,2020,Black (includes Hispanic),
19,Iowa,19159,Ringgold,2016,2020,Hispanic (all races),
19,Iowa,19159,Ringgold,2016,2020,American Indian/Alaskan Native (includes Hispanic),
19,Iowa,19159,Ringgold,2016,2020,White (includes Hispanic),
19,Iowa,19161,Sac,2011,2015,Asian/Pacific Islander (includes Hispanic),
19,Iowa,19161,Sac,2011,2015,Black (includes Hispanic),
19,Iowa,19161,Sac,2011,2015,Hispanic (all races),
19,Iowa,19161,Sac,2011,2015,American Indian/Alaskan Native (includes Hispanic),
19,Iowa,19161,Sac,2011,2015,White (includes Hispanic),
19,Iowa,19161,Sac,2012,2016,Asian/Pacific Islander (includes Hispanic),
19,Iowa,19161,Sac,2012,2016,Black (includes Hispanic),
19,Iowa,19161,Sac,2012,2016,Hispanic (all races),
19,Iowa,19161,Sac,2012,2016,American Indian/Alaskan Native (includes Hispanic),
19,Iowa,19161,Sac,2012,2016,White (includes Hispanic),
19,Iowa,19161,Sac,2013,2017,Asian/Pacific Islander (includes Hispanic),
19,Iowa,19161,Sac,2013,2017,Black (includes Hispanic),
19,Iowa,19161,Sac,2013,2017,Hispanic (all races),
19,Iowa,19161,Sac,2013,2017,American Indian/Alaskan Native (includes Hispanic),
19,Iowa,19161,Sac,2013,2017,White (includes Hispanic),
19,Iowa,19161,Sac,2014,2018,Asian/Pacific Islander (includes Hispanic),
19,Iowa,19161,Sac,2014,2018,Black (includes Hispanic),
19,Iowa,19161,Sac,2014,2018,Hispanic (all races),
19,Iowa,19161,Sac,2014,2018,American Indian/Alaskan Native (includes Hispanic),
19,Iowa,19161,Sac,2014,2018,White (includes Hispanic),10.0
19,Iowa,19161,Sac,2015,2019,Asian/Pacific Islander (includes Hispanic),
19,Iowa,19161,Sac,2015,2019,Black (includes Hispanic),
19,Iowa,19161,Sac,2015,2019,Hispanic (all races),
19,Iowa,19161,Sac,2015,2019,American Indian/Alaskan Native (includes Hispanic),
19,Iowa,19161,Sac,2015,2019,White (includes Hispanic),9.1
19,Iowa,19161,Sac,2016,2020,Asian/Pacific Islander (includes Hispanic),
19,Iowa,19161,Sac,2016,2020,Black (includes Hispanic),
19,Iowa,19161,Sac,2016,2020,Hispanic (all races),
19,Iowa,19161,Sac,2016,2020,American Indian/Alaskan Native (includes Hispanic),
19,Iowa,19161,Sac,2016,2020,White (includes Hispanic),
19,Iowa,19163,Scott,2011,2015,Asian/Pacific Islander (includes Hispanic),
19,Iowa,19163,Scott,2011,2015,Black (includes Hispanic),
19,Iowa,19163,Scott,2011,2015,Hispanic (all races),
19,Iowa,19163,Scott,2011,2015,American Indian/Alaskan Native (includes Hispanic),
19,Iowa,19163,Scott,2011,2015,White (includes Hispanic),9.8
19,Iowa,19163,Scott,2012,2016,Asian/Pacific Islander (includes Hispanic),
19,Iowa,19163,Scott,2012,2016,Black (includes Hispanic),
19,Iowa,19163,Scott,2012,2016,Hispanic (all races),
19,Iowa,19163,Scott,2012,2016,American Indian/Alaskan Native (includes Hispanic),
19,Iowa,19163,Scott,2012,2016,White (includes Hispanic),9.0
19,Iowa,19163,Scott,2013,2017,Asian/Pacific Islander (includes Hispanic),
19,Iowa,19163,Scott,2013,2017,Black (includes Hispanic),
19,Iowa,19163,Scott,2013,2017,Hispanic (all races),
19,Iowa,19163,Scott,2013,2017,American Indian/Alaskan Native (includes Hispanic),
19,Iowa,19163,Scott,2013,2017,White (includes Hispanic),9.2
19,Iowa,19163,Scott,2014,2018,Asian/Pacific Islander (includes Hispanic),
19,Iowa,19163,Scott,2014,2018,Black (includes Hispanic),
19,Iowa,19163,Scott,2014,2018,Hispanic (all races),
19,Iowa,19163,Scott,2014,2018,American Indian/Alaskan Native (includes Hispanic),
19,Iowa,19163,Scott,2014,2018,White (includes Hispanic),10.0
19,Iowa,19163,Scott,2015,2019,Asian/Pacific Islander (includes Hispanic),
19,Iowa,19163,Scott,2015,2019,Black (includes Hispanic),
19,Iowa,19163,Scott,2015,2019,Hispanic (all races),
19,Iowa,19163,Scott,2015,2019,American Indian/Alaskan Native (includes Hispanic),
19,Iowa,19163,Scott,2015,2019,White (includes Hispanic),9.1
19,Iowa,19163,Scott,2016,2020,Asian/Pacific Islander (includes Hispanic),
19,Iowa,19163,Scott,2016,2020,Black (includes Hispanic),
19,Iowa,19163,Scott,2016,2020,Hispanic (all races),
19,Iowa,19163,Scott,2016,2020,American Indian/Alaskan Native (includes Hispanic),
19,Iowa,19163,Scott,2016,2020,White (includes Hispanic),9.2
19,Iowa,19165,Shelby,2011,2015,Asian/Pacific Islander (includes Hispanic),
19,Iowa,19165,Shelby,2011,2015,Black (includes Hispanic),
19,Iowa,19165,Shelby,2011,2015,Hispanic (all races),
19,Iowa,19165,Shelby,2011,2015,American Indian/Alaskan Native (includes Hispanic),
19,Iowa,19165,Shelby,2011,2015,White (includes Hispanic),8.9
19,Iowa,19165,Shelby,2012,2016,Asian/Pacific Islander (includes Hispanic),
19,Iowa,19165,Shelby,2012,2016,Black (includes Hispanic),
19,Iowa,19165,Shelby,2012,2016,Hispanic (all races),
19,Iowa,19165,Shelby,2012,2016,American Indian/Alaskan Native (includes Hispanic),
19,Iowa,19165,Shelby,2012,2016,White (includes Hispanic),9.9
19,Iowa,19165,Shelby,2013,2017,Asian/Pacific Islander (includes Hispanic),
19,Iowa,19165,Shelby,2013,2017,Black (includes Hispanic),
19,Iowa,19165,Shelby,2013,2017,Hispanic (all races),
19,Iowa,19165,Shelby,2013,2017,American Indian/Alaskan Native (includes Hispanic),
19,Iowa,19165,Shelby,2013,2017,White (includes Hispanic),11.0
19,Iowa,19165,Shelby,2014,2018,Asian/Pacific Islander (includes Hispanic),
19,Iowa,19165,Shelby,2014,2018,Black (includes Hispanic),
19,Iowa,19165,Shelby,2014,2018,Hispanic (all races),
19,Iowa,19165,Shelby,2014,2018,American Indian/Alaskan Native (includes Hispanic),
19,Iowa,19165,Shelby,2014,2018,White (includes Hispanic),11.6
19,Iowa,19165,Shelby,2015,2019,Asian/Pacific Islander (includes Hispanic),
19,Iowa,19165,Shelby,2015,2019,Black (includes Hispanic),
19,Iowa,19165,Shelby,2015,2019,Hispanic (all races),
19,Iowa,19165,Shelby,2015,2019,American Indian/Alaskan Native (includes Hispanic),
19,Iowa,19165,Shelby,2015,2019,White (includes Hispanic),10.6
19,Iowa,19165,Shelby,2016,2020,Asian/Pacific Islander (includes Hispanic),
19,Iowa,19165,Shelby,2016,2020,Black (includes Hispanic),
19,Iowa,19165,Shelby,2016,2020,Hispanic (all races),
19,Iowa,19165,Shelby,2016,2020,American Indian/Alaskan Native (includes Hispanic),
19,Iowa,19165,Shelby,2016,2020,White (includes Hispanic),7.7
19,Iowa,19167,Sioux,2011,2015,Asian/Pacific Islander (includes Hispanic),
19,Iowa,19167,Sioux,2011,2015,Black (includes Hispanic),
19,Iowa,19167,Sioux,2011,2015,Hispanic (all races),
19,Iowa,19167,Sioux,2011,2015,American Indian/Alaskan Native (includes Hispanic),
19,Iowa,19167,Sioux,2011,2015,White (includes Hispanic),5.9
19,Iowa,19167,Sioux,2012,2016,Asian/Pacific Islander (includes Hispanic),
19,Iowa,19167,Sioux,2012,2016,Black (includes Hispanic),
19,Iowa,19167,Sioux,2012,2016,Hispanic (all races),
19,Iowa,19167,Sioux,2012,2016,American Indian/Alaskan Native (includes Hispanic),
19,Iowa,19167,Sioux,2012,2016,White (includes Hispanic),5.1
19,Iowa,19167,Sioux,2013,2017,Asian/Pacific Islander (includes Hispanic),
19,Iowa,19167,Sioux,2013,2017,Black (includes Hispanic),
19,Iowa,19167,Sioux,2013,2017,Hispanic (all races),
19,Iowa,19167,Sioux,2013,2017,American Indian/Alaskan Native (includes Hispanic),
19,Iowa,19167,Sioux,2013,2017,White (includes Hispanic),4.0
19,Iowa,19167,Sioux,2014,2018,Asian/Pacific Islander (includes Hispanic),
19,Iowa,19167,Sioux,2014,2018,Black (includes Hispanic),
19,Iowa,19167,Sioux,2014,2018,Hispanic (all races),
19,Iowa,19167,Sioux,2014,2018,American Indian/Alaskan Native (includes Hispanic),
19,Iowa,19167,Sioux,2014,2018,White (includes Hispanic),
19,Iowa,19167,Sioux,2015,2019,Asian/Pacific Islander (includes Hispanic),
19,Iowa,19167,Sioux,2015,2019,Black (includes Hispanic),
19,Iowa,19167,Sioux,2015,2019,Hispanic (all races),
19,Iowa,19167,Sioux,2015,2019,American Indian/Alaskan Native (includes Hispanic),
19,Iowa,19167,Sioux,2015,2019,White (includes Hispanic),
19,Iowa,19167,Sioux,2016,2020,Asian/Pacific Islander (includes Hispanic),
19,Iowa,19167,Sioux,2016,2020,Black (includes Hispanic),
19,Iowa,19167,Sioux,2016,2020,Hispanic (all races),
19,Iowa,19167,Sioux,2016,2020,American Indian/Alaskan Native (includes Hispanic),
19,Iowa,19167,Sioux,2016,2020,White (includes Hispanic),
19,Iowa,19169,Story,2011,2015,Asian/Pacific Islander (includes Hispanic),
19,Iowa,19169,Story,2011,2015,Black (includes Hispanic),
19,Iowa,19169,Story,2011,2015,Hispanic (all races),
19,Iowa,19169,Story,2011,2015,American Indian/Alaskan Native (includes Hispanic),
19,Iowa,19169,Story,2011,2015,White (includes Hispanic),7.1
19,Iowa,19169,Story,2012,2016,Asian/Pacific Islander (includes Hispanic),
19,Iowa,19169,Story,2012,2016,Black (includes Hispanic),
19,Iowa,19169,Story,2012,2016,Hispanic (all races),
19,Iowa,19169,Story,2012,2016,American Indian/Alaskan Native (includes Hispanic),
19,Iowa,19169,Story,2012,2016,White (includes Hispanic),7.5
19,Iowa,19169,Story,2013,2017,Asian/Pacific Islander (includes Hispanic),
19,Iowa,19169,Story,2013,2017,Black (includes Hispanic),
19,Iowa,19169,Story,2013,2017,Hispanic (all races),
19,Iowa,19169,Story,2013,2017,American Indian/Alaskan Native (includes Hispanic),
19,Iowa,19169,Story,2013,2017,White (includes Hispanic),7.9
19,Iowa,19169,Story,2014,2018,Asian/Pacific Islander (includes Hispanic),
19,Iowa,19169,Story,2014,2018,Black (includes Hispanic),
19,Iowa,19169,Story,2014,2018,Hispanic (all races),
19,Iowa,19169,Story,2014,2018,American Indian/Alaskan Native (includes Hispanic),
19,Iowa,19169,Story,2014,2018,White (includes Hispanic),8.3
19,Iowa,19169,Story,2015,2019,Asian/Pacific Islander (includes Hispanic),
19,Iowa,19169,Story,2015,2019,Black (includes Hispanic),
19,Iowa,19169,Story,2015,2019,Hispanic (all races),
19,Iowa,19169,Story,2015,2019,American Indian/Alaskan Native (includes Hispanic),
19,Iowa,19169,Story,2015,2019,White (includes Hispanic),7.5
19,Iowa,19169,Story,2016,2020,Asian/Pacific Islander (includes Hispanic),
19,Iowa,19169,Story,2016,2020,Black (includes Hispanic),
19,Iowa,19169,Story,2016,2020,Hispanic (all races),
19,Iowa,19169,Story,2016,2020,American Indian/Alaskan Native (includes Hispanic),
19,Iowa,19169,Story,2016,2020,White (includes Hispanic),7.1
19,Iowa,19171,Tama,2011,2015,Asian/Pacific Islander (includes Hispanic),
19,Iowa,19171,Tama,2011,2015,Black (includes Hispanic),
19,Iowa,19171,Tama,2011,2015,Hispanic (all races),
19,Iowa,19171,Tama,2011,2015,American Indian/Alaskan Native (includes Hispanic),
19,Iowa,19171,Tama,2011,2015,White (includes Hispanic),7.5
19,Iowa,19171,Tama,2012,2016,Asian/Pacific Islander (includes Hispanic),
19,Iowa,19171,Tama,2012,2016,Black (includes Hispanic),
19,Iowa,19171,Tama,2012,2016,Hispanic (all races),
19,Iowa,19171,Tama,2012,2016,American Indian/Alaskan Native (includes Hispanic),
19,Iowa,19171,Tama,2012,2016,White (includes Hispanic),8.3
19,Iowa,19171,Tama,2013,2017,Asian/Pacific Islander (includes Hispanic),
19,Iowa,19171,Tama,2013,2017,Black (includes Hispanic),
19,Iowa,19171,Tama,2013,2017,Hispanic (all races),
19,Iowa,19171,Tama,2013,2017,American Indian/Alaskan Native (includes Hispanic),
19,Iowa,19171,Tama,2013,2017,White (includes Hispanic),8.7
19,Iowa,19171,Tama,2014,2018,Asian/Pacific Islander (includes Hispanic),
19,Iowa,19171,Tama,2014,2018,Black (includes Hispanic),
19,Iowa,19171,Tama,2014,2018,Hispanic (all races),
19,Iowa,19171,Tama,2014,2018,American Indian/Alaskan Native (includes Hispanic),
19,Iowa,19171,Tama,2014,2018,White (includes Hispanic),9.2
19,Iowa,19171,Tama,2015,2019,Asian/Pacific Islander (includes Hispanic),
19,Iowa,19171,Tama,2015,2019,Black (includes Hispanic),
19,Iowa,19171,Tama,2015,2019,Hispanic (all races),
19,Iowa,19171,Tama,2015,2019,American Indian/Alaskan Native (includes Hispanic),
19,Iowa,19171,Tama,2015,2019,White (includes Hispanic),8.4
19,Iowa,19171,Tama,2016,2020,Asian/Pacific Islander (includes Hispanic),
19,Iowa,19171,Tama,2016,2020,Black (includes Hispanic),
19,Iowa,19171,Tama,2016,2020,Hispanic (all races),
19,Iowa,19171,Tama,2016,2020,American Indian/Alaskan Native (includes Hispanic),
19,Iowa,19171,Tama,2016,2020,White (includes Hispanic),9.4
19,Iowa,19173,Taylor,2011,2015,Asian/Pacific Islander (includes Hispanic),
19,Iowa,19173,Taylor,2011,2015,Black (includes Hispanic),
19,Iowa,19173,Taylor,2011,2015,Hispanic (all races),
19,Iowa,19173,Taylor,2011,2015,American Indian/Alaskan Native (includes Hispanic),
19,Iowa,19173,Taylor,2011,2015,White (includes Hispanic),
19,Iowa,19173,Taylor,2012,2016,Asian/Pacific Islander (includes Hispanic),
19,Iowa,19173,Taylor,2012,2016,Black (includes Hispanic),
19,Iowa,19173,Taylor,2012,2016,Hispanic (all races),
19,Iowa,19173,Taylor,2012,2016,American Indian/Alaskan Native (includes Hispanic),
19,Iowa,19173,Taylor,2012,2016,White (includes Hispanic),
19,Iowa,19173,Taylor,2013,2017,Asian/Pacific Islander (includes Hispanic),
19,Iowa,19173,Taylor,2013,2017,Black (includes Hispanic),
19,Iowa,19173,Taylor,2013,2017,Hispanic (all races),
19,Iowa,19173,Taylor,2013,2017,American Indian/Alaskan Native (includes Hispanic),
19,Iowa,19173,Taylor,2013,2017,White (includes Hispanic),11.1
19,Iowa,19173,Taylor,2014,2018,Asian/Pacific Islander (includes Hispanic),
19,Iowa,19173,Taylor,2014,2018,Black (includes Hispanic),
19,Iowa,19173,Taylor,2014,2018,Hispanic (all races),
19,Iowa,19173,Taylor,2014,2018,American Indian/Alaskan Native (includes Hispanic),
19,Iowa,19173,Taylor,2014,2018,White (includes Hispanic),12.0
19,Iowa,19173,Taylor,2015,2019,Asian/Pacific Islander (includes Hispanic),
19,Iowa,19173,Taylor,2015,2019,Black (includes Hispanic),
19,Iowa,19173,Taylor,2015,2019,Hispanic (all races),
19,Iowa,19173,Taylor,2015,2019,American Indian/Alaskan Native (includes Hispanic),
19,Iowa,19173,Taylor,2015,2019,White (includes Hispanic),13.4
19,Iowa,19173,Taylor,2016,2020,Asian/Pacific Islander (includes Hispanic),
19,Iowa,19173,Taylor,2016,2020,Black (includes Hispanic),
19,Iowa,19173,Taylor,2016,2020,Hispanic (all races),
19,Iowa,19173,Taylor,2016,2020,American Indian/Alaskan Native (includes Hispanic),
19,Iowa,19173,Taylor,2016,2020,White (includes Hispanic),12.6
19,Iowa,19175,Union,2011,2015,Asian/Pacific Islander (includes Hispanic),
19,Iowa,19175,Union,2011,2015,Black (includes Hispanic),
19,Iowa,19175,Union,2011,2015,Hispanic (all races),
19,Iowa,19175,Union,2011,2015,American Indian/Alaskan Native (includes Hispanic),
19,Iowa,19175,Union,2011,2015,White (includes Hispanic),
19,Iowa,19175,Union,2012,2016,Asian/Pacific Islander (includes Hispanic),
19,Iowa,19175,Union,2012,2016,Black (includes Hispanic),
19,Iowa,19175,Union,2012,2016,Hispanic (all races),
19,Iowa,19175,Union,2012,2016,American Indian/Alaskan Native (includes Hispanic),
19,Iowa,19175,Union,2012,2016,White (includes Hispanic),10.7
19,Iowa,19175,Union,2013,2017,Asian/Pacific Islander (includes Hispanic),
19,Iowa,19175,Union,2013,2017,Black (includes Hispanic),
19,Iowa,19175,Union,2013,2017,Hispanic (all races),
19,Iowa,19175,Union,2013,2017,American Indian/Alaskan Native (includes Hispanic),
19,Iowa,19175,Union,2013,2017,White (includes Hispanic),11.3
19,Iowa,19175,Union,2014,2018,Asian/Pacific Islander (includes Hispanic),
19,Iowa,19175,Union,2014,2018,Black (includes Hispanic),
19,Iowa,19175,Union,2014,2018,Hispanic (all races),
19,Iowa,19175,Union,2014,2018,American Indian/Alaskan Native (includes Hispanic),
19,Iowa,19175,Union,2014,2018,White (includes Hispanic),10.1
19,Iowa,19175,Union,2015,2019,Asian/Pacific Islander (includes Hispanic),
19,Iowa,19175,Union,2015,2019,Black (includes Hispanic),
19,Iowa,19175,Union,2015,2019,Hispanic (all races),
19,Iowa,19175,Union,2015,2019,American Indian/Alaskan Native (includes Hispanic),
19,Iowa,19175,Union,2015,2019,White (includes Hispanic),10.6
19,Iowa,19175,Union,2016,2020,Asian/Pacific Islander (includes Hispanic),
19,Iowa,19175,Union,2016,2020,Black (includes Hispanic),
19,Iowa,19175,Union,2016,2020,Hispanic (all races),
19,Iowa,19175,Union,2016,2020,American Indian/Alaskan Native (includes Hispanic),
19,Iowa,19175,Union,2016,2020,White (includes Hispanic),
19,Iowa,19177,Van Buren,2011,2015,Asian/Pacific Islander (includes Hispanic),
19,Iowa,19177,Van Buren,2011,2015,Black (includes Hispanic),
19,Iowa,19177,Van Buren,2011,2015,Hispanic (all races),
19,Iowa,19177,Van Buren,2011,2015,American Indian/Alaskan Native (includes Hispanic),
19,Iowa,19177,Van Buren,2011,2015,White (includes Hispanic),7.6
19,Iowa,19177,Van Buren,2012,2016,Asian/Pacific Islander (includes Hispanic),
19,Iowa,19177,Van Buren,2012,2016,Black (includes Hispanic),
19,Iowa,19177,Van Buren,2012,2016,Hispanic (all races),
19,Iowa,19177,Van Buren,2012,2016,American Indian/Alaskan Native (includes Hispanic),
19,Iowa,19177,Van Buren,2012,2016,White (includes Hispanic),8.9
19,Iowa,19177,Van Buren,2013,2017,Asian/Pacific Islander (includes Hispanic),
19,Iowa,19177,Van Buren,2013,2017,Black (includes Hispanic),
19,Iowa,19177,Van Buren,2013,2017,Hispanic (all races),
19,Iowa,19177,Van Buren,2013,2017,American Indian/Alaskan Native (includes Hispanic),
19,Iowa,19177,Van Buren,2013,2017,White (includes Hispanic),9.0
19,Iowa,19177,Van Buren,2014,2018,Asian/Pacific Islander (includes Hispanic),
19,Iowa,19177,Van Buren,2014,2018,Black (includes Hispanic),
19,Iowa,19177,Van Buren,2014,2018,Hispanic (all races),
19,Iowa,19177,Van Buren,2014,2018,American Indian/Alaskan Native (includes Hispanic),
19,Iowa,19177,Van Buren,2014,2018,White (includes Hispanic),9.4
19,Iowa,19177,Van Buren,2015,2019,Asian/Pacific Islander (includes Hispanic),
19,Iowa,19177,Van Buren,2015,2019,Black (includes Hispanic),
19,Iowa,19177,Van Buren,2015,2019,Hispanic (all races),
19,Iowa,19177,Van Buren,2015,2019,American Indian/Alaskan Native (includes Hispanic),
19,Iowa,19177,Van Buren,2015,2019,White (includes Hispanic),9.6
19,Iowa,19177,Van Buren,2016,2020,Asian/Pacific Islander (includes Hispanic),
19,Iowa,19177,Van Buren,2016,2020,Black (includes Hispanic),
19,Iowa,19177,Van Buren,2016,2020,Hispanic (all races),
19,Iowa,19177,Van Buren,2016,2020,American Indian/Alaskan Native (includes Hispanic),
19,Iowa,19177,Van Buren,2016,2020,White (includes Hispanic),9.2
19,Iowa,19179,Wapello,2011,2015,Asian/Pacific Islander (includes Hispanic),
19,Iowa,19179,Wapello,2011,2015,Black (includes Hispanic),
19,Iowa,19179,Wapello,2011,2015,Hispanic (all races),
19,Iowa,19179,Wapello,2011,2015,American Indian/Alaskan Native (includes Hispanic),
19,Iowa,19179,Wapello,2011,2015,White (includes Hispanic),7.8
19,Iowa,19179,Wapello,2012,2016,Asian/Pacific Islander (includes Hispanic),
19,Iowa,19179,Wapello,2012,2016,Black (includes Hispanic),
19,Iowa,19179,Wapello,2012,2016,Hispanic (all races),
19,Iowa,19179,Wapello,2012,2016,American Indian/Alaskan Native (includes Hispanic),
19,Iowa,19179,Wapello,2012,2016,White (includes Hispanic),9.0
19,Iowa,19179,Wapello,2013,2017,Asian/Pacific Islander (includes Hispanic),
19,Iowa,19179,Wapello,2013,2017,Black (includes Hispanic),
19,Iowa,19179,Wapello,2013,2017,Hispanic (all races),
19,Iowa,19179,Wapello,2013,2017,American Indian/Alaskan Native (includes Hispanic),
19,Iowa,19179,Wapello,2013,2017,White (includes Hispanic),8.7
19,Iowa,19179,Wapello,2014,2018,Asian/Pacific Islander (includes Hispanic),
19,Iowa,19179,Wapello,2014,2018,Black (includes Hispanic),
19,Iowa,19179,Wapello,2014,2018,Hispanic (all races),
19,Iowa,19179,Wapello,2014,2018,American Indian/Alaskan Native (includes Hispanic),
19,Iowa,19179,Wapello,2014,2018,White (includes Hispanic),8.4
19,Iowa,19179,Wapello,2015,2019,Asian/Pacific Islander (includes Hispanic),
19,Iowa,19179,Wapello,2015,2019,Black (includes Hispanic),
19,Iowa,19179,Wapello,2015,2019,Hispanic (all races),
19,Iowa,19179,Wapello,2015,2019,American Indian/Alaskan Native (includes Hispanic),
19,Iowa,19179,Wapello,2015,2019,White (includes Hispanic),8.8
19,Iowa,19179,Wapello,2016,2020,Asian/Pacific Islander (includes Hispanic),
19,Iowa,19179,Wapello,2016,2020,Black (includes Hispanic),
19,Iowa,19179,Wapello,2016,2020,Hispanic (all races),
19,Iowa,19179,Wapello,2016,2020,American Indian/Alaskan Native (includes Hispanic),
19,Iowa,19179,Wapello,2016,2020,White (includes Hispanic),8.0
19,Iowa,19181,Warren,2011,2015,Asian/Pacific Islander (includes Hispanic),
19,Iowa,19181,Warren,2011,2015,Black (includes Hispanic),
19,Iowa,19181,Warren,2011,2015,Hispanic (all races),
19,Iowa,19181,Warren,2011,2015,American Indian/Alaskan Native (includes Hispanic),
19,Iowa,19181,Warren,2011,2015,White (includes Hispanic),6.3
19,Iowa,19181,Warren,2012,2016,Asian/Pacific Islander (includes Hispanic),
19,Iowa,19181,Warren,2012,2016,Black (includes Hispanic),
19,Iowa,19181,Warren,2012,2016,Hispanic (all races),
19,Iowa,19181,Warren,2012,2016,American Indian/Alaskan Native (includes Hispanic),
19,Iowa,19181,Warren,2012,2016,White (includes Hispanic),6.4
19,Iowa,19181,Warren,2013,2017,Asian/Pacific Islander (includes Hispanic),
19,Iowa,19181,Warren,2013,2017,Black (includes Hispanic),
19,Iowa,19181,Warren,2013,2017,Hispanic (all races),
19,Iowa,19181,Warren,2013,2017,American Indian/Alaskan Native (includes Hispanic),
19,Iowa,19181,Warren,2013,2017,White (includes Hispanic),7.0
19,Iowa,19181,Warren,2014,2018,Asian/Pacific Islander (includes Hispanic),
19,Iowa,19181,Warren,2014,2018,Black (includes Hispanic),
19,Iowa,19181,Warren,2014,2018,Hispanic (all races),
19,Iowa,19181,Warren,2014,2018,American Indian/Alaskan Native (includes Hispanic),
19,Iowa,19181,Warren,2014,2018,White (includes Hispanic),7.7
19,Iowa,19181,Warren,2015,2019,Asian/Pacific Islander (includes Hispanic),
19,Iowa,19181,Warren,2015,2019,Black (includes Hispanic),
19,Iowa,19181,Warren,2015,2019,Hispanic (all races),
19,Iowa,19181,Warren,2015,2019,American Indian/Alaskan Native (includes Hispanic),
19,Iowa,19181,Warren,2015,2019,White (includes Hispanic),7.2
19,Iowa,19181,Warren,2016,2020,Asian/Pacific Islander (includes Hispanic),
19,Iowa,19181,Warren,2016,2020,Black (includes Hispanic),
19,Iowa,19181,Warren,2016,2020,Hispanic (all races),
19,Iowa,19181,Warren,2016,2020,American Indian/Alaskan Native (includes Hispanic),
19,Iowa,19181,Warren,2016,2020,White (includes Hispanic),7.0
19,Iowa,19183,Washington,2011,2015,Asian/Pacific Islander (includes Hispanic),
19,Iowa,19183,Washington,2011,2015,Black (includes Hispanic),
19,Iowa,19183,Washington,2011,2015,Hispanic (all races),
19,Iowa,19183,Washington,2011,2015,American Indian/Alaskan Native (includes Hispanic),
19,Iowa,19183,Washington,2011,2015,White (includes Hispanic),5.6
19,Iowa,19183,Washington,2012,2016,Asian/Pacific Islander (includes Hispanic),
19,Iowa,19183,Washington,2012,2016,Black (includes Hispanic),
19,Iowa,19183,Washington,2012,2016,Hispanic (all races),
19,Iowa,19183,Washington,2012,2016,American Indian/Alaskan Native (includes Hispanic),
19,Iowa,19183,Washington,2012,2016,White (includes Hispanic),4.6
19,Iowa,19183,Washington,2013,2017,Asian/Pacific Islander (includes Hispanic),
19,Iowa,19183,Washington,2013,2017,Black (includes Hispanic),
19,Iowa,19183,Washington,2013,2017,Hispanic (all races),
19,Iowa,19183,Washington,2013,2017,American Indian/Alaskan Native (includes Hispanic),
19,Iowa,19183,Washington,2013,2017,White (includes Hispanic),4.9
19,Iowa,19183,Washington,2014,2018,Asian/Pacific Islander (includes Hispanic),
19,Iowa,19183,Washington,2014,2018,Black (includes Hispanic),
19,Iowa,19183,Washington,2014,2018,Hispanic (all races),
19,Iowa,19183,Washington,2014,2018,American Indian/Alaskan Native (includes Hispanic),
19,Iowa,19183,Washington,2014,2018,White (includes Hispanic),6.6
19,Iowa,19183,Washington,2015,2019,Asian/Pacific Islander (includes Hispanic),
19,Iowa,19183,Washington,2015,2019,Black (includes Hispanic),
19,Iowa,19183,Washington,2015,2019,Hispanic (all races),
19,Iowa,19183,Washington,2015,2019,American Indian/Alaskan Native (includes Hispanic),
19,Iowa,19183,Washington,2015,2019,White (includes Hispanic),7.4
19,Iowa,19183,Washington,2016,2020,Asian/Pacific Islander (includes Hispanic),
19,Iowa,19183,Washington,2016,2020,Black (includes Hispanic),
19,Iowa,19183,Washington,2016,2020,Hispanic (all races),
19,Iowa,19183,Washington,2016,2020,American Indian/Alaskan Native (includes Hispanic),
19,Iowa,19183,Washington,2016,2020,White (includes Hispanic),7.4
19,Iowa,19185,Wayne,2011,2015,Asian/Pacific Islander (includes Hispanic),
19,Iowa,19185,Wayne,2011,2015,Black (includes Hispanic),
19,Iowa,19185,Wayne,2011,2015,Hispanic (all races),
19,Iowa,19185,Wayne,2011,2015,American Indian/Alaskan Native (includes Hispanic),
19,Iowa,19185,Wayne,2011,2015,White (includes Hispanic),
19,Iowa,19185,Wayne,2012,2016,Asian/Pacific Islander (includes Hispanic),
19,Iowa,19185,Wayne,2012,2016,Black (includes Hispanic),
19,Iowa,19185,Wayne,2012,2016,Hispanic (all races),
19,Iowa,19185,Wayne,2012,2016,American Indian/Alaskan Native (includes Hispanic),
19,Iowa,19185,Wayne,2012,2016,White (includes Hispanic),
19,Iowa,19185,Wayne,2013,2017,Asian/Pacific Islander (includes Hispanic),
19,Iowa,19185,Wayne,2013,2017,Black (includes Hispanic),
19,Iowa,19185,Wayne,2013,2017,Hispanic (all races),
19,Iowa,19185,Wayne,2013,2017,American Indian/Alaskan Native (includes Hispanic),
19,Iowa,19185,Wayne,2013,2017,White (includes Hispanic),
19,Iowa,19185,Wayne,2014,2018,Asian/Pacific Islander (includes Hispanic),
19,Iowa,19185,Wayne,2014,2018,Black (includes Hispanic),
19,Iowa,19185,Wayne,2014,2018,Hispanic (all races),
19,Iowa,19185,Wayne,2014,2018,American Indian/Alaskan Native (includes Hispanic),
19,Iowa,19185,Wayne,2014,2018,White (includes Hispanic),
19,Iowa,19185,Wayne,2015,2019,Asian/Pacific Islander (includes Hispanic),
19,Iowa,19185,Wayne,2015,2019,Black (includes Hispanic),
19,Iowa,19185,Wayne,2015,2019,Hispanic (all races),
19,Iowa,19185,Wayne,2015,2019,American Indian/Alaskan Native (includes Hispanic),
19,Iowa,19185,Wayne,2015,2019,White (includes Hispanic),
19,Iowa,19185,Wayne,2016,2020,Asian/Pacific Islander (includes Hispanic),
19,Iowa,19185,Wayne,2016,2020,Black (includes Hispanic),
19,Iowa,19185,Wayne,2016,2020,Hispanic (all races),
19,Iowa,19185,Wayne,2016,2020,American Indian/Alaskan Native (includes Hispanic),
19,Iowa,19185,Wayne,2016,2020,White (includes Hispanic),
19,Iowa,19187,Webster,2011,2015,Asian/Pacific Islander (includes Hispanic),
19,Iowa,19187,Webster,2011,2015,Black (includes Hispanic),
19,Iowa,19187,Webster,2011,2015,Hispanic (all races),
19,Iowa,19187,Webster,2011,2015,American Indian/Alaskan Native (includes Hispanic),
19,Iowa,19187,Webster,2011,2015,White (includes Hispanic),7.0
19,Iowa,19187,Webster,2012,2016,Asian/Pacific Islander (includes Hispanic),
19,Iowa,19187,Webster,2012,2016,Black (includes Hispanic),
19,Iowa,19187,Webster,2012,2016,Hispanic (all races),
19,Iowa,19187,Webster,2012,2016,American Indian/Alaskan Native (includes Hispanic),
19,Iowa,19187,Webster,2012,2016,White (includes Hispanic),
19,Iowa,19187,Webster,2013,2017,Asian/Pacific Islander (includes Hispanic),
19,Iowa,19187,Webster,2013,2017,Black (includes Hispanic),
19,Iowa,19187,Webster,2013,2017,Hispanic (all races),
19,Iowa,19187,Webster,2013,2017,American Indian/Alaskan Native (includes Hispanic),
19,Iowa,19187,Webster,2013,2017,White (includes Hispanic),6.0
19,Iowa,19187,Webster,2014,2018,Asian/Pacific Islander (includes Hispanic),
19,Iowa,19187,Webster,2014,2018,Black (includes Hispanic),
19,Iowa,19187,Webster,2014,2018,Hispanic (all races),
19,Iowa,19187,Webster,2014,2018,American Indian/Alaskan Native (includes Hispanic),
19,Iowa,19187,Webster,2014,2018,White (includes Hispanic),8.6
19,Iowa,19187,Webster,2015,2019,Asian/Pacific Islander (includes Hispanic),
19,Iowa,19187,Webster,2015,2019,Black (includes Hispanic),
19,Iowa,19187,Webster,2015,2019,Hispanic (all races),
19,Iowa,19187,Webster,2015,2019,American Indian/Alaskan Native (includes Hispanic),
19,Iowa,19187,Webster,2015,2019,White (includes Hispanic),9.2
19,Iowa,19187,Webster,2016,2020,Asian/Pacific Islander (includes Hispanic),
19,Iowa,19187,Webster,2016,2020,Black (includes Hispanic),
19,Iowa,19187,Webster,2016,2020,Hispanic (all races),
19,Iowa,19187,Webster,2016,2020,American Indian/Alaskan Native (includes Hispanic),
19,Iowa,19187,Webster,2016,2020,White (includes Hispanic),8.0
19,Iowa,19189,Winnebago,2011,2015,Asian/Pacific Islander (includes Hispanic),
19,Iowa,19189,Winnebago,2011,2015,Black (includes Hispanic),
19,Iowa,19189,Winnebago,2011,2015,Hispanic (all races),
19,Iowa,19189,Winnebago,2011,2015,American Indian/Alaskan Native (includes Hispanic),
19,Iowa,19189,Winnebago,2011,2015,White (includes Hispanic),6.2
19,Iowa,19189,Winnebago,2012,2016,Asian/Pacific Islander (includes Hispanic),
19,Iowa,19189,Winnebago,2012,2016,Black (includes Hispanic),
19,Iowa,19189,Winnebago,2012,2016,Hispanic (all races),
19,Iowa,19189,Winnebago,2012,2016,American Indian/Alaskan Native (includes Hispanic),
19,Iowa,19189,Winnebago,2012,2016,White (includes Hispanic),6.7
19,Iowa,19189,Winnebago,2013,2017,Asian/Pacific Islander (includes Hispanic),
19,Iowa,19189,Winnebago,2013,2017,Black (includes Hispanic),
19,Iowa,19189,Winnebago,2013,2017,Hispanic (all races),
19,Iowa,19189,Winnebago,2013,2017,American Indian/Alaskan Native (includes Hispanic),
19,Iowa,19189,Winnebago,2013,2017,White (includes Hispanic),7.7
19,Iowa,19189,Winnebago,2014,2018,Asian/Pacific Islander (includes Hispanic),
19,Iowa,19189,Winnebago,2014,2018,Black (includes Hispanic),
19,Iowa,19189,Winnebago,2014,2018,Hispanic (all races),
19,Iowa,19189,Winnebago,2014,2018,American Indian/Alaskan Native (includes Hispanic),
19,Iowa,19189,Winnebago,2014,2018,White (includes Hispanic),6.6
19,Iowa,19189,Winnebago,2015,2019,Asian/Pacific Islander (includes Hispanic),
19,Iowa,19189,Winnebago,2015,2019,Black (includes Hispanic),
19,Iowa,19189,Winnebago,2015,2019,Hispanic (all races),
19,Iowa,19189,Winnebago,2015,2019,American Indian/Alaskan Native (includes Hispanic),
19,Iowa,19189,Winnebago,2015,2019,White (includes Hispanic),6.9
19,Iowa,19189,Winnebago,2016,2020,Asian/Pacific Islander (includes Hispanic),
19,Iowa,19189,Winnebago,2016,2020,Black (includes Hispanic),
19,Iowa,19189,Winnebago,2016,2020,Hispanic (all races),
19,Iowa,19189,Winnebago,2016,2020,American Indian/Alaskan Native (includes Hispanic),
19,Iowa,19189,Winnebago,2016,2020,White (includes Hispanic),6.3
19,Iowa,19191,Winneshiek,2011,2015,Asian/Pacific Islander (includes Hispanic),
19,Iowa,19191,Winneshiek,2011,2015,Black (includes Hispanic),
19,Iowa,19191,Winneshiek,2011,2015,Hispanic (all races),
19,Iowa,19191,Winneshiek,2011,2015,American Indian/Alaskan Native (includes Hispanic),
19,Iowa,19191,Winneshiek,2011,2015,White (includes Hispanic),
19,Iowa,19191,Winneshiek,2012,2016,Asian/Pacific Islander (includes Hispanic),
19,Iowa,19191,Winneshiek,2012,2016,Black (includes Hispanic),
19,Iowa,19191,Winneshiek,2012,2016,Hispanic (all races),
19,Iowa,19191,Winneshiek,2012,2016,American Indian/Alaskan Native (includes Hispanic),
19,Iowa,19191,Winneshiek,2012,2016,White (includes Hispanic),
19,Iowa,19191,Winneshiek,2013,2017,Asian/Pacific Islander (includes Hispanic),
19,Iowa,19191,Winneshiek,2013,2017,Black (includes Hispanic),
19,Iowa,19191,Winneshiek,2013,2017,Hispanic (all races),
19,Iowa,19191,Winneshiek,2013,2017,American Indian/Alaskan Native (includes Hispanic),
19,Iowa,19191,Winneshiek,2013,2017,White (includes Hispanic),
19,Iowa,19191,Winneshiek,2014,2018,Asian/Pacific Islander (includes Hispanic),
19,Iowa,19191,Winneshiek,2014,2018,Black (includes Hispanic),
19,Iowa,19191,Winneshiek,2014,2018,Hispanic (all races),
19,Iowa,19191,Winneshiek,2014,2018,American Indian/Alaskan Native (includes Hispanic),
19,Iowa,19191,Winneshiek,2014,2018,White (includes Hispanic),
19,Iowa,19191,Winneshiek,2015,2019,Asian/Pacific Islander (includes Hispanic),
19,Iowa,19191,Winneshiek,2015,2019,Black (includes Hispanic),
19,Iowa,19191,Winneshiek,2015,2019,Hispanic (all races),
19,Iowa,19191,Winneshiek,2015,2019,American Indian/Alaskan Native (includes Hispanic),
19,Iowa,19191,Winneshiek,2015,2019,White (includes Hispanic),
19,Iowa,19191,Winneshiek,2016,2020,Asian/Pacific Islander (includes Hispanic),
19,Iowa,19191,Winneshiek,2016,2020,Black (includes Hispanic),
19,Iowa,19191,Winneshiek,2016,2020,Hispanic (all races),
19,Iowa,19191,Winneshiek,2016,2020,American Indian/Alaskan Native (includes Hispanic),
19,Iowa,19191,Winneshiek,2016,2020,White (includes Hispanic),5.8
19,Iowa,19193,Woodbury,2011,2015,Asian/Pacific Islander (includes Hispanic),
19,Iowa,19193,Woodbury,2011,2015,Black (includes Hispanic),
19,Iowa,19193,Woodbury,2011,2015,Hispanic (all races),
19,Iowa,19193,Woodbury,2011,2015,American Indian/Alaskan Native (includes Hispanic),
19,Iowa,19193,Woodbury,2011,2015,White (includes Hispanic),7.0
19,Iowa,19193,Woodbury,2012,2016,Asian/Pacific Islander (includes Hispanic),
19,Iowa,19193,Woodbury,2012,2016,Black (includes Hispanic),
19,Iowa,19193,Woodbury,2012,2016,Hispanic (all races),
19,Iowa,19193,Woodbury,2012,2016,American Indian/Alaskan Native (includes Hispanic),
19,Iowa,19193,Woodbury,2012,2016,White (includes Hispanic),6.8
19,Iowa,19193,Woodbury,2013,2017,Asian/Pacific Islander (includes Hispanic),
19,Iowa,19193,Woodbury,2013,2017,Black (includes Hispanic),
19,Iowa,19193,Woodbury,2013,2017,Hispanic (all races),
19,Iowa,19193,Woodbury,2013,2017,American Indian/Alaskan Native (includes Hispanic),
19,Iowa,19193,Woodbury,2013,2017,White (includes Hispanic),7.7
19,Iowa,19193,Woodbury,2014,2018,Asian/Pacific Islander (includes Hispanic),
19,Iowa,19193,Woodbury,2014,2018,Black (includes Hispanic),
19,Iowa,19193,Woodbury,2014,2018,Hispanic (all races),
19,Iowa,19193,Woodbury,2014,2018,American Indian/Alaskan Native (includes Hispanic),
19,Iowa,19193,Woodbury,2014,2018,White (includes Hispanic),8.4
19,Iowa,19193,Woodbury,2015,2019,Asian/Pacific Islander (includes Hispanic),
19,Iowa,19193,Woodbury,2015,2019,Black (includes Hispanic),
19,Iowa,19193,Woodbury,2015,2019,Hispanic (all races),
19,Iowa,19193,Woodbury,2015,2019,American Indian/Alaskan Native (includes Hispanic),
19,Iowa,19193,Woodbury,2015,2019,White (includes Hispanic),8.5
19,Iowa,19193,Woodbury,2016,2020,Asian/Pacific Islander (includes Hispanic),
19,Iowa,19193,Woodbury,2016,2020,Black (includes Hispanic),
19,Iowa,19193,Woodbury,2016,2020,Hispanic (all races),
19,Iowa,19193,Woodbury,2016,2020,American Indian/Alaskan Native (includes Hispanic),
19,Iowa,19193,Woodbury,2016,2020,White (includes Hispanic),8.0
19,Iowa,19195,Worth,2011,2015,Asian/Pacific Islander (includes Hispanic),
19,Iowa,19195,Worth,2011,2015,Black (includes Hispanic),
19,Iowa,19195,Worth,2011,2015,Hispanic (all races),
19,Iowa,19195,Worth,2011,2015,American Indian/Alaskan Native (includes Hispanic),
19,Iowa,19195,Worth,2011,2015,White (includes Hispanic),5.7
19,Iowa,19195,Worth,2012,2016,Asian/Pacific Islander (includes Hispanic),
19,Iowa,19195,Worth,2012,2016,Black (includes Hispanic),
19,Iowa,19195,Worth,2012,2016,Hispanic (all races),
19,Iowa,19195,Worth,2012,2016,American Indian/Alaskan Native (includes Hispanic),
19,Iowa,19195,Worth,2012,2016,White (includes Hispanic),5.9
19,Iowa,19195,Worth,2013,2017,Asian/Pacific Islander (includes Hispanic),
19,Iowa,19195,Worth,2013,2017,Black (includes Hispanic),
19,Iowa,19195,Worth,2013,2017,Hispanic (all races),
19,Iowa,19195,Worth,2013,2017,American Indian/Alaskan Native (includes Hispanic),
19,Iowa,19195,Worth,2013,2017,White (includes Hispanic),6.4
19,Iowa,19195,Worth,2014,2018,Asian/Pacific Islander (includes Hispanic),
19,Iowa,19195,Worth,2014,2018,Black (includes Hispanic),
19,Iowa,19195,Worth,2014,2018,Hispanic (all races),
19,Iowa,19195,Worth,2014,2018,American Indian/Alaskan Native (includes Hispanic),
19,Iowa,19195,Worth,2014,2018,White (includes Hispanic),5.4
19,Iowa,19195,Worth,2015,2019,Asian/Pacific Islander (includes Hispanic),
19,Iowa,19195,Worth,2015,2019,Black (includes Hispanic),
19,Iowa,19195,Worth,2015,2019,Hispanic (all races),
19,Iowa,19195,Worth,2015,2019,American Indian/Alaskan Native (includes Hispanic),
19,Iowa,19195,Worth,2015,2019,White (includes Hispanic),5.8
19,Iowa,19195,Worth,2016,2020,Asian/Pacific Islander (includes Hispanic),
19,Iowa,19195,Worth,2016,2020,Black (includes Hispanic),
19,Iowa,19195,Worth,2016,2020,Hispanic (all races),
19,Iowa,19195,Worth,2016,2020,American Indian/Alaskan Native (includes Hispanic),
19,Iowa,19195,Worth,2016,2020,White (includes Hispanic),6.1
19,Iowa,19197,Wright,2011,2015,Asian/Pacific Islander (includes Hispanic),
19,Iowa,19197,Wright,2011,2015,Black (includes Hispanic),
19,Iowa,19197,Wright,2011,2015,Hispanic (all races),
19,Iowa,19197,Wright,2011,2015,American Indian/Alaskan Native (includes Hispanic),
19,Iowa,19197,Wright,2011,2015,White (includes Hispanic),8.3
19,Iowa,19197,Wright,2012,2016,Asian/Pacific Islander (includes Hispanic),
19,Iowa,19197,Wright,2012,2016,Black (includes Hispanic),
19,Iowa,19197,Wright,2012,2016,Hispanic (all races),
19,Iowa,19197,Wright,2012,2016,American Indian/Alaskan Native (includes Hispanic),
19,Iowa,19197,Wright,2012,2016,White (includes Hispanic),7.4
19,Iowa,19197,Wright,2013,2017,Asian/Pacific Islander (includes Hispanic),
19,Iowa,19197,Wright,2013,2017,Black (includes Hispanic),
19,Iowa,19197,Wright,2013,2017,Hispanic (all races),
19,Iowa,19197,Wright,2013,2017,American Indian/Alaskan Native (includes Hispanic),
19,Iowa,19197,Wright,2013,2017,White (includes Hispanic),8.3
19,Iowa,19197,Wright,2014,2018,Asian/Pacific Islander (includes Hispanic),
19,Iowa,19197,Wright,2014,2018,Black (includes Hispanic),
19,Iowa,19197,Wright,2014,2018,Hispanic (all races),
19,Iowa,19197,Wright,2014,2018,American Indian/Alaskan Native (includes Hispanic),
19,Iowa,19197,Wright,2014,2018,White (includes Hispanic),9.1
19,Iowa,19197,Wright,2015,2019,Asian/Pacific Islander (includes Hispanic),
19,Iowa,19197,Wright,2015,2019,Black (includes Hispanic),
19,Iowa,19197,Wright,2015,2019,Hispanic (all races),
19,Iowa,19197,Wright,2015,2019,American Indian/Alaskan Native (includes Hispanic),
19,Iowa,19197,Wright,2015,2019,White (includes Hispanic),8.8
19,Iowa,19197,Wright,2016,2020,Asian/Pacific Islander (includes Hispanic),
19,Iowa,19197,Wright,2016,2020,Black (includes Hispanic),
19,Iowa,19197,Wright,2016,2020,Hispanic (all races),
19,Iowa,19197,Wright,2016,2020,American Indian/Alaskan Native (includes Hispanic),
19,Iowa,19197,Wright,2016,2020,White (includes Hispanic),8.2
21,Kentucky,21001,Adair,2011,2015,Asian/Pacific Islander (includes Hispanic),
21,Kentucky,21001,Adair,2011,2015,Black (includes Hispanic),
21,Kentucky,21001,Adair,2011,2015,Hispanic (all races),
21,Kentucky,21001,Adair,2011,2015,American Indian/Alaskan Native (includes Hispanic),
21,Kentucky,21001,Adair,2011,2015,White (includes Hispanic),7.7
21,Kentucky,21001,Adair,2012,2016,Asian/Pacific Islander (includes Hispanic),
21,Kentucky,21001,Adair,2012,2016,Black (includes Hispanic),
21,Kentucky,21001,Adair,2012,2016,Hispanic (all races),
21,Kentucky,21001,Adair,2012,2016,American Indian/Alaskan Native (includes Hispanic),
21,Kentucky,21001,Adair,2012,2016,White (includes Hispanic),10.3
21,Kentucky,21001,Adair,2013,2017,Asian/Pacific Islander (includes Hispanic),
21,Kentucky,21001,Adair,2013,2017,Black (includes Hispanic),
21,Kentucky,21001,Adair,2013,2017,Hispanic (all races),
21,Kentucky,21001,Adair,2013,2017,American Indian/Alaskan Native (includes Hispanic),
21,Kentucky,21001,Adair,2013,2017,White (includes Hispanic),11.0
21,Kentucky,21001,Adair,2014,2018,Asian/Pacific Islander (includes Hispanic),
21,Kentucky,21001,Adair,2014,2018,Black (includes Hispanic),
21,Kentucky,21001,Adair,2014,2018,Hispanic (all races),
21,Kentucky,21001,Adair,2014,2018,American Indian/Alaskan Native (includes Hispanic),
21,Kentucky,21001,Adair,2014,2018,White (includes Hispanic),12.4
21,Kentucky,21001,Adair,2015,2019,Asian/Pacific Islander (includes Hispanic),
21,Kentucky,21001,Adair,2015,2019,Black (includes Hispanic),
21,Kentucky,21001,Adair,2015,2019,Hispanic (all races),
21,Kentucky,21001,Adair,2015,2019,American Indian/Alaskan Native (includes Hispanic),
21,Kentucky,21001,Adair,2015,2019,White (includes Hispanic),12.4
21,Kentucky,21001,Adair,2016,2020,Asian/Pacific Islander (includes Hispanic),
21,Kentucky,21001,Adair,2016,2020,Black (includes Hispanic),
21,Kentucky,21001,Adair,2016,2020,Hispanic (all races),
21,Kentucky,21001,Adair,2016,2020,American Indian/Alaskan Native (includes Hispanic),
21,Kentucky,21001,Adair,2016,2020,White (includes Hispanic),15.2
21,Kentucky,21003,Allen,2011,2015,Asian/Pacific Islander (includes Hispanic),
21,Kentucky,21003,Allen,2011,2015,Black (includes Hispanic),
21,Kentucky,21003,Allen,2011,2015,Hispanic (all races),
21,Kentucky,21003,Allen,2011,2015,American Indian/Alaskan Native (includes Hispanic),
21,Kentucky,21003,Allen,2011,2015,White (includes Hispanic),10.5
21,Kentucky,21003,Allen,2012,2016,Asian/Pacific Islander (includes Hispanic),
21,Kentucky,21003,Allen,2012,2016,Black (includes Hispanic),
21,Kentucky,21003,Allen,2012,2016,Hispanic (all races),
21,Kentucky,21003,Allen,2012,2016,American Indian/Alaskan Native (includes Hispanic),
21,Kentucky,21003,Allen,2012,2016,White (includes Hispanic),10.4
21,Kentucky,21003,Allen,2013,2017,Asian/Pacific Islander (includes Hispanic),
21,Kentucky,21003,Allen,2013,2017,Black (includes Hispanic),
21,Kentucky,21003,Allen,2013,2017,Hispanic (all races),
21,Kentucky,21003,Allen,2013,2017,American Indian/Alaskan Native (includes Hispanic),
21,Kentucky,21003,Allen,2013,2017,White (includes Hispanic),10.6
21,Kentucky,21003,Allen,2014,2018,Asian/Pacific Islander (includes Hispanic),
21,Kentucky,21003,Allen,2014,2018,Black (includes Hispanic),
21,Kentucky,21003,Allen,2014,2018,Hispanic (all races),
21,Kentucky,21003,Allen,2014,2018,American Indian/Alaskan Native (includes Hispanic),
21,Kentucky,21003,Allen,2014,2018,White (includes Hispanic),9.3
21,Kentucky,21003,Allen,2015,2019,Asian/Pacific Islander (includes Hispanic),
21,Kentucky,21003,Allen,2015,2019,Black (includes Hispanic),
21,Kentucky,21003,Allen,2015,2019,Hispanic (all races),
21,Kentucky,21003,Allen,2015,2019,American Indian/Alaskan Native (includes Hispanic),
21,Kentucky,21003,Allen,2015,2019,White (includes Hispanic),9.6
21,Kentucky,21003,Allen,2016,2020,Asian/Pacific Islander (includes Hispanic),
21,Kentucky,21003,Allen,2016,2020,Black (includes Hispanic),
21,Kentucky,21003,Allen,2016,2020,Hispanic (all races),
21,Kentucky,21003,Allen,2016,2020,American Indian/Alaskan Native (includes Hispanic),
21,Kentucky,21003,Allen,2016,2020,White (includes Hispanic),8.4
21,Kentucky,21005,Anderson,2011,2015,Asian/Pacific Islander (includes Hispanic),
21,Kentucky,21005,Anderson,2011,2015,Black (includes Hispanic),
21,Kentucky,21005,Anderson,2011,2015,Hispanic (all races),
21,Kentucky,21005,Anderson,2011,2015,American Indian/Alaskan Native (includes Hispanic),
21,Kentucky,21005,Anderson,2011,2015,White (includes Hispanic),7.3
21,Kentucky,21005,Anderson,2012,2016,Asian/Pacific Islander (includes Hispanic),
21,Kentucky,21005,Anderson,2012,2016,Black (includes Hispanic),
21,Kentucky,21005,Anderson,2012,2016,Hispanic (all races),
21,Kentucky,21005,Anderson,2012,2016,American Indian/Alaskan Native (includes Hispanic),
21,Kentucky,21005,Anderson,2012,2016,White (includes Hispanic),7.8
21,Kentucky,21005,Anderson,2013,2017,Asian/Pacific Islander (includes Hispanic),
21,Kentucky,21005,Anderson,2013,2017,Black (includes Hispanic),
21,Kentucky,21005,Anderson,2013,2017,Hispanic (all races),
21,Kentucky,21005,Anderson,2013,2017,American Indian/Alaskan Native (includes Hispanic),
21,Kentucky,21005,Anderson,2013,2017,White (includes Hispanic),6.2
21,Kentucky,21005,Anderson,2014,2018,Asian/Pacific Islander (includes Hispanic),
21,Kentucky,21005,Anderson,2014,2018,Black (includes Hispanic),
21,Kentucky,21005,Anderson,2014,2018,Hispanic (all races),
21,Kentucky,21005,Anderson,2014,2018,American Indian/Alaskan Native (includes Hispanic),
21,Kentucky,21005,Anderson,2014,2018,White (includes Hispanic),4.9
21,Kentucky,21005,Anderson,2015,2019,Asian/Pacific Islander (includes Hispanic),
21,Kentucky,21005,Anderson,2015,2019,Black (includes Hispanic),
21,Kentucky,21005,Anderson,2015,2019,Hispanic (all races),
21,Kentucky,21005,Anderson,2015,2019,American Indian/Alaskan Native (includes Hispanic),
21,Kentucky,21005,Anderson,2015,2019,White (includes Hispanic),5.5
21,Kentucky,21005,Anderson,2016,2020,Asian/Pacific Islander (includes Hispanic),
21,Kentucky,21005,Anderson,2016,2020,Black (includes Hispanic),
21,Kentucky,21005,Anderson,2016,2020,Hispanic (all races),
21,Kentucky,21005,Anderson,2016,2020,American Indian/Alaskan Native (includes Hispanic),
21,Kentucky,21005,Anderson,2016,2020,White (includes Hispanic),6.3
21,Kentucky,21007,Ballard,2011,2015,Asian/Pacific Islander (includes Hispanic),
21,Kentucky,21007,Ballard,2011,2015,Black (includes Hispanic),
21,Kentucky,21007,Ballard,2011,2015,Hispanic (all races),
21,Kentucky,21007,Ballard,2011,2015,American Indian/Alaskan Native (includes Hispanic),
21,Kentucky,21007,Ballard,2011,2015,White (includes Hispanic),10.2
21,Kentucky,21007,Ballard,2012,2016,Asian/Pacific Islander (includes Hispanic),
21,Kentucky,21007,Ballard,2012,2016,Black (includes Hispanic),
21,Kentucky,21007,Ballard,2012,2016,Hispanic (all races),
21,Kentucky,21007,Ballard,2012,2016,American Indian/Alaskan Native (includes Hispanic),
21,Kentucky,21007,Ballard,2012,2016,White (includes Hispanic),10.3
21,Kentucky,21007,Ballard,2013,2017,Asian/Pacific Islander (includes Hispanic),
21,Kentucky,21007,Ballard,2013,2017,Black (includes Hispanic),
21,Kentucky,21007,Ballard,2013,2017,Hispanic (all races),
21,Kentucky,21007,Ballard,2013,2017,American Indian/Alaskan Native (includes Hispanic),
21,Kentucky,21007,Ballard,2013,2017,White (includes Hispanic),9.0
21,Kentucky,21007,Ballard,2014,2018,Asian/Pacific Islander (includes Hispanic),
21,Kentucky,21007,Ballard,2014,2018,Black (includes Hispanic),
21,Kentucky,21007,Ballard,2014,2018,Hispanic (all races),
21,Kentucky,21007,Ballard,2014,2018,American Indian/Alaskan Native (includes Hispanic),
21,Kentucky,21007,Ballard,2014,2018,White (includes Hispanic),10.8
21,Kentucky,21007,Ballard,2015,2019,Asian/Pacific Islander (includes Hispanic),
21,Kentucky,21007,Ballard,2015,2019,Black (includes Hispanic),
21,Kentucky,21007,Ballard,2015,2019,Hispanic (all races),
21,Kentucky,21007,Ballard,2015,2019,American Indian/Alaskan Native (includes Hispanic),
21,Kentucky,21007,Ballard,2015,2019,White (includes Hispanic),10.3
21,Kentucky,21007,Ballard,2016,2020,Asian/Pacific Islander (includes Hispanic),
21,Kentucky,21007,Ballard,2016,2020,Black (includes Hispanic),
21,Kentucky,21007,Ballard,2016,2020,Hispanic (all races),
21,Kentucky,21007,Ballard,2016,2020,American Indian/Alaskan Native (includes Hispanic),
21,Kentucky,21007,Ballard,2016,2020,White (includes Hispanic),9.4
21,Kentucky,21009,Barren,2011,2015,Asian/Pacific Islander (includes Hispanic),
21,Kentucky,21009,Barren,2011,2015,Black (includes Hispanic),
21,Kentucky,21009,Barren,2011,2015,Hispanic (all races),
21,Kentucky,21009,Barren,2011,2015,American Indian/Alaskan Native (includes Hispanic),
21,Kentucky,21009,Barren,2011,2015,White (includes Hispanic),11.8
21,Kentucky,21009,Barren,2012,2016,Asian/Pacific Islander (includes Hispanic),
21,Kentucky,21009,Barren,2012,2016,Black (includes Hispanic),
21,Kentucky,21009,Barren,2012,2016,Hispanic (all races),
21,Kentucky,21009,Barren,2012,2016,American Indian/Alaskan Native (includes Hispanic),
21,Kentucky,21009,Barren,2012,2016,White (includes Hispanic),10.8
21,Kentucky,21009,Barren,2013,2017,Asian/Pacific Islander (includes Hispanic),
21,Kentucky,21009,Barren,2013,2017,Black (includes Hispanic),
21,Kentucky,21009,Barren,2013,2017,Hispanic (all races),
21,Kentucky,21009,Barren,2013,2017,American Indian/Alaskan Native (includes Hispanic),
21,Kentucky,21009,Barren,2013,2017,White (includes Hispanic),10.9
21,Kentucky,21009,Barren,2014,2018,Asian/Pacific Islander (includes Hispanic),
21,Kentucky,21009,Barren,2014,2018,Black (includes Hispanic),
21,Kentucky,21009,Barren,2014,2018,Hispanic (all races),
21,Kentucky,21009,Barren,2014,2018,American Indian/Alaskan Native (includes Hispanic),
21,Kentucky,21009,Barren,2014,2018,White (includes Hispanic),9.3
21,Kentucky,21009,Barren,2015,2019,Asian/Pacific Islander (includes Hispanic),
21,Kentucky,21009,Barren,2015,2019,Black (includes Hispanic),
21,Kentucky,21009,Barren,2015,2019,Hispanic (all races),
21,Kentucky,21009,Barren,2015,2019,American Indian/Alaskan Native (includes Hispanic),
21,Kentucky,21009,Barren,2015,2019,White (includes Hispanic),9.1
21,Kentucky,21009,Barren,2016,2020,Asian/Pacific Islander (includes Hispanic),
21,Kentucky,21009,Barren,2016,2020,Black (includes Hispanic),
21,Kentucky,21009,Barren,2016,2020,Hispanic (all races),
21,Kentucky,21009,Barren,2016,2020,American Indian/Alaskan Native (includes Hispanic),
21,Kentucky,21009,Barren,2016,2020,White (includes Hispanic),8.2
21,Kentucky,21011,Bath,2011,2015,Asian/Pacific Islander (includes Hispanic),
21,Kentucky,21011,Bath,2011,2015,Black (includes Hispanic),
21,Kentucky,21011,Bath,2011,2015,Hispanic (all races),
21,Kentucky,21011,Bath,2011,2015,American Indian/Alaskan Native (includes Hispanic),
21,Kentucky,21011,Bath,2011,2015,White (includes Hispanic),8.3
21,Kentucky,21011,Bath,2012,2016,Asian/Pacific Islander (includes Hispanic),
21,Kentucky,21011,Bath,2012,2016,Black (includes Hispanic),
21,Kentucky,21011,Bath,2012,2016,Hispanic (all races),
21,Kentucky,21011,Bath,2012,2016,American Indian/Alaskan Native (includes Hispanic),
21,Kentucky,21011,Bath,2012,2016,White (includes Hispanic),9.0
21,Kentucky,21011,Bath,2013,2017,Asian/Pacific Islander (includes Hispanic),
21,Kentucky,21011,Bath,2013,2017,Black (includes Hispanic),
21,Kentucky,21011,Bath,2013,2017,Hispanic (all races),
21,Kentucky,21011,Bath,2013,2017,American Indian/Alaskan Native (includes Hispanic),
21,Kentucky,21011,Bath,2013,2017,White (includes Hispanic),8.3
21,Kentucky,21011,Bath,2014,2018,Asian/Pacific Islander (includes Hispanic),
21,Kentucky,21011,Bath,2014,2018,Black (includes Hispanic),
21,Kentucky,21011,Bath,2014,2018,Hispanic (all races),
21,Kentucky,21011,Bath,2014,2018,American Indian/Alaskan Native (includes Hispanic),
21,Kentucky,21011,Bath,2014,2018,White (includes Hispanic),7.8
21,Kentucky,21011,Bath,2015,2019,Asian/Pacific Islander (includes Hispanic),
21,Kentucky,21011,Bath,2015,2019,Black (includes Hispanic),
21,Kentucky,21011,Bath,2015,2019,Hispanic (all races),
21,Kentucky,21011,Bath,2015,2019,American Indian/Alaskan Native (includes Hispanic),
21,Kentucky,21011,Bath,2015,2019,White (includes Hispanic),6.7
21,Kentucky,21011,Bath,2016,2020,Asian/Pacific Islander (includes Hispanic),
21,Kentucky,21011,Bath,2016,2020,Black (includes Hispanic),
21,Kentucky,21011,Bath,2016,2020,Hispanic (all races),
21,Kentucky,21011,Bath,2016,2020,American Indian/Alaskan Native (includes Hispanic),
21,Kentucky,21011,Bath,2016,2020,White (includes Hispanic),
21,Kentucky,21013,Bell,2011,2015,Asian/Pacific Islander (includes Hispanic),
21,Kentucky,21013,Bell,2011,2015,Black (includes Hispanic),
21,Kentucky,21013,Bell,2011,2015,Hispanic (all races),
21,Kentucky,21013,Bell,2011,2015,American Indian/Alaskan Native (includes Hispanic),
21,Kentucky,21013,Bell,2011,2015,White (includes Hispanic),12.8
21,Kentucky,21013,Bell,2012,2016,Asian/Pacific Islander (includes Hispanic),
21,Kentucky,21013,Bell,2012,2016,Black (includes Hispanic),
21,Kentucky,21013,Bell,2012,2016,Hispanic (all races),
21,Kentucky,21013,Bell,2012,2016,American Indian/Alaskan Native (includes Hispanic),
21,Kentucky,21013,Bell,2012,2016,White (includes Hispanic),12.6
21,Kentucky,21013,Bell,2013,2017,Asian/Pacific Islander (includes Hispanic),
21,Kentucky,21013,Bell,2013,2017,Black (includes Hispanic),
21,Kentucky,21013,Bell,2013,2017,Hispanic (all races),
21,Kentucky,21013,Bell,2013,2017,American Indian/Alaskan Native (includes Hispanic),
21,Kentucky,21013,Bell,2013,2017,White (includes Hispanic),12.1
21,Kentucky,21013,Bell,2014,2018,Asian/Pacific Islander (includes Hispanic),
21,Kentucky,21013,Bell,2014,2018,Black (includes Hispanic),
21,Kentucky,21013,Bell,2014,2018,Hispanic (all races),
21,Kentucky,21013,Bell,2014,2018,American Indian/Alaskan Native (includes Hispanic),
21,Kentucky,21013,Bell,2014,2018,White (includes Hispanic),12.1
21,Kentucky,21013,Bell,2015,2019,Asian/Pacific Islander (includes Hispanic),
21,Kentucky,21013,Bell,2015,2019,Black (includes Hispanic),
21,Kentucky,21013,Bell,2015,2019,Hispanic (all races),
21,Kentucky,21013,Bell,2015,2019,American Indian/Alaskan Native (includes Hispanic),
21,Kentucky,21013,Bell,2015,2019,White (includes Hispanic),10.6
21,Kentucky,21013,Bell,2016,2020,Asian/Pacific Islander (includes Hispanic),
21,Kentucky,21013,Bell,2016,2020,Black (includes Hispanic),
21,Kentucky,21013,Bell,2016,2020,Hispanic (all races),
21,Kentucky,21013,Bell,2016,2020,American Indian/Alaskan Native (includes Hispanic),
21,Kentucky,21013,Bell,2016,2020,White (includes Hispanic),11.3
21,Kentucky,21015,Boone,2011,2015,Asian/Pacific Islander (includes Hispanic),
21,Kentucky,21015,Boone,2011,2015,Black (includes Hispanic),8.9
21,Kentucky,21015,Boone,2011,2015,Hispanic (all races),
21,Kentucky,21015,Boone,2011,2015,American Indian/Alaskan Native (includes Hispanic),
21,Kentucky,21015,Boone,2011,2015,White (includes Hispanic),7.1
21,Kentucky,21015,Boone,2012,2016,Asian/Pacific Islander (includes Hispanic),
21,Kentucky,21015,Boone,2012,2016,Black (includes Hispanic),8.8
21,Kentucky,21015,Boone,2012,2016,Hispanic (all races),
21,Kentucky,21015,Boone,2012,2016,American Indian/Alaskan Native (includes Hispanic),
21,Kentucky,21015,Boone,2012,2016,White (includes Hispanic),7.8
21,Kentucky,21015,Boone,2013,2017,Asian/Pacific Islander (includes Hispanic),
21,Kentucky,21015,Boone,2013,2017,Black (includes Hispanic),9.0
21,Kentucky,21015,Boone,2013,2017,Hispanic (all races),
21,Kentucky,21015,Boone,2013,2017,American Indian/Alaskan Native (includes Hispanic),
21,Kentucky,21015,Boone,2013,2017,White (includes Hispanic),8.4
21,Kentucky,21015,Boone,2014,2018,Asian/Pacific Islander (includes Hispanic),
21,Kentucky,21015,Boone,2014,2018,Black (includes Hispanic),8.8
21,Kentucky,21015,Boone,2014,2018,Hispanic (all races),
21,Kentucky,21015,Boone,2014,2018,American Indian/Alaskan Native (includes Hispanic),
21,Kentucky,21015,Boone,2014,2018,White (includes Hispanic),8.9
21,Kentucky,21015,Boone,2015,2019,Asian/Pacific Islander (includes Hispanic),
21,Kentucky,21015,Boone,2015,2019,Black (includes Hispanic),7.6
21,Kentucky,21015,Boone,2015,2019,Hispanic (all races),
21,Kentucky,21015,Boone,2015,2019,American Indian/Alaskan Native (includes Hispanic),
21,Kentucky,21015,Boone,2015,2019,White (includes Hispanic),9.5
21,Kentucky,21015,Boone,2016,2020,Asian/Pacific Islander (includes Hispanic),
21,Kentucky,21015,Boone,2016,2020,Black (includes Hispanic),8.1
21,Kentucky,21015,Boone,2016,2020,Hispanic (all races),
21,Kentucky,21015,Boone,2016,2020,American Indian/Alaskan Native (includes Hispanic),
21,Kentucky,21015,Boone,2016,2020,White (includes Hispanic),9.5
21,Kentucky,21017,Bourbon,2011,2015,Asian/Pacific Islander (includes Hispanic),
21,Kentucky,21017,Bourbon,2011,2015,Black (includes Hispanic),
21,Kentucky,21017,Bourbon,2011,2015,Hispanic (all races),
21,Kentucky,21017,Bourbon,2011,2015,American Indian/Alaskan Native (includes Hispanic),
21,Kentucky,21017,Bourbon,2011,2015,White (includes Hispanic),6.7
21,Kentucky,21017,Bourbon,2012,2016,Asian/Pacific Islander (includes Hispanic),
21,Kentucky,21017,Bourbon,2012,2016,Black (includes Hispanic),
21,Kentucky,21017,Bourbon,2012,2016,Hispanic (all races),
21,Kentucky,21017,Bourbon,2012,2016,American Indian/Alaskan Native (includes Hispanic),
21,Kentucky,21017,Bourbon,2012,2016,White (includes Hispanic),7.2
21,Kentucky,21017,Bourbon,2013,2017,Asian/Pacific Islander (includes Hispanic),
21,Kentucky,21017,Bourbon,2013,2017,Black (includes Hispanic),
21,Kentucky,21017,Bourbon,2013,2017,Hispanic (all races),
21,Kentucky,21017,Bourbon,2013,2017,American Indian/Alaskan Native (includes Hispanic),
21,Kentucky,21017,Bourbon,2013,2017,White (includes Hispanic),6.7
21,Kentucky,21017,Bourbon,2014,2018,Asian/Pacific Islander (includes Hispanic),
21,Kentucky,21017,Bourbon,2014,2018,Black (includes Hispanic),
21,Kentucky,21017,Bourbon,2014,2018,Hispanic (all races),
21,Kentucky,21017,Bourbon,2014,2018,American Indian/Alaskan Native (includes Hispanic),
21,Kentucky,21017,Bourbon,2014,2018,White (includes Hispanic),7.2
21,Kentucky,21017,Bourbon,2015,2019,Asian/Pacific Islander (includes Hispanic),
21,Kentucky,21017,Bourbon,2015,2019,Black (includes Hispanic),
21,Kentucky,21017,Bourbon,2015,2019,Hispanic (all races),
21,Kentucky,21017,Bourbon,2015,2019,American Indian/Alaskan Native (includes Hispanic),
21,Kentucky,21017,Bourbon,2015,2019,White (includes Hispanic),7.4
21,Kentucky,21017,Bourbon,2016,2020,Asian/Pacific Islander (includes Hispanic),
21,Kentucky,21017,Bourbon,2016,2020,Black (includes Hispanic),
21,Kentucky,21017,Bourbon,2016,2020,Hispanic (all races),
21,Kentucky,21017,Bourbon,2016,2020,American Indian/Alaskan Native (includes Hispanic),
21,Kentucky,21017,Bourbon,2016,2020,White (includes Hispanic),7.5
21,Kentucky,21019,Boyd,2011,2015,Asian/Pacific Islander (includes Hispanic),
21,Kentucky,21019,Boyd,2011,2015,Black (includes Hispanic),
21,Kentucky,21019,Boyd,2011,2015,Hispanic (all races),
21,Kentucky,21019,Boyd,2011,2015,American Indian/Alaskan Native (includes Hispanic),
21,Kentucky,21019,Boyd,2011,2015,White (includes Hispanic),9.6
21,Kentucky,21019,Boyd,2012,2016,Asian/Pacific Islander (includes Hispanic),
21,Kentucky,21019,Boyd,2012,2016,Black (includes Hispanic),
21,Kentucky,21019,Boyd,2012,2016,Hispanic (all races),
21,Kentucky,21019,Boyd,2012,2016,American Indian/Alaskan Native (includes Hispanic),
21,Kentucky,21019,Boyd,2012,2016,White (includes Hispanic),10.5
21,Kentucky,21019,Boyd,2013,2017,Asian/Pacific Islander (includes Hispanic),
21,Kentucky,21019,Boyd,2013,2017,Black (includes Hispanic),
21,Kentucky,21019,Boyd,2013,2017,Hispanic (all races),
21,Kentucky,21019,Boyd,2013,2017,American Indian/Alaskan Native (includes Hispanic),
21,Kentucky,21019,Boyd,2013,2017,White (includes Hispanic),11.4
21,Kentucky,21019,Boyd,2014,2018,Asian/Pacific Islander (includes Hispanic),
21,Kentucky,21019,Boyd,2014,2018,Black (includes Hispanic),
21,Kentucky,21019,Boyd,2014,2018,Hispanic (all races),
21,Kentucky,21019,Boyd,2014,2018,American Indian/Alaskan Native (includes Hispanic),
21,Kentucky,21019,Boyd,2014,2018,White (includes Hispanic),14.3
21,Kentucky,21019,Boyd,2015,2019,Asian/Pacific Islander (includes Hispanic),
21,Kentucky,21019,Boyd,2015,2019,Black (includes Hispanic),
21,Kentucky,21019,Boyd,2015,2019,Hispanic (all races),
21,Kentucky,21019,Boyd,2015,2019,American Indian/Alaskan Native (includes Hispanic),
21,Kentucky,21019,Boyd,2015,2019,White (includes Hispanic),15.8
21,Kentucky,21019,Boyd,2016,2020,Asian/Pacific Islander (includes Hispanic),
21,Kentucky,21019,Boyd,2016,2020,Black (includes Hispanic),
21,Kentucky,21019,Boyd,2016,2020,Hispanic (all races),
21,Kentucky,21019,Boyd,2016,2020,American Indian/Alaskan Native (includes Hispanic),
21,Kentucky,21019,Boyd,2016,2020,White (includes Hispanic),14.9
21,Kentucky,21021,Boyle,2011,2015,Asian/Pacific Islander (includes Hispanic),
21,Kentucky,21021,Boyle,2011,2015,Black (includes Hispanic),
21,Kentucky,21021,Boyle,2011,2015,Hispanic (all races),
21,Kentucky,21021,Boyle,2011,2015,American Indian/Alaskan Native (includes Hispanic),
21,Kentucky,21021,Boyle,2011,2015,White (includes Hispanic),7.9
21,Kentucky,21021,Boyle,2012,2016,Asian/Pacific Islander (includes Hispanic),
21,Kentucky,21021,Boyle,2012,2016,Black (includes Hispanic),
21,Kentucky,21021,Boyle,2012,2016,Hispanic (all races),
21,Kentucky,21021,Boyle,2012,2016,American Indian/Alaskan Native (includes Hispanic),
21,Kentucky,21021,Boyle,2012,2016,White (includes Hispanic),8.4
21,Kentucky,21021,Boyle,2013,2017,Asian/Pacific Islander (includes Hispanic),
21,Kentucky,21021,Boyle,2013,2017,Black (includes Hispanic),
21,Kentucky,21021,Boyle,2013,2017,Hispanic (all races),
21,Kentucky,21021,Boyle,2013,2017,American Indian/Alaskan Native (includes Hispanic),
21,Kentucky,21021,Boyle,2013,2017,White (includes Hispanic),9.0
21,Kentucky,21021,Boyle,2014,2018,Asian/Pacific Islander (includes Hispanic),
21,Kentucky,21021,Boyle,2014,2018,Black (includes Hispanic),
21,Kentucky,21021,Boyle,2014,2018,Hispanic (all races),
21,Kentucky,21021,Boyle,2014,2018,American Indian/Alaskan Native (includes Hispanic),
21,Kentucky,21021,Boyle,2014,2018,White (includes Hispanic),9.2
21,Kentucky,21021,Boyle,2015,2019,Asian/Pacific Islander (includes Hispanic),
21,Kentucky,21021,Boyle,2015,2019,Black (includes Hispanic),
21,Kentucky,21021,Boyle,2015,2019,Hispanic (all races),
21,Kentucky,21021,Boyle,2015,2019,American Indian/Alaskan Native (includes Hispanic),
21,Kentucky,21021,Boyle,2015,2019,White (includes Hispanic),9.7
21,Kentucky,21021,Boyle,2016,2020,Asian/Pacific Islander (includes Hispanic),
21,Kentucky,21021,Boyle,2016,2020,Black (includes Hispanic),
21,Kentucky,21021,Boyle,2016,2020,Hispanic (all races),
21,Kentucky,21021,Boyle,2016,2020,American Indian/Alaskan Native (includes Hispanic),
21,Kentucky,21021,Boyle,2016,2020,White (includes Hispanic),9.1
21,Kentucky,21023,Bracken,2011,2015,Asian/Pacific Islander (includes Hispanic),
21,Kentucky,21023,Bracken,2011,2015,Black (includes Hispanic),
21,Kentucky,21023,Bracken,2011,2015,Hispanic (all races),
21,Kentucky,21023,Bracken,2011,2015,American Indian/Alaskan Native (includes Hispanic),
21,Kentucky,21023,Bracken,2011,2015,White (includes Hispanic),12.4
21,Kentucky,21023,Bracken,2012,2016,Asian/Pacific Islander (includes Hispanic),
21,Kentucky,21023,Bracken,2012,2016,Black (includes Hispanic),
21,Kentucky,21023,Bracken,2012,2016,Hispanic (all races),
21,Kentucky,21023,Bracken,2012,2016,American Indian/Alaskan Native (includes Hispanic),
21,Kentucky,21023,Bracken,2012,2016,White (includes Hispanic),11.2
21,Kentucky,21023,Bracken,2013,2017,Asian/Pacific Islander (includes Hispanic),
21,Kentucky,21023,Bracken,2013,2017,Black (includes Hispanic),
21,Kentucky,21023,Bracken,2013,2017,Hispanic (all races),
21,Kentucky,21023,Bracken,2013,2017,American Indian/Alaskan Native (includes Hispanic),
21,Kentucky,21023,Bracken,2013,2017,White (includes Hispanic),11.5
21,Kentucky,21023,Bracken,2014,2018,Asian/Pacific Islander (includes Hispanic),
21,Kentucky,21023,Bracken,2014,2018,Black (includes Hispanic),
21,Kentucky,21023,Bracken,2014,2018,Hispanic (all races),
21,Kentucky,21023,Bracken,2014,2018,American Indian/Alaskan Native (includes Hispanic),
21,Kentucky,21023,Bracken,2014,2018,White (includes Hispanic),12.1
21,Kentucky,21023,Bracken,2015,2019,Asian/Pacific Islander (includes Hispanic),
21,Kentucky,21023,Bracken,2015,2019,Black (includes Hispanic),
21,Kentucky,21023,Bracken,2015,2019,Hispanic (all races),
21,Kentucky,21023,Bracken,2015,2019,American Indian/Alaskan Native (includes Hispanic),
21,Kentucky,21023,Bracken,2015,2019,White (includes Hispanic),10.9
21,Kentucky,21023,Bracken,2016,2020,Asian/Pacific Islander (includes Hispanic),
21,Kentucky,21023,Bracken,2016,2020,Black (includes Hispanic),
21,Kentucky,21023,Bracken,2016,2020,Hispanic (all races),
21,Kentucky,21023,Bracken,2016,2020,American Indian/Alaskan Native (includes Hispanic),
21,Kentucky,21023,Bracken,2016,2020,White (includes Hispanic),9.9
21,Kentucky,21025,Breathitt,2011,2015,Asian/Pacific Islander (includes Hispanic),
21,Kentucky,21025,Breathitt,2011,2015,Black (includes Hispanic),
21,Kentucky,21025,Breathitt,2011,2015,Hispanic (all races),
21,Kentucky,21025,Breathitt,2011,2015,American Indian/Alaskan Native (includes Hispanic),
21,Kentucky,21025,Breathitt,2011,2015,White (includes Hispanic),11.9
21,Kentucky,21025,Breathitt,2012,2016,Asian/Pacific Islander (includes Hispanic),
21,Kentucky,21025,Breathitt,2012,2016,Black (includes Hispanic),
21,Kentucky,21025,Breathitt,2012,2016,Hispanic (all races),
21,Kentucky,21025,Breathitt,2012,2016,American Indian/Alaskan Native (includes Hispanic),
21,Kentucky,21025,Breathitt,2012,2016,White (includes Hispanic),14.4
21,Kentucky,21025,Breathitt,2013,2017,Asian/Pacific Islander (includes Hispanic),
21,Kentucky,21025,Breathitt,2013,2017,Black (includes Hispanic),
21,Kentucky,21025,Breathitt,2013,2017,Hispanic (all races),
21,Kentucky,21025,Breathitt,2013,2017,American Indian/Alaskan Native (includes Hispanic),
21,Kentucky,21025,Breathitt,2013,2017,White (includes Hispanic),16.9
21,Kentucky,21025,Breathitt,2014,2018,Asian/Pacific Islander (includes Hispanic),
21,Kentucky,21025,Breathitt,2014,2018,Black (includes Hispanic),
21,Kentucky,21025,Breathitt,2014,2018,Hispanic (all races),
21,Kentucky,21025,Breathitt,2014,2018,American Indian/Alaskan Native (includes Hispanic),
21,Kentucky,21025,Breathitt,2014,2018,White (includes Hispanic),15.5
21,Kentucky,21025,Breathitt,2015,2019,Asian/Pacific Islander (includes Hispanic),
21,Kentucky,21025,Breathitt,2015,2019,Black (includes Hispanic),
21,Kentucky,21025,Breathitt,2015,2019,Hispanic (all races),
21,Kentucky,21025,Breathitt,2015,2019,American Indian/Alaskan Native (includes Hispanic),
21,Kentucky,21025,Breathitt,2015,2019,White (includes Hispanic),15.6
21,Kentucky,21025,Breathitt,2016,2020,Asian/Pacific Islander (includes Hispanic),
21,Kentucky,21025,Breathitt,2016,2020,Black (includes Hispanic),
21,Kentucky,21025,Breathitt,2016,2020,Hispanic (all races),
21,Kentucky,21025,Breathitt,2016,2020,American Indian/Alaskan Native (includes Hispanic),
21,Kentucky,21025,Breathitt,2016,2020,White (includes Hispanic),15.2
21,Kentucky,21027,Breckinridge,2011,2015,Asian/Pacific Islander (includes Hispanic),
21,Kentucky,21027,Breckinridge,2011,2015,Black (includes Hispanic),
21,Kentucky,21027,Breckinridge,2011,2015,Hispanic (all races),
21,Kentucky,21027,Breckinridge,2011,2015,American Indian/Alaskan Native (includes Hispanic),
21,Kentucky,21027,Breckinridge,2011,2015,White (includes Hispanic),8.2
21,Kentucky,21027,Breckinridge,2012,2016,Asian/Pacific Islander (includes Hispanic),
21,Kentucky,21027,Breckinridge,2012,2016,Black (includes Hispanic),
21,Kentucky,21027,Breckinridge,2012,2016,Hispanic (all races),
21,Kentucky,21027,Breckinridge,2012,2016,American Indian/Alaskan Native (includes Hispanic),
21,Kentucky,21027,Breckinridge,2012,2016,White (includes Hispanic),7.9
21,Kentucky,21027,Breckinridge,2013,2017,Asian/Pacific Islander (includes Hispanic),
21,Kentucky,21027,Breckinridge,2013,2017,Black (includes Hispanic),
21,Kentucky,21027,Breckinridge,2013,2017,Hispanic (all races),
21,Kentucky,21027,Breckinridge,2013,2017,American Indian/Alaskan Native (includes Hispanic),
21,Kentucky,21027,Breckinridge,2013,2017,White (includes Hispanic),8.5
21,Kentucky,21027,Breckinridge,2014,2018,Asian/Pacific Islander (includes Hispanic),
21,Kentucky,21027,Breckinridge,2014,2018,Black (includes Hispanic),
21,Kentucky,21027,Breckinridge,2014,2018,Hispanic (all races),
21,Kentucky,21027,Breckinridge,2014,2018,American Indian/Alaskan Native (includes Hispanic),
21,Kentucky,21027,Breckinridge,2014,2018,White (includes Hispanic),9.1
21,Kentucky,21027,Breckinridge,2015,2019,Asian/Pacific Islander (includes Hispanic),
21,Kentucky,21027,Breckinridge,2015,2019,Black (includes Hispanic),
21,Kentucky,21027,Breckinridge,2015,2019,Hispanic (all races),
21,Kentucky,21027,Breckinridge,2015,2019,American Indian/Alaskan Native (includes Hispanic),
21,Kentucky,21027,Breckinridge,2015,2019,White (includes Hispanic),8.7
21,Kentucky,21027,Breckinridge,2016,2020,Asian/Pacific Islander (includes Hispanic),
21,Kentucky,21027,Breckinridge,2016,2020,Black (includes Hispanic),
21,Kentucky,21027,Breckinridge,2016,2020,Hispanic (all races),
21,Kentucky,21027,Breckinridge,2016,2020,American Indian/Alaskan Native (includes Hispanic),
21,Kentucky,21027,Breckinridge,2016,2020,White (includes Hispanic),8.1
21,Kentucky,21029,Bullitt,2011,2015,Asian/Pacific Islander (includes Hispanic),
21,Kentucky,21029,Bullitt,2011,2015,Black (includes Hispanic),9.5
21,Kentucky,21029,Bullitt,2011,2015,Hispanic (all races),
21,Kentucky,21029,Bullitt,2011,2015,American Indian/Alaskan Native (includes Hispanic),
21,Kentucky,21029,Bullitt,2011,2015,White (includes Hispanic),8.5
21,Kentucky,21029,Bullitt,2012,2016,Asian/Pacific Islander (includes Hispanic),
21,Kentucky,21029,Bullitt,2012,2016,Black (includes Hispanic),10.1
21,Kentucky,21029,Bullitt,2012,2016,Hispanic (all races),
21,Kentucky,21029,Bullitt,2012,2016,American Indian/Alaskan Native (includes Hispanic),
21,Kentucky,21029,Bullitt,2012,2016,White (includes Hispanic),9.3
21,Kentucky,21029,Bullitt,2013,2017,Asian/Pacific Islander (includes Hispanic),
21,Kentucky,21029,Bullitt,2013,2017,Black (includes Hispanic),10.9
21,Kentucky,21029,Bullitt,2013,2017,Hispanic (all races),
21,Kentucky,21029,Bullitt,2013,2017,American Indian/Alaskan Native (includes Hispanic),
21,Kentucky,21029,Bullitt,2013,2017,White (includes Hispanic),9.8
21,Kentucky,21029,Bullitt,2014,2018,Asian/Pacific Islander (includes Hispanic),
21,Kentucky,21029,Bullitt,2014,2018,Black (includes Hispanic),9.8
21,Kentucky,21029,Bullitt,2014,2018,Hispanic (all races),
21,Kentucky,21029,Bullitt,2014,2018,American Indian/Alaskan Native (includes Hispanic),
21,Kentucky,21029,Bullitt,2014,2018,White (includes Hispanic),10.3
21,Kentucky,21029,Bullitt,2015,2019,Asian/Pacific Islander (includes Hispanic),
21,Kentucky,21029,Bullitt,2015,2019,Black (includes Hispanic),8.3
21,Kentucky,21029,Bullitt,2015,2019,Hispanic (all races),
21,Kentucky,21029,Bullitt,2015,2019,American Indian/Alaskan Native (includes Hispanic),
21,Kentucky,21029,Bullitt,2015,2019,White (includes Hispanic),10.4
21,Kentucky,21029,Bullitt,2016,2020,Asian/Pacific Islander (includes Hispanic),
21,Kentucky,21029,Bullitt,2016,2020,Black (includes Hispanic),8.0
21,Kentucky,21029,Bullitt,2016,2020,Hispanic (all races),
21,Kentucky,21029,Bullitt,2016,2020,American Indian/Alaskan Native (includes Hispanic),
21,Kentucky,21029,Bullitt,2016,2020,White (includes Hispanic),9.6
21,Kentucky,21031,Butler,2011,2015,Asian/Pacific Islander (includes Hispanic),
21,Kentucky,21031,Butler,2011,2015,Black (includes Hispanic),
21,Kentucky,21031,Butler,2011,2015,Hispanic (all races),
21,Kentucky,21031,Butler,2011,2015,American Indian/Alaskan Native (includes Hispanic),
21,Kentucky,21031,Butler,2011,2015,White (includes Hispanic),9.5
21,Kentucky,21031,Butler,2012,2016,Asian/Pacific Islander (includes Hispanic),
21,Kentucky,21031,Butler,2012,2016,Black (includes Hispanic),
21,Kentucky,21031,Butler,2012,2016,Hispanic (all races),
21,Kentucky,21031,Butler,2012,2016,American Indian/Alaskan Native (includes Hispanic),
21,Kentucky,21031,Butler,2012,2016,White (includes Hispanic),9.2
21,Kentucky,21031,Butler,2013,2017,Asian/Pacific Islander (includes Hispanic),
21,Kentucky,21031,Butler,2013,2017,Black (includes Hispanic),
21,Kentucky,21031,Butler,2013,2017,Hispanic (all races),
21,Kentucky,21031,Butler,2013,2017,American Indian/Alaskan Native (includes Hispanic),
21,Kentucky,21031,Butler,2013,2017,White (includes Hispanic),9.7
21,Kentucky,21031,Butler,2014,2018,Asian/Pacific Islander (includes Hispanic),
21,Kentucky,21031,Butler,2014,2018,Black (includes Hispanic),
21,Kentucky,21031,Butler,2014,2018,Hispanic (all races),
21,Kentucky,21031,Butler,2014,2018,American Indian/Alaskan Native (includes Hispanic),
21,Kentucky,21031,Butler,2014,2018,White (includes Hispanic),9.1
21,Kentucky,21031,Butler,2015,2019,Asian/Pacific Islander (includes Hispanic),
21,Kentucky,21031,Butler,2015,2019,Black (includes Hispanic),
21,Kentucky,21031,Butler,2015,2019,Hispanic (all races),
21,Kentucky,21031,Butler,2015,2019,American Indian/Alaskan Native (includes Hispanic),
21,Kentucky,21031,Butler,2015,2019,White (includes Hispanic),8.0
21,Kentucky,21031,Butler,2016,2020,Asian/Pacific Islander (includes Hispanic),
21,Kentucky,21031,Butler,2016,2020,Black (includes Hispanic),
21,Kentucky,21031,Butler,2016,2020,Hispanic (all races),
21,Kentucky,21031,Butler,2016,2020,American Indian/Alaskan Native (includes Hispanic),
21,Kentucky,21031,Butler,2016,2020,White (includes Hispanic),8.1
21,Kentucky,21033,Caldwell,2011,2015,Asian/Pacific Islander (includes Hispanic),
21,Kentucky,21033,Caldwell,2011,2015,Black (includes Hispanic),
21,Kentucky,21033,Caldwell,2011,2015,Hispanic (all races),
21,Kentucky,21033,Caldwell,2011,2015,American Indian/Alaskan Native (includes Hispanic),
21,Kentucky,21033,Caldwell,2011,2015,White (includes Hispanic),10.4
21,Kentucky,21033,Caldwell,2012,2016,Asian/Pacific Islander (includes Hispanic),
21,Kentucky,21033,Caldwell,2012,2016,Black (includes Hispanic),
21,Kentucky,21033,Caldwell,2012,2016,Hispanic (all races),
21,Kentucky,21033,Caldwell,2012,2016,American Indian/Alaskan Native (includes Hispanic),
21,Kentucky,21033,Caldwell,2012,2016,White (includes Hispanic),11.2
21,Kentucky,21033,Caldwell,2013,2017,Asian/Pacific Islander (includes Hispanic),
21,Kentucky,21033,Caldwell,2013,2017,Black (includes Hispanic),
21,Kentucky,21033,Caldwell,2013,2017,Hispanic (all races),
21,Kentucky,21033,Caldwell,2013,2017,American Indian/Alaskan Native (includes Hispanic),
21,Kentucky,21033,Caldwell,2013,2017,White (includes Hispanic),11.5
21,Kentucky,21033,Caldwell,2014,2018,Asian/Pacific Islander (includes Hispanic),
21,Kentucky,21033,Caldwell,2014,2018,Black (includes Hispanic),
21,Kentucky,21033,Caldwell,2014,2018,Hispanic (all races),
21,Kentucky,21033,Caldwell,2014,2018,American Indian/Alaskan Native (includes Hispanic),
21,Kentucky,21033,Caldwell,2014,2018,White (includes Hispanic),11.7
21,Kentucky,21033,Caldwell,2015,2019,Asian/Pacific Islander (includes Hispanic),
21,Kentucky,21033,Caldwell,2015,2019,Black (includes Hispanic),
21,Kentucky,21033,Caldwell,2015,2019,Hispanic (all races),
21,Kentucky,21033,Caldwell,2015,2019,American Indian/Alaskan Native (includes Hispanic),
21,Kentucky,21033,Caldwell,2015,2019,White (includes Hispanic),9.5
21,Kentucky,21033,Caldwell,2016,2020,Asian/Pacific Islander (includes Hispanic),
21,Kentucky,21033,Caldwell,2016,2020,Black (includes Hispanic),
21,Kentucky,21033,Caldwell,2016,2020,Hispanic (all races),
21,Kentucky,21033,Caldwell,2016,2020,American Indian/Alaskan Native (includes Hispanic),
21,Kentucky,21033,Caldwell,2016,2020,White (includes Hispanic),9.9
21,Kentucky,21035,Calloway,2011,2015,Asian/Pacific Islander (includes Hispanic),
21,Kentucky,21035,Calloway,2011,2015,Black (includes Hispanic),
21,Kentucky,21035,Calloway,2011,2015,Hispanic (all races),
21,Kentucky,21035,Calloway,2011,2015,American Indian/Alaskan Native (includes Hispanic),
21,Kentucky,21035,Calloway,2011,2015,White (includes Hispanic),11.7
21,Kentucky,21035,Calloway,2012,2016,Asian/Pacific Islander (includes Hispanic),
21,Kentucky,21035,Calloway,2012,2016,Black (includes Hispanic),
21,Kentucky,21035,Calloway,2012,2016,Hispanic (all races),
21,Kentucky,21035,Calloway,2012,2016,American Indian/Alaskan Native (includes Hispanic),
21,Kentucky,21035,Calloway,2012,2016,White (includes Hispanic),11.0
21,Kentucky,21035,Calloway,2013,2017,Asian/Pacific Islander (includes Hispanic),
21,Kentucky,21035,Calloway,2013,2017,Black (includes Hispanic),
21,Kentucky,21035,Calloway,2013,2017,Hispanic (all races),
21,Kentucky,21035,Calloway,2013,2017,American Indian/Alaskan Native (includes Hispanic),
21,Kentucky,21035,Calloway,2013,2017,White (includes Hispanic),10.7
21,Kentucky,21035,Calloway,2014,2018,Asian/Pacific Islander (includes Hispanic),
21,Kentucky,21035,Calloway,2014,2018,Black (includes Hispanic),
21,Kentucky,21035,Calloway,2014,2018,Hispanic (all races),
21,Kentucky,21035,Calloway,2014,2018,American Indian/Alaskan Native (includes Hispanic),
21,Kentucky,21035,Calloway,2014,2018,White (includes Hispanic),10.8
21,Kentucky,21035,Calloway,2015,2019,Asian/Pacific Islander (includes Hispanic),
21,Kentucky,21035,Calloway,2015,2019,Black (includes Hispanic),
21,Kentucky,21035,Calloway,2015,2019,Hispanic (all races),
21,Kentucky,21035,Calloway,2015,2019,American Indian/Alaskan Native (includes Hispanic),
21,Kentucky,21035,Calloway,2015,2019,White (includes Hispanic),10.1
21,Kentucky,21035,Calloway,2016,2020,Asian/Pacific Islander (includes Hispanic),
21,Kentucky,21035,Calloway,2016,2020,Black (includes Hispanic),
21,Kentucky,21035,Calloway,2016,2020,Hispanic (all races),
21,Kentucky,21035,Calloway,2016,2020,American Indian/Alaskan Native (includes Hispanic),
21,Kentucky,21035,Calloway,2016,2020,White (includes Hispanic),9.2
21,Kentucky,21037,Campbell,2011,2015,Asian/Pacific Islander (includes Hispanic),
21,Kentucky,21037,Campbell,2011,2015,Black (includes Hispanic),8.9
21,Kentucky,21037,Campbell,2011,2015,Hispanic (all races),
21,Kentucky,21037,Campbell,2011,2015,American Indian/Alaskan Native (includes Hispanic),
21,Kentucky,21037,Campbell,2011,2015,White (includes Hispanic),8.3
21,Kentucky,21037,Campbell,2012,2016,Asian/Pacific Islander (includes Hispanic),
21,Kentucky,21037,Campbell,2012,2016,Black (includes Hispanic),8.8
21,Kentucky,21037,Campbell,2012,2016,Hispanic (all races),
21,Kentucky,21037,Campbell,2012,2016,American Indian/Alaskan Native (includes Hispanic),
21,Kentucky,21037,Campbell,2012,2016,White (includes Hispanic),8.9
21,Kentucky,21037,Campbell,2013,2017,Asian/Pacific Islander (includes Hispanic),
21,Kentucky,21037,Campbell,2013,2017,Black (includes Hispanic),8.8
21,Kentucky,21037,Campbell,2013,2017,Hispanic (all races),
21,Kentucky,21037,Campbell,2013,2017,American Indian/Alaskan Native (includes Hispanic),
21,Kentucky,21037,Campbell,2013,2017,White (includes Hispanic),9.2
21,Kentucky,21037,Campbell,2014,2018,Asian/Pacific Islander (includes Hispanic),
21,Kentucky,21037,Campbell,2014,2018,Black (includes Hispanic),8.6
21,Kentucky,21037,Campbell,2014,2018,Hispanic (all races),
21,Kentucky,21037,Campbell,2014,2018,American Indian/Alaskan Native (includes Hispanic),
21,Kentucky,21037,Campbell,2014,2018,White (includes Hispanic),9.4
21,Kentucky,21037,Campbell,2015,2019,Asian/Pacific Islander (includes Hispanic),
21,Kentucky,21037,Campbell,2015,2019,Black (includes Hispanic),7.3
21,Kentucky,21037,Campbell,2015,2019,Hispanic (all races),
21,Kentucky,21037,Campbell,2015,2019,American Indian/Alaskan Native (includes Hispanic),
21,Kentucky,21037,Campbell,2015,2019,White (includes Hispanic),9.7
21,Kentucky,21037,Campbell,2016,2020,Asian/Pacific Islander (includes Hispanic),
21,Kentucky,21037,Campbell,2016,2020,Black (includes Hispanic),7.9
21,Kentucky,21037,Campbell,2016,2020,Hispanic (all races),
21,Kentucky,21037,Campbell,2016,2020,American Indian/Alaskan Native (includes Hispanic),
21,Kentucky,21037,Campbell,2016,2020,White (includes Hispanic),9.5
21,Kentucky,21039,Carlisle,2011,2015,Asian/Pacific Islander (includes Hispanic),
21,Kentucky,21039,Carlisle,2011,2015,Black (includes Hispanic),
21,Kentucky,21039,Carlisle,2011,2015,Hispanic (all races),
21,Kentucky,21039,Carlisle,2011,2015,American Indian/Alaskan Native (includes Hispanic),
21,Kentucky,21039,Carlisle,2011,2015,White (includes Hispanic),11.9
21,Kentucky,21039,Carlisle,2012,2016,Asian/Pacific Islander (includes Hispanic),
21,Kentucky,21039,Carlisle,2012,2016,Black (includes Hispanic),
21,Kentucky,21039,Carlisle,2012,2016,Hispanic (all races),
21,Kentucky,21039,Carlisle,2012,2016,American Indian/Alaskan Native (includes Hispanic),
21,Kentucky,21039,Carlisle,2012,2016,White (includes Hispanic),10.9
21,Kentucky,21039,Carlisle,2013,2017,Asian/Pacific Islander (includes Hispanic),
21,Kentucky,21039,Carlisle,2013,2017,Black (includes Hispanic),
21,Kentucky,21039,Carlisle,2013,2017,Hispanic (all races),
21,Kentucky,21039,Carlisle,2013,2017,American Indian/Alaskan Native (includes Hispanic),
21,Kentucky,21039,Carlisle,2013,2017,White (includes Hispanic),8.5
21,Kentucky,21039,Carlisle,2014,2018,Asian/Pacific Islander (includes Hispanic),
21,Kentucky,21039,Carlisle,2014,2018,Black (includes Hispanic),
21,Kentucky,21039,Carlisle,2014,2018,Hispanic (all races),
21,Kentucky,21039,Carlisle,2014,2018,American Indian/Alaskan Native (includes Hispanic),
21,Kentucky,21039,Carlisle,2014,2018,White (includes Hispanic),10.3
21,Kentucky,21039,Carlisle,2015,2019,Asian/Pacific Islander (includes Hispanic),
21,Kentucky,21039,Carlisle,2015,2019,Black (includes Hispanic),
21,Kentucky,21039,Carlisle,2015,2019,Hispanic (all races),
21,Kentucky,21039,Carlisle,2015,2019,American Indian/Alaskan Native (includes Hispanic),
21,Kentucky,21039,Carlisle,2015,2019,White (includes Hispanic),8.8
21,Kentucky,21039,Carlisle,2016,2020,Asian/Pacific Islander (includes Hispanic),
21,Kentucky,21039,Carlisle,2016,2020,Black (includes Hispanic),
21,Kentucky,21039,Carlisle,2016,2020,Hispanic (all races),
21,Kentucky,21039,Carlisle,2016,2020,American Indian/Alaskan Native (includes Hispanic),
21,Kentucky,21039,Carlisle,2016,2020,White (includes Hispanic),8.5
21,Kentucky,21041,Carroll,2011,2015,Asian/Pacific Islander (includes Hispanic),
21,Kentucky,21041,Carroll,2011,2015,Black (includes Hispanic),
21,Kentucky,21041,Carroll,2011,2015,Hispanic (all races),
21,Kentucky,21041,Carroll,2011,2015,American Indian/Alaskan Native (includes Hispanic),
21,Kentucky,21041,Carroll,2011,2015,White (includes Hispanic),8.7
21,Kentucky,21041,Carroll,2012,2016,Asian/Pacific Islander (includes Hispanic),
21,Kentucky,21041,Carroll,2012,2016,Black (includes Hispanic),
21,Kentucky,21041,Carroll,2012,2016,Hispanic (all races),
21,Kentucky,21041,Carroll,2012,2016,American Indian/Alaskan Native (includes Hispanic),
21,Kentucky,21041,Carroll,2012,2016,White (includes Hispanic),9.0
21,Kentucky,21041,Carroll,2013,2017,Asian/Pacific Islander (includes Hispanic),
21,Kentucky,21041,Carroll,2013,2017,Black (includes Hispanic),
21,Kentucky,21041,Carroll,2013,2017,Hispanic (all races),
21,Kentucky,21041,Carroll,2013,2017,American Indian/Alaskan Native (includes Hispanic),
21,Kentucky,21041,Carroll,2013,2017,White (includes Hispanic),9.0
21,Kentucky,21041,Carroll,2014,2018,Asian/Pacific Islander (includes Hispanic),
21,Kentucky,21041,Carroll,2014,2018,Black (includes Hispanic),
21,Kentucky,21041,Carroll,2014,2018,Hispanic (all races),
21,Kentucky,21041,Carroll,2014,2018,American Indian/Alaskan Native (includes Hispanic),
21,Kentucky,21041,Carroll,2014,2018,White (includes Hispanic),8.9
21,Kentucky,21041,Carroll,2015,2019,Asian/Pacific Islander (includes Hispanic),
21,Kentucky,21041,Carroll,2015,2019,Black (includes Hispanic),
21,Kentucky,21041,Carroll,2015,2019,Hispanic (all races),
21,Kentucky,21041,Carroll,2015,2019,American Indian/Alaskan Native (includes Hispanic),
21,Kentucky,21041,Carroll,2015,2019,White (includes Hispanic),10.3
21,Kentucky,21041,Carroll,2016,2020,Asian/Pacific Islander (includes Hispanic),
21,Kentucky,21041,Carroll,2016,2020,Black (includes Hispanic),
21,Kentucky,21041,Carroll,2016,2020,Hispanic (all races),
21,Kentucky,21041,Carroll,2016,2020,American Indian/Alaskan Native (includes Hispanic),
21,Kentucky,21041,Carroll,2016,2020,White (includes Hispanic),8.7
21,Kentucky,21043,Carter,2011,2015,Asian/Pacific Islander (includes Hispanic),
21,Kentucky,21043,Carter,2011,2015,Black (includes Hispanic),
21,Kentucky,21043,Carter,2011,2015,Hispanic (all races),
21,Kentucky,21043,Carter,2011,2015,American Indian/Alaskan Native (includes Hispanic),
21,Kentucky,21043,Carter,2011,2015,White (includes Hispanic),10.1
21,Kentucky,21043,Carter,2012,2016,Asian/Pacific Islander (includes Hispanic),
21,Kentucky,21043,Carter,2012,2016,Black (includes Hispanic),
21,Kentucky,21043,Carter,2012,2016,Hispanic (all races),
21,Kentucky,21043,Carter,2012,2016,American Indian/Alaskan Native (includes Hispanic),
21,Kentucky,21043,Carter,2012,2016,White (includes Hispanic),10.7
21,Kentucky,21043,Carter,2013,2017,Asian/Pacific Islander (includes Hispanic),
21,Kentucky,21043,Carter,2013,2017,Black (includes Hispanic),
21,Kentucky,21043,Carter,2013,2017,Hispanic (all races),
21,Kentucky,21043,Carter,2013,2017,American Indian/Alaskan Native (includes Hispanic),
21,Kentucky,21043,Carter,2013,2017,White (includes Hispanic),11.5
21,Kentucky,21043,Carter,2014,2018,Asian/Pacific Islander (includes Hispanic),
21,Kentucky,21043,Carter,2014,2018,Black (includes Hispanic),
21,Kentucky,21043,Carter,2014,2018,Hispanic (all races),
21,Kentucky,21043,Carter,2014,2018,American Indian/Alaskan Native (includes Hispanic),
21,Kentucky,21043,Carter,2014,2018,White (includes Hispanic),14.4
21,Kentucky,21043,Carter,2015,2019,Asian/Pacific Islander (includes Hispanic),
21,Kentucky,21043,Carter,2015,2019,Black (includes Hispanic),
21,Kentucky,21043,Carter,2015,2019,Hispanic (all races),
21,Kentucky,21043,Carter,2015,2019,American Indian/Alaskan Native (includes Hispanic),
21,Kentucky,21043,Carter,2015,2019,White (includes Hispanic),14.5
21,Kentucky,21043,Carter,2016,2020,Asian/Pacific Islander (includes Hispanic),
21,Kentucky,21043,Carter,2016,2020,Black (includes Hispanic),
21,Kentucky,21043,Carter,2016,2020,Hispanic (all races),
21,Kentucky,21043,Carter,2016,2020,American Indian/Alaskan Native (includes Hispanic),
21,Kentucky,21043,Carter,2016,2020,White (includes Hispanic),13.2
21,Kentucky,21045,Casey,2011,2015,Asian/Pacific Islander (includes Hispanic),
21,Kentucky,21045,Casey,2011,2015,Black (includes Hispanic),
21,Kentucky,21045,Casey,2011,2015,Hispanic (all races),
21,Kentucky,21045,Casey,2011,2015,American Indian/Alaskan Native (includes Hispanic),
21,Kentucky,21045,Casey,2011,2015,White (includes Hispanic),8.7
21,Kentucky,21045,Casey,2012,2016,Asian/Pacific Islander (includes Hispanic),
21,Kentucky,21045,Casey,2012,2016,Black (includes Hispanic),
21,Kentucky,21045,Casey,2012,2016,Hispanic (all races),
21,Kentucky,21045,Casey,2012,2016,American Indian/Alaskan Native (includes Hispanic),
21,Kentucky,21045,Casey,2012,2016,White (includes Hispanic),9.2
21,Kentucky,21045,Casey,2013,2017,Asian/Pacific Islander (includes Hispanic),
21,Kentucky,21045,Casey,2013,2017,Black (includes Hispanic),
21,Kentucky,21045,Casey,2013,2017,Hispanic (all races),
21,Kentucky,21045,Casey,2013,2017,American Indian/Alaskan Native (includes Hispanic),
21,Kentucky,21045,Casey,2013,2017,White (includes Hispanic),9.6
21,Kentucky,21045,Casey,2014,2018,Asian/Pacific Islander (includes Hispanic),
21,Kentucky,21045,Casey,2014,2018,Black (includes Hispanic),
21,Kentucky,21045,Casey,2014,2018,Hispanic (all races),
21,Kentucky,21045,Casey,2014,2018,American Indian/Alaskan Native (includes Hispanic),
21,Kentucky,21045,Casey,2014,2018,White (includes Hispanic),11.0
21,Kentucky,21045,Casey,2015,2019,Asian/Pacific Islander (includes Hispanic),
21,Kentucky,21045,Casey,2015,2019,Black (includes Hispanic),
21,Kentucky,21045,Casey,2015,2019,Hispanic (all races),
21,Kentucky,21045,Casey,2015,2019,American Indian/Alaskan Native (includes Hispanic),
21,Kentucky,21045,Casey,2015,2019,White (includes Hispanic),12.3
21,Kentucky,21045,Casey,2016,2020,Asian/Pacific Islander (includes Hispanic),
21,Kentucky,21045,Casey,2016,2020,Black (includes Hispanic),
21,Kentucky,21045,Casey,2016,2020,Hispanic (all races),
21,Kentucky,21045,Casey,2016,2020,American Indian/Alaskan Native (includes Hispanic),
21,Kentucky,21045,Casey,2016,2020,White (includes Hispanic),11.7
21,Kentucky,21047,Christian,2011,2015,Asian/Pacific Islander (includes Hispanic),
21,Kentucky,21047,Christian,2011,2015,Black (includes Hispanic),
21,Kentucky,21047,Christian,2011,2015,Hispanic (all races),
21,Kentucky,21047,Christian,2011,2015,American Indian/Alaskan Native (includes Hispanic),
21,Kentucky,21047,Christian,2011,2015,White (includes Hispanic),10.5
21,Kentucky,21047,Christian,2012,2016,Asian/Pacific Islander (includes Hispanic),
21,Kentucky,21047,Christian,2012,2016,Black (includes Hispanic),
21,Kentucky,21047,Christian,2012,2016,Hispanic (all races),
21,Kentucky,21047,Christian,2012,2016,American Indian/Alaskan Native (includes Hispanic),
21,Kentucky,21047,Christian,2012,2016,White (includes Hispanic),10.8
21,Kentucky,21047,Christian,2013,2017,Asian/Pacific Islander (includes Hispanic),
21,Kentucky,21047,Christian,2013,2017,Black (includes Hispanic),
21,Kentucky,21047,Christian,2013,2017,Hispanic (all races),
21,Kentucky,21047,Christian,2013,2017,American Indian/Alaskan Native (includes Hispanic),
21,Kentucky,21047,Christian,2013,2017,White (includes Hispanic),11.0
21,Kentucky,21047,Christian,2014,2018,Asian/Pacific Islander (includes Hispanic),
21,Kentucky,21047,Christian,2014,2018,Black (includes Hispanic),
21,Kentucky,21047,Christian,2014,2018,Hispanic (all races),
21,Kentucky,21047,Christian,2014,2018,American Indian/Alaskan Native (includes Hispanic),
21,Kentucky,21047,Christian,2014,2018,White (includes Hispanic),10.7
21,Kentucky,21047,Christian,2015,2019,Asian/Pacific Islander (includes Hispanic),
21,Kentucky,21047,Christian,2015,2019,Black (includes Hispanic),
21,Kentucky,21047,Christian,2015,2019,Hispanic (all races),
21,Kentucky,21047,Christian,2015,2019,American Indian/Alaskan Native (includes Hispanic),
21,Kentucky,21047,Christian,2015,2019,White (includes Hispanic),9.8
21,Kentucky,21047,Christian,2016,2020,Asian/Pacific Islander (includes Hispanic),
21,Kentucky,21047,Christian,2016,2020,Black (includes Hispanic),
21,Kentucky,21047,Christian,2016,2020,Hispanic (all races),
21,Kentucky,21047,Christian,2016,2020,American Indian/Alaskan Native (includes Hispanic),
21,Kentucky,21047,Christian,2016,2020,White (includes Hispanic),9.9
21,Kentucky,21049,Clark,2011,2015,Asian/Pacific Islander (includes Hispanic),
21,Kentucky,21049,Clark,2011,2015,Black (includes Hispanic),
21,Kentucky,21049,Clark,2011,2015,Hispanic (all races),
21,Kentucky,21049,Clark,2011,2015,American Indian/Alaskan Native (includes Hispanic),
21,Kentucky,21049,Clark,2011,2015,White (includes Hispanic),7.7
21,Kentucky,21049,Clark,2012,2016,Asian/Pacific Islander (includes Hispanic),
21,Kentucky,21049,Clark,2012,2016,Black (includes Hispanic),
21,Kentucky,21049,Clark,2012,2016,Hispanic (all races),
21,Kentucky,21049,Clark,2012,2016,American Indian/Alaskan Native (includes Hispanic),
21,Kentucky,21049,Clark,2012,2016,White (includes Hispanic),8.3
21,Kentucky,21049,Clark,2013,2017,Asian/Pacific Islander (includes Hispanic),
21,Kentucky,21049,Clark,2013,2017,Black (includes Hispanic),
21,Kentucky,21049,Clark,2013,2017,Hispanic (all races),
21,Kentucky,21049,Clark,2013,2017,American Indian/Alaskan Native (includes Hispanic),
21,Kentucky,21049,Clark,2013,2017,White (includes Hispanic),8.4
21,Kentucky,21049,Clark,2014,2018,Asian/Pacific Islander (includes Hispanic),
21,Kentucky,21049,Clark,2014,2018,Black (includes Hispanic),
21,Kentucky,21049,Clark,2014,2018,Hispanic (all races),
21,Kentucky,21049,Clark,2014,2018,American Indian/Alaskan Native (includes Hispanic),
21,Kentucky,21049,Clark,2014,2018,White (includes Hispanic),8.5
21,Kentucky,21049,Clark,2015,2019,Asian/Pacific Islander (includes Hispanic),
21,Kentucky,21049,Clark,2015,2019,Black (includes Hispanic),
21,Kentucky,21049,Clark,2015,2019,Hispanic (all races),
21,Kentucky,21049,Clark,2015,2019,American Indian/Alaskan Native (includes Hispanic),
21,Kentucky,21049,Clark,2015,2019,White (includes Hispanic),8.6
21,Kentucky,21049,Clark,2016,2020,Asian/Pacific Islander (includes Hispanic),
21,Kentucky,21049,Clark,2016,2020,Black (includes Hispanic),
21,Kentucky,21049,Clark,2016,2020,Hispanic (all races),
21,Kentucky,21049,Clark,2016,2020,American Indian/Alaskan Native (includes Hispanic),
21,Kentucky,21049,Clark,2016,2020,White (includes Hispanic),8.8
21,Kentucky,21051,Clay,2011,2015,Asian/Pacific Islander (includes Hispanic),
21,Kentucky,21051,Clay,2011,2015,Black (includes Hispanic),
21,Kentucky,21051,Clay,2011,2015,Hispanic (all races),
21,Kentucky,21051,Clay,2011,2015,American Indian/Alaskan Native (includes Hispanic),
21,Kentucky,21051,Clay,2011,2015,White (includes Hispanic),13.2
21,Kentucky,21051,Clay,2012,2016,Asian/Pacific Islander (includes Hispanic),
21,Kentucky,21051,Clay,2012,2016,Black (includes Hispanic),
21,Kentucky,21051,Clay,2012,2016,Hispanic (all races),
21,Kentucky,21051,Clay,2012,2016,American Indian/Alaskan Native (includes Hispanic),
21,Kentucky,21051,Clay,2012,2016,White (includes Hispanic),14.1
21,Kentucky,21051,Clay,2013,2017,Asian/Pacific Islander (includes Hispanic),
21,Kentucky,21051,Clay,2013,2017,Black (includes Hispanic),
21,Kentucky,21051,Clay,2013,2017,Hispanic (all races),
21,Kentucky,21051,Clay,2013,2017,American Indian/Alaskan Native (includes Hispanic),
21,Kentucky,21051,Clay,2013,2017,White (includes Hispanic),14.2
21,Kentucky,21051,Clay,2014,2018,Asian/Pacific Islander (includes Hispanic),
21,Kentucky,21051,Clay,2014,2018,Black (includes Hispanic),
21,Kentucky,21051,Clay,2014,2018,Hispanic (all races),
21,Kentucky,21051,Clay,2014,2018,American Indian/Alaskan Native (includes Hispanic),
21,Kentucky,21051,Clay,2014,2018,White (includes Hispanic),12.4
21,Kentucky,21051,Clay,2015,2019,Asian/Pacific Islander (includes Hispanic),
21,Kentucky,21051,Clay,2015,2019,Black (includes Hispanic),
21,Kentucky,21051,Clay,2015,2019,Hispanic (all races),
21,Kentucky,21051,Clay,2015,2019,American Indian/Alaskan Native (includes Hispanic),
21,Kentucky,21051,Clay,2015,2019,White (includes Hispanic),11.9
21,Kentucky,21051,Clay,2016,2020,Asian/Pacific Islander (includes Hispanic),
21,Kentucky,21051,Clay,2016,2020,Black (includes Hispanic),
21,Kentucky,21051,Clay,2016,2020,Hispanic (all races),
21,Kentucky,21051,Clay,2016,2020,American Indian/Alaskan Native (includes Hispanic),
21,Kentucky,21051,Clay,2016,2020,White (includes Hispanic),11.3
21,Kentucky,21053,Clinton,2011,2015,Asian/Pacific Islander (includes Hispanic),
21,Kentucky,21053,Clinton,2011,2015,Black (includes Hispanic),
21,Kentucky,21053,Clinton,2011,2015,Hispanic (all races),
21,Kentucky,21053,Clinton,2011,2015,American Indian/Alaskan Native (includes Hispanic),
21,Kentucky,21053,Clinton,2011,2015,White (includes Hispanic),
21,Kentucky,21053,Clinton,2012,2016,Asian/Pacific Islander (includes Hispanic),
21,Kentucky,21053,Clinton,2012,2016,Black (includes Hispanic),
21,Kentucky,21053,Clinton,2012,2016,Hispanic (all races),
21,Kentucky,21053,Clinton,2012,2016,American Indian/Alaskan Native (includes Hispanic),
21,Kentucky,21053,Clinton,2012,2016,White (includes Hispanic),
21,Kentucky,21053,Clinton,2013,2017,Asian/Pacific Islander (includes Hispanic),
21,Kentucky,21053,Clinton,2013,2017,Black (includes Hispanic),
21,Kentucky,21053,Clinton,2013,2017,Hispanic (all races),
21,Kentucky,21053,Clinton,2013,2017,American Indian/Alaskan Native (includes Hispanic),
21,Kentucky,21053,Clinton,2013,2017,White (includes Hispanic),
21,Kentucky,21053,Clinton,2014,2018,Asian/Pacific Islander (includes Hispanic),
21,Kentucky,21053,Clinton,2014,2018,Black (includes Hispanic),
21,Kentucky,21053,Clinton,2014,2018,Hispanic (all races),
21,Kentucky,21053,Clinton,2014,2018,American Indian/Alaskan Native (includes Hispanic),
21,Kentucky,21053,Clinton,2014,2018,White (includes Hispanic),
21,Kentucky,21053,Clinton,2015,2019,Asian/Pacific Islander (includes Hispanic),
21,Kentucky,21053,Clinton,2015,2019,Black (includes Hispanic),
21,Kentucky,21053,Clinton,2015,2019,Hispanic (all races),
21,Kentucky,21053,Clinton,2015,2019,American Indian/Alaskan Native (includes Hispanic),
21,Kentucky,21053,Clinton,2015,2019,White (includes Hispanic),11.6
21,Kentucky,21053,Clinton,2016,2020,Asian/Pacific Islander (includes Hispanic),
21,Kentucky,21053,Clinton,2016,2020,Black (includes Hispanic),
21,Kentucky,21053,Clinton,2016,2020,Hispanic (all races),
21,Kentucky,21053,Clinton,2016,2020,American Indian/Alaskan Native (includes Hispanic),
21,Kentucky,21053,Clinton,2016,2020,White (includes Hispanic),12.1
21,Kentucky,21055,Crittenden,2011,2015,Asian/Pacific Islander (includes Hispanic),
21,Kentucky,21055,Crittenden,2011,2015,Black (includes Hispanic),
21,Kentucky,21055,Crittenden,2011,2015,Hispanic (all races),
21,Kentucky,21055,Crittenden,2011,2015,American Indian/Alaskan Native (includes Hispanic),
21,Kentucky,21055,Crittenden,2011,2015,White (includes Hispanic),
21,Kentucky,21055,Crittenden,2012,2016,Asian/Pacific Islander (includes Hispanic),
21,Kentucky,21055,Crittenden,2012,2016,Black (includes Hispanic),
21,Kentucky,21055,Crittenden,2012,2016,Hispanic (all races),
21,Kentucky,21055,Crittenden,2012,2016,American Indian/Alaskan Native (includes Hispanic),
21,Kentucky,21055,Crittenden,2012,2016,White (includes Hispanic),
21,Kentucky,21055,Crittenden,2013,2017,Asian/Pacific Islander (includes Hispanic),
21,Kentucky,21055,Crittenden,2013,2017,Black (includes Hispanic),
21,Kentucky,21055,Crittenden,2013,2017,Hispanic (all races),
21,Kentucky,21055,Crittenden,2013,2017,American Indian/Alaskan Native (includes Hispanic),
21,Kentucky,21055,Crittenden,2013,2017,White (includes Hispanic),
21,Kentucky,21055,Crittenden,2014,2018,Asian/Pacific Islander (includes Hispanic),
21,Kentucky,21055,Crittenden,2014,2018,Black (includes Hispanic),
21,Kentucky,21055,Crittenden,2014,2018,Hispanic (all races),
21,Kentucky,21055,Crittenden,2014,2018,American Indian/Alaskan Native (includes Hispanic),
21,Kentucky,21055,Crittenden,2014,2018,White (includes Hispanic),
21,Kentucky,21055,Crittenden,2015,2019,Asian/Pacific Islander (includes Hispanic),
21,Kentucky,21055,Crittenden,2015,2019,Black (includes Hispanic),
21,Kentucky,21055,Crittenden,2015,2019,Hispanic (all races),
21,Kentucky,21055,Crittenden,2015,2019,American Indian/Alaskan Native (includes Hispanic),
21,Kentucky,21055,Crittenden,2015,2019,White (includes Hispanic),
21,Kentucky,21055,Crittenden,2016,2020,Asian/Pacific Islander (includes Hispanic),
21,Kentucky,21055,Crittenden,2016,2020,Black (includes Hispanic),
21,Kentucky,21055,Crittenden,2016,2020,Hispanic (all races),
21,Kentucky,21055,Crittenden,2016,2020,American Indian/Alaskan Native (includes Hispanic),
21,Kentucky,21055,Crittenden,2016,2020,White (includes Hispanic),
21,Kentucky,21057,Cumberland,2011,2015,Asian/Pacific Islander (includes Hispanic),
21,Kentucky,21057,Cumberland,2011,2015,Black (includes Hispanic),
21,Kentucky,21057,Cumberland,2011,2015,Hispanic (all races),
21,Kentucky,21057,Cumberland,2011,2015,American Indian/Alaskan Native (includes Hispanic),
21,Kentucky,21057,Cumberland,2011,2015,White (includes Hispanic),
21,Kentucky,21057,Cumberland,2012,2016,Asian/Pacific Islander (includes Hispanic),
21,Kentucky,21057,Cumberland,2012,2016,Black (includes Hispanic),
21,Kentucky,21057,Cumberland,2012,2016,Hispanic (all races),
21,Kentucky,21057,Cumberland,2012,2016,American Indian/Alaskan Native (includes Hispanic),
21,Kentucky,21057,Cumberland,2012,2016,White (includes Hispanic),9.2
21,Kentucky,21057,Cumberland,2013,2017,Asian/Pacific Islander (includes Hispanic),
21,Kentucky,21057,Cumberland,2013,2017,Black (includes Hispanic),
21,Kentucky,21057,Cumberland,2013,2017,Hispanic (all races),
21,Kentucky,21057,Cumberland,2013,2017,American Indian/Alaskan Native (includes Hispanic),
21,Kentucky,21057,Cumberland,2013,2017,White (includes Hispanic),10.6
21,Kentucky,21057,Cumberland,2014,2018,Asian/Pacific Islander (includes Hispanic),
21,Kentucky,21057,Cumberland,2014,2018,Black (includes Hispanic),
21,Kentucky,21057,Cumberland,2014,2018,Hispanic (all races),
21,Kentucky,21057,Cumberland,2014,2018,American Indian/Alaskan Native (includes Hispanic),
21,Kentucky,21057,Cumberland,2014,2018,White (includes Hispanic),10.6
21,Kentucky,21057,Cumberland,2015,2019,Asian/Pacific Islander (includes Hispanic),
21,Kentucky,21057,Cumberland,2015,2019,Black (includes Hispanic),
21,Kentucky,21057,Cumberland,2015,2019,Hispanic (all races),
21,Kentucky,21057,Cumberland,2015,2019,American Indian/Alaskan Native (includes Hispanic),
21,Kentucky,21057,Cumberland,2015,2019,White (includes Hispanic),14.8
21,Kentucky,21057,Cumberland,2016,2020,Asian/Pacific Islander (includes Hispanic),
21,Kentucky,21057,Cumberland,2016,2020,Black (includes Hispanic),
21,Kentucky,21057,Cumberland,2016,2020,Hispanic (all races),
21,Kentucky,21057,Cumberland,2016,2020,American Indian/Alaskan Native (includes Hispanic),
21,Kentucky,21057,Cumberland,2016,2020,White (includes Hispanic),16.8
21,Kentucky,21059,Daviess,2011,2015,Asian/Pacific Islander (includes Hispanic),
21,Kentucky,21059,Daviess,2011,2015,Black (includes Hispanic),
21,Kentucky,21059,Daviess,2011,2015,Hispanic (all races),
21,Kentucky,21059,Daviess,2011,2015,American Indian/Alaskan Native (includes Hispanic),
21,Kentucky,21059,Daviess,2011,2015,White (includes Hispanic),6.2
21,Kentucky,21059,Daviess,2012,2016,Asian/Pacific Islander (includes Hispanic),
21,Kentucky,21059,Daviess,2012,2016,Black (includes Hispanic),
21,Kentucky,21059,Daviess,2012,2016,Hispanic (all races),
21,Kentucky,21059,Daviess,2012,2016,American Indian/Alaskan Native (includes Hispanic),
21,Kentucky,21059,Daviess,2012,2016,White (includes Hispanic),6.1
21,Kentucky,21059,Daviess,2013,2017,Asian/Pacific Islander (includes Hispanic),
21,Kentucky,21059,Daviess,2013,2017,Black (includes Hispanic),
21,Kentucky,21059,Daviess,2013,2017,Hispanic (all races),
21,Kentucky,21059,Daviess,2013,2017,American Indian/Alaskan Native (includes Hispanic),
21,Kentucky,21059,Daviess,2013,2017,White (includes Hispanic),6.8
21,Kentucky,21059,Daviess,2014,2018,Asian/Pacific Islander (includes Hispanic),
21,Kentucky,21059,Daviess,2014,2018,Black (includes Hispanic),
21,Kentucky,21059,Daviess,2014,2018,Hispanic (all races),
21,Kentucky,21059,Daviess,2014,2018,American Indian/Alaskan Native (includes Hispanic),
21,Kentucky,21059,Daviess,2014,2018,White (includes Hispanic),7.9
21,Kentucky,21059,Daviess,2015,2019,Asian/Pacific Islander (includes Hispanic),
21,Kentucky,21059,Daviess,2015,2019,Black (includes Hispanic),
21,Kentucky,21059,Daviess,2015,2019,Hispanic (all races),
21,Kentucky,21059,Daviess,2015,2019,American Indian/Alaskan Native (includes Hispanic),
21,Kentucky,21059,Daviess,2015,2019,White (includes Hispanic),7.2
21,Kentucky,21059,Daviess,2016,2020,Asian/Pacific Islander (includes Hispanic),
21,Kentucky,21059,Daviess,2016,2020,Black (includes Hispanic),
21,Kentucky,21059,Daviess,2016,2020,Hispanic (all races),
21,Kentucky,21059,Daviess,2016,2020,American Indian/Alaskan Native (includes Hispanic),
21,Kentucky,21059,Daviess,2016,2020,White (includes Hispanic),7.1
21,Kentucky,21061,Edmonson,2011,2015,Asian/Pacific Islander (includes Hispanic),
21,Kentucky,21061,Edmonson,2011,2015,Black (includes Hispanic),
21,Kentucky,21061,Edmonson,2011,2015,Hispanic (all races),
21,Kentucky,21061,Edmonson,2011,2015,American Indian/Alaskan Native (includes Hispanic),
21,Kentucky,21061,Edmonson,2011,2015,White (includes Hispanic),11.5
21,Kentucky,21061,Edmonson,2012,2016,Asian/Pacific Islander (includes Hispanic),
21,Kentucky,21061,Edmonson,2012,2016,Black (includes Hispanic),
21,Kentucky,21061,Edmonson,2012,2016,Hispanic (all races),
21,Kentucky,21061,Edmonson,2012,2016,American Indian/Alaskan Native (includes Hispanic),
21,Kentucky,21061,Edmonson,2012,2016,White (includes Hispanic),10.1
21,Kentucky,21061,Edmonson,2013,2017,Asian/Pacific Islander (includes Hispanic),
21,Kentucky,21061,Edmonson,2013,2017,Black (includes Hispanic),
21,Kentucky,21061,Edmonson,2013,2017,Hispanic (all races),
21,Kentucky,21061,Edmonson,2013,2017,American Indian/Alaskan Native (includes Hispanic),
21,Kentucky,21061,Edmonson,2013,2017,White (includes Hispanic),9.6
21,Kentucky,21061,Edmonson,2014,2018,Asian/Pacific Islander (includes Hispanic),
21,Kentucky,21061,Edmonson,2014,2018,Black (includes Hispanic),
21,Kentucky,21061,Edmonson,2014,2018,Hispanic (all races),
21,Kentucky,21061,Edmonson,2014,2018,American Indian/Alaskan Native (includes Hispanic),
21,Kentucky,21061,Edmonson,2014,2018,White (includes Hispanic),8.9
21,Kentucky,21061,Edmonson,2015,2019,Asian/Pacific Islander (includes Hispanic),
21,Kentucky,21061,Edmonson,2015,2019,Black (includes Hispanic),
21,Kentucky,21061,Edmonson,2015,2019,Hispanic (all races),
21,Kentucky,21061,Edmonson,2015,2019,American Indian/Alaskan Native (includes Hispanic),
21,Kentucky,21061,Edmonson,2015,2019,White (includes Hispanic),7.6
21,Kentucky,21061,Edmonson,2016,2020,Asian/Pacific Islander (includes Hispanic),
21,Kentucky,21061,Edmonson,2016,2020,Black (includes Hispanic),
21,Kentucky,21061,Edmonson,2016,2020,Hispanic (all races),
21,Kentucky,21061,Edmonson,2016,2020,American Indian/Alaskan Native (includes Hispanic),
21,Kentucky,21061,Edmonson,2016,2020,White (includes Hispanic),6.4
21,Kentucky,21063,Elliott,2011,2015,Asian/Pacific Islander (includes Hispanic),
21,Kentucky,21063,Elliott,2011,2015,Black (includes Hispanic),
21,Kentucky,21063,Elliott,2011,2015,Hispanic (all races),
21,Kentucky,21063,Elliott,2011,2015,American Indian/Alaskan Native (includes Hispanic),
21,Kentucky,21063,Elliott,2011,2015,White (includes Hispanic),9.6
21,Kentucky,21063,Elliott,2012,2016,Asian/Pacific Islander (includes Hispanic),
21,Kentucky,21063,Elliott,2012,2016,Black (includes Hispanic),
21,Kentucky,21063,Elliott,2012,2016,Hispanic (all races),
21,Kentucky,21063,Elliott,2012,2016,American Indian/Alaskan Native (includes Hispanic),
21,Kentucky,21063,Elliott,2012,2016,White (includes Hispanic),11.5
21,Kentucky,21063,Elliott,2013,2017,Asian/Pacific Islander (includes Hispanic),
21,Kentucky,21063,Elliott,2013,2017,Black (includes Hispanic),
21,Kentucky,21063,Elliott,2013,2017,Hispanic (all races),
21,Kentucky,21063,Elliott,2013,2017,American Indian/Alaskan Native (includes Hispanic),
21,Kentucky,21063,Elliott,2013,2017,White (includes Hispanic),12.1
21,Kentucky,21063,Elliott,2014,2018,Asian/Pacific Islander (includes Hispanic),
21,Kentucky,21063,Elliott,2014,2018,Black (includes Hispanic),
21,Kentucky,21063,Elliott,2014,2018,Hispanic (all races),
21,Kentucky,21063,Elliott,2014,2018,American Indian/Alaskan Native (includes Hispanic),
21,Kentucky,21063,Elliott,2014,2018,White (includes Hispanic),11.3
21,Kentucky,21063,Elliott,2015,2019,Asian/Pacific Islander (includes Hispanic),
21,Kentucky,21063,Elliott,2015,2019,Black (includes Hispanic),
21,Kentucky,21063,Elliott,2015,2019,Hispanic (all races),
21,Kentucky,21063,Elliott,2015,2019,American Indian/Alaskan Native (includes Hispanic),
21,Kentucky,21063,Elliott,2015,2019,White (includes Hispanic),10.7
21,Kentucky,21063,Elliott,2016,2020,Asian/Pacific Islander (includes Hispanic),
21,Kentucky,21063,Elliott,2016,2020,Black (includes Hispanic),
21,Kentucky,21063,Elliott,2016,2020,Hispanic (all races),
21,Kentucky,21063,Elliott,2016,2020,American Indian/Alaskan Native (includes Hispanic),
21,Kentucky,21063,Elliott,2016,2020,White (includes Hispanic),8.9
21,Kentucky,21065,Estill,2011,2015,Asian/Pacific Islander (includes Hispanic),
21,Kentucky,21065,Estill,2011,2015,Black (includes Hispanic),
21,Kentucky,21065,Estill,2011,2015,Hispanic (all races),
21,Kentucky,21065,Estill,2011,2015,American Indian/Alaskan Native (includes Hispanic),
21,Kentucky,21065,Estill,2011,2015,White (includes Hispanic),11.3
21,Kentucky,21065,Estill,2012,2016,Asian/Pacific Islander (includes Hispanic),
21,Kentucky,21065,Estill,2012,2016,Black (includes Hispanic),
21,Kentucky,21065,Estill,2012,2016,Hispanic (all races),
21,Kentucky,21065,Estill,2012,2016,American Indian/Alaskan Native (includes Hispanic),
21,Kentucky,21065,Estill,2012,2016,White (includes Hispanic),12.3
21,Kentucky,21065,Estill,2013,2017,Asian/Pacific Islander (includes Hispanic),
21,Kentucky,21065,Estill,2013,2017,Black (includes Hispanic),
21,Kentucky,21065,Estill,2013,2017,Hispanic (all races),
21,Kentucky,21065,Estill,2013,2017,American Indian/Alaskan Native (includes Hispanic),
21,Kentucky,21065,Estill,2013,2017,White (includes Hispanic),13.7
21,Kentucky,21065,Estill,2014,2018,Asian/Pacific Islander (includes Hispanic),
21,Kentucky,21065,Estill,2014,2018,Black (includes Hispanic),
21,Kentucky,21065,Estill,2014,2018,Hispanic (all races),
21,Kentucky,21065,Estill,2014,2018,American Indian/Alaskan Native (includes Hispanic),
21,Kentucky,21065,Estill,2014,2018,White (includes Hispanic),13.4
21,Kentucky,21065,Estill,2015,2019,Asian/Pacific Islander (includes Hispanic),
21,Kentucky,21065,Estill,2015,2019,Black (includes Hispanic),
21,Kentucky,21065,Estill,2015,2019,Hispanic (all races),
21,Kentucky,21065,Estill,2015,2019,American Indian/Alaskan Native (includes Hispanic),
21,Kentucky,21065,Estill,2015,2019,White (includes Hispanic),13.4
21,Kentucky,21065,Estill,2016,2020,Asian/Pacific Islander (includes Hispanic),
21,Kentucky,21065,Estill,2016,2020,Black (includes Hispanic),
21,Kentucky,21065,Estill,2016,2020,Hispanic (all races),
21,Kentucky,21065,Estill,2016,2020,American Indian/Alaskan Native (includes Hispanic),
21,Kentucky,21065,Estill,2016,2020,White (includes Hispanic),12.2
21,Kentucky,21067,Fayette,2011,2015,Asian/Pacific Islander (includes Hispanic),
21,Kentucky,21067,Fayette,2011,2015,Black (includes Hispanic),
21,Kentucky,21067,Fayette,2011,2015,Hispanic (all races),
21,Kentucky,21067,Fayette,2011,2015,American Indian/Alaskan Native (includes Hispanic),
21,Kentucky,21067,Fayette,2011,2015,White (includes Hispanic),6.8
21,Kentucky,21067,Fayette,2012,2016,Asian/Pacific Islander (includes Hispanic),
21,Kentucky,21067,Fayette,2012,2016,Black (includes Hispanic),
21,Kentucky,21067,Fayette,2012,2016,Hispanic (all races),
21,Kentucky,21067,Fayette,2012,2016,American Indian/Alaskan Native (includes Hispanic),
21,Kentucky,21067,Fayette,2012,2016,White (includes Hispanic),7.2
21,Kentucky,21067,Fayette,2013,2017,Asian/Pacific Islander (includes Hispanic),
21,Kentucky,21067,Fayette,2013,2017,Black (includes Hispanic),
21,Kentucky,21067,Fayette,2013,2017,Hispanic (all races),
21,Kentucky,21067,Fayette,2013,2017,American Indian/Alaskan Native (includes Hispanic),
21,Kentucky,21067,Fayette,2013,2017,White (includes Hispanic),7.0
21,Kentucky,21067,Fayette,2014,2018,Asian/Pacific Islander (includes Hispanic),
21,Kentucky,21067,Fayette,2014,2018,Black (includes Hispanic),
21,Kentucky,21067,Fayette,2014,2018,Hispanic (all races),
21,Kentucky,21067,Fayette,2014,2018,American Indian/Alaskan Native (includes Hispanic),
21,Kentucky,21067,Fayette,2014,2018,White (includes Hispanic),7.2
21,Kentucky,21067,Fayette,2015,2019,Asian/Pacific Islander (includes Hispanic),
21,Kentucky,21067,Fayette,2015,2019,Black (includes Hispanic),
21,Kentucky,21067,Fayette,2015,2019,Hispanic (all races),
21,Kentucky,21067,Fayette,2015,2019,American Indian/Alaskan Native (includes Hispanic),
21,Kentucky,21067,Fayette,2015,2019,White (includes Hispanic),7.4
21,Kentucky,21067,Fayette,2016,2020,Asian/Pacific Islander (includes Hispanic),
21,Kentucky,21067,Fayette,2016,2020,Black (includes Hispanic),
21,Kentucky,21067,Fayette,2016,2020,Hispanic (all races),
21,Kentucky,21067,Fayette,2016,2020,American Indian/Alaskan Native (includes Hispanic),
21,Kentucky,21067,Fayette,2016,2020,White (includes Hispanic),7.6
21,Kentucky,21069,Fleming,2011,2015,Asian/Pacific Islander (includes Hispanic),
21,Kentucky,21069,Fleming,2011,2015,Black (includes Hispanic),
21,Kentucky,21069,Fleming,2011,2015,Hispanic (all races),
21,Kentucky,21069,Fleming,2011,2015,American Indian/Alaskan Native (includes Hispanic),
21,Kentucky,21069,Fleming,2011,2015,White (includes Hispanic),10.4
21,Kentucky,21069,Fleming,2012,2016,Asian/Pacific Islander (includes Hispanic),
21,Kentucky,21069,Fleming,2012,2016,Black (includes Hispanic),
21,Kentucky,21069,Fleming,2012,2016,Hispanic (all races),
21,Kentucky,21069,Fleming,2012,2016,American Indian/Alaskan Native (includes Hispanic),
21,Kentucky,21069,Fleming,2012,2016,White (includes Hispanic),10.6
21,Kentucky,21069,Fleming,2013,2017,Asian/Pacific Islander (includes Hispanic),
21,Kentucky,21069,Fleming,2013,2017,Black (includes Hispanic),
21,Kentucky,21069,Fleming,2013,2017,Hispanic (all races),
21,Kentucky,21069,Fleming,2013,2017,American Indian/Alaskan Native (includes Hispanic),
21,Kentucky,21069,Fleming,2013,2017,White (includes Hispanic),11.8
21,Kentucky,21069,Fleming,2014,2018,Asian/Pacific Islander (includes Hispanic),
21,Kentucky,21069,Fleming,2014,2018,Black (includes Hispanic),
21,Kentucky,21069,Fleming,2014,2018,Hispanic (all races),
21,Kentucky,21069,Fleming,2014,2018,American Indian/Alaskan Native (includes Hispanic),
21,Kentucky,21069,Fleming,2014,2018,White (includes Hispanic),11.1
21,Kentucky,21069,Fleming,2015,2019,Asian/Pacific Islander (includes Hispanic),
21,Kentucky,21069,Fleming,2015,2019,Black (includes Hispanic),
21,Kentucky,21069,Fleming,2015,2019,Hispanic (all races),
21,Kentucky,21069,Fleming,2015,2019,American Indian/Alaskan Native (includes Hispanic),
21,Kentucky,21069,Fleming,2015,2019,White (includes Hispanic),8.4
21,Kentucky,21069,Fleming,2016,2020,Asian/Pacific Islander (includes Hispanic),
21,Kentucky,21069,Fleming,2016,2020,Black (includes Hispanic),
21,Kentucky,21069,Fleming,2016,2020,Hispanic (all races),
21,Kentucky,21069,Fleming,2016,2020,American Indian/Alaskan Native (includes Hispanic),
21,Kentucky,21069,Fleming,2016,2020,White (includes Hispanic),
21,Kentucky,21071,Floyd,2011,2015,Asian/Pacific Islander (includes Hispanic),
21,Kentucky,21071,Floyd,2011,2015,Black (includes Hispanic),
21,Kentucky,21071,Floyd,2011,2015,Hispanic (all races),
21,Kentucky,21071,Floyd,2011,2015,American Indian/Alaskan Native (includes Hispanic),
21,Kentucky,21071,Floyd,2011,2015,White (includes Hispanic),8.1
21,Kentucky,21071,Floyd,2012,2016,Asian/Pacific Islander (includes Hispanic),
21,Kentucky,21071,Floyd,2012,2016,Black (includes Hispanic),
21,Kentucky,21071,Floyd,2012,2016,Hispanic (all races),
21,Kentucky,21071,Floyd,2012,2016,American Indian/Alaskan Native (includes Hispanic),
21,Kentucky,21071,Floyd,2012,2016,White (includes Hispanic),9.8
21,Kentucky,21071,Floyd,2013,2017,Asian/Pacific Islander (includes Hispanic),
21,Kentucky,21071,Floyd,2013,2017,Black (includes Hispanic),
21,Kentucky,21071,Floyd,2013,2017,Hispanic (all races),
21,Kentucky,21071,Floyd,2013,2017,American Indian/Alaskan Native (includes Hispanic),
21,Kentucky,21071,Floyd,2013,2017,White (includes Hispanic),11.9
21,Kentucky,21071,Floyd,2014,2018,Asian/Pacific Islander (includes Hispanic),
21,Kentucky,21071,Floyd,2014,2018,Black (includes Hispanic),
21,Kentucky,21071,Floyd,2014,2018,Hispanic (all races),
21,Kentucky,21071,Floyd,2014,2018,American Indian/Alaskan Native (includes Hispanic),
21,Kentucky,21071,Floyd,2014,2018,White (includes Hispanic),12.9
21,Kentucky,21071,Floyd,2015,2019,Asian/Pacific Islander (includes Hispanic),
21,Kentucky,21071,Floyd,2015,2019,Black (includes Hispanic),
21,Kentucky,21071,Floyd,2015,2019,Hispanic (all races),
21,Kentucky,21071,Floyd,2015,2019,American Indian/Alaskan Native (includes Hispanic),
21,Kentucky,21071,Floyd,2015,2019,White (includes Hispanic),14.9
21,Kentucky,21071,Floyd,2016,2020,Asian/Pacific Islander (includes Hispanic),
21,Kentucky,21071,Floyd,2016,2020,Black (includes Hispanic),
21,Kentucky,21071,Floyd,2016,2020,Hispanic (all races),
21,Kentucky,21071,Floyd,2016,2020,American Indian/Alaskan Native (includes Hispanic),
21,Kentucky,21071,Floyd,2016,2020,White (includes Hispanic),15.7
21,Kentucky,21073,Franklin,2011,2015,Asian/Pacific Islander (includes Hispanic),
21,Kentucky,21073,Franklin,2011,2015,Black (includes Hispanic),
21,Kentucky,21073,Franklin,2011,2015,Hispanic (all races),
21,Kentucky,21073,Franklin,2011,2015,American Indian/Alaskan Native (includes Hispanic),
21,Kentucky,21073,Franklin,2011,2015,White (includes Hispanic),7.2
21,Kentucky,21073,Franklin,2012,2016,Asian/Pacific Islander (includes Hispanic),
21,Kentucky,21073,Franklin,2012,2016,Black (includes Hispanic),
21,Kentucky,21073,Franklin,2012,2016,Hispanic (all races),
21,Kentucky,21073,Franklin,2012,2016,American Indian/Alaskan Native (includes Hispanic),
21,Kentucky,21073,Franklin,2012,2016,White (includes Hispanic),6.5
21,Kentucky,21073,Franklin,2013,2017,Asian/Pacific Islander (includes Hispanic),
21,Kentucky,21073,Franklin,2013,2017,Black (includes Hispanic),
21,Kentucky,21073,Franklin,2013,2017,Hispanic (all races),
21,Kentucky,21073,Franklin,2013,2017,American Indian/Alaskan Native (includes Hispanic),
21,Kentucky,21073,Franklin,2013,2017,White (includes Hispanic),5.1
21,Kentucky,21073,Franklin,2014,2018,Asian/Pacific Islander (includes Hispanic),
21,Kentucky,21073,Franklin,2014,2018,Black (includes Hispanic),
21,Kentucky,21073,Franklin,2014,2018,Hispanic (all races),
21,Kentucky,21073,Franklin,2014,2018,American Indian/Alaskan Native (includes Hispanic),
21,Kentucky,21073,Franklin,2014,2018,White (includes Hispanic),4.3
21,Kentucky,21073,Franklin,2015,2019,Asian/Pacific Islander (includes Hispanic),
21,Kentucky,21073,Franklin,2015,2019,Black (includes Hispanic),
21,Kentucky,21073,Franklin,2015,2019,Hispanic (all races),
21,Kentucky,21073,Franklin,2015,2019,American Indian/Alaskan Native (includes Hispanic),
21,Kentucky,21073,Franklin,2015,2019,White (includes Hispanic),5.0
21,Kentucky,21073,Franklin,2016,2020,Asian/Pacific Islander (includes Hispanic),
21,Kentucky,21073,Franklin,2016,2020,Black (includes Hispanic),
21,Kentucky,21073,Franklin,2016,2020,Hispanic (all races),
21,Kentucky,21073,Franklin,2016,2020,American Indian/Alaskan Native (includes Hispanic),
21,Kentucky,21073,Franklin,2016,2020,White (includes Hispanic),6.0
21,Kentucky,21075,Fulton,2011,2015,Asian/Pacific Islander (includes Hispanic),
21,Kentucky,21075,Fulton,2011,2015,Black (includes Hispanic),
21,Kentucky,21075,Fulton,2011,2015,Hispanic (all races),
21,Kentucky,21075,Fulton,2011,2015,American Indian/Alaskan Native (includes Hispanic),
21,Kentucky,21075,Fulton,2011,2015,White (includes Hispanic),
21,Kentucky,21075,Fulton,2012,2016,Asian/Pacific Islander (includes Hispanic),
21,Kentucky,21075,Fulton,2012,2016,Black (includes Hispanic),
21,Kentucky,21075,Fulton,2012,2016,Hispanic (all races),
21,Kentucky,21075,Fulton,2012,2016,American Indian/Alaskan Native (includes Hispanic),
21,Kentucky,21075,Fulton,2012,2016,White (includes Hispanic),
21,Kentucky,21075,Fulton,2013,2017,Asian/Pacific Islander (includes Hispanic),
21,Kentucky,21075,Fulton,2013,2017,Black (includes Hispanic),
21,Kentucky,21075,Fulton,2013,2017,Hispanic (all races),
21,Kentucky,21075,Fulton,2013,2017,American Indian/Alaskan Native (includes Hispanic),
21,Kentucky,21075,Fulton,2013,2017,White (includes Hispanic),
21,Kentucky,21075,Fulton,2014,2018,Asian/Pacific Islander (includes Hispanic),
21,Kentucky,21075,Fulton,2014,2018,Black (includes Hispanic),
21,Kentucky,21075,Fulton,2014,2018,Hispanic (all races),
21,Kentucky,21075,Fulton,2014,2018,American Indian/Alaskan Native (includes Hispanic),
21,Kentucky,21075,Fulton,2014,2018,White (includes Hispanic),
21,Kentucky,21075,Fulton,2015,2019,Asian/Pacific Islander (includes Hispanic),
21,Kentucky,21075,Fulton,2015,2019,Black (includes Hispanic),
21,Kentucky,21075,Fulton,2015,2019,Hispanic (all races),
21,Kentucky,21075,Fulton,2015,2019,American Indian/Alaskan Native (includes Hispanic),
21,Kentucky,21075,Fulton,2015,2019,White (includes Hispanic),
21,Kentucky,21075,Fulton,2016,2020,Asian/Pacific Islander (includes Hispanic),
21,Kentucky,21075,Fulton,2016,2020,Black (includes Hispanic),
21,Kentucky,21075,Fulton,2016,2020,Hispanic (all races),
21,Kentucky,21075,Fulton,2016,2020,American Indian/Alaskan Native (includes Hispanic),
21,Kentucky,21075,Fulton,2016,2020,White (includes Hispanic),
21,Kentucky,21077,Gallatin,2011,2015,Asian/Pacific Islander (includes Hispanic),
21,Kentucky,21077,Gallatin,2011,2015,Black (includes Hispanic),
21,Kentucky,21077,Gallatin,2011,2015,Hispanic (all races),
21,Kentucky,21077,Gallatin,2011,2015,American Indian/Alaskan Native (includes Hispanic),
21,Kentucky,21077,Gallatin,2011,2015,White (includes Hispanic),7.2
21,Kentucky,21077,Gallatin,2012,2016,Asian/Pacific Islander (includes Hispanic),
21,Kentucky,21077,Gallatin,2012,2016,Black (includes Hispanic),
21,Kentucky,21077,Gallatin,2012,2016,Hispanic (all races),
21,Kentucky,21077,Gallatin,2012,2016,American Indian/Alaskan Native (includes Hispanic),
21,Kentucky,21077,Gallatin,2012,2016,White (includes Hispanic),7.1
21,Kentucky,21077,Gallatin,2013,2017,Asian/Pacific Islander (includes Hispanic),
21,Kentucky,21077,Gallatin,2013,2017,Black (includes Hispanic),
21,Kentucky,21077,Gallatin,2013,2017,Hispanic (all races),
21,Kentucky,21077,Gallatin,2013,2017,American Indian/Alaskan Native (includes Hispanic),
21,Kentucky,21077,Gallatin,2013,2017,White (includes Hispanic),8.2
21,Kentucky,21077,Gallatin,2014,2018,Asian/Pacific Islander (includes Hispanic),
21,Kentucky,21077,Gallatin,2014,2018,Black (includes Hispanic),
21,Kentucky,21077,Gallatin,2014,2018,Hispanic (all races),
21,Kentucky,21077,Gallatin,2014,2018,American Indian/Alaskan Native (includes Hispanic),
21,Kentucky,21077,Gallatin,2014,2018,White (includes Hispanic),9.6
21,Kentucky,21077,Gallatin,2015,2019,Asian/Pacific Islander (includes Hispanic),
21,Kentucky,21077,Gallatin,2015,2019,Black (includes Hispanic),
21,Kentucky,21077,Gallatin,2015,2019,Hispanic (all races),
21,Kentucky,21077,Gallatin,2015,2019,American Indian/Alaskan Native (includes Hispanic),
21,Kentucky,21077,Gallatin,2015,2019,White (includes Hispanic),10.5
21,Kentucky,21077,Gallatin,2016,2020,Asian/Pacific Islander (includes Hispanic),
21,Kentucky,21077,Gallatin,2016,2020,Black (includes Hispanic),
21,Kentucky,21077,Gallatin,2016,2020,Hispanic (all races),
21,Kentucky,21077,Gallatin,2016,2020,American Indian/Alaskan Native (includes Hispanic),
21,Kentucky,21077,Gallatin,2016,2020,White (includes Hispanic),10.6
21,Kentucky,21079,Garrard,2011,2015,Asian/Pacific Islander (includes Hispanic),
21,Kentucky,21079,Garrard,2011,2015,Black (includes Hispanic),
21,Kentucky,21079,Garrard,2011,2015,Hispanic (all races),
21,Kentucky,21079,Garrard,2011,2015,American Indian/Alaskan Native (includes Hispanic),
21,Kentucky,21079,Garrard,2011,2015,White (includes Hispanic),9.3
21,Kentucky,21079,Garrard,2012,2016,Asian/Pacific Islander (includes Hispanic),
21,Kentucky,21079,Garrard,2012,2016,Black (includes Hispanic),
21,Kentucky,21079,Garrard,2012,2016,Hispanic (all races),
21,Kentucky,21079,Garrard,2012,2016,American Indian/Alaskan Native (includes Hispanic),
21,Kentucky,21079,Garrard,2012,2016,White (includes Hispanic),9.9
21,Kentucky,21079,Garrard,2013,2017,Asian/Pacific Islander (includes Hispanic),
21,Kentucky,21079,Garrard,2013,2017,Black (includes Hispanic),
21,Kentucky,21079,Garrard,2013,2017,Hispanic (all races),
21,Kentucky,21079,Garrard,2013,2017,American Indian/Alaskan Native (includes Hispanic),
21,Kentucky,21079,Garrard,2013,2017,White (includes Hispanic),10.6
21,Kentucky,21079,Garrard,2014,2018,Asian/Pacific Islander (includes Hispanic),
21,Kentucky,21079,Garrard,2014,2018,Black (includes Hispanic),
21,Kentucky,21079,Garrard,2014,2018,Hispanic (all races),
21,Kentucky,21079,Garrard,2014,2018,American Indian/Alaskan Native (includes Hispanic),
21,Kentucky,21079,Garrard,2014,2018,White (includes Hispanic),10.1
21,Kentucky,21079,Garrard,2015,2019,Asian/Pacific Islander (includes Hispanic),
21,Kentucky,21079,Garrard,2015,2019,Black (includes Hispanic),
21,Kentucky,21079,Garrard,2015,2019,Hispanic (all races),
21,Kentucky,21079,Garrard,2015,2019,American Indian/Alaskan Native (includes Hispanic),
21,Kentucky,21079,Garrard,2015,2019,White (includes Hispanic),10.0
21,Kentucky,21079,Garrard,2016,2020,Asian/Pacific Islander (includes Hispanic),
21,Kentucky,21079,Garrard,2016,2020,Black (includes Hispanic),
21,Kentucky,21079,Garrard,2016,2020,Hispanic (all races),
21,Kentucky,21079,Garrard,2016,2020,American Indian/Alaskan Native (includes Hispanic),
21,Kentucky,21079,Garrard,2016,2020,White (includes Hispanic),8.7
21,Kentucky,21081,Grant,2011,2015,Asian/Pacific Islander (includes Hispanic),
21,Kentucky,21081,Grant,2011,2015,Black (includes Hispanic),
21,Kentucky,21081,Grant,2011,2015,Hispanic (all races),
21,Kentucky,21081,Grant,2011,2015,American Indian/Alaskan Native (includes Hispanic),
21,Kentucky,21081,Grant,2011,2015,White (includes Hispanic),7.4
21,Kentucky,21081,Grant,2012,2016,Asian/Pacific Islander (includes Hispanic),
21,Kentucky,21081,Grant,2012,2016,Black (includes Hispanic),
21,Kentucky,21081,Grant,2012,2016,Hispanic (all races),
21,Kentucky,21081,Grant,2012,2016,American Indian/Alaskan Native (includes Hispanic),
21,Kentucky,21081,Grant,2012,2016,White (includes Hispanic),8.1
21,Kentucky,21081,Grant,2013,2017,Asian/Pacific Islander (includes Hispanic),
21,Kentucky,21081,Grant,2013,2017,Black (includes Hispanic),
21,Kentucky,21081,Grant,2013,2017,Hispanic (all races),
21,Kentucky,21081,Grant,2013,2017,American Indian/Alaskan Native (includes Hispanic),
21,Kentucky,21081,Grant,2013,2017,White (includes Hispanic),8.3
21,Kentucky,21081,Grant,2014,2018,Asian/Pacific Islander (includes Hispanic),
21,Kentucky,21081,Grant,2014,2018,Black (includes Hispanic),
21,Kentucky,21081,Grant,2014,2018,Hispanic (all races),
21,Kentucky,21081,Grant,2014,2018,American Indian/Alaskan Native (includes Hispanic),
21,Kentucky,21081,Grant,2014,2018,White (includes Hispanic),9.3
21,Kentucky,21081,Grant,2015,2019,Asian/Pacific Islander (includes Hispanic),
21,Kentucky,21081,Grant,2015,2019,Black (includes Hispanic),
21,Kentucky,21081,Grant,2015,2019,Hispanic (all races),
21,Kentucky,21081,Grant,2015,2019,American Indian/Alaskan Native (includes Hispanic),
21,Kentucky,21081,Grant,2015,2019,White (includes Hispanic),10.1
21,Kentucky,21081,Grant,2016,2020,Asian/Pacific Islander (includes Hispanic),
21,Kentucky,21081,Grant,2016,2020,Black (includes Hispanic),
21,Kentucky,21081,Grant,2016,2020,Hispanic (all races),
21,Kentucky,21081,Grant,2016,2020,American Indian/Alaskan Native (includes Hispanic),
21,Kentucky,21081,Grant,2016,2020,White (includes Hispanic),10.4
21,Kentucky,21083,Graves,2011,2015,Asian/Pacific Islander (includes Hispanic),
21,Kentucky,21083,Graves,2011,2015,Black (includes Hispanic),
21,Kentucky,21083,Graves,2011,2015,Hispanic (all races),
21,Kentucky,21083,Graves,2011,2015,American Indian/Alaskan Native (includes Hispanic),
21,Kentucky,21083,Graves,2011,2015,White (includes Hispanic),11.9
21,Kentucky,21083,Graves,2012,2016,Asian/Pacific Islander (includes Hispanic),
21,Kentucky,21083,Graves,2012,2016,Black (includes Hispanic),
21,Kentucky,21083,Graves,2012,2016,Hispanic (all races),
21,Kentucky,21083,Graves,2012,2016,American Indian/Alaskan Native (includes Hispanic),
21,Kentucky,21083,Graves,2012,2016,White (includes Hispanic),11.4
21,Kentucky,21083,Graves,2013,2017,Asian/Pacific Islander (includes Hispanic),
21,Kentucky,21083,Graves,2013,2017,Black (includes Hispanic),
21,Kentucky,21083,Graves,2013,2017,Hispanic (all races),
21,Kentucky,21083,Graves,2013,2017,American Indian/Alaskan Native (includes Hispanic),
21,Kentucky,21083,Graves,2013,2017,White (includes Hispanic),9.6
21,Kentucky,21083,Graves,2014,2018,Asian/Pacific Islander (includes Hispanic),
21,Kentucky,21083,Graves,2014,2018,Black (includes Hispanic),
21,Kentucky,21083,Graves,2014,2018,Hispanic (all races),
21,Kentucky,21083,Graves,2014,2018,American Indian/Alaskan Native (includes Hispanic),
21,Kentucky,21083,Graves,2014,2018,White (includes Hispanic),9.9
21,Kentucky,21083,Graves,2015,2019,Asian/Pacific Islander (includes Hispanic),
21,Kentucky,21083,Graves,2015,2019,Black (includes Hispanic),
21,Kentucky,21083,Graves,2015,2019,Hispanic (all races),
21,Kentucky,21083,Graves,2015,2019,American Indian/Alaskan Native (includes Hispanic),
21,Kentucky,21083,Graves,2015,2019,White (includes Hispanic),9.6
21,Kentucky,21083,Graves,2016,2020,Asian/Pacific Islander (includes Hispanic),
21,Kentucky,21083,Graves,2016,2020,Black (includes Hispanic),
21,Kentucky,21083,Graves,2016,2020,Hispanic (all races),
21,Kentucky,21083,Graves,2016,2020,American Indian/Alaskan Native (includes Hispanic),
21,Kentucky,21083,Graves,2016,2020,White (includes Hispanic),9.0
21,Kentucky,21085,Grayson,2011,2015,Asian/Pacific Islander (includes Hispanic),
21,Kentucky,21085,Grayson,2011,2015,Black (includes Hispanic),
21,Kentucky,21085,Grayson,2011,2015,Hispanic (all races),
21,Kentucky,21085,Grayson,2011,2015,American Indian/Alaskan Native (includes Hispanic),
21,Kentucky,21085,Grayson,2011,2015,White (includes Hispanic),7.8
21,Kentucky,21085,Grayson,2012,2016,Asian/Pacific Islander (includes Hispanic),
21,Kentucky,21085,Grayson,2012,2016,Black (includes Hispanic),
21,Kentucky,21085,Grayson,2012,2016,Hispanic (all races),
21,Kentucky,21085,Grayson,2012,2016,American Indian/Alaskan Native (includes Hispanic),
21,Kentucky,21085,Grayson,2012,2016,White (includes Hispanic),7.6
21,Kentucky,21085,Grayson,2013,2017,Asian/Pacific Islander (includes Hispanic),
21,Kentucky,21085,Grayson,2013,2017,Black (includes Hispanic),
21,Kentucky,21085,Grayson,2013,2017,Hispanic (all races),
21,Kentucky,21085,Grayson,2013,2017,American Indian/Alaskan Native (includes Hispanic),
21,Kentucky,21085,Grayson,2013,2017,White (includes Hispanic),9.0
21,Kentucky,21085,Grayson,2014,2018,Asian/Pacific Islander (includes Hispanic),
21,Kentucky,21085,Grayson,2014,2018,Black (includes Hispanic),
21,Kentucky,21085,Grayson,2014,2018,Hispanic (all races),
21,Kentucky,21085,Grayson,2014,2018,American Indian/Alaskan Native (includes Hispanic),
21,Kentucky,21085,Grayson,2014,2018,White (includes Hispanic),10.4
21,Kentucky,21085,Grayson,2015,2019,Asian/Pacific Islander (includes Hispanic),
21,Kentucky,21085,Grayson,2015,2019,Black (includes Hispanic),
21,Kentucky,21085,Grayson,2015,2019,Hispanic (all races),
21,Kentucky,21085,Grayson,2015,2019,American Indian/Alaskan Native (includes Hispanic),
21,Kentucky,21085,Grayson,2015,2019,White (includes Hispanic),10.1
21,Kentucky,21085,Grayson,2016,2020,Asian/Pacific Islander (includes Hispanic),
21,Kentucky,21085,Grayson,2016,2020,Black (includes Hispanic),
21,Kentucky,21085,Grayson,2016,2020,Hispanic (all races),
21,Kentucky,21085,Grayson,2016,2020,American Indian/Alaskan Native (includes Hispanic),
21,Kentucky,21085,Grayson,2016,2020,White (includes Hispanic),9.4
21,Kentucky,21087,Green,2011,2015,Asian/Pacific Islander (includes Hispanic),
21,Kentucky,21087,Green,2011,2015,Black (includes Hispanic),
21,Kentucky,21087,Green,2011,2015,Hispanic (all races),
21,Kentucky,21087,Green,2011,2015,American Indian/Alaskan Native (includes Hispanic),
21,Kentucky,21087,Green,2011,2015,White (includes Hispanic),10.7
21,Kentucky,21087,Green,2012,2016,Asian/Pacific Islander (includes Hispanic),
21,Kentucky,21087,Green,2012,2016,Black (includes Hispanic),
21,Kentucky,21087,Green,2012,2016,Hispanic (all races),
21,Kentucky,21087,Green,2012,2016,American Indian/Alaskan Native (includes Hispanic),
21,Kentucky,21087,Green,2012,2016,White (includes Hispanic),12.0
21,Kentucky,21087,Green,2013,2017,Asian/Pacific Islander (includes Hispanic),
21,Kentucky,21087,Green,2013,2017,Black (includes Hispanic),
21,Kentucky,21087,Green,2013,2017,Hispanic (all races),
21,Kentucky,21087,Green,2013,2017,American Indian/Alaskan Native (includes Hispanic),
21,Kentucky,21087,Green,2013,2017,White (includes Hispanic),12.0
21,Kentucky,21087,Green,2014,2018,Asian/Pacific Islander (includes Hispanic),
21,Kentucky,21087,Green,2014,2018,Black (includes Hispanic),
21,Kentucky,21087,Green,2014,2018,Hispanic (all races),
21,Kentucky,21087,Green,2014,2018,American Indian/Alaskan Native (includes Hispanic),
21,Kentucky,21087,Green,2014,2018,White (includes Hispanic),12.3
21,Kentucky,21087,Green,2015,2019,Asian/Pacific Islander (includes Hispanic),
21,Kentucky,21087,Green,2015,2019,Black (includes Hispanic),
21,Kentucky,21087,Green,2015,2019,Hispanic (all races),
21,Kentucky,21087,Green,2015,2019,American Indian/Alaskan Native (includes Hispanic),
21,Kentucky,21087,Green,2015,2019,White (includes Hispanic),11.1
21,Kentucky,21087,Green,2016,2020,Asian/Pacific Islander (includes Hispanic),
21,Kentucky,21087,Green,2016,2020,Black (includes Hispanic),
21,Kentucky,21087,Green,2016,2020,Hispanic (all races),
21,Kentucky,21087,Green,2016,2020,American Indian/Alaskan Native (includes Hispanic),
21,Kentucky,21087,Green,2016,2020,White (includes Hispanic),13.3
21,Kentucky,21089,Greenup,2011,2015,Asian/Pacific Islander (includes Hispanic),
21,Kentucky,21089,Greenup,2011,2015,Black (includes Hispanic),
21,Kentucky,21089,Greenup,2011,2015,Hispanic (all races),
21,Kentucky,21089,Greenup,2011,2015,American Indian/Alaskan Native (includes Hispanic),
21,Kentucky,21089,Greenup,2011,2015,White (includes Hispanic),11.0
21,Kentucky,21089,Greenup,2012,2016,Asian/Pacific Islander (includes Hispanic),
21,Kentucky,21089,Greenup,2012,2016,Black (includes Hispanic),
21,Kentucky,21089,Greenup,2012,2016,Hispanic (all races),
21,Kentucky,21089,Greenup,2012,2016,American Indian/Alaskan Native (includes Hispanic),
21,Kentucky,21089,Greenup,2012,2016,White (includes Hispanic),10.6
21,Kentucky,21089,Greenup,2013,2017,Asian/Pacific Islander (includes Hispanic),
21,Kentucky,21089,Greenup,2013,2017,Black (includes Hispanic),
21,Kentucky,21089,Greenup,2013,2017,Hispanic (all races),
21,Kentucky,21089,Greenup,2013,2017,American Indian/Alaskan Native (includes Hispanic),
21,Kentucky,21089,Greenup,2013,2017,White (includes Hispanic),11.0
21,Kentucky,21089,Greenup,2014,2018,Asian/Pacific Islander (includes Hispanic),
21,Kentucky,21089,Greenup,2014,2018,Black (includes Hispanic),
21,Kentucky,21089,Greenup,2014,2018,Hispanic (all races),
21,Kentucky,21089,Greenup,2014,2018,American Indian/Alaskan Native (includes Hispanic),
21,Kentucky,21089,Greenup,2014,2018,White (includes Hispanic),13.2
21,Kentucky,21089,Greenup,2015,2019,Asian/Pacific Islander (includes Hispanic),
21,Kentucky,21089,Greenup,2015,2019,Black (includes Hispanic),
21,Kentucky,21089,Greenup,2015,2019,Hispanic (all races),
21,Kentucky,21089,Greenup,2015,2019,American Indian/Alaskan Native (includes Hispanic),
21,Kentucky,21089,Greenup,2015,2019,White (includes Hispanic),13.6
21,Kentucky,21089,Greenup,2016,2020,Asian/Pacific Islander (includes Hispanic),
21,Kentucky,21089,Greenup,2016,2020,Black (includes Hispanic),
21,Kentucky,21089,Greenup,2016,2020,Hispanic (all races),
21,Kentucky,21089,Greenup,2016,2020,American Indian/Alaskan Native (includes Hispanic),
21,Kentucky,21089,Greenup,2016,2020,White (includes Hispanic),12.3
21,Kentucky,21091,Hancock,2011,2015,Asian/Pacific Islander (includes Hispanic),
21,Kentucky,21091,Hancock,2011,2015,Black (includes Hispanic),
21,Kentucky,21091,Hancock,2011,2015,Hispanic (all races),
21,Kentucky,21091,Hancock,2011,2015,American Indian/Alaskan Native (includes Hispanic),
21,Kentucky,21091,Hancock,2011,2015,White (includes Hispanic),6.8
21,Kentucky,21091,Hancock,2012,2016,Asian/Pacific Islander (includes Hispanic),
21,Kentucky,21091,Hancock,2012,2016,Black (includes Hispanic),
21,Kentucky,21091,Hancock,2012,2016,Hispanic (all races),
21,Kentucky,21091,Hancock,2012,2016,American Indian/Alaskan Native (includes Hispanic),
21,Kentucky,21091,Hancock,2012,2016,White (includes Hispanic),6.7
21,Kentucky,21091,Hancock,2013,2017,Asian/Pacific Islander (includes Hispanic),
21,Kentucky,21091,Hancock,2013,2017,Black (includes Hispanic),
21,Kentucky,21091,Hancock,2013,2017,Hispanic (all races),
21,Kentucky,21091,Hancock,2013,2017,American Indian/Alaskan Native (includes Hispanic),
21,Kentucky,21091,Hancock,2013,2017,White (includes Hispanic),6.7
21,Kentucky,21091,Hancock,2014,2018,Asian/Pacific Islander (includes Hispanic),
21,Kentucky,21091,Hancock,2014,2018,Black (includes Hispanic),
21,Kentucky,21091,Hancock,2014,2018,Hispanic (all races),
21,Kentucky,21091,Hancock,2014,2018,American Indian/Alaskan Native (includes Hispanic),
21,Kentucky,21091,Hancock,2014,2018,White (includes Hispanic),7.6
21,Kentucky,21091,Hancock,2015,2019,Asian/Pacific Islander (includes Hispanic),
21,Kentucky,21091,Hancock,2015,2019,Black (includes Hispanic),
21,Kentucky,21091,Hancock,2015,2019,Hispanic (all races),
21,Kentucky,21091,Hancock,2015,2019,American Indian/Alaskan Native (includes Hispanic),
21,Kentucky,21091,Hancock,2015,2019,White (includes Hispanic),6.8
21,Kentucky,21091,Hancock,2016,2020,Asian/Pacific Islander (includes Hispanic),
21,Kentucky,21091,Hancock,2016,2020,Black (includes Hispanic),
21,Kentucky,21091,Hancock,2016,2020,Hispanic (all races),
21,Kentucky,21091,Hancock,2016,2020,American Indian/Alaskan Native (includes Hispanic),
21,Kentucky,21091,Hancock,2016,2020,White (includes Hispanic),6.9
21,Kentucky,21093,Hardin,2011,2015,Asian/Pacific Islander (includes Hispanic),
21,Kentucky,21093,Hardin,2011,2015,Black (includes Hispanic),9.3
21,Kentucky,21093,Hardin,2011,2015,Hispanic (all races),
21,Kentucky,21093,Hardin,2011,2015,American Indian/Alaskan Native (includes Hispanic),
21,Kentucky,21093,Hardin,2011,2015,White (includes Hispanic),8.8
21,Kentucky,21093,Hardin,2012,2016,Asian/Pacific Islander (includes Hispanic),
21,Kentucky,21093,Hardin,2012,2016,Black (includes Hispanic),10.0
21,Kentucky,21093,Hardin,2012,2016,Hispanic (all races),
21,Kentucky,21093,Hardin,2012,2016,American Indian/Alaskan Native (includes Hispanic),
21,Kentucky,21093,Hardin,2012,2016,White (includes Hispanic),9.4
21,Kentucky,21093,Hardin,2013,2017,Asian/Pacific Islander (includes Hispanic),
21,Kentucky,21093,Hardin,2013,2017,Black (includes Hispanic),10.7
21,Kentucky,21093,Hardin,2013,2017,Hispanic (all races),
21,Kentucky,21093,Hardin,2013,2017,American Indian/Alaskan Native (includes Hispanic),
21,Kentucky,21093,Hardin,2013,2017,White (includes Hispanic),10.0
21,Kentucky,21093,Hardin,2014,2018,Asian/Pacific Islander (includes Hispanic),
21,Kentucky,21093,Hardin,2014,2018,Black (includes Hispanic),9.7
21,Kentucky,21093,Hardin,2014,2018,Hispanic (all races),
21,Kentucky,21093,Hardin,2014,2018,American Indian/Alaskan Native (includes Hispanic),
21,Kentucky,21093,Hardin,2014,2018,White (includes Hispanic),10.4
21,Kentucky,21093,Hardin,2015,2019,Asian/Pacific Islander (includes Hispanic),
21,Kentucky,21093,Hardin,2015,2019,Black (includes Hispanic),8.5
21,Kentucky,21093,Hardin,2015,2019,Hispanic (all races),
21,Kentucky,21093,Hardin,2015,2019,American Indian/Alaskan Native (includes Hispanic),
21,Kentucky,21093,Hardin,2015,2019,White (includes Hispanic),10.3
21,Kentucky,21093,Hardin,2016,2020,Asian/Pacific Islander (includes Hispanic),
21,Kentucky,21093,Hardin,2016,2020,Black (includes Hispanic),8.3
21,Kentucky,21093,Hardin,2016,2020,Hispanic (all races),
21,Kentucky,21093,Hardin,2016,2020,American Indian/Alaskan Native (includes Hispanic),
21,Kentucky,21093,Hardin,2016,2020,White (includes Hispanic),9.7
21,Kentucky,21095,Harlan,2011,2015,Asian/Pacific Islander (includes Hispanic),
21,Kentucky,21095,Harlan,2011,2015,Black (includes Hispanic),
21,Kentucky,21095,Harlan,2011,2015,Hispanic (all races),
21,Kentucky,21095,Harlan,2011,2015,American Indian/Alaskan Native (includes Hispanic),
21,Kentucky,21095,Harlan,2011,2015,White (includes Hispanic),11.9
21,Kentucky,21095,Harlan,2012,2016,Asian/Pacific Islander (includes Hispanic),
21,Kentucky,21095,Harlan,2012,2016,Black (includes Hispanic),
21,Kentucky,21095,Harlan,2012,2016,Hispanic (all races),
21,Kentucky,21095,Harlan,2012,2016,American Indian/Alaskan Native (includes Hispanic),
21,Kentucky,21095,Harlan,2012,2016,White (includes Hispanic),12.0
21,Kentucky,21095,Harlan,2013,2017,Asian/Pacific Islander (includes Hispanic),
21,Kentucky,21095,Harlan,2013,2017,Black (includes Hispanic),
21,Kentucky,21095,Harlan,2013,2017,Hispanic (all races),
21,Kentucky,21095,Harlan,2013,2017,American Indian/Alaskan Native (includes Hispanic),
21,Kentucky,21095,Harlan,2013,2017,White (includes Hispanic),12.0
21,Kentucky,21095,Harlan,2014,2018,Asian/Pacific Islander (includes Hispanic),
21,Kentucky,21095,Harlan,2014,2018,Black (includes Hispanic),
21,Kentucky,21095,Harlan,2014,2018,Hispanic (all races),
21,Kentucky,21095,Harlan,2014,2018,American Indian/Alaskan Native (includes Hispanic),
21,Kentucky,21095,Harlan,2014,2018,White (includes Hispanic),11.4
21,Kentucky,21095,Harlan,2015,2019,Asian/Pacific Islander (includes Hispanic),
21,Kentucky,21095,Harlan,2015,2019,Black (includes Hispanic),
21,Kentucky,21095,Harlan,2015,2019,Hispanic (all races),
21,Kentucky,21095,Harlan,2015,2019,American Indian/Alaskan Native (includes Hispanic),
21,Kentucky,21095,Harlan,2015,2019,White (includes Hispanic),11.2
21,Kentucky,21095,Harlan,2016,2020,Asian/Pacific Islander (includes Hispanic),
21,Kentucky,21095,Harlan,2016,2020,Black (includes Hispanic),
21,Kentucky,21095,Harlan,2016,2020,Hispanic (all races),
21,Kentucky,21095,Harlan,2016,2020,American Indian/Alaskan Native (includes Hispanic),
21,Kentucky,21095,Harlan,2016,2020,White (includes Hispanic),10.3
21,Kentucky,21097,Harrison,2011,2015,Asian/Pacific Islander (includes Hispanic),
21,Kentucky,21097,Harrison,2011,2015,Black (includes Hispanic),
21,Kentucky,21097,Harrison,2011,2015,Hispanic (all races),
21,Kentucky,21097,Harrison,2011,2015,American Indian/Alaskan Native (includes Hispanic),
21,Kentucky,21097,Harrison,2011,2015,White (includes Hispanic),7.9
21,Kentucky,21097,Harrison,2012,2016,Asian/Pacific Islander (includes Hispanic),
21,Kentucky,21097,Harrison,2012,2016,Black (includes Hispanic),
21,Kentucky,21097,Harrison,2012,2016,Hispanic (all races),
21,Kentucky,21097,Harrison,2012,2016,American Indian/Alaskan Native (includes Hispanic),
21,Kentucky,21097,Harrison,2012,2016,White (includes Hispanic),8.3
21,Kentucky,21097,Harrison,2013,2017,Asian/Pacific Islander (includes Hispanic),
21,Kentucky,21097,Harrison,2013,2017,Black (includes Hispanic),
21,Kentucky,21097,Harrison,2013,2017,Hispanic (all races),
21,Kentucky,21097,Harrison,2013,2017,American Indian/Alaskan Native (includes Hispanic),
21,Kentucky,21097,Harrison,2013,2017,White (includes Hispanic),8.2
21,Kentucky,21097,Harrison,2014,2018,Asian/Pacific Islander (includes Hispanic),
21,Kentucky,21097,Harrison,2014,2018,Black (includes Hispanic),
21,Kentucky,21097,Harrison,2014,2018,Hispanic (all races),
21,Kentucky,21097,Harrison,2014,2018,American Indian/Alaskan Native (includes Hispanic),
21,Kentucky,21097,Harrison,2014,2018,White (includes Hispanic),9.7
21,Kentucky,21097,Harrison,2015,2019,Asian/Pacific Islander (includes Hispanic),
21,Kentucky,21097,Harrison,2015,2019,Black (includes Hispanic),
21,Kentucky,21097,Harrison,2015,2019,Hispanic (all races),
21,Kentucky,21097,Harrison,2015,2019,American Indian/Alaskan Native (includes Hispanic),
21,Kentucky,21097,Harrison,2015,2019,White (includes Hispanic),10.1
21,Kentucky,21097,Harrison,2016,2020,Asian/Pacific Islander (includes Hispanic),
21,Kentucky,21097,Harrison,2016,2020,Black (includes Hispanic),
21,Kentucky,21097,Harrison,2016,2020,Hispanic (all races),
21,Kentucky,21097,Harrison,2016,2020,American Indian/Alaskan Native (includes Hispanic),
21,Kentucky,21097,Harrison,2016,2020,White (includes Hispanic),8.7
21,Kentucky,21099,Hart,2011,2015,Asian/Pacific Islander (includes Hispanic),
21,Kentucky,21099,Hart,2011,2015,Black (includes Hispanic),
21,Kentucky,21099,Hart,2011,2015,Hispanic (all races),
21,Kentucky,21099,Hart,2011,2015,American Indian/Alaskan Native (includes Hispanic),
21,Kentucky,21099,Hart,2011,2015,White (includes Hispanic),9.6
21,Kentucky,21099,Hart,2012,2016,Asian/Pacific Islander (includes Hispanic),
21,Kentucky,21099,Hart,2012,2016,Black (includes Hispanic),
21,Kentucky,21099,Hart,2012,2016,Hispanic (all races),
21,Kentucky,21099,Hart,2012,2016,American Indian/Alaskan Native (includes Hispanic),
21,Kentucky,21099,Hart,2012,2016,White (includes Hispanic),9.3
21,Kentucky,21099,Hart,2013,2017,Asian/Pacific Islander (includes Hispanic),
21,Kentucky,21099,Hart,2013,2017,Black (includes Hispanic),
21,Kentucky,21099,Hart,2013,2017,Hispanic (all races),
21,Kentucky,21099,Hart,2013,2017,American Indian/Alaskan Native (includes Hispanic),
21,Kentucky,21099,Hart,2013,2017,White (includes Hispanic),10.8
21,Kentucky,21099,Hart,2014,2018,Asian/Pacific Islander (includes Hispanic),
21,Kentucky,21099,Hart,2014,2018,Black (includes Hispanic),
21,Kentucky,21099,Hart,2014,2018,Hispanic (all races),
21,Kentucky,21099,Hart,2014,2018,American Indian/Alaskan Native (includes Hispanic),
21,Kentucky,21099,Hart,2014,2018,White (includes Hispanic),11.9
21,Kentucky,21099,Hart,2015,2019,Asian/Pacific Islander (includes Hispanic),
21,Kentucky,21099,Hart,2015,2019,Black (includes Hispanic),
21,Kentucky,21099,Hart,2015,2019,Hispanic (all races),
21,Kentucky,21099,Hart,2015,2019,American Indian/Alaskan Native (includes Hispanic),
21,Kentucky,21099,Hart,2015,2019,White (includes Hispanic),11.6
21,Kentucky,21099,Hart,2016,2020,Asian/Pacific Islander (includes Hispanic),
21,Kentucky,21099,Hart,2016,2020,Black (includes Hispanic),
21,Kentucky,21099,Hart,2016,2020,Hispanic (all races),
21,Kentucky,21099,Hart,2016,2020,American Indian/Alaskan Native (includes Hispanic),
21,Kentucky,21099,Hart,2016,2020,White (includes Hispanic),10.3
21,Kentucky,21101,Henderson,2011,2015,Asian/Pacific Islander (includes Hispanic),
21,Kentucky,21101,Henderson,2011,2015,Black (includes Hispanic),
21,Kentucky,21101,Henderson,2011,2015,Hispanic (all races),
21,Kentucky,21101,Henderson,2011,2015,American Indian/Alaskan Native (includes Hispanic),
21,Kentucky,21101,Henderson,2011,2015,White (includes Hispanic),6.4
21,Kentucky,21101,Henderson,2012,2016,Asian/Pacific Islander (includes Hispanic),
21,Kentucky,21101,Henderson,2012,2016,Black (includes Hispanic),
21,Kentucky,21101,Henderson,2012,2016,Hispanic (all races),
21,Kentucky,21101,Henderson,2012,2016,American Indian/Alaskan Native (includes Hispanic),
21,Kentucky,21101,Henderson,2012,2016,White (includes Hispanic),6.0
21,Kentucky,21101,Henderson,2013,2017,Asian/Pacific Islander (includes Hispanic),
21,Kentucky,21101,Henderson,2013,2017,Black (includes Hispanic),
21,Kentucky,21101,Henderson,2013,2017,Hispanic (all races),
21,Kentucky,21101,Henderson,2013,2017,American Indian/Alaskan Native (includes Hispanic),
21,Kentucky,21101,Henderson,2013,2017,White (includes Hispanic),6.7
21,Kentucky,21101,Henderson,2014,2018,Asian/Pacific Islander (includes Hispanic),
21,Kentucky,21101,Henderson,2014,2018,Black (includes Hispanic),
21,Kentucky,21101,Henderson,2014,2018,Hispanic (all races),
21,Kentucky,21101,Henderson,2014,2018,American Indian/Alaskan Native (includes Hispanic),
21,Kentucky,21101,Henderson,2014,2018,White (includes Hispanic),7.2
21,Kentucky,21101,Henderson,2015,2019,Asian/Pacific Islander (includes Hispanic),
21,Kentucky,21101,Henderson,2015,2019,Black (includes Hispanic),
21,Kentucky,21101,Henderson,2015,2019,Hispanic (all races),
21,Kentucky,21101,Henderson,2015,2019,American Indian/Alaskan Native (includes Hispanic),
21,Kentucky,21101,Henderson,2015,2019,White (includes Hispanic),7.4
21,Kentucky,21101,Henderson,2016,2020,Asian/Pacific Islander (includes Hispanic),
21,Kentucky,21101,Henderson,2016,2020,Black (includes Hispanic),
21,Kentucky,21101,Henderson,2016,2020,Hispanic (all races),
21,Kentucky,21101,Henderson,2016,2020,American Indian/Alaskan Native (includes Hispanic),
21,Kentucky,21101,Henderson,2016,2020,White (includes Hispanic),7.0
21,Kentucky,21103,Henry,2011,2015,Asian/Pacific Islander (includes Hispanic),
21,Kentucky,21103,Henry,2011,2015,Black (includes Hispanic),
21,Kentucky,21103,Henry,2011,2015,Hispanic (all races),
21,Kentucky,21103,Henry,2011,2015,American Indian/Alaskan Native (includes Hispanic),
21,Kentucky,21103,Henry,2011,2015,White (includes Hispanic),6.6
21,Kentucky,21103,Henry,2012,2016,Asian/Pacific Islander (includes Hispanic),
21,Kentucky,21103,Henry,2012,2016,Black (includes Hispanic),
21,Kentucky,21103,Henry,2012,2016,Hispanic (all races),
21,Kentucky,21103,Henry,2012,2016,American Indian/Alaskan Native (includes Hispanic),
21,Kentucky,21103,Henry,2012,2016,White (includes Hispanic),6.5
21,Kentucky,21103,Henry,2013,2017,Asian/Pacific Islander (includes Hispanic),
21,Kentucky,21103,Henry,2013,2017,Black (includes Hispanic),
21,Kentucky,21103,Henry,2013,2017,Hispanic (all races),
21,Kentucky,21103,Henry,2013,2017,American Indian/Alaskan Native (includes Hispanic),
21,Kentucky,21103,Henry,2013,2017,White (includes Hispanic),5.5
21,Kentucky,21103,Henry,2014,2018,Asian/Pacific Islander (includes Hispanic),
21,Kentucky,21103,Henry,2014,2018,Black (includes Hispanic),
21,Kentucky,21103,Henry,2014,2018,Hispanic (all races),
21,Kentucky,21103,Henry,2014,2018,American Indian/Alaskan Native (includes Hispanic),
21,Kentucky,21103,Henry,2014,2018,White (includes Hispanic),5.5
21,Kentucky,21103,Henry,2015,2019,Asian/Pacific Islander (includes Hispanic),
21,Kentucky,21103,Henry,2015,2019,Black (includes Hispanic),
21,Kentucky,21103,Henry,2015,2019,Hispanic (all races),
21,Kentucky,21103,Henry,2015,2019,American Indian/Alaskan Native (includes Hispanic),
21,Kentucky,21103,Henry,2015,2019,White (includes Hispanic),6.1
21,Kentucky,21103,Henry,2016,2020,Asian/Pacific Islander (includes Hispanic),
21,Kentucky,21103,Henry,2016,2020,Black (includes Hispanic),
21,Kentucky,21103,Henry,2016,2020,Hispanic (all races),
21,Kentucky,21103,Henry,2016,2020,American Indian/Alaskan Native (includes Hispanic),
21,Kentucky,21103,Henry,2016,2020,White (includes Hispanic),7.3
21,Kentucky,21105,Hickman,2011,2015,Asian/Pacific Islander (includes Hispanic),
21,Kentucky,21105,Hickman,2011,2015,Black (includes Hispanic),
21,Kentucky,21105,Hickman,2011,2015,Hispanic (all races),
21,Kentucky,21105,Hickman,2011,2015,American Indian/Alaskan Native (includes Hispanic),
21,Kentucky,21105,Hickman,2011,2015,White (includes Hispanic),12.0
21,Kentucky,21105,Hickman,2012,2016,Asian/Pacific Islander (includes Hispanic),
21,Kentucky,21105,Hickman,2012,2016,Black (includes Hispanic),
21,Kentucky,21105,Hickman,2012,2016,Hispanic (all races),
21,Kentucky,21105,Hickman,2012,2016,American Indian/Alaskan Native (includes Hispanic),
21,Kentucky,21105,Hickman,2012,2016,White (includes Hispanic),11.5
21,Kentucky,21105,Hickman,2013,2017,Asian/Pacific Islander (includes Hispanic),
21,Kentucky,21105,Hickman,2013,2017,Black (includes Hispanic),
21,Kentucky,21105,Hickman,2013,2017,Hispanic (all races),
21,Kentucky,21105,Hickman,2013,2017,American Indian/Alaskan Native (includes Hispanic),
21,Kentucky,21105,Hickman,2013,2017,White (includes Hispanic),9.1
21,Kentucky,21105,Hickman,2014,2018,Asian/Pacific Islander (includes Hispanic),
21,Kentucky,21105,Hickman,2014,2018,Black (includes Hispanic),
21,Kentucky,21105,Hickman,2014,2018,Hispanic (all races),
21,Kentucky,21105,Hickman,2014,2018,American Indian/Alaskan Native (includes Hispanic),
21,Kentucky,21105,Hickman,2014,2018,White (includes Hispanic),8.7
21,Kentucky,21105,Hickman,2015,2019,Asian/Pacific Islander (includes Hispanic),
21,Kentucky,21105,Hickman,2015,2019,Black (includes Hispanic),
21,Kentucky,21105,Hickman,2015,2019,Hispanic (all races),
21,Kentucky,21105,Hickman,2015,2019,American Indian/Alaskan Native (includes Hispanic),
21,Kentucky,21105,Hickman,2015,2019,White (includes Hispanic),7.7
21,Kentucky,21105,Hickman,2016,2020,Asian/Pacific Islander (includes Hispanic),
21,Kentucky,21105,Hickman,2016,2020,Black (includes Hispanic),
21,Kentucky,21105,Hickman,2016,2020,Hispanic (all races),
21,Kentucky,21105,Hickman,2016,2020,American Indian/Alaskan Native (includes Hispanic),
21,Kentucky,21105,Hickman,2016,2020,White (includes Hispanic),6.3
21,Kentucky,21107,Hopkins,2011,2015,Asian/Pacific Islander (includes Hispanic),
21,Kentucky,21107,Hopkins,2011,2015,Black (includes Hispanic),
21,Kentucky,21107,Hopkins,2011,2015,Hispanic (all races),
21,Kentucky,21107,Hopkins,2011,2015,American Indian/Alaskan Native (includes Hispanic),
21,Kentucky,21107,Hopkins,2011,2015,White (includes Hispanic),9.8
21,Kentucky,21107,Hopkins,2012,2016,Asian/Pacific Islander (includes Hispanic),
21,Kentucky,21107,Hopkins,2012,2016,Black (includes Hispanic),
21,Kentucky,21107,Hopkins,2012,2016,Hispanic (all races),
21,Kentucky,21107,Hopkins,2012,2016,American Indian/Alaskan Native (includes Hispanic),
21,Kentucky,21107,Hopkins,2012,2016,White (includes Hispanic),10.9
21,Kentucky,21107,Hopkins,2013,2017,Asian/Pacific Islander (includes Hispanic),
21,Kentucky,21107,Hopkins,2013,2017,Black (includes Hispanic),
21,Kentucky,21107,Hopkins,2013,2017,Hispanic (all races),
21,Kentucky,21107,Hopkins,2013,2017,American Indian/Alaskan Native (includes Hispanic),
21,Kentucky,21107,Hopkins,2013,2017,White (includes Hispanic),11.9
21,Kentucky,21107,Hopkins,2014,2018,Asian/Pacific Islander (includes Hispanic),
21,Kentucky,21107,Hopkins,2014,2018,Black (includes Hispanic),
21,Kentucky,21107,Hopkins,2014,2018,Hispanic (all races),
21,Kentucky,21107,Hopkins,2014,2018,American Indian/Alaskan Native (includes Hispanic),
21,Kentucky,21107,Hopkins,2014,2018,White (includes Hispanic),12.2
21,Kentucky,21107,Hopkins,2015,2019,Asian/Pacific Islander (includes Hispanic),
21,Kentucky,21107,Hopkins,2015,2019,Black (includes Hispanic),
21,Kentucky,21107,Hopkins,2015,2019,Hispanic (all races),
21,Kentucky,21107,Hopkins,2015,2019,American Indian/Alaskan Native (includes Hispanic),
21,Kentucky,21107,Hopkins,2015,2019,White (includes Hispanic),10.8
21,Kentucky,21107,Hopkins,2016,2020,Asian/Pacific Islander (includes Hispanic),
21,Kentucky,21107,Hopkins,2016,2020,Black (includes Hispanic),
21,Kentucky,21107,Hopkins,2016,2020,Hispanic (all races),
21,Kentucky,21107,Hopkins,2016,2020,American Indian/Alaskan Native (includes Hispanic),
21,Kentucky,21107,Hopkins,2016,2020,White (includes Hispanic),11.2
21,Kentucky,21109,Jackson,2011,2015,Asian/Pacific Islander (includes Hispanic),
21,Kentucky,21109,Jackson,2011,2015,Black (includes Hispanic),
21,Kentucky,21109,Jackson,2011,2015,Hispanic (all races),
21,Kentucky,21109,Jackson,2011,2015,American Indian/Alaskan Native (includes Hispanic),
21,Kentucky,21109,Jackson,2011,2015,White (includes Hispanic),12.2
21,Kentucky,21109,Jackson,2012,2016,Asian/Pacific Islander (includes Hispanic),
21,Kentucky,21109,Jackson,2012,2016,Black (includes Hispanic),
21,Kentucky,21109,Jackson,2012,2016,Hispanic (all races),
21,Kentucky,21109,Jackson,2012,2016,American Indian/Alaskan Native (includes Hispanic),
21,Kentucky,21109,Jackson,2012,2016,White (includes Hispanic),13.0
21,Kentucky,21109,Jackson,2013,2017,Asian/Pacific Islander (includes Hispanic),
21,Kentucky,21109,Jackson,2013,2017,Black (includes Hispanic),
21,Kentucky,21109,Jackson,2013,2017,Hispanic (all races),
21,Kentucky,21109,Jackson,2013,2017,American Indian/Alaskan Native (includes Hispanic),
21,Kentucky,21109,Jackson,2013,2017,White (includes Hispanic),14.2
21,Kentucky,21109,Jackson,2014,2018,Asian/Pacific Islander (includes Hispanic),
21,Kentucky,21109,Jackson,2014,2018,Black (includes Hispanic),
21,Kentucky,21109,Jackson,2014,2018,Hispanic (all races),
21,Kentucky,21109,Jackson,2014,2018,American Indian/Alaskan Native (includes Hispanic),
21,Kentucky,21109,Jackson,2014,2018,White (includes Hispanic),12.8
21,Kentucky,21109,Jackson,2015,2019,Asian/Pacific Islander (includes Hispanic),
21,Kentucky,21109,Jackson,2015,2019,Black (includes Hispanic),
21,Kentucky,21109,Jackson,2015,2019,Hispanic (all races),
21,Kentucky,21109,Jackson,2015,2019,American Indian/Alaskan Native (includes Hispanic),
21,Kentucky,21109,Jackson,2015,2019,White (includes Hispanic),12.0
21,Kentucky,21109,Jackson,2016,2020,Asian/Pacific Islander (includes Hispanic),
21,Kentucky,21109,Jackson,2016,2020,Black (includes Hispanic),
21,Kentucky,21109,Jackson,2016,2020,Hispanic (all races),
21,Kentucky,21109,Jackson,2016,2020,American Indian/Alaskan Native (includes Hispanic),
21,Kentucky,21109,Jackson,2016,2020,White (includes Hispanic),10.9
21,Kentucky,21111,Jefferson,2011,2015,Asian/Pacific Islander (includes Hispanic),
21,Kentucky,21111,Jefferson,2011,2015,Black (includes Hispanic),10.0
21,Kentucky,21111,Jefferson,2011,2015,Hispanic (all races),
21,Kentucky,21111,Jefferson,2011,2015,American Indian/Alaskan Native (includes Hispanic),
21,Kentucky,21111,Jefferson,2011,2015,White (includes Hispanic),8.0
21,Kentucky,21111,Jefferson,2012,2016,Asian/Pacific Islander (includes Hispanic),
21,Kentucky,21111,Jefferson,2012,2016,Black (includes Hispanic),9.9
21,Kentucky,21111,Jefferson,2012,2016,Hispanic (all races),
21,Kentucky,21111,Jefferson,2012,2016,American Indian/Alaskan Native (includes Hispanic),
21,Kentucky,21111,Jefferson,2012,2016,White (includes Hispanic),8.6
21,Kentucky,21111,Jefferson,2013,2017,Asian/Pacific Islander (includes Hispanic),
21,Kentucky,21111,Jefferson,2013,2017,Black (includes Hispanic),10.6
21,Kentucky,21111,Jefferson,2013,2017,Hispanic (all races),
21,Kentucky,21111,Jefferson,2013,2017,American Indian/Alaskan Native (includes Hispanic),
21,Kentucky,21111,Jefferson,2013,2017,White (includes Hispanic),9.0
21,Kentucky,21111,Jefferson,2014,2018,Asian/Pacific Islander (includes Hispanic),
21,Kentucky,21111,Jefferson,2014,2018,Black (includes Hispanic),9.8
21,Kentucky,21111,Jefferson,2014,2018,Hispanic (all races),14.2
21,Kentucky,21111,Jefferson,2014,2018,American Indian/Alaskan Native (includes Hispanic),
21,Kentucky,21111,Jefferson,2014,2018,White (includes Hispanic),9.6
21,Kentucky,21111,Jefferson,2015,2019,Asian/Pacific Islander (includes Hispanic),
21,Kentucky,21111,Jefferson,2015,2019,Black (includes Hispanic),8.4
21,Kentucky,21111,Jefferson,2015,2019,Hispanic (all races),16.0
21,Kentucky,21111,Jefferson,2015,2019,American Indian/Alaskan Native (includes Hispanic),
21,Kentucky,21111,Jefferson,2015,2019,White (includes Hispanic),9.8
21,Kentucky,21111,Jefferson,2016,2020,Asian/Pacific Islander (includes Hispanic),
21,Kentucky,21111,Jefferson,2016,2020,Black (includes Hispanic),8.1
21,Kentucky,21111,Jefferson,2016,2020,Hispanic (all races),14.1
21,Kentucky,21111,Jefferson,2016,2020,American Indian/Alaskan Native (includes Hispanic),
21,Kentucky,21111,Jefferson,2016,2020,White (includes Hispanic),9.4
21,Kentucky,21113,Jessamine,2011,2015,Asian/Pacific Islander (includes Hispanic),
21,Kentucky,21113,Jessamine,2011,2015,Black (includes Hispanic),
21,Kentucky,21113,Jessamine,2011,2015,Hispanic (all races),
21,Kentucky,21113,Jessamine,2011,2015,American Indian/Alaskan Native (includes Hispanic),
21,Kentucky,21113,Jessamine,2011,2015,White (includes Hispanic),7.3
21,Kentucky,21113,Jessamine,2012,2016,Asian/Pacific Islander (includes Hispanic),
21,Kentucky,21113,Jessamine,2012,2016,Black (includes Hispanic),
21,Kentucky,21113,Jessamine,2012,2016,Hispanic (all races),
21,Kentucky,21113,Jessamine,2012,2016,American Indian/Alaskan Native (includes Hispanic),
21,Kentucky,21113,Jessamine,2012,2016,White (includes Hispanic),8.0
21,Kentucky,21113,Jessamine,2013,2017,Asian/Pacific Islander (includes Hispanic),
21,Kentucky,21113,Jessamine,2013,2017,Black (includes Hispanic),
21,Kentucky,21113,Jessamine,2013,2017,Hispanic (all races),
21,Kentucky,21113,Jessamine,2013,2017,American Indian/Alaskan Native (includes Hispanic),
21,Kentucky,21113,Jessamine,2013,2017,White (includes Hispanic),7.6
21,Kentucky,21113,Jessamine,2014,2018,Asian/Pacific Islander (includes Hispanic),
21,Kentucky,21113,Jessamine,2014,2018,Black (includes Hispanic),
21,Kentucky,21113,Jessamine,2014,2018,Hispanic (all races),
21,Kentucky,21113,Jessamine,2014,2018,American Indian/Alaskan Native (includes Hispanic),
21,Kentucky,21113,Jessamine,2014,2018,White (includes Hispanic),7.5
21,Kentucky,21113,Jessamine,2015,2019,Asian/Pacific Islander (includes Hispanic),
21,Kentucky,21113,Jessamine,2015,2019,Black (includes Hispanic),
21,Kentucky,21113,Jessamine,2015,2019,Hispanic (all races),
21,Kentucky,21113,Jessamine,2015,2019,American Indian/Alaskan Native (includes Hispanic),
21,Kentucky,21113,Jessamine,2015,2019,White (includes Hispanic),7.5
21,Kentucky,21113,Jessamine,2016,2020,Asian/Pacific Islander (includes Hispanic),
21,Kentucky,21113,Jessamine,2016,2020,Black (includes Hispanic),
21,Kentucky,21113,Jessamine,2016,2020,Hispanic (all races),
21,Kentucky,21113,Jessamine,2016,2020,American Indian/Alaskan Native (includes Hispanic),
21,Kentucky,21113,Jessamine,2016,2020,White (includes Hispanic),7.8
21,Kentucky,21115,Johnson,2011,2015,Asian/Pacific Islander (includes Hispanic),
21,Kentucky,21115,Johnson,2011,2015,Black (includes Hispanic),
21,Kentucky,21115,Johnson,2011,2015,Hispanic (all races),
21,Kentucky,21115,Johnson,2011,2015,American Indian/Alaskan Native (includes Hispanic),
21,Kentucky,21115,Johnson,2011,2015,White (includes Hispanic),9.2
21,Kentucky,21115,Johnson,2012,2016,Asian/Pacific Islander (includes Hispanic),
21,Kentucky,21115,Johnson,2012,2016,Black (includes Hispanic),
21,Kentucky,21115,Johnson,2012,2016,Hispanic (all races),
21,Kentucky,21115,Johnson,2012,2016,American Indian/Alaskan Native (includes Hispanic),
21,Kentucky,21115,Johnson,2012,2016,White (includes Hispanic),11.6
21,Kentucky,21115,Johnson,2013,2017,Asian/Pacific Islander (includes Hispanic),
21,Kentucky,21115,Johnson,2013,2017,Black (includes Hispanic),
21,Kentucky,21115,Johnson,2013,2017,Hispanic (all races),
21,Kentucky,21115,Johnson,2013,2017,American Indian/Alaskan Native (includes Hispanic),
21,Kentucky,21115,Johnson,2013,2017,White (includes Hispanic),14.0
21,Kentucky,21115,Johnson,2014,2018,Asian/Pacific Islander (includes Hispanic),
21,Kentucky,21115,Johnson,2014,2018,Black (includes Hispanic),
21,Kentucky,21115,Johnson,2014,2018,Hispanic (all races),
21,Kentucky,21115,Johnson,2014,2018,American Indian/Alaskan Native (includes Hispanic),
21,Kentucky,21115,Johnson,2014,2018,White (includes Hispanic),15.2
21,Kentucky,21115,Johnson,2015,2019,Asian/Pacific Islander (includes Hispanic),
21,Kentucky,21115,Johnson,2015,2019,Black (includes Hispanic),
21,Kentucky,21115,Johnson,2015,2019,Hispanic (all races),
21,Kentucky,21115,Johnson,2015,2019,American Indian/Alaskan Native (includes Hispanic),
21,Kentucky,21115,Johnson,2015,2019,White (includes Hispanic),14.9
21,Kentucky,21115,Johnson,2016,2020,Asian/Pacific Islander (includes Hispanic),
21,Kentucky,21115,Johnson,2016,2020,Black (includes Hispanic),
21,Kentucky,21115,Johnson,2016,2020,Hispanic (all races),
21,Kentucky,21115,Johnson,2016,2020,American Indian/Alaskan Native (includes Hispanic),
21,Kentucky,21115,Johnson,2016,2020,White (includes Hispanic),15.1
21,Kentucky,21117,Kenton,2011,2015,Asian/Pacific Islander (includes Hispanic),
21,Kentucky,21117,Kenton,2011,2015,Black (includes Hispanic),8.8
21,Kentucky,21117,Kenton,2011,2015,Hispanic (all races),
21,Kentucky,21117,Kenton,2011,2015,American Indian/Alaskan Native (includes Hispanic),
21,Kentucky,21117,Kenton,2011,2015,White (includes Hispanic),7.3
21,Kentucky,21117,Kenton,2012,2016,Asian/Pacific Islander (includes Hispanic),
21,Kentucky,21117,Kenton,2012,2016,Black (includes Hispanic),8.8
21,Kentucky,21117,Kenton,2012,2016,Hispanic (all races),
21,Kentucky,21117,Kenton,2012,2016,American Indian/Alaskan Native (includes Hispanic),
21,Kentucky,21117,Kenton,2012,2016,White (includes Hispanic),8.2
21,Kentucky,21117,Kenton,2013,2017,Asian/Pacific Islander (includes Hispanic),
21,Kentucky,21117,Kenton,2013,2017,Black (includes Hispanic),9.0
21,Kentucky,21117,Kenton,2013,2017,Hispanic (all races),
21,Kentucky,21117,Kenton,2013,2017,American Indian/Alaskan Native (includes Hispanic),
21,Kentucky,21117,Kenton,2013,2017,White (includes Hispanic),8.7
21,Kentucky,21117,Kenton,2014,2018,Asian/Pacific Islander (includes Hispanic),
21,Kentucky,21117,Kenton,2014,2018,Black (includes Hispanic),8.8
21,Kentucky,21117,Kenton,2014,2018,Hispanic (all races),
21,Kentucky,21117,Kenton,2014,2018,American Indian/Alaskan Native (includes Hispanic),
21,Kentucky,21117,Kenton,2014,2018,White (includes Hispanic),9.1
21,Kentucky,21117,Kenton,2015,2019,Asian/Pacific Islander (includes Hispanic),
21,Kentucky,21117,Kenton,2015,2019,Black (includes Hispanic),7.5
21,Kentucky,21117,Kenton,2015,2019,Hispanic (all races),
21,Kentucky,21117,Kenton,2015,2019,American Indian/Alaskan Native (includes Hispanic),
21,Kentucky,21117,Kenton,2015,2019,White (includes Hispanic),9.7
21,Kentucky,21117,Kenton,2016,2020,Asian/Pacific Islander (includes Hispanic),
21,Kentucky,21117,Kenton,2016,2020,Black (includes Hispanic),8.1
21,Kentucky,21117,Kenton,2016,2020,Hispanic (all races),
21,Kentucky,21117,Kenton,2016,2020,American Indian/Alaskan Native (includes Hispanic),
21,Kentucky,21117,Kenton,2016,2020,White (includes Hispanic),9.7
21,Kentucky,21119,Knott,2011,2015,Asian/Pacific Islander (includes Hispanic),
21,Kentucky,21119,Knott,2011,2015,Black (includes Hispanic),
21,Kentucky,21119,Knott,2011,2015,Hispanic (all races),
21,Kentucky,21119,Knott,2011,2015,American Indian/Alaskan Native (includes Hispanic),
21,Kentucky,21119,Knott,2011,2015,White (includes Hispanic),10.9
21,Kentucky,21119,Knott,2012,2016,Asian/Pacific Islander (includes Hispanic),
21,Kentucky,21119,Knott,2012,2016,Black (includes Hispanic),
21,Kentucky,21119,Knott,2012,2016,Hispanic (all races),
21,Kentucky,21119,Knott,2012,2016,American Indian/Alaskan Native (includes Hispanic),
21,Kentucky,21119,Knott,2012,2016,White (includes Hispanic),11.3
21,Kentucky,21119,Knott,2013,2017,Asian/Pacific Islander (includes Hispanic),
21,Kentucky,21119,Knott,2013,2017,Black (includes Hispanic),
21,Kentucky,21119,Knott,2013,2017,Hispanic (all races),
21,Kentucky,21119,Knott,2013,2017,American Indian/Alaskan Native (includes Hispanic),
21,Kentucky,21119,Knott,2013,2017,White (includes Hispanic),13.3
21,Kentucky,21119,Knott,2014,2018,Asian/Pacific Islander (includes Hispanic),
21,Kentucky,21119,Knott,2014,2018,Black (includes Hispanic),
21,Kentucky,21119,Knott,2014,2018,Hispanic (all races),
21,Kentucky,21119,Knott,2014,2018,American Indian/Alaskan Native (includes Hispanic),
21,Kentucky,21119,Knott,2014,2018,White (includes Hispanic),13.4
21,Kentucky,21119,Knott,2015,2019,Asian/Pacific Islander (includes Hispanic),
21,Kentucky,21119,Knott,2015,2019,Black (includes Hispanic),
21,Kentucky,21119,Knott,2015,2019,Hispanic (all races),
21,Kentucky,21119,Knott,2015,2019,American Indian/Alaskan Native (includes Hispanic),
21,Kentucky,21119,Knott,2015,2019,White (includes Hispanic),14.2
21,Kentucky,21119,Knott,2016,2020,Asian/Pacific Islander (includes Hispanic),
21,Kentucky,21119,Knott,2016,2020,Black (includes Hispanic),
21,Kentucky,21119,Knott,2016,2020,Hispanic (all races),
21,Kentucky,21119,Knott,2016,2020,American Indian/Alaskan Native (includes Hispanic),
21,Kentucky,21119,Knott,2016,2020,White (includes Hispanic),14.7
21,Kentucky,21121,Knox,2011,2015,Asian/Pacific Islander (includes Hispanic),
21,Kentucky,21121,Knox,2011,2015,Black (includes Hispanic),
21,Kentucky,21121,Knox,2011,2015,Hispanic (all races),
21,Kentucky,21121,Knox,2011,2015,American Indian/Alaskan Native (includes Hispanic),
21,Kentucky,21121,Knox,2011,2015,White (includes Hispanic),12.9
21,Kentucky,21121,Knox,2012,2016,Asian/Pacific Islander (includes Hispanic),
21,Kentucky,21121,Knox,2012,2016,Black (includes Hispanic),
21,Kentucky,21121,Knox,2012,2016,Hispanic (all races),
21,Kentucky,21121,Knox,2012,2016,American Indian/Alaskan Native (includes Hispanic),
21,Kentucky,21121,Knox,2012,2016,White (includes Hispanic),13.3
21,Kentucky,21121,Knox,2013,2017,Asian/Pacific Islander (includes Hispanic),
21,Kentucky,21121,Knox,2013,2017,Black (includes Hispanic),
21,Kentucky,21121,Knox,2013,2017,Hispanic (all races),
21,Kentucky,21121,Knox,2013,2017,American Indian/Alaskan Native (includes Hispanic),
21,Kentucky,21121,Knox,2013,2017,White (includes Hispanic),12.5
21,Kentucky,21121,Knox,2014,2018,Asian/Pacific Islander (includes Hispanic),
21,Kentucky,21121,Knox,2014,2018,Black (includes Hispanic),
21,Kentucky,21121,Knox,2014,2018,Hispanic (all races),
21,Kentucky,21121,Knox,2014,2018,American Indian/Alaskan Native (includes Hispanic),
21,Kentucky,21121,Knox,2014,2018,White (includes Hispanic),11.9
21,Kentucky,21121,Knox,2015,2019,Asian/Pacific Islander (includes Hispanic),
21,Kentucky,21121,Knox,2015,2019,Black (includes Hispanic),
21,Kentucky,21121,Knox,2015,2019,Hispanic (all races),
21,Kentucky,21121,Knox,2015,2019,American Indian/Alaskan Native (includes Hispanic),
21,Kentucky,21121,Knox,2015,2019,White (includes Hispanic),11.0
21,Kentucky,21121,Knox,2016,2020,Asian/Pacific Islander (includes Hispanic),
21,Kentucky,21121,Knox,2016,2020,Black (includes Hispanic),
21,Kentucky,21121,Knox,2016,2020,Hispanic (all races),
21,Kentucky,21121,Knox,2016,2020,American Indian/Alaskan Native (includes Hispanic),
21,Kentucky,21121,Knox,2016,2020,White (includes Hispanic),10.7
21,Kentucky,21123,Larue,2011,2015,Asian/Pacific Islander (includes Hispanic),
21,Kentucky,21123,Larue,2011,2015,Black (includes Hispanic),
21,Kentucky,21123,Larue,2011,2015,Hispanic (all races),
21,Kentucky,21123,Larue,2011,2015,American Indian/Alaskan Native (includes Hispanic),
21,Kentucky,21123,Larue,2011,2015,White (includes Hispanic),8.8
21,Kentucky,21123,Larue,2012,2016,Asian/Pacific Islander (includes Hispanic),
21,Kentucky,21123,Larue,2012,2016,Black (includes Hispanic),
21,Kentucky,21123,Larue,2012,2016,Hispanic (all races),
21,Kentucky,21123,Larue,2012,2016,American Indian/Alaskan Native (includes Hispanic),
21,Kentucky,21123,Larue,2012,2016,White (includes Hispanic),9.1
21,Kentucky,21123,Larue,2013,2017,Asian/Pacific Islander (includes Hispanic),
21,Kentucky,21123,Larue,2013,2017,Black (includes Hispanic),
21,Kentucky,21123,Larue,2013,2017,Hispanic (all races),
21,Kentucky,21123,Larue,2013,2017,American Indian/Alaskan Native (includes Hispanic),
21,Kentucky,21123,Larue,2013,2017,White (includes Hispanic),10.4
21,Kentucky,21123,Larue,2014,2018,Asian/Pacific Islander (includes Hispanic),
21,Kentucky,21123,Larue,2014,2018,Black (includes Hispanic),
21,Kentucky,21123,Larue,2014,2018,Hispanic (all races),
21,Kentucky,21123,Larue,2014,2018,American Indian/Alaskan Native (includes Hispanic),
21,Kentucky,21123,Larue,2014,2018,White (includes Hispanic),11.4
21,Kentucky,21123,Larue,2015,2019,Asian/Pacific Islander (includes Hispanic),
21,Kentucky,21123,Larue,2015,2019,Black (includes Hispanic),
21,Kentucky,21123,Larue,2015,2019,Hispanic (all races),
21,Kentucky,21123,Larue,2015,2019,American Indian/Alaskan Native (includes Hispanic),
21,Kentucky,21123,Larue,2015,2019,White (includes Hispanic),11.3
21,Kentucky,21123,Larue,2016,2020,Asian/Pacific Islander (includes Hispanic),
21,Kentucky,21123,Larue,2016,2020,Black (includes Hispanic),
21,Kentucky,21123,Larue,2016,2020,Hispanic (all races),
21,Kentucky,21123,Larue,2016,2020,American Indian/Alaskan Native (includes Hispanic),
21,Kentucky,21123,Larue,2016,2020,White (includes Hispanic),10.1
21,Kentucky,21125,Laurel,2011,2015,Asian/Pacific Islander (includes Hispanic),
21,Kentucky,21125,Laurel,2011,2015,Black (includes Hispanic),
21,Kentucky,21125,Laurel,2011,2015,Hispanic (all races),
21,Kentucky,21125,Laurel,2011,2015,American Indian/Alaskan Native (includes Hispanic),
21,Kentucky,21125,Laurel,2011,2015,White (includes Hispanic),12.9
21,Kentucky,21125,Laurel,2012,2016,Asian/Pacific Islander (includes Hispanic),
21,Kentucky,21125,Laurel,2012,2016,Black (includes Hispanic),
21,Kentucky,21125,Laurel,2012,2016,Hispanic (all races),
21,Kentucky,21125,Laurel,2012,2016,American Indian/Alaskan Native (includes Hispanic),
21,Kentucky,21125,Laurel,2012,2016,White (includes Hispanic),12.5
21,Kentucky,21125,Laurel,2013,2017,Asian/Pacific Islander (includes Hispanic),
21,Kentucky,21125,Laurel,2013,2017,Black (includes Hispanic),
21,Kentucky,21125,Laurel,2013,2017,Hispanic (all races),
21,Kentucky,21125,Laurel,2013,2017,American Indian/Alaskan Native (includes Hispanic),
21,Kentucky,21125,Laurel,2013,2017,White (includes Hispanic),12.3
21,Kentucky,21125,Laurel,2014,2018,Asian/Pacific Islander (includes Hispanic),
21,Kentucky,21125,Laurel,2014,2018,Black (includes Hispanic),
21,Kentucky,21125,Laurel,2014,2018,Hispanic (all races),
21,Kentucky,21125,Laurel,2014,2018,American Indian/Alaskan Native (includes Hispanic),
21,Kentucky,21125,Laurel,2014,2018,White (includes Hispanic),12.2
21,Kentucky,21125,Laurel,2015,2019,Asian/Pacific Islander (includes Hispanic),
21,Kentucky,21125,Laurel,2015,2019,Black (includes Hispanic),
21,Kentucky,21125,Laurel,2015,2019,Hispanic (all races),
21,Kentucky,21125,Laurel,2015,2019,American Indian/Alaskan Native (includes Hispanic),
21,Kentucky,21125,Laurel,2015,2019,White (includes Hispanic),12.1
21,Kentucky,21125,Laurel,2016,2020,Asian/Pacific Islander (includes Hispanic),
21,Kentucky,21125,Laurel,2016,2020,Black (includes Hispanic),
21,Kentucky,21125,Laurel,2016,2020,Hispanic (all races),
21,Kentucky,21125,Laurel,2016,2020,American Indian/Alaskan Native (includes Hispanic),
21,Kentucky,21125,Laurel,2016,2020,White (includes Hispanic),10.5
21,Kentucky,21127,Lawrence,2011,2015,Asian/Pacific Islander (includes Hispanic),
21,Kentucky,21127,Lawrence,2011,2015,Black (includes Hispanic),
21,Kentucky,21127,Lawrence,2011,2015,Hispanic (all races),
21,Kentucky,21127,Lawrence,2011,2015,American Indian/Alaskan Native (includes Hispanic),
21,Kentucky,21127,Lawrence,2011,2015,White (includes Hispanic),9.1
21,Kentucky,21127,Lawrence,2012,2016,Asian/Pacific Islander (includes Hispanic),
21,Kentucky,21127,Lawrence,2012,2016,Black (includes Hispanic),
21,Kentucky,21127,Lawrence,2012,2016,Hispanic (all races),
21,Kentucky,21127,Lawrence,2012,2016,American Indian/Alaskan Native (includes Hispanic),
21,Kentucky,21127,Lawrence,2012,2016,White (includes Hispanic),11.5
21,Kentucky,21127,Lawrence,2013,2017,Asian/Pacific Islander (includes Hispanic),
21,Kentucky,21127,Lawrence,2013,2017,Black (includes Hispanic),
21,Kentucky,21127,Lawrence,2013,2017,Hispanic (all races),
21,Kentucky,21127,Lawrence,2013,2017,American Indian/Alaskan Native (includes Hispanic),
21,Kentucky,21127,Lawrence,2013,2017,White (includes Hispanic),11.8
21,Kentucky,21127,Lawrence,2014,2018,Asian/Pacific Islander (includes Hispanic),
21,Kentucky,21127,Lawrence,2014,2018,Black (includes Hispanic),
21,Kentucky,21127,Lawrence,2014,2018,Hispanic (all races),
21,Kentucky,21127,Lawrence,2014,2018,American Indian/Alaskan Native (includes Hispanic),
21,Kentucky,21127,Lawrence,2014,2018,White (includes Hispanic),13.4
21,Kentucky,21127,Lawrence,2015,2019,Asian/Pacific Islander (includes Hispanic),
21,Kentucky,21127,Lawrence,2015,2019,Black (includes Hispanic),
21,Kentucky,21127,Lawrence,2015,2019,Hispanic (all races),
21,Kentucky,21127,Lawrence,2015,2019,American Indian/Alaskan Native (includes Hispanic),
21,Kentucky,21127,Lawrence,2015,2019,White (includes Hispanic),14.5
21,Kentucky,21127,Lawrence,2016,2020,Asian/Pacific Islander (includes Hispanic),
21,Kentucky,21127,Lawrence,2016,2020,Black (includes Hispanic),
21,Kentucky,21127,Lawrence,2016,2020,Hispanic (all races),
21,Kentucky,21127,Lawrence,2016,2020,American Indian/Alaskan Native (includes Hispanic),
21,Kentucky,21127,Lawrence,2016,2020,White (includes Hispanic),13.4
21,Kentucky,21129,Lee,2011,2015,Asian/Pacific Islander (includes Hispanic),
21,Kentucky,21129,Lee,2011,2015,Black (includes Hispanic),
21,Kentucky,21129,Lee,2011,2015,Hispanic (all races),
21,Kentucky,21129,Lee,2011,2015,American Indian/Alaskan Native (includes Hispanic),
21,Kentucky,21129,Lee,2011,2015,White (includes Hispanic),15.4
21,Kentucky,21129,Lee,2012,2016,Asian/Pacific Islander (includes Hispanic),
21,Kentucky,21129,Lee,2012,2016,Black (includes Hispanic),
21,Kentucky,21129,Lee,2012,2016,Hispanic (all races),
21,Kentucky,21129,Lee,2012,2016,American Indian/Alaskan Native (includes Hispanic),
21,Kentucky,21129,Lee,2012,2016,White (includes Hispanic),16.3
21,Kentucky,21129,Lee,2013,2017,Asian/Pacific Islander (includes Hispanic),
21,Kentucky,21129,Lee,2013,2017,Black (includes Hispanic),
21,Kentucky,21129,Lee,2013,2017,Hispanic (all races),
21,Kentucky,21129,Lee,2013,2017,American Indian/Alaskan Native (includes Hispanic),
21,Kentucky,21129,Lee,2013,2017,White (includes Hispanic),20.0
21,Kentucky,21129,Lee,2014,2018,Asian/Pacific Islander (includes Hispanic),
21,Kentucky,21129,Lee,2014,2018,Black (includes Hispanic),
21,Kentucky,21129,Lee,2014,2018,Hispanic (all races),
21,Kentucky,21129,Lee,2014,2018,American Indian/Alaskan Native (includes Hispanic),
21,Kentucky,21129,Lee,2014,2018,White (includes Hispanic),17.0
21,Kentucky,21129,Lee,2015,2019,Asian/Pacific Islander (includes Hispanic),
21,Kentucky,21129,Lee,2015,2019,Black (includes Hispanic),
21,Kentucky,21129,Lee,2015,2019,Hispanic (all races),
21,Kentucky,21129,Lee,2015,2019,American Indian/Alaskan Native (includes Hispanic),
21,Kentucky,21129,Lee,2015,2019,White (includes Hispanic),16.4
21,Kentucky,21129,Lee,2016,2020,Asian/Pacific Islander (includes Hispanic),
21,Kentucky,21129,Lee,2016,2020,Black (includes Hispanic),
21,Kentucky,21129,Lee,2016,2020,Hispanic (all races),
21,Kentucky,21129,Lee,2016,2020,American Indian/Alaskan Native (includes Hispanic),
21,Kentucky,21129,Lee,2016,2020,White (includes Hispanic),15.6
21,Kentucky,21131,Leslie,2011,2015,Asian/Pacific Islander (includes Hispanic),
21,Kentucky,21131,Leslie,2011,2015,Black (includes Hispanic),
21,Kentucky,21131,Leslie,2011,2015,Hispanic (all races),
21,Kentucky,21131,Leslie,2011,2015,American Indian/Alaskan Native (includes Hispanic),
21,Kentucky,21131,Leslie,2011,2015,White (includes Hispanic),14.5
21,Kentucky,21131,Leslie,2012,2016,Asian/Pacific Islander (includes Hispanic),
21,Kentucky,21131,Leslie,2012,2016,Black (includes Hispanic),
21,Kentucky,21131,Leslie,2012,2016,Hispanic (all races),
21,Kentucky,21131,Leslie,2012,2016,American Indian/Alaskan Native (includes Hispanic),
21,Kentucky,21131,Leslie,2012,2016,White (includes Hispanic),15.9
21,Kentucky,21131,Leslie,2013,2017,Asian/Pacific Islander (includes Hispanic),
21,Kentucky,21131,Leslie,2013,2017,Black (includes Hispanic),
21,Kentucky,21131,Leslie,2013,2017,Hispanic (all races),
21,Kentucky,21131,Leslie,2013,2017,American Indian/Alaskan Native (includes Hispanic),
21,Kentucky,21131,Leslie,2013,2017,White (includes Hispanic),16.1
21,Kentucky,21131,Leslie,2014,2018,Asian/Pacific Islander (includes Hispanic),
21,Kentucky,21131,Leslie,2014,2018,Black (includes Hispanic),
21,Kentucky,21131,Leslie,2014,2018,Hispanic (all races),
21,Kentucky,21131,Leslie,2014,2018,American Indian/Alaskan Native (includes Hispanic),
21,Kentucky,21131,Leslie,2014,2018,White (includes Hispanic),15.3
21,Kentucky,21131,Leslie,2015,2019,Asian/Pacific Islander (includes Hispanic),
21,Kentucky,21131,Leslie,2015,2019,Black (includes Hispanic),
21,Kentucky,21131,Leslie,2015,2019,Hispanic (all races),
21,Kentucky,21131,Leslie,2015,2019,American Indian/Alaskan Native (includes Hispanic),
21,Kentucky,21131,Leslie,2015,2019,White (includes Hispanic),14.4
21,Kentucky,21131,Leslie,2016,2020,Asian/Pacific Islander (includes Hispanic),
21,Kentucky,21131,Leslie,2016,2020,Black (includes Hispanic),
21,Kentucky,21131,Leslie,2016,2020,Hispanic (all races),
21,Kentucky,21131,Leslie,2016,2020,American Indian/Alaskan Native (includes Hispanic),
21,Kentucky,21131,Leslie,2016,2020,White (includes Hispanic),15.7
21,Kentucky,21133,Letcher,2011,2015,Asian/Pacific Islander (includes Hispanic),
21,Kentucky,21133,Letcher,2011,2015,Black (includes Hispanic),
21,Kentucky,21133,Letcher,2011,2015,Hispanic (all races),
21,Kentucky,21133,Letcher,2011,2015,American Indian/Alaskan Native (includes Hispanic),
21,Kentucky,21133,Letcher,2011,2015,White (includes Hispanic),11.1
21,Kentucky,21133,Letcher,2012,2016,Asian/Pacific Islander (includes Hispanic),
21,Kentucky,21133,Letcher,2012,2016,Black (includes Hispanic),
21,Kentucky,21133,Letcher,2012,2016,Hispanic (all races),
21,Kentucky,21133,Letcher,2012,2016,American Indian/Alaskan Native (includes Hispanic),
21,Kentucky,21133,Letcher,2012,2016,White (includes Hispanic),10.9
21,Kentucky,21133,Letcher,2013,2017,Asian/Pacific Islander (includes Hispanic),
21,Kentucky,21133,Letcher,2013,2017,Black (includes Hispanic),
21,Kentucky,21133,Letcher,2013,2017,Hispanic (all races),
21,Kentucky,21133,Letcher,2013,2017,American Indian/Alaskan Native (includes Hispanic),
21,Kentucky,21133,Letcher,2013,2017,White (includes Hispanic),11.7
21,Kentucky,21133,Letcher,2014,2018,Asian/Pacific Islander (includes Hispanic),
21,Kentucky,21133,Letcher,2014,2018,Black (includes Hispanic),
21,Kentucky,21133,Letcher,2014,2018,Hispanic (all races),
21,Kentucky,21133,Letcher,2014,2018,American Indian/Alaskan Native (includes Hispanic),
21,Kentucky,21133,Letcher,2014,2018,White (includes Hispanic),11.5
21,Kentucky,21133,Letcher,2015,2019,Asian/Pacific Islander (includes Hispanic),
21,Kentucky,21133,Letcher,2015,2019,Black (includes Hispanic),
21,Kentucky,21133,Letcher,2015,2019,Hispanic (all races),
21,Kentucky,21133,Letcher,2015,2019,American Indian/Alaskan Native (includes Hispanic),
21,Kentucky,21133,Letcher,2015,2019,White (includes Hispanic),13.0
21,Kentucky,21133,Letcher,2016,2020,Asian/Pacific Islander (includes Hispanic),
21,Kentucky,21133,Letcher,2016,2020,Black (includes Hispanic),
21,Kentucky,21133,Letcher,2016,2020,Hispanic (all races),
21,Kentucky,21133,Letcher,2016,2020,American Indian/Alaskan Native (includes Hispanic),
21,Kentucky,21133,Letcher,2016,2020,White (includes Hispanic),11.8
21,Kentucky,21135,Lewis,2011,2015,Asian/Pacific Islander (includes Hispanic),
21,Kentucky,21135,Lewis,2011,2015,Black (includes Hispanic),
21,Kentucky,21135,Lewis,2011,2015,Hispanic (all races),
21,Kentucky,21135,Lewis,2011,2015,American Indian/Alaskan Native (includes Hispanic),
21,Kentucky,21135,Lewis,2011,2015,White (includes Hispanic),11.9
21,Kentucky,21135,Lewis,2012,2016,Asian/Pacific Islander (includes Hispanic),
21,Kentucky,21135,Lewis,2012,2016,Black (includes Hispanic),
21,Kentucky,21135,Lewis,2012,2016,Hispanic (all races),
21,Kentucky,21135,Lewis,2012,2016,American Indian/Alaskan Native (includes Hispanic),
21,Kentucky,21135,Lewis,2012,2016,White (includes Hispanic),12.1
21,Kentucky,21135,Lewis,2013,2017,Asian/Pacific Islander (includes Hispanic),
21,Kentucky,21135,Lewis,2013,2017,Black (includes Hispanic),
21,Kentucky,21135,Lewis,2013,2017,Hispanic (all races),
21,Kentucky,21135,Lewis,2013,2017,American Indian/Alaskan Native (includes Hispanic),
21,Kentucky,21135,Lewis,2013,2017,White (includes Hispanic),11.8
21,Kentucky,21135,Lewis,2014,2018,Asian/Pacific Islander (includes Hispanic),
21,Kentucky,21135,Lewis,2014,2018,Black (includes Hispanic),
21,Kentucky,21135,Lewis,2014,2018,Hispanic (all races),
21,Kentucky,21135,Lewis,2014,2018,American Indian/Alaskan Native (includes Hispanic),
21,Kentucky,21135,Lewis,2014,2018,White (includes Hispanic),12.4
21,Kentucky,21135,Lewis,2015,2019,Asian/Pacific Islander (includes Hispanic),
21,Kentucky,21135,Lewis,2015,2019,Black (includes Hispanic),
21,Kentucky,21135,Lewis,2015,2019,Hispanic (all races),
21,Kentucky,21135,Lewis,2015,2019,American Indian/Alaskan Native (includes Hispanic),
21,Kentucky,21135,Lewis,2015,2019,White (includes Hispanic),12.0
21,Kentucky,21135,Lewis,2016,2020,Asian/Pacific Islander (includes Hispanic),
21,Kentucky,21135,Lewis,2016,2020,Black (includes Hispanic),
21,Kentucky,21135,Lewis,2016,2020,Hispanic (all races),
21,Kentucky,21135,Lewis,2016,2020,American Indian/Alaskan Native (includes Hispanic),
21,Kentucky,21135,Lewis,2016,2020,White (includes Hispanic),11.2
21,Kentucky,21137,Lincoln,2011,2015,Asian/Pacific Islander (includes Hispanic),
21,Kentucky,21137,Lincoln,2011,2015,Black (includes Hispanic),
21,Kentucky,21137,Lincoln,2011,2015,Hispanic (all races),
21,Kentucky,21137,Lincoln,2011,2015,American Indian/Alaskan Native (includes Hispanic),
21,Kentucky,21137,Lincoln,2011,2015,White (includes Hispanic),10.4
21,Kentucky,21137,Lincoln,2012,2016,Asian/Pacific Islander (includes Hispanic),
21,Kentucky,21137,Lincoln,2012,2016,Black (includes Hispanic),
21,Kentucky,21137,Lincoln,2012,2016,Hispanic (all races),
21,Kentucky,21137,Lincoln,2012,2016,American Indian/Alaskan Native (includes Hispanic),
21,Kentucky,21137,Lincoln,2012,2016,White (includes Hispanic),10.1
21,Kentucky,21137,Lincoln,2013,2017,Asian/Pacific Islander (includes Hispanic),
21,Kentucky,21137,Lincoln,2013,2017,Black (includes Hispanic),
21,Kentucky,21137,Lincoln,2013,2017,Hispanic (all races),
21,Kentucky,21137,Lincoln,2013,2017,American Indian/Alaskan Native (includes Hispanic),
21,Kentucky,21137,Lincoln,2013,2017,White (includes Hispanic),10.5
21,Kentucky,21137,Lincoln,2014,2018,Asian/Pacific Islander (includes Hispanic),
21,Kentucky,21137,Lincoln,2014,2018,Black (includes Hispanic),
21,Kentucky,21137,Lincoln,2014,2018,Hispanic (all races),
21,Kentucky,21137,Lincoln,2014,2018,American Indian/Alaskan Native (includes Hispanic),
21,Kentucky,21137,Lincoln,2014,2018,White (includes Hispanic),11.8
21,Kentucky,21137,Lincoln,2015,2019,Asian/Pacific Islander (includes Hispanic),
21,Kentucky,21137,Lincoln,2015,2019,Black (includes Hispanic),
21,Kentucky,21137,Lincoln,2015,2019,Hispanic (all races),
21,Kentucky,21137,Lincoln,2015,2019,American Indian/Alaskan Native (includes Hispanic),
21,Kentucky,21137,Lincoln,2015,2019,White (includes Hispanic),11.8
21,Kentucky,21137,Lincoln,2016,2020,Asian/Pacific Islander (includes Hispanic),
21,Kentucky,21137,Lincoln,2016,2020,Black (includes Hispanic),
21,Kentucky,21137,Lincoln,2016,2020,Hispanic (all races),
21,Kentucky,21137,Lincoln,2016,2020,American Indian/Alaskan Native (includes Hispanic),
21,Kentucky,21137,Lincoln,2016,2020,White (includes Hispanic),10.4
21,Kentucky,21139,Livingston,2011,2015,Asian/Pacific Islander (includes Hispanic),
21,Kentucky,21139,Livingston,2011,2015,Black (includes Hispanic),
21,Kentucky,21139,Livingston,2011,2015,Hispanic (all races),
21,Kentucky,21139,Livingston,2011,2015,American Indian/Alaskan Native (includes Hispanic),
21,Kentucky,21139,Livingston,2011,2015,White (includes Hispanic),9.6
21,Kentucky,21139,Livingston,2012,2016,Asian/Pacific Islander (includes Hispanic),
21,Kentucky,21139,Livingston,2012,2016,Black (includes Hispanic),
21,Kentucky,21139,Livingston,2012,2016,Hispanic (all races),
21,Kentucky,21139,Livingston,2012,2016,American Indian/Alaskan Native (includes Hispanic),
21,Kentucky,21139,Livingston,2012,2016,White (includes Hispanic),9.2
21,Kentucky,21139,Livingston,2013,2017,Asian/Pacific Islander (includes Hispanic),
21,Kentucky,21139,Livingston,2013,2017,Black (includes Hispanic),
21,Kentucky,21139,Livingston,2013,2017,Hispanic (all races),
21,Kentucky,21139,Livingston,2013,2017,American Indian/Alaskan Native (includes Hispanic),
21,Kentucky,21139,Livingston,2013,2017,White (includes Hispanic),8.5
21,Kentucky,21139,Livingston,2014,2018,Asian/Pacific Islander (includes Hispanic),
21,Kentucky,21139,Livingston,2014,2018,Black (includes Hispanic),
21,Kentucky,21139,Livingston,2014,2018,Hispanic (all races),
21,Kentucky,21139,Livingston,2014,2018,American Indian/Alaskan Native (includes Hispanic),
21,Kentucky,21139,Livingston,2014,2018,White (includes Hispanic),8.5
21,Kentucky,21139,Livingston,2015,2019,Asian/Pacific Islander (includes Hispanic),
21,Kentucky,21139,Livingston,2015,2019,Black (includes Hispanic),
21,Kentucky,21139,Livingston,2015,2019,Hispanic (all races),
21,Kentucky,21139,Livingston,2015,2019,American Indian/Alaskan Native (includes Hispanic),
21,Kentucky,21139,Livingston,2015,2019,White (includes Hispanic),8.6
21,Kentucky,21139,Livingston,2016,2020,Asian/Pacific Islander (includes Hispanic),
21,Kentucky,21139,Livingston,2016,2020,Black (includes Hispanic),
21,Kentucky,21139,Livingston,2016,2020,Hispanic (all races),
21,Kentucky,21139,Livingston,2016,2020,American Indian/Alaskan Native (includes Hispanic),
21,Kentucky,21139,Livingston,2016,2020,White (includes Hispanic),9.1
21,Kentucky,21141,Logan,2011,2015,Asian/Pacific Islander (includes Hispanic),
21,Kentucky,21141,Logan,2011,2015,Black (includes Hispanic),
21,Kentucky,21141,Logan,2011,2015,Hispanic (all races),
21,Kentucky,21141,Logan,2011,2015,American Indian/Alaskan Native (includes Hispanic),
21,Kentucky,21141,Logan,2011,2015,White (includes Hispanic),10.8
21,Kentucky,21141,Logan,2012,2016,Asian/Pacific Islander (includes Hispanic),
21,Kentucky,21141,Logan,2012,2016,Black (includes Hispanic),
21,Kentucky,21141,Logan,2012,2016,Hispanic (all races),
21,Kentucky,21141,Logan,2012,2016,American Indian/Alaskan Native (includes Hispanic),
21,Kentucky,21141,Logan,2012,2016,White (includes Hispanic),10.3
21,Kentucky,21141,Logan,2013,2017,Asian/Pacific Islander (includes Hispanic),
21,Kentucky,21141,Logan,2013,2017,Black (includes Hispanic),
21,Kentucky,21141,Logan,2013,2017,Hispanic (all races),
21,Kentucky,21141,Logan,2013,2017,American Indian/Alaskan Native (includes Hispanic),
21,Kentucky,21141,Logan,2013,2017,White (includes Hispanic),10.4
21,Kentucky,21141,Logan,2014,2018,Asian/Pacific Islander (includes Hispanic),
21,Kentucky,21141,Logan,2014,2018,Black (includes Hispanic),
21,Kentucky,21141,Logan,2014,2018,Hispanic (all races),
21,Kentucky,21141,Logan,2014,2018,American Indian/Alaskan Native (includes Hispanic),
21,Kentucky,21141,Logan,2014,2018,White (includes Hispanic),9.3
21,Kentucky,21141,Logan,2015,2019,Asian/Pacific Islander (includes Hispanic),
21,Kentucky,21141,Logan,2015,2019,Black (includes Hispanic),
21,Kentucky,21141,Logan,2015,2019,Hispanic (all races),
21,Kentucky,21141,Logan,2015,2019,American Indian/Alaskan Native (includes Hispanic),
21,Kentucky,21141,Logan,2015,2019,White (includes Hispanic),8.2
21,Kentucky,21141,Logan,2016,2020,Asian/Pacific Islander (includes Hispanic),
21,Kentucky,21141,Logan,2016,2020,Black (includes Hispanic),
21,Kentucky,21141,Logan,2016,2020,Hispanic (all races),
21,Kentucky,21141,Logan,2016,2020,American Indian/Alaskan Native (includes Hispanic),
21,Kentucky,21141,Logan,2016,2020,White (includes Hispanic),8.5
21,Kentucky,21143,Lyon,2011,2015,Asian/Pacific Islander (includes Hispanic),
21,Kentucky,21143,Lyon,2011,2015,Black (includes Hispanic),
21,Kentucky,21143,Lyon,2011,2015,Hispanic (all races),
21,Kentucky,21143,Lyon,2011,2015,American Indian/Alaskan Native (includes Hispanic),
21,Kentucky,21143,Lyon,2011,2015,White (includes Hispanic),
21,Kentucky,21143,Lyon,2012,2016,Asian/Pacific Islander (includes Hispanic),
21,Kentucky,21143,Lyon,2012,2016,Black (includes Hispanic),
21,Kentucky,21143,Lyon,2012,2016,Hispanic (all races),
21,Kentucky,21143,Lyon,2012,2016,American Indian/Alaskan Native (includes Hispanic),
21,Kentucky,21143,Lyon,2012,2016,White (includes Hispanic),
21,Kentucky,21143,Lyon,2013,2017,Asian/Pacific Islander (includes Hispanic),
21,Kentucky,21143,Lyon,2013,2017,Black (includes Hispanic),
21,Kentucky,21143,Lyon,2013,2017,Hispanic (all races),
21,Kentucky,21143,Lyon,2013,2017,American Indian/Alaskan Native (includes Hispanic),
21,Kentucky,21143,Lyon,2013,2017,White (includes Hispanic),
21,Kentucky,21143,Lyon,2014,2018,Asian/Pacific Islander (includes Hispanic),
21,Kentucky,21143,Lyon,2014,2018,Black (includes Hispanic),
21,Kentucky,21143,Lyon,2014,2018,Hispanic (all races),
21,Kentucky,21143,Lyon,2014,2018,American Indian/Alaskan Native (includes Hispanic),
21,Kentucky,21143,Lyon,2014,2018,White (includes Hispanic),7.6
21,Kentucky,21143,Lyon,2015,2019,Asian/Pacific Islander (includes Hispanic),
21,Kentucky,21143,Lyon,2015,2019,Black (includes Hispanic),
21,Kentucky,21143,Lyon,2015,2019,Hispanic (all races),
21,Kentucky,21143,Lyon,2015,2019,American Indian/Alaskan Native (includes Hispanic),
21,Kentucky,21143,Lyon,2015,2019,White (includes Hispanic),7.1
21,Kentucky,21143,Lyon,2016,2020,Asian/Pacific Islander (includes Hispanic),
21,Kentucky,21143,Lyon,2016,2020,Black (includes Hispanic),
21,Kentucky,21143,Lyon,2016,2020,Hispanic (all races),
21,Kentucky,21143,Lyon,2016,2020,American Indian/Alaskan Native (includes Hispanic),
21,Kentucky,21143,Lyon,2016,2020,White (includes Hispanic),8.2
21,Kentucky,21151,Madison,2011,2015,Asian/Pacific Islander (includes Hispanic),
21,Kentucky,21151,Madison,2011,2015,Black (includes Hispanic),
21,Kentucky,21151,Madison,2011,2015,Hispanic (all races),
21,Kentucky,21151,Madison,2011,2015,American Indian/Alaskan Native (includes Hispanic),
21,Kentucky,21151,Madison,2011,2015,White (includes Hispanic),8.1
21,Kentucky,21151,Madison,2012,2016,Asian/Pacific Islander (includes Hispanic),
21,Kentucky,21151,Madison,2012,2016,Black (includes Hispanic),
21,Kentucky,21151,Madison,2012,2016,Hispanic (all races),
21,Kentucky,21151,Madison,2012,2016,American Indian/Alaskan Native (includes Hispanic),
21,Kentucky,21151,Madison,2012,2016,White (includes Hispanic),8.5
21,Kentucky,21151,Madison,2013,2017,Asian/Pacific Islander (includes Hispanic),
21,Kentucky,21151,Madison,2013,2017,Black (includes Hispanic),
21,Kentucky,21151,Madison,2013,2017,Hispanic (all races),
21,Kentucky,21151,Madison,2013,2017,American Indian/Alaskan Native (includes Hispanic),
21,Kentucky,21151,Madison,2013,2017,White (includes Hispanic),8.7
21,Kentucky,21151,Madison,2014,2018,Asian/Pacific Islander (includes Hispanic),
21,Kentucky,21151,Madison,2014,2018,Black (includes Hispanic),
21,Kentucky,21151,Madison,2014,2018,Hispanic (all races),
21,Kentucky,21151,Madison,2014,2018,American Indian/Alaskan Native (includes Hispanic),
21,Kentucky,21151,Madison,2014,2018,White (includes Hispanic),8.6
21,Kentucky,21151,Madison,2015,2019,Asian/Pacific Islander (includes Hispanic),
21,Kentucky,21151,Madison,2015,2019,Black (includes Hispanic),
21,Kentucky,21151,Madison,2015,2019,Hispanic (all races),
21,Kentucky,21151,Madison,2015,2019,American Indian/Alaskan Native (includes Hispanic),
21,Kentucky,21151,Madison,2015,2019,White (includes Hispanic),8.6
21,Kentucky,21151,Madison,2016,2020,Asian/Pacific Islander (includes Hispanic),
21,Kentucky,21151,Madison,2016,2020,Black (includes Hispanic),
21,Kentucky,21151,Madison,2016,2020,Hispanic (all races),
21,Kentucky,21151,Madison,2016,2020,American Indian/Alaskan Native (includes Hispanic),
21,Kentucky,21151,Madison,2016,2020,White (includes Hispanic),9.1
21,Kentucky,21153,Magoffin,2011,2015,Asian/Pacific Islander (includes Hispanic),
21,Kentucky,21153,Magoffin,2011,2015,Black (includes Hispanic),
21,Kentucky,21153,Magoffin,2011,2015,Hispanic (all races),
21,Kentucky,21153,Magoffin,2011,2015,American Indian/Alaskan Native (includes Hispanic),
21,Kentucky,21153,Magoffin,2011,2015,White (includes Hispanic),9.3
21,Kentucky,21153,Magoffin,2012,2016,Asian/Pacific Islander (includes Hispanic),
21,Kentucky,21153,Magoffin,2012,2016,Black (includes Hispanic),
21,Kentucky,21153,Magoffin,2012,2016,Hispanic (all races),
21,Kentucky,21153,Magoffin,2012,2016,American Indian/Alaskan Native (includes Hispanic),
21,Kentucky,21153,Magoffin,2012,2016,White (includes Hispanic),11.3
21,Kentucky,21153,Magoffin,2013,2017,Asian/Pacific Islander (includes Hispanic),
21,Kentucky,21153,Magoffin,2013,2017,Black (includes Hispanic),
21,Kentucky,21153,Magoffin,2013,2017,Hispanic (all races),
21,Kentucky,21153,Magoffin,2013,2017,American Indian/Alaskan Native (includes Hispanic),
21,Kentucky,21153,Magoffin,2013,2017,White (includes Hispanic),14.5
21,Kentucky,21153,Magoffin,2014,2018,Asian/Pacific Islander (includes Hispanic),
21,Kentucky,21153,Magoffin,2014,2018,Black (includes Hispanic),
21,Kentucky,21153,Magoffin,2014,2018,Hispanic (all races),
21,Kentucky,21153,Magoffin,2014,2018,American Indian/Alaskan Native (includes Hispanic),
21,Kentucky,21153,Magoffin,2014,2018,White (includes Hispanic),15.4
21,Kentucky,21153,Magoffin,2015,2019,Asian/Pacific Islander (includes Hispanic),
21,Kentucky,21153,Magoffin,2015,2019,Black (includes Hispanic),
21,Kentucky,21153,Magoffin,2015,2019,Hispanic (all races),
21,Kentucky,21153,Magoffin,2015,2019,American Indian/Alaskan Native (includes Hispanic),
21,Kentucky,21153,Magoffin,2015,2019,White (includes Hispanic),15.3
21,Kentucky,21153,Magoffin,2016,2020,Asian/Pacific Islander (includes Hispanic),
21,Kentucky,21153,Magoffin,2016,2020,Black (includes Hispanic),
21,Kentucky,21153,Magoffin,2016,2020,Hispanic (all races),
21,Kentucky,21153,Magoffin,2016,2020,American Indian/Alaskan Native (includes Hispanic),
21,Kentucky,21153,Magoffin,2016,2020,White (includes Hispanic),14.7
21,Kentucky,21155,Marion,2011,2015,Asian/Pacific Islander (includes Hispanic),
21,Kentucky,21155,Marion,2011,2015,Black (includes Hispanic),
21,Kentucky,21155,Marion,2011,2015,Hispanic (all races),
21,Kentucky,21155,Marion,2011,2015,American Indian/Alaskan Native (includes Hispanic),
21,Kentucky,21155,Marion,2011,2015,White (includes Hispanic),7.6
21,Kentucky,21155,Marion,2012,2016,Asian/Pacific Islander (includes Hispanic),
21,Kentucky,21155,Marion,2012,2016,Black (includes Hispanic),
21,Kentucky,21155,Marion,2012,2016,Hispanic (all races),
21,Kentucky,21155,Marion,2012,2016,American Indian/Alaskan Native (includes Hispanic),
21,Kentucky,21155,Marion,2012,2016,White (includes Hispanic),8.3
21,Kentucky,21155,Marion,2013,2017,Asian/Pacific Islander (includes Hispanic),
21,Kentucky,21155,Marion,2013,2017,Black (includes Hispanic),
21,Kentucky,21155,Marion,2013,2017,Hispanic (all races),
21,Kentucky,21155,Marion,2013,2017,American Indian/Alaskan Native (includes Hispanic),
21,Kentucky,21155,Marion,2013,2017,White (includes Hispanic),9.1
21,Kentucky,21155,Marion,2014,2018,Asian/Pacific Islander (includes Hispanic),
21,Kentucky,21155,Marion,2014,2018,Black (includes Hispanic),
21,Kentucky,21155,Marion,2014,2018,Hispanic (all races),
21,Kentucky,21155,Marion,2014,2018,American Indian/Alaskan Native (includes Hispanic),
21,Kentucky,21155,Marion,2014,2018,White (includes Hispanic),9.3
21,Kentucky,21155,Marion,2015,2019,Asian/Pacific Islander (includes Hispanic),
21,Kentucky,21155,Marion,2015,2019,Black (includes Hispanic),
21,Kentucky,21155,Marion,2015,2019,Hispanic (all races),
21,Kentucky,21155,Marion,2015,2019,American Indian/Alaskan Native (includes Hispanic),
21,Kentucky,21155,Marion,2015,2019,White (includes Hispanic),8.6
21,Kentucky,21155,Marion,2016,2020,Asian/Pacific Islander (includes Hispanic),
21,Kentucky,21155,Marion,2016,2020,Black (includes Hispanic),
21,Kentucky,21155,Marion,2016,2020,Hispanic (all races),
21,Kentucky,21155,Marion,2016,2020,American Indian/Alaskan Native (includes Hispanic),
21,Kentucky,21155,Marion,2016,2020,White (includes Hispanic),8.6
21,Kentucky,21157,Marshall,2011,2015,Asian/Pacific Islander (includes Hispanic),
21,Kentucky,21157,Marshall,2011,2015,Black (includes Hispanic),
21,Kentucky,21157,Marshall,2011,2015,Hispanic (all races),
21,Kentucky,21157,Marshall,2011,2015,American Indian/Alaskan Native (includes Hispanic),
21,Kentucky,21157,Marshall,2011,2015,White (includes Hispanic),9.9
21,Kentucky,21157,Marshall,2012,2016,Asian/Pacific Islander (includes Hispanic),
21,Kentucky,21157,Marshall,2012,2016,Black (includes Hispanic),
21,Kentucky,21157,Marshall,2012,2016,Hispanic (all races),
21,Kentucky,21157,Marshall,2012,2016,American Indian/Alaskan Native (includes Hispanic),
21,Kentucky,21157,Marshall,2012,2016,White (includes Hispanic),9.6
21,Kentucky,21157,Marshall,2013,2017,Asian/Pacific Islander (includes Hispanic),
21,Kentucky,21157,Marshall,2013,2017,Black (includes Hispanic),
21,Kentucky,21157,Marshall,2013,2017,Hispanic (all races),
21,Kentucky,21157,Marshall,2013,2017,American Indian/Alaskan Native (includes Hispanic),
21,Kentucky,21157,Marshall,2013,2017,White (includes Hispanic),8.2
21,Kentucky,21157,Marshall,2014,2018,Asian/Pacific Islander (includes Hispanic),
21,Kentucky,21157,Marshall,2014,2018,Black (includes Hispanic),
21,Kentucky,21157,Marshall,2014,2018,Hispanic (all races),
21,Kentucky,21157,Marshall,2014,2018,American Indian/Alaskan Native (includes Hispanic),
21,Kentucky,21157,Marshall,2014,2018,White (includes Hispanic),8.3
21,Kentucky,21157,Marshall,2015,2019,Asian/Pacific Islander (includes Hispanic),
21,Kentucky,21157,Marshall,2015,2019,Black (includes Hispanic),
21,Kentucky,21157,Marshall,2015,2019,Hispanic (all races),
21,Kentucky,21157,Marshall,2015,2019,American Indian/Alaskan Native (includes Hispanic),
21,Kentucky,21157,Marshall,2015,2019,White (includes Hispanic),8.2
21,Kentucky,21157,Marshall,2016,2020,Asian/Pacific Islander (includes Hispanic),
21,Kentucky,21157,Marshall,2016,2020,Black (includes Hispanic),
21,Kentucky,21157,Marshall,2016,2020,Hispanic (all races),
21,Kentucky,21157,Marshall,2016,2020,American Indian/Alaskan Native (includes Hispanic),
21,Kentucky,21157,Marshall,2016,2020,White (includes Hispanic),8.9
21,Kentucky,21159,Martin,2011,2015,Asian/Pacific Islander (includes Hispanic),
21,Kentucky,21159,Martin,2011,2015,Black (includes Hispanic),
21,Kentucky,21159,Martin,2011,2015,Hispanic (all races),
21,Kentucky,21159,Martin,2011,2015,American Indian/Alaskan Native (includes Hispanic),
21,Kentucky,21159,Martin,2011,2015,White (includes Hispanic),10.2
21,Kentucky,21159,Martin,2012,2016,Asian/Pacific Islander (includes Hispanic),
21,Kentucky,21159,Martin,2012,2016,Black (includes Hispanic),
21,Kentucky,21159,Martin,2012,2016,Hispanic (all races),
21,Kentucky,21159,Martin,2012,2016,American Indian/Alaskan Native (includes Hispanic),
21,Kentucky,21159,Martin,2012,2016,White (includes Hispanic),11.4
21,Kentucky,21159,Martin,2013,2017,Asian/Pacific Islander (includes Hispanic),
21,Kentucky,21159,Martin,2013,2017,Black (includes Hispanic),
21,Kentucky,21159,Martin,2013,2017,Hispanic (all races),
21,Kentucky,21159,Martin,2013,2017,American Indian/Alaskan Native (includes Hispanic),
21,Kentucky,21159,Martin,2013,2017,White (includes Hispanic),12.3
21,Kentucky,21159,Martin,2014,2018,Asian/Pacific Islander (includes Hispanic),
21,Kentucky,21159,Martin,2014,2018,Black (includes Hispanic),
21,Kentucky,21159,Martin,2014,2018,Hispanic (all races),
21,Kentucky,21159,Martin,2014,2018,American Indian/Alaskan Native (includes Hispanic),
21,Kentucky,21159,Martin,2014,2018,White (includes Hispanic),13.4
21,Kentucky,21159,Martin,2015,2019,Asian/Pacific Islander (includes Hispanic),
21,Kentucky,21159,Martin,2015,2019,Black (includes Hispanic),
21,Kentucky,21159,Martin,2015,2019,Hispanic (all races),
21,Kentucky,21159,Martin,2015,2019,American Indian/Alaskan Native (includes Hispanic),
21,Kentucky,21159,Martin,2015,2019,White (includes Hispanic),15.3
21,Kentucky,21159,Martin,2016,2020,Asian/Pacific Islander (includes Hispanic),
21,Kentucky,21159,Martin,2016,2020,Black (includes Hispanic),
21,Kentucky,21159,Martin,2016,2020,Hispanic (all races),
21,Kentucky,21159,Martin,2016,2020,American Indian/Alaskan Native (includes Hispanic),
21,Kentucky,21159,Martin,2016,2020,White (includes Hispanic),16.0
21,Kentucky,21161,Mason,2011,2015,Asian/Pacific Islander (includes Hispanic),
21,Kentucky,21161,Mason,2011,2015,Black (includes Hispanic),
21,Kentucky,21161,Mason,2011,2015,Hispanic (all races),
21,Kentucky,21161,Mason,2011,2015,American Indian/Alaskan Native (includes Hispanic),
21,Kentucky,21161,Mason,2011,2015,White (includes Hispanic),13.8
21,Kentucky,21161,Mason,2012,2016,Asian/Pacific Islander (includes Hispanic),
21,Kentucky,21161,Mason,2012,2016,Black (includes Hispanic),
21,Kentucky,21161,Mason,2012,2016,Hispanic (all races),
21,Kentucky,21161,Mason,2012,2016,American Indian/Alaskan Native (includes Hispanic),
21,Kentucky,21161,Mason,2012,2016,White (includes Hispanic),12.2
21,Kentucky,21161,Mason,2013,2017,Asian/Pacific Islander (includes Hispanic),
21,Kentucky,21161,Mason,2013,2017,Black (includes Hispanic),
21,Kentucky,21161,Mason,2013,2017,Hispanic (all races),
21,Kentucky,21161,Mason,2013,2017,American Indian/Alaskan Native (includes Hispanic),
21,Kentucky,21161,Mason,2013,2017,White (includes Hispanic),14.4
21,Kentucky,21161,Mason,2014,2018,Asian/Pacific Islander (includes Hispanic),
21,Kentucky,21161,Mason,2014,2018,Black (includes Hispanic),
21,Kentucky,21161,Mason,2014,2018,Hispanic (all races),
21,Kentucky,21161,Mason,2014,2018,American Indian/Alaskan Native (includes Hispanic),
21,Kentucky,21161,Mason,2014,2018,White (includes Hispanic),15.1
21,Kentucky,21161,Mason,2015,2019,Asian/Pacific Islander (includes Hispanic),
21,Kentucky,21161,Mason,2015,2019,Black (includes Hispanic),
21,Kentucky,21161,Mason,2015,2019,Hispanic (all races),
21,Kentucky,21161,Mason,2015,2019,American Indian/Alaskan Native (includes Hispanic),
21,Kentucky,21161,Mason,2015,2019,White (includes Hispanic),13.5
21,Kentucky,21161,Mason,2016,2020,Asian/Pacific Islander (includes Hispanic),
21,Kentucky,21161,Mason,2016,2020,Black (includes Hispanic),
21,Kentucky,21161,Mason,2016,2020,Hispanic (all races),
21,Kentucky,21161,Mason,2016,2020,American Indian/Alaskan Native (includes Hispanic),
21,Kentucky,21161,Mason,2016,2020,White (includes Hispanic),12.0
21,Kentucky,21145,McCracken,2011,2015,Asian/Pacific Islander (includes Hispanic),
21,Kentucky,21145,McCracken,2011,2015,Black (includes Hispanic),
21,Kentucky,21145,McCracken,2011,2015,Hispanic (all races),
21,Kentucky,21145,McCracken,2011,2015,American Indian/Alaskan Native (includes Hispanic),
21,Kentucky,21145,McCracken,2011,2015,White (includes Hispanic),11.7
21,Kentucky,21145,McCracken,2012,2016,Asian/Pacific Islander (includes Hispanic),
21,Kentucky,21145,McCracken,2012,2016,Black (includes Hispanic),
21,Kentucky,21145,McCracken,2012,2016,Hispanic (all races),
21,Kentucky,21145,McCracken,2012,2016,American Indian/Alaskan Native (includes Hispanic),
21,Kentucky,21145,McCracken,2012,2016,White (includes Hispanic),10.4
21,Kentucky,21145,McCracken,2013,2017,Asian/Pacific Islander (includes Hispanic),
21,Kentucky,21145,McCracken,2013,2017,Black (includes Hispanic),
21,Kentucky,21145,McCracken,2013,2017,Hispanic (all races),
21,Kentucky,21145,McCracken,2013,2017,American Indian/Alaskan Native (includes Hispanic),
21,Kentucky,21145,McCracken,2013,2017,White (includes Hispanic),8.8
21,Kentucky,21145,McCracken,2014,2018,Asian/Pacific Islander (includes Hispanic),
21,Kentucky,21145,McCracken,2014,2018,Black (includes Hispanic),
21,Kentucky,21145,McCracken,2014,2018,Hispanic (all races),
21,Kentucky,21145,McCracken,2014,2018,American Indian/Alaskan Native (includes Hispanic),
21,Kentucky,21145,McCracken,2014,2018,White (includes Hispanic),10.0
21,Kentucky,21145,McCracken,2015,2019,Asian/Pacific Islander (includes Hispanic),
21,Kentucky,21145,McCracken,2015,2019,Black (includes Hispanic),
21,Kentucky,21145,McCracken,2015,2019,Hispanic (all races),
21,Kentucky,21145,McCracken,2015,2019,American Indian/Alaskan Native (includes Hispanic),
21,Kentucky,21145,McCracken,2015,2019,White (includes Hispanic),9.4
21,Kentucky,21145,McCracken,2016,2020,Asian/Pacific Islander (includes Hispanic),
21,Kentucky,21145,McCracken,2016,2020,Black (includes Hispanic),
21,Kentucky,21145,McCracken,2016,2020,Hispanic (all races),
21,Kentucky,21145,McCracken,2016,2020,American Indian/Alaskan Native (includes Hispanic),
21,Kentucky,21145,McCracken,2016,2020,White (includes Hispanic),8.8
21,Kentucky,21147,McCreary,2011,2015,Asian/Pacific Islander (includes Hispanic),
21,Kentucky,21147,McCreary,2011,2015,Black (includes Hispanic),
21,Kentucky,21147,McCreary,2011,2015,Hispanic (all races),
21,Kentucky,21147,McCreary,2011,2015,American Indian/Alaskan Native (includes Hispanic),
21,Kentucky,21147,McCreary,2011,2015,White (includes Hispanic),12.8
21,Kentucky,21147,McCreary,2012,2016,Asian/Pacific Islander (includes Hispanic),
21,Kentucky,21147,McCreary,2012,2016,Black (includes Hispanic),
21,Kentucky,21147,McCreary,2012,2016,Hispanic (all races),
21,Kentucky,21147,McCreary,2012,2016,American Indian/Alaskan Native (includes Hispanic),
21,Kentucky,21147,McCreary,2012,2016,White (includes Hispanic),12.8
21,Kentucky,21147,McCreary,2013,2017,Asian/Pacific Islander (includes Hispanic),
21,Kentucky,21147,McCreary,2013,2017,Black (includes Hispanic),
21,Kentucky,21147,McCreary,2013,2017,Hispanic (all races),
21,Kentucky,21147,McCreary,2013,2017,American Indian/Alaskan Native (includes Hispanic),
21,Kentucky,21147,McCreary,2013,2017,White (includes Hispanic),12.2
21,Kentucky,21147,McCreary,2014,2018,Asian/Pacific Islander (includes Hispanic),
21,Kentucky,21147,McCreary,2014,2018,Black (includes Hispanic),
21,Kentucky,21147,McCreary,2014,2018,Hispanic (all races),
21,Kentucky,21147,McCreary,2014,2018,American Indian/Alaskan Native (includes Hispanic),
21,Kentucky,21147,McCreary,2014,2018,White (includes Hispanic),12.3
21,Kentucky,21147,McCreary,2015,2019,Asian/Pacific Islander (includes Hispanic),
21,Kentucky,21147,McCreary,2015,2019,Black (includes Hispanic),
21,Kentucky,21147,McCreary,2015,2019,Hispanic (all races),
21,Kentucky,21147,McCreary,2015,2019,American Indian/Alaskan Native (includes Hispanic),
21,Kentucky,21147,McCreary,2015,2019,White (includes Hispanic),12.2
21,Kentucky,21147,McCreary,2016,2020,Asian/Pacific Islander (includes Hispanic),
21,Kentucky,21147,McCreary,2016,2020,Black (includes Hispanic),
21,Kentucky,21147,McCreary,2016,2020,Hispanic (all races),
21,Kentucky,21147,McCreary,2016,2020,American Indian/Alaskan Native (includes Hispanic),
21,Kentucky,21147,McCreary,2016,2020,White (includes Hispanic),9.6
21,Kentucky,21149,McLean,2011,2015,Asian/Pacific Islander (includes Hispanic),
21,Kentucky,21149,McLean,2011,2015,Black (includes Hispanic),
21,Kentucky,21149,McLean,2011,2015,Hispanic (all races),
21,Kentucky,21149,McLean,2011,2015,American Indian/Alaskan Native (includes Hispanic),
21,Kentucky,21149,McLean,2011,2015,White (includes Hispanic),6.4
21,Kentucky,21149,McLean,2012,2016,Asian/Pacific Islander (includes Hispanic),
21,Kentucky,21149,McLean,2012,2016,Black (includes Hispanic),
21,Kentucky,21149,McLean,2012,2016,Hispanic (all races),
21,Kentucky,21149,McLean,2012,2016,American Indian/Alaskan Native (includes Hispanic),
21,Kentucky,21149,McLean,2012,2016,White (includes Hispanic),7.0
21,Kentucky,21149,McLean,2013,2017,Asian/Pacific Islander (includes Hispanic),
21,Kentucky,21149,McLean,2013,2017,Black (includes Hispanic),
21,Kentucky,21149,McLean,2013,2017,Hispanic (all races),
21,Kentucky,21149,McLean,2013,2017,American Indian/Alaskan Native (includes Hispanic),
21,Kentucky,21149,McLean,2013,2017,White (includes Hispanic),8.1
21,Kentucky,21149,McLean,2014,2018,Asian/Pacific Islander (includes Hispanic),
21,Kentucky,21149,McLean,2014,2018,Black (includes Hispanic),
21,Kentucky,21149,McLean,2014,2018,Hispanic (all races),
21,Kentucky,21149,McLean,2014,2018,American Indian/Alaskan Native (includes Hispanic),
21,Kentucky,21149,McLean,2014,2018,White (includes Hispanic),9.5
21,Kentucky,21149,McLean,2015,2019,Asian/Pacific Islander (includes Hispanic),
21,Kentucky,21149,McLean,2015,2019,Black (includes Hispanic),
21,Kentucky,21149,McLean,2015,2019,Hispanic (all races),
21,Kentucky,21149,McLean,2015,2019,American Indian/Alaskan Native (includes Hispanic),
21,Kentucky,21149,McLean,2015,2019,White (includes Hispanic),8.6
21,Kentucky,21149,McLean,2016,2020,Asian/Pacific Islander (includes Hispanic),
21,Kentucky,21149,McLean,2016,2020,Black (includes Hispanic),
21,Kentucky,21149,McLean,2016,2020,Hispanic (all races),
21,Kentucky,21149,McLean,2016,2020,American Indian/Alaskan Native (includes Hispanic),
21,Kentucky,21149,McLean,2016,2020,White (includes Hispanic),8.8
21,Kentucky,21163,Meade,2011,2015,Asian/Pacific Islander (includes Hispanic),
21,Kentucky,21163,Meade,2011,2015,Black (includes Hispanic),
21,Kentucky,21163,Meade,2011,2015,Hispanic (all races),
21,Kentucky,21163,Meade,2011,2015,American Indian/Alaskan Native (includes Hispanic),
21,Kentucky,21163,Meade,2011,2015,White (includes Hispanic),7.8
21,Kentucky,21163,Meade,2012,2016,Asian/Pacific Islander (includes Hispanic),
21,Kentucky,21163,Meade,2012,2016,Black (includes Hispanic),
21,Kentucky,21163,Meade,2012,2016,Hispanic (all races),
21,Kentucky,21163,Meade,2012,2016,American Indian/Alaskan Native (includes Hispanic),
21,Kentucky,21163,Meade,2012,2016,White (includes Hispanic),7.4
21,Kentucky,21163,Meade,2013,2017,Asian/Pacific Islander (includes Hispanic),
21,Kentucky,21163,Meade,2013,2017,Black (includes Hispanic),
21,Kentucky,21163,Meade,2013,2017,Hispanic (all races),
21,Kentucky,21163,Meade,2013,2017,American Indian/Alaskan Native (includes Hispanic),
21,Kentucky,21163,Meade,2013,2017,White (includes Hispanic),8.5
21,Kentucky,21163,Meade,2014,2018,Asian/Pacific Islander (includes Hispanic),
21,Kentucky,21163,Meade,2014,2018,Black (includes Hispanic),
21,Kentucky,21163,Meade,2014,2018,Hispanic (all races),
21,Kentucky,21163,Meade,2014,2018,American Indian/Alaskan Native (includes Hispanic),
21,Kentucky,21163,Meade,2014,2018,White (includes Hispanic),9.2
21,Kentucky,21163,Meade,2015,2019,Asian/Pacific Islander (includes Hispanic),
21,Kentucky,21163,Meade,2015,2019,Black (includes Hispanic),
21,Kentucky,21163,Meade,2015,2019,Hispanic (all races),
21,Kentucky,21163,Meade,2015,2019,American Indian/Alaskan Native (includes Hispanic),
21,Kentucky,21163,Meade,2015,2019,White (includes Hispanic),10.2
21,Kentucky,21163,Meade,2016,2020,Asian/Pacific Islander (includes Hispanic),
21,Kentucky,21163,Meade,2016,2020,Black (includes Hispanic),
21,Kentucky,21163,Meade,2016,2020,Hispanic (all races),
21,Kentucky,21163,Meade,2016,2020,American Indian/Alaskan Native (includes Hispanic),
21,Kentucky,21163,Meade,2016,2020,White (includes Hispanic),8.9
21,Kentucky,21165,Menifee,2011,2015,Asian/Pacific Islander (includes Hispanic),
21,Kentucky,21165,Menifee,2011,2015,Black (includes Hispanic),
21,Kentucky,21165,Menifee,2011,2015,Hispanic (all races),
21,Kentucky,21165,Menifee,2011,2015,American Indian/Alaskan Native (includes Hispanic),
21,Kentucky,21165,Menifee,2011,2015,White (includes Hispanic),9.7
21,Kentucky,21165,Menifee,2012,2016,Asian/Pacific Islander (includes Hispanic),
21,Kentucky,21165,Menifee,2012,2016,Black (includes Hispanic),
21,Kentucky,21165,Menifee,2012,2016,Hispanic (all races),
21,Kentucky,21165,Menifee,2012,2016,American Indian/Alaskan Native (includes Hispanic),
21,Kentucky,21165,Menifee,2012,2016,White (includes Hispanic),11.9
21,Kentucky,21165,Menifee,2013,2017,Asian/Pacific Islander (includes Hispanic),
21,Kentucky,21165,Menifee,2013,2017,Black (includes Hispanic),
21,Kentucky,21165,Menifee,2013,2017,Hispanic (all races),
21,Kentucky,21165,Menifee,2013,2017,American Indian/Alaskan Native (includes Hispanic),
21,Kentucky,21165,Menifee,2013,2017,White (includes Hispanic),12.2
21,Kentucky,21165,Menifee,2014,2018,Asian/Pacific Islander (includes Hispanic),
21,Kentucky,21165,Menifee,2014,2018,Black (includes Hispanic),
21,Kentucky,21165,Menifee,2014,2018,Hispanic (all races),
21,Kentucky,21165,Menifee,2014,2018,American Indian/Alaskan Native (includes Hispanic),
21,Kentucky,21165,Menifee,2014,2018,White (includes Hispanic),11.0
21,Kentucky,21165,Menifee,2015,2019,Asian/Pacific Islander (includes Hispanic),
21,Kentucky,21165,Menifee,2015,2019,Black (includes Hispanic),
21,Kentucky,21165,Menifee,2015,2019,Hispanic (all races),
21,Kentucky,21165,Menifee,2015,2019,American Indian/Alaskan Native (includes Hispanic),
21,Kentucky,21165,Menifee,2015,2019,White (includes Hispanic),10.1
21,Kentucky,21165,Menifee,2016,2020,Asian/Pacific Islander (includes Hispanic),
21,Kentucky,21165,Menifee,2016,2020,Black (includes Hispanic),
21,Kentucky,21165,Menifee,2016,2020,Hispanic (all races),
21,Kentucky,21165,Menifee,2016,2020,American Indian/Alaskan Native (includes Hispanic),
21,Kentucky,21165,Menifee,2016,2020,White (includes Hispanic),7.4
21,Kentucky,21167,Mercer,2011,2015,Asian/Pacific Islander (includes Hispanic),
21,Kentucky,21167,Mercer,2011,2015,Black (includes Hispanic),
21,Kentucky,21167,Mercer,2011,2015,Hispanic (all races),
21,Kentucky,21167,Mercer,2011,2015,American Indian/Alaskan Native (includes Hispanic),
21,Kentucky,21167,Mercer,2011,2015,White (includes Hispanic),8.6
21,Kentucky,21167,Mercer,2012,2016,Asian/Pacific Islander (includes Hispanic),
21,Kentucky,21167,Mercer,2012,2016,Black (includes Hispanic),
21,Kentucky,21167,Mercer,2012,2016,Hispanic (all races),
21,Kentucky,21167,Mercer,2012,2016,American Indian/Alaskan Native (includes Hispanic),
21,Kentucky,21167,Mercer,2012,2016,White (includes Hispanic),9.3
21,Kentucky,21167,Mercer,2013,2017,Asian/Pacific Islander (includes Hispanic),
21,Kentucky,21167,Mercer,2013,2017,Black (includes Hispanic),
21,Kentucky,21167,Mercer,2013,2017,Hispanic (all races),
21,Kentucky,21167,Mercer,2013,2017,American Indian/Alaskan Native (includes Hispanic),
21,Kentucky,21167,Mercer,2013,2017,White (includes Hispanic),8.4
21,Kentucky,21167,Mercer,2014,2018,Asian/Pacific Islander (includes Hispanic),
21,Kentucky,21167,Mercer,2014,2018,Black (includes Hispanic),
21,Kentucky,21167,Mercer,2014,2018,Hispanic (all races),
21,Kentucky,21167,Mercer,2014,2018,American Indian/Alaskan Native (includes Hispanic),
21,Kentucky,21167,Mercer,2014,2018,White (includes Hispanic),7.2
21,Kentucky,21167,Mercer,2015,2019,Asian/Pacific Islander (includes Hispanic),
21,Kentucky,21167,Mercer,2015,2019,Black (includes Hispanic),
21,Kentucky,21167,Mercer,2015,2019,Hispanic (all races),
21,Kentucky,21167,Mercer,2015,2019,American Indian/Alaskan Native (includes Hispanic),
21,Kentucky,21167,Mercer,2015,2019,White (includes Hispanic),7.5
21,Kentucky,21167,Mercer,2016,2020,Asian/Pacific Islander (includes Hispanic),
21,Kentucky,21167,Mercer,2016,2020,Black (includes Hispanic),
21,Kentucky,21167,Mercer,2016,2020,Hispanic (all races),
21,Kentucky,21167,Mercer,2016,2020,American Indian/Alaskan Native (includes Hispanic),
21,Kentucky,21167,Mercer,2016,2020,White (includes Hispanic),7.2
21,Kentucky,21169,Metcalfe,2011,2015,Asian/Pacific Islander (includes Hispanic),
21,Kentucky,21169,Metcalfe,2011,2015,Black (includes Hispanic),
21,Kentucky,21169,Metcalfe,2011,2015,Hispanic (all races),
21,Kentucky,21169,Metcalfe,2011,2015,American Indian/Alaskan Native (includes Hispanic),
21,Kentucky,21169,Metcalfe,2011,2015,White (includes Hispanic),10.5
21,Kentucky,21169,Metcalfe,2012,2016,Asian/Pacific Islander (includes Hispanic),
21,Kentucky,21169,Metcalfe,2012,2016,Black (includes Hispanic),
21,Kentucky,21169,Metcalfe,2012,2016,Hispanic (all races),
21,Kentucky,21169,Metcalfe,2012,2016,American Indian/Alaskan Native (includes Hispanic),
21,Kentucky,21169,Metcalfe,2012,2016,White (includes Hispanic),10.8
21,Kentucky,21169,Metcalfe,2013,2017,Asian/Pacific Islander (includes Hispanic),
21,Kentucky,21169,Metcalfe,2013,2017,Black (includes Hispanic),
21,Kentucky,21169,Metcalfe,2013,2017,Hispanic (all races),
21,Kentucky,21169,Metcalfe,2013,2017,American Indian/Alaskan Native (includes Hispanic),
21,Kentucky,21169,Metcalfe,2013,2017,White (includes Hispanic),11.8
21,Kentucky,21169,Metcalfe,2014,2018,Asian/Pacific Islander (includes Hispanic),
21,Kentucky,21169,Metcalfe,2014,2018,Black (includes Hispanic),
21,Kentucky,21169,Metcalfe,2014,2018,Hispanic (all races),
21,Kentucky,21169,Metcalfe,2014,2018,American Indian/Alaskan Native (includes Hispanic),
21,Kentucky,21169,Metcalfe,2014,2018,White (includes Hispanic),10.7
21,Kentucky,21169,Metcalfe,2015,2019,Asian/Pacific Islander (includes Hispanic),
21,Kentucky,21169,Metcalfe,2015,2019,Black (includes Hispanic),
21,Kentucky,21169,Metcalfe,2015,2019,Hispanic (all races),
21,Kentucky,21169,Metcalfe,2015,2019,American Indian/Alaskan Native (includes Hispanic),
21,Kentucky,21169,Metcalfe,2015,2019,White (includes Hispanic),11.3
21,Kentucky,21169,Metcalfe,2016,2020,Asian/Pacific Islander (includes Hispanic),
21,Kentucky,21169,Metcalfe,2016,2020,Black (includes Hispanic),
21,Kentucky,21169,Metcalfe,2016,2020,Hispanic (all races),
21,Kentucky,21169,Metcalfe,2016,2020,American Indian/Alaskan Native (includes Hispanic),
21,Kentucky,21169,Metcalfe,2016,2020,White (includes Hispanic),12.1
21,Kentucky,21171,Monroe,2011,2015,Asian/Pacific Islander (includes Hispanic),
21,Kentucky,21171,Monroe,2011,2015,Black (includes Hispanic),
21,Kentucky,21171,Monroe,2011,2015,Hispanic (all races),
21,Kentucky,21171,Monroe,2011,2015,American Indian/Alaskan Native (includes Hispanic),
21,Kentucky,21171,Monroe,2011,2015,White (includes Hispanic),10.9
21,Kentucky,21171,Monroe,2012,2016,Asian/Pacific Islander (includes Hispanic),
21,Kentucky,21171,Monroe,2012,2016,Black (includes Hispanic),
21,Kentucky,21171,Monroe,2012,2016,Hispanic (all races),
21,Kentucky,21171,Monroe,2012,2016,American Indian/Alaskan Native (includes Hispanic),
21,Kentucky,21171,Monroe,2012,2016,White (includes Hispanic),11.4
21,Kentucky,21171,Monroe,2013,2017,Asian/Pacific Islander (includes Hispanic),
21,Kentucky,21171,Monroe,2013,2017,Black (includes Hispanic),
21,Kentucky,21171,Monroe,2013,2017,Hispanic (all races),
21,Kentucky,21171,Monroe,2013,2017,American Indian/Alaskan Native (includes Hispanic),
21,Kentucky,21171,Monroe,2013,2017,White (includes Hispanic),12.7
21,Kentucky,21171,Monroe,2014,2018,Asian/Pacific Islander (includes Hispanic),
21,Kentucky,21171,Monroe,2014,2018,Black (includes Hispanic),
21,Kentucky,21171,Monroe,2014,2018,Hispanic (all races),
21,Kentucky,21171,Monroe,2014,2018,American Indian/Alaskan Native (includes Hispanic),
21,Kentucky,21171,Monroe,2014,2018,White (includes Hispanic),12.1
21,Kentucky,21171,Monroe,2015,2019,Asian/Pacific Islander (includes Hispanic),
21,Kentucky,21171,Monroe,2015,2019,Black (includes Hispanic),
21,Kentucky,21171,Monroe,2015,2019,Hispanic (all races),
21,Kentucky,21171,Monroe,2015,2019,American Indian/Alaskan Native (includes Hispanic),
21,Kentucky,21171,Monroe,2015,2019,White (includes Hispanic),14.4
21,Kentucky,21171,Monroe,2016,2020,Asian/Pacific Islander (includes Hispanic),
21,Kentucky,21171,Monroe,2016,2020,Black (includes Hispanic),
21,Kentucky,21171,Monroe,2016,2020,Hispanic (all races),
21,Kentucky,21171,Monroe,2016,2020,American Indian/Alaskan Native (includes Hispanic),
21,Kentucky,21171,Monroe,2016,2020,White (includes Hispanic),12.8
21,Kentucky,21173,Montgomery,2011,2015,Asian/Pacific Islander (includes Hispanic),
21,Kentucky,21173,Montgomery,2011,2015,Black (includes Hispanic),
21,Kentucky,21173,Montgomery,2011,2015,Hispanic (all races),
21,Kentucky,21173,Montgomery,2011,2015,American Indian/Alaskan Native (includes Hispanic),
21,Kentucky,21173,Montgomery,2011,2015,White (includes Hispanic),8.8
21,Kentucky,21173,Montgomery,2012,2016,Asian/Pacific Islander (includes Hispanic),
21,Kentucky,21173,Montgomery,2012,2016,Black (includes Hispanic),
21,Kentucky,21173,Montgomery,2012,2016,Hispanic (all races),
21,Kentucky,21173,Montgomery,2012,2016,American Indian/Alaskan Native (includes Hispanic),
21,Kentucky,21173,Montgomery,2012,2016,White (includes Hispanic),10.7
21,Kentucky,21173,Montgomery,2013,2017,Asian/Pacific Islander (includes Hispanic),
21,Kentucky,21173,Montgomery,2013,2017,Black (includes Hispanic),
21,Kentucky,21173,Montgomery,2013,2017,Hispanic (all races),
21,Kentucky,21173,Montgomery,2013,2017,American Indian/Alaskan Native (includes Hispanic),
21,Kentucky,21173,Montgomery,2013,2017,White (includes Hispanic),10.3
21,Kentucky,21173,Montgomery,2014,2018,Asian/Pacific Islander (includes Hispanic),
21,Kentucky,21173,Montgomery,2014,2018,Black (includes Hispanic),
21,Kentucky,21173,Montgomery,2014,2018,Hispanic (all races),
21,Kentucky,21173,Montgomery,2014,2018,American Indian/Alaskan Native (includes Hispanic),
21,Kentucky,21173,Montgomery,2014,2018,White (includes Hispanic),10.9
21,Kentucky,21173,Montgomery,2015,2019,Asian/Pacific Islander (includes Hispanic),
21,Kentucky,21173,Montgomery,2015,2019,Black (includes Hispanic),
21,Kentucky,21173,Montgomery,2015,2019,Hispanic (all races),
21,Kentucky,21173,Montgomery,2015,2019,American Indian/Alaskan Native (includes Hispanic),
21,Kentucky,21173,Montgomery,2015,2019,White (includes Hispanic),10.9
21,Kentucky,21173,Montgomery,2016,2020,Asian/Pacific Islander (includes Hispanic),
21,Kentucky,21173,Montgomery,2016,2020,Black (includes Hispanic),
21,Kentucky,21173,Montgomery,2016,2020,Hispanic (all races),
21,Kentucky,21173,Montgomery,2016,2020,American Indian/Alaskan Native (includes Hispanic),
21,Kentucky,21173,Montgomery,2016,2020,White (includes Hispanic),9.2
21,Kentucky,21175,Morgan,2011,2015,Asian/Pacific Islander (includes Hispanic),
21,Kentucky,21175,Morgan,2011,2015,Black (includes Hispanic),
21,Kentucky,21175,Morgan,2011,2015,Hispanic (all races),
21,Kentucky,21175,Morgan,2011,2015,American Indian/Alaskan Native (includes Hispanic),
21,Kentucky,21175,Morgan,2011,2015,White (includes Hispanic),7.7
21,Kentucky,21175,Morgan,2012,2016,Asian/Pacific Islander (includes Hispanic),
21,Kentucky,21175,Morgan,2012,2016,Black (includes Hispanic),
21,Kentucky,21175,Morgan,2012,2016,Hispanic (all races),
21,Kentucky,21175,Morgan,2012,2016,American Indian/Alaskan Native (includes Hispanic),
21,Kentucky,21175,Morgan,2012,2016,White (includes Hispanic),10.4
21,Kentucky,21175,Morgan,2013,2017,Asian/Pacific Islander (includes Hispanic),
21,Kentucky,21175,Morgan,2013,2017,Black (includes Hispanic),
21,Kentucky,21175,Morgan,2013,2017,Hispanic (all races),
21,Kentucky,21175,Morgan,2013,2017,American Indian/Alaskan Native (includes Hispanic),
21,Kentucky,21175,Morgan,2013,2017,White (includes Hispanic),11.8
21,Kentucky,21175,Morgan,2014,2018,Asian/Pacific Islander (includes Hispanic),
21,Kentucky,21175,Morgan,2014,2018,Black (includes Hispanic),
21,Kentucky,21175,Morgan,2014,2018,Hispanic (all races),
21,Kentucky,21175,Morgan,2014,2018,American Indian/Alaskan Native (includes Hispanic),
21,Kentucky,21175,Morgan,2014,2018,White (includes Hispanic),11.0
21,Kentucky,21175,Morgan,2015,2019,Asian/Pacific Islander (includes Hispanic),
21,Kentucky,21175,Morgan,2015,2019,Black (includes Hispanic),
21,Kentucky,21175,Morgan,2015,2019,Hispanic (all races),
21,Kentucky,21175,Morgan,2015,2019,American Indian/Alaskan Native (includes Hispanic),
21,Kentucky,21175,Morgan,2015,2019,White (includes Hispanic),9.8
21,Kentucky,21175,Morgan,2016,2020,Asian/Pacific Islander (includes Hispanic),
21,Kentucky,21175,Morgan,2016,2020,Black (includes Hispanic),
21,Kentucky,21175,Morgan,2016,2020,Hispanic (all races),
21,Kentucky,21175,Morgan,2016,2020,American Indian/Alaskan Native (includes Hispanic),
21,Kentucky,21175,Morgan,2016,2020,White (includes Hispanic),9.3
21,Kentucky,21177,Muhlenberg,2011,2015,Asian/Pacific Islander (includes Hispanic),
21,Kentucky,21177,Muhlenberg,2011,2015,Black (includes Hispanic),
21,Kentucky,21177,Muhlenberg,2011,2015,Hispanic (all races),
21,Kentucky,21177,Muhlenberg,2011,2015,American Indian/Alaskan Native (includes Hispanic),
21,Kentucky,21177,Muhlenberg,2011,2015,White (includes Hispanic),9.7
21,Kentucky,21177,Muhlenberg,2012,2016,Asian/Pacific Islander (includes Hispanic),
21,Kentucky,21177,Muhlenberg,2012,2016,Black (includes Hispanic),
21,Kentucky,21177,Muhlenberg,2012,2016,Hispanic (all races),
21,Kentucky,21177,Muhlenberg,2012,2016,American Indian/Alaskan Native (includes Hispanic),
21,Kentucky,21177,Muhlenberg,2012,2016,White (includes Hispanic),10.9
21,Kentucky,21177,Muhlenberg,2013,2017,Asian/Pacific Islander (includes Hispanic),
21,Kentucky,21177,Muhlenberg,2013,2017,Black (includes Hispanic),
21,Kentucky,21177,Muhlenberg,2013,2017,Hispanic (all races),
21,Kentucky,21177,Muhlenberg,2013,2017,American Indian/Alaskan Native (includes Hispanic),
21,Kentucky,21177,Muhlenberg,2013,2017,White (includes Hispanic),11.9
21,Kentucky,21177,Muhlenberg,2014,2018,Asian/Pacific Islander (includes Hispanic),
21,Kentucky,21177,Muhlenberg,2014,2018,Black (includes Hispanic),
21,Kentucky,21177,Muhlenberg,2014,2018,Hispanic (all races),
21,Kentucky,21177,Muhlenberg,2014,2018,American Indian/Alaskan Native (includes Hispanic),
21,Kentucky,21177,Muhlenberg,2014,2018,White (includes Hispanic),11.6
21,Kentucky,21177,Muhlenberg,2015,2019,Asian/Pacific Islander (includes Hispanic),
21,Kentucky,21177,Muhlenberg,2015,2019,Black (includes Hispanic),
21,Kentucky,21177,Muhlenberg,2015,2019,Hispanic (all races),
21,Kentucky,21177,Muhlenberg,2015,2019,American Indian/Alaskan Native (includes Hispanic),
21,Kentucky,21177,Muhlenberg,2015,2019,White (includes Hispanic),10.2
21,Kentucky,21177,Muhlenberg,2016,2020,Asian/Pacific Islander (includes Hispanic),
21,Kentucky,21177,Muhlenberg,2016,2020,Black (includes Hispanic),
21,Kentucky,21177,Muhlenberg,2016,2020,Hispanic (all races),
21,Kentucky,21177,Muhlenberg,2016,2020,American Indian/Alaskan Native (includes Hispanic),
21,Kentucky,21177,Muhlenberg,2016,2020,White (includes Hispanic),11.5
21,Kentucky,21179,Nelson,2011,2015,Asian/Pacific Islander (includes Hispanic),
21,Kentucky,21179,Nelson,2011,2015,Black (includes Hispanic),
21,Kentucky,21179,Nelson,2011,2015,Hispanic (all races),
21,Kentucky,21179,Nelson,2011,2015,American Indian/Alaskan Native (includes Hispanic),
21,Kentucky,21179,Nelson,2011,2015,White (includes Hispanic),8.0
21,Kentucky,21179,Nelson,2012,2016,Asian/Pacific Islander (includes Hispanic),
21,Kentucky,21179,Nelson,2012,2016,Black (includes Hispanic),
21,Kentucky,21179,Nelson,2012,2016,Hispanic (all races),
21,Kentucky,21179,Nelson,2012,2016,American Indian/Alaskan Native (includes Hispanic),
21,Kentucky,21179,Nelson,2012,2016,White (includes Hispanic),8.6
21,Kentucky,21179,Nelson,2013,2017,Asian/Pacific Islander (includes Hispanic),
21,Kentucky,21179,Nelson,2013,2017,Black (includes Hispanic),
21,Kentucky,21179,Nelson,2013,2017,Hispanic (all races),
21,Kentucky,21179,Nelson,2013,2017,American Indian/Alaskan Native (includes Hispanic),
21,Kentucky,21179,Nelson,2013,2017,White (includes Hispanic),9.2
21,Kentucky,21179,Nelson,2014,2018,Asian/Pacific Islander (includes Hispanic),
21,Kentucky,21179,Nelson,2014,2018,Black (includes Hispanic),
21,Kentucky,21179,Nelson,2014,2018,Hispanic (all races),
21,Kentucky,21179,Nelson,2014,2018,American Indian/Alaskan Native (includes Hispanic),
21,Kentucky,21179,Nelson,2014,2018,White (includes Hispanic),9.7
21,Kentucky,21179,Nelson,2015,2019,Asian/Pacific Islander (includes Hispanic),
21,Kentucky,21179,Nelson,2015,2019,Black (includes Hispanic),
21,Kentucky,21179,Nelson,2015,2019,Hispanic (all races),
21,Kentucky,21179,Nelson,2015,2019,American Indian/Alaskan Native (includes Hispanic),
21,Kentucky,21179,Nelson,2015,2019,White (includes Hispanic),9.9
21,Kentucky,21179,Nelson,2016,2020,Asian/Pacific Islander (includes Hispanic),
21,Kentucky,21179,Nelson,2016,2020,Black (includes Hispanic),
21,Kentucky,21179,Nelson,2016,2020,Hispanic (all races),
21,Kentucky,21179,Nelson,2016,2020,American Indian/Alaskan Native (includes Hispanic),
21,Kentucky,21179,Nelson,2016,2020,White (includes Hispanic),8.8
21,Kentucky,21181,Nicholas,2011,2015,Asian/Pacific Islander (includes Hispanic),
21,Kentucky,21181,Nicholas,2011,2015,Black (includes Hispanic),
21,Kentucky,21181,Nicholas,2011,2015,Hispanic (all races),
21,Kentucky,21181,Nicholas,2011,2015,American Indian/Alaskan Native (includes Hispanic),
21,Kentucky,21181,Nicholas,2011,2015,White (includes Hispanic),8.3
21,Kentucky,21181,Nicholas,2012,2016,Asian/Pacific Islander (includes Hispanic),
21,Kentucky,21181,Nicholas,2012,2016,Black (includes Hispanic),
21,Kentucky,21181,Nicholas,2012,2016,Hispanic (all races),
21,Kentucky,21181,Nicholas,2012,2016,American Indian/Alaskan Native (includes Hispanic),
21,Kentucky,21181,Nicholas,2012,2016,White (includes Hispanic),8.8
21,Kentucky,21181,Nicholas,2013,2017,Asian/Pacific Islander (includes Hispanic),
21,Kentucky,21181,Nicholas,2013,2017,Black (includes Hispanic),
21,Kentucky,21181,Nicholas,2013,2017,Hispanic (all races),
21,Kentucky,21181,Nicholas,2013,2017,American Indian/Alaskan Native (includes Hispanic),
21,Kentucky,21181,Nicholas,2013,2017,White (includes Hispanic),8.1
21,Kentucky,21181,Nicholas,2014,2018,Asian/Pacific Islander (includes Hispanic),
21,Kentucky,21181,Nicholas,2014,2018,Black (includes Hispanic),
21,Kentucky,21181,Nicholas,2014,2018,Hispanic (all races),
21,Kentucky,21181,Nicholas,2014,2018,American Indian/Alaskan Native (includes Hispanic),
21,Kentucky,21181,Nicholas,2014,2018,White (includes Hispanic),8.1
21,Kentucky,21181,Nicholas,2015,2019,Asian/Pacific Islander (includes Hispanic),
21,Kentucky,21181,Nicholas,2015,2019,Black (includes Hispanic),
21,Kentucky,21181,Nicholas,2015,2019,Hispanic (all races),
21,Kentucky,21181,Nicholas,2015,2019,American Indian/Alaskan Native (includes Hispanic),
21,Kentucky,21181,Nicholas,2015,2019,White (includes Hispanic),7.2
21,Kentucky,21181,Nicholas,2016,2020,Asian/Pacific Islander (includes Hispanic),
21,Kentucky,21181,Nicholas,2016,2020,Black (includes Hispanic),
21,Kentucky,21181,Nicholas,2016,2020,Hispanic (all races),
21,Kentucky,21181,Nicholas,2016,2020,American Indian/Alaskan Native (includes Hispanic),
21,Kentucky,21181,Nicholas,2016,2020,White (includes Hispanic),
21,Kentucky,21183,Ohio,2011,2015,Asian/Pacific Islander (includes Hispanic),
21,Kentucky,21183,Ohio,2011,2015,Black (includes Hispanic),
21,Kentucky,21183,Ohio,2011,2015,Hispanic (all races),
21,Kentucky,21183,Ohio,2011,2015,American Indian/Alaskan Native (includes Hispanic),
21,Kentucky,21183,Ohio,2011,2015,White (includes Hispanic),6.3
21,Kentucky,21183,Ohio,2012,2016,Asian/Pacific Islander (includes Hispanic),
21,Kentucky,21183,Ohio,2012,2016,Black (includes Hispanic),
21,Kentucky,21183,Ohio,2012,2016,Hispanic (all races),
21,Kentucky,21183,Ohio,2012,2016,American Indian/Alaskan Native (includes Hispanic),
21,Kentucky,21183,Ohio,2012,2016,White (includes Hispanic),6.3
21,Kentucky,21183,Ohio,2013,2017,Asian/Pacific Islander (includes Hispanic),
21,Kentucky,21183,Ohio,2013,2017,Black (includes Hispanic),
21,Kentucky,21183,Ohio,2013,2017,Hispanic (all races),
21,Kentucky,21183,Ohio,2013,2017,American Indian/Alaskan Native (includes Hispanic),
21,Kentucky,21183,Ohio,2013,2017,White (includes Hispanic),7.6
21,Kentucky,21183,Ohio,2014,2018,Asian/Pacific Islander (includes Hispanic),
21,Kentucky,21183,Ohio,2014,2018,Black (includes Hispanic),
21,Kentucky,21183,Ohio,2014,2018,Hispanic (all races),
21,Kentucky,21183,Ohio,2014,2018,American Indian/Alaskan Native (includes Hispanic),
21,Kentucky,21183,Ohio,2014,2018,White (includes Hispanic),9.1
21,Kentucky,21183,Ohio,2015,2019,Asian/Pacific Islander (includes Hispanic),
21,Kentucky,21183,Ohio,2015,2019,Black (includes Hispanic),
21,Kentucky,21183,Ohio,2015,2019,Hispanic (all races),
21,Kentucky,21183,Ohio,2015,2019,American Indian/Alaskan Native (includes Hispanic),
21,Kentucky,21183,Ohio,2015,2019,White (includes Hispanic),8.3
21,Kentucky,21183,Ohio,2016,2020,Asian/Pacific Islander (includes Hispanic),
21,Kentucky,21183,Ohio,2016,2020,Black (includes Hispanic),
21,Kentucky,21183,Ohio,2016,2020,Hispanic (all races),
21,Kentucky,21183,Ohio,2016,2020,American Indian/Alaskan Native (includes Hispanic),
21,Kentucky,21183,Ohio,2016,2020,White (includes Hispanic),9.2
21,Kentucky,21185,Oldham,2011,2015,Asian/Pacific Islander (includes Hispanic),
21,Kentucky,21185,Oldham,2011,2015,Black (includes Hispanic),10.8
21,Kentucky,21185,Oldham,2011,2015,Hispanic (all races),
21,Kentucky,21185,Oldham,2011,2015,American Indian/Alaskan Native (includes Hispanic),
21,Kentucky,21185,Oldham,2011,2015,White (includes Hispanic),8.2
21,Kentucky,21185,Oldham,2012,2016,Asian/Pacific Islander (includes Hispanic),
21,Kentucky,21185,Oldham,2012,2016,Black (includes Hispanic),10.7
21,Kentucky,21185,Oldham,2012,2016,Hispanic (all races),
21,Kentucky,21185,Oldham,2012,2016,American Indian/Alaskan Native (includes Hispanic),
21,Kentucky,21185,Oldham,2012,2016,White (includes Hispanic),8.8
21,Kentucky,21185,Oldham,2013,2017,Asian/Pacific Islander (includes Hispanic),
21,Kentucky,21185,Oldham,2013,2017,Black (includes Hispanic),11.2
21,Kentucky,21185,Oldham,2013,2017,Hispanic (all races),
21,Kentucky,21185,Oldham,2013,2017,American Indian/Alaskan Native (includes Hispanic),
21,Kentucky,21185,Oldham,2013,2017,White (includes Hispanic),8.9
21,Kentucky,21185,Oldham,2014,2018,Asian/Pacific Islander (includes Hispanic),
21,Kentucky,21185,Oldham,2014,2018,Black (includes Hispanic),10.4
21,Kentucky,21185,Oldham,2014,2018,Hispanic (all races),
21,Kentucky,21185,Oldham,2014,2018,American Indian/Alaskan Native (includes Hispanic),
21,Kentucky,21185,Oldham,2014,2018,White (includes Hispanic),9.4
21,Kentucky,21185,Oldham,2015,2019,Asian/Pacific Islander (includes Hispanic),
21,Kentucky,21185,Oldham,2015,2019,Black (includes Hispanic),8.9
21,Kentucky,21185,Oldham,2015,2019,Hispanic (all races),
21,Kentucky,21185,Oldham,2015,2019,American Indian/Alaskan Native (includes Hispanic),
21,Kentucky,21185,Oldham,2015,2019,White (includes Hispanic),9.6
21,Kentucky,21185,Oldham,2016,2020,Asian/Pacific Islander (includes Hispanic),
21,Kentucky,21185,Oldham,2016,2020,Black (includes Hispanic),8.7
21,Kentucky,21185,Oldham,2016,2020,Hispanic (all races),
21,Kentucky,21185,Oldham,2016,2020,American Indian/Alaskan Native (includes Hispanic),
21,Kentucky,21185,Oldham,2016,2020,White (includes Hispanic),9.6
21,Kentucky,21187,Owen,2011,2015,Asian/Pacific Islander (includes Hispanic),
21,Kentucky,21187,Owen,2011,2015,Black (includes Hispanic),
21,Kentucky,21187,Owen,2011,2015,Hispanic (all races),
21,Kentucky,21187,Owen,2011,2015,American Indian/Alaskan Native (includes Hispanic),
21,Kentucky,21187,Owen,2011,2015,White (includes Hispanic),7.0
21,Kentucky,21187,Owen,2012,2016,Asian/Pacific Islander (includes Hispanic),
21,Kentucky,21187,Owen,2012,2016,Black (includes Hispanic),
21,Kentucky,21187,Owen,2012,2016,Hispanic (all races),
21,Kentucky,21187,Owen,2012,2016,American Indian/Alaskan Native (includes Hispanic),
21,Kentucky,21187,Owen,2012,2016,White (includes Hispanic),7.0
21,Kentucky,21187,Owen,2013,2017,Asian/Pacific Islander (includes Hispanic),
21,Kentucky,21187,Owen,2013,2017,Black (includes Hispanic),
21,Kentucky,21187,Owen,2013,2017,Hispanic (all races),
21,Kentucky,21187,Owen,2013,2017,American Indian/Alaskan Native (includes Hispanic),
21,Kentucky,21187,Owen,2013,2017,White (includes Hispanic),7.7
21,Kentucky,21187,Owen,2014,2018,Asian/Pacific Islander (includes Hispanic),
21,Kentucky,21187,Owen,2014,2018,Black (includes Hispanic),
21,Kentucky,21187,Owen,2014,2018,Hispanic (all races),
21,Kentucky,21187,Owen,2014,2018,American Indian/Alaskan Native (includes Hispanic),
21,Kentucky,21187,Owen,2014,2018,White (includes Hispanic),8.8
21,Kentucky,21187,Owen,2015,2019,Asian/Pacific Islander (includes Hispanic),
21,Kentucky,21187,Owen,2015,2019,Black (includes Hispanic),
21,Kentucky,21187,Owen,2015,2019,Hispanic (all races),
21,Kentucky,21187,Owen,2015,2019,American Indian/Alaskan Native (includes Hispanic),
21,Kentucky,21187,Owen,2015,2019,White (includes Hispanic),9.4
21,Kentucky,21187,Owen,2016,2020,Asian/Pacific Islander (includes Hispanic),
21,Kentucky,21187,Owen,2016,2020,Black (includes Hispanic),
21,Kentucky,21187,Owen,2016,2020,Hispanic (all races),
21,Kentucky,21187,Owen,2016,2020,American Indian/Alaskan Native (includes Hispanic),
21,Kentucky,21187,Owen,2016,2020,White (includes Hispanic),8.7
21,Kentucky,21189,Owsley,2011,2015,Asian/Pacific Islander (includes Hispanic),
21,Kentucky,21189,Owsley,2011,2015,Black (includes Hispanic),
21,Kentucky,21189,Owsley,2011,2015,Hispanic (all races),
21,Kentucky,21189,Owsley,2011,2015,American Indian/Alaskan Native (includes Hispanic),
21,Kentucky,21189,Owsley,2011,2015,White (includes Hispanic),15.1
21,Kentucky,21189,Owsley,2012,2016,Asian/Pacific Islander (includes Hispanic),
21,Kentucky,21189,Owsley,2012,2016,Black (includes Hispanic),
21,Kentucky,21189,Owsley,2012,2016,Hispanic (all races),
21,Kentucky,21189,Owsley,2012,2016,American Indian/Alaskan Native (includes Hispanic),
21,Kentucky,21189,Owsley,2012,2016,White (includes Hispanic),16.6
21,Kentucky,21189,Owsley,2013,2017,Asian/Pacific Islander (includes Hispanic),
21,Kentucky,21189,Owsley,2013,2017,Black (includes Hispanic),
21,Kentucky,21189,Owsley,2013,2017,Hispanic (all races),
21,Kentucky,21189,Owsley,2013,2017,American Indian/Alaskan Native (includes Hispanic),
21,Kentucky,21189,Owsley,2013,2017,White (includes Hispanic),17.9
21,Kentucky,21189,Owsley,2014,2018,Asian/Pacific Islander (includes Hispanic),
21,Kentucky,21189,Owsley,2014,2018,Black (includes Hispanic),
21,Kentucky,21189,Owsley,2014,2018,Hispanic (all races),
21,Kentucky,21189,Owsley,2014,2018,American Indian/Alaskan Native (includes Hispanic),
21,Kentucky,21189,Owsley,2014,2018,White (includes Hispanic),17.3
21,Kentucky,21189,Owsley,2015,2019,Asian/Pacific Islander (includes Hispanic),
21,Kentucky,21189,Owsley,2015,2019,Black (includes Hispanic),
21,Kentucky,21189,Owsley,2015,2019,Hispanic (all races),
21,Kentucky,21189,Owsley,2015,2019,American Indian/Alaskan Native (includes Hispanic),
21,Kentucky,21189,Owsley,2015,2019,White (includes Hispanic),16.5
21,Kentucky,21189,Owsley,2016,2020,Asian/Pacific Islander (includes Hispanic),
21,Kentucky,21189,Owsley,2016,2020,Black (includes Hispanic),
21,Kentucky,21189,Owsley,2016,2020,Hispanic (all races),
21,Kentucky,21189,Owsley,2016,2020,American Indian/Alaskan Native (includes Hispanic),
21,Kentucky,21189,Owsley,2016,2020,White (includes Hispanic),16.9
21,Kentucky,21191,Pendleton,2011,2015,Asian/Pacific Islander (includes Hispanic),
21,Kentucky,21191,Pendleton,2011,2015,Black (includes Hispanic),
21,Kentucky,21191,Pendleton,2011,2015,Hispanic (all races),
21,Kentucky,21191,Pendleton,2011,2015,American Indian/Alaskan Native (includes Hispanic),
21,Kentucky,21191,Pendleton,2011,2015,White (includes Hispanic),9.8
21,Kentucky,21191,Pendleton,2012,2016,Asian/Pacific Islander (includes Hispanic),
21,Kentucky,21191,Pendleton,2012,2016,Black (includes Hispanic),
21,Kentucky,21191,Pendleton,2012,2016,Hispanic (all races),
21,Kentucky,21191,Pendleton,2012,2016,American Indian/Alaskan Native (includes Hispanic),
21,Kentucky,21191,Pendleton,2012,2016,White (includes Hispanic),10.8
21,Kentucky,21191,Pendleton,2013,2017,Asian/Pacific Islander (includes Hispanic),
21,Kentucky,21191,Pendleton,2013,2017,Black (includes Hispanic),
21,Kentucky,21191,Pendleton,2013,2017,Hispanic (all races),
21,Kentucky,21191,Pendleton,2013,2017,American Indian/Alaskan Native (includes Hispanic),
21,Kentucky,21191,Pendleton,2013,2017,White (includes Hispanic),10.7
21,Kentucky,21191,Pendleton,2014,2018,Asian/Pacific Islander (includes Hispanic),
21,Kentucky,21191,Pendleton,2014,2018,Black (includes Hispanic),
21,Kentucky,21191,Pendleton,2014,2018,Hispanic (all races),
21,Kentucky,21191,Pendleton,2014,2018,American Indian/Alaskan Native (includes Hispanic),
21,Kentucky,21191,Pendleton,2014,2018,White (includes Hispanic),11.3
21,Kentucky,21191,Pendleton,2015,2019,Asian/Pacific Islander (includes Hispanic),
21,Kentucky,21191,Pendleton,2015,2019,Black (includes Hispanic),
21,Kentucky,21191,Pendleton,2015,2019,Hispanic (all races),
21,Kentucky,21191,Pendleton,2015,2019,American Indian/Alaskan Native (includes Hispanic),
21,Kentucky,21191,Pendleton,2015,2019,White (includes Hispanic),11.7
21,Kentucky,21191,Pendleton,2016,2020,Asian/Pacific Islander (includes Hispanic),
21,Kentucky,21191,Pendleton,2016,2020,Black (includes Hispanic),
21,Kentucky,21191,Pendleton,2016,2020,Hispanic (all races),
21,Kentucky,21191,Pendleton,2016,2020,American Indian/Alaskan Native (includes Hispanic),
21,Kentucky,21191,Pendleton,2016,2020,White (includes Hispanic),11.4
21,Kentucky,21193,Perry,2011,2015,Asian/Pacific Islander (includes Hispanic),
21,Kentucky,21193,Perry,2011,2015,Black (includes Hispanic),
21,Kentucky,21193,Perry,2011,2015,Hispanic (all races),
21,Kentucky,21193,Perry,2011,2015,American Indian/Alaskan Native (includes Hispanic),
21,Kentucky,21193,Perry,2011,2015,White (includes Hispanic),14.2
21,Kentucky,21193,Perry,2012,2016,Asian/Pacific Islander (includes Hispanic),
21,Kentucky,21193,Perry,2012,2016,Black (includes Hispanic),
21,Kentucky,21193,Perry,2012,2016,Hispanic (all races),
21,Kentucky,21193,Perry,2012,2016,American Indian/Alaskan Native (includes Hispanic),
21,Kentucky,21193,Perry,2012,2016,White (includes Hispanic),14.9
21,Kentucky,21193,Perry,2013,2017,Asian/Pacific Islander (includes Hispanic),
21,Kentucky,21193,Perry,2013,2017,Black (includes Hispanic),
21,Kentucky,21193,Perry,2013,2017,Hispanic (all races),
21,Kentucky,21193,Perry,2013,2017,American Indian/Alaskan Native (includes Hispanic),
21,Kentucky,21193,Perry,2013,2017,White (includes Hispanic),16.6
21,Kentucky,21193,Perry,2014,2018,Asian/Pacific Islander (includes Hispanic),
21,Kentucky,21193,Perry,2014,2018,Black (includes Hispanic),
21,Kentucky,21193,Perry,2014,2018,Hispanic (all races),
21,Kentucky,21193,Perry,2014,2018,American Indian/Alaskan Native (includes Hispanic),
21,Kentucky,21193,Perry,2014,2018,White (includes Hispanic),15.1
21,Kentucky,21193,Perry,2015,2019,Asian/Pacific Islander (includes Hispanic),
21,Kentucky,21193,Perry,2015,2019,Black (includes Hispanic),
21,Kentucky,21193,Perry,2015,2019,Hispanic (all races),
21,Kentucky,21193,Perry,2015,2019,American Indian/Alaskan Native (includes Hispanic),
21,Kentucky,21193,Perry,2015,2019,White (includes Hispanic),14.0
21,Kentucky,21193,Perry,2016,2020,Asian/Pacific Islander (includes Hispanic),
21,Kentucky,21193,Perry,2016,2020,Black (includes Hispanic),
21,Kentucky,21193,Perry,2016,2020,Hispanic (all races),
21,Kentucky,21193,Perry,2016,2020,American Indian/Alaskan Native (includes Hispanic),
21,Kentucky,21193,Perry,2016,2020,White (includes Hispanic),13.9
21,Kentucky,21195,Pike,2011,2015,Asian/Pacific Islander (includes Hispanic),
21,Kentucky,21195,Pike,2011,2015,Black (includes Hispanic),
21,Kentucky,21195,Pike,2011,2015,Hispanic (all races),
21,Kentucky,21195,Pike,2011,2015,American Indian/Alaskan Native (includes Hispanic),
21,Kentucky,21195,Pike,2011,2015,White (includes Hispanic),9.8
21,Kentucky,21195,Pike,2012,2016,Asian/Pacific Islander (includes Hispanic),
21,Kentucky,21195,Pike,2012,2016,Black (includes Hispanic),
21,Kentucky,21195,Pike,2012,2016,Hispanic (all races),
21,Kentucky,21195,Pike,2012,2016,American Indian/Alaskan Native (includes Hispanic),
21,Kentucky,21195,Pike,2012,2016,White (includes Hispanic),9.9
21,Kentucky,21195,Pike,2013,2017,Asian/Pacific Islander (includes Hispanic),
21,Kentucky,21195,Pike,2013,2017,Black (includes Hispanic),
21,Kentucky,21195,Pike,2013,2017,Hispanic (all races),
21,Kentucky,21195,Pike,2013,2017,American Indian/Alaskan Native (includes Hispanic),
21,Kentucky,21195,Pike,2013,2017,White (includes Hispanic),10.5
21,Kentucky,21195,Pike,2014,2018,Asian/Pacific Islander (includes Hispanic),
21,Kentucky,21195,Pike,2014,2018,Black (includes Hispanic),
21,Kentucky,21195,Pike,2014,2018,Hispanic (all races),
21,Kentucky,21195,Pike,2014,2018,American Indian/Alaskan Native (includes Hispanic),
21,Kentucky,21195,Pike,2014,2018,White (includes Hispanic),11.3
21,Kentucky,21195,Pike,2015,2019,Asian/Pacific Islander (includes Hispanic),
21,Kentucky,21195,Pike,2015,2019,Black (includes Hispanic),
21,Kentucky,21195,Pike,2015,2019,Hispanic (all races),
21,Kentucky,21195,Pike,2015,2019,American Indian/Alaskan Native (includes Hispanic),
21,Kentucky,21195,Pike,2015,2019,White (includes Hispanic),12.9
21,Kentucky,21195,Pike,2016,2020,Asian/Pacific Islander (includes Hispanic),
21,Kentucky,21195,Pike,2016,2020,Black (includes Hispanic),
21,Kentucky,21195,Pike,2016,2020,Hispanic (all races),
21,Kentucky,21195,Pike,2016,2020,American Indian/Alaskan Native (includes Hispanic),
21,Kentucky,21195,Pike,2016,2020,White (includes Hispanic),11.7
21,Kentucky,21197,Powell,2011,2015,Asian/Pacific Islander (includes Hispanic),
21,Kentucky,21197,Powell,2011,2015,Black (includes Hispanic),
21,Kentucky,21197,Powell,2011,2015,Hispanic (all races),
21,Kentucky,21197,Powell,2011,2015,American Indian/Alaskan Native (includes Hispanic),
21,Kentucky,21197,Powell,2011,2015,White (includes Hispanic),11.4
21,Kentucky,21197,Powell,2012,2016,Asian/Pacific Islander (includes Hispanic),
21,Kentucky,21197,Powell,2012,2016,Black (includes Hispanic),
21,Kentucky,21197,Powell,2012,2016,Hispanic (all races),
21,Kentucky,21197,Powell,2012,2016,American Indian/Alaskan Native (includes Hispanic),
21,Kentucky,21197,Powell,2012,2016,White (includes Hispanic),12.9
21,Kentucky,21197,Powell,2013,2017,Asian/Pacific Islander (includes Hispanic),
21,Kentucky,21197,Powell,2013,2017,Black (includes Hispanic),
21,Kentucky,21197,Powell,2013,2017,Hispanic (all races),
21,Kentucky,21197,Powell,2013,2017,American Indian/Alaskan Native (includes Hispanic),
21,Kentucky,21197,Powell,2013,2017,White (includes Hispanic),13.6
21,Kentucky,21197,Powell,2014,2018,Asian/Pacific Islander (includes Hispanic),
21,Kentucky,21197,Powell,2014,2018,Black (includes Hispanic),
21,Kentucky,21197,Powell,2014,2018,Hispanic (all races),
21,Kentucky,21197,Powell,2014,2018,American Indian/Alaskan Native (includes Hispanic),
21,Kentucky,21197,Powell,2014,2018,White (includes Hispanic),13.6
21,Kentucky,21197,Powell,2015,2019,Asian/Pacific Islander (includes Hispanic),
21,Kentucky,21197,Powell,2015,2019,Black (includes Hispanic),
21,Kentucky,21197,Powell,2015,2019,Hispanic (all races),
21,Kentucky,21197,Powell,2015,2019,American Indian/Alaskan Native (includes Hispanic),
21,Kentucky,21197,Powell,2015,2019,White (includes Hispanic),13.7
21,Kentucky,21197,Powell,2016,2020,Asian/Pacific Islander (includes Hispanic),
21,Kentucky,21197,Powell,2016,2020,Black (includes Hispanic),
21,Kentucky,21197,Powell,2016,2020,Hispanic (all races),
21,Kentucky,21197,Powell,2016,2020,American Indian/Alaskan Native (includes Hispanic),
21,Kentucky,21197,Powell,2016,2020,White (includes Hispanic),12.1
21,Kentucky,21199,Pulaski,2011,2015,Asian/Pacific Islander (includes Hispanic),
21,Kentucky,21199,Pulaski,2011,2015,Black (includes Hispanic),
21,Kentucky,21199,Pulaski,2011,2015,Hispanic (all races),
21,Kentucky,21199,Pulaski,2011,2015,American Indian/Alaskan Native (includes Hispanic),
21,Kentucky,21199,Pulaski,2011,2015,White (includes Hispanic),10.9
21,Kentucky,21199,Pulaski,2012,2016,Asian/Pacific Islander (includes Hispanic),
21,Kentucky,21199,Pulaski,2012,2016,Black (includes Hispanic),
21,Kentucky,21199,Pulaski,2012,2016,Hispanic (all races),
21,Kentucky,21199,Pulaski,2012,2016,American Indian/Alaskan Native (includes Hispanic),
21,Kentucky,21199,Pulaski,2012,2016,White (includes Hispanic),11.0
21,Kentucky,21199,Pulaski,2013,2017,Asian/Pacific Islander (includes Hispanic),
21,Kentucky,21199,Pulaski,2013,2017,Black (includes Hispanic),
21,Kentucky,21199,Pulaski,2013,2017,Hispanic (all races),
21,Kentucky,21199,Pulaski,2013,2017,American Indian/Alaskan Native (includes Hispanic),
21,Kentucky,21199,Pulaski,2013,2017,White (includes Hispanic),11.1
21,Kentucky,21199,Pulaski,2014,2018,Asian/Pacific Islander (includes Hispanic),
21,Kentucky,21199,Pulaski,2014,2018,Black (includes Hispanic),
21,Kentucky,21199,Pulaski,2014,2018,Hispanic (all races),
21,Kentucky,21199,Pulaski,2014,2018,American Indian/Alaskan Native (includes Hispanic),
21,Kentucky,21199,Pulaski,2014,2018,White (includes Hispanic),11.7
21,Kentucky,21199,Pulaski,2015,2019,Asian/Pacific Islander (includes Hispanic),
21,Kentucky,21199,Pulaski,2015,2019,Black (includes Hispanic),
21,Kentucky,21199,Pulaski,2015,2019,Hispanic (all races),
21,Kentucky,21199,Pulaski,2015,2019,American Indian/Alaskan Native (includes Hispanic),
21,Kentucky,21199,Pulaski,2015,2019,White (includes Hispanic),12.0
21,Kentucky,21199,Pulaski,2016,2020,Asian/Pacific Islander (includes Hispanic),
21,Kentucky,21199,Pulaski,2016,2020,Black (includes Hispanic),
21,Kentucky,21199,Pulaski,2016,2020,Hispanic (all races),
21,Kentucky,21199,Pulaski,2016,2020,American Indian/Alaskan Native (includes Hispanic),
21,Kentucky,21199,Pulaski,2016,2020,White (includes Hispanic),10.5
21,Kentucky,21201,Robertson,2011,2015,Asian/Pacific Islander (includes Hispanic),
21,Kentucky,21201,Robertson,2011,2015,Black (includes Hispanic),
21,Kentucky,21201,Robertson,2011,2015,Hispanic (all races),
21,Kentucky,21201,Robertson,2011,2015,American Indian/Alaskan Native (includes Hispanic),
21,Kentucky,21201,Robertson,2011,2015,White (includes Hispanic),
21,Kentucky,21201,Robertson,2012,2016,Asian/Pacific Islander (includes Hispanic),
21,Kentucky,21201,Robertson,2012,2016,Black (includes Hispanic),
21,Kentucky,21201,Robertson,2012,2016,Hispanic (all races),
21,Kentucky,21201,Robertson,2012,2016,American Indian/Alaskan Native (includes Hispanic),
21,Kentucky,21201,Robertson,2012,2016,White (includes Hispanic),10.8
21,Kentucky,21201,Robertson,2013,2017,Asian/Pacific Islander (includes Hispanic),
21,Kentucky,21201,Robertson,2013,2017,Black (includes Hispanic),
21,Kentucky,21201,Robertson,2013,2017,Hispanic (all races),
21,Kentucky,21201,Robertson,2013,2017,American Indian/Alaskan Native (includes Hispanic),
21,Kentucky,21201,Robertson,2013,2017,White (includes Hispanic),11.0
21,Kentucky,21201,Robertson,2014,2018,Asian/Pacific Islander (includes Hispanic),
21,Kentucky,21201,Robertson,2014,2018,Black (includes Hispanic),
21,Kentucky,21201,Robertson,2014,2018,Hispanic (all races),
21,Kentucky,21201,Robertson,2014,2018,American Indian/Alaskan Native (includes Hispanic),
21,Kentucky,21201,Robertson,2014,2018,White (includes Hispanic),
21,Kentucky,21201,Robertson,2015,2019,Asian/Pacific Islander (includes Hispanic),
21,Kentucky,21201,Robertson,2015,2019,Black (includes Hispanic),
21,Kentucky,21201,Robertson,2015,2019,Hispanic (all races),
21,Kentucky,21201,Robertson,2015,2019,American Indian/Alaskan Native (includes Hispanic),
21,Kentucky,21201,Robertson,2015,2019,White (includes Hispanic),
21,Kentucky,21201,Robertson,2016,2020,Asian/Pacific Islander (includes Hispanic),
21,Kentucky,21201,Robertson,2016,2020,Black (includes Hispanic),
21,Kentucky,21201,Robertson,2016,2020,Hispanic (all races),
21,Kentucky,21201,Robertson,2016,2020,American Indian/Alaskan Native (includes Hispanic),
21,Kentucky,21201,Robertson,2016,2020,White (includes Hispanic),
21,Kentucky,21203,Rockcastle,2011,2015,Asian/Pacific Islander (includes Hispanic),
21,Kentucky,21203,Rockcastle,2011,2015,Black (includes Hispanic),
21,Kentucky,21203,Rockcastle,2011,2015,Hispanic (all races),
21,Kentucky,21203,Rockcastle,2011,2015,American Indian/Alaskan Native (includes Hispanic),
21,Kentucky,21203,Rockcastle,2011,2015,White (includes Hispanic),11.5
21,Kentucky,21203,Rockcastle,2012,2016,Asian/Pacific Islander (includes Hispanic),
21,Kentucky,21203,Rockcastle,2012,2016,Black (includes Hispanic),
21,Kentucky,21203,Rockcastle,2012,2016,Hispanic (all races),
21,Kentucky,21203,Rockcastle,2012,2016,American Indian/Alaskan Native (includes Hispanic),
21,Kentucky,21203,Rockcastle,2012,2016,White (includes Hispanic),11.6
21,Kentucky,21203,Rockcastle,2013,2017,Asian/Pacific Islander (includes Hispanic),
21,Kentucky,21203,Rockcastle,2013,2017,Black (includes Hispanic),
21,Kentucky,21203,Rockcastle,2013,2017,Hispanic (all races),
21,Kentucky,21203,Rockcastle,2013,2017,American Indian/Alaskan Native (includes Hispanic),
21,Kentucky,21203,Rockcastle,2013,2017,White (includes Hispanic),11.9
21,Kentucky,21203,Rockcastle,2014,2018,Asian/Pacific Islander (includes Hispanic),
21,Kentucky,21203,Rockcastle,2014,2018,Black (includes Hispanic),
21,Kentucky,21203,Rockcastle,2014,2018,Hispanic (all races),
21,Kentucky,21203,Rockcastle,2014,2018,American Indian/Alaskan Native (includes Hispanic),
21,Kentucky,21203,Rockcastle,2014,2018,White (includes Hispanic),11.8
21,Kentucky,21203,Rockcastle,2015,2019,Asian/Pacific Islander (includes Hispanic),
21,Kentucky,21203,Rockcastle,2015,2019,Black (includes Hispanic),
21,Kentucky,21203,Rockcastle,2015,2019,Hispanic (all races),
21,Kentucky,21203,Rockcastle,2015,2019,American Indian/Alaskan Native (includes Hispanic),
21,Kentucky,21203,Rockcastle,2015,2019,White (includes Hispanic),12.0
21,Kentucky,21203,Rockcastle,2016,2020,Asian/Pacific Islander (includes Hispanic),
21,Kentucky,21203,Rockcastle,2016,2020,Black (includes Hispanic),
21,Kentucky,21203,Rockcastle,2016,2020,Hispanic (all races),
21,Kentucky,21203,Rockcastle,2016,2020,American Indian/Alaskan Native (includes Hispanic),
21,Kentucky,21203,Rockcastle,2016,2020,White (includes Hispanic),9.8
21,Kentucky,21205,Rowan,2011,2015,Asian/Pacific Islander (includes Hispanic),
21,Kentucky,21205,Rowan,2011,2015,Black (includes Hispanic),
21,Kentucky,21205,Rowan,2011,2015,Hispanic (all races),
21,Kentucky,21205,Rowan,2011,2015,American Indian/Alaskan Native (includes Hispanic),
21,Kentucky,21205,Rowan,2011,2015,White (includes Hispanic),8.6
21,Kentucky,21205,Rowan,2012,2016,Asian/Pacific Islander (includes Hispanic),
21,Kentucky,21205,Rowan,2012,2016,Black (includes Hispanic),
21,Kentucky,21205,Rowan,2012,2016,Hispanic (all races),
21,Kentucky,21205,Rowan,2012,2016,American Indian/Alaskan Native (includes Hispanic),
21,Kentucky,21205,Rowan,2012,2016,White (includes Hispanic),8.6
21,Kentucky,21205,Rowan,2013,2017,Asian/Pacific Islander (includes Hispanic),
21,Kentucky,21205,Rowan,2013,2017,Black (includes Hispanic),
21,Kentucky,21205,Rowan,2013,2017,Hispanic (all races),
21,Kentucky,21205,Rowan,2013,2017,American Indian/Alaskan Native (includes Hispanic),
21,Kentucky,21205,Rowan,2013,2017,White (includes Hispanic),9.0
21,Kentucky,21205,Rowan,2014,2018,Asian/Pacific Islander (includes Hispanic),
21,Kentucky,21205,Rowan,2014,2018,Black (includes Hispanic),
21,Kentucky,21205,Rowan,2014,2018,Hispanic (all races),
21,Kentucky,21205,Rowan,2014,2018,American Indian/Alaskan Native (includes Hispanic),
21,Kentucky,21205,Rowan,2014,2018,White (includes Hispanic),8.7
21,Kentucky,21205,Rowan,2015,2019,Asian/Pacific Islander (includes Hispanic),
21,Kentucky,21205,Rowan,2015,2019,Black (includes Hispanic),
21,Kentucky,21205,Rowan,2015,2019,Hispanic (all races),
21,Kentucky,21205,Rowan,2015,2019,American Indian/Alaskan Native (includes Hispanic),
21,Kentucky,21205,Rowan,2015,2019,White (includes Hispanic),8.1
21,Kentucky,21205,Rowan,2016,2020,Asian/Pacific Islander (includes Hispanic),
21,Kentucky,21205,Rowan,2016,2020,Black (includes Hispanic),
21,Kentucky,21205,Rowan,2016,2020,Hispanic (all races),
21,Kentucky,21205,Rowan,2016,2020,American Indian/Alaskan Native (includes Hispanic),
21,Kentucky,21205,Rowan,2016,2020,White (includes Hispanic),6.6
21,Kentucky,21207,Russell,2011,2015,Asian/Pacific Islander (includes Hispanic),
21,Kentucky,21207,Russell,2011,2015,Black (includes Hispanic),
21,Kentucky,21207,Russell,2011,2015,Hispanic (all races),
21,Kentucky,21207,Russell,2011,2015,American Indian/Alaskan Native (includes Hispanic),
21,Kentucky,21207,Russell,2011,2015,White (includes Hispanic),8.3
21,Kentucky,21207,Russell,2012,2016,Asian/Pacific Islander (includes Hispanic),
21,Kentucky,21207,Russell,2012,2016,Black (includes Hispanic),
21,Kentucky,21207,Russell,2012,2016,Hispanic (all races),
21,Kentucky,21207,Russell,2012,2016,American Indian/Alaskan Native (includes Hispanic),
21,Kentucky,21207,Russell,2012,2016,White (includes Hispanic),9.8
21,Kentucky,21207,Russell,2013,2017,Asian/Pacific Islander (includes Hispanic),
21,Kentucky,21207,Russell,2013,2017,Black (includes Hispanic),
21,Kentucky,21207,Russell,2013,2017,Hispanic (all races),
21,Kentucky,21207,Russell,2013,2017,American Indian/Alaskan Native (includes Hispanic),
21,Kentucky,21207,Russell,2013,2017,White (includes Hispanic),9.5
21,Kentucky,21207,Russell,2014,2018,Asian/Pacific Islander (includes Hispanic),
21,Kentucky,21207,Russell,2014,2018,Black (includes Hispanic),
21,Kentucky,21207,Russell,2014,2018,Hispanic (all races),
21,Kentucky,21207,Russell,2014,2018,American Indian/Alaskan Native (includes Hispanic),
21,Kentucky,21207,Russell,2014,2018,White (includes Hispanic),11.4
21,Kentucky,21207,Russell,2015,2019,Asian/Pacific Islander (includes Hispanic),
21,Kentucky,21207,Russell,2015,2019,Black (includes Hispanic),
21,Kentucky,21207,Russell,2015,2019,Hispanic (all races),
21,Kentucky,21207,Russell,2015,2019,American Indian/Alaskan Native (includes Hispanic),
21,Kentucky,21207,Russell,2015,2019,White (includes Hispanic),12.7
21,Kentucky,21207,Russell,2016,2020,Asian/Pacific Islander (includes Hispanic),
21,Kentucky,21207,Russell,2016,2020,Black (includes Hispanic),
21,Kentucky,21207,Russell,2016,2020,Hispanic (all races),
21,Kentucky,21207,Russell,2016,2020,American Indian/Alaskan Native (includes Hispanic),
21,Kentucky,21207,Russell,2016,2020,White (includes Hispanic),12.5
21,Kentucky,21209,Scott,2011,2015,Asian/Pacific Islander (includes Hispanic),
21,Kentucky,21209,Scott,2011,2015,Black (includes Hispanic),
21,Kentucky,21209,Scott,2011,2015,Hispanic (all races),
21,Kentucky,21209,Scott,2011,2015,American Indian/Alaskan Native (includes Hispanic),
21,Kentucky,21209,Scott,2011,2015,White (includes Hispanic),6.0
21,Kentucky,21209,Scott,2012,2016,Asian/Pacific Islander (includes Hispanic),
21,Kentucky,21209,Scott,2012,2016,Black (includes Hispanic),
21,Kentucky,21209,Scott,2012,2016,Hispanic (all races),
21,Kentucky,21209,Scott,2012,2016,American Indian/Alaskan Native (includes Hispanic),
21,Kentucky,21209,Scott,2012,2016,White (includes Hispanic),6.2
21,Kentucky,21209,Scott,2013,2017,Asian/Pacific Islander (includes Hispanic),
21,Kentucky,21209,Scott,2013,2017,Black (includes Hispanic),
21,Kentucky,21209,Scott,2013,2017,Hispanic (all races),
21,Kentucky,21209,Scott,2013,2017,American Indian/Alaskan Native (includes Hispanic),
21,Kentucky,21209,Scott,2013,2017,White (includes Hispanic),6.1
21,Kentucky,21209,Scott,2014,2018,Asian/Pacific Islander (includes Hispanic),
21,Kentucky,21209,Scott,2014,2018,Black (includes Hispanic),
21,Kentucky,21209,Scott,2014,2018,Hispanic (all races),
21,Kentucky,21209,Scott,2014,2018,American Indian/Alaskan Native (includes Hispanic),
21,Kentucky,21209,Scott,2014,2018,White (includes Hispanic),6.4
21,Kentucky,21209,Scott,2015,2019,Asian/Pacific Islander (includes Hispanic),
21,Kentucky,21209,Scott,2015,2019,Black (includes Hispanic),
21,Kentucky,21209,Scott,2015,2019,Hispanic (all races),
21,Kentucky,21209,Scott,2015,2019,American Indian/Alaskan Native (includes Hispanic),
21,Kentucky,21209,Scott,2015,2019,White (includes Hispanic),6.9
21,Kentucky,21209,Scott,2016,2020,Asian/Pacific Islander (includes Hispanic),
21,Kentucky,21209,Scott,2016,2020,Black (includes Hispanic),
21,Kentucky,21209,Scott,2016,2020,Hispanic (all races),
21,Kentucky,21209,Scott,2016,2020,American Indian/Alaskan Native (includes Hispanic),
21,Kentucky,21209,Scott,2016,2020,White (includes Hispanic),7.5
21,Kentucky,21211,Shelby,2011,2015,Asian/Pacific Islander (includes Hispanic),
21,Kentucky,21211,Shelby,2011,2015,Black (includes Hispanic),10.6
21,Kentucky,21211,Shelby,2011,2015,Hispanic (all races),
21,Kentucky,21211,Shelby,2011,2015,American Indian/Alaskan Native (includes Hispanic),
21,Kentucky,21211,Shelby,2011,2015,White (includes Hispanic),8.3
21,Kentucky,21211,Shelby,2012,2016,Asian/Pacific Islander (includes Hispanic),
21,Kentucky,21211,Shelby,2012,2016,Black (includes Hispanic),10.7
21,Kentucky,21211,Shelby,2012,2016,Hispanic (all races),
21,Kentucky,21211,Shelby,2012,2016,American Indian/Alaskan Native (includes Hispanic),
21,Kentucky,21211,Shelby,2012,2016,White (includes Hispanic),8.9
21,Kentucky,21211,Shelby,2013,2017,Asian/Pacific Islander (includes Hispanic),
21,Kentucky,21211,Shelby,2013,2017,Black (includes Hispanic),11.7
21,Kentucky,21211,Shelby,2013,2017,Hispanic (all races),
21,Kentucky,21211,Shelby,2013,2017,American Indian/Alaskan Native (includes Hispanic),
21,Kentucky,21211,Shelby,2013,2017,White (includes Hispanic),8.7
21,Kentucky,21211,Shelby,2014,2018,Asian/Pacific Islander (includes Hispanic),
21,Kentucky,21211,Shelby,2014,2018,Black (includes Hispanic),11.2
21,Kentucky,21211,Shelby,2014,2018,Hispanic (all races),
21,Kentucky,21211,Shelby,2014,2018,American Indian/Alaskan Native (includes Hispanic),
21,Kentucky,21211,Shelby,2014,2018,White (includes Hispanic),8.9
21,Kentucky,21211,Shelby,2015,2019,Asian/Pacific Islander (includes Hispanic),
21,Kentucky,21211,Shelby,2015,2019,Black (includes Hispanic),9.6
21,Kentucky,21211,Shelby,2015,2019,Hispanic (all races),
21,Kentucky,21211,Shelby,2015,2019,American Indian/Alaskan Native (includes Hispanic),
21,Kentucky,21211,Shelby,2015,2019,White (includes Hispanic),9.2
21,Kentucky,21211,Shelby,2016,2020,Asian/Pacific Islander (includes Hispanic),
21,Kentucky,21211,Shelby,2016,2020,Black (includes Hispanic),9.6
21,Kentucky,21211,Shelby,2016,2020,Hispanic (all races),
21,Kentucky,21211,Shelby,2016,2020,American Indian/Alaskan Native (includes Hispanic),
21,Kentucky,21211,Shelby,2016,2020,White (includes Hispanic),9.4
21,Kentucky,21213,Simpson,2011,2015,Asian/Pacific Islander (includes Hispanic),
21,Kentucky,21213,Simpson,2011,2015,Black (includes Hispanic),
21,Kentucky,21213,Simpson,2011,2015,Hispanic (all races),
21,Kentucky,21213,Simpson,2011,2015,American Indian/Alaskan Native (includes Hispanic),
21,Kentucky,21213,Simpson,2011,2015,White (includes Hispanic),10.2
21,Kentucky,21213,Simpson,2012,2016,Asian/Pacific Islander (includes Hispanic),
21,Kentucky,21213,Simpson,2012,2016,Black (includes Hispanic),
21,Kentucky,21213,Simpson,2012,2016,Hispanic (all races),
21,Kentucky,21213,Simpson,2012,2016,American Indian/Alaskan Native (includes Hispanic),
21,Kentucky,21213,Simpson,2012,2016,White (includes Hispanic),10.3
21,Kentucky,21213,Simpson,2013,2017,Asian/Pacific Islander (includes Hispanic),
21,Kentucky,21213,Simpson,2013,2017,Black (includes Hispanic),
21,Kentucky,21213,Simpson,2013,2017,Hispanic (all races),
21,Kentucky,21213,Simpson,2013,2017,American Indian/Alaskan Native (includes Hispanic),
21,Kentucky,21213,Simpson,2013,2017,White (includes Hispanic),10.7
21,Kentucky,21213,Simpson,2014,2018,Asian/Pacific Islander (includes Hispanic),
21,Kentucky,21213,Simpson,2014,2018,Black (includes Hispanic),
21,Kentucky,21213,Simpson,2014,2018,Hispanic (all races),
21,Kentucky,21213,Simpson,2014,2018,American Indian/Alaskan Native (includes Hispanic),
21,Kentucky,21213,Simpson,2014,2018,White (includes Hispanic),8.9
21,Kentucky,21213,Simpson,2015,2019,Asian/Pacific Islander (includes Hispanic),
21,Kentucky,21213,Simpson,2015,2019,Black (includes Hispanic),
21,Kentucky,21213,Simpson,2015,2019,Hispanic (all races),
21,Kentucky,21213,Simpson,2015,2019,American Indian/Alaskan Native (includes Hispanic),
21,Kentucky,21213,Simpson,2015,2019,White (includes Hispanic),8.6
21,Kentucky,21213,Simpson,2016,2020,Asian/Pacific Islander (includes Hispanic),
21,Kentucky,21213,Simpson,2016,2020,Black (includes Hispanic),
21,Kentucky,21213,Simpson,2016,2020,Hispanic (all races),
21,Kentucky,21213,Simpson,2016,2020,American Indian/Alaskan Native (includes Hispanic),
21,Kentucky,21213,Simpson,2016,2020,White (includes Hispanic),8.5
21,Kentucky,21215,Spencer,2011,2015,Asian/Pacific Islander (includes Hispanic),
21,Kentucky,21215,Spencer,2011,2015,Black (includes Hispanic),10.2
21,Kentucky,21215,Spencer,2011,2015,Hispanic (all races),
21,Kentucky,21215,Spencer,2011,2015,American Indian/Alaskan Native (includes Hispanic),
21,Kentucky,21215,Spencer,2011,2015,White (includes Hispanic),8.7
21,Kentucky,21215,Spencer,2012,2016,Asian/Pacific Islander (includes Hispanic),
21,Kentucky,21215,Spencer,2012,2016,Black (includes Hispanic),10.7
21,Kentucky,21215,Spencer,2012,2016,Hispanic (all races),
21,Kentucky,21215,Spencer,2012,2016,American Indian/Alaskan Native (includes Hispanic),
21,Kentucky,21215,Spencer,2012,2016,White (includes Hispanic),9.6
21,Kentucky,21215,Spencer,2013,2017,Asian/Pacific Islander (includes Hispanic),
21,Kentucky,21215,Spencer,2013,2017,Black (includes Hispanic),11.7
21,Kentucky,21215,Spencer,2013,2017,Hispanic (all races),
21,Kentucky,21215,Spencer,2013,2017,American Indian/Alaskan Native (includes Hispanic),
21,Kentucky,21215,Spencer,2013,2017,White (includes Hispanic),9.6
21,Kentucky,21215,Spencer,2014,2018,Asian/Pacific Islander (includes Hispanic),
21,Kentucky,21215,Spencer,2014,2018,Black (includes Hispanic),10.8
21,Kentucky,21215,Spencer,2014,2018,Hispanic (all races),
21,Kentucky,21215,Spencer,2014,2018,American Indian/Alaskan Native (includes Hispanic),
21,Kentucky,21215,Spencer,2014,2018,White (includes Hispanic),9.6
21,Kentucky,21215,Spencer,2015,2019,Asian/Pacific Islander (includes Hispanic),
21,Kentucky,21215,Spencer,2015,2019,Black (includes Hispanic),9.3
21,Kentucky,21215,Spencer,2015,2019,Hispanic (all races),
21,Kentucky,21215,Spencer,2015,2019,American Indian/Alaskan Native (includes Hispanic),
21,Kentucky,21215,Spencer,2015,2019,White (includes Hispanic),9.6
21,Kentucky,21215,Spencer,2016,2020,Asian/Pacific Islander (includes Hispanic),
21,Kentucky,21215,Spencer,2016,2020,Black (includes Hispanic),9.2
21,Kentucky,21215,Spencer,2016,2020,Hispanic (all races),
21,Kentucky,21215,Spencer,2016,2020,American Indian/Alaskan Native (includes Hispanic),
21,Kentucky,21215,Spencer,2016,2020,White (includes Hispanic),9.4
21,Kentucky,21217,Taylor,2011,2015,Asian/Pacific Islander (includes Hispanic),
21,Kentucky,21217,Taylor,2011,2015,Black (includes Hispanic),
21,Kentucky,21217,Taylor,2011,2015,Hispanic (all races),
21,Kentucky,21217,Taylor,2011,2015,American Indian/Alaskan Native (includes Hispanic),
21,Kentucky,21217,Taylor,2011,2015,White (includes Hispanic),8.2
21,Kentucky,21217,Taylor,2012,2016,Asian/Pacific Islander (includes Hispanic),
21,Kentucky,21217,Taylor,2012,2016,Black (includes Hispanic),
21,Kentucky,21217,Taylor,2012,2016,Hispanic (all races),
21,Kentucky,21217,Taylor,2012,2016,American Indian/Alaskan Native (includes Hispanic),
21,Kentucky,21217,Taylor,2012,2016,White (includes Hispanic),9.5
21,Kentucky,21217,Taylor,2013,2017,Asian/Pacific Islander (includes Hispanic),
21,Kentucky,21217,Taylor,2013,2017,Black (includes Hispanic),
21,Kentucky,21217,Taylor,2013,2017,Hispanic (all races),
21,Kentucky,21217,Taylor,2013,2017,American Indian/Alaskan Native (includes Hispanic),
21,Kentucky,21217,Taylor,2013,2017,White (includes Hispanic),10.6
21,Kentucky,21217,Taylor,2014,2018,Asian/Pacific Islander (includes Hispanic),
21,Kentucky,21217,Taylor,2014,2018,Black (includes Hispanic),
21,Kentucky,21217,Taylor,2014,2018,Hispanic (all races),
21,Kentucky,21217,Taylor,2014,2018,American Indian/Alaskan Native (includes Hispanic),
21,Kentucky,21217,Taylor,2014,2018,White (includes Hispanic),11.7
21,Kentucky,21217,Taylor,2015,2019,Asian/Pacific Islander (includes Hispanic),
21,Kentucky,21217,Taylor,2015,2019,Black (includes Hispanic),
21,Kentucky,21217,Taylor,2015,2019,Hispanic (all races),
21,Kentucky,21217,Taylor,2015,2019,American Indian/Alaskan Native (includes Hispanic),
21,Kentucky,21217,Taylor,2015,2019,White (includes Hispanic),11.2
21,Kentucky,21217,Taylor,2016,2020,Asian/Pacific Islander (includes Hispanic),
21,Kentucky,21217,Taylor,2016,2020,Black (includes Hispanic),
21,Kentucky,21217,Taylor,2016,2020,Hispanic (all races),
21,Kentucky,21217,Taylor,2016,2020,American Indian/Alaskan Native (includes Hispanic),
21,Kentucky,21217,Taylor,2016,2020,White (includes Hispanic),14.0
21,Kentucky,21219,Todd,2011,2015,Asian/Pacific Islander (includes Hispanic),
21,Kentucky,21219,Todd,2011,2015,Black (includes Hispanic),
21,Kentucky,21219,Todd,2011,2015,Hispanic (all races),
21,Kentucky,21219,Todd,2011,2015,American Indian/Alaskan Native (includes Hispanic),
21,Kentucky,21219,Todd,2011,2015,White (includes Hispanic),11.2
21,Kentucky,21219,Todd,2012,2016,Asian/Pacific Islander (includes Hispanic),
21,Kentucky,21219,Todd,2012,2016,Black (includes Hispanic),
21,Kentucky,21219,Todd,2012,2016,Hispanic (all races),
21,Kentucky,21219,Todd,2012,2016,American Indian/Alaskan Native (includes Hispanic),
21,Kentucky,21219,Todd,2012,2016,White (includes Hispanic),11.2
21,Kentucky,21219,Todd,2013,2017,Asian/Pacific Islander (includes Hispanic),
21,Kentucky,21219,Todd,2013,2017,Black (includes Hispanic),
21,Kentucky,21219,Todd,2013,2017,Hispanic (all races),
21,Kentucky,21219,Todd,2013,2017,American Indian/Alaskan Native (includes Hispanic),
21,Kentucky,21219,Todd,2013,2017,White (includes Hispanic),11.1
21,Kentucky,21219,Todd,2014,2018,Asian/Pacific Islander (includes Hispanic),
21,Kentucky,21219,Todd,2014,2018,Black (includes Hispanic),
21,Kentucky,21219,Todd,2014,2018,Hispanic (all races),
21,Kentucky,21219,Todd,2014,2018,American Indian/Alaskan Native (includes Hispanic),
21,Kentucky,21219,Todd,2014,2018,White (includes Hispanic),10.2
21,Kentucky,21219,Todd,2015,2019,Asian/Pacific Islander (includes Hispanic),
21,Kentucky,21219,Todd,2015,2019,Black (includes Hispanic),
21,Kentucky,21219,Todd,2015,2019,Hispanic (all races),
21,Kentucky,21219,Todd,2015,2019,American Indian/Alaskan Native (includes Hispanic),
21,Kentucky,21219,Todd,2015,2019,White (includes Hispanic),9.6
21,Kentucky,21219,Todd,2016,2020,Asian/Pacific Islander (includes Hispanic),
21,Kentucky,21219,Todd,2016,2020,Black (includes Hispanic),
21,Kentucky,21219,Todd,2016,2020,Hispanic (all races),
21,Kentucky,21219,Todd,2016,2020,American Indian/Alaskan Native (includes Hispanic),
21,Kentucky,21219,Todd,2016,2020,White (includes Hispanic),10.6
21,Kentucky,21221,Trigg,2011,2015,Asian/Pacific Islander (includes Hispanic),
21,Kentucky,21221,Trigg,2011,2015,Black (includes Hispanic),
21,Kentucky,21221,Trigg,2011,2015,Hispanic (all races),
21,Kentucky,21221,Trigg,2011,2015,American Indian/Alaskan Native (includes Hispanic),
21,Kentucky,21221,Trigg,2011,2015,White (includes Hispanic),9.1
21,Kentucky,21221,Trigg,2012,2016,Asian/Pacific Islander (includes Hispanic),
21,Kentucky,21221,Trigg,2012,2016,Black (includes Hispanic),
21,Kentucky,21221,Trigg,2012,2016,Hispanic (all races),
21,Kentucky,21221,Trigg,2012,2016,American Indian/Alaskan Native (includes Hispanic),
21,Kentucky,21221,Trigg,2012,2016,White (includes Hispanic),10.0
21,Kentucky,21221,Trigg,2013,2017,Asian/Pacific Islander (includes Hispanic),
21,Kentucky,21221,Trigg,2013,2017,Black (includes Hispanic),
21,Kentucky,21221,Trigg,2013,2017,Hispanic (all races),
21,Kentucky,21221,Trigg,2013,2017,American Indian/Alaskan Native (includes Hispanic),
21,Kentucky,21221,Trigg,2013,2017,White (includes Hispanic),11.0
21,Kentucky,21221,Trigg,2014,2018,Asian/Pacific Islander (includes Hispanic),
21,Kentucky,21221,Trigg,2014,2018,Black (includes Hispanic),
21,Kentucky,21221,Trigg,2014,2018,Hispanic (all races),
21,Kentucky,21221,Trigg,2014,2018,American Indian/Alaskan Native (includes Hispanic),
21,Kentucky,21221,Trigg,2014,2018,White (includes Hispanic),10.9
21,Kentucky,21221,Trigg,2015,2019,Asian/Pacific Islander (includes Hispanic),
21,Kentucky,21221,Trigg,2015,2019,Black (includes Hispanic),
21,Kentucky,21221,Trigg,2015,2019,Hispanic (all races),
21,Kentucky,21221,Trigg,2015,2019,American Indian/Alaskan Native (includes Hispanic),
21,Kentucky,21221,Trigg,2015,2019,White (includes Hispanic),10.0
21,Kentucky,21221,Trigg,2016,2020,Asian/Pacific Islander (includes Hispanic),
21,Kentucky,21221,Trigg,2016,2020,Black (includes Hispanic),
21,Kentucky,21221,Trigg,2016,2020,Hispanic (all races),
21,Kentucky,21221,Trigg,2016,2020,American Indian/Alaskan Native (includes Hispanic),
21,Kentucky,21221,Trigg,2016,2020,White (includes Hispanic),10.3
21,Kentucky,21223,Trimble,2011,2015,Asian/Pacific Islander (includes Hispanic),
21,Kentucky,21223,Trimble,2011,2015,Black (includes Hispanic),
21,Kentucky,21223,Trimble,2011,2015,Hispanic (all races),
21,Kentucky,21223,Trimble,2011,2015,American Indian/Alaskan Native (includes Hispanic),
21,Kentucky,21223,Trimble,2011,2015,White (includes Hispanic),7.2
21,Kentucky,21223,Trimble,2012,2016,Asian/Pacific Islander (includes Hispanic),
21,Kentucky,21223,Trimble,2012,2016,Black (includes Hispanic),
21,Kentucky,21223,Trimble,2012,2016,Hispanic (all races),
21,Kentucky,21223,Trimble,2012,2016,American Indian/Alaskan Native (includes Hispanic),
21,Kentucky,21223,Trimble,2012,2016,White (includes Hispanic),7.5
21,Kentucky,21223,Trimble,2013,2017,Asian/Pacific Islander (includes Hispanic),
21,Kentucky,21223,Trimble,2013,2017,Black (includes Hispanic),
21,Kentucky,21223,Trimble,2013,2017,Hispanic (all races),
21,Kentucky,21223,Trimble,2013,2017,American Indian/Alaskan Native (includes Hispanic),
21,Kentucky,21223,Trimble,2013,2017,White (includes Hispanic),7.7
21,Kentucky,21223,Trimble,2014,2018,Asian/Pacific Islander (includes Hispanic),
21,Kentucky,21223,Trimble,2014,2018,Black (includes Hispanic),
21,Kentucky,21223,Trimble,2014,2018,Hispanic (all races),
21,Kentucky,21223,Trimble,2014,2018,American Indian/Alaskan Native (includes Hispanic),
21,Kentucky,21223,Trimble,2014,2018,White (includes Hispanic),9.3
21,Kentucky,21223,Trimble,2015,2019,Asian/Pacific Islander (includes Hispanic),
21,Kentucky,21223,Trimble,2015,2019,Black (includes Hispanic),
21,Kentucky,21223,Trimble,2015,2019,Hispanic (all races),
21,Kentucky,21223,Trimble,2015,2019,American Indian/Alaskan Native (includes Hispanic),
21,Kentucky,21223,Trimble,2015,2019,White (includes Hispanic),10.1
21,Kentucky,21223,Trimble,2016,2020,Asian/Pacific Islander (includes Hispanic),
21,Kentucky,21223,Trimble,2016,2020,Black (includes Hispanic),
21,Kentucky,21223,Trimble,2016,2020,Hispanic (all races),
21,Kentucky,21223,Trimble,2016,2020,American Indian/Alaskan Native (includes Hispanic),
21,Kentucky,21223,Trimble,2016,2020,White (includes Hispanic),10.0
21,Kentucky,21225,Union,2011,2015,Asian/Pacific Islander (includes Hispanic),
21,Kentucky,21225,Union,2011,2015,Black (includes Hispanic),
21,Kentucky,21225,Union,2011,2015,Hispanic (all races),
21,Kentucky,21225,Union,2011,2015,American Indian/Alaskan Native (includes Hispanic),
21,Kentucky,21225,Union,2011,2015,White (includes Hispanic),6.7
21,Kentucky,21225,Union,2012,2016,Asian/Pacific Islander (includes Hispanic),
21,Kentucky,21225,Union,2012,2016,Black (includes Hispanic),
21,Kentucky,21225,Union,2012,2016,Hispanic (all races),
21,Kentucky,21225,Union,2012,2016,American Indian/Alaskan Native (includes Hispanic),
21,Kentucky,21225,Union,2012,2016,White (includes Hispanic),
21,Kentucky,21225,Union,2013,2017,Asian/Pacific Islander (includes Hispanic),
21,Kentucky,21225,Union,2013,2017,Black (includes Hispanic),
21,Kentucky,21225,Union,2013,2017,Hispanic (all races),
21,Kentucky,21225,Union,2013,2017,American Indian/Alaskan Native (includes Hispanic),
21,Kentucky,21225,Union,2013,2017,White (includes Hispanic),5.7
21,Kentucky,21225,Union,2014,2018,Asian/Pacific Islander (includes Hispanic),
21,Kentucky,21225,Union,2014,2018,Black (includes Hispanic),
21,Kentucky,21225,Union,2014,2018,Hispanic (all races),
21,Kentucky,21225,Union,2014,2018,American Indian/Alaskan Native (includes Hispanic),
21,Kentucky,21225,Union,2014,2018,White (includes Hispanic),7.0
21,Kentucky,21225,Union,2015,2019,Asian/Pacific Islander (includes Hispanic),
21,Kentucky,21225,Union,2015,2019,Black (includes Hispanic),
21,Kentucky,21225,Union,2015,2019,Hispanic (all races),
21,Kentucky,21225,Union,2015,2019,American Indian/Alaskan Native (includes Hispanic),
21,Kentucky,21225,Union,2015,2019,White (includes Hispanic),6.2
21,Kentucky,21225,Union,2016,2020,Asian/Pacific Islander (includes Hispanic),
21,Kentucky,21225,Union,2016,2020,Black (includes Hispanic),
21,Kentucky,21225,Union,2016,2020,Hispanic (all races),
21,Kentucky,21225,Union,2016,2020,American Indian/Alaskan Native (includes Hispanic),
21,Kentucky,21225,Union,2016,2020,White (includes Hispanic),
21,Kentucky,21227,Warren,2011,2015,Asian/Pacific Islander (includes Hispanic),
21,Kentucky,21227,Warren,2011,2015,Black (includes Hispanic),
21,Kentucky,21227,Warren,2011,2015,Hispanic (all races),
21,Kentucky,21227,Warren,2011,2015,American Indian/Alaskan Native (includes Hispanic),
21,Kentucky,21227,Warren,2011,2015,White (includes Hispanic),11.3
21,Kentucky,21227,Warren,2012,2016,Asian/Pacific Islander (includes Hispanic),
21,Kentucky,21227,Warren,2012,2016,Black (includes Hispanic),
21,Kentucky,21227,Warren,2012,2016,Hispanic (all races),
21,Kentucky,21227,Warren,2012,2016,American Indian/Alaskan Native (includes Hispanic),
21,Kentucky,21227,Warren,2012,2016,White (includes Hispanic),10.2
21,Kentucky,21227,Warren,2013,2017,Asian/Pacific Islander (includes Hispanic),
21,Kentucky,21227,Warren,2013,2017,Black (includes Hispanic),
21,Kentucky,21227,Warren,2013,2017,Hispanic (all races),
21,Kentucky,21227,Warren,2013,2017,American Indian/Alaskan Native (includes Hispanic),
21,Kentucky,21227,Warren,2013,2017,White (includes Hispanic),10.5
21,Kentucky,21227,Warren,2014,2018,Asian/Pacific Islander (includes Hispanic),
21,Kentucky,21227,Warren,2014,2018,Black (includes Hispanic),
21,Kentucky,21227,Warren,2014,2018,Hispanic (all races),
21,Kentucky,21227,Warren,2014,2018,American Indian/Alaskan Native (includes Hispanic),
21,Kentucky,21227,Warren,2014,2018,White (includes Hispanic),8.8
21,Kentucky,21227,Warren,2015,2019,Asian/Pacific Islander (includes Hispanic),
21,Kentucky,21227,Warren,2015,2019,Black (includes Hispanic),
21,Kentucky,21227,Warren,2015,2019,Hispanic (all races),
21,Kentucky,21227,Warren,2015,2019,American Indian/Alaskan Native (includes Hispanic),
21,Kentucky,21227,Warren,2015,2019,White (includes Hispanic),8.5
21,Kentucky,21227,Warren,2016,2020,Asian/Pacific Islander (includes Hispanic),
21,Kentucky,21227,Warren,2016,2020,Black (includes Hispanic),
21,Kentucky,21227,Warren,2016,2020,Hispanic (all races),
21,Kentucky,21227,Warren,2016,2020,American Indian/Alaskan Native (includes Hispanic),
21,Kentucky,21227,Warren,2016,2020,White (includes Hispanic),8.0
21,Kentucky,21229,Washington,2011,2015,Asian/Pacific Islander (includes Hispanic),
21,Kentucky,21229,Washington,2011,2015,Black (includes Hispanic),
21,Kentucky,21229,Washington,2011,2015,Hispanic (all races),
21,Kentucky,21229,Washington,2011,2015,American Indian/Alaskan Native (includes Hispanic),
21,Kentucky,21229,Washington,2011,2015,White (includes Hispanic),8.0
21,Kentucky,21229,Washington,2012,2016,Asian/Pacific Islander (includes Hispanic),
21,Kentucky,21229,Washington,2012,2016,Black (includes Hispanic),
21,Kentucky,21229,Washington,2012,2016,Hispanic (all races),
21,Kentucky,21229,Washington,2012,2016,American Indian/Alaskan Native (includes Hispanic),
21,Kentucky,21229,Washington,2012,2016,White (includes Hispanic),8.9
21,Kentucky,21229,Washington,2013,2017,Asian/Pacific Islander (includes Hispanic),
21,Kentucky,21229,Washington,2013,2017,Black (includes Hispanic),
21,Kentucky,21229,Washington,2013,2017,Hispanic (all races),
21,Kentucky,21229,Washington,2013,2017,American Indian/Alaskan Native (includes Hispanic),
21,Kentucky,21229,Washington,2013,2017,White (includes Hispanic),9.5
21,Kentucky,21229,Washington,2014,2018,Asian/Pacific Islander (includes Hispanic),
21,Kentucky,21229,Washington,2014,2018,Black (includes Hispanic),
21,Kentucky,21229,Washington,2014,2018,Hispanic (all races),
21,Kentucky,21229,Washington,2014,2018,American Indian/Alaskan Native (includes Hispanic),
21,Kentucky,21229,Washington,2014,2018,White (includes Hispanic),7.6
21,Kentucky,21229,Washington,2015,2019,Asian/Pacific Islander (includes Hispanic),
21,Kentucky,21229,Washington,2015,2019,Black (includes Hispanic),
21,Kentucky,21229,Washington,2015,2019,Hispanic (all races),
21,Kentucky,21229,Washington,2015,2019,American Indian/Alaskan Native (includes Hispanic),
21,Kentucky,21229,Washington,2015,2019,White (includes Hispanic),8.4
21,Kentucky,21229,Washington,2016,2020,Asian/Pacific Islander (includes Hispanic),
21,Kentucky,21229,Washington,2016,2020,Black (includes Hispanic),
21,Kentucky,21229,Washington,2016,2020,Hispanic (all races),
21,Kentucky,21229,Washington,2016,2020,American Indian/Alaskan Native (includes Hispanic),
21,Kentucky,21229,Washington,2016,2020,White (includes Hispanic),7.4
21,Kentucky,21231,Wayne,2011,2015,Asian/Pacific Islander (includes Hispanic),
21,Kentucky,21231,Wayne,2011,2015,Black (includes Hispanic),
21,Kentucky,21231,Wayne,2011,2015,Hispanic (all races),
21,Kentucky,21231,Wayne,2011,2015,American Indian/Alaskan Native (includes Hispanic),
21,Kentucky,21231,Wayne,2011,2015,White (includes Hispanic),12.2
21,Kentucky,21231,Wayne,2012,2016,Asian/Pacific Islander (includes Hispanic),
21,Kentucky,21231,Wayne,2012,2016,Black (includes Hispanic),
21,Kentucky,21231,Wayne,2012,2016,Hispanic (all races),
21,Kentucky,21231,Wayne,2012,2016,American Indian/Alaskan Native (includes Hispanic),
21,Kentucky,21231,Wayne,2012,2016,White (includes Hispanic),12.2
21,Kentucky,21231,Wayne,2013,2017,Asian/Pacific Islander (includes Hispanic),
21,Kentucky,21231,Wayne,2013,2017,Black (includes Hispanic),
21,Kentucky,21231,Wayne,2013,2017,Hispanic (all races),
21,Kentucky,21231,Wayne,2013,2017,American Indian/Alaskan Native (includes Hispanic),
21,Kentucky,21231,Wayne,2013,2017,White (includes Hispanic),11.2
21,Kentucky,21231,Wayne,2014,2018,Asian/Pacific Islander (includes Hispanic),
21,Kentucky,21231,Wayne,2014,2018,Black (includes Hispanic),
21,Kentucky,21231,Wayne,2014,2018,Hispanic (all races),
21,Kentucky,21231,Wayne,2014,2018,American Indian/Alaskan Native (includes Hispanic),
21,Kentucky,21231,Wayne,2014,2018,White (includes Hispanic),12.3
21,Kentucky,21231,Wayne,2015,2019,Asian/Pacific Islander (includes Hispanic),
21,Kentucky,21231,Wayne,2015,2019,Black (includes Hispanic),
21,Kentucky,21231,Wayne,2015,2019,Hispanic (all races),
21,Kentucky,21231,Wayne,2015,2019,American Indian/Alaskan Native (includes Hispanic),
21,Kentucky,21231,Wayne,2015,2019,White (includes Hispanic),13.2
21,Kentucky,21231,Wayne,2016,2020,Asian/Pacific Islander (includes Hispanic),
21,Kentucky,21231,Wayne,2016,2020,Black (includes Hispanic),
21,Kentucky,21231,Wayne,2016,2020,Hispanic (all races),
21,Kentucky,21231,Wayne,2016,2020,American Indian/Alaskan Native (includes Hispanic),
21,Kentucky,21231,Wayne,2016,2020,White (includes Hispanic),11.2
21,Kentucky,21233,Webster,2011,2015,Asian/Pacific Islander (includes Hispanic),
21,Kentucky,21233,Webster,2011,2015,Black (includes Hispanic),
21,Kentucky,21233,Webster,2011,2015,Hispanic (all races),
21,Kentucky,21233,Webster,2011,2015,American Indian/Alaskan Native (includes Hispanic),
21,Kentucky,21233,Webster,2011,2015,White (includes Hispanic),7.4
21,Kentucky,21233,Webster,2012,2016,Asian/Pacific Islander (includes Hispanic),
21,Kentucky,21233,Webster,2012,2016,Black (includes Hispanic),
21,Kentucky,21233,Webster,2012,2016,Hispanic (all races),
21,Kentucky,21233,Webster,2012,2016,American Indian/Alaskan Native (includes Hispanic),
21,Kentucky,21233,Webster,2012,2016,White (includes Hispanic),7.8
21,Kentucky,21233,Webster,2013,2017,Asian/Pacific Islander (includes Hispanic),
21,Kentucky,21233,Webster,2013,2017,Black (includes Hispanic),
21,Kentucky,21233,Webster,2013,2017,Hispanic (all races),
21,Kentucky,21233,Webster,2013,2017,American Indian/Alaskan Native (includes Hispanic),
21,Kentucky,21233,Webster,2013,2017,White (includes Hispanic),8.5
21,Kentucky,21233,Webster,2014,2018,Asian/Pacific Islander (includes Hispanic),
21,Kentucky,21233,Webster,2014,2018,Black (includes Hispanic),
21,Kentucky,21233,Webster,2014,2018,Hispanic (all races),
21,Kentucky,21233,Webster,2014,2018,American Indian/Alaskan Native (includes Hispanic),
21,Kentucky,21233,Webster,2014,2018,White (includes Hispanic),9.9
21,Kentucky,21233,Webster,2015,2019,Asian/Pacific Islander (includes Hispanic),
21,Kentucky,21233,Webster,2015,2019,Black (includes Hispanic),
21,Kentucky,21233,Webster,2015,2019,Hispanic (all races),
21,Kentucky,21233,Webster,2015,2019,American Indian/Alaskan Native (includes Hispanic),
21,Kentucky,21233,Webster,2015,2019,White (includes Hispanic),8.6
21,Kentucky,21233,Webster,2016,2020,Asian/Pacific Islander (includes Hispanic),
21,Kentucky,21233,Webster,2016,2020,Black (includes Hispanic),
21,Kentucky,21233,Webster,2016,2020,Hispanic (all races),
21,Kentucky,21233,Webster,2016,2020,American Indian/Alaskan Native (includes Hispanic),
21,Kentucky,21233,Webster,2016,2020,White (includes Hispanic),7.5
21,Kentucky,21235,Whitley,2011,2015,Asian/Pacific Islander (includes Hispanic),
21,Kentucky,21235,Whitley,2011,2015,Black (includes Hispanic),
21,Kentucky,21235,Whitley,2011,2015,Hispanic (all races),
21,Kentucky,21235,Whitley,2011,2015,American Indian/Alaskan Native (includes Hispanic),
21,Kentucky,21235,Whitley,2011,2015,White (includes Hispanic),13.5
21,Kentucky,21235,Whitley,2012,2016,Asian/Pacific Islander (includes Hispanic),
21,Kentucky,21235,Whitley,2012,2016,Black (includes Hispanic),
21,Kentucky,21235,Whitley,2012,2016,Hispanic (all races),
21,Kentucky,21235,Whitley,2012,2016,American Indian/Alaskan Native (includes Hispanic),
21,Kentucky,21235,Whitley,2012,2016,White (includes Hispanic),12.9
21,Kentucky,21235,Whitley,2013,2017,Asian/Pacific Islander (includes Hispanic),
21,Kentucky,21235,Whitley,2013,2017,Black (includes Hispanic),
21,Kentucky,21235,Whitley,2013,2017,Hispanic (all races),
21,Kentucky,21235,Whitley,2013,2017,American Indian/Alaskan Native (includes Hispanic),
21,Kentucky,21235,Whitley,2013,2017,White (includes Hispanic),12.4
21,Kentucky,21235,Whitley,2014,2018,Asian/Pacific Islander (includes Hispanic),
21,Kentucky,21235,Whitley,2014,2018,Black (includes Hispanic),
21,Kentucky,21235,Whitley,2014,2018,Hispanic (all races),
21,Kentucky,21235,Whitley,2014,2018,American Indian/Alaskan Native (includes Hispanic),
21,Kentucky,21235,Whitley,2014,2018,White (includes Hispanic),11.5
21,Kentucky,21235,Whitley,2015,2019,Asian/Pacific Islander (includes Hispanic),
21,Kentucky,21235,Whitley,2015,2019,Black (includes Hispanic),
21,Kentucky,21235,Whitley,2015,2019,Hispanic (all races),
21,Kentucky,21235,Whitley,2015,2019,American Indian/Alaskan Native (includes Hispanic),
21,Kentucky,21235,Whitley,2015,2019,White (includes Hispanic),10.1
21,Kentucky,21235,Whitley,2016,2020,Asian/Pacific Islander (includes Hispanic),
21,Kentucky,21235,Whitley,2016,2020,Black (includes Hispanic),
21,Kentucky,21235,Whitley,2016,2020,Hispanic (all races),
21,Kentucky,21235,Whitley,2016,2020,American Indian/Alaskan Native (includes Hispanic),
21,Kentucky,21235,Whitley,2016,2020,White (includes Hispanic),9.0
21,Kentucky,21237,Wolfe,2011,2015,Asian/Pacific Islander (includes Hispanic),
21,Kentucky,21237,Wolfe,2011,2015,Black (includes Hispanic),
21,Kentucky,21237,Wolfe,2011,2015,Hispanic (all races),
21,Kentucky,21237,Wolfe,2011,2015,American Indian/Alaskan Native (includes Hispanic),
21,Kentucky,21237,Wolfe,2011,2015,White (includes Hispanic),11.8
21,Kentucky,21237,Wolfe,2012,2016,Asian/Pacific Islander (includes Hispanic),
21,Kentucky,21237,Wolfe,2012,2016,Black (includes Hispanic),
21,Kentucky,21237,Wolfe,2012,2016,Hispanic (all races),
21,Kentucky,21237,Wolfe,2012,2016,American Indian/Alaskan Native (includes Hispanic),
21,Kentucky,21237,Wolfe,2012,2016,White (includes Hispanic),14.1
21,Kentucky,21237,Wolfe,2013,2017,Asian/Pacific Islander (includes Hispanic),
21,Kentucky,21237,Wolfe,2013,2017,Black (includes Hispanic),
21,Kentucky,21237,Wolfe,2013,2017,Hispanic (all races),
21,Kentucky,21237,Wolfe,2013,2017,American Indian/Alaskan Native (includes Hispanic),
21,Kentucky,21237,Wolfe,2013,2017,White (includes Hispanic),16.6
21,Kentucky,21237,Wolfe,2014,2018,Asian/Pacific Islander (includes Hispanic),
21,Kentucky,21237,Wolfe,2014,2018,Black (includes Hispanic),
21,Kentucky,21237,Wolfe,2014,2018,Hispanic (all races),
21,Kentucky,21237,Wolfe,2014,2018,American Indian/Alaskan Native (includes Hispanic),
21,Kentucky,21237,Wolfe,2014,2018,White (includes Hispanic),14.6
21,Kentucky,21237,Wolfe,2015,2019,Asian/Pacific Islander (includes Hispanic),
21,Kentucky,21237,Wolfe,2015,2019,Black (includes Hispanic),
21,Kentucky,21237,Wolfe,2015,2019,Hispanic (all races),
21,Kentucky,21237,Wolfe,2015,2019,American Indian/Alaskan Native (includes Hispanic),
21,Kentucky,21237,Wolfe,2015,2019,White (includes Hispanic),13.6
21,Kentucky,21237,Wolfe,2016,2020,Asian/Pacific Islander (includes Hispanic),
21,Kentucky,21237,Wolfe,2016,2020,Black (includes Hispanic),
21,Kentucky,21237,Wolfe,2016,2020,Hispanic (all races),
21,Kentucky,21237,Wolfe,2016,2020,American Indian/Alaskan Native (includes Hispanic),
21,Kentucky,21237,Wolfe,2016,2020,White (includes Hispanic),12.3
21,Kentucky,21239,Woodford,2011,2015,Asian/Pacific Islander (includes Hispanic),
21,Kentucky,21239,Woodford,2011,2015,Black (includes Hispanic),
21,Kentucky,21239,Woodford,2011,2015,Hispanic (all races),
21,Kentucky,21239,Woodford,2011,2015,American Indian/Alaskan Native (includes Hispanic),
21,Kentucky,21239,Woodford,2011,2015,White (includes Hispanic),6.5
21,Kentucky,21239,Woodford,2012,2016,Asian/Pacific Islander (includes Hispanic),
21,Kentucky,21239,Woodford,2012,2016,Black (includes Hispanic),
21,Kentucky,21239,Woodford,2012,2016,Hispanic (all races),
21,Kentucky,21239,Woodford,2012,2016,American Indian/Alaskan Native (includes Hispanic),
21,Kentucky,21239,Woodford,2012,2016,White (includes Hispanic),6.7
21,Kentucky,21239,Woodford,2013,2017,Asian/Pacific Islander (includes Hispanic),
21,Kentucky,21239,Woodford,2013,2017,Black (includes Hispanic),
21,Kentucky,21239,Woodford,2013,2017,Hispanic (all races),
21,Kentucky,21239,Woodford,2013,2017,American Indian/Alaskan Native (includes Hispanic),
21,Kentucky,21239,Woodford,2013,2017,White (includes Hispanic),6.1
21,Kentucky,21239,Woodford,2014,2018,Asian/Pacific Islander (includes Hispanic),
21,Kentucky,21239,Woodford,2014,2018,Black (includes Hispanic),
21,Kentucky,21239,Woodford,2014,2018,Hispanic (all races),
21,Kentucky,21239,Woodford,2014,2018,American Indian/Alaskan Native (includes Hispanic),
21,Kentucky,21239,Woodford,2014,2018,White (includes Hispanic),5.9
21,Kentucky,21239,Woodford,2015,2019,Asian/Pacific Islander (includes Hispanic),
21,Kentucky,21239,Woodford,2015,2019,Black (includes Hispanic),
21,Kentucky,21239,Woodford,2015,2019,Hispanic (all races),
21,Kentucky,21239,Woodford,2015,2019,American Indian/Alaskan Native (includes Hispanic),
21,Kentucky,21239,Woodford,2015,2019,White (includes Hispanic),6.4
21,Kentucky,21239,Woodford,2016,2020,Asian/Pacific Islander (includes Hispanic),
21,Kentucky,21239,Woodford,2016,2020,Black (includes Hispanic),
21,Kentucky,21239,Woodford,2016,2020,Hispanic (all races),
21,Kentucky,21239,Woodford,2016,2020,American Indian/Alaskan Native (includes Hispanic),
21,Kentucky,21239,Woodford,2016,2020,White (includes Hispanic),7.0
22,Louisiana,22001,Acadia,2011,2015,Asian/Pacific Islander (includes Hispanic),
22,Louisiana,22001,Acadia,2011,2015,Black (includes Hispanic),11.2
22,Louisiana,22001,Acadia,2011,2015,Hispanic (all races),
22,Louisiana,22001,Acadia,2011,2015,American Indian/Alaskan Native (includes Hispanic),
22,Louisiana,22001,Acadia,2011,2015,White (includes Hispanic),7.3
22,Louisiana,22001,Acadia,2012,2016,Asian/Pacific Islander (includes Hispanic),
22,Louisiana,22001,Acadia,2012,2016,Black (includes Hispanic),12.0
22,Louisiana,22001,Acadia,2012,2016,Hispanic (all races),
22,Louisiana,22001,Acadia,2012,2016,American Indian/Alaskan Native (includes Hispanic),
22,Louisiana,22001,Acadia,2012,2016,White (includes Hispanic),8.0
22,Louisiana,22001,Acadia,2013,2017,Asian/Pacific Islander (includes Hispanic),
22,Louisiana,22001,Acadia,2013,2017,Black (includes Hispanic),10.6
22,Louisiana,22001,Acadia,2013,2017,Hispanic (all races),
22,Louisiana,22001,Acadia,2013,2017,American Indian/Alaskan Native (includes Hispanic),
22,Louisiana,22001,Acadia,2013,2017,White (includes Hispanic),9.2
22,Louisiana,22001,Acadia,2014,2018,Asian/Pacific Islander (includes Hispanic),
22,Louisiana,22001,Acadia,2014,2018,Black (includes Hispanic),10.4
22,Louisiana,22001,Acadia,2014,2018,Hispanic (all races),
22,Louisiana,22001,Acadia,2014,2018,American Indian/Alaskan Native (includes Hispanic),
22,Louisiana,22001,Acadia,2014,2018,White (includes Hispanic),9.6
22,Louisiana,22001,Acadia,2015,2019,Asian/Pacific Islander (includes Hispanic),
22,Louisiana,22001,Acadia,2015,2019,Black (includes Hispanic),9.2
22,Louisiana,22001,Acadia,2015,2019,Hispanic (all races),
22,Louisiana,22001,Acadia,2015,2019,American Indian/Alaskan Native (includes Hispanic),
22,Louisiana,22001,Acadia,2015,2019,White (includes Hispanic),9.9
22,Louisiana,22001,Acadia,2016,2020,Asian/Pacific Islander (includes Hispanic),
22,Louisiana,22001,Acadia,2016,2020,Black (includes Hispanic),7.6
22,Louisiana,22001,Acadia,2016,2020,Hispanic (all races),
22,Louisiana,22001,Acadia,2016,2020,American Indian/Alaskan Native (includes Hispanic),
22,Louisiana,22001,Acadia,2016,2020,White (includes Hispanic),10.1
22,Louisiana,22003,Allen,2011,2015,Asian/Pacific Islander (includes Hispanic),
22,Louisiana,22003,Allen,2011,2015,Black (includes Hispanic),
22,Louisiana,22003,Allen,2011,2015,Hispanic (all races),
22,Louisiana,22003,Allen,2011,2015,American Indian/Alaskan Native (includes Hispanic),
22,Louisiana,22003,Allen,2011,2015,White (includes Hispanic),9.3
22,Louisiana,22003,Allen,2012,2016,Asian/Pacific Islander (includes Hispanic),
22,Louisiana,22003,Allen,2012,2016,Black (includes Hispanic),
22,Louisiana,22003,Allen,2012,2016,Hispanic (all races),
22,Louisiana,22003,Allen,2012,2016,American Indian/Alaskan Native (includes Hispanic),
22,Louisiana,22003,Allen,2012,2016,White (includes Hispanic),7.7
22,Louisiana,22003,Allen,2013,2017,Asian/Pacific Islander (includes Hispanic),
22,Louisiana,22003,Allen,2013,2017,Black (includes Hispanic),
22,Louisiana,22003,Allen,2013,2017,Hispanic (all races),
22,Louisiana,22003,Allen,2013,2017,American Indian/Alaskan Native (includes Hispanic),
22,Louisiana,22003,Allen,2013,2017,White (includes Hispanic),8.8
22,Louisiana,22003,Allen,2014,2018,Asian/Pacific Islander (includes Hispanic),
22,Louisiana,22003,Allen,2014,2018,Black (includes Hispanic),
22,Louisiana,22003,Allen,2014,2018,Hispanic (all races),
22,Louisiana,22003,Allen,2014,2018,American Indian/Alaskan Native (includes Hispanic),
22,Louisiana,22003,Allen,2014,2018,White (includes Hispanic),9.3
22,Louisiana,22003,Allen,2015,2019,Asian/Pacific Islander (includes Hispanic),
22,Louisiana,22003,Allen,2015,2019,Black (includes Hispanic),
22,Louisiana,22003,Allen,2015,2019,Hispanic (all races),
22,Louisiana,22003,Allen,2015,2019,American Indian/Alaskan Native (includes Hispanic),
22,Louisiana,22003,Allen,2015,2019,White (includes Hispanic),10.1
22,Louisiana,22003,Allen,2016,2020,Asian/Pacific Islander (includes Hispanic),
22,Louisiana,22003,Allen,2016,2020,Black (includes Hispanic),
22,Louisiana,22003,Allen,2016,2020,Hispanic (all races),
22,Louisiana,22003,Allen,2016,2020,American Indian/Alaskan Native (includes Hispanic),
22,Louisiana,22003,Allen,2016,2020,White (includes Hispanic),8.9
22,Louisiana,22005,Ascension,2011,2015,Asian/Pacific Islander (includes Hispanic),
22,Louisiana,22005,Ascension,2011,2015,Black (includes Hispanic),12.0
22,Louisiana,22005,Ascension,2011,2015,Hispanic (all races),
22,Louisiana,22005,Ascension,2011,2015,American Indian/Alaskan Native (includes Hispanic),
22,Louisiana,22005,Ascension,2011,2015,White (includes Hispanic),5.9
22,Louisiana,22005,Ascension,2012,2016,Asian/Pacific Islander (includes Hispanic),
22,Louisiana,22005,Ascension,2012,2016,Black (includes Hispanic),11.4
22,Louisiana,22005,Ascension,2012,2016,Hispanic (all races),
22,Louisiana,22005,Ascension,2012,2016,American Indian/Alaskan Native (includes Hispanic),
22,Louisiana,22005,Ascension,2012,2016,White (includes Hispanic),6.2
22,Louisiana,22005,Ascension,2013,2017,Asian/Pacific Islander (includes Hispanic),
22,Louisiana,22005,Ascension,2013,2017,Black (includes Hispanic),12.1
22,Louisiana,22005,Ascension,2013,2017,Hispanic (all races),
22,Louisiana,22005,Ascension,2013,2017,American Indian/Alaskan Native (includes Hispanic),
22,Louisiana,22005,Ascension,2013,2017,White (includes Hispanic),6.8
22,Louisiana,22005,Ascension,2014,2018,Asian/Pacific Islander (includes Hispanic),
22,Louisiana,22005,Ascension,2014,2018,Black (includes Hispanic),11.0
22,Louisiana,22005,Ascension,2014,2018,Hispanic (all races),
22,Louisiana,22005,Ascension,2014,2018,American Indian/Alaskan Native (includes Hispanic),
22,Louisiana,22005,Ascension,2014,2018,White (includes Hispanic),7.2
22,Louisiana,22005,Ascension,2015,2019,Asian/Pacific Islander (includes Hispanic),
22,Louisiana,22005,Ascension,2015,2019,Black (includes Hispanic),10.1
22,Louisiana,22005,Ascension,2015,2019,Hispanic (all races),
22,Louisiana,22005,Ascension,2015,2019,American Indian/Alaskan Native (includes Hispanic),
22,Louisiana,22005,Ascension,2015,2019,White (includes Hispanic),7.3
22,Louisiana,22005,Ascension,2016,2020,Asian/Pacific Islander (includes Hispanic),
22,Louisiana,22005,Ascension,2016,2020,Black (includes Hispanic),8.5
22,Louisiana,22005,Ascension,2016,2020,Hispanic (all races),
22,Louisiana,22005,Ascension,2016,2020,American Indian/Alaskan Native (includes Hispanic),
22,Louisiana,22005,Ascension,2016,2020,White (includes Hispanic),6.9
22,Louisiana,22007,Assumption,2011,2015,Asian/Pacific Islander (includes Hispanic),
22,Louisiana,22007,Assumption,2011,2015,Black (includes Hispanic),11.4
22,Louisiana,22007,Assumption,2011,2015,Hispanic (all races),
22,Louisiana,22007,Assumption,2011,2015,American Indian/Alaskan Native (includes Hispanic),
22,Louisiana,22007,Assumption,2011,2015,White (includes Hispanic),8.3
22,Louisiana,22007,Assumption,2012,2016,Asian/Pacific Islander (includes Hispanic),
22,Louisiana,22007,Assumption,2012,2016,Black (includes Hispanic),10.9
22,Louisiana,22007,Assumption,2012,2016,Hispanic (all races),
22,Louisiana,22007,Assumption,2012,2016,American Indian/Alaskan Native (includes Hispanic),
22,Louisiana,22007,Assumption,2012,2016,White (includes Hispanic),8.2
22,Louisiana,22007,Assumption,2013,2017,Asian/Pacific Islander (includes Hispanic),
22,Louisiana,22007,Assumption,2013,2017,Black (includes Hispanic),10.4
22,Louisiana,22007,Assumption,2013,2017,Hispanic (all races),
22,Louisiana,22007,Assumption,2013,2017,American Indian/Alaskan Native (includes Hispanic),
22,Louisiana,22007,Assumption,2013,2017,White (includes Hispanic),8.1
22,Louisiana,22007,Assumption,2014,2018,Asian/Pacific Islander (includes Hispanic),
22,Louisiana,22007,Assumption,2014,2018,Black (includes Hispanic),11.0
22,Louisiana,22007,Assumption,2014,2018,Hispanic (all races),
22,Louisiana,22007,Assumption,2014,2018,American Indian/Alaskan Native (includes Hispanic),
22,Louisiana,22007,Assumption,2014,2018,White (includes Hispanic),7.8
22,Louisiana,22007,Assumption,2015,2019,Asian/Pacific Islander (includes Hispanic),
22,Louisiana,22007,Assumption,2015,2019,Black (includes Hispanic),10.7
22,Louisiana,22007,Assumption,2015,2019,Hispanic (all races),
22,Louisiana,22007,Assumption,2015,2019,American Indian/Alaskan Native (includes Hispanic),
22,Louisiana,22007,Assumption,2015,2019,White (includes Hispanic),7.1
22,Louisiana,22007,Assumption,2016,2020,Asian/Pacific Islander (includes Hispanic),
22,Louisiana,22007,Assumption,2016,2020,Black (includes Hispanic),9.8
22,Louisiana,22007,Assumption,2016,2020,Hispanic (all races),
22,Louisiana,22007,Assumption,2016,2020,American Indian/Alaskan Native (includes Hispanic),
22,Louisiana,22007,Assumption,2016,2020,White (includes Hispanic),7.0
22,Louisiana,22009,Avoyelles,2011,2015,Asian/Pacific Islander (includes Hispanic),
22,Louisiana,22009,Avoyelles,2011,2015,Black (includes Hispanic),12.4
22,Louisiana,22009,Avoyelles,2011,2015,Hispanic (all races),
22,Louisiana,22009,Avoyelles,2011,2015,American Indian/Alaskan Native (includes Hispanic),
22,Louisiana,22009,Avoyelles,2011,2015,White (includes Hispanic),6.4
22,Louisiana,22009,Avoyelles,2012,2016,Asian/Pacific Islander (includes Hispanic),
22,Louisiana,22009,Avoyelles,2012,2016,Black (includes Hispanic),10.2
22,Louisiana,22009,Avoyelles,2012,2016,Hispanic (all races),
22,Louisiana,22009,Avoyelles,2012,2016,American Indian/Alaskan Native (includes Hispanic),
22,Louisiana,22009,Avoyelles,2012,2016,White (includes Hispanic),7.5
22,Louisiana,22009,Avoyelles,2013,2017,Asian/Pacific Islander (includes Hispanic),
22,Louisiana,22009,Avoyelles,2013,2017,Black (includes Hispanic),9.0
22,Louisiana,22009,Avoyelles,2013,2017,Hispanic (all races),
22,Louisiana,22009,Avoyelles,2013,2017,American Indian/Alaskan Native (includes Hispanic),
22,Louisiana,22009,Avoyelles,2013,2017,White (includes Hispanic),7.7
22,Louisiana,22009,Avoyelles,2014,2018,Asian/Pacific Islander (includes Hispanic),
22,Louisiana,22009,Avoyelles,2014,2018,Black (includes Hispanic),8.8
22,Louisiana,22009,Avoyelles,2014,2018,Hispanic (all races),
22,Louisiana,22009,Avoyelles,2014,2018,American Indian/Alaskan Native (includes Hispanic),
22,Louisiana,22009,Avoyelles,2014,2018,White (includes Hispanic),8.0
22,Louisiana,22009,Avoyelles,2015,2019,Asian/Pacific Islander (includes Hispanic),
22,Louisiana,22009,Avoyelles,2015,2019,Black (includes Hispanic),10.2
22,Louisiana,22009,Avoyelles,2015,2019,Hispanic (all races),
22,Louisiana,22009,Avoyelles,2015,2019,American Indian/Alaskan Native (includes Hispanic),
22,Louisiana,22009,Avoyelles,2015,2019,White (includes Hispanic),9.4
22,Louisiana,22009,Avoyelles,2016,2020,Asian/Pacific Islander (includes Hispanic),
22,Louisiana,22009,Avoyelles,2016,2020,Black (includes Hispanic),9.8
22,Louisiana,22009,Avoyelles,2016,2020,Hispanic (all races),
22,Louisiana,22009,Avoyelles,2016,2020,American Indian/Alaskan Native (includes Hispanic),
22,Louisiana,22009,Avoyelles,2016,2020,White (includes Hispanic),9.8
22,Louisiana,22011,Beauregard,2011,2015,Asian/Pacific Islander (includes Hispanic),
22,Louisiana,22011,Beauregard,2011,2015,Black (includes Hispanic),16.3
22,Louisiana,22011,Beauregard,2011,2015,Hispanic (all races),
22,Louisiana,22011,Beauregard,2011,2015,American Indian/Alaskan Native (includes Hispanic),
22,Louisiana,22011,Beauregard,2011,2015,White (includes Hispanic),10.5
22,Louisiana,22011,Beauregard,2012,2016,Asian/Pacific Islander (includes Hispanic),
22,Louisiana,22011,Beauregard,2012,2016,Black (includes Hispanic),16.3
22,Louisiana,22011,Beauregard,2012,2016,Hispanic (all races),
22,Louisiana,22011,Beauregard,2012,2016,American Indian/Alaskan Native (includes Hispanic),
22,Louisiana,22011,Beauregard,2012,2016,White (includes Hispanic),9.1
22,Louisiana,22011,Beauregard,2013,2017,Asian/Pacific Islander (includes Hispanic),
22,Louisiana,22011,Beauregard,2013,2017,Black (includes Hispanic),14.4
22,Louisiana,22011,Beauregard,2013,2017,Hispanic (all races),
22,Louisiana,22011,Beauregard,2013,2017,American Indian/Alaskan Native (includes Hispanic),
22,Louisiana,22011,Beauregard,2013,2017,White (includes Hispanic),9.7
22,Louisiana,22011,Beauregard,2014,2018,Asian/Pacific Islander (includes Hispanic),
22,Louisiana,22011,Beauregard,2014,2018,Black (includes Hispanic),14.1
22,Louisiana,22011,Beauregard,2014,2018,Hispanic (all races),
22,Louisiana,22011,Beauregard,2014,2018,American Indian/Alaskan Native (includes Hispanic),
22,Louisiana,22011,Beauregard,2014,2018,White (includes Hispanic),9.7
22,Louisiana,22011,Beauregard,2015,2019,Asian/Pacific Islander (includes Hispanic),
22,Louisiana,22011,Beauregard,2015,2019,Black (includes Hispanic),12.5
22,Louisiana,22011,Beauregard,2015,2019,Hispanic (all races),
22,Louisiana,22011,Beauregard,2015,2019,American Indian/Alaskan Native (includes Hispanic),
22,Louisiana,22011,Beauregard,2015,2019,White (includes Hispanic),10.7
22,Louisiana,22011,Beauregard,2016,2020,Asian/Pacific Islander (includes Hispanic),
22,Louisiana,22011,Beauregard,2016,2020,Black (includes Hispanic),12.4
22,Louisiana,22011,Beauregard,2016,2020,Hispanic (all races),
22,Louisiana,22011,Beauregard,2016,2020,American Indian/Alaskan Native (includes Hispanic),
22,Louisiana,22011,Beauregard,2016,2020,White (includes Hispanic),10.2
22,Louisiana,22013,Bienville,2011,2015,Asian/Pacific Islander (includes Hispanic),
22,Louisiana,22013,Bienville,2011,2015,Black (includes Hispanic),13.0
22,Louisiana,22013,Bienville,2011,2015,Hispanic (all races),
22,Louisiana,22013,Bienville,2011,2015,American Indian/Alaskan Native (includes Hispanic),
22,Louisiana,22013,Bienville,2011,2015,White (includes Hispanic),7.4
22,Louisiana,22013,Bienville,2012,2016,Asian/Pacific Islander (includes Hispanic),
22,Louisiana,22013,Bienville,2012,2016,Black (includes Hispanic),13.5
22,Louisiana,22013,Bienville,2012,2016,Hispanic (all races),
22,Louisiana,22013,Bienville,2012,2016,American Indian/Alaskan Native (includes Hispanic),
22,Louisiana,22013,Bienville,2012,2016,White (includes Hispanic),8.4
22,Louisiana,22013,Bienville,2013,2017,Asian/Pacific Islander (includes Hispanic),
22,Louisiana,22013,Bienville,2013,2017,Black (includes Hispanic),13.5
22,Louisiana,22013,Bienville,2013,2017,Hispanic (all races),
22,Louisiana,22013,Bienville,2013,2017,American Indian/Alaskan Native (includes Hispanic),
22,Louisiana,22013,Bienville,2013,2017,White (includes Hispanic),9.9
22,Louisiana,22013,Bienville,2014,2018,Asian/Pacific Islander (includes Hispanic),
22,Louisiana,22013,Bienville,2014,2018,Black (includes Hispanic),13.4
22,Louisiana,22013,Bienville,2014,2018,Hispanic (all races),
22,Louisiana,22013,Bienville,2014,2018,American Indian/Alaskan Native (includes Hispanic),
22,Louisiana,22013,Bienville,2014,2018,White (includes Hispanic),10.2
22,Louisiana,22013,Bienville,2015,2019,Asian/Pacific Islander (includes Hispanic),
22,Louisiana,22013,Bienville,2015,2019,Black (includes Hispanic),12.6
22,Louisiana,22013,Bienville,2015,2019,Hispanic (all races),
22,Louisiana,22013,Bienville,2015,2019,American Indian/Alaskan Native (includes Hispanic),
22,Louisiana,22013,Bienville,2015,2019,White (includes Hispanic),10.6
22,Louisiana,22013,Bienville,2016,2020,Asian/Pacific Islander (includes Hispanic),
22,Louisiana,22013,Bienville,2016,2020,Black (includes Hispanic),9.6
22,Louisiana,22013,Bienville,2016,2020,Hispanic (all races),
22,Louisiana,22013,Bienville,2016,2020,American Indian/Alaskan Native (includes Hispanic),
22,Louisiana,22013,Bienville,2016,2020,White (includes Hispanic),10.0
22,Louisiana,22015,Bossier,2011,2015,Asian/Pacific Islander (includes Hispanic),
22,Louisiana,22015,Bossier,2011,2015,Black (includes Hispanic),12.7
22,Louisiana,22015,Bossier,2011,2015,Hispanic (all races),
22,Louisiana,22015,Bossier,2011,2015,American Indian/Alaskan Native (includes Hispanic),
22,Louisiana,22015,Bossier,2011,2015,White (includes Hispanic),10.2
22,Louisiana,22015,Bossier,2012,2016,Asian/Pacific Islander (includes Hispanic),
22,Louisiana,22015,Bossier,2012,2016,Black (includes Hispanic),12.2
22,Louisiana,22015,Bossier,2012,2016,Hispanic (all races),
22,Louisiana,22015,Bossier,2012,2016,American Indian/Alaskan Native (includes Hispanic),
22,Louisiana,22015,Bossier,2012,2016,White (includes Hispanic),9.1
22,Louisiana,22015,Bossier,2013,2017,Asian/Pacific Islander (includes Hispanic),
22,Louisiana,22015,Bossier,2013,2017,Black (includes Hispanic),12.0
22,Louisiana,22015,Bossier,2013,2017,Hispanic (all races),
22,Louisiana,22015,Bossier,2013,2017,American Indian/Alaskan Native (includes Hispanic),
22,Louisiana,22015,Bossier,2013,2017,White (includes Hispanic),9.3
22,Louisiana,22015,Bossier,2014,2018,Asian/Pacific Islander (includes Hispanic),
22,Louisiana,22015,Bossier,2014,2018,Black (includes Hispanic),10.0
22,Louisiana,22015,Bossier,2014,2018,Hispanic (all races),
22,Louisiana,22015,Bossier,2014,2018,American Indian/Alaskan Native (includes Hispanic),
22,Louisiana,22015,Bossier,2014,2018,White (includes Hispanic),9.8
22,Louisiana,22015,Bossier,2015,2019,Asian/Pacific Islander (includes Hispanic),
22,Louisiana,22015,Bossier,2015,2019,Black (includes Hispanic),10.2
22,Louisiana,22015,Bossier,2015,2019,Hispanic (all races),
22,Louisiana,22015,Bossier,2015,2019,American Indian/Alaskan Native (includes Hispanic),
22,Louisiana,22015,Bossier,2015,2019,White (includes Hispanic),10.8
22,Louisiana,22015,Bossier,2016,2020,Asian/Pacific Islander (includes Hispanic),
22,Louisiana,22015,Bossier,2016,2020,Black (includes Hispanic),9.9
22,Louisiana,22015,Bossier,2016,2020,Hispanic (all races),
22,Louisiana,22015,Bossier,2016,2020,American Indian/Alaskan Native (includes Hispanic),
22,Louisiana,22015,Bossier,2016,2020,White (includes Hispanic),10.1
22,Louisiana,22017,Caddo,2011,2015,Asian/Pacific Islander (includes Hispanic),
22,Louisiana,22017,Caddo,2011,2015,Black (includes Hispanic),13.2
22,Louisiana,22017,Caddo,2011,2015,Hispanic (all races),
22,Louisiana,22017,Caddo,2011,2015,American Indian/Alaskan Native (includes Hispanic),
22,Louisiana,22017,Caddo,2011,2015,White (includes Hispanic),10.6
22,Louisiana,22017,Caddo,2012,2016,Asian/Pacific Islander (includes Hispanic),
22,Louisiana,22017,Caddo,2012,2016,Black (includes Hispanic),12.7
22,Louisiana,22017,Caddo,2012,2016,Hispanic (all races),
22,Louisiana,22017,Caddo,2012,2016,American Indian/Alaskan Native (includes Hispanic),
22,Louisiana,22017,Caddo,2012,2016,White (includes Hispanic),9.2
22,Louisiana,22017,Caddo,2013,2017,Asian/Pacific Islander (includes Hispanic),
22,Louisiana,22017,Caddo,2013,2017,Black (includes Hispanic),12.5
22,Louisiana,22017,Caddo,2013,2017,Hispanic (all races),
22,Louisiana,22017,Caddo,2013,2017,American Indian/Alaskan Native (includes Hispanic),
22,Louisiana,22017,Caddo,2013,2017,White (includes Hispanic),10.3
22,Louisiana,22017,Caddo,2014,2018,Asian/Pacific Islander (includes Hispanic),
22,Louisiana,22017,Caddo,2014,2018,Black (includes Hispanic),10.7
22,Louisiana,22017,Caddo,2014,2018,Hispanic (all races),
22,Louisiana,22017,Caddo,2014,2018,American Indian/Alaskan Native (includes Hispanic),
22,Louisiana,22017,Caddo,2014,2018,White (includes Hispanic),11.1
22,Louisiana,22017,Caddo,2015,2019,Asian/Pacific Islander (includes Hispanic),
22,Louisiana,22017,Caddo,2015,2019,Black (includes Hispanic),11.1
22,Louisiana,22017,Caddo,2015,2019,Hispanic (all races),
22,Louisiana,22017,Caddo,2015,2019,American Indian/Alaskan Native (includes Hispanic),
22,Louisiana,22017,Caddo,2015,2019,White (includes Hispanic),11.3
22,Louisiana,22017,Caddo,2016,2020,Asian/Pacific Islander (includes Hispanic),
22,Louisiana,22017,Caddo,2016,2020,Black (includes Hispanic),9.6
22,Louisiana,22017,Caddo,2016,2020,Hispanic (all races),
22,Louisiana,22017,Caddo,2016,2020,American Indian/Alaskan Native (includes Hispanic),
22,Louisiana,22017,Caddo,2016,2020,White (includes Hispanic),11.1
22,Louisiana,22019,Calcasieu,2011,2015,Asian/Pacific Islander (includes Hispanic),
22,Louisiana,22019,Calcasieu,2011,2015,Black (includes Hispanic),15.6
22,Louisiana,22019,Calcasieu,2011,2015,Hispanic (all races),
22,Louisiana,22019,Calcasieu,2011,2015,American Indian/Alaskan Native (includes Hispanic),
22,Louisiana,22019,Calcasieu,2011,2015,White (includes Hispanic),10.3
22,Louisiana,22019,Calcasieu,2012,2016,Asian/Pacific Islander (includes Hispanic),
22,Louisiana,22019,Calcasieu,2012,2016,Black (includes Hispanic),15.6
22,Louisiana,22019,Calcasieu,2012,2016,Hispanic (all races),
22,Louisiana,22019,Calcasieu,2012,2016,American Indian/Alaskan Native (includes Hispanic),
22,Louisiana,22019,Calcasieu,2012,2016,White (includes Hispanic),9.4
22,Louisiana,22019,Calcasieu,2013,2017,Asian/Pacific Islander (includes Hispanic),
22,Louisiana,22019,Calcasieu,2013,2017,Black (includes Hispanic),14.2
22,Louisiana,22019,Calcasieu,2013,2017,Hispanic (all races),
22,Louisiana,22019,Calcasieu,2013,2017,American Indian/Alaskan Native (includes Hispanic),
22,Louisiana,22019,Calcasieu,2013,2017,White (includes Hispanic),8.9
22,Louisiana,22019,Calcasieu,2014,2018,Asian/Pacific Islander (includes Hispanic),
22,Louisiana,22019,Calcasieu,2014,2018,Black (includes Hispanic),13.4
22,Louisiana,22019,Calcasieu,2014,2018,Hispanic (all races),
22,Louisiana,22019,Calcasieu,2014,2018,American Indian/Alaskan Native (includes Hispanic),
22,Louisiana,22019,Calcasieu,2014,2018,White (includes Hispanic),9.2
22,Louisiana,22019,Calcasieu,2015,2019,Asian/Pacific Islander (includes Hispanic),
22,Louisiana,22019,Calcasieu,2015,2019,Black (includes Hispanic),12.0
22,Louisiana,22019,Calcasieu,2015,2019,Hispanic (all races),
22,Louisiana,22019,Calcasieu,2015,2019,American Indian/Alaskan Native (includes Hispanic),
22,Louisiana,22019,Calcasieu,2015,2019,White (includes Hispanic),9.8
22,Louisiana,22019,Calcasieu,2016,2020,Asian/Pacific Islander (includes Hispanic),
22,Louisiana,22019,Calcasieu,2016,2020,Black (includes Hispanic),12.9
22,Louisiana,22019,Calcasieu,2016,2020,Hispanic (all races),
22,Louisiana,22019,Calcasieu,2016,2020,American Indian/Alaskan Native (includes Hispanic),
22,Louisiana,22019,Calcasieu,2016,2020,White (includes Hispanic),10.2
22,Louisiana,22021,Caldwell,2011,2015,Asian/Pacific Islander (includes Hispanic),
22,Louisiana,22021,Caldwell,2011,2015,Black (includes Hispanic),11.6
22,Louisiana,22021,Caldwell,2011,2015,Hispanic (all races),
22,Louisiana,22021,Caldwell,2011,2015,American Indian/Alaskan Native (includes Hispanic),
22,Louisiana,22021,Caldwell,2011,2015,White (includes Hispanic),6.7
22,Louisiana,22021,Caldwell,2012,2016,Asian/Pacific Islander (includes Hispanic),
22,Louisiana,22021,Caldwell,2012,2016,Black (includes Hispanic),10.1
22,Louisiana,22021,Caldwell,2012,2016,Hispanic (all races),
22,Louisiana,22021,Caldwell,2012,2016,American Indian/Alaskan Native (includes Hispanic),
22,Louisiana,22021,Caldwell,2012,2016,White (includes Hispanic),6.9
22,Louisiana,22021,Caldwell,2013,2017,Asian/Pacific Islander (includes Hispanic),
22,Louisiana,22021,Caldwell,2013,2017,Black (includes Hispanic),9.9
22,Louisiana,22021,Caldwell,2013,2017,Hispanic (all races),
22,Louisiana,22021,Caldwell,2013,2017,American Indian/Alaskan Native (includes Hispanic),
22,Louisiana,22021,Caldwell,2013,2017,White (includes Hispanic),7.9
22,Louisiana,22021,Caldwell,2014,2018,Asian/Pacific Islander (includes Hispanic),
22,Louisiana,22021,Caldwell,2014,2018,Black (includes Hispanic),12.9
22,Louisiana,22021,Caldwell,2014,2018,Hispanic (all races),
22,Louisiana,22021,Caldwell,2014,2018,American Indian/Alaskan Native (includes Hispanic),
22,Louisiana,22021,Caldwell,2014,2018,White (includes Hispanic),8.6
22,Louisiana,22021,Caldwell,2015,2019,Asian/Pacific Islander (includes Hispanic),
22,Louisiana,22021,Caldwell,2015,2019,Black (includes Hispanic),12.7
22,Louisiana,22021,Caldwell,2015,2019,Hispanic (all races),
22,Louisiana,22021,Caldwell,2015,2019,American Indian/Alaskan Native (includes Hispanic),
22,Louisiana,22021,Caldwell,2015,2019,White (includes Hispanic),9.2
22,Louisiana,22021,Caldwell,2016,2020,Asian/Pacific Islander (includes Hispanic),
22,Louisiana,22021,Caldwell,2016,2020,Black (includes Hispanic),12.8
22,Louisiana,22021,Caldwell,2016,2020,Hispanic (all races),
22,Louisiana,22021,Caldwell,2016,2020,American Indian/Alaskan Native (includes Hispanic),
22,Louisiana,22021,Caldwell,2016,2020,White (includes Hispanic),9.7
22,Louisiana,22023,Cameron,2011,2015,Asian/Pacific Islander (includes Hispanic),
22,Louisiana,22023,Cameron,2011,2015,Black (includes Hispanic),10.9
22,Louisiana,22023,Cameron,2011,2015,Hispanic (all races),
22,Louisiana,22023,Cameron,2011,2015,American Indian/Alaskan Native (includes Hispanic),
22,Louisiana,22023,Cameron,2011,2015,White (includes Hispanic),8.6
22,Louisiana,22023,Cameron,2012,2016,Asian/Pacific Islander (includes Hispanic),
22,Louisiana,22023,Cameron,2012,2016,Black (includes Hispanic),11.5
22,Louisiana,22023,Cameron,2012,2016,Hispanic (all races),
22,Louisiana,22023,Cameron,2012,2016,American Indian/Alaskan Native (includes Hispanic),
22,Louisiana,22023,Cameron,2012,2016,White (includes Hispanic),8.6
22,Louisiana,22023,Cameron,2013,2017,Asian/Pacific Islander (includes Hispanic),
22,Louisiana,22023,Cameron,2013,2017,Black (includes Hispanic),11.0
22,Louisiana,22023,Cameron,2013,2017,Hispanic (all races),
22,Louisiana,22023,Cameron,2013,2017,American Indian/Alaskan Native (includes Hispanic),
22,Louisiana,22023,Cameron,2013,2017,White (includes Hispanic),9.1
22,Louisiana,22023,Cameron,2014,2018,Asian/Pacific Islander (includes Hispanic),
22,Louisiana,22023,Cameron,2014,2018,Black (includes Hispanic),10.4
22,Louisiana,22023,Cameron,2014,2018,Hispanic (all races),
22,Louisiana,22023,Cameron,2014,2018,American Indian/Alaskan Native (includes Hispanic),
22,Louisiana,22023,Cameron,2014,2018,White (includes Hispanic),10.0
22,Louisiana,22023,Cameron,2015,2019,Asian/Pacific Islander (includes Hispanic),
22,Louisiana,22023,Cameron,2015,2019,Black (includes Hispanic),10.0
22,Louisiana,22023,Cameron,2015,2019,Hispanic (all races),
22,Louisiana,22023,Cameron,2015,2019,American Indian/Alaskan Native (includes Hispanic),
22,Louisiana,22023,Cameron,2015,2019,White (includes Hispanic),10.3
22,Louisiana,22023,Cameron,2016,2020,Asian/Pacific Islander (includes Hispanic),
22,Louisiana,22023,Cameron,2016,2020,Black (includes Hispanic),11.4
22,Louisiana,22023,Cameron,2016,2020,Hispanic (all races),
22,Louisiana,22023,Cameron,2016,2020,American Indian/Alaskan Native (includes Hispanic),
22,Louisiana,22023,Cameron,2016,2020,White (includes Hispanic),10.8
22,Louisiana,22025,Catahoula,2011,2015,Asian/Pacific Islander (includes Hispanic),
22,Louisiana,22025,Catahoula,2011,2015,Black (includes Hispanic),
22,Louisiana,22025,Catahoula,2011,2015,Hispanic (all races),
22,Louisiana,22025,Catahoula,2011,2015,American Indian/Alaskan Native (includes Hispanic),
22,Louisiana,22025,Catahoula,2011,2015,White (includes Hispanic),8.3
22,Louisiana,22025,Catahoula,2012,2016,Asian/Pacific Islander (includes Hispanic),
22,Louisiana,22025,Catahoula,2012,2016,Black (includes Hispanic),
22,Louisiana,22025,Catahoula,2012,2016,Hispanic (all races),
22,Louisiana,22025,Catahoula,2012,2016,American Indian/Alaskan Native (includes Hispanic),
22,Louisiana,22025,Catahoula,2012,2016,White (includes Hispanic),9.3
22,Louisiana,22025,Catahoula,2013,2017,Asian/Pacific Islander (includes Hispanic),
22,Louisiana,22025,Catahoula,2013,2017,Black (includes Hispanic),
22,Louisiana,22025,Catahoula,2013,2017,Hispanic (all races),
22,Louisiana,22025,Catahoula,2013,2017,American Indian/Alaskan Native (includes Hispanic),
22,Louisiana,22025,Catahoula,2013,2017,White (includes Hispanic),8.2
22,Louisiana,22025,Catahoula,2014,2018,Asian/Pacific Islander (includes Hispanic),
22,Louisiana,22025,Catahoula,2014,2018,Black (includes Hispanic),
22,Louisiana,22025,Catahoula,2014,2018,Hispanic (all races),
22,Louisiana,22025,Catahoula,2014,2018,American Indian/Alaskan Native (includes Hispanic),
22,Louisiana,22025,Catahoula,2014,2018,White (includes Hispanic),9.8
22,Louisiana,22025,Catahoula,2015,2019,Asian/Pacific Islander (includes Hispanic),
22,Louisiana,22025,Catahoula,2015,2019,Black (includes Hispanic),
22,Louisiana,22025,Catahoula,2015,2019,Hispanic (all races),
22,Louisiana,22025,Catahoula,2015,2019,American Indian/Alaskan Native (includes Hispanic),
22,Louisiana,22025,Catahoula,2015,2019,White (includes Hispanic),11.9
22,Louisiana,22025,Catahoula,2016,2020,Asian/Pacific Islander (includes Hispanic),
22,Louisiana,22025,Catahoula,2016,2020,Black (includes Hispanic),
22,Louisiana,22025,Catahoula,2016,2020,Hispanic (all races),
22,Louisiana,22025,Catahoula,2016,2020,American Indian/Alaskan Native (includes Hispanic),
22,Louisiana,22025,Catahoula,2016,2020,White (includes Hispanic),11.9
22,Louisiana,22027,Claiborne,2011,2015,Asian/Pacific Islander (includes Hispanic),
22,Louisiana,22027,Claiborne,2011,2015,Black (includes Hispanic),14.4
22,Louisiana,22027,Claiborne,2011,2015,Hispanic (all races),
22,Louisiana,22027,Claiborne,2011,2015,American Indian/Alaskan Native (includes Hispanic),
22,Louisiana,22027,Claiborne,2011,2015,White (includes Hispanic),9.1
22,Louisiana,22027,Claiborne,2012,2016,Asian/Pacific Islander (includes Hispanic),
22,Louisiana,22027,Claiborne,2012,2016,Black (includes Hispanic),11.6
22,Louisiana,22027,Claiborne,2012,2016,Hispanic (all races),
22,Louisiana,22027,Claiborne,2012,2016,American Indian/Alaskan Native (includes Hispanic),
22,Louisiana,22027,Claiborne,2012,2016,White (includes Hispanic),10.1
22,Louisiana,22027,Claiborne,2013,2017,Asian/Pacific Islander (includes Hispanic),
22,Louisiana,22027,Claiborne,2013,2017,Black (includes Hispanic),12.3
22,Louisiana,22027,Claiborne,2013,2017,Hispanic (all races),
22,Louisiana,22027,Claiborne,2013,2017,American Indian/Alaskan Native (includes Hispanic),
22,Louisiana,22027,Claiborne,2013,2017,White (includes Hispanic),9.2
22,Louisiana,22027,Claiborne,2014,2018,Asian/Pacific Islander (includes Hispanic),
22,Louisiana,22027,Claiborne,2014,2018,Black (includes Hispanic),11.8
22,Louisiana,22027,Claiborne,2014,2018,Hispanic (all races),
22,Louisiana,22027,Claiborne,2014,2018,American Indian/Alaskan Native (includes Hispanic),
22,Louisiana,22027,Claiborne,2014,2018,White (includes Hispanic),11.6
22,Louisiana,22027,Claiborne,2015,2019,Asian/Pacific Islander (includes Hispanic),
22,Louisiana,22027,Claiborne,2015,2019,Black (includes Hispanic),11.9
22,Louisiana,22027,Claiborne,2015,2019,Hispanic (all races),
22,Louisiana,22027,Claiborne,2015,2019,American Indian/Alaskan Native (includes Hispanic),
22,Louisiana,22027,Claiborne,2015,2019,White (includes Hispanic),11.6
22,Louisiana,22027,Claiborne,2016,2020,Asian/Pacific Islander (includes Hispanic),
22,Louisiana,22027,Claiborne,2016,2020,Black (includes Hispanic),12.0
22,Louisiana,22027,Claiborne,2016,2020,Hispanic (all races),
22,Louisiana,22027,Claiborne,2016,2020,American Indian/Alaskan Native (includes Hispanic),
22,Louisiana,22027,Claiborne,2016,2020,White (includes Hispanic),8.5
22,Louisiana,22029,Concordia,2011,2015,Asian/Pacific Islander (includes Hispanic),
22,Louisiana,22029,Concordia,2011,2015,Black (includes Hispanic),16.3
22,Louisiana,22029,Concordia,2011,2015,Hispanic (all races),
22,Louisiana,22029,Concordia,2011,2015,American Indian/Alaskan Native (includes Hispanic),
22,Louisiana,22029,Concordia,2011,2015,White (includes Hispanic),9.5
22,Louisiana,22029,Concordia,2012,2016,Asian/Pacific Islander (includes Hispanic),
22,Louisiana,22029,Concordia,2012,2016,Black (includes Hispanic),13.0
22,Louisiana,22029,Concordia,2012,2016,Hispanic (all races),
22,Louisiana,22029,Concordia,2012,2016,American Indian/Alaskan Native (includes Hispanic),
22,Louisiana,22029,Concordia,2012,2016,White (includes Hispanic),11.7
22,Louisiana,22029,Concordia,2013,2017,Asian/Pacific Islander (includes Hispanic),
22,Louisiana,22029,Concordia,2013,2017,Black (includes Hispanic),
22,Louisiana,22029,Concordia,2013,2017,Hispanic (all races),
22,Louisiana,22029,Concordia,2013,2017,American Indian/Alaskan Native (includes Hispanic),
22,Louisiana,22029,Concordia,2013,2017,White (includes Hispanic),10.0
22,Louisiana,22029,Concordia,2014,2018,Asian/Pacific Islander (includes Hispanic),
22,Louisiana,22029,Concordia,2014,2018,Black (includes Hispanic),
22,Louisiana,22029,Concordia,2014,2018,Hispanic (all races),
22,Louisiana,22029,Concordia,2014,2018,American Indian/Alaskan Native (includes Hispanic),
22,Louisiana,22029,Concordia,2014,2018,White (includes Hispanic),9.7
22,Louisiana,22029,Concordia,2015,2019,Asian/Pacific Islander (includes Hispanic),
22,Louisiana,22029,Concordia,2015,2019,Black (includes Hispanic),11.0
22,Louisiana,22029,Concordia,2015,2019,Hispanic (all races),
22,Louisiana,22029,Concordia,2015,2019,American Indian/Alaskan Native (includes Hispanic),
22,Louisiana,22029,Concordia,2015,2019,White (includes Hispanic),11.1
22,Louisiana,22029,Concordia,2016,2020,Asian/Pacific Islander (includes Hispanic),
22,Louisiana,22029,Concordia,2016,2020,Black (includes Hispanic),12.5
22,Louisiana,22029,Concordia,2016,2020,Hispanic (all races),
22,Louisiana,22029,Concordia,2016,2020,American Indian/Alaskan Native (includes Hispanic),
22,Louisiana,22029,Concordia,2016,2020,White (includes Hispanic),10.3
22,Louisiana,22031,De Soto,2011,2015,Asian/Pacific Islander (includes Hispanic),
22,Louisiana,22031,De Soto,2011,2015,Black (includes Hispanic),14.8
22,Louisiana,22031,De Soto,2011,2015,Hispanic (all races),
22,Louisiana,22031,De Soto,2011,2015,American Indian/Alaskan Native (includes Hispanic),
22,Louisiana,22031,De Soto,2011,2015,White (includes Hispanic),12.7
22,Louisiana,22031,De Soto,2012,2016,Asian/Pacific Islander (includes Hispanic),
22,Louisiana,22031,De Soto,2012,2016,Black (includes Hispanic),13.8
22,Louisiana,22031,De Soto,2012,2016,Hispanic (all races),
22,Louisiana,22031,De Soto,2012,2016,American Indian/Alaskan Native (includes Hispanic),
22,Louisiana,22031,De Soto,2012,2016,White (includes Hispanic),11.7
22,Louisiana,22031,De Soto,2013,2017,Asian/Pacific Islander (includes Hispanic),
22,Louisiana,22031,De Soto,2013,2017,Black (includes Hispanic),14.2
22,Louisiana,22031,De Soto,2013,2017,Hispanic (all races),
22,Louisiana,22031,De Soto,2013,2017,American Indian/Alaskan Native (includes Hispanic),
22,Louisiana,22031,De Soto,2013,2017,White (includes Hispanic),10.7
22,Louisiana,22031,De Soto,2014,2018,Asian/Pacific Islander (includes Hispanic),
22,Louisiana,22031,De Soto,2014,2018,Black (includes Hispanic),12.4
22,Louisiana,22031,De Soto,2014,2018,Hispanic (all races),
22,Louisiana,22031,De Soto,2014,2018,American Indian/Alaskan Native (includes Hispanic),
22,Louisiana,22031,De Soto,2014,2018,White (includes Hispanic),12.0
22,Louisiana,22031,De Soto,2015,2019,Asian/Pacific Islander (includes Hispanic),
22,Louisiana,22031,De Soto,2015,2019,Black (includes Hispanic),13.3
22,Louisiana,22031,De Soto,2015,2019,Hispanic (all races),
22,Louisiana,22031,De Soto,2015,2019,American Indian/Alaskan Native (includes Hispanic),
22,Louisiana,22031,De Soto,2015,2019,White (includes Hispanic),11.3
22,Louisiana,22031,De Soto,2016,2020,Asian/Pacific Islander (includes Hispanic),
22,Louisiana,22031,De Soto,2016,2020,Black (includes Hispanic),11.1
22,Louisiana,22031,De Soto,2016,2020,Hispanic (all races),
22,Louisiana,22031,De Soto,2016,2020,American Indian/Alaskan Native (includes Hispanic),
22,Louisiana,22031,De Soto,2016,2020,White (includes Hispanic),9.3
22,Louisiana,22033,East Baton Rouge,2011,2015,Asian/Pacific Islander (includes Hispanic),
22,Louisiana,22033,East Baton Rouge,2011,2015,Black (includes Hispanic),11.4
22,Louisiana,22033,East Baton Rouge,2011,2015,Hispanic (all races),
22,Louisiana,22033,East Baton Rouge,2011,2015,American Indian/Alaskan Native (includes Hispanic),
22,Louisiana,22033,East Baton Rouge,2011,2015,White (includes Hispanic),6.2
22,Louisiana,22033,East Baton Rouge,2012,2016,Asian/Pacific Islander (includes Hispanic),
22,Louisiana,22033,East Baton Rouge,2012,2016,Black (includes Hispanic),10.7
22,Louisiana,22033,East Baton Rouge,2012,2016,Hispanic (all races),
22,Louisiana,22033,East Baton Rouge,2012,2016,American Indian/Alaskan Native (includes Hispanic),
22,Louisiana,22033,East Baton Rouge,2012,2016,White (includes Hispanic),6.1
22,Louisiana,22033,East Baton Rouge,2013,2017,Asian/Pacific Islander (includes Hispanic),
22,Louisiana,22033,East Baton Rouge,2013,2017,Black (includes Hispanic),11.4
22,Louisiana,22033,East Baton Rouge,2013,2017,Hispanic (all races),
22,Louisiana,22033,East Baton Rouge,2013,2017,American Indian/Alaskan Native (includes Hispanic),
22,Louisiana,22033,East Baton Rouge,2013,2017,White (includes Hispanic),6.5
22,Louisiana,22033,East Baton Rouge,2014,2018,Asian/Pacific Islander (includes Hispanic),
22,Louisiana,22033,East Baton Rouge,2014,2018,Black (includes Hispanic),10.3
22,Louisiana,22033,East Baton Rouge,2014,2018,Hispanic (all races),
22,Louisiana,22033,East Baton Rouge,2014,2018,American Indian/Alaskan Native (includes Hispanic),
22,Louisiana,22033,East Baton Rouge,2014,2018,White (includes Hispanic),6.9
22,Louisiana,22033,East Baton Rouge,2015,2019,Asian/Pacific Islander (includes Hispanic),
22,Louisiana,22033,East Baton Rouge,2015,2019,Black (includes Hispanic),10.2
22,Louisiana,22033,East Baton Rouge,2015,2019,Hispanic (all races),
22,Louisiana,22033,East Baton Rouge,2015,2019,American Indian/Alaskan Native (includes Hispanic),
22,Louisiana,22033,East Baton Rouge,2015,2019,White (includes Hispanic),6.9
22,Louisiana,22033,East Baton Rouge,2016,2020,Asian/Pacific Islander (includes Hispanic),
22,Louisiana,22033,East Baton Rouge,2016,2020,Black (includes Hispanic),9.2
22,Louisiana,22033,East Baton Rouge,2016,2020,Hispanic (all races),
22,Louisiana,22033,East Baton Rouge,2016,2020,American Indian/Alaskan Native (includes Hispanic),
22,Louisiana,22033,East Baton Rouge,2016,2020,White (includes Hispanic),6.8
22,Louisiana,22035,East Carroll,2011,2015,Asian/Pacific Islander (includes Hispanic),
22,Louisiana,22035,East Carroll,2011,2015,Black (includes Hispanic),12.0
22,Louisiana,22035,East Carroll,2011,2015,Hispanic (all races),
22,Louisiana,22035,East Carroll,2011,2015,American Indian/Alaskan Native (includes Hispanic),
22,Louisiana,22035,East Carroll,2011,2015,White (includes Hispanic),
22,Louisiana,22035,East Carroll,2012,2016,Asian/Pacific Islander (includes Hispanic),
22,Louisiana,22035,East Carroll,2012,2016,Black (includes Hispanic),
22,Louisiana,22035,East Carroll,2012,2016,Hispanic (all races),
22,Louisiana,22035,East Carroll,2012,2016,American Indian/Alaskan Native (includes Hispanic),
22,Louisiana,22035,East Carroll,2012,2016,White (includes Hispanic),
22,Louisiana,22035,East Carroll,2013,2017,Asian/Pacific Islander (includes Hispanic),
22,Louisiana,22035,East Carroll,2013,2017,Black (includes Hispanic),
22,Louisiana,22035,East Carroll,2013,2017,Hispanic (all races),
22,Louisiana,22035,East Carroll,2013,2017,American Indian/Alaskan Native (includes Hispanic),
22,Louisiana,22035,East Carroll,2013,2017,White (includes Hispanic),
22,Louisiana,22035,East Carroll,2014,2018,Asian/Pacific Islander (includes Hispanic),
22,Louisiana,22035,East Carroll,2014,2018,Black (includes Hispanic),
22,Louisiana,22035,East Carroll,2014,2018,Hispanic (all races),
22,Louisiana,22035,East Carroll,2014,2018,American Indian/Alaskan Native (includes Hispanic),
22,Louisiana,22035,East Carroll,2014,2018,White (includes Hispanic),
22,Louisiana,22035,East Carroll,2015,2019,Asian/Pacific Islander (includes Hispanic),
22,Louisiana,22035,East Carroll,2015,2019,Black (includes Hispanic),
22,Louisiana,22035,East Carroll,2015,2019,Hispanic (all races),
22,Louisiana,22035,East Carroll,2015,2019,American Indian/Alaskan Native (includes Hispanic),
22,Louisiana,22035,East Carroll,2015,2019,White (includes Hispanic),
22,Louisiana,22035,East Carroll,2016,2020,Asian/Pacific Islander (includes Hispanic),
22,Louisiana,22035,East Carroll,2016,2020,Black (includes Hispanic),
22,Louisiana,22035,East Carroll,2016,2020,Hispanic (all races),
22,Louisiana,22035,East Carroll,2016,2020,American Indian/Alaskan Native (includes Hispanic),
22,Louisiana,22035,East Carroll,2016,2020,White (includes Hispanic),
22,Louisiana,22037,East Feliciana,2011,2015,Asian/Pacific Islander (includes Hispanic),
22,Louisiana,22037,East Feliciana,2011,2015,Black (includes Hispanic),11.7
22,Louisiana,22037,East Feliciana,2011,2015,Hispanic (all races),
22,Louisiana,22037,East Feliciana,2011,2015,American Indian/Alaskan Native (includes Hispanic),
22,Louisiana,22037,East Feliciana,2011,2015,White (includes Hispanic),5.5
22,Louisiana,22037,East Feliciana,2012,2016,Asian/Pacific Islander (includes Hispanic),
22,Louisiana,22037,East Feliciana,2012,2016,Black (includes Hispanic),10.8
22,Louisiana,22037,East Feliciana,2012,2016,Hispanic (all races),
22,Louisiana,22037,East Feliciana,2012,2016,American Indian/Alaskan Native (includes Hispanic),
22,Louisiana,22037,East Feliciana,2012,2016,White (includes Hispanic),4.6
22,Louisiana,22037,East Feliciana,2013,2017,Asian/Pacific Islander (includes Hispanic),
22,Louisiana,22037,East Feliciana,2013,2017,Black (includes Hispanic),11.6
22,Louisiana,22037,East Feliciana,2013,2017,Hispanic (all races),
22,Louisiana,22037,East Feliciana,2013,2017,American Indian/Alaskan Native (includes Hispanic),
22,Louisiana,22037,East Feliciana,2013,2017,White (includes Hispanic),4.8
22,Louisiana,22037,East Feliciana,2014,2018,Asian/Pacific Islander (includes Hispanic),
22,Louisiana,22037,East Feliciana,2014,2018,Black (includes Hispanic),10.9
22,Louisiana,22037,East Feliciana,2014,2018,Hispanic (all races),
22,Louisiana,22037,East Feliciana,2014,2018,American Indian/Alaskan Native (includes Hispanic),
22,Louisiana,22037,East Feliciana,2014,2018,White (includes Hispanic),5.0
22,Louisiana,22037,East Feliciana,2015,2019,Asian/Pacific Islander (includes Hispanic),
22,Louisiana,22037,East Feliciana,2015,2019,Black (includes Hispanic),10.6
22,Louisiana,22037,East Feliciana,2015,2019,Hispanic (all races),
22,Louisiana,22037,East Feliciana,2015,2019,American Indian/Alaskan Native (includes Hispanic),
22,Louisiana,22037,East Feliciana,2015,2019,White (includes Hispanic),4.6
22,Louisiana,22037,East Feliciana,2016,2020,Asian/Pacific Islander (includes Hispanic),
22,Louisiana,22037,East Feliciana,2016,2020,Black (includes Hispanic),10.3
22,Louisiana,22037,East Feliciana,2016,2020,Hispanic (all races),
22,Louisiana,22037,East Feliciana,2016,2020,American Indian/Alaskan Native (includes Hispanic),
22,Louisiana,22037,East Feliciana,2016,2020,White (includes Hispanic),5.1
22,Louisiana,22039,Evangeline,2011,2015,Asian/Pacific Islander (includes Hispanic),
22,Louisiana,22039,Evangeline,2011,2015,Black (includes Hispanic),9.9
22,Louisiana,22039,Evangeline,2011,2015,Hispanic (all races),
22,Louisiana,22039,Evangeline,2011,2015,American Indian/Alaskan Native (includes Hispanic),
22,Louisiana,22039,Evangeline,2011,2015,White (includes Hispanic),6.7
22,Louisiana,22039,Evangeline,2012,2016,Asian/Pacific Islander (includes Hispanic),
22,Louisiana,22039,Evangeline,2012,2016,Black (includes Hispanic),10.5
22,Louisiana,22039,Evangeline,2012,2016,Hispanic (all races),
22,Louisiana,22039,Evangeline,2012,2016,American Indian/Alaskan Native (includes Hispanic),
22,Louisiana,22039,Evangeline,2012,2016,White (includes Hispanic),7.8
22,Louisiana,22039,Evangeline,2013,2017,Asian/Pacific Islander (includes Hispanic),
22,Louisiana,22039,Evangeline,2013,2017,Black (includes Hispanic),9.7
22,Louisiana,22039,Evangeline,2013,2017,Hispanic (all races),
22,Louisiana,22039,Evangeline,2013,2017,American Indian/Alaskan Native (includes Hispanic),
22,Louisiana,22039,Evangeline,2013,2017,White (includes Hispanic),9.0
22,Louisiana,22039,Evangeline,2014,2018,Asian/Pacific Islander (includes Hispanic),
22,Louisiana,22039,Evangeline,2014,2018,Black (includes Hispanic),9.8
22,Louisiana,22039,Evangeline,2014,2018,Hispanic (all races),
22,Louisiana,22039,Evangeline,2014,2018,American Indian/Alaskan Native (includes Hispanic),
22,Louisiana,22039,Evangeline,2014,2018,White (includes Hispanic),9.5
22,Louisiana,22039,Evangeline,2015,2019,Asian/Pacific Islander (includes Hispanic),
22,Louisiana,22039,Evangeline,2015,2019,Black (includes Hispanic),10.8
22,Louisiana,22039,Evangeline,2015,2019,Hispanic (all races),
22,Louisiana,22039,Evangeline,2015,2019,American Indian/Alaskan Native (includes Hispanic),
22,Louisiana,22039,Evangeline,2015,2019,White (includes Hispanic),10.2
22,Louisiana,22039,Evangeline,2016,2020,Asian/Pacific Islander (includes Hispanic),
22,Louisiana,22039,Evangeline,2016,2020,Black (includes Hispanic),9.1
22,Louisiana,22039,Evangeline,2016,2020,Hispanic (all races),
22,Louisiana,22039,Evangeline,2016,2020,American Indian/Alaskan Native (includes Hispanic),
22,Louisiana,22039,Evangeline,2016,2020,White (includes Hispanic),10.5
22,Louisiana,22041,Franklin,2011,2015,Asian/Pacific Islander (includes Hispanic),
22,Louisiana,22041,Franklin,2011,2015,Black (includes Hispanic),
22,Louisiana,22041,Franklin,2011,2015,Hispanic (all races),
22,Louisiana,22041,Franklin,2011,2015,American Indian/Alaskan Native (includes Hispanic),
22,Louisiana,22041,Franklin,2011,2015,White (includes Hispanic),
22,Louisiana,22041,Franklin,2012,2016,Asian/Pacific Islander (includes Hispanic),
22,Louisiana,22041,Franklin,2012,2016,Black (includes Hispanic),
22,Louisiana,22041,Franklin,2012,2016,Hispanic (all races),
22,Louisiana,22041,Franklin,2012,2016,American Indian/Alaskan Native (includes Hispanic),
22,Louisiana,22041,Franklin,2012,2016,White (includes Hispanic),
22,Louisiana,22041,Franklin,2013,2017,Asian/Pacific Islander (includes Hispanic),
22,Louisiana,22041,Franklin,2013,2017,Black (includes Hispanic),
22,Louisiana,22041,Franklin,2013,2017,Hispanic (all races),
22,Louisiana,22041,Franklin,2013,2017,American Indian/Alaskan Native (includes Hispanic),
22,Louisiana,22041,Franklin,2013,2017,White (includes Hispanic),
22,Louisiana,22041,Franklin,2014,2018,Asian/Pacific Islander (includes Hispanic),
22,Louisiana,22041,Franklin,2014,2018,Black (includes Hispanic),
22,Louisiana,22041,Franklin,2014,2018,Hispanic (all races),
22,Louisiana,22041,Franklin,2014,2018,American Indian/Alaskan Native (includes Hispanic),
22,Louisiana,22041,Franklin,2014,2018,White (includes Hispanic),
22,Louisiana,22041,Franklin,2015,2019,Asian/Pacific Islander (includes Hispanic),
22,Louisiana,22041,Franklin,2015,2019,Black (includes Hispanic),
22,Louisiana,22041,Franklin,2015,2019,Hispanic (all races),
22,Louisiana,22041,Franklin,2015,2019,American Indian/Alaskan Native (includes Hispanic),
22,Louisiana,22041,Franklin,2015,2019,White (includes Hispanic),
22,Louisiana,22041,Franklin,2016,2020,Asian/Pacific Islander (includes Hispanic),
22,Louisiana,22041,Franklin,2016,2020,Black (includes Hispanic),
22,Louisiana,22041,Franklin,2016,2020,Hispanic (all races),
22,Louisiana,22041,Franklin,2016,2020,American Indian/Alaskan Native (includes Hispanic),
22,Louisiana,22041,Franklin,2016,2020,White (includes Hispanic),
22,Louisiana,22043,Grant,2011,2015,Asian/Pacific Islander (includes Hispanic),
22,Louisiana,22043,Grant,2011,2015,Black (includes Hispanic),10.5
22,Louisiana,22043,Grant,2011,2015,Hispanic (all races),
22,Louisiana,22043,Grant,2011,2015,American Indian/Alaskan Native (includes Hispanic),
22,Louisiana,22043,Grant,2011,2015,White (includes Hispanic),7.6
22,Louisiana,22043,Grant,2012,2016,Asian/Pacific Islander (includes Hispanic),
22,Louisiana,22043,Grant,2012,2016,Black (includes Hispanic),
22,Louisiana,22043,Grant,2012,2016,Hispanic (all races),
22,Louisiana,22043,Grant,2012,2016,American Indian/Alaskan Native (includes Hispanic),
22,Louisiana,22043,Grant,2012,2016,White (includes Hispanic),8.4
22,Louisiana,22043,Grant,2013,2017,Asian/Pacific Islander (includes Hispanic),
22,Louisiana,22043,Grant,2013,2017,Black (includes Hispanic),11.7
22,Louisiana,22043,Grant,2013,2017,Hispanic (all races),
22,Louisiana,22043,Grant,2013,2017,American Indian/Alaskan Native (includes Hispanic),
22,Louisiana,22043,Grant,2013,2017,White (includes Hispanic),8.7
22,Louisiana,22043,Grant,2014,2018,Asian/Pacific Islander (includes Hispanic),
22,Louisiana,22043,Grant,2014,2018,Black (includes Hispanic),14.7
22,Louisiana,22043,Grant,2014,2018,Hispanic (all races),
22,Louisiana,22043,Grant,2014,2018,American Indian/Alaskan Native (includes Hispanic),
22,Louisiana,22043,Grant,2014,2018,White (includes Hispanic),8.9
22,Louisiana,22043,Grant,2015,2019,Asian/Pacific Islander (includes Hispanic),
22,Louisiana,22043,Grant,2015,2019,Black (includes Hispanic),15.2
22,Louisiana,22043,Grant,2015,2019,Hispanic (all races),
22,Louisiana,22043,Grant,2015,2019,American Indian/Alaskan Native (includes Hispanic),
22,Louisiana,22043,Grant,2015,2019,White (includes Hispanic),10.0
22,Louisiana,22043,Grant,2016,2020,Asian/Pacific Islander (includes Hispanic),
22,Louisiana,22043,Grant,2016,2020,Black (includes Hispanic),13.9
22,Louisiana,22043,Grant,2016,2020,Hispanic (all races),
22,Louisiana,22043,Grant,2016,2020,American Indian/Alaskan Native (includes Hispanic),
22,Louisiana,22043,Grant,2016,2020,White (includes Hispanic),9.0
22,Louisiana,22045,Iberia,2011,2015,Asian/Pacific Islander (includes Hispanic),
22,Louisiana,22045,Iberia,2011,2015,Black (includes Hispanic),12.1
22,Louisiana,22045,Iberia,2011,2015,Hispanic (all races),
22,Louisiana,22045,Iberia,2011,2015,American Indian/Alaskan Native (includes Hispanic),
22,Louisiana,22045,Iberia,2011,2015,White (includes Hispanic),8.5
22,Louisiana,22045,Iberia,2012,2016,Asian/Pacific Islander (includes Hispanic),
22,Louisiana,22045,Iberia,2012,2016,Black (includes Hispanic),11.8
22,Louisiana,22045,Iberia,2012,2016,Hispanic (all races),
22,Louisiana,22045,Iberia,2012,2016,American Indian/Alaskan Native (includes Hispanic),
22,Louisiana,22045,Iberia,2012,2016,White (includes Hispanic),9.3
22,Louisiana,22045,Iberia,2013,2017,Asian/Pacific Islander (includes Hispanic),
22,Louisiana,22045,Iberia,2013,2017,Black (includes Hispanic),10.2
22,Louisiana,22045,Iberia,2013,2017,Hispanic (all races),
22,Louisiana,22045,Iberia,2013,2017,American Indian/Alaskan Native (includes Hispanic),
22,Louisiana,22045,Iberia,2013,2017,White (includes Hispanic),9.1
22,Louisiana,22045,Iberia,2014,2018,Asian/Pacific Islander (includes Hispanic),
22,Louisiana,22045,Iberia,2014,2018,Black (includes Hispanic),10.0
22,Louisiana,22045,Iberia,2014,2018,Hispanic (all races),
22,Louisiana,22045,Iberia,2014,2018,American Indian/Alaskan Native (includes Hispanic),
22,Louisiana,22045,Iberia,2014,2018,White (includes Hispanic),9.5
22,Louisiana,22045,Iberia,2015,2019,Asian/Pacific Islander (includes Hispanic),
22,Louisiana,22045,Iberia,2015,2019,Black (includes Hispanic),9.2
22,Louisiana,22045,Iberia,2015,2019,Hispanic (all races),
22,Louisiana,22045,Iberia,2015,2019,American Indian/Alaskan Native (includes Hispanic),
22,Louisiana,22045,Iberia,2015,2019,White (includes Hispanic),9.2
22,Louisiana,22045,Iberia,2016,2020,Asian/Pacific Islander (includes Hispanic),
22,Louisiana,22045,Iberia,2016,2020,Black (includes Hispanic),9.1
22,Louisiana,22045,Iberia,2016,2020,Hispanic (all races),
22,Louisiana,22045,Iberia,2016,2020,American Indian/Alaskan Native (includes Hispanic),
22,Louisiana,22045,Iberia,2016,2020,White (includes Hispanic),8.8
22,Louisiana,22047,Iberville,2011,2015,Asian/Pacific Islander (includes Hispanic),
22,Louisiana,22047,Iberville,2011,2015,Black (includes Hispanic),12.1
22,Louisiana,22047,Iberville,2011,2015,Hispanic (all races),
22,Louisiana,22047,Iberville,2011,2015,American Indian/Alaskan Native (includes Hispanic),
22,Louisiana,22047,Iberville,2011,2015,White (includes Hispanic),6.4
22,Louisiana,22047,Iberville,2012,2016,Asian/Pacific Islander (includes Hispanic),
22,Louisiana,22047,Iberville,2012,2016,Black (includes Hispanic),11.3
22,Louisiana,22047,Iberville,2012,2016,Hispanic (all races),
22,Louisiana,22047,Iberville,2012,2016,American Indian/Alaskan Native (includes Hispanic),
22,Louisiana,22047,Iberville,2012,2016,White (includes Hispanic),6.4
22,Louisiana,22047,Iberville,2013,2017,Asian/Pacific Islander (includes Hispanic),
22,Louisiana,22047,Iberville,2013,2017,Black (includes Hispanic),11.2
22,Louisiana,22047,Iberville,2013,2017,Hispanic (all races),
22,Louisiana,22047,Iberville,2013,2017,American Indian/Alaskan Native (includes Hispanic),
22,Louisiana,22047,Iberville,2013,2017,White (includes Hispanic),6.3
22,Louisiana,22047,Iberville,2014,2018,Asian/Pacific Islander (includes Hispanic),
22,Louisiana,22047,Iberville,2014,2018,Black (includes Hispanic),10.4
22,Louisiana,22047,Iberville,2014,2018,Hispanic (all races),
22,Louisiana,22047,Iberville,2014,2018,American Indian/Alaskan Native (includes Hispanic),
22,Louisiana,22047,Iberville,2014,2018,White (includes Hispanic),6.4
22,Louisiana,22047,Iberville,2015,2019,Asian/Pacific Islander (includes Hispanic),
22,Louisiana,22047,Iberville,2015,2019,Black (includes Hispanic),9.8
22,Louisiana,22047,Iberville,2015,2019,Hispanic (all races),
22,Louisiana,22047,Iberville,2015,2019,American Indian/Alaskan Native (includes Hispanic),
22,Louisiana,22047,Iberville,2015,2019,White (includes Hispanic),6.5
22,Louisiana,22047,Iberville,2016,2020,Asian/Pacific Islander (includes Hispanic),
22,Louisiana,22047,Iberville,2016,2020,Black (includes Hispanic),8.9
22,Louisiana,22047,Iberville,2016,2020,Hispanic (all races),
22,Louisiana,22047,Iberville,2016,2020,American Indian/Alaskan Native (includes Hispanic),
22,Louisiana,22047,Iberville,2016,2020,White (includes Hispanic),6.9
22,Louisiana,22049,Jackson,2011,2015,Asian/Pacific Islander (includes Hispanic),
22,Louisiana,22049,Jackson,2011,2015,Black (includes Hispanic),11.5
22,Louisiana,22049,Jackson,2011,2015,Hispanic (all races),
22,Louisiana,22049,Jackson,2011,2015,American Indian/Alaskan Native (includes Hispanic),
22,Louisiana,22049,Jackson,2011,2015,White (includes Hispanic),7.3
22,Louisiana,22049,Jackson,2012,2016,Asian/Pacific Islander (includes Hispanic),
22,Louisiana,22049,Jackson,2012,2016,Black (includes Hispanic),11.2
22,Louisiana,22049,Jackson,2012,2016,Hispanic (all races),
22,Louisiana,22049,Jackson,2012,2016,American Indian/Alaskan Native (includes Hispanic),
22,Louisiana,22049,Jackson,2012,2016,White (includes Hispanic),6.6
22,Louisiana,22049,Jackson,2013,2017,Asian/Pacific Islander (includes Hispanic),
22,Louisiana,22049,Jackson,2013,2017,Black (includes Hispanic),10.6
22,Louisiana,22049,Jackson,2013,2017,Hispanic (all races),
22,Louisiana,22049,Jackson,2013,2017,American Indian/Alaskan Native (includes Hispanic),
22,Louisiana,22049,Jackson,2013,2017,White (includes Hispanic),8.0
22,Louisiana,22049,Jackson,2014,2018,Asian/Pacific Islander (includes Hispanic),
22,Louisiana,22049,Jackson,2014,2018,Black (includes Hispanic),12.4
22,Louisiana,22049,Jackson,2014,2018,Hispanic (all races),
22,Louisiana,22049,Jackson,2014,2018,American Indian/Alaskan Native (includes Hispanic),
22,Louisiana,22049,Jackson,2014,2018,White (includes Hispanic),8.8
22,Louisiana,22049,Jackson,2015,2019,Asian/Pacific Islander (includes Hispanic),
22,Louisiana,22049,Jackson,2015,2019,Black (includes Hispanic),12.6
22,Louisiana,22049,Jackson,2015,2019,Hispanic (all races),
22,Louisiana,22049,Jackson,2015,2019,American Indian/Alaskan Native (includes Hispanic),
22,Louisiana,22049,Jackson,2015,2019,White (includes Hispanic),8.5
22,Louisiana,22049,Jackson,2016,2020,Asian/Pacific Islander (includes Hispanic),
22,Louisiana,22049,Jackson,2016,2020,Black (includes Hispanic),12.3
22,Louisiana,22049,Jackson,2016,2020,Hispanic (all races),
22,Louisiana,22049,Jackson,2016,2020,American Indian/Alaskan Native (includes Hispanic),
22,Louisiana,22049,Jackson,2016,2020,White (includes Hispanic),7.9
22,Louisiana,22051,Jefferson,2011,2015,Asian/Pacific Islander (includes Hispanic),
22,Louisiana,22051,Jefferson,2011,2015,Black (includes Hispanic),10.3
22,Louisiana,22051,Jefferson,2011,2015,Hispanic (all races),10.4
22,Louisiana,22051,Jefferson,2011,2015,American Indian/Alaskan Native (includes Hispanic),
22,Louisiana,22051,Jefferson,2011,2015,White (includes Hispanic),7.9
22,Louisiana,22051,Jefferson,2012,2016,Asian/Pacific Islander (includes Hispanic),
22,Louisiana,22051,Jefferson,2012,2016,Black (includes Hispanic),10.2
22,Louisiana,22051,Jefferson,2012,2016,Hispanic (all races),11.4
22,Louisiana,22051,Jefferson,2012,2016,American Indian/Alaskan Native (includes Hispanic),
22,Louisiana,22051,Jefferson,2012,2016,White (includes Hispanic),7.6
22,Louisiana,22051,Jefferson,2013,2017,Asian/Pacific Islander (includes Hispanic),
22,Louisiana,22051,Jefferson,2013,2017,Black (includes Hispanic),10.1
22,Louisiana,22051,Jefferson,2013,2017,Hispanic (all races),11.3
22,Louisiana,22051,Jefferson,2013,2017,American Indian/Alaskan Native (includes Hispanic),
22,Louisiana,22051,Jefferson,2013,2017,White (includes Hispanic),8.3
22,Louisiana,22051,Jefferson,2014,2018,Asian/Pacific Islander (includes Hispanic),
22,Louisiana,22051,Jefferson,2014,2018,Black (includes Hispanic),11.0
22,Louisiana,22051,Jefferson,2014,2018,Hispanic (all races),9.8
22,Louisiana,22051,Jefferson,2014,2018,American Indian/Alaskan Native (includes Hispanic),
22,Louisiana,22051,Jefferson,2014,2018,White (includes Hispanic),8.4
22,Louisiana,22051,Jefferson,2015,2019,Asian/Pacific Islander (includes Hispanic),
22,Louisiana,22051,Jefferson,2015,2019,Black (includes Hispanic),10.1
22,Louisiana,22051,Jefferson,2015,2019,Hispanic (all races),14.5
22,Louisiana,22051,Jefferson,2015,2019,American Indian/Alaskan Native (includes Hispanic),
22,Louisiana,22051,Jefferson,2015,2019,White (includes Hispanic),8.2
22,Louisiana,22051,Jefferson,2016,2020,Asian/Pacific Islander (includes Hispanic),
22,Louisiana,22051,Jefferson,2016,2020,Black (includes Hispanic),9.4
22,Louisiana,22051,Jefferson,2016,2020,Hispanic (all races),14.0
22,Louisiana,22051,Jefferson,2016,2020,American Indian/Alaskan Native (includes Hispanic),
22,Louisiana,22051,Jefferson,2016,2020,White (includes Hispanic),7.6
22,Louisiana,22053,Jefferson Davis,2011,2015,Asian/Pacific Islander (includes Hispanic),
22,Louisiana,22053,Jefferson Davis,2011,2015,Black (includes Hispanic),13.0
22,Louisiana,22053,Jefferson Davis,2011,2015,Hispanic (all races),
22,Louisiana,22053,Jefferson Davis,2011,2015,American Indian/Alaskan Native (includes Hispanic),
22,Louisiana,22053,Jefferson Davis,2011,2015,White (includes Hispanic),8.5
22,Louisiana,22053,Jefferson Davis,2012,2016,Asian/Pacific Islander (includes Hispanic),
22,Louisiana,22053,Jefferson Davis,2012,2016,Black (includes Hispanic),15.0
22,Louisiana,22053,Jefferson Davis,2012,2016,Hispanic (all races),
22,Louisiana,22053,Jefferson Davis,2012,2016,American Indian/Alaskan Native (includes Hispanic),
22,Louisiana,22053,Jefferson Davis,2012,2016,White (includes Hispanic),8.4
22,Louisiana,22053,Jefferson Davis,2013,2017,Asian/Pacific Islander (includes Hispanic),
22,Louisiana,22053,Jefferson Davis,2013,2017,Black (includes Hispanic),13.0
22,Louisiana,22053,Jefferson Davis,2013,2017,Hispanic (all races),
22,Louisiana,22053,Jefferson Davis,2013,2017,American Indian/Alaskan Native (includes Hispanic),
22,Louisiana,22053,Jefferson Davis,2013,2017,White (includes Hispanic),9.3
22,Louisiana,22053,Jefferson Davis,2014,2018,Asian/Pacific Islander (includes Hispanic),
22,Louisiana,22053,Jefferson Davis,2014,2018,Black (includes Hispanic),12.0
22,Louisiana,22053,Jefferson Davis,2014,2018,Hispanic (all races),
22,Louisiana,22053,Jefferson Davis,2014,2018,American Indian/Alaskan Native (includes Hispanic),
22,Louisiana,22053,Jefferson Davis,2014,2018,White (includes Hispanic),9.6
22,Louisiana,22053,Jefferson Davis,2015,2019,Asian/Pacific Islander (includes Hispanic),
22,Louisiana,22053,Jefferson Davis,2015,2019,Black (includes Hispanic),11.4
22,Louisiana,22053,Jefferson Davis,2015,2019,Hispanic (all races),
22,Louisiana,22053,Jefferson Davis,2015,2019,American Indian/Alaskan Native (includes Hispanic),
22,Louisiana,22053,Jefferson Davis,2015,2019,White (includes Hispanic),10.1
22,Louisiana,22053,Jefferson Davis,2016,2020,Asian/Pacific Islander (includes Hispanic),
22,Louisiana,22053,Jefferson Davis,2016,2020,Black (includes Hispanic),11.1
22,Louisiana,22053,Jefferson Davis,2016,2020,Hispanic (all races),
22,Louisiana,22053,Jefferson Davis,2016,2020,American Indian/Alaskan Native (includes Hispanic),
22,Louisiana,22053,Jefferson Davis,2016,2020,White (includes Hispanic),10.0
22,Louisiana,22059,La Salle,2011,2015,Asian/Pacific Islander (includes Hispanic),
22,Louisiana,22059,La Salle,2011,2015,Black (includes Hispanic),
22,Louisiana,22059,La Salle,2011,2015,Hispanic (all races),
22,Louisiana,22059,La Salle,2011,2015,American Indian/Alaskan Native (includes Hispanic),
22,Louisiana,22059,La Salle,2011,2015,White (includes Hispanic),6.4
22,Louisiana,22059,La Salle,2012,2016,Asian/Pacific Islander (includes Hispanic),
22,Louisiana,22059,La Salle,2012,2016,Black (includes Hispanic),
22,Louisiana,22059,La Salle,2012,2016,Hispanic (all races),
22,Louisiana,22059,La Salle,2012,2016,American Indian/Alaskan Native (includes Hispanic),
22,Louisiana,22059,La Salle,2012,2016,White (includes Hispanic),6.7
22,Louisiana,22059,La Salle,2013,2017,Asian/Pacific Islander (includes Hispanic),
22,Louisiana,22059,La Salle,2013,2017,Black (includes Hispanic),
22,Louisiana,22059,La Salle,2013,2017,Hispanic (all races),
22,Louisiana,22059,La Salle,2013,2017,American Indian/Alaskan Native (includes Hispanic),
22,Louisiana,22059,La Salle,2013,2017,White (includes Hispanic),6.8
22,Louisiana,22059,La Salle,2014,2018,Asian/Pacific Islander (includes Hispanic),
22,Louisiana,22059,La Salle,2014,2018,Black (includes Hispanic),11.3
22,Louisiana,22059,La Salle,2014,2018,Hispanic (all races),
22,Louisiana,22059,La Salle,2014,2018,American Indian/Alaskan Native (includes Hispanic),
22,Louisiana,22059,La Salle,2014,2018,White (includes Hispanic),7.1
22,Louisiana,22059,La Salle,2015,2019,Asian/Pacific Islander (includes Hispanic),
22,Louisiana,22059,La Salle,2015,2019,Black (includes Hispanic),12.7
22,Louisiana,22059,La Salle,2015,2019,Hispanic (all races),
22,Louisiana,22059,La Salle,2015,2019,American Indian/Alaskan Native (includes Hispanic),
22,Louisiana,22059,La Salle,2015,2019,White (includes Hispanic),8.2
22,Louisiana,22059,La Salle,2016,2020,Asian/Pacific Islander (includes Hispanic),
22,Louisiana,22059,La Salle,2016,2020,Black (includes Hispanic),12.9
22,Louisiana,22059,La Salle,2016,2020,Hispanic (all races),
22,Louisiana,22059,La Salle,2016,2020,American Indian/Alaskan Native (includes Hispanic),
22,Louisiana,22059,La Salle,2016,2020,White (includes Hispanic),7.9
22,Louisiana,22055,Lafayette,2011,2015,Asian/Pacific Islander (includes Hispanic),
22,Louisiana,22055,Lafayette,2011,2015,Black (includes Hispanic),11.5
22,Louisiana,22055,Lafayette,2011,2015,Hispanic (all races),
22,Louisiana,22055,Lafayette,2011,2015,American Indian/Alaskan Native (includes Hispanic),
22,Louisiana,22055,Lafayette,2011,2015,White (includes Hispanic),8.1
22,Louisiana,22055,Lafayette,2012,2016,Asian/Pacific Islander (includes Hispanic),
22,Louisiana,22055,Lafayette,2012,2016,Black (includes Hispanic),11.8
22,Louisiana,22055,Lafayette,2012,2016,Hispanic (all races),
22,Louisiana,22055,Lafayette,2012,2016,American Indian/Alaskan Native (includes Hispanic),
22,Louisiana,22055,Lafayette,2012,2016,White (includes Hispanic),8.9
22,Louisiana,22055,Lafayette,2013,2017,Asian/Pacific Islander (includes Hispanic),
22,Louisiana,22055,Lafayette,2013,2017,Black (includes Hispanic),9.9
22,Louisiana,22055,Lafayette,2013,2017,Hispanic (all races),
22,Louisiana,22055,Lafayette,2013,2017,American Indian/Alaskan Native (includes Hispanic),
22,Louisiana,22055,Lafayette,2013,2017,White (includes Hispanic),9.2
22,Louisiana,22055,Lafayette,2014,2018,Asian/Pacific Islander (includes Hispanic),
22,Louisiana,22055,Lafayette,2014,2018,Black (includes Hispanic),10.0
22,Louisiana,22055,Lafayette,2014,2018,Hispanic (all races),
22,Louisiana,22055,Lafayette,2014,2018,American Indian/Alaskan Native (includes Hispanic),
22,Louisiana,22055,Lafayette,2014,2018,White (includes Hispanic),9.5
22,Louisiana,22055,Lafayette,2015,2019,Asian/Pacific Islander (includes Hispanic),
22,Louisiana,22055,Lafayette,2015,2019,Black (includes Hispanic),8.7
22,Louisiana,22055,Lafayette,2015,2019,Hispanic (all races),
22,Louisiana,22055,Lafayette,2015,2019,American Indian/Alaskan Native (includes Hispanic),
22,Louisiana,22055,Lafayette,2015,2019,White (includes Hispanic),9.6
22,Louisiana,22055,Lafayette,2016,2020,Asian/Pacific Islander (includes Hispanic),
22,Louisiana,22055,Lafayette,2016,2020,Black (includes Hispanic),8.0
22,Louisiana,22055,Lafayette,2016,2020,Hispanic (all races),
22,Louisiana,22055,Lafayette,2016,2020,American Indian/Alaskan Native (includes Hispanic),
22,Louisiana,22055,Lafayette,2016,2020,White (includes Hispanic),9.9
22,Louisiana,22057,Lafourche,2011,2015,Asian/Pacific Islander (includes Hispanic),
22,Louisiana,22057,Lafourche,2011,2015,Black (includes Hispanic),10.2
22,Louisiana,22057,Lafourche,2011,2015,Hispanic (all races),
22,Louisiana,22057,Lafourche,2011,2015,American Indian/Alaskan Native (includes Hispanic),
22,Louisiana,22057,Lafourche,2011,2015,White (includes Hispanic),8.3
22,Louisiana,22057,Lafourche,2012,2016,Asian/Pacific Islander (includes Hispanic),
22,Louisiana,22057,Lafourche,2012,2016,Black (includes Hispanic),10.0
22,Louisiana,22057,Lafourche,2012,2016,Hispanic (all races),11.8
22,Louisiana,22057,Lafourche,2012,2016,American Indian/Alaskan Native (includes Hispanic),
22,Louisiana,22057,Lafourche,2012,2016,White (includes Hispanic),7.7
22,Louisiana,22057,Lafourche,2013,2017,Asian/Pacific Islander (includes Hispanic),
22,Louisiana,22057,Lafourche,2013,2017,Black (includes Hispanic),10.5
22,Louisiana,22057,Lafourche,2013,2017,Hispanic (all races),12.2
22,Louisiana,22057,Lafourche,2013,2017,American Indian/Alaskan Native (includes Hispanic),
22,Louisiana,22057,Lafourche,2013,2017,White (includes Hispanic),8.5
22,Louisiana,22057,Lafourche,2014,2018,Asian/Pacific Islander (includes Hispanic),
22,Louisiana,22057,Lafourche,2014,2018,Black (includes Hispanic),12.4
22,Louisiana,22057,Lafourche,2014,2018,Hispanic (all races),
22,Louisiana,22057,Lafourche,2014,2018,American Indian/Alaskan Native (includes Hispanic),
22,Louisiana,22057,Lafourche,2014,2018,White (includes Hispanic),8.1
22,Louisiana,22057,Lafourche,2015,2019,Asian/Pacific Islander (includes Hispanic),
22,Louisiana,22057,Lafourche,2015,2019,Black (includes Hispanic),10.9
22,Louisiana,22057,Lafourche,2015,2019,Hispanic (all races),14.1
22,Louisiana,22057,Lafourche,2015,2019,American Indian/Alaskan Native (includes Hispanic),
22,Louisiana,22057,Lafourche,2015,2019,White (includes Hispanic),7.7
22,Louisiana,22057,Lafourche,2016,2020,Asian/Pacific Islander (includes Hispanic),
22,Louisiana,22057,Lafourche,2016,2020,Black (includes Hispanic),9.3
22,Louisiana,22057,Lafourche,2016,2020,Hispanic (all races),14.2
22,Louisiana,22057,Lafourche,2016,2020,American Indian/Alaskan Native (includes Hispanic),
22,Louisiana,22057,Lafourche,2016,2020,White (includes Hispanic),6.7
22,Louisiana,22061,Lincoln,2011,2015,Asian/Pacific Islander (includes Hispanic),
22,Louisiana,22061,Lincoln,2011,2015,Black (includes Hispanic),12.9
22,Louisiana,22061,Lincoln,2011,2015,Hispanic (all races),
22,Louisiana,22061,Lincoln,2011,2015,American Indian/Alaskan Native (includes Hispanic),
22,Louisiana,22061,Lincoln,2011,2015,White (includes Hispanic),8.9
22,Louisiana,22061,Lincoln,2012,2016,Asian/Pacific Islander (includes Hispanic),
22,Louisiana,22061,Lincoln,2012,2016,Black (includes Hispanic),10.9
22,Louisiana,22061,Lincoln,2012,2016,Hispanic (all races),
22,Louisiana,22061,Lincoln,2012,2016,American Indian/Alaskan Native (includes Hispanic),
22,Louisiana,22061,Lincoln,2012,2016,White (includes Hispanic),8.4
22,Louisiana,22061,Lincoln,2013,2017,Asian/Pacific Islander (includes Hispanic),
22,Louisiana,22061,Lincoln,2013,2017,Black (includes Hispanic),10.6
22,Louisiana,22061,Lincoln,2013,2017,Hispanic (all races),
22,Louisiana,22061,Lincoln,2013,2017,American Indian/Alaskan Native (includes Hispanic),
22,Louisiana,22061,Lincoln,2013,2017,White (includes Hispanic),9.1
22,Louisiana,22061,Lincoln,2014,2018,Asian/Pacific Islander (includes Hispanic),
22,Louisiana,22061,Lincoln,2014,2018,Black (includes Hispanic),12.5
22,Louisiana,22061,Lincoln,2014,2018,Hispanic (all races),
22,Louisiana,22061,Lincoln,2014,2018,American Indian/Alaskan Native (includes Hispanic),
22,Louisiana,22061,Lincoln,2014,2018,White (includes Hispanic),10.7
22,Louisiana,22061,Lincoln,2015,2019,Asian/Pacific Islander (includes Hispanic),
22,Louisiana,22061,Lincoln,2015,2019,Black (includes Hispanic),12.7
22,Louisiana,22061,Lincoln,2015,2019,Hispanic (all races),
22,Louisiana,22061,Lincoln,2015,2019,American Indian/Alaskan Native (includes Hispanic),
22,Louisiana,22061,Lincoln,2015,2019,White (includes Hispanic),9.9
22,Louisiana,22061,Lincoln,2016,2020,Asian/Pacific Islander (includes Hispanic),
22,Louisiana,22061,Lincoln,2016,2020,Black (includes Hispanic),11.9
22,Louisiana,22061,Lincoln,2016,2020,Hispanic (all races),
22,Louisiana,22061,Lincoln,2016,2020,American Indian/Alaskan Native (includes Hispanic),
22,Louisiana,22061,Lincoln,2016,2020,White (includes Hispanic),8.5
22,Louisiana,22063,Livingston,2011,2015,Asian/Pacific Islander (includes Hispanic),
22,Louisiana,22063,Livingston,2011,2015,Black (includes Hispanic),11.8
22,Louisiana,22063,Livingston,2011,2015,Hispanic (all races),
22,Louisiana,22063,Livingston,2011,2015,American Indian/Alaskan Native (includes Hispanic),
22,Louisiana,22063,Livingston,2011,2015,White (includes Hispanic),6.5
22,Louisiana,22063,Livingston,2012,2016,Asian/Pacific Islander (includes Hispanic),
22,Louisiana,22063,Livingston,2012,2016,Black (includes Hispanic),11.3
22,Louisiana,22063,Livingston,2012,2016,Hispanic (all races),
22,Louisiana,22063,Livingston,2012,2016,American Indian/Alaskan Native (includes Hispanic),
22,Louisiana,22063,Livingston,2012,2016,White (includes Hispanic),6.4
22,Louisiana,22063,Livingston,2013,2017,Asian/Pacific Islander (includes Hispanic),
22,Louisiana,22063,Livingston,2013,2017,Black (includes Hispanic),11.6
22,Louisiana,22063,Livingston,2013,2017,Hispanic (all races),
22,Louisiana,22063,Livingston,2013,2017,American Indian/Alaskan Native (includes Hispanic),
22,Louisiana,22063,Livingston,2013,2017,White (includes Hispanic),6.7
22,Louisiana,22063,Livingston,2014,2018,Asian/Pacific Islander (includes Hispanic),
22,Louisiana,22063,Livingston,2014,2018,Black (includes Hispanic),11.3
22,Louisiana,22063,Livingston,2014,2018,Hispanic (all races),
22,Louisiana,22063,Livingston,2014,2018,American Indian/Alaskan Native (includes Hispanic),
22,Louisiana,22063,Livingston,2014,2018,White (includes Hispanic),7.2
22,Louisiana,22063,Livingston,2015,2019,Asian/Pacific Islander (includes Hispanic),
22,Louisiana,22063,Livingston,2015,2019,Black (includes Hispanic),10.4
22,Louisiana,22063,Livingston,2015,2019,Hispanic (all races),
22,Louisiana,22063,Livingston,2015,2019,American Indian/Alaskan Native (includes Hispanic),
22,Louisiana,22063,Livingston,2015,2019,White (includes Hispanic),7.2
22,Louisiana,22063,Livingston,2016,2020,Asian/Pacific Islander (includes Hispanic),
22,Louisiana,22063,Livingston,2016,2020,Black (includes Hispanic),8.7
22,Louisiana,22063,Livingston,2016,2020,Hispanic (all races),
22,Louisiana,22063,Livingston,2016,2020,American Indian/Alaskan Native (includes Hispanic),
22,Louisiana,22063,Livingston,2016,2020,White (includes Hispanic),7.1
22,Louisiana,22065,Madison,2011,2015,Asian/Pacific Islander (includes Hispanic),
22,Louisiana,22065,Madison,2011,2015,Black (includes Hispanic),12.3
22,Louisiana,22065,Madison,2011,2015,Hispanic (all races),
22,Louisiana,22065,Madison,2011,2015,American Indian/Alaskan Native (includes Hispanic),
22,Louisiana,22065,Madison,2011,2015,White (includes Hispanic),
22,Louisiana,22065,Madison,2012,2016,Asian/Pacific Islander (includes Hispanic),
22,Louisiana,22065,Madison,2012,2016,Black (includes Hispanic),
22,Louisiana,22065,Madison,2012,2016,Hispanic (all races),
22,Louisiana,22065,Madison,2012,2016,American Indian/Alaskan Native (includes Hispanic),
22,Louisiana,22065,Madison,2012,2016,White (includes Hispanic),
22,Louisiana,22065,Madison,2013,2017,Asian/Pacific Islander (includes Hispanic),
22,Louisiana,22065,Madison,2013,2017,Black (includes Hispanic),
22,Louisiana,22065,Madison,2013,2017,Hispanic (all races),
22,Louisiana,22065,Madison,2013,2017,American Indian/Alaskan Native (includes Hispanic),
22,Louisiana,22065,Madison,2013,2017,White (includes Hispanic),
22,Louisiana,22065,Madison,2014,2018,Asian/Pacific Islander (includes Hispanic),
22,Louisiana,22065,Madison,2014,2018,Black (includes Hispanic),
22,Louisiana,22065,Madison,2014,2018,Hispanic (all races),
22,Louisiana,22065,Madison,2014,2018,American Indian/Alaskan Native (includes Hispanic),
22,Louisiana,22065,Madison,2014,2018,White (includes Hispanic),
22,Louisiana,22065,Madison,2015,2019,Asian/Pacific Islander (includes Hispanic),
22,Louisiana,22065,Madison,2015,2019,Black (includes Hispanic),
22,Louisiana,22065,Madison,2015,2019,Hispanic (all races),
22,Louisiana,22065,Madison,2015,2019,American Indian/Alaskan Native (includes Hispanic),
22,Louisiana,22065,Madison,2015,2019,White (includes Hispanic),13.5
22,Louisiana,22065,Madison,2016,2020,Asian/Pacific Islander (includes Hispanic),
22,Louisiana,22065,Madison,2016,2020,Black (includes Hispanic),
22,Louisiana,22065,Madison,2016,2020,Hispanic (all races),
22,Louisiana,22065,Madison,2016,2020,American Indian/Alaskan Native (includes Hispanic),
22,Louisiana,22065,Madison,2016,2020,White (includes Hispanic),12.3
22,Louisiana,22067,Morehouse,2011,2015,Asian/Pacific Islander (includes Hispanic),
22,Louisiana,22067,Morehouse,2011,2015,Black (includes Hispanic),12.4
22,Louisiana,22067,Morehouse,2011,2015,Hispanic (all races),
22,Louisiana,22067,Morehouse,2011,2015,American Indian/Alaskan Native (includes Hispanic),
22,Louisiana,22067,Morehouse,2011,2015,White (includes Hispanic),8.4
22,Louisiana,22067,Morehouse,2012,2016,Asian/Pacific Islander (includes Hispanic),
22,Louisiana,22067,Morehouse,2012,2016,Black (includes Hispanic),10.3
22,Louisiana,22067,Morehouse,2012,2016,Hispanic (all races),
22,Louisiana,22067,Morehouse,2012,2016,American Indian/Alaskan Native (includes Hispanic),
22,Louisiana,22067,Morehouse,2012,2016,White (includes Hispanic),8.3
22,Louisiana,22067,Morehouse,2013,2017,Asian/Pacific Islander (includes Hispanic),
22,Louisiana,22067,Morehouse,2013,2017,Black (includes Hispanic),10.3
22,Louisiana,22067,Morehouse,2013,2017,Hispanic (all races),
22,Louisiana,22067,Morehouse,2013,2017,American Indian/Alaskan Native (includes Hispanic),
22,Louisiana,22067,Morehouse,2013,2017,White (includes Hispanic),8.8
22,Louisiana,22067,Morehouse,2014,2018,Asian/Pacific Islander (includes Hispanic),
22,Louisiana,22067,Morehouse,2014,2018,Black (includes Hispanic),12.1
22,Louisiana,22067,Morehouse,2014,2018,Hispanic (all races),
22,Louisiana,22067,Morehouse,2014,2018,American Indian/Alaskan Native (includes Hispanic),
22,Louisiana,22067,Morehouse,2014,2018,White (includes Hispanic),10.2
22,Louisiana,22067,Morehouse,2015,2019,Asian/Pacific Islander (includes Hispanic),
22,Louisiana,22067,Morehouse,2015,2019,Black (includes Hispanic),11.3
22,Louisiana,22067,Morehouse,2015,2019,Hispanic (all races),
22,Louisiana,22067,Morehouse,2015,2019,American Indian/Alaskan Native (includes Hispanic),
22,Louisiana,22067,Morehouse,2015,2019,White (includes Hispanic),9.4
22,Louisiana,22067,Morehouse,2016,2020,Asian/Pacific Islander (includes Hispanic),
22,Louisiana,22067,Morehouse,2016,2020,Black (includes Hispanic),10.8
22,Louisiana,22067,Morehouse,2016,2020,Hispanic (all races),
22,Louisiana,22067,Morehouse,2016,2020,American Indian/Alaskan Native (includes Hispanic),
22,Louisiana,22067,Morehouse,2016,2020,White (includes Hispanic),7.8
22,Louisiana,22069,Natchitoches,2011,2015,Asian/Pacific Islander (includes Hispanic),
22,Louisiana,22069,Natchitoches,2011,2015,Black (includes Hispanic),12.3
22,Louisiana,22069,Natchitoches,2011,2015,Hispanic (all races),
22,Louisiana,22069,Natchitoches,2011,2015,American Indian/Alaskan Native (includes Hispanic),
22,Louisiana,22069,Natchitoches,2011,2015,White (includes Hispanic),11.1
22,Louisiana,22069,Natchitoches,2012,2016,Asian/Pacific Islander (includes Hispanic),
22,Louisiana,22069,Natchitoches,2012,2016,Black (includes Hispanic),13.1
22,Louisiana,22069,Natchitoches,2012,2016,Hispanic (all races),
22,Louisiana,22069,Natchitoches,2012,2016,American Indian/Alaskan Native (includes Hispanic),
22,Louisiana,22069,Natchitoches,2012,2016,White (includes Hispanic),10.4
22,Louisiana,22069,Natchitoches,2013,2017,Asian/Pacific Islander (includes Hispanic),
22,Louisiana,22069,Natchitoches,2013,2017,Black (includes Hispanic),13.4
22,Louisiana,22069,Natchitoches,2013,2017,Hispanic (all races),
22,Louisiana,22069,Natchitoches,2013,2017,American Indian/Alaskan Native (includes Hispanic),
22,Louisiana,22069,Natchitoches,2013,2017,White (includes Hispanic),10.6
22,Louisiana,22069,Natchitoches,2014,2018,Asian/Pacific Islander (includes Hispanic),
22,Louisiana,22069,Natchitoches,2014,2018,Black (includes Hispanic),15.3
22,Louisiana,22069,Natchitoches,2014,2018,Hispanic (all races),
22,Louisiana,22069,Natchitoches,2014,2018,American Indian/Alaskan Native (includes Hispanic),
22,Louisiana,22069,Natchitoches,2014,2018,White (includes Hispanic),11.0
22,Louisiana,22069,Natchitoches,2015,2019,Asian/Pacific Islander (includes Hispanic),
22,Louisiana,22069,Natchitoches,2015,2019,Black (includes Hispanic),15.8
22,Louisiana,22069,Natchitoches,2015,2019,Hispanic (all races),
22,Louisiana,22069,Natchitoches,2015,2019,American Indian/Alaskan Native (includes Hispanic),
22,Louisiana,22069,Natchitoches,2015,2019,White (includes Hispanic),12.2
22,Louisiana,22069,Natchitoches,2016,2020,Asian/Pacific Islander (includes Hispanic),
22,Louisiana,22069,Natchitoches,2016,2020,Black (includes Hispanic),14.3
22,Louisiana,22069,Natchitoches,2016,2020,Hispanic (all races),
22,Louisiana,22069,Natchitoches,2016,2020,American Indian/Alaskan Native (includes Hispanic),
22,Louisiana,22069,Natchitoches,2016,2020,White (includes Hispanic),10.1
22,Louisiana,22071,Orleans,2011,2015,Asian/Pacific Islander (includes Hispanic),
22,Louisiana,22071,Orleans,2011,2015,Black (includes Hispanic),9.4
22,Louisiana,22071,Orleans,2011,2015,Hispanic (all races),12.1
22,Louisiana,22071,Orleans,2011,2015,American Indian/Alaskan Native (includes Hispanic),
22,Louisiana,22071,Orleans,2011,2015,White (includes Hispanic),7.9
22,Louisiana,22071,Orleans,2012,2016,Asian/Pacific Islander (includes Hispanic),
22,Louisiana,22071,Orleans,2012,2016,Black (includes Hispanic),9.3
22,Louisiana,22071,Orleans,2012,2016,Hispanic (all races),13.0
22,Louisiana,22071,Orleans,2012,2016,American Indian/Alaskan Native (includes Hispanic),
22,Louisiana,22071,Orleans,2012,2016,White (includes Hispanic),8.0
22,Louisiana,22071,Orleans,2013,2017,Asian/Pacific Islander (includes Hispanic),
22,Louisiana,22071,Orleans,2013,2017,Black (includes Hispanic),9.4
22,Louisiana,22071,Orleans,2013,2017,Hispanic (all races),12.5
22,Louisiana,22071,Orleans,2013,2017,American Indian/Alaskan Native (includes Hispanic),
22,Louisiana,22071,Orleans,2013,2017,White (includes Hispanic),8.6
22,Louisiana,22071,Orleans,2014,2018,Asian/Pacific Islander (includes Hispanic),
22,Louisiana,22071,Orleans,2014,2018,Black (includes Hispanic),10.3
22,Louisiana,22071,Orleans,2014,2018,Hispanic (all races),10.6
22,Louisiana,22071,Orleans,2014,2018,American Indian/Alaskan Native (includes Hispanic),
22,Louisiana,22071,Orleans,2014,2018,White (includes Hispanic),8.6
22,Louisiana,22071,Orleans,2015,2019,Asian/Pacific Islander (includes Hispanic),
22,Louisiana,22071,Orleans,2015,2019,Black (includes Hispanic),9.9
22,Louisiana,22071,Orleans,2015,2019,Hispanic (all races),14.5
22,Louisiana,22071,Orleans,2015,2019,American Indian/Alaskan Native (includes Hispanic),
22,Louisiana,22071,Orleans,2015,2019,White (includes Hispanic),8.3
22,Louisiana,22071,Orleans,2016,2020,Asian/Pacific Islander (includes Hispanic),
22,Louisiana,22071,Orleans,2016,2020,Black (includes Hispanic),9.9
22,Louisiana,22071,Orleans,2016,2020,Hispanic (all races),13.6
22,Louisiana,22071,Orleans,2016,2020,American Indian/Alaskan Native (includes Hispanic),
22,Louisiana,22071,Orleans,2016,2020,White (includes Hispanic),7.6
22,Louisiana,22073,Ouachita,2011,2015,Asian/Pacific Islander (includes Hispanic),
22,Louisiana,22073,Ouachita,2011,2015,Black (includes Hispanic),13.1
22,Louisiana,22073,Ouachita,2011,2015,Hispanic (all races),
22,Louisiana,22073,Ouachita,2011,2015,American Indian/Alaskan Native (includes Hispanic),
22,Louisiana,22073,Ouachita,2011,2015,White (includes Hispanic),7.5
22,Louisiana,22073,Ouachita,2012,2016,Asian/Pacific Islander (includes Hispanic),
22,Louisiana,22073,Ouachita,2012,2016,Black (includes Hispanic),10.9
22,Louisiana,22073,Ouachita,2012,2016,Hispanic (all races),
22,Louisiana,22073,Ouachita,2012,2016,American Indian/Alaskan Native (includes Hispanic),
22,Louisiana,22073,Ouachita,2012,2016,White (includes Hispanic),7.4
22,Louisiana,22073,Ouachita,2013,2017,Asian/Pacific Islander (includes Hispanic),
22,Louisiana,22073,Ouachita,2013,2017,Black (includes Hispanic),11.9
22,Louisiana,22073,Ouachita,2013,2017,Hispanic (all races),
22,Louisiana,22073,Ouachita,2013,2017,American Indian/Alaskan Native (includes Hispanic),
22,Louisiana,22073,Ouachita,2013,2017,White (includes Hispanic),8.1
22,Louisiana,22073,Ouachita,2014,2018,Asian/Pacific Islander (includes Hispanic),
22,Louisiana,22073,Ouachita,2014,2018,Black (includes Hispanic),13.2
22,Louisiana,22073,Ouachita,2014,2018,Hispanic (all races),
22,Louisiana,22073,Ouachita,2014,2018,American Indian/Alaskan Native (includes Hispanic),
22,Louisiana,22073,Ouachita,2014,2018,White (includes Hispanic),9.6
22,Louisiana,22073,Ouachita,2015,2019,Asian/Pacific Islander (includes Hispanic),
22,Louisiana,22073,Ouachita,2015,2019,Black (includes Hispanic),11.4
22,Louisiana,22073,Ouachita,2015,2019,Hispanic (all races),
22,Louisiana,22073,Ouachita,2015,2019,American Indian/Alaskan Native (includes Hispanic),
22,Louisiana,22073,Ouachita,2015,2019,White (includes Hispanic),8.7
22,Louisiana,22073,Ouachita,2016,2020,Asian/Pacific Islander (includes Hispanic),
22,Louisiana,22073,Ouachita,2016,2020,Black (includes Hispanic),10.5
22,Louisiana,22073,Ouachita,2016,2020,Hispanic (all races),
22,Louisiana,22073,Ouachita,2016,2020,American Indian/Alaskan Native (includes Hispanic),
22,Louisiana,22073,Ouachita,2016,2020,White (includes Hispanic),8.1
22,Louisiana,22075,Plaquemines,2011,2015,Asian/Pacific Islander (includes Hispanic),
22,Louisiana,22075,Plaquemines,2011,2015,Black (includes Hispanic),10.0
22,Louisiana,22075,Plaquemines,2011,2015,Hispanic (all races),13.6
22,Louisiana,22075,Plaquemines,2011,2015,American Indian/Alaskan Native (includes Hispanic),
22,Louisiana,22075,Plaquemines,2011,2015,White (includes Hispanic),8.1
22,Louisiana,22075,Plaquemines,2012,2016,Asian/Pacific Islander (includes Hispanic),
22,Louisiana,22075,Plaquemines,2012,2016,Black (includes Hispanic),9.9
22,Louisiana,22075,Plaquemines,2012,2016,Hispanic (all races),14.2
22,Louisiana,22075,Plaquemines,2012,2016,American Indian/Alaskan Native (includes Hispanic),
22,Louisiana,22075,Plaquemines,2012,2016,White (includes Hispanic),8.4
22,Louisiana,22075,Plaquemines,2013,2017,Asian/Pacific Islander (includes Hispanic),
22,Louisiana,22075,Plaquemines,2013,2017,Black (includes Hispanic),9.9
22,Louisiana,22075,Plaquemines,2013,2017,Hispanic (all races),13.7
22,Louisiana,22075,Plaquemines,2013,2017,American Indian/Alaskan Native (includes Hispanic),
22,Louisiana,22075,Plaquemines,2013,2017,White (includes Hispanic),8.8
22,Louisiana,22075,Plaquemines,2014,2018,Asian/Pacific Islander (includes Hispanic),
22,Louisiana,22075,Plaquemines,2014,2018,Black (includes Hispanic),10.9
22,Louisiana,22075,Plaquemines,2014,2018,Hispanic (all races),11.9
22,Louisiana,22075,Plaquemines,2014,2018,American Indian/Alaskan Native (includes Hispanic),
22,Louisiana,22075,Plaquemines,2014,2018,White (includes Hispanic),8.5
22,Louisiana,22075,Plaquemines,2015,2019,Asian/Pacific Islander (includes Hispanic),
22,Louisiana,22075,Plaquemines,2015,2019,Black (includes Hispanic),10.3
22,Louisiana,22075,Plaquemines,2015,2019,Hispanic (all races),16.5
22,Louisiana,22075,Plaquemines,2015,2019,American Indian/Alaskan Native (includes Hispanic),
22,Louisiana,22075,Plaquemines,2015,2019,White (includes Hispanic),8.2
22,Louisiana,22075,Plaquemines,2016,2020,Asian/Pacific Islander (includes Hispanic),
22,Louisiana,22075,Plaquemines,2016,2020,Black (includes Hispanic),10.4
22,Louisiana,22075,Plaquemines,2016,2020,Hispanic (all races),15.4
22,Louisiana,22075,Plaquemines,2016,2020,American Indian/Alaskan Native (includes Hispanic),
22,Louisiana,22075,Plaquemines,2016,2020,White (includes Hispanic),7.5
22,Louisiana,22077,Pointe Coupee,2011,2015,Asian/Pacific Islander (includes Hispanic),
22,Louisiana,22077,Pointe Coupee,2011,2015,Black (includes Hispanic),16.3
22,Louisiana,22077,Pointe Coupee,2011,2015,Hispanic (all races),
22,Louisiana,22077,Pointe Coupee,2011,2015,American Indian/Alaskan Native (includes Hispanic),
22,Louisiana,22077,Pointe Coupee,2011,2015,White (includes Hispanic),7.5
22,Louisiana,22077,Pointe Coupee,2012,2016,Asian/Pacific Islander (includes Hispanic),
22,Louisiana,22077,Pointe Coupee,2012,2016,Black (includes Hispanic),13.3
22,Louisiana,22077,Pointe Coupee,2012,2016,Hispanic (all races),
22,Louisiana,22077,Pointe Coupee,2012,2016,American Indian/Alaskan Native (includes Hispanic),
22,Louisiana,22077,Pointe Coupee,2012,2016,White (includes Hispanic),8.0
22,Louisiana,22077,Pointe Coupee,2013,2017,Asian/Pacific Islander (includes Hispanic),
22,Louisiana,22077,Pointe Coupee,2013,2017,Black (includes Hispanic),10.6
22,Louisiana,22077,Pointe Coupee,2013,2017,Hispanic (all races),
22,Louisiana,22077,Pointe Coupee,2013,2017,American Indian/Alaskan Native (includes Hispanic),
22,Louisiana,22077,Pointe Coupee,2013,2017,White (includes Hispanic),7.8
22,Louisiana,22077,Pointe Coupee,2014,2018,Asian/Pacific Islander (includes Hispanic),
22,Louisiana,22077,Pointe Coupee,2014,2018,Black (includes Hispanic),9.6
22,Louisiana,22077,Pointe Coupee,2014,2018,Hispanic (all races),
22,Louisiana,22077,Pointe Coupee,2014,2018,American Indian/Alaskan Native (includes Hispanic),
22,Louisiana,22077,Pointe Coupee,2014,2018,White (includes Hispanic),8.2
22,Louisiana,22077,Pointe Coupee,2015,2019,Asian/Pacific Islander (includes Hispanic),
22,Louisiana,22077,Pointe Coupee,2015,2019,Black (includes Hispanic),10.4
22,Louisiana,22077,Pointe Coupee,2015,2019,Hispanic (all races),
22,Louisiana,22077,Pointe Coupee,2015,2019,American Indian/Alaskan Native (includes Hispanic),
22,Louisiana,22077,Pointe Coupee,2015,2019,White (includes Hispanic),10.0
22,Louisiana,22077,Pointe Coupee,2016,2020,Asian/Pacific Islander (includes Hispanic),
22,Louisiana,22077,Pointe Coupee,2016,2020,Black (includes Hispanic),9.7
22,Louisiana,22077,Pointe Coupee,2016,2020,Hispanic (all races),
22,Louisiana,22077,Pointe Coupee,2016,2020,American Indian/Alaskan Native (includes Hispanic),
22,Louisiana,22077,Pointe Coupee,2016,2020,White (includes Hispanic),11.0
22,Louisiana,22079,Rapides,2011,2015,Asian/Pacific Islander (includes Hispanic),
22,Louisiana,22079,Rapides,2011,2015,Black (includes Hispanic),12.1
22,Louisiana,22079,Rapides,2011,2015,Hispanic (all races),
22,Louisiana,22079,Rapides,2011,2015,American Indian/Alaskan Native (includes Hispanic),
22,Louisiana,22079,Rapides,2011,2015,White (includes Hispanic),9.0
22,Louisiana,22079,Rapides,2012,2016,Asian/Pacific Islander (includes Hispanic),
22,Louisiana,22079,Rapides,2012,2016,Black (includes Hispanic),10.7
22,Louisiana,22079,Rapides,2012,2016,Hispanic (all races),
22,Louisiana,22079,Rapides,2012,2016,American Indian/Alaskan Native (includes Hispanic),
22,Louisiana,22079,Rapides,2012,2016,White (includes Hispanic),8.6
22,Louisiana,22079,Rapides,2013,2017,Asian/Pacific Islander (includes Hispanic),
22,Louisiana,22079,Rapides,2013,2017,Black (includes Hispanic),10.4
22,Louisiana,22079,Rapides,2013,2017,Hispanic (all races),
22,Louisiana,22079,Rapides,2013,2017,American Indian/Alaskan Native (includes Hispanic),
22,Louisiana,22079,Rapides,2013,2017,White (includes Hispanic),9.0
22,Louisiana,22079,Rapides,2014,2018,Asian/Pacific Islander (includes Hispanic),
22,Louisiana,22079,Rapides,2014,2018,Black (includes Hispanic),12.6
22,Louisiana,22079,Rapides,2014,2018,Hispanic (all races),
22,Louisiana,22079,Rapides,2014,2018,American Indian/Alaskan Native (includes Hispanic),
22,Louisiana,22079,Rapides,2014,2018,White (includes Hispanic),9.5
22,Louisiana,22079,Rapides,2015,2019,Asian/Pacific Islander (includes Hispanic),
22,Louisiana,22079,Rapides,2015,2019,Black (includes Hispanic),13.5
22,Louisiana,22079,Rapides,2015,2019,Hispanic (all races),
22,Louisiana,22079,Rapides,2015,2019,American Indian/Alaskan Native (includes Hispanic),
22,Louisiana,22079,Rapides,2015,2019,White (includes Hispanic),10.4
22,Louisiana,22079,Rapides,2016,2020,Asian/Pacific Islander (includes Hispanic),
22,Louisiana,22079,Rapides,2016,2020,Black (includes Hispanic),10.8
22,Louisiana,22079,Rapides,2016,2020,Hispanic (all races),
22,Louisiana,22079,Rapides,2016,2020,American Indian/Alaskan Native (includes Hispanic),
22,Louisiana,22079,Rapides,2016,2020,White (includes Hispanic),10.1
22,Louisiana,22081,Red River,2011,2015,Asian/Pacific Islander (includes Hispanic),
22,Louisiana,22081,Red River,2011,2015,Black (includes Hispanic),13.9
22,Louisiana,22081,Red River,2011,2015,Hispanic (all races),
22,Louisiana,22081,Red River,2011,2015,American Indian/Alaskan Native (includes Hispanic),
22,Louisiana,22081,Red River,2011,2015,White (includes Hispanic),11.2
22,Louisiana,22081,Red River,2012,2016,Asian/Pacific Islander (includes Hispanic),
22,Louisiana,22081,Red River,2012,2016,Black (includes Hispanic),13.6
22,Louisiana,22081,Red River,2012,2016,Hispanic (all races),
22,Louisiana,22081,Red River,2012,2016,American Indian/Alaskan Native (includes Hispanic),
22,Louisiana,22081,Red River,2012,2016,White (includes Hispanic),10.8
22,Louisiana,22081,Red River,2013,2017,Asian/Pacific Islander (includes Hispanic),
22,Louisiana,22081,Red River,2013,2017,Black (includes Hispanic),13.9
22,Louisiana,22081,Red River,2013,2017,Hispanic (all races),
22,Louisiana,22081,Red River,2013,2017,American Indian/Alaskan Native (includes Hispanic),
22,Louisiana,22081,Red River,2013,2017,White (includes Hispanic),11.3
22,Louisiana,22081,Red River,2014,2018,Asian/Pacific Islander (includes Hispanic),
22,Louisiana,22081,Red River,2014,2018,Black (includes Hispanic),12.1
22,Louisiana,22081,Red River,2014,2018,Hispanic (all races),
22,Louisiana,22081,Red River,2014,2018,American Indian/Alaskan Native (includes Hispanic),
22,Louisiana,22081,Red River,2014,2018,White (includes Hispanic),11.8
22,Louisiana,22081,Red River,2015,2019,Asian/Pacific Islander (includes Hispanic),
22,Louisiana,22081,Red River,2015,2019,Black (includes Hispanic),12.6
22,Louisiana,22081,Red River,2015,2019,Hispanic (all races),
22,Louisiana,22081,Red River,2015,2019,American Indian/Alaskan Native (includes Hispanic),
22,Louisiana,22081,Red River,2015,2019,White (includes Hispanic),11.1
22,Louisiana,22081,Red River,2016,2020,Asian/Pacific Islander (includes Hispanic),
22,Louisiana,22081,Red River,2016,2020,Black (includes Hispanic),10.8
22,Louisiana,22081,Red River,2016,2020,Hispanic (all races),
22,Louisiana,22081,Red River,2016,2020,American Indian/Alaskan Native (includes Hispanic),
22,Louisiana,22081,Red River,2016,2020,White (includes Hispanic),8.6
22,Louisiana,22083,Richland,2011,2015,Asian/Pacific Islander (includes Hispanic),
22,Louisiana,22083,Richland,2011,2015,Black (includes Hispanic),12.4
22,Louisiana,22083,Richland,2011,2015,Hispanic (all races),
22,Louisiana,22083,Richland,2011,2015,American Indian/Alaskan Native (includes Hispanic),
22,Louisiana,22083,Richland,2011,2015,White (includes Hispanic),6.8
22,Louisiana,22083,Richland,2012,2016,Asian/Pacific Islander (includes Hispanic),
22,Louisiana,22083,Richland,2012,2016,Black (includes Hispanic),11.4
22,Louisiana,22083,Richland,2012,2016,Hispanic (all races),
22,Louisiana,22083,Richland,2012,2016,American Indian/Alaskan Native (includes Hispanic),
22,Louisiana,22083,Richland,2012,2016,White (includes Hispanic),6.5
22,Louisiana,22083,Richland,2013,2017,Asian/Pacific Islander (includes Hispanic),
22,Louisiana,22083,Richland,2013,2017,Black (includes Hispanic),12.1
22,Louisiana,22083,Richland,2013,2017,Hispanic (all races),
22,Louisiana,22083,Richland,2013,2017,American Indian/Alaskan Native (includes Hispanic),
22,Louisiana,22083,Richland,2013,2017,White (includes Hispanic),7.7
22,Louisiana,22083,Richland,2014,2018,Asian/Pacific Islander (includes Hispanic),
22,Louisiana,22083,Richland,2014,2018,Black (includes Hispanic),14.1
22,Louisiana,22083,Richland,2014,2018,Hispanic (all races),
22,Louisiana,22083,Richland,2014,2018,American Indian/Alaskan Native (includes Hispanic),
22,Louisiana,22083,Richland,2014,2018,White (includes Hispanic),8.6
22,Louisiana,22083,Richland,2015,2019,Asian/Pacific Islander (includes Hispanic),
22,Louisiana,22083,Richland,2015,2019,Black (includes Hispanic),12.4
22,Louisiana,22083,Richland,2015,2019,Hispanic (all races),
22,Louisiana,22083,Richland,2015,2019,American Indian/Alaskan Native (includes Hispanic),
22,Louisiana,22083,Richland,2015,2019,White (includes Hispanic),8.4
22,Louisiana,22083,Richland,2016,2020,Asian/Pacific Islander (includes Hispanic),
22,Louisiana,22083,Richland,2016,2020,Black (includes Hispanic),13.1
22,Louisiana,22083,Richland,2016,2020,Hispanic (all races),
22,Louisiana,22083,Richland,2016,2020,American Indian/Alaskan Native (includes Hispanic),
22,Louisiana,22083,Richland,2016,2020,White (includes Hispanic),7.9
22,Louisiana,22085,Sabine,2011,2015,Asian/Pacific Islander (includes Hispanic),
22,Louisiana,22085,Sabine,2011,2015,Black (includes Hispanic),20.5
22,Louisiana,22085,Sabine,2011,2015,Hispanic (all races),
22,Louisiana,22085,Sabine,2011,2015,American Indian/Alaskan Native (includes Hispanic),
22,Louisiana,22085,Sabine,2011,2015,White (includes Hispanic),15.3
22,Louisiana,22085,Sabine,2012,2016,Asian/Pacific Islander (includes Hispanic),
22,Louisiana,22085,Sabine,2012,2016,Black (includes Hispanic),20.2
22,Louisiana,22085,Sabine,2012,2016,Hispanic (all races),
22,Louisiana,22085,Sabine,2012,2016,American Indian/Alaskan Native (includes Hispanic),
22,Louisiana,22085,Sabine,2012,2016,White (includes Hispanic),15.0
22,Louisiana,22085,Sabine,2013,2017,Asian/Pacific Islander (includes Hispanic),
22,Louisiana,22085,Sabine,2013,2017,Black (includes Hispanic),20.4
22,Louisiana,22085,Sabine,2013,2017,Hispanic (all races),
22,Louisiana,22085,Sabine,2013,2017,American Indian/Alaskan Native (includes Hispanic),
22,Louisiana,22085,Sabine,2013,2017,White (includes Hispanic),15.2
22,Louisiana,22085,Sabine,2014,2018,Asian/Pacific Islander (includes Hispanic),
22,Louisiana,22085,Sabine,2014,2018,Black (includes Hispanic),18.6
22,Louisiana,22085,Sabine,2014,2018,Hispanic (all races),
22,Louisiana,22085,Sabine,2014,2018,American Indian/Alaskan Native (includes Hispanic),
22,Louisiana,22085,Sabine,2014,2018,White (includes Hispanic),14.7
22,Louisiana,22085,Sabine,2015,2019,Asian/Pacific Islander (includes Hispanic),
22,Louisiana,22085,Sabine,2015,2019,Black (includes Hispanic),19.0
22,Louisiana,22085,Sabine,2015,2019,Hispanic (all races),
22,Louisiana,22085,Sabine,2015,2019,American Indian/Alaskan Native (includes Hispanic),
22,Louisiana,22085,Sabine,2015,2019,White (includes Hispanic),16.0
22,Louisiana,22085,Sabine,2016,2020,Asian/Pacific Islander (includes Hispanic),
22,Louisiana,22085,Sabine,2016,2020,Black (includes Hispanic),
22,Louisiana,22085,Sabine,2016,2020,Hispanic (all races),
22,Louisiana,22085,Sabine,2016,2020,American Indian/Alaskan Native (includes Hispanic),
22,Louisiana,22085,Sabine,2016,2020,White (includes Hispanic),15.3
22,Louisiana,22087,St. Bernard,2011,2015,Asian/Pacific Islander (includes Hispanic),
22,Louisiana,22087,St. Bernard,2011,2015,Black (includes Hispanic),9.7
22,Louisiana,22087,St. Bernard,2011,2015,Hispanic (all races),
22,Louisiana,22087,St. Bernard,2011,2015,American Indian/Alaskan Native (includes Hispanic),
22,Louisiana,22087,St. Bernard,2011,2015,White (includes Hispanic),8.6
22,Louisiana,22087,St. Bernard,2012,2016,Asian/Pacific Islander (includes Hispanic),
22,Louisiana,22087,St. Bernard,2012,2016,Black (includes Hispanic),9.6
22,Louisiana,22087,St. Bernard,2012,2016,Hispanic (all races),
22,Louisiana,22087,St. Bernard,2012,2016,American Indian/Alaskan Native (includes Hispanic),
22,Louisiana,22087,St. Bernard,2012,2016,White (includes Hispanic),8.7
22,Louisiana,22087,St. Bernard,2013,2017,Asian/Pacific Islander (includes Hispanic),
22,Louisiana,22087,St. Bernard,2013,2017,Black (includes Hispanic),9.3
22,Louisiana,22087,St. Bernard,2013,2017,Hispanic (all races),
22,Louisiana,22087,St. Bernard,2013,2017,American Indian/Alaskan Native (includes Hispanic),
22,Louisiana,22087,St. Bernard,2013,2017,White (includes Hispanic),9.3
22,Louisiana,22087,St. Bernard,2014,2018,Asian/Pacific Islander (includes Hispanic),
22,Louisiana,22087,St. Bernard,2014,2018,Black (includes Hispanic),9.4
22,Louisiana,22087,St. Bernard,2014,2018,Hispanic (all races),
22,Louisiana,22087,St. Bernard,2014,2018,American Indian/Alaskan Native (includes Hispanic),
22,Louisiana,22087,St. Bernard,2014,2018,White (includes Hispanic),9.2
22,Louisiana,22087,St. Bernard,2015,2019,Asian/Pacific Islander (includes Hispanic),
22,Louisiana,22087,St. Bernard,2015,2019,Black (includes Hispanic),9.1
22,Louisiana,22087,St. Bernard,2015,2019,Hispanic (all races),
22,Louisiana,22087,St. Bernard,2015,2019,American Indian/Alaskan Native (includes Hispanic),
22,Louisiana,22087,St. Bernard,2015,2019,White (includes Hispanic),8.7
22,Louisiana,22087,St. Bernard,2016,2020,Asian/Pacific Islander (includes Hispanic),
22,Louisiana,22087,St. Bernard,2016,2020,Black (includes Hispanic),10.0
22,Louisiana,22087,St. Bernard,2016,2020,Hispanic (all races),
22,Louisiana,22087,St. Bernard,2016,2020,American Indian/Alaskan Native (includes Hispanic),
22,Louisiana,22087,St. Bernard,2016,2020,White (includes Hispanic),7.8
22,Louisiana,22089,St. Charles,2011,2015,Asian/Pacific Islander (includes Hispanic),
22,Louisiana,22089,St. Charles,2011,2015,Black (includes Hispanic),10.9
22,Louisiana,22089,St. Charles,2011,2015,Hispanic (all races),
22,Louisiana,22089,St. Charles,2011,2015,American Indian/Alaskan Native (includes Hispanic),
22,Louisiana,22089,St. Charles,2011,2015,White (includes Hispanic),7.9
22,Louisiana,22089,St. Charles,2012,2016,Asian/Pacific Islander (includes Hispanic),
22,Louisiana,22089,St. Charles,2012,2016,Black (includes Hispanic),11.1
22,Louisiana,22089,St. Charles,2012,2016,Hispanic (all races),
22,Louisiana,22089,St. Charles,2012,2016,American Indian/Alaskan Native (includes Hispanic),
22,Louisiana,22089,St. Charles,2012,2016,White (includes Hispanic),7.4
22,Louisiana,22089,St. Charles,2013,2017,Asian/Pacific Islander (includes Hispanic),
22,Louisiana,22089,St. Charles,2013,2017,Black (includes Hispanic),10.8
22,Louisiana,22089,St. Charles,2013,2017,Hispanic (all races),11.7
22,Louisiana,22089,St. Charles,2013,2017,American Indian/Alaskan Native (includes Hispanic),
22,Louisiana,22089,St. Charles,2013,2017,White (includes Hispanic),8.2
22,Louisiana,22089,St. Charles,2014,2018,Asian/Pacific Islander (includes Hispanic),
22,Louisiana,22089,St. Charles,2014,2018,Black (includes Hispanic),13.1
22,Louisiana,22089,St. Charles,2014,2018,Hispanic (all races),
22,Louisiana,22089,St. Charles,2014,2018,American Indian/Alaskan Native (includes Hispanic),
22,Louisiana,22089,St. Charles,2014,2018,White (includes Hispanic),8.1
22,Louisiana,22089,St. Charles,2015,2019,Asian/Pacific Islander (includes Hispanic),
22,Louisiana,22089,St. Charles,2015,2019,Black (includes Hispanic),11.8
22,Louisiana,22089,St. Charles,2015,2019,Hispanic (all races),15.2
22,Louisiana,22089,St. Charles,2015,2019,American Indian/Alaskan Native (includes Hispanic),
22,Louisiana,22089,St. Charles,2015,2019,White (includes Hispanic),7.9
22,Louisiana,22089,St. Charles,2016,2020,Asian/Pacific Islander (includes Hispanic),
22,Louisiana,22089,St. Charles,2016,2020,Black (includes Hispanic),9.5
22,Louisiana,22089,St. Charles,2016,2020,Hispanic (all races),16.0
22,Louisiana,22089,St. Charles,2016,2020,American Indian/Alaskan Native (includes Hispanic),
22,Louisiana,22089,St. Charles,2016,2020,White (includes Hispanic),7.5
22,Louisiana,22091,St. Helena,2011,2015,Asian/Pacific Islander (includes Hispanic),
22,Louisiana,22091,St. Helena,2011,2015,Black (includes Hispanic),11.4
22,Louisiana,22091,St. Helena,2011,2015,Hispanic (all races),
22,Louisiana,22091,St. Helena,2011,2015,American Indian/Alaskan Native (includes Hispanic),
22,Louisiana,22091,St. Helena,2011,2015,White (includes Hispanic),7.0
22,Louisiana,22091,St. Helena,2012,2016,Asian/Pacific Islander (includes Hispanic),
22,Louisiana,22091,St. Helena,2012,2016,Black (includes Hispanic),10.9
22,Louisiana,22091,St. Helena,2012,2016,Hispanic (all races),
22,Louisiana,22091,St. Helena,2012,2016,American Indian/Alaskan Native (includes Hispanic),
22,Louisiana,22091,St. Helena,2012,2016,White (includes Hispanic),6.8
22,Louisiana,22091,St. Helena,2013,2017,Asian/Pacific Islander (includes Hispanic),
22,Louisiana,22091,St. Helena,2013,2017,Black (includes Hispanic),11.6
22,Louisiana,22091,St. Helena,2013,2017,Hispanic (all races),
22,Louisiana,22091,St. Helena,2013,2017,American Indian/Alaskan Native (includes Hispanic),
22,Louisiana,22091,St. Helena,2013,2017,White (includes Hispanic),6.7
22,Louisiana,22091,St. Helena,2014,2018,Asian/Pacific Islander (includes Hispanic),
22,Louisiana,22091,St. Helena,2014,2018,Black (includes Hispanic),11.3
22,Louisiana,22091,St. Helena,2014,2018,Hispanic (all races),
22,Louisiana,22091,St. Helena,2014,2018,American Indian/Alaskan Native (includes Hispanic),
22,Louisiana,22091,St. Helena,2014,2018,White (includes Hispanic),7.1
22,Louisiana,22091,St. Helena,2015,2019,Asian/Pacific Islander (includes Hispanic),
22,Louisiana,22091,St. Helena,2015,2019,Black (includes Hispanic),10.6
22,Louisiana,22091,St. Helena,2015,2019,Hispanic (all races),
22,Louisiana,22091,St. Helena,2015,2019,American Indian/Alaskan Native (includes Hispanic),
22,Louisiana,22091,St. Helena,2015,2019,White (includes Hispanic),6.9
22,Louisiana,22091,St. Helena,2016,2020,Asian/Pacific Islander (includes Hispanic),
22,Louisiana,22091,St. Helena,2016,2020,Black (includes Hispanic),9.5
22,Louisiana,22091,St. Helena,2016,2020,Hispanic (all races),
22,Louisiana,22091,St. Helena,2016,2020,American Indian/Alaskan Native (includes Hispanic),
22,Louisiana,22091,St. Helena,2016,2020,White (includes Hispanic),6.7
22,Louisiana,22093,St. James,2011,2015,Asian/Pacific Islander (includes Hispanic),
22,Louisiana,22093,St. James,2011,2015,Black (includes Hispanic),12.1
22,Louisiana,22093,St. James,2011,2015,Hispanic (all races),
22,Louisiana,22093,St. James,2011,2015,American Indian/Alaskan Native (includes Hispanic),
22,Louisiana,22093,St. James,2011,2015,White (includes Hispanic),5.4
22,Louisiana,22093,St. James,2012,2016,Asian/Pacific Islander (includes Hispanic),
22,Louisiana,22093,St. James,2012,2016,Black (includes Hispanic),12.1
22,Louisiana,22093,St. James,2012,2016,Hispanic (all races),
22,Louisiana,22093,St. James,2012,2016,American Indian/Alaskan Native (includes Hispanic),
22,Louisiana,22093,St. James,2012,2016,White (includes Hispanic),5.6
22,Louisiana,22093,St. James,2013,2017,Asian/Pacific Islander (includes Hispanic),
22,Louisiana,22093,St. James,2013,2017,Black (includes Hispanic),12.1
22,Louisiana,22093,St. James,2013,2017,Hispanic (all races),
22,Louisiana,22093,St. James,2013,2017,American Indian/Alaskan Native (includes Hispanic),
22,Louisiana,22093,St. James,2013,2017,White (includes Hispanic),7.6
22,Louisiana,22093,St. James,2014,2018,Asian/Pacific Islander (includes Hispanic),
22,Louisiana,22093,St. James,2014,2018,Black (includes Hispanic),12.8
22,Louisiana,22093,St. James,2014,2018,Hispanic (all races),
22,Louisiana,22093,St. James,2014,2018,American Indian/Alaskan Native (includes Hispanic),
22,Louisiana,22093,St. James,2014,2018,White (includes Hispanic),7.6
22,Louisiana,22093,St. James,2015,2019,Asian/Pacific Islander (includes Hispanic),
22,Louisiana,22093,St. James,2015,2019,Black (includes Hispanic),10.8
22,Louisiana,22093,St. James,2015,2019,Hispanic (all races),
22,Louisiana,22093,St. James,2015,2019,American Indian/Alaskan Native (includes Hispanic),
22,Louisiana,22093,St. James,2015,2019,White (includes Hispanic),7.8
22,Louisiana,22093,St. James,2016,2020,Asian/Pacific Islander (includes Hispanic),
22,Louisiana,22093,St. James,2016,2020,Black (includes Hispanic),
22,Louisiana,22093,St. James,2016,2020,Hispanic (all races),
22,Louisiana,22093,St. James,2016,2020,American Indian/Alaskan Native (includes Hispanic),
22,Louisiana,22093,St. James,2016,2020,White (includes Hispanic),8.0
22,Louisiana,22095,St. John the Baptist,2011,2015,Asian/Pacific Islander (includes Hispanic),
22,Louisiana,22095,St. John the Baptist,2011,2015,Black (includes Hispanic),10.5
22,Louisiana,22095,St. John the Baptist,2011,2015,Hispanic (all races),
22,Louisiana,22095,St. John the Baptist,2011,2015,American Indian/Alaskan Native (includes Hispanic),
22,Louisiana,22095,St. John the Baptist,2011,2015,White (includes Hispanic),7.4
22,Louisiana,22095,St. John the Baptist,2012,2016,Asian/Pacific Islander (includes Hispanic),
22,Louisiana,22095,St. John the Baptist,2012,2016,Black (includes Hispanic),10.5
22,Louisiana,22095,St. John the Baptist,2012,2016,Hispanic (all races),
22,Louisiana,22095,St. John the Baptist,2012,2016,American Indian/Alaskan Native (includes Hispanic),
22,Louisiana,22095,St. John the Baptist,2012,2016,White (includes Hispanic),7.3
22,Louisiana,22095,St. John the Baptist,2013,2017,Asian/Pacific Islander (includes Hispanic),
22,Louisiana,22095,St. John the Baptist,2013,2017,Black (includes Hispanic),10.5
22,Louisiana,22095,St. John the Baptist,2013,2017,Hispanic (all races),10.9
22,Louisiana,22095,St. John the Baptist,2013,2017,American Indian/Alaskan Native (includes Hispanic),
22,Louisiana,22095,St. John the Baptist,2013,2017,White (includes Hispanic),7.9
22,Louisiana,22095,St. John the Baptist,2014,2018,Asian/Pacific Islander (includes Hispanic),
22,Louisiana,22095,St. John the Baptist,2014,2018,Black (includes Hispanic),12.7
22,Louisiana,22095,St. John the Baptist,2014,2018,Hispanic (all races),
22,Louisiana,22095,St. John the Baptist,2014,2018,American Indian/Alaskan Native (includes Hispanic),
22,Louisiana,22095,St. John the Baptist,2014,2018,White (includes Hispanic),8.1
22,Louisiana,22095,St. John the Baptist,2015,2019,Asian/Pacific Islander (includes Hispanic),
22,Louisiana,22095,St. John the Baptist,2015,2019,Black (includes Hispanic),11.8
22,Louisiana,22095,St. John the Baptist,2015,2019,Hispanic (all races),14.5
22,Louisiana,22095,St. John the Baptist,2015,2019,American Indian/Alaskan Native (includes Hispanic),
22,Louisiana,22095,St. John the Baptist,2015,2019,White (includes Hispanic),8.1
22,Louisiana,22095,St. John the Baptist,2016,2020,Asian/Pacific Islander (includes Hispanic),
22,Louisiana,22095,St. John the Baptist,2016,2020,Black (includes Hispanic),9.3
22,Louisiana,22095,St. John the Baptist,2016,2020,Hispanic (all races),15.1
22,Louisiana,22095,St. John the Baptist,2016,2020,American Indian/Alaskan Native (includes Hispanic),
22,Louisiana,22095,St. John the Baptist,2016,2020,White (includes Hispanic),7.6
22,Louisiana,22097,St. Landry,2011,2015,Asian/Pacific Islander (includes Hispanic),
22,Louisiana,22097,St. Landry,2011,2015,Black (includes Hispanic),12.1
22,Louisiana,22097,St. Landry,2011,2015,Hispanic (all races),
22,Louisiana,22097,St. Landry,2011,2015,American Indian/Alaskan Native (includes Hispanic),
22,Louisiana,22097,St. Landry,2011,2015,White (includes Hispanic),6.9
22,Louisiana,22097,St. Landry,2012,2016,Asian/Pacific Islander (includes Hispanic),
22,Louisiana,22097,St. Landry,2012,2016,Black (includes Hispanic),11.8
22,Louisiana,22097,St. Landry,2012,2016,Hispanic (all races),
22,Louisiana,22097,St. Landry,2012,2016,American Indian/Alaskan Native (includes Hispanic),
22,Louisiana,22097,St. Landry,2012,2016,White (includes Hispanic),7.8
22,Louisiana,22097,St. Landry,2013,2017,Asian/Pacific Islander (includes Hispanic),
22,Louisiana,22097,St. Landry,2013,2017,Black (includes Hispanic),9.9
22,Louisiana,22097,St. Landry,2013,2017,Hispanic (all races),
22,Louisiana,22097,St. Landry,2013,2017,American Indian/Alaskan Native (includes Hispanic),
22,Louisiana,22097,St. Landry,2013,2017,White (includes Hispanic),8.3
22,Louisiana,22097,St. Landry,2014,2018,Asian/Pacific Islander (includes Hispanic),
22,Louisiana,22097,St. Landry,2014,2018,Black (includes Hispanic),10.0
22,Louisiana,22097,St. Landry,2014,2018,Hispanic (all races),
22,Louisiana,22097,St. Landry,2014,2018,American Indian/Alaskan Native (includes Hispanic),
22,Louisiana,22097,St. Landry,2014,2018,White (includes Hispanic),8.7
22,Louisiana,22097,St. Landry,2015,2019,Asian/Pacific Islander (includes Hispanic),
22,Louisiana,22097,St. Landry,2015,2019,Black (includes Hispanic),9.3
22,Louisiana,22097,St. Landry,2015,2019,Hispanic (all races),
22,Louisiana,22097,St. Landry,2015,2019,American Indian/Alaskan Native (includes Hispanic),
22,Louisiana,22097,St. Landry,2015,2019,White (includes Hispanic),9.4
22,Louisiana,22097,St. Landry,2016,2020,Asian/Pacific Islander (includes Hispanic),
22,Louisiana,22097,St. Landry,2016,2020,Black (includes Hispanic),7.9
22,Louisiana,22097,St. Landry,2016,2020,Hispanic (all races),
22,Louisiana,22097,St. Landry,2016,2020,American Indian/Alaskan Native (includes Hispanic),
22,Louisiana,22097,St. Landry,2016,2020,White (includes Hispanic),10.2
22,Louisiana,22099,St. Martin,2011,2015,Asian/Pacific Islander (includes Hispanic),
22,Louisiana,22099,St. Martin,2011,2015,Black (includes Hispanic),12.6
22,Louisiana,22099,St. Martin,2011,2015,Hispanic (all races),
22,Louisiana,22099,St. Martin,2011,2015,American Indian/Alaskan Native (includes Hispanic),
22,Louisiana,22099,St. Martin,2011,2015,White (includes Hispanic),8.1
22,Louisiana,22099,St. Martin,2012,2016,Asian/Pacific Islander (includes Hispanic),
22,Louisiana,22099,St. Martin,2012,2016,Black (includes Hispanic),12.0
22,Louisiana,22099,St. Martin,2012,2016,Hispanic (all races),
22,Louisiana,22099,St. Martin,2012,2016,American Indian/Alaskan Native (includes Hispanic),
22,Louisiana,22099,St. Martin,2012,2016,White (includes Hispanic),9.0
22,Louisiana,22099,St. Martin,2013,2017,Asian/Pacific Islander (includes Hispanic),
22,Louisiana,22099,St. Martin,2013,2017,Black (includes Hispanic),10.4
22,Louisiana,22099,St. Martin,2013,2017,Hispanic (all races),
22,Louisiana,22099,St. Martin,2013,2017,American Indian/Alaskan Native (includes Hispanic),
22,Louisiana,22099,St. Martin,2013,2017,White (includes Hispanic),9.0
22,Louisiana,22099,St. Martin,2014,2018,Asian/Pacific Islander (includes Hispanic),
22,Louisiana,22099,St. Martin,2014,2018,Black (includes Hispanic),10.1
22,Louisiana,22099,St. Martin,2014,2018,Hispanic (all races),
22,Louisiana,22099,St. Martin,2014,2018,American Indian/Alaskan Native (includes Hispanic),
22,Louisiana,22099,St. Martin,2014,2018,White (includes Hispanic),9.2
22,Louisiana,22099,St. Martin,2015,2019,Asian/Pacific Islander (includes Hispanic),
22,Louisiana,22099,St. Martin,2015,2019,Black (includes Hispanic),9.3
22,Louisiana,22099,St. Martin,2015,2019,Hispanic (all races),
22,Louisiana,22099,St. Martin,2015,2019,American Indian/Alaskan Native (includes Hispanic),
22,Louisiana,22099,St. Martin,2015,2019,White (includes Hispanic),9.1
22,Louisiana,22099,St. Martin,2016,2020,Asian/Pacific Islander (includes Hispanic),
22,Louisiana,22099,St. Martin,2016,2020,Black (includes Hispanic),8.9
22,Louisiana,22099,St. Martin,2016,2020,Hispanic (all races),
22,Louisiana,22099,St. Martin,2016,2020,American Indian/Alaskan Native (includes Hispanic),
22,Louisiana,22099,St. Martin,2016,2020,White (includes Hispanic),9.1
22,Louisiana,22101,St. Mary,2011,2015,Asian/Pacific Islander (includes Hispanic),
22,Louisiana,22101,St. Mary,2011,2015,Black (includes Hispanic),11.3
22,Louisiana,22101,St. Mary,2011,2015,Hispanic (all races),
22,Louisiana,22101,St. Mary,2011,2015,American Indian/Alaskan Native (includes Hispanic),
22,Louisiana,22101,St. Mary,2011,2015,White (includes Hispanic),10.9
22,Louisiana,22101,St. Mary,2012,2016,Asian/Pacific Islander (includes Hispanic),
22,Louisiana,22101,St. Mary,2012,2016,Black (includes Hispanic),10.3
22,Louisiana,22101,St. Mary,2012,2016,Hispanic (all races),
22,Louisiana,22101,St. Mary,2012,2016,American Indian/Alaskan Native (includes Hispanic),
22,Louisiana,22101,St. Mary,2012,2016,White (includes Hispanic),10.6
22,Louisiana,22101,St. Mary,2013,2017,Asian/Pacific Islander (includes Hispanic),
22,Louisiana,22101,St. Mary,2013,2017,Black (includes Hispanic),9.8
22,Louisiana,22101,St. Mary,2013,2017,Hispanic (all races),
22,Louisiana,22101,St. Mary,2013,2017,American Indian/Alaskan Native (includes Hispanic),
22,Louisiana,22101,St. Mary,2013,2017,White (includes Hispanic),9.0
22,Louisiana,22101,St. Mary,2014,2018,Asian/Pacific Islander (includes Hispanic),
22,Louisiana,22101,St. Mary,2014,2018,Black (includes Hispanic),10.8
22,Louisiana,22101,St. Mary,2014,2018,Hispanic (all races),
22,Louisiana,22101,St. Mary,2014,2018,American Indian/Alaskan Native (includes Hispanic),
22,Louisiana,22101,St. Mary,2014,2018,White (includes Hispanic),8.7
22,Louisiana,22101,St. Mary,2015,2019,Asian/Pacific Islander (includes Hispanic),
22,Louisiana,22101,St. Mary,2015,2019,Black (includes Hispanic),9.7
22,Louisiana,22101,St. Mary,2015,2019,Hispanic (all races),
22,Louisiana,22101,St. Mary,2015,2019,American Indian/Alaskan Native (includes Hispanic),
22,Louisiana,22101,St. Mary,2015,2019,White (includes Hispanic),7.1
22,Louisiana,22101,St. Mary,2016,2020,Asian/Pacific Islander (includes Hispanic),
22,Louisiana,22101,St. Mary,2016,2020,Black (includes Hispanic),11.1
22,Louisiana,22101,St. Mary,2016,2020,Hispanic (all races),
22,Louisiana,22101,St. Mary,2016,2020,American Indian/Alaskan Native (includes Hispanic),
22,Louisiana,22101,St. Mary,2016,2020,White (includes Hispanic),6.2
22,Louisiana,22103,St. Tammany,2011,2015,Asian/Pacific Islander (includes Hispanic),
22,Louisiana,22103,St. Tammany,2011,2015,Black (includes Hispanic),9.9
22,Louisiana,22103,St. Tammany,2011,2015,Hispanic (all races),11.4
22,Louisiana,22103,St. Tammany,2011,2015,American Indian/Alaskan Native (includes Hispanic),
22,Louisiana,22103,St. Tammany,2011,2015,White (includes Hispanic),7.8
22,Louisiana,22103,St. Tammany,2012,2016,Asian/Pacific Islander (includes Hispanic),
22,Louisiana,22103,St. Tammany,2012,2016,Black (includes Hispanic),10.0
22,Louisiana,22103,St. Tammany,2012,2016,Hispanic (all races),12.1
22,Louisiana,22103,St. Tammany,2012,2016,American Indian/Alaskan Native (includes Hispanic),
22,Louisiana,22103,St. Tammany,2012,2016,White (includes Hispanic),7.9
22,Louisiana,22103,St. Tammany,2013,2017,Asian/Pacific Islander (includes Hispanic),
22,Louisiana,22103,St. Tammany,2013,2017,Black (includes Hispanic),9.8
22,Louisiana,22103,St. Tammany,2013,2017,Hispanic (all races),11.7
22,Louisiana,22103,St. Tammany,2013,2017,American Indian/Alaskan Native (includes Hispanic),
22,Louisiana,22103,St. Tammany,2013,2017,White (includes Hispanic),8.3
22,Louisiana,22103,St. Tammany,2014,2018,Asian/Pacific Islander (includes Hispanic),
22,Louisiana,22103,St. Tammany,2014,2018,Black (includes Hispanic),11.1
22,Louisiana,22103,St. Tammany,2014,2018,Hispanic (all races),9.9
22,Louisiana,22103,St. Tammany,2014,2018,American Indian/Alaskan Native (includes Hispanic),
22,Louisiana,22103,St. Tammany,2014,2018,White (includes Hispanic),8.6
22,Louisiana,22103,St. Tammany,2015,2019,Asian/Pacific Islander (includes Hispanic),
22,Louisiana,22103,St. Tammany,2015,2019,Black (includes Hispanic),10.5
22,Louisiana,22103,St. Tammany,2015,2019,Hispanic (all races),14.6
22,Louisiana,22103,St. Tammany,2015,2019,American Indian/Alaskan Native (includes Hispanic),
22,Louisiana,22103,St. Tammany,2015,2019,White (includes Hispanic),8.6
22,Louisiana,22103,St. Tammany,2016,2020,Asian/Pacific Islander (includes Hispanic),
22,Louisiana,22103,St. Tammany,2016,2020,Black (includes Hispanic),10.3
22,Louisiana,22103,St. Tammany,2016,2020,Hispanic (all races),14.6
22,Louisiana,22103,St. Tammany,2016,2020,American Indian/Alaskan Native (includes Hispanic),
22,Louisiana,22103,St. Tammany,2016,2020,White (includes Hispanic),8.3
22,Louisiana,22105,Tangipahoa,2011,2015,Asian/Pacific Islander (includes Hispanic),
22,Louisiana,22105,Tangipahoa,2011,2015,Black (includes Hispanic),10.0
22,Louisiana,22105,Tangipahoa,2011,2015,Hispanic (all races),
22,Louisiana,22105,Tangipahoa,2011,2015,American Indian/Alaskan Native (includes Hispanic),
22,Louisiana,22105,Tangipahoa,2011,2015,White (includes Hispanic),7.9
22,Louisiana,22105,Tangipahoa,2012,2016,Asian/Pacific Islander (includes Hispanic),
22,Louisiana,22105,Tangipahoa,2012,2016,Black (includes Hispanic),10.2
22,Louisiana,22105,Tangipahoa,2012,2016,Hispanic (all races),9.5
22,Louisiana,22105,Tangipahoa,2012,2016,American Indian/Alaskan Native (includes Hispanic),
22,Louisiana,22105,Tangipahoa,2012,2016,White (includes Hispanic),7.7
22,Louisiana,22105,Tangipahoa,2013,2017,Asian/Pacific Islander (includes Hispanic),
22,Louisiana,22105,Tangipahoa,2013,2017,Black (includes Hispanic),9.8
22,Louisiana,22105,Tangipahoa,2013,2017,Hispanic (all races),9.8
22,Louisiana,22105,Tangipahoa,2013,2017,American Indian/Alaskan Native (includes Hispanic),
22,Louisiana,22105,Tangipahoa,2013,2017,White (includes Hispanic),8.1
22,Louisiana,22105,Tangipahoa,2014,2018,Asian/Pacific Islander (includes Hispanic),
22,Louisiana,22105,Tangipahoa,2014,2018,Black (includes Hispanic),11.5
22,Louisiana,22105,Tangipahoa,2014,2018,Hispanic (all races),
22,Louisiana,22105,Tangipahoa,2014,2018,American Indian/Alaskan Native (includes Hispanic),
22,Louisiana,22105,Tangipahoa,2014,2018,White (includes Hispanic),8.6
22,Louisiana,22105,Tangipahoa,2015,2019,Asian/Pacific Islander (includes Hispanic),
22,Louisiana,22105,Tangipahoa,2015,2019,Black (includes Hispanic),10.8
22,Louisiana,22105,Tangipahoa,2015,2019,Hispanic (all races),12.8
22,Louisiana,22105,Tangipahoa,2015,2019,American Indian/Alaskan Native (includes Hispanic),
22,Louisiana,22105,Tangipahoa,2015,2019,White (includes Hispanic),8.5
22,Louisiana,22105,Tangipahoa,2016,2020,Asian/Pacific Islander (includes Hispanic),
22,Louisiana,22105,Tangipahoa,2016,2020,Black (includes Hispanic),9.5
22,Louisiana,22105,Tangipahoa,2016,2020,Hispanic (all races),13.3
22,Louisiana,22105,Tangipahoa,2016,2020,American Indian/Alaskan Native (includes Hispanic),
22,Louisiana,22105,Tangipahoa,2016,2020,White (includes Hispanic),7.7
22,Louisiana,22107,Tensas,2011,2015,Asian/Pacific Islander (includes Hispanic),
22,Louisiana,22107,Tensas,2011,2015,Black (includes Hispanic),12.8
22,Louisiana,22107,Tensas,2011,2015,Hispanic (all races),
22,Louisiana,22107,Tensas,2011,2015,American Indian/Alaskan Native (includes Hispanic),
22,Louisiana,22107,Tensas,2011,2015,White (includes Hispanic),11.0
22,Louisiana,22107,Tensas,2012,2016,Asian/Pacific Islander (includes Hispanic),
22,Louisiana,22107,Tensas,2012,2016,Black (includes Hispanic),11.1
22,Louisiana,22107,Tensas,2012,2016,Hispanic (all races),
22,Louisiana,22107,Tensas,2012,2016,American Indian/Alaskan Native (includes Hispanic),
22,Louisiana,22107,Tensas,2012,2016,White (includes Hispanic),12.1
22,Louisiana,22107,Tensas,2013,2017,Asian/Pacific Islander (includes Hispanic),
22,Louisiana,22107,Tensas,2013,2017,Black (includes Hispanic),8.3
22,Louisiana,22107,Tensas,2013,2017,Hispanic (all races),
22,Louisiana,22107,Tensas,2013,2017,American Indian/Alaskan Native (includes Hispanic),
22,Louisiana,22107,Tensas,2013,2017,White (includes Hispanic),10.2
22,Louisiana,22107,Tensas,2014,2018,Asian/Pacific Islander (includes Hispanic),
22,Louisiana,22107,Tensas,2014,2018,Black (includes Hispanic),8.8
22,Louisiana,22107,Tensas,2014,2018,Hispanic (all races),
22,Louisiana,22107,Tensas,2014,2018,American Indian/Alaskan Native (includes Hispanic),
22,Louisiana,22107,Tensas,2014,2018,White (includes Hispanic),11.6
22,Louisiana,22107,Tensas,2015,2019,Asian/Pacific Islander (includes Hispanic),
22,Louisiana,22107,Tensas,2015,2019,Black (includes Hispanic),9.2
22,Louisiana,22107,Tensas,2015,2019,Hispanic (all races),
22,Louisiana,22107,Tensas,2015,2019,American Indian/Alaskan Native (includes Hispanic),
22,Louisiana,22107,Tensas,2015,2019,White (includes Hispanic),14.2
22,Louisiana,22107,Tensas,2016,2020,Asian/Pacific Islander (includes Hispanic),
22,Louisiana,22107,Tensas,2016,2020,Black (includes Hispanic),12.5
22,Louisiana,22107,Tensas,2016,2020,Hispanic (all races),
22,Louisiana,22107,Tensas,2016,2020,American Indian/Alaskan Native (includes Hispanic),
22,Louisiana,22107,Tensas,2016,2020,White (includes Hispanic),11.3
22,Louisiana,22109,Terrebonne,2011,2015,Asian/Pacific Islander (includes Hispanic),
22,Louisiana,22109,Terrebonne,2011,2015,Black (includes Hispanic),
22,Louisiana,22109,Terrebonne,2011,2015,Hispanic (all races),
22,Louisiana,22109,Terrebonne,2011,2015,American Indian/Alaskan Native (includes Hispanic),
22,Louisiana,22109,Terrebonne,2011,2015,White (includes Hispanic),9.5
22,Louisiana,22109,Terrebonne,2012,2016,Asian/Pacific Islander (includes Hispanic),
22,Louisiana,22109,Terrebonne,2012,2016,Black (includes Hispanic),
22,Louisiana,22109,Terrebonne,2012,2016,Hispanic (all races),
22,Louisiana,22109,Terrebonne,2012,2016,American Indian/Alaskan Native (includes Hispanic),
22,Louisiana,22109,Terrebonne,2012,2016,White (includes Hispanic),8.9
22,Louisiana,22109,Terrebonne,2013,2017,Asian/Pacific Islander (includes Hispanic),
22,Louisiana,22109,Terrebonne,2013,2017,Black (includes Hispanic),
22,Louisiana,22109,Terrebonne,2013,2017,Hispanic (all races),
22,Louisiana,22109,Terrebonne,2013,2017,American Indian/Alaskan Native (includes Hispanic),
22,Louisiana,22109,Terrebonne,2013,2017,White (includes Hispanic),9.3
22,Louisiana,22109,Terrebonne,2014,2018,Asian/Pacific Islander (includes Hispanic),
22,Louisiana,22109,Terrebonne,2014,2018,Black (includes Hispanic),
22,Louisiana,22109,Terrebonne,2014,2018,Hispanic (all races),
22,Louisiana,22109,Terrebonne,2014,2018,American Indian/Alaskan Native (includes Hispanic),
22,Louisiana,22109,Terrebonne,2014,2018,White (includes Hispanic),8.0
22,Louisiana,22109,Terrebonne,2015,2019,Asian/Pacific Islander (includes Hispanic),
22,Louisiana,22109,Terrebonne,2015,2019,Black (includes Hispanic),12.5
22,Louisiana,22109,Terrebonne,2015,2019,Hispanic (all races),
22,Louisiana,22109,Terrebonne,2015,2019,American Indian/Alaskan Native (includes Hispanic),
22,Louisiana,22109,Terrebonne,2015,2019,White (includes Hispanic),6.5
22,Louisiana,22109,Terrebonne,2016,2020,Asian/Pacific Islander (includes Hispanic),
22,Louisiana,22109,Terrebonne,2016,2020,Black (includes Hispanic),13.3
22,Louisiana,22109,Terrebonne,2016,2020,Hispanic (all races),
22,Louisiana,22109,Terrebonne,2016,2020,American Indian/Alaskan Native (includes Hispanic),
22,Louisiana,22109,Terrebonne,2016,2020,White (includes Hispanic),5.5
22,Louisiana,22111,Union,2011,2015,Asian/Pacific Islander (includes Hispanic),
22,Louisiana,22111,Union,2011,2015,Black (includes Hispanic),13.3
22,Louisiana,22111,Union,2011,2015,Hispanic (all races),
22,Louisiana,22111,Union,2011,2015,American Indian/Alaskan Native (includes Hispanic),
22,Louisiana,22111,Union,2011,2015,White (includes Hispanic),8.9
22,Louisiana,22111,Union,2012,2016,Asian/Pacific Islander (includes Hispanic),
22,Louisiana,22111,Union,2012,2016,Black (includes Hispanic),11.6
22,Louisiana,22111,Union,2012,2016,Hispanic (all races),
22,Louisiana,22111,Union,2012,2016,American Indian/Alaskan Native (includes Hispanic),
22,Louisiana,22111,Union,2012,2016,White (includes Hispanic),8.5
22,Louisiana,22111,Union,2013,2017,Asian/Pacific Islander (includes Hispanic),
22,Louisiana,22111,Union,2013,2017,Black (includes Hispanic),11.4
22,Louisiana,22111,Union,2013,2017,Hispanic (all races),
22,Louisiana,22111,Union,2013,2017,American Indian/Alaskan Native (includes Hispanic),
22,Louisiana,22111,Union,2013,2017,White (includes Hispanic),8.7
22,Louisiana,22111,Union,2014,2018,Asian/Pacific Islander (includes Hispanic),
22,Louisiana,22111,Union,2014,2018,Black (includes Hispanic),12.7
22,Louisiana,22111,Union,2014,2018,Hispanic (all races),
22,Louisiana,22111,Union,2014,2018,American Indian/Alaskan Native (includes Hispanic),
22,Louisiana,22111,Union,2014,2018,White (includes Hispanic),10.1
22,Louisiana,22111,Union,2015,2019,Asian/Pacific Islander (includes Hispanic),
22,Louisiana,22111,Union,2015,2019,Black (includes Hispanic),12.2
22,Louisiana,22111,Union,2015,2019,Hispanic (all races),
22,Louisiana,22111,Union,2015,2019,American Indian/Alaskan Native (includes Hispanic),
22,Louisiana,22111,Union,2015,2019,White (includes Hispanic),8.6
22,Louisiana,22111,Union,2016,2020,Asian/Pacific Islander (includes Hispanic),
22,Louisiana,22111,Union,2016,2020,Black (includes Hispanic),11.2
22,Louisiana,22111,Union,2016,2020,Hispanic (all races),
22,Louisiana,22111,Union,2016,2020,American Indian/Alaskan Native (includes Hispanic),
22,Louisiana,22111,Union,2016,2020,White (includes Hispanic),7.3
22,Louisiana,22113,Vermilion,2011,2015,Asian/Pacific Islander (includes Hispanic),
22,Louisiana,22113,Vermilion,2011,2015,Black (includes Hispanic),11.3
22,Louisiana,22113,Vermilion,2011,2015,Hispanic (all races),
22,Louisiana,22113,Vermilion,2011,2015,American Indian/Alaskan Native (includes Hispanic),
22,Louisiana,22113,Vermilion,2011,2015,White (includes Hispanic),8.2
22,Louisiana,22113,Vermilion,2012,2016,Asian/Pacific Islander (includes Hispanic),
22,Louisiana,22113,Vermilion,2012,2016,Black (includes Hispanic),12.4
22,Louisiana,22113,Vermilion,2012,2016,Hispanic (all races),
22,Louisiana,22113,Vermilion,2012,2016,American Indian/Alaskan Native (includes Hispanic),
22,Louisiana,22113,Vermilion,2012,2016,White (includes Hispanic),9.1
22,Louisiana,22113,Vermilion,2013,2017,Asian/Pacific Islander (includes Hispanic),
22,Louisiana,22113,Vermilion,2013,2017,Black (includes Hispanic),10.7
22,Louisiana,22113,Vermilion,2013,2017,Hispanic (all races),
22,Louisiana,22113,Vermilion,2013,2017,American Indian/Alaskan Native (includes Hispanic),
22,Louisiana,22113,Vermilion,2013,2017,White (includes Hispanic),9.9
22,Louisiana,22113,Vermilion,2014,2018,Asian/Pacific Islander (includes Hispanic),
22,Louisiana,22113,Vermilion,2014,2018,Black (includes Hispanic),10.5
22,Louisiana,22113,Vermilion,2014,2018,Hispanic (all races),
22,Louisiana,22113,Vermilion,2014,2018,American Indian/Alaskan Native (includes Hispanic),
22,Louisiana,22113,Vermilion,2014,2018,White (includes Hispanic),10.0
22,Louisiana,22113,Vermilion,2015,2019,Asian/Pacific Islander (includes Hispanic),
22,Louisiana,22113,Vermilion,2015,2019,Black (includes Hispanic),8.1
22,Louisiana,22113,Vermilion,2015,2019,Hispanic (all races),
22,Louisiana,22113,Vermilion,2015,2019,American Indian/Alaskan Native (includes Hispanic),
22,Louisiana,22113,Vermilion,2015,2019,White (includes Hispanic),9.8
22,Louisiana,22113,Vermilion,2016,2020,Asian/Pacific Islander (includes Hispanic),
22,Louisiana,22113,Vermilion,2016,2020,Black (includes Hispanic),7.0
22,Louisiana,22113,Vermilion,2016,2020,Hispanic (all races),
22,Louisiana,22113,Vermilion,2016,2020,American Indian/Alaskan Native (includes Hispanic),
22,Louisiana,22113,Vermilion,2016,2020,White (includes Hispanic),9.6
22,Louisiana,22115,Vernon,2011,2015,Asian/Pacific Islander (includes Hispanic),
22,Louisiana,22115,Vernon,2011,2015,Black (includes Hispanic),9.7
22,Louisiana,22115,Vernon,2011,2015,Hispanic (all races),
22,Louisiana,22115,Vernon,2011,2015,American Indian/Alaskan Native (includes Hispanic),
22,Louisiana,22115,Vernon,2011,2015,White (includes Hispanic),10.9
22,Louisiana,22115,Vernon,2012,2016,Asian/Pacific Islander (includes Hispanic),
22,Louisiana,22115,Vernon,2012,2016,Black (includes Hispanic),9.5
22,Louisiana,22115,Vernon,2012,2016,Hispanic (all races),
22,Louisiana,22115,Vernon,2012,2016,American Indian/Alaskan Native (includes Hispanic),
22,Louisiana,22115,Vernon,2012,2016,White (includes Hispanic),10.8
22,Louisiana,22115,Vernon,2013,2017,Asian/Pacific Islander (includes Hispanic),
22,Louisiana,22115,Vernon,2013,2017,Black (includes Hispanic),9.9
22,Louisiana,22115,Vernon,2013,2017,Hispanic (all races),
22,Louisiana,22115,Vernon,2013,2017,American Indian/Alaskan Native (includes Hispanic),
22,Louisiana,22115,Vernon,2013,2017,White (includes Hispanic),11.4
22,Louisiana,22115,Vernon,2014,2018,Asian/Pacific Islander (includes Hispanic),
22,Louisiana,22115,Vernon,2014,2018,Black (includes Hispanic),11.1
22,Louisiana,22115,Vernon,2014,2018,Hispanic (all races),
22,Louisiana,22115,Vernon,2014,2018,American Indian/Alaskan Native (includes Hispanic),
22,Louisiana,22115,Vernon,2014,2018,White (includes Hispanic),10.9
22,Louisiana,22115,Vernon,2015,2019,Asian/Pacific Islander (includes Hispanic),
22,Louisiana,22115,Vernon,2015,2019,Black (includes Hispanic),12.1
22,Louisiana,22115,Vernon,2015,2019,Hispanic (all races),
22,Louisiana,22115,Vernon,2015,2019,American Indian/Alaskan Native (includes Hispanic),
22,Louisiana,22115,Vernon,2015,2019,White (includes Hispanic),12.3
22,Louisiana,22115,Vernon,2016,2020,Asian/Pacific Islander (includes Hispanic),
22,Louisiana,22115,Vernon,2016,2020,Black (includes Hispanic),11.6
22,Louisiana,22115,Vernon,2016,2020,Hispanic (all races),
22,Louisiana,22115,Vernon,2016,2020,American Indian/Alaskan Native (includes Hispanic),
22,Louisiana,22115,Vernon,2016,2020,White (includes Hispanic),11.4
22,Louisiana,22117,Washington,2011,2015,Asian/Pacific Islander (includes Hispanic),
22,Louisiana,22117,Washington,2011,2015,Black (includes Hispanic),10.2
22,Louisiana,22117,Washington,2011,2015,Hispanic (all races),
22,Louisiana,22117,Washington,2011,2015,American Indian/Alaskan Native (includes Hispanic),
22,Louisiana,22117,Washington,2011,2015,White (includes Hispanic),7.7
22,Louisiana,22117,Washington,2012,2016,Asian/Pacific Islander (includes Hispanic),
22,Louisiana,22117,Washington,2012,2016,Black (includes Hispanic),10.9
22,Louisiana,22117,Washington,2012,2016,Hispanic (all races),
22,Louisiana,22117,Washington,2012,2016,American Indian/Alaskan Native (includes Hispanic),
22,Louisiana,22117,Washington,2012,2016,White (includes Hispanic),7.6
22,Louisiana,22117,Washington,2013,2017,Asian/Pacific Islander (includes Hispanic),
22,Louisiana,22117,Washington,2013,2017,Black (includes Hispanic),10.1
22,Louisiana,22117,Washington,2013,2017,Hispanic (all races),
22,Louisiana,22117,Washington,2013,2017,American Indian/Alaskan Native (includes Hispanic),
22,Louisiana,22117,Washington,2013,2017,White (includes Hispanic),8.0
22,Louisiana,22117,Washington,2014,2018,Asian/Pacific Islander (includes Hispanic),
22,Louisiana,22117,Washington,2014,2018,Black (includes Hispanic),11.8
22,Louisiana,22117,Washington,2014,2018,Hispanic (all races),
22,Louisiana,22117,Washington,2014,2018,American Indian/Alaskan Native (includes Hispanic),
22,Louisiana,22117,Washington,2014,2018,White (includes Hispanic),9.2
22,Louisiana,22117,Washington,2015,2019,Asian/Pacific Islander (includes Hispanic),
22,Louisiana,22117,Washington,2015,2019,Black (includes Hispanic),10.9
22,Louisiana,22117,Washington,2015,2019,Hispanic (all races),
22,Louisiana,22117,Washington,2015,2019,American Indian/Alaskan Native (includes Hispanic),
22,Louisiana,22117,Washington,2015,2019,White (includes Hispanic),9.1
22,Louisiana,22117,Washington,2016,2020,Asian/Pacific Islander (includes Hispanic),
22,Louisiana,22117,Washington,2016,2020,Black (includes Hispanic),11.0
22,Louisiana,22117,Washington,2016,2020,Hispanic (all races),
22,Louisiana,22117,Washington,2016,2020,American Indian/Alaskan Native (includes Hispanic),
22,Louisiana,22117,Washington,2016,2020,White (includes Hispanic),8.9
22,Louisiana,22119,Webster,2011,2015,Asian/Pacific Islander (includes Hispanic),
22,Louisiana,22119,Webster,2011,2015,Black (includes Hispanic),13.3
22,Louisiana,22119,Webster,2011,2015,Hispanic (all races),
22,Louisiana,22119,Webster,2011,2015,American Indian/Alaskan Native (includes Hispanic),
22,Louisiana,22119,Webster,2011,2015,White (includes Hispanic),6.5
22,Louisiana,22119,Webster,2012,2016,Asian/Pacific Islander (includes Hispanic),
22,Louisiana,22119,Webster,2012,2016,Black (includes Hispanic),13.4
22,Louisiana,22119,Webster,2012,2016,Hispanic (all races),
22,Louisiana,22119,Webster,2012,2016,American Indian/Alaskan Native (includes Hispanic),
22,Louisiana,22119,Webster,2012,2016,White (includes Hispanic),7.3
22,Louisiana,22119,Webster,2013,2017,Asian/Pacific Islander (includes Hispanic),
22,Louisiana,22119,Webster,2013,2017,Black (includes Hispanic),14.9
22,Louisiana,22119,Webster,2013,2017,Hispanic (all races),
22,Louisiana,22119,Webster,2013,2017,American Indian/Alaskan Native (includes Hispanic),
22,Louisiana,22119,Webster,2013,2017,White (includes Hispanic),9.1
22,Louisiana,22119,Webster,2014,2018,Asian/Pacific Islander (includes Hispanic),
22,Louisiana,22119,Webster,2014,2018,Black (includes Hispanic),12.6
22,Louisiana,22119,Webster,2014,2018,Hispanic (all races),
22,Louisiana,22119,Webster,2014,2018,American Indian/Alaskan Native (includes Hispanic),
22,Louisiana,22119,Webster,2014,2018,White (includes Hispanic),9.1
22,Louisiana,22119,Webster,2015,2019,Asian/Pacific Islander (includes Hispanic),
22,Louisiana,22119,Webster,2015,2019,Black (includes Hispanic),11.2
22,Louisiana,22119,Webster,2015,2019,Hispanic (all races),
22,Louisiana,22119,Webster,2015,2019,American Indian/Alaskan Native (includes Hispanic),
22,Louisiana,22119,Webster,2015,2019,White (includes Hispanic),9.9
22,Louisiana,22119,Webster,2016,2020,Asian/Pacific Islander (includes Hispanic),
22,Louisiana,22119,Webster,2016,2020,Black (includes Hispanic),
22,Louisiana,22119,Webster,2016,2020,Hispanic (all races),
22,Louisiana,22119,Webster,2016,2020,American Indian/Alaskan Native (includes Hispanic),
22,Louisiana,22119,Webster,2016,2020,White (includes Hispanic),8.8
22,Louisiana,22121,West Baton Rouge,2011,2015,Asian/Pacific Islander (includes Hispanic),
22,Louisiana,22121,West Baton Rouge,2011,2015,Black (includes Hispanic),12.3
22,Louisiana,22121,West Baton Rouge,2011,2015,Hispanic (all races),
22,Louisiana,22121,West Baton Rouge,2011,2015,American Indian/Alaskan Native (includes Hispanic),
22,Louisiana,22121,West Baton Rouge,2011,2015,White (includes Hispanic),5.9
22,Louisiana,22121,West Baton Rouge,2012,2016,Asian/Pacific Islander (includes Hispanic),
22,Louisiana,22121,West Baton Rouge,2012,2016,Black (includes Hispanic),11.3
22,Louisiana,22121,West Baton Rouge,2012,2016,Hispanic (all races),
22,Louisiana,22121,West Baton Rouge,2012,2016,American Indian/Alaskan Native (includes Hispanic),
22,Louisiana,22121,West Baton Rouge,2012,2016,White (includes Hispanic),5.4
22,Louisiana,22121,West Baton Rouge,2013,2017,Asian/Pacific Islander (includes Hispanic),
22,Louisiana,22121,West Baton Rouge,2013,2017,Black (includes Hispanic),12.1
22,Louisiana,22121,West Baton Rouge,2013,2017,Hispanic (all races),
22,Louisiana,22121,West Baton Rouge,2013,2017,American Indian/Alaskan Native (includes Hispanic),
22,Louisiana,22121,West Baton Rouge,2013,2017,White (includes Hispanic),5.7
22,Louisiana,22121,West Baton Rouge,2014,2018,Asian/Pacific Islander (includes Hispanic),
22,Louisiana,22121,West Baton Rouge,2014,2018,Black (includes Hispanic),10.9
22,Louisiana,22121,West Baton Rouge,2014,2018,Hispanic (all races),
22,Louisiana,22121,West Baton Rouge,2014,2018,American Indian/Alaskan Native (includes Hispanic),
22,Louisiana,22121,West Baton Rouge,2014,2018,White (includes Hispanic),5.3
22,Louisiana,22121,West Baton Rouge,2015,2019,Asian/Pacific Islander (includes Hispanic),
22,Louisiana,22121,West Baton Rouge,2015,2019,Black (includes Hispanic),10.5
22,Louisiana,22121,West Baton Rouge,2015,2019,Hispanic (all races),
22,Louisiana,22121,West Baton Rouge,2015,2019,American Indian/Alaskan Native (includes Hispanic),
22,Louisiana,22121,West Baton Rouge,2015,2019,White (includes Hispanic),5.3
22,Louisiana,22121,West Baton Rouge,2016,2020,Asian/Pacific Islander (includes Hispanic),
22,Louisiana,22121,West Baton Rouge,2016,2020,Black (includes Hispanic),9.9
22,Louisiana,22121,West Baton Rouge,2016,2020,Hispanic (all races),
22,Louisiana,22121,West Baton Rouge,2016,2020,American Indian/Alaskan Native (includes Hispanic),
22,Louisiana,22121,West Baton Rouge,2016,2020,White (includes Hispanic),5.8
22,Louisiana,22123,West Carroll,2011,2015,Asian/Pacific Islander (includes Hispanic),
22,Louisiana,22123,West Carroll,2011,2015,Black (includes Hispanic),
22,Louisiana,22123,West Carroll,2011,2015,Hispanic (all races),
22,Louisiana,22123,West Carroll,2011,2015,American Indian/Alaskan Native (includes Hispanic),
22,Louisiana,22123,West Carroll,2011,2015,White (includes Hispanic),
22,Louisiana,22123,West Carroll,2012,2016,Asian/Pacific Islander (includes Hispanic),
22,Louisiana,22123,West Carroll,2012,2016,Black (includes Hispanic),
22,Louisiana,22123,West Carroll,2012,2016,Hispanic (all races),
22,Louisiana,22123,West Carroll,2012,2016,American Indian/Alaskan Native (includes Hispanic),
22,Louisiana,22123,West Carroll,2012,2016,White (includes Hispanic),
22,Louisiana,22123,West Carroll,2013,2017,Asian/Pacific Islander (includes Hispanic),
22,Louisiana,22123,West Carroll,2013,2017,Black (includes Hispanic),
22,Louisiana,22123,West Carroll,2013,2017,Hispanic (all races),
22,Louisiana,22123,West Carroll,2013,2017,American Indian/Alaskan Native (includes Hispanic),
22,Louisiana,22123,West Carroll,2013,2017,White (includes Hispanic),
22,Louisiana,22123,West Carroll,2014,2018,Asian/Pacific Islander (includes Hispanic),
22,Louisiana,22123,West Carroll,2014,2018,Black (includes Hispanic),
22,Louisiana,22123,West Carroll,2014,2018,Hispanic (all races),
22,Louisiana,22123,West Carroll,2014,2018,American Indian/Alaskan Native (includes Hispanic),
22,Louisiana,22123,West Carroll,2014,2018,White (includes Hispanic),
22,Louisiana,22123,West Carroll,2015,2019,Asian/Pacific Islander (includes Hispanic),
22,Louisiana,22123,West Carroll,2015,2019,Black (includes Hispanic),
22,Louisiana,22123,West Carroll,2015,2019,Hispanic (all races),
22,Louisiana,22123,West Carroll,2015,2019,American Indian/Alaskan Native (includes Hispanic),
22,Louisiana,22123,West Carroll,2015,2019,White (includes Hispanic),
22,Louisiana,22123,West Carroll,2016,2020,Asian/Pacific Islander (includes Hispanic),
22,Louisiana,22123,West Carroll,2016,2020,Black (includes Hispanic),
22,Louisiana,22123,West Carroll,2016,2020,Hispanic (all races),
22,Louisiana,22123,West Carroll,2016,2020,American Indian/Alaskan Native (includes Hispanic),
22,Louisiana,22123,West Carroll,2016,2020,White (includes Hispanic),
22,Louisiana,22125,West Feliciana,2011,2015,Asian/Pacific Islander (includes Hispanic),
22,Louisiana,22125,West Feliciana,2011,2015,Black (includes Hispanic),16.0
22,Louisiana,22125,West Feliciana,2011,2015,Hispanic (all races),
22,Louisiana,22125,West Feliciana,2011,2015,American Indian/Alaskan Native (includes Hispanic),
22,Louisiana,22125,West Feliciana,2011,2015,White (includes Hispanic),7.3
22,Louisiana,22125,West Feliciana,2012,2016,Asian/Pacific Islander (includes Hispanic),
22,Louisiana,22125,West Feliciana,2012,2016,Black (includes Hispanic),
22,Louisiana,22125,West Feliciana,2012,2016,Hispanic (all races),
22,Louisiana,22125,West Feliciana,2012,2016,American Indian/Alaskan Native (includes Hispanic),
22,Louisiana,22125,West Feliciana,2012,2016,White (includes Hispanic),7.6
22,Louisiana,22125,West Feliciana,2013,2017,Asian/Pacific Islander (includes Hispanic),
22,Louisiana,22125,West Feliciana,2013,2017,Black (includes Hispanic),
22,Louisiana,22125,West Feliciana,2013,2017,Hispanic (all races),
22,Louisiana,22125,West Feliciana,2013,2017,American Indian/Alaskan Native (includes Hispanic),
22,Louisiana,22125,West Feliciana,2013,2017,White (includes Hispanic),
22,Louisiana,22125,West Feliciana,2014,2018,Asian/Pacific Islander (includes Hispanic),
22,Louisiana,22125,West Feliciana,2014,2018,Black (includes Hispanic),
22,Louisiana,22125,West Feliciana,2014,2018,Hispanic (all races),
22,Louisiana,22125,West Feliciana,2014,2018,American Indian/Alaskan Native (includes Hispanic),
22,Louisiana,22125,West Feliciana,2014,2018,White (includes Hispanic),
22,Louisiana,22125,West Feliciana,2015,2019,Asian/Pacific Islander (includes Hispanic),
22,Louisiana,22125,West Feliciana,2015,2019,Black (includes Hispanic),12.7
22,Louisiana,22125,West Feliciana,2015,2019,Hispanic (all races),
22,Louisiana,22125,West Feliciana,2015,2019,American Indian/Alaskan Native (includes Hispanic),
22,Louisiana,22125,West Feliciana,2015,2019,White (includes Hispanic),8.7
22,Louisiana,22125,West Feliciana,2016,2020,Asian/Pacific Islander (includes Hispanic),
22,Louisiana,22125,West Feliciana,2016,2020,Black (includes Hispanic),
22,Louisiana,22125,West Feliciana,2016,2020,Hispanic (all races),
22,Louisiana,22125,West Feliciana,2016,2020,American Indian/Alaskan Native (includes Hispanic),
22,Louisiana,22125,West Feliciana,2016,2020,White (includes Hispanic),9.1
22,Louisiana,22127,Winn,2011,2015,Asian/Pacific Islander (includes Hispanic),
22,Louisiana,22127,Winn,2011,2015,Black (includes Hispanic),
22,Louisiana,22127,Winn,2011,2015,Hispanic (all races),
22,Louisiana,22127,Winn,2011,2015,American Indian/Alaskan Native (includes Hispanic),
22,Louisiana,22127,Winn,2011,2015,White (includes Hispanic),9.9
22,Louisiana,22127,Winn,2012,2016,Asian/Pacific Islander (includes Hispanic),
22,Louisiana,22127,Winn,2012,2016,Black (includes Hispanic),
22,Louisiana,22127,Winn,2012,2016,Hispanic (all races),
22,Louisiana,22127,Winn,2012,2016,American Indian/Alaskan Native (includes Hispanic),
22,Louisiana,22127,Winn,2012,2016,White (includes Hispanic),10.9
22,Louisiana,22127,Winn,2013,2017,Asian/Pacific Islander (includes Hispanic),
22,Louisiana,22127,Winn,2013,2017,Black (includes Hispanic),
22,Louisiana,22127,Winn,2013,2017,Hispanic (all races),
22,Louisiana,22127,Winn,2013,2017,American Indian/Alaskan Native (includes Hispanic),
22,Louisiana,22127,Winn,2013,2017,White (includes Hispanic),11.8
22,Louisiana,22127,Winn,2014,2018,Asian/Pacific Islander (includes Hispanic),
22,Louisiana,22127,Winn,2014,2018,Black (includes Hispanic),20.8
22,Louisiana,22127,Winn,2014,2018,Hispanic (all races),
22,Louisiana,22127,Winn,2014,2018,American Indian/Alaskan Native (includes Hispanic),
22,Louisiana,22127,Winn,2014,2018,White (includes Hispanic),11.8
22,Louisiana,22127,Winn,2015,2019,Asian/Pacific Islander (includes Hispanic),
22,Louisiana,22127,Winn,2015,2019,Black (includes Hispanic),19.2
22,Louisiana,22127,Winn,2015,2019,Hispanic (all races),
22,Louisiana,22127,Winn,2015,2019,American Indian/Alaskan Native (includes Hispanic),
22,Louisiana,22127,Winn,2015,2019,White (includes Hispanic),13.2
22,Louisiana,22127,Winn,2016,2020,Asian/Pacific Islander (includes Hispanic),
22,Louisiana,22127,Winn,2016,2020,Black (includes Hispanic),
22,Louisiana,22127,Winn,2016,2020,Hispanic (all races),
22,Louisiana,22127,Winn,2016,2020,American Indian/Alaskan Native (includes Hispanic),
22,Louisiana,22127,Winn,2016,2020,White (includes Hispanic),11.1
23,Maine,23001,Androscoggin,2011,2015,Asian/Pacific Islander (includes Hispanic),
23,Maine,23001,Androscoggin,2011,2015,Black (includes Hispanic),
23,Maine,23001,Androscoggin,2011,2015,Hispanic (all races),
23,Maine,23001,Androscoggin,2011,2015,American Indian/Alaskan Native (includes Hispanic),
23,Maine,23001,Androscoggin,2011,2015,White (includes Hispanic),5.7
23,Maine,23001,Androscoggin,2012,2016,Asian/Pacific Islander (includes Hispanic),
23,Maine,23001,Androscoggin,2012,2016,Black (includes Hispanic),
23,Maine,23001,Androscoggin,2012,2016,Hispanic (all races),
23,Maine,23001,Androscoggin,2012,2016,American Indian/Alaskan Native (includes Hispanic),
23,Maine,23001,Androscoggin,2012,2016,White (includes Hispanic),5.3
23,Maine,23001,Androscoggin,2013,2017,Asian/Pacific Islander (includes Hispanic),
23,Maine,23001,Androscoggin,2013,2017,Black (includes Hispanic),
23,Maine,23001,Androscoggin,2013,2017,Hispanic (all races),
23,Maine,23001,Androscoggin,2013,2017,American Indian/Alaskan Native (includes Hispanic),
23,Maine,23001,Androscoggin,2013,2017,White (includes Hispanic),5.4
23,Maine,23001,Androscoggin,2014,2018,Asian/Pacific Islander (includes Hispanic),
23,Maine,23001,Androscoggin,2014,2018,Black (includes Hispanic),
23,Maine,23001,Androscoggin,2014,2018,Hispanic (all races),
23,Maine,23001,Androscoggin,2014,2018,American Indian/Alaskan Native (includes Hispanic),
23,Maine,23001,Androscoggin,2014,2018,White (includes Hispanic),5.1
23,Maine,23001,Androscoggin,2015,2019,Asian/Pacific Islander (includes Hispanic),
23,Maine,23001,Androscoggin,2015,2019,Black (includes Hispanic),
23,Maine,23001,Androscoggin,2015,2019,Hispanic (all races),
23,Maine,23001,Androscoggin,2015,2019,American Indian/Alaskan Native (includes Hispanic),
23,Maine,23001,Androscoggin,2015,2019,White (includes Hispanic),4.7
23,Maine,23001,Androscoggin,2016,2020,Asian/Pacific Islander (includes Hispanic),
23,Maine,23001,Androscoggin,2016,2020,Black (includes Hispanic),
23,Maine,23001,Androscoggin,2016,2020,Hispanic (all races),
23,Maine,23001,Androscoggin,2016,2020,American Indian/Alaskan Native (includes Hispanic),
23,Maine,23001,Androscoggin,2016,2020,White (includes Hispanic),5.4
23,Maine,23003,Aroostook,2011,2015,Asian/Pacific Islander (includes Hispanic),
23,Maine,23003,Aroostook,2011,2015,Black (includes Hispanic),
23,Maine,23003,Aroostook,2011,2015,Hispanic (all races),
23,Maine,23003,Aroostook,2011,2015,American Indian/Alaskan Native (includes Hispanic),
23,Maine,23003,Aroostook,2011,2015,White (includes Hispanic),6.9
23,Maine,23003,Aroostook,2012,2016,Asian/Pacific Islander (includes Hispanic),
23,Maine,23003,Aroostook,2012,2016,Black (includes Hispanic),
23,Maine,23003,Aroostook,2012,2016,Hispanic (all races),
23,Maine,23003,Aroostook,2012,2016,American Indian/Alaskan Native (includes Hispanic),
23,Maine,23003,Aroostook,2012,2016,White (includes Hispanic),6.1
23,Maine,23003,Aroostook,2013,2017,Asian/Pacific Islander (includes Hispanic),
23,Maine,23003,Aroostook,2013,2017,Black (includes Hispanic),
23,Maine,23003,Aroostook,2013,2017,Hispanic (all races),
23,Maine,23003,Aroostook,2013,2017,American Indian/Alaskan Native (includes Hispanic),
23,Maine,23003,Aroostook,2013,2017,White (includes Hispanic),6.6
23,Maine,23003,Aroostook,2014,2018,Asian/Pacific Islander (includes Hispanic),
23,Maine,23003,Aroostook,2014,2018,Black (includes Hispanic),
23,Maine,23003,Aroostook,2014,2018,Hispanic (all races),
23,Maine,23003,Aroostook,2014,2018,American Indian/Alaskan Native (includes Hispanic),
23,Maine,23003,Aroostook,2014,2018,White (includes Hispanic),6.2
23,Maine,23003,Aroostook,2015,2019,Asian/Pacific Islander (includes Hispanic),
23,Maine,23003,Aroostook,2015,2019,Black (includes Hispanic),
23,Maine,23003,Aroostook,2015,2019,Hispanic (all races),
23,Maine,23003,Aroostook,2015,2019,American Indian/Alaskan Native (includes Hispanic),
23,Maine,23003,Aroostook,2015,2019,White (includes Hispanic),6.6
23,Maine,23003,Aroostook,2016,2020,Asian/Pacific Islander (includes Hispanic),
23,Maine,23003,Aroostook,2016,2020,Black (includes Hispanic),
23,Maine,23003,Aroostook,2016,2020,Hispanic (all races),
23,Maine,23003,Aroostook,2016,2020,American Indian/Alaskan Native (includes Hispanic),
23,Maine,23003,Aroostook,2016,2020,White (includes Hispanic),6.6
23,Maine,23005,Cumberland,2011,2015,Asian/Pacific Islander (includes Hispanic),
23,Maine,23005,Cumberland,2011,2015,Black (includes Hispanic),
23,Maine,23005,Cumberland,2011,2015,Hispanic (all races),
23,Maine,23005,Cumberland,2011,2015,American Indian/Alaskan Native (includes Hispanic),
23,Maine,23005,Cumberland,2011,2015,White (includes Hispanic),5.1
23,Maine,23005,Cumberland,2012,2016,Asian/Pacific Islander (includes Hispanic),
23,Maine,23005,Cumberland,2012,2016,Black (includes Hispanic),
23,Maine,23005,Cumberland,2012,2016,Hispanic (all races),
23,Maine,23005,Cumberland,2012,2016,American Indian/Alaskan Native (includes Hispanic),
23,Maine,23005,Cumberland,2012,2016,White (includes Hispanic),4.8
23,Maine,23005,Cumberland,2013,2017,Asian/Pacific Islander (includes Hispanic),
23,Maine,23005,Cumberland,2013,2017,Black (includes Hispanic),
23,Maine,23005,Cumberland,2013,2017,Hispanic (all races),
23,Maine,23005,Cumberland,2013,2017,American Indian/Alaskan Native (includes Hispanic),
23,Maine,23005,Cumberland,2013,2017,White (includes Hispanic),5.5
23,Maine,23005,Cumberland,2014,2018,Asian/Pacific Islander (includes Hispanic),
23,Maine,23005,Cumberland,2014,2018,Black (includes Hispanic),
23,Maine,23005,Cumberland,2014,2018,Hispanic (all races),
23,Maine,23005,Cumberland,2014,2018,American Indian/Alaskan Native (includes Hispanic),
23,Maine,23005,Cumberland,2014,2018,White (includes Hispanic),5.4
23,Maine,23005,Cumberland,2015,2019,Asian/Pacific Islander (includes Hispanic),
23,Maine,23005,Cumberland,2015,2019,Black (includes Hispanic),
23,Maine,23005,Cumberland,2015,2019,Hispanic (all races),
23,Maine,23005,Cumberland,2015,2019,American Indian/Alaskan Native (includes Hispanic),
23,Maine,23005,Cumberland,2015,2019,White (includes Hispanic),5.2
23,Maine,23005,Cumberland,2016,2020,Asian/Pacific Islander (includes Hispanic),
23,Maine,23005,Cumberland,2016,2020,Black (includes Hispanic),
23,Maine,23005,Cumberland,2016,2020,Hispanic (all races),
23,Maine,23005,Cumberland,2016,2020,American Indian/Alaskan Native (includes Hispanic),
23,Maine,23005,Cumberland,2016,2020,White (includes Hispanic),5.6
23,Maine,23007,Franklin,2011,2015,Asian/Pacific Islander (includes Hispanic),
23,Maine,23007,Franklin,2011,2015,Black (includes Hispanic),
23,Maine,23007,Franklin,2011,2015,Hispanic (all races),
23,Maine,23007,Franklin,2011,2015,American Indian/Alaskan Native (includes Hispanic),
23,Maine,23007,Franklin,2011,2015,White (includes Hispanic),5.5
23,Maine,23007,Franklin,2012,2016,Asian/Pacific Islander (includes Hispanic),
23,Maine,23007,Franklin,2012,2016,Black (includes Hispanic),
23,Maine,23007,Franklin,2012,2016,Hispanic (all races),
23,Maine,23007,Franklin,2012,2016,American Indian/Alaskan Native (includes Hispanic),
23,Maine,23007,Franklin,2012,2016,White (includes Hispanic),5.2
23,Maine,23007,Franklin,2013,2017,Asian/Pacific Islander (includes Hispanic),
23,Maine,23007,Franklin,2013,2017,Black (includes Hispanic),
23,Maine,23007,Franklin,2013,2017,Hispanic (all races),
23,Maine,23007,Franklin,2013,2017,American Indian/Alaskan Native (includes Hispanic),
23,Maine,23007,Franklin,2013,2017,White (includes Hispanic),5.6
23,Maine,23007,Franklin,2014,2018,Asian/Pacific Islander (includes Hispanic),
23,Maine,23007,Franklin,2014,2018,Black (includes Hispanic),
23,Maine,23007,Franklin,2014,2018,Hispanic (all races),
23,Maine,23007,Franklin,2014,2018,American Indian/Alaskan Native (includes Hispanic),
23,Maine,23007,Franklin,2014,2018,White (includes Hispanic),5.4
23,Maine,23007,Franklin,2015,2019,Asian/Pacific Islander (includes Hispanic),
23,Maine,23007,Franklin,2015,2019,Black (includes Hispanic),
23,Maine,23007,Franklin,2015,2019,Hispanic (all races),
23,Maine,23007,Franklin,2015,2019,American Indian/Alaskan Native (includes Hispanic),
23,Maine,23007,Franklin,2015,2019,White (includes Hispanic),4.7
23,Maine,23007,Franklin,2016,2020,Asian/Pacific Islander (includes Hispanic),
23,Maine,23007,Franklin,2016,2020,Black (includes Hispanic),
23,Maine,23007,Franklin,2016,2020,Hispanic (all races),
23,Maine,23007,Franklin,2016,2020,American Indian/Alaskan Native (includes Hispanic),
23,Maine,23007,Franklin,2016,2020,White (includes Hispanic),5.8
23,Maine,23009,Hancock,2011,2015,Asian/Pacific Islander (includes Hispanic),
23,Maine,23009,Hancock,2011,2015,Black (includes Hispanic),
23,Maine,23009,Hancock,2011,2015,Hispanic (all races),
23,Maine,23009,Hancock,2011,2015,American Indian/Alaskan Native (includes Hispanic),
23,Maine,23009,Hancock,2011,2015,White (includes Hispanic),5.9
23,Maine,23009,Hancock,2012,2016,Asian/Pacific Islander (includes Hispanic),
23,Maine,23009,Hancock,2012,2016,Black (includes Hispanic),
23,Maine,23009,Hancock,2012,2016,Hispanic (all races),
23,Maine,23009,Hancock,2012,2016,American Indian/Alaskan Native (includes Hispanic),
23,Maine,23009,Hancock,2012,2016,White (includes Hispanic),6.1
23,Maine,23009,Hancock,2013,2017,Asian/Pacific Islander (includes Hispanic),
23,Maine,23009,Hancock,2013,2017,Black (includes Hispanic),
23,Maine,23009,Hancock,2013,2017,Hispanic (all races),
23,Maine,23009,Hancock,2013,2017,American Indian/Alaskan Native (includes Hispanic),
23,Maine,23009,Hancock,2013,2017,White (includes Hispanic),6.7
23,Maine,23009,Hancock,2014,2018,Asian/Pacific Islander (includes Hispanic),
23,Maine,23009,Hancock,2014,2018,Black (includes Hispanic),
23,Maine,23009,Hancock,2014,2018,Hispanic (all races),
23,Maine,23009,Hancock,2014,2018,American Indian/Alaskan Native (includes Hispanic),
23,Maine,23009,Hancock,2014,2018,White (includes Hispanic),6.1
23,Maine,23009,Hancock,2015,2019,Asian/Pacific Islander (includes Hispanic),
23,Maine,23009,Hancock,2015,2019,Black (includes Hispanic),
23,Maine,23009,Hancock,2015,2019,Hispanic (all races),
23,Maine,23009,Hancock,2015,2019,American Indian/Alaskan Native (includes Hispanic),
23,Maine,23009,Hancock,2015,2019,White (includes Hispanic),6.1
23,Maine,23009,Hancock,2016,2020,Asian/Pacific Islander (includes Hispanic),
23,Maine,23009,Hancock,2016,2020,Black (includes Hispanic),
23,Maine,23009,Hancock,2016,2020,Hispanic (all races),
23,Maine,23009,Hancock,2016,2020,American Indian/Alaskan Native (includes Hispanic),
23,Maine,23009,Hancock,2016,2020,White (includes Hispanic),6.9
23,Maine,23011,Kennebec,2011,2015,Asian/Pacific Islander (includes Hispanic),
23,Maine,23011,Kennebec,2011,2015,Black (includes Hispanic),
23,Maine,23011,Kennebec,2011,2015,Hispanic (all races),
23,Maine,23011,Kennebec,2011,2015,American Indian/Alaskan Native (includes Hispanic),
23,Maine,23011,Kennebec,2011,2015,White (includes Hispanic),6.3
23,Maine,23011,Kennebec,2012,2016,Asian/Pacific Islander (includes Hispanic),
23,Maine,23011,Kennebec,2012,2016,Black (includes Hispanic),
23,Maine,23011,Kennebec,2012,2016,Hispanic (all races),
23,Maine,23011,Kennebec,2012,2016,American Indian/Alaskan Native (includes Hispanic),
23,Maine,23011,Kennebec,2012,2016,White (includes Hispanic),6.2
23,Maine,23011,Kennebec,2013,2017,Asian/Pacific Islander (includes Hispanic),
23,Maine,23011,Kennebec,2013,2017,Black (includes Hispanic),
23,Maine,23011,Kennebec,2013,2017,Hispanic (all races),
23,Maine,23011,Kennebec,2013,2017,American Indian/Alaskan Native (includes Hispanic),
23,Maine,23011,Kennebec,2013,2017,White (includes Hispanic),6.4
23,Maine,23011,Kennebec,2014,2018,Asian/Pacific Islander (includes Hispanic),
23,Maine,23011,Kennebec,2014,2018,Black (includes Hispanic),
23,Maine,23011,Kennebec,2014,2018,Hispanic (all races),
23,Maine,23011,Kennebec,2014,2018,American Indian/Alaskan Native (includes Hispanic),
23,Maine,23011,Kennebec,2014,2018,White (includes Hispanic),5.9
23,Maine,23011,Kennebec,2015,2019,Asian/Pacific Islander (includes Hispanic),
23,Maine,23011,Kennebec,2015,2019,Black (includes Hispanic),
23,Maine,23011,Kennebec,2015,2019,Hispanic (all races),
23,Maine,23011,Kennebec,2015,2019,American Indian/Alaskan Native (includes Hispanic),
23,Maine,23011,Kennebec,2015,2019,White (includes Hispanic),5.2
23,Maine,23011,Kennebec,2016,2020,Asian/Pacific Islander (includes Hispanic),
23,Maine,23011,Kennebec,2016,2020,Black (includes Hispanic),
23,Maine,23011,Kennebec,2016,2020,Hispanic (all races),
23,Maine,23011,Kennebec,2016,2020,American Indian/Alaskan Native (includes Hispanic),
23,Maine,23011,Kennebec,2016,2020,White (includes Hispanic),6.6
23,Maine,23013,Knox,2011,2015,Asian/Pacific Islander (includes Hispanic),
23,Maine,23013,Knox,2011,2015,Black (includes Hispanic),
23,Maine,23013,Knox,2011,2015,Hispanic (all races),
23,Maine,23013,Knox,2011,2015,American Indian/Alaskan Native (includes Hispanic),
23,Maine,23013,Knox,2011,2015,White (includes Hispanic),6.8
23,Maine,23013,Knox,2012,2016,Asian/Pacific Islander (includes Hispanic),
23,Maine,23013,Knox,2012,2016,Black (includes Hispanic),
23,Maine,23013,Knox,2012,2016,Hispanic (all races),
23,Maine,23013,Knox,2012,2016,American Indian/Alaskan Native (includes Hispanic),
23,Maine,23013,Knox,2012,2016,White (includes Hispanic),6.9
23,Maine,23013,Knox,2013,2017,Asian/Pacific Islander (includes Hispanic),
23,Maine,23013,Knox,2013,2017,Black (includes Hispanic),
23,Maine,23013,Knox,2013,2017,Hispanic (all races),
23,Maine,23013,Knox,2013,2017,American Indian/Alaskan Native (includes Hispanic),
23,Maine,23013,Knox,2013,2017,White (includes Hispanic),6.1
23,Maine,23013,Knox,2014,2018,Asian/Pacific Islander (includes Hispanic),
23,Maine,23013,Knox,2014,2018,Black (includes Hispanic),
23,Maine,23013,Knox,2014,2018,Hispanic (all races),
23,Maine,23013,Knox,2014,2018,American Indian/Alaskan Native (includes Hispanic),
23,Maine,23013,Knox,2014,2018,White (includes Hispanic),5.1
23,Maine,23013,Knox,2015,2019,Asian/Pacific Islander (includes Hispanic),
23,Maine,23013,Knox,2015,2019,Black (includes Hispanic),
23,Maine,23013,Knox,2015,2019,Hispanic (all races),
23,Maine,23013,Knox,2015,2019,American Indian/Alaskan Native (includes Hispanic),
23,Maine,23013,Knox,2015,2019,White (includes Hispanic),4.4
23,Maine,23013,Knox,2016,2020,Asian/Pacific Islander (includes Hispanic),
23,Maine,23013,Knox,2016,2020,Black (includes Hispanic),
23,Maine,23013,Knox,2016,2020,Hispanic (all races),
23,Maine,23013,Knox,2016,2020,American Indian/Alaskan Native (includes Hispanic),
23,Maine,23013,Knox,2016,2020,White (includes Hispanic),6.4
23,Maine,23015,Lincoln,2011,2015,Asian/Pacific Islander (includes Hispanic),
23,Maine,23015,Lincoln,2011,2015,Black (includes Hispanic),
23,Maine,23015,Lincoln,2011,2015,Hispanic (all races),
23,Maine,23015,Lincoln,2011,2015,American Indian/Alaskan Native (includes Hispanic),
23,Maine,23015,Lincoln,2011,2015,White (includes Hispanic),7.5
23,Maine,23015,Lincoln,2012,2016,Asian/Pacific Islander (includes Hispanic),
23,Maine,23015,Lincoln,2012,2016,Black (includes Hispanic),
23,Maine,23015,Lincoln,2012,2016,Hispanic (all races),
23,Maine,23015,Lincoln,2012,2016,American Indian/Alaskan Native (includes Hispanic),
23,Maine,23015,Lincoln,2012,2016,White (includes Hispanic),7.5
23,Maine,23015,Lincoln,2013,2017,Asian/Pacific Islander (includes Hispanic),
23,Maine,23015,Lincoln,2013,2017,Black (includes Hispanic),
23,Maine,23015,Lincoln,2013,2017,Hispanic (all races),
23,Maine,23015,Lincoln,2013,2017,American Indian/Alaskan Native (includes Hispanic),
23,Maine,23015,Lincoln,2013,2017,White (includes Hispanic),7.1
23,Maine,23015,Lincoln,2014,2018,Asian/Pacific Islander (includes Hispanic),
23,Maine,23015,Lincoln,2014,2018,Black (includes Hispanic),
23,Maine,23015,Lincoln,2014,2018,Hispanic (all races),
23,Maine,23015,Lincoln,2014,2018,American Indian/Alaskan Native (includes Hispanic),
23,Maine,23015,Lincoln,2014,2018,White (includes Hispanic),5.9
23,Maine,23015,Lincoln,2015,2019,Asian/Pacific Islander (includes Hispanic),
23,Maine,23015,Lincoln,2015,2019,Black (includes Hispanic),
23,Maine,23015,Lincoln,2015,2019,Hispanic (all races),
23,Maine,23015,Lincoln,2015,2019,American Indian/Alaskan Native (includes Hispanic),
23,Maine,23015,Lincoln,2015,2019,White (includes Hispanic),4.9
23,Maine,23015,Lincoln,2016,2020,Asian/Pacific Islander (includes Hispanic),
23,Maine,23015,Lincoln,2016,2020,Black (includes Hispanic),
23,Maine,23015,Lincoln,2016,2020,Hispanic (all races),
23,Maine,23015,Lincoln,2016,2020,American Indian/Alaskan Native (includes Hispanic),
23,Maine,23015,Lincoln,2016,2020,White (includes Hispanic),5.8
23,Maine,23017,Oxford,2011,2015,Asian/Pacific Islander (includes Hispanic),
23,Maine,23017,Oxford,2011,2015,Black (includes Hispanic),
23,Maine,23017,Oxford,2011,2015,Hispanic (all races),
23,Maine,23017,Oxford,2011,2015,American Indian/Alaskan Native (includes Hispanic),
23,Maine,23017,Oxford,2011,2015,White (includes Hispanic),4.9
23,Maine,23017,Oxford,2012,2016,Asian/Pacific Islander (includes Hispanic),
23,Maine,23017,Oxford,2012,2016,Black (includes Hispanic),
23,Maine,23017,Oxford,2012,2016,Hispanic (all races),
23,Maine,23017,Oxford,2012,2016,American Indian/Alaskan Native (includes Hispanic),
23,Maine,23017,Oxford,2012,2016,White (includes Hispanic),4.7
23,Maine,23017,Oxford,2013,2017,Asian/Pacific Islander (includes Hispanic),
23,Maine,23017,Oxford,2013,2017,Black (includes Hispanic),
23,Maine,23017,Oxford,2013,2017,Hispanic (all races),
23,Maine,23017,Oxford,2013,2017,American Indian/Alaskan Native (includes Hispanic),
23,Maine,23017,Oxford,2013,2017,White (includes Hispanic),5.2
23,Maine,23017,Oxford,2014,2018,Asian/Pacific Islander (includes Hispanic),
23,Maine,23017,Oxford,2014,2018,Black (includes Hispanic),
23,Maine,23017,Oxford,2014,2018,Hispanic (all races),
23,Maine,23017,Oxford,2014,2018,American Indian/Alaskan Native (includes Hispanic),
23,Maine,23017,Oxford,2014,2018,White (includes Hispanic),5.5
23,Maine,23017,Oxford,2015,2019,Asian/Pacific Islander (includes Hispanic),
23,Maine,23017,Oxford,2015,2019,Black (includes Hispanic),
23,Maine,23017,Oxford,2015,2019,Hispanic (all races),
23,Maine,23017,Oxford,2015,2019,American Indian/Alaskan Native (includes Hispanic),
23,Maine,23017,Oxford,2015,2019,White (includes Hispanic),5.3
23,Maine,23017,Oxford,2016,2020,Asian/Pacific Islander (includes Hispanic),
23,Maine,23017,Oxford,2016,2020,Black (includes Hispanic),
23,Maine,23017,Oxford,2016,2020,Hispanic (all races),
23,Maine,23017,Oxford,2016,2020,American Indian/Alaskan Native (includes Hispanic),
23,Maine,23017,Oxford,2016,2020,White (includes Hispanic),5.5
23,Maine,23019,Penobscot,2011,2015,Asian/Pacific Islander (includes Hispanic),
23,Maine,23019,Penobscot,2011,2015,Black (includes Hispanic),
23,Maine,23019,Penobscot,2011,2015,Hispanic (all races),
23,Maine,23019,Penobscot,2011,2015,American Indian/Alaskan Native (includes Hispanic),
23,Maine,23019,Penobscot,2011,2015,White (includes Hispanic),6.5
23,Maine,23019,Penobscot,2012,2016,Asian/Pacific Islander (includes Hispanic),
23,Maine,23019,Penobscot,2012,2016,Black (includes Hispanic),
23,Maine,23019,Penobscot,2012,2016,Hispanic (all races),
23,Maine,23019,Penobscot,2012,2016,American Indian/Alaskan Native (includes Hispanic),
23,Maine,23019,Penobscot,2012,2016,White (includes Hispanic),5.6
23,Maine,23019,Penobscot,2013,2017,Asian/Pacific Islander (includes Hispanic),
23,Maine,23019,Penobscot,2013,2017,Black (includes Hispanic),
23,Maine,23019,Penobscot,2013,2017,Hispanic (all races),
23,Maine,23019,Penobscot,2013,2017,American Indian/Alaskan Native (includes Hispanic),
23,Maine,23019,Penobscot,2013,2017,White (includes Hispanic),6.0
23,Maine,23019,Penobscot,2014,2018,Asian/Pacific Islander (includes Hispanic),
23,Maine,23019,Penobscot,2014,2018,Black (includes Hispanic),
23,Maine,23019,Penobscot,2014,2018,Hispanic (all races),
23,Maine,23019,Penobscot,2014,2018,American Indian/Alaskan Native (includes Hispanic),
23,Maine,23019,Penobscot,2014,2018,White (includes Hispanic),5.4
23,Maine,23019,Penobscot,2015,2019,Asian/Pacific Islander (includes Hispanic),
23,Maine,23019,Penobscot,2015,2019,Black (includes Hispanic),
23,Maine,23019,Penobscot,2015,2019,Hispanic (all races),
23,Maine,23019,Penobscot,2015,2019,American Indian/Alaskan Native (includes Hispanic),
23,Maine,23019,Penobscot,2015,2019,White (includes Hispanic),5.7
23,Maine,23019,Penobscot,2016,2020,Asian/Pacific Islander (includes Hispanic),
23,Maine,23019,Penobscot,2016,2020,Black (includes Hispanic),
23,Maine,23019,Penobscot,2016,2020,Hispanic (all races),
23,Maine,23019,Penobscot,2016,2020,American Indian/Alaskan Native (includes Hispanic),
23,Maine,23019,Penobscot,2016,2020,White (includes Hispanic),6.2
23,Maine,23021,Piscataquis,2011,2015,Asian/Pacific Islander (includes Hispanic),
23,Maine,23021,Piscataquis,2011,2015,Black (includes Hispanic),
23,Maine,23021,Piscataquis,2011,2015,Hispanic (all races),
23,Maine,23021,Piscataquis,2011,2015,American Indian/Alaskan Native (includes Hispanic),
23,Maine,23021,Piscataquis,2011,2015,White (includes Hispanic),6.6
23,Maine,23021,Piscataquis,2012,2016,Asian/Pacific Islander (includes Hispanic),
23,Maine,23021,Piscataquis,2012,2016,Black (includes Hispanic),
23,Maine,23021,Piscataquis,2012,2016,Hispanic (all races),
23,Maine,23021,Piscataquis,2012,2016,American Indian/Alaskan Native (includes Hispanic),
23,Maine,23021,Piscataquis,2012,2016,White (includes Hispanic),6.1
23,Maine,23021,Piscataquis,2013,2017,Asian/Pacific Islander (includes Hispanic),
23,Maine,23021,Piscataquis,2013,2017,Black (includes Hispanic),
23,Maine,23021,Piscataquis,2013,2017,Hispanic (all races),
23,Maine,23021,Piscataquis,2013,2017,American Indian/Alaskan Native (includes Hispanic),
23,Maine,23021,Piscataquis,2013,2017,White (includes Hispanic),6.4
23,Maine,23021,Piscataquis,2014,2018,Asian/Pacific Islander (includes Hispanic),
23,Maine,23021,Piscataquis,2014,2018,Black (includes Hispanic),
23,Maine,23021,Piscataquis,2014,2018,Hispanic (all races),
23,Maine,23021,Piscataquis,2014,2018,American Indian/Alaskan Native (includes Hispanic),
23,Maine,23021,Piscataquis,2014,2018,White (includes Hispanic),6.0
23,Maine,23021,Piscataquis,2015,2019,Asian/Pacific Islander (includes Hispanic),
23,Maine,23021,Piscataquis,2015,2019,Black (includes Hispanic),
23,Maine,23021,Piscataquis,2015,2019,Hispanic (all races),
23,Maine,23021,Piscataquis,2015,2019,American Indian/Alaskan Native (includes Hispanic),
23,Maine,23021,Piscataquis,2015,2019,White (includes Hispanic),6.3
23,Maine,23021,Piscataquis,2016,2020,Asian/Pacific Islander (includes Hispanic),
23,Maine,23021,Piscataquis,2016,2020,Black (includes Hispanic),
23,Maine,23021,Piscataquis,2016,2020,Hispanic (all races),
23,Maine,23021,Piscataquis,2016,2020,American Indian/Alaskan Native (includes Hispanic),
23,Maine,23021,Piscataquis,2016,2020,White (includes Hispanic),6.3
23,Maine,23023,Sagadahoc,2011,2015,Asian/Pacific Islander (includes Hispanic),
23,Maine,23023,Sagadahoc,2011,2015,Black (includes Hispanic),
23,Maine,23023,Sagadahoc,2011,2015,Hispanic (all races),
23,Maine,23023,Sagadahoc,2011,2015,American Indian/Alaskan Native (includes Hispanic),
23,Maine,23023,Sagadahoc,2011,2015,White (includes Hispanic),6.4
23,Maine,23023,Sagadahoc,2012,2016,Asian/Pacific Islander (includes Hispanic),
23,Maine,23023,Sagadahoc,2012,2016,Black (includes Hispanic),
23,Maine,23023,Sagadahoc,2012,2016,Hispanic (all races),
23,Maine,23023,Sagadahoc,2012,2016,American Indian/Alaskan Native (includes Hispanic),
23,Maine,23023,Sagadahoc,2012,2016,White (includes Hispanic),6.0
23,Maine,23023,Sagadahoc,2013,2017,Asian/Pacific Islander (includes Hispanic),
23,Maine,23023,Sagadahoc,2013,2017,Black (includes Hispanic),
23,Maine,23023,Sagadahoc,2013,2017,Hispanic (all races),
23,Maine,23023,Sagadahoc,2013,2017,American Indian/Alaskan Native (includes Hispanic),
23,Maine,23023,Sagadahoc,2013,2017,White (includes Hispanic),5.9
23,Maine,23023,Sagadahoc,2014,2018,Asian/Pacific Islander (includes Hispanic),
23,Maine,23023,Sagadahoc,2014,2018,Black (includes Hispanic),
23,Maine,23023,Sagadahoc,2014,2018,Hispanic (all races),
23,Maine,23023,Sagadahoc,2014,2018,American Indian/Alaskan Native (includes Hispanic),
23,Maine,23023,Sagadahoc,2014,2018,White (includes Hispanic),5.3
23,Maine,23023,Sagadahoc,2015,2019,Asian/Pacific Islander (includes Hispanic),
23,Maine,23023,Sagadahoc,2015,2019,Black (includes Hispanic),
23,Maine,23023,Sagadahoc,2015,2019,Hispanic (all races),
23,Maine,23023,Sagadahoc,2015,2019,American Indian/Alaskan Native (includes Hispanic),
23,Maine,23023,Sagadahoc,2015,2019,White (includes Hispanic),5.0
23,Maine,23023,Sagadahoc,2016,2020,Asian/Pacific Islander (includes Hispanic),
23,Maine,23023,Sagadahoc,2016,2020,Black (includes Hispanic),
23,Maine,23023,Sagadahoc,2016,2020,Hispanic (all races),
23,Maine,23023,Sagadahoc,2016,2020,American Indian/Alaskan Native (includes Hispanic),
23,Maine,23023,Sagadahoc,2016,2020,White (includes Hispanic),5.8
23,Maine,23025,Somerset,2011,2015,Asian/Pacific Islander (includes Hispanic),
23,Maine,23025,Somerset,2011,2015,Black (includes Hispanic),
23,Maine,23025,Somerset,2011,2015,Hispanic (all races),
23,Maine,23025,Somerset,2011,2015,American Indian/Alaskan Native (includes Hispanic),
23,Maine,23025,Somerset,2011,2015,White (includes Hispanic),6.5
23,Maine,23025,Somerset,2012,2016,Asian/Pacific Islander (includes Hispanic),
23,Maine,23025,Somerset,2012,2016,Black (includes Hispanic),
23,Maine,23025,Somerset,2012,2016,Hispanic (all races),
23,Maine,23025,Somerset,2012,2016,American Indian/Alaskan Native (includes Hispanic),
23,Maine,23025,Somerset,2012,2016,White (includes Hispanic),5.9
23,Maine,23025,Somerset,2013,2017,Asian/Pacific Islander (includes Hispanic),
23,Maine,23025,Somerset,2013,2017,Black (includes Hispanic),
23,Maine,23025,Somerset,2013,2017,Hispanic (all races),
23,Maine,23025,Somerset,2013,2017,American Indian/Alaskan Native (includes Hispanic),
23,Maine,23025,Somerset,2013,2017,White (includes Hispanic),6.0
23,Maine,23025,Somerset,2014,2018,Asian/Pacific Islander (includes Hispanic),
23,Maine,23025,Somerset,2014,2018,Black (includes Hispanic),
23,Maine,23025,Somerset,2014,2018,Hispanic (all races),
23,Maine,23025,Somerset,2014,2018,American Indian/Alaskan Native (includes Hispanic),
23,Maine,23025,Somerset,2014,2018,White (includes Hispanic),5.6
23,Maine,23025,Somerset,2015,2019,Asian/Pacific Islander (includes Hispanic),
23,Maine,23025,Somerset,2015,2019,Black (includes Hispanic),
23,Maine,23025,Somerset,2015,2019,Hispanic (all races),
23,Maine,23025,Somerset,2015,2019,American Indian/Alaskan Native (includes Hispanic),
23,Maine,23025,Somerset,2015,2019,White (includes Hispanic),5.4
23,Maine,23025,Somerset,2016,2020,Asian/Pacific Islander (includes Hispanic),
23,Maine,23025,Somerset,2016,2020,Black (includes Hispanic),
23,Maine,23025,Somerset,2016,2020,Hispanic (all races),
23,Maine,23025,Somerset,2016,2020,American Indian/Alaskan Native (includes Hispanic),
23,Maine,23025,Somerset,2016,2020,White (includes Hispanic),5.6
23,Maine,23027,Waldo,2011,2015,Asian/Pacific Islander (includes Hispanic),
23,Maine,23027,Waldo,2011,2015,Black (includes Hispanic),
23,Maine,23027,Waldo,2011,2015,Hispanic (all races),
23,Maine,23027,Waldo,2011,2015,American Indian/Alaskan Native (includes Hispanic),
23,Maine,23027,Waldo,2011,2015,White (includes Hispanic),6.8
23,Maine,23027,Waldo,2012,2016,Asian/Pacific Islander (includes Hispanic),
23,Maine,23027,Waldo,2012,2016,Black (includes Hispanic),
23,Maine,23027,Waldo,2012,2016,Hispanic (all races),
23,Maine,23027,Waldo,2012,2016,American Indian/Alaskan Native (includes Hispanic),
23,Maine,23027,Waldo,2012,2016,White (includes Hispanic),6.7
23,Maine,23027,Waldo,2013,2017,Asian/Pacific Islander (includes Hispanic),
23,Maine,23027,Waldo,2013,2017,Black (includes Hispanic),
23,Maine,23027,Waldo,2013,2017,Hispanic (all races),
23,Maine,23027,Waldo,2013,2017,American Indian/Alaskan Native (includes Hispanic),
23,Maine,23027,Waldo,2013,2017,White (includes Hispanic),6.5
23,Maine,23027,Waldo,2014,2018,Asian/Pacific Islander (includes Hispanic),
23,Maine,23027,Waldo,2014,2018,Black (includes Hispanic),
23,Maine,23027,Waldo,2014,2018,Hispanic (all races),
23,Maine,23027,Waldo,2014,2018,American Indian/Alaskan Native (includes Hispanic),
23,Maine,23027,Waldo,2014,2018,White (includes Hispanic),5.8
23,Maine,23027,Waldo,2015,2019,Asian/Pacific Islander (includes Hispanic),
23,Maine,23027,Waldo,2015,2019,Black (includes Hispanic),
23,Maine,23027,Waldo,2015,2019,Hispanic (all races),
23,Maine,23027,Waldo,2015,2019,American Indian/Alaskan Native (includes Hispanic),
23,Maine,23027,Waldo,2015,2019,White (includes Hispanic),5.4
23,Maine,23027,Waldo,2016,2020,Asian/Pacific Islander (includes Hispanic),
23,Maine,23027,Waldo,2016,2020,Black (includes Hispanic),
23,Maine,23027,Waldo,2016,2020,Hispanic (all races),
23,Maine,23027,Waldo,2016,2020,American Indian/Alaskan Native (includes Hispanic),
23,Maine,23027,Waldo,2016,2020,White (includes Hispanic),6.2
23,Maine,23029,Washington,2011,2015,Asian/Pacific Islander (includes Hispanic),
23,Maine,23029,Washington,2011,2015,Black (includes Hispanic),
23,Maine,23029,Washington,2011,2015,Hispanic (all races),
23,Maine,23029,Washington,2011,2015,American Indian/Alaskan Native (includes Hispanic),
23,Maine,23029,Washington,2011,2015,White (includes Hispanic),7.0
23,Maine,23029,Washington,2012,2016,Asian/Pacific Islander (includes Hispanic),
23,Maine,23029,Washington,2012,2016,Black (includes Hispanic),
23,Maine,23029,Washington,2012,2016,Hispanic (all races),
23,Maine,23029,Washington,2012,2016,American Indian/Alaskan Native (includes Hispanic),
23,Maine,23029,Washington,2012,2016,White (includes Hispanic),6.0
23,Maine,23029,Washington,2013,2017,Asian/Pacific Islander (includes Hispanic),
23,Maine,23029,Washington,2013,2017,Black (includes Hispanic),
23,Maine,23029,Washington,2013,2017,Hispanic (all races),
23,Maine,23029,Washington,2013,2017,American Indian/Alaskan Native (includes Hispanic),
23,Maine,23029,Washington,2013,2017,White (includes Hispanic),6.3
23,Maine,23029,Washington,2014,2018,Asian/Pacific Islander (includes Hispanic),
23,Maine,23029,Washington,2014,2018,Black (includes Hispanic),
23,Maine,23029,Washington,2014,2018,Hispanic (all races),
23,Maine,23029,Washington,2014,2018,American Indian/Alaskan Native (includes Hispanic),
23,Maine,23029,Washington,2014,2018,White (includes Hispanic),5.6
23,Maine,23029,Washington,2015,2019,Asian/Pacific Islander (includes Hispanic),
23,Maine,23029,Washington,2015,2019,Black (includes Hispanic),
23,Maine,23029,Washington,2015,2019,Hispanic (all races),
23,Maine,23029,Washington,2015,2019,American Indian/Alaskan Native (includes Hispanic),
23,Maine,23029,Washington,2015,2019,White (includes Hispanic),6.1
23,Maine,23029,Washington,2016,2020,Asian/Pacific Islander (includes Hispanic),
23,Maine,23029,Washington,2016,2020,Black (includes Hispanic),
23,Maine,23029,Washington,2016,2020,Hispanic (all races),
23,Maine,23029,Washington,2016,2020,American Indian/Alaskan Native (includes Hispanic),
23,Maine,23029,Washington,2016,2020,White (includes Hispanic),6.3
23,Maine,23031,York,2011,2015,Asian/Pacific Islander (includes Hispanic),
23,Maine,23031,York,2011,2015,Black (includes Hispanic),
23,Maine,23031,York,2011,2015,Hispanic (all races),
23,Maine,23031,York,2011,2015,American Indian/Alaskan Native (includes Hispanic),
23,Maine,23031,York,2011,2015,White (includes Hispanic),5.2
23,Maine,23031,York,2012,2016,Asian/Pacific Islander (includes Hispanic),
23,Maine,23031,York,2012,2016,Black (includes Hispanic),
23,Maine,23031,York,2012,2016,Hispanic (all races),
23,Maine,23031,York,2012,2016,American Indian/Alaskan Native (includes Hispanic),
23,Maine,23031,York,2012,2016,White (includes Hispanic),4.8
23,Maine,23031,York,2013,2017,Asian/Pacific Islander (includes Hispanic),
23,Maine,23031,York,2013,2017,Black (includes Hispanic),
23,Maine,23031,York,2013,2017,Hispanic (all races),
23,Maine,23031,York,2013,2017,American Indian/Alaskan Native (includes Hispanic),
23,Maine,23031,York,2013,2017,White (includes Hispanic),5.2
23,Maine,23031,York,2014,2018,Asian/Pacific Islander (includes Hispanic),
23,Maine,23031,York,2014,2018,Black (includes Hispanic),
23,Maine,23031,York,2014,2018,Hispanic (all races),
23,Maine,23031,York,2014,2018,American Indian/Alaskan Native (includes Hispanic),
23,Maine,23031,York,2014,2018,White (includes Hispanic),5.3
23,Maine,23031,York,2015,2019,Asian/Pacific Islander (includes Hispanic),
23,Maine,23031,York,2015,2019,Black (includes Hispanic),
23,Maine,23031,York,2015,2019,Hispanic (all races),
23,Maine,23031,York,2015,2019,American Indian/Alaskan Native (includes Hispanic),
23,Maine,23031,York,2015,2019,White (includes Hispanic),5.2
23,Maine,23031,York,2016,2020,Asian/Pacific Islander (includes Hispanic),
23,Maine,23031,York,2016,2020,Black (includes Hispanic),
23,Maine,23031,York,2016,2020,Hispanic (all races),
23,Maine,23031,York,2016,2020,American Indian/Alaskan Native (includes Hispanic),
23,Maine,23031,York,2016,2020,White (includes Hispanic),4.6
24,Maryland,24001,Allegany,2011,2015,Asian/Pacific Islander (includes Hispanic),
24,Maryland,24001,Allegany,2011,2015,Black (includes Hispanic),
24,Maryland,24001,Allegany,2011,2015,Hispanic (all races),
24,Maryland,24001,Allegany,2011,2015,American Indian/Alaskan Native (includes Hispanic),
24,Maryland,24001,Allegany,2011,2015,White (includes Hispanic),8.2
24,Maryland,24001,Allegany,2012,2016,Asian/Pacific Islander (includes Hispanic),
24,Maryland,24001,Allegany,2012,2016,Black (includes Hispanic),
24,Maryland,24001,Allegany,2012,2016,Hispanic (all races),
24,Maryland,24001,Allegany,2012,2016,American Indian/Alaskan Native (includes Hispanic),
24,Maryland,24001,Allegany,2012,2016,White (includes Hispanic),7.6
24,Maryland,24001,Allegany,2013,2017,Asian/Pacific Islander (includes Hispanic),
24,Maryland,24001,Allegany,2013,2017,Black (includes Hispanic),
24,Maryland,24001,Allegany,2013,2017,Hispanic (all races),
24,Maryland,24001,Allegany,2013,2017,American Indian/Alaskan Native (includes Hispanic),
24,Maryland,24001,Allegany,2013,2017,White (includes Hispanic),7.0
24,Maryland,24001,Allegany,2014,2018,Asian/Pacific Islander (includes Hispanic),
24,Maryland,24001,Allegany,2014,2018,Black (includes Hispanic),
24,Maryland,24001,Allegany,2014,2018,Hispanic (all races),
24,Maryland,24001,Allegany,2014,2018,American Indian/Alaskan Native (includes Hispanic),
24,Maryland,24001,Allegany,2014,2018,White (includes Hispanic),6.9
24,Maryland,24001,Allegany,2015,2019,Asian/Pacific Islander (includes Hispanic),
24,Maryland,24001,Allegany,2015,2019,Black (includes Hispanic),
24,Maryland,24001,Allegany,2015,2019,Hispanic (all races),
24,Maryland,24001,Allegany,2015,2019,American Indian/Alaskan Native (includes Hispanic),
24,Maryland,24001,Allegany,2015,2019,White (includes Hispanic),6.2
24,Maryland,24001,Allegany,2016,2020,Asian/Pacific Islander (includes Hispanic),
24,Maryland,24001,Allegany,2016,2020,Black (includes Hispanic),
24,Maryland,24001,Allegany,2016,2020,Hispanic (all races),
24,Maryland,24001,Allegany,2016,2020,American Indian/Alaskan Native (includes Hispanic),
24,Maryland,24001,Allegany,2016,2020,White (includes Hispanic),6.4
24,Maryland,24003,Anne Arundel,2011,2015,Asian/Pacific Islander (includes Hispanic),4.8
24,Maryland,24003,Anne Arundel,2011,2015,Black (includes Hispanic),7.3
24,Maryland,24003,Anne Arundel,2011,2015,Hispanic (all races),9.7
24,Maryland,24003,Anne Arundel,2011,2015,American Indian/Alaskan Native (includes Hispanic),
24,Maryland,24003,Anne Arundel,2011,2015,White (includes Hispanic),6.5
24,Maryland,24003,Anne Arundel,2012,2016,Asian/Pacific Islander (includes Hispanic),4.8
24,Maryland,24003,Anne Arundel,2012,2016,Black (includes Hispanic),7.3
24,Maryland,24003,Anne Arundel,2012,2016,Hispanic (all races),10.0
24,Maryland,24003,Anne Arundel,2012,2016,American Indian/Alaskan Native (includes Hispanic),
24,Maryland,24003,Anne Arundel,2012,2016,White (includes Hispanic),6.9
24,Maryland,24003,Anne Arundel,2013,2017,Asian/Pacific Islander (includes Hispanic),4.4
24,Maryland,24003,Anne Arundel,2013,2017,Black (includes Hispanic),6.7
24,Maryland,24003,Anne Arundel,2013,2017,Hispanic (all races),9.0
24,Maryland,24003,Anne Arundel,2013,2017,American Indian/Alaskan Native (includes Hispanic),
24,Maryland,24003,Anne Arundel,2013,2017,White (includes Hispanic),6.9
24,Maryland,24003,Anne Arundel,2014,2018,Asian/Pacific Islander (includes Hispanic),4.5
24,Maryland,24003,Anne Arundel,2014,2018,Black (includes Hispanic),6.8
24,Maryland,24003,Anne Arundel,2014,2018,Hispanic (all races),8.5
24,Maryland,24003,Anne Arundel,2014,2018,American Indian/Alaskan Native (includes Hispanic),
24,Maryland,24003,Anne Arundel,2014,2018,White (includes Hispanic),7.0
24,Maryland,24003,Anne Arundel,2015,2019,Asian/Pacific Islander (includes Hispanic),3.9
24,Maryland,24003,Anne Arundel,2015,2019,Black (includes Hispanic),7.1
24,Maryland,24003,Anne Arundel,2015,2019,Hispanic (all races),10.8
24,Maryland,24003,Anne Arundel,2015,2019,American Indian/Alaskan Native (includes Hispanic),
24,Maryland,24003,Anne Arundel,2015,2019,White (includes Hispanic),7.3
24,Maryland,24003,Anne Arundel,2016,2020,Asian/Pacific Islander (includes Hispanic),4.3
24,Maryland,24003,Anne Arundel,2016,2020,Black (includes Hispanic),6.8
24,Maryland,24003,Anne Arundel,2016,2020,Hispanic (all races),10.8
24,Maryland,24003,Anne Arundel,2016,2020,American Indian/Alaskan Native (includes Hispanic),
24,Maryland,24003,Anne Arundel,2016,2020,White (includes Hispanic),7.2
24,Maryland,24005,Baltimore,2011,2015,Asian/Pacific Islander (includes Hispanic),5.5
24,Maryland,24005,Baltimore,2011,2015,Black (includes Hispanic),8.6
24,Maryland,24005,Baltimore,2011,2015,Hispanic (all races),9.2
24,Maryland,24005,Baltimore,2011,2015,American Indian/Alaskan Native (includes Hispanic),
24,Maryland,24005,Baltimore,2011,2015,White (includes Hispanic),5.9
24,Maryland,24005,Baltimore,2012,2016,Asian/Pacific Islander (includes Hispanic),5.4
24,Maryland,24005,Baltimore,2012,2016,Black (includes Hispanic),8.1
24,Maryland,24005,Baltimore,2012,2016,Hispanic (all races),10.6
24,Maryland,24005,Baltimore,2012,2016,American Indian/Alaskan Native (includes Hispanic),
24,Maryland,24005,Baltimore,2012,2016,White (includes Hispanic),6.2
24,Maryland,24005,Baltimore,2013,2017,Asian/Pacific Islander (includes Hispanic),5.0
24,Maryland,24005,Baltimore,2013,2017,Black (includes Hispanic),7.5
24,Maryland,24005,Baltimore,2013,2017,Hispanic (all races),10.6
24,Maryland,24005,Baltimore,2013,2017,American Indian/Alaskan Native (includes Hispanic),
24,Maryland,24005,Baltimore,2013,2017,White (includes Hispanic),6.4
24,Maryland,24005,Baltimore,2014,2018,Asian/Pacific Islander (includes Hispanic),5.2
24,Maryland,24005,Baltimore,2014,2018,Black (includes Hispanic),7.5
24,Maryland,24005,Baltimore,2014,2018,Hispanic (all races),11.2
24,Maryland,24005,Baltimore,2014,2018,American Indian/Alaskan Native (includes Hispanic),
24,Maryland,24005,Baltimore,2014,2018,White (includes Hispanic),6.4
24,Maryland,24005,Baltimore,2015,2019,Asian/Pacific Islander (includes Hispanic),4.7
24,Maryland,24005,Baltimore,2015,2019,Black (includes Hispanic),7.6
24,Maryland,24005,Baltimore,2015,2019,Hispanic (all races),12.0
24,Maryland,24005,Baltimore,2015,2019,American Indian/Alaskan Native (includes Hispanic),
24,Maryland,24005,Baltimore,2015,2019,White (includes Hispanic),6.7
24,Maryland,24005,Baltimore,2016,2020,Asian/Pacific Islander (includes Hispanic),4.6
24,Maryland,24005,Baltimore,2016,2020,Black (includes Hispanic),7.3
24,Maryland,24005,Baltimore,2016,2020,Hispanic (all races),11.0
24,Maryland,24005,Baltimore,2016,2020,American Indian/Alaskan Native (includes Hispanic),
24,Maryland,24005,Baltimore,2016,2020,White (includes Hispanic),6.6
24,Maryland,24510,Baltimore City,2011,2015,Asian/Pacific Islander (includes Hispanic),
24,Maryland,24510,Baltimore City,2011,2015,Black (includes Hispanic),9.1
24,Maryland,24510,Baltimore City,2011,2015,Hispanic (all races),9.3
24,Maryland,24510,Baltimore City,2011,2015,American Indian/Alaskan Native (includes Hispanic),
24,Maryland,24510,Baltimore City,2011,2015,White (includes Hispanic),6.8
24,Maryland,24510,Baltimore City,2012,2016,Asian/Pacific Islander (includes Hispanic),
24,Maryland,24510,Baltimore City,2012,2016,Black (includes Hispanic),8.7
24,Maryland,24510,Baltimore City,2012,2016,Hispanic (all races),10.4
24,Maryland,24510,Baltimore City,2012,2016,American Indian/Alaskan Native (includes Hispanic),
24,Maryland,24510,Baltimore City,2012,2016,White (includes Hispanic),7.5
24,Maryland,24510,Baltimore City,2013,2017,Asian/Pacific Islander (includes Hispanic),
24,Maryland,24510,Baltimore City,2013,2017,Black (includes Hispanic),8.0
24,Maryland,24510,Baltimore City,2013,2017,Hispanic (all races),9.4
24,Maryland,24510,Baltimore City,2013,2017,American Indian/Alaskan Native (includes Hispanic),
24,Maryland,24510,Baltimore City,2013,2017,White (includes Hispanic),7.6
24,Maryland,24510,Baltimore City,2014,2018,Asian/Pacific Islander (includes Hispanic),
24,Maryland,24510,Baltimore City,2014,2018,Black (includes Hispanic),8.1
24,Maryland,24510,Baltimore City,2014,2018,Hispanic (all races),7.5
24,Maryland,24510,Baltimore City,2014,2018,American Indian/Alaskan Native (includes Hispanic),
24,Maryland,24510,Baltimore City,2014,2018,White (includes Hispanic),7.8
24,Maryland,24510,Baltimore City,2015,2019,Asian/Pacific Islander (includes Hispanic),
24,Maryland,24510,Baltimore City,2015,2019,Black (includes Hispanic),8.2
24,Maryland,24510,Baltimore City,2015,2019,Hispanic (all races),9.0
24,Maryland,24510,Baltimore City,2015,2019,American Indian/Alaskan Native (includes Hispanic),
24,Maryland,24510,Baltimore City,2015,2019,White (includes Hispanic),7.7
24,Maryland,24510,Baltimore City,2016,2020,Asian/Pacific Islander (includes Hispanic),
24,Maryland,24510,Baltimore City,2016,2020,Black (includes Hispanic),7.8
24,Maryland,24510,Baltimore City,2016,2020,Hispanic (all races),8.2
24,Maryland,24510,Baltimore City,2016,2020,American Indian/Alaskan Native (includes Hispanic),
24,Maryland,24510,Baltimore City,2016,2020,White (includes Hispanic),7.4
24,Maryland,24009,Calvert,2011,2015,Asian/Pacific Islander (includes Hispanic),
24,Maryland,24009,Calvert,2011,2015,Black (includes Hispanic),5.9
24,Maryland,24009,Calvert,2011,2015,Hispanic (all races),9.3
24,Maryland,24009,Calvert,2011,2015,American Indian/Alaskan Native (includes Hispanic),
24,Maryland,24009,Calvert,2011,2015,White (includes Hispanic),6.3
24,Maryland,24009,Calvert,2012,2016,Asian/Pacific Islander (includes Hispanic),
24,Maryland,24009,Calvert,2012,2016,Black (includes Hispanic),6.2
24,Maryland,24009,Calvert,2012,2016,Hispanic (all races),9.5
24,Maryland,24009,Calvert,2012,2016,American Indian/Alaskan Native (includes Hispanic),
24,Maryland,24009,Calvert,2012,2016,White (includes Hispanic),6.6
24,Maryland,24009,Calvert,2013,2017,Asian/Pacific Islander (includes Hispanic),
24,Maryland,24009,Calvert,2013,2017,Black (includes Hispanic),5.7
24,Maryland,24009,Calvert,2013,2017,Hispanic (all races),8.2
24,Maryland,24009,Calvert,2013,2017,American Indian/Alaskan Native (includes Hispanic),
24,Maryland,24009,Calvert,2013,2017,White (includes Hispanic),6.4
24,Maryland,24009,Calvert,2014,2018,Asian/Pacific Islander (includes Hispanic),
24,Maryland,24009,Calvert,2014,2018,Black (includes Hispanic),6.2
24,Maryland,24009,Calvert,2014,2018,Hispanic (all races),8.5
24,Maryland,24009,Calvert,2014,2018,American Indian/Alaskan Native (includes Hispanic),
24,Maryland,24009,Calvert,2014,2018,White (includes Hispanic),6.6
24,Maryland,24009,Calvert,2015,2019,Asian/Pacific Islander (includes Hispanic),
24,Maryland,24009,Calvert,2015,2019,Black (includes Hispanic),6.7
24,Maryland,24009,Calvert,2015,2019,Hispanic (all races),10.4
24,Maryland,24009,Calvert,2015,2019,American Indian/Alaskan Native (includes Hispanic),
24,Maryland,24009,Calvert,2015,2019,White (includes Hispanic),6.8
24,Maryland,24009,Calvert,2016,2020,Asian/Pacific Islander (includes Hispanic),
24,Maryland,24009,Calvert,2016,2020,Black (includes Hispanic),6.3
24,Maryland,24009,Calvert,2016,2020,Hispanic (all races),10.9
24,Maryland,24009,Calvert,2016,2020,American Indian/Alaskan Native (includes Hispanic),
24,Maryland,24009,Calvert,2016,2020,White (includes Hispanic),7.0
24,Maryland,24011,Caroline,2011,2015,Asian/Pacific Islander (includes Hispanic),
24,Maryland,24011,Caroline,2011,2015,Black (includes Hispanic),9.0
24,Maryland,24011,Caroline,2011,2015,Hispanic (all races),
24,Maryland,24011,Caroline,2011,2015,American Indian/Alaskan Native (includes Hispanic),
24,Maryland,24011,Caroline,2011,2015,White (includes Hispanic),7.9
24,Maryland,24011,Caroline,2012,2016,Asian/Pacific Islander (includes Hispanic),
24,Maryland,24011,Caroline,2012,2016,Black (includes Hispanic),8.2
24,Maryland,24011,Caroline,2012,2016,Hispanic (all races),
24,Maryland,24011,Caroline,2012,2016,American Indian/Alaskan Native (includes Hispanic),
24,Maryland,24011,Caroline,2012,2016,White (includes Hispanic),8.2
24,Maryland,24011,Caroline,2013,2017,Asian/Pacific Islander (includes Hispanic),
24,Maryland,24011,Caroline,2013,2017,Black (includes Hispanic),8.2
24,Maryland,24011,Caroline,2013,2017,Hispanic (all races),
24,Maryland,24011,Caroline,2013,2017,American Indian/Alaskan Native (includes Hispanic),
24,Maryland,24011,Caroline,2013,2017,White (includes Hispanic),8.2
24,Maryland,24011,Caroline,2014,2018,Asian/Pacific Islander (includes Hispanic),
24,Maryland,24011,Caroline,2014,2018,Black (includes Hispanic),8.3
24,Maryland,24011,Caroline,2014,2018,Hispanic (all races),
24,Maryland,24011,Caroline,2014,2018,American Indian/Alaskan Native (includes Hispanic),
24,Maryland,24011,Caroline,2014,2018,White (includes Hispanic),8.3
24,Maryland,24011,Caroline,2015,2019,Asian/Pacific Islander (includes Hispanic),
24,Maryland,24011,Caroline,2015,2019,Black (includes Hispanic),8.5
24,Maryland,24011,Caroline,2015,2019,Hispanic (all races),
24,Maryland,24011,Caroline,2015,2019,American Indian/Alaskan Native (includes Hispanic),
24,Maryland,24011,Caroline,2015,2019,White (includes Hispanic),8.7
24,Maryland,24011,Caroline,2016,2020,Asian/Pacific Islander (includes Hispanic),
24,Maryland,24011,Caroline,2016,2020,Black (includes Hispanic),7.1
24,Maryland,24011,Caroline,2016,2020,Hispanic (all races),
24,Maryland,24011,Caroline,2016,2020,American Indian/Alaskan Native (includes Hispanic),
24,Maryland,24011,Caroline,2016,2020,White (includes Hispanic),8.1
24,Maryland,24013,Carroll,2011,2015,Asian/Pacific Islander (includes Hispanic),
24,Maryland,24013,Carroll,2011,2015,Black (includes Hispanic),7.1
24,Maryland,24013,Carroll,2011,2015,Hispanic (all races),
24,Maryland,24013,Carroll,2011,2015,American Indian/Alaskan Native (includes Hispanic),
24,Maryland,24013,Carroll,2011,2015,White (includes Hispanic),5.6
24,Maryland,24013,Carroll,2012,2016,Asian/Pacific Islander (includes Hispanic),6.3
24,Maryland,24013,Carroll,2012,2016,Black (includes Hispanic),6.0
24,Maryland,24013,Carroll,2012,2016,Hispanic (all races),8.9
24,Maryland,24013,Carroll,2012,2016,American Indian/Alaskan Native (includes Hispanic),
24,Maryland,24013,Carroll,2012,2016,White (includes Hispanic),5.6
24,Maryland,24013,Carroll,2013,2017,Asian/Pacific Islander (includes Hispanic),5.9
24,Maryland,24013,Carroll,2013,2017,Black (includes Hispanic),5.1
24,Maryland,24013,Carroll,2013,2017,Hispanic (all races),10.5
24,Maryland,24013,Carroll,2013,2017,American Indian/Alaskan Native (includes Hispanic),
24,Maryland,24013,Carroll,2013,2017,White (includes Hispanic),5.8
24,Maryland,24013,Carroll,2014,2018,Asian/Pacific Islander (includes Hispanic),5.4
24,Maryland,24013,Carroll,2014,2018,Black (includes Hispanic),5.5
24,Maryland,24013,Carroll,2014,2018,Hispanic (all races),10.7
24,Maryland,24013,Carroll,2014,2018,American Indian/Alaskan Native (includes Hispanic),
24,Maryland,24013,Carroll,2014,2018,White (includes Hispanic),5.6
24,Maryland,24013,Carroll,2015,2019,Asian/Pacific Islander (includes Hispanic),
24,Maryland,24013,Carroll,2015,2019,Black (includes Hispanic),5.3
24,Maryland,24013,Carroll,2015,2019,Hispanic (all races),10.7
24,Maryland,24013,Carroll,2015,2019,American Indian/Alaskan Native (includes Hispanic),
24,Maryland,24013,Carroll,2015,2019,White (includes Hispanic),5.8
24,Maryland,24013,Carroll,2016,2020,Asian/Pacific Islander (includes Hispanic),
24,Maryland,24013,Carroll,2016,2020,Black (includes Hispanic),5.8
24,Maryland,24013,Carroll,2016,2020,Hispanic (all races),11.0
24,Maryland,24013,Carroll,2016,2020,American Indian/Alaskan Native (includes Hispanic),
24,Maryland,24013,Carroll,2016,2020,White (includes Hispanic),5.7
24,Maryland,24015,Cecil,2011,2015,Asian/Pacific Islander (includes Hispanic),
24,Maryland,24015,Cecil,2011,2015,Black (includes Hispanic),9.3
24,Maryland,24015,Cecil,2011,2015,Hispanic (all races),8.9
24,Maryland,24015,Cecil,2011,2015,American Indian/Alaskan Native (includes Hispanic),
24,Maryland,24015,Cecil,2011,2015,White (includes Hispanic),6.3
24,Maryland,24015,Cecil,2012,2016,Asian/Pacific Islander (includes Hispanic),
24,Maryland,24015,Cecil,2012,2016,Black (includes Hispanic),8.9
24,Maryland,24015,Cecil,2012,2016,Hispanic (all races),9.3
24,Maryland,24015,Cecil,2012,2016,American Indian/Alaskan Native (includes Hispanic),
24,Maryland,24015,Cecil,2012,2016,White (includes Hispanic),6.1
24,Maryland,24015,Cecil,2013,2017,Asian/Pacific Islander (includes Hispanic),
24,Maryland,24015,Cecil,2013,2017,Black (includes Hispanic),8.2
24,Maryland,24015,Cecil,2013,2017,Hispanic (all races),7.5
24,Maryland,24015,Cecil,2013,2017,American Indian/Alaskan Native (includes Hispanic),
24,Maryland,24015,Cecil,2013,2017,White (includes Hispanic),6.0
24,Maryland,24015,Cecil,2014,2018,Asian/Pacific Islander (includes Hispanic),
24,Maryland,24015,Cecil,2014,2018,Black (includes Hispanic),7.4
24,Maryland,24015,Cecil,2014,2018,Hispanic (all races),8.8
24,Maryland,24015,Cecil,2014,2018,American Indian/Alaskan Native (includes Hispanic),
24,Maryland,24015,Cecil,2014,2018,White (includes Hispanic),6.4
24,Maryland,24015,Cecil,2015,2019,Asian/Pacific Islander (includes Hispanic),
24,Maryland,24015,Cecil,2015,2019,Black (includes Hispanic),6.9
24,Maryland,24015,Cecil,2015,2019,Hispanic (all races),9.6
24,Maryland,24015,Cecil,2015,2019,American Indian/Alaskan Native (includes Hispanic),
24,Maryland,24015,Cecil,2015,2019,White (includes Hispanic),6.6
24,Maryland,24015,Cecil,2016,2020,Asian/Pacific Islander (includes Hispanic),
24,Maryland,24015,Cecil,2016,2020,Black (includes Hispanic),6.6
24,Maryland,24015,Cecil,2016,2020,Hispanic (all races),10.4
24,Maryland,24015,Cecil,2016,2020,American Indian/Alaskan Native (includes Hispanic),
24,Maryland,24015,Cecil,2016,2020,White (includes Hispanic),6.5
24,Maryland,24017,Charles,2011,2015,Asian/Pacific Islander (includes Hispanic),4.8
24,Maryland,24017,Charles,2011,2015,Black (includes Hispanic),5.4
24,Maryland,24017,Charles,2011,2015,Hispanic (all races),11.2
24,Maryland,24017,Charles,2011,2015,American Indian/Alaskan Native (includes Hispanic),
24,Maryland,24017,Charles,2011,2015,White (includes Hispanic),5.2
24,Maryland,24017,Charles,2012,2016,Asian/Pacific Islander (includes Hispanic),4.8
24,Maryland,24017,Charles,2012,2016,Black (includes Hispanic),5.6
24,Maryland,24017,Charles,2012,2016,Hispanic (all races),10.1
24,Maryland,24017,Charles,2012,2016,American Indian/Alaskan Native (includes Hispanic),
24,Maryland,24017,Charles,2012,2016,White (includes Hispanic),5.0
24,Maryland,24017,Charles,2013,2017,Asian/Pacific Islander (includes Hispanic),4.5
24,Maryland,24017,Charles,2013,2017,Black (includes Hispanic),5.0
24,Maryland,24017,Charles,2013,2017,Hispanic (all races),9.5
24,Maryland,24017,Charles,2013,2017,American Indian/Alaskan Native (includes Hispanic),
24,Maryland,24017,Charles,2013,2017,White (includes Hispanic),4.6
24,Maryland,24017,Charles,2014,2018,Asian/Pacific Islander (includes Hispanic),4.0
24,Maryland,24017,Charles,2014,2018,Black (includes Hispanic),5.2
24,Maryland,24017,Charles,2014,2018,Hispanic (all races),8.8
24,Maryland,24017,Charles,2014,2018,American Indian/Alaskan Native (includes Hispanic),
24,Maryland,24017,Charles,2014,2018,White (includes Hispanic),4.6
24,Maryland,24017,Charles,2015,2019,Asian/Pacific Islander (includes Hispanic),3.7
24,Maryland,24017,Charles,2015,2019,Black (includes Hispanic),5.8
24,Maryland,24017,Charles,2015,2019,Hispanic (all races),9.2
24,Maryland,24017,Charles,2015,2019,American Indian/Alaskan Native (includes Hispanic),
24,Maryland,24017,Charles,2015,2019,White (includes Hispanic),4.7
24,Maryland,24017,Charles,2016,2020,Asian/Pacific Islander (includes Hispanic),3.7
24,Maryland,24017,Charles,2016,2020,Black (includes Hispanic),5.4
24,Maryland,24017,Charles,2016,2020,Hispanic (all races),10.4
24,Maryland,24017,Charles,2016,2020,American Indian/Alaskan Native (includes Hispanic),
24,Maryland,24017,Charles,2016,2020,White (includes Hispanic),4.7
24,Maryland,24019,Dorchester,2011,2015,Asian/Pacific Islander (includes Hispanic),
24,Maryland,24019,Dorchester,2011,2015,Black (includes Hispanic),9.0
24,Maryland,24019,Dorchester,2011,2015,Hispanic (all races),
24,Maryland,24019,Dorchester,2011,2015,American Indian/Alaskan Native (includes Hispanic),
24,Maryland,24019,Dorchester,2011,2015,White (includes Hispanic),6.1
24,Maryland,24019,Dorchester,2012,2016,Asian/Pacific Islander (includes Hispanic),
24,Maryland,24019,Dorchester,2012,2016,Black (includes Hispanic),7.2
24,Maryland,24019,Dorchester,2012,2016,Hispanic (all races),
24,Maryland,24019,Dorchester,2012,2016,American Indian/Alaskan Native (includes Hispanic),
24,Maryland,24019,Dorchester,2012,2016,White (includes Hispanic),6.3
24,Maryland,24019,Dorchester,2013,2017,Asian/Pacific Islander (includes Hispanic),
24,Maryland,24019,Dorchester,2013,2017,Black (includes Hispanic),6.4
24,Maryland,24019,Dorchester,2013,2017,Hispanic (all races),
24,Maryland,24019,Dorchester,2013,2017,American Indian/Alaskan Native (includes Hispanic),
24,Maryland,24019,Dorchester,2013,2017,White (includes Hispanic),6.4
24,Maryland,24019,Dorchester,2014,2018,Asian/Pacific Islander (includes Hispanic),
24,Maryland,24019,Dorchester,2014,2018,Black (includes Hispanic),6.3
24,Maryland,24019,Dorchester,2014,2018,Hispanic (all races),
24,Maryland,24019,Dorchester,2014,2018,American Indian/Alaskan Native (includes Hispanic),
24,Maryland,24019,Dorchester,2014,2018,White (includes Hispanic),6.5
24,Maryland,24019,Dorchester,2015,2019,Asian/Pacific Islander (includes Hispanic),
24,Maryland,24019,Dorchester,2015,2019,Black (includes Hispanic),7.4
24,Maryland,24019,Dorchester,2015,2019,Hispanic (all races),
24,Maryland,24019,Dorchester,2015,2019,American Indian/Alaskan Native (includes Hispanic),
24,Maryland,24019,Dorchester,2015,2019,White (includes Hispanic),6.4
24,Maryland,24019,Dorchester,2016,2020,Asian/Pacific Islander (includes Hispanic),
24,Maryland,24019,Dorchester,2016,2020,Black (includes Hispanic),6.7
24,Maryland,24019,Dorchester,2016,2020,Hispanic (all races),
24,Maryland,24019,Dorchester,2016,2020,American Indian/Alaskan Native (includes Hispanic),
24,Maryland,24019,Dorchester,2016,2020,White (includes Hispanic),6.9
24,Maryland,24021,Frederick,2011,2015,Asian/Pacific Islander (includes Hispanic),5.5
24,Maryland,24021,Frederick,2011,2015,Black (includes Hispanic),6.2
24,Maryland,24021,Frederick,2011,2015,Hispanic (all races),6.8
24,Maryland,24021,Frederick,2011,2015,American Indian/Alaskan Native (includes Hispanic),
24,Maryland,24021,Frederick,2011,2015,White (includes Hispanic),5.2
24,Maryland,24021,Frederick,2012,2016,Asian/Pacific Islander (includes Hispanic),5.7
24,Maryland,24021,Frederick,2012,2016,Black (includes Hispanic),6.1
24,Maryland,24021,Frederick,2012,2016,Hispanic (all races),7.3
24,Maryland,24021,Frederick,2012,2016,American Indian/Alaskan Native (includes Hispanic),
24,Maryland,24021,Frederick,2012,2016,White (includes Hispanic),5.4
24,Maryland,24021,Frederick,2013,2017,Asian/Pacific Islander (includes Hispanic),5.4
24,Maryland,24021,Frederick,2013,2017,Black (includes Hispanic),6.2
24,Maryland,24021,Frederick,2013,2017,Hispanic (all races),8.7
24,Maryland,24021,Frederick,2013,2017,American Indian/Alaskan Native (includes Hispanic),
24,Maryland,24021,Frederick,2013,2017,White (includes Hispanic),5.4
24,Maryland,24021,Frederick,2014,2018,Asian/Pacific Islander (includes Hispanic),5.0
24,Maryland,24021,Frederick,2014,2018,Black (includes Hispanic),5.7
24,Maryland,24021,Frederick,2014,2018,Hispanic (all races),8.3
24,Maryland,24021,Frederick,2014,2018,American Indian/Alaskan Native (includes Hispanic),
24,Maryland,24021,Frederick,2014,2018,White (includes Hispanic),5.2
24,Maryland,24021,Frederick,2015,2019,Asian/Pacific Islander (includes Hispanic),4.0
24,Maryland,24021,Frederick,2015,2019,Black (includes Hispanic),5.7
24,Maryland,24021,Frederick,2015,2019,Hispanic (all races),9.0
24,Maryland,24021,Frederick,2015,2019,American Indian/Alaskan Native (includes Hispanic),
24,Maryland,24021,Frederick,2015,2019,White (includes Hispanic),5.4
24,Maryland,24021,Frederick,2016,2020,Asian/Pacific Islander (includes Hispanic),3.4
24,Maryland,24021,Frederick,2016,2020,Black (includes Hispanic),5.8
24,Maryland,24021,Frederick,2016,2020,Hispanic (all races),8.5
24,Maryland,24021,Frederick,2016,2020,American Indian/Alaskan Native (includes Hispanic),
24,Maryland,24021,Frederick,2016,2020,White (includes Hispanic),5.4
24,Maryland,24023,Garrett,2011,2015,Asian/Pacific Islander (includes Hispanic),
24,Maryland,24023,Garrett,2011,2015,Black (includes Hispanic),
24,Maryland,24023,Garrett,2011,2015,Hispanic (all races),
24,Maryland,24023,Garrett,2011,2015,American Indian/Alaskan Native (includes Hispanic),
24,Maryland,24023,Garrett,2011,2015,White (includes Hispanic),8.9
24,Maryland,24023,Garrett,2012,2016,Asian/Pacific Islander (includes Hispanic),
24,Maryland,24023,Garrett,2012,2016,Black (includes Hispanic),
24,Maryland,24023,Garrett,2012,2016,Hispanic (all races),
24,Maryland,24023,Garrett,2012,2016,American Indian/Alaskan Native (includes Hispanic),
24,Maryland,24023,Garrett,2012,2016,White (includes Hispanic),8.6
24,Maryland,24023,Garrett,2013,2017,Asian/Pacific Islander (includes Hispanic),
24,Maryland,24023,Garrett,2013,2017,Black (includes Hispanic),
24,Maryland,24023,Garrett,2013,2017,Hispanic (all races),
24,Maryland,24023,Garrett,2013,2017,American Indian/Alaskan Native (includes Hispanic),
24,Maryland,24023,Garrett,2013,2017,White (includes Hispanic),8.3
24,Maryland,24023,Garrett,2014,2018,Asian/Pacific Islander (includes Hispanic),
24,Maryland,24023,Garrett,2014,2018,Black (includes Hispanic),
24,Maryland,24023,Garrett,2014,2018,Hispanic (all races),
24,Maryland,24023,Garrett,2014,2018,American Indian/Alaskan Native (includes Hispanic),
24,Maryland,24023,Garrett,2014,2018,White (includes Hispanic),7.6
24,Maryland,24023,Garrett,2015,2019,Asian/Pacific Islander (includes Hispanic),
24,Maryland,24023,Garrett,2015,2019,Black (includes Hispanic),
24,Maryland,24023,Garrett,2015,2019,Hispanic (all races),
24,Maryland,24023,Garrett,2015,2019,American Indian/Alaskan Native (includes Hispanic),
24,Maryland,24023,Garrett,2015,2019,White (includes Hispanic),7.7
24,Maryland,24023,Garrett,2016,2020,Asian/Pacific Islander (includes Hispanic),
24,Maryland,24023,Garrett,2016,2020,Black (includes Hispanic),
24,Maryland,24023,Garrett,2016,2020,Hispanic (all races),
24,Maryland,24023,Garrett,2016,2020,American Indian/Alaskan Native (includes Hispanic),
24,Maryland,24023,Garrett,2016,2020,White (includes Hispanic),7.7
24,Maryland,24025,Harford,2011,2015,Asian/Pacific Islander (includes Hispanic),
24,Maryland,24025,Harford,2011,2015,Black (includes Hispanic),8.2
24,Maryland,24025,Harford,2011,2015,Hispanic (all races),8.9
24,Maryland,24025,Harford,2011,2015,American Indian/Alaskan Native (includes Hispanic),
24,Maryland,24025,Harford,2011,2015,White (includes Hispanic),5.9
24,Maryland,24025,Harford,2012,2016,Asian/Pacific Islander (includes Hispanic),
24,Maryland,24025,Harford,2012,2016,Black (includes Hispanic),6.9
24,Maryland,24025,Harford,2012,2016,Hispanic (all races),9.9
24,Maryland,24025,Harford,2012,2016,American Indian/Alaskan Native (includes Hispanic),
24,Maryland,24025,Harford,2012,2016,White (includes Hispanic),5.7
24,Maryland,24025,Harford,2013,2017,Asian/Pacific Islander (includes Hispanic),
24,Maryland,24025,Harford,2013,2017,Black (includes Hispanic),5.3
24,Maryland,24025,Harford,2013,2017,Hispanic (all races),10.8
24,Maryland,24025,Harford,2013,2017,American Indian/Alaskan Native (includes Hispanic),
24,Maryland,24025,Harford,2013,2017,White (includes Hispanic),5.8
24,Maryland,24025,Harford,2014,2018,Asian/Pacific Islander (includes Hispanic),
24,Maryland,24025,Harford,2014,2018,Black (includes Hispanic),5.1
24,Maryland,24025,Harford,2014,2018,Hispanic (all races),13.7
24,Maryland,24025,Harford,2014,2018,American Indian/Alaskan Native (includes Hispanic),
24,Maryland,24025,Harford,2014,2018,White (includes Hispanic),5.9
24,Maryland,24025,Harford,2015,2019,Asian/Pacific Islander (includes Hispanic),
24,Maryland,24025,Harford,2015,2019,Black (includes Hispanic),5.6
24,Maryland,24025,Harford,2015,2019,Hispanic (all races),12.2
24,Maryland,24025,Harford,2015,2019,American Indian/Alaskan Native (includes Hispanic),
24,Maryland,24025,Harford,2015,2019,White (includes Hispanic),6.2
24,Maryland,24025,Harford,2016,2020,Asian/Pacific Islander (includes Hispanic),
24,Maryland,24025,Harford,2016,2020,Black (includes Hispanic),6.1
24,Maryland,24025,Harford,2016,2020,Hispanic (all races),13.5
24,Maryland,24025,Harford,2016,2020,American Indian/Alaskan Native (includes Hispanic),
24,Maryland,24025,Harford,2016,2020,White (includes Hispanic),5.9
24,Maryland,24027,Howard,2011,2015,Asian/Pacific Islander (includes Hispanic),4.9
24,Maryland,24027,Howard,2011,2015,Black (includes Hispanic),6.3
24,Maryland,24027,Howard,2011,2015,Hispanic (all races),8.0
24,Maryland,24027,Howard,2011,2015,American Indian/Alaskan Native (includes Hispanic),
24,Maryland,24027,Howard,2011,2015,White (includes Hispanic),5.5
24,Maryland,24027,Howard,2012,2016,Asian/Pacific Islander (includes Hispanic),5.0
24,Maryland,24027,Howard,2012,2016,Black (includes Hispanic),6.2
24,Maryland,24027,Howard,2012,2016,Hispanic (all races),8.5
24,Maryland,24027,Howard,2012,2016,American Indian/Alaskan Native (includes Hispanic),
24,Maryland,24027,Howard,2012,2016,White (includes Hispanic),5.7
24,Maryland,24027,Howard,2013,2017,Asian/Pacific Islander (includes Hispanic),5.0
24,Maryland,24027,Howard,2013,2017,Black (includes Hispanic),5.7
24,Maryland,24027,Howard,2013,2017,Hispanic (all races),9.0
24,Maryland,24027,Howard,2013,2017,American Indian/Alaskan Native (includes Hispanic),
24,Maryland,24027,Howard,2013,2017,White (includes Hispanic),6.0
24,Maryland,24027,Howard,2014,2018,Asian/Pacific Islander (includes Hispanic),4.8
24,Maryland,24027,Howard,2014,2018,Black (includes Hispanic),5.9
24,Maryland,24027,Howard,2014,2018,Hispanic (all races),8.4
24,Maryland,24027,Howard,2014,2018,American Indian/Alaskan Native (includes Hispanic),
24,Maryland,24027,Howard,2014,2018,White (includes Hispanic),6.0
24,Maryland,24027,Howard,2015,2019,Asian/Pacific Islander (includes Hispanic),4.0
24,Maryland,24027,Howard,2015,2019,Black (includes Hispanic),6.2
24,Maryland,24027,Howard,2015,2019,Hispanic (all races),9.4
24,Maryland,24027,Howard,2015,2019,American Indian/Alaskan Native (includes Hispanic),
24,Maryland,24027,Howard,2015,2019,White (includes Hispanic),6.2
24,Maryland,24027,Howard,2016,2020,Asian/Pacific Islander (includes Hispanic),4.1
24,Maryland,24027,Howard,2016,2020,Black (includes Hispanic),6.1
24,Maryland,24027,Howard,2016,2020,Hispanic (all races),9.6
24,Maryland,24027,Howard,2016,2020,American Indian/Alaskan Native (includes Hispanic),
24,Maryland,24027,Howard,2016,2020,White (includes Hispanic),6.1
24,Maryland,24029,Kent,2011,2015,Asian/Pacific Islander (includes Hispanic),
24,Maryland,24029,Kent,2011,2015,Black (includes Hispanic),7.9
24,Maryland,24029,Kent,2011,2015,Hispanic (all races),5.8
24,Maryland,24029,Kent,2011,2015,American Indian/Alaskan Native (includes Hispanic),
24,Maryland,24029,Kent,2011,2015,White (includes Hispanic),6.9
24,Maryland,24029,Kent,2012,2016,Asian/Pacific Islander (includes Hispanic),
24,Maryland,24029,Kent,2012,2016,Black (includes Hispanic),7.2
24,Maryland,24029,Kent,2012,2016,Hispanic (all races),5.9
24,Maryland,24029,Kent,2012,2016,American Indian/Alaskan Native (includes Hispanic),
24,Maryland,24029,Kent,2012,2016,White (includes Hispanic),7.1
24,Maryland,24029,Kent,2013,2017,Asian/Pacific Islander (includes Hispanic),
24,Maryland,24029,Kent,2013,2017,Black (includes Hispanic),6.6
24,Maryland,24029,Kent,2013,2017,Hispanic (all races),5.8
24,Maryland,24029,Kent,2013,2017,American Indian/Alaskan Native (includes Hispanic),
24,Maryland,24029,Kent,2013,2017,White (includes Hispanic),7.3
24,Maryland,24029,Kent,2014,2018,Asian/Pacific Islander (includes Hispanic),
24,Maryland,24029,Kent,2014,2018,Black (includes Hispanic),6.9
24,Maryland,24029,Kent,2014,2018,Hispanic (all races),5.6
24,Maryland,24029,Kent,2014,2018,American Indian/Alaskan Native (includes Hispanic),
24,Maryland,24029,Kent,2014,2018,White (includes Hispanic),7.7
24,Maryland,24029,Kent,2015,2019,Asian/Pacific Islander (includes Hispanic),
24,Maryland,24029,Kent,2015,2019,Black (includes Hispanic),6.3
24,Maryland,24029,Kent,2015,2019,Hispanic (all races),6.5
24,Maryland,24029,Kent,2015,2019,American Indian/Alaskan Native (includes Hispanic),
24,Maryland,24029,Kent,2015,2019,White (includes Hispanic),7.6
24,Maryland,24029,Kent,2016,2020,Asian/Pacific Islander (includes Hispanic),
24,Maryland,24029,Kent,2016,2020,Black (includes Hispanic),6.2
24,Maryland,24029,Kent,2016,2020,Hispanic (all races),6.6
24,Maryland,24029,Kent,2016,2020,American Indian/Alaskan Native (includes Hispanic),
24,Maryland,24029,Kent,2016,2020,White (includes Hispanic),7.3
24,Maryland,24031,Montgomery,2011,2015,Asian/Pacific Islander (includes Hispanic),5.2
24,Maryland,24031,Montgomery,2011,2015,Black (includes Hispanic),7.1
24,Maryland,24031,Montgomery,2011,2015,Hispanic (all races),9.5
24,Maryland,24031,Montgomery,2011,2015,American Indian/Alaskan Native (includes Hispanic),
24,Maryland,24031,Montgomery,2011,2015,White (includes Hispanic),4.8
24,Maryland,24031,Montgomery,2012,2016,Asian/Pacific Islander (includes Hispanic),5.3
24,Maryland,24031,Montgomery,2012,2016,Black (includes Hispanic),6.7
24,Maryland,24031,Montgomery,2012,2016,Hispanic (all races),8.9
24,Maryland,24031,Montgomery,2012,2016,American Indian/Alaskan Native (includes Hispanic),
24,Maryland,24031,Montgomery,2012,2016,White (includes Hispanic),4.5
24,Maryland,24031,Montgomery,2013,2017,Asian/Pacific Islander (includes Hispanic),4.8
24,Maryland,24031,Montgomery,2013,2017,Black (includes Hispanic),6.5
24,Maryland,24031,Montgomery,2013,2017,Hispanic (all races),8.9
24,Maryland,24031,Montgomery,2013,2017,American Indian/Alaskan Native (includes Hispanic),
24,Maryland,24031,Montgomery,2013,2017,White (includes Hispanic),4.5
24,Maryland,24031,Montgomery,2014,2018,Asian/Pacific Islander (includes Hispanic),4.5
24,Maryland,24031,Montgomery,2014,2018,Black (includes Hispanic),6.3
24,Maryland,24031,Montgomery,2014,2018,Hispanic (all races),8.6
24,Maryland,24031,Montgomery,2014,2018,American Indian/Alaskan Native (includes Hispanic),
24,Maryland,24031,Montgomery,2014,2018,White (includes Hispanic),4.4
24,Maryland,24031,Montgomery,2015,2019,Asian/Pacific Islander (includes Hispanic),3.9
24,Maryland,24031,Montgomery,2015,2019,Black (includes Hispanic),6.4
24,Maryland,24031,Montgomery,2015,2019,Hispanic (all races),9.3
24,Maryland,24031,Montgomery,2015,2019,American Indian/Alaskan Native (includes Hispanic),
24,Maryland,24031,Montgomery,2015,2019,White (includes Hispanic),4.5
24,Maryland,24031,Montgomery,2016,2020,Asian/Pacific Islander (includes Hispanic),3.4
24,Maryland,24031,Montgomery,2016,2020,Black (includes Hispanic),6.2
24,Maryland,24031,Montgomery,2016,2020,Hispanic (all races),9.5
24,Maryland,24031,Montgomery,2016,2020,American Indian/Alaskan Native (includes Hispanic),
24,Maryland,24031,Montgomery,2016,2020,White (includes Hispanic),4.6
24,Maryland,24033,Prince George's,2011,2015,Asian/Pacific Islander (includes Hispanic),5.0
24,Maryland,24033,Prince George's,2011,2015,Black (includes Hispanic),7.0
24,Maryland,24033,Prince George's,2011,2015,Hispanic (all races),9.9
24,Maryland,24033,Prince George's,2011,2015,American Indian/Alaskan Native (includes Hispanic),
24,Maryland,24033,Prince George's,2011,2015,White (includes Hispanic),5.3
24,Maryland,24033,Prince George's,2012,2016,Asian/Pacific Islander (includes Hispanic),5.3
24,Maryland,24033,Prince George's,2012,2016,Black (includes Hispanic),6.8
24,Maryland,24033,Prince George's,2012,2016,Hispanic (all races),9.3
24,Maryland,24033,Prince George's,2012,2016,American Indian/Alaskan Native (includes Hispanic),
24,Maryland,24033,Prince George's,2012,2016,White (includes Hispanic),5.1
24,Maryland,24033,Prince George's,2013,2017,Asian/Pacific Islander (includes Hispanic),4.8
24,Maryland,24033,Prince George's,2013,2017,Black (includes Hispanic),6.6
24,Maryland,24033,Prince George's,2013,2017,Hispanic (all races),9.4
24,Maryland,24033,Prince George's,2013,2017,American Indian/Alaskan Native (includes Hispanic),
24,Maryland,24033,Prince George's,2013,2017,White (includes Hispanic),5.1
24,Maryland,24033,Prince George's,2014,2018,Asian/Pacific Islander (includes Hispanic),4.6
24,Maryland,24033,Prince George's,2014,2018,Black (includes Hispanic),6.6
24,Maryland,24033,Prince George's,2014,2018,Hispanic (all races),8.9
24,Maryland,24033,Prince George's,2014,2018,American Indian/Alaskan Native (includes Hispanic),
24,Maryland,24033,Prince George's,2014,2018,White (includes Hispanic),4.9
24,Maryland,24033,Prince George's,2015,2019,Asian/Pacific Islander (includes Hispanic),4.1
24,Maryland,24033,Prince George's,2015,2019,Black (includes Hispanic),6.8
24,Maryland,24033,Prince George's,2015,2019,Hispanic (all races),9.4
24,Maryland,24033,Prince George's,2015,2019,American Indian/Alaskan Native (includes Hispanic),
24,Maryland,24033,Prince George's,2015,2019,White (includes Hispanic),4.9
24,Maryland,24033,Prince George's,2016,2020,Asian/Pacific Islander (includes Hispanic),3.8
24,Maryland,24033,Prince George's,2016,2020,Black (includes Hispanic),6.5
24,Maryland,24033,Prince George's,2016,2020,Hispanic (all races),9.7
24,Maryland,24033,Prince George's,2016,2020,American Indian/Alaskan Native (includes Hispanic),
24,Maryland,24033,Prince George's,2016,2020,White (includes Hispanic),5.0
24,Maryland,24035,Queen Anne's,2011,2015,Asian/Pacific Islander (includes Hispanic),
24,Maryland,24035,Queen Anne's,2011,2015,Black (includes Hispanic),6.5
24,Maryland,24035,Queen Anne's,2011,2015,Hispanic (all races),
24,Maryland,24035,Queen Anne's,2011,2015,American Indian/Alaskan Native (includes Hispanic),
24,Maryland,24035,Queen Anne's,2011,2015,White (includes Hispanic),7.3
24,Maryland,24035,Queen Anne's,2012,2016,Asian/Pacific Islander (includes Hispanic),
24,Maryland,24035,Queen Anne's,2012,2016,Black (includes Hispanic),6.7
24,Maryland,24035,Queen Anne's,2012,2016,Hispanic (all races),
24,Maryland,24035,Queen Anne's,2012,2016,American Indian/Alaskan Native (includes Hispanic),
24,Maryland,24035,Queen Anne's,2012,2016,White (includes Hispanic),7.9
24,Maryland,24035,Queen Anne's,2013,2017,Asian/Pacific Islander (includes Hispanic),
24,Maryland,24035,Queen Anne's,2013,2017,Black (includes Hispanic),7.2
24,Maryland,24035,Queen Anne's,2013,2017,Hispanic (all races),
24,Maryland,24035,Queen Anne's,2013,2017,American Indian/Alaskan Native (includes Hispanic),
24,Maryland,24035,Queen Anne's,2013,2017,White (includes Hispanic),8.1
24,Maryland,24035,Queen Anne's,2014,2018,Asian/Pacific Islander (includes Hispanic),
24,Maryland,24035,Queen Anne's,2014,2018,Black (includes Hispanic),7.8
24,Maryland,24035,Queen Anne's,2014,2018,Hispanic (all races),
24,Maryland,24035,Queen Anne's,2014,2018,American Indian/Alaskan Native (includes Hispanic),
24,Maryland,24035,Queen Anne's,2014,2018,White (includes Hispanic),8.1
24,Maryland,24035,Queen Anne's,2015,2019,Asian/Pacific Islander (includes Hispanic),
24,Maryland,24035,Queen Anne's,2015,2019,Black (includes Hispanic),7.1
24,Maryland,24035,Queen Anne's,2015,2019,Hispanic (all races),
24,Maryland,24035,Queen Anne's,2015,2019,American Indian/Alaskan Native (includes Hispanic),
24,Maryland,24035,Queen Anne's,2015,2019,White (includes Hispanic),8.4
24,Maryland,24035,Queen Anne's,2016,2020,Asian/Pacific Islander (includes Hispanic),
24,Maryland,24035,Queen Anne's,2016,2020,Black (includes Hispanic),6.7
24,Maryland,24035,Queen Anne's,2016,2020,Hispanic (all races),
24,Maryland,24035,Queen Anne's,2016,2020,American Indian/Alaskan Native (includes Hispanic),
24,Maryland,24035,Queen Anne's,2016,2020,White (includes Hispanic),7.8
24,Maryland,24039,Somerset,2011,2015,Asian/Pacific Islander (includes Hispanic),
24,Maryland,24039,Somerset,2011,2015,Black (includes Hispanic),10.9
24,Maryland,24039,Somerset,2011,2015,Hispanic (all races),
24,Maryland,24039,Somerset,2011,2015,American Indian/Alaskan Native (includes Hispanic),
24,Maryland,24039,Somerset,2011,2015,White (includes Hispanic),7.5
24,Maryland,24039,Somerset,2012,2016,Asian/Pacific Islander (includes Hispanic),
24,Maryland,24039,Somerset,2012,2016,Black (includes Hispanic),8.4
24,Maryland,24039,Somerset,2012,2016,Hispanic (all races),
24,Maryland,24039,Somerset,2012,2016,American Indian/Alaskan Native (includes Hispanic),
24,Maryland,24039,Somerset,2012,2016,White (includes Hispanic),7.3
24,Maryland,24039,Somerset,2013,2017,Asian/Pacific Islander (includes Hispanic),
24,Maryland,24039,Somerset,2013,2017,Black (includes Hispanic),7.7
24,Maryland,24039,Somerset,2013,2017,Hispanic (all races),
24,Maryland,24039,Somerset,2013,2017,American Indian/Alaskan Native (includes Hispanic),
24,Maryland,24039,Somerset,2013,2017,White (includes Hispanic),8.6
24,Maryland,24039,Somerset,2014,2018,Asian/Pacific Islander (includes Hispanic),
24,Maryland,24039,Somerset,2014,2018,Black (includes Hispanic),
24,Maryland,24039,Somerset,2014,2018,Hispanic (all races),
24,Maryland,24039,Somerset,2014,2018,American Indian/Alaskan Native (includes Hispanic),
24,Maryland,24039,Somerset,2014,2018,White (includes Hispanic),8.8
24,Maryland,24039,Somerset,2015,2019,Asian/Pacific Islander (includes Hispanic),
24,Maryland,24039,Somerset,2015,2019,Black (includes Hispanic),8.2
24,Maryland,24039,Somerset,2015,2019,Hispanic (all races),
24,Maryland,24039,Somerset,2015,2019,American Indian/Alaskan Native (includes Hispanic),
24,Maryland,24039,Somerset,2015,2019,White (includes Hispanic),8.3
24,Maryland,24039,Somerset,2016,2020,Asian/Pacific Islander (includes Hispanic),
24,Maryland,24039,Somerset,2016,2020,Black (includes Hispanic),
24,Maryland,24039,Somerset,2016,2020,Hispanic (all races),
24,Maryland,24039,Somerset,2016,2020,American Indian/Alaskan Native (includes Hispanic),
24,Maryland,24039,Somerset,2016,2020,White (includes Hispanic),7.8
24,Maryland,24037,St. Mary's,2011,2015,Asian/Pacific Islander (includes Hispanic),
24,Maryland,24037,St. Mary's,2011,2015,Black (includes Hispanic),6.7
24,Maryland,24037,St. Mary's,2011,2015,Hispanic (all races),
24,Maryland,24037,St. Mary's,2011,2015,American Indian/Alaskan Native (includes Hispanic),
24,Maryland,24037,St. Mary's,2011,2015,White (includes Hispanic),5.0
24,Maryland,24037,St. Mary's,2012,2016,Asian/Pacific Islander (includes Hispanic),
24,Maryland,24037,St. Mary's,2012,2016,Black (includes Hispanic),6.6
24,Maryland,24037,St. Mary's,2012,2016,Hispanic (all races),
24,Maryland,24037,St. Mary's,2012,2016,American Indian/Alaskan Native (includes Hispanic),
24,Maryland,24037,St. Mary's,2012,2016,White (includes Hispanic),5.5
24,Maryland,24037,St. Mary's,2013,2017,Asian/Pacific Islander (includes Hispanic),
24,Maryland,24037,St. Mary's,2013,2017,Black (includes Hispanic),6.0
24,Maryland,24037,St. Mary's,2013,2017,Hispanic (all races),
24,Maryland,24037,St. Mary's,2013,2017,American Indian/Alaskan Native (includes Hispanic),
24,Maryland,24037,St. Mary's,2013,2017,White (includes Hispanic),4.7
24,Maryland,24037,St. Mary's,2014,2018,Asian/Pacific Islander (includes Hispanic),
24,Maryland,24037,St. Mary's,2014,2018,Black (includes Hispanic),6.9
24,Maryland,24037,St. Mary's,2014,2018,Hispanic (all races),
24,Maryland,24037,St. Mary's,2014,2018,American Indian/Alaskan Native (includes Hispanic),
24,Maryland,24037,St. Mary's,2014,2018,White (includes Hispanic),5.2
24,Maryland,24037,St. Mary's,2015,2019,Asian/Pacific Islander (includes Hispanic),
24,Maryland,24037,St. Mary's,2015,2019,Black (includes Hispanic),8.1
24,Maryland,24037,St. Mary's,2015,2019,Hispanic (all races),
24,Maryland,24037,St. Mary's,2015,2019,American Indian/Alaskan Native (includes Hispanic),
24,Maryland,24037,St. Mary's,2015,2019,White (includes Hispanic),4.8
24,Maryland,24037,St. Mary's,2016,2020,Asian/Pacific Islander (includes Hispanic),
24,Maryland,24037,St. Mary's,2016,2020,Black (includes Hispanic),7.0
24,Maryland,24037,St. Mary's,2016,2020,Hispanic (all races),
24,Maryland,24037,St. Mary's,2016,2020,American Indian/Alaskan Native (includes Hispanic),
24,Maryland,24037,St. Mary's,2016,2020,White (includes Hispanic),5.0
24,Maryland,24041,Talbot,2011,2015,Asian/Pacific Islander (includes Hispanic),
24,Maryland,24041,Talbot,2011,2015,Black (includes Hispanic),
24,Maryland,24041,Talbot,2011,2015,Hispanic (all races),
24,Maryland,24041,Talbot,2011,2015,American Indian/Alaskan Native (includes Hispanic),
24,Maryland,24041,Talbot,2011,2015,White (includes Hispanic),6.3
24,Maryland,24041,Talbot,2012,2016,Asian/Pacific Islander (includes Hispanic),
24,Maryland,24041,Talbot,2012,2016,Black (includes Hispanic),
24,Maryland,24041,Talbot,2012,2016,Hispanic (all races),
24,Maryland,24041,Talbot,2012,2016,American Indian/Alaskan Native (includes Hispanic),
24,Maryland,24041,Talbot,2012,2016,White (includes Hispanic),6.9
24,Maryland,24041,Talbot,2013,2017,Asian/Pacific Islander (includes Hispanic),
24,Maryland,24041,Talbot,2013,2017,Black (includes Hispanic),6.0
24,Maryland,24041,Talbot,2013,2017,Hispanic (all races),
24,Maryland,24041,Talbot,2013,2017,American Indian/Alaskan Native (includes Hispanic),
24,Maryland,24041,Talbot,2013,2017,White (includes Hispanic),7.1
24,Maryland,24041,Talbot,2014,2018,Asian/Pacific Islander (includes Hispanic),
24,Maryland,24041,Talbot,2014,2018,Black (includes Hispanic),7.9
24,Maryland,24041,Talbot,2014,2018,Hispanic (all races),
24,Maryland,24041,Talbot,2014,2018,American Indian/Alaskan Native (includes Hispanic),
24,Maryland,24041,Talbot,2014,2018,White (includes Hispanic),6.8
24,Maryland,24041,Talbot,2015,2019,Asian/Pacific Islander (includes Hispanic),
24,Maryland,24041,Talbot,2015,2019,Black (includes Hispanic),7.8
24,Maryland,24041,Talbot,2015,2019,Hispanic (all races),
24,Maryland,24041,Talbot,2015,2019,American Indian/Alaskan Native (includes Hispanic),
24,Maryland,24041,Talbot,2015,2019,White (includes Hispanic),6.9
24,Maryland,24041,Talbot,2016,2020,Asian/Pacific Islander (includes Hispanic),
24,Maryland,24041,Talbot,2016,2020,Black (includes Hispanic),8.4
24,Maryland,24041,Talbot,2016,2020,Hispanic (all races),
24,Maryland,24041,Talbot,2016,2020,American Indian/Alaskan Native (includes Hispanic),
24,Maryland,24041,Talbot,2016,2020,White (includes Hispanic),6.9
24,Maryland,24043,Washington,2011,2015,Asian/Pacific Islander (includes Hispanic),
24,Maryland,24043,Washington,2011,2015,Black (includes Hispanic),
24,Maryland,24043,Washington,2011,2015,Hispanic (all races),
24,Maryland,24043,Washington,2011,2015,American Indian/Alaskan Native (includes Hispanic),
24,Maryland,24043,Washington,2011,2015,White (includes Hispanic),6.6
24,Maryland,24043,Washington,2012,2016,Asian/Pacific Islander (includes Hispanic),
24,Maryland,24043,Washington,2012,2016,Black (includes Hispanic),
24,Maryland,24043,Washington,2012,2016,Hispanic (all races),
24,Maryland,24043,Washington,2012,2016,American Indian/Alaskan Native (includes Hispanic),
24,Maryland,24043,Washington,2012,2016,White (includes Hispanic),7.1
24,Maryland,24043,Washington,2013,2017,Asian/Pacific Islander (includes Hispanic),
24,Maryland,24043,Washington,2013,2017,Black (includes Hispanic),
24,Maryland,24043,Washington,2013,2017,Hispanic (all races),
24,Maryland,24043,Washington,2013,2017,American Indian/Alaskan Native (includes Hispanic),
24,Maryland,24043,Washington,2013,2017,White (includes Hispanic),7.2
24,Maryland,24043,Washington,2014,2018,Asian/Pacific Islander (includes Hispanic),
24,Maryland,24043,Washington,2014,2018,Black (includes Hispanic),
24,Maryland,24043,Washington,2014,2018,Hispanic (all races),
24,Maryland,24043,Washington,2014,2018,American Indian/Alaskan Native (includes Hispanic),
24,Maryland,24043,Washington,2014,2018,White (includes Hispanic),7.1
24,Maryland,24043,Washington,2015,2019,Asian/Pacific Islander (includes Hispanic),
24,Maryland,24043,Washington,2015,2019,Black (includes Hispanic),
24,Maryland,24043,Washington,2015,2019,Hispanic (all races),8.1
24,Maryland,24043,Washington,2015,2019,American Indian/Alaskan Native (includes Hispanic),
24,Maryland,24043,Washington,2015,2019,White (includes Hispanic),6.9
24,Maryland,24043,Washington,2016,2020,Asian/Pacific Islander (includes Hispanic),
24,Maryland,24043,Washington,2016,2020,Black (includes Hispanic),
24,Maryland,24043,Washington,2016,2020,Hispanic (all races),
24,Maryland,24043,Washington,2016,2020,American Indian/Alaskan Native (includes Hispanic),
24,Maryland,24043,Washington,2016,2020,White (includes Hispanic),6.9
24,Maryland,24045,Wicomico,2011,2015,Asian/Pacific Islander (includes Hispanic),
24,Maryland,24045,Wicomico,2011,2015,Black (includes Hispanic),9.4
24,Maryland,24045,Wicomico,2011,2015,Hispanic (all races),
24,Maryland,24045,Wicomico,2011,2015,American Indian/Alaskan Native (includes Hispanic),
24,Maryland,24045,Wicomico,2011,2015,White (includes Hispanic),8.4
24,Maryland,24045,Wicomico,2012,2016,Asian/Pacific Islander (includes Hispanic),
24,Maryland,24045,Wicomico,2012,2016,Black (includes Hispanic),
24,Maryland,24045,Wicomico,2012,2016,Hispanic (all races),
24,Maryland,24045,Wicomico,2012,2016,American Indian/Alaskan Native (includes Hispanic),
24,Maryland,24045,Wicomico,2012,2016,White (includes Hispanic),8.4
24,Maryland,24045,Wicomico,2013,2017,Asian/Pacific Islander (includes Hispanic),
24,Maryland,24045,Wicomico,2013,2017,Black (includes Hispanic),
24,Maryland,24045,Wicomico,2013,2017,Hispanic (all races),
24,Maryland,24045,Wicomico,2013,2017,American Indian/Alaskan Native (includes Hispanic),
24,Maryland,24045,Wicomico,2013,2017,White (includes Hispanic),8.5
24,Maryland,24045,Wicomico,2014,2018,Asian/Pacific Islander (includes Hispanic),
24,Maryland,24045,Wicomico,2014,2018,Black (includes Hispanic),
24,Maryland,24045,Wicomico,2014,2018,Hispanic (all races),
24,Maryland,24045,Wicomico,2014,2018,American Indian/Alaskan Native (includes Hispanic),
24,Maryland,24045,Wicomico,2014,2018,White (includes Hispanic),8.6
24,Maryland,24045,Wicomico,2015,2019,Asian/Pacific Islander (includes Hispanic),
24,Maryland,24045,Wicomico,2015,2019,Black (includes Hispanic),8.5
24,Maryland,24045,Wicomico,2015,2019,Hispanic (all races),
24,Maryland,24045,Wicomico,2015,2019,American Indian/Alaskan Native (includes Hispanic),
24,Maryland,24045,Wicomico,2015,2019,White (includes Hispanic),8.7
24,Maryland,24045,Wicomico,2016,2020,Asian/Pacific Islander (includes Hispanic),
24,Maryland,24045,Wicomico,2016,2020,Black (includes Hispanic),8.2
24,Maryland,24045,Wicomico,2016,2020,Hispanic (all races),
24,Maryland,24045,Wicomico,2016,2020,American Indian/Alaskan Native (includes Hispanic),
24,Maryland,24045,Wicomico,2016,2020,White (includes Hispanic),8.8
24,Maryland,24047,Worcester,2011,2015,Asian/Pacific Islander (includes Hispanic),
24,Maryland,24047,Worcester,2011,2015,Black (includes Hispanic),10.9
24,Maryland,24047,Worcester,2011,2015,Hispanic (all races),
24,Maryland,24047,Worcester,2011,2015,American Indian/Alaskan Native (includes Hispanic),
24,Maryland,24047,Worcester,2011,2015,White (includes Hispanic),8.6
24,Maryland,24047,Worcester,2012,2016,Asian/Pacific Islander (includes Hispanic),
24,Maryland,24047,Worcester,2012,2016,Black (includes Hispanic),8.4
24,Maryland,24047,Worcester,2012,2016,Hispanic (all races),
24,Maryland,24047,Worcester,2012,2016,American Indian/Alaskan Native (includes Hispanic),
24,Maryland,24047,Worcester,2012,2016,White (includes Hispanic),8.6
24,Maryland,24047,Worcester,2013,2017,Asian/Pacific Islander (includes Hispanic),
24,Maryland,24047,Worcester,2013,2017,Black (includes Hispanic),
24,Maryland,24047,Worcester,2013,2017,Hispanic (all races),
24,Maryland,24047,Worcester,2013,2017,American Indian/Alaskan Native (includes Hispanic),
24,Maryland,24047,Worcester,2013,2017,White (includes Hispanic),8.8
24,Maryland,24047,Worcester,2014,2018,Asian/Pacific Islander (includes Hispanic),
24,Maryland,24047,Worcester,2014,2018,Black (includes Hispanic),
24,Maryland,24047,Worcester,2014,2018,Hispanic (all races),
24,Maryland,24047,Worcester,2014,2018,American Indian/Alaskan Native (includes Hispanic),
24,Maryland,24047,Worcester,2014,2018,White (includes Hispanic),9.0
24,Maryland,24047,Worcester,2015,2019,Asian/Pacific Islander (includes Hispanic),
24,Maryland,24047,Worcester,2015,2019,Black (includes Hispanic),8.6
24,Maryland,24047,Worcester,2015,2019,Hispanic (all races),
24,Maryland,24047,Worcester,2015,2019,American Indian/Alaskan Native (includes Hispanic),
24,Maryland,24047,Worcester,2015,2019,White (includes Hispanic),9.0
24,Maryland,24047,Worcester,2016,2020,Asian/Pacific Islander (includes Hispanic),
24,Maryland,24047,Worcester,2016,2020,Black (includes Hispanic),
24,Maryland,24047,Worcester,2016,2020,Hispanic (all races),
24,Maryland,24047,Worcester,2016,2020,American Indian/Alaskan Native (includes Hispanic),
24,Maryland,24047,Worcester,2016,2020,White (includes Hispanic),8.8
25,Massachusetts,25001,Barnstable,2011,2015,Asian/Pacific Islander (includes Hispanic),
25,Massachusetts,25001,Barnstable,2011,2015,Black (includes Hispanic),10.5
25,Massachusetts,25001,Barnstable,2011,2015,Hispanic (all races),
25,Massachusetts,25001,Barnstable,2011,2015,American Indian/Alaskan Native (includes Hispanic),
25,Massachusetts,25001,Barnstable,2011,2015,White (includes Hispanic),4.7
25,Massachusetts,25001,Barnstable,2012,2016,Asian/Pacific Islander (includes Hispanic),
25,Massachusetts,25001,Barnstable,2012,2016,Black (includes Hispanic),11.3
25,Massachusetts,25001,Barnstable,2012,2016,Hispanic (all races),
25,Massachusetts,25001,Barnstable,2012,2016,American Indian/Alaskan Native (includes Hispanic),
25,Massachusetts,25001,Barnstable,2012,2016,White (includes Hispanic),4.6
25,Massachusetts,25001,Barnstable,2013,2017,Asian/Pacific Islander (includes Hispanic),
25,Massachusetts,25001,Barnstable,2013,2017,Black (includes Hispanic),11.0
25,Massachusetts,25001,Barnstable,2013,2017,Hispanic (all races),
25,Massachusetts,25001,Barnstable,2013,2017,American Indian/Alaskan Native (includes Hispanic),
25,Massachusetts,25001,Barnstable,2013,2017,White (includes Hispanic),4.5
25,Massachusetts,25001,Barnstable,2014,2018,Asian/Pacific Islander (includes Hispanic),
25,Massachusetts,25001,Barnstable,2014,2018,Black (includes Hispanic),9.1
25,Massachusetts,25001,Barnstable,2014,2018,Hispanic (all races),
25,Massachusetts,25001,Barnstable,2014,2018,American Indian/Alaskan Native (includes Hispanic),
25,Massachusetts,25001,Barnstable,2014,2018,White (includes Hispanic),4.7
25,Massachusetts,25001,Barnstable,2015,2019,Asian/Pacific Islander (includes Hispanic),
25,Massachusetts,25001,Barnstable,2015,2019,Black (includes Hispanic),10.7
25,Massachusetts,25001,Barnstable,2015,2019,Hispanic (all races),
25,Massachusetts,25001,Barnstable,2015,2019,American Indian/Alaskan Native (includes Hispanic),
25,Massachusetts,25001,Barnstable,2015,2019,White (includes Hispanic),5.0
25,Massachusetts,25001,Barnstable,2016,2020,Asian/Pacific Islander (includes Hispanic),
25,Massachusetts,25001,Barnstable,2016,2020,Black (includes Hispanic),9.4
25,Massachusetts,25001,Barnstable,2016,2020,Hispanic (all races),
25,Massachusetts,25001,Barnstable,2016,2020,American Indian/Alaskan Native (includes Hispanic),
25,Massachusetts,25001,Barnstable,2016,2020,White (includes Hispanic),5.1
25,Massachusetts,25003,Berkshire,2011,2015,Asian/Pacific Islander (includes Hispanic),
25,Massachusetts,25003,Berkshire,2011,2015,Black (includes Hispanic),8.1
25,Massachusetts,25003,Berkshire,2011,2015,Hispanic (all races),9.8
25,Massachusetts,25003,Berkshire,2011,2015,American Indian/Alaskan Native (includes Hispanic),
25,Massachusetts,25003,Berkshire,2011,2015,White (includes Hispanic),5.8
25,Massachusetts,25003,Berkshire,2012,2016,Asian/Pacific Islander (includes Hispanic),
25,Massachusetts,25003,Berkshire,2012,2016,Black (includes Hispanic),9.4
25,Massachusetts,25003,Berkshire,2012,2016,Hispanic (all races),10.7
25,Massachusetts,25003,Berkshire,2012,2016,American Indian/Alaskan Native (includes Hispanic),
25,Massachusetts,25003,Berkshire,2012,2016,White (includes Hispanic),6.1
25,Massachusetts,25003,Berkshire,2013,2017,Asian/Pacific Islander (includes Hispanic),
25,Massachusetts,25003,Berkshire,2013,2017,Black (includes Hispanic),8.0
25,Massachusetts,25003,Berkshire,2013,2017,Hispanic (all races),10.4
25,Massachusetts,25003,Berkshire,2013,2017,American Indian/Alaskan Native (includes Hispanic),
25,Massachusetts,25003,Berkshire,2013,2017,White (includes Hispanic),6.1
25,Massachusetts,25003,Berkshire,2014,2018,Asian/Pacific Islander (includes Hispanic),
25,Massachusetts,25003,Berkshire,2014,2018,Black (includes Hispanic),7.0
25,Massachusetts,25003,Berkshire,2014,2018,Hispanic (all races),10.6
25,Massachusetts,25003,Berkshire,2014,2018,American Indian/Alaskan Native (includes Hispanic),
25,Massachusetts,25003,Berkshire,2014,2018,White (includes Hispanic),6.1
25,Massachusetts,25003,Berkshire,2015,2019,Asian/Pacific Islander (includes Hispanic),
25,Massachusetts,25003,Berkshire,2015,2019,Black (includes Hispanic),6.6
25,Massachusetts,25003,Berkshire,2015,2019,Hispanic (all races),10.6
25,Massachusetts,25003,Berkshire,2015,2019,American Indian/Alaskan Native (includes Hispanic),
25,Massachusetts,25003,Berkshire,2015,2019,White (includes Hispanic),6.2
25,Massachusetts,25003,Berkshire,2016,2020,Asian/Pacific Islander (includes Hispanic),
25,Massachusetts,25003,Berkshire,2016,2020,Black (includes Hispanic),7.5
25,Massachusetts,25003,Berkshire,2016,2020,Hispanic (all races),9.8
25,Massachusetts,25003,Berkshire,2016,2020,American Indian/Alaskan Native (includes Hispanic),
25,Massachusetts,25003,Berkshire,2016,2020,White (includes Hispanic),6.2
25,Massachusetts,25005,Bristol,2011,2015,Asian/Pacific Islander (includes Hispanic),6.0
25,Massachusetts,25005,Bristol,2011,2015,Black (includes Hispanic),6.5
25,Massachusetts,25005,Bristol,2011,2015,Hispanic (all races),10.6
25,Massachusetts,25005,Bristol,2011,2015,American Indian/Alaskan Native (includes Hispanic),
25,Massachusetts,25005,Bristol,2011,2015,White (includes Hispanic),5.4
25,Massachusetts,25005,Bristol,2012,2016,Asian/Pacific Islander (includes Hispanic),6.2
25,Massachusetts,25005,Bristol,2012,2016,Black (includes Hispanic),7.3
25,Massachusetts,25005,Bristol,2012,2016,Hispanic (all races),10.0
25,Massachusetts,25005,Bristol,2012,2016,American Indian/Alaskan Native (includes Hispanic),
25,Massachusetts,25005,Bristol,2012,2016,White (includes Hispanic),5.4
25,Massachusetts,25005,Bristol,2013,2017,Asian/Pacific Islander (includes Hispanic),5.3
25,Massachusetts,25005,Bristol,2013,2017,Black (includes Hispanic),7.0
25,Massachusetts,25005,Bristol,2013,2017,Hispanic (all races),10.8
25,Massachusetts,25005,Bristol,2013,2017,American Indian/Alaskan Native (includes Hispanic),
25,Massachusetts,25005,Bristol,2013,2017,White (includes Hispanic),5.3
25,Massachusetts,25005,Bristol,2014,2018,Asian/Pacific Islander (includes Hispanic),7.2
25,Massachusetts,25005,Bristol,2014,2018,Black (includes Hispanic),7.2
25,Massachusetts,25005,Bristol,2014,2018,Hispanic (all races),9.1
25,Massachusetts,25005,Bristol,2014,2018,American Indian/Alaskan Native (includes Hispanic),
25,Massachusetts,25005,Bristol,2014,2018,White (includes Hispanic),5.3
25,Massachusetts,25005,Bristol,2015,2019,Asian/Pacific Islander (includes Hispanic),6.1
25,Massachusetts,25005,Bristol,2015,2019,Black (includes Hispanic),7.5
25,Massachusetts,25005,Bristol,2015,2019,Hispanic (all races),7.5
25,Massachusetts,25005,Bristol,2015,2019,American Indian/Alaskan Native (includes Hispanic),
25,Massachusetts,25005,Bristol,2015,2019,White (includes Hispanic),5.1
25,Massachusetts,25005,Bristol,2016,2020,Asian/Pacific Islander (includes Hispanic),5.1
25,Massachusetts,25005,Bristol,2016,2020,Black (includes Hispanic),7.3
25,Massachusetts,25005,Bristol,2016,2020,Hispanic (all races),7.5
25,Massachusetts,25005,Bristol,2016,2020,American Indian/Alaskan Native (includes Hispanic),
25,Massachusetts,25005,Bristol,2016,2020,White (includes Hispanic),5.2
25,Massachusetts,25007,Dukes,2011,2015,Asian/Pacific Islander (includes Hispanic),
25,Massachusetts,25007,Dukes,2011,2015,Black (includes Hispanic),
25,Massachusetts,25007,Dukes,2011,2015,Hispanic (all races),
25,Massachusetts,25007,Dukes,2011,2015,American Indian/Alaskan Native (includes Hispanic),
25,Massachusetts,25007,Dukes,2011,2015,White (includes Hispanic),4.6
25,Massachusetts,25007,Dukes,2012,2016,Asian/Pacific Islander (includes Hispanic),
25,Massachusetts,25007,Dukes,2012,2016,Black (includes Hispanic),
25,Massachusetts,25007,Dukes,2012,2016,Hispanic (all races),
25,Massachusetts,25007,Dukes,2012,2016,American Indian/Alaskan Native (includes Hispanic),
25,Massachusetts,25007,Dukes,2012,2016,White (includes Hispanic),4.5
25,Massachusetts,25007,Dukes,2013,2017,Asian/Pacific Islander (includes Hispanic),
25,Massachusetts,25007,Dukes,2013,2017,Black (includes Hispanic),
25,Massachusetts,25007,Dukes,2013,2017,Hispanic (all races),
25,Massachusetts,25007,Dukes,2013,2017,American Indian/Alaskan Native (includes Hispanic),
25,Massachusetts,25007,Dukes,2013,2017,White (includes Hispanic),4.4
25,Massachusetts,25007,Dukes,2014,2018,Asian/Pacific Islander (includes Hispanic),
25,Massachusetts,25007,Dukes,2014,2018,Black (includes Hispanic),
25,Massachusetts,25007,Dukes,2014,2018,Hispanic (all races),
25,Massachusetts,25007,Dukes,2014,2018,American Indian/Alaskan Native (includes Hispanic),
25,Massachusetts,25007,Dukes,2014,2018,White (includes Hispanic),4.4
25,Massachusetts,25007,Dukes,2015,2019,Asian/Pacific Islander (includes Hispanic),
25,Massachusetts,25007,Dukes,2015,2019,Black (includes Hispanic),
25,Massachusetts,25007,Dukes,2015,2019,Hispanic (all races),
25,Massachusetts,25007,Dukes,2015,2019,American Indian/Alaskan Native (includes Hispanic),
25,Massachusetts,25007,Dukes,2015,2019,White (includes Hispanic),4.9
25,Massachusetts,25007,Dukes,2016,2020,Asian/Pacific Islander (includes Hispanic),
25,Massachusetts,25007,Dukes,2016,2020,Black (includes Hispanic),
25,Massachusetts,25007,Dukes,2016,2020,Hispanic (all races),
25,Massachusetts,25007,Dukes,2016,2020,American Indian/Alaskan Native (includes Hispanic),
25,Massachusetts,25007,Dukes,2016,2020,White (includes Hispanic),5.1
25,Massachusetts,25009,Essex,2011,2015,Asian/Pacific Islander (includes Hispanic),6.8
25,Massachusetts,25009,Essex,2011,2015,Black (includes Hispanic),7.2
25,Massachusetts,25009,Essex,2011,2015,Hispanic (all races),9.2
25,Massachusetts,25009,Essex,2011,2015,American Indian/Alaskan Native (includes Hispanic),
25,Massachusetts,25009,Essex,2011,2015,White (includes Hispanic),4.7
25,Massachusetts,25009,Essex,2012,2016,Asian/Pacific Islander (includes Hispanic),6.3
25,Massachusetts,25009,Essex,2012,2016,Black (includes Hispanic),7.2
25,Massachusetts,25009,Essex,2012,2016,Hispanic (all races),8.7
25,Massachusetts,25009,Essex,2012,2016,American Indian/Alaskan Native (includes Hispanic),
25,Massachusetts,25009,Essex,2012,2016,White (includes Hispanic),4.9
25,Massachusetts,25009,Essex,2013,2017,Asian/Pacific Islander (includes Hispanic),5.7
25,Massachusetts,25009,Essex,2013,2017,Black (includes Hispanic),7.5
25,Massachusetts,25009,Essex,2013,2017,Hispanic (all races),7.9
25,Massachusetts,25009,Essex,2013,2017,American Indian/Alaskan Native (includes Hispanic),
25,Massachusetts,25009,Essex,2013,2017,White (includes Hispanic),4.9
25,Massachusetts,25009,Essex,2014,2018,Asian/Pacific Islander (includes Hispanic),4.4
25,Massachusetts,25009,Essex,2014,2018,Black (includes Hispanic),8.4
25,Massachusetts,25009,Essex,2014,2018,Hispanic (all races),7.9
25,Massachusetts,25009,Essex,2014,2018,American Indian/Alaskan Native (includes Hispanic),
25,Massachusetts,25009,Essex,2014,2018,White (includes Hispanic),5.0
25,Massachusetts,25009,Essex,2015,2019,Asian/Pacific Islander (includes Hispanic),3.4
25,Massachusetts,25009,Essex,2015,2019,Black (includes Hispanic),8.6
25,Massachusetts,25009,Essex,2015,2019,Hispanic (all races),7.8
25,Massachusetts,25009,Essex,2015,2019,American Indian/Alaskan Native (includes Hispanic),
25,Massachusetts,25009,Essex,2015,2019,White (includes Hispanic),4.9
25,Massachusetts,25009,Essex,2016,2020,Asian/Pacific Islander (includes Hispanic),3.1
25,Massachusetts,25009,Essex,2016,2020,Black (includes Hispanic),8.4
25,Massachusetts,25009,Essex,2016,2020,Hispanic (all races),6.3
25,Massachusetts,25009,Essex,2016,2020,American Indian/Alaskan Native (includes Hispanic),
25,Massachusetts,25009,Essex,2016,2020,White (includes Hispanic),4.5
25,Massachusetts,25011,Franklin,2011,2015,Asian/Pacific Islander (includes Hispanic),
25,Massachusetts,25011,Franklin,2011,2015,Black (includes Hispanic),
25,Massachusetts,25011,Franklin,2011,2015,Hispanic (all races),
25,Massachusetts,25011,Franklin,2011,2015,American Indian/Alaskan Native (includes Hispanic),
25,Massachusetts,25011,Franklin,2011,2015,White (includes Hispanic),4.6
25,Massachusetts,25011,Franklin,2012,2016,Asian/Pacific Islander (includes Hispanic),
25,Massachusetts,25011,Franklin,2012,2016,Black (includes Hispanic),
25,Massachusetts,25011,Franklin,2012,2016,Hispanic (all races),
25,Massachusetts,25011,Franklin,2012,2016,American Indian/Alaskan Native (includes Hispanic),
25,Massachusetts,25011,Franklin,2012,2016,White (includes Hispanic),5.3
25,Massachusetts,25011,Franklin,2013,2017,Asian/Pacific Islander (includes Hispanic),
25,Massachusetts,25011,Franklin,2013,2017,Black (includes Hispanic),
25,Massachusetts,25011,Franklin,2013,2017,Hispanic (all races),
25,Massachusetts,25011,Franklin,2013,2017,American Indian/Alaskan Native (includes Hispanic),
25,Massachusetts,25011,Franklin,2013,2017,White (includes Hispanic),5.5
25,Massachusetts,25011,Franklin,2014,2018,Asian/Pacific Islander (includes Hispanic),
25,Massachusetts,25011,Franklin,2014,2018,Black (includes Hispanic),
25,Massachusetts,25011,Franklin,2014,2018,Hispanic (all races),8.8
25,Massachusetts,25011,Franklin,2014,2018,American Indian/Alaskan Native (includes Hispanic),
25,Massachusetts,25011,Franklin,2014,2018,White (includes Hispanic),5.9
25,Massachusetts,25011,Franklin,2015,2019,Asian/Pacific Islander (includes Hispanic),
25,Massachusetts,25011,Franklin,2015,2019,Black (includes Hispanic),
25,Massachusetts,25011,Franklin,2015,2019,Hispanic (all races),11.1
25,Massachusetts,25011,Franklin,2015,2019,American Indian/Alaskan Native (includes Hispanic),
25,Massachusetts,25011,Franklin,2015,2019,White (includes Hispanic),5.8
25,Massachusetts,25011,Franklin,2016,2020,Asian/Pacific Islander (includes Hispanic),
25,Massachusetts,25011,Franklin,2016,2020,Black (includes Hispanic),
25,Massachusetts,25011,Franklin,2016,2020,Hispanic (all races),8.0
25,Massachusetts,25011,Franklin,2016,2020,American Indian/Alaskan Native (includes Hispanic),
25,Massachusetts,25011,Franklin,2016,2020,White (includes Hispanic),5.6
25,Massachusetts,25013,Hampden,2011,2015,Asian/Pacific Islander (includes Hispanic),
25,Massachusetts,25013,Hampden,2011,2015,Black (includes Hispanic),8.0
25,Massachusetts,25013,Hampden,2011,2015,Hispanic (all races),9.3
25,Massachusetts,25013,Hampden,2011,2015,American Indian/Alaskan Native (includes Hispanic),
25,Massachusetts,25013,Hampden,2011,2015,White (includes Hispanic),5.8
25,Massachusetts,25013,Hampden,2012,2016,Asian/Pacific Islander (includes Hispanic),
25,Massachusetts,25013,Hampden,2012,2016,Black (includes Hispanic),8.0
25,Massachusetts,25013,Hampden,2012,2016,Hispanic (all races),10.8
25,Massachusetts,25013,Hampden,2012,2016,American Indian/Alaskan Native (includes Hispanic),
25,Massachusetts,25013,Hampden,2012,2016,White (includes Hispanic),6.3
25,Massachusetts,25013,Hampden,2013,2017,Asian/Pacific Islander (includes Hispanic),
25,Massachusetts,25013,Hampden,2013,2017,Black (includes Hispanic),9.0
25,Massachusetts,25013,Hampden,2013,2017,Hispanic (all races),9.8
25,Massachusetts,25013,Hampden,2013,2017,American Indian/Alaskan Native (includes Hispanic),
25,Massachusetts,25013,Hampden,2013,2017,White (includes Hispanic),6.0
25,Massachusetts,25013,Hampden,2014,2018,Asian/Pacific Islander (includes Hispanic),
25,Massachusetts,25013,Hampden,2014,2018,Black (includes Hispanic),7.9
25,Massachusetts,25013,Hampden,2014,2018,Hispanic (all races),10.0
25,Massachusetts,25013,Hampden,2014,2018,American Indian/Alaskan Native (includes Hispanic),
25,Massachusetts,25013,Hampden,2014,2018,White (includes Hispanic),6.2
25,Massachusetts,25013,Hampden,2015,2019,Asian/Pacific Islander (includes Hispanic),
25,Massachusetts,25013,Hampden,2015,2019,Black (includes Hispanic),6.9
25,Massachusetts,25013,Hampden,2015,2019,Hispanic (all races),9.8
25,Massachusetts,25013,Hampden,2015,2019,American Indian/Alaskan Native (includes Hispanic),
25,Massachusetts,25013,Hampden,2015,2019,White (includes Hispanic),5.8
25,Massachusetts,25013,Hampden,2016,2020,Asian/Pacific Islander (includes Hispanic),5.9
25,Massachusetts,25013,Hampden,2016,2020,Black (includes Hispanic),6.9
25,Massachusetts,25013,Hampden,2016,2020,Hispanic (all races),9.0
25,Massachusetts,25013,Hampden,2016,2020,American Indian/Alaskan Native (includes Hispanic),
25,Massachusetts,25013,Hampden,2016,2020,White (includes Hispanic),5.6
25,Massachusetts,25015,Hampshire,2011,2015,Asian/Pacific Islander (includes Hispanic),
25,Massachusetts,25015,Hampshire,2011,2015,Black (includes Hispanic),8.5
25,Massachusetts,25015,Hampshire,2011,2015,Hispanic (all races),9.9
25,Massachusetts,25015,Hampshire,2011,2015,American Indian/Alaskan Native (includes Hispanic),
25,Massachusetts,25015,Hampshire,2011,2015,White (includes Hispanic),5.3
25,Massachusetts,25015,Hampshire,2012,2016,Asian/Pacific Islander (includes Hispanic),
25,Massachusetts,25015,Hampshire,2012,2016,Black (includes Hispanic),9.4
25,Massachusetts,25015,Hampshire,2012,2016,Hispanic (all races),10.9
25,Massachusetts,25015,Hampshire,2012,2016,American Indian/Alaskan Native (includes Hispanic),
25,Massachusetts,25015,Hampshire,2012,2016,White (includes Hispanic),5.9
25,Massachusetts,25015,Hampshire,2013,2017,Asian/Pacific Islander (includes Hispanic),
25,Massachusetts,25015,Hampshire,2013,2017,Black (includes Hispanic),10.0
25,Massachusetts,25015,Hampshire,2013,2017,Hispanic (all races),10.3
25,Massachusetts,25015,Hampshire,2013,2017,American Indian/Alaskan Native (includes Hispanic),
25,Massachusetts,25015,Hampshire,2013,2017,White (includes Hispanic),6.0
25,Massachusetts,25015,Hampshire,2014,2018,Asian/Pacific Islander (includes Hispanic),
25,Massachusetts,25015,Hampshire,2014,2018,Black (includes Hispanic),9.6
25,Massachusetts,25015,Hampshire,2014,2018,Hispanic (all races),10.5
25,Massachusetts,25015,Hampshire,2014,2018,American Indian/Alaskan Native (includes Hispanic),
25,Massachusetts,25015,Hampshire,2014,2018,White (includes Hispanic),6.4
25,Massachusetts,25015,Hampshire,2015,2019,Asian/Pacific Islander (includes Hispanic),
25,Massachusetts,25015,Hampshire,2015,2019,Black (includes Hispanic),8.8
25,Massachusetts,25015,Hampshire,2015,2019,Hispanic (all races),10.9
25,Massachusetts,25015,Hampshire,2015,2019,American Indian/Alaskan Native (includes Hispanic),
25,Massachusetts,25015,Hampshire,2015,2019,White (includes Hispanic),6.1
25,Massachusetts,25015,Hampshire,2016,2020,Asian/Pacific Islander (includes Hispanic),
25,Massachusetts,25015,Hampshire,2016,2020,Black (includes Hispanic),9.4
25,Massachusetts,25015,Hampshire,2016,2020,Hispanic (all races),9.2
25,Massachusetts,25015,Hampshire,2016,2020,American Indian/Alaskan Native (includes Hispanic),
25,Massachusetts,25015,Hampshire,2016,2020,White (includes Hispanic),5.9
25,Massachusetts,25017,Middlesex,2011,2015,Asian/Pacific Islander (includes Hispanic),6.7
25,Massachusetts,25017,Middlesex,2011,2015,Black (includes Hispanic),6.8
25,Massachusetts,25017,Middlesex,2011,2015,Hispanic (all races),9.0
25,Massachusetts,25017,Middlesex,2011,2015,American Indian/Alaskan Native (includes Hispanic),
25,Massachusetts,25017,Middlesex,2011,2015,White (includes Hispanic),4.7
25,Massachusetts,25017,Middlesex,2012,2016,Asian/Pacific Islander (includes Hispanic),6.2
25,Massachusetts,25017,Middlesex,2012,2016,Black (includes Hispanic),6.6
25,Massachusetts,25017,Middlesex,2012,2016,Hispanic (all races),8.6
25,Massachusetts,25017,Middlesex,2012,2016,American Indian/Alaskan Native (includes Hispanic),
25,Massachusetts,25017,Middlesex,2012,2016,White (includes Hispanic),5.0
25,Massachusetts,25017,Middlesex,2013,2017,Asian/Pacific Islander (includes Hispanic),5.7
25,Massachusetts,25017,Middlesex,2013,2017,Black (includes Hispanic),7.1
25,Massachusetts,25017,Middlesex,2013,2017,Hispanic (all races),7.9
25,Massachusetts,25017,Middlesex,2013,2017,American Indian/Alaskan Native (includes Hispanic),
25,Massachusetts,25017,Middlesex,2013,2017,White (includes Hispanic),5.1
25,Massachusetts,25017,Middlesex,2014,2018,Asian/Pacific Islander (includes Hispanic),5.0
25,Massachusetts,25017,Middlesex,2014,2018,Black (includes Hispanic),8.1
25,Massachusetts,25017,Middlesex,2014,2018,Hispanic (all races),7.9
25,Massachusetts,25017,Middlesex,2014,2018,American Indian/Alaskan Native (includes Hispanic),
25,Massachusetts,25017,Middlesex,2014,2018,White (includes Hispanic),5.2
25,Massachusetts,25017,Middlesex,2015,2019,Asian/Pacific Islander (includes Hispanic),3.9
25,Massachusetts,25017,Middlesex,2015,2019,Black (includes Hispanic),8.4
25,Massachusetts,25017,Middlesex,2015,2019,Hispanic (all races),8.0
25,Massachusetts,25017,Middlesex,2015,2019,American Indian/Alaskan Native (includes Hispanic),
25,Massachusetts,25017,Middlesex,2015,2019,White (includes Hispanic),5.1
25,Massachusetts,25017,Middlesex,2016,2020,Asian/Pacific Islander (includes Hispanic),3.3
25,Massachusetts,25017,Middlesex,2016,2020,Black (includes Hispanic),8.2
25,Massachusetts,25017,Middlesex,2016,2020,Hispanic (all races),6.5
25,Massachusetts,25017,Middlesex,2016,2020,American Indian/Alaskan Native (includes Hispanic),
25,Massachusetts,25017,Middlesex,2016,2020,White (includes Hispanic),4.8
25,Massachusetts,25019,Nantucket,2011,2015,Asian/Pacific Islander (includes Hispanic),
25,Massachusetts,25019,Nantucket,2011,2015,Black (includes Hispanic),
25,Massachusetts,25019,Nantucket,2011,2015,Hispanic (all races),
25,Massachusetts,25019,Nantucket,2011,2015,American Indian/Alaskan Native (includes Hispanic),
25,Massachusetts,25019,Nantucket,2011,2015,White (includes Hispanic),
25,Massachusetts,25019,Nantucket,2012,2016,Asian/Pacific Islander (includes Hispanic),
25,Massachusetts,25019,Nantucket,2012,2016,Black (includes Hispanic),
25,Massachusetts,25019,Nantucket,2012,2016,Hispanic (all races),
25,Massachusetts,25019,Nantucket,2012,2016,American Indian/Alaskan Native (includes Hispanic),
25,Massachusetts,25019,Nantucket,2012,2016,White (includes Hispanic),
25,Massachusetts,25019,Nantucket,2013,2017,Asian/Pacific Islander (includes Hispanic),
25,Massachusetts,25019,Nantucket,2013,2017,Black (includes Hispanic),
25,Massachusetts,25019,Nantucket,2013,2017,Hispanic (all races),
25,Massachusetts,25019,Nantucket,2013,2017,American Indian/Alaskan Native (includes Hispanic),
25,Massachusetts,25019,Nantucket,2013,2017,White (includes Hispanic),
25,Massachusetts,25019,Nantucket,2014,2018,Asian/Pacific Islander (includes Hispanic),
25,Massachusetts,25019,Nantucket,2014,2018,Black (includes Hispanic),
25,Massachusetts,25019,Nantucket,2014,2018,Hispanic (all races),
25,Massachusetts,25019,Nantucket,2014,2018,American Indian/Alaskan Native (includes Hispanic),
25,Massachusetts,25019,Nantucket,2014,2018,White (includes Hispanic),
25,Massachusetts,25019,Nantucket,2015,2019,Asian/Pacific Islander (includes Hispanic),
25,Massachusetts,25019,Nantucket,2015,2019,Black (includes Hispanic),
25,Massachusetts,25019,Nantucket,2015,2019,Hispanic (all races),
25,Massachusetts,25019,Nantucket,2015,2019,American Indian/Alaskan Native (includes Hispanic),
25,Massachusetts,25019,Nantucket,2015,2019,White (includes Hispanic),
25,Massachusetts,25019,Nantucket,2016,2020,Asian/Pacific Islander (includes Hispanic),
25,Massachusetts,25019,Nantucket,2016,2020,Black (includes Hispanic),
25,Massachusetts,25019,Nantucket,2016,2020,Hispanic (all races),
25,Massachusetts,25019,Nantucket,2016,2020,American Indian/Alaskan Native (includes Hispanic),
25,Massachusetts,25019,Nantucket,2016,2020,White (includes Hispanic),
25,Massachusetts,25021,Norfolk,2011,2015,Asian/Pacific Islander (includes Hispanic),6.5
25,Massachusetts,25021,Norfolk,2011,2015,Black (includes Hispanic),7.1
25,Massachusetts,25021,Norfolk,2011,2015,Hispanic (all races),9.9
25,Massachusetts,25021,Norfolk,2011,2015,American Indian/Alaskan Native (includes Hispanic),
25,Massachusetts,25021,Norfolk,2011,2015,White (includes Hispanic),5.1
25,Massachusetts,25021,Norfolk,2012,2016,Asian/Pacific Islander (includes Hispanic),6.2
25,Massachusetts,25021,Norfolk,2012,2016,Black (includes Hispanic),7.3
25,Massachusetts,25021,Norfolk,2012,2016,Hispanic (all races),9.2
25,Massachusetts,25021,Norfolk,2012,2016,American Indian/Alaskan Native (includes Hispanic),
25,Massachusetts,25021,Norfolk,2012,2016,White (includes Hispanic),5.3
25,Massachusetts,25021,Norfolk,2013,2017,Asian/Pacific Islander (includes Hispanic),5.5
25,Massachusetts,25021,Norfolk,2013,2017,Black (includes Hispanic),7.7
25,Massachusetts,25021,Norfolk,2013,2017,Hispanic (all races),9.3
25,Massachusetts,25021,Norfolk,2013,2017,American Indian/Alaskan Native (includes Hispanic),
25,Massachusetts,25021,Norfolk,2013,2017,White (includes Hispanic),5.2
25,Massachusetts,25021,Norfolk,2014,2018,Asian/Pacific Islander (includes Hispanic),5.0
25,Massachusetts,25021,Norfolk,2014,2018,Black (includes Hispanic),8.4
25,Massachusetts,25021,Norfolk,2014,2018,Hispanic (all races),8.6
25,Massachusetts,25021,Norfolk,2014,2018,American Indian/Alaskan Native (includes Hispanic),
25,Massachusetts,25021,Norfolk,2014,2018,White (includes Hispanic),5.3
25,Massachusetts,25021,Norfolk,2015,2019,Asian/Pacific Islander (includes Hispanic),4.0
25,Massachusetts,25021,Norfolk,2015,2019,Black (includes Hispanic),8.3
25,Massachusetts,25021,Norfolk,2015,2019,Hispanic (all races),8.1
25,Massachusetts,25021,Norfolk,2015,2019,American Indian/Alaskan Native (includes Hispanic),
25,Massachusetts,25021,Norfolk,2015,2019,White (includes Hispanic),5.1
25,Massachusetts,25021,Norfolk,2016,2020,Asian/Pacific Islander (includes Hispanic),3.5
25,Massachusetts,25021,Norfolk,2016,2020,Black (includes Hispanic),7.9
25,Massachusetts,25021,Norfolk,2016,2020,Hispanic (all races),6.6
25,Massachusetts,25021,Norfolk,2016,2020,American Indian/Alaskan Native (includes Hispanic),
25,Massachusetts,25021,Norfolk,2016,2020,White (includes Hispanic),5.0
25,Massachusetts,25023,Plymouth,2011,2015,Asian/Pacific Islander (includes Hispanic),6.7
25,Massachusetts,25023,Plymouth,2011,2015,Black (includes Hispanic),6.7
25,Massachusetts,25023,Plymouth,2011,2015,Hispanic (all races),9.7
25,Massachusetts,25023,Plymouth,2011,2015,American Indian/Alaskan Native (includes Hispanic),
25,Massachusetts,25023,Plymouth,2011,2015,White (includes Hispanic),4.5
25,Massachusetts,25023,Plymouth,2012,2016,Asian/Pacific Islander (includes Hispanic),6.7
25,Massachusetts,25023,Plymouth,2012,2016,Black (includes Hispanic),7.8
25,Massachusetts,25023,Plymouth,2012,2016,Hispanic (all races),7.9
25,Massachusetts,25023,Plymouth,2012,2016,American Indian/Alaskan Native (includes Hispanic),
25,Massachusetts,25023,Plymouth,2012,2016,White (includes Hispanic),4.5
25,Massachusetts,25023,Plymouth,2013,2017,Asian/Pacific Islander (includes Hispanic),6.5
25,Massachusetts,25023,Plymouth,2013,2017,Black (includes Hispanic),8.3
25,Massachusetts,25023,Plymouth,2013,2017,Hispanic (all races),7.7
25,Massachusetts,25023,Plymouth,2013,2017,American Indian/Alaskan Native (includes Hispanic),
25,Massachusetts,25023,Plymouth,2013,2017,White (includes Hispanic),4.5
25,Massachusetts,25023,Plymouth,2014,2018,Asian/Pacific Islander (includes Hispanic),6.5
25,Massachusetts,25023,Plymouth,2014,2018,Black (includes Hispanic),8.7
25,Massachusetts,25023,Plymouth,2014,2018,Hispanic (all races),6.0
25,Massachusetts,25023,Plymouth,2014,2018,American Indian/Alaskan Native (includes Hispanic),
25,Massachusetts,25023,Plymouth,2014,2018,White (includes Hispanic),4.6
25,Massachusetts,25023,Plymouth,2015,2019,Asian/Pacific Islander (includes Hispanic),5.4
25,Massachusetts,25023,Plymouth,2015,2019,Black (includes Hispanic),9.4
25,Massachusetts,25023,Plymouth,2015,2019,Hispanic (all races),6.1
25,Massachusetts,25023,Plymouth,2015,2019,American Indian/Alaskan Native (includes Hispanic),
25,Massachusetts,25023,Plymouth,2015,2019,White (includes Hispanic),4.7
25,Massachusetts,25023,Plymouth,2016,2020,Asian/Pacific Islander (includes Hispanic),4.1
25,Massachusetts,25023,Plymouth,2016,2020,Black (includes Hispanic),8.8
25,Massachusetts,25023,Plymouth,2016,2020,Hispanic (all races),5.2
25,Massachusetts,25023,Plymouth,2016,2020,American Indian/Alaskan Native (includes Hispanic),
25,Massachusetts,25023,Plymouth,2016,2020,White (includes Hispanic),4.8
25,Massachusetts,25025,Suffolk,2011,2015,Asian/Pacific Islander (includes Hispanic),6.9
25,Massachusetts,25025,Suffolk,2011,2015,Black (includes Hispanic),7.6
25,Massachusetts,25025,Suffolk,2011,2015,Hispanic (all races),9.1
25,Massachusetts,25025,Suffolk,2011,2015,American Indian/Alaskan Native (includes Hispanic),
25,Massachusetts,25025,Suffolk,2011,2015,White (includes Hispanic),4.7
25,Massachusetts,25025,Suffolk,2012,2016,Asian/Pacific Islander (includes Hispanic),6.4
25,Massachusetts,25025,Suffolk,2012,2016,Black (includes Hispanic),7.5
25,Massachusetts,25025,Suffolk,2012,2016,Hispanic (all races),8.6
25,Massachusetts,25025,Suffolk,2012,2016,American Indian/Alaskan Native (includes Hispanic),
25,Massachusetts,25025,Suffolk,2012,2016,White (includes Hispanic),4.9
25,Massachusetts,25025,Suffolk,2013,2017,Asian/Pacific Islander (includes Hispanic),5.8
25,Massachusetts,25025,Suffolk,2013,2017,Black (includes Hispanic),7.6
25,Massachusetts,25025,Suffolk,2013,2017,Hispanic (all races),8.0
25,Massachusetts,25025,Suffolk,2013,2017,American Indian/Alaskan Native (includes Hispanic),
25,Massachusetts,25025,Suffolk,2013,2017,White (includes Hispanic),4.9
25,Massachusetts,25025,Suffolk,2014,2018,Asian/Pacific Islander (includes Hispanic),4.7
25,Massachusetts,25025,Suffolk,2014,2018,Black (includes Hispanic),8.3
25,Massachusetts,25025,Suffolk,2014,2018,Hispanic (all races),7.6
25,Massachusetts,25025,Suffolk,2014,2018,American Indian/Alaskan Native (includes Hispanic),
25,Massachusetts,25025,Suffolk,2014,2018,White (includes Hispanic),4.9
25,Massachusetts,25025,Suffolk,2015,2019,Asian/Pacific Islander (includes Hispanic),3.7
25,Massachusetts,25025,Suffolk,2015,2019,Black (includes Hispanic),8.6
25,Massachusetts,25025,Suffolk,2015,2019,Hispanic (all races),7.2
25,Massachusetts,25025,Suffolk,2015,2019,American Indian/Alaskan Native (includes Hispanic),
25,Massachusetts,25025,Suffolk,2015,2019,White (includes Hispanic),4.6
25,Massachusetts,25025,Suffolk,2016,2020,Asian/Pacific Islander (includes Hispanic),3.0
25,Massachusetts,25025,Suffolk,2016,2020,Black (includes Hispanic),8.4
25,Massachusetts,25025,Suffolk,2016,2020,Hispanic (all races),5.8
25,Massachusetts,25025,Suffolk,2016,2020,American Indian/Alaskan Native (includes Hispanic),
25,Massachusetts,25025,Suffolk,2016,2020,White (includes Hispanic),4.4
25,Massachusetts,25027,Worcester,2011,2015,Asian/Pacific Islander (includes Hispanic),6.6
25,Massachusetts,25027,Worcester,2011,2015,Black (includes Hispanic),7.4
25,Massachusetts,25027,Worcester,2011,2015,Hispanic (all races),9.4
25,Massachusetts,25027,Worcester,2011,2015,American Indian/Alaskan Native (includes Hispanic),
25,Massachusetts,25027,Worcester,2011,2015,White (includes Hispanic),5.4
25,Massachusetts,25027,Worcester,2012,2016,Asian/Pacific Islander (includes Hispanic),6.0
25,Massachusetts,25027,Worcester,2012,2016,Black (includes Hispanic),7.1
25,Massachusetts,25027,Worcester,2012,2016,Hispanic (all races),10.1
25,Massachusetts,25027,Worcester,2012,2016,American Indian/Alaskan Native (includes Hispanic),
25,Massachusetts,25027,Worcester,2012,2016,White (includes Hispanic),5.7
25,Massachusetts,25027,Worcester,2013,2017,Asian/Pacific Islander (includes Hispanic),4.9
25,Massachusetts,25027,Worcester,2013,2017,Black (includes Hispanic),6.8
25,Massachusetts,25027,Worcester,2013,2017,Hispanic (all races),10.0
25,Massachusetts,25027,Worcester,2013,2017,American Indian/Alaskan Native (includes Hispanic),
25,Massachusetts,25027,Worcester,2013,2017,White (includes Hispanic),5.7
25,Massachusetts,25027,Worcester,2014,2018,Asian/Pacific Islander (includes Hispanic),4.8
25,Massachusetts,25027,Worcester,2014,2018,Black (includes Hispanic),7.6
25,Massachusetts,25027,Worcester,2014,2018,Hispanic (all races),9.8
25,Massachusetts,25027,Worcester,2014,2018,American Indian/Alaskan Native (includes Hispanic),
25,Massachusetts,25027,Worcester,2014,2018,White (includes Hispanic),5.7
25,Massachusetts,25027,Worcester,2015,2019,Asian/Pacific Islander (includes Hispanic),3.8
25,Massachusetts,25027,Worcester,2015,2019,Black (includes Hispanic),6.7
25,Massachusetts,25027,Worcester,2015,2019,Hispanic (all races),9.3
25,Massachusetts,25027,Worcester,2015,2019,American Indian/Alaskan Native (includes Hispanic),
25,Massachusetts,25027,Worcester,2015,2019,White (includes Hispanic),5.5
25,Massachusetts,25027,Worcester,2016,2020,Asian/Pacific Islander (includes Hispanic),3.6
25,Massachusetts,25027,Worcester,2016,2020,Black (includes Hispanic),7.1
25,Massachusetts,25027,Worcester,2016,2020,Hispanic (all races),8.2
25,Massachusetts,25027,Worcester,2016,2020,American Indian/Alaskan Native (includes Hispanic),
25,Massachusetts,25027,Worcester,2016,2020,White (includes Hispanic),5.2
26,Michigan,26001,Alcona,2011,2015,Asian/Pacific Islander (includes Hispanic),
26,Michigan,26001,Alcona,2011,2015,Black (includes Hispanic),
26,Michigan,26001,Alcona,2011,2015,Hispanic (all races),
26,Michigan,26001,Alcona,2011,2015,American Indian/Alaskan Native (includes Hispanic),
26,Michigan,26001,Alcona,2011,2015,White (includes Hispanic),10.3
26,Michigan,26001,Alcona,2012,2016,Asian/Pacific Islander (includes Hispanic),
26,Michigan,26001,Alcona,2012,2016,Black (includes Hispanic),
26,Michigan,26001,Alcona,2012,2016,Hispanic (all races),
26,Michigan,26001,Alcona,2012,2016,American Indian/Alaskan Native (includes Hispanic),
26,Michigan,26001,Alcona,2012,2016,White (includes Hispanic),10.9
26,Michigan,26001,Alcona,2013,2017,Asian/Pacific Islander (includes Hispanic),
26,Michigan,26001,Alcona,2013,2017,Black (includes Hispanic),
26,Michigan,26001,Alcona,2013,2017,Hispanic (all races),
26,Michigan,26001,Alcona,2013,2017,American Indian/Alaskan Native (includes Hispanic),
26,Michigan,26001,Alcona,2013,2017,White (includes Hispanic),11.4
26,Michigan,26001,Alcona,2014,2018,Asian/Pacific Islander (includes Hispanic),
26,Michigan,26001,Alcona,2014,2018,Black (includes Hispanic),
26,Michigan,26001,Alcona,2014,2018,Hispanic (all races),
26,Michigan,26001,Alcona,2014,2018,American Indian/Alaskan Native (includes Hispanic),
26,Michigan,26001,Alcona,2014,2018,White (includes Hispanic),11.2
26,Michigan,26001,Alcona,2015,2019,Asian/Pacific Islander (includes Hispanic),
26,Michigan,26001,Alcona,2015,2019,Black (includes Hispanic),
26,Michigan,26001,Alcona,2015,2019,Hispanic (all races),
26,Michigan,26001,Alcona,2015,2019,American Indian/Alaskan Native (includes Hispanic),
26,Michigan,26001,Alcona,2015,2019,White (includes Hispanic),10.6
26,Michigan,26001,Alcona,2016,2020,Asian/Pacific Islander (includes Hispanic),
26,Michigan,26001,Alcona,2016,2020,Black (includes Hispanic),
26,Michigan,26001,Alcona,2016,2020,Hispanic (all races),
26,Michigan,26001,Alcona,2016,2020,American Indian/Alaskan Native (includes Hispanic),
26,Michigan,26001,Alcona,2016,2020,White (includes Hispanic),11.0
26,Michigan,26003,Alger,2011,2015,Asian/Pacific Islander (includes Hispanic),
26,Michigan,26003,Alger,2011,2015,Black (includes Hispanic),
26,Michigan,26003,Alger,2011,2015,Hispanic (all races),
26,Michigan,26003,Alger,2011,2015,American Indian/Alaskan Native (includes Hispanic),
26,Michigan,26003,Alger,2011,2015,White (includes Hispanic),8.0
26,Michigan,26003,Alger,2012,2016,Asian/Pacific Islander (includes Hispanic),
26,Michigan,26003,Alger,2012,2016,Black (includes Hispanic),
26,Michigan,26003,Alger,2012,2016,Hispanic (all races),
26,Michigan,26003,Alger,2012,2016,American Indian/Alaskan Native (includes Hispanic),
26,Michigan,26003,Alger,2012,2016,White (includes Hispanic),7.0
26,Michigan,26003,Alger,2013,2017,Asian/Pacific Islander (includes Hispanic),
26,Michigan,26003,Alger,2013,2017,Black (includes Hispanic),
26,Michigan,26003,Alger,2013,2017,Hispanic (all races),
26,Michigan,26003,Alger,2013,2017,American Indian/Alaskan Native (includes Hispanic),
26,Michigan,26003,Alger,2013,2017,White (includes Hispanic),7.9
26,Michigan,26003,Alger,2014,2018,Asian/Pacific Islander (includes Hispanic),
26,Michigan,26003,Alger,2014,2018,Black (includes Hispanic),
26,Michigan,26003,Alger,2014,2018,Hispanic (all races),
26,Michigan,26003,Alger,2014,2018,American Indian/Alaskan Native (includes Hispanic),
26,Michigan,26003,Alger,2014,2018,White (includes Hispanic),9.5
26,Michigan,26003,Alger,2015,2019,Asian/Pacific Islander (includes Hispanic),
26,Michigan,26003,Alger,2015,2019,Black (includes Hispanic),
26,Michigan,26003,Alger,2015,2019,Hispanic (all races),
26,Michigan,26003,Alger,2015,2019,American Indian/Alaskan Native (includes Hispanic),
26,Michigan,26003,Alger,2015,2019,White (includes Hispanic),8.5
26,Michigan,26003,Alger,2016,2020,Asian/Pacific Islander (includes Hispanic),
26,Michigan,26003,Alger,2016,2020,Black (includes Hispanic),
26,Michigan,26003,Alger,2016,2020,Hispanic (all races),
26,Michigan,26003,Alger,2016,2020,American Indian/Alaskan Native (includes Hispanic),
26,Michigan,26003,Alger,2016,2020,White (includes Hispanic),7.0
26,Michigan,26005,Allegan,2011,2015,Asian/Pacific Islander (includes Hispanic),
26,Michigan,26005,Allegan,2011,2015,Black (includes Hispanic),8.1
26,Michigan,26005,Allegan,2011,2015,Hispanic (all races),10.0
26,Michigan,26005,Allegan,2011,2015,American Indian/Alaskan Native (includes Hispanic),
26,Michigan,26005,Allegan,2011,2015,White (includes Hispanic),5.6
26,Michigan,26005,Allegan,2012,2016,Asian/Pacific Islander (includes Hispanic),
26,Michigan,26005,Allegan,2012,2016,Black (includes Hispanic),8.1
26,Michigan,26005,Allegan,2012,2016,Hispanic (all races),10.4
26,Michigan,26005,Allegan,2012,2016,American Indian/Alaskan Native (includes Hispanic),
26,Michigan,26005,Allegan,2012,2016,White (includes Hispanic),5.8
26,Michigan,26005,Allegan,2013,2017,Asian/Pacific Islander (includes Hispanic),
26,Michigan,26005,Allegan,2013,2017,Black (includes Hispanic),9.1
26,Michigan,26005,Allegan,2013,2017,Hispanic (all races),10.3
26,Michigan,26005,Allegan,2013,2017,American Indian/Alaskan Native (includes Hispanic),
26,Michigan,26005,Allegan,2013,2017,White (includes Hispanic),5.9
26,Michigan,26005,Allegan,2014,2018,Asian/Pacific Islander (includes Hispanic),7.4
26,Michigan,26005,Allegan,2014,2018,Black (includes Hispanic),9.4
26,Michigan,26005,Allegan,2014,2018,Hispanic (all races),10.7
26,Michigan,26005,Allegan,2014,2018,American Indian/Alaskan Native (includes Hispanic),
26,Michigan,26005,Allegan,2014,2018,White (includes Hispanic),6.0
26,Michigan,26005,Allegan,2015,2019,Asian/Pacific Islander (includes Hispanic),8.5
26,Michigan,26005,Allegan,2015,2019,Black (includes Hispanic),8.3
26,Michigan,26005,Allegan,2015,2019,Hispanic (all races),8.7
26,Michigan,26005,Allegan,2015,2019,American Indian/Alaskan Native (includes Hispanic),
26,Michigan,26005,Allegan,2015,2019,White (includes Hispanic),6.0
26,Michigan,26005,Allegan,2016,2020,Asian/Pacific Islander (includes Hispanic),7.3
26,Michigan,26005,Allegan,2016,2020,Black (includes Hispanic),6.8
26,Michigan,26005,Allegan,2016,2020,Hispanic (all races),8.6
26,Michigan,26005,Allegan,2016,2020,American Indian/Alaskan Native (includes Hispanic),
26,Michigan,26005,Allegan,2016,2020,White (includes Hispanic),5.7
26,Michigan,26007,Alpena,2011,2015,Asian/Pacific Islander (includes Hispanic),
26,Michigan,26007,Alpena,2011,2015,Black (includes Hispanic),
26,Michigan,26007,Alpena,2011,2015,Hispanic (all races),
26,Michigan,26007,Alpena,2011,2015,American Indian/Alaskan Native (includes Hispanic),
26,Michigan,26007,Alpena,2011,2015,White (includes Hispanic),
26,Michigan,26007,Alpena,2012,2016,Asian/Pacific Islander (includes Hispanic),
26,Michigan,26007,Alpena,2012,2016,Black (includes Hispanic),
26,Michigan,26007,Alpena,2012,2016,Hispanic (all races),
26,Michigan,26007,Alpena,2012,2016,American Indian/Alaskan Native (includes Hispanic),
26,Michigan,26007,Alpena,2012,2016,White (includes Hispanic),
26,Michigan,26007,Alpena,2013,2017,Asian/Pacific Islander (includes Hispanic),
26,Michigan,26007,Alpena,2013,2017,Black (includes Hispanic),
26,Michigan,26007,Alpena,2013,2017,Hispanic (all races),
26,Michigan,26007,Alpena,2013,2017,American Indian/Alaskan Native (includes Hispanic),
26,Michigan,26007,Alpena,2013,2017,White (includes Hispanic),
26,Michigan,26007,Alpena,2014,2018,Asian/Pacific Islander (includes Hispanic),
26,Michigan,26007,Alpena,2014,2018,Black (includes Hispanic),
26,Michigan,26007,Alpena,2014,2018,Hispanic (all races),
26,Michigan,26007,Alpena,2014,2018,American Indian/Alaskan Native (includes Hispanic),
26,Michigan,26007,Alpena,2014,2018,White (includes Hispanic),
26,Michigan,26007,Alpena,2015,2019,Asian/Pacific Islander (includes Hispanic),
26,Michigan,26007,Alpena,2015,2019,Black (includes Hispanic),
26,Michigan,26007,Alpena,2015,2019,Hispanic (all races),
26,Michigan,26007,Alpena,2015,2019,American Indian/Alaskan Native (includes Hispanic),
26,Michigan,26007,Alpena,2015,2019,White (includes Hispanic),
26,Michigan,26007,Alpena,2016,2020,Asian/Pacific Islander (includes Hispanic),
26,Michigan,26007,Alpena,2016,2020,Black (includes Hispanic),
26,Michigan,26007,Alpena,2016,2020,Hispanic (all races),
26,Michigan,26007,Alpena,2016,2020,American Indian/Alaskan Native (includes Hispanic),
26,Michigan,26007,Alpena,2016,2020,White (includes Hispanic),
26,Michigan,26009,Antrim,2011,2015,Asian/Pacific Islander (includes Hispanic),
26,Michigan,26009,Antrim,2011,2015,Black (includes Hispanic),
26,Michigan,26009,Antrim,2011,2015,Hispanic (all races),
26,Michigan,26009,Antrim,2011,2015,American Indian/Alaskan Native (includes Hispanic),
26,Michigan,26009,Antrim,2011,2015,White (includes Hispanic),8.6
26,Michigan,26009,Antrim,2012,2016,Asian/Pacific Islander (includes Hispanic),
26,Michigan,26009,Antrim,2012,2016,Black (includes Hispanic),
26,Michigan,26009,Antrim,2012,2016,Hispanic (all races),
26,Michigan,26009,Antrim,2012,2016,American Indian/Alaskan Native (includes Hispanic),
26,Michigan,26009,Antrim,2012,2016,White (includes Hispanic),8.2
26,Michigan,26009,Antrim,2013,2017,Asian/Pacific Islander (includes Hispanic),
26,Michigan,26009,Antrim,2013,2017,Black (includes Hispanic),
26,Michigan,26009,Antrim,2013,2017,Hispanic (all races),
26,Michigan,26009,Antrim,2013,2017,American Indian/Alaskan Native (includes Hispanic),
26,Michigan,26009,Antrim,2013,2017,White (includes Hispanic),7.1
26,Michigan,26009,Antrim,2014,2018,Asian/Pacific Islander (includes Hispanic),
26,Michigan,26009,Antrim,2014,2018,Black (includes Hispanic),
26,Michigan,26009,Antrim,2014,2018,Hispanic (all races),
26,Michigan,26009,Antrim,2014,2018,American Indian/Alaskan Native (includes Hispanic),
26,Michigan,26009,Antrim,2014,2018,White (includes Hispanic),6.5
26,Michigan,26009,Antrim,2015,2019,Asian/Pacific Islander (includes Hispanic),
26,Michigan,26009,Antrim,2015,2019,Black (includes Hispanic),
26,Michigan,26009,Antrim,2015,2019,Hispanic (all races),
26,Michigan,26009,Antrim,2015,2019,American Indian/Alaskan Native (includes Hispanic),
26,Michigan,26009,Antrim,2015,2019,White (includes Hispanic),6.0
26,Michigan,26009,Antrim,2016,2020,Asian/Pacific Islander (includes Hispanic),
26,Michigan,26009,Antrim,2016,2020,Black (includes Hispanic),
26,Michigan,26009,Antrim,2016,2020,Hispanic (all races),
26,Michigan,26009,Antrim,2016,2020,American Indian/Alaskan Native (includes Hispanic),
26,Michigan,26009,Antrim,2016,2020,White (includes Hispanic),6.4
26,Michigan,26011,Arenac,2011,2015,Asian/Pacific Islander (includes Hispanic),
26,Michigan,26011,Arenac,2011,2015,Black (includes Hispanic),
26,Michigan,26011,Arenac,2011,2015,Hispanic (all races),
26,Michigan,26011,Arenac,2011,2015,American Indian/Alaskan Native (includes Hispanic),
26,Michigan,26011,Arenac,2011,2015,White (includes Hispanic),7.4
26,Michigan,26011,Arenac,2012,2016,Asian/Pacific Islander (includes Hispanic),
26,Michigan,26011,Arenac,2012,2016,Black (includes Hispanic),
26,Michigan,26011,Arenac,2012,2016,Hispanic (all races),
26,Michigan,26011,Arenac,2012,2016,American Indian/Alaskan Native (includes Hispanic),
26,Michigan,26011,Arenac,2012,2016,White (includes Hispanic),7.8
26,Michigan,26011,Arenac,2013,2017,Asian/Pacific Islander (includes Hispanic),
26,Michigan,26011,Arenac,2013,2017,Black (includes Hispanic),
26,Michigan,26011,Arenac,2013,2017,Hispanic (all races),
26,Michigan,26011,Arenac,2013,2017,American Indian/Alaskan Native (includes Hispanic),
26,Michigan,26011,Arenac,2013,2017,White (includes Hispanic),8.1
26,Michigan,26011,Arenac,2014,2018,Asian/Pacific Islander (includes Hispanic),
26,Michigan,26011,Arenac,2014,2018,Black (includes Hispanic),
26,Michigan,26011,Arenac,2014,2018,Hispanic (all races),
26,Michigan,26011,Arenac,2014,2018,American Indian/Alaskan Native (includes Hispanic),
26,Michigan,26011,Arenac,2014,2018,White (includes Hispanic),8.6
26,Michigan,26011,Arenac,2015,2019,Asian/Pacific Islander (includes Hispanic),
26,Michigan,26011,Arenac,2015,2019,Black (includes Hispanic),
26,Michigan,26011,Arenac,2015,2019,Hispanic (all races),
26,Michigan,26011,Arenac,2015,2019,American Indian/Alaskan Native (includes Hispanic),
26,Michigan,26011,Arenac,2015,2019,White (includes Hispanic),8.3
26,Michigan,26011,Arenac,2016,2020,Asian/Pacific Islander (includes Hispanic),
26,Michigan,26011,Arenac,2016,2020,Black (includes Hispanic),
26,Michigan,26011,Arenac,2016,2020,Hispanic (all races),
26,Michigan,26011,Arenac,2016,2020,American Indian/Alaskan Native (includes Hispanic),
26,Michigan,26011,Arenac,2016,2020,White (includes Hispanic),7.4
26,Michigan,26013,Baraga,2011,2015,Asian/Pacific Islander (includes Hispanic),
26,Michigan,26013,Baraga,2011,2015,Black (includes Hispanic),
26,Michigan,26013,Baraga,2011,2015,Hispanic (all races),
26,Michigan,26013,Baraga,2011,2015,American Indian/Alaskan Native (includes Hispanic),
26,Michigan,26013,Baraga,2011,2015,White (includes Hispanic),
26,Michigan,26013,Baraga,2012,2016,Asian/Pacific Islander (includes Hispanic),
26,Michigan,26013,Baraga,2012,2016,Black (includes Hispanic),
26,Michigan,26013,Baraga,2012,2016,Hispanic (all races),
26,Michigan,26013,Baraga,2012,2016,American Indian/Alaskan Native (includes Hispanic),
26,Michigan,26013,Baraga,2012,2016,White (includes Hispanic),
26,Michigan,26013,Baraga,2013,2017,Asian/Pacific Islander (includes Hispanic),
26,Michigan,26013,Baraga,2013,2017,Black (includes Hispanic),
26,Michigan,26013,Baraga,2013,2017,Hispanic (all races),
26,Michigan,26013,Baraga,2013,2017,American Indian/Alaskan Native (includes Hispanic),
26,Michigan,26013,Baraga,2013,2017,White (includes Hispanic),
26,Michigan,26013,Baraga,2014,2018,Asian/Pacific Islander (includes Hispanic),
26,Michigan,26013,Baraga,2014,2018,Black (includes Hispanic),
26,Michigan,26013,Baraga,2014,2018,Hispanic (all races),
26,Michigan,26013,Baraga,2014,2018,American Indian/Alaskan Native (includes Hispanic),
26,Michigan,26013,Baraga,2014,2018,White (includes Hispanic),
26,Michigan,26013,Baraga,2015,2019,Asian/Pacific Islander (includes Hispanic),
26,Michigan,26013,Baraga,2015,2019,Black (includes Hispanic),
26,Michigan,26013,Baraga,2015,2019,Hispanic (all races),
26,Michigan,26013,Baraga,2015,2019,American Indian/Alaskan Native (includes Hispanic),
26,Michigan,26013,Baraga,2015,2019,White (includes Hispanic),6.7
26,Michigan,26013,Baraga,2016,2020,Asian/Pacific Islander (includes Hispanic),
26,Michigan,26013,Baraga,2016,2020,Black (includes Hispanic),
26,Michigan,26013,Baraga,2016,2020,Hispanic (all races),
26,Michigan,26013,Baraga,2016,2020,American Indian/Alaskan Native (includes Hispanic),
26,Michigan,26013,Baraga,2016,2020,White (includes Hispanic),
26,Michigan,26015,Barry,2011,2015,Asian/Pacific Islander (includes Hispanic),
26,Michigan,26015,Barry,2011,2015,Black (includes Hispanic),7.0
26,Michigan,26015,Barry,2011,2015,Hispanic (all races),
26,Michigan,26015,Barry,2011,2015,American Indian/Alaskan Native (includes Hispanic),
26,Michigan,26015,Barry,2011,2015,White (includes Hispanic),6.1
26,Michigan,26015,Barry,2012,2016,Asian/Pacific Islander (includes Hispanic),
26,Michigan,26015,Barry,2012,2016,Black (includes Hispanic),7.0
26,Michigan,26015,Barry,2012,2016,Hispanic (all races),
26,Michigan,26015,Barry,2012,2016,American Indian/Alaskan Native (includes Hispanic),
26,Michigan,26015,Barry,2012,2016,White (includes Hispanic),6.1
26,Michigan,26015,Barry,2013,2017,Asian/Pacific Islander (includes Hispanic),
26,Michigan,26015,Barry,2013,2017,Black (includes Hispanic),7.5
26,Michigan,26015,Barry,2013,2017,Hispanic (all races),
26,Michigan,26015,Barry,2013,2017,American Indian/Alaskan Native (includes Hispanic),
26,Michigan,26015,Barry,2013,2017,White (includes Hispanic),5.8
26,Michigan,26015,Barry,2014,2018,Asian/Pacific Islander (includes Hispanic),
26,Michigan,26015,Barry,2014,2018,Black (includes Hispanic),9.6
26,Michigan,26015,Barry,2014,2018,Hispanic (all races),
26,Michigan,26015,Barry,2014,2018,American Indian/Alaskan Native (includes Hispanic),
26,Michigan,26015,Barry,2014,2018,White (includes Hispanic),5.7
26,Michigan,26015,Barry,2015,2019,Asian/Pacific Islander (includes Hispanic),
26,Michigan,26015,Barry,2015,2019,Black (includes Hispanic),9.6
26,Michigan,26015,Barry,2015,2019,Hispanic (all races),
26,Michigan,26015,Barry,2015,2019,American Indian/Alaskan Native (includes Hispanic),
26,Michigan,26015,Barry,2015,2019,White (includes Hispanic),5.9
26,Michigan,26015,Barry,2016,2020,Asian/Pacific Islander (includes Hispanic),
26,Michigan,26015,Barry,2016,2020,Black (includes Hispanic),8.8
26,Michigan,26015,Barry,2016,2020,Hispanic (all races),
26,Michigan,26015,Barry,2016,2020,American Indian/Alaskan Native (includes Hispanic),
26,Michigan,26015,Barry,2016,2020,White (includes Hispanic),5.6
26,Michigan,26017,Bay,2011,2015,Asian/Pacific Islander (includes Hispanic),
26,Michigan,26017,Bay,2011,2015,Black (includes Hispanic),
26,Michigan,26017,Bay,2011,2015,Hispanic (all races),
26,Michigan,26017,Bay,2011,2015,American Indian/Alaskan Native (includes Hispanic),
26,Michigan,26017,Bay,2011,2015,White (includes Hispanic),5.3
26,Michigan,26017,Bay,2012,2016,Asian/Pacific Islander (includes Hispanic),
26,Michigan,26017,Bay,2012,2016,Black (includes Hispanic),
26,Michigan,26017,Bay,2012,2016,Hispanic (all races),
26,Michigan,26017,Bay,2012,2016,American Indian/Alaskan Native (includes Hispanic),
26,Michigan,26017,Bay,2012,2016,White (includes Hispanic),6.4
26,Michigan,26017,Bay,2013,2017,Asian/Pacific Islander (includes Hispanic),
26,Michigan,26017,Bay,2013,2017,Black (includes Hispanic),
26,Michigan,26017,Bay,2013,2017,Hispanic (all races),
26,Michigan,26017,Bay,2013,2017,American Indian/Alaskan Native (includes Hispanic),
26,Michigan,26017,Bay,2013,2017,White (includes Hispanic),6.6
26,Michigan,26017,Bay,2014,2018,Asian/Pacific Islander (includes Hispanic),
26,Michigan,26017,Bay,2014,2018,Black (includes Hispanic),
26,Michigan,26017,Bay,2014,2018,Hispanic (all races),
26,Michigan,26017,Bay,2014,2018,American Indian/Alaskan Native (includes Hispanic),
26,Michigan,26017,Bay,2014,2018,White (includes Hispanic),7.3
26,Michigan,26017,Bay,2015,2019,Asian/Pacific Islander (includes Hispanic),
26,Michigan,26017,Bay,2015,2019,Black (includes Hispanic),
26,Michigan,26017,Bay,2015,2019,Hispanic (all races),
26,Michigan,26017,Bay,2015,2019,American Indian/Alaskan Native (includes Hispanic),
26,Michigan,26017,Bay,2015,2019,White (includes Hispanic),7.8
26,Michigan,26017,Bay,2016,2020,Asian/Pacific Islander (includes Hispanic),
26,Michigan,26017,Bay,2016,2020,Black (includes Hispanic),
26,Michigan,26017,Bay,2016,2020,Hispanic (all races),
26,Michigan,26017,Bay,2016,2020,American Indian/Alaskan Native (includes Hispanic),
26,Michigan,26017,Bay,2016,2020,White (includes Hispanic),7.4
26,Michigan,26019,Benzie,2011,2015,Asian/Pacific Islander (includes Hispanic),
26,Michigan,26019,Benzie,2011,2015,Black (includes Hispanic),
26,Michigan,26019,Benzie,2011,2015,Hispanic (all races),
26,Michigan,26019,Benzie,2011,2015,American Indian/Alaskan Native (includes Hispanic),
26,Michigan,26019,Benzie,2011,2015,White (includes Hispanic),6.6
26,Michigan,26019,Benzie,2012,2016,Asian/Pacific Islander (includes Hispanic),
26,Michigan,26019,Benzie,2012,2016,Black (includes Hispanic),
26,Michigan,26019,Benzie,2012,2016,Hispanic (all races),
26,Michigan,26019,Benzie,2012,2016,American Indian/Alaskan Native (includes Hispanic),
26,Michigan,26019,Benzie,2012,2016,White (includes Hispanic),7.3
26,Michigan,26019,Benzie,2013,2017,Asian/Pacific Islander (includes Hispanic),
26,Michigan,26019,Benzie,2013,2017,Black (includes Hispanic),
26,Michigan,26019,Benzie,2013,2017,Hispanic (all races),
26,Michigan,26019,Benzie,2013,2017,American Indian/Alaskan Native (includes Hispanic),
26,Michigan,26019,Benzie,2013,2017,White (includes Hispanic),6.4
26,Michigan,26019,Benzie,2014,2018,Asian/Pacific Islander (includes Hispanic),
26,Michigan,26019,Benzie,2014,2018,Black (includes Hispanic),
26,Michigan,26019,Benzie,2014,2018,Hispanic (all races),
26,Michigan,26019,Benzie,2014,2018,American Indian/Alaskan Native (includes Hispanic),
26,Michigan,26019,Benzie,2014,2018,White (includes Hispanic),7.1
26,Michigan,26019,Benzie,2015,2019,Asian/Pacific Islander (includes Hispanic),
26,Michigan,26019,Benzie,2015,2019,Black (includes Hispanic),
26,Michigan,26019,Benzie,2015,2019,Hispanic (all races),
26,Michigan,26019,Benzie,2015,2019,American Indian/Alaskan Native (includes Hispanic),
26,Michigan,26019,Benzie,2015,2019,White (includes Hispanic),6.5
26,Michigan,26019,Benzie,2016,2020,Asian/Pacific Islander (includes Hispanic),
26,Michigan,26019,Benzie,2016,2020,Black (includes Hispanic),
26,Michigan,26019,Benzie,2016,2020,Hispanic (all races),
26,Michigan,26019,Benzie,2016,2020,American Indian/Alaskan Native (includes Hispanic),
26,Michigan,26019,Benzie,2016,2020,White (includes Hispanic),7.5
26,Michigan,26021,Berrien,2011,2015,Asian/Pacific Islander (includes Hispanic),4.5
26,Michigan,26021,Berrien,2011,2015,Black (includes Hispanic),11.0
26,Michigan,26021,Berrien,2011,2015,Hispanic (all races),10.5
26,Michigan,26021,Berrien,2011,2015,American Indian/Alaskan Native (includes Hispanic),
26,Michigan,26021,Berrien,2011,2015,White (includes Hispanic),7.2
26,Michigan,26021,Berrien,2012,2016,Asian/Pacific Islander (includes Hispanic),4.6
26,Michigan,26021,Berrien,2012,2016,Black (includes Hispanic),11.0
26,Michigan,26021,Berrien,2012,2016,Hispanic (all races),10.4
26,Michigan,26021,Berrien,2012,2016,American Indian/Alaskan Native (includes Hispanic),
26,Michigan,26021,Berrien,2012,2016,White (includes Hispanic),7.1
26,Michigan,26021,Berrien,2013,2017,Asian/Pacific Islander (includes Hispanic),5.1
26,Michigan,26021,Berrien,2013,2017,Black (includes Hispanic),11.1
26,Michigan,26021,Berrien,2013,2017,Hispanic (all races),10.7
26,Michigan,26021,Berrien,2013,2017,American Indian/Alaskan Native (includes Hispanic),
26,Michigan,26021,Berrien,2013,2017,White (includes Hispanic),7.5
26,Michigan,26021,Berrien,2014,2018,Asian/Pacific Islander (includes Hispanic),5.7
26,Michigan,26021,Berrien,2014,2018,Black (includes Hispanic),10.9
26,Michigan,26021,Berrien,2014,2018,Hispanic (all races),10.9
26,Michigan,26021,Berrien,2014,2018,American Indian/Alaskan Native (includes Hispanic),
26,Michigan,26021,Berrien,2014,2018,White (includes Hispanic),7.4
26,Michigan,26021,Berrien,2015,2019,Asian/Pacific Islander (includes Hispanic),5.9
26,Michigan,26021,Berrien,2015,2019,Black (includes Hispanic),10.3
26,Michigan,26021,Berrien,2015,2019,Hispanic (all races),10.7
26,Michigan,26021,Berrien,2015,2019,American Indian/Alaskan Native (includes Hispanic),
26,Michigan,26021,Berrien,2015,2019,White (includes Hispanic),7.2
26,Michigan,26021,Berrien,2016,2020,Asian/Pacific Islander (includes Hispanic),5.5
26,Michigan,26021,Berrien,2016,2020,Black (includes Hispanic),10.1
26,Michigan,26021,Berrien,2016,2020,Hispanic (all races),10.4
26,Michigan,26021,Berrien,2016,2020,American Indian/Alaskan Native (includes Hispanic),
26,Michigan,26021,Berrien,2016,2020,White (includes Hispanic),6.9
26,Michigan,26023,Branch,2011,2015,Asian/Pacific Islander (includes Hispanic),
26,Michigan,26023,Branch,2011,2015,Black (includes Hispanic),
26,Michigan,26023,Branch,2011,2015,Hispanic (all races),
26,Michigan,26023,Branch,2011,2015,American Indian/Alaskan Native (includes Hispanic),
26,Michigan,26023,Branch,2011,2015,White (includes Hispanic),7.1
26,Michigan,26023,Branch,2012,2016,Asian/Pacific Islander (includes Hispanic),
26,Michigan,26023,Branch,2012,2016,Black (includes Hispanic),
26,Michigan,26023,Branch,2012,2016,Hispanic (all races),
26,Michigan,26023,Branch,2012,2016,American Indian/Alaskan Native (includes Hispanic),
26,Michigan,26023,Branch,2012,2016,White (includes Hispanic),7.3
26,Michigan,26023,Branch,2013,2017,Asian/Pacific Islander (includes Hispanic),
26,Michigan,26023,Branch,2013,2017,Black (includes Hispanic),
26,Michigan,26023,Branch,2013,2017,Hispanic (all races),
26,Michigan,26023,Branch,2013,2017,American Indian/Alaskan Native (includes Hispanic),
26,Michigan,26023,Branch,2013,2017,White (includes Hispanic),6.9
26,Michigan,26023,Branch,2014,2018,Asian/Pacific Islander (includes Hispanic),
26,Michigan,26023,Branch,2014,2018,Black (includes Hispanic),
26,Michigan,26023,Branch,2014,2018,Hispanic (all races),
26,Michigan,26023,Branch,2014,2018,American Indian/Alaskan Native (includes Hispanic),
26,Michigan,26023,Branch,2014,2018,White (includes Hispanic),6.7
26,Michigan,26023,Branch,2015,2019,Asian/Pacific Islander (includes Hispanic),
26,Michigan,26023,Branch,2015,2019,Black (includes Hispanic),
26,Michigan,26023,Branch,2015,2019,Hispanic (all races),
26,Michigan,26023,Branch,2015,2019,American Indian/Alaskan Native (includes Hispanic),
26,Michigan,26023,Branch,2015,2019,White (includes Hispanic),7.9
26,Michigan,26023,Branch,2016,2020,Asian/Pacific Islander (includes Hispanic),
26,Michigan,26023,Branch,2016,2020,Black (includes Hispanic),
26,Michigan,26023,Branch,2016,2020,Hispanic (all races),
26,Michigan,26023,Branch,2016,2020,American Indian/Alaskan Native (includes Hispanic),
26,Michigan,26023,Branch,2016,2020,White (includes Hispanic),7.5
26,Michigan,26025,Calhoun,2011,2015,Asian/Pacific Islander (includes Hispanic),
26,Michigan,26025,Calhoun,2011,2015,Black (includes Hispanic),
26,Michigan,26025,Calhoun,2011,2015,Hispanic (all races),
26,Michigan,26025,Calhoun,2011,2015,American Indian/Alaskan Native (includes Hispanic),
26,Michigan,26025,Calhoun,2011,2015,White (includes Hispanic),6.6
26,Michigan,26025,Calhoun,2012,2016,Asian/Pacific Islander (includes Hispanic),
26,Michigan,26025,Calhoun,2012,2016,Black (includes Hispanic),
26,Michigan,26025,Calhoun,2012,2016,Hispanic (all races),
26,Michigan,26025,Calhoun,2012,2016,American Indian/Alaskan Native (includes Hispanic),
26,Michigan,26025,Calhoun,2012,2016,White (includes Hispanic),7.2
26,Michigan,26025,Calhoun,2013,2017,Asian/Pacific Islander (includes Hispanic),
26,Michigan,26025,Calhoun,2013,2017,Black (includes Hispanic),
26,Michigan,26025,Calhoun,2013,2017,Hispanic (all races),
26,Michigan,26025,Calhoun,2013,2017,American Indian/Alaskan Native (includes Hispanic),
26,Michigan,26025,Calhoun,2013,2017,White (includes Hispanic),6.8
26,Michigan,26025,Calhoun,2014,2018,Asian/Pacific Islander (includes Hispanic),
26,Michigan,26025,Calhoun,2014,2018,Black (includes Hispanic),
26,Michigan,26025,Calhoun,2014,2018,Hispanic (all races),
26,Michigan,26025,Calhoun,2014,2018,American Indian/Alaskan Native (includes Hispanic),
26,Michigan,26025,Calhoun,2014,2018,White (includes Hispanic),6.6
26,Michigan,26025,Calhoun,2015,2019,Asian/Pacific Islander (includes Hispanic),
26,Michigan,26025,Calhoun,2015,2019,Black (includes Hispanic),
26,Michigan,26025,Calhoun,2015,2019,Hispanic (all races),
26,Michigan,26025,Calhoun,2015,2019,American Indian/Alaskan Native (includes Hispanic),
26,Michigan,26025,Calhoun,2015,2019,White (includes Hispanic),7.1
26,Michigan,26025,Calhoun,2016,2020,Asian/Pacific Islander (includes Hispanic),
26,Michigan,26025,Calhoun,2016,2020,Black (includes Hispanic),
26,Michigan,26025,Calhoun,2016,2020,Hispanic (all races),
26,Michigan,26025,Calhoun,2016,2020,American Indian/Alaskan Native (includes Hispanic),
26,Michigan,26025,Calhoun,2016,2020,White (includes Hispanic),6.9
26,Michigan,26027,Cass,2011,2015,Asian/Pacific Islander (includes Hispanic),
26,Michigan,26027,Cass,2011,2015,Black (includes Hispanic),10.4
26,Michigan,26027,Cass,2011,2015,Hispanic (all races),
26,Michigan,26027,Cass,2011,2015,American Indian/Alaskan Native (includes Hispanic),
26,Michigan,26027,Cass,2011,2015,White (includes Hispanic),7.1
26,Michigan,26027,Cass,2012,2016,Asian/Pacific Islander (includes Hispanic),
26,Michigan,26027,Cass,2012,2016,Black (includes Hispanic),8.7
26,Michigan,26027,Cass,2012,2016,Hispanic (all races),14.3
26,Michigan,26027,Cass,2012,2016,American Indian/Alaskan Native (includes Hispanic),
26,Michigan,26027,Cass,2012,2016,White (includes Hispanic),7.5
26,Michigan,26027,Cass,2013,2017,Asian/Pacific Islander (includes Hispanic),
26,Michigan,26027,Cass,2013,2017,Black (includes Hispanic),11.2
26,Michigan,26027,Cass,2013,2017,Hispanic (all races),12.3
26,Michigan,26027,Cass,2013,2017,American Indian/Alaskan Native (includes Hispanic),
26,Michigan,26027,Cass,2013,2017,White (includes Hispanic),7.7
26,Michigan,26027,Cass,2014,2018,Asian/Pacific Islander (includes Hispanic),
26,Michigan,26027,Cass,2014,2018,Black (includes Hispanic),11.5
26,Michigan,26027,Cass,2014,2018,Hispanic (all races),
26,Michigan,26027,Cass,2014,2018,American Indian/Alaskan Native (includes Hispanic),
26,Michigan,26027,Cass,2014,2018,White (includes Hispanic),7.5
26,Michigan,26027,Cass,2015,2019,Asian/Pacific Islander (includes Hispanic),
26,Michigan,26027,Cass,2015,2019,Black (includes Hispanic),10.2
26,Michigan,26027,Cass,2015,2019,Hispanic (all races),9.9
26,Michigan,26027,Cass,2015,2019,American Indian/Alaskan Native (includes Hispanic),
26,Michigan,26027,Cass,2015,2019,White (includes Hispanic),8.0
26,Michigan,26027,Cass,2016,2020,Asian/Pacific Islander (includes Hispanic),
26,Michigan,26027,Cass,2016,2020,Black (includes Hispanic),9.4
26,Michigan,26027,Cass,2016,2020,Hispanic (all races),
26,Michigan,26027,Cass,2016,2020,American Indian/Alaskan Native (includes Hispanic),
26,Michigan,26027,Cass,2016,2020,White (includes Hispanic),7.2
26,Michigan,26029,Charlevoix,2011,2015,Asian/Pacific Islander (includes Hispanic),
26,Michigan,26029,Charlevoix,2011,2015,Black (includes Hispanic),
26,Michigan,26029,Charlevoix,2011,2015,Hispanic (all races),
26,Michigan,26029,Charlevoix,2011,2015,American Indian/Alaskan Native (includes Hispanic),
26,Michigan,26029,Charlevoix,2011,2015,White (includes Hispanic),9.7
26,Michigan,26029,Charlevoix,2012,2016,Asian/Pacific Islander (includes Hispanic),
26,Michigan,26029,Charlevoix,2012,2016,Black (includes Hispanic),
26,Michigan,26029,Charlevoix,2012,2016,Hispanic (all races),
26,Michigan,26029,Charlevoix,2012,2016,American Indian/Alaskan Native (includes Hispanic),
26,Michigan,26029,Charlevoix,2012,2016,White (includes Hispanic),9.8
26,Michigan,26029,Charlevoix,2013,2017,Asian/Pacific Islander (includes Hispanic),
26,Michigan,26029,Charlevoix,2013,2017,Black (includes Hispanic),
26,Michigan,26029,Charlevoix,2013,2017,Hispanic (all races),
26,Michigan,26029,Charlevoix,2013,2017,American Indian/Alaskan Native (includes Hispanic),
26,Michigan,26029,Charlevoix,2013,2017,White (includes Hispanic),9.0
26,Michigan,26029,Charlevoix,2014,2018,Asian/Pacific Islander (includes Hispanic),
26,Michigan,26029,Charlevoix,2014,2018,Black (includes Hispanic),
26,Michigan,26029,Charlevoix,2014,2018,Hispanic (all races),
26,Michigan,26029,Charlevoix,2014,2018,American Indian/Alaskan Native (includes Hispanic),
26,Michigan,26029,Charlevoix,2014,2018,White (includes Hispanic),8.3
26,Michigan,26029,Charlevoix,2015,2019,Asian/Pacific Islander (includes Hispanic),
26,Michigan,26029,Charlevoix,2015,2019,Black (includes Hispanic),
26,Michigan,26029,Charlevoix,2015,2019,Hispanic (all races),
26,Michigan,26029,Charlevoix,2015,2019,American Indian/Alaskan Native (includes Hispanic),
26,Michigan,26029,Charlevoix,2015,2019,White (includes Hispanic),7.9
26,Michigan,26029,Charlevoix,2016,2020,Asian/Pacific Islander (includes Hispanic),
26,Michigan,26029,Charlevoix,2016,2020,Black (includes Hispanic),
26,Michigan,26029,Charlevoix,2016,2020,Hispanic (all races),
26,Michigan,26029,Charlevoix,2016,2020,American Indian/Alaskan Native (includes Hispanic),
26,Michigan,26029,Charlevoix,2016,2020,White (includes Hispanic),6.0
26,Michigan,26031,Cheboygan,2011,2015,Asian/Pacific Islander (includes Hispanic),
26,Michigan,26031,Cheboygan,2011,2015,Black (includes Hispanic),
26,Michigan,26031,Cheboygan,2011,2015,Hispanic (all races),
26,Michigan,26031,Cheboygan,2011,2015,American Indian/Alaskan Native (includes Hispanic),
26,Michigan,26031,Cheboygan,2011,2015,White (includes Hispanic),8.3
26,Michigan,26031,Cheboygan,2012,2016,Asian/Pacific Islander (includes Hispanic),
26,Michigan,26031,Cheboygan,2012,2016,Black (includes Hispanic),
26,Michigan,26031,Cheboygan,2012,2016,Hispanic (all races),
26,Michigan,26031,Cheboygan,2012,2016,American Indian/Alaskan Native (includes Hispanic),
26,Michigan,26031,Cheboygan,2012,2016,White (includes Hispanic),8.6
26,Michigan,26031,Cheboygan,2013,2017,Asian/Pacific Islander (includes Hispanic),
26,Michigan,26031,Cheboygan,2013,2017,Black (includes Hispanic),
26,Michigan,26031,Cheboygan,2013,2017,Hispanic (all races),
26,Michigan,26031,Cheboygan,2013,2017,American Indian/Alaskan Native (includes Hispanic),
26,Michigan,26031,Cheboygan,2013,2017,White (includes Hispanic),8.9
26,Michigan,26031,Cheboygan,2014,2018,Asian/Pacific Islander (includes Hispanic),
26,Michigan,26031,Cheboygan,2014,2018,Black (includes Hispanic),
26,Michigan,26031,Cheboygan,2014,2018,Hispanic (all races),
26,Michigan,26031,Cheboygan,2014,2018,American Indian/Alaskan Native (includes Hispanic),
26,Michigan,26031,Cheboygan,2014,2018,White (includes Hispanic),8.6
26,Michigan,26031,Cheboygan,2015,2019,Asian/Pacific Islander (includes Hispanic),
26,Michigan,26031,Cheboygan,2015,2019,Black (includes Hispanic),
26,Michigan,26031,Cheboygan,2015,2019,Hispanic (all races),
26,Michigan,26031,Cheboygan,2015,2019,American Indian/Alaskan Native (includes Hispanic),
26,Michigan,26031,Cheboygan,2015,2019,White (includes Hispanic),8.4
26,Michigan,26031,Cheboygan,2016,2020,Asian/Pacific Islander (includes Hispanic),
26,Michigan,26031,Cheboygan,2016,2020,Black (includes Hispanic),
26,Michigan,26031,Cheboygan,2016,2020,Hispanic (all races),
26,Michigan,26031,Cheboygan,2016,2020,American Indian/Alaskan Native (includes Hispanic),
26,Michigan,26031,Cheboygan,2016,2020,White (includes Hispanic),5.9
26,Michigan,26033,Chippewa,2011,2015,Asian/Pacific Islander (includes Hispanic),
26,Michigan,26033,Chippewa,2011,2015,Black (includes Hispanic),
26,Michigan,26033,Chippewa,2011,2015,Hispanic (all races),
26,Michigan,26033,Chippewa,2011,2015,American Indian/Alaskan Native (includes Hispanic),
26,Michigan,26033,Chippewa,2011,2015,White (includes Hispanic),
26,Michigan,26033,Chippewa,2012,2016,Asian/Pacific Islander (includes Hispanic),
26,Michigan,26033,Chippewa,2012,2016,Black (includes Hispanic),
26,Michigan,26033,Chippewa,2012,2016,Hispanic (all races),
26,Michigan,26033,Chippewa,2012,2016,American Indian/Alaskan Native (includes Hispanic),
26,Michigan,26033,Chippewa,2012,2016,White (includes Hispanic),
26,Michigan,26033,Chippewa,2013,2017,Asian/Pacific Islander (includes Hispanic),
26,Michigan,26033,Chippewa,2013,2017,Black (includes Hispanic),
26,Michigan,26033,Chippewa,2013,2017,Hispanic (all races),
26,Michigan,26033,Chippewa,2013,2017,American Indian/Alaskan Native (includes Hispanic),
26,Michigan,26033,Chippewa,2013,2017,White (includes Hispanic),
26,Michigan,26033,Chippewa,2014,2018,Asian/Pacific Islander (includes Hispanic),
26,Michigan,26033,Chippewa,2014,2018,Black (includes Hispanic),
26,Michigan,26033,Chippewa,2014,2018,Hispanic (all races),
26,Michigan,26033,Chippewa,2014,2018,American Indian/Alaskan Native (includes Hispanic),
26,Michigan,26033,Chippewa,2014,2018,White (includes Hispanic),
26,Michigan,26033,Chippewa,2015,2019,Asian/Pacific Islander (includes Hispanic),
26,Michigan,26033,Chippewa,2015,2019,Black (includes Hispanic),
26,Michigan,26033,Chippewa,2015,2019,Hispanic (all races),
26,Michigan,26033,Chippewa,2015,2019,American Indian/Alaskan Native (includes Hispanic),
26,Michigan,26033,Chippewa,2015,2019,White (includes Hispanic),
26,Michigan,26033,Chippewa,2016,2020,Asian/Pacific Islander (includes Hispanic),
26,Michigan,26033,Chippewa,2016,2020,Black (includes Hispanic),
26,Michigan,26033,Chippewa,2016,2020,Hispanic (all races),
26,Michigan,26033,Chippewa,2016,2020,American Indian/Alaskan Native (includes Hispanic),
26,Michigan,26033,Chippewa,2016,2020,White (includes Hispanic),
26,Michigan,26035,Clare,2011,2015,Asian/Pacific Islander (includes Hispanic),
26,Michigan,26035,Clare,2011,2015,Black (includes Hispanic),
26,Michigan,26035,Clare,2011,2015,Hispanic (all races),
26,Michigan,26035,Clare,2011,2015,American Indian/Alaskan Native (includes Hispanic),
26,Michigan,26035,Clare,2011,2015,White (includes Hispanic),5.2
26,Michigan,26035,Clare,2012,2016,Asian/Pacific Islander (includes Hispanic),
26,Michigan,26035,Clare,2012,2016,Black (includes Hispanic),
26,Michigan,26035,Clare,2012,2016,Hispanic (all races),
26,Michigan,26035,Clare,2012,2016,American Indian/Alaskan Native (includes Hispanic),
26,Michigan,26035,Clare,2012,2016,White (includes Hispanic),5.7
26,Michigan,26035,Clare,2013,2017,Asian/Pacific Islander (includes Hispanic),
26,Michigan,26035,Clare,2013,2017,Black (includes Hispanic),
26,Michigan,26035,Clare,2013,2017,Hispanic (all races),
26,Michigan,26035,Clare,2013,2017,American Indian/Alaskan Native (includes Hispanic),
26,Michigan,26035,Clare,2013,2017,White (includes Hispanic),6.2
26,Michigan,26035,Clare,2014,2018,Asian/Pacific Islander (includes Hispanic),
26,Michigan,26035,Clare,2014,2018,Black (includes Hispanic),
26,Michigan,26035,Clare,2014,2018,Hispanic (all races),
26,Michigan,26035,Clare,2014,2018,American Indian/Alaskan Native (includes Hispanic),
26,Michigan,26035,Clare,2014,2018,White (includes Hispanic),7.0
26,Michigan,26035,Clare,2015,2019,Asian/Pacific Islander (includes Hispanic),
26,Michigan,26035,Clare,2015,2019,Black (includes Hispanic),
26,Michigan,26035,Clare,2015,2019,Hispanic (all races),
26,Michigan,26035,Clare,2015,2019,American Indian/Alaskan Native (includes Hispanic),
26,Michigan,26035,Clare,2015,2019,White (includes Hispanic),7.5
26,Michigan,26035,Clare,2016,2020,Asian/Pacific Islander (includes Hispanic),
26,Michigan,26035,Clare,2016,2020,Black (includes Hispanic),
26,Michigan,26035,Clare,2016,2020,Hispanic (all races),
26,Michigan,26035,Clare,2016,2020,American Indian/Alaskan Native (includes Hispanic),
26,Michigan,26035,Clare,2016,2020,White (includes Hispanic),7.1
26,Michigan,26037,Clinton,2011,2015,Asian/Pacific Islander (includes Hispanic),
26,Michigan,26037,Clinton,2011,2015,Black (includes Hispanic),
26,Michigan,26037,Clinton,2011,2015,Hispanic (all races),
26,Michigan,26037,Clinton,2011,2015,American Indian/Alaskan Native (includes Hispanic),
26,Michigan,26037,Clinton,2011,2015,White (includes Hispanic),8.2
26,Michigan,26037,Clinton,2012,2016,Asian/Pacific Islander (includes Hispanic),
26,Michigan,26037,Clinton,2012,2016,Black (includes Hispanic),
26,Michigan,26037,Clinton,2012,2016,Hispanic (all races),
26,Michigan,26037,Clinton,2012,2016,American Indian/Alaskan Native (includes Hispanic),
26,Michigan,26037,Clinton,2012,2016,White (includes Hispanic),8.3
26,Michigan,26037,Clinton,2013,2017,Asian/Pacific Islander (includes Hispanic),
26,Michigan,26037,Clinton,2013,2017,Black (includes Hispanic),
26,Michigan,26037,Clinton,2013,2017,Hispanic (all races),
26,Michigan,26037,Clinton,2013,2017,American Indian/Alaskan Native (includes Hispanic),
26,Michigan,26037,Clinton,2013,2017,White (includes Hispanic),8.7
26,Michigan,26037,Clinton,2014,2018,Asian/Pacific Islander (includes Hispanic),
26,Michigan,26037,Clinton,2014,2018,Black (includes Hispanic),
26,Michigan,26037,Clinton,2014,2018,Hispanic (all races),
26,Michigan,26037,Clinton,2014,2018,American Indian/Alaskan Native (includes Hispanic),
26,Michigan,26037,Clinton,2014,2018,White (includes Hispanic),8.1
26,Michigan,26037,Clinton,2015,2019,Asian/Pacific Islander (includes Hispanic),
26,Michigan,26037,Clinton,2015,2019,Black (includes Hispanic),
26,Michigan,26037,Clinton,2015,2019,Hispanic (all races),
26,Michigan,26037,Clinton,2015,2019,American Indian/Alaskan Native (includes Hispanic),
26,Michigan,26037,Clinton,2015,2019,White (includes Hispanic),8.0
26,Michigan,26037,Clinton,2016,2020,Asian/Pacific Islander (includes Hispanic),
26,Michigan,26037,Clinton,2016,2020,Black (includes Hispanic),
26,Michigan,26037,Clinton,2016,2020,Hispanic (all races),
26,Michigan,26037,Clinton,2016,2020,American Indian/Alaskan Native (includes Hispanic),
26,Michigan,26037,Clinton,2016,2020,White (includes Hispanic),8.3
26,Michigan,26039,Crawford,2011,2015,Asian/Pacific Islander (includes Hispanic),
26,Michigan,26039,Crawford,2011,2015,Black (includes Hispanic),
26,Michigan,26039,Crawford,2011,2015,Hispanic (all races),
26,Michigan,26039,Crawford,2011,2015,American Indian/Alaskan Native (includes Hispanic),
26,Michigan,26039,Crawford,2011,2015,White (includes Hispanic),9.7
26,Michigan,26039,Crawford,2012,2016,Asian/Pacific Islander (includes Hispanic),
26,Michigan,26039,Crawford,2012,2016,Black (includes Hispanic),
26,Michigan,26039,Crawford,2012,2016,Hispanic (all races),
26,Michigan,26039,Crawford,2012,2016,American Indian/Alaskan Native (includes Hispanic),
26,Michigan,26039,Crawford,2012,2016,White (includes Hispanic),9.2
26,Michigan,26039,Crawford,2013,2017,Asian/Pacific Islander (includes Hispanic),
26,Michigan,26039,Crawford,2013,2017,Black (includes Hispanic),
26,Michigan,26039,Crawford,2013,2017,Hispanic (all races),
26,Michigan,26039,Crawford,2013,2017,American Indian/Alaskan Native (includes Hispanic),
26,Michigan,26039,Crawford,2013,2017,White (includes Hispanic),9.4
26,Michigan,26039,Crawford,2014,2018,Asian/Pacific Islander (includes Hispanic),
26,Michigan,26039,Crawford,2014,2018,Black (includes Hispanic),
26,Michigan,26039,Crawford,2014,2018,Hispanic (all races),
26,Michigan,26039,Crawford,2014,2018,American Indian/Alaskan Native (includes Hispanic),
26,Michigan,26039,Crawford,2014,2018,White (includes Hispanic),8.4
26,Michigan,26039,Crawford,2015,2019,Asian/Pacific Islander (includes Hispanic),
26,Michigan,26039,Crawford,2015,2019,Black (includes Hispanic),
26,Michigan,26039,Crawford,2015,2019,Hispanic (all races),
26,Michigan,26039,Crawford,2015,2019,American Indian/Alaskan Native (includes Hispanic),
26,Michigan,26039,Crawford,2015,2019,White (includes Hispanic),8.3
26,Michigan,26039,Crawford,2016,2020,Asian/Pacific Islander (includes Hispanic),
26,Michigan,26039,Crawford,2016,2020,Black (includes Hispanic),
26,Michigan,26039,Crawford,2016,2020,Hispanic (all races),
26,Michigan,26039,Crawford,2016,2020,American Indian/Alaskan Native (includes Hispanic),
26,Michigan,26039,Crawford,2016,2020,White (includes Hispanic),6.9
26,Michigan,26041,Delta,2011,2015,Asian/Pacific Islander (includes Hispanic),
26,Michigan,26041,Delta,2011,2015,Black (includes Hispanic),
26,Michigan,26041,Delta,2011,2015,Hispanic (all races),
26,Michigan,26041,Delta,2011,2015,American Indian/Alaskan Native (includes Hispanic),
26,Michigan,26041,Delta,2011,2015,White (includes Hispanic),8.0
26,Michigan,26041,Delta,2012,2016,Asian/Pacific Islander (includes Hispanic),
26,Michigan,26041,Delta,2012,2016,Black (includes Hispanic),
26,Michigan,26041,Delta,2012,2016,Hispanic (all races),
26,Michigan,26041,Delta,2012,2016,American Indian/Alaskan Native (includes Hispanic),
26,Michigan,26041,Delta,2012,2016,White (includes Hispanic),7.4
26,Michigan,26041,Delta,2013,2017,Asian/Pacific Islander (includes Hispanic),
26,Michigan,26041,Delta,2013,2017,Black (includes Hispanic),
26,Michigan,26041,Delta,2013,2017,Hispanic (all races),
26,Michigan,26041,Delta,2013,2017,American Indian/Alaskan Native (includes Hispanic),
26,Michigan,26041,Delta,2013,2017,White (includes Hispanic),7.4
26,Michigan,26041,Delta,2014,2018,Asian/Pacific Islander (includes Hispanic),
26,Michigan,26041,Delta,2014,2018,Black (includes Hispanic),
26,Michigan,26041,Delta,2014,2018,Hispanic (all races),
26,Michigan,26041,Delta,2014,2018,American Indian/Alaskan Native (includes Hispanic),
26,Michigan,26041,Delta,2014,2018,White (includes Hispanic),8.5
26,Michigan,26041,Delta,2015,2019,Asian/Pacific Islander (includes Hispanic),
26,Michigan,26041,Delta,2015,2019,Black (includes Hispanic),
26,Michigan,26041,Delta,2015,2019,Hispanic (all races),
26,Michigan,26041,Delta,2015,2019,American Indian/Alaskan Native (includes Hispanic),
26,Michigan,26041,Delta,2015,2019,White (includes Hispanic),7.7
26,Michigan,26041,Delta,2016,2020,Asian/Pacific Islander (includes Hispanic),
26,Michigan,26041,Delta,2016,2020,Black (includes Hispanic),
26,Michigan,26041,Delta,2016,2020,Hispanic (all races),
26,Michigan,26041,Delta,2016,2020,American Indian/Alaskan Native (includes Hispanic),
26,Michigan,26041,Delta,2016,2020,White (includes Hispanic),7.1
26,Michigan,26043,Dickinson,2011,2015,Asian/Pacific Islander (includes Hispanic),
26,Michigan,26043,Dickinson,2011,2015,Black (includes Hispanic),
26,Michigan,26043,Dickinson,2011,2015,Hispanic (all races),
26,Michigan,26043,Dickinson,2011,2015,American Indian/Alaskan Native (includes Hispanic),
26,Michigan,26043,Dickinson,2011,2015,White (includes Hispanic),7.8
26,Michigan,26043,Dickinson,2012,2016,Asian/Pacific Islander (includes Hispanic),
26,Michigan,26043,Dickinson,2012,2016,Black (includes Hispanic),
26,Michigan,26043,Dickinson,2012,2016,Hispanic (all races),
26,Michigan,26043,Dickinson,2012,2016,American Indian/Alaskan Native (includes Hispanic),
26,Michigan,26043,Dickinson,2012,2016,White (includes Hispanic),8.6
26,Michigan,26043,Dickinson,2013,2017,Asian/Pacific Islander (includes Hispanic),
26,Michigan,26043,Dickinson,2013,2017,Black (includes Hispanic),
26,Michigan,26043,Dickinson,2013,2017,Hispanic (all races),
26,Michigan,26043,Dickinson,2013,2017,American Indian/Alaskan Native (includes Hispanic),
26,Michigan,26043,Dickinson,2013,2017,White (includes Hispanic),9.8
26,Michigan,26043,Dickinson,2014,2018,Asian/Pacific Islander (includes Hispanic),
26,Michigan,26043,Dickinson,2014,2018,Black (includes Hispanic),
26,Michigan,26043,Dickinson,2014,2018,Hispanic (all races),
26,Michigan,26043,Dickinson,2014,2018,American Indian/Alaskan Native (includes Hispanic),
26,Michigan,26043,Dickinson,2014,2018,White (includes Hispanic),11.4
26,Michigan,26043,Dickinson,2015,2019,Asian/Pacific Islander (includes Hispanic),
26,Michigan,26043,Dickinson,2015,2019,Black (includes Hispanic),
26,Michigan,26043,Dickinson,2015,2019,Hispanic (all races),
26,Michigan,26043,Dickinson,2015,2019,American Indian/Alaskan Native (includes Hispanic),
26,Michigan,26043,Dickinson,2015,2019,White (includes Hispanic),11.4
26,Michigan,26043,Dickinson,2016,2020,Asian/Pacific Islander (includes Hispanic),
26,Michigan,26043,Dickinson,2016,2020,Black (includes Hispanic),
26,Michigan,26043,Dickinson,2016,2020,Hispanic (all races),
26,Michigan,26043,Dickinson,2016,2020,American Indian/Alaskan Native (includes Hispanic),
26,Michigan,26043,Dickinson,2016,2020,White (includes Hispanic),8.9
26,Michigan,26045,Eaton,2011,2015,Asian/Pacific Islander (includes Hispanic),
26,Michigan,26045,Eaton,2011,2015,Black (includes Hispanic),
26,Michigan,26045,Eaton,2011,2015,Hispanic (all races),
26,Michigan,26045,Eaton,2011,2015,American Indian/Alaskan Native (includes Hispanic),
26,Michigan,26045,Eaton,2011,2015,White (includes Hispanic),7.9
26,Michigan,26045,Eaton,2012,2016,Asian/Pacific Islander (includes Hispanic),
26,Michigan,26045,Eaton,2012,2016,Black (includes Hispanic),
26,Michigan,26045,Eaton,2012,2016,Hispanic (all races),
26,Michigan,26045,Eaton,2012,2016,American Indian/Alaskan Native (includes Hispanic),
26,Michigan,26045,Eaton,2012,2016,White (includes Hispanic),8.1
26,Michigan,26045,Eaton,2013,2017,Asian/Pacific Islander (includes Hispanic),
26,Michigan,26045,Eaton,2013,2017,Black (includes Hispanic),
26,Michigan,26045,Eaton,2013,2017,Hispanic (all races),
26,Michigan,26045,Eaton,2013,2017,American Indian/Alaskan Native (includes Hispanic),
26,Michigan,26045,Eaton,2013,2017,White (includes Hispanic),8.0
26,Michigan,26045,Eaton,2014,2018,Asian/Pacific Islander (includes Hispanic),
26,Michigan,26045,Eaton,2014,2018,Black (includes Hispanic),
26,Michigan,26045,Eaton,2014,2018,Hispanic (all races),
26,Michigan,26045,Eaton,2014,2018,American Indian/Alaskan Native (includes Hispanic),
26,Michigan,26045,Eaton,2014,2018,White (includes Hispanic),7.4
26,Michigan,26045,Eaton,2015,2019,Asian/Pacific Islander (includes Hispanic),
26,Michigan,26045,Eaton,2015,2019,Black (includes Hispanic),
26,Michigan,26045,Eaton,2015,2019,Hispanic (all races),
26,Michigan,26045,Eaton,2015,2019,American Indian/Alaskan Native (includes Hispanic),
26,Michigan,26045,Eaton,2015,2019,White (includes Hispanic),7.3
26,Michigan,26045,Eaton,2016,2020,Asian/Pacific Islander (includes Hispanic),
26,Michigan,26045,Eaton,2016,2020,Black (includes Hispanic),
26,Michigan,26045,Eaton,2016,2020,Hispanic (all races),
26,Michigan,26045,Eaton,2016,2020,American Indian/Alaskan Native (includes Hispanic),
26,Michigan,26045,Eaton,2016,2020,White (includes Hispanic),7.1
26,Michigan,26047,Emmet,2011,2015,Asian/Pacific Islander (includes Hispanic),
26,Michigan,26047,Emmet,2011,2015,Black (includes Hispanic),
26,Michigan,26047,Emmet,2011,2015,Hispanic (all races),
26,Michigan,26047,Emmet,2011,2015,American Indian/Alaskan Native (includes Hispanic),
26,Michigan,26047,Emmet,2011,2015,White (includes Hispanic),9.9
26,Michigan,26047,Emmet,2012,2016,Asian/Pacific Islander (includes Hispanic),
26,Michigan,26047,Emmet,2012,2016,Black (includes Hispanic),
26,Michigan,26047,Emmet,2012,2016,Hispanic (all races),
26,Michigan,26047,Emmet,2012,2016,American Indian/Alaskan Native (includes Hispanic),
26,Michigan,26047,Emmet,2012,2016,White (includes Hispanic),9.6
26,Michigan,26047,Emmet,2013,2017,Asian/Pacific Islander (includes Hispanic),
26,Michigan,26047,Emmet,2013,2017,Black (includes Hispanic),
26,Michigan,26047,Emmet,2013,2017,Hispanic (all races),
26,Michigan,26047,Emmet,2013,2017,American Indian/Alaskan Native (includes Hispanic),
26,Michigan,26047,Emmet,2013,2017,White (includes Hispanic),9.8
26,Michigan,26047,Emmet,2014,2018,Asian/Pacific Islander (includes Hispanic),
26,Michigan,26047,Emmet,2014,2018,Black (includes Hispanic),
26,Michigan,26047,Emmet,2014,2018,Hispanic (all races),
26,Michigan,26047,Emmet,2014,2018,American Indian/Alaskan Native (includes Hispanic),
26,Michigan,26047,Emmet,2014,2018,White (includes Hispanic),9.1
26,Michigan,26047,Emmet,2015,2019,Asian/Pacific Islander (includes Hispanic),
26,Michigan,26047,Emmet,2015,2019,Black (includes Hispanic),
26,Michigan,26047,Emmet,2015,2019,Hispanic (all races),
26,Michigan,26047,Emmet,2015,2019,American Indian/Alaskan Native (includes Hispanic),
26,Michigan,26047,Emmet,2015,2019,White (includes Hispanic),8.3
26,Michigan,26047,Emmet,2016,2020,Asian/Pacific Islander (includes Hispanic),
26,Michigan,26047,Emmet,2016,2020,Black (includes Hispanic),
26,Michigan,26047,Emmet,2016,2020,Hispanic (all races),
26,Michigan,26047,Emmet,2016,2020,American Indian/Alaskan Native (includes Hispanic),
26,Michigan,26047,Emmet,2016,2020,White (includes Hispanic),
26,Michigan,26049,Genesee,2011,2015,Asian/Pacific Islander (includes Hispanic),
26,Michigan,26049,Genesee,2011,2015,Black (includes Hispanic),5.6
26,Michigan,26049,Genesee,2011,2015,Hispanic (all races),
26,Michigan,26049,Genesee,2011,2015,American Indian/Alaskan Native (includes Hispanic),
26,Michigan,26049,Genesee,2011,2015,White (includes Hispanic),6.7
26,Michigan,26049,Genesee,2012,2016,Asian/Pacific Islander (includes Hispanic),
26,Michigan,26049,Genesee,2012,2016,Black (includes Hispanic),6.3
26,Michigan,26049,Genesee,2012,2016,Hispanic (all races),11.7
26,Michigan,26049,Genesee,2012,2016,American Indian/Alaskan Native (includes Hispanic),
26,Michigan,26049,Genesee,2012,2016,White (includes Hispanic),6.6
26,Michigan,26049,Genesee,2013,2017,Asian/Pacific Islander (includes Hispanic),
26,Michigan,26049,Genesee,2013,2017,Black (includes Hispanic),6.5
26,Michigan,26049,Genesee,2013,2017,Hispanic (all races),10.4
26,Michigan,26049,Genesee,2013,2017,American Indian/Alaskan Native (includes Hispanic),
26,Michigan,26049,Genesee,2013,2017,White (includes Hispanic),6.6
26,Michigan,26049,Genesee,2014,2018,Asian/Pacific Islander (includes Hispanic),
26,Michigan,26049,Genesee,2014,2018,Black (includes Hispanic),6.5
26,Michigan,26049,Genesee,2014,2018,Hispanic (all races),10.5
26,Michigan,26049,Genesee,2014,2018,American Indian/Alaskan Native (includes Hispanic),
26,Michigan,26049,Genesee,2014,2018,White (includes Hispanic),6.6
26,Michigan,26049,Genesee,2015,2019,Asian/Pacific Islander (includes Hispanic),
26,Michigan,26049,Genesee,2015,2019,Black (includes Hispanic),6.7
26,Michigan,26049,Genesee,2015,2019,Hispanic (all races),9.9
26,Michigan,26049,Genesee,2015,2019,American Indian/Alaskan Native (includes Hispanic),
26,Michigan,26049,Genesee,2015,2019,White (includes Hispanic),6.3
26,Michigan,26049,Genesee,2016,2020,Asian/Pacific Islander (includes Hispanic),
26,Michigan,26049,Genesee,2016,2020,Black (includes Hispanic),6.8
26,Michigan,26049,Genesee,2016,2020,Hispanic (all races),9.6
26,Michigan,26049,Genesee,2016,2020,American Indian/Alaskan Native (includes Hispanic),
26,Michigan,26049,Genesee,2016,2020,White (includes Hispanic),6.2
26,Michigan,26051,Gladwin,2011,2015,Asian/Pacific Islander (includes Hispanic),
26,Michigan,26051,Gladwin,2011,2015,Black (includes Hispanic),
26,Michigan,26051,Gladwin,2011,2015,Hispanic (all races),
26,Michigan,26051,Gladwin,2011,2015,American Indian/Alaskan Native (includes Hispanic),
26,Michigan,26051,Gladwin,2011,2015,White (includes Hispanic),6.5
26,Michigan,26051,Gladwin,2012,2016,Asian/Pacific Islander (includes Hispanic),
26,Michigan,26051,Gladwin,2012,2016,Black (includes Hispanic),
26,Michigan,26051,Gladwin,2012,2016,Hispanic (all races),
26,Michigan,26051,Gladwin,2012,2016,American Indian/Alaskan Native (includes Hispanic),
26,Michigan,26051,Gladwin,2012,2016,White (includes Hispanic),6.8
26,Michigan,26051,Gladwin,2013,2017,Asian/Pacific Islander (includes Hispanic),
26,Michigan,26051,Gladwin,2013,2017,Black (includes Hispanic),
26,Michigan,26051,Gladwin,2013,2017,Hispanic (all races),
26,Michigan,26051,Gladwin,2013,2017,American Indian/Alaskan Native (includes Hispanic),
26,Michigan,26051,Gladwin,2013,2017,White (includes Hispanic),7.5
26,Michigan,26051,Gladwin,2014,2018,Asian/Pacific Islander (includes Hispanic),
26,Michigan,26051,Gladwin,2014,2018,Black (includes Hispanic),
26,Michigan,26051,Gladwin,2014,2018,Hispanic (all races),
26,Michigan,26051,Gladwin,2014,2018,American Indian/Alaskan Native (includes Hispanic),
26,Michigan,26051,Gladwin,2014,2018,White (includes Hispanic),7.7
26,Michigan,26051,Gladwin,2015,2019,Asian/Pacific Islander (includes Hispanic),
26,Michigan,26051,Gladwin,2015,2019,Black (includes Hispanic),
26,Michigan,26051,Gladwin,2015,2019,Hispanic (all races),
26,Michigan,26051,Gladwin,2015,2019,American Indian/Alaskan Native (includes Hispanic),
26,Michigan,26051,Gladwin,2015,2019,White (includes Hispanic),8.0
26,Michigan,26051,Gladwin,2016,2020,Asian/Pacific Islander (includes Hispanic),
26,Michigan,26051,Gladwin,2016,2020,Black (includes Hispanic),
26,Michigan,26051,Gladwin,2016,2020,Hispanic (all races),
26,Michigan,26051,Gladwin,2016,2020,American Indian/Alaskan Native (includes Hispanic),
26,Michigan,26051,Gladwin,2016,2020,White (includes Hispanic),6.8
26,Michigan,26053,Gogebic,2011,2015,Asian/Pacific Islander (includes Hispanic),
26,Michigan,26053,Gogebic,2011,2015,Black (includes Hispanic),
26,Michigan,26053,Gogebic,2011,2015,Hispanic (all races),
26,Michigan,26053,Gogebic,2011,2015,American Indian/Alaskan Native (includes Hispanic),
26,Michigan,26053,Gogebic,2011,2015,White (includes Hispanic),
26,Michigan,26053,Gogebic,2012,2016,Asian/Pacific Islander (includes Hispanic),
26,Michigan,26053,Gogebic,2012,2016,Black (includes Hispanic),
26,Michigan,26053,Gogebic,2012,2016,Hispanic (all races),
26,Michigan,26053,Gogebic,2012,2016,American Indian/Alaskan Native (includes Hispanic),
26,Michigan,26053,Gogebic,2012,2016,White (includes Hispanic),
26,Michigan,26053,Gogebic,2013,2017,Asian/Pacific Islander (includes Hispanic),
26,Michigan,26053,Gogebic,2013,2017,Black (includes Hispanic),
26,Michigan,26053,Gogebic,2013,2017,Hispanic (all races),
26,Michigan,26053,Gogebic,2013,2017,American Indian/Alaskan Native (includes Hispanic),
26,Michigan,26053,Gogebic,2013,2017,White (includes Hispanic),
26,Michigan,26053,Gogebic,2014,2018,Asian/Pacific Islander (includes Hispanic),
26,Michigan,26053,Gogebic,2014,2018,Black (includes Hispanic),
26,Michigan,26053,Gogebic,2014,2018,Hispanic (all races),
26,Michigan,26053,Gogebic,2014,2018,American Indian/Alaskan Native (includes Hispanic),
26,Michigan,26053,Gogebic,2014,2018,White (includes Hispanic),
26,Michigan,26053,Gogebic,2015,2019,Asian/Pacific Islander (includes Hispanic),
26,Michigan,26053,Gogebic,2015,2019,Black (includes Hispanic),
26,Michigan,26053,Gogebic,2015,2019,Hispanic (all races),
26,Michigan,26053,Gogebic,2015,2019,American Indian/Alaskan Native (includes Hispanic),
26,Michigan,26053,Gogebic,2015,2019,White (includes Hispanic),
26,Michigan,26053,Gogebic,2016,2020,Asian/Pacific Islander (includes Hispanic),
26,Michigan,26053,Gogebic,2016,2020,Black (includes Hispanic),
26,Michigan,26053,Gogebic,2016,2020,Hispanic (all races),
26,Michigan,26053,Gogebic,2016,2020,American Indian/Alaskan Native (includes Hispanic),
26,Michigan,26053,Gogebic,2016,2020,White (includes Hispanic),
26,Michigan,26055,Grand Traverse,2011,2015,Asian/Pacific Islander (includes Hispanic),
26,Michigan,26055,Grand Traverse,2011,2015,Black (includes Hispanic),
26,Michigan,26055,Grand Traverse,2011,2015,Hispanic (all races),
26,Michigan,26055,Grand Traverse,2011,2015,American Indian/Alaskan Native (includes Hispanic),
26,Michigan,26055,Grand Traverse,2011,2015,White (includes Hispanic),7.1
26,Michigan,26055,Grand Traverse,2012,2016,Asian/Pacific Islander (includes Hispanic),
26,Michigan,26055,Grand Traverse,2012,2016,Black (includes Hispanic),
26,Michigan,26055,Grand Traverse,2012,2016,Hispanic (all races),
26,Michigan,26055,Grand Traverse,2012,2016,American Indian/Alaskan Native (includes Hispanic),
26,Michigan,26055,Grand Traverse,2012,2016,White (includes Hispanic),7.7
26,Michigan,26055,Grand Traverse,2013,2017,Asian/Pacific Islander (includes Hispanic),
26,Michigan,26055,Grand Traverse,2013,2017,Black (includes Hispanic),
26,Michigan,26055,Grand Traverse,2013,2017,Hispanic (all races),
26,Michigan,26055,Grand Traverse,2013,2017,American Indian/Alaskan Native (includes Hispanic),
26,Michigan,26055,Grand Traverse,2013,2017,White (includes Hispanic),7.4
26,Michigan,26055,Grand Traverse,2014,2018,Asian/Pacific Islander (includes Hispanic),
26,Michigan,26055,Grand Traverse,2014,2018,Black (includes Hispanic),
26,Michigan,26055,Grand Traverse,2014,2018,Hispanic (all races),
26,Michigan,26055,Grand Traverse,2014,2018,American Indian/Alaskan Native (includes Hispanic),
26,Michigan,26055,Grand Traverse,2014,2018,White (includes Hispanic),7.5
26,Michigan,26055,Grand Traverse,2015,2019,Asian/Pacific Islander (includes Hispanic),
26,Michigan,26055,Grand Traverse,2015,2019,Black (includes Hispanic),
26,Michigan,26055,Grand Traverse,2015,2019,Hispanic (all races),
26,Michigan,26055,Grand Traverse,2015,2019,American Indian/Alaskan Native (includes Hispanic),
26,Michigan,26055,Grand Traverse,2015,2019,White (includes Hispanic),7.4
26,Michigan,26055,Grand Traverse,2016,2020,Asian/Pacific Islander (includes Hispanic),
26,Michigan,26055,Grand Traverse,2016,2020,Black (includes Hispanic),
26,Michigan,26055,Grand Traverse,2016,2020,Hispanic (all races),
26,Michigan,26055,Grand Traverse,2016,2020,American Indian/Alaskan Native (includes Hispanic),
26,Michigan,26055,Grand Traverse,2016,2020,White (includes Hispanic),8.1
26,Michigan,26057,Gratiot,2011,2015,Asian/Pacific Islander (includes Hispanic),
26,Michigan,26057,Gratiot,2011,2015,Black (includes Hispanic),
26,Michigan,26057,Gratiot,2011,2015,Hispanic (all races),
26,Michigan,26057,Gratiot,2011,2015,American Indian/Alaskan Native (includes Hispanic),
26,Michigan,26057,Gratiot,2011,2015,White (includes Hispanic),6.8
26,Michigan,26057,Gratiot,2012,2016,Asian/Pacific Islander (includes Hispanic),
26,Michigan,26057,Gratiot,2012,2016,Black (includes Hispanic),
26,Michigan,26057,Gratiot,2012,2016,Hispanic (all races),
26,Michigan,26057,Gratiot,2012,2016,American Indian/Alaskan Native (includes Hispanic),
26,Michigan,26057,Gratiot,2012,2016,White (includes Hispanic),7.4
26,Michigan,26057,Gratiot,2013,2017,Asian/Pacific Islander (includes Hispanic),
26,Michigan,26057,Gratiot,2013,2017,Black (includes Hispanic),
26,Michigan,26057,Gratiot,2013,2017,Hispanic (all races),
26,Michigan,26057,Gratiot,2013,2017,American Indian/Alaskan Native (includes Hispanic),
26,Michigan,26057,Gratiot,2013,2017,White (includes Hispanic),7.4
26,Michigan,26057,Gratiot,2014,2018,Asian/Pacific Islander (includes Hispanic),
26,Michigan,26057,Gratiot,2014,2018,Black (includes Hispanic),
26,Michigan,26057,Gratiot,2014,2018,Hispanic (all races),
26,Michigan,26057,Gratiot,2014,2018,American Indian/Alaskan Native (includes Hispanic),
26,Michigan,26057,Gratiot,2014,2018,White (includes Hispanic),7.7
26,Michigan,26057,Gratiot,2015,2019,Asian/Pacific Islander (includes Hispanic),
26,Michigan,26057,Gratiot,2015,2019,Black (includes Hispanic),
26,Michigan,26057,Gratiot,2015,2019,Hispanic (all races),
26,Michigan,26057,Gratiot,2015,2019,American Indian/Alaskan Native (includes Hispanic),
26,Michigan,26057,Gratiot,2015,2019,White (includes Hispanic),7.8
26,Michigan,26057,Gratiot,2016,2020,Asian/Pacific Islander (includes Hispanic),
26,Michigan,26057,Gratiot,2016,2020,Black (includes Hispanic),
26,Michigan,26057,Gratiot,2016,2020,Hispanic (all races),
26,Michigan,26057,Gratiot,2016,2020,American Indian/Alaskan Native (includes Hispanic),
26,Michigan,26057,Gratiot,2016,2020,White (includes Hispanic),7.7
26,Michigan,26059,Hillsdale,2011,2015,Asian/Pacific Islander (includes Hispanic),
26,Michigan,26059,Hillsdale,2011,2015,Black (includes Hispanic),
26,Michigan,26059,Hillsdale,2011,2015,Hispanic (all races),
26,Michigan,26059,Hillsdale,2011,2015,American Indian/Alaskan Native (includes Hispanic),
26,Michigan,26059,Hillsdale,2011,2015,White (includes Hispanic),7.2
26,Michigan,26059,Hillsdale,2012,2016,Asian/Pacific Islander (includes Hispanic),
26,Michigan,26059,Hillsdale,2012,2016,Black (includes Hispanic),
26,Michigan,26059,Hillsdale,2012,2016,Hispanic (all races),
26,Michigan,26059,Hillsdale,2012,2016,American Indian/Alaskan Native (includes Hispanic),
26,Michigan,26059,Hillsdale,2012,2016,White (includes Hispanic),7.6
26,Michigan,26059,Hillsdale,2013,2017,Asian/Pacific Islander (includes Hispanic),
26,Michigan,26059,Hillsdale,2013,2017,Black (includes Hispanic),
26,Michigan,26059,Hillsdale,2013,2017,Hispanic (all races),
26,Michigan,26059,Hillsdale,2013,2017,American Indian/Alaskan Native (includes Hispanic),
26,Michigan,26059,Hillsdale,2013,2017,White (includes Hispanic),7.2
26,Michigan,26059,Hillsdale,2014,2018,Asian/Pacific Islander (includes Hispanic),
26,Michigan,26059,Hillsdale,2014,2018,Black (includes Hispanic),
26,Michigan,26059,Hillsdale,2014,2018,Hispanic (all races),
26,Michigan,26059,Hillsdale,2014,2018,American Indian/Alaskan Native (includes Hispanic),
26,Michigan,26059,Hillsdale,2014,2018,White (includes Hispanic),7.2
26,Michigan,26059,Hillsdale,2015,2019,Asian/Pacific Islander (includes Hispanic),
26,Michigan,26059,Hillsdale,2015,2019,Black (includes Hispanic),
26,Michigan,26059,Hillsdale,2015,2019,Hispanic (all races),
26,Michigan,26059,Hillsdale,2015,2019,American Indian/Alaskan Native (includes Hispanic),
26,Michigan,26059,Hillsdale,2015,2019,White (includes Hispanic),8.0
26,Michigan,26059,Hillsdale,2016,2020,Asian/Pacific Islander (includes Hispanic),
26,Michigan,26059,Hillsdale,2016,2020,Black (includes Hispanic),
26,Michigan,26059,Hillsdale,2016,2020,Hispanic (all races),
26,Michigan,26059,Hillsdale,2016,2020,American Indian/Alaskan Native (includes Hispanic),
26,Michigan,26059,Hillsdale,2016,2020,White (includes Hispanic),7.5
26,Michigan,26061,Houghton,2011,2015,Asian/Pacific Islander (includes Hispanic),
26,Michigan,26061,Houghton,2011,2015,Black (includes Hispanic),
26,Michigan,26061,Houghton,2011,2015,Hispanic (all races),
26,Michigan,26061,Houghton,2011,2015,American Indian/Alaskan Native (includes Hispanic),
26,Michigan,26061,Houghton,2011,2015,White (includes Hispanic),
26,Michigan,26061,Houghton,2012,2016,Asian/Pacific Islander (includes Hispanic),
26,Michigan,26061,Houghton,2012,2016,Black (includes Hispanic),
26,Michigan,26061,Houghton,2012,2016,Hispanic (all races),
26,Michigan,26061,Houghton,2012,2016,American Indian/Alaskan Native (includes Hispanic),
26,Michigan,26061,Houghton,2012,2016,White (includes Hispanic),
26,Michigan,26061,Houghton,2013,2017,Asian/Pacific Islander (includes Hispanic),
26,Michigan,26061,Houghton,2013,2017,Black (includes Hispanic),
26,Michigan,26061,Houghton,2013,2017,Hispanic (all races),
26,Michigan,26061,Houghton,2013,2017,American Indian/Alaskan Native (includes Hispanic),
26,Michigan,26061,Houghton,2013,2017,White (includes Hispanic),
26,Michigan,26061,Houghton,2014,2018,Asian/Pacific Islander (includes Hispanic),
26,Michigan,26061,Houghton,2014,2018,Black (includes Hispanic),
26,Michigan,26061,Houghton,2014,2018,Hispanic (all races),
26,Michigan,26061,Houghton,2014,2018,American Indian/Alaskan Native (includes Hispanic),
26,Michigan,26061,Houghton,2014,2018,White (includes Hispanic),7.0
26,Michigan,26061,Houghton,2015,2019,Asian/Pacific Islander (includes Hispanic),
26,Michigan,26061,Houghton,2015,2019,Black (includes Hispanic),
26,Michigan,26061,Houghton,2015,2019,Hispanic (all races),
26,Michigan,26061,Houghton,2015,2019,American Indian/Alaskan Native (includes Hispanic),
26,Michigan,26061,Houghton,2015,2019,White (includes Hispanic),7.6
26,Michigan,26061,Houghton,2016,2020,Asian/Pacific Islander (includes Hispanic),
26,Michigan,26061,Houghton,2016,2020,Black (includes Hispanic),
26,Michigan,26061,Houghton,2016,2020,Hispanic (all races),
26,Michigan,26061,Houghton,2016,2020,American Indian/Alaskan Native (includes Hispanic),
26,Michigan,26061,Houghton,2016,2020,White (includes Hispanic),5.8
26,Michigan,26063,Huron,2011,2015,Asian/Pacific Islander (includes Hispanic),
26,Michigan,26063,Huron,2011,2015,Black (includes Hispanic),
26,Michigan,26063,Huron,2011,2015,Hispanic (all races),
26,Michigan,26063,Huron,2011,2015,American Indian/Alaskan Native (includes Hispanic),
26,Michigan,26063,Huron,2011,2015,White (includes Hispanic),6.2
26,Michigan,26063,Huron,2012,2016,Asian/Pacific Islander (includes Hispanic),
26,Michigan,26063,Huron,2012,2016,Black (includes Hispanic),
26,Michigan,26063,Huron,2012,2016,Hispanic (all races),
26,Michigan,26063,Huron,2012,2016,American Indian/Alaskan Native (includes Hispanic),
26,Michigan,26063,Huron,2012,2016,White (includes Hispanic),7.0
26,Michigan,26063,Huron,2013,2017,Asian/Pacific Islander (includes Hispanic),
26,Michigan,26063,Huron,2013,2017,Black (includes Hispanic),
26,Michigan,26063,Huron,2013,2017,Hispanic (all races),
26,Michigan,26063,Huron,2013,2017,American Indian/Alaskan Native (includes Hispanic),
26,Michigan,26063,Huron,2013,2017,White (includes Hispanic),7.1
26,Michigan,26063,Huron,2014,2018,Asian/Pacific Islander (includes Hispanic),
26,Michigan,26063,Huron,2014,2018,Black (includes Hispanic),
26,Michigan,26063,Huron,2014,2018,Hispanic (all races),
26,Michigan,26063,Huron,2014,2018,American Indian/Alaskan Native (includes Hispanic),
26,Michigan,26063,Huron,2014,2018,White (includes Hispanic),7.4
26,Michigan,26063,Huron,2015,2019,Asian/Pacific Islander (includes Hispanic),
26,Michigan,26063,Huron,2015,2019,Black (includes Hispanic),
26,Michigan,26063,Huron,2015,2019,Hispanic (all races),
26,Michigan,26063,Huron,2015,2019,American Indian/Alaskan Native (includes Hispanic),
26,Michigan,26063,Huron,2015,2019,White (includes Hispanic),7.2
26,Michigan,26063,Huron,2016,2020,Asian/Pacific Islander (includes Hispanic),
26,Michigan,26063,Huron,2016,2020,Black (includes Hispanic),
26,Michigan,26063,Huron,2016,2020,Hispanic (all races),
26,Michigan,26063,Huron,2016,2020,American Indian/Alaskan Native (includes Hispanic),
26,Michigan,26063,Huron,2016,2020,White (includes Hispanic),7.1
26,Michigan,26065,Ingham,2011,2015,Asian/Pacific Islander (includes Hispanic),
26,Michigan,26065,Ingham,2011,2015,Black (includes Hispanic),
26,Michigan,26065,Ingham,2011,2015,Hispanic (all races),
26,Michigan,26065,Ingham,2011,2015,American Indian/Alaskan Native (includes Hispanic),
26,Michigan,26065,Ingham,2011,2015,White (includes Hispanic),6.8
26,Michigan,26065,Ingham,2012,2016,Asian/Pacific Islander (includes Hispanic),
26,Michigan,26065,Ingham,2012,2016,Black (includes Hispanic),
26,Michigan,26065,Ingham,2012,2016,Hispanic (all races),
26,Michigan,26065,Ingham,2012,2016,American Indian/Alaskan Native (includes Hispanic),
26,Michigan,26065,Ingham,2012,2016,White (includes Hispanic),6.8
26,Michigan,26065,Ingham,2013,2017,Asian/Pacific Islander (includes Hispanic),
26,Michigan,26065,Ingham,2013,2017,Black (includes Hispanic),
26,Michigan,26065,Ingham,2013,2017,Hispanic (all races),
26,Michigan,26065,Ingham,2013,2017,American Indian/Alaskan Native (includes Hispanic),
26,Michigan,26065,Ingham,2013,2017,White (includes Hispanic),7.0
26,Michigan,26065,Ingham,2014,2018,Asian/Pacific Islander (includes Hispanic),
26,Michigan,26065,Ingham,2014,2018,Black (includes Hispanic),
26,Michigan,26065,Ingham,2014,2018,Hispanic (all races),
26,Michigan,26065,Ingham,2014,2018,American Indian/Alaskan Native (includes Hispanic),
26,Michigan,26065,Ingham,2014,2018,White (includes Hispanic),6.8
26,Michigan,26065,Ingham,2015,2019,Asian/Pacific Islander (includes Hispanic),
26,Michigan,26065,Ingham,2015,2019,Black (includes Hispanic),
26,Michigan,26065,Ingham,2015,2019,Hispanic (all races),
26,Michigan,26065,Ingham,2015,2019,American Indian/Alaskan Native (includes Hispanic),
26,Michigan,26065,Ingham,2015,2019,White (includes Hispanic),7.4
26,Michigan,26065,Ingham,2016,2020,Asian/Pacific Islander (includes Hispanic),
26,Michigan,26065,Ingham,2016,2020,Black (includes Hispanic),
26,Michigan,26065,Ingham,2016,2020,Hispanic (all races),
26,Michigan,26065,Ingham,2016,2020,American Indian/Alaskan Native (includes Hispanic),
26,Michigan,26065,Ingham,2016,2020,White (includes Hispanic),7.5
26,Michigan,26067,Ionia,2011,2015,Asian/Pacific Islander (includes Hispanic),
26,Michigan,26067,Ionia,2011,2015,Black (includes Hispanic),
26,Michigan,26067,Ionia,2011,2015,Hispanic (all races),
26,Michigan,26067,Ionia,2011,2015,American Indian/Alaskan Native (includes Hispanic),
26,Michigan,26067,Ionia,2011,2015,White (includes Hispanic),6.4
26,Michigan,26067,Ionia,2012,2016,Asian/Pacific Islander (includes Hispanic),
26,Michigan,26067,Ionia,2012,2016,Black (includes Hispanic),
26,Michigan,26067,Ionia,2012,2016,Hispanic (all races),
26,Michigan,26067,Ionia,2012,2016,American Indian/Alaskan Native (includes Hispanic),
26,Michigan,26067,Ionia,2012,2016,White (includes Hispanic),6.5
26,Michigan,26067,Ionia,2013,2017,Asian/Pacific Islander (includes Hispanic),
26,Michigan,26067,Ionia,2013,2017,Black (includes Hispanic),
26,Michigan,26067,Ionia,2013,2017,Hispanic (all races),
26,Michigan,26067,Ionia,2013,2017,American Indian/Alaskan Native (includes Hispanic),
26,Michigan,26067,Ionia,2013,2017,White (includes Hispanic),6.4
26,Michigan,26067,Ionia,2014,2018,Asian/Pacific Islander (includes Hispanic),
26,Michigan,26067,Ionia,2014,2018,Black (includes Hispanic),
26,Michigan,26067,Ionia,2014,2018,Hispanic (all races),
26,Michigan,26067,Ionia,2014,2018,American Indian/Alaskan Native (includes Hispanic),
26,Michigan,26067,Ionia,2014,2018,White (includes Hispanic),6.2
26,Michigan,26067,Ionia,2015,2019,Asian/Pacific Islander (includes Hispanic),
26,Michigan,26067,Ionia,2015,2019,Black (includes Hispanic),9.4
26,Michigan,26067,Ionia,2015,2019,Hispanic (all races),
26,Michigan,26067,Ionia,2015,2019,American Indian/Alaskan Native (includes Hispanic),
26,Michigan,26067,Ionia,2015,2019,White (includes Hispanic),6.3
26,Michigan,26067,Ionia,2016,2020,Asian/Pacific Islander (includes Hispanic),
26,Michigan,26067,Ionia,2016,2020,Black (includes Hispanic),
26,Michigan,26067,Ionia,2016,2020,Hispanic (all races),
26,Michigan,26067,Ionia,2016,2020,American Indian/Alaskan Native (includes Hispanic),
26,Michigan,26067,Ionia,2016,2020,White (includes Hispanic),5.8
26,Michigan,26069,Iosco,2011,2015,Asian/Pacific Islander (includes Hispanic),
26,Michigan,26069,Iosco,2011,2015,Black (includes Hispanic),
26,Michigan,26069,Iosco,2011,2015,Hispanic (all races),
26,Michigan,26069,Iosco,2011,2015,American Indian/Alaskan Native (includes Hispanic),
26,Michigan,26069,Iosco,2011,2015,White (includes Hispanic),9.1
26,Michigan,26069,Iosco,2012,2016,Asian/Pacific Islander (includes Hispanic),
26,Michigan,26069,Iosco,2012,2016,Black (includes Hispanic),
26,Michigan,26069,Iosco,2012,2016,Hispanic (all races),
26,Michigan,26069,Iosco,2012,2016,American Indian/Alaskan Native (includes Hispanic),
26,Michigan,26069,Iosco,2012,2016,White (includes Hispanic),8.6
26,Michigan,26069,Iosco,2013,2017,Asian/Pacific Islander (includes Hispanic),
26,Michigan,26069,Iosco,2013,2017,Black (includes Hispanic),
26,Michigan,26069,Iosco,2013,2017,Hispanic (all races),
26,Michigan,26069,Iosco,2013,2017,American Indian/Alaskan Native (includes Hispanic),
26,Michigan,26069,Iosco,2013,2017,White (includes Hispanic),8.1
26,Michigan,26069,Iosco,2014,2018,Asian/Pacific Islander (includes Hispanic),
26,Michigan,26069,Iosco,2014,2018,Black (includes Hispanic),
26,Michigan,26069,Iosco,2014,2018,Hispanic (all races),
26,Michigan,26069,Iosco,2014,2018,American Indian/Alaskan Native (includes Hispanic),
26,Michigan,26069,Iosco,2014,2018,White (includes Hispanic),9.6
26,Michigan,26069,Iosco,2015,2019,Asian/Pacific Islander (includes Hispanic),
26,Michigan,26069,Iosco,2015,2019,Black (includes Hispanic),
26,Michigan,26069,Iosco,2015,2019,Hispanic (all races),
26,Michigan,26069,Iosco,2015,2019,American Indian/Alaskan Native (includes Hispanic),
26,Michigan,26069,Iosco,2015,2019,White (includes Hispanic),8.9
26,Michigan,26069,Iosco,2016,2020,Asian/Pacific Islander (includes Hispanic),
26,Michigan,26069,Iosco,2016,2020,Black (includes Hispanic),
26,Michigan,26069,Iosco,2016,2020,Hispanic (all races),
26,Michigan,26069,Iosco,2016,2020,American Indian/Alaskan Native (includes Hispanic),
26,Michigan,26069,Iosco,2016,2020,White (includes Hispanic),9.2
26,Michigan,26071,Iron,2011,2015,Asian/Pacific Islander (includes Hispanic),
26,Michigan,26071,Iron,2011,2015,Black (includes Hispanic),
26,Michigan,26071,Iron,2011,2015,Hispanic (all races),
26,Michigan,26071,Iron,2011,2015,American Indian/Alaskan Native (includes Hispanic),
26,Michigan,26071,Iron,2011,2015,White (includes Hispanic),6.0
26,Michigan,26071,Iron,2012,2016,Asian/Pacific Islander (includes Hispanic),
26,Michigan,26071,Iron,2012,2016,Black (includes Hispanic),
26,Michigan,26071,Iron,2012,2016,Hispanic (all races),
26,Michigan,26071,Iron,2012,2016,American Indian/Alaskan Native (includes Hispanic),
26,Michigan,26071,Iron,2012,2016,White (includes Hispanic),6.0
26,Michigan,26071,Iron,2013,2017,Asian/Pacific Islander (includes Hispanic),
26,Michigan,26071,Iron,2013,2017,Black (includes Hispanic),
26,Michigan,26071,Iron,2013,2017,Hispanic (all races),
26,Michigan,26071,Iron,2013,2017,American Indian/Alaskan Native (includes Hispanic),
26,Michigan,26071,Iron,2013,2017,White (includes Hispanic),6.2
26,Michigan,26071,Iron,2014,2018,Asian/Pacific Islander (includes Hispanic),
26,Michigan,26071,Iron,2014,2018,Black (includes Hispanic),
26,Michigan,26071,Iron,2014,2018,Hispanic (all races),
26,Michigan,26071,Iron,2014,2018,American Indian/Alaskan Native (includes Hispanic),
26,Michigan,26071,Iron,2014,2018,White (includes Hispanic),7.9
26,Michigan,26071,Iron,2015,2019,Asian/Pacific Islander (includes Hispanic),
26,Michigan,26071,Iron,2015,2019,Black (includes Hispanic),
26,Michigan,26071,Iron,2015,2019,Hispanic (all races),
26,Michigan,26071,Iron,2015,2019,American Indian/Alaskan Native (includes Hispanic),
26,Michigan,26071,Iron,2015,2019,White (includes Hispanic),8.5
26,Michigan,26071,Iron,2016,2020,Asian/Pacific Islander (includes Hispanic),
26,Michigan,26071,Iron,2016,2020,Black (includes Hispanic),
26,Michigan,26071,Iron,2016,2020,Hispanic (all races),
26,Michigan,26071,Iron,2016,2020,American Indian/Alaskan Native (includes Hispanic),
26,Michigan,26071,Iron,2016,2020,White (includes Hispanic),6.1
26,Michigan,26073,Isabella,2011,2015,Asian/Pacific Islander (includes Hispanic),
26,Michigan,26073,Isabella,2011,2015,Black (includes Hispanic),
26,Michigan,26073,Isabella,2011,2015,Hispanic (all races),
26,Michigan,26073,Isabella,2011,2015,American Indian/Alaskan Native (includes Hispanic),
26,Michigan,26073,Isabella,2011,2015,White (includes Hispanic),6.0
26,Michigan,26073,Isabella,2012,2016,Asian/Pacific Islander (includes Hispanic),
26,Michigan,26073,Isabella,2012,2016,Black (includes Hispanic),
26,Michigan,26073,Isabella,2012,2016,Hispanic (all races),
26,Michigan,26073,Isabella,2012,2016,American Indian/Alaskan Native (includes Hispanic),
26,Michigan,26073,Isabella,2012,2016,White (includes Hispanic),6.7
26,Michigan,26073,Isabella,2013,2017,Asian/Pacific Islander (includes Hispanic),
26,Michigan,26073,Isabella,2013,2017,Black (includes Hispanic),
26,Michigan,26073,Isabella,2013,2017,Hispanic (all races),
26,Michigan,26073,Isabella,2013,2017,American Indian/Alaskan Native (includes Hispanic),
26,Michigan,26073,Isabella,2013,2017,White (includes Hispanic),7.3
26,Michigan,26073,Isabella,2014,2018,Asian/Pacific Islander (includes Hispanic),
26,Michigan,26073,Isabella,2014,2018,Black (includes Hispanic),
26,Michigan,26073,Isabella,2014,2018,Hispanic (all races),
26,Michigan,26073,Isabella,2014,2018,American Indian/Alaskan Native (includes Hispanic),
26,Michigan,26073,Isabella,2014,2018,White (includes Hispanic),8.4
26,Michigan,26073,Isabella,2015,2019,Asian/Pacific Islander (includes Hispanic),
26,Michigan,26073,Isabella,2015,2019,Black (includes Hispanic),
26,Michigan,26073,Isabella,2015,2019,Hispanic (all races),
26,Michigan,26073,Isabella,2015,2019,American Indian/Alaskan Native (includes Hispanic),
26,Michigan,26073,Isabella,2015,2019,White (includes Hispanic),8.5
26,Michigan,26073,Isabella,2016,2020,Asian/Pacific Islander (includes Hispanic),
26,Michigan,26073,Isabella,2016,2020,Black (includes Hispanic),
26,Michigan,26073,Isabella,2016,2020,Hispanic (all races),
26,Michigan,26073,Isabella,2016,2020,American Indian/Alaskan Native (includes Hispanic),
26,Michigan,26073,Isabella,2016,2020,White (includes Hispanic),8.4
26,Michigan,26075,Jackson,2011,2015,Asian/Pacific Islander (includes Hispanic),
26,Michigan,26075,Jackson,2011,2015,Black (includes Hispanic),8.5
26,Michigan,26075,Jackson,2011,2015,Hispanic (all races),
26,Michigan,26075,Jackson,2011,2015,American Indian/Alaskan Native (includes Hispanic),
26,Michigan,26075,Jackson,2011,2015,White (includes Hispanic),6.7
26,Michigan,26075,Jackson,2012,2016,Asian/Pacific Islander (includes Hispanic),
26,Michigan,26075,Jackson,2012,2016,Black (includes Hispanic),8.9
26,Michigan,26075,Jackson,2012,2016,Hispanic (all races),
26,Michigan,26075,Jackson,2012,2016,American Indian/Alaskan Native (includes Hispanic),
26,Michigan,26075,Jackson,2012,2016,White (includes Hispanic),6.8
26,Michigan,26075,Jackson,2013,2017,Asian/Pacific Islander (includes Hispanic),
26,Michigan,26075,Jackson,2013,2017,Black (includes Hispanic),8.6
26,Michigan,26075,Jackson,2013,2017,Hispanic (all races),
26,Michigan,26075,Jackson,2013,2017,American Indian/Alaskan Native (includes Hispanic),
26,Michigan,26075,Jackson,2013,2017,White (includes Hispanic),6.9
26,Michigan,26075,Jackson,2014,2018,Asian/Pacific Islander (includes Hispanic),
26,Michigan,26075,Jackson,2014,2018,Black (includes Hispanic),9.1
26,Michigan,26075,Jackson,2014,2018,Hispanic (all races),12.8
26,Michigan,26075,Jackson,2014,2018,American Indian/Alaskan Native (includes Hispanic),
26,Michigan,26075,Jackson,2014,2018,White (includes Hispanic),6.8
26,Michigan,26075,Jackson,2015,2019,Asian/Pacific Islander (includes Hispanic),
26,Michigan,26075,Jackson,2015,2019,Black (includes Hispanic),8.6
26,Michigan,26075,Jackson,2015,2019,Hispanic (all races),
26,Michigan,26075,Jackson,2015,2019,American Indian/Alaskan Native (includes Hispanic),
26,Michigan,26075,Jackson,2015,2019,White (includes Hispanic),7.2
26,Michigan,26075,Jackson,2016,2020,Asian/Pacific Islander (includes Hispanic),
26,Michigan,26075,Jackson,2016,2020,Black (includes Hispanic),9.0
26,Michigan,26075,Jackson,2016,2020,Hispanic (all races),
26,Michigan,26075,Jackson,2016,2020,American Indian/Alaskan Native (includes Hispanic),
26,Michigan,26075,Jackson,2016,2020,White (includes Hispanic),7.0
26,Michigan,26077,Kalamazoo,2011,2015,Asian/Pacific Islander (includes Hispanic),
26,Michigan,26077,Kalamazoo,2011,2015,Black (includes Hispanic),
26,Michigan,26077,Kalamazoo,2011,2015,Hispanic (all races),
26,Michigan,26077,Kalamazoo,2011,2015,American Indian/Alaskan Native (includes Hispanic),
26,Michigan,26077,Kalamazoo,2011,2015,White (includes Hispanic),6.8
26,Michigan,26077,Kalamazoo,2012,2016,Asian/Pacific Islander (includes Hispanic),
26,Michigan,26077,Kalamazoo,2012,2016,Black (includes Hispanic),
26,Michigan,26077,Kalamazoo,2012,2016,Hispanic (all races),
26,Michigan,26077,Kalamazoo,2012,2016,American Indian/Alaskan Native (includes Hispanic),
26,Michigan,26077,Kalamazoo,2012,2016,White (includes Hispanic),6.9
26,Michigan,26077,Kalamazoo,2013,2017,Asian/Pacific Islander (includes Hispanic),
26,Michigan,26077,Kalamazoo,2013,2017,Black (includes Hispanic),
26,Michigan,26077,Kalamazoo,2013,2017,Hispanic (all races),
26,Michigan,26077,Kalamazoo,2013,2017,American Indian/Alaskan Native (includes Hispanic),
26,Michigan,26077,Kalamazoo,2013,2017,White (includes Hispanic),6.8
26,Michigan,26077,Kalamazoo,2014,2018,Asian/Pacific Islander (includes Hispanic),
26,Michigan,26077,Kalamazoo,2014,2018,Black (includes Hispanic),
26,Michigan,26077,Kalamazoo,2014,2018,Hispanic (all races),
26,Michigan,26077,Kalamazoo,2014,2018,American Indian/Alaskan Native (includes Hispanic),
26,Michigan,26077,Kalamazoo,2014,2018,White (includes Hispanic),6.7
26,Michigan,26077,Kalamazoo,2015,2019,Asian/Pacific Islander (includes Hispanic),
26,Michigan,26077,Kalamazoo,2015,2019,Black (includes Hispanic),
26,Michigan,26077,Kalamazoo,2015,2019,Hispanic (all races),
26,Michigan,26077,Kalamazoo,2015,2019,American Indian/Alaskan Native (includes Hispanic),
26,Michigan,26077,Kalamazoo,2015,2019,White (includes Hispanic),7.1
26,Michigan,26077,Kalamazoo,2016,2020,Asian/Pacific Islander (includes Hispanic),
26,Michigan,26077,Kalamazoo,2016,2020,Black (includes Hispanic),
26,Michigan,26077,Kalamazoo,2016,2020,Hispanic (all races),
26,Michigan,26077,Kalamazoo,2016,2020,American Indian/Alaskan Native (includes Hispanic),
26,Michigan,26077,Kalamazoo,2016,2020,White (includes Hispanic),6.7
26,Michigan,26079,Kalkaska,2011,2015,Asian/Pacific Islander (includes Hispanic),
26,Michigan,26079,Kalkaska,2011,2015,Black (includes Hispanic),
26,Michigan,26079,Kalkaska,2011,2015,Hispanic (all races),
26,Michigan,26079,Kalkaska,2011,2015,American Indian/Alaskan Native (includes Hispanic),
26,Michigan,26079,Kalkaska,2011,2015,White (includes Hispanic),6.5
26,Michigan,26079,Kalkaska,2012,2016,Asian/Pacific Islander (includes Hispanic),
26,Michigan,26079,Kalkaska,2012,2016,Black (includes Hispanic),
26,Michigan,26079,Kalkaska,2012,2016,Hispanic (all races),
26,Michigan,26079,Kalkaska,2012,2016,American Indian/Alaskan Native (includes Hispanic),
26,Michigan,26079,Kalkaska,2012,2016,White (includes Hispanic),7.0
26,Michigan,26079,Kalkaska,2013,2017,Asian/Pacific Islander (includes Hispanic),
26,Michigan,26079,Kalkaska,2013,2017,Black (includes Hispanic),
26,Michigan,26079,Kalkaska,2013,2017,Hispanic (all races),
26,Michigan,26079,Kalkaska,2013,2017,American Indian/Alaskan Native (includes Hispanic),
26,Michigan,26079,Kalkaska,2013,2017,White (includes Hispanic),7.2
26,Michigan,26079,Kalkaska,2014,2018,Asian/Pacific Islander (includes Hispanic),
26,Michigan,26079,Kalkaska,2014,2018,Black (includes Hispanic),
26,Michigan,26079,Kalkaska,2014,2018,Hispanic (all races),
26,Michigan,26079,Kalkaska,2014,2018,American Indian/Alaskan Native (includes Hispanic),
26,Michigan,26079,Kalkaska,2014,2018,White (includes Hispanic),6.9
26,Michigan,26079,Kalkaska,2015,2019,Asian/Pacific Islander (includes Hispanic),
26,Michigan,26079,Kalkaska,2015,2019,Black (includes Hispanic),
26,Michigan,26079,Kalkaska,2015,2019,Hispanic (all races),
26,Michigan,26079,Kalkaska,2015,2019,American Indian/Alaskan Native (includes Hispanic),
26,Michigan,26079,Kalkaska,2015,2019,White (includes Hispanic),6.7
26,Michigan,26079,Kalkaska,2016,2020,Asian/Pacific Islander (includes Hispanic),
26,Michigan,26079,Kalkaska,2016,2020,Black (includes Hispanic),
26,Michigan,26079,Kalkaska,2016,2020,Hispanic (all races),
26,Michigan,26079,Kalkaska,2016,2020,American Indian/Alaskan Native (includes Hispanic),
26,Michigan,26079,Kalkaska,2016,2020,White (includes Hispanic),7.0
26,Michigan,26081,Kent,2011,2015,Asian/Pacific Islander (includes Hispanic),
26,Michigan,26081,Kent,2011,2015,Black (includes Hispanic),
26,Michigan,26081,Kent,2011,2015,Hispanic (all races),12.3
26,Michigan,26081,Kent,2011,2015,American Indian/Alaskan Native (includes Hispanic),
26,Michigan,26081,Kent,2011,2015,White (includes Hispanic),6.1
26,Michigan,26081,Kent,2012,2016,Asian/Pacific Islander (includes Hispanic),
26,Michigan,26081,Kent,2012,2016,Black (includes Hispanic),
26,Michigan,26081,Kent,2012,2016,Hispanic (all races),12.6
26,Michigan,26081,Kent,2012,2016,American Indian/Alaskan Native (includes Hispanic),
26,Michigan,26081,Kent,2012,2016,White (includes Hispanic),6.1
26,Michigan,26081,Kent,2013,2017,Asian/Pacific Islander (includes Hispanic),
26,Michigan,26081,Kent,2013,2017,Black (includes Hispanic),
26,Michigan,26081,Kent,2013,2017,Hispanic (all races),9.7
26,Michigan,26081,Kent,2013,2017,American Indian/Alaskan Native (includes Hispanic),
26,Michigan,26081,Kent,2013,2017,White (includes Hispanic),6.1
26,Michigan,26081,Kent,2014,2018,Asian/Pacific Islander (includes Hispanic),
26,Michigan,26081,Kent,2014,2018,Black (includes Hispanic),
26,Michigan,26081,Kent,2014,2018,Hispanic (all races),10.3
26,Michigan,26081,Kent,2014,2018,American Indian/Alaskan Native (includes Hispanic),
26,Michigan,26081,Kent,2014,2018,White (includes Hispanic),6.1
26,Michigan,26081,Kent,2015,2019,Asian/Pacific Islander (includes Hispanic),
26,Michigan,26081,Kent,2015,2019,Black (includes Hispanic),8.1
26,Michigan,26081,Kent,2015,2019,Hispanic (all races),9.9
26,Michigan,26081,Kent,2015,2019,American Indian/Alaskan Native (includes Hispanic),
26,Michigan,26081,Kent,2015,2019,White (includes Hispanic),6.1
26,Michigan,26081,Kent,2016,2020,Asian/Pacific Islander (includes Hispanic),
26,Michigan,26081,Kent,2016,2020,Black (includes Hispanic),
26,Michigan,26081,Kent,2016,2020,Hispanic (all races),7.8
26,Michigan,26081,Kent,2016,2020,American Indian/Alaskan Native (includes Hispanic),
26,Michigan,26081,Kent,2016,2020,White (includes Hispanic),5.4
26,Michigan,26083,Keweenaw,2011,2015,Asian/Pacific Islander (includes Hispanic),
26,Michigan,26083,Keweenaw,2011,2015,Black (includes Hispanic),
26,Michigan,26083,Keweenaw,2011,2015,Hispanic (all races),
26,Michigan,26083,Keweenaw,2011,2015,American Indian/Alaskan Native (includes Hispanic),
26,Michigan,26083,Keweenaw,2011,2015,White (includes Hispanic),
26,Michigan,26083,Keweenaw,2012,2016,Asian/Pacific Islander (includes Hispanic),
26,Michigan,26083,Keweenaw,2012,2016,Black (includes Hispanic),
26,Michigan,26083,Keweenaw,2012,2016,Hispanic (all races),
26,Michigan,26083,Keweenaw,2012,2016,American Indian/Alaskan Native (includes Hispanic),
26,Michigan,26083,Keweenaw,2012,2016,White (includes Hispanic),
26,Michigan,26083,Keweenaw,2013,2017,Asian/Pacific Islander (includes Hispanic),
26,Michigan,26083,Keweenaw,2013,2017,Black (includes Hispanic),
26,Michigan,26083,Keweenaw,2013,2017,Hispanic (all races),
26,Michigan,26083,Keweenaw,2013,2017,American Indian/Alaskan Native (includes Hispanic),
26,Michigan,26083,Keweenaw,2013,2017,White (includes Hispanic),
26,Michigan,26083,Keweenaw,2014,2018,Asian/Pacific Islander (includes Hispanic),
26,Michigan,26083,Keweenaw,2014,2018,Black (includes Hispanic),
26,Michigan,26083,Keweenaw,2014,2018,Hispanic (all races),
26,Michigan,26083,Keweenaw,2014,2018,American Indian/Alaskan Native (includes Hispanic),
26,Michigan,26083,Keweenaw,2014,2018,White (includes Hispanic),
26,Michigan,26083,Keweenaw,2015,2019,Asian/Pacific Islander (includes Hispanic),
26,Michigan,26083,Keweenaw,2015,2019,Black (includes Hispanic),
26,Michigan,26083,Keweenaw,2015,2019,Hispanic (all races),
26,Michigan,26083,Keweenaw,2015,2019,American Indian/Alaskan Native (includes Hispanic),
26,Michigan,26083,Keweenaw,2015,2019,White (includes Hispanic),7.0
26,Michigan,26083,Keweenaw,2016,2020,Asian/Pacific Islander (includes Hispanic),
26,Michigan,26083,Keweenaw,2016,2020,Black (includes Hispanic),
26,Michigan,26083,Keweenaw,2016,2020,Hispanic (all races),
26,Michigan,26083,Keweenaw,2016,2020,American Indian/Alaskan Native (includes Hispanic),
26,Michigan,26083,Keweenaw,2016,2020,White (includes Hispanic),
26,Michigan,26085,Lake,2011,2015,Asian/Pacific Islander (includes Hispanic),
26,Michigan,26085,Lake,2011,2015,Black (includes Hispanic),
26,Michigan,26085,Lake,2011,2015,Hispanic (all races),
26,Michigan,26085,Lake,2011,2015,American Indian/Alaskan Native (includes Hispanic),
26,Michigan,26085,Lake,2011,2015,White (includes Hispanic),6.2
26,Michigan,26085,Lake,2012,2016,Asian/Pacific Islander (includes Hispanic),
26,Michigan,26085,Lake,2012,2016,Black (includes Hispanic),
26,Michigan,26085,Lake,2012,2016,Hispanic (all races),
26,Michigan,26085,Lake,2012,2016,American Indian/Alaskan Native (includes Hispanic),
26,Michigan,26085,Lake,2012,2016,White (includes Hispanic),6.5
26,Michigan,26085,Lake,2013,2017,Asian/Pacific Islander (includes Hispanic),
26,Michigan,26085,Lake,2013,2017,Black (includes Hispanic),
26,Michigan,26085,Lake,2013,2017,Hispanic (all races),
26,Michigan,26085,Lake,2013,2017,American Indian/Alaskan Native (includes Hispanic),
26,Michigan,26085,Lake,2013,2017,White (includes Hispanic),7.6
26,Michigan,26085,Lake,2014,2018,Asian/Pacific Islander (includes Hispanic),
26,Michigan,26085,Lake,2014,2018,Black (includes Hispanic),
26,Michigan,26085,Lake,2014,2018,Hispanic (all races),
26,Michigan,26085,Lake,2014,2018,American Indian/Alaskan Native (includes Hispanic),
26,Michigan,26085,Lake,2014,2018,White (includes Hispanic),8.0
26,Michigan,26085,Lake,2015,2019,Asian/Pacific Islander (includes Hispanic),
26,Michigan,26085,Lake,2015,2019,Black (includes Hispanic),
26,Michigan,26085,Lake,2015,2019,Hispanic (all races),
26,Michigan,26085,Lake,2015,2019,American Indian/Alaskan Native (includes Hispanic),
26,Michigan,26085,Lake,2015,2019,White (includes Hispanic),7.6
26,Michigan,26085,Lake,2016,2020,Asian/Pacific Islander (includes Hispanic),
26,Michigan,26085,Lake,2016,2020,Black (includes Hispanic),
26,Michigan,26085,Lake,2016,2020,Hispanic (all races),
26,Michigan,26085,Lake,2016,2020,American Indian/Alaskan Native (includes Hispanic),
26,Michigan,26085,Lake,2016,2020,White (includes Hispanic),7.1
26,Michigan,26087,Lapeer,2011,2015,Asian/Pacific Islander (includes Hispanic),
26,Michigan,26087,Lapeer,2011,2015,Black (includes Hispanic),5.5
26,Michigan,26087,Lapeer,2011,2015,Hispanic (all races),9.5
26,Michigan,26087,Lapeer,2011,2015,American Indian/Alaskan Native (includes Hispanic),
26,Michigan,26087,Lapeer,2011,2015,White (includes Hispanic),7.1
26,Michigan,26087,Lapeer,2012,2016,Asian/Pacific Islander (includes Hispanic),
26,Michigan,26087,Lapeer,2012,2016,Black (includes Hispanic),6.0
26,Michigan,26087,Lapeer,2012,2016,Hispanic (all races),9.4
26,Michigan,26087,Lapeer,2012,2016,American Indian/Alaskan Native (includes Hispanic),
26,Michigan,26087,Lapeer,2012,2016,White (includes Hispanic),6.7
26,Michigan,26087,Lapeer,2013,2017,Asian/Pacific Islander (includes Hispanic),
26,Michigan,26087,Lapeer,2013,2017,Black (includes Hispanic),6.2
26,Michigan,26087,Lapeer,2013,2017,Hispanic (all races),
26,Michigan,26087,Lapeer,2013,2017,American Indian/Alaskan Native (includes Hispanic),
26,Michigan,26087,Lapeer,2013,2017,White (includes Hispanic),6.6
26,Michigan,26087,Lapeer,2014,2018,Asian/Pacific Islander (includes Hispanic),
26,Michigan,26087,Lapeer,2014,2018,Black (includes Hispanic),6.2
26,Michigan,26087,Lapeer,2014,2018,Hispanic (all races),
26,Michigan,26087,Lapeer,2014,2018,American Indian/Alaskan Native (includes Hispanic),
26,Michigan,26087,Lapeer,2014,2018,White (includes Hispanic),6.8
26,Michigan,26087,Lapeer,2015,2019,Asian/Pacific Islander (includes Hispanic),
26,Michigan,26087,Lapeer,2015,2019,Black (includes Hispanic),5.9
26,Michigan,26087,Lapeer,2015,2019,Hispanic (all races),
26,Michigan,26087,Lapeer,2015,2019,American Indian/Alaskan Native (includes Hispanic),
26,Michigan,26087,Lapeer,2015,2019,White (includes Hispanic),6.5
26,Michigan,26087,Lapeer,2016,2020,Asian/Pacific Islander (includes Hispanic),
26,Michigan,26087,Lapeer,2016,2020,Black (includes Hispanic),6.3
26,Michigan,26087,Lapeer,2016,2020,Hispanic (all races),
26,Michigan,26087,Lapeer,2016,2020,American Indian/Alaskan Native (includes Hispanic),
26,Michigan,26087,Lapeer,2016,2020,White (includes Hispanic),6.2
26,Michigan,26089,Leelanau,2011,2015,Asian/Pacific Islander (includes Hispanic),
26,Michigan,26089,Leelanau,2011,2015,Black (includes Hispanic),
26,Michigan,26089,Leelanau,2011,2015,Hispanic (all races),
26,Michigan,26089,Leelanau,2011,2015,American Indian/Alaskan Native (includes Hispanic),
26,Michigan,26089,Leelanau,2011,2015,White (includes Hispanic),8.0
26,Michigan,26089,Leelanau,2012,2016,Asian/Pacific Islander (includes Hispanic),
26,Michigan,26089,Leelanau,2012,2016,Black (includes Hispanic),
26,Michigan,26089,Leelanau,2012,2016,Hispanic (all races),
26,Michigan,26089,Leelanau,2012,2016,American Indian/Alaskan Native (includes Hispanic),
26,Michigan,26089,Leelanau,2012,2016,White (includes Hispanic),8.4
26,Michigan,26089,Leelanau,2013,2017,Asian/Pacific Islander (includes Hispanic),
26,Michigan,26089,Leelanau,2013,2017,Black (includes Hispanic),
26,Michigan,26089,Leelanau,2013,2017,Hispanic (all races),
26,Michigan,26089,Leelanau,2013,2017,American Indian/Alaskan Native (includes Hispanic),
26,Michigan,26089,Leelanau,2013,2017,White (includes Hispanic),6.8
26,Michigan,26089,Leelanau,2014,2018,Asian/Pacific Islander (includes Hispanic),
26,Michigan,26089,Leelanau,2014,2018,Black (includes Hispanic),
26,Michigan,26089,Leelanau,2014,2018,Hispanic (all races),
26,Michigan,26089,Leelanau,2014,2018,American Indian/Alaskan Native (includes Hispanic),
26,Michigan,26089,Leelanau,2014,2018,White (includes Hispanic),6.6
26,Michigan,26089,Leelanau,2015,2019,Asian/Pacific Islander (includes Hispanic),
26,Michigan,26089,Leelanau,2015,2019,Black (includes Hispanic),
26,Michigan,26089,Leelanau,2015,2019,Hispanic (all races),
26,Michigan,26089,Leelanau,2015,2019,American Indian/Alaskan Native (includes Hispanic),
26,Michigan,26089,Leelanau,2015,2019,White (includes Hispanic),5.6
26,Michigan,26089,Leelanau,2016,2020,Asian/Pacific Islander (includes Hispanic),
26,Michigan,26089,Leelanau,2016,2020,Black (includes Hispanic),
26,Michigan,26089,Leelanau,2016,2020,Hispanic (all races),
26,Michigan,26089,Leelanau,2016,2020,American Indian/Alaskan Native (includes Hispanic),
26,Michigan,26089,Leelanau,2016,2020,White (includes Hispanic),6.3
26,Michigan,26091,Lenawee,2011,2015,Asian/Pacific Islander (includes Hispanic),
26,Michigan,26091,Lenawee,2011,2015,Black (includes Hispanic),5.6
26,Michigan,26091,Lenawee,2011,2015,Hispanic (all races),
26,Michigan,26091,Lenawee,2011,2015,American Indian/Alaskan Native (includes Hispanic),
26,Michigan,26091,Lenawee,2011,2015,White (includes Hispanic),7.6
26,Michigan,26091,Lenawee,2012,2016,Asian/Pacific Islander (includes Hispanic),
26,Michigan,26091,Lenawee,2012,2016,Black (includes Hispanic),6.3
26,Michigan,26091,Lenawee,2012,2016,Hispanic (all races),
26,Michigan,26091,Lenawee,2012,2016,American Indian/Alaskan Native (includes Hispanic),
26,Michigan,26091,Lenawee,2012,2016,White (includes Hispanic),7.5
26,Michigan,26091,Lenawee,2013,2017,Asian/Pacific Islander (includes Hispanic),
26,Michigan,26091,Lenawee,2013,2017,Black (includes Hispanic),6.3
26,Michigan,26091,Lenawee,2013,2017,Hispanic (all races),
26,Michigan,26091,Lenawee,2013,2017,American Indian/Alaskan Native (includes Hispanic),
26,Michigan,26091,Lenawee,2013,2017,White (includes Hispanic),7.4
26,Michigan,26091,Lenawee,2014,2018,Asian/Pacific Islander (includes Hispanic),
26,Michigan,26091,Lenawee,2014,2018,Black (includes Hispanic),6.9
26,Michigan,26091,Lenawee,2014,2018,Hispanic (all races),
26,Michigan,26091,Lenawee,2014,2018,American Indian/Alaskan Native (includes Hispanic),
26,Michigan,26091,Lenawee,2014,2018,White (includes Hispanic),7.9
26,Michigan,26091,Lenawee,2015,2019,Asian/Pacific Islander (includes Hispanic),
26,Michigan,26091,Lenawee,2015,2019,Black (includes Hispanic),6.9
26,Michigan,26091,Lenawee,2015,2019,Hispanic (all races),
26,Michigan,26091,Lenawee,2015,2019,American Indian/Alaskan Native (includes Hispanic),
26,Michigan,26091,Lenawee,2015,2019,White (includes Hispanic),7.5
26,Michigan,26091,Lenawee,2016,2020,Asian/Pacific Islander (includes Hispanic),
26,Michigan,26091,Lenawee,2016,2020,Black (includes Hispanic),7.2
26,Michigan,26091,Lenawee,2016,2020,Hispanic (all races),
26,Michigan,26091,Lenawee,2016,2020,American Indian/Alaskan Native (includes Hispanic),
26,Michigan,26091,Lenawee,2016,2020,White (includes Hispanic),7.1
26,Michigan,26093,Livingston,2011,2015,Asian/Pacific Islander (includes Hispanic),
26,Michigan,26093,Livingston,2011,2015,Black (includes Hispanic),5.8
26,Michigan,26093,Livingston,2011,2015,Hispanic (all races),8.4
26,Michigan,26093,Livingston,2011,2015,American Indian/Alaskan Native (includes Hispanic),
26,Michigan,26093,Livingston,2011,2015,White (includes Hispanic),7.0
26,Michigan,26093,Livingston,2012,2016,Asian/Pacific Islander (includes Hispanic),
26,Michigan,26093,Livingston,2012,2016,Black (includes Hispanic),6.5
26,Michigan,26093,Livingston,2012,2016,Hispanic (all races),9.8
26,Michigan,26093,Livingston,2012,2016,American Indian/Alaskan Native (includes Hispanic),
26,Michigan,26093,Livingston,2012,2016,White (includes Hispanic),6.7
26,Michigan,26093,Livingston,2013,2017,Asian/Pacific Islander (includes Hispanic),
26,Michigan,26093,Livingston,2013,2017,Black (includes Hispanic),6.6
26,Michigan,26093,Livingston,2013,2017,Hispanic (all races),9.3
26,Michigan,26093,Livingston,2013,2017,American Indian/Alaskan Native (includes Hispanic),
26,Michigan,26093,Livingston,2013,2017,White (includes Hispanic),6.9
26,Michigan,26093,Livingston,2014,2018,Asian/Pacific Islander (includes Hispanic),
26,Michigan,26093,Livingston,2014,2018,Black (includes Hispanic),6.4
26,Michigan,26093,Livingston,2014,2018,Hispanic (all races),10.4
26,Michigan,26093,Livingston,2014,2018,American Indian/Alaskan Native (includes Hispanic),
26,Michigan,26093,Livingston,2014,2018,White (includes Hispanic),7.0
26,Michigan,26093,Livingston,2015,2019,Asian/Pacific Islander (includes Hispanic),
26,Michigan,26093,Livingston,2015,2019,Black (includes Hispanic),6.5
26,Michigan,26093,Livingston,2015,2019,Hispanic (all races),7.9
26,Michigan,26093,Livingston,2015,2019,American Indian/Alaskan Native (includes Hispanic),
26,Michigan,26093,Livingston,2015,2019,White (includes Hispanic),6.7
26,Michigan,26093,Livingston,2016,2020,Asian/Pacific Islander (includes Hispanic),
26,Michigan,26093,Livingston,2016,2020,Black (includes Hispanic),7.1
26,Michigan,26093,Livingston,2016,2020,Hispanic (all races),7.7
26,Michigan,26093,Livingston,2016,2020,American Indian/Alaskan Native (includes Hispanic),
26,Michigan,26093,Livingston,2016,2020,White (includes Hispanic),6.4
26,Michigan,26095,Luce,2011,2015,Asian/Pacific Islander (includes Hispanic),
26,Michigan,26095,Luce,2011,2015,Black (includes Hispanic),
26,Michigan,26095,Luce,2011,2015,Hispanic (all races),
26,Michigan,26095,Luce,2011,2015,American Indian/Alaskan Native (includes Hispanic),
26,Michigan,26095,Luce,2011,2015,White (includes Hispanic),
26,Michigan,26095,Luce,2012,2016,Asian/Pacific Islander (includes Hispanic),
26,Michigan,26095,Luce,2012,2016,Black (includes Hispanic),
26,Michigan,26095,Luce,2012,2016,Hispanic (all races),
26,Michigan,26095,Luce,2012,2016,American Indian/Alaskan Native (includes Hispanic),
26,Michigan,26095,Luce,2012,2016,White (includes Hispanic),
26,Michigan,26095,Luce,2013,2017,Asian/Pacific Islander (includes Hispanic),
26,Michigan,26095,Luce,2013,2017,Black (includes Hispanic),
26,Michigan,26095,Luce,2013,2017,Hispanic (all races),
26,Michigan,26095,Luce,2013,2017,American Indian/Alaskan Native (includes Hispanic),
26,Michigan,26095,Luce,2013,2017,White (includes Hispanic),
26,Michigan,26095,Luce,2014,2018,Asian/Pacific Islander (includes Hispanic),
26,Michigan,26095,Luce,2014,2018,Black (includes Hispanic),
26,Michigan,26095,Luce,2014,2018,Hispanic (all races),
26,Michigan,26095,Luce,2014,2018,American Indian/Alaskan Native (includes Hispanic),
26,Michigan,26095,Luce,2014,2018,White (includes Hispanic),
26,Michigan,26095,Luce,2015,2019,Asian/Pacific Islander (includes Hispanic),
26,Michigan,26095,Luce,2015,2019,Black (includes Hispanic),
26,Michigan,26095,Luce,2015,2019,Hispanic (all races),
26,Michigan,26095,Luce,2015,2019,American Indian/Alaskan Native (includes Hispanic),
26,Michigan,26095,Luce,2015,2019,White (includes Hispanic),
26,Michigan,26095,Luce,2016,2020,Asian/Pacific Islander (includes Hispanic),
26,Michigan,26095,Luce,2016,2020,Black (includes Hispanic),
26,Michigan,26095,Luce,2016,2020,Hispanic (all races),
26,Michigan,26095,Luce,2016,2020,American Indian/Alaskan Native (includes Hispanic),
26,Michigan,26095,Luce,2016,2020,White (includes Hispanic),
26,Michigan,26097,Mackinac,2011,2015,Asian/Pacific Islander (includes Hispanic),
26,Michigan,26097,Mackinac,2011,2015,Black (includes Hispanic),
26,Michigan,26097,Mackinac,2011,2015,Hispanic (all races),
26,Michigan,26097,Mackinac,2011,2015,American Indian/Alaskan Native (includes Hispanic),
26,Michigan,26097,Mackinac,2011,2015,White (includes Hispanic),7.3
26,Michigan,26097,Mackinac,2012,2016,Asian/Pacific Islander (includes Hispanic),
26,Michigan,26097,Mackinac,2012,2016,Black (includes Hispanic),
26,Michigan,26097,Mackinac,2012,2016,Hispanic (all races),
26,Michigan,26097,Mackinac,2012,2016,American Indian/Alaskan Native (includes Hispanic),
26,Michigan,26097,Mackinac,2012,2016,White (includes Hispanic),6.7
26,Michigan,26097,Mackinac,2013,2017,Asian/Pacific Islander (includes Hispanic),
26,Michigan,26097,Mackinac,2013,2017,Black (includes Hispanic),
26,Michigan,26097,Mackinac,2013,2017,Hispanic (all races),
26,Michigan,26097,Mackinac,2013,2017,American Indian/Alaskan Native (includes Hispanic),
26,Michigan,26097,Mackinac,2013,2017,White (includes Hispanic),6.5
26,Michigan,26097,Mackinac,2014,2018,Asian/Pacific Islander (includes Hispanic),
26,Michigan,26097,Mackinac,2014,2018,Black (includes Hispanic),
26,Michigan,26097,Mackinac,2014,2018,Hispanic (all races),
26,Michigan,26097,Mackinac,2014,2018,American Indian/Alaskan Native (includes Hispanic),
26,Michigan,26097,Mackinac,2014,2018,White (includes Hispanic),6.4
26,Michigan,26097,Mackinac,2015,2019,Asian/Pacific Islander (includes Hispanic),
26,Michigan,26097,Mackinac,2015,2019,Black (includes Hispanic),
26,Michigan,26097,Mackinac,2015,2019,Hispanic (all races),
26,Michigan,26097,Mackinac,2015,2019,American Indian/Alaskan Native (includes Hispanic),
26,Michigan,26097,Mackinac,2015,2019,White (includes Hispanic),7.0
26,Michigan,26097,Mackinac,2016,2020,Asian/Pacific Islander (includes Hispanic),
26,Michigan,26097,Mackinac,2016,2020,Black (includes Hispanic),
26,Michigan,26097,Mackinac,2016,2020,Hispanic (all races),
26,Michigan,26097,Mackinac,2016,2020,American Indian/Alaskan Native (includes Hispanic),
26,Michigan,26097,Mackinac,2016,2020,White (includes Hispanic),5.2
26,Michigan,26099,Macomb,2011,2015,Asian/Pacific Islander (includes Hispanic),
26,Michigan,26099,Macomb,2011,2015,Black (includes Hispanic),8.2
26,Michigan,26099,Macomb,2011,2015,Hispanic (all races),11.9
26,Michigan,26099,Macomb,2011,2015,American Indian/Alaskan Native (includes Hispanic),
26,Michigan,26099,Macomb,2011,2015,White (includes Hispanic),7.1
26,Michigan,26099,Macomb,2012,2016,Asian/Pacific Islander (includes Hispanic),
26,Michigan,26099,Macomb,2012,2016,Black (includes Hispanic),8.3
26,Michigan,26099,Macomb,2012,2016,Hispanic (all races),11.8
26,Michigan,26099,Macomb,2012,2016,American Indian/Alaskan Native (includes Hispanic),
26,Michigan,26099,Macomb,2012,2016,White (includes Hispanic),6.9
26,Michigan,26099,Macomb,2013,2017,Asian/Pacific Islander (includes Hispanic),
26,Michigan,26099,Macomb,2013,2017,Black (includes Hispanic),7.7
26,Michigan,26099,Macomb,2013,2017,Hispanic (all races),10.7
26,Michigan,26099,Macomb,2013,2017,American Indian/Alaskan Native (includes Hispanic),
26,Michigan,26099,Macomb,2013,2017,White (includes Hispanic),6.9
26,Michigan,26099,Macomb,2014,2018,Asian/Pacific Islander (includes Hispanic),
26,Michigan,26099,Macomb,2014,2018,Black (includes Hispanic),8.0
26,Michigan,26099,Macomb,2014,2018,Hispanic (all races),10.1
26,Michigan,26099,Macomb,2014,2018,American Indian/Alaskan Native (includes Hispanic),
26,Michigan,26099,Macomb,2014,2018,White (includes Hispanic),7.0
26,Michigan,26099,Macomb,2015,2019,Asian/Pacific Islander (includes Hispanic),
26,Michigan,26099,Macomb,2015,2019,Black (includes Hispanic),7.4
26,Michigan,26099,Macomb,2015,2019,Hispanic (all races),8.7
26,Michigan,26099,Macomb,2015,2019,American Indian/Alaskan Native (includes Hispanic),
26,Michigan,26099,Macomb,2015,2019,White (includes Hispanic),6.9
26,Michigan,26099,Macomb,2016,2020,Asian/Pacific Islander (includes Hispanic),
26,Michigan,26099,Macomb,2016,2020,Black (includes Hispanic),8.1
26,Michigan,26099,Macomb,2016,2020,Hispanic (all races),8.4
26,Michigan,26099,Macomb,2016,2020,American Indian/Alaskan Native (includes Hispanic),
26,Michigan,26099,Macomb,2016,2020,White (includes Hispanic),6.5
26,Michigan,26101,Manistee,2011,2015,Asian/Pacific Islander (includes Hispanic),
26,Michigan,26101,Manistee,2011,2015,Black (includes Hispanic),
26,Michigan,26101,Manistee,2011,2015,Hispanic (all races),
26,Michigan,26101,Manistee,2011,2015,American Indian/Alaskan Native (includes Hispanic),
26,Michigan,26101,Manistee,2011,2015,White (includes Hispanic),6.2
26,Michigan,26101,Manistee,2012,2016,Asian/Pacific Islander (includes Hispanic),
26,Michigan,26101,Manistee,2012,2016,Black (includes Hispanic),
26,Michigan,26101,Manistee,2012,2016,Hispanic (all races),
26,Michigan,26101,Manistee,2012,2016,American Indian/Alaskan Native (includes Hispanic),
26,Michigan,26101,Manistee,2012,2016,White (includes Hispanic),6.5
26,Michigan,26101,Manistee,2013,2017,Asian/Pacific Islander (includes Hispanic),
26,Michigan,26101,Manistee,2013,2017,Black (includes Hispanic),
26,Michigan,26101,Manistee,2013,2017,Hispanic (all races),
26,Michigan,26101,Manistee,2013,2017,American Indian/Alaskan Native (includes Hispanic),
26,Michigan,26101,Manistee,2013,2017,White (includes Hispanic),6.2
26,Michigan,26101,Manistee,2014,2018,Asian/Pacific Islander (includes Hispanic),
26,Michigan,26101,Manistee,2014,2018,Black (includes Hispanic),
26,Michigan,26101,Manistee,2014,2018,Hispanic (all races),
26,Michigan,26101,Manistee,2014,2018,American Indian/Alaskan Native (includes Hispanic),
26,Michigan,26101,Manistee,2014,2018,White (includes Hispanic),6.7
26,Michigan,26101,Manistee,2015,2019,Asian/Pacific Islander (includes Hispanic),
26,Michigan,26101,Manistee,2015,2019,Black (includes Hispanic),
26,Michigan,26101,Manistee,2015,2019,Hispanic (all races),
26,Michigan,26101,Manistee,2015,2019,American Indian/Alaskan Native (includes Hispanic),
26,Michigan,26101,Manistee,2015,2019,White (includes Hispanic),5.8
26,Michigan,26101,Manistee,2016,2020,Asian/Pacific Islander (includes Hispanic),
26,Michigan,26101,Manistee,2016,2020,Black (includes Hispanic),
26,Michigan,26101,Manistee,2016,2020,Hispanic (all races),
26,Michigan,26101,Manistee,2016,2020,American Indian/Alaskan Native (includes Hispanic),
26,Michigan,26101,Manistee,2016,2020,White (includes Hispanic),6.2
26,Michigan,26103,Marquette,2011,2015,Asian/Pacific Islander (includes Hispanic),
26,Michigan,26103,Marquette,2011,2015,Black (includes Hispanic),
26,Michigan,26103,Marquette,2011,2015,Hispanic (all races),
26,Michigan,26103,Marquette,2011,2015,American Indian/Alaskan Native (includes Hispanic),
26,Michigan,26103,Marquette,2011,2015,White (includes Hispanic),6.3
26,Michigan,26103,Marquette,2012,2016,Asian/Pacific Islander (includes Hispanic),
26,Michigan,26103,Marquette,2012,2016,Black (includes Hispanic),
26,Michigan,26103,Marquette,2012,2016,Hispanic (all races),
26,Michigan,26103,Marquette,2012,2016,American Indian/Alaskan Native (includes Hispanic),
26,Michigan,26103,Marquette,2012,2016,White (includes Hispanic),6.0
26,Michigan,26103,Marquette,2013,2017,Asian/Pacific Islander (includes Hispanic),
26,Michigan,26103,Marquette,2013,2017,Black (includes Hispanic),
26,Michigan,26103,Marquette,2013,2017,Hispanic (all races),
26,Michigan,26103,Marquette,2013,2017,American Indian/Alaskan Native (includes Hispanic),
26,Michigan,26103,Marquette,2013,2017,White (includes Hispanic),7.6
26,Michigan,26103,Marquette,2014,2018,Asian/Pacific Islander (includes Hispanic),
26,Michigan,26103,Marquette,2014,2018,Black (includes Hispanic),
26,Michigan,26103,Marquette,2014,2018,Hispanic (all races),
26,Michigan,26103,Marquette,2014,2018,American Indian/Alaskan Native (includes Hispanic),
26,Michigan,26103,Marquette,2014,2018,White (includes Hispanic),8.6
26,Michigan,26103,Marquette,2015,2019,Asian/Pacific Islander (includes Hispanic),
26,Michigan,26103,Marquette,2015,2019,Black (includes Hispanic),
26,Michigan,26103,Marquette,2015,2019,Hispanic (all races),
26,Michigan,26103,Marquette,2015,2019,American Indian/Alaskan Native (includes Hispanic),
26,Michigan,26103,Marquette,2015,2019,White (includes Hispanic),8.4
26,Michigan,26103,Marquette,2016,2020,Asian/Pacific Islander (includes Hispanic),
26,Michigan,26103,Marquette,2016,2020,Black (includes Hispanic),
26,Michigan,26103,Marquette,2016,2020,Hispanic (all races),
26,Michigan,26103,Marquette,2016,2020,American Indian/Alaskan Native (includes Hispanic),
26,Michigan,26103,Marquette,2016,2020,White (includes Hispanic),7.1
26,Michigan,26105,Mason,2011,2015,Asian/Pacific Islander (includes Hispanic),
26,Michigan,26105,Mason,2011,2015,Black (includes Hispanic),
26,Michigan,26105,Mason,2011,2015,Hispanic (all races),
26,Michigan,26105,Mason,2011,2015,American Indian/Alaskan Native (includes Hispanic),
26,Michigan,26105,Mason,2011,2015,White (includes Hispanic),6.9
26,Michigan,26105,Mason,2012,2016,Asian/Pacific Islander (includes Hispanic),
26,Michigan,26105,Mason,2012,2016,Black (includes Hispanic),
26,Michigan,26105,Mason,2012,2016,Hispanic (all races),
26,Michigan,26105,Mason,2012,2016,American Indian/Alaskan Native (includes Hispanic),
26,Michigan,26105,Mason,2012,2016,White (includes Hispanic),6.7
26,Michigan,26105,Mason,2013,2017,Asian/Pacific Islander (includes Hispanic),
26,Michigan,26105,Mason,2013,2017,Black (includes Hispanic),
26,Michigan,26105,Mason,2013,2017,Hispanic (all races),
26,Michigan,26105,Mason,2013,2017,American Indian/Alaskan Native (includes Hispanic),
26,Michigan,26105,Mason,2013,2017,White (includes Hispanic),7.3
26,Michigan,26105,Mason,2014,2018,Asian/Pacific Islander (includes Hispanic),
26,Michigan,26105,Mason,2014,2018,Black (includes Hispanic),
26,Michigan,26105,Mason,2014,2018,Hispanic (all races),
26,Michigan,26105,Mason,2014,2018,American Indian/Alaskan Native (includes Hispanic),
26,Michigan,26105,Mason,2014,2018,White (includes Hispanic),7.3
26,Michigan,26105,Mason,2015,2019,Asian/Pacific Islander (includes Hispanic),
26,Michigan,26105,Mason,2015,2019,Black (includes Hispanic),
26,Michigan,26105,Mason,2015,2019,Hispanic (all races),
26,Michigan,26105,Mason,2015,2019,American Indian/Alaskan Native (includes Hispanic),
26,Michigan,26105,Mason,2015,2019,White (includes Hispanic),6.9
26,Michigan,26105,Mason,2016,2020,Asian/Pacific Islander (includes Hispanic),
26,Michigan,26105,Mason,2016,2020,Black (includes Hispanic),
26,Michigan,26105,Mason,2016,2020,Hispanic (all races),
26,Michigan,26105,Mason,2016,2020,American Indian/Alaskan Native (includes Hispanic),
26,Michigan,26105,Mason,2016,2020,White (includes Hispanic),6.4
26,Michigan,26107,Mecosta,2011,2015,Asian/Pacific Islander (includes Hispanic),
26,Michigan,26107,Mecosta,2011,2015,Black (includes Hispanic),
26,Michigan,26107,Mecosta,2011,2015,Hispanic (all races),
26,Michigan,26107,Mecosta,2011,2015,American Indian/Alaskan Native (includes Hispanic),
26,Michigan,26107,Mecosta,2011,2015,White (includes Hispanic),7.5
26,Michigan,26107,Mecosta,2012,2016,Asian/Pacific Islander (includes Hispanic),
26,Michigan,26107,Mecosta,2012,2016,Black (includes Hispanic),
26,Michigan,26107,Mecosta,2012,2016,Hispanic (all races),
26,Michigan,26107,Mecosta,2012,2016,American Indian/Alaskan Native (includes Hispanic),
26,Michigan,26107,Mecosta,2012,2016,White (includes Hispanic),7.5
26,Michigan,26107,Mecosta,2013,2017,Asian/Pacific Islander (includes Hispanic),
26,Michigan,26107,Mecosta,2013,2017,Black (includes Hispanic),
26,Michigan,26107,Mecosta,2013,2017,Hispanic (all races),
26,Michigan,26107,Mecosta,2013,2017,American Indian/Alaskan Native (includes Hispanic),
26,Michigan,26107,Mecosta,2013,2017,White (includes Hispanic),8.1
26,Michigan,26107,Mecosta,2014,2018,Asian/Pacific Islander (includes Hispanic),
26,Michigan,26107,Mecosta,2014,2018,Black (includes Hispanic),
26,Michigan,26107,Mecosta,2014,2018,Hispanic (all races),
26,Michigan,26107,Mecosta,2014,2018,American Indian/Alaskan Native (includes Hispanic),
26,Michigan,26107,Mecosta,2014,2018,White (includes Hispanic),8.7
26,Michigan,26107,Mecosta,2015,2019,Asian/Pacific Islander (includes Hispanic),
26,Michigan,26107,Mecosta,2015,2019,Black (includes Hispanic),
26,Michigan,26107,Mecosta,2015,2019,Hispanic (all races),
26,Michigan,26107,Mecosta,2015,2019,American Indian/Alaskan Native (includes Hispanic),
26,Michigan,26107,Mecosta,2015,2019,White (includes Hispanic),8.6
26,Michigan,26107,Mecosta,2016,2020,Asian/Pacific Islander (includes Hispanic),
26,Michigan,26107,Mecosta,2016,2020,Black (includes Hispanic),
26,Michigan,26107,Mecosta,2016,2020,Hispanic (all races),
26,Michigan,26107,Mecosta,2016,2020,American Indian/Alaskan Native (includes Hispanic),
26,Michigan,26107,Mecosta,2016,2020,White (includes Hispanic),7.9
26,Michigan,26109,Menominee,2011,2015,Asian/Pacific Islander (includes Hispanic),
26,Michigan,26109,Menominee,2011,2015,Black (includes Hispanic),
26,Michigan,26109,Menominee,2011,2015,Hispanic (all races),
26,Michigan,26109,Menominee,2011,2015,American Indian/Alaskan Native (includes Hispanic),
26,Michigan,26109,Menominee,2011,2015,White (includes Hispanic),7.4
26,Michigan,26109,Menominee,2012,2016,Asian/Pacific Islander (includes Hispanic),
26,Michigan,26109,Menominee,2012,2016,Black (includes Hispanic),
26,Michigan,26109,Menominee,2012,2016,Hispanic (all races),
26,Michigan,26109,Menominee,2012,2016,American Indian/Alaskan Native (includes Hispanic),
26,Michigan,26109,Menominee,2012,2016,White (includes Hispanic),7.9
26,Michigan,26109,Menominee,2013,2017,Asian/Pacific Islander (includes Hispanic),
26,Michigan,26109,Menominee,2013,2017,Black (includes Hispanic),
26,Michigan,26109,Menominee,2013,2017,Hispanic (all races),
26,Michigan,26109,Menominee,2013,2017,American Indian/Alaskan Native (includes Hispanic),
26,Michigan,26109,Menominee,2013,2017,White (includes Hispanic),8.8
26,Michigan,26109,Menominee,2014,2018,Asian/Pacific Islander (includes Hispanic),
26,Michigan,26109,Menominee,2014,2018,Black (includes Hispanic),
26,Michigan,26109,Menominee,2014,2018,Hispanic (all races),
26,Michigan,26109,Menominee,2014,2018,American Indian/Alaskan Native (includes Hispanic),
26,Michigan,26109,Menominee,2014,2018,White (includes Hispanic),10.2
26,Michigan,26109,Menominee,2015,2019,Asian/Pacific Islander (includes Hispanic),
26,Michigan,26109,Menominee,2015,2019,Black (includes Hispanic),
26,Michigan,26109,Menominee,2015,2019,Hispanic (all races),
26,Michigan,26109,Menominee,2015,2019,American Indian/Alaskan Native (includes Hispanic),
26,Michigan,26109,Menominee,2015,2019,White (includes Hispanic),9.5
26,Michigan,26109,Menominee,2016,2020,Asian/Pacific Islander (includes Hispanic),
26,Michigan,26109,Menominee,2016,2020,Black (includes Hispanic),
26,Michigan,26109,Menominee,2016,2020,Hispanic (all races),
26,Michigan,26109,Menominee,2016,2020,American Indian/Alaskan Native (includes Hispanic),
26,Michigan,26109,Menominee,2016,2020,White (includes Hispanic),7.9
26,Michigan,26111,Midland,2011,2015,Asian/Pacific Islander (includes Hispanic),
26,Michigan,26111,Midland,2011,2015,Black (includes Hispanic),
26,Michigan,26111,Midland,2011,2015,Hispanic (all races),
26,Michigan,26111,Midland,2011,2015,American Indian/Alaskan Native (includes Hispanic),
26,Michigan,26111,Midland,2011,2015,White (includes Hispanic),5.8
26,Michigan,26111,Midland,2012,2016,Asian/Pacific Islander (includes Hispanic),
26,Michigan,26111,Midland,2012,2016,Black (includes Hispanic),
26,Michigan,26111,Midland,2012,2016,Hispanic (all races),
26,Michigan,26111,Midland,2012,2016,American Indian/Alaskan Native (includes Hispanic),
26,Michigan,26111,Midland,2012,2016,White (includes Hispanic),6.5
26,Michigan,26111,Midland,2013,2017,Asian/Pacific Islander (includes Hispanic),
26,Michigan,26111,Midland,2013,2017,Black (includes Hispanic),
26,Michigan,26111,Midland,2013,2017,Hispanic (all races),
26,Michigan,26111,Midland,2013,2017,American Indian/Alaskan Native (includes Hispanic),
26,Michigan,26111,Midland,2013,2017,White (includes Hispanic),7.3
26,Michigan,26111,Midland,2014,2018,Asian/Pacific Islander (includes Hispanic),
26,Michigan,26111,Midland,2014,2018,Black (includes Hispanic),
26,Michigan,26111,Midland,2014,2018,Hispanic (all races),
26,Michigan,26111,Midland,2014,2018,American Indian/Alaskan Native (includes Hispanic),
26,Michigan,26111,Midland,2014,2018,White (includes Hispanic),8.3
26,Michigan,26111,Midland,2015,2019,Asian/Pacific Islander (includes Hispanic),
26,Michigan,26111,Midland,2015,2019,Black (includes Hispanic),
26,Michigan,26111,Midland,2015,2019,Hispanic (all races),
26,Michigan,26111,Midland,2015,2019,American Indian/Alaskan Native (includes Hispanic),
26,Michigan,26111,Midland,2015,2019,White (includes Hispanic),8.8
26,Michigan,26111,Midland,2016,2020,Asian/Pacific Islander (includes Hispanic),
26,Michigan,26111,Midland,2016,2020,Black (includes Hispanic),
26,Michigan,26111,Midland,2016,2020,Hispanic (all races),
26,Michigan,26111,Midland,2016,2020,American Indian/Alaskan Native (includes Hispanic),
26,Michigan,26111,Midland,2016,2020,White (includes Hispanic),8.5
26,Michigan,26113,Missaukee,2011,2015,Asian/Pacific Islander (includes Hispanic),
26,Michigan,26113,Missaukee,2011,2015,Black (includes Hispanic),
26,Michigan,26113,Missaukee,2011,2015,Hispanic (all races),
26,Michigan,26113,Missaukee,2011,2015,American Indian/Alaskan Native (includes Hispanic),
26,Michigan,26113,Missaukee,2011,2015,White (includes Hispanic),6.6
26,Michigan,26113,Missaukee,2012,2016,Asian/Pacific Islander (includes Hispanic),
26,Michigan,26113,Missaukee,2012,2016,Black (includes Hispanic),
26,Michigan,26113,Missaukee,2012,2016,Hispanic (all races),
26,Michigan,26113,Missaukee,2012,2016,American Indian/Alaskan Native (includes Hispanic),
26,Michigan,26113,Missaukee,2012,2016,White (includes Hispanic),6.9
26,Michigan,26113,Missaukee,2013,2017,Asian/Pacific Islander (includes Hispanic),
26,Michigan,26113,Missaukee,2013,2017,Black (includes Hispanic),
26,Michigan,26113,Missaukee,2013,2017,Hispanic (all races),
26,Michigan,26113,Missaukee,2013,2017,American Indian/Alaskan Native (includes Hispanic),
26,Michigan,26113,Missaukee,2013,2017,White (includes Hispanic),7.6
26,Michigan,26113,Missaukee,2014,2018,Asian/Pacific Islander (includes Hispanic),
26,Michigan,26113,Missaukee,2014,2018,Black (includes Hispanic),
26,Michigan,26113,Missaukee,2014,2018,Hispanic (all races),
26,Michigan,26113,Missaukee,2014,2018,American Indian/Alaskan Native (includes Hispanic),
26,Michigan,26113,Missaukee,2014,2018,White (includes Hispanic),7.8
26,Michigan,26113,Missaukee,2015,2019,Asian/Pacific Islander (includes Hispanic),
26,Michigan,26113,Missaukee,2015,2019,Black (includes Hispanic),
26,Michigan,26113,Missaukee,2015,2019,Hispanic (all races),
26,Michigan,26113,Missaukee,2015,2019,American Indian/Alaskan Native (includes Hispanic),
26,Michigan,26113,Missaukee,2015,2019,White (includes Hispanic),7.6
26,Michigan,26113,Missaukee,2016,2020,Asian/Pacific Islander (includes Hispanic),
26,Michigan,26113,Missaukee,2016,2020,Black (includes Hispanic),
26,Michigan,26113,Missaukee,2016,2020,Hispanic (all races),
26,Michigan,26113,Missaukee,2016,2020,American Indian/Alaskan Native (includes Hispanic),
26,Michigan,26113,Missaukee,2016,2020,White (includes Hispanic),7.8
26,Michigan,26115,Monroe,2011,2015,Asian/Pacific Islander (includes Hispanic),
26,Michigan,26115,Monroe,2011,2015,Black (includes Hispanic),8.8
26,Michigan,26115,Monroe,2011,2015,Hispanic (all races),10.8
26,Michigan,26115,Monroe,2011,2015,American Indian/Alaskan Native (includes Hispanic),
26,Michigan,26115,Monroe,2011,2015,White (includes Hispanic),7.8
26,Michigan,26115,Monroe,2012,2016,Asian/Pacific Islander (includes Hispanic),
26,Michigan,26115,Monroe,2012,2016,Black (includes Hispanic),8.8
26,Michigan,26115,Monroe,2012,2016,Hispanic (all races),11.4
26,Michigan,26115,Monroe,2012,2016,American Indian/Alaskan Native (includes Hispanic),
26,Michigan,26115,Monroe,2012,2016,White (includes Hispanic),7.6
26,Michigan,26115,Monroe,2013,2017,Asian/Pacific Islander (includes Hispanic),
26,Michigan,26115,Monroe,2013,2017,Black (includes Hispanic),8.3
26,Michigan,26115,Monroe,2013,2017,Hispanic (all races),11.9
26,Michigan,26115,Monroe,2013,2017,American Indian/Alaskan Native (includes Hispanic),
26,Michigan,26115,Monroe,2013,2017,White (includes Hispanic),7.5
26,Michigan,26115,Monroe,2014,2018,Asian/Pacific Islander (includes Hispanic),
26,Michigan,26115,Monroe,2014,2018,Black (includes Hispanic),8.6
26,Michigan,26115,Monroe,2014,2018,Hispanic (all races),10.6
26,Michigan,26115,Monroe,2014,2018,American Indian/Alaskan Native (includes Hispanic),
26,Michigan,26115,Monroe,2014,2018,White (includes Hispanic),7.5
26,Michigan,26115,Monroe,2015,2019,Asian/Pacific Islander (includes Hispanic),
26,Michigan,26115,Monroe,2015,2019,Black (includes Hispanic),8.1
26,Michigan,26115,Monroe,2015,2019,Hispanic (all races),10.2
26,Michigan,26115,Monroe,2015,2019,American Indian/Alaskan Native (includes Hispanic),
26,Michigan,26115,Monroe,2015,2019,White (includes Hispanic),7.4
26,Michigan,26115,Monroe,2016,2020,Asian/Pacific Islander (includes Hispanic),
26,Michigan,26115,Monroe,2016,2020,Black (includes Hispanic),8.8
26,Michigan,26115,Monroe,2016,2020,Hispanic (all races),9.6
26,Michigan,26115,Monroe,2016,2020,American Indian/Alaskan Native (includes Hispanic),
26,Michigan,26115,Monroe,2016,2020,White (includes Hispanic),7.0
26,Michigan,26117,Montcalm,2011,2015,Asian/Pacific Islander (includes Hispanic),
26,Michigan,26117,Montcalm,2011,2015,Black (includes Hispanic),
26,Michigan,26117,Montcalm,2011,2015,Hispanic (all races),
26,Michigan,26117,Montcalm,2011,2015,American Indian/Alaskan Native (includes Hispanic),
26,Michigan,26117,Montcalm,2011,2015,White (includes Hispanic),6.5
26,Michigan,26117,Montcalm,2012,2016,Asian/Pacific Islander (includes Hispanic),
26,Michigan,26117,Montcalm,2012,2016,Black (includes Hispanic),
26,Michigan,26117,Montcalm,2012,2016,Hispanic (all races),
26,Michigan,26117,Montcalm,2012,2016,American Indian/Alaskan Native (includes Hispanic),
26,Michigan,26117,Montcalm,2012,2016,White (includes Hispanic),6.4
26,Michigan,26117,Montcalm,2013,2017,Asian/Pacific Islander (includes Hispanic),
26,Michigan,26117,Montcalm,2013,2017,Black (includes Hispanic),
26,Michigan,26117,Montcalm,2013,2017,Hispanic (all races),
26,Michigan,26117,Montcalm,2013,2017,American Indian/Alaskan Native (includes Hispanic),
26,Michigan,26117,Montcalm,2013,2017,White (includes Hispanic),6.4
26,Michigan,26117,Montcalm,2014,2018,Asian/Pacific Islander (includes Hispanic),
26,Michigan,26117,Montcalm,2014,2018,Black (includes Hispanic),
26,Michigan,26117,Montcalm,2014,2018,Hispanic (all races),
26,Michigan,26117,Montcalm,2014,2018,American Indian/Alaskan Native (includes Hispanic),
26,Michigan,26117,Montcalm,2014,2018,White (includes Hispanic),6.2
26,Michigan,26117,Montcalm,2015,2019,Asian/Pacific Islander (includes Hispanic),
26,Michigan,26117,Montcalm,2015,2019,Black (includes Hispanic),10.8
26,Michigan,26117,Montcalm,2015,2019,Hispanic (all races),
26,Michigan,26117,Montcalm,2015,2019,American Indian/Alaskan Native (includes Hispanic),
26,Michigan,26117,Montcalm,2015,2019,White (includes Hispanic),6.4
26,Michigan,26117,Montcalm,2016,2020,Asian/Pacific Islander (includes Hispanic),
26,Michigan,26117,Montcalm,2016,2020,Black (includes Hispanic),
26,Michigan,26117,Montcalm,2016,2020,Hispanic (all races),
26,Michigan,26117,Montcalm,2016,2020,American Indian/Alaskan Native (includes Hispanic),
26,Michigan,26117,Montcalm,2016,2020,White (includes Hispanic),5.8
26,Michigan,26119,Montmorency,2011,2015,Asian/Pacific Islander (includes Hispanic),
26,Michigan,26119,Montmorency,2011,2015,Black (includes Hispanic),
26,Michigan,26119,Montmorency,2011,2015,Hispanic (all races),
26,Michigan,26119,Montmorency,2011,2015,American Indian/Alaskan Native (includes Hispanic),
26,Michigan,26119,Montmorency,2011,2015,White (includes Hispanic),7.5
26,Michigan,26119,Montmorency,2012,2016,Asian/Pacific Islander (includes Hispanic),
26,Michigan,26119,Montmorency,2012,2016,Black (includes Hispanic),
26,Michigan,26119,Montmorency,2012,2016,Hispanic (all races),
26,Michigan,26119,Montmorency,2012,2016,American Indian/Alaskan Native (includes Hispanic),
26,Michigan,26119,Montmorency,2012,2016,White (includes Hispanic),8.4
26,Michigan,26119,Montmorency,2013,2017,Asian/Pacific Islander (includes Hispanic),
26,Michigan,26119,Montmorency,2013,2017,Black (includes Hispanic),
26,Michigan,26119,Montmorency,2013,2017,Hispanic (all races),
26,Michigan,26119,Montmorency,2013,2017,American Indian/Alaskan Native (includes Hispanic),
26,Michigan,26119,Montmorency,2013,2017,White (includes Hispanic),9.2
26,Michigan,26119,Montmorency,2014,2018,Asian/Pacific Islander (includes Hispanic),
26,Michigan,26119,Montmorency,2014,2018,Black (includes Hispanic),
26,Michigan,26119,Montmorency,2014,2018,Hispanic (all races),
26,Michigan,26119,Montmorency,2014,2018,American Indian/Alaskan Native (includes Hispanic),
26,Michigan,26119,Montmorency,2014,2018,White (includes Hispanic),7.4
26,Michigan,26119,Montmorency,2015,2019,Asian/Pacific Islander (includes Hispanic),
26,Michigan,26119,Montmorency,2015,2019,Black (includes Hispanic),
26,Michigan,26119,Montmorency,2015,2019,Hispanic (all races),
26,Michigan,26119,Montmorency,2015,2019,American Indian/Alaskan Native (includes Hispanic),
26,Michigan,26119,Montmorency,2015,2019,White (includes Hispanic),7.8
26,Michigan,26119,Montmorency,2016,2020,Asian/Pacific Islander (includes Hispanic),
26,Michigan,26119,Montmorency,2016,2020,Black (includes Hispanic),
26,Michigan,26119,Montmorency,2016,2020,Hispanic (all races),
26,Michigan,26119,Montmorency,2016,2020,American Indian/Alaskan Native (includes Hispanic),
26,Michigan,26119,Montmorency,2016,2020,White (includes Hispanic),6.7
26,Michigan,26121,Muskegon,2011,2015,Asian/Pacific Islander (includes Hispanic),
26,Michigan,26121,Muskegon,2011,2015,Black (includes Hispanic),11.6
26,Michigan,26121,Muskegon,2011,2015,Hispanic (all races),12.6
26,Michigan,26121,Muskegon,2011,2015,American Indian/Alaskan Native (includes Hispanic),
26,Michigan,26121,Muskegon,2011,2015,White (includes Hispanic),6.0
26,Michigan,26121,Muskegon,2012,2016,Asian/Pacific Islander (includes Hispanic),
26,Michigan,26121,Muskegon,2012,2016,Black (includes Hispanic),10.0
26,Michigan,26121,Muskegon,2012,2016,Hispanic (all races),11.6
26,Michigan,26121,Muskegon,2012,2016,American Indian/Alaskan Native (includes Hispanic),
26,Michigan,26121,Muskegon,2012,2016,White (includes Hispanic),6.0
26,Michigan,26121,Muskegon,2013,2017,Asian/Pacific Islander (includes Hispanic),
26,Michigan,26121,Muskegon,2013,2017,Black (includes Hispanic),10.8
26,Michigan,26121,Muskegon,2013,2017,Hispanic (all races),10.3
26,Michigan,26121,Muskegon,2013,2017,American Indian/Alaskan Native (includes Hispanic),
26,Michigan,26121,Muskegon,2013,2017,White (includes Hispanic),6.3
26,Michigan,26121,Muskegon,2014,2018,Asian/Pacific Islander (includes Hispanic),
26,Michigan,26121,Muskegon,2014,2018,Black (includes Hispanic),11.0
26,Michigan,26121,Muskegon,2014,2018,Hispanic (all races),10.6
26,Michigan,26121,Muskegon,2014,2018,American Indian/Alaskan Native (includes Hispanic),
26,Michigan,26121,Muskegon,2014,2018,White (includes Hispanic),6.6
26,Michigan,26121,Muskegon,2015,2019,Asian/Pacific Islander (includes Hispanic),
26,Michigan,26121,Muskegon,2015,2019,Black (includes Hispanic),11.3
26,Michigan,26121,Muskegon,2015,2019,Hispanic (all races),10.7
26,Michigan,26121,Muskegon,2015,2019,American Indian/Alaskan Native (includes Hispanic),
26,Michigan,26121,Muskegon,2015,2019,White (includes Hispanic),6.6
26,Michigan,26121,Muskegon,2016,2020,Asian/Pacific Islander (includes Hispanic),
26,Michigan,26121,Muskegon,2016,2020,Black (includes Hispanic),9.8
26,Michigan,26121,Muskegon,2016,2020,Hispanic (all races),8.9
26,Michigan,26121,Muskegon,2016,2020,American Indian/Alaskan Native (includes Hispanic),
26,Michigan,26121,Muskegon,2016,2020,White (includes Hispanic),6.0
26,Michigan,26123,Newaygo,2011,2015,Asian/Pacific Islander (includes Hispanic),
26,Michigan,26123,Newaygo,2011,2015,Black (includes Hispanic),
26,Michigan,26123,Newaygo,2011,2015,Hispanic (all races),
26,Michigan,26123,Newaygo,2011,2015,American Indian/Alaskan Native (includes Hispanic),
26,Michigan,26123,Newaygo,2011,2015,White (includes Hispanic),5.5
26,Michigan,26123,Newaygo,2012,2016,Asian/Pacific Islander (includes Hispanic),
26,Michigan,26123,Newaygo,2012,2016,Black (includes Hispanic),
26,Michigan,26123,Newaygo,2012,2016,Hispanic (all races),12.5
26,Michigan,26123,Newaygo,2012,2016,American Indian/Alaskan Native (includes Hispanic),
26,Michigan,26123,Newaygo,2012,2016,White (includes Hispanic),5.7
26,Michigan,26123,Newaygo,2013,2017,Asian/Pacific Islander (includes Hispanic),
26,Michigan,26123,Newaygo,2013,2017,Black (includes Hispanic),
26,Michigan,26123,Newaygo,2013,2017,Hispanic (all races),
26,Michigan,26123,Newaygo,2013,2017,American Indian/Alaskan Native (includes Hispanic),
26,Michigan,26123,Newaygo,2013,2017,White (includes Hispanic),5.8
26,Michigan,26123,Newaygo,2014,2018,Asian/Pacific Islander (includes Hispanic),
26,Michigan,26123,Newaygo,2014,2018,Black (includes Hispanic),
26,Michigan,26123,Newaygo,2014,2018,Hispanic (all races),
26,Michigan,26123,Newaygo,2014,2018,American Indian/Alaskan Native (includes Hispanic),
26,Michigan,26123,Newaygo,2014,2018,White (includes Hispanic),6.3
26,Michigan,26123,Newaygo,2015,2019,Asian/Pacific Islander (includes Hispanic),
26,Michigan,26123,Newaygo,2015,2019,Black (includes Hispanic),8.3
26,Michigan,26123,Newaygo,2015,2019,Hispanic (all races),11.3
26,Michigan,26123,Newaygo,2015,2019,American Indian/Alaskan Native (includes Hispanic),
26,Michigan,26123,Newaygo,2015,2019,White (includes Hispanic),6.6
26,Michigan,26123,Newaygo,2016,2020,Asian/Pacific Islander (includes Hispanic),
26,Michigan,26123,Newaygo,2016,2020,Black (includes Hispanic),
26,Michigan,26123,Newaygo,2016,2020,Hispanic (all races),
26,Michigan,26123,Newaygo,2016,2020,American Indian/Alaskan Native (includes Hispanic),
26,Michigan,26123,Newaygo,2016,2020,White (includes Hispanic),6.2
26,Michigan,26125,Oakland,2011,2015,Asian/Pacific Islander (includes Hispanic),3.9
26,Michigan,26125,Oakland,2011,2015,Black (includes Hispanic),8.1
26,Michigan,26125,Oakland,2011,2015,Hispanic (all races),11.4
26,Michigan,26125,Oakland,2011,2015,American Indian/Alaskan Native (includes Hispanic),
26,Michigan,26125,Oakland,2011,2015,White (includes Hispanic),7.0
26,Michigan,26125,Oakland,2012,2016,Asian/Pacific Islander (includes Hispanic),
26,Michigan,26125,Oakland,2012,2016,Black (includes Hispanic),8.2
26,Michigan,26125,Oakland,2012,2016,Hispanic (all races),11.3
26,Michigan,26125,Oakland,2012,2016,American Indian/Alaskan Native (includes Hispanic),
26,Michigan,26125,Oakland,2012,2016,White (includes Hispanic),6.7
26,Michigan,26125,Oakland,2013,2017,Asian/Pacific Islander (includes Hispanic),3.6
26,Michigan,26125,Oakland,2013,2017,Black (includes Hispanic),7.8
26,Michigan,26125,Oakland,2013,2017,Hispanic (all races),10.4
26,Michigan,26125,Oakland,2013,2017,American Indian/Alaskan Native (includes Hispanic),
26,Michigan,26125,Oakland,2013,2017,White (includes Hispanic),6.8
26,Michigan,26125,Oakland,2014,2018,Asian/Pacific Islander (includes Hispanic),3.7
26,Michigan,26125,Oakland,2014,2018,Black (includes Hispanic),7.9
26,Michigan,26125,Oakland,2014,2018,Hispanic (all races),10.2
26,Michigan,26125,Oakland,2014,2018,American Indian/Alaskan Native (includes Hispanic),
26,Michigan,26125,Oakland,2014,2018,White (includes Hispanic),6.8
26,Michigan,26125,Oakland,2015,2019,Asian/Pacific Islander (includes Hispanic),3.3
26,Michigan,26125,Oakland,2015,2019,Black (includes Hispanic),7.3
26,Michigan,26125,Oakland,2015,2019,Hispanic (all races),9.0
26,Michigan,26125,Oakland,2015,2019,American Indian/Alaskan Native (includes Hispanic),
26,Michigan,26125,Oakland,2015,2019,White (includes Hispanic),6.7
26,Michigan,26125,Oakland,2016,2020,Asian/Pacific Islander (includes Hispanic),3.2
26,Michigan,26125,Oakland,2016,2020,Black (includes Hispanic),8.0
26,Michigan,26125,Oakland,2016,2020,Hispanic (all races),8.5
26,Michigan,26125,Oakland,2016,2020,American Indian/Alaskan Native (includes Hispanic),
26,Michigan,26125,Oakland,2016,2020,White (includes Hispanic),6.4
26,Michigan,26127,Oceana,2011,2015,Asian/Pacific Islander (includes Hispanic),
26,Michigan,26127,Oceana,2011,2015,Black (includes Hispanic),
26,Michigan,26127,Oceana,2011,2015,Hispanic (all races),
26,Michigan,26127,Oceana,2011,2015,American Indian/Alaskan Native (includes Hispanic),
26,Michigan,26127,Oceana,2011,2015,White (includes Hispanic),5.7
26,Michigan,26127,Oceana,2012,2016,Asian/Pacific Islander (includes Hispanic),
26,Michigan,26127,Oceana,2012,2016,Black (includes Hispanic),
26,Michigan,26127,Oceana,2012,2016,Hispanic (all races),
26,Michigan,26127,Oceana,2012,2016,American Indian/Alaskan Native (includes Hispanic),
26,Michigan,26127,Oceana,2012,2016,White (includes Hispanic),6.1
26,Michigan,26127,Oceana,2013,2017,Asian/Pacific Islander (includes Hispanic),
26,Michigan,26127,Oceana,2013,2017,Black (includes Hispanic),
26,Michigan,26127,Oceana,2013,2017,Hispanic (all races),
26,Michigan,26127,Oceana,2013,2017,American Indian/Alaskan Native (includes Hispanic),
26,Michigan,26127,Oceana,2013,2017,White (includes Hispanic),6.4
26,Michigan,26127,Oceana,2014,2018,Asian/Pacific Islander (includes Hispanic),
26,Michigan,26127,Oceana,2014,2018,Black (includes Hispanic),
26,Michigan,26127,Oceana,2014,2018,Hispanic (all races),
26,Michigan,26127,Oceana,2014,2018,American Indian/Alaskan Native (includes Hispanic),
26,Michigan,26127,Oceana,2014,2018,White (includes Hispanic),7.1
26,Michigan,26127,Oceana,2015,2019,Asian/Pacific Islander (includes Hispanic),
26,Michigan,26127,Oceana,2015,2019,Black (includes Hispanic),
26,Michigan,26127,Oceana,2015,2019,Hispanic (all races),
26,Michigan,26127,Oceana,2015,2019,American Indian/Alaskan Native (includes Hispanic),
26,Michigan,26127,Oceana,2015,2019,White (includes Hispanic),7.2
26,Michigan,26127,Oceana,2016,2020,Asian/Pacific Islander (includes Hispanic),
26,Michigan,26127,Oceana,2016,2020,Black (includes Hispanic),
26,Michigan,26127,Oceana,2016,2020,Hispanic (all races),
26,Michigan,26127,Oceana,2016,2020,American Indian/Alaskan Native (includes Hispanic),
26,Michigan,26127,Oceana,2016,2020,White (includes Hispanic),7.2
26,Michigan,26129,Ogemaw,2011,2015,Asian/Pacific Islander (includes Hispanic),
26,Michigan,26129,Ogemaw,2011,2015,Black (includes Hispanic),
26,Michigan,26129,Ogemaw,2011,2015,Hispanic (all races),
26,Michigan,26129,Ogemaw,2011,2015,American Indian/Alaskan Native (includes Hispanic),
26,Michigan,26129,Ogemaw,2011,2015,White (includes Hispanic),8.3
26,Michigan,26129,Ogemaw,2012,2016,Asian/Pacific Islander (includes Hispanic),
26,Michigan,26129,Ogemaw,2012,2016,Black (includes Hispanic),
26,Michigan,26129,Ogemaw,2012,2016,Hispanic (all races),
26,Michigan,26129,Ogemaw,2012,2016,American Indian/Alaskan Native (includes Hispanic),
26,Michigan,26129,Ogemaw,2012,2016,White (includes Hispanic),7.1
26,Michigan,26129,Ogemaw,2013,2017,Asian/Pacific Islander (includes Hispanic),
26,Michigan,26129,Ogemaw,2013,2017,Black (includes Hispanic),
26,Michigan,26129,Ogemaw,2013,2017,Hispanic (all races),
26,Michigan,26129,Ogemaw,2013,2017,American Indian/Alaskan Native (includes Hispanic),
26,Michigan,26129,Ogemaw,2013,2017,White (includes Hispanic),7.9
26,Michigan,26129,Ogemaw,2014,2018,Asian/Pacific Islander (includes Hispanic),
26,Michigan,26129,Ogemaw,2014,2018,Black (includes Hispanic),
26,Michigan,26129,Ogemaw,2014,2018,Hispanic (all races),
26,Michigan,26129,Ogemaw,2014,2018,American Indian/Alaskan Native (includes Hispanic),
26,Michigan,26129,Ogemaw,2014,2018,White (includes Hispanic),7.2
26,Michigan,26129,Ogemaw,2015,2019,Asian/Pacific Islander (includes Hispanic),
26,Michigan,26129,Ogemaw,2015,2019,Black (includes Hispanic),
26,Michigan,26129,Ogemaw,2015,2019,Hispanic (all races),
26,Michigan,26129,Ogemaw,2015,2019,American Indian/Alaskan Native (includes Hispanic),
26,Michigan,26129,Ogemaw,2015,2019,White (includes Hispanic),6.5
26,Michigan,26129,Ogemaw,2016,2020,Asian/Pacific Islander (includes Hispanic),
26,Michigan,26129,Ogemaw,2016,2020,Black (includes Hispanic),
26,Michigan,26129,Ogemaw,2016,2020,Hispanic (all races),
26,Michigan,26129,Ogemaw,2016,2020,American Indian/Alaskan Native (includes Hispanic),
26,Michigan,26129,Ogemaw,2016,2020,White (includes Hispanic),6.0
26,Michigan,26131,Ontonagon,2011,2015,Asian/Pacific Islander (includes Hispanic),
26,Michigan,26131,Ontonagon,2011,2015,Black (includes Hispanic),
26,Michigan,26131,Ontonagon,2011,2015,Hispanic (all races),
26,Michigan,26131,Ontonagon,2011,2015,American Indian/Alaskan Native (includes Hispanic),
26,Michigan,26131,Ontonagon,2011,2015,White (includes Hispanic),
26,Michigan,26131,Ontonagon,2012,2016,Asian/Pacific Islander (includes Hispanic),
26,Michigan,26131,Ontonagon,2012,2016,Black (includes Hispanic),
26,Michigan,26131,Ontonagon,2012,2016,Hispanic (all races),
26,Michigan,26131,Ontonagon,2012,2016,American Indian/Alaskan Native (includes Hispanic),
26,Michigan,26131,Ontonagon,2012,2016,White (includes Hispanic),
26,Michigan,26131,Ontonagon,2013,2017,Asian/Pacific Islander (includes Hispanic),
26,Michigan,26131,Ontonagon,2013,2017,Black (includes Hispanic),
26,Michigan,26131,Ontonagon,2013,2017,Hispanic (all races),
26,Michigan,26131,Ontonagon,2013,2017,American Indian/Alaskan Native (includes Hispanic),
26,Michigan,26131,Ontonagon,2013,2017,White (includes Hispanic),
26,Michigan,26131,Ontonagon,2014,2018,Asian/Pacific Islander (includes Hispanic),
26,Michigan,26131,Ontonagon,2014,2018,Black (includes Hispanic),
26,Michigan,26131,Ontonagon,2014,2018,Hispanic (all races),
26,Michigan,26131,Ontonagon,2014,2018,American Indian/Alaskan Native (includes Hispanic),
26,Michigan,26131,Ontonagon,2014,2018,White (includes Hispanic),
26,Michigan,26131,Ontonagon,2015,2019,Asian/Pacific Islander (includes Hispanic),
26,Michigan,26131,Ontonagon,2015,2019,Black (includes Hispanic),
26,Michigan,26131,Ontonagon,2015,2019,Hispanic (all races),
26,Michigan,26131,Ontonagon,2015,2019,American Indian/Alaskan Native (includes Hispanic),
26,Michigan,26131,Ontonagon,2015,2019,White (includes Hispanic),
26,Michigan,26131,Ontonagon,2016,2020,Asian/Pacific Islander (includes Hispanic),
26,Michigan,26131,Ontonagon,2016,2020,Black (includes Hispanic),
26,Michigan,26131,Ontonagon,2016,2020,Hispanic (all races),
26,Michigan,26131,Ontonagon,2016,2020,American Indian/Alaskan Native (includes Hispanic),
26,Michigan,26131,Ontonagon,2016,2020,White (includes Hispanic),
26,Michigan,26133,Osceola,2011,2015,Asian/Pacific Islander (includes Hispanic),
26,Michigan,26133,Osceola,2011,2015,Black (includes Hispanic),
26,Michigan,26133,Osceola,2011,2015,Hispanic (all races),
26,Michigan,26133,Osceola,2011,2015,American Indian/Alaskan Native (includes Hispanic),
26,Michigan,26133,Osceola,2011,2015,White (includes Hispanic),6.5
26,Michigan,26133,Osceola,2012,2016,Asian/Pacific Islander (includes Hispanic),
26,Michigan,26133,Osceola,2012,2016,Black (includes Hispanic),
26,Michigan,26133,Osceola,2012,2016,Hispanic (all races),
26,Michigan,26133,Osceola,2012,2016,American Indian/Alaskan Native (includes Hispanic),
26,Michigan,26133,Osceola,2012,2016,White (includes Hispanic),6.7
26,Michigan,26133,Osceola,2013,2017,Asian/Pacific Islander (includes Hispanic),
26,Michigan,26133,Osceola,2013,2017,Black (includes Hispanic),
26,Michigan,26133,Osceola,2013,2017,Hispanic (all races),
26,Michigan,26133,Osceola,2013,2017,American Indian/Alaskan Native (includes Hispanic),
26,Michigan,26133,Osceola,2013,2017,White (includes Hispanic),7.8
26,Michigan,26133,Osceola,2014,2018,Asian/Pacific Islander (includes Hispanic),
26,Michigan,26133,Osceola,2014,2018,Black (includes Hispanic),
26,Michigan,26133,Osceola,2014,2018,Hispanic (all races),
26,Michigan,26133,Osceola,2014,2018,American Indian/Alaskan Native (includes Hispanic),
26,Michigan,26133,Osceola,2014,2018,White (includes Hispanic),8.0
26,Michigan,26133,Osceola,2015,2019,Asian/Pacific Islander (includes Hispanic),
26,Michigan,26133,Osceola,2015,2019,Black (includes Hispanic),
26,Michigan,26133,Osceola,2015,2019,Hispanic (all races),
26,Michigan,26133,Osceola,2015,2019,American Indian/Alaskan Native (includes Hispanic),
26,Michigan,26133,Osceola,2015,2019,White (includes Hispanic),8.3
26,Michigan,26133,Osceola,2016,2020,Asian/Pacific Islander (includes Hispanic),
26,Michigan,26133,Osceola,2016,2020,Black (includes Hispanic),
26,Michigan,26133,Osceola,2016,2020,Hispanic (all races),
26,Michigan,26133,Osceola,2016,2020,American Indian/Alaskan Native (includes Hispanic),
26,Michigan,26133,Osceola,2016,2020,White (includes Hispanic),7.8
26,Michigan,26135,Oscoda,2011,2015,Asian/Pacific Islander (includes Hispanic),
26,Michigan,26135,Oscoda,2011,2015,Black (includes Hispanic),
26,Michigan,26135,Oscoda,2011,2015,Hispanic (all races),
26,Michigan,26135,Oscoda,2011,2015,American Indian/Alaskan Native (includes Hispanic),
26,Michigan,26135,Oscoda,2011,2015,White (includes Hispanic),8.7
26,Michigan,26135,Oscoda,2012,2016,Asian/Pacific Islander (includes Hispanic),
26,Michigan,26135,Oscoda,2012,2016,Black (includes Hispanic),
26,Michigan,26135,Oscoda,2012,2016,Hispanic (all races),
26,Michigan,26135,Oscoda,2012,2016,American Indian/Alaskan Native (includes Hispanic),
26,Michigan,26135,Oscoda,2012,2016,White (includes Hispanic),8.8
26,Michigan,26135,Oscoda,2013,2017,Asian/Pacific Islander (includes Hispanic),
26,Michigan,26135,Oscoda,2013,2017,Black (includes Hispanic),
26,Michigan,26135,Oscoda,2013,2017,Hispanic (all races),
26,Michigan,26135,Oscoda,2013,2017,American Indian/Alaskan Native (includes Hispanic),
26,Michigan,26135,Oscoda,2013,2017,White (includes Hispanic),9.4
26,Michigan,26135,Oscoda,2014,2018,Asian/Pacific Islander (includes Hispanic),
26,Michigan,26135,Oscoda,2014,2018,Black (includes Hispanic),
26,Michigan,26135,Oscoda,2014,2018,Hispanic (all races),
26,Michigan,26135,Oscoda,2014,2018,American Indian/Alaskan Native (includes Hispanic),
26,Michigan,26135,Oscoda,2014,2018,White (includes Hispanic),9.3
26,Michigan,26135,Oscoda,2015,2019,Asian/Pacific Islander (includes Hispanic),
26,Michigan,26135,Oscoda,2015,2019,Black (includes Hispanic),
26,Michigan,26135,Oscoda,2015,2019,Hispanic (all races),
26,Michigan,26135,Oscoda,2015,2019,American Indian/Alaskan Native (includes Hispanic),
26,Michigan,26135,Oscoda,2015,2019,White (includes Hispanic),8.5
26,Michigan,26135,Oscoda,2016,2020,Asian/Pacific Islander (includes Hispanic),
26,Michigan,26135,Oscoda,2016,2020,Black (includes Hispanic),
26,Michigan,26135,Oscoda,2016,2020,Hispanic (all races),
26,Michigan,26135,Oscoda,2016,2020,American Indian/Alaskan Native (includes Hispanic),
26,Michigan,26135,Oscoda,2016,2020,White (includes Hispanic),8.3
26,Michigan,26137,Otsego,2011,2015,Asian/Pacific Islander (includes Hispanic),
26,Michigan,26137,Otsego,2011,2015,Black (includes Hispanic),
26,Michigan,26137,Otsego,2011,2015,Hispanic (all races),
26,Michigan,26137,Otsego,2011,2015,American Indian/Alaskan Native (includes Hispanic),
26,Michigan,26137,Otsego,2011,2015,White (includes Hispanic),10.5
26,Michigan,26137,Otsego,2012,2016,Asian/Pacific Islander (includes Hispanic),
26,Michigan,26137,Otsego,2012,2016,Black (includes Hispanic),
26,Michigan,26137,Otsego,2012,2016,Hispanic (all races),
26,Michigan,26137,Otsego,2012,2016,American Indian/Alaskan Native (includes Hispanic),
26,Michigan,26137,Otsego,2012,2016,White (includes Hispanic),9.7
26,Michigan,26137,Otsego,2013,2017,Asian/Pacific Islander (includes Hispanic),
26,Michigan,26137,Otsego,2013,2017,Black (includes Hispanic),
26,Michigan,26137,Otsego,2013,2017,Hispanic (all races),
26,Michigan,26137,Otsego,2013,2017,American Indian/Alaskan Native (includes Hispanic),
26,Michigan,26137,Otsego,2013,2017,White (includes Hispanic),9.3
26,Michigan,26137,Otsego,2014,2018,Asian/Pacific Islander (includes Hispanic),
26,Michigan,26137,Otsego,2014,2018,Black (includes Hispanic),
26,Michigan,26137,Otsego,2014,2018,Hispanic (all races),
26,Michigan,26137,Otsego,2014,2018,American Indian/Alaskan Native (includes Hispanic),
26,Michigan,26137,Otsego,2014,2018,White (includes Hispanic),7.5
26,Michigan,26137,Otsego,2015,2019,Asian/Pacific Islander (includes Hispanic),
26,Michigan,26137,Otsego,2015,2019,Black (includes Hispanic),
26,Michigan,26137,Otsego,2015,2019,Hispanic (all races),
26,Michigan,26137,Otsego,2015,2019,American Indian/Alaskan Native (includes Hispanic),
26,Michigan,26137,Otsego,2015,2019,White (includes Hispanic),6.9
26,Michigan,26137,Otsego,2016,2020,Asian/Pacific Islander (includes Hispanic),
26,Michigan,26137,Otsego,2016,2020,Black (includes Hispanic),
26,Michigan,26137,Otsego,2016,2020,Hispanic (all races),
26,Michigan,26137,Otsego,2016,2020,American Indian/Alaskan Native (includes Hispanic),
26,Michigan,26137,Otsego,2016,2020,White (includes Hispanic),5.1
26,Michigan,26139,Ottawa,2011,2015,Asian/Pacific Islander (includes Hispanic),13.4
26,Michigan,26139,Ottawa,2011,2015,Black (includes Hispanic),11.6
26,Michigan,26139,Ottawa,2011,2015,Hispanic (all races),12.7
26,Michigan,26139,Ottawa,2011,2015,American Indian/Alaskan Native (includes Hispanic),
26,Michigan,26139,Ottawa,2011,2015,White (includes Hispanic),6.0
26,Michigan,26139,Ottawa,2012,2016,Asian/Pacific Islander (includes Hispanic),14.2
26,Michigan,26139,Ottawa,2012,2016,Black (includes Hispanic),10.1
26,Michigan,26139,Ottawa,2012,2016,Hispanic (all races),11.7
26,Michigan,26139,Ottawa,2012,2016,American Indian/Alaskan Native (includes Hispanic),
26,Michigan,26139,Ottawa,2012,2016,White (includes Hispanic),5.9
26,Michigan,26139,Ottawa,2013,2017,Asian/Pacific Islander (includes Hispanic),12.0
26,Michigan,26139,Ottawa,2013,2017,Black (includes Hispanic),11.1
26,Michigan,26139,Ottawa,2013,2017,Hispanic (all races),10.6
26,Michigan,26139,Ottawa,2013,2017,American Indian/Alaskan Native (includes Hispanic),
26,Michigan,26139,Ottawa,2013,2017,White (includes Hispanic),6.1
26,Michigan,26139,Ottawa,2014,2018,Asian/Pacific Islander (includes Hispanic),
26,Michigan,26139,Ottawa,2014,2018,Black (includes Hispanic),11.0
26,Michigan,26139,Ottawa,2014,2018,Hispanic (all races),10.9
26,Michigan,26139,Ottawa,2014,2018,American Indian/Alaskan Native (includes Hispanic),
26,Michigan,26139,Ottawa,2014,2018,White (includes Hispanic),6.4
26,Michigan,26139,Ottawa,2015,2019,Asian/Pacific Islander (includes Hispanic),
26,Michigan,26139,Ottawa,2015,2019,Black (includes Hispanic),10.9
26,Michigan,26139,Ottawa,2015,2019,Hispanic (all races),10.1
26,Michigan,26139,Ottawa,2015,2019,American Indian/Alaskan Native (includes Hispanic),
26,Michigan,26139,Ottawa,2015,2019,White (includes Hispanic),6.4
26,Michigan,26139,Ottawa,2016,2020,Asian/Pacific Islander (includes Hispanic),
26,Michigan,26139,Ottawa,2016,2020,Black (includes Hispanic),9.4
26,Michigan,26139,Ottawa,2016,2020,Hispanic (all races),9.0
26,Michigan,26139,Ottawa,2016,2020,American Indian/Alaskan Native (includes Hispanic),
26,Michigan,26139,Ottawa,2016,2020,White (includes Hispanic),5.9
26,Michigan,26141,Presque Isle,2011,2015,Asian/Pacific Islander (includes Hispanic),
26,Michigan,26141,Presque Isle,2011,2015,Black (includes Hispanic),
26,Michigan,26141,Presque Isle,2011,2015,Hispanic (all races),
26,Michigan,26141,Presque Isle,2011,2015,American Indian/Alaskan Native (includes Hispanic),
26,Michigan,26141,Presque Isle,2011,2015,White (includes Hispanic),7.2
26,Michigan,26141,Presque Isle,2012,2016,Asian/Pacific Islander (includes Hispanic),
26,Michigan,26141,Presque Isle,2012,2016,Black (includes Hispanic),
26,Michigan,26141,Presque Isle,2012,2016,Hispanic (all races),
26,Michigan,26141,Presque Isle,2012,2016,American Indian/Alaskan Native (includes Hispanic),
26,Michigan,26141,Presque Isle,2012,2016,White (includes Hispanic),7.8
26,Michigan,26141,Presque Isle,2013,2017,Asian/Pacific Islander (includes Hispanic),
26,Michigan,26141,Presque Isle,2013,2017,Black (includes Hispanic),
26,Michigan,26141,Presque Isle,2013,2017,Hispanic (all races),
26,Michigan,26141,Presque Isle,2013,2017,American Indian/Alaskan Native (includes Hispanic),
26,Michigan,26141,Presque Isle,2013,2017,White (includes Hispanic),8.6
26,Michigan,26141,Presque Isle,2014,2018,Asian/Pacific Islander (includes Hispanic),
26,Michigan,26141,Presque Isle,2014,2018,Black (includes Hispanic),
26,Michigan,26141,Presque Isle,2014,2018,Hispanic (all races),
26,Michigan,26141,Presque Isle,2014,2018,American Indian/Alaskan Native (includes Hispanic),
26,Michigan,26141,Presque Isle,2014,2018,White (includes Hispanic),6.2
26,Michigan,26141,Presque Isle,2015,2019,Asian/Pacific Islander (includes Hispanic),
26,Michigan,26141,Presque Isle,2015,2019,Black (includes Hispanic),
26,Michigan,26141,Presque Isle,2015,2019,Hispanic (all races),
26,Michigan,26141,Presque Isle,2015,2019,American Indian/Alaskan Native (includes Hispanic),
26,Michigan,26141,Presque Isle,2015,2019,White (includes Hispanic),7.3
26,Michigan,26141,Presque Isle,2016,2020,Asian/Pacific Islander (includes Hispanic),
26,Michigan,26141,Presque Isle,2016,2020,Black (includes Hispanic),
26,Michigan,26141,Presque Isle,2016,2020,Hispanic (all races),
26,Michigan,26141,Presque Isle,2016,2020,American Indian/Alaskan Native (includes Hispanic),
26,Michigan,26141,Presque Isle,2016,2020,White (includes Hispanic),
26,Michigan,26143,Roscommon,2011,2015,Asian/Pacific Islander (includes Hispanic),
26,Michigan,26143,Roscommon,2011,2015,Black (includes Hispanic),
26,Michigan,26143,Roscommon,2011,2015,Hispanic (all races),
26,Michigan,26143,Roscommon,2011,2015,American Indian/Alaskan Native (includes Hispanic),
26,Michigan,26143,Roscommon,2011,2015,White (includes Hispanic),8.5
26,Michigan,26143,Roscommon,2012,2016,Asian/Pacific Islander (includes Hispanic),
26,Michigan,26143,Roscommon,2012,2016,Black (includes Hispanic),
26,Michigan,26143,Roscommon,2012,2016,Hispanic (all races),
26,Michigan,26143,Roscommon,2012,2016,American Indian/Alaskan Native (includes Hispanic),
26,Michigan,26143,Roscommon,2012,2016,White (includes Hispanic),7.6
26,Michigan,26143,Roscommon,2013,2017,Asian/Pacific Islander (includes Hispanic),
26,Michigan,26143,Roscommon,2013,2017,Black (includes Hispanic),
26,Michigan,26143,Roscommon,2013,2017,Hispanic (all races),
26,Michigan,26143,Roscommon,2013,2017,American Indian/Alaskan Native (includes Hispanic),
26,Michigan,26143,Roscommon,2013,2017,White (includes Hispanic),9.2
26,Michigan,26143,Roscommon,2014,2018,Asian/Pacific Islander (includes Hispanic),
26,Michigan,26143,Roscommon,2014,2018,Black (includes Hispanic),
26,Michigan,26143,Roscommon,2014,2018,Hispanic (all races),
26,Michigan,26143,Roscommon,2014,2018,American Indian/Alaskan Native (includes Hispanic),
26,Michigan,26143,Roscommon,2014,2018,White (includes Hispanic),8.8
26,Michigan,26143,Roscommon,2015,2019,Asian/Pacific Islander (includes Hispanic),
26,Michigan,26143,Roscommon,2015,2019,Black (includes Hispanic),
26,Michigan,26143,Roscommon,2015,2019,Hispanic (all races),
26,Michigan,26143,Roscommon,2015,2019,American Indian/Alaskan Native (includes Hispanic),
26,Michigan,26143,Roscommon,2015,2019,White (includes Hispanic),8.6
26,Michigan,26143,Roscommon,2016,2020,Asian/Pacific Islander (includes Hispanic),
26,Michigan,26143,Roscommon,2016,2020,Black (includes Hispanic),
26,Michigan,26143,Roscommon,2016,2020,Hispanic (all races),
26,Michigan,26143,Roscommon,2016,2020,American Indian/Alaskan Native (includes Hispanic),
26,Michigan,26143,Roscommon,2016,2020,White (includes Hispanic),7.2
26,Michigan,26145,Saginaw,2011,2015,Asian/Pacific Islander (includes Hispanic),
26,Michigan,26145,Saginaw,2011,2015,Black (includes Hispanic),6.7
26,Michigan,26145,Saginaw,2011,2015,Hispanic (all races),
26,Michigan,26145,Saginaw,2011,2015,American Indian/Alaskan Native (includes Hispanic),
26,Michigan,26145,Saginaw,2011,2015,White (includes Hispanic),6.9
26,Michigan,26145,Saginaw,2012,2016,Asian/Pacific Islander (includes Hispanic),
26,Michigan,26145,Saginaw,2012,2016,Black (includes Hispanic),7.0
26,Michigan,26145,Saginaw,2012,2016,Hispanic (all races),
26,Michigan,26145,Saginaw,2012,2016,American Indian/Alaskan Native (includes Hispanic),
26,Michigan,26145,Saginaw,2012,2016,White (includes Hispanic),7.1
26,Michigan,26145,Saginaw,2013,2017,Asian/Pacific Islander (includes Hispanic),
26,Michigan,26145,Saginaw,2013,2017,Black (includes Hispanic),9.0
26,Michigan,26145,Saginaw,2013,2017,Hispanic (all races),
26,Michigan,26145,Saginaw,2013,2017,American Indian/Alaskan Native (includes Hispanic),
26,Michigan,26145,Saginaw,2013,2017,White (includes Hispanic),7.2
26,Michigan,26145,Saginaw,2014,2018,Asian/Pacific Islander (includes Hispanic),
26,Michigan,26145,Saginaw,2014,2018,Black (includes Hispanic),8.1
26,Michigan,26145,Saginaw,2014,2018,Hispanic (all races),
26,Michigan,26145,Saginaw,2014,2018,American Indian/Alaskan Native (includes Hispanic),
26,Michigan,26145,Saginaw,2014,2018,White (includes Hispanic),7.6
26,Michigan,26145,Saginaw,2015,2019,Asian/Pacific Islander (includes Hispanic),
26,Michigan,26145,Saginaw,2015,2019,Black (includes Hispanic),7.9
26,Michigan,26145,Saginaw,2015,2019,Hispanic (all races),
26,Michigan,26145,Saginaw,2015,2019,American Indian/Alaskan Native (includes Hispanic),
26,Michigan,26145,Saginaw,2015,2019,White (includes Hispanic),7.6
26,Michigan,26145,Saginaw,2016,2020,Asian/Pacific Islander (includes Hispanic),
26,Michigan,26145,Saginaw,2016,2020,Black (includes Hispanic),7.2
26,Michigan,26145,Saginaw,2016,2020,Hispanic (all races),
26,Michigan,26145,Saginaw,2016,2020,American Indian/Alaskan Native (includes Hispanic),
26,Michigan,26145,Saginaw,2016,2020,White (includes Hispanic),7.7
26,Michigan,26151,Sanilac,2011,2015,Asian/Pacific Islander (includes Hispanic),
26,Michigan,26151,Sanilac,2011,2015,Black (includes Hispanic),
26,Michigan,26151,Sanilac,2011,2015,Hispanic (all races),
26,Michigan,26151,Sanilac,2011,2015,American Indian/Alaskan Native (includes Hispanic),
26,Michigan,26151,Sanilac,2011,2015,White (includes Hispanic),7.5
26,Michigan,26151,Sanilac,2012,2016,Asian/Pacific Islander (includes Hispanic),
26,Michigan,26151,Sanilac,2012,2016,Black (includes Hispanic),
26,Michigan,26151,Sanilac,2012,2016,Hispanic (all races),
26,Michigan,26151,Sanilac,2012,2016,American Indian/Alaskan Native (includes Hispanic),
26,Michigan,26151,Sanilac,2012,2016,White (includes Hispanic),7.5
26,Michigan,26151,Sanilac,2013,2017,Asian/Pacific Islander (includes Hispanic),
26,Michigan,26151,Sanilac,2013,2017,Black (includes Hispanic),
26,Michigan,26151,Sanilac,2013,2017,Hispanic (all races),
26,Michigan,26151,Sanilac,2013,2017,American Indian/Alaskan Native (includes Hispanic),
26,Michigan,26151,Sanilac,2013,2017,White (includes Hispanic),7.2
26,Michigan,26151,Sanilac,2014,2018,Asian/Pacific Islander (includes Hispanic),
26,Michigan,26151,Sanilac,2014,2018,Black (includes Hispanic),
26,Michigan,26151,Sanilac,2014,2018,Hispanic (all races),
26,Michigan,26151,Sanilac,2014,2018,American Indian/Alaskan Native (includes Hispanic),
26,Michigan,26151,Sanilac,2014,2018,White (includes Hispanic),7.3
26,Michigan,26151,Sanilac,2015,2019,Asian/Pacific Islander (includes Hispanic),
26,Michigan,26151,Sanilac,2015,2019,Black (includes Hispanic),
26,Michigan,26151,Sanilac,2015,2019,Hispanic (all races),
26,Michigan,26151,Sanilac,2015,2019,American Indian/Alaskan Native (includes Hispanic),
26,Michigan,26151,Sanilac,2015,2019,White (includes Hispanic),7.0
26,Michigan,26151,Sanilac,2016,2020,Asian/Pacific Islander (includes Hispanic),
26,Michigan,26151,Sanilac,2016,2020,Black (includes Hispanic),
26,Michigan,26151,Sanilac,2016,2020,Hispanic (all races),
26,Michigan,26151,Sanilac,2016,2020,American Indian/Alaskan Native (includes Hispanic),
26,Michigan,26151,Sanilac,2016,2020,White (includes Hispanic),6.8
26,Michigan,26153,Schoolcraft,2011,2015,Asian/Pacific Islander (includes Hispanic),
26,Michigan,26153,Schoolcraft,2011,2015,Black (includes Hispanic),
26,Michigan,26153,Schoolcraft,2011,2015,Hispanic (all races),
26,Michigan,26153,Schoolcraft,2011,2015,American Indian/Alaskan Native (includes Hispanic),
26,Michigan,26153,Schoolcraft,2011,2015,White (includes Hispanic),10.1
26,Michigan,26153,Schoolcraft,2012,2016,Asian/Pacific Islander (includes Hispanic),
26,Michigan,26153,Schoolcraft,2012,2016,Black (includes Hispanic),
26,Michigan,26153,Schoolcraft,2012,2016,Hispanic (all races),
26,Michigan,26153,Schoolcraft,2012,2016,American Indian/Alaskan Native (includes Hispanic),
26,Michigan,26153,Schoolcraft,2012,2016,White (includes Hispanic),8.4
26,Michigan,26153,Schoolcraft,2013,2017,Asian/Pacific Islander (includes Hispanic),
26,Michigan,26153,Schoolcraft,2013,2017,Black (includes Hispanic),
26,Michigan,26153,Schoolcraft,2013,2017,Hispanic (all races),
26,Michigan,26153,Schoolcraft,2013,2017,American Indian/Alaskan Native (includes Hispanic),
26,Michigan,26153,Schoolcraft,2013,2017,White (includes Hispanic),7.8
26,Michigan,26153,Schoolcraft,2014,2018,Asian/Pacific Islander (includes Hispanic),
26,Michigan,26153,Schoolcraft,2014,2018,Black (includes Hispanic),
26,Michigan,26153,Schoolcraft,2014,2018,Hispanic (all races),
26,Michigan,26153,Schoolcraft,2014,2018,American Indian/Alaskan Native (includes Hispanic),
26,Michigan,26153,Schoolcraft,2014,2018,White (includes Hispanic),6.6
26,Michigan,26153,Schoolcraft,2015,2019,Asian/Pacific Islander (includes Hispanic),
26,Michigan,26153,Schoolcraft,2015,2019,Black (includes Hispanic),
26,Michigan,26153,Schoolcraft,2015,2019,Hispanic (all races),
26,Michigan,26153,Schoolcraft,2015,2019,American Indian/Alaskan Native (includes Hispanic),
26,Michigan,26153,Schoolcraft,2015,2019,White (includes Hispanic),5.3
26,Michigan,26153,Schoolcraft,2016,2020,Asian/Pacific Islander (includes Hispanic),
26,Michigan,26153,Schoolcraft,2016,2020,Black (includes Hispanic),
26,Michigan,26153,Schoolcraft,2016,2020,Hispanic (all races),
26,Michigan,26153,Schoolcraft,2016,2020,American Indian/Alaskan Native (includes Hispanic),
26,Michigan,26153,Schoolcraft,2016,2020,White (includes Hispanic),5.6
26,Michigan,26155,Shiawassee,2011,2015,Asian/Pacific Islander (includes Hispanic),
26,Michigan,26155,Shiawassee,2011,2015,Black (includes Hispanic),6.7
26,Michigan,26155,Shiawassee,2011,2015,Hispanic (all races),
26,Michigan,26155,Shiawassee,2011,2015,American Indian/Alaskan Native (includes Hispanic),
26,Michigan,26155,Shiawassee,2011,2015,White (includes Hispanic),7.3
26,Michigan,26155,Shiawassee,2012,2016,Asian/Pacific Islander (includes Hispanic),
26,Michigan,26155,Shiawassee,2012,2016,Black (includes Hispanic),7.1
26,Michigan,26155,Shiawassee,2012,2016,Hispanic (all races),
26,Michigan,26155,Shiawassee,2012,2016,American Indian/Alaskan Native (includes Hispanic),
26,Michigan,26155,Shiawassee,2012,2016,White (includes Hispanic),6.9
26,Michigan,26155,Shiawassee,2013,2017,Asian/Pacific Islander (includes Hispanic),
26,Michigan,26155,Shiawassee,2013,2017,Black (includes Hispanic),9.5
26,Michigan,26155,Shiawassee,2013,2017,Hispanic (all races),
26,Michigan,26155,Shiawassee,2013,2017,American Indian/Alaskan Native (includes Hispanic),
26,Michigan,26155,Shiawassee,2013,2017,White (includes Hispanic),7.1
26,Michigan,26155,Shiawassee,2014,2018,Asian/Pacific Islander (includes Hispanic),
26,Michigan,26155,Shiawassee,2014,2018,Black (includes Hispanic),8.4
26,Michigan,26155,Shiawassee,2014,2018,Hispanic (all races),
26,Michigan,26155,Shiawassee,2014,2018,American Indian/Alaskan Native (includes Hispanic),
26,Michigan,26155,Shiawassee,2014,2018,White (includes Hispanic),7.0
26,Michigan,26155,Shiawassee,2015,2019,Asian/Pacific Islander (includes Hispanic),
26,Michigan,26155,Shiawassee,2015,2019,Black (includes Hispanic),8.2
26,Michigan,26155,Shiawassee,2015,2019,Hispanic (all races),
26,Michigan,26155,Shiawassee,2015,2019,American Indian/Alaskan Native (includes Hispanic),
26,Michigan,26155,Shiawassee,2015,2019,White (includes Hispanic),7.3
26,Michigan,26155,Shiawassee,2016,2020,Asian/Pacific Islander (includes Hispanic),
26,Michigan,26155,Shiawassee,2016,2020,Black (includes Hispanic),7.7
26,Michigan,26155,Shiawassee,2016,2020,Hispanic (all races),13.1
26,Michigan,26155,Shiawassee,2016,2020,American Indian/Alaskan Native (includes Hispanic),
26,Michigan,26155,Shiawassee,2016,2020,White (includes Hispanic),7.6
26,Michigan,26147,St. Clair,2011,2015,Asian/Pacific Islander (includes Hispanic),
26,Michigan,26147,St. Clair,2011,2015,Black (includes Hispanic),
26,Michigan,26147,St. Clair,2011,2015,Hispanic (all races),
26,Michigan,26147,St. Clair,2011,2015,American Indian/Alaskan Native (includes Hispanic),
26,Michigan,26147,St. Clair,2011,2015,White (includes Hispanic),6.9
26,Michigan,26147,St. Clair,2012,2016,Asian/Pacific Islander (includes Hispanic),
26,Michigan,26147,St. Clair,2012,2016,Black (includes Hispanic),
26,Michigan,26147,St. Clair,2012,2016,Hispanic (all races),
26,Michigan,26147,St. Clair,2012,2016,American Indian/Alaskan Native (includes Hispanic),
26,Michigan,26147,St. Clair,2012,2016,White (includes Hispanic),6.5
26,Michigan,26147,St. Clair,2013,2017,Asian/Pacific Islander (includes Hispanic),
26,Michigan,26147,St. Clair,2013,2017,Black (includes Hispanic),
26,Michigan,26147,St. Clair,2013,2017,Hispanic (all races),
26,Michigan,26147,St. Clair,2013,2017,American Indian/Alaskan Native (includes Hispanic),
26,Michigan,26147,St. Clair,2013,2017,White (includes Hispanic),6.6
26,Michigan,26147,St. Clair,2014,2018,Asian/Pacific Islander (includes Hispanic),
26,Michigan,26147,St. Clair,2014,2018,Black (includes Hispanic),6.8
26,Michigan,26147,St. Clair,2014,2018,Hispanic (all races),
26,Michigan,26147,St. Clair,2014,2018,American Indian/Alaskan Native (includes Hispanic),
26,Michigan,26147,St. Clair,2014,2018,White (includes Hispanic),6.9
26,Michigan,26147,St. Clair,2015,2019,Asian/Pacific Islander (includes Hispanic),
26,Michigan,26147,St. Clair,2015,2019,Black (includes Hispanic),
26,Michigan,26147,St. Clair,2015,2019,Hispanic (all races),
26,Michigan,26147,St. Clair,2015,2019,American Indian/Alaskan Native (includes Hispanic),
26,Michigan,26147,St. Clair,2015,2019,White (includes Hispanic),7.1
26,Michigan,26147,St. Clair,2016,2020,Asian/Pacific Islander (includes Hispanic),
26,Michigan,26147,St. Clair,2016,2020,Black (includes Hispanic),5.7
26,Michigan,26147,St. Clair,2016,2020,Hispanic (all races),
26,Michigan,26147,St. Clair,2016,2020,American Indian/Alaskan Native (includes Hispanic),
26,Michigan,26147,St. Clair,2016,2020,White (includes Hispanic),6.7
26,Michigan,26149,St. Joseph,2011,2015,Asian/Pacific Islander (includes Hispanic),
26,Michigan,26149,St. Joseph,2011,2015,Black (includes Hispanic),
26,Michigan,26149,St. Joseph,2011,2015,Hispanic (all races),
26,Michigan,26149,St. Joseph,2011,2015,American Indian/Alaskan Native (includes Hispanic),
26,Michigan,26149,St. Joseph,2011,2015,White (includes Hispanic),7.5
26,Michigan,26149,St. Joseph,2012,2016,Asian/Pacific Islander (includes Hispanic),
26,Michigan,26149,St. Joseph,2012,2016,Black (includes Hispanic),
26,Michigan,26149,St. Joseph,2012,2016,Hispanic (all races),
26,Michigan,26149,St. Joseph,2012,2016,American Indian/Alaskan Native (includes Hispanic),
26,Michigan,26149,St. Joseph,2012,2016,White (includes Hispanic),7.8
26,Michigan,26149,St. Joseph,2013,2017,Asian/Pacific Islander (includes Hispanic),
26,Michigan,26149,St. Joseph,2013,2017,Black (includes Hispanic),
26,Michigan,26149,St. Joseph,2013,2017,Hispanic (all races),
26,Michigan,26149,St. Joseph,2013,2017,American Indian/Alaskan Native (includes Hispanic),
26,Michigan,26149,St. Joseph,2013,2017,White (includes Hispanic),8.0
26,Michigan,26149,St. Joseph,2014,2018,Asian/Pacific Islander (includes Hispanic),
26,Michigan,26149,St. Joseph,2014,2018,Black (includes Hispanic),
26,Michigan,26149,St. Joseph,2014,2018,Hispanic (all races),
26,Michigan,26149,St. Joseph,2014,2018,American Indian/Alaskan Native (includes Hispanic),
26,Michigan,26149,St. Joseph,2014,2018,White (includes Hispanic),7.6
26,Michigan,26149,St. Joseph,2015,2019,Asian/Pacific Islander (includes Hispanic),
26,Michigan,26149,St. Joseph,2015,2019,Black (includes Hispanic),
26,Michigan,26149,St. Joseph,2015,2019,Hispanic (all races),
26,Michigan,26149,St. Joseph,2015,2019,American Indian/Alaskan Native (includes Hispanic),
26,Michigan,26149,St. Joseph,2015,2019,White (includes Hispanic),8.5
26,Michigan,26149,St. Joseph,2016,2020,Asian/Pacific Islander (includes Hispanic),
26,Michigan,26149,St. Joseph,2016,2020,Black (includes Hispanic),
26,Michigan,26149,St. Joseph,2016,2020,Hispanic (all races),
26,Michigan,26149,St. Joseph,2016,2020,American Indian/Alaskan Native (includes Hispanic),
26,Michigan,26149,St. Joseph,2016,2020,White (includes Hispanic),7.9
26,Michigan,26157,Tuscola,2011,2015,Asian/Pacific Islander (includes Hispanic),
26,Michigan,26157,Tuscola,2011,2015,Black (includes Hispanic),6.7
26,Michigan,26157,Tuscola,2011,2015,Hispanic (all races),
26,Michigan,26157,Tuscola,2011,2015,American Indian/Alaskan Native (includes Hispanic),
26,Michigan,26157,Tuscola,2011,2015,White (includes Hispanic),7.1
26,Michigan,26157,Tuscola,2012,2016,Asian/Pacific Islander (includes Hispanic),
26,Michigan,26157,Tuscola,2012,2016,Black (includes Hispanic),7.0
26,Michigan,26157,Tuscola,2012,2016,Hispanic (all races),
26,Michigan,26157,Tuscola,2012,2016,American Indian/Alaskan Native (includes Hispanic),
26,Michigan,26157,Tuscola,2012,2016,White (includes Hispanic),7.2
26,Michigan,26157,Tuscola,2013,2017,Asian/Pacific Islander (includes Hispanic),
26,Michigan,26157,Tuscola,2013,2017,Black (includes Hispanic),9.0
26,Michigan,26157,Tuscola,2013,2017,Hispanic (all races),
26,Michigan,26157,Tuscola,2013,2017,American Indian/Alaskan Native (includes Hispanic),
26,Michigan,26157,Tuscola,2013,2017,White (includes Hispanic),7.0
26,Michigan,26157,Tuscola,2014,2018,Asian/Pacific Islander (includes Hispanic),
26,Michigan,26157,Tuscola,2014,2018,Black (includes Hispanic),8.2
26,Michigan,26157,Tuscola,2014,2018,Hispanic (all races),
26,Michigan,26157,Tuscola,2014,2018,American Indian/Alaskan Native (includes Hispanic),
26,Michigan,26157,Tuscola,2014,2018,White (includes Hispanic),7.1
26,Michigan,26157,Tuscola,2015,2019,Asian/Pacific Islander (includes Hispanic),
26,Michigan,26157,Tuscola,2015,2019,Black (includes Hispanic),7.9
26,Michigan,26157,Tuscola,2015,2019,Hispanic (all races),
26,Michigan,26157,Tuscola,2015,2019,American Indian/Alaskan Native (includes Hispanic),
26,Michigan,26157,Tuscola,2015,2019,White (includes Hispanic),6.9
26,Michigan,26157,Tuscola,2016,2020,Asian/Pacific Islander (includes Hispanic),
26,Michigan,26157,Tuscola,2016,2020,Black (includes Hispanic),7.2
26,Michigan,26157,Tuscola,2016,2020,Hispanic (all races),
26,Michigan,26157,Tuscola,2016,2020,American Indian/Alaskan Native (includes Hispanic),
26,Michigan,26157,Tuscola,2016,2020,White (includes Hispanic),6.9
26,Michigan,26159,Van Buren,2011,2015,Asian/Pacific Islander (includes Hispanic),
26,Michigan,26159,Van Buren,2011,2015,Black (includes Hispanic),7.7
26,Michigan,26159,Van Buren,2011,2015,Hispanic (all races),7.9
26,Michigan,26159,Van Buren,2011,2015,American Indian/Alaskan Native (includes Hispanic),
26,Michigan,26159,Van Buren,2011,2015,White (includes Hispanic),5.7
26,Michigan,26159,Van Buren,2012,2016,Asian/Pacific Islander (includes Hispanic),
26,Michigan,26159,Van Buren,2012,2016,Black (includes Hispanic),8.0
26,Michigan,26159,Van Buren,2012,2016,Hispanic (all races),8.0
26,Michigan,26159,Van Buren,2012,2016,American Indian/Alaskan Native (includes Hispanic),
26,Michigan,26159,Van Buren,2012,2016,White (includes Hispanic),6.0
26,Michigan,26159,Van Buren,2013,2017,Asian/Pacific Islander (includes Hispanic),
26,Michigan,26159,Van Buren,2013,2017,Black (includes Hispanic),9.5
26,Michigan,26159,Van Buren,2013,2017,Hispanic (all races),8.4
26,Michigan,26159,Van Buren,2013,2017,American Indian/Alaskan Native (includes Hispanic),
26,Michigan,26159,Van Buren,2013,2017,White (includes Hispanic),6.5
26,Michigan,26159,Van Buren,2014,2018,Asian/Pacific Islander (includes Hispanic),
26,Michigan,26159,Van Buren,2014,2018,Black (includes Hispanic),9.5
26,Michigan,26159,Van Buren,2014,2018,Hispanic (all races),9.3
26,Michigan,26159,Van Buren,2014,2018,American Indian/Alaskan Native (includes Hispanic),
26,Michigan,26159,Van Buren,2014,2018,White (includes Hispanic),6.4
26,Michigan,26159,Van Buren,2015,2019,Asian/Pacific Islander (includes Hispanic),
26,Michigan,26159,Van Buren,2015,2019,Black (includes Hispanic),8.7
26,Michigan,26159,Van Buren,2015,2019,Hispanic (all races),7.6
26,Michigan,26159,Van Buren,2015,2019,American Indian/Alaskan Native (includes Hispanic),
26,Michigan,26159,Van Buren,2015,2019,White (includes Hispanic),6.2
26,Michigan,26159,Van Buren,2016,2020,Asian/Pacific Islander (includes Hispanic),
26,Michigan,26159,Van Buren,2016,2020,Black (includes Hispanic),8.0
26,Michigan,26159,Van Buren,2016,2020,Hispanic (all races),8.5
26,Michigan,26159,Van Buren,2016,2020,American Indian/Alaskan Native (includes Hispanic),
26,Michigan,26159,Van Buren,2016,2020,White (includes Hispanic),6.0
26,Michigan,26161,Washtenaw,2011,2015,Asian/Pacific Islander (includes Hispanic),
26,Michigan,26161,Washtenaw,2011,2015,Black (includes Hispanic),8.3
26,Michigan,26161,Washtenaw,2011,2015,Hispanic (all races),11.1
26,Michigan,26161,Washtenaw,2011,2015,American Indian/Alaskan Native (includes Hispanic),
26,Michigan,26161,Washtenaw,2011,2015,White (includes Hispanic),6.9
26,Michigan,26161,Washtenaw,2012,2016,Asian/Pacific Islander (includes Hispanic),
26,Michigan,26161,Washtenaw,2012,2016,Black (includes Hispanic),8.4
26,Michigan,26161,Washtenaw,2012,2016,Hispanic (all races),12.4
26,Michigan,26161,Washtenaw,2012,2016,American Indian/Alaskan Native (includes Hispanic),
26,Michigan,26161,Washtenaw,2012,2016,White (includes Hispanic),6.8
26,Michigan,26161,Washtenaw,2013,2017,Asian/Pacific Islander (includes Hispanic),
26,Michigan,26161,Washtenaw,2013,2017,Black (includes Hispanic),7.8
26,Michigan,26161,Washtenaw,2013,2017,Hispanic (all races),12.3
26,Michigan,26161,Washtenaw,2013,2017,American Indian/Alaskan Native (includes Hispanic),
26,Michigan,26161,Washtenaw,2013,2017,White (includes Hispanic),6.8
26,Michigan,26161,Washtenaw,2014,2018,Asian/Pacific Islander (includes Hispanic),3.6
26,Michigan,26161,Washtenaw,2014,2018,Black (includes Hispanic),8.0
26,Michigan,26161,Washtenaw,2014,2018,Hispanic (all races),11.6
26,Michigan,26161,Washtenaw,2014,2018,American Indian/Alaskan Native (includes Hispanic),
26,Michigan,26161,Washtenaw,2014,2018,White (includes Hispanic),6.8
26,Michigan,26161,Washtenaw,2015,2019,Asian/Pacific Islander (includes Hispanic),
26,Michigan,26161,Washtenaw,2015,2019,Black (includes Hispanic),7.7
26,Michigan,26161,Washtenaw,2015,2019,Hispanic (all races),10.3
26,Michigan,26161,Washtenaw,2015,2019,American Indian/Alaskan Native (includes Hispanic),
26,Michigan,26161,Washtenaw,2015,2019,White (includes Hispanic),6.7
26,Michigan,26161,Washtenaw,2016,2020,Asian/Pacific Islander (includes Hispanic),
26,Michigan,26161,Washtenaw,2016,2020,Black (includes Hispanic),8.4
26,Michigan,26161,Washtenaw,2016,2020,Hispanic (all races),9.7
26,Michigan,26161,Washtenaw,2016,2020,American Indian/Alaskan Native (includes Hispanic),
26,Michigan,26161,Washtenaw,2016,2020,White (includes Hispanic),6.3
26,Michigan,26163,Wayne,2011,2015,Asian/Pacific Islander (includes Hispanic),3.7
26,Michigan,26163,Wayne,2011,2015,Black (includes Hispanic),8.2
26,Michigan,26163,Wayne,2011,2015,Hispanic (all races),11.3
26,Michigan,26163,Wayne,2011,2015,American Indian/Alaskan Native (includes Hispanic),
26,Michigan,26163,Wayne,2011,2015,White (includes Hispanic),7.0
26,Michigan,26163,Wayne,2012,2016,Asian/Pacific Islander (includes Hispanic),
26,Michigan,26163,Wayne,2012,2016,Black (includes Hispanic),8.3
26,Michigan,26163,Wayne,2012,2016,Hispanic (all races),11.3
26,Michigan,26163,Wayne,2012,2016,American Indian/Alaskan Native (includes Hispanic),
26,Michigan,26163,Wayne,2012,2016,White (includes Hispanic),6.7
26,Michigan,26163,Wayne,2013,2017,Asian/Pacific Islander (includes Hispanic),
26,Michigan,26163,Wayne,2013,2017,Black (includes Hispanic),7.7
26,Michigan,26163,Wayne,2013,2017,Hispanic (all races),10.3
26,Michigan,26163,Wayne,2013,2017,American Indian/Alaskan Native (includes Hispanic),
26,Michigan,26163,Wayne,2013,2017,White (includes Hispanic),6.8
26,Michigan,26163,Wayne,2014,2018,Asian/Pacific Islander (includes Hispanic),3.5
26,Michigan,26163,Wayne,2014,2018,Black (includes Hispanic),7.9
26,Michigan,26163,Wayne,2014,2018,Hispanic (all races),9.9
26,Michigan,26163,Wayne,2014,2018,American Indian/Alaskan Native (includes Hispanic),
26,Michigan,26163,Wayne,2014,2018,White (includes Hispanic),6.9
26,Michigan,26163,Wayne,2015,2019,Asian/Pacific Islander (includes Hispanic),
26,Michigan,26163,Wayne,2015,2019,Black (includes Hispanic),7.4
26,Michigan,26163,Wayne,2015,2019,Hispanic (all races),8.6
26,Michigan,26163,Wayne,2015,2019,American Indian/Alaskan Native (includes Hispanic),
26,Michigan,26163,Wayne,2015,2019,White (includes Hispanic),6.8
26,Michigan,26163,Wayne,2016,2020,Asian/Pacific Islander (includes Hispanic),
26,Michigan,26163,Wayne,2016,2020,Black (includes Hispanic),8.1
26,Michigan,26163,Wayne,2016,2020,Hispanic (all races),8.4
26,Michigan,26163,Wayne,2016,2020,American Indian/Alaskan Native (includes Hispanic),
26,Michigan,26163,Wayne,2016,2020,White (includes Hispanic),6.4
26,Michigan,26165,Wexford,2011,2015,Asian/Pacific Islander (includes Hispanic),
26,Michigan,26165,Wexford,2011,2015,Black (includes Hispanic),
26,Michigan,26165,Wexford,2011,2015,Hispanic (all races),
26,Michigan,26165,Wexford,2011,2015,American Indian/Alaskan Native (includes Hispanic),
26,Michigan,26165,Wexford,2011,2015,White (includes Hispanic),6.7
26,Michigan,26165,Wexford,2012,2016,Asian/Pacific Islander (includes Hispanic),
26,Michigan,26165,Wexford,2012,2016,Black (includes Hispanic),
26,Michigan,26165,Wexford,2012,2016,Hispanic (all races),
26,Michigan,26165,Wexford,2012,2016,American Indian/Alaskan Native (includes Hispanic),
26,Michigan,26165,Wexford,2012,2016,White (includes Hispanic),7.2
26,Michigan,26165,Wexford,2013,2017,Asian/Pacific Islander (includes Hispanic),
26,Michigan,26165,Wexford,2013,2017,Black (includes Hispanic),
26,Michigan,26165,Wexford,2013,2017,Hispanic (all races),
26,Michigan,26165,Wexford,2013,2017,American Indian/Alaskan Native (includes Hispanic),
26,Michigan,26165,Wexford,2013,2017,White (includes Hispanic),7.3
26,Michigan,26165,Wexford,2014,2018,Asian/Pacific Islander (includes Hispanic),
26,Michigan,26165,Wexford,2014,2018,Black (includes Hispanic),
26,Michigan,26165,Wexford,2014,2018,Hispanic (all races),
26,Michigan,26165,Wexford,2014,2018,American Indian/Alaskan Native (includes Hispanic),
26,Michigan,26165,Wexford,2014,2018,White (includes Hispanic),7.7
26,Michigan,26165,Wexford,2015,2019,Asian/Pacific Islander (includes Hispanic),
26,Michigan,26165,Wexford,2015,2019,Black (includes Hispanic),
26,Michigan,26165,Wexford,2015,2019,Hispanic (all races),
26,Michigan,26165,Wexford,2015,2019,American Indian/Alaskan Native (includes Hispanic),
26,Michigan,26165,Wexford,2015,2019,White (includes Hispanic),7.4
26,Michigan,26165,Wexford,2016,2020,Asian/Pacific Islander (includes Hispanic),
26,Michigan,26165,Wexford,2016,2020,Black (includes Hispanic),
26,Michigan,26165,Wexford,2016,2020,Hispanic (all races),
26,Michigan,26165,Wexford,2016,2020,American Indian/Alaskan Native (includes Hispanic),
26,Michigan,26165,Wexford,2016,2020,White (includes Hispanic),8.0
28,Mississippi,28001,Adams,2011,2015,Asian/Pacific Islander (includes Hispanic),
28,Mississippi,28001,Adams,2011,2015,Black (includes Hispanic),
28,Mississippi,28001,Adams,2011,2015,Hispanic (all races),
28,Mississippi,28001,Adams,2011,2015,American Indian/Alaskan Native (includes Hispanic),
28,Mississippi,28001,Adams,2011,2015,White (includes Hispanic),
28,Mississippi,28001,Adams,2012,2016,Asian/Pacific Islander (includes Hispanic),
28,Mississippi,28001,Adams,2012,2016,Black (includes Hispanic),
28,Mississippi,28001,Adams,2012,2016,Hispanic (all races),
28,Mississippi,28001,Adams,2012,2016,American Indian/Alaskan Native (includes Hispanic),
28,Mississippi,28001,Adams,2012,2016,White (includes Hispanic),
28,Mississippi,28001,Adams,2013,2017,Asian/Pacific Islander (includes Hispanic),
28,Mississippi,28001,Adams,2013,2017,Black (includes Hispanic),
28,Mississippi,28001,Adams,2013,2017,Hispanic (all races),
28,Mississippi,28001,Adams,2013,2017,American Indian/Alaskan Native (includes Hispanic),
28,Mississippi,28001,Adams,2013,2017,White (includes Hispanic),
28,Mississippi,28001,Adams,2014,2018,Asian/Pacific Islander (includes Hispanic),
28,Mississippi,28001,Adams,2014,2018,Black (includes Hispanic),
28,Mississippi,28001,Adams,2014,2018,Hispanic (all races),
28,Mississippi,28001,Adams,2014,2018,American Indian/Alaskan Native (includes Hispanic),
28,Mississippi,28001,Adams,2014,2018,White (includes Hispanic),
28,Mississippi,28001,Adams,2015,2019,Asian/Pacific Islander (includes Hispanic),
28,Mississippi,28001,Adams,2015,2019,Black (includes Hispanic),
28,Mississippi,28001,Adams,2015,2019,Hispanic (all races),
28,Mississippi,28001,Adams,2015,2019,American Indian/Alaskan Native (includes Hispanic),
28,Mississippi,28001,Adams,2015,2019,White (includes Hispanic),
28,Mississippi,28001,Adams,2016,2020,Asian/Pacific Islander (includes Hispanic),
28,Mississippi,28001,Adams,2016,2020,Black (includes Hispanic),
28,Mississippi,28001,Adams,2016,2020,Hispanic (all races),
28,Mississippi,28001,Adams,2016,2020,American Indian/Alaskan Native (includes Hispanic),
28,Mississippi,28001,Adams,2016,2020,White (includes Hispanic),
28,Mississippi,28003,Alcorn,2011,2015,Asian/Pacific Islander (includes Hispanic),
28,Mississippi,28003,Alcorn,2011,2015,Black (includes Hispanic),
28,Mississippi,28003,Alcorn,2011,2015,Hispanic (all races),
28,Mississippi,28003,Alcorn,2011,2015,American Indian/Alaskan Native (includes Hispanic),
28,Mississippi,28003,Alcorn,2011,2015,White (includes Hispanic),13.0
28,Mississippi,28003,Alcorn,2012,2016,Asian/Pacific Islander (includes Hispanic),
28,Mississippi,28003,Alcorn,2012,2016,Black (includes Hispanic),
28,Mississippi,28003,Alcorn,2012,2016,Hispanic (all races),
28,Mississippi,28003,Alcorn,2012,2016,American Indian/Alaskan Native (includes Hispanic),
28,Mississippi,28003,Alcorn,2012,2016,White (includes Hispanic),11.0
28,Mississippi,28003,Alcorn,2013,2017,Asian/Pacific Islander (includes Hispanic),
28,Mississippi,28003,Alcorn,2013,2017,Black (includes Hispanic),
28,Mississippi,28003,Alcorn,2013,2017,Hispanic (all races),
28,Mississippi,28003,Alcorn,2013,2017,American Indian/Alaskan Native (includes Hispanic),
28,Mississippi,28003,Alcorn,2013,2017,White (includes Hispanic),10.7
28,Mississippi,28003,Alcorn,2014,2018,Asian/Pacific Islander (includes Hispanic),
28,Mississippi,28003,Alcorn,2014,2018,Black (includes Hispanic),
28,Mississippi,28003,Alcorn,2014,2018,Hispanic (all races),
28,Mississippi,28003,Alcorn,2014,2018,American Indian/Alaskan Native (includes Hispanic),
28,Mississippi,28003,Alcorn,2014,2018,White (includes Hispanic),10.8
28,Mississippi,28003,Alcorn,2015,2019,Asian/Pacific Islander (includes Hispanic),
28,Mississippi,28003,Alcorn,2015,2019,Black (includes Hispanic),
28,Mississippi,28003,Alcorn,2015,2019,Hispanic (all races),
28,Mississippi,28003,Alcorn,2015,2019,American Indian/Alaskan Native (includes Hispanic),
28,Mississippi,28003,Alcorn,2015,2019,White (includes Hispanic),11.3
28,Mississippi,28003,Alcorn,2016,2020,Asian/Pacific Islander (includes Hispanic),
28,Mississippi,28003,Alcorn,2016,2020,Black (includes Hispanic),
28,Mississippi,28003,Alcorn,2016,2020,Hispanic (all races),
28,Mississippi,28003,Alcorn,2016,2020,American Indian/Alaskan Native (includes Hispanic),
28,Mississippi,28003,Alcorn,2016,2020,White (includes Hispanic),10.5
28,Mississippi,28005,Amite,2011,2015,Asian/Pacific Islander (includes Hispanic),
28,Mississippi,28005,Amite,2011,2015,Black (includes Hispanic),10.7
28,Mississippi,28005,Amite,2011,2015,Hispanic (all races),
28,Mississippi,28005,Amite,2011,2015,American Indian/Alaskan Native (includes Hispanic),
28,Mississippi,28005,Amite,2011,2015,White (includes Hispanic),7.4
28,Mississippi,28005,Amite,2012,2016,Asian/Pacific Islander (includes Hispanic),
28,Mississippi,28005,Amite,2012,2016,Black (includes Hispanic),11.3
28,Mississippi,28005,Amite,2012,2016,Hispanic (all races),
28,Mississippi,28005,Amite,2012,2016,American Indian/Alaskan Native (includes Hispanic),
28,Mississippi,28005,Amite,2012,2016,White (includes Hispanic),6.5
28,Mississippi,28005,Amite,2013,2017,Asian/Pacific Islander (includes Hispanic),
28,Mississippi,28005,Amite,2013,2017,Black (includes Hispanic),10.1
28,Mississippi,28005,Amite,2013,2017,Hispanic (all races),
28,Mississippi,28005,Amite,2013,2017,American Indian/Alaskan Native (includes Hispanic),
28,Mississippi,28005,Amite,2013,2017,White (includes Hispanic),5.6
28,Mississippi,28005,Amite,2014,2018,Asian/Pacific Islander (includes Hispanic),
28,Mississippi,28005,Amite,2014,2018,Black (includes Hispanic),13.5
28,Mississippi,28005,Amite,2014,2018,Hispanic (all races),
28,Mississippi,28005,Amite,2014,2018,American Indian/Alaskan Native (includes Hispanic),
28,Mississippi,28005,Amite,2014,2018,White (includes Hispanic),6.7
28,Mississippi,28005,Amite,2015,2019,Asian/Pacific Islander (includes Hispanic),
28,Mississippi,28005,Amite,2015,2019,Black (includes Hispanic),13.6
28,Mississippi,28005,Amite,2015,2019,Hispanic (all races),
28,Mississippi,28005,Amite,2015,2019,American Indian/Alaskan Native (includes Hispanic),
28,Mississippi,28005,Amite,2015,2019,White (includes Hispanic),6.3
28,Mississippi,28005,Amite,2016,2020,Asian/Pacific Islander (includes Hispanic),
28,Mississippi,28005,Amite,2016,2020,Black (includes Hispanic),11.7
28,Mississippi,28005,Amite,2016,2020,Hispanic (all races),
28,Mississippi,28005,Amite,2016,2020,American Indian/Alaskan Native (includes Hispanic),
28,Mississippi,28005,Amite,2016,2020,White (includes Hispanic),7.7
28,Mississippi,28007,Attala,2011,2015,Asian/Pacific Islander (includes Hispanic),
28,Mississippi,28007,Attala,2011,2015,Black (includes Hispanic),13.0
28,Mississippi,28007,Attala,2011,2015,Hispanic (all races),
28,Mississippi,28007,Attala,2011,2015,American Indian/Alaskan Native (includes Hispanic),
28,Mississippi,28007,Attala,2011,2015,White (includes Hispanic),6.7
28,Mississippi,28007,Attala,2012,2016,Asian/Pacific Islander (includes Hispanic),
28,Mississippi,28007,Attala,2012,2016,Black (includes Hispanic),11.7
28,Mississippi,28007,Attala,2012,2016,Hispanic (all races),
28,Mississippi,28007,Attala,2012,2016,American Indian/Alaskan Native (includes Hispanic),
28,Mississippi,28007,Attala,2012,2016,White (includes Hispanic),8.3
28,Mississippi,28007,Attala,2013,2017,Asian/Pacific Islander (includes Hispanic),
28,Mississippi,28007,Attala,2013,2017,Black (includes Hispanic),12.4
28,Mississippi,28007,Attala,2013,2017,Hispanic (all races),
28,Mississippi,28007,Attala,2013,2017,American Indian/Alaskan Native (includes Hispanic),
28,Mississippi,28007,Attala,2013,2017,White (includes Hispanic),8.4
28,Mississippi,28007,Attala,2014,2018,Asian/Pacific Islander (includes Hispanic),
28,Mississippi,28007,Attala,2014,2018,Black (includes Hispanic),12.0
28,Mississippi,28007,Attala,2014,2018,Hispanic (all races),
28,Mississippi,28007,Attala,2014,2018,American Indian/Alaskan Native (includes Hispanic),
28,Mississippi,28007,Attala,2014,2018,White (includes Hispanic),8.7
28,Mississippi,28007,Attala,2015,2019,Asian/Pacific Islander (includes Hispanic),
28,Mississippi,28007,Attala,2015,2019,Black (includes Hispanic),10.4
28,Mississippi,28007,Attala,2015,2019,Hispanic (all races),
28,Mississippi,28007,Attala,2015,2019,American Indian/Alaskan Native (includes Hispanic),
28,Mississippi,28007,Attala,2015,2019,White (includes Hispanic),7.3
28,Mississippi,28007,Attala,2016,2020,Asian/Pacific Islander (includes Hispanic),
28,Mississippi,28007,Attala,2016,2020,Black (includes Hispanic),8.6
28,Mississippi,28007,Attala,2016,2020,Hispanic (all races),
28,Mississippi,28007,Attala,2016,2020,American Indian/Alaskan Native (includes Hispanic),
28,Mississippi,28007,Attala,2016,2020,White (includes Hispanic),7.2
28,Mississippi,28009,Benton,2011,2015,Asian/Pacific Islander (includes Hispanic),
28,Mississippi,28009,Benton,2011,2015,Black (includes Hispanic),14.9
28,Mississippi,28009,Benton,2011,2015,Hispanic (all races),
28,Mississippi,28009,Benton,2011,2015,American Indian/Alaskan Native (includes Hispanic),
28,Mississippi,28009,Benton,2011,2015,White (includes Hispanic),10.7
28,Mississippi,28009,Benton,2012,2016,Asian/Pacific Islander (includes Hispanic),
28,Mississippi,28009,Benton,2012,2016,Black (includes Hispanic),
28,Mississippi,28009,Benton,2012,2016,Hispanic (all races),
28,Mississippi,28009,Benton,2012,2016,American Indian/Alaskan Native (includes Hispanic),
28,Mississippi,28009,Benton,2012,2016,White (includes Hispanic),9.8
28,Mississippi,28009,Benton,2013,2017,Asian/Pacific Islander (includes Hispanic),
28,Mississippi,28009,Benton,2013,2017,Black (includes Hispanic),
28,Mississippi,28009,Benton,2013,2017,Hispanic (all races),
28,Mississippi,28009,Benton,2013,2017,American Indian/Alaskan Native (includes Hispanic),
28,Mississippi,28009,Benton,2013,2017,White (includes Hispanic),9.5
28,Mississippi,28009,Benton,2014,2018,Asian/Pacific Islander (includes Hispanic),
28,Mississippi,28009,Benton,2014,2018,Black (includes Hispanic),
28,Mississippi,28009,Benton,2014,2018,Hispanic (all races),
28,Mississippi,28009,Benton,2014,2018,American Indian/Alaskan Native (includes Hispanic),
28,Mississippi,28009,Benton,2014,2018,White (includes Hispanic),8.6
28,Mississippi,28009,Benton,2015,2019,Asian/Pacific Islander (includes Hispanic),
28,Mississippi,28009,Benton,2015,2019,Black (includes Hispanic),
28,Mississippi,28009,Benton,2015,2019,Hispanic (all races),
28,Mississippi,28009,Benton,2015,2019,American Indian/Alaskan Native (includes Hispanic),
28,Mississippi,28009,Benton,2015,2019,White (includes Hispanic),7.9
28,Mississippi,28009,Benton,2016,2020,Asian/Pacific Islander (includes Hispanic),
28,Mississippi,28009,Benton,2016,2020,Black (includes Hispanic),
28,Mississippi,28009,Benton,2016,2020,Hispanic (all races),
28,Mississippi,28009,Benton,2016,2020,American Indian/Alaskan Native (includes Hispanic),
28,Mississippi,28009,Benton,2016,2020,White (includes Hispanic),7.3
28,Mississippi,28011,Bolivar,2011,2015,Asian/Pacific Islander (includes Hispanic),
28,Mississippi,28011,Bolivar,2011,2015,Black (includes Hispanic),14.0
28,Mississippi,28011,Bolivar,2011,2015,Hispanic (all races),
28,Mississippi,28011,Bolivar,2011,2015,American Indian/Alaskan Native (includes Hispanic),
28,Mississippi,28011,Bolivar,2011,2015,White (includes Hispanic),
28,Mississippi,28011,Bolivar,2012,2016,Asian/Pacific Islander (includes Hispanic),
28,Mississippi,28011,Bolivar,2012,2016,Black (includes Hispanic),12.5
28,Mississippi,28011,Bolivar,2012,2016,Hispanic (all races),
28,Mississippi,28011,Bolivar,2012,2016,American Indian/Alaskan Native (includes Hispanic),
28,Mississippi,28011,Bolivar,2012,2016,White (includes Hispanic),
28,Mississippi,28011,Bolivar,2013,2017,Asian/Pacific Islander (includes Hispanic),
28,Mississippi,28011,Bolivar,2013,2017,Black (includes Hispanic),9.3
28,Mississippi,28011,Bolivar,2013,2017,Hispanic (all races),
28,Mississippi,28011,Bolivar,2013,2017,American Indian/Alaskan Native (includes Hispanic),
28,Mississippi,28011,Bolivar,2013,2017,White (includes Hispanic),
28,Mississippi,28011,Bolivar,2014,2018,Asian/Pacific Islander (includes Hispanic),
28,Mississippi,28011,Bolivar,2014,2018,Black (includes Hispanic),7.8
28,Mississippi,28011,Bolivar,2014,2018,Hispanic (all races),
28,Mississippi,28011,Bolivar,2014,2018,American Indian/Alaskan Native (includes Hispanic),
28,Mississippi,28011,Bolivar,2014,2018,White (includes Hispanic),
28,Mississippi,28011,Bolivar,2015,2019,Asian/Pacific Islander (includes Hispanic),
28,Mississippi,28011,Bolivar,2015,2019,Black (includes Hispanic),6.3
28,Mississippi,28011,Bolivar,2015,2019,Hispanic (all races),
28,Mississippi,28011,Bolivar,2015,2019,American Indian/Alaskan Native (includes Hispanic),
28,Mississippi,28011,Bolivar,2015,2019,White (includes Hispanic),14.9
28,Mississippi,28011,Bolivar,2016,2020,Asian/Pacific Islander (includes Hispanic),
28,Mississippi,28011,Bolivar,2016,2020,Black (includes Hispanic),
28,Mississippi,28011,Bolivar,2016,2020,Hispanic (all races),
28,Mississippi,28011,Bolivar,2016,2020,American Indian/Alaskan Native (includes Hispanic),
28,Mississippi,28011,Bolivar,2016,2020,White (includes Hispanic),
28,Mississippi,28013,Calhoun,2011,2015,Asian/Pacific Islander (includes Hispanic),
28,Mississippi,28013,Calhoun,2011,2015,Black (includes Hispanic),
28,Mississippi,28013,Calhoun,2011,2015,Hispanic (all races),
28,Mississippi,28013,Calhoun,2011,2015,American Indian/Alaskan Native (includes Hispanic),
28,Mississippi,28013,Calhoun,2011,2015,White (includes Hispanic),9.2
28,Mississippi,28013,Calhoun,2012,2016,Asian/Pacific Islander (includes Hispanic),
28,Mississippi,28013,Calhoun,2012,2016,Black (includes Hispanic),
28,Mississippi,28013,Calhoun,2012,2016,Hispanic (all races),
28,Mississippi,28013,Calhoun,2012,2016,American Indian/Alaskan Native (includes Hispanic),
28,Mississippi,28013,Calhoun,2012,2016,White (includes Hispanic),8.9
28,Mississippi,28013,Calhoun,2013,2017,Asian/Pacific Islander (includes Hispanic),
28,Mississippi,28013,Calhoun,2013,2017,Black (includes Hispanic),
28,Mississippi,28013,Calhoun,2013,2017,Hispanic (all races),
28,Mississippi,28013,Calhoun,2013,2017,American Indian/Alaskan Native (includes Hispanic),
28,Mississippi,28013,Calhoun,2013,2017,White (includes Hispanic),8.8
28,Mississippi,28013,Calhoun,2014,2018,Asian/Pacific Islander (includes Hispanic),
28,Mississippi,28013,Calhoun,2014,2018,Black (includes Hispanic),
28,Mississippi,28013,Calhoun,2014,2018,Hispanic (all races),
28,Mississippi,28013,Calhoun,2014,2018,American Indian/Alaskan Native (includes Hispanic),
28,Mississippi,28013,Calhoun,2014,2018,White (includes Hispanic),10.2
28,Mississippi,28013,Calhoun,2015,2019,Asian/Pacific Islander (includes Hispanic),
28,Mississippi,28013,Calhoun,2015,2019,Black (includes Hispanic),
28,Mississippi,28013,Calhoun,2015,2019,Hispanic (all races),
28,Mississippi,28013,Calhoun,2015,2019,American Indian/Alaskan Native (includes Hispanic),
28,Mississippi,28013,Calhoun,2015,2019,White (includes Hispanic),10.3
28,Mississippi,28013,Calhoun,2016,2020,Asian/Pacific Islander (includes Hispanic),
28,Mississippi,28013,Calhoun,2016,2020,Black (includes Hispanic),
28,Mississippi,28013,Calhoun,2016,2020,Hispanic (all races),
28,Mississippi,28013,Calhoun,2016,2020,American Indian/Alaskan Native (includes Hispanic),
28,Mississippi,28013,Calhoun,2016,2020,White (includes Hispanic),10.3
28,Mississippi,28015,Carroll,2011,2015,Asian/Pacific Islander (includes Hispanic),
28,Mississippi,28015,Carroll,2011,2015,Black (includes Hispanic),12.9
28,Mississippi,28015,Carroll,2011,2015,Hispanic (all races),
28,Mississippi,28015,Carroll,2011,2015,American Indian/Alaskan Native (includes Hispanic),
28,Mississippi,28015,Carroll,2011,2015,White (includes Hispanic),
28,Mississippi,28015,Carroll,2012,2016,Asian/Pacific Islander (includes Hispanic),
28,Mississippi,28015,Carroll,2012,2016,Black (includes Hispanic),13.3
28,Mississippi,28015,Carroll,2012,2016,Hispanic (all races),
28,Mississippi,28015,Carroll,2012,2016,American Indian/Alaskan Native (includes Hispanic),
28,Mississippi,28015,Carroll,2012,2016,White (includes Hispanic),
28,Mississippi,28015,Carroll,2013,2017,Asian/Pacific Islander (includes Hispanic),
28,Mississippi,28015,Carroll,2013,2017,Black (includes Hispanic),15.8
28,Mississippi,28015,Carroll,2013,2017,Hispanic (all races),
28,Mississippi,28015,Carroll,2013,2017,American Indian/Alaskan Native (includes Hispanic),
28,Mississippi,28015,Carroll,2013,2017,White (includes Hispanic),
28,Mississippi,28015,Carroll,2014,2018,Asian/Pacific Islander (includes Hispanic),
28,Mississippi,28015,Carroll,2014,2018,Black (includes Hispanic),13.7
28,Mississippi,28015,Carroll,2014,2018,Hispanic (all races),
28,Mississippi,28015,Carroll,2014,2018,American Indian/Alaskan Native (includes Hispanic),
28,Mississippi,28015,Carroll,2014,2018,White (includes Hispanic),
28,Mississippi,28015,Carroll,2015,2019,Asian/Pacific Islander (includes Hispanic),
28,Mississippi,28015,Carroll,2015,2019,Black (includes Hispanic),12.1
28,Mississippi,28015,Carroll,2015,2019,Hispanic (all races),
28,Mississippi,28015,Carroll,2015,2019,American Indian/Alaskan Native (includes Hispanic),
28,Mississippi,28015,Carroll,2015,2019,White (includes Hispanic),
28,Mississippi,28015,Carroll,2016,2020,Asian/Pacific Islander (includes Hispanic),
28,Mississippi,28015,Carroll,2016,2020,Black (includes Hispanic),11.2
28,Mississippi,28015,Carroll,2016,2020,Hispanic (all races),
28,Mississippi,28015,Carroll,2016,2020,American Indian/Alaskan Native (includes Hispanic),
28,Mississippi,28015,Carroll,2016,2020,White (includes Hispanic),
28,Mississippi,28017,Chickasaw,2011,2015,Asian/Pacific Islander (includes Hispanic),
28,Mississippi,28017,Chickasaw,2011,2015,Black (includes Hispanic),10.3
28,Mississippi,28017,Chickasaw,2011,2015,Hispanic (all races),
28,Mississippi,28017,Chickasaw,2011,2015,American Indian/Alaskan Native (includes Hispanic),
28,Mississippi,28017,Chickasaw,2011,2015,White (includes Hispanic),9.5
28,Mississippi,28017,Chickasaw,2012,2016,Asian/Pacific Islander (includes Hispanic),
28,Mississippi,28017,Chickasaw,2012,2016,Black (includes Hispanic),9.9
28,Mississippi,28017,Chickasaw,2012,2016,Hispanic (all races),
28,Mississippi,28017,Chickasaw,2012,2016,American Indian/Alaskan Native (includes Hispanic),
28,Mississippi,28017,Chickasaw,2012,2016,White (includes Hispanic),8.5
28,Mississippi,28017,Chickasaw,2013,2017,Asian/Pacific Islander (includes Hispanic),
28,Mississippi,28017,Chickasaw,2013,2017,Black (includes Hispanic),
28,Mississippi,28017,Chickasaw,2013,2017,Hispanic (all races),
28,Mississippi,28017,Chickasaw,2013,2017,American Indian/Alaskan Native (includes Hispanic),
28,Mississippi,28017,Chickasaw,2013,2017,White (includes Hispanic),9.0
28,Mississippi,28017,Chickasaw,2014,2018,Asian/Pacific Islander (includes Hispanic),
28,Mississippi,28017,Chickasaw,2014,2018,Black (includes Hispanic),
28,Mississippi,28017,Chickasaw,2014,2018,Hispanic (all races),
28,Mississippi,28017,Chickasaw,2014,2018,American Indian/Alaskan Native (includes Hispanic),
28,Mississippi,28017,Chickasaw,2014,2018,White (includes Hispanic),9.9
28,Mississippi,28017,Chickasaw,2015,2019,Asian/Pacific Islander (includes Hispanic),
28,Mississippi,28017,Chickasaw,2015,2019,Black (includes Hispanic),
28,Mississippi,28017,Chickasaw,2015,2019,Hispanic (all races),
28,Mississippi,28017,Chickasaw,2015,2019,American Indian/Alaskan Native (includes Hispanic),
28,Mississippi,28017,Chickasaw,2015,2019,White (includes Hispanic),8.7
28,Mississippi,28017,Chickasaw,2016,2020,Asian/Pacific Islander (includes Hispanic),
28,Mississippi,28017,Chickasaw,2016,2020,Black (includes Hispanic),
28,Mississippi,28017,Chickasaw,2016,2020,Hispanic (all races),
28,Mississippi,28017,Chickasaw,2016,2020,American Indian/Alaskan Native (includes Hispanic),
28,Mississippi,28017,Chickasaw,2016,2020,White (includes Hispanic),9.1
28,Mississippi,28019,Choctaw,2011,2015,Asian/Pacific Islander (includes Hispanic),
28,Mississippi,28019,Choctaw,2011,2015,Black (includes Hispanic),
28,Mississippi,28019,Choctaw,2011,2015,Hispanic (all races),
28,Mississippi,28019,Choctaw,2011,2015,American Indian/Alaskan Native (includes Hispanic),
28,Mississippi,28019,Choctaw,2011,2015,White (includes Hispanic),
28,Mississippi,28019,Choctaw,2012,2016,Asian/Pacific Islander (includes Hispanic),
28,Mississippi,28019,Choctaw,2012,2016,Black (includes Hispanic),
28,Mississippi,28019,Choctaw,2012,2016,Hispanic (all races),
28,Mississippi,28019,Choctaw,2012,2016,American Indian/Alaskan Native (includes Hispanic),
28,Mississippi,28019,Choctaw,2012,2016,White (includes Hispanic),
28,Mississippi,28019,Choctaw,2013,2017,Asian/Pacific Islander (includes Hispanic),
28,Mississippi,28019,Choctaw,2013,2017,Black (includes Hispanic),
28,Mississippi,28019,Choctaw,2013,2017,Hispanic (all races),
28,Mississippi,28019,Choctaw,2013,2017,American Indian/Alaskan Native (includes Hispanic),
28,Mississippi,28019,Choctaw,2013,2017,White (includes Hispanic),
28,Mississippi,28019,Choctaw,2014,2018,Asian/Pacific Islander (includes Hispanic),
28,Mississippi,28019,Choctaw,2014,2018,Black (includes Hispanic),
28,Mississippi,28019,Choctaw,2014,2018,Hispanic (all races),
28,Mississippi,28019,Choctaw,2014,2018,American Indian/Alaskan Native (includes Hispanic),
28,Mississippi,28019,Choctaw,2014,2018,White (includes Hispanic),
28,Mississippi,28019,Choctaw,2015,2019,Asian/Pacific Islander (includes Hispanic),
28,Mississippi,28019,Choctaw,2015,2019,Black (includes Hispanic),
28,Mississippi,28019,Choctaw,2015,2019,Hispanic (all races),
28,Mississippi,28019,Choctaw,2015,2019,American Indian/Alaskan Native (includes Hispanic),
28,Mississippi,28019,Choctaw,2015,2019,White (includes Hispanic),
28,Mississippi,28019,Choctaw,2016,2020,Asian/Pacific Islander (includes Hispanic),
28,Mississippi,28019,Choctaw,2016,2020,Black (includes Hispanic),
28,Mississippi,28019,Choctaw,2016,2020,Hispanic (all races),
28,Mississippi,28019,Choctaw,2016,2020,American Indian/Alaskan Native (includes Hispanic),
28,Mississippi,28019,Choctaw,2016,2020,White (includes Hispanic),
28,Mississippi,28021,Claiborne,2011,2015,Asian/Pacific Islander (includes Hispanic),
28,Mississippi,28021,Claiborne,2011,2015,Black (includes Hispanic),10.5
28,Mississippi,28021,Claiborne,2011,2015,Hispanic (all races),
28,Mississippi,28021,Claiborne,2011,2015,American Indian/Alaskan Native (includes Hispanic),
28,Mississippi,28021,Claiborne,2011,2015,White (includes Hispanic),9.0
28,Mississippi,28021,Claiborne,2012,2016,Asian/Pacific Islander (includes Hispanic),
28,Mississippi,28021,Claiborne,2012,2016,Black (includes Hispanic),8.8
28,Mississippi,28021,Claiborne,2012,2016,Hispanic (all races),
28,Mississippi,28021,Claiborne,2012,2016,American Indian/Alaskan Native (includes Hispanic),
28,Mississippi,28021,Claiborne,2012,2016,White (includes Hispanic),10.3
28,Mississippi,28021,Claiborne,2013,2017,Asian/Pacific Islander (includes Hispanic),
28,Mississippi,28021,Claiborne,2013,2017,Black (includes Hispanic),8.2
28,Mississippi,28021,Claiborne,2013,2017,Hispanic (all races),
28,Mississippi,28021,Claiborne,2013,2017,American Indian/Alaskan Native (includes Hispanic),
28,Mississippi,28021,Claiborne,2013,2017,White (includes Hispanic),10.3
28,Mississippi,28021,Claiborne,2014,2018,Asian/Pacific Islander (includes Hispanic),
28,Mississippi,28021,Claiborne,2014,2018,Black (includes Hispanic),8.0
28,Mississippi,28021,Claiborne,2014,2018,Hispanic (all races),
28,Mississippi,28021,Claiborne,2014,2018,American Indian/Alaskan Native (includes Hispanic),
28,Mississippi,28021,Claiborne,2014,2018,White (includes Hispanic),11.6
28,Mississippi,28021,Claiborne,2015,2019,Asian/Pacific Islander (includes Hispanic),
28,Mississippi,28021,Claiborne,2015,2019,Black (includes Hispanic),8.9
28,Mississippi,28021,Claiborne,2015,2019,Hispanic (all races),
28,Mississippi,28021,Claiborne,2015,2019,American Indian/Alaskan Native (includes Hispanic),
28,Mississippi,28021,Claiborne,2015,2019,White (includes Hispanic),11.4
28,Mississippi,28021,Claiborne,2016,2020,Asian/Pacific Islander (includes Hispanic),
28,Mississippi,28021,Claiborne,2016,2020,Black (includes Hispanic),9.7
28,Mississippi,28021,Claiborne,2016,2020,Hispanic (all races),
28,Mississippi,28021,Claiborne,2016,2020,American Indian/Alaskan Native (includes Hispanic),
28,Mississippi,28021,Claiborne,2016,2020,White (includes Hispanic),10.7
28,Mississippi,28023,Clarke,2011,2015,Asian/Pacific Islander (includes Hispanic),
28,Mississippi,28023,Clarke,2011,2015,Black (includes Hispanic),
28,Mississippi,28023,Clarke,2011,2015,Hispanic (all races),
28,Mississippi,28023,Clarke,2011,2015,American Indian/Alaskan Native (includes Hispanic),
28,Mississippi,28023,Clarke,2011,2015,White (includes Hispanic),
28,Mississippi,28023,Clarke,2012,2016,Asian/Pacific Islander (includes Hispanic),
28,Mississippi,28023,Clarke,2012,2016,Black (includes Hispanic),8.9
28,Mississippi,28023,Clarke,2012,2016,Hispanic (all races),
28,Mississippi,28023,Clarke,2012,2016,American Indian/Alaskan Native (includes Hispanic),
28,Mississippi,28023,Clarke,2012,2016,White (includes Hispanic),
28,Mississippi,28023,Clarke,2013,2017,Asian/Pacific Islander (includes Hispanic),
28,Mississippi,28023,Clarke,2013,2017,Black (includes Hispanic),10.2
28,Mississippi,28023,Clarke,2013,2017,Hispanic (all races),
28,Mississippi,28023,Clarke,2013,2017,American Indian/Alaskan Native (includes Hispanic),
28,Mississippi,28023,Clarke,2013,2017,White (includes Hispanic),
28,Mississippi,28023,Clarke,2014,2018,Asian/Pacific Islander (includes Hispanic),
28,Mississippi,28023,Clarke,2014,2018,Black (includes Hispanic),9.1
28,Mississippi,28023,Clarke,2014,2018,Hispanic (all races),
28,Mississippi,28023,Clarke,2014,2018,American Indian/Alaskan Native (includes Hispanic),
28,Mississippi,28023,Clarke,2014,2018,White (includes Hispanic),
28,Mississippi,28023,Clarke,2015,2019,Asian/Pacific Islander (includes Hispanic),
28,Mississippi,28023,Clarke,2015,2019,Black (includes Hispanic),9.6
28,Mississippi,28023,Clarke,2015,2019,Hispanic (all races),
28,Mississippi,28023,Clarke,2015,2019,American Indian/Alaskan Native (includes Hispanic),
28,Mississippi,28023,Clarke,2015,2019,White (includes Hispanic),
28,Mississippi,28023,Clarke,2016,2020,Asian/Pacific Islander (includes Hispanic),
28,Mississippi,28023,Clarke,2016,2020,Black (includes Hispanic),9.5
28,Mississippi,28023,Clarke,2016,2020,Hispanic (all races),
28,Mississippi,28023,Clarke,2016,2020,American Indian/Alaskan Native (includes Hispanic),
28,Mississippi,28023,Clarke,2016,2020,White (includes Hispanic),9.8
28,Mississippi,28025,Clay,2011,2015,Asian/Pacific Islander (includes Hispanic),
28,Mississippi,28025,Clay,2011,2015,Black (includes Hispanic),12.9
28,Mississippi,28025,Clay,2011,2015,Hispanic (all races),
28,Mississippi,28025,Clay,2011,2015,American Indian/Alaskan Native (includes Hispanic),
28,Mississippi,28025,Clay,2011,2015,White (includes Hispanic),8.1
28,Mississippi,28025,Clay,2012,2016,Asian/Pacific Islander (includes Hispanic),
28,Mississippi,28025,Clay,2012,2016,Black (includes Hispanic),11.8
28,Mississippi,28025,Clay,2012,2016,Hispanic (all races),
28,Mississippi,28025,Clay,2012,2016,American Indian/Alaskan Native (includes Hispanic),
28,Mississippi,28025,Clay,2012,2016,White (includes Hispanic),7.1
28,Mississippi,28025,Clay,2013,2017,Asian/Pacific Islander (includes Hispanic),
28,Mississippi,28025,Clay,2013,2017,Black (includes Hispanic),11.0
28,Mississippi,28025,Clay,2013,2017,Hispanic (all races),
28,Mississippi,28025,Clay,2013,2017,American Indian/Alaskan Native (includes Hispanic),
28,Mississippi,28025,Clay,2013,2017,White (includes Hispanic),7.0
28,Mississippi,28025,Clay,2014,2018,Asian/Pacific Islander (includes Hispanic),
28,Mississippi,28025,Clay,2014,2018,Black (includes Hispanic),10.7
28,Mississippi,28025,Clay,2014,2018,Hispanic (all races),
28,Mississippi,28025,Clay,2014,2018,American Indian/Alaskan Native (includes Hispanic),
28,Mississippi,28025,Clay,2014,2018,White (includes Hispanic),7.1
28,Mississippi,28025,Clay,2015,2019,Asian/Pacific Islander (includes Hispanic),
28,Mississippi,28025,Clay,2015,2019,Black (includes Hispanic),
28,Mississippi,28025,Clay,2015,2019,Hispanic (all races),
28,Mississippi,28025,Clay,2015,2019,American Indian/Alaskan Native (includes Hispanic),
28,Mississippi,28025,Clay,2015,2019,White (includes Hispanic),
28,Mississippi,28025,Clay,2016,2020,Asian/Pacific Islander (includes Hispanic),
28,Mississippi,28025,Clay,2016,2020,Black (includes Hispanic),
28,Mississippi,28025,Clay,2016,2020,Hispanic (all races),
28,Mississippi,28025,Clay,2016,2020,American Indian/Alaskan Native (includes Hispanic),
28,Mississippi,28025,Clay,2016,2020,White (includes Hispanic),
28,Mississippi,28027,Coahoma,2011,2015,Asian/Pacific Islander (includes Hispanic),
28,Mississippi,28027,Coahoma,2011,2015,Black (includes Hispanic),18.1
28,Mississippi,28027,Coahoma,2011,2015,Hispanic (all races),
28,Mississippi,28027,Coahoma,2011,2015,American Indian/Alaskan Native (includes Hispanic),
28,Mississippi,28027,Coahoma,2011,2015,White (includes Hispanic),
28,Mississippi,28027,Coahoma,2012,2016,Asian/Pacific Islander (includes Hispanic),
28,Mississippi,28027,Coahoma,2012,2016,Black (includes Hispanic),14.3
28,Mississippi,28027,Coahoma,2012,2016,Hispanic (all races),
28,Mississippi,28027,Coahoma,2012,2016,American Indian/Alaskan Native (includes Hispanic),
28,Mississippi,28027,Coahoma,2012,2016,White (includes Hispanic),
28,Mississippi,28027,Coahoma,2013,2017,Asian/Pacific Islander (includes Hispanic),
28,Mississippi,28027,Coahoma,2013,2017,Black (includes Hispanic),10.8
28,Mississippi,28027,Coahoma,2013,2017,Hispanic (all races),
28,Mississippi,28027,Coahoma,2013,2017,American Indian/Alaskan Native (includes Hispanic),
28,Mississippi,28027,Coahoma,2013,2017,White (includes Hispanic),
28,Mississippi,28027,Coahoma,2014,2018,Asian/Pacific Islander (includes Hispanic),
28,Mississippi,28027,Coahoma,2014,2018,Black (includes Hispanic),8.0
28,Mississippi,28027,Coahoma,2014,2018,Hispanic (all races),
28,Mississippi,28027,Coahoma,2014,2018,American Indian/Alaskan Native (includes Hispanic),
28,Mississippi,28027,Coahoma,2014,2018,White (includes Hispanic),
28,Mississippi,28027,Coahoma,2015,2019,Asian/Pacific Islander (includes Hispanic),
28,Mississippi,28027,Coahoma,2015,2019,Black (includes Hispanic),
28,Mississippi,28027,Coahoma,2015,2019,Hispanic (all races),
28,Mississippi,28027,Coahoma,2015,2019,American Indian/Alaskan Native (includes Hispanic),
28,Mississippi,28027,Coahoma,2015,2019,White (includes Hispanic),
28,Mississippi,28027,Coahoma,2016,2020,Asian/Pacific Islander (includes Hispanic),
28,Mississippi,28027,Coahoma,2016,2020,Black (includes Hispanic),
28,Mississippi,28027,Coahoma,2016,2020,Hispanic (all races),
28,Mississippi,28027,Coahoma,2016,2020,American Indian/Alaskan Native (includes Hispanic),
28,Mississippi,28027,Coahoma,2016,2020,White (includes Hispanic),
28,Mississippi,28029,Copiah,2011,2015,Asian/Pacific Islander (includes Hispanic),
28,Mississippi,28029,Copiah,2011,2015,Black (includes Hispanic),10.5
28,Mississippi,28029,Copiah,2011,2015,Hispanic (all races),
28,Mississippi,28029,Copiah,2011,2015,American Indian/Alaskan Native (includes Hispanic),
28,Mississippi,28029,Copiah,2011,2015,White (includes Hispanic),7.7
28,Mississippi,28029,Copiah,2012,2016,Asian/Pacific Islander (includes Hispanic),
28,Mississippi,28029,Copiah,2012,2016,Black (includes Hispanic),9.0
28,Mississippi,28029,Copiah,2012,2016,Hispanic (all races),
28,Mississippi,28029,Copiah,2012,2016,American Indian/Alaskan Native (includes Hispanic),
28,Mississippi,28029,Copiah,2012,2016,White (includes Hispanic),8.5
28,Mississippi,28029,Copiah,2013,2017,Asian/Pacific Islander (includes Hispanic),
28,Mississippi,28029,Copiah,2013,2017,Black (includes Hispanic),8.9
28,Mississippi,28029,Copiah,2013,2017,Hispanic (all races),
28,Mississippi,28029,Copiah,2013,2017,American Indian/Alaskan Native (includes Hispanic),
28,Mississippi,28029,Copiah,2013,2017,White (includes Hispanic),8.0
28,Mississippi,28029,Copiah,2014,2018,Asian/Pacific Islander (includes Hispanic),
28,Mississippi,28029,Copiah,2014,2018,Black (includes Hispanic),8.8
28,Mississippi,28029,Copiah,2014,2018,Hispanic (all races),
28,Mississippi,28029,Copiah,2014,2018,American Indian/Alaskan Native (includes Hispanic),
28,Mississippi,28029,Copiah,2014,2018,White (includes Hispanic),8.0
28,Mississippi,28029,Copiah,2015,2019,Asian/Pacific Islander (includes Hispanic),
28,Mississippi,28029,Copiah,2015,2019,Black (includes Hispanic),9.5
28,Mississippi,28029,Copiah,2015,2019,Hispanic (all races),
28,Mississippi,28029,Copiah,2015,2019,American Indian/Alaskan Native (includes Hispanic),
28,Mississippi,28029,Copiah,2015,2019,White (includes Hispanic),7.2
28,Mississippi,28029,Copiah,2016,2020,Asian/Pacific Islander (includes Hispanic),
28,Mississippi,28029,Copiah,2016,2020,Black (includes Hispanic),9.6
28,Mississippi,28029,Copiah,2016,2020,Hispanic (all races),
28,Mississippi,28029,Copiah,2016,2020,American Indian/Alaskan Native (includes Hispanic),
28,Mississippi,28029,Copiah,2016,2020,White (includes Hispanic),7.3
28,Mississippi,28031,Covington,2011,2015,Asian/Pacific Islander (includes Hispanic),
28,Mississippi,28031,Covington,2011,2015,Black (includes Hispanic),8.5
28,Mississippi,28031,Covington,2011,2015,Hispanic (all races),
28,Mississippi,28031,Covington,2011,2015,American Indian/Alaskan Native (includes Hispanic),
28,Mississippi,28031,Covington,2011,2015,White (includes Hispanic),9.9
28,Mississippi,28031,Covington,2012,2016,Asian/Pacific Islander (includes Hispanic),
28,Mississippi,28031,Covington,2012,2016,Black (includes Hispanic),8.8
28,Mississippi,28031,Covington,2012,2016,Hispanic (all races),
28,Mississippi,28031,Covington,2012,2016,American Indian/Alaskan Native (includes Hispanic),
28,Mississippi,28031,Covington,2012,2016,White (includes Hispanic),8.8
28,Mississippi,28031,Covington,2013,2017,Asian/Pacific Islander (includes Hispanic),
28,Mississippi,28031,Covington,2013,2017,Black (includes Hispanic),8.9
28,Mississippi,28031,Covington,2013,2017,Hispanic (all races),
28,Mississippi,28031,Covington,2013,2017,American Indian/Alaskan Native (includes Hispanic),
28,Mississippi,28031,Covington,2013,2017,White (includes Hispanic),10.8
28,Mississippi,28031,Covington,2014,2018,Asian/Pacific Islander (includes Hispanic),
28,Mississippi,28031,Covington,2014,2018,Black (includes Hispanic),9.1
28,Mississippi,28031,Covington,2014,2018,Hispanic (all races),
28,Mississippi,28031,Covington,2014,2018,American Indian/Alaskan Native (includes Hispanic),
28,Mississippi,28031,Covington,2014,2018,White (includes Hispanic),10.3
28,Mississippi,28031,Covington,2015,2019,Asian/Pacific Islander (includes Hispanic),
28,Mississippi,28031,Covington,2015,2019,Black (includes Hispanic),9.7
28,Mississippi,28031,Covington,2015,2019,Hispanic (all races),
28,Mississippi,28031,Covington,2015,2019,American Indian/Alaskan Native (includes Hispanic),
28,Mississippi,28031,Covington,2015,2019,White (includes Hispanic),10.6
28,Mississippi,28031,Covington,2016,2020,Asian/Pacific Islander (includes Hispanic),
28,Mississippi,28031,Covington,2016,2020,Black (includes Hispanic),11.1
28,Mississippi,28031,Covington,2016,2020,Hispanic (all races),
28,Mississippi,28031,Covington,2016,2020,American Indian/Alaskan Native (includes Hispanic),
28,Mississippi,28031,Covington,2016,2020,White (includes Hispanic),9.3
28,Mississippi,28033,DeSoto,2011,2015,Asian/Pacific Islander (includes Hispanic),
28,Mississippi,28033,DeSoto,2011,2015,Black (includes Hispanic),13.3
28,Mississippi,28033,DeSoto,2011,2015,Hispanic (all races),
28,Mississippi,28033,DeSoto,2011,2015,American Indian/Alaskan Native (includes Hispanic),
28,Mississippi,28033,DeSoto,2011,2015,White (includes Hispanic),8.0
28,Mississippi,28033,DeSoto,2012,2016,Asian/Pacific Islander (includes Hispanic),
28,Mississippi,28033,DeSoto,2012,2016,Black (includes Hispanic),12.9
28,Mississippi,28033,DeSoto,2012,2016,Hispanic (all races),
28,Mississippi,28033,DeSoto,2012,2016,American Indian/Alaskan Native (includes Hispanic),
28,Mississippi,28033,DeSoto,2012,2016,White (includes Hispanic),8.2
28,Mississippi,28033,DeSoto,2013,2017,Asian/Pacific Islander (includes Hispanic),
28,Mississippi,28033,DeSoto,2013,2017,Black (includes Hispanic),12.7
28,Mississippi,28033,DeSoto,2013,2017,Hispanic (all races),
28,Mississippi,28033,DeSoto,2013,2017,American Indian/Alaskan Native (includes Hispanic),
28,Mississippi,28033,DeSoto,2013,2017,White (includes Hispanic),7.5
28,Mississippi,28033,DeSoto,2014,2018,Asian/Pacific Islander (includes Hispanic),
28,Mississippi,28033,DeSoto,2014,2018,Black (includes Hispanic),11.8
28,Mississippi,28033,DeSoto,2014,2018,Hispanic (all races),
28,Mississippi,28033,DeSoto,2014,2018,American Indian/Alaskan Native (includes Hispanic),
28,Mississippi,28033,DeSoto,2014,2018,White (includes Hispanic),8.4
28,Mississippi,28033,DeSoto,2015,2019,Asian/Pacific Islander (includes Hispanic),
28,Mississippi,28033,DeSoto,2015,2019,Black (includes Hispanic),10.9
28,Mississippi,28033,DeSoto,2015,2019,Hispanic (all races),
28,Mississippi,28033,DeSoto,2015,2019,American Indian/Alaskan Native (includes Hispanic),
28,Mississippi,28033,DeSoto,2015,2019,White (includes Hispanic),8.3
28,Mississippi,28033,DeSoto,2016,2020,Asian/Pacific Islander (includes Hispanic),
28,Mississippi,28033,DeSoto,2016,2020,Black (includes Hispanic),10.3
28,Mississippi,28033,DeSoto,2016,2020,Hispanic (all races),
28,Mississippi,28033,DeSoto,2016,2020,American Indian/Alaskan Native (includes Hispanic),
28,Mississippi,28033,DeSoto,2016,2020,White (includes Hispanic),8.2
28,Mississippi,28035,Forrest,2011,2015,Asian/Pacific Islander (includes Hispanic),
28,Mississippi,28035,Forrest,2011,2015,Black (includes Hispanic),10.6
28,Mississippi,28035,Forrest,2011,2015,Hispanic (all races),
28,Mississippi,28035,Forrest,2011,2015,American Indian/Alaskan Native (includes Hispanic),
28,Mississippi,28035,Forrest,2011,2015,White (includes Hispanic),8.8
28,Mississippi,28035,Forrest,2012,2016,Asian/Pacific Islander (includes Hispanic),
28,Mississippi,28035,Forrest,2012,2016,Black (includes Hispanic),11.0
28,Mississippi,28035,Forrest,2012,2016,Hispanic (all races),
28,Mississippi,28035,Forrest,2012,2016,American Indian/Alaskan Native (includes Hispanic),
28,Mississippi,28035,Forrest,2012,2016,White (includes Hispanic),8.3
28,Mississippi,28035,Forrest,2013,2017,Asian/Pacific Islander (includes Hispanic),
28,Mississippi,28035,Forrest,2013,2017,Black (includes Hispanic),9.5
28,Mississippi,28035,Forrest,2013,2017,Hispanic (all races),
28,Mississippi,28035,Forrest,2013,2017,American Indian/Alaskan Native (includes Hispanic),
28,Mississippi,28035,Forrest,2013,2017,White (includes Hispanic),10.2
28,Mississippi,28035,Forrest,2014,2018,Asian/Pacific Islander (includes Hispanic),
28,Mississippi,28035,Forrest,2014,2018,Black (includes Hispanic),
28,Mississippi,28035,Forrest,2014,2018,Hispanic (all races),
28,Mississippi,28035,Forrest,2014,2018,American Indian/Alaskan Native (includes Hispanic),
28,Mississippi,28035,Forrest,2014,2018,White (includes Hispanic),11.2
28,Mississippi,28035,Forrest,2015,2019,Asian/Pacific Islander (includes Hispanic),
28,Mississippi,28035,Forrest,2015,2019,Black (includes Hispanic),9.1
28,Mississippi,28035,Forrest,2015,2019,Hispanic (all races),
28,Mississippi,28035,Forrest,2015,2019,American Indian/Alaskan Native (includes Hispanic),
28,Mississippi,28035,Forrest,2015,2019,White (includes Hispanic),12.4
28,Mississippi,28035,Forrest,2016,2020,Asian/Pacific Islander (includes Hispanic),
28,Mississippi,28035,Forrest,2016,2020,Black (includes Hispanic),10.1
28,Mississippi,28035,Forrest,2016,2020,Hispanic (all races),
28,Mississippi,28035,Forrest,2016,2020,American Indian/Alaskan Native (includes Hispanic),
28,Mississippi,28035,Forrest,2016,2020,White (includes Hispanic),11.4
28,Mississippi,28037,Franklin,2011,2015,Asian/Pacific Islander (includes Hispanic),
28,Mississippi,28037,Franklin,2011,2015,Black (includes Hispanic),
28,Mississippi,28037,Franklin,2011,2015,Hispanic (all races),
28,Mississippi,28037,Franklin,2011,2015,American Indian/Alaskan Native (includes Hispanic),
28,Mississippi,28037,Franklin,2011,2015,White (includes Hispanic),
28,Mississippi,28037,Franklin,2012,2016,Asian/Pacific Islander (includes Hispanic),
28,Mississippi,28037,Franklin,2012,2016,Black (includes Hispanic),
28,Mississippi,28037,Franklin,2012,2016,Hispanic (all races),
28,Mississippi,28037,Franklin,2012,2016,American Indian/Alaskan Native (includes Hispanic),
28,Mississippi,28037,Franklin,2012,2016,White (includes Hispanic),
28,Mississippi,28037,Franklin,2013,2017,Asian/Pacific Islander (includes Hispanic),
28,Mississippi,28037,Franklin,2013,2017,Black (includes Hispanic),
28,Mississippi,28037,Franklin,2013,2017,Hispanic (all races),
28,Mississippi,28037,Franklin,2013,2017,American Indian/Alaskan Native (includes Hispanic),
28,Mississippi,28037,Franklin,2013,2017,White (includes Hispanic),
28,Mississippi,28037,Franklin,2014,2018,Asian/Pacific Islander (includes Hispanic),
28,Mississippi,28037,Franklin,2014,2018,Black (includes Hispanic),
28,Mississippi,28037,Franklin,2014,2018,Hispanic (all races),
28,Mississippi,28037,Franklin,2014,2018,American Indian/Alaskan Native (includes Hispanic),
28,Mississippi,28037,Franklin,2014,2018,White (includes Hispanic),
28,Mississippi,28037,Franklin,2015,2019,Asian/Pacific Islander (includes Hispanic),
28,Mississippi,28037,Franklin,2015,2019,Black (includes Hispanic),13.9
28,Mississippi,28037,Franklin,2015,2019,Hispanic (all races),
28,Mississippi,28037,Franklin,2015,2019,American Indian/Alaskan Native (includes Hispanic),
28,Mississippi,28037,Franklin,2015,2019,White (includes Hispanic),
28,Mississippi,28037,Franklin,2016,2020,Asian/Pacific Islander (includes Hispanic),
28,Mississippi,28037,Franklin,2016,2020,Black (includes Hispanic),14.1
28,Mississippi,28037,Franklin,2016,2020,Hispanic (all races),
28,Mississippi,28037,Franklin,2016,2020,American Indian/Alaskan Native (includes Hispanic),
28,Mississippi,28037,Franklin,2016,2020,White (includes Hispanic),
28,Mississippi,28039,George,2011,2015,Asian/Pacific Islander (includes Hispanic),
28,Mississippi,28039,George,2011,2015,Black (includes Hispanic),11.2
28,Mississippi,28039,George,2011,2015,Hispanic (all races),
28,Mississippi,28039,George,2011,2015,American Indian/Alaskan Native (includes Hispanic),
28,Mississippi,28039,George,2011,2015,White (includes Hispanic),8.3
28,Mississippi,28039,George,2012,2016,Asian/Pacific Islander (includes Hispanic),
28,Mississippi,28039,George,2012,2016,Black (includes Hispanic),9.7
28,Mississippi,28039,George,2012,2016,Hispanic (all races),
28,Mississippi,28039,George,2012,2016,American Indian/Alaskan Native (includes Hispanic),
28,Mississippi,28039,George,2012,2016,White (includes Hispanic),9.1
28,Mississippi,28039,George,2013,2017,Asian/Pacific Islander (includes Hispanic),
28,Mississippi,28039,George,2013,2017,Black (includes Hispanic),9.5
28,Mississippi,28039,George,2013,2017,Hispanic (all races),
28,Mississippi,28039,George,2013,2017,American Indian/Alaskan Native (includes Hispanic),
28,Mississippi,28039,George,2013,2017,White (includes Hispanic),9.4
28,Mississippi,28039,George,2014,2018,Asian/Pacific Islander (includes Hispanic),
28,Mississippi,28039,George,2014,2018,Black (includes Hispanic),9.3
28,Mississippi,28039,George,2014,2018,Hispanic (all races),
28,Mississippi,28039,George,2014,2018,American Indian/Alaskan Native (includes Hispanic),
28,Mississippi,28039,George,2014,2018,White (includes Hispanic),9.9
28,Mississippi,28039,George,2015,2019,Asian/Pacific Islander (includes Hispanic),
28,Mississippi,28039,George,2015,2019,Black (includes Hispanic),9.7
28,Mississippi,28039,George,2015,2019,Hispanic (all races),
28,Mississippi,28039,George,2015,2019,American Indian/Alaskan Native (includes Hispanic),
28,Mississippi,28039,George,2015,2019,White (includes Hispanic),10.4
28,Mississippi,28039,George,2016,2020,Asian/Pacific Islander (includes Hispanic),
28,Mississippi,28039,George,2016,2020,Black (includes Hispanic),8.7
28,Mississippi,28039,George,2016,2020,Hispanic (all races),
28,Mississippi,28039,George,2016,2020,American Indian/Alaskan Native (includes Hispanic),
28,Mississippi,28039,George,2016,2020,White (includes Hispanic),11.1
28,Mississippi,28041,Greene,2011,2015,Asian/Pacific Islander (includes Hispanic),
28,Mississippi,28041,Greene,2011,2015,Black (includes Hispanic),11.4
28,Mississippi,28041,Greene,2011,2015,Hispanic (all races),
28,Mississippi,28041,Greene,2011,2015,American Indian/Alaskan Native (includes Hispanic),
28,Mississippi,28041,Greene,2011,2015,White (includes Hispanic),7.6
28,Mississippi,28041,Greene,2012,2016,Asian/Pacific Islander (includes Hispanic),
28,Mississippi,28041,Greene,2012,2016,Black (includes Hispanic),10.7
28,Mississippi,28041,Greene,2012,2016,Hispanic (all races),
28,Mississippi,28041,Greene,2012,2016,American Indian/Alaskan Native (includes Hispanic),
28,Mississippi,28041,Greene,2012,2016,White (includes Hispanic),8.5
28,Mississippi,28041,Greene,2013,2017,Asian/Pacific Islander (includes Hispanic),
28,Mississippi,28041,Greene,2013,2017,Black (includes Hispanic),10.7
28,Mississippi,28041,Greene,2013,2017,Hispanic (all races),
28,Mississippi,28041,Greene,2013,2017,American Indian/Alaskan Native (includes Hispanic),
28,Mississippi,28041,Greene,2013,2017,White (includes Hispanic),8.7
28,Mississippi,28041,Greene,2014,2018,Asian/Pacific Islander (includes Hispanic),
28,Mississippi,28041,Greene,2014,2018,Black (includes Hispanic),10.3
28,Mississippi,28041,Greene,2014,2018,Hispanic (all races),
28,Mississippi,28041,Greene,2014,2018,American Indian/Alaskan Native (includes Hispanic),
28,Mississippi,28041,Greene,2014,2018,White (includes Hispanic),9.7
28,Mississippi,28041,Greene,2015,2019,Asian/Pacific Islander (includes Hispanic),
28,Mississippi,28041,Greene,2015,2019,Black (includes Hispanic),10.5
28,Mississippi,28041,Greene,2015,2019,Hispanic (all races),
28,Mississippi,28041,Greene,2015,2019,American Indian/Alaskan Native (includes Hispanic),
28,Mississippi,28041,Greene,2015,2019,White (includes Hispanic),9.8
28,Mississippi,28041,Greene,2016,2020,Asian/Pacific Islander (includes Hispanic),
28,Mississippi,28041,Greene,2016,2020,Black (includes Hispanic),10.2
28,Mississippi,28041,Greene,2016,2020,Hispanic (all races),
28,Mississippi,28041,Greene,2016,2020,American Indian/Alaskan Native (includes Hispanic),
28,Mississippi,28041,Greene,2016,2020,White (includes Hispanic),10.0
28,Mississippi,28043,Grenada,2011,2015,Asian/Pacific Islander (includes Hispanic),
28,Mississippi,28043,Grenada,2011,2015,Black (includes Hispanic),11.1
28,Mississippi,28043,Grenada,2011,2015,Hispanic (all races),
28,Mississippi,28043,Grenada,2011,2015,American Indian/Alaskan Native (includes Hispanic),
28,Mississippi,28043,Grenada,2011,2015,White (includes Hispanic),11.7
28,Mississippi,28043,Grenada,2012,2016,Asian/Pacific Islander (includes Hispanic),
28,Mississippi,28043,Grenada,2012,2016,Black (includes Hispanic),10.5
28,Mississippi,28043,Grenada,2012,2016,Hispanic (all races),
28,Mississippi,28043,Grenada,2012,2016,American Indian/Alaskan Native (includes Hispanic),
28,Mississippi,28043,Grenada,2012,2016,White (includes Hispanic),10.5
28,Mississippi,28043,Grenada,2013,2017,Asian/Pacific Islander (includes Hispanic),
28,Mississippi,28043,Grenada,2013,2017,Black (includes Hispanic),13.1
28,Mississippi,28043,Grenada,2013,2017,Hispanic (all races),
28,Mississippi,28043,Grenada,2013,2017,American Indian/Alaskan Native (includes Hispanic),
28,Mississippi,28043,Grenada,2013,2017,White (includes Hispanic),
28,Mississippi,28043,Grenada,2014,2018,Asian/Pacific Islander (includes Hispanic),
28,Mississippi,28043,Grenada,2014,2018,Black (includes Hispanic),11.9
28,Mississippi,28043,Grenada,2014,2018,Hispanic (all races),
28,Mississippi,28043,Grenada,2014,2018,American Indian/Alaskan Native (includes Hispanic),
28,Mississippi,28043,Grenada,2014,2018,White (includes Hispanic),
28,Mississippi,28043,Grenada,2015,2019,Asian/Pacific Islander (includes Hispanic),
28,Mississippi,28043,Grenada,2015,2019,Black (includes Hispanic),
28,Mississippi,28043,Grenada,2015,2019,Hispanic (all races),
28,Mississippi,28043,Grenada,2015,2019,American Indian/Alaskan Native (includes Hispanic),
28,Mississippi,28043,Grenada,2015,2019,White (includes Hispanic),
28,Mississippi,28043,Grenada,2016,2020,Asian/Pacific Islander (includes Hispanic),
28,Mississippi,28043,Grenada,2016,2020,Black (includes Hispanic),
28,Mississippi,28043,Grenada,2016,2020,Hispanic (all races),
28,Mississippi,28043,Grenada,2016,2020,American Indian/Alaskan Native (includes Hispanic),
28,Mississippi,28043,Grenada,2016,2020,White (includes Hispanic),
28,Mississippi,28045,Hancock,2011,2015,Asian/Pacific Islander (includes Hispanic),
28,Mississippi,28045,Hancock,2011,2015,Black (includes Hispanic),8.0
28,Mississippi,28045,Hancock,2011,2015,Hispanic (all races),
28,Mississippi,28045,Hancock,2011,2015,American Indian/Alaskan Native (includes Hispanic),
28,Mississippi,28045,Hancock,2011,2015,White (includes Hispanic),8.4
28,Mississippi,28045,Hancock,2012,2016,Asian/Pacific Islander (includes Hispanic),
28,Mississippi,28045,Hancock,2012,2016,Black (includes Hispanic),8.1
28,Mississippi,28045,Hancock,2012,2016,Hispanic (all races),
28,Mississippi,28045,Hancock,2012,2016,American Indian/Alaskan Native (includes Hispanic),
28,Mississippi,28045,Hancock,2012,2016,White (includes Hispanic),8.5
28,Mississippi,28045,Hancock,2013,2017,Asian/Pacific Islander (includes Hispanic),
28,Mississippi,28045,Hancock,2013,2017,Black (includes Hispanic),6.8
28,Mississippi,28045,Hancock,2013,2017,Hispanic (all races),
28,Mississippi,28045,Hancock,2013,2017,American Indian/Alaskan Native (includes Hispanic),
28,Mississippi,28045,Hancock,2013,2017,White (includes Hispanic),9.3
28,Mississippi,28045,Hancock,2014,2018,Asian/Pacific Islander (includes Hispanic),
28,Mississippi,28045,Hancock,2014,2018,Black (includes Hispanic),6.4
28,Mississippi,28045,Hancock,2014,2018,Hispanic (all races),
28,Mississippi,28045,Hancock,2014,2018,American Indian/Alaskan Native (includes Hispanic),
28,Mississippi,28045,Hancock,2014,2018,White (includes Hispanic),9.6
28,Mississippi,28045,Hancock,2015,2019,Asian/Pacific Islander (includes Hispanic),
28,Mississippi,28045,Hancock,2015,2019,Black (includes Hispanic),7.5
28,Mississippi,28045,Hancock,2015,2019,Hispanic (all races),
28,Mississippi,28045,Hancock,2015,2019,American Indian/Alaskan Native (includes Hispanic),
28,Mississippi,28045,Hancock,2015,2019,White (includes Hispanic),9.6
28,Mississippi,28045,Hancock,2016,2020,Asian/Pacific Islander (includes Hispanic),
28,Mississippi,28045,Hancock,2016,2020,Black (includes Hispanic),9.8
28,Mississippi,28045,Hancock,2016,2020,Hispanic (all races),
28,Mississippi,28045,Hancock,2016,2020,American Indian/Alaskan Native (includes Hispanic),
28,Mississippi,28045,Hancock,2016,2020,White (includes Hispanic),8.9
28,Mississippi,28047,Harrison,2011,2015,Asian/Pacific Islander (includes Hispanic),
28,Mississippi,28047,Harrison,2011,2015,Black (includes Hispanic),8.9
28,Mississippi,28047,Harrison,2011,2015,Hispanic (all races),
28,Mississippi,28047,Harrison,2011,2015,American Indian/Alaskan Native (includes Hispanic),
28,Mississippi,28047,Harrison,2011,2015,White (includes Hispanic),8.9
28,Mississippi,28047,Harrison,2012,2016,Asian/Pacific Islander (includes Hispanic),
28,Mississippi,28047,Harrison,2012,2016,Black (includes Hispanic),9.3
28,Mississippi,28047,Harrison,2012,2016,Hispanic (all races),
28,Mississippi,28047,Harrison,2012,2016,American Indian/Alaskan Native (includes Hispanic),
28,Mississippi,28047,Harrison,2012,2016,White (includes Hispanic),9.5
28,Mississippi,28047,Harrison,2013,2017,Asian/Pacific Islander (includes Hispanic),
28,Mississippi,28047,Harrison,2013,2017,Black (includes Hispanic),7.6
28,Mississippi,28047,Harrison,2013,2017,Hispanic (all races),
28,Mississippi,28047,Harrison,2013,2017,American Indian/Alaskan Native (includes Hispanic),
28,Mississippi,28047,Harrison,2013,2017,White (includes Hispanic),10.2
28,Mississippi,28047,Harrison,2014,2018,Asian/Pacific Islander (includes Hispanic),
28,Mississippi,28047,Harrison,2014,2018,Black (includes Hispanic),8.4
28,Mississippi,28047,Harrison,2014,2018,Hispanic (all races),
28,Mississippi,28047,Harrison,2014,2018,American Indian/Alaskan Native (includes Hispanic),
28,Mississippi,28047,Harrison,2014,2018,White (includes Hispanic),10.1
28,Mississippi,28047,Harrison,2015,2019,Asian/Pacific Islander (includes Hispanic),
28,Mississippi,28047,Harrison,2015,2019,Black (includes Hispanic),9.6
28,Mississippi,28047,Harrison,2015,2019,Hispanic (all races),
28,Mississippi,28047,Harrison,2015,2019,American Indian/Alaskan Native (includes Hispanic),
28,Mississippi,28047,Harrison,2015,2019,White (includes Hispanic),10.5
28,Mississippi,28047,Harrison,2016,2020,Asian/Pacific Islander (includes Hispanic),
28,Mississippi,28047,Harrison,2016,2020,Black (includes Hispanic),10.1
28,Mississippi,28047,Harrison,2016,2020,Hispanic (all races),
28,Mississippi,28047,Harrison,2016,2020,American Indian/Alaskan Native (includes Hispanic),
28,Mississippi,28047,Harrison,2016,2020,White (includes Hispanic),10.9
28,Mississippi,28049,Hinds,2011,2015,Asian/Pacific Islander (includes Hispanic),
28,Mississippi,28049,Hinds,2011,2015,Black (includes Hispanic),10.7
28,Mississippi,28049,Hinds,2011,2015,Hispanic (all races),
28,Mississippi,28049,Hinds,2011,2015,American Indian/Alaskan Native (includes Hispanic),
28,Mississippi,28049,Hinds,2011,2015,White (includes Hispanic),7.7
28,Mississippi,28049,Hinds,2012,2016,Asian/Pacific Islander (includes Hispanic),
28,Mississippi,28049,Hinds,2012,2016,Black (includes Hispanic),8.7
28,Mississippi,28049,Hinds,2012,2016,Hispanic (all races),
28,Mississippi,28049,Hinds,2012,2016,American Indian/Alaskan Native (includes Hispanic),
28,Mississippi,28049,Hinds,2012,2016,White (includes Hispanic),8.3
28,Mississippi,28049,Hinds,2013,2017,Asian/Pacific Islander (includes Hispanic),
28,Mississippi,28049,Hinds,2013,2017,Black (includes Hispanic),8.6
28,Mississippi,28049,Hinds,2013,2017,Hispanic (all races),
28,Mississippi,28049,Hinds,2013,2017,American Indian/Alaskan Native (includes Hispanic),
28,Mississippi,28049,Hinds,2013,2017,White (includes Hispanic),7.8
28,Mississippi,28049,Hinds,2014,2018,Asian/Pacific Islander (includes Hispanic),
28,Mississippi,28049,Hinds,2014,2018,Black (includes Hispanic),9.2
28,Mississippi,28049,Hinds,2014,2018,Hispanic (all races),
28,Mississippi,28049,Hinds,2014,2018,American Indian/Alaskan Native (includes Hispanic),
28,Mississippi,28049,Hinds,2014,2018,White (includes Hispanic),7.9
28,Mississippi,28049,Hinds,2015,2019,Asian/Pacific Islander (includes Hispanic),
28,Mississippi,28049,Hinds,2015,2019,Black (includes Hispanic),9.4
28,Mississippi,28049,Hinds,2015,2019,Hispanic (all races),
28,Mississippi,28049,Hinds,2015,2019,American Indian/Alaskan Native (includes Hispanic),
28,Mississippi,28049,Hinds,2015,2019,White (includes Hispanic),7.2
28,Mississippi,28049,Hinds,2016,2020,Asian/Pacific Islander (includes Hispanic),
28,Mississippi,28049,Hinds,2016,2020,Black (includes Hispanic),9.1
28,Mississippi,28049,Hinds,2016,2020,Hispanic (all races),
28,Mississippi,28049,Hinds,2016,2020,American Indian/Alaskan Native (includes Hispanic),
28,Mississippi,28049,Hinds,2016,2020,White (includes Hispanic),6.8
28,Mississippi,28051,Holmes,2011,2015,Asian/Pacific Islander (includes Hispanic),
28,Mississippi,28051,Holmes,2011,2015,Black (includes Hispanic),14.4
28,Mississippi,28051,Holmes,2011,2015,Hispanic (all races),
28,Mississippi,28051,Holmes,2011,2015,American Indian/Alaskan Native (includes Hispanic),
28,Mississippi,28051,Holmes,2011,2015,White (includes Hispanic),
28,Mississippi,28051,Holmes,2012,2016,Asian/Pacific Islander (includes Hispanic),
28,Mississippi,28051,Holmes,2012,2016,Black (includes Hispanic),12.4
28,Mississippi,28051,Holmes,2012,2016,Hispanic (all races),
28,Mississippi,28051,Holmes,2012,2016,American Indian/Alaskan Native (includes Hispanic),
28,Mississippi,28051,Holmes,2012,2016,White (includes Hispanic),6.9
28,Mississippi,28051,Holmes,2013,2017,Asian/Pacific Islander (includes Hispanic),
28,Mississippi,28051,Holmes,2013,2017,Black (includes Hispanic),13.9
28,Mississippi,28051,Holmes,2013,2017,Hispanic (all races),
28,Mississippi,28051,Holmes,2013,2017,American Indian/Alaskan Native (includes Hispanic),
28,Mississippi,28051,Holmes,2013,2017,White (includes Hispanic),7.1
28,Mississippi,28051,Holmes,2014,2018,Asian/Pacific Islander (includes Hispanic),
28,Mississippi,28051,Holmes,2014,2018,Black (includes Hispanic),14.2
28,Mississippi,28051,Holmes,2014,2018,Hispanic (all races),
28,Mississippi,28051,Holmes,2014,2018,American Indian/Alaskan Native (includes Hispanic),
28,Mississippi,28051,Holmes,2014,2018,White (includes Hispanic),7.0
28,Mississippi,28051,Holmes,2015,2019,Asian/Pacific Islander (includes Hispanic),
28,Mississippi,28051,Holmes,2015,2019,Black (includes Hispanic),13.5
28,Mississippi,28051,Holmes,2015,2019,Hispanic (all races),
28,Mississippi,28051,Holmes,2015,2019,American Indian/Alaskan Native (includes Hispanic),
28,Mississippi,28051,Holmes,2015,2019,White (includes Hispanic),6.6
28,Mississippi,28051,Holmes,2016,2020,Asian/Pacific Islander (includes Hispanic),
28,Mississippi,28051,Holmes,2016,2020,Black (includes Hispanic),12.1
28,Mississippi,28051,Holmes,2016,2020,Hispanic (all races),
28,Mississippi,28051,Holmes,2016,2020,American Indian/Alaskan Native (includes Hispanic),
28,Mississippi,28051,Holmes,2016,2020,White (includes Hispanic),
28,Mississippi,28053,Humphreys,2011,2015,Asian/Pacific Islander (includes Hispanic),
28,Mississippi,28053,Humphreys,2011,2015,Black (includes Hispanic),14.1
28,Mississippi,28053,Humphreys,2011,2015,Hispanic (all races),
28,Mississippi,28053,Humphreys,2011,2015,American Indian/Alaskan Native (includes Hispanic),
28,Mississippi,28053,Humphreys,2011,2015,White (includes Hispanic),
28,Mississippi,28053,Humphreys,2012,2016,Asian/Pacific Islander (includes Hispanic),
28,Mississippi,28053,Humphreys,2012,2016,Black (includes Hispanic),14.6
28,Mississippi,28053,Humphreys,2012,2016,Hispanic (all races),
28,Mississippi,28053,Humphreys,2012,2016,American Indian/Alaskan Native (includes Hispanic),
28,Mississippi,28053,Humphreys,2012,2016,White (includes Hispanic),
28,Mississippi,28053,Humphreys,2013,2017,Asian/Pacific Islander (includes Hispanic),
28,Mississippi,28053,Humphreys,2013,2017,Black (includes Hispanic),14.6
28,Mississippi,28053,Humphreys,2013,2017,Hispanic (all races),
28,Mississippi,28053,Humphreys,2013,2017,American Indian/Alaskan Native (includes Hispanic),
28,Mississippi,28053,Humphreys,2013,2017,White (includes Hispanic),
28,Mississippi,28053,Humphreys,2014,2018,Asian/Pacific Islander (includes Hispanic),
28,Mississippi,28053,Humphreys,2014,2018,Black (includes Hispanic),12.4
28,Mississippi,28053,Humphreys,2014,2018,Hispanic (all races),
28,Mississippi,28053,Humphreys,2014,2018,American Indian/Alaskan Native (includes Hispanic),
28,Mississippi,28053,Humphreys,2014,2018,White (includes Hispanic),
28,Mississippi,28053,Humphreys,2015,2019,Asian/Pacific Islander (includes Hispanic),
28,Mississippi,28053,Humphreys,2015,2019,Black (includes Hispanic),11.2
28,Mississippi,28053,Humphreys,2015,2019,Hispanic (all races),
28,Mississippi,28053,Humphreys,2015,2019,American Indian/Alaskan Native (includes Hispanic),
28,Mississippi,28053,Humphreys,2015,2019,White (includes Hispanic),
28,Mississippi,28053,Humphreys,2016,2020,Asian/Pacific Islander (includes Hispanic),
28,Mississippi,28053,Humphreys,2016,2020,Black (includes Hispanic),10.6
28,Mississippi,28053,Humphreys,2016,2020,Hispanic (all races),
28,Mississippi,28053,Humphreys,2016,2020,American Indian/Alaskan Native (includes Hispanic),
28,Mississippi,28053,Humphreys,2016,2020,White (includes Hispanic),
28,Mississippi,28055,Issaquena,2011,2015,Asian/Pacific Islander (includes Hispanic),
28,Mississippi,28055,Issaquena,2011,2015,Black (includes Hispanic),11.6
28,Mississippi,28055,Issaquena,2011,2015,Hispanic (all races),
28,Mississippi,28055,Issaquena,2011,2015,American Indian/Alaskan Native (includes Hispanic),
28,Mississippi,28055,Issaquena,2011,2015,White (includes Hispanic),
28,Mississippi,28055,Issaquena,2012,2016,Asian/Pacific Islander (includes Hispanic),
28,Mississippi,28055,Issaquena,2012,2016,Black (includes Hispanic),10.5
28,Mississippi,28055,Issaquena,2012,2016,Hispanic (all races),
28,Mississippi,28055,Issaquena,2012,2016,American Indian/Alaskan Native (includes Hispanic),
28,Mississippi,28055,Issaquena,2012,2016,White (includes Hispanic),
28,Mississippi,28055,Issaquena,2013,2017,Asian/Pacific Islander (includes Hispanic),
28,Mississippi,28055,Issaquena,2013,2017,Black (includes Hispanic),10.3
28,Mississippi,28055,Issaquena,2013,2017,Hispanic (all races),
28,Mississippi,28055,Issaquena,2013,2017,American Indian/Alaskan Native (includes Hispanic),
28,Mississippi,28055,Issaquena,2013,2017,White (includes Hispanic),
28,Mississippi,28055,Issaquena,2014,2018,Asian/Pacific Islander (includes Hispanic),
28,Mississippi,28055,Issaquena,2014,2018,Black (includes Hispanic),10.4
28,Mississippi,28055,Issaquena,2014,2018,Hispanic (all races),
28,Mississippi,28055,Issaquena,2014,2018,American Indian/Alaskan Native (includes Hispanic),
28,Mississippi,28055,Issaquena,2014,2018,White (includes Hispanic),
28,Mississippi,28055,Issaquena,2015,2019,Asian/Pacific Islander (includes Hispanic),
28,Mississippi,28055,Issaquena,2015,2019,Black (includes Hispanic),11.2
28,Mississippi,28055,Issaquena,2015,2019,Hispanic (all races),
28,Mississippi,28055,Issaquena,2015,2019,American Indian/Alaskan Native (includes Hispanic),
28,Mississippi,28055,Issaquena,2015,2019,White (includes Hispanic),
28,Mississippi,28055,Issaquena,2016,2020,Asian/Pacific Islander (includes Hispanic),
28,Mississippi,28055,Issaquena,2016,2020,Black (includes Hispanic),10.3
28,Mississippi,28055,Issaquena,2016,2020,Hispanic (all races),
28,Mississippi,28055,Issaquena,2016,2020,American Indian/Alaskan Native (includes Hispanic),
28,Mississippi,28055,Issaquena,2016,2020,White (includes Hispanic),
28,Mississippi,28057,Itawamba,2011,2015,Asian/Pacific Islander (includes Hispanic),
28,Mississippi,28057,Itawamba,2011,2015,Black (includes Hispanic),
28,Mississippi,28057,Itawamba,2011,2015,Hispanic (all races),
28,Mississippi,28057,Itawamba,2011,2015,American Indian/Alaskan Native (includes Hispanic),
28,Mississippi,28057,Itawamba,2011,2015,White (includes Hispanic),10.1
28,Mississippi,28057,Itawamba,2012,2016,Asian/Pacific Islander (includes Hispanic),
28,Mississippi,28057,Itawamba,2012,2016,Black (includes Hispanic),
28,Mississippi,28057,Itawamba,2012,2016,Hispanic (all races),
28,Mississippi,28057,Itawamba,2012,2016,American Indian/Alaskan Native (includes Hispanic),
28,Mississippi,28057,Itawamba,2012,2016,White (includes Hispanic),8.9
28,Mississippi,28057,Itawamba,2013,2017,Asian/Pacific Islander (includes Hispanic),
28,Mississippi,28057,Itawamba,2013,2017,Black (includes Hispanic),
28,Mississippi,28057,Itawamba,2013,2017,Hispanic (all races),
28,Mississippi,28057,Itawamba,2013,2017,American Indian/Alaskan Native (includes Hispanic),
28,Mississippi,28057,Itawamba,2013,2017,White (includes Hispanic),8.9
28,Mississippi,28057,Itawamba,2014,2018,Asian/Pacific Islander (includes Hispanic),
28,Mississippi,28057,Itawamba,2014,2018,Black (includes Hispanic),
28,Mississippi,28057,Itawamba,2014,2018,Hispanic (all races),
28,Mississippi,28057,Itawamba,2014,2018,American Indian/Alaskan Native (includes Hispanic),
28,Mississippi,28057,Itawamba,2014,2018,White (includes Hispanic),9.0
28,Mississippi,28057,Itawamba,2015,2019,Asian/Pacific Islander (includes Hispanic),
28,Mississippi,28057,Itawamba,2015,2019,Black (includes Hispanic),
28,Mississippi,28057,Itawamba,2015,2019,Hispanic (all races),
28,Mississippi,28057,Itawamba,2015,2019,American Indian/Alaskan Native (includes Hispanic),
28,Mississippi,28057,Itawamba,2015,2019,White (includes Hispanic),8.8
28,Mississippi,28057,Itawamba,2016,2020,Asian/Pacific Islander (includes Hispanic),
28,Mississippi,28057,Itawamba,2016,2020,Black (includes Hispanic),
28,Mississippi,28057,Itawamba,2016,2020,Hispanic (all races),
28,Mississippi,28057,Itawamba,2016,2020,American Indian/Alaskan Native (includes Hispanic),
28,Mississippi,28057,Itawamba,2016,2020,White (includes Hispanic),8.7
28,Mississippi,28059,Jackson,2011,2015,Asian/Pacific Islander (includes Hispanic),
28,Mississippi,28059,Jackson,2011,2015,Black (includes Hispanic),11.3
28,Mississippi,28059,Jackson,2011,2015,Hispanic (all races),
28,Mississippi,28059,Jackson,2011,2015,American Indian/Alaskan Native (includes Hispanic),
28,Mississippi,28059,Jackson,2011,2015,White (includes Hispanic),9.0
28,Mississippi,28059,Jackson,2012,2016,Asian/Pacific Islander (includes Hispanic),
28,Mississippi,28059,Jackson,2012,2016,Black (includes Hispanic),10.2
28,Mississippi,28059,Jackson,2012,2016,Hispanic (all races),
28,Mississippi,28059,Jackson,2012,2016,American Indian/Alaskan Native (includes Hispanic),
28,Mississippi,28059,Jackson,2012,2016,White (includes Hispanic),9.4
28,Mississippi,28059,Jackson,2013,2017,Asian/Pacific Islander (includes Hispanic),
28,Mississippi,28059,Jackson,2013,2017,Black (includes Hispanic),9.6
28,Mississippi,28059,Jackson,2013,2017,Hispanic (all races),
28,Mississippi,28059,Jackson,2013,2017,American Indian/Alaskan Native (includes Hispanic),
28,Mississippi,28059,Jackson,2013,2017,White (includes Hispanic),9.7
28,Mississippi,28059,Jackson,2014,2018,Asian/Pacific Islander (includes Hispanic),
28,Mississippi,28059,Jackson,2014,2018,Black (includes Hispanic),9.6
28,Mississippi,28059,Jackson,2014,2018,Hispanic (all races),
28,Mississippi,28059,Jackson,2014,2018,American Indian/Alaskan Native (includes Hispanic),
28,Mississippi,28059,Jackson,2014,2018,White (includes Hispanic),9.7
28,Mississippi,28059,Jackson,2015,2019,Asian/Pacific Islander (includes Hispanic),
28,Mississippi,28059,Jackson,2015,2019,Black (includes Hispanic),9.8
28,Mississippi,28059,Jackson,2015,2019,Hispanic (all races),
28,Mississippi,28059,Jackson,2015,2019,American Indian/Alaskan Native (includes Hispanic),
28,Mississippi,28059,Jackson,2015,2019,White (includes Hispanic),9.9
28,Mississippi,28059,Jackson,2016,2020,Asian/Pacific Islander (includes Hispanic),
28,Mississippi,28059,Jackson,2016,2020,Black (includes Hispanic),9.6
28,Mississippi,28059,Jackson,2016,2020,Hispanic (all races),
28,Mississippi,28059,Jackson,2016,2020,American Indian/Alaskan Native (includes Hispanic),
28,Mississippi,28059,Jackson,2016,2020,White (includes Hispanic),9.9
28,Mississippi,28061,Jasper,2011,2015,Asian/Pacific Islander (includes Hispanic),
28,Mississippi,28061,Jasper,2011,2015,Black (includes Hispanic),
28,Mississippi,28061,Jasper,2011,2015,Hispanic (all races),
28,Mississippi,28061,Jasper,2011,2015,American Indian/Alaskan Native (includes Hispanic),
28,Mississippi,28061,Jasper,2011,2015,White (includes Hispanic),8.3
28,Mississippi,28061,Jasper,2012,2016,Asian/Pacific Islander (includes Hispanic),
28,Mississippi,28061,Jasper,2012,2016,Black (includes Hispanic),8.8
28,Mississippi,28061,Jasper,2012,2016,Hispanic (all races),
28,Mississippi,28061,Jasper,2012,2016,American Indian/Alaskan Native (includes Hispanic),
28,Mississippi,28061,Jasper,2012,2016,White (includes Hispanic),8.2
28,Mississippi,28061,Jasper,2013,2017,Asian/Pacific Islander (includes Hispanic),
28,Mississippi,28061,Jasper,2013,2017,Black (includes Hispanic),8.5
28,Mississippi,28061,Jasper,2013,2017,Hispanic (all races),
28,Mississippi,28061,Jasper,2013,2017,American Indian/Alaskan Native (includes Hispanic),
28,Mississippi,28061,Jasper,2013,2017,White (includes Hispanic),9.7
28,Mississippi,28061,Jasper,2014,2018,Asian/Pacific Islander (includes Hispanic),
28,Mississippi,28061,Jasper,2014,2018,Black (includes Hispanic),8.0
28,Mississippi,28061,Jasper,2014,2018,Hispanic (all races),
28,Mississippi,28061,Jasper,2014,2018,American Indian/Alaskan Native (includes Hispanic),
28,Mississippi,28061,Jasper,2014,2018,White (includes Hispanic),10.4
28,Mississippi,28061,Jasper,2015,2019,Asian/Pacific Islander (includes Hispanic),
28,Mississippi,28061,Jasper,2015,2019,Black (includes Hispanic),8.4
28,Mississippi,28061,Jasper,2015,2019,Hispanic (all races),
28,Mississippi,28061,Jasper,2015,2019,American Indian/Alaskan Native (includes Hispanic),
28,Mississippi,28061,Jasper,2015,2019,White (includes Hispanic),10.7
28,Mississippi,28061,Jasper,2016,2020,Asian/Pacific Islander (includes Hispanic),
28,Mississippi,28061,Jasper,2016,2020,Black (includes Hispanic),9.9
28,Mississippi,28061,Jasper,2016,2020,Hispanic (all races),
28,Mississippi,28061,Jasper,2016,2020,American Indian/Alaskan Native (includes Hispanic),
28,Mississippi,28061,Jasper,2016,2020,White (includes Hispanic),11.2
28,Mississippi,28063,Jefferson,2011,2015,Asian/Pacific Islander (includes Hispanic),
28,Mississippi,28063,Jefferson,2011,2015,Black (includes Hispanic),11.9
28,Mississippi,28063,Jefferson,2011,2015,Hispanic (all races),
28,Mississippi,28063,Jefferson,2011,2015,American Indian/Alaskan Native (includes Hispanic),
28,Mississippi,28063,Jefferson,2011,2015,White (includes Hispanic),
28,Mississippi,28063,Jefferson,2012,2016,Asian/Pacific Islander (includes Hispanic),
28,Mississippi,28063,Jefferson,2012,2016,Black (includes Hispanic),9.7
28,Mississippi,28063,Jefferson,2012,2016,Hispanic (all races),
28,Mississippi,28063,Jefferson,2012,2016,American Indian/Alaskan Native (includes Hispanic),
28,Mississippi,28063,Jefferson,2012,2016,White (includes Hispanic),
28,Mississippi,28063,Jefferson,2013,2017,Asian/Pacific Islander (includes Hispanic),
28,Mississippi,28063,Jefferson,2013,2017,Black (includes Hispanic),9.1
28,Mississippi,28063,Jefferson,2013,2017,Hispanic (all races),
28,Mississippi,28063,Jefferson,2013,2017,American Indian/Alaskan Native (includes Hispanic),
28,Mississippi,28063,Jefferson,2013,2017,White (includes Hispanic),
28,Mississippi,28063,Jefferson,2014,2018,Asian/Pacific Islander (includes Hispanic),
28,Mississippi,28063,Jefferson,2014,2018,Black (includes Hispanic),
28,Mississippi,28063,Jefferson,2014,2018,Hispanic (all races),
28,Mississippi,28063,Jefferson,2014,2018,American Indian/Alaskan Native (includes Hispanic),
28,Mississippi,28063,Jefferson,2014,2018,White (includes Hispanic),
28,Mississippi,28063,Jefferson,2015,2019,Asian/Pacific Islander (includes Hispanic),
28,Mississippi,28063,Jefferson,2015,2019,Black (includes Hispanic),9.7
28,Mississippi,28063,Jefferson,2015,2019,Hispanic (all races),
28,Mississippi,28063,Jefferson,2015,2019,American Indian/Alaskan Native (includes Hispanic),
28,Mississippi,28063,Jefferson,2015,2019,White (includes Hispanic),
28,Mississippi,28063,Jefferson,2016,2020,Asian/Pacific Islander (includes Hispanic),
28,Mississippi,28063,Jefferson,2016,2020,Black (includes Hispanic),11.7
28,Mississippi,28063,Jefferson,2016,2020,Hispanic (all races),
28,Mississippi,28063,Jefferson,2016,2020,American Indian/Alaskan Native (includes Hispanic),
28,Mississippi,28063,Jefferson,2016,2020,White (includes Hispanic),
28,Mississippi,28065,Jefferson Davis,2011,2015,Asian/Pacific Islander (includes Hispanic),
28,Mississippi,28065,Jefferson Davis,2011,2015,Black (includes Hispanic),
28,Mississippi,28065,Jefferson Davis,2011,2015,Hispanic (all races),
28,Mississippi,28065,Jefferson Davis,2011,2015,American Indian/Alaskan Native (includes Hispanic),
28,Mississippi,28065,Jefferson Davis,2011,2015,White (includes Hispanic),8.1
28,Mississippi,28065,Jefferson Davis,2012,2016,Asian/Pacific Islander (includes Hispanic),
28,Mississippi,28065,Jefferson Davis,2012,2016,Black (includes Hispanic),
28,Mississippi,28065,Jefferson Davis,2012,2016,Hispanic (all races),
28,Mississippi,28065,Jefferson Davis,2012,2016,American Indian/Alaskan Native (includes Hispanic),
28,Mississippi,28065,Jefferson Davis,2012,2016,White (includes Hispanic),8.2
28,Mississippi,28065,Jefferson Davis,2013,2017,Asian/Pacific Islander (includes Hispanic),
28,Mississippi,28065,Jefferson Davis,2013,2017,Black (includes Hispanic),
28,Mississippi,28065,Jefferson Davis,2013,2017,Hispanic (all races),
28,Mississippi,28065,Jefferson Davis,2013,2017,American Indian/Alaskan Native (includes Hispanic),
28,Mississippi,28065,Jefferson Davis,2013,2017,White (includes Hispanic),9.6
28,Mississippi,28065,Jefferson Davis,2014,2018,Asian/Pacific Islander (includes Hispanic),
28,Mississippi,28065,Jefferson Davis,2014,2018,Black (includes Hispanic),
28,Mississippi,28065,Jefferson Davis,2014,2018,Hispanic (all races),
28,Mississippi,28065,Jefferson Davis,2014,2018,American Indian/Alaskan Native (includes Hispanic),
28,Mississippi,28065,Jefferson Davis,2014,2018,White (includes Hispanic),10.3
28,Mississippi,28065,Jefferson Davis,2015,2019,Asian/Pacific Islander (includes Hispanic),
28,Mississippi,28065,Jefferson Davis,2015,2019,Black (includes Hispanic),
28,Mississippi,28065,Jefferson Davis,2015,2019,Hispanic (all races),
28,Mississippi,28065,Jefferson Davis,2015,2019,American Indian/Alaskan Native (includes Hispanic),
28,Mississippi,28065,Jefferson Davis,2015,2019,White (includes Hispanic),9.1
28,Mississippi,28065,Jefferson Davis,2016,2020,Asian/Pacific Islander (includes Hispanic),
28,Mississippi,28065,Jefferson Davis,2016,2020,Black (includes Hispanic),
28,Mississippi,28065,Jefferson Davis,2016,2020,Hispanic (all races),
28,Mississippi,28065,Jefferson Davis,2016,2020,American Indian/Alaskan Native (includes Hispanic),
28,Mississippi,28065,Jefferson Davis,2016,2020,White (includes Hispanic),7.4
28,Mississippi,28067,Jones,2011,2015,Asian/Pacific Islander (includes Hispanic),
28,Mississippi,28067,Jones,2011,2015,Black (includes Hispanic),
28,Mississippi,28067,Jones,2011,2015,Hispanic (all races),
28,Mississippi,28067,Jones,2011,2015,American Indian/Alaskan Native (includes Hispanic),
28,Mississippi,28067,Jones,2011,2015,White (includes Hispanic),10.0
28,Mississippi,28067,Jones,2012,2016,Asian/Pacific Islander (includes Hispanic),
28,Mississippi,28067,Jones,2012,2016,Black (includes Hispanic),10.3
28,Mississippi,28067,Jones,2012,2016,Hispanic (all races),
28,Mississippi,28067,Jones,2012,2016,American Indian/Alaskan Native (includes Hispanic),
28,Mississippi,28067,Jones,2012,2016,White (includes Hispanic),9.3
28,Mississippi,28067,Jones,2013,2017,Asian/Pacific Islander (includes Hispanic),
28,Mississippi,28067,Jones,2013,2017,Black (includes Hispanic),9.9
28,Mississippi,28067,Jones,2013,2017,Hispanic (all races),
28,Mississippi,28067,Jones,2013,2017,American Indian/Alaskan Native (includes Hispanic),
28,Mississippi,28067,Jones,2013,2017,White (includes Hispanic),11.3
28,Mississippi,28067,Jones,2014,2018,Asian/Pacific Islander (includes Hispanic),
28,Mississippi,28067,Jones,2014,2018,Black (includes Hispanic),10.5
28,Mississippi,28067,Jones,2014,2018,Hispanic (all races),
28,Mississippi,28067,Jones,2014,2018,American Indian/Alaskan Native (includes Hispanic),
28,Mississippi,28067,Jones,2014,2018,White (includes Hispanic),11.8
28,Mississippi,28067,Jones,2015,2019,Asian/Pacific Islander (includes Hispanic),
28,Mississippi,28067,Jones,2015,2019,Black (includes Hispanic),
28,Mississippi,28067,Jones,2015,2019,Hispanic (all races),
28,Mississippi,28067,Jones,2015,2019,American Indian/Alaskan Native (includes Hispanic),
28,Mississippi,28067,Jones,2015,2019,White (includes Hispanic),12.2
28,Mississippi,28067,Jones,2016,2020,Asian/Pacific Islander (includes Hispanic),
28,Mississippi,28067,Jones,2016,2020,Black (includes Hispanic),10.2
28,Mississippi,28067,Jones,2016,2020,Hispanic (all races),
28,Mississippi,28067,Jones,2016,2020,American Indian/Alaskan Native (includes Hispanic),
28,Mississippi,28067,Jones,2016,2020,White (includes Hispanic),12.4
28,Mississippi,28069,Kemper,2011,2015,Asian/Pacific Islander (includes Hispanic),
28,Mississippi,28069,Kemper,2011,2015,Black (includes Hispanic),
28,Mississippi,28069,Kemper,2011,2015,Hispanic (all races),
28,Mississippi,28069,Kemper,2011,2015,American Indian/Alaskan Native (includes Hispanic),
28,Mississippi,28069,Kemper,2011,2015,White (includes Hispanic),
28,Mississippi,28069,Kemper,2012,2016,Asian/Pacific Islander (includes Hispanic),
28,Mississippi,28069,Kemper,2012,2016,Black (includes Hispanic),
28,Mississippi,28069,Kemper,2012,2016,Hispanic (all races),
28,Mississippi,28069,Kemper,2012,2016,American Indian/Alaskan Native (includes Hispanic),
28,Mississippi,28069,Kemper,2012,2016,White (includes Hispanic),7.6
28,Mississippi,28069,Kemper,2013,2017,Asian/Pacific Islander (includes Hispanic),
28,Mississippi,28069,Kemper,2013,2017,Black (includes Hispanic),
28,Mississippi,28069,Kemper,2013,2017,Hispanic (all races),
28,Mississippi,28069,Kemper,2013,2017,American Indian/Alaskan Native (includes Hispanic),
28,Mississippi,28069,Kemper,2013,2017,White (includes Hispanic),7.6
28,Mississippi,28069,Kemper,2014,2018,Asian/Pacific Islander (includes Hispanic),
28,Mississippi,28069,Kemper,2014,2018,Black (includes Hispanic),
28,Mississippi,28069,Kemper,2014,2018,Hispanic (all races),
28,Mississippi,28069,Kemper,2014,2018,American Indian/Alaskan Native (includes Hispanic),
28,Mississippi,28069,Kemper,2014,2018,White (includes Hispanic),8.8
28,Mississippi,28069,Kemper,2015,2019,Asian/Pacific Islander (includes Hispanic),
28,Mississippi,28069,Kemper,2015,2019,Black (includes Hispanic),
28,Mississippi,28069,Kemper,2015,2019,Hispanic (all races),
28,Mississippi,28069,Kemper,2015,2019,American Indian/Alaskan Native (includes Hispanic),
28,Mississippi,28069,Kemper,2015,2019,White (includes Hispanic),8.5
28,Mississippi,28069,Kemper,2016,2020,Asian/Pacific Islander (includes Hispanic),
28,Mississippi,28069,Kemper,2016,2020,Black (includes Hispanic),
28,Mississippi,28069,Kemper,2016,2020,Hispanic (all races),
28,Mississippi,28069,Kemper,2016,2020,American Indian/Alaskan Native (includes Hispanic),
28,Mississippi,28069,Kemper,2016,2020,White (includes Hispanic),9.6
28,Mississippi,28071,Lafayette,2011,2015,Asian/Pacific Islander (includes Hispanic),
28,Mississippi,28071,Lafayette,2011,2015,Black (includes Hispanic),13.1
28,Mississippi,28071,Lafayette,2011,2015,Hispanic (all races),
28,Mississippi,28071,Lafayette,2011,2015,American Indian/Alaskan Native (includes Hispanic),
28,Mississippi,28071,Lafayette,2011,2015,White (includes Hispanic),7.9
28,Mississippi,28071,Lafayette,2012,2016,Asian/Pacific Islander (includes Hispanic),
28,Mississippi,28071,Lafayette,2012,2016,Black (includes Hispanic),12.3
28,Mississippi,28071,Lafayette,2012,2016,Hispanic (all races),
28,Mississippi,28071,Lafayette,2012,2016,American Indian/Alaskan Native (includes Hispanic),
28,Mississippi,28071,Lafayette,2012,2016,White (includes Hispanic),7.8
28,Mississippi,28071,Lafayette,2013,2017,Asian/Pacific Islander (includes Hispanic),
28,Mississippi,28071,Lafayette,2013,2017,Black (includes Hispanic),13.8
28,Mississippi,28071,Lafayette,2013,2017,Hispanic (all races),
28,Mississippi,28071,Lafayette,2013,2017,American Indian/Alaskan Native (includes Hispanic),
28,Mississippi,28071,Lafayette,2013,2017,White (includes Hispanic),8.4
28,Mississippi,28071,Lafayette,2014,2018,Asian/Pacific Islander (includes Hispanic),
28,Mississippi,28071,Lafayette,2014,2018,Black (includes Hispanic),14.0
28,Mississippi,28071,Lafayette,2014,2018,Hispanic (all races),
28,Mississippi,28071,Lafayette,2014,2018,American Indian/Alaskan Native (includes Hispanic),
28,Mississippi,28071,Lafayette,2014,2018,White (includes Hispanic),9.6
28,Mississippi,28071,Lafayette,2015,2019,Asian/Pacific Islander (includes Hispanic),
28,Mississippi,28071,Lafayette,2015,2019,Black (includes Hispanic),12.4
28,Mississippi,28071,Lafayette,2015,2019,Hispanic (all races),
28,Mississippi,28071,Lafayette,2015,2019,American Indian/Alaskan Native (includes Hispanic),
28,Mississippi,28071,Lafayette,2015,2019,White (includes Hispanic),9.4
28,Mississippi,28071,Lafayette,2016,2020,Asian/Pacific Islander (includes Hispanic),
28,Mississippi,28071,Lafayette,2016,2020,Black (includes Hispanic),9.1
28,Mississippi,28071,Lafayette,2016,2020,Hispanic (all races),
28,Mississippi,28071,Lafayette,2016,2020,American Indian/Alaskan Native (includes Hispanic),
28,Mississippi,28071,Lafayette,2016,2020,White (includes Hispanic),11.4
28,Mississippi,28073,Lamar,2011,2015,Asian/Pacific Islander (includes Hispanic),
28,Mississippi,28073,Lamar,2011,2015,Black (includes Hispanic),
28,Mississippi,28073,Lamar,2011,2015,Hispanic (all races),
28,Mississippi,28073,Lamar,2011,2015,American Indian/Alaskan Native (includes Hispanic),
28,Mississippi,28073,Lamar,2011,2015,White (includes Hispanic),7.6
28,Mississippi,28073,Lamar,2012,2016,Asian/Pacific Islander (includes Hispanic),
28,Mississippi,28073,Lamar,2012,2016,Black (includes Hispanic),
28,Mississippi,28073,Lamar,2012,2016,Hispanic (all races),
28,Mississippi,28073,Lamar,2012,2016,American Indian/Alaskan Native (includes Hispanic),
28,Mississippi,28073,Lamar,2012,2016,White (includes Hispanic),7.9
28,Mississippi,28073,Lamar,2013,2017,Asian/Pacific Islander (includes Hispanic),
28,Mississippi,28073,Lamar,2013,2017,Black (includes Hispanic),
28,Mississippi,28073,Lamar,2013,2017,Hispanic (all races),
28,Mississippi,28073,Lamar,2013,2017,American Indian/Alaskan Native (includes Hispanic),
28,Mississippi,28073,Lamar,2013,2017,White (includes Hispanic),9.4
28,Mississippi,28073,Lamar,2014,2018,Asian/Pacific Islander (includes Hispanic),
28,Mississippi,28073,Lamar,2014,2018,Black (includes Hispanic),
28,Mississippi,28073,Lamar,2014,2018,Hispanic (all races),
28,Mississippi,28073,Lamar,2014,2018,American Indian/Alaskan Native (includes Hispanic),
28,Mississippi,28073,Lamar,2014,2018,White (includes Hispanic),10.3
28,Mississippi,28073,Lamar,2015,2019,Asian/Pacific Islander (includes Hispanic),
28,Mississippi,28073,Lamar,2015,2019,Black (includes Hispanic),10.0
28,Mississippi,28073,Lamar,2015,2019,Hispanic (all races),
28,Mississippi,28073,Lamar,2015,2019,American Indian/Alaskan Native (includes Hispanic),
28,Mississippi,28073,Lamar,2015,2019,White (includes Hispanic),10.7
28,Mississippi,28073,Lamar,2016,2020,Asian/Pacific Islander (includes Hispanic),
28,Mississippi,28073,Lamar,2016,2020,Black (includes Hispanic),11.3
28,Mississippi,28073,Lamar,2016,2020,Hispanic (all races),
28,Mississippi,28073,Lamar,2016,2020,American Indian/Alaskan Native (includes Hispanic),
28,Mississippi,28073,Lamar,2016,2020,White (includes Hispanic),9.9
28,Mississippi,28075,Lauderdale,2011,2015,Asian/Pacific Islander (includes Hispanic),
28,Mississippi,28075,Lauderdale,2011,2015,Black (includes Hispanic),
28,Mississippi,28075,Lauderdale,2011,2015,Hispanic (all races),
28,Mississippi,28075,Lauderdale,2011,2015,American Indian/Alaskan Native (includes Hispanic),
28,Mississippi,28075,Lauderdale,2011,2015,White (includes Hispanic),6.3
28,Mississippi,28075,Lauderdale,2012,2016,Asian/Pacific Islander (includes Hispanic),
28,Mississippi,28075,Lauderdale,2012,2016,Black (includes Hispanic),7.9
28,Mississippi,28075,Lauderdale,2012,2016,Hispanic (all races),
28,Mississippi,28075,Lauderdale,2012,2016,American Indian/Alaskan Native (includes Hispanic),
28,Mississippi,28075,Lauderdale,2012,2016,White (includes Hispanic),7.7
28,Mississippi,28075,Lauderdale,2013,2017,Asian/Pacific Islander (includes Hispanic),
28,Mississippi,28075,Lauderdale,2013,2017,Black (includes Hispanic),9.3
28,Mississippi,28075,Lauderdale,2013,2017,Hispanic (all races),
28,Mississippi,28075,Lauderdale,2013,2017,American Indian/Alaskan Native (includes Hispanic),
28,Mississippi,28075,Lauderdale,2013,2017,White (includes Hispanic),7.5
28,Mississippi,28075,Lauderdale,2014,2018,Asian/Pacific Islander (includes Hispanic),
28,Mississippi,28075,Lauderdale,2014,2018,Black (includes Hispanic),
28,Mississippi,28075,Lauderdale,2014,2018,Hispanic (all races),
28,Mississippi,28075,Lauderdale,2014,2018,American Indian/Alaskan Native (includes Hispanic),
28,Mississippi,28075,Lauderdale,2014,2018,White (includes Hispanic),9.2
28,Mississippi,28075,Lauderdale,2015,2019,Asian/Pacific Islander (includes Hispanic),
28,Mississippi,28075,Lauderdale,2015,2019,Black (includes Hispanic),
28,Mississippi,28075,Lauderdale,2015,2019,Hispanic (all races),
28,Mississippi,28075,Lauderdale,2015,2019,American Indian/Alaskan Native (includes Hispanic),
28,Mississippi,28075,Lauderdale,2015,2019,White (includes Hispanic),8.7
28,Mississippi,28075,Lauderdale,2016,2020,Asian/Pacific Islander (includes Hispanic),
28,Mississippi,28075,Lauderdale,2016,2020,Black (includes Hispanic),7.6
28,Mississippi,28075,Lauderdale,2016,2020,Hispanic (all races),
28,Mississippi,28075,Lauderdale,2016,2020,American Indian/Alaskan Native (includes Hispanic),
28,Mississippi,28075,Lauderdale,2016,2020,White (includes Hispanic),10.5
28,Mississippi,28077,Lawrence,2011,2015,Asian/Pacific Islander (includes Hispanic),
28,Mississippi,28077,Lawrence,2011,2015,Black (includes Hispanic),11.3
28,Mississippi,28077,Lawrence,2011,2015,Hispanic (all races),
28,Mississippi,28077,Lawrence,2011,2015,American Indian/Alaskan Native (includes Hispanic),
28,Mississippi,28077,Lawrence,2011,2015,White (includes Hispanic),
28,Mississippi,28077,Lawrence,2012,2016,Asian/Pacific Islander (includes Hispanic),
28,Mississippi,28077,Lawrence,2012,2016,Black (includes Hispanic),10.3
28,Mississippi,28077,Lawrence,2012,2016,Hispanic (all races),
28,Mississippi,28077,Lawrence,2012,2016,American Indian/Alaskan Native (includes Hispanic),
28,Mississippi,28077,Lawrence,2012,2016,White (includes Hispanic),5.7
28,Mississippi,28077,Lawrence,2013,2017,Asian/Pacific Islander (includes Hispanic),
28,Mississippi,28077,Lawrence,2013,2017,Black (includes Hispanic),11.2
28,Mississippi,28077,Lawrence,2013,2017,Hispanic (all races),
28,Mississippi,28077,Lawrence,2013,2017,American Indian/Alaskan Native (includes Hispanic),
28,Mississippi,28077,Lawrence,2013,2017,White (includes Hispanic),6.4
28,Mississippi,28077,Lawrence,2014,2018,Asian/Pacific Islander (includes Hispanic),
28,Mississippi,28077,Lawrence,2014,2018,Black (includes Hispanic),
28,Mississippi,28077,Lawrence,2014,2018,Hispanic (all races),
28,Mississippi,28077,Lawrence,2014,2018,American Indian/Alaskan Native (includes Hispanic),
28,Mississippi,28077,Lawrence,2014,2018,White (includes Hispanic),7.4
28,Mississippi,28077,Lawrence,2015,2019,Asian/Pacific Islander (includes Hispanic),
28,Mississippi,28077,Lawrence,2015,2019,Black (includes Hispanic),
28,Mississippi,28077,Lawrence,2015,2019,Hispanic (all races),
28,Mississippi,28077,Lawrence,2015,2019,American Indian/Alaskan Native (includes Hispanic),
28,Mississippi,28077,Lawrence,2015,2019,White (includes Hispanic),7.3
28,Mississippi,28077,Lawrence,2016,2020,Asian/Pacific Islander (includes Hispanic),
28,Mississippi,28077,Lawrence,2016,2020,Black (includes Hispanic),10.6
28,Mississippi,28077,Lawrence,2016,2020,Hispanic (all races),
28,Mississippi,28077,Lawrence,2016,2020,American Indian/Alaskan Native (includes Hispanic),
28,Mississippi,28077,Lawrence,2016,2020,White (includes Hispanic),7.0
28,Mississippi,28079,Leake,2011,2015,Asian/Pacific Islander (includes Hispanic),
28,Mississippi,28079,Leake,2011,2015,Black (includes Hispanic),13.7
28,Mississippi,28079,Leake,2011,2015,Hispanic (all races),
28,Mississippi,28079,Leake,2011,2015,American Indian/Alaskan Native (includes Hispanic),
28,Mississippi,28079,Leake,2011,2015,White (includes Hispanic),6.9
28,Mississippi,28079,Leake,2012,2016,Asian/Pacific Islander (includes Hispanic),
28,Mississippi,28079,Leake,2012,2016,Black (includes Hispanic),11.5
28,Mississippi,28079,Leake,2012,2016,Hispanic (all races),
28,Mississippi,28079,Leake,2012,2016,American Indian/Alaskan Native (includes Hispanic),
28,Mississippi,28079,Leake,2012,2016,White (includes Hispanic),8.9
28,Mississippi,28079,Leake,2013,2017,Asian/Pacific Islander (includes Hispanic),
28,Mississippi,28079,Leake,2013,2017,Black (includes Hispanic),11.0
28,Mississippi,28079,Leake,2013,2017,Hispanic (all races),
28,Mississippi,28079,Leake,2013,2017,American Indian/Alaskan Native (includes Hispanic),
28,Mississippi,28079,Leake,2013,2017,White (includes Hispanic),9.8
28,Mississippi,28079,Leake,2014,2018,Asian/Pacific Islander (includes Hispanic),
28,Mississippi,28079,Leake,2014,2018,Black (includes Hispanic),9.9
28,Mississippi,28079,Leake,2014,2018,Hispanic (all races),
28,Mississippi,28079,Leake,2014,2018,American Indian/Alaskan Native (includes Hispanic),
28,Mississippi,28079,Leake,2014,2018,White (includes Hispanic),10.3
28,Mississippi,28079,Leake,2015,2019,Asian/Pacific Islander (includes Hispanic),
28,Mississippi,28079,Leake,2015,2019,Black (includes Hispanic),8.5
28,Mississippi,28079,Leake,2015,2019,Hispanic (all races),
28,Mississippi,28079,Leake,2015,2019,American Indian/Alaskan Native (includes Hispanic),
28,Mississippi,28079,Leake,2015,2019,White (includes Hispanic),8.1
28,Mississippi,28079,Leake,2016,2020,Asian/Pacific Islander (includes Hispanic),
28,Mississippi,28079,Leake,2016,2020,Black (includes Hispanic),7.2
28,Mississippi,28079,Leake,2016,2020,Hispanic (all races),
28,Mississippi,28079,Leake,2016,2020,American Indian/Alaskan Native (includes Hispanic),
28,Mississippi,28079,Leake,2016,2020,White (includes Hispanic),7.8
28,Mississippi,28081,Lee,2011,2015,Asian/Pacific Islander (includes Hispanic),
28,Mississippi,28081,Lee,2011,2015,Black (includes Hispanic),
28,Mississippi,28081,Lee,2011,2015,Hispanic (all races),
28,Mississippi,28081,Lee,2011,2015,American Indian/Alaskan Native (includes Hispanic),
28,Mississippi,28081,Lee,2011,2015,White (includes Hispanic),10.2
28,Mississippi,28081,Lee,2012,2016,Asian/Pacific Islander (includes Hispanic),
28,Mississippi,28081,Lee,2012,2016,Black (includes Hispanic),
28,Mississippi,28081,Lee,2012,2016,Hispanic (all races),
28,Mississippi,28081,Lee,2012,2016,American Indian/Alaskan Native (includes Hispanic),
28,Mississippi,28081,Lee,2012,2016,White (includes Hispanic),8.3
28,Mississippi,28081,Lee,2013,2017,Asian/Pacific Islander (includes Hispanic),
28,Mississippi,28081,Lee,2013,2017,Black (includes Hispanic),
28,Mississippi,28081,Lee,2013,2017,Hispanic (all races),
28,Mississippi,28081,Lee,2013,2017,American Indian/Alaskan Native (includes Hispanic),
28,Mississippi,28081,Lee,2013,2017,White (includes Hispanic),8.6
28,Mississippi,28081,Lee,2014,2018,Asian/Pacific Islander (includes Hispanic),
28,Mississippi,28081,Lee,2014,2018,Black (includes Hispanic),
28,Mississippi,28081,Lee,2014,2018,Hispanic (all races),
28,Mississippi,28081,Lee,2014,2018,American Indian/Alaskan Native (includes Hispanic),
28,Mississippi,28081,Lee,2014,2018,White (includes Hispanic),9.7
28,Mississippi,28081,Lee,2015,2019,Asian/Pacific Islander (includes Hispanic),
28,Mississippi,28081,Lee,2015,2019,Black (includes Hispanic),
28,Mississippi,28081,Lee,2015,2019,Hispanic (all races),
28,Mississippi,28081,Lee,2015,2019,American Indian/Alaskan Native (includes Hispanic),
28,Mississippi,28081,Lee,2015,2019,White (includes Hispanic),8.9
28,Mississippi,28081,Lee,2016,2020,Asian/Pacific Islander (includes Hispanic),
28,Mississippi,28081,Lee,2016,2020,Black (includes Hispanic),
28,Mississippi,28081,Lee,2016,2020,Hispanic (all races),
28,Mississippi,28081,Lee,2016,2020,American Indian/Alaskan Native (includes Hispanic),
28,Mississippi,28081,Lee,2016,2020,White (includes Hispanic),9.4
28,Mississippi,28083,Leflore,2011,2015,Asian/Pacific Islander (includes Hispanic),
28,Mississippi,28083,Leflore,2011,2015,Black (includes Hispanic),13.3
28,Mississippi,28083,Leflore,2011,2015,Hispanic (all races),
28,Mississippi,28083,Leflore,2011,2015,American Indian/Alaskan Native (includes Hispanic),
28,Mississippi,28083,Leflore,2011,2015,White (includes Hispanic),
28,Mississippi,28083,Leflore,2012,2016,Asian/Pacific Islander (includes Hispanic),
28,Mississippi,28083,Leflore,2012,2016,Black (includes Hispanic),14.2
28,Mississippi,28083,Leflore,2012,2016,Hispanic (all races),
28,Mississippi,28083,Leflore,2012,2016,American Indian/Alaskan Native (includes Hispanic),
28,Mississippi,28083,Leflore,2012,2016,White (includes Hispanic),
28,Mississippi,28083,Leflore,2013,2017,Asian/Pacific Islander (includes Hispanic),
28,Mississippi,28083,Leflore,2013,2017,Black (includes Hispanic),14.7
28,Mississippi,28083,Leflore,2013,2017,Hispanic (all races),
28,Mississippi,28083,Leflore,2013,2017,American Indian/Alaskan Native (includes Hispanic),
28,Mississippi,28083,Leflore,2013,2017,White (includes Hispanic),
28,Mississippi,28083,Leflore,2014,2018,Asian/Pacific Islander (includes Hispanic),
28,Mississippi,28083,Leflore,2014,2018,Black (includes Hispanic),11.7
28,Mississippi,28083,Leflore,2014,2018,Hispanic (all races),
28,Mississippi,28083,Leflore,2014,2018,American Indian/Alaskan Native (includes Hispanic),
28,Mississippi,28083,Leflore,2014,2018,White (includes Hispanic),
28,Mississippi,28083,Leflore,2015,2019,Asian/Pacific Islander (includes Hispanic),
28,Mississippi,28083,Leflore,2015,2019,Black (includes Hispanic),10.0
28,Mississippi,28083,Leflore,2015,2019,Hispanic (all races),
28,Mississippi,28083,Leflore,2015,2019,American Indian/Alaskan Native (includes Hispanic),
28,Mississippi,28083,Leflore,2015,2019,White (includes Hispanic),
28,Mississippi,28083,Leflore,2016,2020,Asian/Pacific Islander (includes Hispanic),
28,Mississippi,28083,Leflore,2016,2020,Black (includes Hispanic),10.1
28,Mississippi,28083,Leflore,2016,2020,Hispanic (all races),
28,Mississippi,28083,Leflore,2016,2020,American Indian/Alaskan Native (includes Hispanic),
28,Mississippi,28083,Leflore,2016,2020,White (includes Hispanic),
28,Mississippi,28085,Lincoln,2011,2015,Asian/Pacific Islander (includes Hispanic),
28,Mississippi,28085,Lincoln,2011,2015,Black (includes Hispanic),14.1
28,Mississippi,28085,Lincoln,2011,2015,Hispanic (all races),
28,Mississippi,28085,Lincoln,2011,2015,American Indian/Alaskan Native (includes Hispanic),
28,Mississippi,28085,Lincoln,2011,2015,White (includes Hispanic),
28,Mississippi,28085,Lincoln,2012,2016,Asian/Pacific Islander (includes Hispanic),
28,Mississippi,28085,Lincoln,2012,2016,Black (includes Hispanic),12.3
28,Mississippi,28085,Lincoln,2012,2016,Hispanic (all races),
28,Mississippi,28085,Lincoln,2012,2016,American Indian/Alaskan Native (includes Hispanic),
28,Mississippi,28085,Lincoln,2012,2016,White (includes Hispanic),
28,Mississippi,28085,Lincoln,2013,2017,Asian/Pacific Islander (includes Hispanic),
28,Mississippi,28085,Lincoln,2013,2017,Black (includes Hispanic),11.6
28,Mississippi,28085,Lincoln,2013,2017,Hispanic (all races),
28,Mississippi,28085,Lincoln,2013,2017,American Indian/Alaskan Native (includes Hispanic),
28,Mississippi,28085,Lincoln,2013,2017,White (includes Hispanic),
28,Mississippi,28085,Lincoln,2014,2018,Asian/Pacific Islander (includes Hispanic),
28,Mississippi,28085,Lincoln,2014,2018,Black (includes Hispanic),10.8
28,Mississippi,28085,Lincoln,2014,2018,Hispanic (all races),
28,Mississippi,28085,Lincoln,2014,2018,American Indian/Alaskan Native (includes Hispanic),
28,Mississippi,28085,Lincoln,2014,2018,White (includes Hispanic),
28,Mississippi,28085,Lincoln,2015,2019,Asian/Pacific Islander (includes Hispanic),
28,Mississippi,28085,Lincoln,2015,2019,Black (includes Hispanic),10.7
28,Mississippi,28085,Lincoln,2015,2019,Hispanic (all races),
28,Mississippi,28085,Lincoln,2015,2019,American Indian/Alaskan Native (includes Hispanic),
28,Mississippi,28085,Lincoln,2015,2019,White (includes Hispanic),
28,Mississippi,28085,Lincoln,2016,2020,Asian/Pacific Islander (includes Hispanic),
28,Mississippi,28085,Lincoln,2016,2020,Black (includes Hispanic),11.0
28,Mississippi,28085,Lincoln,2016,2020,Hispanic (all races),
28,Mississippi,28085,Lincoln,2016,2020,American Indian/Alaskan Native (includes Hispanic),
28,Mississippi,28085,Lincoln,2016,2020,White (includes Hispanic),
28,Mississippi,28087,Lowndes,2011,2015,Asian/Pacific Islander (includes Hispanic),
28,Mississippi,28087,Lowndes,2011,2015,Black (includes Hispanic),13.6
28,Mississippi,28087,Lowndes,2011,2015,Hispanic (all races),
28,Mississippi,28087,Lowndes,2011,2015,American Indian/Alaskan Native (includes Hispanic),
28,Mississippi,28087,Lowndes,2011,2015,White (includes Hispanic),
28,Mississippi,28087,Lowndes,2012,2016,Asian/Pacific Islander (includes Hispanic),
28,Mississippi,28087,Lowndes,2012,2016,Black (includes Hispanic),11.7
28,Mississippi,28087,Lowndes,2012,2016,Hispanic (all races),
28,Mississippi,28087,Lowndes,2012,2016,American Indian/Alaskan Native (includes Hispanic),
28,Mississippi,28087,Lowndes,2012,2016,White (includes Hispanic),6.2
28,Mississippi,28087,Lowndes,2013,2017,Asian/Pacific Islander (includes Hispanic),
28,Mississippi,28087,Lowndes,2013,2017,Black (includes Hispanic),10.5
28,Mississippi,28087,Lowndes,2013,2017,Hispanic (all races),
28,Mississippi,28087,Lowndes,2013,2017,American Indian/Alaskan Native (includes Hispanic),
28,Mississippi,28087,Lowndes,2013,2017,White (includes Hispanic),6.6
28,Mississippi,28087,Lowndes,2014,2018,Asian/Pacific Islander (includes Hispanic),
28,Mississippi,28087,Lowndes,2014,2018,Black (includes Hispanic),10.3
28,Mississippi,28087,Lowndes,2014,2018,Hispanic (all races),
28,Mississippi,28087,Lowndes,2014,2018,American Indian/Alaskan Native (includes Hispanic),
28,Mississippi,28087,Lowndes,2014,2018,White (includes Hispanic),7.0
28,Mississippi,28087,Lowndes,2015,2019,Asian/Pacific Islander (includes Hispanic),
28,Mississippi,28087,Lowndes,2015,2019,Black (includes Hispanic),
28,Mississippi,28087,Lowndes,2015,2019,Hispanic (all races),
28,Mississippi,28087,Lowndes,2015,2019,American Indian/Alaskan Native (includes Hispanic),
28,Mississippi,28087,Lowndes,2015,2019,White (includes Hispanic),5.8
28,Mississippi,28087,Lowndes,2016,2020,Asian/Pacific Islander (includes Hispanic),
28,Mississippi,28087,Lowndes,2016,2020,Black (includes Hispanic),
28,Mississippi,28087,Lowndes,2016,2020,Hispanic (all races),
28,Mississippi,28087,Lowndes,2016,2020,American Indian/Alaskan Native (includes Hispanic),
28,Mississippi,28087,Lowndes,2016,2020,White (includes Hispanic),6.1
28,Mississippi,28089,Madison,2011,2015,Asian/Pacific Islander (includes Hispanic),
28,Mississippi,28089,Madison,2011,2015,Black (includes Hispanic),11.3
28,Mississippi,28089,Madison,2011,2015,Hispanic (all races),
28,Mississippi,28089,Madison,2011,2015,American Indian/Alaskan Native (includes Hispanic),
28,Mississippi,28089,Madison,2011,2015,White (includes Hispanic),8.0
28,Mississippi,28089,Madison,2012,2016,Asian/Pacific Islander (includes Hispanic),
28,Mississippi,28089,Madison,2012,2016,Black (includes Hispanic),10.0
28,Mississippi,28089,Madison,2012,2016,Hispanic (all races),
28,Mississippi,28089,Madison,2012,2016,American Indian/Alaskan Native (includes Hispanic),
28,Mississippi,28089,Madison,2012,2016,White (includes Hispanic),9.6
28,Mississippi,28089,Madison,2013,2017,Asian/Pacific Islander (includes Hispanic),
28,Mississippi,28089,Madison,2013,2017,Black (includes Hispanic),10.0
28,Mississippi,28089,Madison,2013,2017,Hispanic (all races),
28,Mississippi,28089,Madison,2013,2017,American Indian/Alaskan Native (includes Hispanic),
28,Mississippi,28089,Madison,2013,2017,White (includes Hispanic),9.3
28,Mississippi,28089,Madison,2014,2018,Asian/Pacific Islander (includes Hispanic),
28,Mississippi,28089,Madison,2014,2018,Black (includes Hispanic),10.5
28,Mississippi,28089,Madison,2014,2018,Hispanic (all races),
28,Mississippi,28089,Madison,2014,2018,American Indian/Alaskan Native (includes Hispanic),
28,Mississippi,28089,Madison,2014,2018,White (includes Hispanic),9.2
28,Mississippi,28089,Madison,2015,2019,Asian/Pacific Islander (includes Hispanic),
28,Mississippi,28089,Madison,2015,2019,Black (includes Hispanic),10.2
28,Mississippi,28089,Madison,2015,2019,Hispanic (all races),
28,Mississippi,28089,Madison,2015,2019,American Indian/Alaskan Native (includes Hispanic),
28,Mississippi,28089,Madison,2015,2019,White (includes Hispanic),7.4
28,Mississippi,28089,Madison,2016,2020,Asian/Pacific Islander (includes Hispanic),
28,Mississippi,28089,Madison,2016,2020,Black (includes Hispanic),9.7
28,Mississippi,28089,Madison,2016,2020,Hispanic (all races),
28,Mississippi,28089,Madison,2016,2020,American Indian/Alaskan Native (includes Hispanic),
28,Mississippi,28089,Madison,2016,2020,White (includes Hispanic),7.2
28,Mississippi,28091,Marion,2011,2015,Asian/Pacific Islander (includes Hispanic),
28,Mississippi,28091,Marion,2011,2015,Black (includes Hispanic),
28,Mississippi,28091,Marion,2011,2015,Hispanic (all races),
28,Mississippi,28091,Marion,2011,2015,American Indian/Alaskan Native (includes Hispanic),
28,Mississippi,28091,Marion,2011,2015,White (includes Hispanic),7.0
28,Mississippi,28091,Marion,2012,2016,Asian/Pacific Islander (includes Hispanic),
28,Mississippi,28091,Marion,2012,2016,Black (includes Hispanic),12.9
28,Mississippi,28091,Marion,2012,2016,Hispanic (all races),
28,Mississippi,28091,Marion,2012,2016,American Indian/Alaskan Native (includes Hispanic),
28,Mississippi,28091,Marion,2012,2016,White (includes Hispanic),7.6
28,Mississippi,28091,Marion,2013,2017,Asian/Pacific Islander (includes Hispanic),
28,Mississippi,28091,Marion,2013,2017,Black (includes Hispanic),13.9
28,Mississippi,28091,Marion,2013,2017,Hispanic (all races),
28,Mississippi,28091,Marion,2013,2017,American Indian/Alaskan Native (includes Hispanic),
28,Mississippi,28091,Marion,2013,2017,White (includes Hispanic),8.5
28,Mississippi,28091,Marion,2014,2018,Asian/Pacific Islander (includes Hispanic),
28,Mississippi,28091,Marion,2014,2018,Black (includes Hispanic),13.5
28,Mississippi,28091,Marion,2014,2018,Hispanic (all races),
28,Mississippi,28091,Marion,2014,2018,American Indian/Alaskan Native (includes Hispanic),
28,Mississippi,28091,Marion,2014,2018,White (includes Hispanic),9.5
28,Mississippi,28091,Marion,2015,2019,Asian/Pacific Islander (includes Hispanic),
28,Mississippi,28091,Marion,2015,2019,Black (includes Hispanic),13.3
28,Mississippi,28091,Marion,2015,2019,Hispanic (all races),
28,Mississippi,28091,Marion,2015,2019,American Indian/Alaskan Native (includes Hispanic),
28,Mississippi,28091,Marion,2015,2019,White (includes Hispanic),10.6
28,Mississippi,28091,Marion,2016,2020,Asian/Pacific Islander (includes Hispanic),
28,Mississippi,28091,Marion,2016,2020,Black (includes Hispanic),14.7
28,Mississippi,28091,Marion,2016,2020,Hispanic (all races),
28,Mississippi,28091,Marion,2016,2020,American Indian/Alaskan Native (includes Hispanic),
28,Mississippi,28091,Marion,2016,2020,White (includes Hispanic),9.3
28,Mississippi,28093,Marshall,2011,2015,Asian/Pacific Islander (includes Hispanic),
28,Mississippi,28093,Marshall,2011,2015,Black (includes Hispanic),13.2
28,Mississippi,28093,Marshall,2011,2015,Hispanic (all races),
28,Mississippi,28093,Marshall,2011,2015,American Indian/Alaskan Native (includes Hispanic),
28,Mississippi,28093,Marshall,2011,2015,White (includes Hispanic),7.8
28,Mississippi,28093,Marshall,2012,2016,Asian/Pacific Islander (includes Hispanic),
28,Mississippi,28093,Marshall,2012,2016,Black (includes Hispanic),13.0
28,Mississippi,28093,Marshall,2012,2016,Hispanic (all races),
28,Mississippi,28093,Marshall,2012,2016,American Indian/Alaskan Native (includes Hispanic),
28,Mississippi,28093,Marshall,2012,2016,White (includes Hispanic),8.1
28,Mississippi,28093,Marshall,2013,2017,Asian/Pacific Islander (includes Hispanic),
28,Mississippi,28093,Marshall,2013,2017,Black (includes Hispanic),12.6
28,Mississippi,28093,Marshall,2013,2017,Hispanic (all races),
28,Mississippi,28093,Marshall,2013,2017,American Indian/Alaskan Native (includes Hispanic),
28,Mississippi,28093,Marshall,2013,2017,White (includes Hispanic),7.5
28,Mississippi,28093,Marshall,2014,2018,Asian/Pacific Islander (includes Hispanic),
28,Mississippi,28093,Marshall,2014,2018,Black (includes Hispanic),12.0
28,Mississippi,28093,Marshall,2014,2018,Hispanic (all races),
28,Mississippi,28093,Marshall,2014,2018,American Indian/Alaskan Native (includes Hispanic),
28,Mississippi,28093,Marshall,2014,2018,White (includes Hispanic),8.3
28,Mississippi,28093,Marshall,2015,2019,Asian/Pacific Islander (includes Hispanic),
28,Mississippi,28093,Marshall,2015,2019,Black (includes Hispanic),10.9
28,Mississippi,28093,Marshall,2015,2019,Hispanic (all races),
28,Mississippi,28093,Marshall,2015,2019,American Indian/Alaskan Native (includes Hispanic),
28,Mississippi,28093,Marshall,2015,2019,White (includes Hispanic),8.0
28,Mississippi,28093,Marshall,2016,2020,Asian/Pacific Islander (includes Hispanic),
28,Mississippi,28093,Marshall,2016,2020,Black (includes Hispanic),9.9
28,Mississippi,28093,Marshall,2016,2020,Hispanic (all races),
28,Mississippi,28093,Marshall,2016,2020,American Indian/Alaskan Native (includes Hispanic),
28,Mississippi,28093,Marshall,2016,2020,White (includes Hispanic),7.7
28,Mississippi,28095,Monroe,2011,2015,Asian/Pacific Islander (includes Hispanic),
28,Mississippi,28095,Monroe,2011,2015,Black (includes Hispanic),14.5
28,Mississippi,28095,Monroe,2011,2015,Hispanic (all races),
28,Mississippi,28095,Monroe,2011,2015,American Indian/Alaskan Native (includes Hispanic),
28,Mississippi,28095,Monroe,2011,2015,White (includes Hispanic),9.3
28,Mississippi,28095,Monroe,2012,2016,Asian/Pacific Islander (includes Hispanic),
28,Mississippi,28095,Monroe,2012,2016,Black (includes Hispanic),12.4
28,Mississippi,28095,Monroe,2012,2016,Hispanic (all races),
28,Mississippi,28095,Monroe,2012,2016,American Indian/Alaskan Native (includes Hispanic),
28,Mississippi,28095,Monroe,2012,2016,White (includes Hispanic),8.0
28,Mississippi,28095,Monroe,2013,2017,Asian/Pacific Islander (includes Hispanic),
28,Mississippi,28095,Monroe,2013,2017,Black (includes Hispanic),11.4
28,Mississippi,28095,Monroe,2013,2017,Hispanic (all races),
28,Mississippi,28095,Monroe,2013,2017,American Indian/Alaskan Native (includes Hispanic),
28,Mississippi,28095,Monroe,2013,2017,White (includes Hispanic),8.5
28,Mississippi,28095,Monroe,2014,2018,Asian/Pacific Islander (includes Hispanic),
28,Mississippi,28095,Monroe,2014,2018,Black (includes Hispanic),11.1
28,Mississippi,28095,Monroe,2014,2018,Hispanic (all races),
28,Mississippi,28095,Monroe,2014,2018,American Indian/Alaskan Native (includes Hispanic),
28,Mississippi,28095,Monroe,2014,2018,White (includes Hispanic),8.3
28,Mississippi,28095,Monroe,2015,2019,Asian/Pacific Islander (includes Hispanic),
28,Mississippi,28095,Monroe,2015,2019,Black (includes Hispanic),8.2
28,Mississippi,28095,Monroe,2015,2019,Hispanic (all races),
28,Mississippi,28095,Monroe,2015,2019,American Indian/Alaskan Native (includes Hispanic),
28,Mississippi,28095,Monroe,2015,2019,White (includes Hispanic),7.6
28,Mississippi,28095,Monroe,2016,2020,Asian/Pacific Islander (includes Hispanic),
28,Mississippi,28095,Monroe,2016,2020,Black (includes Hispanic),
28,Mississippi,28095,Monroe,2016,2020,Hispanic (all races),
28,Mississippi,28095,Monroe,2016,2020,American Indian/Alaskan Native (includes Hispanic),
28,Mississippi,28095,Monroe,2016,2020,White (includes Hispanic),7.2
28,Mississippi,28097,Montgomery,2011,2015,Asian/Pacific Islander (includes Hispanic),
28,Mississippi,28097,Montgomery,2011,2015,Black (includes Hispanic),
28,Mississippi,28097,Montgomery,2011,2015,Hispanic (all races),
28,Mississippi,28097,Montgomery,2011,2015,American Indian/Alaskan Native (includes Hispanic),
28,Mississippi,28097,Montgomery,2011,2015,White (includes Hispanic),
28,Mississippi,28097,Montgomery,2012,2016,Asian/Pacific Islander (includes Hispanic),
28,Mississippi,28097,Montgomery,2012,2016,Black (includes Hispanic),
28,Mississippi,28097,Montgomery,2012,2016,Hispanic (all races),
28,Mississippi,28097,Montgomery,2012,2016,American Indian/Alaskan Native (includes Hispanic),
28,Mississippi,28097,Montgomery,2012,2016,White (includes Hispanic),
28,Mississippi,28097,Montgomery,2013,2017,Asian/Pacific Islander (includes Hispanic),
28,Mississippi,28097,Montgomery,2013,2017,Black (includes Hispanic),
28,Mississippi,28097,Montgomery,2013,2017,Hispanic (all races),
28,Mississippi,28097,Montgomery,2013,2017,American Indian/Alaskan Native (includes Hispanic),
28,Mississippi,28097,Montgomery,2013,2017,White (includes Hispanic),
28,Mississippi,28097,Montgomery,2014,2018,Asian/Pacific Islander (includes Hispanic),
28,Mississippi,28097,Montgomery,2014,2018,Black (includes Hispanic),
28,Mississippi,28097,Montgomery,2014,2018,Hispanic (all races),
28,Mississippi,28097,Montgomery,2014,2018,American Indian/Alaskan Native (includes Hispanic),
28,Mississippi,28097,Montgomery,2014,2018,White (includes Hispanic),
28,Mississippi,28097,Montgomery,2015,2019,Asian/Pacific Islander (includes Hispanic),
28,Mississippi,28097,Montgomery,2015,2019,Black (includes Hispanic),
28,Mississippi,28097,Montgomery,2015,2019,Hispanic (all races),
28,Mississippi,28097,Montgomery,2015,2019,American Indian/Alaskan Native (includes Hispanic),
28,Mississippi,28097,Montgomery,2015,2019,White (includes Hispanic),
28,Mississippi,28097,Montgomery,2016,2020,Asian/Pacific Islander (includes Hispanic),
28,Mississippi,28097,Montgomery,2016,2020,Black (includes Hispanic),
28,Mississippi,28097,Montgomery,2016,2020,Hispanic (all races),
28,Mississippi,28097,Montgomery,2016,2020,American Indian/Alaskan Native (includes Hispanic),
28,Mississippi,28097,Montgomery,2016,2020,White (includes Hispanic),
28,Mississippi,28099,Neshoba,2011,2015,Asian/Pacific Islander (includes Hispanic),
28,Mississippi,28099,Neshoba,2011,2015,Black (includes Hispanic),
28,Mississippi,28099,Neshoba,2011,2015,Hispanic (all races),
28,Mississippi,28099,Neshoba,2011,2015,American Indian/Alaskan Native (includes Hispanic),
28,Mississippi,28099,Neshoba,2011,2015,White (includes Hispanic),7.1
28,Mississippi,28099,Neshoba,2012,2016,Asian/Pacific Islander (includes Hispanic),
28,Mississippi,28099,Neshoba,2012,2016,Black (includes Hispanic),
28,Mississippi,28099,Neshoba,2012,2016,Hispanic (all races),
28,Mississippi,28099,Neshoba,2012,2016,American Indian/Alaskan Native (includes Hispanic),
28,Mississippi,28099,Neshoba,2012,2016,White (includes Hispanic),9.5
28,Mississippi,28099,Neshoba,2013,2017,Asian/Pacific Islander (includes Hispanic),
28,Mississippi,28099,Neshoba,2013,2017,Black (includes Hispanic),8.7
28,Mississippi,28099,Neshoba,2013,2017,Hispanic (all races),
28,Mississippi,28099,Neshoba,2013,2017,American Indian/Alaskan Native (includes Hispanic),
28,Mississippi,28099,Neshoba,2013,2017,White (includes Hispanic),9.8
28,Mississippi,28099,Neshoba,2014,2018,Asian/Pacific Islander (includes Hispanic),
28,Mississippi,28099,Neshoba,2014,2018,Black (includes Hispanic),
28,Mississippi,28099,Neshoba,2014,2018,Hispanic (all races),
28,Mississippi,28099,Neshoba,2014,2018,American Indian/Alaskan Native (includes Hispanic),
28,Mississippi,28099,Neshoba,2014,2018,White (includes Hispanic),10.7
28,Mississippi,28099,Neshoba,2015,2019,Asian/Pacific Islander (includes Hispanic),
28,Mississippi,28099,Neshoba,2015,2019,Black (includes Hispanic),
28,Mississippi,28099,Neshoba,2015,2019,Hispanic (all races),
28,Mississippi,28099,Neshoba,2015,2019,American Indian/Alaskan Native (includes Hispanic),
28,Mississippi,28099,Neshoba,2015,2019,White (includes Hispanic),9.4
28,Mississippi,28099,Neshoba,2016,2020,Asian/Pacific Islander (includes Hispanic),
28,Mississippi,28099,Neshoba,2016,2020,Black (includes Hispanic),
28,Mississippi,28099,Neshoba,2016,2020,Hispanic (all races),
28,Mississippi,28099,Neshoba,2016,2020,American Indian/Alaskan Native (includes Hispanic),
28,Mississippi,28099,Neshoba,2016,2020,White (includes Hispanic),9.9
28,Mississippi,28101,Newton,2011,2015,Asian/Pacific Islander (includes Hispanic),
28,Mississippi,28101,Newton,2011,2015,Black (includes Hispanic),8.9
28,Mississippi,28101,Newton,2011,2015,Hispanic (all races),
28,Mississippi,28101,Newton,2011,2015,American Indian/Alaskan Native (includes Hispanic),
28,Mississippi,28101,Newton,2011,2015,White (includes Hispanic),7.7
28,Mississippi,28101,Newton,2012,2016,Asian/Pacific Islander (includes Hispanic),
28,Mississippi,28101,Newton,2012,2016,Black (includes Hispanic),9.9
28,Mississippi,28101,Newton,2012,2016,Hispanic (all races),
28,Mississippi,28101,Newton,2012,2016,American Indian/Alaskan Native (includes Hispanic),
28,Mississippi,28101,Newton,2012,2016,White (includes Hispanic),9.3
28,Mississippi,28101,Newton,2013,2017,Asian/Pacific Islander (includes Hispanic),
28,Mississippi,28101,Newton,2013,2017,Black (includes Hispanic),10.0
28,Mississippi,28101,Newton,2013,2017,Hispanic (all races),
28,Mississippi,28101,Newton,2013,2017,American Indian/Alaskan Native (includes Hispanic),
28,Mississippi,28101,Newton,2013,2017,White (includes Hispanic),10.2
28,Mississippi,28101,Newton,2014,2018,Asian/Pacific Islander (includes Hispanic),
28,Mississippi,28101,Newton,2014,2018,Black (includes Hispanic),7.7
28,Mississippi,28101,Newton,2014,2018,Hispanic (all races),
28,Mississippi,28101,Newton,2014,2018,American Indian/Alaskan Native (includes Hispanic),
28,Mississippi,28101,Newton,2014,2018,White (includes Hispanic),10.8
28,Mississippi,28101,Newton,2015,2019,Asian/Pacific Islander (includes Hispanic),
28,Mississippi,28101,Newton,2015,2019,Black (includes Hispanic),
28,Mississippi,28101,Newton,2015,2019,Hispanic (all races),
28,Mississippi,28101,Newton,2015,2019,American Indian/Alaskan Native (includes Hispanic),
28,Mississippi,28101,Newton,2015,2019,White (includes Hispanic),9.2
28,Mississippi,28101,Newton,2016,2020,Asian/Pacific Islander (includes Hispanic),
28,Mississippi,28101,Newton,2016,2020,Black (includes Hispanic),8.3
28,Mississippi,28101,Newton,2016,2020,Hispanic (all races),
28,Mississippi,28101,Newton,2016,2020,American Indian/Alaskan Native (includes Hispanic),
28,Mississippi,28101,Newton,2016,2020,White (includes Hispanic),10.2
28,Mississippi,28103,Noxubee,2011,2015,Asian/Pacific Islander (includes Hispanic),
28,Mississippi,28103,Noxubee,2011,2015,Black (includes Hispanic),12.0
28,Mississippi,28103,Noxubee,2011,2015,Hispanic (all races),
28,Mississippi,28103,Noxubee,2011,2015,American Indian/Alaskan Native (includes Hispanic),
28,Mississippi,28103,Noxubee,2011,2015,White (includes Hispanic),
28,Mississippi,28103,Noxubee,2012,2016,Asian/Pacific Islander (includes Hispanic),
28,Mississippi,28103,Noxubee,2012,2016,Black (includes Hispanic),10.8
28,Mississippi,28103,Noxubee,2012,2016,Hispanic (all races),
28,Mississippi,28103,Noxubee,2012,2016,American Indian/Alaskan Native (includes Hispanic),
28,Mississippi,28103,Noxubee,2012,2016,White (includes Hispanic),
28,Mississippi,28103,Noxubee,2013,2017,Asian/Pacific Islander (includes Hispanic),
28,Mississippi,28103,Noxubee,2013,2017,Black (includes Hispanic),11.0
28,Mississippi,28103,Noxubee,2013,2017,Hispanic (all races),
28,Mississippi,28103,Noxubee,2013,2017,American Indian/Alaskan Native (includes Hispanic),
28,Mississippi,28103,Noxubee,2013,2017,White (includes Hispanic),
28,Mississippi,28103,Noxubee,2014,2018,Asian/Pacific Islander (includes Hispanic),
28,Mississippi,28103,Noxubee,2014,2018,Black (includes Hispanic),10.3
28,Mississippi,28103,Noxubee,2014,2018,Hispanic (all races),
28,Mississippi,28103,Noxubee,2014,2018,American Indian/Alaskan Native (includes Hispanic),
28,Mississippi,28103,Noxubee,2014,2018,White (includes Hispanic),
28,Mississippi,28103,Noxubee,2015,2019,Asian/Pacific Islander (includes Hispanic),
28,Mississippi,28103,Noxubee,2015,2019,Black (includes Hispanic),
28,Mississippi,28103,Noxubee,2015,2019,Hispanic (all races),
28,Mississippi,28103,Noxubee,2015,2019,American Indian/Alaskan Native (includes Hispanic),
28,Mississippi,28103,Noxubee,2015,2019,White (includes Hispanic),
28,Mississippi,28103,Noxubee,2016,2020,Asian/Pacific Islander (includes Hispanic),
28,Mississippi,28103,Noxubee,2016,2020,Black (includes Hispanic),
28,Mississippi,28103,Noxubee,2016,2020,Hispanic (all races),
28,Mississippi,28103,Noxubee,2016,2020,American Indian/Alaskan Native (includes Hispanic),
28,Mississippi,28103,Noxubee,2016,2020,White (includes Hispanic),8.7
28,Mississippi,28105,Oktibbeha,2011,2015,Asian/Pacific Islander (includes Hispanic),
28,Mississippi,28105,Oktibbeha,2011,2015,Black (includes Hispanic),15.1
28,Mississippi,28105,Oktibbeha,2011,2015,Hispanic (all races),
28,Mississippi,28105,Oktibbeha,2011,2015,American Indian/Alaskan Native (includes Hispanic),
28,Mississippi,28105,Oktibbeha,2011,2015,White (includes Hispanic),
28,Mississippi,28105,Oktibbeha,2012,2016,Asian/Pacific Islander (includes Hispanic),
28,Mississippi,28105,Oktibbeha,2012,2016,Black (includes Hispanic),13.4
28,Mississippi,28105,Oktibbeha,2012,2016,Hispanic (all races),
28,Mississippi,28105,Oktibbeha,2012,2016,American Indian/Alaskan Native (includes Hispanic),
28,Mississippi,28105,Oktibbeha,2012,2016,White (includes Hispanic),
28,Mississippi,28105,Oktibbeha,2013,2017,Asian/Pacific Islander (includes Hispanic),
28,Mississippi,28105,Oktibbeha,2013,2017,Black (includes Hispanic),12.3
28,Mississippi,28105,Oktibbeha,2013,2017,Hispanic (all races),
28,Mississippi,28105,Oktibbeha,2013,2017,American Indian/Alaskan Native (includes Hispanic),
28,Mississippi,28105,Oktibbeha,2013,2017,White (includes Hispanic),
28,Mississippi,28105,Oktibbeha,2014,2018,Asian/Pacific Islander (includes Hispanic),
28,Mississippi,28105,Oktibbeha,2014,2018,Black (includes Hispanic),12.0
28,Mississippi,28105,Oktibbeha,2014,2018,Hispanic (all races),
28,Mississippi,28105,Oktibbeha,2014,2018,American Indian/Alaskan Native (includes Hispanic),
28,Mississippi,28105,Oktibbeha,2014,2018,White (includes Hispanic),
28,Mississippi,28105,Oktibbeha,2015,2019,Asian/Pacific Islander (includes Hispanic),
28,Mississippi,28105,Oktibbeha,2015,2019,Black (includes Hispanic),
28,Mississippi,28105,Oktibbeha,2015,2019,Hispanic (all races),
28,Mississippi,28105,Oktibbeha,2015,2019,American Indian/Alaskan Native (includes Hispanic),
28,Mississippi,28105,Oktibbeha,2015,2019,White (includes Hispanic),
28,Mississippi,28105,Oktibbeha,2016,2020,Asian/Pacific Islander (includes Hispanic),
28,Mississippi,28105,Oktibbeha,2016,2020,Black (includes Hispanic),
28,Mississippi,28105,Oktibbeha,2016,2020,Hispanic (all races),
28,Mississippi,28105,Oktibbeha,2016,2020,American Indian/Alaskan Native (includes Hispanic),
28,Mississippi,28105,Oktibbeha,2016,2020,White (includes Hispanic),
28,Mississippi,28107,Panola,2011,2015,Asian/Pacific Islander (includes Hispanic),
28,Mississippi,28107,Panola,2011,2015,Black (includes Hispanic),15.2
28,Mississippi,28107,Panola,2011,2015,Hispanic (all races),
28,Mississippi,28107,Panola,2011,2015,American Indian/Alaskan Native (includes Hispanic),
28,Mississippi,28107,Panola,2011,2015,White (includes Hispanic),9.4
28,Mississippi,28107,Panola,2012,2016,Asian/Pacific Islander (includes Hispanic),
28,Mississippi,28107,Panola,2012,2016,Black (includes Hispanic),13.3
28,Mississippi,28107,Panola,2012,2016,Hispanic (all races),
28,Mississippi,28107,Panola,2012,2016,American Indian/Alaskan Native (includes Hispanic),
28,Mississippi,28107,Panola,2012,2016,White (includes Hispanic),
28,Mississippi,28107,Panola,2013,2017,Asian/Pacific Islander (includes Hispanic),
28,Mississippi,28107,Panola,2013,2017,Black (includes Hispanic),15.0
28,Mississippi,28107,Panola,2013,2017,Hispanic (all races),
28,Mississippi,28107,Panola,2013,2017,American Indian/Alaskan Native (includes Hispanic),
28,Mississippi,28107,Panola,2013,2017,White (includes Hispanic),
28,Mississippi,28107,Panola,2014,2018,Asian/Pacific Islander (includes Hispanic),
28,Mississippi,28107,Panola,2014,2018,Black (includes Hispanic),13.5
28,Mississippi,28107,Panola,2014,2018,Hispanic (all races),
28,Mississippi,28107,Panola,2014,2018,American Indian/Alaskan Native (includes Hispanic),
28,Mississippi,28107,Panola,2014,2018,White (includes Hispanic),8.5
28,Mississippi,28107,Panola,2015,2019,Asian/Pacific Islander (includes Hispanic),
28,Mississippi,28107,Panola,2015,2019,Black (includes Hispanic),12.2
28,Mississippi,28107,Panola,2015,2019,Hispanic (all races),
28,Mississippi,28107,Panola,2015,2019,American Indian/Alaskan Native (includes Hispanic),
28,Mississippi,28107,Panola,2015,2019,White (includes Hispanic),9.5
28,Mississippi,28107,Panola,2016,2020,Asian/Pacific Islander (includes Hispanic),
28,Mississippi,28107,Panola,2016,2020,Black (includes Hispanic),10.1
28,Mississippi,28107,Panola,2016,2020,Hispanic (all races),
28,Mississippi,28107,Panola,2016,2020,American Indian/Alaskan Native (includes Hispanic),
28,Mississippi,28107,Panola,2016,2020,White (includes Hispanic),12.4
28,Mississippi,28109,Pearl River,2011,2015,Asian/Pacific Islander (includes Hispanic),
28,Mississippi,28109,Pearl River,2011,2015,Black (includes Hispanic),10.5
28,Mississippi,28109,Pearl River,2011,2015,Hispanic (all races),
28,Mississippi,28109,Pearl River,2011,2015,American Indian/Alaskan Native (includes Hispanic),
28,Mississippi,28109,Pearl River,2011,2015,White (includes Hispanic),8.5
28,Mississippi,28109,Pearl River,2012,2016,Asian/Pacific Islander (includes Hispanic),
28,Mississippi,28109,Pearl River,2012,2016,Black (includes Hispanic),10.8
28,Mississippi,28109,Pearl River,2012,2016,Hispanic (all races),
28,Mississippi,28109,Pearl River,2012,2016,American Indian/Alaskan Native (includes Hispanic),
28,Mississippi,28109,Pearl River,2012,2016,White (includes Hispanic),8.3
28,Mississippi,28109,Pearl River,2013,2017,Asian/Pacific Islander (includes Hispanic),
28,Mississippi,28109,Pearl River,2013,2017,Black (includes Hispanic),9.4
28,Mississippi,28109,Pearl River,2013,2017,Hispanic (all races),
28,Mississippi,28109,Pearl River,2013,2017,American Indian/Alaskan Native (includes Hispanic),
28,Mississippi,28109,Pearl River,2013,2017,White (includes Hispanic),9.4
28,Mississippi,28109,Pearl River,2014,2018,Asian/Pacific Islander (includes Hispanic),
28,Mississippi,28109,Pearl River,2014,2018,Black (includes Hispanic),9.4
28,Mississippi,28109,Pearl River,2014,2018,Hispanic (all races),
28,Mississippi,28109,Pearl River,2014,2018,American Indian/Alaskan Native (includes Hispanic),
28,Mississippi,28109,Pearl River,2014,2018,White (includes Hispanic),9.6
28,Mississippi,28109,Pearl River,2015,2019,Asian/Pacific Islander (includes Hispanic),
28,Mississippi,28109,Pearl River,2015,2019,Black (includes Hispanic),9.7
28,Mississippi,28109,Pearl River,2015,2019,Hispanic (all races),
28,Mississippi,28109,Pearl River,2015,2019,American Indian/Alaskan Native (includes Hispanic),
28,Mississippi,28109,Pearl River,2015,2019,White (includes Hispanic),9.7
28,Mississippi,28109,Pearl River,2016,2020,Asian/Pacific Islander (includes Hispanic),
28,Mississippi,28109,Pearl River,2016,2020,Black (includes Hispanic),11.1
28,Mississippi,28109,Pearl River,2016,2020,Hispanic (all races),
28,Mississippi,28109,Pearl River,2016,2020,American Indian/Alaskan Native (includes Hispanic),
28,Mississippi,28109,Pearl River,2016,2020,White (includes Hispanic),8.7
28,Mississippi,28111,Perry,2011,2015,Asian/Pacific Islander (includes Hispanic),
28,Mississippi,28111,Perry,2011,2015,Black (includes Hispanic),
28,Mississippi,28111,Perry,2011,2015,Hispanic (all races),
28,Mississippi,28111,Perry,2011,2015,American Indian/Alaskan Native (includes Hispanic),
28,Mississippi,28111,Perry,2011,2015,White (includes Hispanic),9.8
28,Mississippi,28111,Perry,2012,2016,Asian/Pacific Islander (includes Hispanic),
28,Mississippi,28111,Perry,2012,2016,Black (includes Hispanic),
28,Mississippi,28111,Perry,2012,2016,Hispanic (all races),
28,Mississippi,28111,Perry,2012,2016,American Indian/Alaskan Native (includes Hispanic),
28,Mississippi,28111,Perry,2012,2016,White (includes Hispanic),9.1
28,Mississippi,28111,Perry,2013,2017,Asian/Pacific Islander (includes Hispanic),
28,Mississippi,28111,Perry,2013,2017,Black (includes Hispanic),
28,Mississippi,28111,Perry,2013,2017,Hispanic (all races),
28,Mississippi,28111,Perry,2013,2017,American Indian/Alaskan Native (includes Hispanic),
28,Mississippi,28111,Perry,2013,2017,White (includes Hispanic),11.1
28,Mississippi,28111,Perry,2014,2018,Asian/Pacific Islander (includes Hispanic),
28,Mississippi,28111,Perry,2014,2018,Black (includes Hispanic),
28,Mississippi,28111,Perry,2014,2018,Hispanic (all races),
28,Mississippi,28111,Perry,2014,2018,American Indian/Alaskan Native (includes Hispanic),
28,Mississippi,28111,Perry,2014,2018,White (includes Hispanic),12.2
28,Mississippi,28111,Perry,2015,2019,Asian/Pacific Islander (includes Hispanic),
28,Mississippi,28111,Perry,2015,2019,Black (includes Hispanic),
28,Mississippi,28111,Perry,2015,2019,Hispanic (all races),
28,Mississippi,28111,Perry,2015,2019,American Indian/Alaskan Native (includes Hispanic),
28,Mississippi,28111,Perry,2015,2019,White (includes Hispanic),13.1
28,Mississippi,28111,Perry,2016,2020,Asian/Pacific Islander (includes Hispanic),
28,Mississippi,28111,Perry,2016,2020,Black (includes Hispanic),
28,Mississippi,28111,Perry,2016,2020,Hispanic (all races),
28,Mississippi,28111,Perry,2016,2020,American Indian/Alaskan Native (includes Hispanic),
28,Mississippi,28111,Perry,2016,2020,White (includes Hispanic),12.4
28,Mississippi,28113,Pike,2011,2015,Asian/Pacific Islander (includes Hispanic),
28,Mississippi,28113,Pike,2011,2015,Black (includes Hispanic),14.0
28,Mississippi,28113,Pike,2011,2015,Hispanic (all races),
28,Mississippi,28113,Pike,2011,2015,American Indian/Alaskan Native (includes Hispanic),
28,Mississippi,28113,Pike,2011,2015,White (includes Hispanic),7.5
28,Mississippi,28113,Pike,2012,2016,Asian/Pacific Islander (includes Hispanic),
28,Mississippi,28113,Pike,2012,2016,Black (includes Hispanic),14.9
28,Mississippi,28113,Pike,2012,2016,Hispanic (all races),
28,Mississippi,28113,Pike,2012,2016,American Indian/Alaskan Native (includes Hispanic),
28,Mississippi,28113,Pike,2012,2016,White (includes Hispanic),6.8
28,Mississippi,28113,Pike,2013,2017,Asian/Pacific Islander (includes Hispanic),
28,Mississippi,28113,Pike,2013,2017,Black (includes Hispanic),13.4
28,Mississippi,28113,Pike,2013,2017,Hispanic (all races),
28,Mississippi,28113,Pike,2013,2017,American Indian/Alaskan Native (includes Hispanic),
28,Mississippi,28113,Pike,2013,2017,White (includes Hispanic),6.0
28,Mississippi,28113,Pike,2014,2018,Asian/Pacific Islander (includes Hispanic),
28,Mississippi,28113,Pike,2014,2018,Black (includes Hispanic),16.6
28,Mississippi,28113,Pike,2014,2018,Hispanic (all races),
28,Mississippi,28113,Pike,2014,2018,American Indian/Alaskan Native (includes Hispanic),
28,Mississippi,28113,Pike,2014,2018,White (includes Hispanic),6.7
28,Mississippi,28113,Pike,2015,2019,Asian/Pacific Islander (includes Hispanic),
28,Mississippi,28113,Pike,2015,2019,Black (includes Hispanic),15.2
28,Mississippi,28113,Pike,2015,2019,Hispanic (all races),
28,Mississippi,28113,Pike,2015,2019,American Indian/Alaskan Native (includes Hispanic),
28,Mississippi,28113,Pike,2015,2019,White (includes Hispanic),7.0
28,Mississippi,28113,Pike,2016,2020,Asian/Pacific Islander (includes Hispanic),
28,Mississippi,28113,Pike,2016,2020,Black (includes Hispanic),13.4
28,Mississippi,28113,Pike,2016,2020,Hispanic (all races),
28,Mississippi,28113,Pike,2016,2020,American Indian/Alaskan Native (includes Hispanic),
28,Mississippi,28113,Pike,2016,2020,White (includes Hispanic),7.7
28,Mississippi,28115,Pontotoc,2011,2015,Asian/Pacific Islander (includes Hispanic),
28,Mississippi,28115,Pontotoc,2011,2015,Black (includes Hispanic),
28,Mississippi,28115,Pontotoc,2011,2015,Hispanic (all races),
28,Mississippi,28115,Pontotoc,2011,2015,American Indian/Alaskan Native (includes Hispanic),
28,Mississippi,28115,Pontotoc,2011,2015,White (includes Hispanic),8.4
28,Mississippi,28115,Pontotoc,2012,2016,Asian/Pacific Islander (includes Hispanic),
28,Mississippi,28115,Pontotoc,2012,2016,Black (includes Hispanic),11.6
28,Mississippi,28115,Pontotoc,2012,2016,Hispanic (all races),
28,Mississippi,28115,Pontotoc,2012,2016,American Indian/Alaskan Native (includes Hispanic),
28,Mississippi,28115,Pontotoc,2012,2016,White (includes Hispanic),7.5
28,Mississippi,28115,Pontotoc,2013,2017,Asian/Pacific Islander (includes Hispanic),
28,Mississippi,28115,Pontotoc,2013,2017,Black (includes Hispanic),
28,Mississippi,28115,Pontotoc,2013,2017,Hispanic (all races),
28,Mississippi,28115,Pontotoc,2013,2017,American Indian/Alaskan Native (includes Hispanic),
28,Mississippi,28115,Pontotoc,2013,2017,White (includes Hispanic),8.4
28,Mississippi,28115,Pontotoc,2014,2018,Asian/Pacific Islander (includes Hispanic),
28,Mississippi,28115,Pontotoc,2014,2018,Black (includes Hispanic),
28,Mississippi,28115,Pontotoc,2014,2018,Hispanic (all races),
28,Mississippi,28115,Pontotoc,2014,2018,American Indian/Alaskan Native (includes Hispanic),
28,Mississippi,28115,Pontotoc,2014,2018,White (includes Hispanic),9.4
28,Mississippi,28115,Pontotoc,2015,2019,Asian/Pacific Islander (includes Hispanic),
28,Mississippi,28115,Pontotoc,2015,2019,Black (includes Hispanic),
28,Mississippi,28115,Pontotoc,2015,2019,Hispanic (all races),
28,Mississippi,28115,Pontotoc,2015,2019,American Indian/Alaskan Native (includes Hispanic),
28,Mississippi,28115,Pontotoc,2015,2019,White (includes Hispanic),8.8
28,Mississippi,28115,Pontotoc,2016,2020,Asian/Pacific Islander (includes Hispanic),
28,Mississippi,28115,Pontotoc,2016,2020,Black (includes Hispanic),
28,Mississippi,28115,Pontotoc,2016,2020,Hispanic (all races),
28,Mississippi,28115,Pontotoc,2016,2020,American Indian/Alaskan Native (includes Hispanic),
28,Mississippi,28115,Pontotoc,2016,2020,White (includes Hispanic),9.5
28,Mississippi,28117,Prentiss,2011,2015,Asian/Pacific Islander (includes Hispanic),
28,Mississippi,28117,Prentiss,2011,2015,Black (includes Hispanic),
28,Mississippi,28117,Prentiss,2011,2015,Hispanic (all races),
28,Mississippi,28117,Prentiss,2011,2015,American Indian/Alaskan Native (includes Hispanic),
28,Mississippi,28117,Prentiss,2011,2015,White (includes Hispanic),12.0
28,Mississippi,28117,Prentiss,2012,2016,Asian/Pacific Islander (includes Hispanic),
28,Mississippi,28117,Prentiss,2012,2016,Black (includes Hispanic),
28,Mississippi,28117,Prentiss,2012,2016,Hispanic (all races),
28,Mississippi,28117,Prentiss,2012,2016,American Indian/Alaskan Native (includes Hispanic),
28,Mississippi,28117,Prentiss,2012,2016,White (includes Hispanic),10.1
28,Mississippi,28117,Prentiss,2013,2017,Asian/Pacific Islander (includes Hispanic),
28,Mississippi,28117,Prentiss,2013,2017,Black (includes Hispanic),
28,Mississippi,28117,Prentiss,2013,2017,Hispanic (all races),
28,Mississippi,28117,Prentiss,2013,2017,American Indian/Alaskan Native (includes Hispanic),
28,Mississippi,28117,Prentiss,2013,2017,White (includes Hispanic),9.2
28,Mississippi,28117,Prentiss,2014,2018,Asian/Pacific Islander (includes Hispanic),
28,Mississippi,28117,Prentiss,2014,2018,Black (includes Hispanic),
28,Mississippi,28117,Prentiss,2014,2018,Hispanic (all races),
28,Mississippi,28117,Prentiss,2014,2018,American Indian/Alaskan Native (includes Hispanic),
28,Mississippi,28117,Prentiss,2014,2018,White (includes Hispanic),9.8
28,Mississippi,28117,Prentiss,2015,2019,Asian/Pacific Islander (includes Hispanic),
28,Mississippi,28117,Prentiss,2015,2019,Black (includes Hispanic),
28,Mississippi,28117,Prentiss,2015,2019,Hispanic (all races),
28,Mississippi,28117,Prentiss,2015,2019,American Indian/Alaskan Native (includes Hispanic),
28,Mississippi,28117,Prentiss,2015,2019,White (includes Hispanic),9.3
28,Mississippi,28117,Prentiss,2016,2020,Asian/Pacific Islander (includes Hispanic),
28,Mississippi,28117,Prentiss,2016,2020,Black (includes Hispanic),
28,Mississippi,28117,Prentiss,2016,2020,Hispanic (all races),
28,Mississippi,28117,Prentiss,2016,2020,American Indian/Alaskan Native (includes Hispanic),
28,Mississippi,28117,Prentiss,2016,2020,White (includes Hispanic),9.0
28,Mississippi,28119,Quitman,2011,2015,Asian/Pacific Islander (includes Hispanic),
28,Mississippi,28119,Quitman,2011,2015,Black (includes Hispanic),16.6
28,Mississippi,28119,Quitman,2011,2015,Hispanic (all races),
28,Mississippi,28119,Quitman,2011,2015,American Indian/Alaskan Native (includes Hispanic),
28,Mississippi,28119,Quitman,2011,2015,White (includes Hispanic),
28,Mississippi,28119,Quitman,2012,2016,Asian/Pacific Islander (includes Hispanic),
28,Mississippi,28119,Quitman,2012,2016,Black (includes Hispanic),12.6
28,Mississippi,28119,Quitman,2012,2016,Hispanic (all races),
28,Mississippi,28119,Quitman,2012,2016,American Indian/Alaskan Native (includes Hispanic),
28,Mississippi,28119,Quitman,2012,2016,White (includes Hispanic),
28,Mississippi,28119,Quitman,2013,2017,Asian/Pacific Islander (includes Hispanic),
28,Mississippi,28119,Quitman,2013,2017,Black (includes Hispanic),
28,Mississippi,28119,Quitman,2013,2017,Hispanic (all races),
28,Mississippi,28119,Quitman,2013,2017,American Indian/Alaskan Native (includes Hispanic),
28,Mississippi,28119,Quitman,2013,2017,White (includes Hispanic),
28,Mississippi,28119,Quitman,2014,2018,Asian/Pacific Islander (includes Hispanic),
28,Mississippi,28119,Quitman,2014,2018,Black (includes Hispanic),
28,Mississippi,28119,Quitman,2014,2018,Hispanic (all races),
28,Mississippi,28119,Quitman,2014,2018,American Indian/Alaskan Native (includes Hispanic),
28,Mississippi,28119,Quitman,2014,2018,White (includes Hispanic),
28,Mississippi,28119,Quitman,2015,2019,Asian/Pacific Islander (includes Hispanic),
28,Mississippi,28119,Quitman,2015,2019,Black (includes Hispanic),
28,Mississippi,28119,Quitman,2015,2019,Hispanic (all races),
28,Mississippi,28119,Quitman,2015,2019,American Indian/Alaskan Native (includes Hispanic),
28,Mississippi,28119,Quitman,2015,2019,White (includes Hispanic),
28,Mississippi,28119,Quitman,2016,2020,Asian/Pacific Islander (includes Hispanic),
28,Mississippi,28119,Quitman,2016,2020,Black (includes Hispanic),
28,Mississippi,28119,Quitman,2016,2020,Hispanic (all races),
28,Mississippi,28119,Quitman,2016,2020,American Indian/Alaskan Native (includes Hispanic),
28,Mississippi,28119,Quitman,2016,2020,White (includes Hispanic),
28,Mississippi,28121,Rankin,2011,2015,Asian/Pacific Islander (includes Hispanic),
28,Mississippi,28121,Rankin,2011,2015,Black (includes Hispanic),10.7
28,Mississippi,28121,Rankin,2011,2015,Hispanic (all races),
28,Mississippi,28121,Rankin,2011,2015,American Indian/Alaskan Native (includes Hispanic),
28,Mississippi,28121,Rankin,2011,2015,White (includes Hispanic),7.8
28,Mississippi,28121,Rankin,2012,2016,Asian/Pacific Islander (includes Hispanic),
28,Mississippi,28121,Rankin,2012,2016,Black (includes Hispanic),8.8
28,Mississippi,28121,Rankin,2012,2016,Hispanic (all races),
28,Mississippi,28121,Rankin,2012,2016,American Indian/Alaskan Native (includes Hispanic),
28,Mississippi,28121,Rankin,2012,2016,White (includes Hispanic),8.5
28,Mississippi,28121,Rankin,2013,2017,Asian/Pacific Islander (includes Hispanic),
28,Mississippi,28121,Rankin,2013,2017,Black (includes Hispanic),8.3
28,Mississippi,28121,Rankin,2013,2017,Hispanic (all races),
28,Mississippi,28121,Rankin,2013,2017,American Indian/Alaskan Native (includes Hispanic),
28,Mississippi,28121,Rankin,2013,2017,White (includes Hispanic),8.6
28,Mississippi,28121,Rankin,2014,2018,Asian/Pacific Islander (includes Hispanic),
28,Mississippi,28121,Rankin,2014,2018,Black (includes Hispanic),8.7
28,Mississippi,28121,Rankin,2014,2018,Hispanic (all races),
28,Mississippi,28121,Rankin,2014,2018,American Indian/Alaskan Native (includes Hispanic),
28,Mississippi,28121,Rankin,2014,2018,White (includes Hispanic),8.4
28,Mississippi,28121,Rankin,2015,2019,Asian/Pacific Islander (includes Hispanic),
28,Mississippi,28121,Rankin,2015,2019,Black (includes Hispanic),8.8
28,Mississippi,28121,Rankin,2015,2019,Hispanic (all races),
28,Mississippi,28121,Rankin,2015,2019,American Indian/Alaskan Native (includes Hispanic),
28,Mississippi,28121,Rankin,2015,2019,White (includes Hispanic),7.1
28,Mississippi,28121,Rankin,2016,2020,Asian/Pacific Islander (includes Hispanic),
28,Mississippi,28121,Rankin,2016,2020,Black (includes Hispanic),8.8
28,Mississippi,28121,Rankin,2016,2020,Hispanic (all races),
28,Mississippi,28121,Rankin,2016,2020,American Indian/Alaskan Native (includes Hispanic),
28,Mississippi,28121,Rankin,2016,2020,White (includes Hispanic),7.0
28,Mississippi,28123,Scott,2011,2015,Asian/Pacific Islander (includes Hispanic),
28,Mississippi,28123,Scott,2011,2015,Black (includes Hispanic),13.0
28,Mississippi,28123,Scott,2011,2015,Hispanic (all races),
28,Mississippi,28123,Scott,2011,2015,American Indian/Alaskan Native (includes Hispanic),
28,Mississippi,28123,Scott,2011,2015,White (includes Hispanic),8.1
28,Mississippi,28123,Scott,2012,2016,Asian/Pacific Islander (includes Hispanic),
28,Mississippi,28123,Scott,2012,2016,Black (includes Hispanic),10.3
28,Mississippi,28123,Scott,2012,2016,Hispanic (all races),
28,Mississippi,28123,Scott,2012,2016,American Indian/Alaskan Native (includes Hispanic),
28,Mississippi,28123,Scott,2012,2016,White (includes Hispanic),9.1
28,Mississippi,28123,Scott,2013,2017,Asian/Pacific Islander (includes Hispanic),
28,Mississippi,28123,Scott,2013,2017,Black (includes Hispanic),10.0
28,Mississippi,28123,Scott,2013,2017,Hispanic (all races),
28,Mississippi,28123,Scott,2013,2017,American Indian/Alaskan Native (includes Hispanic),
28,Mississippi,28123,Scott,2013,2017,White (includes Hispanic),9.0
28,Mississippi,28123,Scott,2014,2018,Asian/Pacific Islander (includes Hispanic),
28,Mississippi,28123,Scott,2014,2018,Black (includes Hispanic),10.6
28,Mississippi,28123,Scott,2014,2018,Hispanic (all races),
28,Mississippi,28123,Scott,2014,2018,American Indian/Alaskan Native (includes Hispanic),
28,Mississippi,28123,Scott,2014,2018,White (includes Hispanic),8.4
28,Mississippi,28123,Scott,2015,2019,Asian/Pacific Islander (includes Hispanic),
28,Mississippi,28123,Scott,2015,2019,Black (includes Hispanic),8.2
28,Mississippi,28123,Scott,2015,2019,Hispanic (all races),
28,Mississippi,28123,Scott,2015,2019,American Indian/Alaskan Native (includes Hispanic),
28,Mississippi,28123,Scott,2015,2019,White (includes Hispanic),6.7
28,Mississippi,28123,Scott,2016,2020,Asian/Pacific Islander (includes Hispanic),
28,Mississippi,28123,Scott,2016,2020,Black (includes Hispanic),8.4
28,Mississippi,28123,Scott,2016,2020,Hispanic (all races),
28,Mississippi,28123,Scott,2016,2020,American Indian/Alaskan Native (includes Hispanic),
28,Mississippi,28123,Scott,2016,2020,White (includes Hispanic),6.8
28,Mississippi,28125,Sharkey,2011,2015,Asian/Pacific Islander (includes Hispanic),
28,Mississippi,28125,Sharkey,2011,2015,Black (includes Hispanic),12.2
28,Mississippi,28125,Sharkey,2011,2015,Hispanic (all races),
28,Mississippi,28125,Sharkey,2011,2015,American Indian/Alaskan Native (includes Hispanic),
28,Mississippi,28125,Sharkey,2011,2015,White (includes Hispanic),
28,Mississippi,28125,Sharkey,2012,2016,Asian/Pacific Islander (includes Hispanic),
28,Mississippi,28125,Sharkey,2012,2016,Black (includes Hispanic),12.3
28,Mississippi,28125,Sharkey,2012,2016,Hispanic (all races),
28,Mississippi,28125,Sharkey,2012,2016,American Indian/Alaskan Native (includes Hispanic),
28,Mississippi,28125,Sharkey,2012,2016,White (includes Hispanic),
28,Mississippi,28125,Sharkey,2013,2017,Asian/Pacific Islander (includes Hispanic),
28,Mississippi,28125,Sharkey,2013,2017,Black (includes Hispanic),13.7
28,Mississippi,28125,Sharkey,2013,2017,Hispanic (all races),
28,Mississippi,28125,Sharkey,2013,2017,American Indian/Alaskan Native (includes Hispanic),
28,Mississippi,28125,Sharkey,2013,2017,White (includes Hispanic),
28,Mississippi,28125,Sharkey,2014,2018,Asian/Pacific Islander (includes Hispanic),
28,Mississippi,28125,Sharkey,2014,2018,Black (includes Hispanic),11.5
28,Mississippi,28125,Sharkey,2014,2018,Hispanic (all races),
28,Mississippi,28125,Sharkey,2014,2018,American Indian/Alaskan Native (includes Hispanic),
28,Mississippi,28125,Sharkey,2014,2018,White (includes Hispanic),
28,Mississippi,28125,Sharkey,2015,2019,Asian/Pacific Islander (includes Hispanic),
28,Mississippi,28125,Sharkey,2015,2019,Black (includes Hispanic),13.2
28,Mississippi,28125,Sharkey,2015,2019,Hispanic (all races),
28,Mississippi,28125,Sharkey,2015,2019,American Indian/Alaskan Native (includes Hispanic),
28,Mississippi,28125,Sharkey,2015,2019,White (includes Hispanic),
28,Mississippi,28125,Sharkey,2016,2020,Asian/Pacific Islander (includes Hispanic),
28,Mississippi,28125,Sharkey,2016,2020,Black (includes Hispanic),12.9
28,Mississippi,28125,Sharkey,2016,2020,Hispanic (all races),
28,Mississippi,28125,Sharkey,2016,2020,American Indian/Alaskan Native (includes Hispanic),
28,Mississippi,28125,Sharkey,2016,2020,White (includes Hispanic),
28,Mississippi,28127,Simpson,2011,2015,Asian/Pacific Islander (includes Hispanic),
28,Mississippi,28127,Simpson,2011,2015,Black (includes Hispanic),9.4
28,Mississippi,28127,Simpson,2011,2015,Hispanic (all races),
28,Mississippi,28127,Simpson,2011,2015,American Indian/Alaskan Native (includes Hispanic),
28,Mississippi,28127,Simpson,2011,2015,White (includes Hispanic),8.5
28,Mississippi,28127,Simpson,2012,2016,Asian/Pacific Islander (includes Hispanic),
28,Mississippi,28127,Simpson,2012,2016,Black (includes Hispanic),8.2
28,Mississippi,28127,Simpson,2012,2016,Hispanic (all races),
28,Mississippi,28127,Simpson,2012,2016,American Indian/Alaskan Native (includes Hispanic),
28,Mississippi,28127,Simpson,2012,2016,White (includes Hispanic),9.2
28,Mississippi,28127,Simpson,2013,2017,Asian/Pacific Islander (includes Hispanic),
28,Mississippi,28127,Simpson,2013,2017,Black (includes Hispanic),8.4
28,Mississippi,28127,Simpson,2013,2017,Hispanic (all races),
28,Mississippi,28127,Simpson,2013,2017,American Indian/Alaskan Native (includes Hispanic),
28,Mississippi,28127,Simpson,2013,2017,White (includes Hispanic),9.1
28,Mississippi,28127,Simpson,2014,2018,Asian/Pacific Islander (includes Hispanic),
28,Mississippi,28127,Simpson,2014,2018,Black (includes Hispanic),8.1
28,Mississippi,28127,Simpson,2014,2018,Hispanic (all races),
28,Mississippi,28127,Simpson,2014,2018,American Indian/Alaskan Native (includes Hispanic),
28,Mississippi,28127,Simpson,2014,2018,White (includes Hispanic),8.9
28,Mississippi,28127,Simpson,2015,2019,Asian/Pacific Islander (includes Hispanic),
28,Mississippi,28127,Simpson,2015,2019,Black (includes Hispanic),8.7
28,Mississippi,28127,Simpson,2015,2019,Hispanic (all races),
28,Mississippi,28127,Simpson,2015,2019,American Indian/Alaskan Native (includes Hispanic),
28,Mississippi,28127,Simpson,2015,2019,White (includes Hispanic),7.5
28,Mississippi,28127,Simpson,2016,2020,Asian/Pacific Islander (includes Hispanic),
28,Mississippi,28127,Simpson,2016,2020,Black (includes Hispanic),9.1
28,Mississippi,28127,Simpson,2016,2020,Hispanic (all races),
28,Mississippi,28127,Simpson,2016,2020,American Indian/Alaskan Native (includes Hispanic),
28,Mississippi,28127,Simpson,2016,2020,White (includes Hispanic),7.7
28,Mississippi,28129,Smith,2011,2015,Asian/Pacific Islander (includes Hispanic),
28,Mississippi,28129,Smith,2011,2015,Black (includes Hispanic),9.1
28,Mississippi,28129,Smith,2011,2015,Hispanic (all races),
28,Mississippi,28129,Smith,2011,2015,American Indian/Alaskan Native (includes Hispanic),
28,Mississippi,28129,Smith,2011,2015,White (includes Hispanic),9.3
28,Mississippi,28129,Smith,2012,2016,Asian/Pacific Islander (includes Hispanic),
28,Mississippi,28129,Smith,2012,2016,Black (includes Hispanic),8.6
28,Mississippi,28129,Smith,2012,2016,Hispanic (all races),
28,Mississippi,28129,Smith,2012,2016,American Indian/Alaskan Native (includes Hispanic),
28,Mississippi,28129,Smith,2012,2016,White (includes Hispanic),9.5
28,Mississippi,28129,Smith,2013,2017,Asian/Pacific Islander (includes Hispanic),
28,Mississippi,28129,Smith,2013,2017,Black (includes Hispanic),8.8
28,Mississippi,28129,Smith,2013,2017,Hispanic (all races),
28,Mississippi,28129,Smith,2013,2017,American Indian/Alaskan Native (includes Hispanic),
28,Mississippi,28129,Smith,2013,2017,White (includes Hispanic),10.0
28,Mississippi,28129,Smith,2014,2018,Asian/Pacific Islander (includes Hispanic),
28,Mississippi,28129,Smith,2014,2018,Black (includes Hispanic),8.8
28,Mississippi,28129,Smith,2014,2018,Hispanic (all races),
28,Mississippi,28129,Smith,2014,2018,American Indian/Alaskan Native (includes Hispanic),
28,Mississippi,28129,Smith,2014,2018,White (includes Hispanic),9.8
28,Mississippi,28129,Smith,2015,2019,Asian/Pacific Islander (includes Hispanic),
28,Mississippi,28129,Smith,2015,2019,Black (includes Hispanic),8.1
28,Mississippi,28129,Smith,2015,2019,Hispanic (all races),
28,Mississippi,28129,Smith,2015,2019,American Indian/Alaskan Native (includes Hispanic),
28,Mississippi,28129,Smith,2015,2019,White (includes Hispanic),8.8
28,Mississippi,28129,Smith,2016,2020,Asian/Pacific Islander (includes Hispanic),
28,Mississippi,28129,Smith,2016,2020,Black (includes Hispanic),9.8
28,Mississippi,28129,Smith,2016,2020,Hispanic (all races),
28,Mississippi,28129,Smith,2016,2020,American Indian/Alaskan Native (includes Hispanic),
28,Mississippi,28129,Smith,2016,2020,White (includes Hispanic),9.2
28,Mississippi,28131,Stone,2011,2015,Asian/Pacific Islander (includes Hispanic),
28,Mississippi,28131,Stone,2011,2015,Black (includes Hispanic),10.8
28,Mississippi,28131,Stone,2011,2015,Hispanic (all races),
28,Mississippi,28131,Stone,2011,2015,American Indian/Alaskan Native (includes Hispanic),
28,Mississippi,28131,Stone,2011,2015,White (includes Hispanic),8.9
28,Mississippi,28131,Stone,2012,2016,Asian/Pacific Islander (includes Hispanic),
28,Mississippi,28131,Stone,2012,2016,Black (includes Hispanic),11.0
28,Mississippi,28131,Stone,2012,2016,Hispanic (all races),
28,Mississippi,28131,Stone,2012,2016,American Indian/Alaskan Native (includes Hispanic),
28,Mississippi,28131,Stone,2012,2016,White (includes Hispanic),9.1
28,Mississippi,28131,Stone,2013,2017,Asian/Pacific Islander (includes Hispanic),
28,Mississippi,28131,Stone,2013,2017,Black (includes Hispanic),8.8
28,Mississippi,28131,Stone,2013,2017,Hispanic (all races),
28,Mississippi,28131,Stone,2013,2017,American Indian/Alaskan Native (includes Hispanic),
28,Mississippi,28131,Stone,2013,2017,White (includes Hispanic),10.3
28,Mississippi,28131,Stone,2014,2018,Asian/Pacific Islander (includes Hispanic),
28,Mississippi,28131,Stone,2014,2018,Black (includes Hispanic),9.7
28,Mississippi,28131,Stone,2014,2018,Hispanic (all races),
28,Mississippi,28131,Stone,2014,2018,American Indian/Alaskan Native (includes Hispanic),
28,Mississippi,28131,Stone,2014,2018,White (includes Hispanic),10.5
28,Mississippi,28131,Stone,2015,2019,Asian/Pacific Islander (includes Hispanic),
28,Mississippi,28131,Stone,2015,2019,Black (includes Hispanic),9.7
28,Mississippi,28131,Stone,2015,2019,Hispanic (all races),
28,Mississippi,28131,Stone,2015,2019,American Indian/Alaskan Native (includes Hispanic),
28,Mississippi,28131,Stone,2015,2019,White (includes Hispanic),11.2
28,Mississippi,28131,Stone,2016,2020,Asian/Pacific Islander (includes Hispanic),
28,Mississippi,28131,Stone,2016,2020,Black (includes Hispanic),9.9
28,Mississippi,28131,Stone,2016,2020,Hispanic (all races),
28,Mississippi,28131,Stone,2016,2020,American Indian/Alaskan Native (includes Hispanic),
28,Mississippi,28131,Stone,2016,2020,White (includes Hispanic),11.3
28,Mississippi,28133,Sunflower,2011,2015,Asian/Pacific Islander (includes Hispanic),
28,Mississippi,28133,Sunflower,2011,2015,Black (includes Hispanic),14.8
28,Mississippi,28133,Sunflower,2011,2015,Hispanic (all races),
28,Mississippi,28133,Sunflower,2011,2015,American Indian/Alaskan Native (includes Hispanic),
28,Mississippi,28133,Sunflower,2011,2015,White (includes Hispanic),
28,Mississippi,28133,Sunflower,2012,2016,Asian/Pacific Islander (includes Hispanic),
28,Mississippi,28133,Sunflower,2012,2016,Black (includes Hispanic),13.5
28,Mississippi,28133,Sunflower,2012,2016,Hispanic (all races),
28,Mississippi,28133,Sunflower,2012,2016,American Indian/Alaskan Native (includes Hispanic),
28,Mississippi,28133,Sunflower,2012,2016,White (includes Hispanic),
28,Mississippi,28133,Sunflower,2013,2017,Asian/Pacific Islander (includes Hispanic),
28,Mississippi,28133,Sunflower,2013,2017,Black (includes Hispanic),11.2
28,Mississippi,28133,Sunflower,2013,2017,Hispanic (all races),
28,Mississippi,28133,Sunflower,2013,2017,American Indian/Alaskan Native (includes Hispanic),
28,Mississippi,28133,Sunflower,2013,2017,White (includes Hispanic),
28,Mississippi,28133,Sunflower,2014,2018,Asian/Pacific Islander (includes Hispanic),
28,Mississippi,28133,Sunflower,2014,2018,Black (includes Hispanic),8.7
28,Mississippi,28133,Sunflower,2014,2018,Hispanic (all races),
28,Mississippi,28133,Sunflower,2014,2018,American Indian/Alaskan Native (includes Hispanic),
28,Mississippi,28133,Sunflower,2014,2018,White (includes Hispanic),
28,Mississippi,28133,Sunflower,2015,2019,Asian/Pacific Islander (includes Hispanic),
28,Mississippi,28133,Sunflower,2015,2019,Black (includes Hispanic),8.1
28,Mississippi,28133,Sunflower,2015,2019,Hispanic (all races),
28,Mississippi,28133,Sunflower,2015,2019,American Indian/Alaskan Native (includes Hispanic),
28,Mississippi,28133,Sunflower,2015,2019,White (includes Hispanic),
28,Mississippi,28133,Sunflower,2016,2020,Asian/Pacific Islander (includes Hispanic),
28,Mississippi,28133,Sunflower,2016,2020,Black (includes Hispanic),8.3
28,Mississippi,28133,Sunflower,2016,2020,Hispanic (all races),
28,Mississippi,28133,Sunflower,2016,2020,American Indian/Alaskan Native (includes Hispanic),
28,Mississippi,28133,Sunflower,2016,2020,White (includes Hispanic),
28,Mississippi,28135,Tallahatchie,2011,2015,Asian/Pacific Islander (includes Hispanic),
28,Mississippi,28135,Tallahatchie,2011,2015,Black (includes Hispanic),15.9
28,Mississippi,28135,Tallahatchie,2011,2015,Hispanic (all races),
28,Mississippi,28135,Tallahatchie,2011,2015,American Indian/Alaskan Native (includes Hispanic),
28,Mississippi,28135,Tallahatchie,2011,2015,White (includes Hispanic),12.5
28,Mississippi,28135,Tallahatchie,2012,2016,Asian/Pacific Islander (includes Hispanic),
28,Mississippi,28135,Tallahatchie,2012,2016,Black (includes Hispanic),13.4
28,Mississippi,28135,Tallahatchie,2012,2016,Hispanic (all races),
28,Mississippi,28135,Tallahatchie,2012,2016,American Indian/Alaskan Native (includes Hispanic),
28,Mississippi,28135,Tallahatchie,2012,2016,White (includes Hispanic),
28,Mississippi,28135,Tallahatchie,2013,2017,Asian/Pacific Islander (includes Hispanic),
28,Mississippi,28135,Tallahatchie,2013,2017,Black (includes Hispanic),13.5
28,Mississippi,28135,Tallahatchie,2013,2017,Hispanic (all races),
28,Mississippi,28135,Tallahatchie,2013,2017,American Indian/Alaskan Native (includes Hispanic),
28,Mississippi,28135,Tallahatchie,2013,2017,White (includes Hispanic),
28,Mississippi,28135,Tallahatchie,2014,2018,Asian/Pacific Islander (includes Hispanic),
28,Mississippi,28135,Tallahatchie,2014,2018,Black (includes Hispanic),11.3
28,Mississippi,28135,Tallahatchie,2014,2018,Hispanic (all races),
28,Mississippi,28135,Tallahatchie,2014,2018,American Indian/Alaskan Native (includes Hispanic),
28,Mississippi,28135,Tallahatchie,2014,2018,White (includes Hispanic),
28,Mississippi,28135,Tallahatchie,2015,2019,Asian/Pacific Islander (includes Hispanic),
28,Mississippi,28135,Tallahatchie,2015,2019,Black (includes Hispanic),9.6
28,Mississippi,28135,Tallahatchie,2015,2019,Hispanic (all races),
28,Mississippi,28135,Tallahatchie,2015,2019,American Indian/Alaskan Native (includes Hispanic),
28,Mississippi,28135,Tallahatchie,2015,2019,White (includes Hispanic),
28,Mississippi,28135,Tallahatchie,2016,2020,Asian/Pacific Islander (includes Hispanic),
28,Mississippi,28135,Tallahatchie,2016,2020,Black (includes Hispanic),8.8
28,Mississippi,28135,Tallahatchie,2016,2020,Hispanic (all races),
28,Mississippi,28135,Tallahatchie,2016,2020,American Indian/Alaskan Native (includes Hispanic),
28,Mississippi,28135,Tallahatchie,2016,2020,White (includes Hispanic),
28,Mississippi,28137,Tate,2011,2015,Asian/Pacific Islander (includes Hispanic),
28,Mississippi,28137,Tate,2011,2015,Black (includes Hispanic),11.4
28,Mississippi,28137,Tate,2011,2015,Hispanic (all races),
28,Mississippi,28137,Tate,2011,2015,American Indian/Alaskan Native (includes Hispanic),
28,Mississippi,28137,Tate,2011,2015,White (includes Hispanic),9.2
28,Mississippi,28137,Tate,2012,2016,Asian/Pacific Islander (includes Hispanic),
28,Mississippi,28137,Tate,2012,2016,Black (includes Hispanic),12.0
28,Mississippi,28137,Tate,2012,2016,Hispanic (all races),
28,Mississippi,28137,Tate,2012,2016,American Indian/Alaskan Native (includes Hispanic),
28,Mississippi,28137,Tate,2012,2016,White (includes Hispanic),9.4
28,Mississippi,28137,Tate,2013,2017,Asian/Pacific Islander (includes Hispanic),
28,Mississippi,28137,Tate,2013,2017,Black (includes Hispanic),12.7
28,Mississippi,28137,Tate,2013,2017,Hispanic (all races),
28,Mississippi,28137,Tate,2013,2017,American Indian/Alaskan Native (includes Hispanic),
28,Mississippi,28137,Tate,2013,2017,White (includes Hispanic),9.4
28,Mississippi,28137,Tate,2014,2018,Asian/Pacific Islander (includes Hispanic),
28,Mississippi,28137,Tate,2014,2018,Black (includes Hispanic),11.0
28,Mississippi,28137,Tate,2014,2018,Hispanic (all races),
28,Mississippi,28137,Tate,2014,2018,American Indian/Alaskan Native (includes Hispanic),
28,Mississippi,28137,Tate,2014,2018,White (includes Hispanic),10.1
28,Mississippi,28137,Tate,2015,2019,Asian/Pacific Islander (includes Hispanic),
28,Mississippi,28137,Tate,2015,2019,Black (includes Hispanic),10.5
28,Mississippi,28137,Tate,2015,2019,Hispanic (all races),
28,Mississippi,28137,Tate,2015,2019,American Indian/Alaskan Native (includes Hispanic),
28,Mississippi,28137,Tate,2015,2019,White (includes Hispanic),9.6
28,Mississippi,28137,Tate,2016,2020,Asian/Pacific Islander (includes Hispanic),
28,Mississippi,28137,Tate,2016,2020,Black (includes Hispanic),8.1
28,Mississippi,28137,Tate,2016,2020,Hispanic (all races),
28,Mississippi,28137,Tate,2016,2020,American Indian/Alaskan Native (includes Hispanic),
28,Mississippi,28137,Tate,2016,2020,White (includes Hispanic),10.2
28,Mississippi,28139,Tippah,2011,2015,Asian/Pacific Islander (includes Hispanic),
28,Mississippi,28139,Tippah,2011,2015,Black (includes Hispanic),
28,Mississippi,28139,Tippah,2011,2015,Hispanic (all races),
28,Mississippi,28139,Tippah,2011,2015,American Indian/Alaskan Native (includes Hispanic),
28,Mississippi,28139,Tippah,2011,2015,White (includes Hispanic),13.7
28,Mississippi,28139,Tippah,2012,2016,Asian/Pacific Islander (includes Hispanic),
28,Mississippi,28139,Tippah,2012,2016,Black (includes Hispanic),
28,Mississippi,28139,Tippah,2012,2016,Hispanic (all races),
28,Mississippi,28139,Tippah,2012,2016,American Indian/Alaskan Native (includes Hispanic),
28,Mississippi,28139,Tippah,2012,2016,White (includes Hispanic),11.6
28,Mississippi,28139,Tippah,2013,2017,Asian/Pacific Islander (includes Hispanic),
28,Mississippi,28139,Tippah,2013,2017,Black (includes Hispanic),
28,Mississippi,28139,Tippah,2013,2017,Hispanic (all races),
28,Mississippi,28139,Tippah,2013,2017,American Indian/Alaskan Native (includes Hispanic),
28,Mississippi,28139,Tippah,2013,2017,White (includes Hispanic),10.3
28,Mississippi,28139,Tippah,2014,2018,Asian/Pacific Islander (includes Hispanic),
28,Mississippi,28139,Tippah,2014,2018,Black (includes Hispanic),
28,Mississippi,28139,Tippah,2014,2018,Hispanic (all races),
28,Mississippi,28139,Tippah,2014,2018,American Indian/Alaskan Native (includes Hispanic),
28,Mississippi,28139,Tippah,2014,2018,White (includes Hispanic),9.9
28,Mississippi,28139,Tippah,2015,2019,Asian/Pacific Islander (includes Hispanic),
28,Mississippi,28139,Tippah,2015,2019,Black (includes Hispanic),
28,Mississippi,28139,Tippah,2015,2019,Hispanic (all races),
28,Mississippi,28139,Tippah,2015,2019,American Indian/Alaskan Native (includes Hispanic),
28,Mississippi,28139,Tippah,2015,2019,White (includes Hispanic),9.1
28,Mississippi,28139,Tippah,2016,2020,Asian/Pacific Islander (includes Hispanic),
28,Mississippi,28139,Tippah,2016,2020,Black (includes Hispanic),
28,Mississippi,28139,Tippah,2016,2020,Hispanic (all races),
28,Mississippi,28139,Tippah,2016,2020,American Indian/Alaskan Native (includes Hispanic),
28,Mississippi,28139,Tippah,2016,2020,White (includes Hispanic),8.2
28,Mississippi,28141,Tishomingo,2011,2015,Asian/Pacific Islander (includes Hispanic),
28,Mississippi,28141,Tishomingo,2011,2015,Black (includes Hispanic),
28,Mississippi,28141,Tishomingo,2011,2015,Hispanic (all races),
28,Mississippi,28141,Tishomingo,2011,2015,American Indian/Alaskan Native (includes Hispanic),
28,Mississippi,28141,Tishomingo,2011,2015,White (includes Hispanic),10.4
28,Mississippi,28141,Tishomingo,2012,2016,Asian/Pacific Islander (includes Hispanic),
28,Mississippi,28141,Tishomingo,2012,2016,Black (includes Hispanic),
28,Mississippi,28141,Tishomingo,2012,2016,Hispanic (all races),
28,Mississippi,28141,Tishomingo,2012,2016,American Indian/Alaskan Native (includes Hispanic),
28,Mississippi,28141,Tishomingo,2012,2016,White (includes Hispanic),9.9
28,Mississippi,28141,Tishomingo,2013,2017,Asian/Pacific Islander (includes Hispanic),
28,Mississippi,28141,Tishomingo,2013,2017,Black (includes Hispanic),
28,Mississippi,28141,Tishomingo,2013,2017,Hispanic (all races),
28,Mississippi,28141,Tishomingo,2013,2017,American Indian/Alaskan Native (includes Hispanic),
28,Mississippi,28141,Tishomingo,2013,2017,White (includes Hispanic),9.9
28,Mississippi,28141,Tishomingo,2014,2018,Asian/Pacific Islander (includes Hispanic),
28,Mississippi,28141,Tishomingo,2014,2018,Black (includes Hispanic),
28,Mississippi,28141,Tishomingo,2014,2018,Hispanic (all races),
28,Mississippi,28141,Tishomingo,2014,2018,American Indian/Alaskan Native (includes Hispanic),
28,Mississippi,28141,Tishomingo,2014,2018,White (includes Hispanic),8.7
28,Mississippi,28141,Tishomingo,2015,2019,Asian/Pacific Islander (includes Hispanic),
28,Mississippi,28141,Tishomingo,2015,2019,Black (includes Hispanic),
28,Mississippi,28141,Tishomingo,2015,2019,Hispanic (all races),
28,Mississippi,28141,Tishomingo,2015,2019,American Indian/Alaskan Native (includes Hispanic),
28,Mississippi,28141,Tishomingo,2015,2019,White (includes Hispanic),8.9
28,Mississippi,28141,Tishomingo,2016,2020,Asian/Pacific Islander (includes Hispanic),
28,Mississippi,28141,Tishomingo,2016,2020,Black (includes Hispanic),
28,Mississippi,28141,Tishomingo,2016,2020,Hispanic (all races),
28,Mississippi,28141,Tishomingo,2016,2020,American Indian/Alaskan Native (includes Hispanic),
28,Mississippi,28141,Tishomingo,2016,2020,White (includes Hispanic),8.2
28,Mississippi,28143,Tunica,2011,2015,Asian/Pacific Islander (includes Hispanic),
28,Mississippi,28143,Tunica,2011,2015,Black (includes Hispanic),13.9
28,Mississippi,28143,Tunica,2011,2015,Hispanic (all races),
28,Mississippi,28143,Tunica,2011,2015,American Indian/Alaskan Native (includes Hispanic),
28,Mississippi,28143,Tunica,2011,2015,White (includes Hispanic),10.7
28,Mississippi,28143,Tunica,2012,2016,Asian/Pacific Islander (includes Hispanic),
28,Mississippi,28143,Tunica,2012,2016,Black (includes Hispanic),13.0
28,Mississippi,28143,Tunica,2012,2016,Hispanic (all races),
28,Mississippi,28143,Tunica,2012,2016,American Indian/Alaskan Native (includes Hispanic),
28,Mississippi,28143,Tunica,2012,2016,White (includes Hispanic),10.9
28,Mississippi,28143,Tunica,2013,2017,Asian/Pacific Islander (includes Hispanic),
28,Mississippi,28143,Tunica,2013,2017,Black (includes Hispanic),12.7
28,Mississippi,28143,Tunica,2013,2017,Hispanic (all races),
28,Mississippi,28143,Tunica,2013,2017,American Indian/Alaskan Native (includes Hispanic),
28,Mississippi,28143,Tunica,2013,2017,White (includes Hispanic),9.9
28,Mississippi,28143,Tunica,2014,2018,Asian/Pacific Islander (includes Hispanic),
28,Mississippi,28143,Tunica,2014,2018,Black (includes Hispanic),9.6
28,Mississippi,28143,Tunica,2014,2018,Hispanic (all races),
28,Mississippi,28143,Tunica,2014,2018,American Indian/Alaskan Native (includes Hispanic),
28,Mississippi,28143,Tunica,2014,2018,White (includes Hispanic),11.0
28,Mississippi,28143,Tunica,2015,2019,Asian/Pacific Islander (includes Hispanic),
28,Mississippi,28143,Tunica,2015,2019,Black (includes Hispanic),8.7
28,Mississippi,28143,Tunica,2015,2019,Hispanic (all races),
28,Mississippi,28143,Tunica,2015,2019,American Indian/Alaskan Native (includes Hispanic),
28,Mississippi,28143,Tunica,2015,2019,White (includes Hispanic),10.3
28,Mississippi,28143,Tunica,2016,2020,Asian/Pacific Islander (includes Hispanic),
28,Mississippi,28143,Tunica,2016,2020,Black (includes Hispanic),8.6
28,Mississippi,28143,Tunica,2016,2020,Hispanic (all races),
28,Mississippi,28143,Tunica,2016,2020,American Indian/Alaskan Native (includes Hispanic),
28,Mississippi,28143,Tunica,2016,2020,White (includes Hispanic),10.2
28,Mississippi,28145,Union,2011,2015,Asian/Pacific Islander (includes Hispanic),
28,Mississippi,28145,Union,2011,2015,Black (includes Hispanic),12.8
28,Mississippi,28145,Union,2011,2015,Hispanic (all races),
28,Mississippi,28145,Union,2011,2015,American Indian/Alaskan Native (includes Hispanic),
28,Mississippi,28145,Union,2011,2015,White (includes Hispanic),9.1
28,Mississippi,28145,Union,2012,2016,Asian/Pacific Islander (includes Hispanic),
28,Mississippi,28145,Union,2012,2016,Black (includes Hispanic),11.7
28,Mississippi,28145,Union,2012,2016,Hispanic (all races),
28,Mississippi,28145,Union,2012,2016,American Indian/Alaskan Native (includes Hispanic),
28,Mississippi,28145,Union,2012,2016,White (includes Hispanic),7.5
28,Mississippi,28145,Union,2013,2017,Asian/Pacific Islander (includes Hispanic),
28,Mississippi,28145,Union,2013,2017,Black (includes Hispanic),11.5
28,Mississippi,28145,Union,2013,2017,Hispanic (all races),
28,Mississippi,28145,Union,2013,2017,American Indian/Alaskan Native (includes Hispanic),
28,Mississippi,28145,Union,2013,2017,White (includes Hispanic),7.8
28,Mississippi,28145,Union,2014,2018,Asian/Pacific Islander (includes Hispanic),
28,Mississippi,28145,Union,2014,2018,Black (includes Hispanic),11.6
28,Mississippi,28145,Union,2014,2018,Hispanic (all races),
28,Mississippi,28145,Union,2014,2018,American Indian/Alaskan Native (includes Hispanic),
28,Mississippi,28145,Union,2014,2018,White (includes Hispanic),8.9
28,Mississippi,28145,Union,2015,2019,Asian/Pacific Islander (includes Hispanic),
28,Mississippi,28145,Union,2015,2019,Black (includes Hispanic),10.8
28,Mississippi,28145,Union,2015,2019,Hispanic (all races),
28,Mississippi,28145,Union,2015,2019,American Indian/Alaskan Native (includes Hispanic),
28,Mississippi,28145,Union,2015,2019,White (includes Hispanic),8.8
28,Mississippi,28145,Union,2016,2020,Asian/Pacific Islander (includes Hispanic),
28,Mississippi,28145,Union,2016,2020,Black (includes Hispanic),
28,Mississippi,28145,Union,2016,2020,Hispanic (all races),
28,Mississippi,28145,Union,2016,2020,American Indian/Alaskan Native (includes Hispanic),
28,Mississippi,28145,Union,2016,2020,White (includes Hispanic),9.5
28,Mississippi,28147,Walthall,2011,2015,Asian/Pacific Islander (includes Hispanic),
28,Mississippi,28147,Walthall,2011,2015,Black (includes Hispanic),13.5
28,Mississippi,28147,Walthall,2011,2015,Hispanic (all races),
28,Mississippi,28147,Walthall,2011,2015,American Indian/Alaskan Native (includes Hispanic),
28,Mississippi,28147,Walthall,2011,2015,White (includes Hispanic),7.2
28,Mississippi,28147,Walthall,2012,2016,Asian/Pacific Islander (includes Hispanic),
28,Mississippi,28147,Walthall,2012,2016,Black (includes Hispanic),14.7
28,Mississippi,28147,Walthall,2012,2016,Hispanic (all races),
28,Mississippi,28147,Walthall,2012,2016,American Indian/Alaskan Native (includes Hispanic),
28,Mississippi,28147,Walthall,2012,2016,White (includes Hispanic),7.3
28,Mississippi,28147,Walthall,2013,2017,Asian/Pacific Islander (includes Hispanic),
28,Mississippi,28147,Walthall,2013,2017,Black (includes Hispanic),14.4
28,Mississippi,28147,Walthall,2013,2017,Hispanic (all races),
28,Mississippi,28147,Walthall,2013,2017,American Indian/Alaskan Native (includes Hispanic),
28,Mississippi,28147,Walthall,2013,2017,White (includes Hispanic),7.2
28,Mississippi,28147,Walthall,2014,2018,Asian/Pacific Islander (includes Hispanic),
28,Mississippi,28147,Walthall,2014,2018,Black (includes Hispanic),15.0
28,Mississippi,28147,Walthall,2014,2018,Hispanic (all races),
28,Mississippi,28147,Walthall,2014,2018,American Indian/Alaskan Native (includes Hispanic),
28,Mississippi,28147,Walthall,2014,2018,White (includes Hispanic),8.0
28,Mississippi,28147,Walthall,2015,2019,Asian/Pacific Islander (includes Hispanic),
28,Mississippi,28147,Walthall,2015,2019,Black (includes Hispanic),13.4
28,Mississippi,28147,Walthall,2015,2019,Hispanic (all races),
28,Mississippi,28147,Walthall,2015,2019,American Indian/Alaskan Native (includes Hispanic),
28,Mississippi,28147,Walthall,2015,2019,White (includes Hispanic),8.0
28,Mississippi,28147,Walthall,2016,2020,Asian/Pacific Islander (includes Hispanic),
28,Mississippi,28147,Walthall,2016,2020,Black (includes Hispanic),13.0
28,Mississippi,28147,Walthall,2016,2020,Hispanic (all races),
28,Mississippi,28147,Walthall,2016,2020,American Indian/Alaskan Native (includes Hispanic),
28,Mississippi,28147,Walthall,2016,2020,White (includes Hispanic),7.3
28,Mississippi,28149,Warren,2011,2015,Asian/Pacific Islander (includes Hispanic),
28,Mississippi,28149,Warren,2011,2015,Black (includes Hispanic),10.4
28,Mississippi,28149,Warren,2011,2015,Hispanic (all races),
28,Mississippi,28149,Warren,2011,2015,American Indian/Alaskan Native (includes Hispanic),
28,Mississippi,28149,Warren,2011,2015,White (includes Hispanic),8.9
28,Mississippi,28149,Warren,2012,2016,Asian/Pacific Islander (includes Hispanic),
28,Mississippi,28149,Warren,2012,2016,Black (includes Hispanic),9.4
28,Mississippi,28149,Warren,2012,2016,Hispanic (all races),
28,Mississippi,28149,Warren,2012,2016,American Indian/Alaskan Native (includes Hispanic),
28,Mississippi,28149,Warren,2012,2016,White (includes Hispanic),10.4
28,Mississippi,28149,Warren,2013,2017,Asian/Pacific Islander (includes Hispanic),
28,Mississippi,28149,Warren,2013,2017,Black (includes Hispanic),9.1
28,Mississippi,28149,Warren,2013,2017,Hispanic (all races),
28,Mississippi,28149,Warren,2013,2017,American Indian/Alaskan Native (includes Hispanic),
28,Mississippi,28149,Warren,2013,2017,White (includes Hispanic),9.8
28,Mississippi,28149,Warren,2014,2018,Asian/Pacific Islander (includes Hispanic),
28,Mississippi,28149,Warren,2014,2018,Black (includes Hispanic),9.8
28,Mississippi,28149,Warren,2014,2018,Hispanic (all races),
28,Mississippi,28149,Warren,2014,2018,American Indian/Alaskan Native (includes Hispanic),
28,Mississippi,28149,Warren,2014,2018,White (includes Hispanic),11.4
28,Mississippi,28149,Warren,2015,2019,Asian/Pacific Islander (includes Hispanic),
28,Mississippi,28149,Warren,2015,2019,Black (includes Hispanic),10.2
28,Mississippi,28149,Warren,2015,2019,Hispanic (all races),
28,Mississippi,28149,Warren,2015,2019,American Indian/Alaskan Native (includes Hispanic),
28,Mississippi,28149,Warren,2015,2019,White (includes Hispanic),11.3
28,Mississippi,28149,Warren,2016,2020,Asian/Pacific Islander (includes Hispanic),
28,Mississippi,28149,Warren,2016,2020,Black (includes Hispanic),10.7
28,Mississippi,28149,Warren,2016,2020,Hispanic (all races),
28,Mississippi,28149,Warren,2016,2020,American Indian/Alaskan Native (includes Hispanic),
28,Mississippi,28149,Warren,2016,2020,White (includes Hispanic),9.9
28,Mississippi,28151,Washington,2011,2015,Asian/Pacific Islander (includes Hispanic),
28,Mississippi,28151,Washington,2011,2015,Black (includes Hispanic),15.0
28,Mississippi,28151,Washington,2011,2015,Hispanic (all races),
28,Mississippi,28151,Washington,2011,2015,American Indian/Alaskan Native (includes Hispanic),
28,Mississippi,28151,Washington,2011,2015,White (includes Hispanic),
28,Mississippi,28151,Washington,2012,2016,Asian/Pacific Islander (includes Hispanic),
28,Mississippi,28151,Washington,2012,2016,Black (includes Hispanic),14.6
28,Mississippi,28151,Washington,2012,2016,Hispanic (all races),
28,Mississippi,28151,Washington,2012,2016,American Indian/Alaskan Native (includes Hispanic),
28,Mississippi,28151,Washington,2012,2016,White (includes Hispanic),
28,Mississippi,28151,Washington,2013,2017,Asian/Pacific Islander (includes Hispanic),
28,Mississippi,28151,Washington,2013,2017,Black (includes Hispanic),11.9
28,Mississippi,28151,Washington,2013,2017,Hispanic (all races),
28,Mississippi,28151,Washington,2013,2017,American Indian/Alaskan Native (includes Hispanic),
28,Mississippi,28151,Washington,2013,2017,White (includes Hispanic),
28,Mississippi,28151,Washington,2014,2018,Asian/Pacific Islander (includes Hispanic),
28,Mississippi,28151,Washington,2014,2018,Black (includes Hispanic),8.8
28,Mississippi,28151,Washington,2014,2018,Hispanic (all races),
28,Mississippi,28151,Washington,2014,2018,American Indian/Alaskan Native (includes Hispanic),
28,Mississippi,28151,Washington,2014,2018,White (includes Hispanic),
28,Mississippi,28151,Washington,2015,2019,Asian/Pacific Islander (includes Hispanic),
28,Mississippi,28151,Washington,2015,2019,Black (includes Hispanic),9.5
28,Mississippi,28151,Washington,2015,2019,Hispanic (all races),
28,Mississippi,28151,Washington,2015,2019,American Indian/Alaskan Native (includes Hispanic),
28,Mississippi,28151,Washington,2015,2019,White (includes Hispanic),
28,Mississippi,28151,Washington,2016,2020,Asian/Pacific Islander (includes Hispanic),
28,Mississippi,28151,Washington,2016,2020,Black (includes Hispanic),8.8
28,Mississippi,28151,Washington,2016,2020,Hispanic (all races),
28,Mississippi,28151,Washington,2016,2020,American Indian/Alaskan Native (includes Hispanic),
28,Mississippi,28151,Washington,2016,2020,White (includes Hispanic),
28,Mississippi,28153,Wayne,2011,2015,Asian/Pacific Islander (includes Hispanic),
28,Mississippi,28153,Wayne,2011,2015,Black (includes Hispanic),
28,Mississippi,28153,Wayne,2011,2015,Hispanic (all races),
28,Mississippi,28153,Wayne,2011,2015,American Indian/Alaskan Native (includes Hispanic),
28,Mississippi,28153,Wayne,2011,2015,White (includes Hispanic),7.8
28,Mississippi,28153,Wayne,2012,2016,Asian/Pacific Islander (includes Hispanic),
28,Mississippi,28153,Wayne,2012,2016,Black (includes Hispanic),
28,Mississippi,28153,Wayne,2012,2016,Hispanic (all races),
28,Mississippi,28153,Wayne,2012,2016,American Indian/Alaskan Native (includes Hispanic),
28,Mississippi,28153,Wayne,2012,2016,White (includes Hispanic),8.1
28,Mississippi,28153,Wayne,2013,2017,Asian/Pacific Islander (includes Hispanic),
28,Mississippi,28153,Wayne,2013,2017,Black (includes Hispanic),12.8
28,Mississippi,28153,Wayne,2013,2017,Hispanic (all races),
28,Mississippi,28153,Wayne,2013,2017,American Indian/Alaskan Native (includes Hispanic),
28,Mississippi,28153,Wayne,2013,2017,White (includes Hispanic),9.3
28,Mississippi,28153,Wayne,2014,2018,Asian/Pacific Islander (includes Hispanic),
28,Mississippi,28153,Wayne,2014,2018,Black (includes Hispanic),13.8
28,Mississippi,28153,Wayne,2014,2018,Hispanic (all races),
28,Mississippi,28153,Wayne,2014,2018,American Indian/Alaskan Native (includes Hispanic),
28,Mississippi,28153,Wayne,2014,2018,White (includes Hispanic),11.5
28,Mississippi,28153,Wayne,2015,2019,Asian/Pacific Islander (includes Hispanic),
28,Mississippi,28153,Wayne,2015,2019,Black (includes Hispanic),12.8
28,Mississippi,28153,Wayne,2015,2019,Hispanic (all races),
28,Mississippi,28153,Wayne,2015,2019,American Indian/Alaskan Native (includes Hispanic),
28,Mississippi,28153,Wayne,2015,2019,White (includes Hispanic),12.1
28,Mississippi,28153,Wayne,2016,2020,Asian/Pacific Islander (includes Hispanic),
28,Mississippi,28153,Wayne,2016,2020,Black (includes Hispanic),13.9
28,Mississippi,28153,Wayne,2016,2020,Hispanic (all races),
28,Mississippi,28153,Wayne,2016,2020,American Indian/Alaskan Native (includes Hispanic),
28,Mississippi,28153,Wayne,2016,2020,White (includes Hispanic),12.5
28,Mississippi,28155,Webster,2011,2015,Asian/Pacific Islander (includes Hispanic),
28,Mississippi,28155,Webster,2011,2015,Black (includes Hispanic),
28,Mississippi,28155,Webster,2011,2015,Hispanic (all races),
28,Mississippi,28155,Webster,2011,2015,American Indian/Alaskan Native (includes Hispanic),
28,Mississippi,28155,Webster,2011,2015,White (includes Hispanic),10.9
28,Mississippi,28155,Webster,2012,2016,Asian/Pacific Islander (includes Hispanic),
28,Mississippi,28155,Webster,2012,2016,Black (includes Hispanic),10.9
28,Mississippi,28155,Webster,2012,2016,Hispanic (all races),
28,Mississippi,28155,Webster,2012,2016,American Indian/Alaskan Native (includes Hispanic),
28,Mississippi,28155,Webster,2012,2016,White (includes Hispanic),9.8
28,Mississippi,28155,Webster,2013,2017,Asian/Pacific Islander (includes Hispanic),
28,Mississippi,28155,Webster,2013,2017,Black (includes Hispanic),
28,Mississippi,28155,Webster,2013,2017,Hispanic (all races),
28,Mississippi,28155,Webster,2013,2017,American Indian/Alaskan Native (includes Hispanic),
28,Mississippi,28155,Webster,2013,2017,White (includes Hispanic),
28,Mississippi,28155,Webster,2014,2018,Asian/Pacific Islander (includes Hispanic),
28,Mississippi,28155,Webster,2014,2018,Black (includes Hispanic),
28,Mississippi,28155,Webster,2014,2018,Hispanic (all races),
28,Mississippi,28155,Webster,2014,2018,American Indian/Alaskan Native (includes Hispanic),
28,Mississippi,28155,Webster,2014,2018,White (includes Hispanic),
28,Mississippi,28155,Webster,2015,2019,Asian/Pacific Islander (includes Hispanic),
28,Mississippi,28155,Webster,2015,2019,Black (includes Hispanic),
28,Mississippi,28155,Webster,2015,2019,Hispanic (all races),
28,Mississippi,28155,Webster,2015,2019,American Indian/Alaskan Native (includes Hispanic),
28,Mississippi,28155,Webster,2015,2019,White (includes Hispanic),
28,Mississippi,28155,Webster,2016,2020,Asian/Pacific Islander (includes Hispanic),
28,Mississippi,28155,Webster,2016,2020,Black (includes Hispanic),
28,Mississippi,28155,Webster,2016,2020,Hispanic (all races),
28,Mississippi,28155,Webster,2016,2020,American Indian/Alaskan Native (includes Hispanic),
28,Mississippi,28155,Webster,2016,2020,White (includes Hispanic),
28,Mississippi,28157,Wilkinson,2011,2015,Asian/Pacific Islander (includes Hispanic),
28,Mississippi,28157,Wilkinson,2011,2015,Black (includes Hispanic),
28,Mississippi,28157,Wilkinson,2011,2015,Hispanic (all races),
28,Mississippi,28157,Wilkinson,2011,2015,American Indian/Alaskan Native (includes Hispanic),
28,Mississippi,28157,Wilkinson,2011,2015,White (includes Hispanic),9.3
28,Mississippi,28157,Wilkinson,2012,2016,Asian/Pacific Islander (includes Hispanic),
28,Mississippi,28157,Wilkinson,2012,2016,Black (includes Hispanic),
28,Mississippi,28157,Wilkinson,2012,2016,Hispanic (all races),
28,Mississippi,28157,Wilkinson,2012,2016,American Indian/Alaskan Native (includes Hispanic),
28,Mississippi,28157,Wilkinson,2012,2016,White (includes Hispanic),9.5
28,Mississippi,28157,Wilkinson,2013,2017,Asian/Pacific Islander (includes Hispanic),
28,Mississippi,28157,Wilkinson,2013,2017,Black (includes Hispanic),
28,Mississippi,28157,Wilkinson,2013,2017,Hispanic (all races),
28,Mississippi,28157,Wilkinson,2013,2017,American Indian/Alaskan Native (includes Hispanic),
28,Mississippi,28157,Wilkinson,2013,2017,White (includes Hispanic),
28,Mississippi,28157,Wilkinson,2014,2018,Asian/Pacific Islander (includes Hispanic),
28,Mississippi,28157,Wilkinson,2014,2018,Black (includes Hispanic),
28,Mississippi,28157,Wilkinson,2014,2018,Hispanic (all races),
28,Mississippi,28157,Wilkinson,2014,2018,American Indian/Alaskan Native (includes Hispanic),
28,Mississippi,28157,Wilkinson,2014,2018,White (includes Hispanic),
28,Mississippi,28157,Wilkinson,2015,2019,Asian/Pacific Islander (includes Hispanic),
28,Mississippi,28157,Wilkinson,2015,2019,Black (includes Hispanic),12.6
28,Mississippi,28157,Wilkinson,2015,2019,Hispanic (all races),
28,Mississippi,28157,Wilkinson,2015,2019,American Indian/Alaskan Native (includes Hispanic),
28,Mississippi,28157,Wilkinson,2015,2019,White (includes Hispanic),
28,Mississippi,28157,Wilkinson,2016,2020,Asian/Pacific Islander (includes Hispanic),
28,Mississippi,28157,Wilkinson,2016,2020,Black (includes Hispanic),13.0
28,Mississippi,28157,Wilkinson,2016,2020,Hispanic (all races),
28,Mississippi,28157,Wilkinson,2016,2020,American Indian/Alaskan Native (includes Hispanic),
28,Mississippi,28157,Wilkinson,2016,2020,White (includes Hispanic),
28,Mississippi,28159,Winston,2011,2015,Asian/Pacific Islander (includes Hispanic),
28,Mississippi,28159,Winston,2011,2015,Black (includes Hispanic),11.6
28,Mississippi,28159,Winston,2011,2015,Hispanic (all races),
28,Mississippi,28159,Winston,2011,2015,American Indian/Alaskan Native (includes Hispanic),
28,Mississippi,28159,Winston,2011,2015,White (includes Hispanic),
28,Mississippi,28159,Winston,2012,2016,Asian/Pacific Islander (includes Hispanic),
28,Mississippi,28159,Winston,2012,2016,Black (includes Hispanic),11.9
28,Mississippi,28159,Winston,2012,2016,Hispanic (all races),
28,Mississippi,28159,Winston,2012,2016,American Indian/Alaskan Native (includes Hispanic),
28,Mississippi,28159,Winston,2012,2016,White (includes Hispanic),10.7
28,Mississippi,28159,Winston,2013,2017,Asian/Pacific Islander (includes Hispanic),
28,Mississippi,28159,Winston,2013,2017,Black (includes Hispanic),12.2
28,Mississippi,28159,Winston,2013,2017,Hispanic (all races),
28,Mississippi,28159,Winston,2013,2017,American Indian/Alaskan Native (includes Hispanic),
28,Mississippi,28159,Winston,2013,2017,White (includes Hispanic),9.3
28,Mississippi,28159,Winston,2014,2018,Asian/Pacific Islander (includes Hispanic),
28,Mississippi,28159,Winston,2014,2018,Black (includes Hispanic),9.6
28,Mississippi,28159,Winston,2014,2018,Hispanic (all races),
28,Mississippi,28159,Winston,2014,2018,American Indian/Alaskan Native (includes Hispanic),
28,Mississippi,28159,Winston,2014,2018,White (includes Hispanic),10.1
28,Mississippi,28159,Winston,2015,2019,Asian/Pacific Islander (includes Hispanic),
28,Mississippi,28159,Winston,2015,2019,Black (includes Hispanic),
28,Mississippi,28159,Winston,2015,2019,Hispanic (all races),
28,Mississippi,28159,Winston,2015,2019,American Indian/Alaskan Native (includes Hispanic),
28,Mississippi,28159,Winston,2015,2019,White (includes Hispanic),
28,Mississippi,28159,Winston,2016,2020,Asian/Pacific Islander (includes Hispanic),
28,Mississippi,28159,Winston,2016,2020,Black (includes Hispanic),
28,Mississippi,28159,Winston,2016,2020,Hispanic (all races),
28,Mississippi,28159,Winston,2016,2020,American Indian/Alaskan Native (includes Hispanic),
28,Mississippi,28159,Winston,2016,2020,White (includes Hispanic),
28,Mississippi,28161,Yalobusha,2011,2015,Asian/Pacific Islander (includes Hispanic),
28,Mississippi,28161,Yalobusha,2011,2015,Black (includes Hispanic),
28,Mississippi,28161,Yalobusha,2011,2015,Hispanic (all races),
28,Mississippi,28161,Yalobusha,2011,2015,American Indian/Alaskan Native (includes Hispanic),
28,Mississippi,28161,Yalobusha,2011,2015,White (includes Hispanic),10.3
28,Mississippi,28161,Yalobusha,2012,2016,Asian/Pacific Islander (includes Hispanic),
28,Mississippi,28161,Yalobusha,2012,2016,Black (includes Hispanic),
28,Mississippi,28161,Yalobusha,2012,2016,Hispanic (all races),
28,Mississippi,28161,Yalobusha,2012,2016,American Indian/Alaskan Native (includes Hispanic),
28,Mississippi,28161,Yalobusha,2012,2016,White (includes Hispanic),9.6
28,Mississippi,28161,Yalobusha,2013,2017,Asian/Pacific Islander (includes Hispanic),
28,Mississippi,28161,Yalobusha,2013,2017,Black (includes Hispanic),13.5
28,Mississippi,28161,Yalobusha,2013,2017,Hispanic (all races),
28,Mississippi,28161,Yalobusha,2013,2017,American Indian/Alaskan Native (includes Hispanic),
28,Mississippi,28161,Yalobusha,2013,2017,White (includes Hispanic),9.2
28,Mississippi,28161,Yalobusha,2014,2018,Asian/Pacific Islander (includes Hispanic),
28,Mississippi,28161,Yalobusha,2014,2018,Black (includes Hispanic),11.9
28,Mississippi,28161,Yalobusha,2014,2018,Hispanic (all races),
28,Mississippi,28161,Yalobusha,2014,2018,American Indian/Alaskan Native (includes Hispanic),
28,Mississippi,28161,Yalobusha,2014,2018,White (includes Hispanic),
28,Mississippi,28161,Yalobusha,2015,2019,Asian/Pacific Islander (includes Hispanic),
28,Mississippi,28161,Yalobusha,2015,2019,Black (includes Hispanic),11.2
28,Mississippi,28161,Yalobusha,2015,2019,Hispanic (all races),
28,Mississippi,28161,Yalobusha,2015,2019,American Indian/Alaskan Native (includes Hispanic),
28,Mississippi,28161,Yalobusha,2015,2019,White (includes Hispanic),
28,Mississippi,28161,Yalobusha,2016,2020,Asian/Pacific Islander (includes Hispanic),
28,Mississippi,28161,Yalobusha,2016,2020,Black (includes Hispanic),
28,Mississippi,28161,Yalobusha,2016,2020,Hispanic (all races),
28,Mississippi,28161,Yalobusha,2016,2020,American Indian/Alaskan Native (includes Hispanic),
28,Mississippi,28161,Yalobusha,2016,2020,White (includes Hispanic),9.2
28,Mississippi,28163,Yazoo,2011,2015,Asian/Pacific Islander (includes Hispanic),
28,Mississippi,28163,Yazoo,2011,2015,Black (includes Hispanic),11.6
28,Mississippi,28163,Yazoo,2011,2015,Hispanic (all races),
28,Mississippi,28163,Yazoo,2011,2015,American Indian/Alaskan Native (includes Hispanic),
28,Mississippi,28163,Yazoo,2011,2015,White (includes Hispanic),7.5
28,Mississippi,28163,Yazoo,2012,2016,Asian/Pacific Islander (includes Hispanic),
28,Mississippi,28163,Yazoo,2012,2016,Black (includes Hispanic),10.3
28,Mississippi,28163,Yazoo,2012,2016,Hispanic (all races),
28,Mississippi,28163,Yazoo,2012,2016,American Indian/Alaskan Native (includes Hispanic),
28,Mississippi,28163,Yazoo,2012,2016,White (includes Hispanic),8.9
28,Mississippi,28163,Yazoo,2013,2017,Asian/Pacific Islander (includes Hispanic),
28,Mississippi,28163,Yazoo,2013,2017,Black (includes Hispanic),10.1
28,Mississippi,28163,Yazoo,2013,2017,Hispanic (all races),
28,Mississippi,28163,Yazoo,2013,2017,American Indian/Alaskan Native (includes Hispanic),
28,Mississippi,28163,Yazoo,2013,2017,White (includes Hispanic),8.5
28,Mississippi,28163,Yazoo,2014,2018,Asian/Pacific Islander (includes Hispanic),
28,Mississippi,28163,Yazoo,2014,2018,Black (includes Hispanic),10.4
28,Mississippi,28163,Yazoo,2014,2018,Hispanic (all races),
28,Mississippi,28163,Yazoo,2014,2018,American Indian/Alaskan Native (includes Hispanic),
28,Mississippi,28163,Yazoo,2014,2018,White (includes Hispanic),9.1
28,Mississippi,28163,Yazoo,2015,2019,Asian/Pacific Islander (includes Hispanic),
28,Mississippi,28163,Yazoo,2015,2019,Black (includes Hispanic),10.9
28,Mississippi,28163,Yazoo,2015,2019,Hispanic (all races),
28,Mississippi,28163,Yazoo,2015,2019,American Indian/Alaskan Native (includes Hispanic),
28,Mississippi,28163,Yazoo,2015,2019,White (includes Hispanic),8.8
28,Mississippi,28163,Yazoo,2016,2020,Asian/Pacific Islander (includes Hispanic),
28,Mississippi,28163,Yazoo,2016,2020,Black (includes Hispanic),10.2
28,Mississippi,28163,Yazoo,2016,2020,Hispanic (all races),
28,Mississippi,28163,Yazoo,2016,2020,American Indian/Alaskan Native (includes Hispanic),
28,Mississippi,28163,Yazoo,2016,2020,White (includes Hispanic),8.1
30,Montana,30001,Beaverhead,2011,2015,Asian/Pacific Islander (includes Hispanic),
30,Montana,30001,Beaverhead,2011,2015,Black (includes Hispanic),
30,Montana,30001,Beaverhead,2011,2015,Hispanic (all races),
30,Montana,30001,Beaverhead,2011,2015,American Indian/Alaskan Native (includes Hispanic),
30,Montana,30001,Beaverhead,2011,2015,White (includes Hispanic),8.3
30,Montana,30001,Beaverhead,2012,2016,Asian/Pacific Islander (includes Hispanic),
30,Montana,30001,Beaverhead,2012,2016,Black (includes Hispanic),
30,Montana,30001,Beaverhead,2012,2016,Hispanic (all races),
30,Montana,30001,Beaverhead,2012,2016,American Indian/Alaskan Native (includes Hispanic),
30,Montana,30001,Beaverhead,2012,2016,White (includes Hispanic),8.0
30,Montana,30001,Beaverhead,2013,2017,Asian/Pacific Islander (includes Hispanic),
30,Montana,30001,Beaverhead,2013,2017,Black (includes Hispanic),
30,Montana,30001,Beaverhead,2013,2017,Hispanic (all races),
30,Montana,30001,Beaverhead,2013,2017,American Indian/Alaskan Native (includes Hispanic),
30,Montana,30001,Beaverhead,2013,2017,White (includes Hispanic),6.2
30,Montana,30001,Beaverhead,2014,2018,Asian/Pacific Islander (includes Hispanic),
30,Montana,30001,Beaverhead,2014,2018,Black (includes Hispanic),
30,Montana,30001,Beaverhead,2014,2018,Hispanic (all races),
30,Montana,30001,Beaverhead,2014,2018,American Indian/Alaskan Native (includes Hispanic),
30,Montana,30001,Beaverhead,2014,2018,White (includes Hispanic),6.0
30,Montana,30001,Beaverhead,2015,2019,Asian/Pacific Islander (includes Hispanic),
30,Montana,30001,Beaverhead,2015,2019,Black (includes Hispanic),
30,Montana,30001,Beaverhead,2015,2019,Hispanic (all races),
30,Montana,30001,Beaverhead,2015,2019,American Indian/Alaskan Native (includes Hispanic),
30,Montana,30001,Beaverhead,2015,2019,White (includes Hispanic),
30,Montana,30001,Beaverhead,2016,2020,Asian/Pacific Islander (includes Hispanic),
30,Montana,30001,Beaverhead,2016,2020,Black (includes Hispanic),
30,Montana,30001,Beaverhead,2016,2020,Hispanic (all races),
30,Montana,30001,Beaverhead,2016,2020,American Indian/Alaskan Native (includes Hispanic),
30,Montana,30001,Beaverhead,2016,2020,White (includes Hispanic),6.7
30,Montana,30003,Big Horn,2011,2015,Asian/Pacific Islander (includes Hispanic),
30,Montana,30003,Big Horn,2011,2015,Black (includes Hispanic),
30,Montana,30003,Big Horn,2011,2015,Hispanic (all races),
30,Montana,30003,Big Horn,2011,2015,American Indian/Alaskan Native (includes Hispanic),
30,Montana,30003,Big Horn,2011,2015,White (includes Hispanic),6.8
30,Montana,30003,Big Horn,2012,2016,Asian/Pacific Islander (includes Hispanic),
30,Montana,30003,Big Horn,2012,2016,Black (includes Hispanic),
30,Montana,30003,Big Horn,2012,2016,Hispanic (all races),
30,Montana,30003,Big Horn,2012,2016,American Indian/Alaskan Native (includes Hispanic),
30,Montana,30003,Big Horn,2012,2016,White (includes Hispanic),6.6
30,Montana,30003,Big Horn,2013,2017,Asian/Pacific Islander (includes Hispanic),
30,Montana,30003,Big Horn,2013,2017,Black (includes Hispanic),
30,Montana,30003,Big Horn,2013,2017,Hispanic (all races),
30,Montana,30003,Big Horn,2013,2017,American Indian/Alaskan Native (includes Hispanic),
30,Montana,30003,Big Horn,2013,2017,White (includes Hispanic),7.6
30,Montana,30003,Big Horn,2014,2018,Asian/Pacific Islander (includes Hispanic),
30,Montana,30003,Big Horn,2014,2018,Black (includes Hispanic),
30,Montana,30003,Big Horn,2014,2018,Hispanic (all races),
30,Montana,30003,Big Horn,2014,2018,American Indian/Alaskan Native (includes Hispanic),
30,Montana,30003,Big Horn,2014,2018,White (includes Hispanic),8.1
30,Montana,30003,Big Horn,2015,2019,Asian/Pacific Islander (includes Hispanic),
30,Montana,30003,Big Horn,2015,2019,Black (includes Hispanic),
30,Montana,30003,Big Horn,2015,2019,Hispanic (all races),
30,Montana,30003,Big Horn,2015,2019,American Indian/Alaskan Native (includes Hispanic),
30,Montana,30003,Big Horn,2015,2019,White (includes Hispanic),7.5
30,Montana,30003,Big Horn,2016,2020,Asian/Pacific Islander (includes Hispanic),
30,Montana,30003,Big Horn,2016,2020,Black (includes Hispanic),
30,Montana,30003,Big Horn,2016,2020,Hispanic (all races),
30,Montana,30003,Big Horn,2016,2020,American Indian/Alaskan Native (includes Hispanic),
30,Montana,30003,Big Horn,2016,2020,White (includes Hispanic),7.0
30,Montana,30005,Blaine,2011,2015,Asian/Pacific Islander (includes Hispanic),
30,Montana,30005,Blaine,2011,2015,Black (includes Hispanic),
30,Montana,30005,Blaine,2011,2015,Hispanic (all races),
30,Montana,30005,Blaine,2011,2015,American Indian/Alaskan Native (includes Hispanic),
30,Montana,30005,Blaine,2011,2015,White (includes Hispanic),
30,Montana,30005,Blaine,2012,2016,Asian/Pacific Islander (includes Hispanic),
30,Montana,30005,Blaine,2012,2016,Black (includes Hispanic),
30,Montana,30005,Blaine,2012,2016,Hispanic (all races),
30,Montana,30005,Blaine,2012,2016,American Indian/Alaskan Native (includes Hispanic),
30,Montana,30005,Blaine,2012,2016,White (includes Hispanic),
30,Montana,30005,Blaine,2013,2017,Asian/Pacific Islander (includes Hispanic),
30,Montana,30005,Blaine,2013,2017,Black (includes Hispanic),
30,Montana,30005,Blaine,2013,2017,Hispanic (all races),
30,Montana,30005,Blaine,2013,2017,American Indian/Alaskan Native (includes Hispanic),
30,Montana,30005,Blaine,2013,2017,White (includes Hispanic),
30,Montana,30005,Blaine,2014,2018,Asian/Pacific Islander (includes Hispanic),
30,Montana,30005,Blaine,2014,2018,Black (includes Hispanic),
30,Montana,30005,Blaine,2014,2018,Hispanic (all races),
30,Montana,30005,Blaine,2014,2018,American Indian/Alaskan Native (includes Hispanic),
30,Montana,30005,Blaine,2014,2018,White (includes Hispanic),
30,Montana,30005,Blaine,2015,2019,Asian/Pacific Islander (includes Hispanic),
30,Montana,30005,Blaine,2015,2019,Black (includes Hispanic),
30,Montana,30005,Blaine,2015,2019,Hispanic (all races),
30,Montana,30005,Blaine,2015,2019,American Indian/Alaskan Native (includes Hispanic),
30,Montana,30005,Blaine,2015,2019,White (includes Hispanic),
30,Montana,30005,Blaine,2016,2020,Asian/Pacific Islander (includes Hispanic),
30,Montana,30005,Blaine,2016,2020,Black (includes Hispanic),
30,Montana,30005,Blaine,2016,2020,Hispanic (all races),
30,Montana,30005,Blaine,2016,2020,American Indian/Alaskan Native (includes Hispanic),
30,Montana,30005,Blaine,2016,2020,White (includes Hispanic),
30,Montana,30007,Broadwater,2011,2015,Asian/Pacific Islander (includes Hispanic),
30,Montana,30007,Broadwater,2011,2015,Black (includes Hispanic),
30,Montana,30007,Broadwater,2011,2015,Hispanic (all races),
30,Montana,30007,Broadwater,2011,2015,American Indian/Alaskan Native (includes Hispanic),
30,Montana,30007,Broadwater,2011,2015,White (includes Hispanic),6.6
30,Montana,30007,Broadwater,2012,2016,Asian/Pacific Islander (includes Hispanic),
30,Montana,30007,Broadwater,2012,2016,Black (includes Hispanic),
30,Montana,30007,Broadwater,2012,2016,Hispanic (all races),
30,Montana,30007,Broadwater,2012,2016,American Indian/Alaskan Native (includes Hispanic),
30,Montana,30007,Broadwater,2012,2016,White (includes Hispanic),6.4
30,Montana,30007,Broadwater,2013,2017,Asian/Pacific Islander (includes Hispanic),
30,Montana,30007,Broadwater,2013,2017,Black (includes Hispanic),
30,Montana,30007,Broadwater,2013,2017,Hispanic (all races),
30,Montana,30007,Broadwater,2013,2017,American Indian/Alaskan Native (includes Hispanic),
30,Montana,30007,Broadwater,2013,2017,White (includes Hispanic),6.5
30,Montana,30007,Broadwater,2014,2018,Asian/Pacific Islander (includes Hispanic),
30,Montana,30007,Broadwater,2014,2018,Black (includes Hispanic),
30,Montana,30007,Broadwater,2014,2018,Hispanic (all races),
30,Montana,30007,Broadwater,2014,2018,American Indian/Alaskan Native (includes Hispanic),
30,Montana,30007,Broadwater,2014,2018,White (includes Hispanic),6.5
30,Montana,30007,Broadwater,2015,2019,Asian/Pacific Islander (includes Hispanic),
30,Montana,30007,Broadwater,2015,2019,Black (includes Hispanic),
30,Montana,30007,Broadwater,2015,2019,Hispanic (all races),
30,Montana,30007,Broadwater,2015,2019,American Indian/Alaskan Native (includes Hispanic),
30,Montana,30007,Broadwater,2015,2019,White (includes Hispanic),5.8
30,Montana,30007,Broadwater,2016,2020,Asian/Pacific Islander (includes Hispanic),
30,Montana,30007,Broadwater,2016,2020,Black (includes Hispanic),
30,Montana,30007,Broadwater,2016,2020,Hispanic (all races),
30,Montana,30007,Broadwater,2016,2020,American Indian/Alaskan Native (includes Hispanic),
30,Montana,30007,Broadwater,2016,2020,White (includes Hispanic),5.2
30,Montana,30009,Carbon,2011,2015,Asian/Pacific Islander (includes Hispanic),
30,Montana,30009,Carbon,2011,2015,Black (includes Hispanic),
30,Montana,30009,Carbon,2011,2015,Hispanic (all races),
30,Montana,30009,Carbon,2011,2015,American Indian/Alaskan Native (includes Hispanic),
30,Montana,30009,Carbon,2011,2015,White (includes Hispanic),6.9
30,Montana,30009,Carbon,2012,2016,Asian/Pacific Islander (includes Hispanic),
30,Montana,30009,Carbon,2012,2016,Black (includes Hispanic),
30,Montana,30009,Carbon,2012,2016,Hispanic (all races),
30,Montana,30009,Carbon,2012,2016,American Indian/Alaskan Native (includes Hispanic),
30,Montana,30009,Carbon,2012,2016,White (includes Hispanic),6.6
30,Montana,30009,Carbon,2013,2017,Asian/Pacific Islander (includes Hispanic),
30,Montana,30009,Carbon,2013,2017,Black (includes Hispanic),
30,Montana,30009,Carbon,2013,2017,Hispanic (all races),
30,Montana,30009,Carbon,2013,2017,American Indian/Alaskan Native (includes Hispanic),
30,Montana,30009,Carbon,2013,2017,White (includes Hispanic),7.6
30,Montana,30009,Carbon,2014,2018,Asian/Pacific Islander (includes Hispanic),
30,Montana,30009,Carbon,2014,2018,Black (includes Hispanic),
30,Montana,30009,Carbon,2014,2018,Hispanic (all races),
30,Montana,30009,Carbon,2014,2018,American Indian/Alaskan Native (includes Hispanic),
30,Montana,30009,Carbon,2014,2018,White (includes Hispanic),8.3
30,Montana,30009,Carbon,2015,2019,Asian/Pacific Islander (includes Hispanic),
30,Montana,30009,Carbon,2015,2019,Black (includes Hispanic),
30,Montana,30009,Carbon,2015,2019,Hispanic (all races),
30,Montana,30009,Carbon,2015,2019,American Indian/Alaskan Native (includes Hispanic),
30,Montana,30009,Carbon,2015,2019,White (includes Hispanic),8.0
30,Montana,30009,Carbon,2016,2020,Asian/Pacific Islander (includes Hispanic),
30,Montana,30009,Carbon,2016,2020,Black (includes Hispanic),
30,Montana,30009,Carbon,2016,2020,Hispanic (all races),
30,Montana,30009,Carbon,2016,2020,American Indian/Alaskan Native (includes Hispanic),
30,Montana,30009,Carbon,2016,2020,White (includes Hispanic),7.2
30,Montana,30011,Carter,2011,2015,Asian/Pacific Islander (includes Hispanic),
30,Montana,30011,Carter,2011,2015,Black (includes Hispanic),
30,Montana,30011,Carter,2011,2015,Hispanic (all races),
30,Montana,30011,Carter,2011,2015,American Indian/Alaskan Native (includes Hispanic),
30,Montana,30011,Carter,2011,2015,White (includes Hispanic),
30,Montana,30011,Carter,2012,2016,Asian/Pacific Islander (includes Hispanic),
30,Montana,30011,Carter,2012,2016,Black (includes Hispanic),
30,Montana,30011,Carter,2012,2016,Hispanic (all races),
30,Montana,30011,Carter,2012,2016,American Indian/Alaskan Native (includes Hispanic),
30,Montana,30011,Carter,2012,2016,White (includes Hispanic),
30,Montana,30011,Carter,2013,2017,Asian/Pacific Islander (includes Hispanic),
30,Montana,30011,Carter,2013,2017,Black (includes Hispanic),
30,Montana,30011,Carter,2013,2017,Hispanic (all races),
30,Montana,30011,Carter,2013,2017,American Indian/Alaskan Native (includes Hispanic),
30,Montana,30011,Carter,2013,2017,White (includes Hispanic),
30,Montana,30011,Carter,2014,2018,Asian/Pacific Islander (includes Hispanic),
30,Montana,30011,Carter,2014,2018,Black (includes Hispanic),
30,Montana,30011,Carter,2014,2018,Hispanic (all races),
30,Montana,30011,Carter,2014,2018,American Indian/Alaskan Native (includes Hispanic),
30,Montana,30011,Carter,2014,2018,White (includes Hispanic),
30,Montana,30011,Carter,2015,2019,Asian/Pacific Islander (includes Hispanic),
30,Montana,30011,Carter,2015,2019,Black (includes Hispanic),
30,Montana,30011,Carter,2015,2019,Hispanic (all races),
30,Montana,30011,Carter,2015,2019,American Indian/Alaskan Native (includes Hispanic),
30,Montana,30011,Carter,2015,2019,White (includes Hispanic),
30,Montana,30011,Carter,2016,2020,Asian/Pacific Islander (includes Hispanic),
30,Montana,30011,Carter,2016,2020,Black (includes Hispanic),
30,Montana,30011,Carter,2016,2020,Hispanic (all races),
30,Montana,30011,Carter,2016,2020,American Indian/Alaskan Native (includes Hispanic),
30,Montana,30011,Carter,2016,2020,White (includes Hispanic),
30,Montana,30013,Cascade,2011,2015,Asian/Pacific Islander (includes Hispanic),
30,Montana,30013,Cascade,2011,2015,Black (includes Hispanic),
30,Montana,30013,Cascade,2011,2015,Hispanic (all races),
30,Montana,30013,Cascade,2011,2015,American Indian/Alaskan Native (includes Hispanic),
30,Montana,30013,Cascade,2011,2015,White (includes Hispanic),5.3
30,Montana,30013,Cascade,2012,2016,Asian/Pacific Islander (includes Hispanic),
30,Montana,30013,Cascade,2012,2016,Black (includes Hispanic),
30,Montana,30013,Cascade,2012,2016,Hispanic (all races),
30,Montana,30013,Cascade,2012,2016,American Indian/Alaskan Native (includes Hispanic),
30,Montana,30013,Cascade,2012,2016,White (includes Hispanic),5.5
30,Montana,30013,Cascade,2013,2017,Asian/Pacific Islander (includes Hispanic),
30,Montana,30013,Cascade,2013,2017,Black (includes Hispanic),
30,Montana,30013,Cascade,2013,2017,Hispanic (all races),
30,Montana,30013,Cascade,2013,2017,American Indian/Alaskan Native (includes Hispanic),
30,Montana,30013,Cascade,2013,2017,White (includes Hispanic),5.1
30,Montana,30013,Cascade,2014,2018,Asian/Pacific Islander (includes Hispanic),
30,Montana,30013,Cascade,2014,2018,Black (includes Hispanic),
30,Montana,30013,Cascade,2014,2018,Hispanic (all races),
30,Montana,30013,Cascade,2014,2018,American Indian/Alaskan Native (includes Hispanic),
30,Montana,30013,Cascade,2014,2018,White (includes Hispanic),5.2
30,Montana,30013,Cascade,2015,2019,Asian/Pacific Islander (includes Hispanic),
30,Montana,30013,Cascade,2015,2019,Black (includes Hispanic),
30,Montana,30013,Cascade,2015,2019,Hispanic (all races),
30,Montana,30013,Cascade,2015,2019,American Indian/Alaskan Native (includes Hispanic),
30,Montana,30013,Cascade,2015,2019,White (includes Hispanic),5.2
30,Montana,30013,Cascade,2016,2020,Asian/Pacific Islander (includes Hispanic),
30,Montana,30013,Cascade,2016,2020,Black (includes Hispanic),
30,Montana,30013,Cascade,2016,2020,Hispanic (all races),
30,Montana,30013,Cascade,2016,2020,American Indian/Alaskan Native (includes Hispanic),
30,Montana,30013,Cascade,2016,2020,White (includes Hispanic),6.1
30,Montana,30015,Chouteau,2011,2015,Asian/Pacific Islander (includes Hispanic),
30,Montana,30015,Chouteau,2011,2015,Black (includes Hispanic),
30,Montana,30015,Chouteau,2011,2015,Hispanic (all races),
30,Montana,30015,Chouteau,2011,2015,American Indian/Alaskan Native (includes Hispanic),
30,Montana,30015,Chouteau,2011,2015,White (includes Hispanic),
30,Montana,30015,Chouteau,2012,2016,Asian/Pacific Islander (includes Hispanic),
30,Montana,30015,Chouteau,2012,2016,Black (includes Hispanic),
30,Montana,30015,Chouteau,2012,2016,Hispanic (all races),
30,Montana,30015,Chouteau,2012,2016,American Indian/Alaskan Native (includes Hispanic),
30,Montana,30015,Chouteau,2012,2016,White (includes Hispanic),6.1
30,Montana,30015,Chouteau,2013,2017,Asian/Pacific Islander (includes Hispanic),
30,Montana,30015,Chouteau,2013,2017,Black (includes Hispanic),
30,Montana,30015,Chouteau,2013,2017,Hispanic (all races),
30,Montana,30015,Chouteau,2013,2017,American Indian/Alaskan Native (includes Hispanic),
30,Montana,30015,Chouteau,2013,2017,White (includes Hispanic),5.7
30,Montana,30015,Chouteau,2014,2018,Asian/Pacific Islander (includes Hispanic),
30,Montana,30015,Chouteau,2014,2018,Black (includes Hispanic),
30,Montana,30015,Chouteau,2014,2018,Hispanic (all races),
30,Montana,30015,Chouteau,2014,2018,American Indian/Alaskan Native (includes Hispanic),
30,Montana,30015,Chouteau,2014,2018,White (includes Hispanic),5.9
30,Montana,30015,Chouteau,2015,2019,Asian/Pacific Islander (includes Hispanic),
30,Montana,30015,Chouteau,2015,2019,Black (includes Hispanic),
30,Montana,30015,Chouteau,2015,2019,Hispanic (all races),
30,Montana,30015,Chouteau,2015,2019,American Indian/Alaskan Native (includes Hispanic),
30,Montana,30015,Chouteau,2015,2019,White (includes Hispanic),6.8
30,Montana,30015,Chouteau,2016,2020,Asian/Pacific Islander (includes Hispanic),
30,Montana,30015,Chouteau,2016,2020,Black (includes Hispanic),
30,Montana,30015,Chouteau,2016,2020,Hispanic (all races),
30,Montana,30015,Chouteau,2016,2020,American Indian/Alaskan Native (includes Hispanic),
30,Montana,30015,Chouteau,2016,2020,White (includes Hispanic),6.6
30,Montana,30017,Custer,2011,2015,Asian/Pacific Islander (includes Hispanic),
30,Montana,30017,Custer,2011,2015,Black (includes Hispanic),
30,Montana,30017,Custer,2011,2015,Hispanic (all races),
30,Montana,30017,Custer,2011,2015,American Indian/Alaskan Native (includes Hispanic),
30,Montana,30017,Custer,2011,2015,White (includes Hispanic),
30,Montana,30017,Custer,2012,2016,Asian/Pacific Islander (includes Hispanic),
30,Montana,30017,Custer,2012,2016,Black (includes Hispanic),
30,Montana,30017,Custer,2012,2016,Hispanic (all races),
30,Montana,30017,Custer,2012,2016,American Indian/Alaskan Native (includes Hispanic),
30,Montana,30017,Custer,2012,2016,White (includes Hispanic),
30,Montana,30017,Custer,2013,2017,Asian/Pacific Islander (includes Hispanic),
30,Montana,30017,Custer,2013,2017,Black (includes Hispanic),
30,Montana,30017,Custer,2013,2017,Hispanic (all races),
30,Montana,30017,Custer,2013,2017,American Indian/Alaskan Native (includes Hispanic),
30,Montana,30017,Custer,2013,2017,White (includes Hispanic),
30,Montana,30017,Custer,2014,2018,Asian/Pacific Islander (includes Hispanic),
30,Montana,30017,Custer,2014,2018,Black (includes Hispanic),
30,Montana,30017,Custer,2014,2018,Hispanic (all races),
30,Montana,30017,Custer,2014,2018,American Indian/Alaskan Native (includes Hispanic),
30,Montana,30017,Custer,2014,2018,White (includes Hispanic),
30,Montana,30017,Custer,2015,2019,Asian/Pacific Islander (includes Hispanic),
30,Montana,30017,Custer,2015,2019,Black (includes Hispanic),
30,Montana,30017,Custer,2015,2019,Hispanic (all races),
30,Montana,30017,Custer,2015,2019,American Indian/Alaskan Native (includes Hispanic),
30,Montana,30017,Custer,2015,2019,White (includes Hispanic),
30,Montana,30017,Custer,2016,2020,Asian/Pacific Islander (includes Hispanic),
30,Montana,30017,Custer,2016,2020,Black (includes Hispanic),
30,Montana,30017,Custer,2016,2020,Hispanic (all races),
30,Montana,30017,Custer,2016,2020,American Indian/Alaskan Native (includes Hispanic),
30,Montana,30017,Custer,2016,2020,White (includes Hispanic),
30,Montana,30019,Daniels,2011,2015,Asian/Pacific Islander (includes Hispanic),
30,Montana,30019,Daniels,2011,2015,Black (includes Hispanic),
30,Montana,30019,Daniels,2011,2015,Hispanic (all races),
30,Montana,30019,Daniels,2011,2015,American Indian/Alaskan Native (includes Hispanic),
30,Montana,30019,Daniels,2011,2015,White (includes Hispanic),
30,Montana,30019,Daniels,2012,2016,Asian/Pacific Islander (includes Hispanic),
30,Montana,30019,Daniels,2012,2016,Black (includes Hispanic),
30,Montana,30019,Daniels,2012,2016,Hispanic (all races),
30,Montana,30019,Daniels,2012,2016,American Indian/Alaskan Native (includes Hispanic),
30,Montana,30019,Daniels,2012,2016,White (includes Hispanic),
30,Montana,30019,Daniels,2013,2017,Asian/Pacific Islander (includes Hispanic),
30,Montana,30019,Daniels,2013,2017,Black (includes Hispanic),
30,Montana,30019,Daniels,2013,2017,Hispanic (all races),
30,Montana,30019,Daniels,2013,2017,American Indian/Alaskan Native (includes Hispanic),
30,Montana,30019,Daniels,2013,2017,White (includes Hispanic),
30,Montana,30019,Daniels,2014,2018,Asian/Pacific Islander (includes Hispanic),
30,Montana,30019,Daniels,2014,2018,Black (includes Hispanic),
30,Montana,30019,Daniels,2014,2018,Hispanic (all races),
30,Montana,30019,Daniels,2014,2018,American Indian/Alaskan Native (includes Hispanic),
30,Montana,30019,Daniels,2014,2018,White (includes Hispanic),
30,Montana,30019,Daniels,2015,2019,Asian/Pacific Islander (includes Hispanic),
30,Montana,30019,Daniels,2015,2019,Black (includes Hispanic),
30,Montana,30019,Daniels,2015,2019,Hispanic (all races),
30,Montana,30019,Daniels,2015,2019,American Indian/Alaskan Native (includes Hispanic),
30,Montana,30019,Daniels,2015,2019,White (includes Hispanic),
30,Montana,30019,Daniels,2016,2020,Asian/Pacific Islander (includes Hispanic),
30,Montana,30019,Daniels,2016,2020,Black (includes Hispanic),
30,Montana,30019,Daniels,2016,2020,Hispanic (all races),
30,Montana,30019,Daniels,2016,2020,American Indian/Alaskan Native (includes Hispanic),
30,Montana,30019,Daniels,2016,2020,White (includes Hispanic),
30,Montana,30021,Dawson,2011,2015,Asian/Pacific Islander (includes Hispanic),
30,Montana,30021,Dawson,2011,2015,Black (includes Hispanic),
30,Montana,30021,Dawson,2011,2015,Hispanic (all races),
30,Montana,30021,Dawson,2011,2015,American Indian/Alaskan Native (includes Hispanic),
30,Montana,30021,Dawson,2011,2015,White (includes Hispanic),
30,Montana,30021,Dawson,2012,2016,Asian/Pacific Islander (includes Hispanic),
30,Montana,30021,Dawson,2012,2016,Black (includes Hispanic),
30,Montana,30021,Dawson,2012,2016,Hispanic (all races),
30,Montana,30021,Dawson,2012,2016,American Indian/Alaskan Native (includes Hispanic),
30,Montana,30021,Dawson,2012,2016,White (includes Hispanic),
30,Montana,30021,Dawson,2013,2017,Asian/Pacific Islander (includes Hispanic),
30,Montana,30021,Dawson,2013,2017,Black (includes Hispanic),
30,Montana,30021,Dawson,2013,2017,Hispanic (all races),
30,Montana,30021,Dawson,2013,2017,American Indian/Alaskan Native (includes Hispanic),
30,Montana,30021,Dawson,2013,2017,White (includes Hispanic),
30,Montana,30021,Dawson,2014,2018,Asian/Pacific Islander (includes Hispanic),
30,Montana,30021,Dawson,2014,2018,Black (includes Hispanic),
30,Montana,30021,Dawson,2014,2018,Hispanic (all races),
30,Montana,30021,Dawson,2014,2018,American Indian/Alaskan Native (includes Hispanic),
30,Montana,30021,Dawson,2014,2018,White (includes Hispanic),
30,Montana,30021,Dawson,2015,2019,Asian/Pacific Islander (includes Hispanic),
30,Montana,30021,Dawson,2015,2019,Black (includes Hispanic),
30,Montana,30021,Dawson,2015,2019,Hispanic (all races),
30,Montana,30021,Dawson,2015,2019,American Indian/Alaskan Native (includes Hispanic),
30,Montana,30021,Dawson,2015,2019,White (includes Hispanic),
30,Montana,30021,Dawson,2016,2020,Asian/Pacific Islander (includes Hispanic),
30,Montana,30021,Dawson,2016,2020,Black (includes Hispanic),
30,Montana,30021,Dawson,2016,2020,Hispanic (all races),
30,Montana,30021,Dawson,2016,2020,American Indian/Alaskan Native (includes Hispanic),
30,Montana,30021,Dawson,2016,2020,White (includes Hispanic),
30,Montana,30023,Deer Lodge,2011,2015,Asian/Pacific Islander (includes Hispanic),
30,Montana,30023,Deer Lodge,2011,2015,Black (includes Hispanic),
30,Montana,30023,Deer Lodge,2011,2015,Hispanic (all races),
30,Montana,30023,Deer Lodge,2011,2015,American Indian/Alaskan Native (includes Hispanic),
30,Montana,30023,Deer Lodge,2011,2015,White (includes Hispanic),8.7
30,Montana,30023,Deer Lodge,2012,2016,Asian/Pacific Islander (includes Hispanic),
30,Montana,30023,Deer Lodge,2012,2016,Black (includes Hispanic),
30,Montana,30023,Deer Lodge,2012,2016,Hispanic (all races),
30,Montana,30023,Deer Lodge,2012,2016,American Indian/Alaskan Native (includes Hispanic),
30,Montana,30023,Deer Lodge,2012,2016,White (includes Hispanic),8.6
30,Montana,30023,Deer Lodge,2013,2017,Asian/Pacific Islander (includes Hispanic),
30,Montana,30023,Deer Lodge,2013,2017,Black (includes Hispanic),
30,Montana,30023,Deer Lodge,2013,2017,Hispanic (all races),
30,Montana,30023,Deer Lodge,2013,2017,American Indian/Alaskan Native (includes Hispanic),
30,Montana,30023,Deer Lodge,2013,2017,White (includes Hispanic),6.7
30,Montana,30023,Deer Lodge,2014,2018,Asian/Pacific Islander (includes Hispanic),
30,Montana,30023,Deer Lodge,2014,2018,Black (includes Hispanic),
30,Montana,30023,Deer Lodge,2014,2018,Hispanic (all races),
30,Montana,30023,Deer Lodge,2014,2018,American Indian/Alaskan Native (includes Hispanic),
30,Montana,30023,Deer Lodge,2014,2018,White (includes Hispanic),7.2
30,Montana,30023,Deer Lodge,2015,2019,Asian/Pacific Islander (includes Hispanic),
30,Montana,30023,Deer Lodge,2015,2019,Black (includes Hispanic),
30,Montana,30023,Deer Lodge,2015,2019,Hispanic (all races),
30,Montana,30023,Deer Lodge,2015,2019,American Indian/Alaskan Native (includes Hispanic),
30,Montana,30023,Deer Lodge,2015,2019,White (includes Hispanic),7.9
30,Montana,30023,Deer Lodge,2016,2020,Asian/Pacific Islander (includes Hispanic),
30,Montana,30023,Deer Lodge,2016,2020,Black (includes Hispanic),
30,Montana,30023,Deer Lodge,2016,2020,Hispanic (all races),
30,Montana,30023,Deer Lodge,2016,2020,American Indian/Alaskan Native (includes Hispanic),
30,Montana,30023,Deer Lodge,2016,2020,White (includes Hispanic),8.0
30,Montana,30025,Fallon,2011,2015,Asian/Pacific Islander (includes Hispanic),
30,Montana,30025,Fallon,2011,2015,Black (includes Hispanic),
30,Montana,30025,Fallon,2011,2015,Hispanic (all races),
30,Montana,30025,Fallon,2011,2015,American Indian/Alaskan Native (includes Hispanic),
30,Montana,30025,Fallon,2011,2015,White (includes Hispanic),
30,Montana,30025,Fallon,2012,2016,Asian/Pacific Islander (includes Hispanic),
30,Montana,30025,Fallon,2012,2016,Black (includes Hispanic),
30,Montana,30025,Fallon,2012,2016,Hispanic (all races),
30,Montana,30025,Fallon,2012,2016,American Indian/Alaskan Native (includes Hispanic),
30,Montana,30025,Fallon,2012,2016,White (includes Hispanic),
30,Montana,30025,Fallon,2013,2017,Asian/Pacific Islander (includes Hispanic),
30,Montana,30025,Fallon,2013,2017,Black (includes Hispanic),
30,Montana,30025,Fallon,2013,2017,Hispanic (all races),
30,Montana,30025,Fallon,2013,2017,American Indian/Alaskan Native (includes Hispanic),
30,Montana,30025,Fallon,2013,2017,White (includes Hispanic),
30,Montana,30025,Fallon,2014,2018,Asian/Pacific Islander (includes Hispanic),
30,Montana,30025,Fallon,2014,2018,Black (includes Hispanic),
30,Montana,30025,Fallon,2014,2018,Hispanic (all races),
30,Montana,30025,Fallon,2014,2018,American Indian/Alaskan Native (includes Hispanic),
30,Montana,30025,Fallon,2014,2018,White (includes Hispanic),
30,Montana,30025,Fallon,2015,2019,Asian/Pacific Islander (includes Hispanic),
30,Montana,30025,Fallon,2015,2019,Black (includes Hispanic),
30,Montana,30025,Fallon,2015,2019,Hispanic (all races),
30,Montana,30025,Fallon,2015,2019,American Indian/Alaskan Native (includes Hispanic),
30,Montana,30025,Fallon,2015,2019,White (includes Hispanic),
30,Montana,30025,Fallon,2016,2020,Asian/Pacific Islander (includes Hispanic),
30,Montana,30025,Fallon,2016,2020,Black (includes Hispanic),
30,Montana,30025,Fallon,2016,2020,Hispanic (all races),
30,Montana,30025,Fallon,2016,2020,American Indian/Alaskan Native (includes Hispanic),
30,Montana,30025,Fallon,2016,2020,White (includes Hispanic),
30,Montana,30027,Fergus,2011,2015,Asian/Pacific Islander (includes Hispanic),
30,Montana,30027,Fergus,2011,2015,Black (includes Hispanic),
30,Montana,30027,Fergus,2011,2015,Hispanic (all races),
30,Montana,30027,Fergus,2011,2015,American Indian/Alaskan Native (includes Hispanic),
30,Montana,30027,Fergus,2011,2015,White (includes Hispanic),
30,Montana,30027,Fergus,2012,2016,Asian/Pacific Islander (includes Hispanic),
30,Montana,30027,Fergus,2012,2016,Black (includes Hispanic),
30,Montana,30027,Fergus,2012,2016,Hispanic (all races),
30,Montana,30027,Fergus,2012,2016,American Indian/Alaskan Native (includes Hispanic),
30,Montana,30027,Fergus,2012,2016,White (includes Hispanic),
30,Montana,30027,Fergus,2013,2017,Asian/Pacific Islander (includes Hispanic),
30,Montana,30027,Fergus,2013,2017,Black (includes Hispanic),
30,Montana,30027,Fergus,2013,2017,Hispanic (all races),
30,Montana,30027,Fergus,2013,2017,American Indian/Alaskan Native (includes Hispanic),
30,Montana,30027,Fergus,2013,2017,White (includes Hispanic),
30,Montana,30027,Fergus,2014,2018,Asian/Pacific Islander (includes Hispanic),
30,Montana,30027,Fergus,2014,2018,Black (includes Hispanic),
30,Montana,30027,Fergus,2014,2018,Hispanic (all races),
30,Montana,30027,Fergus,2014,2018,American Indian/Alaskan Native (includes Hispanic),
30,Montana,30027,Fergus,2014,2018,White (includes Hispanic),
30,Montana,30027,Fergus,2015,2019,Asian/Pacific Islander (includes Hispanic),
30,Montana,30027,Fergus,2015,2019,Black (includes Hispanic),
30,Montana,30027,Fergus,2015,2019,Hispanic (all races),
30,Montana,30027,Fergus,2015,2019,American Indian/Alaskan Native (includes Hispanic),
30,Montana,30027,Fergus,2015,2019,White (includes Hispanic),
30,Montana,30027,Fergus,2016,2020,Asian/Pacific Islander (includes Hispanic),
30,Montana,30027,Fergus,2016,2020,Black (includes Hispanic),
30,Montana,30027,Fergus,2016,2020,Hispanic (all races),
30,Montana,30027,Fergus,2016,2020,American Indian/Alaskan Native (includes Hispanic),
30,Montana,30027,Fergus,2016,2020,White (includes Hispanic),
30,Montana,30029,Flathead,2011,2015,Asian/Pacific Islander (includes Hispanic),
30,Montana,30029,Flathead,2011,2015,Black (includes Hispanic),
30,Montana,30029,Flathead,2011,2015,Hispanic (all races),
30,Montana,30029,Flathead,2011,2015,American Indian/Alaskan Native (includes Hispanic),
30,Montana,30029,Flathead,2011,2015,White (includes Hispanic),5.9
30,Montana,30029,Flathead,2012,2016,Asian/Pacific Islander (includes Hispanic),
30,Montana,30029,Flathead,2012,2016,Black (includes Hispanic),
30,Montana,30029,Flathead,2012,2016,Hispanic (all races),
30,Montana,30029,Flathead,2012,2016,American Indian/Alaskan Native (includes Hispanic),
30,Montana,30029,Flathead,2012,2016,White (includes Hispanic),6.8
30,Montana,30029,Flathead,2013,2017,Asian/Pacific Islander (includes Hispanic),
30,Montana,30029,Flathead,2013,2017,Black (includes Hispanic),
30,Montana,30029,Flathead,2013,2017,Hispanic (all races),
30,Montana,30029,Flathead,2013,2017,American Indian/Alaskan Native (includes Hispanic),
30,Montana,30029,Flathead,2013,2017,White (includes Hispanic),7.0
30,Montana,30029,Flathead,2014,2018,Asian/Pacific Islander (includes Hispanic),
30,Montana,30029,Flathead,2014,2018,Black (includes Hispanic),
30,Montana,30029,Flathead,2014,2018,Hispanic (all races),
30,Montana,30029,Flathead,2014,2018,American Indian/Alaskan Native (includes Hispanic),
30,Montana,30029,Flathead,2014,2018,White (includes Hispanic),6.7
30,Montana,30029,Flathead,2015,2019,Asian/Pacific Islander (includes Hispanic),
30,Montana,30029,Flathead,2015,2019,Black (includes Hispanic),
30,Montana,30029,Flathead,2015,2019,Hispanic (all races),
30,Montana,30029,Flathead,2015,2019,American Indian/Alaskan Native (includes Hispanic),
30,Montana,30029,Flathead,2015,2019,White (includes Hispanic),6.3
30,Montana,30029,Flathead,2016,2020,Asian/Pacific Islander (includes Hispanic),
30,Montana,30029,Flathead,2016,2020,Black (includes Hispanic),
30,Montana,30029,Flathead,2016,2020,Hispanic (all races),
30,Montana,30029,Flathead,2016,2020,American Indian/Alaskan Native (includes Hispanic),
30,Montana,30029,Flathead,2016,2020,White (includes Hispanic),6.6
30,Montana,30031,Gallatin,2011,2015,Asian/Pacific Islander (includes Hispanic),
30,Montana,30031,Gallatin,2011,2015,Black (includes Hispanic),
30,Montana,30031,Gallatin,2011,2015,Hispanic (all races),
30,Montana,30031,Gallatin,2011,2015,American Indian/Alaskan Native (includes Hispanic),
30,Montana,30031,Gallatin,2011,2015,White (includes Hispanic),5.9
30,Montana,30031,Gallatin,2012,2016,Asian/Pacific Islander (includes Hispanic),
30,Montana,30031,Gallatin,2012,2016,Black (includes Hispanic),
30,Montana,30031,Gallatin,2012,2016,Hispanic (all races),
30,Montana,30031,Gallatin,2012,2016,American Indian/Alaskan Native (includes Hispanic),
30,Montana,30031,Gallatin,2012,2016,White (includes Hispanic),5.6
30,Montana,30031,Gallatin,2013,2017,Asian/Pacific Islander (includes Hispanic),
30,Montana,30031,Gallatin,2013,2017,Black (includes Hispanic),
30,Montana,30031,Gallatin,2013,2017,Hispanic (all races),
30,Montana,30031,Gallatin,2013,2017,American Indian/Alaskan Native (includes Hispanic),
30,Montana,30031,Gallatin,2013,2017,White (includes Hispanic),5.4
30,Montana,30031,Gallatin,2014,2018,Asian/Pacific Islander (includes Hispanic),
30,Montana,30031,Gallatin,2014,2018,Black (includes Hispanic),
30,Montana,30031,Gallatin,2014,2018,Hispanic (all races),
30,Montana,30031,Gallatin,2014,2018,American Indian/Alaskan Native (includes Hispanic),
30,Montana,30031,Gallatin,2014,2018,White (includes Hispanic),6.3
30,Montana,30031,Gallatin,2015,2019,Asian/Pacific Islander (includes Hispanic),
30,Montana,30031,Gallatin,2015,2019,Black (includes Hispanic),
30,Montana,30031,Gallatin,2015,2019,Hispanic (all races),
30,Montana,30031,Gallatin,2015,2019,American Indian/Alaskan Native (includes Hispanic),
30,Montana,30031,Gallatin,2015,2019,White (includes Hispanic),6.3
30,Montana,30031,Gallatin,2016,2020,Asian/Pacific Islander (includes Hispanic),
30,Montana,30031,Gallatin,2016,2020,Black (includes Hispanic),
30,Montana,30031,Gallatin,2016,2020,Hispanic (all races),
30,Montana,30031,Gallatin,2016,2020,American Indian/Alaskan Native (includes Hispanic),
30,Montana,30031,Gallatin,2016,2020,White (includes Hispanic),5.2
30,Montana,30033,Garfield,2011,2015,Asian/Pacific Islander (includes Hispanic),
30,Montana,30033,Garfield,2011,2015,Black (includes Hispanic),
30,Montana,30033,Garfield,2011,2015,Hispanic (all races),
30,Montana,30033,Garfield,2011,2015,American Indian/Alaskan Native (includes Hispanic),
30,Montana,30033,Garfield,2011,2015,White (includes Hispanic),
30,Montana,30033,Garfield,2012,2016,Asian/Pacific Islander (includes Hispanic),
30,Montana,30033,Garfield,2012,2016,Black (includes Hispanic),
30,Montana,30033,Garfield,2012,2016,Hispanic (all races),
30,Montana,30033,Garfield,2012,2016,American Indian/Alaskan Native (includes Hispanic),
30,Montana,30033,Garfield,2012,2016,White (includes Hispanic),
30,Montana,30033,Garfield,2013,2017,Asian/Pacific Islander (includes Hispanic),
30,Montana,30033,Garfield,2013,2017,Black (includes Hispanic),
30,Montana,30033,Garfield,2013,2017,Hispanic (all races),
30,Montana,30033,Garfield,2013,2017,American Indian/Alaskan Native (includes Hispanic),
30,Montana,30033,Garfield,2013,2017,White (includes Hispanic),
30,Montana,30033,Garfield,2014,2018,Asian/Pacific Islander (includes Hispanic),
30,Montana,30033,Garfield,2014,2018,Black (includes Hispanic),
30,Montana,30033,Garfield,2014,2018,Hispanic (all races),
30,Montana,30033,Garfield,2014,2018,American Indian/Alaskan Native (includes Hispanic),
30,Montana,30033,Garfield,2014,2018,White (includes Hispanic),
30,Montana,30033,Garfield,2015,2019,Asian/Pacific Islander (includes Hispanic),
30,Montana,30033,Garfield,2015,2019,Black (includes Hispanic),
30,Montana,30033,Garfield,2015,2019,Hispanic (all races),
30,Montana,30033,Garfield,2015,2019,American Indian/Alaskan Native (includes Hispanic),
30,Montana,30033,Garfield,2015,2019,White (includes Hispanic),
30,Montana,30033,Garfield,2016,2020,Asian/Pacific Islander (includes Hispanic),
30,Montana,30033,Garfield,2016,2020,Black (includes Hispanic),
30,Montana,30033,Garfield,2016,2020,Hispanic (all races),
30,Montana,30033,Garfield,2016,2020,American Indian/Alaskan Native (includes Hispanic),
30,Montana,30033,Garfield,2016,2020,White (includes Hispanic),
30,Montana,30035,Glacier,2011,2015,Asian/Pacific Islander (includes Hispanic),
30,Montana,30035,Glacier,2011,2015,Black (includes Hispanic),
30,Montana,30035,Glacier,2011,2015,Hispanic (all races),
30,Montana,30035,Glacier,2011,2015,American Indian/Alaskan Native (includes Hispanic),
30,Montana,30035,Glacier,2011,2015,White (includes Hispanic),6.7
30,Montana,30035,Glacier,2012,2016,Asian/Pacific Islander (includes Hispanic),
30,Montana,30035,Glacier,2012,2016,Black (includes Hispanic),
30,Montana,30035,Glacier,2012,2016,Hispanic (all races),
30,Montana,30035,Glacier,2012,2016,American Indian/Alaskan Native (includes Hispanic),
30,Montana,30035,Glacier,2012,2016,White (includes Hispanic),7.1
30,Montana,30035,Glacier,2013,2017,Asian/Pacific Islander (includes Hispanic),
30,Montana,30035,Glacier,2013,2017,Black (includes Hispanic),
30,Montana,30035,Glacier,2013,2017,Hispanic (all races),
30,Montana,30035,Glacier,2013,2017,American Indian/Alaskan Native (includes Hispanic),
30,Montana,30035,Glacier,2013,2017,White (includes Hispanic),7.1
30,Montana,30035,Glacier,2014,2018,Asian/Pacific Islander (includes Hispanic),
30,Montana,30035,Glacier,2014,2018,Black (includes Hispanic),
30,Montana,30035,Glacier,2014,2018,Hispanic (all races),
30,Montana,30035,Glacier,2014,2018,American Indian/Alaskan Native (includes Hispanic),
30,Montana,30035,Glacier,2014,2018,White (includes Hispanic),
30,Montana,30035,Glacier,2015,2019,Asian/Pacific Islander (includes Hispanic),
30,Montana,30035,Glacier,2015,2019,Black (includes Hispanic),
30,Montana,30035,Glacier,2015,2019,Hispanic (all races),
30,Montana,30035,Glacier,2015,2019,American Indian/Alaskan Native (includes Hispanic),
30,Montana,30035,Glacier,2015,2019,White (includes Hispanic),
30,Montana,30035,Glacier,2016,2020,Asian/Pacific Islander (includes Hispanic),
30,Montana,30035,Glacier,2016,2020,Black (includes Hispanic),
30,Montana,30035,Glacier,2016,2020,Hispanic (all races),
30,Montana,30035,Glacier,2016,2020,American Indian/Alaskan Native (includes Hispanic),
30,Montana,30035,Glacier,2016,2020,White (includes Hispanic),
30,Montana,30037,Golden Valley,2011,2015,Asian/Pacific Islander (includes Hispanic),
30,Montana,30037,Golden Valley,2011,2015,Black (includes Hispanic),
30,Montana,30037,Golden Valley,2011,2015,Hispanic (all races),
30,Montana,30037,Golden Valley,2011,2015,American Indian/Alaskan Native (includes Hispanic),
30,Montana,30037,Golden Valley,2011,2015,White (includes Hispanic),7.7
30,Montana,30037,Golden Valley,2012,2016,Asian/Pacific Islander (includes Hispanic),
30,Montana,30037,Golden Valley,2012,2016,Black (includes Hispanic),
30,Montana,30037,Golden Valley,2012,2016,Hispanic (all races),
30,Montana,30037,Golden Valley,2012,2016,American Indian/Alaskan Native (includes Hispanic),
30,Montana,30037,Golden Valley,2012,2016,White (includes Hispanic),8.3
30,Montana,30037,Golden Valley,2013,2017,Asian/Pacific Islander (includes Hispanic),
30,Montana,30037,Golden Valley,2013,2017,Black (includes Hispanic),
30,Montana,30037,Golden Valley,2013,2017,Hispanic (all races),
30,Montana,30037,Golden Valley,2013,2017,American Indian/Alaskan Native (includes Hispanic),
30,Montana,30037,Golden Valley,2013,2017,White (includes Hispanic),8.3
30,Montana,30037,Golden Valley,2014,2018,Asian/Pacific Islander (includes Hispanic),
30,Montana,30037,Golden Valley,2014,2018,Black (includes Hispanic),
30,Montana,30037,Golden Valley,2014,2018,Hispanic (all races),
30,Montana,30037,Golden Valley,2014,2018,American Indian/Alaskan Native (includes Hispanic),
30,Montana,30037,Golden Valley,2014,2018,White (includes Hispanic),8.5
30,Montana,30037,Golden Valley,2015,2019,Asian/Pacific Islander (includes Hispanic),
30,Montana,30037,Golden Valley,2015,2019,Black (includes Hispanic),
30,Montana,30037,Golden Valley,2015,2019,Hispanic (all races),
30,Montana,30037,Golden Valley,2015,2019,American Indian/Alaskan Native (includes Hispanic),
30,Montana,30037,Golden Valley,2015,2019,White (includes Hispanic),8.2
30,Montana,30037,Golden Valley,2016,2020,Asian/Pacific Islander (includes Hispanic),
30,Montana,30037,Golden Valley,2016,2020,Black (includes Hispanic),
30,Montana,30037,Golden Valley,2016,2020,Hispanic (all races),
30,Montana,30037,Golden Valley,2016,2020,American Indian/Alaskan Native (includes Hispanic),
30,Montana,30037,Golden Valley,2016,2020,White (includes Hispanic),6.5
30,Montana,30039,Granite,2011,2015,Asian/Pacific Islander (includes Hispanic),
30,Montana,30039,Granite,2011,2015,Black (includes Hispanic),
30,Montana,30039,Granite,2011,2015,Hispanic (all races),
30,Montana,30039,Granite,2011,2015,American Indian/Alaskan Native (includes Hispanic),
30,Montana,30039,Granite,2011,2015,White (includes Hispanic),4.8
30,Montana,30039,Granite,2012,2016,Asian/Pacific Islander (includes Hispanic),
30,Montana,30039,Granite,2012,2016,Black (includes Hispanic),
30,Montana,30039,Granite,2012,2016,Hispanic (all races),
30,Montana,30039,Granite,2012,2016,American Indian/Alaskan Native (includes Hispanic),
30,Montana,30039,Granite,2012,2016,White (includes Hispanic),5.8
30,Montana,30039,Granite,2013,2017,Asian/Pacific Islander (includes Hispanic),
30,Montana,30039,Granite,2013,2017,Black (includes Hispanic),
30,Montana,30039,Granite,2013,2017,Hispanic (all races),
30,Montana,30039,Granite,2013,2017,American Indian/Alaskan Native (includes Hispanic),
30,Montana,30039,Granite,2013,2017,White (includes Hispanic),5.7
30,Montana,30039,Granite,2014,2018,Asian/Pacific Islander (includes Hispanic),
30,Montana,30039,Granite,2014,2018,Black (includes Hispanic),
30,Montana,30039,Granite,2014,2018,Hispanic (all races),
30,Montana,30039,Granite,2014,2018,American Indian/Alaskan Native (includes Hispanic),
30,Montana,30039,Granite,2014,2018,White (includes Hispanic),7.0
30,Montana,30039,Granite,2015,2019,Asian/Pacific Islander (includes Hispanic),
30,Montana,30039,Granite,2015,2019,Black (includes Hispanic),
30,Montana,30039,Granite,2015,2019,Hispanic (all races),
30,Montana,30039,Granite,2015,2019,American Indian/Alaskan Native (includes Hispanic),
30,Montana,30039,Granite,2015,2019,White (includes Hispanic),7.5
30,Montana,30039,Granite,2016,2020,Asian/Pacific Islander (includes Hispanic),
30,Montana,30039,Granite,2016,2020,Black (includes Hispanic),
30,Montana,30039,Granite,2016,2020,Hispanic (all races),
30,Montana,30039,Granite,2016,2020,American Indian/Alaskan Native (includes Hispanic),
30,Montana,30039,Granite,2016,2020,White (includes Hispanic),8.1
30,Montana,30041,Hill,2011,2015,Asian/Pacific Islander (includes Hispanic),
30,Montana,30041,Hill,2011,2015,Black (includes Hispanic),
30,Montana,30041,Hill,2011,2015,Hispanic (all races),
30,Montana,30041,Hill,2011,2015,American Indian/Alaskan Native (includes Hispanic),
30,Montana,30041,Hill,2011,2015,White (includes Hispanic),
30,Montana,30041,Hill,2012,2016,Asian/Pacific Islander (includes Hispanic),
30,Montana,30041,Hill,2012,2016,Black (includes Hispanic),
30,Montana,30041,Hill,2012,2016,Hispanic (all races),
30,Montana,30041,Hill,2012,2016,American Indian/Alaskan Native (includes Hispanic),
30,Montana,30041,Hill,2012,2016,White (includes Hispanic),
30,Montana,30041,Hill,2013,2017,Asian/Pacific Islander (includes Hispanic),
30,Montana,30041,Hill,2013,2017,Black (includes Hispanic),
30,Montana,30041,Hill,2013,2017,Hispanic (all races),
30,Montana,30041,Hill,2013,2017,American Indian/Alaskan Native (includes Hispanic),
30,Montana,30041,Hill,2013,2017,White (includes Hispanic),
30,Montana,30041,Hill,2014,2018,Asian/Pacific Islander (includes Hispanic),
30,Montana,30041,Hill,2014,2018,Black (includes Hispanic),
30,Montana,30041,Hill,2014,2018,Hispanic (all races),
30,Montana,30041,Hill,2014,2018,American Indian/Alaskan Native (includes Hispanic),
30,Montana,30041,Hill,2014,2018,White (includes Hispanic),
30,Montana,30041,Hill,2015,2019,Asian/Pacific Islander (includes Hispanic),
30,Montana,30041,Hill,2015,2019,Black (includes Hispanic),
30,Montana,30041,Hill,2015,2019,Hispanic (all races),
30,Montana,30041,Hill,2015,2019,American Indian/Alaskan Native (includes Hispanic),
30,Montana,30041,Hill,2015,2019,White (includes Hispanic),
30,Montana,30041,Hill,2016,2020,Asian/Pacific Islander (includes Hispanic),
30,Montana,30041,Hill,2016,2020,Black (includes Hispanic),
30,Montana,30041,Hill,2016,2020,Hispanic (all races),
30,Montana,30041,Hill,2016,2020,American Indian/Alaskan Native (includes Hispanic),
30,Montana,30041,Hill,2016,2020,White (includes Hispanic),
30,Montana,30043,Jefferson,2011,2015,Asian/Pacific Islander (includes Hispanic),
30,Montana,30043,Jefferson,2011,2015,Black (includes Hispanic),
30,Montana,30043,Jefferson,2011,2015,Hispanic (all races),
30,Montana,30043,Jefferson,2011,2015,American Indian/Alaskan Native (includes Hispanic),
30,Montana,30043,Jefferson,2011,2015,White (includes Hispanic),7.3
30,Montana,30043,Jefferson,2012,2016,Asian/Pacific Islander (includes Hispanic),
30,Montana,30043,Jefferson,2012,2016,Black (includes Hispanic),
30,Montana,30043,Jefferson,2012,2016,Hispanic (all races),
30,Montana,30043,Jefferson,2012,2016,American Indian/Alaskan Native (includes Hispanic),
30,Montana,30043,Jefferson,2012,2016,White (includes Hispanic),7.2
30,Montana,30043,Jefferson,2013,2017,Asian/Pacific Islander (includes Hispanic),
30,Montana,30043,Jefferson,2013,2017,Black (includes Hispanic),
30,Montana,30043,Jefferson,2013,2017,Hispanic (all races),
30,Montana,30043,Jefferson,2013,2017,American Indian/Alaskan Native (includes Hispanic),
30,Montana,30043,Jefferson,2013,2017,White (includes Hispanic),6.6
30,Montana,30043,Jefferson,2014,2018,Asian/Pacific Islander (includes Hispanic),
30,Montana,30043,Jefferson,2014,2018,Black (includes Hispanic),
30,Montana,30043,Jefferson,2014,2018,Hispanic (all races),
30,Montana,30043,Jefferson,2014,2018,American Indian/Alaskan Native (includes Hispanic),
30,Montana,30043,Jefferson,2014,2018,White (includes Hispanic),6.5
30,Montana,30043,Jefferson,2015,2019,Asian/Pacific Islander (includes Hispanic),
30,Montana,30043,Jefferson,2015,2019,Black (includes Hispanic),
30,Montana,30043,Jefferson,2015,2019,Hispanic (all races),
30,Montana,30043,Jefferson,2015,2019,American Indian/Alaskan Native (includes Hispanic),
30,Montana,30043,Jefferson,2015,2019,White (includes Hispanic),6.2
30,Montana,30043,Jefferson,2016,2020,Asian/Pacific Islander (includes Hispanic),
30,Montana,30043,Jefferson,2016,2020,Black (includes Hispanic),
30,Montana,30043,Jefferson,2016,2020,Hispanic (all races),
30,Montana,30043,Jefferson,2016,2020,American Indian/Alaskan Native (includes Hispanic),
30,Montana,30043,Jefferson,2016,2020,White (includes Hispanic),6.0
30,Montana,30045,Judith Basin,2011,2015,Asian/Pacific Islander (includes Hispanic),
30,Montana,30045,Judith Basin,2011,2015,Black (includes Hispanic),
30,Montana,30045,Judith Basin,2011,2015,Hispanic (all races),
30,Montana,30045,Judith Basin,2011,2015,American Indian/Alaskan Native (includes Hispanic),
30,Montana,30045,Judith Basin,2011,2015,White (includes Hispanic),
30,Montana,30045,Judith Basin,2012,2016,Asian/Pacific Islander (includes Hispanic),
30,Montana,30045,Judith Basin,2012,2016,Black (includes Hispanic),
30,Montana,30045,Judith Basin,2012,2016,Hispanic (all races),
30,Montana,30045,Judith Basin,2012,2016,American Indian/Alaskan Native (includes Hispanic),
30,Montana,30045,Judith Basin,2012,2016,White (includes Hispanic),
30,Montana,30045,Judith Basin,2013,2017,Asian/Pacific Islander (includes Hispanic),
30,Montana,30045,Judith Basin,2013,2017,Black (includes Hispanic),
30,Montana,30045,Judith Basin,2013,2017,Hispanic (all races),
30,Montana,30045,Judith Basin,2013,2017,American Indian/Alaskan Native (includes Hispanic),
30,Montana,30045,Judith Basin,2013,2017,White (includes Hispanic),
30,Montana,30045,Judith Basin,2014,2018,Asian/Pacific Islander (includes Hispanic),
30,Montana,30045,Judith Basin,2014,2018,Black (includes Hispanic),
30,Montana,30045,Judith Basin,2014,2018,Hispanic (all races),
30,Montana,30045,Judith Basin,2014,2018,American Indian/Alaskan Native (includes Hispanic),
30,Montana,30045,Judith Basin,2014,2018,White (includes Hispanic),
30,Montana,30045,Judith Basin,2015,2019,Asian/Pacific Islander (includes Hispanic),
30,Montana,30045,Judith Basin,2015,2019,Black (includes Hispanic),
30,Montana,30045,Judith Basin,2015,2019,Hispanic (all races),
30,Montana,30045,Judith Basin,2015,2019,American Indian/Alaskan Native (includes Hispanic),
30,Montana,30045,Judith Basin,2015,2019,White (includes Hispanic),
30,Montana,30045,Judith Basin,2016,2020,Asian/Pacific Islander (includes Hispanic),
30,Montana,30045,Judith Basin,2016,2020,Black (includes Hispanic),
30,Montana,30045,Judith Basin,2016,2020,Hispanic (all races),
30,Montana,30045,Judith Basin,2016,2020,American Indian/Alaskan Native (includes Hispanic),
30,Montana,30045,Judith Basin,2016,2020,White (includes Hispanic),
30,Montana,30047,Lake,2011,2015,Asian/Pacific Islander (includes Hispanic),
30,Montana,30047,Lake,2011,2015,Black (includes Hispanic),
30,Montana,30047,Lake,2011,2015,Hispanic (all races),
30,Montana,30047,Lake,2011,2015,American Indian/Alaskan Native (includes Hispanic),
30,Montana,30047,Lake,2011,2015,White (includes Hispanic),5.0
30,Montana,30047,Lake,2012,2016,Asian/Pacific Islander (includes Hispanic),
30,Montana,30047,Lake,2012,2016,Black (includes Hispanic),
30,Montana,30047,Lake,2012,2016,Hispanic (all races),
30,Montana,30047,Lake,2012,2016,American Indian/Alaskan Native (includes Hispanic),
30,Montana,30047,Lake,2012,2016,White (includes Hispanic),5.3
30,Montana,30047,Lake,2013,2017,Asian/Pacific Islander (includes Hispanic),
30,Montana,30047,Lake,2013,2017,Black (includes Hispanic),
30,Montana,30047,Lake,2013,2017,Hispanic (all races),
30,Montana,30047,Lake,2013,2017,American Indian/Alaskan Native (includes Hispanic),
30,Montana,30047,Lake,2013,2017,White (includes Hispanic),5.4
30,Montana,30047,Lake,2014,2018,Asian/Pacific Islander (includes Hispanic),
30,Montana,30047,Lake,2014,2018,Black (includes Hispanic),
30,Montana,30047,Lake,2014,2018,Hispanic (all races),
30,Montana,30047,Lake,2014,2018,American Indian/Alaskan Native (includes Hispanic),
30,Montana,30047,Lake,2014,2018,White (includes Hispanic),5.4
30,Montana,30047,Lake,2015,2019,Asian/Pacific Islander (includes Hispanic),
30,Montana,30047,Lake,2015,2019,Black (includes Hispanic),
30,Montana,30047,Lake,2015,2019,Hispanic (all races),
30,Montana,30047,Lake,2015,2019,American Indian/Alaskan Native (includes Hispanic),
30,Montana,30047,Lake,2015,2019,White (includes Hispanic),5.7
30,Montana,30047,Lake,2016,2020,Asian/Pacific Islander (includes Hispanic),
30,Montana,30047,Lake,2016,2020,Black (includes Hispanic),
30,Montana,30047,Lake,2016,2020,Hispanic (all races),
30,Montana,30047,Lake,2016,2020,American Indian/Alaskan Native (includes Hispanic),
30,Montana,30047,Lake,2016,2020,White (includes Hispanic),5.7
30,Montana,30049,Lewis and Clark,2011,2015,Asian/Pacific Islander (includes Hispanic),
30,Montana,30049,Lewis and Clark,2011,2015,Black (includes Hispanic),
30,Montana,30049,Lewis and Clark,2011,2015,Hispanic (all races),
30,Montana,30049,Lewis and Clark,2011,2015,American Indian/Alaskan Native (includes Hispanic),
30,Montana,30049,Lewis and Clark,2011,2015,White (includes Hispanic),6.4
30,Montana,30049,Lewis and Clark,2012,2016,Asian/Pacific Islander (includes Hispanic),
30,Montana,30049,Lewis and Clark,2012,2016,Black (includes Hispanic),
30,Montana,30049,Lewis and Clark,2012,2016,Hispanic (all races),
30,Montana,30049,Lewis and Clark,2012,2016,American Indian/Alaskan Native (includes Hispanic),
30,Montana,30049,Lewis and Clark,2012,2016,White (includes Hispanic),6.6
30,Montana,30049,Lewis and Clark,2013,2017,Asian/Pacific Islander (includes Hispanic),
30,Montana,30049,Lewis and Clark,2013,2017,Black (includes Hispanic),
30,Montana,30049,Lewis and Clark,2013,2017,Hispanic (all races),
30,Montana,30049,Lewis and Clark,2013,2017,American Indian/Alaskan Native (includes Hispanic),
30,Montana,30049,Lewis and Clark,2013,2017,White (includes Hispanic),6.3
30,Montana,30049,Lewis and Clark,2014,2018,Asian/Pacific Islander (includes Hispanic),
30,Montana,30049,Lewis and Clark,2014,2018,Black (includes Hispanic),
30,Montana,30049,Lewis and Clark,2014,2018,Hispanic (all races),
30,Montana,30049,Lewis and Clark,2014,2018,American Indian/Alaskan Native (includes Hispanic),
30,Montana,30049,Lewis and Clark,2014,2018,White (includes Hispanic),5.7
30,Montana,30049,Lewis and Clark,2015,2019,Asian/Pacific Islander (includes Hispanic),
30,Montana,30049,Lewis and Clark,2015,2019,Black (includes Hispanic),
30,Montana,30049,Lewis and Clark,2015,2019,Hispanic (all races),
30,Montana,30049,Lewis and Clark,2015,2019,American Indian/Alaskan Native (includes Hispanic),
30,Montana,30049,Lewis and Clark,2015,2019,White (includes Hispanic),5.6
30,Montana,30049,Lewis and Clark,2016,2020,Asian/Pacific Islander (includes Hispanic),
30,Montana,30049,Lewis and Clark,2016,2020,Black (includes Hispanic),
30,Montana,30049,Lewis and Clark,2016,2020,Hispanic (all races),
30,Montana,30049,Lewis and Clark,2016,2020,American Indian/Alaskan Native (includes Hispanic),
30,Montana,30049,Lewis and Clark,2016,2020,White (includes Hispanic),5.2
30,Montana,30051,Liberty,2011,2015,Asian/Pacific Islander (includes Hispanic),
30,Montana,30051,Liberty,2011,2015,Black (includes Hispanic),
30,Montana,30051,Liberty,2011,2015,Hispanic (all races),
30,Montana,30051,Liberty,2011,2015,American Indian/Alaskan Native (includes Hispanic),
30,Montana,30051,Liberty,2011,2015,White (includes Hispanic),
30,Montana,30051,Liberty,2012,2016,Asian/Pacific Islander (includes Hispanic),
30,Montana,30051,Liberty,2012,2016,Black (includes Hispanic),
30,Montana,30051,Liberty,2012,2016,Hispanic (all races),
30,Montana,30051,Liberty,2012,2016,American Indian/Alaskan Native (includes Hispanic),
30,Montana,30051,Liberty,2012,2016,White (includes Hispanic),
30,Montana,30051,Liberty,2013,2017,Asian/Pacific Islander (includes Hispanic),
30,Montana,30051,Liberty,2013,2017,Black (includes Hispanic),
30,Montana,30051,Liberty,2013,2017,Hispanic (all races),
30,Montana,30051,Liberty,2013,2017,American Indian/Alaskan Native (includes Hispanic),
30,Montana,30051,Liberty,2013,2017,White (includes Hispanic),
30,Montana,30051,Liberty,2014,2018,Asian/Pacific Islander (includes Hispanic),
30,Montana,30051,Liberty,2014,2018,Black (includes Hispanic),
30,Montana,30051,Liberty,2014,2018,Hispanic (all races),
30,Montana,30051,Liberty,2014,2018,American Indian/Alaskan Native (includes Hispanic),
30,Montana,30051,Liberty,2014,2018,White (includes Hispanic),
30,Montana,30051,Liberty,2015,2019,Asian/Pacific Islander (includes Hispanic),
30,Montana,30051,Liberty,2015,2019,Black (includes Hispanic),
30,Montana,30051,Liberty,2015,2019,Hispanic (all races),
30,Montana,30051,Liberty,2015,2019,American Indian/Alaskan Native (includes Hispanic),
30,Montana,30051,Liberty,2015,2019,White (includes Hispanic),
30,Montana,30051,Liberty,2016,2020,Asian/Pacific Islander (includes Hispanic),
30,Montana,30051,Liberty,2016,2020,Black (includes Hispanic),
30,Montana,30051,Liberty,2016,2020,Hispanic (all races),
30,Montana,30051,Liberty,2016,2020,American Indian/Alaskan Native (includes Hispanic),
30,Montana,30051,Liberty,2016,2020,White (includes Hispanic),
30,Montana,30053,Lincoln,2011,2015,Asian/Pacific Islander (includes Hispanic),
30,Montana,30053,Lincoln,2011,2015,Black (includes Hispanic),
30,Montana,30053,Lincoln,2011,2015,Hispanic (all races),
30,Montana,30053,Lincoln,2011,2015,American Indian/Alaskan Native (includes Hispanic),
30,Montana,30053,Lincoln,2011,2015,White (includes Hispanic),7.0
30,Montana,30053,Lincoln,2012,2016,Asian/Pacific Islander (includes Hispanic),
30,Montana,30053,Lincoln,2012,2016,Black (includes Hispanic),
30,Montana,30053,Lincoln,2012,2016,Hispanic (all races),
30,Montana,30053,Lincoln,2012,2016,American Indian/Alaskan Native (includes Hispanic),
30,Montana,30053,Lincoln,2012,2016,White (includes Hispanic),7.4
30,Montana,30053,Lincoln,2013,2017,Asian/Pacific Islander (includes Hispanic),
30,Montana,30053,Lincoln,2013,2017,Black (includes Hispanic),
30,Montana,30053,Lincoln,2013,2017,Hispanic (all races),
30,Montana,30053,Lincoln,2013,2017,American Indian/Alaskan Native (includes Hispanic),
30,Montana,30053,Lincoln,2013,2017,White (includes Hispanic),7.3
30,Montana,30053,Lincoln,2014,2018,Asian/Pacific Islander (includes Hispanic),
30,Montana,30053,Lincoln,2014,2018,Black (includes Hispanic),
30,Montana,30053,Lincoln,2014,2018,Hispanic (all races),
30,Montana,30053,Lincoln,2014,2018,American Indian/Alaskan Native (includes Hispanic),
30,Montana,30053,Lincoln,2014,2018,White (includes Hispanic),5.9
30,Montana,30053,Lincoln,2015,2019,Asian/Pacific Islander (includes Hispanic),
30,Montana,30053,Lincoln,2015,2019,Black (includes Hispanic),
30,Montana,30053,Lincoln,2015,2019,Hispanic (all races),
30,Montana,30053,Lincoln,2015,2019,American Indian/Alaskan Native (includes Hispanic),
30,Montana,30053,Lincoln,2015,2019,White (includes Hispanic),5.7
30,Montana,30053,Lincoln,2016,2020,Asian/Pacific Islander (includes Hispanic),
30,Montana,30053,Lincoln,2016,2020,Black (includes Hispanic),
30,Montana,30053,Lincoln,2016,2020,Hispanic (all races),
30,Montana,30053,Lincoln,2016,2020,American Indian/Alaskan Native (includes Hispanic),
30,Montana,30053,Lincoln,2016,2020,White (includes Hispanic),6.2
30,Montana,30057,Madison,2011,2015,Asian/Pacific Islander (includes Hispanic),
30,Montana,30057,Madison,2011,2015,Black (includes Hispanic),
30,Montana,30057,Madison,2011,2015,Hispanic (all races),
30,Montana,30057,Madison,2011,2015,American Indian/Alaskan Native (includes Hispanic),
30,Montana,30057,Madison,2011,2015,White (includes Hispanic),7.5
30,Montana,30057,Madison,2012,2016,Asian/Pacific Islander (includes Hispanic),
30,Montana,30057,Madison,2012,2016,Black (includes Hispanic),
30,Montana,30057,Madison,2012,2016,Hispanic (all races),
30,Montana,30057,Madison,2012,2016,American Indian/Alaskan Native (includes Hispanic),
30,Montana,30057,Madison,2012,2016,White (includes Hispanic),6.6
30,Montana,30057,Madison,2013,2017,Asian/Pacific Islander (includes Hispanic),
30,Montana,30057,Madison,2013,2017,Black (includes Hispanic),
30,Montana,30057,Madison,2013,2017,Hispanic (all races),
30,Montana,30057,Madison,2013,2017,American Indian/Alaskan Native (includes Hispanic),
30,Montana,30057,Madison,2013,2017,White (includes Hispanic),5.6
30,Montana,30057,Madison,2014,2018,Asian/Pacific Islander (includes Hispanic),
30,Montana,30057,Madison,2014,2018,Black (includes Hispanic),
30,Montana,30057,Madison,2014,2018,Hispanic (all races),
30,Montana,30057,Madison,2014,2018,American Indian/Alaskan Native (includes Hispanic),
30,Montana,30057,Madison,2014,2018,White (includes Hispanic),5.8
30,Montana,30057,Madison,2015,2019,Asian/Pacific Islander (includes Hispanic),
30,Montana,30057,Madison,2015,2019,Black (includes Hispanic),
30,Montana,30057,Madison,2015,2019,Hispanic (all races),
30,Montana,30057,Madison,2015,2019,American Indian/Alaskan Native (includes Hispanic),
30,Montana,30057,Madison,2015,2019,White (includes Hispanic),5.5
30,Montana,30057,Madison,2016,2020,Asian/Pacific Islander (includes Hispanic),
30,Montana,30057,Madison,2016,2020,Black (includes Hispanic),
30,Montana,30057,Madison,2016,2020,Hispanic (all races),
30,Montana,30057,Madison,2016,2020,American Indian/Alaskan Native (includes Hispanic),
30,Montana,30057,Madison,2016,2020,White (includes Hispanic),5.1
30,Montana,30055,McCone,2011,2015,Asian/Pacific Islander (includes Hispanic),
30,Montana,30055,McCone,2011,2015,Black (includes Hispanic),
30,Montana,30055,McCone,2011,2015,Hispanic (all races),
30,Montana,30055,McCone,2011,2015,American Indian/Alaskan Native (includes Hispanic),
30,Montana,30055,McCone,2011,2015,White (includes Hispanic),
30,Montana,30055,McCone,2012,2016,Asian/Pacific Islander (includes Hispanic),
30,Montana,30055,McCone,2012,2016,Black (includes Hispanic),
30,Montana,30055,McCone,2012,2016,Hispanic (all races),
30,Montana,30055,McCone,2012,2016,American Indian/Alaskan Native (includes Hispanic),
30,Montana,30055,McCone,2012,2016,White (includes Hispanic),
30,Montana,30055,McCone,2013,2017,Asian/Pacific Islander (includes Hispanic),
30,Montana,30055,McCone,2013,2017,Black (includes Hispanic),
30,Montana,30055,McCone,2013,2017,Hispanic (all races),
30,Montana,30055,McCone,2013,2017,American Indian/Alaskan Native (includes Hispanic),
30,Montana,30055,McCone,2013,2017,White (includes Hispanic),
30,Montana,30055,McCone,2014,2018,Asian/Pacific Islander (includes Hispanic),
30,Montana,30055,McCone,2014,2018,Black (includes Hispanic),
30,Montana,30055,McCone,2014,2018,Hispanic (all races),
30,Montana,30055,McCone,2014,2018,American Indian/Alaskan Native (includes Hispanic),
30,Montana,30055,McCone,2014,2018,White (includes Hispanic),
30,Montana,30055,McCone,2015,2019,Asian/Pacific Islander (includes Hispanic),
30,Montana,30055,McCone,2015,2019,Black (includes Hispanic),
30,Montana,30055,McCone,2015,2019,Hispanic (all races),
30,Montana,30055,McCone,2015,2019,American Indian/Alaskan Native (includes Hispanic),
30,Montana,30055,McCone,2015,2019,White (includes Hispanic),
30,Montana,30055,McCone,2016,2020,Asian/Pacific Islander (includes Hispanic),
30,Montana,30055,McCone,2016,2020,Black (includes Hispanic),
30,Montana,30055,McCone,2016,2020,Hispanic (all races),
30,Montana,30055,McCone,2016,2020,American Indian/Alaskan Native (includes Hispanic),
30,Montana,30055,McCone,2016,2020,White (includes Hispanic),
30,Montana,30059,Meagher,2011,2015,Asian/Pacific Islander (includes Hispanic),
30,Montana,30059,Meagher,2011,2015,Black (includes Hispanic),
30,Montana,30059,Meagher,2011,2015,Hispanic (all races),
30,Montana,30059,Meagher,2011,2015,American Indian/Alaskan Native (includes Hispanic),
30,Montana,30059,Meagher,2011,2015,White (includes Hispanic),5.6
30,Montana,30059,Meagher,2012,2016,Asian/Pacific Islander (includes Hispanic),
30,Montana,30059,Meagher,2012,2016,Black (includes Hispanic),
30,Montana,30059,Meagher,2012,2016,Hispanic (all races),
30,Montana,30059,Meagher,2012,2016,American Indian/Alaskan Native (includes Hispanic),
30,Montana,30059,Meagher,2012,2016,White (includes Hispanic),5.5
30,Montana,30059,Meagher,2013,2017,Asian/Pacific Islander (includes Hispanic),
30,Montana,30059,Meagher,2013,2017,Black (includes Hispanic),
30,Montana,30059,Meagher,2013,2017,Hispanic (all races),
30,Montana,30059,Meagher,2013,2017,American Indian/Alaskan Native (includes Hispanic),
30,Montana,30059,Meagher,2013,2017,White (includes Hispanic),5.1
30,Montana,30059,Meagher,2014,2018,Asian/Pacific Islander (includes Hispanic),
30,Montana,30059,Meagher,2014,2018,Black (includes Hispanic),
30,Montana,30059,Meagher,2014,2018,Hispanic (all races),
30,Montana,30059,Meagher,2014,2018,American Indian/Alaskan Native (includes Hispanic),
30,Montana,30059,Meagher,2014,2018,White (includes Hispanic),5.4
30,Montana,30059,Meagher,2015,2019,Asian/Pacific Islander (includes Hispanic),
30,Montana,30059,Meagher,2015,2019,Black (includes Hispanic),
30,Montana,30059,Meagher,2015,2019,Hispanic (all races),
30,Montana,30059,Meagher,2015,2019,American Indian/Alaskan Native (includes Hispanic),
30,Montana,30059,Meagher,2015,2019,White (includes Hispanic),5.3
30,Montana,30059,Meagher,2016,2020,Asian/Pacific Islander (includes Hispanic),
30,Montana,30059,Meagher,2016,2020,Black (includes Hispanic),
30,Montana,30059,Meagher,2016,2020,Hispanic (all races),
30,Montana,30059,Meagher,2016,2020,American Indian/Alaskan Native (includes Hispanic),
30,Montana,30059,Meagher,2016,2020,White (includes Hispanic),5.3
30,Montana,30061,Mineral,2011,2015,Asian/Pacific Islander (includes Hispanic),
30,Montana,30061,Mineral,2011,2015,Black (includes Hispanic),
30,Montana,30061,Mineral,2011,2015,Hispanic (all races),
30,Montana,30061,Mineral,2011,2015,American Indian/Alaskan Native (includes Hispanic),
30,Montana,30061,Mineral,2011,2015,White (includes Hispanic),6.2
30,Montana,30061,Mineral,2012,2016,Asian/Pacific Islander (includes Hispanic),
30,Montana,30061,Mineral,2012,2016,Black (includes Hispanic),
30,Montana,30061,Mineral,2012,2016,Hispanic (all races),
30,Montana,30061,Mineral,2012,2016,American Indian/Alaskan Native (includes Hispanic),
30,Montana,30061,Mineral,2012,2016,White (includes Hispanic),5.6
30,Montana,30061,Mineral,2013,2017,Asian/Pacific Islander (includes Hispanic),
30,Montana,30061,Mineral,2013,2017,Black (includes Hispanic),
30,Montana,30061,Mineral,2013,2017,Hispanic (all races),
30,Montana,30061,Mineral,2013,2017,American Indian/Alaskan Native (includes Hispanic),
30,Montana,30061,Mineral,2013,2017,White (includes Hispanic),5.9
30,Montana,30061,Mineral,2014,2018,Asian/Pacific Islander (includes Hispanic),
30,Montana,30061,Mineral,2014,2018,Black (includes Hispanic),
30,Montana,30061,Mineral,2014,2018,Hispanic (all races),
30,Montana,30061,Mineral,2014,2018,American Indian/Alaskan Native (includes Hispanic),
30,Montana,30061,Mineral,2014,2018,White (includes Hispanic),6.9
30,Montana,30061,Mineral,2015,2019,Asian/Pacific Islander (includes Hispanic),
30,Montana,30061,Mineral,2015,2019,Black (includes Hispanic),
30,Montana,30061,Mineral,2015,2019,Hispanic (all races),
30,Montana,30061,Mineral,2015,2019,American Indian/Alaskan Native (includes Hispanic),
30,Montana,30061,Mineral,2015,2019,White (includes Hispanic),7.7
30,Montana,30061,Mineral,2016,2020,Asian/Pacific Islander (includes Hispanic),
30,Montana,30061,Mineral,2016,2020,Black (includes Hispanic),
30,Montana,30061,Mineral,2016,2020,Hispanic (all races),
30,Montana,30061,Mineral,2016,2020,American Indian/Alaskan Native (includes Hispanic),
30,Montana,30061,Mineral,2016,2020,White (includes Hispanic),7.7
30,Montana,30063,Missoula,2011,2015,Asian/Pacific Islander (includes Hispanic),
30,Montana,30063,Missoula,2011,2015,Black (includes Hispanic),
30,Montana,30063,Missoula,2011,2015,Hispanic (all races),
30,Montana,30063,Missoula,2011,2015,American Indian/Alaskan Native (includes Hispanic),
30,Montana,30063,Missoula,2011,2015,White (includes Hispanic),5.2
30,Montana,30063,Missoula,2012,2016,Asian/Pacific Islander (includes Hispanic),
30,Montana,30063,Missoula,2012,2016,Black (includes Hispanic),
30,Montana,30063,Missoula,2012,2016,Hispanic (all races),
30,Montana,30063,Missoula,2012,2016,American Indian/Alaskan Native (includes Hispanic),
30,Montana,30063,Missoula,2012,2016,White (includes Hispanic),5.8
30,Montana,30063,Missoula,2013,2017,Asian/Pacific Islander (includes Hispanic),
30,Montana,30063,Missoula,2013,2017,Black (includes Hispanic),
30,Montana,30063,Missoula,2013,2017,Hispanic (all races),
30,Montana,30063,Missoula,2013,2017,American Indian/Alaskan Native (includes Hispanic),
30,Montana,30063,Missoula,2013,2017,White (includes Hispanic),5.6
30,Montana,30063,Missoula,2014,2018,Asian/Pacific Islander (includes Hispanic),
30,Montana,30063,Missoula,2014,2018,Black (includes Hispanic),
30,Montana,30063,Missoula,2014,2018,Hispanic (all races),
30,Montana,30063,Missoula,2014,2018,American Indian/Alaskan Native (includes Hispanic),
30,Montana,30063,Missoula,2014,2018,White (includes Hispanic),5.8
30,Montana,30063,Missoula,2015,2019,Asian/Pacific Islander (includes Hispanic),
30,Montana,30063,Missoula,2015,2019,Black (includes Hispanic),
30,Montana,30063,Missoula,2015,2019,Hispanic (all races),
30,Montana,30063,Missoula,2015,2019,American Indian/Alaskan Native (includes Hispanic),
30,Montana,30063,Missoula,2015,2019,White (includes Hispanic),5.8
30,Montana,30063,Missoula,2016,2020,Asian/Pacific Islander (includes Hispanic),
30,Montana,30063,Missoula,2016,2020,Black (includes Hispanic),
30,Montana,30063,Missoula,2016,2020,Hispanic (all races),
30,Montana,30063,Missoula,2016,2020,American Indian/Alaskan Native (includes Hispanic),
30,Montana,30063,Missoula,2016,2020,White (includes Hispanic),6.0
30,Montana,30065,Musselshell,2011,2015,Asian/Pacific Islander (includes Hispanic),
30,Montana,30065,Musselshell,2011,2015,Black (includes Hispanic),
30,Montana,30065,Musselshell,2011,2015,Hispanic (all races),
30,Montana,30065,Musselshell,2011,2015,American Indian/Alaskan Native (includes Hispanic),
30,Montana,30065,Musselshell,2011,2015,White (includes Hispanic),7.0
30,Montana,30065,Musselshell,2012,2016,Asian/Pacific Islander (includes Hispanic),
30,Montana,30065,Musselshell,2012,2016,Black (includes Hispanic),
30,Montana,30065,Musselshell,2012,2016,Hispanic (all races),
30,Montana,30065,Musselshell,2012,2016,American Indian/Alaskan Native (includes Hispanic),
30,Montana,30065,Musselshell,2012,2016,White (includes Hispanic),7.7
30,Montana,30065,Musselshell,2013,2017,Asian/Pacific Islander (includes Hispanic),
30,Montana,30065,Musselshell,2013,2017,Black (includes Hispanic),
30,Montana,30065,Musselshell,2013,2017,Hispanic (all races),
30,Montana,30065,Musselshell,2013,2017,American Indian/Alaskan Native (includes Hispanic),
30,Montana,30065,Musselshell,2013,2017,White (includes Hispanic),7.7
30,Montana,30065,Musselshell,2014,2018,Asian/Pacific Islander (includes Hispanic),
30,Montana,30065,Musselshell,2014,2018,Black (includes Hispanic),
30,Montana,30065,Musselshell,2014,2018,Hispanic (all races),
30,Montana,30065,Musselshell,2014,2018,American Indian/Alaskan Native (includes Hispanic),
30,Montana,30065,Musselshell,2014,2018,White (includes Hispanic),7.9
30,Montana,30065,Musselshell,2015,2019,Asian/Pacific Islander (includes Hispanic),
30,Montana,30065,Musselshell,2015,2019,Black (includes Hispanic),
30,Montana,30065,Musselshell,2015,2019,Hispanic (all races),
30,Montana,30065,Musselshell,2015,2019,American Indian/Alaskan Native (includes Hispanic),
30,Montana,30065,Musselshell,2015,2019,White (includes Hispanic),7.4
30,Montana,30065,Musselshell,2016,2020,Asian/Pacific Islander (includes Hispanic),
30,Montana,30065,Musselshell,2016,2020,Black (includes Hispanic),
30,Montana,30065,Musselshell,2016,2020,Hispanic (all races),
30,Montana,30065,Musselshell,2016,2020,American Indian/Alaskan Native (includes Hispanic),
30,Montana,30065,Musselshell,2016,2020,White (includes Hispanic),6.6
30,Montana,30067,Park,2011,2015,Asian/Pacific Islander (includes Hispanic),
30,Montana,30067,Park,2011,2015,Black (includes Hispanic),
30,Montana,30067,Park,2011,2015,Hispanic (all races),
30,Montana,30067,Park,2011,2015,American Indian/Alaskan Native (includes Hispanic),
30,Montana,30067,Park,2011,2015,White (includes Hispanic),5.7
30,Montana,30067,Park,2012,2016,Asian/Pacific Islander (includes Hispanic),
30,Montana,30067,Park,2012,2016,Black (includes Hispanic),
30,Montana,30067,Park,2012,2016,Hispanic (all races),
30,Montana,30067,Park,2012,2016,American Indian/Alaskan Native (includes Hispanic),
30,Montana,30067,Park,2012,2016,White (includes Hispanic),5.0
30,Montana,30067,Park,2013,2017,Asian/Pacific Islander (includes Hispanic),
30,Montana,30067,Park,2013,2017,Black (includes Hispanic),
30,Montana,30067,Park,2013,2017,Hispanic (all races),
30,Montana,30067,Park,2013,2017,American Indian/Alaskan Native (includes Hispanic),
30,Montana,30067,Park,2013,2017,White (includes Hispanic),5.4
30,Montana,30067,Park,2014,2018,Asian/Pacific Islander (includes Hispanic),
30,Montana,30067,Park,2014,2018,Black (includes Hispanic),
30,Montana,30067,Park,2014,2018,Hispanic (all races),
30,Montana,30067,Park,2014,2018,American Indian/Alaskan Native (includes Hispanic),
30,Montana,30067,Park,2014,2018,White (includes Hispanic),6.7
30,Montana,30067,Park,2015,2019,Asian/Pacific Islander (includes Hispanic),
30,Montana,30067,Park,2015,2019,Black (includes Hispanic),
30,Montana,30067,Park,2015,2019,Hispanic (all races),
30,Montana,30067,Park,2015,2019,American Indian/Alaskan Native (includes Hispanic),
30,Montana,30067,Park,2015,2019,White (includes Hispanic),6.4
30,Montana,30067,Park,2016,2020,Asian/Pacific Islander (includes Hispanic),
30,Montana,30067,Park,2016,2020,Black (includes Hispanic),
30,Montana,30067,Park,2016,2020,Hispanic (all races),
30,Montana,30067,Park,2016,2020,American Indian/Alaskan Native (includes Hispanic),
30,Montana,30067,Park,2016,2020,White (includes Hispanic),5.5
30,Montana,30069,Petroleum,2011,2015,Asian/Pacific Islander (includes Hispanic),
30,Montana,30069,Petroleum,2011,2015,Black (includes Hispanic),
30,Montana,30069,Petroleum,2011,2015,Hispanic (all races),
30,Montana,30069,Petroleum,2011,2015,American Indian/Alaskan Native (includes Hispanic),
30,Montana,30069,Petroleum,2011,2015,White (includes Hispanic),
30,Montana,30069,Petroleum,2012,2016,Asian/Pacific Islander (includes Hispanic),
30,Montana,30069,Petroleum,2012,2016,Black (includes Hispanic),
30,Montana,30069,Petroleum,2012,2016,Hispanic (all races),
30,Montana,30069,Petroleum,2012,2016,American Indian/Alaskan Native (includes Hispanic),
30,Montana,30069,Petroleum,2012,2016,White (includes Hispanic),
30,Montana,30069,Petroleum,2013,2017,Asian/Pacific Islander (includes Hispanic),
30,Montana,30069,Petroleum,2013,2017,Black (includes Hispanic),
30,Montana,30069,Petroleum,2013,2017,Hispanic (all races),
30,Montana,30069,Petroleum,2013,2017,American Indian/Alaskan Native (includes Hispanic),
30,Montana,30069,Petroleum,2013,2017,White (includes Hispanic),
30,Montana,30069,Petroleum,2014,2018,Asian/Pacific Islander (includes Hispanic),
30,Montana,30069,Petroleum,2014,2018,Black (includes Hispanic),
30,Montana,30069,Petroleum,2014,2018,Hispanic (all races),
30,Montana,30069,Petroleum,2014,2018,American Indian/Alaskan Native (includes Hispanic),
30,Montana,30069,Petroleum,2014,2018,White (includes Hispanic),
30,Montana,30069,Petroleum,2015,2019,Asian/Pacific Islander (includes Hispanic),
30,Montana,30069,Petroleum,2015,2019,Black (includes Hispanic),
30,Montana,30069,Petroleum,2015,2019,Hispanic (all races),
30,Montana,30069,Petroleum,2015,2019,American Indian/Alaskan Native (includes Hispanic),
30,Montana,30069,Petroleum,2015,2019,White (includes Hispanic),
30,Montana,30069,Petroleum,2016,2020,Asian/Pacific Islander (includes Hispanic),
30,Montana,30069,Petroleum,2016,2020,Black (includes Hispanic),
30,Montana,30069,Petroleum,2016,2020,Hispanic (all races),
30,Montana,30069,Petroleum,2016,2020,American Indian/Alaskan Native (includes Hispanic),
30,Montana,30069,Petroleum,2016,2020,White (includes Hispanic),
30,Montana,30071,Phillips,2011,2015,Asian/Pacific Islander (includes Hispanic),
30,Montana,30071,Phillips,2011,2015,Black (includes Hispanic),
30,Montana,30071,Phillips,2011,2015,Hispanic (all races),
30,Montana,30071,Phillips,2011,2015,American Indian/Alaskan Native (includes Hispanic),
30,Montana,30071,Phillips,2011,2015,White (includes Hispanic),
30,Montana,30071,Phillips,2012,2016,Asian/Pacific Islander (includes Hispanic),
30,Montana,30071,Phillips,2012,2016,Black (includes Hispanic),
30,Montana,30071,Phillips,2012,2016,Hispanic (all races),
30,Montana,30071,Phillips,2012,2016,American Indian/Alaskan Native (includes Hispanic),
30,Montana,30071,Phillips,2012,2016,White (includes Hispanic),
30,Montana,30071,Phillips,2013,2017,Asian/Pacific Islander (includes Hispanic),
30,Montana,30071,Phillips,2013,2017,Black (includes Hispanic),
30,Montana,30071,Phillips,2013,2017,Hispanic (all races),
30,Montana,30071,Phillips,2013,2017,American Indian/Alaskan Native (includes Hispanic),
30,Montana,30071,Phillips,2013,2017,White (includes Hispanic),
30,Montana,30071,Phillips,2014,2018,Asian/Pacific Islander (includes Hispanic),
30,Montana,30071,Phillips,2014,2018,Black (includes Hispanic),
30,Montana,30071,Phillips,2014,2018,Hispanic (all races),
30,Montana,30071,Phillips,2014,2018,American Indian/Alaskan Native (includes Hispanic),
30,Montana,30071,Phillips,2014,2018,White (includes Hispanic),
30,Montana,30071,Phillips,2015,2019,Asian/Pacific Islander (includes Hispanic),
30,Montana,30071,Phillips,2015,2019,Black (includes Hispanic),
30,Montana,30071,Phillips,2015,2019,Hispanic (all races),
30,Montana,30071,Phillips,2015,2019,American Indian/Alaskan Native (includes Hispanic),
30,Montana,30071,Phillips,2015,2019,White (includes Hispanic),
30,Montana,30071,Phillips,2016,2020,Asian/Pacific Islander (includes Hispanic),
30,Montana,30071,Phillips,2016,2020,Black (includes Hispanic),
30,Montana,30071,Phillips,2016,2020,Hispanic (all races),
30,Montana,30071,Phillips,2016,2020,American Indian/Alaskan Native (includes Hispanic),
30,Montana,30071,Phillips,2016,2020,White (includes Hispanic),
30,Montana,30073,Pondera,2011,2015,Asian/Pacific Islander (includes Hispanic),
30,Montana,30073,Pondera,2011,2015,Black (includes Hispanic),
30,Montana,30073,Pondera,2011,2015,Hispanic (all races),
30,Montana,30073,Pondera,2011,2015,American Indian/Alaskan Native (includes Hispanic),
30,Montana,30073,Pondera,2011,2015,White (includes Hispanic),6.3
30,Montana,30073,Pondera,2012,2016,Asian/Pacific Islander (includes Hispanic),
30,Montana,30073,Pondera,2012,2016,Black (includes Hispanic),
30,Montana,30073,Pondera,2012,2016,Hispanic (all races),
30,Montana,30073,Pondera,2012,2016,American Indian/Alaskan Native (includes Hispanic),
30,Montana,30073,Pondera,2012,2016,White (includes Hispanic),7.1
30,Montana,30073,Pondera,2013,2017,Asian/Pacific Islander (includes Hispanic),
30,Montana,30073,Pondera,2013,2017,Black (includes Hispanic),
30,Montana,30073,Pondera,2013,2017,Hispanic (all races),
30,Montana,30073,Pondera,2013,2017,American Indian/Alaskan Native (includes Hispanic),
30,Montana,30073,Pondera,2013,2017,White (includes Hispanic),6.8
30,Montana,30073,Pondera,2014,2018,Asian/Pacific Islander (includes Hispanic),
30,Montana,30073,Pondera,2014,2018,Black (includes Hispanic),
30,Montana,30073,Pondera,2014,2018,Hispanic (all races),
30,Montana,30073,Pondera,2014,2018,American Indian/Alaskan Native (includes Hispanic),
30,Montana,30073,Pondera,2014,2018,White (includes Hispanic),5.5
30,Montana,30073,Pondera,2015,2019,Asian/Pacific Islander (includes Hispanic),
30,Montana,30073,Pondera,2015,2019,Black (includes Hispanic),
30,Montana,30073,Pondera,2015,2019,Hispanic (all races),
30,Montana,30073,Pondera,2015,2019,American Indian/Alaskan Native (includes Hispanic),
30,Montana,30073,Pondera,2015,2019,White (includes Hispanic),
30,Montana,30073,Pondera,2016,2020,Asian/Pacific Islander (includes Hispanic),
30,Montana,30073,Pondera,2016,2020,Black (includes Hispanic),
30,Montana,30073,Pondera,2016,2020,Hispanic (all races),
30,Montana,30073,Pondera,2016,2020,American Indian/Alaskan Native (includes Hispanic),
30,Montana,30073,Pondera,2016,2020,White (includes Hispanic),
30,Montana,30075,Powder River,2011,2015,Asian/Pacific Islander (includes Hispanic),
30,Montana,30075,Powder River,2011,2015,Black (includes Hispanic),
30,Montana,30075,Powder River,2011,2015,Hispanic (all races),
30,Montana,30075,Powder River,2011,2015,American Indian/Alaskan Native (includes Hispanic),
30,Montana,30075,Powder River,2011,2015,White (includes Hispanic),
30,Montana,30075,Powder River,2012,2016,Asian/Pacific Islander (includes Hispanic),
30,Montana,30075,Powder River,2012,2016,Black (includes Hispanic),
30,Montana,30075,Powder River,2012,2016,Hispanic (all races),
30,Montana,30075,Powder River,2012,2016,American Indian/Alaskan Native (includes Hispanic),
30,Montana,30075,Powder River,2012,2016,White (includes Hispanic),
30,Montana,30075,Powder River,2013,2017,Asian/Pacific Islander (includes Hispanic),
30,Montana,30075,Powder River,2013,2017,Black (includes Hispanic),
30,Montana,30075,Powder River,2013,2017,Hispanic (all races),
30,Montana,30075,Powder River,2013,2017,American Indian/Alaskan Native (includes Hispanic),
30,Montana,30075,Powder River,2013,2017,White (includes Hispanic),
30,Montana,30075,Powder River,2014,2018,Asian/Pacific Islander (includes Hispanic),
30,Montana,30075,Powder River,2014,2018,Black (includes Hispanic),
30,Montana,30075,Powder River,2014,2018,Hispanic (all races),
30,Montana,30075,Powder River,2014,2018,American Indian/Alaskan Native (includes Hispanic),
30,Montana,30075,Powder River,2014,2018,White (includes Hispanic),6.8
30,Montana,30075,Powder River,2015,2019,Asian/Pacific Islander (includes Hispanic),
30,Montana,30075,Powder River,2015,2019,Black (includes Hispanic),
30,Montana,30075,Powder River,2015,2019,Hispanic (all races),
30,Montana,30075,Powder River,2015,2019,American Indian/Alaskan Native (includes Hispanic),
30,Montana,30075,Powder River,2015,2019,White (includes Hispanic),7.5
30,Montana,30075,Powder River,2016,2020,Asian/Pacific Islander (includes Hispanic),
30,Montana,30075,Powder River,2016,2020,Black (includes Hispanic),
30,Montana,30075,Powder River,2016,2020,Hispanic (all races),
30,Montana,30075,Powder River,2016,2020,American Indian/Alaskan Native (includes Hispanic),
30,Montana,30075,Powder River,2016,2020,White (includes Hispanic),6.8
30,Montana,30077,Powell,2011,2015,Asian/Pacific Islander (includes Hispanic),
30,Montana,30077,Powell,2011,2015,Black (includes Hispanic),
30,Montana,30077,Powell,2011,2015,Hispanic (all races),
30,Montana,30077,Powell,2011,2015,American Indian/Alaskan Native (includes Hispanic),
30,Montana,30077,Powell,2011,2015,White (includes Hispanic),6.3
30,Montana,30077,Powell,2012,2016,Asian/Pacific Islander (includes Hispanic),
30,Montana,30077,Powell,2012,2016,Black (includes Hispanic),
30,Montana,30077,Powell,2012,2016,Hispanic (all races),
30,Montana,30077,Powell,2012,2016,American Indian/Alaskan Native (includes Hispanic),
30,Montana,30077,Powell,2012,2016,White (includes Hispanic),6.6
30,Montana,30077,Powell,2013,2017,Asian/Pacific Islander (includes Hispanic),
30,Montana,30077,Powell,2013,2017,Black (includes Hispanic),
30,Montana,30077,Powell,2013,2017,Hispanic (all races),
30,Montana,30077,Powell,2013,2017,American Indian/Alaskan Native (includes Hispanic),
30,Montana,30077,Powell,2013,2017,White (includes Hispanic),6.7
30,Montana,30077,Powell,2014,2018,Asian/Pacific Islander (includes Hispanic),
30,Montana,30077,Powell,2014,2018,Black (includes Hispanic),
30,Montana,30077,Powell,2014,2018,Hispanic (all races),
30,Montana,30077,Powell,2014,2018,American Indian/Alaskan Native (includes Hispanic),
30,Montana,30077,Powell,2014,2018,White (includes Hispanic),6.7
30,Montana,30077,Powell,2015,2019,Asian/Pacific Islander (includes Hispanic),
30,Montana,30077,Powell,2015,2019,Black (includes Hispanic),
30,Montana,30077,Powell,2015,2019,Hispanic (all races),
30,Montana,30077,Powell,2015,2019,American Indian/Alaskan Native (includes Hispanic),
30,Montana,30077,Powell,2015,2019,White (includes Hispanic),6.9
30,Montana,30077,Powell,2016,2020,Asian/Pacific Islander (includes Hispanic),
30,Montana,30077,Powell,2016,2020,Black (includes Hispanic),
30,Montana,30077,Powell,2016,2020,Hispanic (all races),
30,Montana,30077,Powell,2016,2020,American Indian/Alaskan Native (includes Hispanic),
30,Montana,30077,Powell,2016,2020,White (includes Hispanic),6.5
30,Montana,30079,Prairie,2011,2015,Asian/Pacific Islander (includes Hispanic),
30,Montana,30079,Prairie,2011,2015,Black (includes Hispanic),
30,Montana,30079,Prairie,2011,2015,Hispanic (all races),
30,Montana,30079,Prairie,2011,2015,American Indian/Alaskan Native (includes Hispanic),
30,Montana,30079,Prairie,2011,2015,White (includes Hispanic),
30,Montana,30079,Prairie,2012,2016,Asian/Pacific Islander (includes Hispanic),
30,Montana,30079,Prairie,2012,2016,Black (includes Hispanic),
30,Montana,30079,Prairie,2012,2016,Hispanic (all races),
30,Montana,30079,Prairie,2012,2016,American Indian/Alaskan Native (includes Hispanic),
30,Montana,30079,Prairie,2012,2016,White (includes Hispanic),
30,Montana,30079,Prairie,2013,2017,Asian/Pacific Islander (includes Hispanic),
30,Montana,30079,Prairie,2013,2017,Black (includes Hispanic),
30,Montana,30079,Prairie,2013,2017,Hispanic (all races),
30,Montana,30079,Prairie,2013,2017,American Indian/Alaskan Native (includes Hispanic),
30,Montana,30079,Prairie,2013,2017,White (includes Hispanic),
30,Montana,30079,Prairie,2014,2018,Asian/Pacific Islander (includes Hispanic),
30,Montana,30079,Prairie,2014,2018,Black (includes Hispanic),
30,Montana,30079,Prairie,2014,2018,Hispanic (all races),
30,Montana,30079,Prairie,2014,2018,American Indian/Alaskan Native (includes Hispanic),
30,Montana,30079,Prairie,2014,2018,White (includes Hispanic),
30,Montana,30079,Prairie,2015,2019,Asian/Pacific Islander (includes Hispanic),
30,Montana,30079,Prairie,2015,2019,Black (includes Hispanic),
30,Montana,30079,Prairie,2015,2019,Hispanic (all races),
30,Montana,30079,Prairie,2015,2019,American Indian/Alaskan Native (includes Hispanic),
30,Montana,30079,Prairie,2015,2019,White (includes Hispanic),
30,Montana,30079,Prairie,2016,2020,Asian/Pacific Islander (includes Hispanic),
30,Montana,30079,Prairie,2016,2020,Black (includes Hispanic),
30,Montana,30079,Prairie,2016,2020,Hispanic (all races),
30,Montana,30079,Prairie,2016,2020,American Indian/Alaskan Native (includes Hispanic),
30,Montana,30079,Prairie,2016,2020,White (includes Hispanic),
30,Montana,30081,Ravalli,2011,2015,Asian/Pacific Islander (includes Hispanic),
30,Montana,30081,Ravalli,2011,2015,Black (includes Hispanic),
30,Montana,30081,Ravalli,2011,2015,Hispanic (all races),
30,Montana,30081,Ravalli,2011,2015,American Indian/Alaskan Native (includes Hispanic),
30,Montana,30081,Ravalli,2011,2015,White (includes Hispanic),4.9
30,Montana,30081,Ravalli,2012,2016,Asian/Pacific Islander (includes Hispanic),
30,Montana,30081,Ravalli,2012,2016,Black (includes Hispanic),
30,Montana,30081,Ravalli,2012,2016,Hispanic (all races),
30,Montana,30081,Ravalli,2012,2016,American Indian/Alaskan Native (includes Hispanic),
30,Montana,30081,Ravalli,2012,2016,White (includes Hispanic),5.4
30,Montana,30081,Ravalli,2013,2017,Asian/Pacific Islander (includes Hispanic),
30,Montana,30081,Ravalli,2013,2017,Black (includes Hispanic),
30,Montana,30081,Ravalli,2013,2017,Hispanic (all races),
30,Montana,30081,Ravalli,2013,2017,American Indian/Alaskan Native (includes Hispanic),
30,Montana,30081,Ravalli,2013,2017,White (includes Hispanic),5.4
30,Montana,30081,Ravalli,2014,2018,Asian/Pacific Islander (includes Hispanic),
30,Montana,30081,Ravalli,2014,2018,Black (includes Hispanic),
30,Montana,30081,Ravalli,2014,2018,Hispanic (all races),
30,Montana,30081,Ravalli,2014,2018,American Indian/Alaskan Native (includes Hispanic),
30,Montana,30081,Ravalli,2014,2018,White (includes Hispanic),6.9
30,Montana,30081,Ravalli,2015,2019,Asian/Pacific Islander (includes Hispanic),
30,Montana,30081,Ravalli,2015,2019,Black (includes Hispanic),
30,Montana,30081,Ravalli,2015,2019,Hispanic (all races),
30,Montana,30081,Ravalli,2015,2019,American Indian/Alaskan Native (includes Hispanic),
30,Montana,30081,Ravalli,2015,2019,White (includes Hispanic),7.3
30,Montana,30081,Ravalli,2016,2020,Asian/Pacific Islander (includes Hispanic),
30,Montana,30081,Ravalli,2016,2020,Black (includes Hispanic),
30,Montana,30081,Ravalli,2016,2020,Hispanic (all races),
30,Montana,30081,Ravalli,2016,2020,American Indian/Alaskan Native (includes Hispanic),
30,Montana,30081,Ravalli,2016,2020,White (includes Hispanic),8.1
30,Montana,30083,Richland,2011,2015,Asian/Pacific Islander (includes Hispanic),
30,Montana,30083,Richland,2011,2015,Black (includes Hispanic),
30,Montana,30083,Richland,2011,2015,Hispanic (all races),
30,Montana,30083,Richland,2011,2015,American Indian/Alaskan Native (includes Hispanic),
30,Montana,30083,Richland,2011,2015,White (includes Hispanic),
30,Montana,30083,Richland,2012,2016,Asian/Pacific Islander (includes Hispanic),
30,Montana,30083,Richland,2012,2016,Black (includes Hispanic),
30,Montana,30083,Richland,2012,2016,Hispanic (all races),
30,Montana,30083,Richland,2012,2016,American Indian/Alaskan Native (includes Hispanic),
30,Montana,30083,Richland,2012,2016,White (includes Hispanic),
30,Montana,30083,Richland,2013,2017,Asian/Pacific Islander (includes Hispanic),
30,Montana,30083,Richland,2013,2017,Black (includes Hispanic),
30,Montana,30083,Richland,2013,2017,Hispanic (all races),
30,Montana,30083,Richland,2013,2017,American Indian/Alaskan Native (includes Hispanic),
30,Montana,30083,Richland,2013,2017,White (includes Hispanic),
30,Montana,30083,Richland,2014,2018,Asian/Pacific Islander (includes Hispanic),
30,Montana,30083,Richland,2014,2018,Black (includes Hispanic),
30,Montana,30083,Richland,2014,2018,Hispanic (all races),
30,Montana,30083,Richland,2014,2018,American Indian/Alaskan Native (includes Hispanic),
30,Montana,30083,Richland,2014,2018,White (includes Hispanic),
30,Montana,30083,Richland,2015,2019,Asian/Pacific Islander (includes Hispanic),
30,Montana,30083,Richland,2015,2019,Black (includes Hispanic),
30,Montana,30083,Richland,2015,2019,Hispanic (all races),
30,Montana,30083,Richland,2015,2019,American Indian/Alaskan Native (includes Hispanic),
30,Montana,30083,Richland,2015,2019,White (includes Hispanic),
30,Montana,30083,Richland,2016,2020,Asian/Pacific Islander (includes Hispanic),
30,Montana,30083,Richland,2016,2020,Black (includes Hispanic),
30,Montana,30083,Richland,2016,2020,Hispanic (all races),
30,Montana,30083,Richland,2016,2020,American Indian/Alaskan Native (includes Hispanic),
30,Montana,30083,Richland,2016,2020,White (includes Hispanic),
30,Montana,30085,Roosevelt,2011,2015,Asian/Pacific Islander (includes Hispanic),
30,Montana,30085,Roosevelt,2011,2015,Black (includes Hispanic),
30,Montana,30085,Roosevelt,2011,2015,Hispanic (all races),
30,Montana,30085,Roosevelt,2011,2015,American Indian/Alaskan Native (includes Hispanic),
30,Montana,30085,Roosevelt,2011,2015,White (includes Hispanic),
30,Montana,30085,Roosevelt,2012,2016,Asian/Pacific Islander (includes Hispanic),
30,Montana,30085,Roosevelt,2012,2016,Black (includes Hispanic),
30,Montana,30085,Roosevelt,2012,2016,Hispanic (all races),
30,Montana,30085,Roosevelt,2012,2016,American Indian/Alaskan Native (includes Hispanic),
30,Montana,30085,Roosevelt,2012,2016,White (includes Hispanic),
30,Montana,30085,Roosevelt,2013,2017,Asian/Pacific Islander (includes Hispanic),
30,Montana,30085,Roosevelt,2013,2017,Black (includes Hispanic),
30,Montana,30085,Roosevelt,2013,2017,Hispanic (all races),
30,Montana,30085,Roosevelt,2013,2017,American Indian/Alaskan Native (includes Hispanic),
30,Montana,30085,Roosevelt,2013,2017,White (includes Hispanic),
30,Montana,30085,Roosevelt,2014,2018,Asian/Pacific Islander (includes Hispanic),
30,Montana,30085,Roosevelt,2014,2018,Black (includes Hispanic),
30,Montana,30085,Roosevelt,2014,2018,Hispanic (all races),
30,Montana,30085,Roosevelt,2014,2018,American Indian/Alaskan Native (includes Hispanic),
30,Montana,30085,Roosevelt,2014,2018,White (includes Hispanic),
30,Montana,30085,Roosevelt,2015,2019,Asian/Pacific Islander (includes Hispanic),
30,Montana,30085,Roosevelt,2015,2019,Black (includes Hispanic),
30,Montana,30085,Roosevelt,2015,2019,Hispanic (all races),
30,Montana,30085,Roosevelt,2015,2019,American Indian/Alaskan Native (includes Hispanic),
30,Montana,30085,Roosevelt,2015,2019,White (includes Hispanic),
30,Montana,30085,Roosevelt,2016,2020,Asian/Pacific Islander (includes Hispanic),
30,Montana,30085,Roosevelt,2016,2020,Black (includes Hispanic),
30,Montana,30085,Roosevelt,2016,2020,Hispanic (all races),
30,Montana,30085,Roosevelt,2016,2020,American Indian/Alaskan Native (includes Hispanic),
30,Montana,30085,Roosevelt,2016,2020,White (includes Hispanic),
30,Montana,30087,Rosebud,2011,2015,Asian/Pacific Islander (includes Hispanic),
30,Montana,30087,Rosebud,2011,2015,Black (includes Hispanic),
30,Montana,30087,Rosebud,2011,2015,Hispanic (all races),
30,Montana,30087,Rosebud,2011,2015,American Indian/Alaskan Native (includes Hispanic),
30,Montana,30087,Rosebud,2011,2015,White (includes Hispanic),6.5
30,Montana,30087,Rosebud,2012,2016,Asian/Pacific Islander (includes Hispanic),
30,Montana,30087,Rosebud,2012,2016,Black (includes Hispanic),
30,Montana,30087,Rosebud,2012,2016,Hispanic (all races),
30,Montana,30087,Rosebud,2012,2016,American Indian/Alaskan Native (includes Hispanic),
30,Montana,30087,Rosebud,2012,2016,White (includes Hispanic),7.0
30,Montana,30087,Rosebud,2013,2017,Asian/Pacific Islander (includes Hispanic),
30,Montana,30087,Rosebud,2013,2017,Black (includes Hispanic),
30,Montana,30087,Rosebud,2013,2017,Hispanic (all races),
30,Montana,30087,Rosebud,2013,2017,American Indian/Alaskan Native (includes Hispanic),
30,Montana,30087,Rosebud,2013,2017,White (includes Hispanic),6.7
30,Montana,30087,Rosebud,2014,2018,Asian/Pacific Islander (includes Hispanic),
30,Montana,30087,Rosebud,2014,2018,Black (includes Hispanic),
30,Montana,30087,Rosebud,2014,2018,Hispanic (all races),
30,Montana,30087,Rosebud,2014,2018,American Indian/Alaskan Native (includes Hispanic),
30,Montana,30087,Rosebud,2014,2018,White (includes Hispanic),7.2
30,Montana,30087,Rosebud,2015,2019,Asian/Pacific Islander (includes Hispanic),
30,Montana,30087,Rosebud,2015,2019,Black (includes Hispanic),
30,Montana,30087,Rosebud,2015,2019,Hispanic (all races),
30,Montana,30087,Rosebud,2015,2019,American Indian/Alaskan Native (includes Hispanic),
30,Montana,30087,Rosebud,2015,2019,White (includes Hispanic),6.9
30,Montana,30087,Rosebud,2016,2020,Asian/Pacific Islander (includes Hispanic),
30,Montana,30087,Rosebud,2016,2020,Black (includes Hispanic),
30,Montana,30087,Rosebud,2016,2020,Hispanic (all races),
30,Montana,30087,Rosebud,2016,2020,American Indian/Alaskan Native (includes Hispanic),
30,Montana,30087,Rosebud,2016,2020,White (includes Hispanic),6.5
30,Montana,30089,Sanders,2011,2015,Asian/Pacific Islander (includes Hispanic),
30,Montana,30089,Sanders,2011,2015,Black (includes Hispanic),
30,Montana,30089,Sanders,2011,2015,Hispanic (all races),
30,Montana,30089,Sanders,2011,2015,American Indian/Alaskan Native (includes Hispanic),
30,Montana,30089,Sanders,2011,2015,White (includes Hispanic),6.0
30,Montana,30089,Sanders,2012,2016,Asian/Pacific Islander (includes Hispanic),
30,Montana,30089,Sanders,2012,2016,Black (includes Hispanic),
30,Montana,30089,Sanders,2012,2016,Hispanic (all races),
30,Montana,30089,Sanders,2012,2016,American Indian/Alaskan Native (includes Hispanic),
30,Montana,30089,Sanders,2012,2016,White (includes Hispanic),6.0
30,Montana,30089,Sanders,2013,2017,Asian/Pacific Islander (includes Hispanic),
30,Montana,30089,Sanders,2013,2017,Black (includes Hispanic),
30,Montana,30089,Sanders,2013,2017,Hispanic (all races),
30,Montana,30089,Sanders,2013,2017,American Indian/Alaskan Native (includes Hispanic),
30,Montana,30089,Sanders,2013,2017,White (includes Hispanic),6.3
30,Montana,30089,Sanders,2014,2018,Asian/Pacific Islander (includes Hispanic),
30,Montana,30089,Sanders,2014,2018,Black (includes Hispanic),
30,Montana,30089,Sanders,2014,2018,Hispanic (all races),
30,Montana,30089,Sanders,2014,2018,American Indian/Alaskan Native (includes Hispanic),
30,Montana,30089,Sanders,2014,2018,White (includes Hispanic),6.1
30,Montana,30089,Sanders,2015,2019,Asian/Pacific Islander (includes Hispanic),
30,Montana,30089,Sanders,2015,2019,Black (includes Hispanic),
30,Montana,30089,Sanders,2015,2019,Hispanic (all races),
30,Montana,30089,Sanders,2015,2019,American Indian/Alaskan Native (includes Hispanic),
30,Montana,30089,Sanders,2015,2019,White (includes Hispanic),6.3
30,Montana,30089,Sanders,2016,2020,Asian/Pacific Islander (includes Hispanic),
30,Montana,30089,Sanders,2016,2020,Black (includes Hispanic),
30,Montana,30089,Sanders,2016,2020,Hispanic (all races),
30,Montana,30089,Sanders,2016,2020,American Indian/Alaskan Native (includes Hispanic),
30,Montana,30089,Sanders,2016,2020,White (includes Hispanic),6.7
30,Montana,30091,Sheridan,2011,2015,Asian/Pacific Islander (includes Hispanic),
30,Montana,30091,Sheridan,2011,2015,Black (includes Hispanic),
30,Montana,30091,Sheridan,2011,2015,Hispanic (all races),
30,Montana,30091,Sheridan,2011,2015,American Indian/Alaskan Native (includes Hispanic),
30,Montana,30091,Sheridan,2011,2015,White (includes Hispanic),
30,Montana,30091,Sheridan,2012,2016,Asian/Pacific Islander (includes Hispanic),
30,Montana,30091,Sheridan,2012,2016,Black (includes Hispanic),
30,Montana,30091,Sheridan,2012,2016,Hispanic (all races),
30,Montana,30091,Sheridan,2012,2016,American Indian/Alaskan Native (includes Hispanic),
30,Montana,30091,Sheridan,2012,2016,White (includes Hispanic),
30,Montana,30091,Sheridan,2013,2017,Asian/Pacific Islander (includes Hispanic),
30,Montana,30091,Sheridan,2013,2017,Black (includes Hispanic),
30,Montana,30091,Sheridan,2013,2017,Hispanic (all races),
30,Montana,30091,Sheridan,2013,2017,American Indian/Alaskan Native (includes Hispanic),
30,Montana,30091,Sheridan,2013,2017,White (includes Hispanic),
30,Montana,30091,Sheridan,2014,2018,Asian/Pacific Islander (includes Hispanic),
30,Montana,30091,Sheridan,2014,2018,Black (includes Hispanic),
30,Montana,30091,Sheridan,2014,2018,Hispanic (all races),
30,Montana,30091,Sheridan,2014,2018,American Indian/Alaskan Native (includes Hispanic),
30,Montana,30091,Sheridan,2014,2018,White (includes Hispanic),
30,Montana,30091,Sheridan,2015,2019,Asian/Pacific Islander (includes Hispanic),
30,Montana,30091,Sheridan,2015,2019,Black (includes Hispanic),
30,Montana,30091,Sheridan,2015,2019,Hispanic (all races),
30,Montana,30091,Sheridan,2015,2019,American Indian/Alaskan Native (includes Hispanic),
30,Montana,30091,Sheridan,2015,2019,White (includes Hispanic),
30,Montana,30091,Sheridan,2016,2020,Asian/Pacific Islander (includes Hispanic),
30,Montana,30091,Sheridan,2016,2020,Black (includes Hispanic),
30,Montana,30091,Sheridan,2016,2020,Hispanic (all races),
30,Montana,30091,Sheridan,2016,2020,American Indian/Alaskan Native (includes Hispanic),
30,Montana,30091,Sheridan,2016,2020,White (includes Hispanic),
30,Montana,30093,Silver Bow,2011,2015,Asian/Pacific Islander (includes Hispanic),
30,Montana,30093,Silver Bow,2011,2015,Black (includes Hispanic),
30,Montana,30093,Silver Bow,2011,2015,Hispanic (all races),
30,Montana,30093,Silver Bow,2011,2015,American Indian/Alaskan Native (includes Hispanic),
30,Montana,30093,Silver Bow,2011,2015,White (includes Hispanic),11.5
30,Montana,30093,Silver Bow,2012,2016,Asian/Pacific Islander (includes Hispanic),
30,Montana,30093,Silver Bow,2012,2016,Black (includes Hispanic),
30,Montana,30093,Silver Bow,2012,2016,Hispanic (all races),
30,Montana,30093,Silver Bow,2012,2016,American Indian/Alaskan Native (includes Hispanic),
30,Montana,30093,Silver Bow,2012,2016,White (includes Hispanic),10.1
30,Montana,30093,Silver Bow,2013,2017,Asian/Pacific Islander (includes Hispanic),
30,Montana,30093,Silver Bow,2013,2017,Black (includes Hispanic),
30,Montana,30093,Silver Bow,2013,2017,Hispanic (all races),
30,Montana,30093,Silver Bow,2013,2017,American Indian/Alaskan Native (includes Hispanic),
30,Montana,30093,Silver Bow,2013,2017,White (includes Hispanic),
30,Montana,30093,Silver Bow,2014,2018,Asian/Pacific Islander (includes Hispanic),
30,Montana,30093,Silver Bow,2014,2018,Black (includes Hispanic),
30,Montana,30093,Silver Bow,2014,2018,Hispanic (all races),
30,Montana,30093,Silver Bow,2014,2018,American Indian/Alaskan Native (includes Hispanic),
30,Montana,30093,Silver Bow,2014,2018,White (includes Hispanic),
30,Montana,30093,Silver Bow,2015,2019,Asian/Pacific Islander (includes Hispanic),
30,Montana,30093,Silver Bow,2015,2019,Black (includes Hispanic),
30,Montana,30093,Silver Bow,2015,2019,Hispanic (all races),
30,Montana,30093,Silver Bow,2015,2019,American Indian/Alaskan Native (includes Hispanic),
30,Montana,30093,Silver Bow,2015,2019,White (includes Hispanic),
30,Montana,30093,Silver Bow,2016,2020,Asian/Pacific Islander (includes Hispanic),
30,Montana,30093,Silver Bow,2016,2020,Black (includes Hispanic),
30,Montana,30093,Silver Bow,2016,2020,Hispanic (all races),
30,Montana,30093,Silver Bow,2016,2020,American Indian/Alaskan Native (includes Hispanic),
30,Montana,30093,Silver Bow,2016,2020,White (includes Hispanic),
30,Montana,30095,Stillwater,2011,2015,Asian/Pacific Islander (includes Hispanic),
30,Montana,30095,Stillwater,2011,2015,Black (includes Hispanic),
30,Montana,30095,Stillwater,2011,2015,Hispanic (all races),
30,Montana,30095,Stillwater,2011,2015,American Indian/Alaskan Native (includes Hispanic),
30,Montana,30095,Stillwater,2011,2015,White (includes Hispanic),6.9
30,Montana,30095,Stillwater,2012,2016,Asian/Pacific Islander (includes Hispanic),
30,Montana,30095,Stillwater,2012,2016,Black (includes Hispanic),
30,Montana,30095,Stillwater,2012,2016,Hispanic (all races),
30,Montana,30095,Stillwater,2012,2016,American Indian/Alaskan Native (includes Hispanic),
30,Montana,30095,Stillwater,2012,2016,White (includes Hispanic),7.1
30,Montana,30095,Stillwater,2013,2017,Asian/Pacific Islander (includes Hispanic),
30,Montana,30095,Stillwater,2013,2017,Black (includes Hispanic),
30,Montana,30095,Stillwater,2013,2017,Hispanic (all races),
30,Montana,30095,Stillwater,2013,2017,American Indian/Alaskan Native (includes Hispanic),
30,Montana,30095,Stillwater,2013,2017,White (includes Hispanic),7.7
30,Montana,30095,Stillwater,2014,2018,Asian/Pacific Islander (includes Hispanic),
30,Montana,30095,Stillwater,2014,2018,Black (includes Hispanic),
30,Montana,30095,Stillwater,2014,2018,Hispanic (all races),
30,Montana,30095,Stillwater,2014,2018,American Indian/Alaskan Native (includes Hispanic),
30,Montana,30095,Stillwater,2014,2018,White (includes Hispanic),8.1
30,Montana,30095,Stillwater,2015,2019,Asian/Pacific Islander (includes Hispanic),
30,Montana,30095,Stillwater,2015,2019,Black (includes Hispanic),
30,Montana,30095,Stillwater,2015,2019,Hispanic (all races),
30,Montana,30095,Stillwater,2015,2019,American Indian/Alaskan Native (includes Hispanic),
30,Montana,30095,Stillwater,2015,2019,White (includes Hispanic),8.0
30,Montana,30095,Stillwater,2016,2020,Asian/Pacific Islander (includes Hispanic),
30,Montana,30095,Stillwater,2016,2020,Black (includes Hispanic),
30,Montana,30095,Stillwater,2016,2020,Hispanic (all races),
30,Montana,30095,Stillwater,2016,2020,American Indian/Alaskan Native (includes Hispanic),
30,Montana,30095,Stillwater,2016,2020,White (includes Hispanic),6.8
30,Montana,30097,Sweet Grass,2011,2015,Asian/Pacific Islander (includes Hispanic),
30,Montana,30097,Sweet Grass,2011,2015,Black (includes Hispanic),
30,Montana,30097,Sweet Grass,2011,2015,Hispanic (all races),
30,Montana,30097,Sweet Grass,2011,2015,American Indian/Alaskan Native (includes Hispanic),
30,Montana,30097,Sweet Grass,2011,2015,White (includes Hispanic),
30,Montana,30097,Sweet Grass,2012,2016,Asian/Pacific Islander (includes Hispanic),
30,Montana,30097,Sweet Grass,2012,2016,Black (includes Hispanic),
30,Montana,30097,Sweet Grass,2012,2016,Hispanic (all races),
30,Montana,30097,Sweet Grass,2012,2016,American Indian/Alaskan Native (includes Hispanic),
30,Montana,30097,Sweet Grass,2012,2016,White (includes Hispanic),
30,Montana,30097,Sweet Grass,2013,2017,Asian/Pacific Islander (includes Hispanic),
30,Montana,30097,Sweet Grass,2013,2017,Black (includes Hispanic),
30,Montana,30097,Sweet Grass,2013,2017,Hispanic (all races),
30,Montana,30097,Sweet Grass,2013,2017,American Indian/Alaskan Native (includes Hispanic),
30,Montana,30097,Sweet Grass,2013,2017,White (includes Hispanic),
30,Montana,30097,Sweet Grass,2014,2018,Asian/Pacific Islander (includes Hispanic),
30,Montana,30097,Sweet Grass,2014,2018,Black (includes Hispanic),
30,Montana,30097,Sweet Grass,2014,2018,Hispanic (all races),
30,Montana,30097,Sweet Grass,2014,2018,American Indian/Alaskan Native (includes Hispanic),
30,Montana,30097,Sweet Grass,2014,2018,White (includes Hispanic),
30,Montana,30097,Sweet Grass,2015,2019,Asian/Pacific Islander (includes Hispanic),
30,Montana,30097,Sweet Grass,2015,2019,Black (includes Hispanic),
30,Montana,30097,Sweet Grass,2015,2019,Hispanic (all races),
30,Montana,30097,Sweet Grass,2015,2019,American Indian/Alaskan Native (includes Hispanic),
30,Montana,30097,Sweet Grass,2015,2019,White (includes Hispanic),
30,Montana,30097,Sweet Grass,2016,2020,Asian/Pacific Islander (includes Hispanic),
30,Montana,30097,Sweet Grass,2016,2020,Black (includes Hispanic),
30,Montana,30097,Sweet Grass,2016,2020,Hispanic (all races),
30,Montana,30097,Sweet Grass,2016,2020,American Indian/Alaskan Native (includes Hispanic),
30,Montana,30097,Sweet Grass,2016,2020,White (includes Hispanic),
30,Montana,30099,Teton,2011,2015,Asian/Pacific Islander (includes Hispanic),
30,Montana,30099,Teton,2011,2015,Black (includes Hispanic),
30,Montana,30099,Teton,2011,2015,Hispanic (all races),
30,Montana,30099,Teton,2011,2015,American Indian/Alaskan Native (includes Hispanic),
30,Montana,30099,Teton,2011,2015,White (includes Hispanic),6.0
30,Montana,30099,Teton,2012,2016,Asian/Pacific Islander (includes Hispanic),
30,Montana,30099,Teton,2012,2016,Black (includes Hispanic),
30,Montana,30099,Teton,2012,2016,Hispanic (all races),
30,Montana,30099,Teton,2012,2016,American Indian/Alaskan Native (includes Hispanic),
30,Montana,30099,Teton,2012,2016,White (includes Hispanic),6.0
30,Montana,30099,Teton,2013,2017,Asian/Pacific Islander (includes Hispanic),
30,Montana,30099,Teton,2013,2017,Black (includes Hispanic),
30,Montana,30099,Teton,2013,2017,Hispanic (all races),
30,Montana,30099,Teton,2013,2017,American Indian/Alaskan Native (includes Hispanic),
30,Montana,30099,Teton,2013,2017,White (includes Hispanic),5.5
30,Montana,30099,Teton,2014,2018,Asian/Pacific Islander (includes Hispanic),
30,Montana,30099,Teton,2014,2018,Black (includes Hispanic),
30,Montana,30099,Teton,2014,2018,Hispanic (all races),
30,Montana,30099,Teton,2014,2018,American Indian/Alaskan Native (includes Hispanic),
30,Montana,30099,Teton,2014,2018,White (includes Hispanic),5.0
30,Montana,30099,Teton,2015,2019,Asian/Pacific Islander (includes Hispanic),
30,Montana,30099,Teton,2015,2019,Black (includes Hispanic),
30,Montana,30099,Teton,2015,2019,Hispanic (all races),
30,Montana,30099,Teton,2015,2019,American Indian/Alaskan Native (includes Hispanic),
30,Montana,30099,Teton,2015,2019,White (includes Hispanic),4.7
30,Montana,30099,Teton,2016,2020,Asian/Pacific Islander (includes Hispanic),
30,Montana,30099,Teton,2016,2020,Black (includes Hispanic),
30,Montana,30099,Teton,2016,2020,Hispanic (all races),
30,Montana,30099,Teton,2016,2020,American Indian/Alaskan Native (includes Hispanic),
30,Montana,30099,Teton,2016,2020,White (includes Hispanic),4.9
30,Montana,30101,Toole,2011,2015,Asian/Pacific Islander (includes Hispanic),
30,Montana,30101,Toole,2011,2015,Black (includes Hispanic),
30,Montana,30101,Toole,2011,2015,Hispanic (all races),
30,Montana,30101,Toole,2011,2015,American Indian/Alaskan Native (includes Hispanic),
30,Montana,30101,Toole,2011,2015,White (includes Hispanic),
30,Montana,30101,Toole,2012,2016,Asian/Pacific Islander (includes Hispanic),
30,Montana,30101,Toole,2012,2016,Black (includes Hispanic),
30,Montana,30101,Toole,2012,2016,Hispanic (all races),
30,Montana,30101,Toole,2012,2016,American Indian/Alaskan Native (includes Hispanic),
30,Montana,30101,Toole,2012,2016,White (includes Hispanic),
30,Montana,30101,Toole,2013,2017,Asian/Pacific Islander (includes Hispanic),
30,Montana,30101,Toole,2013,2017,Black (includes Hispanic),
30,Montana,30101,Toole,2013,2017,Hispanic (all races),
30,Montana,30101,Toole,2013,2017,American Indian/Alaskan Native (includes Hispanic),
30,Montana,30101,Toole,2013,2017,White (includes Hispanic),
30,Montana,30101,Toole,2014,2018,Asian/Pacific Islander (includes Hispanic),
30,Montana,30101,Toole,2014,2018,Black (includes Hispanic),
30,Montana,30101,Toole,2014,2018,Hispanic (all races),
30,Montana,30101,Toole,2014,2018,American Indian/Alaskan Native (includes Hispanic),
30,Montana,30101,Toole,2014,2018,White (includes Hispanic),
30,Montana,30101,Toole,2015,2019,Asian/Pacific Islander (includes Hispanic),
30,Montana,30101,Toole,2015,2019,Black (includes Hispanic),
30,Montana,30101,Toole,2015,2019,Hispanic (all races),
30,Montana,30101,Toole,2015,2019,American Indian/Alaskan Native (includes Hispanic),
30,Montana,30101,Toole,2015,2019,White (includes Hispanic),
30,Montana,30101,Toole,2016,2020,Asian/Pacific Islander (includes Hispanic),
30,Montana,30101,Toole,2016,2020,Black (includes Hispanic),
30,Montana,30101,Toole,2016,2020,Hispanic (all races),
30,Montana,30101,Toole,2016,2020,American Indian/Alaskan Native (includes Hispanic),
30,Montana,30101,Toole,2016,2020,White (includes Hispanic),
30,Montana,30103,Treasure,2011,2015,Asian/Pacific Islander (includes Hispanic),
30,Montana,30103,Treasure,2011,2015,Black (includes Hispanic),
30,Montana,30103,Treasure,2011,2015,Hispanic (all races),
30,Montana,30103,Treasure,2011,2015,American Indian/Alaskan Native (includes Hispanic),
30,Montana,30103,Treasure,2011,2015,White (includes Hispanic),6.7
30,Montana,30103,Treasure,2012,2016,Asian/Pacific Islander (includes Hispanic),
30,Montana,30103,Treasure,2012,2016,Black (includes Hispanic),
30,Montana,30103,Treasure,2012,2016,Hispanic (all races),
30,Montana,30103,Treasure,2012,2016,American Indian/Alaskan Native (includes Hispanic),
30,Montana,30103,Treasure,2012,2016,White (includes Hispanic),6.8
30,Montana,30103,Treasure,2013,2017,Asian/Pacific Islander (includes Hispanic),
30,Montana,30103,Treasure,2013,2017,Black (includes Hispanic),
30,Montana,30103,Treasure,2013,2017,Hispanic (all races),
30,Montana,30103,Treasure,2013,2017,American Indian/Alaskan Native (includes Hispanic),
30,Montana,30103,Treasure,2013,2017,White (includes Hispanic),7.1
30,Montana,30103,Treasure,2014,2018,Asian/Pacific Islander (includes Hispanic),
30,Montana,30103,Treasure,2014,2018,Black (includes Hispanic),
30,Montana,30103,Treasure,2014,2018,Hispanic (all races),
30,Montana,30103,Treasure,2014,2018,American Indian/Alaskan Native (includes Hispanic),
30,Montana,30103,Treasure,2014,2018,White (includes Hispanic),7.2
30,Montana,30103,Treasure,2015,2019,Asian/Pacific Islander (includes Hispanic),
30,Montana,30103,Treasure,2015,2019,Black (includes Hispanic),
30,Montana,30103,Treasure,2015,2019,Hispanic (all races),
30,Montana,30103,Treasure,2015,2019,American Indian/Alaskan Native (includes Hispanic),
30,Montana,30103,Treasure,2015,2019,White (includes Hispanic),6.9
30,Montana,30103,Treasure,2016,2020,Asian/Pacific Islander (includes Hispanic),
30,Montana,30103,Treasure,2016,2020,Black (includes Hispanic),
30,Montana,30103,Treasure,2016,2020,Hispanic (all races),
30,Montana,30103,Treasure,2016,2020,American Indian/Alaskan Native (includes Hispanic),
30,Montana,30103,Treasure,2016,2020,White (includes Hispanic),6.2
30,Montana,30105,Valley,2011,2015,Asian/Pacific Islander (includes Hispanic),
30,Montana,30105,Valley,2011,2015,Black (includes Hispanic),
30,Montana,30105,Valley,2011,2015,Hispanic (all races),
30,Montana,30105,Valley,2011,2015,American Indian/Alaskan Native (includes Hispanic),
30,Montana,30105,Valley,2011,2015,White (includes Hispanic),
30,Montana,30105,Valley,2012,2016,Asian/Pacific Islander (includes Hispanic),
30,Montana,30105,Valley,2012,2016,Black (includes Hispanic),
30,Montana,30105,Valley,2012,2016,Hispanic (all races),
30,Montana,30105,Valley,2012,2016,American Indian/Alaskan Native (includes Hispanic),
30,Montana,30105,Valley,2012,2016,White (includes Hispanic),
30,Montana,30105,Valley,2013,2017,Asian/Pacific Islander (includes Hispanic),
30,Montana,30105,Valley,2013,2017,Black (includes Hispanic),
30,Montana,30105,Valley,2013,2017,Hispanic (all races),
30,Montana,30105,Valley,2013,2017,American Indian/Alaskan Native (includes Hispanic),
30,Montana,30105,Valley,2013,2017,White (includes Hispanic),
30,Montana,30105,Valley,2014,2018,Asian/Pacific Islander (includes Hispanic),
30,Montana,30105,Valley,2014,2018,Black (includes Hispanic),
30,Montana,30105,Valley,2014,2018,Hispanic (all races),
30,Montana,30105,Valley,2014,2018,American Indian/Alaskan Native (includes Hispanic),
30,Montana,30105,Valley,2014,2018,White (includes Hispanic),
30,Montana,30105,Valley,2015,2019,Asian/Pacific Islander (includes Hispanic),
30,Montana,30105,Valley,2015,2019,Black (includes Hispanic),
30,Montana,30105,Valley,2015,2019,Hispanic (all races),
30,Montana,30105,Valley,2015,2019,American Indian/Alaskan Native (includes Hispanic),
30,Montana,30105,Valley,2015,2019,White (includes Hispanic),
30,Montana,30105,Valley,2016,2020,Asian/Pacific Islander (includes Hispanic),
30,Montana,30105,Valley,2016,2020,Black (includes Hispanic),
30,Montana,30105,Valley,2016,2020,Hispanic (all races),
30,Montana,30105,Valley,2016,2020,American Indian/Alaskan Native (includes Hispanic),
30,Montana,30105,Valley,2016,2020,White (includes Hispanic),
30,Montana,30107,Wheatland,2011,2015,Asian/Pacific Islander (includes Hispanic),
30,Montana,30107,Wheatland,2011,2015,Black (includes Hispanic),
30,Montana,30107,Wheatland,2011,2015,Hispanic (all races),
30,Montana,30107,Wheatland,2011,2015,American Indian/Alaskan Native (includes Hispanic),
30,Montana,30107,Wheatland,2011,2015,White (includes Hispanic),
30,Montana,30107,Wheatland,2012,2016,Asian/Pacific Islander (includes Hispanic),
30,Montana,30107,Wheatland,2012,2016,Black (includes Hispanic),
30,Montana,30107,Wheatland,2012,2016,Hispanic (all races),
30,Montana,30107,Wheatland,2012,2016,American Indian/Alaskan Native (includes Hispanic),
30,Montana,30107,Wheatland,2012,2016,White (includes Hispanic),
30,Montana,30107,Wheatland,2013,2017,Asian/Pacific Islander (includes Hispanic),
30,Montana,30107,Wheatland,2013,2017,Black (includes Hispanic),
30,Montana,30107,Wheatland,2013,2017,Hispanic (all races),
30,Montana,30107,Wheatland,2013,2017,American Indian/Alaskan Native (includes Hispanic),
30,Montana,30107,Wheatland,2013,2017,White (includes Hispanic),
30,Montana,30107,Wheatland,2014,2018,Asian/Pacific Islander (includes Hispanic),
30,Montana,30107,Wheatland,2014,2018,Black (includes Hispanic),
30,Montana,30107,Wheatland,2014,2018,Hispanic (all races),
30,Montana,30107,Wheatland,2014,2018,American Indian/Alaskan Native (includes Hispanic),
30,Montana,30107,Wheatland,2014,2018,White (includes Hispanic),
30,Montana,30107,Wheatland,2015,2019,Asian/Pacific Islander (includes Hispanic),
30,Montana,30107,Wheatland,2015,2019,Black (includes Hispanic),
30,Montana,30107,Wheatland,2015,2019,Hispanic (all races),
30,Montana,30107,Wheatland,2015,2019,American Indian/Alaskan Native (includes Hispanic),
30,Montana,30107,Wheatland,2015,2019,White (includes Hispanic),
30,Montana,30107,Wheatland,2016,2020,Asian/Pacific Islander (includes Hispanic),
30,Montana,30107,Wheatland,2016,2020,Black (includes Hispanic),
30,Montana,30107,Wheatland,2016,2020,Hispanic (all races),
30,Montana,30107,Wheatland,2016,2020,American Indian/Alaskan Native (includes Hispanic),
30,Montana,30107,Wheatland,2016,2020,White (includes Hispanic),
30,Montana,30109,Wibaux,2011,2015,Asian/Pacific Islander (includes Hispanic),
30,Montana,30109,Wibaux,2011,2015,Black (includes Hispanic),
30,Montana,30109,Wibaux,2011,2015,Hispanic (all races),
30,Montana,30109,Wibaux,2011,2015,American Indian/Alaskan Native (includes Hispanic),
30,Montana,30109,Wibaux,2011,2015,White (includes Hispanic),
30,Montana,30109,Wibaux,2012,2016,Asian/Pacific Islander (includes Hispanic),
30,Montana,30109,Wibaux,2012,2016,Black (includes Hispanic),
30,Montana,30109,Wibaux,2012,2016,Hispanic (all races),
30,Montana,30109,Wibaux,2012,2016,American Indian/Alaskan Native (includes Hispanic),
30,Montana,30109,Wibaux,2012,2016,White (includes Hispanic),
30,Montana,30109,Wibaux,2013,2017,Asian/Pacific Islander (includes Hispanic),
30,Montana,30109,Wibaux,2013,2017,Black (includes Hispanic),
30,Montana,30109,Wibaux,2013,2017,Hispanic (all races),
30,Montana,30109,Wibaux,2013,2017,American Indian/Alaskan Native (includes Hispanic),
30,Montana,30109,Wibaux,2013,2017,White (includes Hispanic),
30,Montana,30109,Wibaux,2014,2018,Asian/Pacific Islander (includes Hispanic),
30,Montana,30109,Wibaux,2014,2018,Black (includes Hispanic),
30,Montana,30109,Wibaux,2014,2018,Hispanic (all races),
30,Montana,30109,Wibaux,2014,2018,American Indian/Alaskan Native (includes Hispanic),
30,Montana,30109,Wibaux,2014,2018,White (includes Hispanic),
30,Montana,30109,Wibaux,2015,2019,Asian/Pacific Islander (includes Hispanic),
30,Montana,30109,Wibaux,2015,2019,Black (includes Hispanic),
30,Montana,30109,Wibaux,2015,2019,Hispanic (all races),
30,Montana,30109,Wibaux,2015,2019,American Indian/Alaskan Native (includes Hispanic),
30,Montana,30109,Wibaux,2015,2019,White (includes Hispanic),
30,Montana,30109,Wibaux,2016,2020,Asian/Pacific Islander (includes Hispanic),
30,Montana,30109,Wibaux,2016,2020,Black (includes Hispanic),
30,Montana,30109,Wibaux,2016,2020,Hispanic (all races),
30,Montana,30109,Wibaux,2016,2020,American Indian/Alaskan Native (includes Hispanic),
30,Montana,30109,Wibaux,2016,2020,White (includes Hispanic),
30,Montana,30111,Yellowstone,2011,2015,Asian/Pacific Islander (includes Hispanic),
30,Montana,30111,Yellowstone,2011,2015,Black (includes Hispanic),
30,Montana,30111,Yellowstone,2011,2015,Hispanic (all races),
30,Montana,30111,Yellowstone,2011,2015,American Indian/Alaskan Native (includes Hispanic),
30,Montana,30111,Yellowstone,2011,2015,White (includes Hispanic),7.0
30,Montana,30111,Yellowstone,2012,2016,Asian/Pacific Islander (includes Hispanic),
30,Montana,30111,Yellowstone,2012,2016,Black (includes Hispanic),
30,Montana,30111,Yellowstone,2012,2016,Hispanic (all races),
30,Montana,30111,Yellowstone,2012,2016,American Indian/Alaskan Native (includes Hispanic),
30,Montana,30111,Yellowstone,2012,2016,White (includes Hispanic),7.0
30,Montana,30111,Yellowstone,2013,2017,Asian/Pacific Islander (includes Hispanic),
30,Montana,30111,Yellowstone,2013,2017,Black (includes Hispanic),
30,Montana,30111,Yellowstone,2013,2017,Hispanic (all races),
30,Montana,30111,Yellowstone,2013,2017,American Indian/Alaskan Native (includes Hispanic),
30,Montana,30111,Yellowstone,2013,2017,White (includes Hispanic),7.3
30,Montana,30111,Yellowstone,2014,2018,Asian/Pacific Islander (includes Hispanic),
30,Montana,30111,Yellowstone,2014,2018,Black (includes Hispanic),
30,Montana,30111,Yellowstone,2014,2018,Hispanic (all races),
30,Montana,30111,Yellowstone,2014,2018,American Indian/Alaskan Native (includes Hispanic),
30,Montana,30111,Yellowstone,2014,2018,White (includes Hispanic),7.7
30,Montana,30111,Yellowstone,2015,2019,Asian/Pacific Islander (includes Hispanic),
30,Montana,30111,Yellowstone,2015,2019,Black (includes Hispanic),
30,Montana,30111,Yellowstone,2015,2019,Hispanic (all races),
30,Montana,30111,Yellowstone,2015,2019,American Indian/Alaskan Native (includes Hispanic),
30,Montana,30111,Yellowstone,2015,2019,White (includes Hispanic),7.3
30,Montana,30111,Yellowstone,2016,2020,Asian/Pacific Islander (includes Hispanic),
30,Montana,30111,Yellowstone,2016,2020,Black (includes Hispanic),
30,Montana,30111,Yellowstone,2016,2020,Hispanic (all races),
30,Montana,30111,Yellowstone,2016,2020,American Indian/Alaskan Native (includes Hispanic),
30,Montana,30111,Yellowstone,2016,2020,White (includes Hispanic),6.5
31,Nebraska,31001,Adams,2011,2015,Asian/Pacific Islander (includes Hispanic),
31,Nebraska,31001,Adams,2011,2015,Black (includes Hispanic),
31,Nebraska,31001,Adams,2011,2015,Hispanic (all races),
31,Nebraska,31001,Adams,2011,2015,American Indian/Alaskan Native (includes Hispanic),
31,Nebraska,31001,Adams,2011,2015,White (includes Hispanic),8.3
31,Nebraska,31001,Adams,2012,2016,Asian/Pacific Islander (includes Hispanic),
31,Nebraska,31001,Adams,2012,2016,Black (includes Hispanic),
31,Nebraska,31001,Adams,2012,2016,Hispanic (all races),
31,Nebraska,31001,Adams,2012,2016,American Indian/Alaskan Native (includes Hispanic),
31,Nebraska,31001,Adams,2012,2016,White (includes Hispanic),7.9
31,Nebraska,31001,Adams,2013,2017,Asian/Pacific Islander (includes Hispanic),
31,Nebraska,31001,Adams,2013,2017,Black (includes Hispanic),
31,Nebraska,31001,Adams,2013,2017,Hispanic (all races),
31,Nebraska,31001,Adams,2013,2017,American Indian/Alaskan Native (includes Hispanic),
31,Nebraska,31001,Adams,2013,2017,White (includes Hispanic),9.0
31,Nebraska,31001,Adams,2014,2018,Asian/Pacific Islander (includes Hispanic),
31,Nebraska,31001,Adams,2014,2018,Black (includes Hispanic),
31,Nebraska,31001,Adams,2014,2018,Hispanic (all races),
31,Nebraska,31001,Adams,2014,2018,American Indian/Alaskan Native (includes Hispanic),
31,Nebraska,31001,Adams,2014,2018,White (includes Hispanic),7.2
31,Nebraska,31001,Adams,2015,2019,Asian/Pacific Islander (includes Hispanic),
31,Nebraska,31001,Adams,2015,2019,Black (includes Hispanic),
31,Nebraska,31001,Adams,2015,2019,Hispanic (all races),
31,Nebraska,31001,Adams,2015,2019,American Indian/Alaskan Native (includes Hispanic),
31,Nebraska,31001,Adams,2015,2019,White (includes Hispanic),7.5
31,Nebraska,31001,Adams,2016,2020,Asian/Pacific Islander (includes Hispanic),
31,Nebraska,31001,Adams,2016,2020,Black (includes Hispanic),
31,Nebraska,31001,Adams,2016,2020,Hispanic (all races),
31,Nebraska,31001,Adams,2016,2020,American Indian/Alaskan Native (includes Hispanic),
31,Nebraska,31001,Adams,2016,2020,White (includes Hispanic),5.3
31,Nebraska,31003,Antelope,2011,2015,Asian/Pacific Islander (includes Hispanic),
31,Nebraska,31003,Antelope,2011,2015,Black (includes Hispanic),
31,Nebraska,31003,Antelope,2011,2015,Hispanic (all races),
31,Nebraska,31003,Antelope,2011,2015,American Indian/Alaskan Native (includes Hispanic),
31,Nebraska,31003,Antelope,2011,2015,White (includes Hispanic),
31,Nebraska,31003,Antelope,2012,2016,Asian/Pacific Islander (includes Hispanic),
31,Nebraska,31003,Antelope,2012,2016,Black (includes Hispanic),
31,Nebraska,31003,Antelope,2012,2016,Hispanic (all races),
31,Nebraska,31003,Antelope,2012,2016,American Indian/Alaskan Native (includes Hispanic),
31,Nebraska,31003,Antelope,2012,2016,White (includes Hispanic),
31,Nebraska,31003,Antelope,2013,2017,Asian/Pacific Islander (includes Hispanic),
31,Nebraska,31003,Antelope,2013,2017,Black (includes Hispanic),
31,Nebraska,31003,Antelope,2013,2017,Hispanic (all races),
31,Nebraska,31003,Antelope,2013,2017,American Indian/Alaskan Native (includes Hispanic),
31,Nebraska,31003,Antelope,2013,2017,White (includes Hispanic),
31,Nebraska,31003,Antelope,2014,2018,Asian/Pacific Islander (includes Hispanic),
31,Nebraska,31003,Antelope,2014,2018,Black (includes Hispanic),
31,Nebraska,31003,Antelope,2014,2018,Hispanic (all races),
31,Nebraska,31003,Antelope,2014,2018,American Indian/Alaskan Native (includes Hispanic),
31,Nebraska,31003,Antelope,2014,2018,White (includes Hispanic),
31,Nebraska,31003,Antelope,2015,2019,Asian/Pacific Islander (includes Hispanic),
31,Nebraska,31003,Antelope,2015,2019,Black (includes Hispanic),
31,Nebraska,31003,Antelope,2015,2019,Hispanic (all races),
31,Nebraska,31003,Antelope,2015,2019,American Indian/Alaskan Native (includes Hispanic),
31,Nebraska,31003,Antelope,2015,2019,White (includes Hispanic),
31,Nebraska,31003,Antelope,2016,2020,Asian/Pacific Islander (includes Hispanic),
31,Nebraska,31003,Antelope,2016,2020,Black (includes Hispanic),
31,Nebraska,31003,Antelope,2016,2020,Hispanic (all races),
31,Nebraska,31003,Antelope,2016,2020,American Indian/Alaskan Native (includes Hispanic),
31,Nebraska,31003,Antelope,2016,2020,White (includes Hispanic),
31,Nebraska,31005,Arthur,2011,2015,Asian/Pacific Islander (includes Hispanic),
31,Nebraska,31005,Arthur,2011,2015,Black (includes Hispanic),
31,Nebraska,31005,Arthur,2011,2015,Hispanic (all races),
31,Nebraska,31005,Arthur,2011,2015,American Indian/Alaskan Native (includes Hispanic),
31,Nebraska,31005,Arthur,2011,2015,White (includes Hispanic),
31,Nebraska,31005,Arthur,2012,2016,Asian/Pacific Islander (includes Hispanic),
31,Nebraska,31005,Arthur,2012,2016,Black (includes Hispanic),
31,Nebraska,31005,Arthur,2012,2016,Hispanic (all races),
31,Nebraska,31005,Arthur,2012,2016,American Indian/Alaskan Native (includes Hispanic),
31,Nebraska,31005,Arthur,2012,2016,White (includes Hispanic),
31,Nebraska,31005,Arthur,2013,2017,Asian/Pacific Islander (includes Hispanic),
31,Nebraska,31005,Arthur,2013,2017,Black (includes Hispanic),
31,Nebraska,31005,Arthur,2013,2017,Hispanic (all races),
31,Nebraska,31005,Arthur,2013,2017,American Indian/Alaskan Native (includes Hispanic),
31,Nebraska,31005,Arthur,2013,2017,White (includes Hispanic),
31,Nebraska,31005,Arthur,2014,2018,Asian/Pacific Islander (includes Hispanic),
31,Nebraska,31005,Arthur,2014,2018,Black (includes Hispanic),
31,Nebraska,31005,Arthur,2014,2018,Hispanic (all races),
31,Nebraska,31005,Arthur,2014,2018,American Indian/Alaskan Native (includes Hispanic),
31,Nebraska,31005,Arthur,2014,2018,White (includes Hispanic),
31,Nebraska,31005,Arthur,2015,2019,Asian/Pacific Islander (includes Hispanic),
31,Nebraska,31005,Arthur,2015,2019,Black (includes Hispanic),
31,Nebraska,31005,Arthur,2015,2019,Hispanic (all races),
31,Nebraska,31005,Arthur,2015,2019,American Indian/Alaskan Native (includes Hispanic),
31,Nebraska,31005,Arthur,2015,2019,White (includes Hispanic),
31,Nebraska,31005,Arthur,2016,2020,Asian/Pacific Islander (includes Hispanic),
31,Nebraska,31005,Arthur,2016,2020,Black (includes Hispanic),
31,Nebraska,31005,Arthur,2016,2020,Hispanic (all races),
31,Nebraska,31005,Arthur,2016,2020,American Indian/Alaskan Native (includes Hispanic),
31,Nebraska,31005,Arthur,2016,2020,White (includes Hispanic),
31,Nebraska,31007,Banner,2011,2015,Asian/Pacific Islander (includes Hispanic),
31,Nebraska,31007,Banner,2011,2015,Black (includes Hispanic),
31,Nebraska,31007,Banner,2011,2015,Hispanic (all races),
31,Nebraska,31007,Banner,2011,2015,American Indian/Alaskan Native (includes Hispanic),
31,Nebraska,31007,Banner,2011,2015,White (includes Hispanic),6.4
31,Nebraska,31007,Banner,2012,2016,Asian/Pacific Islander (includes Hispanic),
31,Nebraska,31007,Banner,2012,2016,Black (includes Hispanic),
31,Nebraska,31007,Banner,2012,2016,Hispanic (all races),
31,Nebraska,31007,Banner,2012,2016,American Indian/Alaskan Native (includes Hispanic),
31,Nebraska,31007,Banner,2012,2016,White (includes Hispanic),5.6
31,Nebraska,31007,Banner,2013,2017,Asian/Pacific Islander (includes Hispanic),
31,Nebraska,31007,Banner,2013,2017,Black (includes Hispanic),
31,Nebraska,31007,Banner,2013,2017,Hispanic (all races),
31,Nebraska,31007,Banner,2013,2017,American Indian/Alaskan Native (includes Hispanic),
31,Nebraska,31007,Banner,2013,2017,White (includes Hispanic),6.7
31,Nebraska,31007,Banner,2014,2018,Asian/Pacific Islander (includes Hispanic),
31,Nebraska,31007,Banner,2014,2018,Black (includes Hispanic),
31,Nebraska,31007,Banner,2014,2018,Hispanic (all races),
31,Nebraska,31007,Banner,2014,2018,American Indian/Alaskan Native (includes Hispanic),
31,Nebraska,31007,Banner,2014,2018,White (includes Hispanic),6.1
31,Nebraska,31007,Banner,2015,2019,Asian/Pacific Islander (includes Hispanic),
31,Nebraska,31007,Banner,2015,2019,Black (includes Hispanic),
31,Nebraska,31007,Banner,2015,2019,Hispanic (all races),
31,Nebraska,31007,Banner,2015,2019,American Indian/Alaskan Native (includes Hispanic),
31,Nebraska,31007,Banner,2015,2019,White (includes Hispanic),6.3
31,Nebraska,31007,Banner,2016,2020,Asian/Pacific Islander (includes Hispanic),
31,Nebraska,31007,Banner,2016,2020,Black (includes Hispanic),
31,Nebraska,31007,Banner,2016,2020,Hispanic (all races),
31,Nebraska,31007,Banner,2016,2020,American Indian/Alaskan Native (includes Hispanic),
31,Nebraska,31007,Banner,2016,2020,White (includes Hispanic),7.0
31,Nebraska,31009,Blaine,2011,2015,Asian/Pacific Islander (includes Hispanic),
31,Nebraska,31009,Blaine,2011,2015,Black (includes Hispanic),
31,Nebraska,31009,Blaine,2011,2015,Hispanic (all races),
31,Nebraska,31009,Blaine,2011,2015,American Indian/Alaskan Native (includes Hispanic),
31,Nebraska,31009,Blaine,2011,2015,White (includes Hispanic),
31,Nebraska,31009,Blaine,2012,2016,Asian/Pacific Islander (includes Hispanic),
31,Nebraska,31009,Blaine,2012,2016,Black (includes Hispanic),
31,Nebraska,31009,Blaine,2012,2016,Hispanic (all races),
31,Nebraska,31009,Blaine,2012,2016,American Indian/Alaskan Native (includes Hispanic),
31,Nebraska,31009,Blaine,2012,2016,White (includes Hispanic),
31,Nebraska,31009,Blaine,2013,2017,Asian/Pacific Islander (includes Hispanic),
31,Nebraska,31009,Blaine,2013,2017,Black (includes Hispanic),
31,Nebraska,31009,Blaine,2013,2017,Hispanic (all races),
31,Nebraska,31009,Blaine,2013,2017,American Indian/Alaskan Native (includes Hispanic),
31,Nebraska,31009,Blaine,2013,2017,White (includes Hispanic),
31,Nebraska,31009,Blaine,2014,2018,Asian/Pacific Islander (includes Hispanic),
31,Nebraska,31009,Blaine,2014,2018,Black (includes Hispanic),
31,Nebraska,31009,Blaine,2014,2018,Hispanic (all races),
31,Nebraska,31009,Blaine,2014,2018,American Indian/Alaskan Native (includes Hispanic),
31,Nebraska,31009,Blaine,2014,2018,White (includes Hispanic),
31,Nebraska,31009,Blaine,2015,2019,Asian/Pacific Islander (includes Hispanic),
31,Nebraska,31009,Blaine,2015,2019,Black (includes Hispanic),
31,Nebraska,31009,Blaine,2015,2019,Hispanic (all races),
31,Nebraska,31009,Blaine,2015,2019,American Indian/Alaskan Native (includes Hispanic),
31,Nebraska,31009,Blaine,2015,2019,White (includes Hispanic),
31,Nebraska,31009,Blaine,2016,2020,Asian/Pacific Islander (includes Hispanic),
31,Nebraska,31009,Blaine,2016,2020,Black (includes Hispanic),
31,Nebraska,31009,Blaine,2016,2020,Hispanic (all races),
31,Nebraska,31009,Blaine,2016,2020,American Indian/Alaskan Native (includes Hispanic),
31,Nebraska,31009,Blaine,2016,2020,White (includes Hispanic),
31,Nebraska,31011,Boone,2011,2015,Asian/Pacific Islander (includes Hispanic),
31,Nebraska,31011,Boone,2011,2015,Black (includes Hispanic),
31,Nebraska,31011,Boone,2011,2015,Hispanic (all races),
31,Nebraska,31011,Boone,2011,2015,American Indian/Alaskan Native (includes Hispanic),
31,Nebraska,31011,Boone,2011,2015,White (includes Hispanic),10.7
31,Nebraska,31011,Boone,2012,2016,Asian/Pacific Islander (includes Hispanic),
31,Nebraska,31011,Boone,2012,2016,Black (includes Hispanic),
31,Nebraska,31011,Boone,2012,2016,Hispanic (all races),
31,Nebraska,31011,Boone,2012,2016,American Indian/Alaskan Native (includes Hispanic),
31,Nebraska,31011,Boone,2012,2016,White (includes Hispanic),11.4
31,Nebraska,31011,Boone,2013,2017,Asian/Pacific Islander (includes Hispanic),
31,Nebraska,31011,Boone,2013,2017,Black (includes Hispanic),
31,Nebraska,31011,Boone,2013,2017,Hispanic (all races),
31,Nebraska,31011,Boone,2013,2017,American Indian/Alaskan Native (includes Hispanic),
31,Nebraska,31011,Boone,2013,2017,White (includes Hispanic),11.1
31,Nebraska,31011,Boone,2014,2018,Asian/Pacific Islander (includes Hispanic),
31,Nebraska,31011,Boone,2014,2018,Black (includes Hispanic),
31,Nebraska,31011,Boone,2014,2018,Hispanic (all races),
31,Nebraska,31011,Boone,2014,2018,American Indian/Alaskan Native (includes Hispanic),
31,Nebraska,31011,Boone,2014,2018,White (includes Hispanic),10.0
31,Nebraska,31011,Boone,2015,2019,Asian/Pacific Islander (includes Hispanic),
31,Nebraska,31011,Boone,2015,2019,Black (includes Hispanic),
31,Nebraska,31011,Boone,2015,2019,Hispanic (all races),
31,Nebraska,31011,Boone,2015,2019,American Indian/Alaskan Native (includes Hispanic),
31,Nebraska,31011,Boone,2015,2019,White (includes Hispanic),
31,Nebraska,31011,Boone,2016,2020,Asian/Pacific Islander (includes Hispanic),
31,Nebraska,31011,Boone,2016,2020,Black (includes Hispanic),
31,Nebraska,31011,Boone,2016,2020,Hispanic (all races),
31,Nebraska,31011,Boone,2016,2020,American Indian/Alaskan Native (includes Hispanic),
31,Nebraska,31011,Boone,2016,2020,White (includes Hispanic),9.1
31,Nebraska,31013,Box Butte,2011,2015,Asian/Pacific Islander (includes Hispanic),
31,Nebraska,31013,Box Butte,2011,2015,Black (includes Hispanic),
31,Nebraska,31013,Box Butte,2011,2015,Hispanic (all races),
31,Nebraska,31013,Box Butte,2011,2015,American Indian/Alaskan Native (includes Hispanic),
31,Nebraska,31013,Box Butte,2011,2015,White (includes Hispanic),
31,Nebraska,31013,Box Butte,2012,2016,Asian/Pacific Islander (includes Hispanic),
31,Nebraska,31013,Box Butte,2012,2016,Black (includes Hispanic),
31,Nebraska,31013,Box Butte,2012,2016,Hispanic (all races),
31,Nebraska,31013,Box Butte,2012,2016,American Indian/Alaskan Native (includes Hispanic),
31,Nebraska,31013,Box Butte,2012,2016,White (includes Hispanic),
31,Nebraska,31013,Box Butte,2013,2017,Asian/Pacific Islander (includes Hispanic),
31,Nebraska,31013,Box Butte,2013,2017,Black (includes Hispanic),
31,Nebraska,31013,Box Butte,2013,2017,Hispanic (all races),
31,Nebraska,31013,Box Butte,2013,2017,American Indian/Alaskan Native (includes Hispanic),
31,Nebraska,31013,Box Butte,2013,2017,White (includes Hispanic),
31,Nebraska,31013,Box Butte,2014,2018,Asian/Pacific Islander (includes Hispanic),
31,Nebraska,31013,Box Butte,2014,2018,Black (includes Hispanic),
31,Nebraska,31013,Box Butte,2014,2018,Hispanic (all races),
31,Nebraska,31013,Box Butte,2014,2018,American Indian/Alaskan Native (includes Hispanic),
31,Nebraska,31013,Box Butte,2014,2018,White (includes Hispanic),
31,Nebraska,31013,Box Butte,2015,2019,Asian/Pacific Islander (includes Hispanic),
31,Nebraska,31013,Box Butte,2015,2019,Black (includes Hispanic),
31,Nebraska,31013,Box Butte,2015,2019,Hispanic (all races),
31,Nebraska,31013,Box Butte,2015,2019,American Indian/Alaskan Native (includes Hispanic),
31,Nebraska,31013,Box Butte,2015,2019,White (includes Hispanic),
31,Nebraska,31013,Box Butte,2016,2020,Asian/Pacific Islander (includes Hispanic),
31,Nebraska,31013,Box Butte,2016,2020,Black (includes Hispanic),
31,Nebraska,31013,Box Butte,2016,2020,Hispanic (all races),
31,Nebraska,31013,Box Butte,2016,2020,American Indian/Alaskan Native (includes Hispanic),
31,Nebraska,31013,Box Butte,2016,2020,White (includes Hispanic),
31,Nebraska,31015,Boyd,2011,2015,Asian/Pacific Islander (includes Hispanic),
31,Nebraska,31015,Boyd,2011,2015,Black (includes Hispanic),
31,Nebraska,31015,Boyd,2011,2015,Hispanic (all races),
31,Nebraska,31015,Boyd,2011,2015,American Indian/Alaskan Native (includes Hispanic),
31,Nebraska,31015,Boyd,2011,2015,White (includes Hispanic),
31,Nebraska,31015,Boyd,2012,2016,Asian/Pacific Islander (includes Hispanic),
31,Nebraska,31015,Boyd,2012,2016,Black (includes Hispanic),
31,Nebraska,31015,Boyd,2012,2016,Hispanic (all races),
31,Nebraska,31015,Boyd,2012,2016,American Indian/Alaskan Native (includes Hispanic),
31,Nebraska,31015,Boyd,2012,2016,White (includes Hispanic),
31,Nebraska,31015,Boyd,2013,2017,Asian/Pacific Islander (includes Hispanic),
31,Nebraska,31015,Boyd,2013,2017,Black (includes Hispanic),
31,Nebraska,31015,Boyd,2013,2017,Hispanic (all races),
31,Nebraska,31015,Boyd,2013,2017,American Indian/Alaskan Native (includes Hispanic),
31,Nebraska,31015,Boyd,2013,2017,White (includes Hispanic),
31,Nebraska,31015,Boyd,2014,2018,Asian/Pacific Islander (includes Hispanic),
31,Nebraska,31015,Boyd,2014,2018,Black (includes Hispanic),
31,Nebraska,31015,Boyd,2014,2018,Hispanic (all races),
31,Nebraska,31015,Boyd,2014,2018,American Indian/Alaskan Native (includes Hispanic),
31,Nebraska,31015,Boyd,2014,2018,White (includes Hispanic),
31,Nebraska,31015,Boyd,2015,2019,Asian/Pacific Islander (includes Hispanic),
31,Nebraska,31015,Boyd,2015,2019,Black (includes Hispanic),
31,Nebraska,31015,Boyd,2015,2019,Hispanic (all races),
31,Nebraska,31015,Boyd,2015,2019,American Indian/Alaskan Native (includes Hispanic),
31,Nebraska,31015,Boyd,2015,2019,White (includes Hispanic),
31,Nebraska,31015,Boyd,2016,2020,Asian/Pacific Islander (includes Hispanic),
31,Nebraska,31015,Boyd,2016,2020,Black (includes Hispanic),
31,Nebraska,31015,Boyd,2016,2020,Hispanic (all races),
31,Nebraska,31015,Boyd,2016,2020,American Indian/Alaskan Native (includes Hispanic),
31,Nebraska,31015,Boyd,2016,2020,White (includes Hispanic),
31,Nebraska,31017,Brown,2011,2015,Asian/Pacific Islander (includes Hispanic),
31,Nebraska,31017,Brown,2011,2015,Black (includes Hispanic),
31,Nebraska,31017,Brown,2011,2015,Hispanic (all races),
31,Nebraska,31017,Brown,2011,2015,American Indian/Alaskan Native (includes Hispanic),
31,Nebraska,31017,Brown,2011,2015,White (includes Hispanic),
31,Nebraska,31017,Brown,2012,2016,Asian/Pacific Islander (includes Hispanic),
31,Nebraska,31017,Brown,2012,2016,Black (includes Hispanic),
31,Nebraska,31017,Brown,2012,2016,Hispanic (all races),
31,Nebraska,31017,Brown,2012,2016,American Indian/Alaskan Native (includes Hispanic),
31,Nebraska,31017,Brown,2012,2016,White (includes Hispanic),
31,Nebraska,31017,Brown,2013,2017,Asian/Pacific Islander (includes Hispanic),
31,Nebraska,31017,Brown,2013,2017,Black (includes Hispanic),
31,Nebraska,31017,Brown,2013,2017,Hispanic (all races),
31,Nebraska,31017,Brown,2013,2017,American Indian/Alaskan Native (includes Hispanic),
31,Nebraska,31017,Brown,2013,2017,White (includes Hispanic),
31,Nebraska,31017,Brown,2014,2018,Asian/Pacific Islander (includes Hispanic),
31,Nebraska,31017,Brown,2014,2018,Black (includes Hispanic),
31,Nebraska,31017,Brown,2014,2018,Hispanic (all races),
31,Nebraska,31017,Brown,2014,2018,American Indian/Alaskan Native (includes Hispanic),
31,Nebraska,31017,Brown,2014,2018,White (includes Hispanic),
31,Nebraska,31017,Brown,2015,2019,Asian/Pacific Islander (includes Hispanic),
31,Nebraska,31017,Brown,2015,2019,Black (includes Hispanic),
31,Nebraska,31017,Brown,2015,2019,Hispanic (all races),
31,Nebraska,31017,Brown,2015,2019,American Indian/Alaskan Native (includes Hispanic),
31,Nebraska,31017,Brown,2015,2019,White (includes Hispanic),
31,Nebraska,31017,Brown,2016,2020,Asian/Pacific Islander (includes Hispanic),
31,Nebraska,31017,Brown,2016,2020,Black (includes Hispanic),
31,Nebraska,31017,Brown,2016,2020,Hispanic (all races),
31,Nebraska,31017,Brown,2016,2020,American Indian/Alaskan Native (includes Hispanic),
31,Nebraska,31017,Brown,2016,2020,White (includes Hispanic),
31,Nebraska,31019,Buffalo,2011,2015,Asian/Pacific Islander (includes Hispanic),
31,Nebraska,31019,Buffalo,2011,2015,Black (includes Hispanic),
31,Nebraska,31019,Buffalo,2011,2015,Hispanic (all races),
31,Nebraska,31019,Buffalo,2011,2015,American Indian/Alaskan Native (includes Hispanic),
31,Nebraska,31019,Buffalo,2011,2015,White (includes Hispanic),8.5
31,Nebraska,31019,Buffalo,2012,2016,Asian/Pacific Islander (includes Hispanic),
31,Nebraska,31019,Buffalo,2012,2016,Black (includes Hispanic),
31,Nebraska,31019,Buffalo,2012,2016,Hispanic (all races),
31,Nebraska,31019,Buffalo,2012,2016,American Indian/Alaskan Native (includes Hispanic),
31,Nebraska,31019,Buffalo,2012,2016,White (includes Hispanic),8.2
31,Nebraska,31019,Buffalo,2013,2017,Asian/Pacific Islander (includes Hispanic),
31,Nebraska,31019,Buffalo,2013,2017,Black (includes Hispanic),
31,Nebraska,31019,Buffalo,2013,2017,Hispanic (all races),
31,Nebraska,31019,Buffalo,2013,2017,American Indian/Alaskan Native (includes Hispanic),
31,Nebraska,31019,Buffalo,2013,2017,White (includes Hispanic),8.9
31,Nebraska,31019,Buffalo,2014,2018,Asian/Pacific Islander (includes Hispanic),
31,Nebraska,31019,Buffalo,2014,2018,Black (includes Hispanic),
31,Nebraska,31019,Buffalo,2014,2018,Hispanic (all races),
31,Nebraska,31019,Buffalo,2014,2018,American Indian/Alaskan Native (includes Hispanic),
31,Nebraska,31019,Buffalo,2014,2018,White (includes Hispanic),7.4
31,Nebraska,31019,Buffalo,2015,2019,Asian/Pacific Islander (includes Hispanic),
31,Nebraska,31019,Buffalo,2015,2019,Black (includes Hispanic),
31,Nebraska,31019,Buffalo,2015,2019,Hispanic (all races),
31,Nebraska,31019,Buffalo,2015,2019,American Indian/Alaskan Native (includes Hispanic),
31,Nebraska,31019,Buffalo,2015,2019,White (includes Hispanic),7.6
31,Nebraska,31019,Buffalo,2016,2020,Asian/Pacific Islander (includes Hispanic),
31,Nebraska,31019,Buffalo,2016,2020,Black (includes Hispanic),
31,Nebraska,31019,Buffalo,2016,2020,Hispanic (all races),
31,Nebraska,31019,Buffalo,2016,2020,American Indian/Alaskan Native (includes Hispanic),
31,Nebraska,31019,Buffalo,2016,2020,White (includes Hispanic),5.5
31,Nebraska,31021,Burt,2011,2015,Asian/Pacific Islander (includes Hispanic),
31,Nebraska,31021,Burt,2011,2015,Black (includes Hispanic),
31,Nebraska,31021,Burt,2011,2015,Hispanic (all races),
31,Nebraska,31021,Burt,2011,2015,American Indian/Alaskan Native (includes Hispanic),
31,Nebraska,31021,Burt,2011,2015,White (includes Hispanic),8.0
31,Nebraska,31021,Burt,2012,2016,Asian/Pacific Islander (includes Hispanic),
31,Nebraska,31021,Burt,2012,2016,Black (includes Hispanic),
31,Nebraska,31021,Burt,2012,2016,Hispanic (all races),
31,Nebraska,31021,Burt,2012,2016,American Indian/Alaskan Native (includes Hispanic),
31,Nebraska,31021,Burt,2012,2016,White (includes Hispanic),8.2
31,Nebraska,31021,Burt,2013,2017,Asian/Pacific Islander (includes Hispanic),
31,Nebraska,31021,Burt,2013,2017,Black (includes Hispanic),
31,Nebraska,31021,Burt,2013,2017,Hispanic (all races),
31,Nebraska,31021,Burt,2013,2017,American Indian/Alaskan Native (includes Hispanic),
31,Nebraska,31021,Burt,2013,2017,White (includes Hispanic),9.6
31,Nebraska,31021,Burt,2014,2018,Asian/Pacific Islander (includes Hispanic),
31,Nebraska,31021,Burt,2014,2018,Black (includes Hispanic),
31,Nebraska,31021,Burt,2014,2018,Hispanic (all races),
31,Nebraska,31021,Burt,2014,2018,American Indian/Alaskan Native (includes Hispanic),
31,Nebraska,31021,Burt,2014,2018,White (includes Hispanic),9.2
31,Nebraska,31021,Burt,2015,2019,Asian/Pacific Islander (includes Hispanic),
31,Nebraska,31021,Burt,2015,2019,Black (includes Hispanic),
31,Nebraska,31021,Burt,2015,2019,Hispanic (all races),
31,Nebraska,31021,Burt,2015,2019,American Indian/Alaskan Native (includes Hispanic),
31,Nebraska,31021,Burt,2015,2019,White (includes Hispanic),9.0
31,Nebraska,31021,Burt,2016,2020,Asian/Pacific Islander (includes Hispanic),
31,Nebraska,31021,Burt,2016,2020,Black (includes Hispanic),
31,Nebraska,31021,Burt,2016,2020,Hispanic (all races),
31,Nebraska,31021,Burt,2016,2020,American Indian/Alaskan Native (includes Hispanic),
31,Nebraska,31021,Burt,2016,2020,White (includes Hispanic),10.1
31,Nebraska,31023,Butler,2011,2015,Asian/Pacific Islander (includes Hispanic),
31,Nebraska,31023,Butler,2011,2015,Black (includes Hispanic),
31,Nebraska,31023,Butler,2011,2015,Hispanic (all races),
31,Nebraska,31023,Butler,2011,2015,American Indian/Alaskan Native (includes Hispanic),
31,Nebraska,31023,Butler,2011,2015,White (includes Hispanic),6.9
31,Nebraska,31023,Butler,2012,2016,Asian/Pacific Islander (includes Hispanic),
31,Nebraska,31023,Butler,2012,2016,Black (includes Hispanic),
31,Nebraska,31023,Butler,2012,2016,Hispanic (all races),
31,Nebraska,31023,Butler,2012,2016,American Indian/Alaskan Native (includes Hispanic),
31,Nebraska,31023,Butler,2012,2016,White (includes Hispanic),7.5
31,Nebraska,31023,Butler,2013,2017,Asian/Pacific Islander (includes Hispanic),
31,Nebraska,31023,Butler,2013,2017,Black (includes Hispanic),
31,Nebraska,31023,Butler,2013,2017,Hispanic (all races),
31,Nebraska,31023,Butler,2013,2017,American Indian/Alaskan Native (includes Hispanic),
31,Nebraska,31023,Butler,2013,2017,White (includes Hispanic),7.8
31,Nebraska,31023,Butler,2014,2018,Asian/Pacific Islander (includes Hispanic),
31,Nebraska,31023,Butler,2014,2018,Black (includes Hispanic),
31,Nebraska,31023,Butler,2014,2018,Hispanic (all races),
31,Nebraska,31023,Butler,2014,2018,American Indian/Alaskan Native (includes Hispanic),
31,Nebraska,31023,Butler,2014,2018,White (includes Hispanic),7.8
31,Nebraska,31023,Butler,2015,2019,Asian/Pacific Islander (includes Hispanic),
31,Nebraska,31023,Butler,2015,2019,Black (includes Hispanic),
31,Nebraska,31023,Butler,2015,2019,Hispanic (all races),
31,Nebraska,31023,Butler,2015,2019,American Indian/Alaskan Native (includes Hispanic),
31,Nebraska,31023,Butler,2015,2019,White (includes Hispanic),8.0
31,Nebraska,31023,Butler,2016,2020,Asian/Pacific Islander (includes Hispanic),
31,Nebraska,31023,Butler,2016,2020,Black (includes Hispanic),
31,Nebraska,31023,Butler,2016,2020,Hispanic (all races),
31,Nebraska,31023,Butler,2016,2020,American Indian/Alaskan Native (includes Hispanic),
31,Nebraska,31023,Butler,2016,2020,White (includes Hispanic),7.5
31,Nebraska,31025,Cass,2011,2015,Asian/Pacific Islander (includes Hispanic),
31,Nebraska,31025,Cass,2011,2015,Black (includes Hispanic),
31,Nebraska,31025,Cass,2011,2015,Hispanic (all races),
31,Nebraska,31025,Cass,2011,2015,American Indian/Alaskan Native (includes Hispanic),
31,Nebraska,31025,Cass,2011,2015,White (includes Hispanic),6.7
31,Nebraska,31025,Cass,2012,2016,Asian/Pacific Islander (includes Hispanic),
31,Nebraska,31025,Cass,2012,2016,Black (includes Hispanic),
31,Nebraska,31025,Cass,2012,2016,Hispanic (all races),
31,Nebraska,31025,Cass,2012,2016,American Indian/Alaskan Native (includes Hispanic),
31,Nebraska,31025,Cass,2012,2016,White (includes Hispanic),6.8
31,Nebraska,31025,Cass,2013,2017,Asian/Pacific Islander (includes Hispanic),
31,Nebraska,31025,Cass,2013,2017,Black (includes Hispanic),
31,Nebraska,31025,Cass,2013,2017,Hispanic (all races),
31,Nebraska,31025,Cass,2013,2017,American Indian/Alaskan Native (includes Hispanic),
31,Nebraska,31025,Cass,2013,2017,White (includes Hispanic),6.9
31,Nebraska,31025,Cass,2014,2018,Asian/Pacific Islander (includes Hispanic),
31,Nebraska,31025,Cass,2014,2018,Black (includes Hispanic),
31,Nebraska,31025,Cass,2014,2018,Hispanic (all races),
31,Nebraska,31025,Cass,2014,2018,American Indian/Alaskan Native (includes Hispanic),
31,Nebraska,31025,Cass,2014,2018,White (includes Hispanic),7.0
31,Nebraska,31025,Cass,2015,2019,Asian/Pacific Islander (includes Hispanic),
31,Nebraska,31025,Cass,2015,2019,Black (includes Hispanic),
31,Nebraska,31025,Cass,2015,2019,Hispanic (all races),
31,Nebraska,31025,Cass,2015,2019,American Indian/Alaskan Native (includes Hispanic),
31,Nebraska,31025,Cass,2015,2019,White (includes Hispanic),7.2
31,Nebraska,31025,Cass,2016,2020,Asian/Pacific Islander (includes Hispanic),
31,Nebraska,31025,Cass,2016,2020,Black (includes Hispanic),
31,Nebraska,31025,Cass,2016,2020,Hispanic (all races),
31,Nebraska,31025,Cass,2016,2020,American Indian/Alaskan Native (includes Hispanic),
31,Nebraska,31025,Cass,2016,2020,White (includes Hispanic),6.7
31,Nebraska,31027,Cedar,2011,2015,Asian/Pacific Islander (includes Hispanic),
31,Nebraska,31027,Cedar,2011,2015,Black (includes Hispanic),
31,Nebraska,31027,Cedar,2011,2015,Hispanic (all races),
31,Nebraska,31027,Cedar,2011,2015,American Indian/Alaskan Native (includes Hispanic),
31,Nebraska,31027,Cedar,2011,2015,White (includes Hispanic),
31,Nebraska,31027,Cedar,2012,2016,Asian/Pacific Islander (includes Hispanic),
31,Nebraska,31027,Cedar,2012,2016,Black (includes Hispanic),
31,Nebraska,31027,Cedar,2012,2016,Hispanic (all races),
31,Nebraska,31027,Cedar,2012,2016,American Indian/Alaskan Native (includes Hispanic),
31,Nebraska,31027,Cedar,2012,2016,White (includes Hispanic),
31,Nebraska,31027,Cedar,2013,2017,Asian/Pacific Islander (includes Hispanic),
31,Nebraska,31027,Cedar,2013,2017,Black (includes Hispanic),
31,Nebraska,31027,Cedar,2013,2017,Hispanic (all races),
31,Nebraska,31027,Cedar,2013,2017,American Indian/Alaskan Native (includes Hispanic),
31,Nebraska,31027,Cedar,2013,2017,White (includes Hispanic),
31,Nebraska,31027,Cedar,2014,2018,Asian/Pacific Islander (includes Hispanic),
31,Nebraska,31027,Cedar,2014,2018,Black (includes Hispanic),
31,Nebraska,31027,Cedar,2014,2018,Hispanic (all races),
31,Nebraska,31027,Cedar,2014,2018,American Indian/Alaskan Native (includes Hispanic),
31,Nebraska,31027,Cedar,2014,2018,White (includes Hispanic),
31,Nebraska,31027,Cedar,2015,2019,Asian/Pacific Islander (includes Hispanic),
31,Nebraska,31027,Cedar,2015,2019,Black (includes Hispanic),
31,Nebraska,31027,Cedar,2015,2019,Hispanic (all races),
31,Nebraska,31027,Cedar,2015,2019,American Indian/Alaskan Native (includes Hispanic),
31,Nebraska,31027,Cedar,2015,2019,White (includes Hispanic),
31,Nebraska,31027,Cedar,2016,2020,Asian/Pacific Islander (includes Hispanic),
31,Nebraska,31027,Cedar,2016,2020,Black (includes Hispanic),
31,Nebraska,31027,Cedar,2016,2020,Hispanic (all races),
31,Nebraska,31027,Cedar,2016,2020,American Indian/Alaskan Native (includes Hispanic),
31,Nebraska,31027,Cedar,2016,2020,White (includes Hispanic),
31,Nebraska,31029,Chase,2011,2015,Asian/Pacific Islander (includes Hispanic),
31,Nebraska,31029,Chase,2011,2015,Black (includes Hispanic),
31,Nebraska,31029,Chase,2011,2015,Hispanic (all races),
31,Nebraska,31029,Chase,2011,2015,American Indian/Alaskan Native (includes Hispanic),
31,Nebraska,31029,Chase,2011,2015,White (includes Hispanic),
31,Nebraska,31029,Chase,2012,2016,Asian/Pacific Islander (includes Hispanic),
31,Nebraska,31029,Chase,2012,2016,Black (includes Hispanic),
31,Nebraska,31029,Chase,2012,2016,Hispanic (all races),
31,Nebraska,31029,Chase,2012,2016,American Indian/Alaskan Native (includes Hispanic),
31,Nebraska,31029,Chase,2012,2016,White (includes Hispanic),
31,Nebraska,31029,Chase,2013,2017,Asian/Pacific Islander (includes Hispanic),
31,Nebraska,31029,Chase,2013,2017,Black (includes Hispanic),
31,Nebraska,31029,Chase,2013,2017,Hispanic (all races),
31,Nebraska,31029,Chase,2013,2017,American Indian/Alaskan Native (includes Hispanic),
31,Nebraska,31029,Chase,2013,2017,White (includes Hispanic),
31,Nebraska,31029,Chase,2014,2018,Asian/Pacific Islander (includes Hispanic),
31,Nebraska,31029,Chase,2014,2018,Black (includes Hispanic),
31,Nebraska,31029,Chase,2014,2018,Hispanic (all races),
31,Nebraska,31029,Chase,2014,2018,American Indian/Alaskan Native (includes Hispanic),
31,Nebraska,31029,Chase,2014,2018,White (includes Hispanic),
31,Nebraska,31029,Chase,2015,2019,Asian/Pacific Islander (includes Hispanic),
31,Nebraska,31029,Chase,2015,2019,Black (includes Hispanic),
31,Nebraska,31029,Chase,2015,2019,Hispanic (all races),
31,Nebraska,31029,Chase,2015,2019,American Indian/Alaskan Native (includes Hispanic),
31,Nebraska,31029,Chase,2015,2019,White (includes Hispanic),
31,Nebraska,31029,Chase,2016,2020,Asian/Pacific Islander (includes Hispanic),
31,Nebraska,31029,Chase,2016,2020,Black (includes Hispanic),
31,Nebraska,31029,Chase,2016,2020,Hispanic (all races),
31,Nebraska,31029,Chase,2016,2020,American Indian/Alaskan Native (includes Hispanic),
31,Nebraska,31029,Chase,2016,2020,White (includes Hispanic),
31,Nebraska,31031,Cherry,2011,2015,Asian/Pacific Islander (includes Hispanic),
31,Nebraska,31031,Cherry,2011,2015,Black (includes Hispanic),
31,Nebraska,31031,Cherry,2011,2015,Hispanic (all races),
31,Nebraska,31031,Cherry,2011,2015,American Indian/Alaskan Native (includes Hispanic),
31,Nebraska,31031,Cherry,2011,2015,White (includes Hispanic),
31,Nebraska,31031,Cherry,2012,2016,Asian/Pacific Islander (includes Hispanic),
31,Nebraska,31031,Cherry,2012,2016,Black (includes Hispanic),
31,Nebraska,31031,Cherry,2012,2016,Hispanic (all races),
31,Nebraska,31031,Cherry,2012,2016,American Indian/Alaskan Native (includes Hispanic),
31,Nebraska,31031,Cherry,2012,2016,White (includes Hispanic),
31,Nebraska,31031,Cherry,2013,2017,Asian/Pacific Islander (includes Hispanic),
31,Nebraska,31031,Cherry,2013,2017,Black (includes Hispanic),
31,Nebraska,31031,Cherry,2013,2017,Hispanic (all races),
31,Nebraska,31031,Cherry,2013,2017,American Indian/Alaskan Native (includes Hispanic),
31,Nebraska,31031,Cherry,2013,2017,White (includes Hispanic),
31,Nebraska,31031,Cherry,2014,2018,Asian/Pacific Islander (includes Hispanic),
31,Nebraska,31031,Cherry,2014,2018,Black (includes Hispanic),
31,Nebraska,31031,Cherry,2014,2018,Hispanic (all races),
31,Nebraska,31031,Cherry,2014,2018,American Indian/Alaskan Native (includes Hispanic),
31,Nebraska,31031,Cherry,2014,2018,White (includes Hispanic),
31,Nebraska,31031,Cherry,2015,2019,Asian/Pacific Islander (includes Hispanic),
31,Nebraska,31031,Cherry,2015,2019,Black (includes Hispanic),
31,Nebraska,31031,Cherry,2015,2019,Hispanic (all races),
31,Nebraska,31031,Cherry,2015,2019,American Indian/Alaskan Native (includes Hispanic),
31,Nebraska,31031,Cherry,2015,2019,White (includes Hispanic),
31,Nebraska,31031,Cherry,2016,2020,Asian/Pacific Islander (includes Hispanic),
31,Nebraska,31031,Cherry,2016,2020,Black (includes Hispanic),
31,Nebraska,31031,Cherry,2016,2020,Hispanic (all races),
31,Nebraska,31031,Cherry,2016,2020,American Indian/Alaskan Native (includes Hispanic),
31,Nebraska,31031,Cherry,2016,2020,White (includes Hispanic),
31,Nebraska,31033,Cheyenne,2011,2015,Asian/Pacific Islander (includes Hispanic),
31,Nebraska,31033,Cheyenne,2011,2015,Black (includes Hispanic),
31,Nebraska,31033,Cheyenne,2011,2015,Hispanic (all races),
31,Nebraska,31033,Cheyenne,2011,2015,American Indian/Alaskan Native (includes Hispanic),
31,Nebraska,31033,Cheyenne,2011,2015,White (includes Hispanic),
31,Nebraska,31033,Cheyenne,2012,2016,Asian/Pacific Islander (includes Hispanic),
31,Nebraska,31033,Cheyenne,2012,2016,Black (includes Hispanic),
31,Nebraska,31033,Cheyenne,2012,2016,Hispanic (all races),
31,Nebraska,31033,Cheyenne,2012,2016,American Indian/Alaskan Native (includes Hispanic),
31,Nebraska,31033,Cheyenne,2012,2016,White (includes Hispanic),
31,Nebraska,31033,Cheyenne,2013,2017,Asian/Pacific Islander (includes Hispanic),
31,Nebraska,31033,Cheyenne,2013,2017,Black (includes Hispanic),
31,Nebraska,31033,Cheyenne,2013,2017,Hispanic (all races),
31,Nebraska,31033,Cheyenne,2013,2017,American Indian/Alaskan Native (includes Hispanic),
31,Nebraska,31033,Cheyenne,2013,2017,White (includes Hispanic),
31,Nebraska,31033,Cheyenne,2014,2018,Asian/Pacific Islander (includes Hispanic),
31,Nebraska,31033,Cheyenne,2014,2018,Black (includes Hispanic),
31,Nebraska,31033,Cheyenne,2014,2018,Hispanic (all races),
31,Nebraska,31033,Cheyenne,2014,2018,American Indian/Alaskan Native (includes Hispanic),
31,Nebraska,31033,Cheyenne,2014,2018,White (includes Hispanic),
31,Nebraska,31033,Cheyenne,2015,2019,Asian/Pacific Islander (includes Hispanic),
31,Nebraska,31033,Cheyenne,2015,2019,Black (includes Hispanic),
31,Nebraska,31033,Cheyenne,2015,2019,Hispanic (all races),
31,Nebraska,31033,Cheyenne,2015,2019,American Indian/Alaskan Native (includes Hispanic),
31,Nebraska,31033,Cheyenne,2015,2019,White (includes Hispanic),
31,Nebraska,31033,Cheyenne,2016,2020,Asian/Pacific Islander (includes Hispanic),
31,Nebraska,31033,Cheyenne,2016,2020,Black (includes Hispanic),
31,Nebraska,31033,Cheyenne,2016,2020,Hispanic (all races),
31,Nebraska,31033,Cheyenne,2016,2020,American Indian/Alaskan Native (includes Hispanic),
31,Nebraska,31033,Cheyenne,2016,2020,White (includes Hispanic),
31,Nebraska,31035,Clay,2011,2015,Asian/Pacific Islander (includes Hispanic),
31,Nebraska,31035,Clay,2011,2015,Black (includes Hispanic),
31,Nebraska,31035,Clay,2011,2015,Hispanic (all races),
31,Nebraska,31035,Clay,2011,2015,American Indian/Alaskan Native (includes Hispanic),
31,Nebraska,31035,Clay,2011,2015,White (includes Hispanic),
31,Nebraska,31035,Clay,2012,2016,Asian/Pacific Islander (includes Hispanic),
31,Nebraska,31035,Clay,2012,2016,Black (includes Hispanic),
31,Nebraska,31035,Clay,2012,2016,Hispanic (all races),
31,Nebraska,31035,Clay,2012,2016,American Indian/Alaskan Native (includes Hispanic),
31,Nebraska,31035,Clay,2012,2016,White (includes Hispanic),
31,Nebraska,31035,Clay,2013,2017,Asian/Pacific Islander (includes Hispanic),
31,Nebraska,31035,Clay,2013,2017,Black (includes Hispanic),
31,Nebraska,31035,Clay,2013,2017,Hispanic (all races),
31,Nebraska,31035,Clay,2013,2017,American Indian/Alaskan Native (includes Hispanic),
31,Nebraska,31035,Clay,2013,2017,White (includes Hispanic),
31,Nebraska,31035,Clay,2014,2018,Asian/Pacific Islander (includes Hispanic),
31,Nebraska,31035,Clay,2014,2018,Black (includes Hispanic),
31,Nebraska,31035,Clay,2014,2018,Hispanic (all races),
31,Nebraska,31035,Clay,2014,2018,American Indian/Alaskan Native (includes Hispanic),
31,Nebraska,31035,Clay,2014,2018,White (includes Hispanic),
31,Nebraska,31035,Clay,2015,2019,Asian/Pacific Islander (includes Hispanic),
31,Nebraska,31035,Clay,2015,2019,Black (includes Hispanic),
31,Nebraska,31035,Clay,2015,2019,Hispanic (all races),
31,Nebraska,31035,Clay,2015,2019,American Indian/Alaskan Native (includes Hispanic),
31,Nebraska,31035,Clay,2015,2019,White (includes Hispanic),
31,Nebraska,31035,Clay,2016,2020,Asian/Pacific Islander (includes Hispanic),
31,Nebraska,31035,Clay,2016,2020,Black (includes Hispanic),
31,Nebraska,31035,Clay,2016,2020,Hispanic (all races),
31,Nebraska,31035,Clay,2016,2020,American Indian/Alaskan Native (includes Hispanic),
31,Nebraska,31035,Clay,2016,2020,White (includes Hispanic),
31,Nebraska,31037,Colfax,2011,2015,Asian/Pacific Islander (includes Hispanic),
31,Nebraska,31037,Colfax,2011,2015,Black (includes Hispanic),
31,Nebraska,31037,Colfax,2011,2015,Hispanic (all races),
31,Nebraska,31037,Colfax,2011,2015,American Indian/Alaskan Native (includes Hispanic),
31,Nebraska,31037,Colfax,2011,2015,White (includes Hispanic),9.0
31,Nebraska,31037,Colfax,2012,2016,Asian/Pacific Islander (includes Hispanic),
31,Nebraska,31037,Colfax,2012,2016,Black (includes Hispanic),
31,Nebraska,31037,Colfax,2012,2016,Hispanic (all races),
31,Nebraska,31037,Colfax,2012,2016,American Indian/Alaskan Native (includes Hispanic),
31,Nebraska,31037,Colfax,2012,2016,White (includes Hispanic),11.8
31,Nebraska,31037,Colfax,2013,2017,Asian/Pacific Islander (includes Hispanic),
31,Nebraska,31037,Colfax,2013,2017,Black (includes Hispanic),
31,Nebraska,31037,Colfax,2013,2017,Hispanic (all races),
31,Nebraska,31037,Colfax,2013,2017,American Indian/Alaskan Native (includes Hispanic),
31,Nebraska,31037,Colfax,2013,2017,White (includes Hispanic),12.9
31,Nebraska,31037,Colfax,2014,2018,Asian/Pacific Islander (includes Hispanic),
31,Nebraska,31037,Colfax,2014,2018,Black (includes Hispanic),
31,Nebraska,31037,Colfax,2014,2018,Hispanic (all races),
31,Nebraska,31037,Colfax,2014,2018,American Indian/Alaskan Native (includes Hispanic),
31,Nebraska,31037,Colfax,2014,2018,White (includes Hispanic),13.0
31,Nebraska,31037,Colfax,2015,2019,Asian/Pacific Islander (includes Hispanic),
31,Nebraska,31037,Colfax,2015,2019,Black (includes Hispanic),
31,Nebraska,31037,Colfax,2015,2019,Hispanic (all races),
31,Nebraska,31037,Colfax,2015,2019,American Indian/Alaskan Native (includes Hispanic),
31,Nebraska,31037,Colfax,2015,2019,White (includes Hispanic),11.2
31,Nebraska,31037,Colfax,2016,2020,Asian/Pacific Islander (includes Hispanic),
31,Nebraska,31037,Colfax,2016,2020,Black (includes Hispanic),
31,Nebraska,31037,Colfax,2016,2020,Hispanic (all races),
31,Nebraska,31037,Colfax,2016,2020,American Indian/Alaskan Native (includes Hispanic),
31,Nebraska,31037,Colfax,2016,2020,White (includes Hispanic),11.6
31,Nebraska,31039,Cuming,2011,2015,Asian/Pacific Islander (includes Hispanic),
31,Nebraska,31039,Cuming,2011,2015,Black (includes Hispanic),
31,Nebraska,31039,Cuming,2011,2015,Hispanic (all races),
31,Nebraska,31039,Cuming,2011,2015,American Indian/Alaskan Native (includes Hispanic),
31,Nebraska,31039,Cuming,2011,2015,White (includes Hispanic),
31,Nebraska,31039,Cuming,2012,2016,Asian/Pacific Islander (includes Hispanic),
31,Nebraska,31039,Cuming,2012,2016,Black (includes Hispanic),
31,Nebraska,31039,Cuming,2012,2016,Hispanic (all races),
31,Nebraska,31039,Cuming,2012,2016,American Indian/Alaskan Native (includes Hispanic),
31,Nebraska,31039,Cuming,2012,2016,White (includes Hispanic),
31,Nebraska,31039,Cuming,2013,2017,Asian/Pacific Islander (includes Hispanic),
31,Nebraska,31039,Cuming,2013,2017,Black (includes Hispanic),
31,Nebraska,31039,Cuming,2013,2017,Hispanic (all races),
31,Nebraska,31039,Cuming,2013,2017,American Indian/Alaskan Native (includes Hispanic),
31,Nebraska,31039,Cuming,2013,2017,White (includes Hispanic),11.1
31,Nebraska,31039,Cuming,2014,2018,Asian/Pacific Islander (includes Hispanic),
31,Nebraska,31039,Cuming,2014,2018,Black (includes Hispanic),
31,Nebraska,31039,Cuming,2014,2018,Hispanic (all races),
31,Nebraska,31039,Cuming,2014,2018,American Indian/Alaskan Native (includes Hispanic),
31,Nebraska,31039,Cuming,2014,2018,White (includes Hispanic),12.4
31,Nebraska,31039,Cuming,2015,2019,Asian/Pacific Islander (includes Hispanic),
31,Nebraska,31039,Cuming,2015,2019,Black (includes Hispanic),
31,Nebraska,31039,Cuming,2015,2019,Hispanic (all races),
31,Nebraska,31039,Cuming,2015,2019,American Indian/Alaskan Native (includes Hispanic),
31,Nebraska,31039,Cuming,2015,2019,White (includes Hispanic),12.5
31,Nebraska,31039,Cuming,2016,2020,Asian/Pacific Islander (includes Hispanic),
31,Nebraska,31039,Cuming,2016,2020,Black (includes Hispanic),
31,Nebraska,31039,Cuming,2016,2020,Hispanic (all races),
31,Nebraska,31039,Cuming,2016,2020,American Indian/Alaskan Native (includes Hispanic),
31,Nebraska,31039,Cuming,2016,2020,White (includes Hispanic),13.6
31,Nebraska,31041,Custer,2011,2015,Asian/Pacific Islander (includes Hispanic),
31,Nebraska,31041,Custer,2011,2015,Black (includes Hispanic),
31,Nebraska,31041,Custer,2011,2015,Hispanic (all races),
31,Nebraska,31041,Custer,2011,2015,American Indian/Alaskan Native (includes Hispanic),
31,Nebraska,31041,Custer,2011,2015,White (includes Hispanic),
31,Nebraska,31041,Custer,2012,2016,Asian/Pacific Islander (includes Hispanic),
31,Nebraska,31041,Custer,2012,2016,Black (includes Hispanic),
31,Nebraska,31041,Custer,2012,2016,Hispanic (all races),
31,Nebraska,31041,Custer,2012,2016,American Indian/Alaskan Native (includes Hispanic),
31,Nebraska,31041,Custer,2012,2016,White (includes Hispanic),
31,Nebraska,31041,Custer,2013,2017,Asian/Pacific Islander (includes Hispanic),
31,Nebraska,31041,Custer,2013,2017,Black (includes Hispanic),
31,Nebraska,31041,Custer,2013,2017,Hispanic (all races),
31,Nebraska,31041,Custer,2013,2017,American Indian/Alaskan Native (includes Hispanic),
31,Nebraska,31041,Custer,2013,2017,White (includes Hispanic),6.1
31,Nebraska,31041,Custer,2014,2018,Asian/Pacific Islander (includes Hispanic),
31,Nebraska,31041,Custer,2014,2018,Black (includes Hispanic),
31,Nebraska,31041,Custer,2014,2018,Hispanic (all races),
31,Nebraska,31041,Custer,2014,2018,American Indian/Alaskan Native (includes Hispanic),
31,Nebraska,31041,Custer,2014,2018,White (includes Hispanic),
31,Nebraska,31041,Custer,2015,2019,Asian/Pacific Islander (includes Hispanic),
31,Nebraska,31041,Custer,2015,2019,Black (includes Hispanic),
31,Nebraska,31041,Custer,2015,2019,Hispanic (all races),
31,Nebraska,31041,Custer,2015,2019,American Indian/Alaskan Native (includes Hispanic),
31,Nebraska,31041,Custer,2015,2019,White (includes Hispanic),6.2
31,Nebraska,31041,Custer,2016,2020,Asian/Pacific Islander (includes Hispanic),
31,Nebraska,31041,Custer,2016,2020,Black (includes Hispanic),
31,Nebraska,31041,Custer,2016,2020,Hispanic (all races),
31,Nebraska,31041,Custer,2016,2020,American Indian/Alaskan Native (includes Hispanic),
31,Nebraska,31041,Custer,2016,2020,White (includes Hispanic),5.7
31,Nebraska,31043,Dakota,2011,2015,Asian/Pacific Islander (includes Hispanic),
31,Nebraska,31043,Dakota,2011,2015,Black (includes Hispanic),
31,Nebraska,31043,Dakota,2011,2015,Hispanic (all races),
31,Nebraska,31043,Dakota,2011,2015,American Indian/Alaskan Native (includes Hispanic),
31,Nebraska,31043,Dakota,2011,2015,White (includes Hispanic),8.3
31,Nebraska,31043,Dakota,2012,2016,Asian/Pacific Islander (includes Hispanic),
31,Nebraska,31043,Dakota,2012,2016,Black (includes Hispanic),
31,Nebraska,31043,Dakota,2012,2016,Hispanic (all races),
31,Nebraska,31043,Dakota,2012,2016,American Indian/Alaskan Native (includes Hispanic),
31,Nebraska,31043,Dakota,2012,2016,White (includes Hispanic),8.7
31,Nebraska,31043,Dakota,2013,2017,Asian/Pacific Islander (includes Hispanic),
31,Nebraska,31043,Dakota,2013,2017,Black (includes Hispanic),
31,Nebraska,31043,Dakota,2013,2017,Hispanic (all races),
31,Nebraska,31043,Dakota,2013,2017,American Indian/Alaskan Native (includes Hispanic),
31,Nebraska,31043,Dakota,2013,2017,White (includes Hispanic),9.6
31,Nebraska,31043,Dakota,2014,2018,Asian/Pacific Islander (includes Hispanic),
31,Nebraska,31043,Dakota,2014,2018,Black (includes Hispanic),
31,Nebraska,31043,Dakota,2014,2018,Hispanic (all races),
31,Nebraska,31043,Dakota,2014,2018,American Indian/Alaskan Native (includes Hispanic),
31,Nebraska,31043,Dakota,2014,2018,White (includes Hispanic),10.5
31,Nebraska,31043,Dakota,2015,2019,Asian/Pacific Islander (includes Hispanic),
31,Nebraska,31043,Dakota,2015,2019,Black (includes Hispanic),
31,Nebraska,31043,Dakota,2015,2019,Hispanic (all races),
31,Nebraska,31043,Dakota,2015,2019,American Indian/Alaskan Native (includes Hispanic),
31,Nebraska,31043,Dakota,2015,2019,White (includes Hispanic),10.9
31,Nebraska,31043,Dakota,2016,2020,Asian/Pacific Islander (includes Hispanic),
31,Nebraska,31043,Dakota,2016,2020,Black (includes Hispanic),
31,Nebraska,31043,Dakota,2016,2020,Hispanic (all races),
31,Nebraska,31043,Dakota,2016,2020,American Indian/Alaskan Native (includes Hispanic),
31,Nebraska,31043,Dakota,2016,2020,White (includes Hispanic),9.6
31,Nebraska,31045,Dawes,2011,2015,Asian/Pacific Islander (includes Hispanic),
31,Nebraska,31045,Dawes,2011,2015,Black (includes Hispanic),
31,Nebraska,31045,Dawes,2011,2015,Hispanic (all races),
31,Nebraska,31045,Dawes,2011,2015,American Indian/Alaskan Native (includes Hispanic),
31,Nebraska,31045,Dawes,2011,2015,White (includes Hispanic),
31,Nebraska,31045,Dawes,2012,2016,Asian/Pacific Islander (includes Hispanic),
31,Nebraska,31045,Dawes,2012,2016,Black (includes Hispanic),
31,Nebraska,31045,Dawes,2012,2016,Hispanic (all races),
31,Nebraska,31045,Dawes,2012,2016,American Indian/Alaskan Native (includes Hispanic),
31,Nebraska,31045,Dawes,2012,2016,White (includes Hispanic),
31,Nebraska,31045,Dawes,2013,2017,Asian/Pacific Islander (includes Hispanic),
31,Nebraska,31045,Dawes,2013,2017,Black (includes Hispanic),
31,Nebraska,31045,Dawes,2013,2017,Hispanic (all races),
31,Nebraska,31045,Dawes,2013,2017,American Indian/Alaskan Native (includes Hispanic),
31,Nebraska,31045,Dawes,2013,2017,White (includes Hispanic),
31,Nebraska,31045,Dawes,2014,2018,Asian/Pacific Islander (includes Hispanic),
31,Nebraska,31045,Dawes,2014,2018,Black (includes Hispanic),
31,Nebraska,31045,Dawes,2014,2018,Hispanic (all races),
31,Nebraska,31045,Dawes,2014,2018,American Indian/Alaskan Native (includes Hispanic),
31,Nebraska,31045,Dawes,2014,2018,White (includes Hispanic),
31,Nebraska,31045,Dawes,2015,2019,Asian/Pacific Islander (includes Hispanic),
31,Nebraska,31045,Dawes,2015,2019,Black (includes Hispanic),
31,Nebraska,31045,Dawes,2015,2019,Hispanic (all races),
31,Nebraska,31045,Dawes,2015,2019,American Indian/Alaskan Native (includes Hispanic),
31,Nebraska,31045,Dawes,2015,2019,White (includes Hispanic),
31,Nebraska,31045,Dawes,2016,2020,Asian/Pacific Islander (includes Hispanic),
31,Nebraska,31045,Dawes,2016,2020,Black (includes Hispanic),
31,Nebraska,31045,Dawes,2016,2020,Hispanic (all races),
31,Nebraska,31045,Dawes,2016,2020,American Indian/Alaskan Native (includes Hispanic),
31,Nebraska,31045,Dawes,2016,2020,White (includes Hispanic),
31,Nebraska,31047,Dawson,2011,2015,Asian/Pacific Islander (includes Hispanic),
31,Nebraska,31047,Dawson,2011,2015,Black (includes Hispanic),
31,Nebraska,31047,Dawson,2011,2015,Hispanic (all races),
31,Nebraska,31047,Dawson,2011,2015,American Indian/Alaskan Native (includes Hispanic),
31,Nebraska,31047,Dawson,2011,2015,White (includes Hispanic),6.5
31,Nebraska,31047,Dawson,2012,2016,Asian/Pacific Islander (includes Hispanic),
31,Nebraska,31047,Dawson,2012,2016,Black (includes Hispanic),
31,Nebraska,31047,Dawson,2012,2016,Hispanic (all races),
31,Nebraska,31047,Dawson,2012,2016,American Indian/Alaskan Native (includes Hispanic),
31,Nebraska,31047,Dawson,2012,2016,White (includes Hispanic),6.0
31,Nebraska,31047,Dawson,2013,2017,Asian/Pacific Islander (includes Hispanic),
31,Nebraska,31047,Dawson,2013,2017,Black (includes Hispanic),
31,Nebraska,31047,Dawson,2013,2017,Hispanic (all races),
31,Nebraska,31047,Dawson,2013,2017,American Indian/Alaskan Native (includes Hispanic),
31,Nebraska,31047,Dawson,2013,2017,White (includes Hispanic),
31,Nebraska,31047,Dawson,2014,2018,Asian/Pacific Islander (includes Hispanic),
31,Nebraska,31047,Dawson,2014,2018,Black (includes Hispanic),
31,Nebraska,31047,Dawson,2014,2018,Hispanic (all races),
31,Nebraska,31047,Dawson,2014,2018,American Indian/Alaskan Native (includes Hispanic),
31,Nebraska,31047,Dawson,2014,2018,White (includes Hispanic),
31,Nebraska,31047,Dawson,2015,2019,Asian/Pacific Islander (includes Hispanic),
31,Nebraska,31047,Dawson,2015,2019,Black (includes Hispanic),
31,Nebraska,31047,Dawson,2015,2019,Hispanic (all races),
31,Nebraska,31047,Dawson,2015,2019,American Indian/Alaskan Native (includes Hispanic),
31,Nebraska,31047,Dawson,2015,2019,White (includes Hispanic),
31,Nebraska,31047,Dawson,2016,2020,Asian/Pacific Islander (includes Hispanic),
31,Nebraska,31047,Dawson,2016,2020,Black (includes Hispanic),
31,Nebraska,31047,Dawson,2016,2020,Hispanic (all races),
31,Nebraska,31047,Dawson,2016,2020,American Indian/Alaskan Native (includes Hispanic),
31,Nebraska,31047,Dawson,2016,2020,White (includes Hispanic),
31,Nebraska,31049,Deuel,2011,2015,Asian/Pacific Islander (includes Hispanic),
31,Nebraska,31049,Deuel,2011,2015,Black (includes Hispanic),
31,Nebraska,31049,Deuel,2011,2015,Hispanic (all races),
31,Nebraska,31049,Deuel,2011,2015,American Indian/Alaskan Native (includes Hispanic),
31,Nebraska,31049,Deuel,2011,2015,White (includes Hispanic),
31,Nebraska,31049,Deuel,2012,2016,Asian/Pacific Islander (includes Hispanic),
31,Nebraska,31049,Deuel,2012,2016,Black (includes Hispanic),
31,Nebraska,31049,Deuel,2012,2016,Hispanic (all races),
31,Nebraska,31049,Deuel,2012,2016,American Indian/Alaskan Native (includes Hispanic),
31,Nebraska,31049,Deuel,2012,2016,White (includes Hispanic),
31,Nebraska,31049,Deuel,2013,2017,Asian/Pacific Islander (includes Hispanic),
31,Nebraska,31049,Deuel,2013,2017,Black (includes Hispanic),
31,Nebraska,31049,Deuel,2013,2017,Hispanic (all races),
31,Nebraska,31049,Deuel,2013,2017,American Indian/Alaskan Native (includes Hispanic),
31,Nebraska,31049,Deuel,2013,2017,White (includes Hispanic),
31,Nebraska,31049,Deuel,2014,2018,Asian/Pacific Islander (includes Hispanic),
31,Nebraska,31049,Deuel,2014,2018,Black (includes Hispanic),
31,Nebraska,31049,Deuel,2014,2018,Hispanic (all races),
31,Nebraska,31049,Deuel,2014,2018,American Indian/Alaskan Native (includes Hispanic),
31,Nebraska,31049,Deuel,2014,2018,White (includes Hispanic),
31,Nebraska,31049,Deuel,2015,2019,Asian/Pacific Islander (includes Hispanic),
31,Nebraska,31049,Deuel,2015,2019,Black (includes Hispanic),
31,Nebraska,31049,Deuel,2015,2019,Hispanic (all races),
31,Nebraska,31049,Deuel,2015,2019,American Indian/Alaskan Native (includes Hispanic),
31,Nebraska,31049,Deuel,2015,2019,White (includes Hispanic),
31,Nebraska,31049,Deuel,2016,2020,Asian/Pacific Islander (includes Hispanic),
31,Nebraska,31049,Deuel,2016,2020,Black (includes Hispanic),
31,Nebraska,31049,Deuel,2016,2020,Hispanic (all races),
31,Nebraska,31049,Deuel,2016,2020,American Indian/Alaskan Native (includes Hispanic),
31,Nebraska,31049,Deuel,2016,2020,White (includes Hispanic),
31,Nebraska,31051,Dixon,2011,2015,Asian/Pacific Islander (includes Hispanic),
31,Nebraska,31051,Dixon,2011,2015,Black (includes Hispanic),
31,Nebraska,31051,Dixon,2011,2015,Hispanic (all races),
31,Nebraska,31051,Dixon,2011,2015,American Indian/Alaskan Native (includes Hispanic),
31,Nebraska,31051,Dixon,2011,2015,White (includes Hispanic),
31,Nebraska,31051,Dixon,2012,2016,Asian/Pacific Islander (includes Hispanic),
31,Nebraska,31051,Dixon,2012,2016,Black (includes Hispanic),
31,Nebraska,31051,Dixon,2012,2016,Hispanic (all races),
31,Nebraska,31051,Dixon,2012,2016,American Indian/Alaskan Native (includes Hispanic),
31,Nebraska,31051,Dixon,2012,2016,White (includes Hispanic),
31,Nebraska,31051,Dixon,2013,2017,Asian/Pacific Islander (includes Hispanic),
31,Nebraska,31051,Dixon,2013,2017,Black (includes Hispanic),
31,Nebraska,31051,Dixon,2013,2017,Hispanic (all races),
31,Nebraska,31051,Dixon,2013,2017,American Indian/Alaskan Native (includes Hispanic),
31,Nebraska,31051,Dixon,2013,2017,White (includes Hispanic),
31,Nebraska,31051,Dixon,2014,2018,Asian/Pacific Islander (includes Hispanic),
31,Nebraska,31051,Dixon,2014,2018,Black (includes Hispanic),
31,Nebraska,31051,Dixon,2014,2018,Hispanic (all races),
31,Nebraska,31051,Dixon,2014,2018,American Indian/Alaskan Native (includes Hispanic),
31,Nebraska,31051,Dixon,2014,2018,White (includes Hispanic),
31,Nebraska,31051,Dixon,2015,2019,Asian/Pacific Islander (includes Hispanic),
31,Nebraska,31051,Dixon,2015,2019,Black (includes Hispanic),
31,Nebraska,31051,Dixon,2015,2019,Hispanic (all races),
31,Nebraska,31051,Dixon,2015,2019,American Indian/Alaskan Native (includes Hispanic),
31,Nebraska,31051,Dixon,2015,2019,White (includes Hispanic),
31,Nebraska,31051,Dixon,2016,2020,Asian/Pacific Islander (includes Hispanic),
31,Nebraska,31051,Dixon,2016,2020,Black (includes Hispanic),
31,Nebraska,31051,Dixon,2016,2020,Hispanic (all races),
31,Nebraska,31051,Dixon,2016,2020,American Indian/Alaskan Native (includes Hispanic),
31,Nebraska,31051,Dixon,2016,2020,White (includes Hispanic),
31,Nebraska,31053,Dodge,2011,2015,Asian/Pacific Islander (includes Hispanic),
31,Nebraska,31053,Dodge,2011,2015,Black (includes Hispanic),11.9
31,Nebraska,31053,Dodge,2011,2015,Hispanic (all races),
31,Nebraska,31053,Dodge,2011,2015,American Indian/Alaskan Native (includes Hispanic),
31,Nebraska,31053,Dodge,2011,2015,White (includes Hispanic),7.5
31,Nebraska,31053,Dodge,2012,2016,Asian/Pacific Islander (includes Hispanic),
31,Nebraska,31053,Dodge,2012,2016,Black (includes Hispanic),
31,Nebraska,31053,Dodge,2012,2016,Hispanic (all races),
31,Nebraska,31053,Dodge,2012,2016,American Indian/Alaskan Native (includes Hispanic),
31,Nebraska,31053,Dodge,2012,2016,White (includes Hispanic),7.7
31,Nebraska,31053,Dodge,2013,2017,Asian/Pacific Islander (includes Hispanic),
31,Nebraska,31053,Dodge,2013,2017,Black (includes Hispanic),
31,Nebraska,31053,Dodge,2013,2017,Hispanic (all races),
31,Nebraska,31053,Dodge,2013,2017,American Indian/Alaskan Native (includes Hispanic),
31,Nebraska,31053,Dodge,2013,2017,White (includes Hispanic),8.2
31,Nebraska,31053,Dodge,2014,2018,Asian/Pacific Islander (includes Hispanic),
31,Nebraska,31053,Dodge,2014,2018,Black (includes Hispanic),14.1
31,Nebraska,31053,Dodge,2014,2018,Hispanic (all races),
31,Nebraska,31053,Dodge,2014,2018,American Indian/Alaskan Native (includes Hispanic),
31,Nebraska,31053,Dodge,2014,2018,White (includes Hispanic),8.4
31,Nebraska,31053,Dodge,2015,2019,Asian/Pacific Islander (includes Hispanic),
31,Nebraska,31053,Dodge,2015,2019,Black (includes Hispanic),
31,Nebraska,31053,Dodge,2015,2019,Hispanic (all races),
31,Nebraska,31053,Dodge,2015,2019,American Indian/Alaskan Native (includes Hispanic),
31,Nebraska,31053,Dodge,2015,2019,White (includes Hispanic),8.0
31,Nebraska,31053,Dodge,2016,2020,Asian/Pacific Islander (includes Hispanic),
31,Nebraska,31053,Dodge,2016,2020,Black (includes Hispanic),
31,Nebraska,31053,Dodge,2016,2020,Hispanic (all races),
31,Nebraska,31053,Dodge,2016,2020,American Indian/Alaskan Native (includes Hispanic),
31,Nebraska,31053,Dodge,2016,2020,White (includes Hispanic),8.0
31,Nebraska,31055,Douglas,2011,2015,Asian/Pacific Islander (includes Hispanic),
31,Nebraska,31055,Douglas,2011,2015,Black (includes Hispanic),11.2
31,Nebraska,31055,Douglas,2011,2015,Hispanic (all races),
31,Nebraska,31055,Douglas,2011,2015,American Indian/Alaskan Native (includes Hispanic),
31,Nebraska,31055,Douglas,2011,2015,White (includes Hispanic),7.6
31,Nebraska,31055,Douglas,2012,2016,Asian/Pacific Islander (includes Hispanic),
31,Nebraska,31055,Douglas,2012,2016,Black (includes Hispanic),
31,Nebraska,31055,Douglas,2012,2016,Hispanic (all races),
31,Nebraska,31055,Douglas,2012,2016,American Indian/Alaskan Native (includes Hispanic),
31,Nebraska,31055,Douglas,2012,2016,White (includes Hispanic),7.8
31,Nebraska,31055,Douglas,2013,2017,Asian/Pacific Islander (includes Hispanic),
31,Nebraska,31055,Douglas,2013,2017,Black (includes Hispanic),11.4
31,Nebraska,31055,Douglas,2013,2017,Hispanic (all races),17.4
31,Nebraska,31055,Douglas,2013,2017,American Indian/Alaskan Native (includes Hispanic),
31,Nebraska,31055,Douglas,2013,2017,White (includes Hispanic),8.5
31,Nebraska,31055,Douglas,2014,2018,Asian/Pacific Islander (includes Hispanic),
31,Nebraska,31055,Douglas,2014,2018,Black (includes Hispanic),13.7
31,Nebraska,31055,Douglas,2014,2018,Hispanic (all races),16.1
31,Nebraska,31055,Douglas,2014,2018,American Indian/Alaskan Native (includes Hispanic),
31,Nebraska,31055,Douglas,2014,2018,White (includes Hispanic),8.6
31,Nebraska,31055,Douglas,2015,2019,Asian/Pacific Islander (includes Hispanic),
31,Nebraska,31055,Douglas,2015,2019,Black (includes Hispanic),10.6
31,Nebraska,31055,Douglas,2015,2019,Hispanic (all races),13.1
31,Nebraska,31055,Douglas,2015,2019,American Indian/Alaskan Native (includes Hispanic),
31,Nebraska,31055,Douglas,2015,2019,White (includes Hispanic),7.9
31,Nebraska,31055,Douglas,2016,2020,Asian/Pacific Islander (includes Hispanic),
31,Nebraska,31055,Douglas,2016,2020,Black (includes Hispanic),
31,Nebraska,31055,Douglas,2016,2020,Hispanic (all races),12.1
31,Nebraska,31055,Douglas,2016,2020,American Indian/Alaskan Native (includes Hispanic),
31,Nebraska,31055,Douglas,2016,2020,White (includes Hispanic),7.5
31,Nebraska,31057,Dundy,2011,2015,Asian/Pacific Islander (includes Hispanic),
31,Nebraska,31057,Dundy,2011,2015,Black (includes Hispanic),
31,Nebraska,31057,Dundy,2011,2015,Hispanic (all races),
31,Nebraska,31057,Dundy,2011,2015,American Indian/Alaskan Native (includes Hispanic),
31,Nebraska,31057,Dundy,2011,2015,White (includes Hispanic),
31,Nebraska,31057,Dundy,2012,2016,Asian/Pacific Islander (includes Hispanic),
31,Nebraska,31057,Dundy,2012,2016,Black (includes Hispanic),
31,Nebraska,31057,Dundy,2012,2016,Hispanic (all races),
31,Nebraska,31057,Dundy,2012,2016,American Indian/Alaskan Native (includes Hispanic),
31,Nebraska,31057,Dundy,2012,2016,White (includes Hispanic),
31,Nebraska,31057,Dundy,2013,2017,Asian/Pacific Islander (includes Hispanic),
31,Nebraska,31057,Dundy,2013,2017,Black (includes Hispanic),
31,Nebraska,31057,Dundy,2013,2017,Hispanic (all races),
31,Nebraska,31057,Dundy,2013,2017,American Indian/Alaskan Native (includes Hispanic),
31,Nebraska,31057,Dundy,2013,2017,White (includes Hispanic),
31,Nebraska,31057,Dundy,2014,2018,Asian/Pacific Islander (includes Hispanic),
31,Nebraska,31057,Dundy,2014,2018,Black (includes Hispanic),
31,Nebraska,31057,Dundy,2014,2018,Hispanic (all races),
31,Nebraska,31057,Dundy,2014,2018,American Indian/Alaskan Native (includes Hispanic),
31,Nebraska,31057,Dundy,2014,2018,White (includes Hispanic),
31,Nebraska,31057,Dundy,2015,2019,Asian/Pacific Islander (includes Hispanic),
31,Nebraska,31057,Dundy,2015,2019,Black (includes Hispanic),
31,Nebraska,31057,Dundy,2015,2019,Hispanic (all races),
31,Nebraska,31057,Dundy,2015,2019,American Indian/Alaskan Native (includes Hispanic),
31,Nebraska,31057,Dundy,2015,2019,White (includes Hispanic),
31,Nebraska,31057,Dundy,2016,2020,Asian/Pacific Islander (includes Hispanic),
31,Nebraska,31057,Dundy,2016,2020,Black (includes Hispanic),
31,Nebraska,31057,Dundy,2016,2020,Hispanic (all races),
31,Nebraska,31057,Dundy,2016,2020,American Indian/Alaskan Native (includes Hispanic),
31,Nebraska,31057,Dundy,2016,2020,White (includes Hispanic),
31,Nebraska,31059,Fillmore,2011,2015,Asian/Pacific Islander (includes Hispanic),
31,Nebraska,31059,Fillmore,2011,2015,Black (includes Hispanic),
31,Nebraska,31059,Fillmore,2011,2015,Hispanic (all races),
31,Nebraska,31059,Fillmore,2011,2015,American Indian/Alaskan Native (includes Hispanic),
31,Nebraska,31059,Fillmore,2011,2015,White (includes Hispanic),
31,Nebraska,31059,Fillmore,2012,2016,Asian/Pacific Islander (includes Hispanic),
31,Nebraska,31059,Fillmore,2012,2016,Black (includes Hispanic),
31,Nebraska,31059,Fillmore,2012,2016,Hispanic (all races),
31,Nebraska,31059,Fillmore,2012,2016,American Indian/Alaskan Native (includes Hispanic),
31,Nebraska,31059,Fillmore,2012,2016,White (includes Hispanic),
31,Nebraska,31059,Fillmore,2013,2017,Asian/Pacific Islander (includes Hispanic),
31,Nebraska,31059,Fillmore,2013,2017,Black (includes Hispanic),
31,Nebraska,31059,Fillmore,2013,2017,Hispanic (all races),
31,Nebraska,31059,Fillmore,2013,2017,American Indian/Alaskan Native (includes Hispanic),
31,Nebraska,31059,Fillmore,2013,2017,White (includes Hispanic),
31,Nebraska,31059,Fillmore,2014,2018,Asian/Pacific Islander (includes Hispanic),
31,Nebraska,31059,Fillmore,2014,2018,Black (includes Hispanic),
31,Nebraska,31059,Fillmore,2014,2018,Hispanic (all races),
31,Nebraska,31059,Fillmore,2014,2018,American Indian/Alaskan Native (includes Hispanic),
31,Nebraska,31059,Fillmore,2014,2018,White (includes Hispanic),
31,Nebraska,31059,Fillmore,2015,2019,Asian/Pacific Islander (includes Hispanic),
31,Nebraska,31059,Fillmore,2015,2019,Black (includes Hispanic),
31,Nebraska,31059,Fillmore,2015,2019,Hispanic (all races),
31,Nebraska,31059,Fillmore,2015,2019,American Indian/Alaskan Native (includes Hispanic),
31,Nebraska,31059,Fillmore,2015,2019,White (includes Hispanic),
31,Nebraska,31059,Fillmore,2016,2020,Asian/Pacific Islander (includes Hispanic),
31,Nebraska,31059,Fillmore,2016,2020,Black (includes Hispanic),
31,Nebraska,31059,Fillmore,2016,2020,Hispanic (all races),
31,Nebraska,31059,Fillmore,2016,2020,American Indian/Alaskan Native (includes Hispanic),
31,Nebraska,31059,Fillmore,2016,2020,White (includes Hispanic),
31,Nebraska,31061,Franklin,2011,2015,Asian/Pacific Islander (includes Hispanic),
31,Nebraska,31061,Franklin,2011,2015,Black (includes Hispanic),
31,Nebraska,31061,Franklin,2011,2015,Hispanic (all races),
31,Nebraska,31061,Franklin,2011,2015,American Indian/Alaskan Native (includes Hispanic),
31,Nebraska,31061,Franklin,2011,2015,White (includes Hispanic),
31,Nebraska,31061,Franklin,2012,2016,Asian/Pacific Islander (includes Hispanic),
31,Nebraska,31061,Franklin,2012,2016,Black (includes Hispanic),
31,Nebraska,31061,Franklin,2012,2016,Hispanic (all races),
31,Nebraska,31061,Franklin,2012,2016,American Indian/Alaskan Native (includes Hispanic),
31,Nebraska,31061,Franklin,2012,2016,White (includes Hispanic),
31,Nebraska,31061,Franklin,2013,2017,Asian/Pacific Islander (includes Hispanic),
31,Nebraska,31061,Franklin,2013,2017,Black (includes Hispanic),
31,Nebraska,31061,Franklin,2013,2017,Hispanic (all races),
31,Nebraska,31061,Franklin,2013,2017,American Indian/Alaskan Native (includes Hispanic),
31,Nebraska,31061,Franklin,2013,2017,White (includes Hispanic),
31,Nebraska,31061,Franklin,2014,2018,Asian/Pacific Islander (includes Hispanic),
31,Nebraska,31061,Franklin,2014,2018,Black (includes Hispanic),
31,Nebraska,31061,Franklin,2014,2018,Hispanic (all races),
31,Nebraska,31061,Franklin,2014,2018,American Indian/Alaskan Native (includes Hispanic),
31,Nebraska,31061,Franklin,2014,2018,White (includes Hispanic),
31,Nebraska,31061,Franklin,2015,2019,Asian/Pacific Islander (includes Hispanic),
31,Nebraska,31061,Franklin,2015,2019,Black (includes Hispanic),
31,Nebraska,31061,Franklin,2015,2019,Hispanic (all races),
31,Nebraska,31061,Franklin,2015,2019,American Indian/Alaskan Native (includes Hispanic),
31,Nebraska,31061,Franklin,2015,2019,White (includes Hispanic),
31,Nebraska,31061,Franklin,2016,2020,Asian/Pacific Islander (includes Hispanic),
31,Nebraska,31061,Franklin,2016,2020,Black (includes Hispanic),
31,Nebraska,31061,Franklin,2016,2020,Hispanic (all races),
31,Nebraska,31061,Franklin,2016,2020,American Indian/Alaskan Native (includes Hispanic),
31,Nebraska,31061,Franklin,2016,2020,White (includes Hispanic),
31,Nebraska,31063,Frontier,2011,2015,Asian/Pacific Islander (includes Hispanic),
31,Nebraska,31063,Frontier,2011,2015,Black (includes Hispanic),
31,Nebraska,31063,Frontier,2011,2015,Hispanic (all races),
31,Nebraska,31063,Frontier,2011,2015,American Indian/Alaskan Native (includes Hispanic),
31,Nebraska,31063,Frontier,2011,2015,White (includes Hispanic),
31,Nebraska,31063,Frontier,2012,2016,Asian/Pacific Islander (includes Hispanic),
31,Nebraska,31063,Frontier,2012,2016,Black (includes Hispanic),
31,Nebraska,31063,Frontier,2012,2016,Hispanic (all races),
31,Nebraska,31063,Frontier,2012,2016,American Indian/Alaskan Native (includes Hispanic),
31,Nebraska,31063,Frontier,2012,2016,White (includes Hispanic),
31,Nebraska,31063,Frontier,2013,2017,Asian/Pacific Islander (includes Hispanic),
31,Nebraska,31063,Frontier,2013,2017,Black (includes Hispanic),
31,Nebraska,31063,Frontier,2013,2017,Hispanic (all races),
31,Nebraska,31063,Frontier,2013,2017,American Indian/Alaskan Native (includes Hispanic),
31,Nebraska,31063,Frontier,2013,2017,White (includes Hispanic),
31,Nebraska,31063,Frontier,2014,2018,Asian/Pacific Islander (includes Hispanic),
31,Nebraska,31063,Frontier,2014,2018,Black (includes Hispanic),
31,Nebraska,31063,Frontier,2014,2018,Hispanic (all races),
31,Nebraska,31063,Frontier,2014,2018,American Indian/Alaskan Native (includes Hispanic),
31,Nebraska,31063,Frontier,2014,2018,White (includes Hispanic),
31,Nebraska,31063,Frontier,2015,2019,Asian/Pacific Islander (includes Hispanic),
31,Nebraska,31063,Frontier,2015,2019,Black (includes Hispanic),
31,Nebraska,31063,Frontier,2015,2019,Hispanic (all races),
31,Nebraska,31063,Frontier,2015,2019,American Indian/Alaskan Native (includes Hispanic),
31,Nebraska,31063,Frontier,2015,2019,White (includes Hispanic),
31,Nebraska,31063,Frontier,2016,2020,Asian/Pacific Islander (includes Hispanic),
31,Nebraska,31063,Frontier,2016,2020,Black (includes Hispanic),
31,Nebraska,31063,Frontier,2016,2020,Hispanic (all races),
31,Nebraska,31063,Frontier,2016,2020,American Indian/Alaskan Native (includes Hispanic),
31,Nebraska,31063,Frontier,2016,2020,White (includes Hispanic),
31,Nebraska,31065,Furnas,2011,2015,Asian/Pacific Islander (includes Hispanic),
31,Nebraska,31065,Furnas,2011,2015,Black (includes Hispanic),
31,Nebraska,31065,Furnas,2011,2015,Hispanic (all races),
31,Nebraska,31065,Furnas,2011,2015,American Indian/Alaskan Native (includes Hispanic),
31,Nebraska,31065,Furnas,2011,2015,White (includes Hispanic),
31,Nebraska,31065,Furnas,2012,2016,Asian/Pacific Islander (includes Hispanic),
31,Nebraska,31065,Furnas,2012,2016,Black (includes Hispanic),
31,Nebraska,31065,Furnas,2012,2016,Hispanic (all races),
31,Nebraska,31065,Furnas,2012,2016,American Indian/Alaskan Native (includes Hispanic),
31,Nebraska,31065,Furnas,2012,2016,White (includes Hispanic),
31,Nebraska,31065,Furnas,2013,2017,Asian/Pacific Islander (includes Hispanic),
31,Nebraska,31065,Furnas,2013,2017,Black (includes Hispanic),
31,Nebraska,31065,Furnas,2013,2017,Hispanic (all races),
31,Nebraska,31065,Furnas,2013,2017,American Indian/Alaskan Native (includes Hispanic),
31,Nebraska,31065,Furnas,2013,2017,White (includes Hispanic),
31,Nebraska,31065,Furnas,2014,2018,Asian/Pacific Islander (includes Hispanic),
31,Nebraska,31065,Furnas,2014,2018,Black (includes Hispanic),
31,Nebraska,31065,Furnas,2014,2018,Hispanic (all races),
31,Nebraska,31065,Furnas,2014,2018,American Indian/Alaskan Native (includes Hispanic),
31,Nebraska,31065,Furnas,2014,2018,White (includes Hispanic),
31,Nebraska,31065,Furnas,2015,2019,Asian/Pacific Islander (includes Hispanic),
31,Nebraska,31065,Furnas,2015,2019,Black (includes Hispanic),
31,Nebraska,31065,Furnas,2015,2019,Hispanic (all races),
31,Nebraska,31065,Furnas,2015,2019,American Indian/Alaskan Native (includes Hispanic),
31,Nebraska,31065,Furnas,2015,2019,White (includes Hispanic),
31,Nebraska,31065,Furnas,2016,2020,Asian/Pacific Islander (includes Hispanic),
31,Nebraska,31065,Furnas,2016,2020,Black (includes Hispanic),
31,Nebraska,31065,Furnas,2016,2020,Hispanic (all races),
31,Nebraska,31065,Furnas,2016,2020,American Indian/Alaskan Native (includes Hispanic),
31,Nebraska,31065,Furnas,2016,2020,White (includes Hispanic),
31,Nebraska,31067,Gage,2011,2015,Asian/Pacific Islander (includes Hispanic),
31,Nebraska,31067,Gage,2011,2015,Black (includes Hispanic),
31,Nebraska,31067,Gage,2011,2015,Hispanic (all races),
31,Nebraska,31067,Gage,2011,2015,American Indian/Alaskan Native (includes Hispanic),
31,Nebraska,31067,Gage,2011,2015,White (includes Hispanic),6.8
31,Nebraska,31067,Gage,2012,2016,Asian/Pacific Islander (includes Hispanic),
31,Nebraska,31067,Gage,2012,2016,Black (includes Hispanic),
31,Nebraska,31067,Gage,2012,2016,Hispanic (all races),
31,Nebraska,31067,Gage,2012,2016,American Indian/Alaskan Native (includes Hispanic),
31,Nebraska,31067,Gage,2012,2016,White (includes Hispanic),6.5
31,Nebraska,31067,Gage,2013,2017,Asian/Pacific Islander (includes Hispanic),
31,Nebraska,31067,Gage,2013,2017,Black (includes Hispanic),
31,Nebraska,31067,Gage,2013,2017,Hispanic (all races),
31,Nebraska,31067,Gage,2013,2017,American Indian/Alaskan Native (includes Hispanic),
31,Nebraska,31067,Gage,2013,2017,White (includes Hispanic),7.0
31,Nebraska,31067,Gage,2014,2018,Asian/Pacific Islander (includes Hispanic),
31,Nebraska,31067,Gage,2014,2018,Black (includes Hispanic),
31,Nebraska,31067,Gage,2014,2018,Hispanic (all races),
31,Nebraska,31067,Gage,2014,2018,American Indian/Alaskan Native (includes Hispanic),
31,Nebraska,31067,Gage,2014,2018,White (includes Hispanic),6.7
31,Nebraska,31067,Gage,2015,2019,Asian/Pacific Islander (includes Hispanic),
31,Nebraska,31067,Gage,2015,2019,Black (includes Hispanic),
31,Nebraska,31067,Gage,2015,2019,Hispanic (all races),
31,Nebraska,31067,Gage,2015,2019,American Indian/Alaskan Native (includes Hispanic),
31,Nebraska,31067,Gage,2015,2019,White (includes Hispanic),7.2
31,Nebraska,31067,Gage,2016,2020,Asian/Pacific Islander (includes Hispanic),
31,Nebraska,31067,Gage,2016,2020,Black (includes Hispanic),
31,Nebraska,31067,Gage,2016,2020,Hispanic (all races),
31,Nebraska,31067,Gage,2016,2020,American Indian/Alaskan Native (includes Hispanic),
31,Nebraska,31067,Gage,2016,2020,White (includes Hispanic),6.2
31,Nebraska,31069,Garden,2011,2015,Asian/Pacific Islander (includes Hispanic),
31,Nebraska,31069,Garden,2011,2015,Black (includes Hispanic),
31,Nebraska,31069,Garden,2011,2015,Hispanic (all races),
31,Nebraska,31069,Garden,2011,2015,American Indian/Alaskan Native (includes Hispanic),
31,Nebraska,31069,Garden,2011,2015,White (includes Hispanic),
31,Nebraska,31069,Garden,2012,2016,Asian/Pacific Islander (includes Hispanic),
31,Nebraska,31069,Garden,2012,2016,Black (includes Hispanic),
31,Nebraska,31069,Garden,2012,2016,Hispanic (all races),
31,Nebraska,31069,Garden,2012,2016,American Indian/Alaskan Native (includes Hispanic),
31,Nebraska,31069,Garden,2012,2016,White (includes Hispanic),
31,Nebraska,31069,Garden,2013,2017,Asian/Pacific Islander (includes Hispanic),
31,Nebraska,31069,Garden,2013,2017,Black (includes Hispanic),
31,Nebraska,31069,Garden,2013,2017,Hispanic (all races),
31,Nebraska,31069,Garden,2013,2017,American Indian/Alaskan Native (includes Hispanic),
31,Nebraska,31069,Garden,2013,2017,White (includes Hispanic),
31,Nebraska,31069,Garden,2014,2018,Asian/Pacific Islander (includes Hispanic),
31,Nebraska,31069,Garden,2014,2018,Black (includes Hispanic),
31,Nebraska,31069,Garden,2014,2018,Hispanic (all races),
31,Nebraska,31069,Garden,2014,2018,American Indian/Alaskan Native (includes Hispanic),
31,Nebraska,31069,Garden,2014,2018,White (includes Hispanic),
31,Nebraska,31069,Garden,2015,2019,Asian/Pacific Islander (includes Hispanic),
31,Nebraska,31069,Garden,2015,2019,Black (includes Hispanic),
31,Nebraska,31069,Garden,2015,2019,Hispanic (all races),
31,Nebraska,31069,Garden,2015,2019,American Indian/Alaskan Native (includes Hispanic),
31,Nebraska,31069,Garden,2015,2019,White (includes Hispanic),
31,Nebraska,31069,Garden,2016,2020,Asian/Pacific Islander (includes Hispanic),
31,Nebraska,31069,Garden,2016,2020,Black (includes Hispanic),
31,Nebraska,31069,Garden,2016,2020,Hispanic (all races),
31,Nebraska,31069,Garden,2016,2020,American Indian/Alaskan Native (includes Hispanic),
31,Nebraska,31069,Garden,2016,2020,White (includes Hispanic),
31,Nebraska,31071,Garfield,2011,2015,Asian/Pacific Islander (includes Hispanic),
31,Nebraska,31071,Garfield,2011,2015,Black (includes Hispanic),
31,Nebraska,31071,Garfield,2011,2015,Hispanic (all races),
31,Nebraska,31071,Garfield,2011,2015,American Indian/Alaskan Native (includes Hispanic),
31,Nebraska,31071,Garfield,2011,2015,White (includes Hispanic),
31,Nebraska,31071,Garfield,2012,2016,Asian/Pacific Islander (includes Hispanic),
31,Nebraska,31071,Garfield,2012,2016,Black (includes Hispanic),
31,Nebraska,31071,Garfield,2012,2016,Hispanic (all races),
31,Nebraska,31071,Garfield,2012,2016,American Indian/Alaskan Native (includes Hispanic),
31,Nebraska,31071,Garfield,2012,2016,White (includes Hispanic),
31,Nebraska,31071,Garfield,2013,2017,Asian/Pacific Islander (includes Hispanic),
31,Nebraska,31071,Garfield,2013,2017,Black (includes Hispanic),
31,Nebraska,31071,Garfield,2013,2017,Hispanic (all races),
31,Nebraska,31071,Garfield,2013,2017,American Indian/Alaskan Native (includes Hispanic),
31,Nebraska,31071,Garfield,2013,2017,White (includes Hispanic),
31,Nebraska,31071,Garfield,2014,2018,Asian/Pacific Islander (includes Hispanic),
31,Nebraska,31071,Garfield,2014,2018,Black (includes Hispanic),
31,Nebraska,31071,Garfield,2014,2018,Hispanic (all races),
31,Nebraska,31071,Garfield,2014,2018,American Indian/Alaskan Native (includes Hispanic),
31,Nebraska,31071,Garfield,2014,2018,White (includes Hispanic),
31,Nebraska,31071,Garfield,2015,2019,Asian/Pacific Islander (includes Hispanic),
31,Nebraska,31071,Garfield,2015,2019,Black (includes Hispanic),
31,Nebraska,31071,Garfield,2015,2019,Hispanic (all races),
31,Nebraska,31071,Garfield,2015,2019,American Indian/Alaskan Native (includes Hispanic),
31,Nebraska,31071,Garfield,2015,2019,White (includes Hispanic),
31,Nebraska,31071,Garfield,2016,2020,Asian/Pacific Islander (includes Hispanic),
31,Nebraska,31071,Garfield,2016,2020,Black (includes Hispanic),
31,Nebraska,31071,Garfield,2016,2020,Hispanic (all races),
31,Nebraska,31071,Garfield,2016,2020,American Indian/Alaskan Native (includes Hispanic),
31,Nebraska,31071,Garfield,2016,2020,White (includes Hispanic),
31,Nebraska,31073,Gosper,2011,2015,Asian/Pacific Islander (includes Hispanic),
31,Nebraska,31073,Gosper,2011,2015,Black (includes Hispanic),
31,Nebraska,31073,Gosper,2011,2015,Hispanic (all races),
31,Nebraska,31073,Gosper,2011,2015,American Indian/Alaskan Native (includes Hispanic),
31,Nebraska,31073,Gosper,2011,2015,White (includes Hispanic),
31,Nebraska,31073,Gosper,2012,2016,Asian/Pacific Islander (includes Hispanic),
31,Nebraska,31073,Gosper,2012,2016,Black (includes Hispanic),
31,Nebraska,31073,Gosper,2012,2016,Hispanic (all races),
31,Nebraska,31073,Gosper,2012,2016,American Indian/Alaskan Native (includes Hispanic),
31,Nebraska,31073,Gosper,2012,2016,White (includes Hispanic),
31,Nebraska,31073,Gosper,2013,2017,Asian/Pacific Islander (includes Hispanic),
31,Nebraska,31073,Gosper,2013,2017,Black (includes Hispanic),
31,Nebraska,31073,Gosper,2013,2017,Hispanic (all races),
31,Nebraska,31073,Gosper,2013,2017,American Indian/Alaskan Native (includes Hispanic),
31,Nebraska,31073,Gosper,2013,2017,White (includes Hispanic),
31,Nebraska,31073,Gosper,2014,2018,Asian/Pacific Islander (includes Hispanic),
31,Nebraska,31073,Gosper,2014,2018,Black (includes Hispanic),
31,Nebraska,31073,Gosper,2014,2018,Hispanic (all races),
31,Nebraska,31073,Gosper,2014,2018,American Indian/Alaskan Native (includes Hispanic),
31,Nebraska,31073,Gosper,2014,2018,White (includes Hispanic),
31,Nebraska,31073,Gosper,2015,2019,Asian/Pacific Islander (includes Hispanic),
31,Nebraska,31073,Gosper,2015,2019,Black (includes Hispanic),
31,Nebraska,31073,Gosper,2015,2019,Hispanic (all races),
31,Nebraska,31073,Gosper,2015,2019,American Indian/Alaskan Native (includes Hispanic),
31,Nebraska,31073,Gosper,2015,2019,White (includes Hispanic),
31,Nebraska,31073,Gosper,2016,2020,Asian/Pacific Islander (includes Hispanic),
31,Nebraska,31073,Gosper,2016,2020,Black (includes Hispanic),
31,Nebraska,31073,Gosper,2016,2020,Hispanic (all races),
31,Nebraska,31073,Gosper,2016,2020,American Indian/Alaskan Native (includes Hispanic),
31,Nebraska,31073,Gosper,2016,2020,White (includes Hispanic),
31,Nebraska,31075,Grant,2011,2015,Asian/Pacific Islander (includes Hispanic),
31,Nebraska,31075,Grant,2011,2015,Black (includes Hispanic),
31,Nebraska,31075,Grant,2011,2015,Hispanic (all races),
31,Nebraska,31075,Grant,2011,2015,American Indian/Alaskan Native (includes Hispanic),
31,Nebraska,31075,Grant,2011,2015,White (includes Hispanic),
31,Nebraska,31075,Grant,2012,2016,Asian/Pacific Islander (includes Hispanic),
31,Nebraska,31075,Grant,2012,2016,Black (includes Hispanic),
31,Nebraska,31075,Grant,2012,2016,Hispanic (all races),
31,Nebraska,31075,Grant,2012,2016,American Indian/Alaskan Native (includes Hispanic),
31,Nebraska,31075,Grant,2012,2016,White (includes Hispanic),
31,Nebraska,31075,Grant,2013,2017,Asian/Pacific Islander (includes Hispanic),
31,Nebraska,31075,Grant,2013,2017,Black (includes Hispanic),
31,Nebraska,31075,Grant,2013,2017,Hispanic (all races),
31,Nebraska,31075,Grant,2013,2017,American Indian/Alaskan Native (includes Hispanic),
31,Nebraska,31075,Grant,2013,2017,White (includes Hispanic),
31,Nebraska,31075,Grant,2014,2018,Asian/Pacific Islander (includes Hispanic),
31,Nebraska,31075,Grant,2014,2018,Black (includes Hispanic),
31,Nebraska,31075,Grant,2014,2018,Hispanic (all races),
31,Nebraska,31075,Grant,2014,2018,American Indian/Alaskan Native (includes Hispanic),
31,Nebraska,31075,Grant,2014,2018,White (includes Hispanic),
31,Nebraska,31075,Grant,2015,2019,Asian/Pacific Islander (includes Hispanic),
31,Nebraska,31075,Grant,2015,2019,Black (includes Hispanic),
31,Nebraska,31075,Grant,2015,2019,Hispanic (all races),
31,Nebraska,31075,Grant,2015,2019,American Indian/Alaskan Native (includes Hispanic),
31,Nebraska,31075,Grant,2015,2019,White (includes Hispanic),
31,Nebraska,31075,Grant,2016,2020,Asian/Pacific Islander (includes Hispanic),
31,Nebraska,31075,Grant,2016,2020,Black (includes Hispanic),
31,Nebraska,31075,Grant,2016,2020,Hispanic (all races),
31,Nebraska,31075,Grant,2016,2020,American Indian/Alaskan Native (includes Hispanic),
31,Nebraska,31075,Grant,2016,2020,White (includes Hispanic),
31,Nebraska,31077,Greeley,2011,2015,Asian/Pacific Islander (includes Hispanic),
31,Nebraska,31077,Greeley,2011,2015,Black (includes Hispanic),
31,Nebraska,31077,Greeley,2011,2015,Hispanic (all races),
31,Nebraska,31077,Greeley,2011,2015,American Indian/Alaskan Native (includes Hispanic),
31,Nebraska,31077,Greeley,2011,2015,White (includes Hispanic),
31,Nebraska,31077,Greeley,2012,2016,Asian/Pacific Islander (includes Hispanic),
31,Nebraska,31077,Greeley,2012,2016,Black (includes Hispanic),
31,Nebraska,31077,Greeley,2012,2016,Hispanic (all races),
31,Nebraska,31077,Greeley,2012,2016,American Indian/Alaskan Native (includes Hispanic),
31,Nebraska,31077,Greeley,2012,2016,White (includes Hispanic),
31,Nebraska,31077,Greeley,2013,2017,Asian/Pacific Islander (includes Hispanic),
31,Nebraska,31077,Greeley,2013,2017,Black (includes Hispanic),
31,Nebraska,31077,Greeley,2013,2017,Hispanic (all races),
31,Nebraska,31077,Greeley,2013,2017,American Indian/Alaskan Native (includes Hispanic),
31,Nebraska,31077,Greeley,2013,2017,White (includes Hispanic),
31,Nebraska,31077,Greeley,2014,2018,Asian/Pacific Islander (includes Hispanic),
31,Nebraska,31077,Greeley,2014,2018,Black (includes Hispanic),
31,Nebraska,31077,Greeley,2014,2018,Hispanic (all races),
31,Nebraska,31077,Greeley,2014,2018,American Indian/Alaskan Native (includes Hispanic),
31,Nebraska,31077,Greeley,2014,2018,White (includes Hispanic),
31,Nebraska,31077,Greeley,2015,2019,Asian/Pacific Islander (includes Hispanic),
31,Nebraska,31077,Greeley,2015,2019,Black (includes Hispanic),
31,Nebraska,31077,Greeley,2015,2019,Hispanic (all races),
31,Nebraska,31077,Greeley,2015,2019,American Indian/Alaskan Native (includes Hispanic),
31,Nebraska,31077,Greeley,2015,2019,White (includes Hispanic),
31,Nebraska,31077,Greeley,2016,2020,Asian/Pacific Islander (includes Hispanic),
31,Nebraska,31077,Greeley,2016,2020,Black (includes Hispanic),
31,Nebraska,31077,Greeley,2016,2020,Hispanic (all races),
31,Nebraska,31077,Greeley,2016,2020,American Indian/Alaskan Native (includes Hispanic),
31,Nebraska,31077,Greeley,2016,2020,White (includes Hispanic),
31,Nebraska,31079,Hall,2011,2015,Asian/Pacific Islander (includes Hispanic),
31,Nebraska,31079,Hall,2011,2015,Black (includes Hispanic),
31,Nebraska,31079,Hall,2011,2015,Hispanic (all races),
31,Nebraska,31079,Hall,2011,2015,American Indian/Alaskan Native (includes Hispanic),
31,Nebraska,31079,Hall,2011,2015,White (includes Hispanic),8.1
31,Nebraska,31079,Hall,2012,2016,Asian/Pacific Islander (includes Hispanic),
31,Nebraska,31079,Hall,2012,2016,Black (includes Hispanic),
31,Nebraska,31079,Hall,2012,2016,Hispanic (all races),
31,Nebraska,31079,Hall,2012,2016,American Indian/Alaskan Native (includes Hispanic),
31,Nebraska,31079,Hall,2012,2016,White (includes Hispanic),8.3
31,Nebraska,31079,Hall,2013,2017,Asian/Pacific Islander (includes Hispanic),
31,Nebraska,31079,Hall,2013,2017,Black (includes Hispanic),
31,Nebraska,31079,Hall,2013,2017,Hispanic (all races),
31,Nebraska,31079,Hall,2013,2017,American Indian/Alaskan Native (includes Hispanic),
31,Nebraska,31079,Hall,2013,2017,White (includes Hispanic),8.6
31,Nebraska,31079,Hall,2014,2018,Asian/Pacific Islander (includes Hispanic),
31,Nebraska,31079,Hall,2014,2018,Black (includes Hispanic),
31,Nebraska,31079,Hall,2014,2018,Hispanic (all races),
31,Nebraska,31079,Hall,2014,2018,American Indian/Alaskan Native (includes Hispanic),
31,Nebraska,31079,Hall,2014,2018,White (includes Hispanic),7.0
31,Nebraska,31079,Hall,2015,2019,Asian/Pacific Islander (includes Hispanic),
31,Nebraska,31079,Hall,2015,2019,Black (includes Hispanic),
31,Nebraska,31079,Hall,2015,2019,Hispanic (all races),
31,Nebraska,31079,Hall,2015,2019,American Indian/Alaskan Native (includes Hispanic),
31,Nebraska,31079,Hall,2015,2019,White (includes Hispanic),7.6
31,Nebraska,31079,Hall,2016,2020,Asian/Pacific Islander (includes Hispanic),
31,Nebraska,31079,Hall,2016,2020,Black (includes Hispanic),
31,Nebraska,31079,Hall,2016,2020,Hispanic (all races),
31,Nebraska,31079,Hall,2016,2020,American Indian/Alaskan Native (includes Hispanic),
31,Nebraska,31079,Hall,2016,2020,White (includes Hispanic),5.4
31,Nebraska,31081,Hamilton,2011,2015,Asian/Pacific Islander (includes Hispanic),
31,Nebraska,31081,Hamilton,2011,2015,Black (includes Hispanic),
31,Nebraska,31081,Hamilton,2011,2015,Hispanic (all races),
31,Nebraska,31081,Hamilton,2011,2015,American Indian/Alaskan Native (includes Hispanic),
31,Nebraska,31081,Hamilton,2011,2015,White (includes Hispanic),8.8
31,Nebraska,31081,Hamilton,2012,2016,Asian/Pacific Islander (includes Hispanic),
31,Nebraska,31081,Hamilton,2012,2016,Black (includes Hispanic),
31,Nebraska,31081,Hamilton,2012,2016,Hispanic (all races),
31,Nebraska,31081,Hamilton,2012,2016,American Indian/Alaskan Native (includes Hispanic),
31,Nebraska,31081,Hamilton,2012,2016,White (includes Hispanic),7.8
31,Nebraska,31081,Hamilton,2013,2017,Asian/Pacific Islander (includes Hispanic),
31,Nebraska,31081,Hamilton,2013,2017,Black (includes Hispanic),
31,Nebraska,31081,Hamilton,2013,2017,Hispanic (all races),
31,Nebraska,31081,Hamilton,2013,2017,American Indian/Alaskan Native (includes Hispanic),
31,Nebraska,31081,Hamilton,2013,2017,White (includes Hispanic),9.1
31,Nebraska,31081,Hamilton,2014,2018,Asian/Pacific Islander (includes Hispanic),
31,Nebraska,31081,Hamilton,2014,2018,Black (includes Hispanic),
31,Nebraska,31081,Hamilton,2014,2018,Hispanic (all races),
31,Nebraska,31081,Hamilton,2014,2018,American Indian/Alaskan Native (includes Hispanic),
31,Nebraska,31081,Hamilton,2014,2018,White (includes Hispanic),7.6
31,Nebraska,31081,Hamilton,2015,2019,Asian/Pacific Islander (includes Hispanic),
31,Nebraska,31081,Hamilton,2015,2019,Black (includes Hispanic),
31,Nebraska,31081,Hamilton,2015,2019,Hispanic (all races),
31,Nebraska,31081,Hamilton,2015,2019,American Indian/Alaskan Native (includes Hispanic),
31,Nebraska,31081,Hamilton,2015,2019,White (includes Hispanic),9.0
31,Nebraska,31081,Hamilton,2016,2020,Asian/Pacific Islander (includes Hispanic),
31,Nebraska,31081,Hamilton,2016,2020,Black (includes Hispanic),
31,Nebraska,31081,Hamilton,2016,2020,Hispanic (all races),
31,Nebraska,31081,Hamilton,2016,2020,American Indian/Alaskan Native (includes Hispanic),
31,Nebraska,31081,Hamilton,2016,2020,White (includes Hispanic),6.6
31,Nebraska,31083,Harlan,2011,2015,Asian/Pacific Islander (includes Hispanic),
31,Nebraska,31083,Harlan,2011,2015,Black (includes Hispanic),
31,Nebraska,31083,Harlan,2011,2015,Hispanic (all races),
31,Nebraska,31083,Harlan,2011,2015,American Indian/Alaskan Native (includes Hispanic),
31,Nebraska,31083,Harlan,2011,2015,White (includes Hispanic),
31,Nebraska,31083,Harlan,2012,2016,Asian/Pacific Islander (includes Hispanic),
31,Nebraska,31083,Harlan,2012,2016,Black (includes Hispanic),
31,Nebraska,31083,Harlan,2012,2016,Hispanic (all races),
31,Nebraska,31083,Harlan,2012,2016,American Indian/Alaskan Native (includes Hispanic),
31,Nebraska,31083,Harlan,2012,2016,White (includes Hispanic),
31,Nebraska,31083,Harlan,2013,2017,Asian/Pacific Islander (includes Hispanic),
31,Nebraska,31083,Harlan,2013,2017,Black (includes Hispanic),
31,Nebraska,31083,Harlan,2013,2017,Hispanic (all races),
31,Nebraska,31083,Harlan,2013,2017,American Indian/Alaskan Native (includes Hispanic),
31,Nebraska,31083,Harlan,2013,2017,White (includes Hispanic),
31,Nebraska,31083,Harlan,2014,2018,Asian/Pacific Islander (includes Hispanic),
31,Nebraska,31083,Harlan,2014,2018,Black (includes Hispanic),
31,Nebraska,31083,Harlan,2014,2018,Hispanic (all races),
31,Nebraska,31083,Harlan,2014,2018,American Indian/Alaskan Native (includes Hispanic),
31,Nebraska,31083,Harlan,2014,2018,White (includes Hispanic),
31,Nebraska,31083,Harlan,2015,2019,Asian/Pacific Islander (includes Hispanic),
31,Nebraska,31083,Harlan,2015,2019,Black (includes Hispanic),
31,Nebraska,31083,Harlan,2015,2019,Hispanic (all races),
31,Nebraska,31083,Harlan,2015,2019,American Indian/Alaskan Native (includes Hispanic),
31,Nebraska,31083,Harlan,2015,2019,White (includes Hispanic),
31,Nebraska,31083,Harlan,2016,2020,Asian/Pacific Islander (includes Hispanic),
31,Nebraska,31083,Harlan,2016,2020,Black (includes Hispanic),
31,Nebraska,31083,Harlan,2016,2020,Hispanic (all races),
31,Nebraska,31083,Harlan,2016,2020,American Indian/Alaskan Native (includes Hispanic),
31,Nebraska,31083,Harlan,2016,2020,White (includes Hispanic),
31,Nebraska,31085,Hayes,2011,2015,Asian/Pacific Islander (includes Hispanic),
31,Nebraska,31085,Hayes,2011,2015,Black (includes Hispanic),
31,Nebraska,31085,Hayes,2011,2015,Hispanic (all races),
31,Nebraska,31085,Hayes,2011,2015,American Indian/Alaskan Native (includes Hispanic),
31,Nebraska,31085,Hayes,2011,2015,White (includes Hispanic),
31,Nebraska,31085,Hayes,2012,2016,Asian/Pacific Islander (includes Hispanic),
31,Nebraska,31085,Hayes,2012,2016,Black (includes Hispanic),
31,Nebraska,31085,Hayes,2012,2016,Hispanic (all races),
31,Nebraska,31085,Hayes,2012,2016,American Indian/Alaskan Native (includes Hispanic),
31,Nebraska,31085,Hayes,2012,2016,White (includes Hispanic),
31,Nebraska,31085,Hayes,2013,2017,Asian/Pacific Islander (includes Hispanic),
31,Nebraska,31085,Hayes,2013,2017,Black (includes Hispanic),
31,Nebraska,31085,Hayes,2013,2017,Hispanic (all races),
31,Nebraska,31085,Hayes,2013,2017,American Indian/Alaskan Native (includes Hispanic),
31,Nebraska,31085,Hayes,2013,2017,White (includes Hispanic),
31,Nebraska,31085,Hayes,2014,2018,Asian/Pacific Islander (includes Hispanic),
31,Nebraska,31085,Hayes,2014,2018,Black (includes Hispanic),
31,Nebraska,31085,Hayes,2014,2018,Hispanic (all races),
31,Nebraska,31085,Hayes,2014,2018,American Indian/Alaskan Native (includes Hispanic),
31,Nebraska,31085,Hayes,2014,2018,White (includes Hispanic),
31,Nebraska,31085,Hayes,2015,2019,Asian/Pacific Islander (includes Hispanic),
31,Nebraska,31085,Hayes,2015,2019,Black (includes Hispanic),
31,Nebraska,31085,Hayes,2015,2019,Hispanic (all races),
31,Nebraska,31085,Hayes,2015,2019,American Indian/Alaskan Native (includes Hispanic),
31,Nebraska,31085,Hayes,2015,2019,White (includes Hispanic),
31,Nebraska,31085,Hayes,2016,2020,Asian/Pacific Islander (includes Hispanic),
31,Nebraska,31085,Hayes,2016,2020,Black (includes Hispanic),
31,Nebraska,31085,Hayes,2016,2020,Hispanic (all races),
31,Nebraska,31085,Hayes,2016,2020,American Indian/Alaskan Native (includes Hispanic),
31,Nebraska,31085,Hayes,2016,2020,White (includes Hispanic),
31,Nebraska,31087,Hitchcock,2011,2015,Asian/Pacific Islander (includes Hispanic),
31,Nebraska,31087,Hitchcock,2011,2015,Black (includes Hispanic),
31,Nebraska,31087,Hitchcock,2011,2015,Hispanic (all races),
31,Nebraska,31087,Hitchcock,2011,2015,American Indian/Alaskan Native (includes Hispanic),
31,Nebraska,31087,Hitchcock,2011,2015,White (includes Hispanic),
31,Nebraska,31087,Hitchcock,2012,2016,Asian/Pacific Islander (includes Hispanic),
31,Nebraska,31087,Hitchcock,2012,2016,Black (includes Hispanic),
31,Nebraska,31087,Hitchcock,2012,2016,Hispanic (all races),
31,Nebraska,31087,Hitchcock,2012,2016,American Indian/Alaskan Native (includes Hispanic),
31,Nebraska,31087,Hitchcock,2012,2016,White (includes Hispanic),
31,Nebraska,31087,Hitchcock,2013,2017,Asian/Pacific Islander (includes Hispanic),
31,Nebraska,31087,Hitchcock,2013,2017,Black (includes Hispanic),
31,Nebraska,31087,Hitchcock,2013,2017,Hispanic (all races),
31,Nebraska,31087,Hitchcock,2013,2017,American Indian/Alaskan Native (includes Hispanic),
31,Nebraska,31087,Hitchcock,2013,2017,White (includes Hispanic),
31,Nebraska,31087,Hitchcock,2014,2018,Asian/Pacific Islander (includes Hispanic),
31,Nebraska,31087,Hitchcock,2014,2018,Black (includes Hispanic),
31,Nebraska,31087,Hitchcock,2014,2018,Hispanic (all races),
31,Nebraska,31087,Hitchcock,2014,2018,American Indian/Alaskan Native (includes Hispanic),
31,Nebraska,31087,Hitchcock,2014,2018,White (includes Hispanic),
31,Nebraska,31087,Hitchcock,2015,2019,Asian/Pacific Islander (includes Hispanic),
31,Nebraska,31087,Hitchcock,2015,2019,Black (includes Hispanic),
31,Nebraska,31087,Hitchcock,2015,2019,Hispanic (all races),
31,Nebraska,31087,Hitchcock,2015,2019,American Indian/Alaskan Native (includes Hispanic),
31,Nebraska,31087,Hitchcock,2015,2019,White (includes Hispanic),
31,Nebraska,31087,Hitchcock,2016,2020,Asian/Pacific Islander (includes Hispanic),
31,Nebraska,31087,Hitchcock,2016,2020,Black (includes Hispanic),
31,Nebraska,31087,Hitchcock,2016,2020,Hispanic (all races),
31,Nebraska,31087,Hitchcock,2016,2020,American Indian/Alaskan Native (includes Hispanic),
31,Nebraska,31087,Hitchcock,2016,2020,White (includes Hispanic),
31,Nebraska,31089,Holt,2011,2015,Asian/Pacific Islander (includes Hispanic),
31,Nebraska,31089,Holt,2011,2015,Black (includes Hispanic),
31,Nebraska,31089,Holt,2011,2015,Hispanic (all races),
31,Nebraska,31089,Holt,2011,2015,American Indian/Alaskan Native (includes Hispanic),
31,Nebraska,31089,Holt,2011,2015,White (includes Hispanic),
31,Nebraska,31089,Holt,2012,2016,Asian/Pacific Islander (includes Hispanic),
31,Nebraska,31089,Holt,2012,2016,Black (includes Hispanic),
31,Nebraska,31089,Holt,2012,2016,Hispanic (all races),
31,Nebraska,31089,Holt,2012,2016,American Indian/Alaskan Native (includes Hispanic),
31,Nebraska,31089,Holt,2012,2016,White (includes Hispanic),
31,Nebraska,31089,Holt,2013,2017,Asian/Pacific Islander (includes Hispanic),
31,Nebraska,31089,Holt,2013,2017,Black (includes Hispanic),
31,Nebraska,31089,Holt,2013,2017,Hispanic (all races),
31,Nebraska,31089,Holt,2013,2017,American Indian/Alaskan Native (includes Hispanic),
31,Nebraska,31089,Holt,2013,2017,White (includes Hispanic),
31,Nebraska,31089,Holt,2014,2018,Asian/Pacific Islander (includes Hispanic),
31,Nebraska,31089,Holt,2014,2018,Black (includes Hispanic),
31,Nebraska,31089,Holt,2014,2018,Hispanic (all races),
31,Nebraska,31089,Holt,2014,2018,American Indian/Alaskan Native (includes Hispanic),
31,Nebraska,31089,Holt,2014,2018,White (includes Hispanic),
31,Nebraska,31089,Holt,2015,2019,Asian/Pacific Islander (includes Hispanic),
31,Nebraska,31089,Holt,2015,2019,Black (includes Hispanic),
31,Nebraska,31089,Holt,2015,2019,Hispanic (all races),
31,Nebraska,31089,Holt,2015,2019,American Indian/Alaskan Native (includes Hispanic),
31,Nebraska,31089,Holt,2015,2019,White (includes Hispanic),
31,Nebraska,31089,Holt,2016,2020,Asian/Pacific Islander (includes Hispanic),
31,Nebraska,31089,Holt,2016,2020,Black (includes Hispanic),
31,Nebraska,31089,Holt,2016,2020,Hispanic (all races),
31,Nebraska,31089,Holt,2016,2020,American Indian/Alaskan Native (includes Hispanic),
31,Nebraska,31089,Holt,2016,2020,White (includes Hispanic),
31,Nebraska,31091,Hooker,2011,2015,Asian/Pacific Islander (includes Hispanic),
31,Nebraska,31091,Hooker,2011,2015,Black (includes Hispanic),
31,Nebraska,31091,Hooker,2011,2015,Hispanic (all races),
31,Nebraska,31091,Hooker,2011,2015,American Indian/Alaskan Native (includes Hispanic),
31,Nebraska,31091,Hooker,2011,2015,White (includes Hispanic),
31,Nebraska,31091,Hooker,2012,2016,Asian/Pacific Islander (includes Hispanic),
31,Nebraska,31091,Hooker,2012,2016,Black (includes Hispanic),
31,Nebraska,31091,Hooker,2012,2016,Hispanic (all races),
31,Nebraska,31091,Hooker,2012,2016,American Indian/Alaskan Native (includes Hispanic),
31,Nebraska,31091,Hooker,2012,2016,White (includes Hispanic),
31,Nebraska,31091,Hooker,2013,2017,Asian/Pacific Islander (includes Hispanic),
31,Nebraska,31091,Hooker,2013,2017,Black (includes Hispanic),
31,Nebraska,31091,Hooker,2013,2017,Hispanic (all races),
31,Nebraska,31091,Hooker,2013,2017,American Indian/Alaskan Native (includes Hispanic),
31,Nebraska,31091,Hooker,2013,2017,White (includes Hispanic),
31,Nebraska,31091,Hooker,2014,2018,Asian/Pacific Islander (includes Hispanic),
31,Nebraska,31091,Hooker,2014,2018,Black (includes Hispanic),
31,Nebraska,31091,Hooker,2014,2018,Hispanic (all races),
31,Nebraska,31091,Hooker,2014,2018,American Indian/Alaskan Native (includes Hispanic),
31,Nebraska,31091,Hooker,2014,2018,White (includes Hispanic),
31,Nebraska,31091,Hooker,2015,2019,Asian/Pacific Islander (includes Hispanic),
31,Nebraska,31091,Hooker,2015,2019,Black (includes Hispanic),
31,Nebraska,31091,Hooker,2015,2019,Hispanic (all races),
31,Nebraska,31091,Hooker,2015,2019,American Indian/Alaskan Native (includes Hispanic),
31,Nebraska,31091,Hooker,2015,2019,White (includes Hispanic),
31,Nebraska,31091,Hooker,2016,2020,Asian/Pacific Islander (includes Hispanic),
31,Nebraska,31091,Hooker,2016,2020,Black (includes Hispanic),
31,Nebraska,31091,Hooker,2016,2020,Hispanic (all races),
31,Nebraska,31091,Hooker,2016,2020,American Indian/Alaskan Native (includes Hispanic),
31,Nebraska,31091,Hooker,2016,2020,White (includes Hispanic),
31,Nebraska,31093,Howard,2011,2015,Asian/Pacific Islander (includes Hispanic),
31,Nebraska,31093,Howard,2011,2015,Black (includes Hispanic),
31,Nebraska,31093,Howard,2011,2015,Hispanic (all races),
31,Nebraska,31093,Howard,2011,2015,American Indian/Alaskan Native (includes Hispanic),
31,Nebraska,31093,Howard,2011,2015,White (includes Hispanic),7.8
31,Nebraska,31093,Howard,2012,2016,Asian/Pacific Islander (includes Hispanic),
31,Nebraska,31093,Howard,2012,2016,Black (includes Hispanic),
31,Nebraska,31093,Howard,2012,2016,Hispanic (all races),
31,Nebraska,31093,Howard,2012,2016,American Indian/Alaskan Native (includes Hispanic),
31,Nebraska,31093,Howard,2012,2016,White (includes Hispanic),9.3
31,Nebraska,31093,Howard,2013,2017,Asian/Pacific Islander (includes Hispanic),
31,Nebraska,31093,Howard,2013,2017,Black (includes Hispanic),
31,Nebraska,31093,Howard,2013,2017,Hispanic (all races),
31,Nebraska,31093,Howard,2013,2017,American Indian/Alaskan Native (includes Hispanic),
31,Nebraska,31093,Howard,2013,2017,White (includes Hispanic),10.2
31,Nebraska,31093,Howard,2014,2018,Asian/Pacific Islander (includes Hispanic),
31,Nebraska,31093,Howard,2014,2018,Black (includes Hispanic),
31,Nebraska,31093,Howard,2014,2018,Hispanic (all races),
31,Nebraska,31093,Howard,2014,2018,American Indian/Alaskan Native (includes Hispanic),
31,Nebraska,31093,Howard,2014,2018,White (includes Hispanic),9.1
31,Nebraska,31093,Howard,2015,2019,Asian/Pacific Islander (includes Hispanic),
31,Nebraska,31093,Howard,2015,2019,Black (includes Hispanic),
31,Nebraska,31093,Howard,2015,2019,Hispanic (all races),
31,Nebraska,31093,Howard,2015,2019,American Indian/Alaskan Native (includes Hispanic),
31,Nebraska,31093,Howard,2015,2019,White (includes Hispanic),9.4
31,Nebraska,31093,Howard,2016,2020,Asian/Pacific Islander (includes Hispanic),
31,Nebraska,31093,Howard,2016,2020,Black (includes Hispanic),
31,Nebraska,31093,Howard,2016,2020,Hispanic (all races),
31,Nebraska,31093,Howard,2016,2020,American Indian/Alaskan Native (includes Hispanic),
31,Nebraska,31093,Howard,2016,2020,White (includes Hispanic),6.6
31,Nebraska,31095,Jefferson,2011,2015,Asian/Pacific Islander (includes Hispanic),
31,Nebraska,31095,Jefferson,2011,2015,Black (includes Hispanic),
31,Nebraska,31095,Jefferson,2011,2015,Hispanic (all races),
31,Nebraska,31095,Jefferson,2011,2015,American Indian/Alaskan Native (includes Hispanic),
31,Nebraska,31095,Jefferson,2011,2015,White (includes Hispanic),
31,Nebraska,31095,Jefferson,2012,2016,Asian/Pacific Islander (includes Hispanic),
31,Nebraska,31095,Jefferson,2012,2016,Black (includes Hispanic),
31,Nebraska,31095,Jefferson,2012,2016,Hispanic (all races),
31,Nebraska,31095,Jefferson,2012,2016,American Indian/Alaskan Native (includes Hispanic),
31,Nebraska,31095,Jefferson,2012,2016,White (includes Hispanic),
31,Nebraska,31095,Jefferson,2013,2017,Asian/Pacific Islander (includes Hispanic),
31,Nebraska,31095,Jefferson,2013,2017,Black (includes Hispanic),
31,Nebraska,31095,Jefferson,2013,2017,Hispanic (all races),
31,Nebraska,31095,Jefferson,2013,2017,American Indian/Alaskan Native (includes Hispanic),
31,Nebraska,31095,Jefferson,2013,2017,White (includes Hispanic),
31,Nebraska,31095,Jefferson,2014,2018,Asian/Pacific Islander (includes Hispanic),
31,Nebraska,31095,Jefferson,2014,2018,Black (includes Hispanic),
31,Nebraska,31095,Jefferson,2014,2018,Hispanic (all races),
31,Nebraska,31095,Jefferson,2014,2018,American Indian/Alaskan Native (includes Hispanic),
31,Nebraska,31095,Jefferson,2014,2018,White (includes Hispanic),
31,Nebraska,31095,Jefferson,2015,2019,Asian/Pacific Islander (includes Hispanic),
31,Nebraska,31095,Jefferson,2015,2019,Black (includes Hispanic),
31,Nebraska,31095,Jefferson,2015,2019,Hispanic (all races),
31,Nebraska,31095,Jefferson,2015,2019,American Indian/Alaskan Native (includes Hispanic),
31,Nebraska,31095,Jefferson,2015,2019,White (includes Hispanic),
31,Nebraska,31095,Jefferson,2016,2020,Asian/Pacific Islander (includes Hispanic),
31,Nebraska,31095,Jefferson,2016,2020,Black (includes Hispanic),
31,Nebraska,31095,Jefferson,2016,2020,Hispanic (all races),
31,Nebraska,31095,Jefferson,2016,2020,American Indian/Alaskan Native (includes Hispanic),
31,Nebraska,31095,Jefferson,2016,2020,White (includes Hispanic),
31,Nebraska,31097,Johnson,2011,2015,Asian/Pacific Islander (includes Hispanic),
31,Nebraska,31097,Johnson,2011,2015,Black (includes Hispanic),
31,Nebraska,31097,Johnson,2011,2015,Hispanic (all races),
31,Nebraska,31097,Johnson,2011,2015,American Indian/Alaskan Native (includes Hispanic),
31,Nebraska,31097,Johnson,2011,2015,White (includes Hispanic),6.6
31,Nebraska,31097,Johnson,2012,2016,Asian/Pacific Islander (includes Hispanic),
31,Nebraska,31097,Johnson,2012,2016,Black (includes Hispanic),
31,Nebraska,31097,Johnson,2012,2016,Hispanic (all races),
31,Nebraska,31097,Johnson,2012,2016,American Indian/Alaskan Native (includes Hispanic),
31,Nebraska,31097,Johnson,2012,2016,White (includes Hispanic),6.6
31,Nebraska,31097,Johnson,2013,2017,Asian/Pacific Islander (includes Hispanic),
31,Nebraska,31097,Johnson,2013,2017,Black (includes Hispanic),
31,Nebraska,31097,Johnson,2013,2017,Hispanic (all races),
31,Nebraska,31097,Johnson,2013,2017,American Indian/Alaskan Native (includes Hispanic),
31,Nebraska,31097,Johnson,2013,2017,White (includes Hispanic),6.8
31,Nebraska,31097,Johnson,2014,2018,Asian/Pacific Islander (includes Hispanic),
31,Nebraska,31097,Johnson,2014,2018,Black (includes Hispanic),
31,Nebraska,31097,Johnson,2014,2018,Hispanic (all races),
31,Nebraska,31097,Johnson,2014,2018,American Indian/Alaskan Native (includes Hispanic),
31,Nebraska,31097,Johnson,2014,2018,White (includes Hispanic),6.6
31,Nebraska,31097,Johnson,2015,2019,Asian/Pacific Islander (includes Hispanic),
31,Nebraska,31097,Johnson,2015,2019,Black (includes Hispanic),
31,Nebraska,31097,Johnson,2015,2019,Hispanic (all races),
31,Nebraska,31097,Johnson,2015,2019,American Indian/Alaskan Native (includes Hispanic),
31,Nebraska,31097,Johnson,2015,2019,White (includes Hispanic),7.2
31,Nebraska,31097,Johnson,2016,2020,Asian/Pacific Islander (includes Hispanic),
31,Nebraska,31097,Johnson,2016,2020,Black (includes Hispanic),
31,Nebraska,31097,Johnson,2016,2020,Hispanic (all races),
31,Nebraska,31097,Johnson,2016,2020,American Indian/Alaskan Native (includes Hispanic),
31,Nebraska,31097,Johnson,2016,2020,White (includes Hispanic),6.1
31,Nebraska,31099,Kearney,2011,2015,Asian/Pacific Islander (includes Hispanic),
31,Nebraska,31099,Kearney,2011,2015,Black (includes Hispanic),
31,Nebraska,31099,Kearney,2011,2015,Hispanic (all races),
31,Nebraska,31099,Kearney,2011,2015,American Indian/Alaskan Native (includes Hispanic),
31,Nebraska,31099,Kearney,2011,2015,White (includes Hispanic),8.8
31,Nebraska,31099,Kearney,2012,2016,Asian/Pacific Islander (includes Hispanic),
31,Nebraska,31099,Kearney,2012,2016,Black (includes Hispanic),
31,Nebraska,31099,Kearney,2012,2016,Hispanic (all races),
31,Nebraska,31099,Kearney,2012,2016,American Indian/Alaskan Native (includes Hispanic),
31,Nebraska,31099,Kearney,2012,2016,White (includes Hispanic),7.6
31,Nebraska,31099,Kearney,2013,2017,Asian/Pacific Islander (includes Hispanic),
31,Nebraska,31099,Kearney,2013,2017,Black (includes Hispanic),
31,Nebraska,31099,Kearney,2013,2017,Hispanic (all races),
31,Nebraska,31099,Kearney,2013,2017,American Indian/Alaskan Native (includes Hispanic),
31,Nebraska,31099,Kearney,2013,2017,White (includes Hispanic),8.2
31,Nebraska,31099,Kearney,2014,2018,Asian/Pacific Islander (includes Hispanic),
31,Nebraska,31099,Kearney,2014,2018,Black (includes Hispanic),
31,Nebraska,31099,Kearney,2014,2018,Hispanic (all races),
31,Nebraska,31099,Kearney,2014,2018,American Indian/Alaskan Native (includes Hispanic),
31,Nebraska,31099,Kearney,2014,2018,White (includes Hispanic),
31,Nebraska,31099,Kearney,2015,2019,Asian/Pacific Islander (includes Hispanic),
31,Nebraska,31099,Kearney,2015,2019,Black (includes Hispanic),
31,Nebraska,31099,Kearney,2015,2019,Hispanic (all races),
31,Nebraska,31099,Kearney,2015,2019,American Indian/Alaskan Native (includes Hispanic),
31,Nebraska,31099,Kearney,2015,2019,White (includes Hispanic),
31,Nebraska,31099,Kearney,2016,2020,Asian/Pacific Islander (includes Hispanic),
31,Nebraska,31099,Kearney,2016,2020,Black (includes Hispanic),
31,Nebraska,31099,Kearney,2016,2020,Hispanic (all races),
31,Nebraska,31099,Kearney,2016,2020,American Indian/Alaskan Native (includes Hispanic),
31,Nebraska,31099,Kearney,2016,2020,White (includes Hispanic),
31,Nebraska,31101,Keith,2011,2015,Asian/Pacific Islander (includes Hispanic),
31,Nebraska,31101,Keith,2011,2015,Black (includes Hispanic),
31,Nebraska,31101,Keith,2011,2015,Hispanic (all races),
31,Nebraska,31101,Keith,2011,2015,American Indian/Alaskan Native (includes Hispanic),
31,Nebraska,31101,Keith,2011,2015,White (includes Hispanic),
31,Nebraska,31101,Keith,2012,2016,Asian/Pacific Islander (includes Hispanic),
31,Nebraska,31101,Keith,2012,2016,Black (includes Hispanic),
31,Nebraska,31101,Keith,2012,2016,Hispanic (all races),
31,Nebraska,31101,Keith,2012,2016,American Indian/Alaskan Native (includes Hispanic),
31,Nebraska,31101,Keith,2012,2016,White (includes Hispanic),
31,Nebraska,31101,Keith,2013,2017,Asian/Pacific Islander (includes Hispanic),
31,Nebraska,31101,Keith,2013,2017,Black (includes Hispanic),
31,Nebraska,31101,Keith,2013,2017,Hispanic (all races),
31,Nebraska,31101,Keith,2013,2017,American Indian/Alaskan Native (includes Hispanic),
31,Nebraska,31101,Keith,2013,2017,White (includes Hispanic),
31,Nebraska,31101,Keith,2014,2018,Asian/Pacific Islander (includes Hispanic),
31,Nebraska,31101,Keith,2014,2018,Black (includes Hispanic),
31,Nebraska,31101,Keith,2014,2018,Hispanic (all races),
31,Nebraska,31101,Keith,2014,2018,American Indian/Alaskan Native (includes Hispanic),
31,Nebraska,31101,Keith,2014,2018,White (includes Hispanic),
31,Nebraska,31101,Keith,2015,2019,Asian/Pacific Islander (includes Hispanic),
31,Nebraska,31101,Keith,2015,2019,Black (includes Hispanic),
31,Nebraska,31101,Keith,2015,2019,Hispanic (all races),
31,Nebraska,31101,Keith,2015,2019,American Indian/Alaskan Native (includes Hispanic),
31,Nebraska,31101,Keith,2015,2019,White (includes Hispanic),
31,Nebraska,31101,Keith,2016,2020,Asian/Pacific Islander (includes Hispanic),
31,Nebraska,31101,Keith,2016,2020,Black (includes Hispanic),
31,Nebraska,31101,Keith,2016,2020,Hispanic (all races),
31,Nebraska,31101,Keith,2016,2020,American Indian/Alaskan Native (includes Hispanic),
31,Nebraska,31101,Keith,2016,2020,White (includes Hispanic),
31,Nebraska,31103,Keya Paha,2011,2015,Asian/Pacific Islander (includes Hispanic),
31,Nebraska,31103,Keya Paha,2011,2015,Black (includes Hispanic),
31,Nebraska,31103,Keya Paha,2011,2015,Hispanic (all races),
31,Nebraska,31103,Keya Paha,2011,2015,American Indian/Alaskan Native (includes Hispanic),
31,Nebraska,31103,Keya Paha,2011,2015,White (includes Hispanic),
31,Nebraska,31103,Keya Paha,2012,2016,Asian/Pacific Islander (includes Hispanic),
31,Nebraska,31103,Keya Paha,2012,2016,Black (includes Hispanic),
31,Nebraska,31103,Keya Paha,2012,2016,Hispanic (all races),
31,Nebraska,31103,Keya Paha,2012,2016,American Indian/Alaskan Native (includes Hispanic),
31,Nebraska,31103,Keya Paha,2012,2016,White (includes Hispanic),
31,Nebraska,31103,Keya Paha,2013,2017,Asian/Pacific Islander (includes Hispanic),
31,Nebraska,31103,Keya Paha,2013,2017,Black (includes Hispanic),
31,Nebraska,31103,Keya Paha,2013,2017,Hispanic (all races),
31,Nebraska,31103,Keya Paha,2013,2017,American Indian/Alaskan Native (includes Hispanic),
31,Nebraska,31103,Keya Paha,2013,2017,White (includes Hispanic),
31,Nebraska,31103,Keya Paha,2014,2018,Asian/Pacific Islander (includes Hispanic),
31,Nebraska,31103,Keya Paha,2014,2018,Black (includes Hispanic),
31,Nebraska,31103,Keya Paha,2014,2018,Hispanic (all races),
31,Nebraska,31103,Keya Paha,2014,2018,American Indian/Alaskan Native (includes Hispanic),
31,Nebraska,31103,Keya Paha,2014,2018,White (includes Hispanic),
31,Nebraska,31103,Keya Paha,2015,2019,Asian/Pacific Islander (includes Hispanic),
31,Nebraska,31103,Keya Paha,2015,2019,Black (includes Hispanic),
31,Nebraska,31103,Keya Paha,2015,2019,Hispanic (all races),
31,Nebraska,31103,Keya Paha,2015,2019,American Indian/Alaskan Native (includes Hispanic),
31,Nebraska,31103,Keya Paha,2015,2019,White (includes Hispanic),
31,Nebraska,31103,Keya Paha,2016,2020,Asian/Pacific Islander (includes Hispanic),
31,Nebraska,31103,Keya Paha,2016,2020,Black (includes Hispanic),
31,Nebraska,31103,Keya Paha,2016,2020,Hispanic (all races),
31,Nebraska,31103,Keya Paha,2016,2020,American Indian/Alaskan Native (includes Hispanic),
31,Nebraska,31103,Keya Paha,2016,2020,White (includes Hispanic),
31,Nebraska,31105,Kimball,2011,2015,Asian/Pacific Islander (includes Hispanic),
31,Nebraska,31105,Kimball,2011,2015,Black (includes Hispanic),
31,Nebraska,31105,Kimball,2011,2015,Hispanic (all races),
31,Nebraska,31105,Kimball,2011,2015,American Indian/Alaskan Native (includes Hispanic),
31,Nebraska,31105,Kimball,2011,2015,White (includes Hispanic),6.4
31,Nebraska,31105,Kimball,2012,2016,Asian/Pacific Islander (includes Hispanic),
31,Nebraska,31105,Kimball,2012,2016,Black (includes Hispanic),
31,Nebraska,31105,Kimball,2012,2016,Hispanic (all races),
31,Nebraska,31105,Kimball,2012,2016,American Indian/Alaskan Native (includes Hispanic),
31,Nebraska,31105,Kimball,2012,2016,White (includes Hispanic),6.5
31,Nebraska,31105,Kimball,2013,2017,Asian/Pacific Islander (includes Hispanic),
31,Nebraska,31105,Kimball,2013,2017,Black (includes Hispanic),
31,Nebraska,31105,Kimball,2013,2017,Hispanic (all races),10.8
31,Nebraska,31105,Kimball,2013,2017,American Indian/Alaskan Native (includes Hispanic),
31,Nebraska,31105,Kimball,2013,2017,White (includes Hispanic),7.3
31,Nebraska,31105,Kimball,2014,2018,Asian/Pacific Islander (includes Hispanic),
31,Nebraska,31105,Kimball,2014,2018,Black (includes Hispanic),
31,Nebraska,31105,Kimball,2014,2018,Hispanic (all races),11.6
31,Nebraska,31105,Kimball,2014,2018,American Indian/Alaskan Native (includes Hispanic),
31,Nebraska,31105,Kimball,2014,2018,White (includes Hispanic),7.3
31,Nebraska,31105,Kimball,2015,2019,Asian/Pacific Islander (includes Hispanic),
31,Nebraska,31105,Kimball,2015,2019,Black (includes Hispanic),
31,Nebraska,31105,Kimball,2015,2019,Hispanic (all races),11.7
31,Nebraska,31105,Kimball,2015,2019,American Indian/Alaskan Native (includes Hispanic),
31,Nebraska,31105,Kimball,2015,2019,White (includes Hispanic),7.7
31,Nebraska,31105,Kimball,2016,2020,Asian/Pacific Islander (includes Hispanic),
31,Nebraska,31105,Kimball,2016,2020,Black (includes Hispanic),
31,Nebraska,31105,Kimball,2016,2020,Hispanic (all races),12.7
31,Nebraska,31105,Kimball,2016,2020,American Indian/Alaskan Native (includes Hispanic),
31,Nebraska,31105,Kimball,2016,2020,White (includes Hispanic),7.7
31,Nebraska,31107,Knox,2011,2015,Asian/Pacific Islander (includes Hispanic),
31,Nebraska,31107,Knox,2011,2015,Black (includes Hispanic),
31,Nebraska,31107,Knox,2011,2015,Hispanic (all races),
31,Nebraska,31107,Knox,2011,2015,American Indian/Alaskan Native (includes Hispanic),
31,Nebraska,31107,Knox,2011,2015,White (includes Hispanic),10.2
31,Nebraska,31107,Knox,2012,2016,Asian/Pacific Islander (includes Hispanic),
31,Nebraska,31107,Knox,2012,2016,Black (includes Hispanic),
31,Nebraska,31107,Knox,2012,2016,Hispanic (all races),
31,Nebraska,31107,Knox,2012,2016,American Indian/Alaskan Native (includes Hispanic),
31,Nebraska,31107,Knox,2012,2016,White (includes Hispanic),11.2
31,Nebraska,31107,Knox,2013,2017,Asian/Pacific Islander (includes Hispanic),
31,Nebraska,31107,Knox,2013,2017,Black (includes Hispanic),
31,Nebraska,31107,Knox,2013,2017,Hispanic (all races),
31,Nebraska,31107,Knox,2013,2017,American Indian/Alaskan Native (includes Hispanic),
31,Nebraska,31107,Knox,2013,2017,White (includes Hispanic),
31,Nebraska,31107,Knox,2014,2018,Asian/Pacific Islander (includes Hispanic),
31,Nebraska,31107,Knox,2014,2018,Black (includes Hispanic),
31,Nebraska,31107,Knox,2014,2018,Hispanic (all races),
31,Nebraska,31107,Knox,2014,2018,American Indian/Alaskan Native (includes Hispanic),
31,Nebraska,31107,Knox,2014,2018,White (includes Hispanic),
31,Nebraska,31107,Knox,2015,2019,Asian/Pacific Islander (includes Hispanic),
31,Nebraska,31107,Knox,2015,2019,Black (includes Hispanic),
31,Nebraska,31107,Knox,2015,2019,Hispanic (all races),
31,Nebraska,31107,Knox,2015,2019,American Indian/Alaskan Native (includes Hispanic),
31,Nebraska,31107,Knox,2015,2019,White (includes Hispanic),
31,Nebraska,31107,Knox,2016,2020,Asian/Pacific Islander (includes Hispanic),
31,Nebraska,31107,Knox,2016,2020,Black (includes Hispanic),
31,Nebraska,31107,Knox,2016,2020,Hispanic (all races),
31,Nebraska,31107,Knox,2016,2020,American Indian/Alaskan Native (includes Hispanic),
31,Nebraska,31107,Knox,2016,2020,White (includes Hispanic),
31,Nebraska,31109,Lancaster,2011,2015,Asian/Pacific Islander (includes Hispanic),
31,Nebraska,31109,Lancaster,2011,2015,Black (includes Hispanic),
31,Nebraska,31109,Lancaster,2011,2015,Hispanic (all races),
31,Nebraska,31109,Lancaster,2011,2015,American Indian/Alaskan Native (includes Hispanic),
31,Nebraska,31109,Lancaster,2011,2015,White (includes Hispanic),6.5
31,Nebraska,31109,Lancaster,2012,2016,Asian/Pacific Islander (includes Hispanic),
31,Nebraska,31109,Lancaster,2012,2016,Black (includes Hispanic),
31,Nebraska,31109,Lancaster,2012,2016,Hispanic (all races),
31,Nebraska,31109,Lancaster,2012,2016,American Indian/Alaskan Native (includes Hispanic),
31,Nebraska,31109,Lancaster,2012,2016,White (includes Hispanic),6.2
31,Nebraska,31109,Lancaster,2013,2017,Asian/Pacific Islander (includes Hispanic),
31,Nebraska,31109,Lancaster,2013,2017,Black (includes Hispanic),
31,Nebraska,31109,Lancaster,2013,2017,Hispanic (all races),
31,Nebraska,31109,Lancaster,2013,2017,American Indian/Alaskan Native (includes Hispanic),
31,Nebraska,31109,Lancaster,2013,2017,White (includes Hispanic),6.6
31,Nebraska,31109,Lancaster,2014,2018,Asian/Pacific Islander (includes Hispanic),
31,Nebraska,31109,Lancaster,2014,2018,Black (includes Hispanic),
31,Nebraska,31109,Lancaster,2014,2018,Hispanic (all races),
31,Nebraska,31109,Lancaster,2014,2018,American Indian/Alaskan Native (includes Hispanic),
31,Nebraska,31109,Lancaster,2014,2018,White (includes Hispanic),6.8
31,Nebraska,31109,Lancaster,2015,2019,Asian/Pacific Islander (includes Hispanic),
31,Nebraska,31109,Lancaster,2015,2019,Black (includes Hispanic),
31,Nebraska,31109,Lancaster,2015,2019,Hispanic (all races),
31,Nebraska,31109,Lancaster,2015,2019,American Indian/Alaskan Native (includes Hispanic),
31,Nebraska,31109,Lancaster,2015,2019,White (includes Hispanic),7.2
31,Nebraska,31109,Lancaster,2016,2020,Asian/Pacific Islander (includes Hispanic),
31,Nebraska,31109,Lancaster,2016,2020,Black (includes Hispanic),
31,Nebraska,31109,Lancaster,2016,2020,Hispanic (all races),
31,Nebraska,31109,Lancaster,2016,2020,American Indian/Alaskan Native (includes Hispanic),
31,Nebraska,31109,Lancaster,2016,2020,White (includes Hispanic),6.8
31,Nebraska,31111,Lincoln,2011,2015,Asian/Pacific Islander (includes Hispanic),
31,Nebraska,31111,Lincoln,2011,2015,Black (includes Hispanic),
31,Nebraska,31111,Lincoln,2011,2015,Hispanic (all races),
31,Nebraska,31111,Lincoln,2011,2015,American Indian/Alaskan Native (includes Hispanic),
31,Nebraska,31111,Lincoln,2011,2015,White (includes Hispanic),
31,Nebraska,31111,Lincoln,2012,2016,Asian/Pacific Islander (includes Hispanic),
31,Nebraska,31111,Lincoln,2012,2016,Black (includes Hispanic),
31,Nebraska,31111,Lincoln,2012,2016,Hispanic (all races),
31,Nebraska,31111,Lincoln,2012,2016,American Indian/Alaskan Native (includes Hispanic),
31,Nebraska,31111,Lincoln,2012,2016,White (includes Hispanic),
31,Nebraska,31111,Lincoln,2013,2017,Asian/Pacific Islander (includes Hispanic),
31,Nebraska,31111,Lincoln,2013,2017,Black (includes Hispanic),
31,Nebraska,31111,Lincoln,2013,2017,Hispanic (all races),
31,Nebraska,31111,Lincoln,2013,2017,American Indian/Alaskan Native (includes Hispanic),
31,Nebraska,31111,Lincoln,2013,2017,White (includes Hispanic),
31,Nebraska,31111,Lincoln,2014,2018,Asian/Pacific Islander (includes Hispanic),
31,Nebraska,31111,Lincoln,2014,2018,Black (includes Hispanic),
31,Nebraska,31111,Lincoln,2014,2018,Hispanic (all races),
31,Nebraska,31111,Lincoln,2014,2018,American Indian/Alaskan Native (includes Hispanic),
31,Nebraska,31111,Lincoln,2014,2018,White (includes Hispanic),
31,Nebraska,31111,Lincoln,2015,2019,Asian/Pacific Islander (includes Hispanic),
31,Nebraska,31111,Lincoln,2015,2019,Black (includes Hispanic),
31,Nebraska,31111,Lincoln,2015,2019,Hispanic (all races),
31,Nebraska,31111,Lincoln,2015,2019,American Indian/Alaskan Native (includes Hispanic),
31,Nebraska,31111,Lincoln,2015,2019,White (includes Hispanic),
31,Nebraska,31111,Lincoln,2016,2020,Asian/Pacific Islander (includes Hispanic),
31,Nebraska,31111,Lincoln,2016,2020,Black (includes Hispanic),
31,Nebraska,31111,Lincoln,2016,2020,Hispanic (all races),
31,Nebraska,31111,Lincoln,2016,2020,American Indian/Alaskan Native (includes Hispanic),
31,Nebraska,31111,Lincoln,2016,2020,White (includes Hispanic),
31,Nebraska,31113,Logan,2011,2015,Asian/Pacific Islander (includes Hispanic),
31,Nebraska,31113,Logan,2011,2015,Black (includes Hispanic),
31,Nebraska,31113,Logan,2011,2015,Hispanic (all races),
31,Nebraska,31113,Logan,2011,2015,American Indian/Alaskan Native (includes Hispanic),
31,Nebraska,31113,Logan,2011,2015,White (includes Hispanic),
31,Nebraska,31113,Logan,2012,2016,Asian/Pacific Islander (includes Hispanic),
31,Nebraska,31113,Logan,2012,2016,Black (includes Hispanic),
31,Nebraska,31113,Logan,2012,2016,Hispanic (all races),
31,Nebraska,31113,Logan,2012,2016,American Indian/Alaskan Native (includes Hispanic),
31,Nebraska,31113,Logan,2012,2016,White (includes Hispanic),
31,Nebraska,31113,Logan,2013,2017,Asian/Pacific Islander (includes Hispanic),
31,Nebraska,31113,Logan,2013,2017,Black (includes Hispanic),
31,Nebraska,31113,Logan,2013,2017,Hispanic (all races),
31,Nebraska,31113,Logan,2013,2017,American Indian/Alaskan Native (includes Hispanic),
31,Nebraska,31113,Logan,2013,2017,White (includes Hispanic),
31,Nebraska,31113,Logan,2014,2018,Asian/Pacific Islander (includes Hispanic),
31,Nebraska,31113,Logan,2014,2018,Black (includes Hispanic),
31,Nebraska,31113,Logan,2014,2018,Hispanic (all races),
31,Nebraska,31113,Logan,2014,2018,American Indian/Alaskan Native (includes Hispanic),
31,Nebraska,31113,Logan,2014,2018,White (includes Hispanic),
31,Nebraska,31113,Logan,2015,2019,Asian/Pacific Islander (includes Hispanic),
31,Nebraska,31113,Logan,2015,2019,Black (includes Hispanic),
31,Nebraska,31113,Logan,2015,2019,Hispanic (all races),
31,Nebraska,31113,Logan,2015,2019,American Indian/Alaskan Native (includes Hispanic),
31,Nebraska,31113,Logan,2015,2019,White (includes Hispanic),
31,Nebraska,31113,Logan,2016,2020,Asian/Pacific Islander (includes Hispanic),
31,Nebraska,31113,Logan,2016,2020,Black (includes Hispanic),
31,Nebraska,31113,Logan,2016,2020,Hispanic (all races),
31,Nebraska,31113,Logan,2016,2020,American Indian/Alaskan Native (includes Hispanic),
31,Nebraska,31113,Logan,2016,2020,White (includes Hispanic),
31,Nebraska,31115,Loup,2011,2015,Asian/Pacific Islander (includes Hispanic),
31,Nebraska,31115,Loup,2011,2015,Black (includes Hispanic),
31,Nebraska,31115,Loup,2011,2015,Hispanic (all races),
31,Nebraska,31115,Loup,2011,2015,American Indian/Alaskan Native (includes Hispanic),
31,Nebraska,31115,Loup,2011,2015,White (includes Hispanic),
31,Nebraska,31115,Loup,2012,2016,Asian/Pacific Islander (includes Hispanic),
31,Nebraska,31115,Loup,2012,2016,Black (includes Hispanic),
31,Nebraska,31115,Loup,2012,2016,Hispanic (all races),
31,Nebraska,31115,Loup,2012,2016,American Indian/Alaskan Native (includes Hispanic),
31,Nebraska,31115,Loup,2012,2016,White (includes Hispanic),
31,Nebraska,31115,Loup,2013,2017,Asian/Pacific Islander (includes Hispanic),
31,Nebraska,31115,Loup,2013,2017,Black (includes Hispanic),
31,Nebraska,31115,Loup,2013,2017,Hispanic (all races),
31,Nebraska,31115,Loup,2013,2017,American Indian/Alaskan Native (includes Hispanic),
31,Nebraska,31115,Loup,2013,2017,White (includes Hispanic),
31,Nebraska,31115,Loup,2014,2018,Asian/Pacific Islander (includes Hispanic),
31,Nebraska,31115,Loup,2014,2018,Black (includes Hispanic),
31,Nebraska,31115,Loup,2014,2018,Hispanic (all races),
31,Nebraska,31115,Loup,2014,2018,American Indian/Alaskan Native (includes Hispanic),
31,Nebraska,31115,Loup,2014,2018,White (includes Hispanic),
31,Nebraska,31115,Loup,2015,2019,Asian/Pacific Islander (includes Hispanic),
31,Nebraska,31115,Loup,2015,2019,Black (includes Hispanic),
31,Nebraska,31115,Loup,2015,2019,Hispanic (all races),
31,Nebraska,31115,Loup,2015,2019,American Indian/Alaskan Native (includes Hispanic),
31,Nebraska,31115,Loup,2015,2019,White (includes Hispanic),
31,Nebraska,31115,Loup,2016,2020,Asian/Pacific Islander (includes Hispanic),
31,Nebraska,31115,Loup,2016,2020,Black (includes Hispanic),
31,Nebraska,31115,Loup,2016,2020,Hispanic (all races),
31,Nebraska,31115,Loup,2016,2020,American Indian/Alaskan Native (includes Hispanic),
31,Nebraska,31115,Loup,2016,2020,White (includes Hispanic),
31,Nebraska,31119,Madison,2011,2015,Asian/Pacific Islander (includes Hispanic),
31,Nebraska,31119,Madison,2011,2015,Black (includes Hispanic),
31,Nebraska,31119,Madison,2011,2015,Hispanic (all races),
31,Nebraska,31119,Madison,2011,2015,American Indian/Alaskan Native (includes Hispanic),
31,Nebraska,31119,Madison,2011,2015,White (includes Hispanic),8.7
31,Nebraska,31119,Madison,2012,2016,Asian/Pacific Islander (includes Hispanic),
31,Nebraska,31119,Madison,2012,2016,Black (includes Hispanic),
31,Nebraska,31119,Madison,2012,2016,Hispanic (all races),
31,Nebraska,31119,Madison,2012,2016,American Indian/Alaskan Native (includes Hispanic),
31,Nebraska,31119,Madison,2012,2016,White (includes Hispanic),9.3
31,Nebraska,31119,Madison,2013,2017,Asian/Pacific Islander (includes Hispanic),
31,Nebraska,31119,Madison,2013,2017,Black (includes Hispanic),
31,Nebraska,31119,Madison,2013,2017,Hispanic (all races),
31,Nebraska,31119,Madison,2013,2017,American Indian/Alaskan Native (includes Hispanic),
31,Nebraska,31119,Madison,2013,2017,White (includes Hispanic),8.6
31,Nebraska,31119,Madison,2014,2018,Asian/Pacific Islander (includes Hispanic),
31,Nebraska,31119,Madison,2014,2018,Black (includes Hispanic),
31,Nebraska,31119,Madison,2014,2018,Hispanic (all races),
31,Nebraska,31119,Madison,2014,2018,American Indian/Alaskan Native (includes Hispanic),
31,Nebraska,31119,Madison,2014,2018,White (includes Hispanic),
31,Nebraska,31119,Madison,2015,2019,Asian/Pacific Islander (includes Hispanic),
31,Nebraska,31119,Madison,2015,2019,Black (includes Hispanic),
31,Nebraska,31119,Madison,2015,2019,Hispanic (all races),
31,Nebraska,31119,Madison,2015,2019,American Indian/Alaskan Native (includes Hispanic),
31,Nebraska,31119,Madison,2015,2019,White (includes Hispanic),
31,Nebraska,31119,Madison,2016,2020,Asian/Pacific Islander (includes Hispanic),
31,Nebraska,31119,Madison,2016,2020,Black (includes Hispanic),
31,Nebraska,31119,Madison,2016,2020,Hispanic (all races),
31,Nebraska,31119,Madison,2016,2020,American Indian/Alaskan Native (includes Hispanic),
31,Nebraska,31119,Madison,2016,2020,White (includes Hispanic),7.8
31,Nebraska,31117,McPherson,2011,2015,Asian/Pacific Islander (includes Hispanic),
31,Nebraska,31117,McPherson,2011,2015,Black (includes Hispanic),
31,Nebraska,31117,McPherson,2011,2015,Hispanic (all races),
31,Nebraska,31117,McPherson,2011,2015,American Indian/Alaskan Native (includes Hispanic),
31,Nebraska,31117,McPherson,2011,2015,White (includes Hispanic),
31,Nebraska,31117,McPherson,2012,2016,Asian/Pacific Islander (includes Hispanic),
31,Nebraska,31117,McPherson,2012,2016,Black (includes Hispanic),
31,Nebraska,31117,McPherson,2012,2016,Hispanic (all races),
31,Nebraska,31117,McPherson,2012,2016,American Indian/Alaskan Native (includes Hispanic),
31,Nebraska,31117,McPherson,2012,2016,White (includes Hispanic),
31,Nebraska,31117,McPherson,2013,2017,Asian/Pacific Islander (includes Hispanic),
31,Nebraska,31117,McPherson,2013,2017,Black (includes Hispanic),
31,Nebraska,31117,McPherson,2013,2017,Hispanic (all races),
31,Nebraska,31117,McPherson,2013,2017,American Indian/Alaskan Native (includes Hispanic),
31,Nebraska,31117,McPherson,2013,2017,White (includes Hispanic),
31,Nebraska,31117,McPherson,2014,2018,Asian/Pacific Islander (includes Hispanic),
31,Nebraska,31117,McPherson,2014,2018,Black (includes Hispanic),
31,Nebraska,31117,McPherson,2014,2018,Hispanic (all races),
31,Nebraska,31117,McPherson,2014,2018,American Indian/Alaskan Native (includes Hispanic),
31,Nebraska,31117,McPherson,2014,2018,White (includes Hispanic),
31,Nebraska,31117,McPherson,2015,2019,Asian/Pacific Islander (includes Hispanic),
31,Nebraska,31117,McPherson,2015,2019,Black (includes Hispanic),
31,Nebraska,31117,McPherson,2015,2019,Hispanic (all races),
31,Nebraska,31117,McPherson,2015,2019,American Indian/Alaskan Native (includes Hispanic),
31,Nebraska,31117,McPherson,2015,2019,White (includes Hispanic),
31,Nebraska,31117,McPherson,2016,2020,Asian/Pacific Islander (includes Hispanic),
31,Nebraska,31117,McPherson,2016,2020,Black (includes Hispanic),
31,Nebraska,31117,McPherson,2016,2020,Hispanic (all races),
31,Nebraska,31117,McPherson,2016,2020,American Indian/Alaskan Native (includes Hispanic),
31,Nebraska,31117,McPherson,2016,2020,White (includes Hispanic),
31,Nebraska,31121,Merrick,2011,2015,Asian/Pacific Islander (includes Hispanic),
31,Nebraska,31121,Merrick,2011,2015,Black (includes Hispanic),
31,Nebraska,31121,Merrick,2011,2015,Hispanic (all races),
31,Nebraska,31121,Merrick,2011,2015,American Indian/Alaskan Native (includes Hispanic),
31,Nebraska,31121,Merrick,2011,2015,White (includes Hispanic),8.8
31,Nebraska,31121,Merrick,2012,2016,Asian/Pacific Islander (includes Hispanic),
31,Nebraska,31121,Merrick,2012,2016,Black (includes Hispanic),
31,Nebraska,31121,Merrick,2012,2016,Hispanic (all races),
31,Nebraska,31121,Merrick,2012,2016,American Indian/Alaskan Native (includes Hispanic),
31,Nebraska,31121,Merrick,2012,2016,White (includes Hispanic),10.8
31,Nebraska,31121,Merrick,2013,2017,Asian/Pacific Islander (includes Hispanic),
31,Nebraska,31121,Merrick,2013,2017,Black (includes Hispanic),
31,Nebraska,31121,Merrick,2013,2017,Hispanic (all races),
31,Nebraska,31121,Merrick,2013,2017,American Indian/Alaskan Native (includes Hispanic),
31,Nebraska,31121,Merrick,2013,2017,White (includes Hispanic),10.9
31,Nebraska,31121,Merrick,2014,2018,Asian/Pacific Islander (includes Hispanic),
31,Nebraska,31121,Merrick,2014,2018,Black (includes Hispanic),
31,Nebraska,31121,Merrick,2014,2018,Hispanic (all races),
31,Nebraska,31121,Merrick,2014,2018,American Indian/Alaskan Native (includes Hispanic),
31,Nebraska,31121,Merrick,2014,2018,White (includes Hispanic),9.5
31,Nebraska,31121,Merrick,2015,2019,Asian/Pacific Islander (includes Hispanic),
31,Nebraska,31121,Merrick,2015,2019,Black (includes Hispanic),
31,Nebraska,31121,Merrick,2015,2019,Hispanic (all races),
31,Nebraska,31121,Merrick,2015,2019,American Indian/Alaskan Native (includes Hispanic),
31,Nebraska,31121,Merrick,2015,2019,White (includes Hispanic),9.5
31,Nebraska,31121,Merrick,2016,2020,Asian/Pacific Islander (includes Hispanic),
31,Nebraska,31121,Merrick,2016,2020,Black (includes Hispanic),
31,Nebraska,31121,Merrick,2016,2020,Hispanic (all races),
31,Nebraska,31121,Merrick,2016,2020,American Indian/Alaskan Native (includes Hispanic),
31,Nebraska,31121,Merrick,2016,2020,White (includes Hispanic),7.6
31,Nebraska,31123,Morrill,2011,2015,Asian/Pacific Islander (includes Hispanic),
31,Nebraska,31123,Morrill,2011,2015,Black (includes Hispanic),
31,Nebraska,31123,Morrill,2011,2015,Hispanic (all races),
31,Nebraska,31123,Morrill,2011,2015,American Indian/Alaskan Native (includes Hispanic),
31,Nebraska,31123,Morrill,2011,2015,White (includes Hispanic),
31,Nebraska,31123,Morrill,2012,2016,Asian/Pacific Islander (includes Hispanic),
31,Nebraska,31123,Morrill,2012,2016,Black (includes Hispanic),
31,Nebraska,31123,Morrill,2012,2016,Hispanic (all races),
31,Nebraska,31123,Morrill,2012,2016,American Indian/Alaskan Native (includes Hispanic),
31,Nebraska,31123,Morrill,2012,2016,White (includes Hispanic),
31,Nebraska,31123,Morrill,2013,2017,Asian/Pacific Islander (includes Hispanic),
31,Nebraska,31123,Morrill,2013,2017,Black (includes Hispanic),
31,Nebraska,31123,Morrill,2013,2017,Hispanic (all races),
31,Nebraska,31123,Morrill,2013,2017,American Indian/Alaskan Native (includes Hispanic),
31,Nebraska,31123,Morrill,2013,2017,White (includes Hispanic),
31,Nebraska,31123,Morrill,2014,2018,Asian/Pacific Islander (includes Hispanic),
31,Nebraska,31123,Morrill,2014,2018,Black (includes Hispanic),
31,Nebraska,31123,Morrill,2014,2018,Hispanic (all races),
31,Nebraska,31123,Morrill,2014,2018,American Indian/Alaskan Native (includes Hispanic),
31,Nebraska,31123,Morrill,2014,2018,White (includes Hispanic),
31,Nebraska,31123,Morrill,2015,2019,Asian/Pacific Islander (includes Hispanic),
31,Nebraska,31123,Morrill,2015,2019,Black (includes Hispanic),
31,Nebraska,31123,Morrill,2015,2019,Hispanic (all races),
31,Nebraska,31123,Morrill,2015,2019,American Indian/Alaskan Native (includes Hispanic),
31,Nebraska,31123,Morrill,2015,2019,White (includes Hispanic),
31,Nebraska,31123,Morrill,2016,2020,Asian/Pacific Islander (includes Hispanic),
31,Nebraska,31123,Morrill,2016,2020,Black (includes Hispanic),
31,Nebraska,31123,Morrill,2016,2020,Hispanic (all races),
31,Nebraska,31123,Morrill,2016,2020,American Indian/Alaskan Native (includes Hispanic),
31,Nebraska,31123,Morrill,2016,2020,White (includes Hispanic),
31,Nebraska,31125,Nance,2011,2015,Asian/Pacific Islander (includes Hispanic),
31,Nebraska,31125,Nance,2011,2015,Black (includes Hispanic),
31,Nebraska,31125,Nance,2011,2015,Hispanic (all races),
31,Nebraska,31125,Nance,2011,2015,American Indian/Alaskan Native (includes Hispanic),
31,Nebraska,31125,Nance,2011,2015,White (includes Hispanic),
31,Nebraska,31125,Nance,2012,2016,Asian/Pacific Islander (includes Hispanic),
31,Nebraska,31125,Nance,2012,2016,Black (includes Hispanic),
31,Nebraska,31125,Nance,2012,2016,Hispanic (all races),
31,Nebraska,31125,Nance,2012,2016,American Indian/Alaskan Native (includes Hispanic),
31,Nebraska,31125,Nance,2012,2016,White (includes Hispanic),13.3
31,Nebraska,31125,Nance,2013,2017,Asian/Pacific Islander (includes Hispanic),
31,Nebraska,31125,Nance,2013,2017,Black (includes Hispanic),
31,Nebraska,31125,Nance,2013,2017,Hispanic (all races),
31,Nebraska,31125,Nance,2013,2017,American Indian/Alaskan Native (includes Hispanic),
31,Nebraska,31125,Nance,2013,2017,White (includes Hispanic),13.4
31,Nebraska,31125,Nance,2014,2018,Asian/Pacific Islander (includes Hispanic),
31,Nebraska,31125,Nance,2014,2018,Black (includes Hispanic),
31,Nebraska,31125,Nance,2014,2018,Hispanic (all races),
31,Nebraska,31125,Nance,2014,2018,American Indian/Alaskan Native (includes Hispanic),
31,Nebraska,31125,Nance,2014,2018,White (includes Hispanic),
31,Nebraska,31125,Nance,2015,2019,Asian/Pacific Islander (includes Hispanic),
31,Nebraska,31125,Nance,2015,2019,Black (includes Hispanic),
31,Nebraska,31125,Nance,2015,2019,Hispanic (all races),
31,Nebraska,31125,Nance,2015,2019,American Indian/Alaskan Native (includes Hispanic),
31,Nebraska,31125,Nance,2015,2019,White (includes Hispanic),
31,Nebraska,31125,Nance,2016,2020,Asian/Pacific Islander (includes Hispanic),
31,Nebraska,31125,Nance,2016,2020,Black (includes Hispanic),
31,Nebraska,31125,Nance,2016,2020,Hispanic (all races),
31,Nebraska,31125,Nance,2016,2020,American Indian/Alaskan Native (includes Hispanic),
31,Nebraska,31125,Nance,2016,2020,White (includes Hispanic),
31,Nebraska,31127,Nemaha,2011,2015,Asian/Pacific Islander (includes Hispanic),
31,Nebraska,31127,Nemaha,2011,2015,Black (includes Hispanic),
31,Nebraska,31127,Nemaha,2011,2015,Hispanic (all races),
31,Nebraska,31127,Nemaha,2011,2015,American Indian/Alaskan Native (includes Hispanic),
31,Nebraska,31127,Nemaha,2011,2015,White (includes Hispanic),
31,Nebraska,31127,Nemaha,2012,2016,Asian/Pacific Islander (includes Hispanic),
31,Nebraska,31127,Nemaha,2012,2016,Black (includes Hispanic),
31,Nebraska,31127,Nemaha,2012,2016,Hispanic (all races),
31,Nebraska,31127,Nemaha,2012,2016,American Indian/Alaskan Native (includes Hispanic),
31,Nebraska,31127,Nemaha,2012,2016,White (includes Hispanic),
31,Nebraska,31127,Nemaha,2013,2017,Asian/Pacific Islander (includes Hispanic),
31,Nebraska,31127,Nemaha,2013,2017,Black (includes Hispanic),
31,Nebraska,31127,Nemaha,2013,2017,Hispanic (all races),
31,Nebraska,31127,Nemaha,2013,2017,American Indian/Alaskan Native (includes Hispanic),
31,Nebraska,31127,Nemaha,2013,2017,White (includes Hispanic),
31,Nebraska,31127,Nemaha,2014,2018,Asian/Pacific Islander (includes Hispanic),
31,Nebraska,31127,Nemaha,2014,2018,Black (includes Hispanic),
31,Nebraska,31127,Nemaha,2014,2018,Hispanic (all races),
31,Nebraska,31127,Nemaha,2014,2018,American Indian/Alaskan Native (includes Hispanic),
31,Nebraska,31127,Nemaha,2014,2018,White (includes Hispanic),
31,Nebraska,31127,Nemaha,2015,2019,Asian/Pacific Islander (includes Hispanic),
31,Nebraska,31127,Nemaha,2015,2019,Black (includes Hispanic),
31,Nebraska,31127,Nemaha,2015,2019,Hispanic (all races),
31,Nebraska,31127,Nemaha,2015,2019,American Indian/Alaskan Native (includes Hispanic),
31,Nebraska,31127,Nemaha,2015,2019,White (includes Hispanic),
31,Nebraska,31127,Nemaha,2016,2020,Asian/Pacific Islander (includes Hispanic),
31,Nebraska,31127,Nemaha,2016,2020,Black (includes Hispanic),
31,Nebraska,31127,Nemaha,2016,2020,Hispanic (all races),
31,Nebraska,31127,Nemaha,2016,2020,American Indian/Alaskan Native (includes Hispanic),
31,Nebraska,31127,Nemaha,2016,2020,White (includes Hispanic),
31,Nebraska,31129,Nuckolls,2011,2015,Asian/Pacific Islander (includes Hispanic),
31,Nebraska,31129,Nuckolls,2011,2015,Black (includes Hispanic),
31,Nebraska,31129,Nuckolls,2011,2015,Hispanic (all races),
31,Nebraska,31129,Nuckolls,2011,2015,American Indian/Alaskan Native (includes Hispanic),
31,Nebraska,31129,Nuckolls,2011,2015,White (includes Hispanic),
31,Nebraska,31129,Nuckolls,2012,2016,Asian/Pacific Islander (includes Hispanic),
31,Nebraska,31129,Nuckolls,2012,2016,Black (includes Hispanic),
31,Nebraska,31129,Nuckolls,2012,2016,Hispanic (all races),
31,Nebraska,31129,Nuckolls,2012,2016,American Indian/Alaskan Native (includes Hispanic),
31,Nebraska,31129,Nuckolls,2012,2016,White (includes Hispanic),
31,Nebraska,31129,Nuckolls,2013,2017,Asian/Pacific Islander (includes Hispanic),
31,Nebraska,31129,Nuckolls,2013,2017,Black (includes Hispanic),
31,Nebraska,31129,Nuckolls,2013,2017,Hispanic (all races),
31,Nebraska,31129,Nuckolls,2013,2017,American Indian/Alaskan Native (includes Hispanic),
31,Nebraska,31129,Nuckolls,2013,2017,White (includes Hispanic),
31,Nebraska,31129,Nuckolls,2014,2018,Asian/Pacific Islander (includes Hispanic),
31,Nebraska,31129,Nuckolls,2014,2018,Black (includes Hispanic),
31,Nebraska,31129,Nuckolls,2014,2018,Hispanic (all races),
31,Nebraska,31129,Nuckolls,2014,2018,American Indian/Alaskan Native (includes Hispanic),
31,Nebraska,31129,Nuckolls,2014,2018,White (includes Hispanic),
31,Nebraska,31129,Nuckolls,2015,2019,Asian/Pacific Islander (includes Hispanic),
31,Nebraska,31129,Nuckolls,2015,2019,Black (includes Hispanic),
31,Nebraska,31129,Nuckolls,2015,2019,Hispanic (all races),
31,Nebraska,31129,Nuckolls,2015,2019,American Indian/Alaskan Native (includes Hispanic),
31,Nebraska,31129,Nuckolls,2015,2019,White (includes Hispanic),
31,Nebraska,31129,Nuckolls,2016,2020,Asian/Pacific Islander (includes Hispanic),
31,Nebraska,31129,Nuckolls,2016,2020,Black (includes Hispanic),
31,Nebraska,31129,Nuckolls,2016,2020,Hispanic (all races),
31,Nebraska,31129,Nuckolls,2016,2020,American Indian/Alaskan Native (includes Hispanic),
31,Nebraska,31129,Nuckolls,2016,2020,White (includes Hispanic),
31,Nebraska,31131,Otoe,2011,2015,Asian/Pacific Islander (includes Hispanic),
31,Nebraska,31131,Otoe,2011,2015,Black (includes Hispanic),
31,Nebraska,31131,Otoe,2011,2015,Hispanic (all races),
31,Nebraska,31131,Otoe,2011,2015,American Indian/Alaskan Native (includes Hispanic),
31,Nebraska,31131,Otoe,2011,2015,White (includes Hispanic),6.5
31,Nebraska,31131,Otoe,2012,2016,Asian/Pacific Islander (includes Hispanic),
31,Nebraska,31131,Otoe,2012,2016,Black (includes Hispanic),
31,Nebraska,31131,Otoe,2012,2016,Hispanic (all races),
31,Nebraska,31131,Otoe,2012,2016,American Indian/Alaskan Native (includes Hispanic),
31,Nebraska,31131,Otoe,2012,2016,White (includes Hispanic),6.5
31,Nebraska,31131,Otoe,2013,2017,Asian/Pacific Islander (includes Hispanic),
31,Nebraska,31131,Otoe,2013,2017,Black (includes Hispanic),
31,Nebraska,31131,Otoe,2013,2017,Hispanic (all races),
31,Nebraska,31131,Otoe,2013,2017,American Indian/Alaskan Native (includes Hispanic),
31,Nebraska,31131,Otoe,2013,2017,White (includes Hispanic),6.4
31,Nebraska,31131,Otoe,2014,2018,Asian/Pacific Islander (includes Hispanic),
31,Nebraska,31131,Otoe,2014,2018,Black (includes Hispanic),
31,Nebraska,31131,Otoe,2014,2018,Hispanic (all races),
31,Nebraska,31131,Otoe,2014,2018,American Indian/Alaskan Native (includes Hispanic),
31,Nebraska,31131,Otoe,2014,2018,White (includes Hispanic),6.4
31,Nebraska,31131,Otoe,2015,2019,Asian/Pacific Islander (includes Hispanic),
31,Nebraska,31131,Otoe,2015,2019,Black (includes Hispanic),
31,Nebraska,31131,Otoe,2015,2019,Hispanic (all races),
31,Nebraska,31131,Otoe,2015,2019,American Indian/Alaskan Native (includes Hispanic),
31,Nebraska,31131,Otoe,2015,2019,White (includes Hispanic),7.1
31,Nebraska,31131,Otoe,2016,2020,Asian/Pacific Islander (includes Hispanic),
31,Nebraska,31131,Otoe,2016,2020,Black (includes Hispanic),
31,Nebraska,31131,Otoe,2016,2020,Hispanic (all races),
31,Nebraska,31131,Otoe,2016,2020,American Indian/Alaskan Native (includes Hispanic),
31,Nebraska,31131,Otoe,2016,2020,White (includes Hispanic),6.5
31,Nebraska,31133,Pawnee,2011,2015,Asian/Pacific Islander (includes Hispanic),
31,Nebraska,31133,Pawnee,2011,2015,Black (includes Hispanic),
31,Nebraska,31133,Pawnee,2011,2015,Hispanic (all races),
31,Nebraska,31133,Pawnee,2011,2015,American Indian/Alaskan Native (includes Hispanic),
31,Nebraska,31133,Pawnee,2011,2015,White (includes Hispanic),
31,Nebraska,31133,Pawnee,2012,2016,Asian/Pacific Islander (includes Hispanic),
31,Nebraska,31133,Pawnee,2012,2016,Black (includes Hispanic),
31,Nebraska,31133,Pawnee,2012,2016,Hispanic (all races),
31,Nebraska,31133,Pawnee,2012,2016,American Indian/Alaskan Native (includes Hispanic),
31,Nebraska,31133,Pawnee,2012,2016,White (includes Hispanic),
31,Nebraska,31133,Pawnee,2013,2017,Asian/Pacific Islander (includes Hispanic),
31,Nebraska,31133,Pawnee,2013,2017,Black (includes Hispanic),
31,Nebraska,31133,Pawnee,2013,2017,Hispanic (all races),
31,Nebraska,31133,Pawnee,2013,2017,American Indian/Alaskan Native (includes Hispanic),
31,Nebraska,31133,Pawnee,2013,2017,White (includes Hispanic),
31,Nebraska,31133,Pawnee,2014,2018,Asian/Pacific Islander (includes Hispanic),
31,Nebraska,31133,Pawnee,2014,2018,Black (includes Hispanic),
31,Nebraska,31133,Pawnee,2014,2018,Hispanic (all races),
31,Nebraska,31133,Pawnee,2014,2018,American Indian/Alaskan Native (includes Hispanic),
31,Nebraska,31133,Pawnee,2014,2018,White (includes Hispanic),
31,Nebraska,31133,Pawnee,2015,2019,Asian/Pacific Islander (includes Hispanic),
31,Nebraska,31133,Pawnee,2015,2019,Black (includes Hispanic),
31,Nebraska,31133,Pawnee,2015,2019,Hispanic (all races),
31,Nebraska,31133,Pawnee,2015,2019,American Indian/Alaskan Native (includes Hispanic),
31,Nebraska,31133,Pawnee,2015,2019,White (includes Hispanic),
31,Nebraska,31133,Pawnee,2016,2020,Asian/Pacific Islander (includes Hispanic),
31,Nebraska,31133,Pawnee,2016,2020,Black (includes Hispanic),
31,Nebraska,31133,Pawnee,2016,2020,Hispanic (all races),
31,Nebraska,31133,Pawnee,2016,2020,American Indian/Alaskan Native (includes Hispanic),
31,Nebraska,31133,Pawnee,2016,2020,White (includes Hispanic),
31,Nebraska,31135,Perkins,2011,2015,Asian/Pacific Islander (includes Hispanic),
31,Nebraska,31135,Perkins,2011,2015,Black (includes Hispanic),
31,Nebraska,31135,Perkins,2011,2015,Hispanic (all races),
31,Nebraska,31135,Perkins,2011,2015,American Indian/Alaskan Native (includes Hispanic),
31,Nebraska,31135,Perkins,2011,2015,White (includes Hispanic),
31,Nebraska,31135,Perkins,2012,2016,Asian/Pacific Islander (includes Hispanic),
31,Nebraska,31135,Perkins,2012,2016,Black (includes Hispanic),
31,Nebraska,31135,Perkins,2012,2016,Hispanic (all races),
31,Nebraska,31135,Perkins,2012,2016,American Indian/Alaskan Native (includes Hispanic),
31,Nebraska,31135,Perkins,2012,2016,White (includes Hispanic),
31,Nebraska,31135,Perkins,2013,2017,Asian/Pacific Islander (includes Hispanic),
31,Nebraska,31135,Perkins,2013,2017,Black (includes Hispanic),
31,Nebraska,31135,Perkins,2013,2017,Hispanic (all races),
31,Nebraska,31135,Perkins,2013,2017,American Indian/Alaskan Native (includes Hispanic),
31,Nebraska,31135,Perkins,2013,2017,White (includes Hispanic),
31,Nebraska,31135,Perkins,2014,2018,Asian/Pacific Islander (includes Hispanic),
31,Nebraska,31135,Perkins,2014,2018,Black (includes Hispanic),
31,Nebraska,31135,Perkins,2014,2018,Hispanic (all races),
31,Nebraska,31135,Perkins,2014,2018,American Indian/Alaskan Native (includes Hispanic),
31,Nebraska,31135,Perkins,2014,2018,White (includes Hispanic),
31,Nebraska,31135,Perkins,2015,2019,Asian/Pacific Islander (includes Hispanic),
31,Nebraska,31135,Perkins,2015,2019,Black (includes Hispanic),
31,Nebraska,31135,Perkins,2015,2019,Hispanic (all races),
31,Nebraska,31135,Perkins,2015,2019,American Indian/Alaskan Native (includes Hispanic),
31,Nebraska,31135,Perkins,2015,2019,White (includes Hispanic),
31,Nebraska,31135,Perkins,2016,2020,Asian/Pacific Islander (includes Hispanic),
31,Nebraska,31135,Perkins,2016,2020,Black (includes Hispanic),
31,Nebraska,31135,Perkins,2016,2020,Hispanic (all races),
31,Nebraska,31135,Perkins,2016,2020,American Indian/Alaskan Native (includes Hispanic),
31,Nebraska,31135,Perkins,2016,2020,White (includes Hispanic),
31,Nebraska,31137,Phelps,2011,2015,Asian/Pacific Islander (includes Hispanic),
31,Nebraska,31137,Phelps,2011,2015,Black (includes Hispanic),
31,Nebraska,31137,Phelps,2011,2015,Hispanic (all races),
31,Nebraska,31137,Phelps,2011,2015,American Indian/Alaskan Native (includes Hispanic),
31,Nebraska,31137,Phelps,2011,2015,White (includes Hispanic),
31,Nebraska,31137,Phelps,2012,2016,Asian/Pacific Islander (includes Hispanic),
31,Nebraska,31137,Phelps,2012,2016,Black (includes Hispanic),
31,Nebraska,31137,Phelps,2012,2016,Hispanic (all races),
31,Nebraska,31137,Phelps,2012,2016,American Indian/Alaskan Native (includes Hispanic),
31,Nebraska,31137,Phelps,2012,2016,White (includes Hispanic),
31,Nebraska,31137,Phelps,2013,2017,Asian/Pacific Islander (includes Hispanic),
31,Nebraska,31137,Phelps,2013,2017,Black (includes Hispanic),
31,Nebraska,31137,Phelps,2013,2017,Hispanic (all races),
31,Nebraska,31137,Phelps,2013,2017,American Indian/Alaskan Native (includes Hispanic),
31,Nebraska,31137,Phelps,2013,2017,White (includes Hispanic),
31,Nebraska,31137,Phelps,2014,2018,Asian/Pacific Islander (includes Hispanic),
31,Nebraska,31137,Phelps,2014,2018,Black (includes Hispanic),
31,Nebraska,31137,Phelps,2014,2018,Hispanic (all races),
31,Nebraska,31137,Phelps,2014,2018,American Indian/Alaskan Native (includes Hispanic),
31,Nebraska,31137,Phelps,2014,2018,White (includes Hispanic),
31,Nebraska,31137,Phelps,2015,2019,Asian/Pacific Islander (includes Hispanic),
31,Nebraska,31137,Phelps,2015,2019,Black (includes Hispanic),
31,Nebraska,31137,Phelps,2015,2019,Hispanic (all races),
31,Nebraska,31137,Phelps,2015,2019,American Indian/Alaskan Native (includes Hispanic),
31,Nebraska,31137,Phelps,2015,2019,White (includes Hispanic),
31,Nebraska,31137,Phelps,2016,2020,Asian/Pacific Islander (includes Hispanic),
31,Nebraska,31137,Phelps,2016,2020,Black (includes Hispanic),
31,Nebraska,31137,Phelps,2016,2020,Hispanic (all races),
31,Nebraska,31137,Phelps,2016,2020,American Indian/Alaskan Native (includes Hispanic),
31,Nebraska,31137,Phelps,2016,2020,White (includes Hispanic),
31,Nebraska,31139,Pierce,2011,2015,Asian/Pacific Islander (includes Hispanic),
31,Nebraska,31139,Pierce,2011,2015,Black (includes Hispanic),
31,Nebraska,31139,Pierce,2011,2015,Hispanic (all races),
31,Nebraska,31139,Pierce,2011,2015,American Indian/Alaskan Native (includes Hispanic),
31,Nebraska,31139,Pierce,2011,2015,White (includes Hispanic),
31,Nebraska,31139,Pierce,2012,2016,Asian/Pacific Islander (includes Hispanic),
31,Nebraska,31139,Pierce,2012,2016,Black (includes Hispanic),
31,Nebraska,31139,Pierce,2012,2016,Hispanic (all races),
31,Nebraska,31139,Pierce,2012,2016,American Indian/Alaskan Native (includes Hispanic),
31,Nebraska,31139,Pierce,2012,2016,White (includes Hispanic),
31,Nebraska,31139,Pierce,2013,2017,Asian/Pacific Islander (includes Hispanic),
31,Nebraska,31139,Pierce,2013,2017,Black (includes Hispanic),
31,Nebraska,31139,Pierce,2013,2017,Hispanic (all races),
31,Nebraska,31139,Pierce,2013,2017,American Indian/Alaskan Native (includes Hispanic),
31,Nebraska,31139,Pierce,2013,2017,White (includes Hispanic),
31,Nebraska,31139,Pierce,2014,2018,Asian/Pacific Islander (includes Hispanic),
31,Nebraska,31139,Pierce,2014,2018,Black (includes Hispanic),
31,Nebraska,31139,Pierce,2014,2018,Hispanic (all races),
31,Nebraska,31139,Pierce,2014,2018,American Indian/Alaskan Native (includes Hispanic),
31,Nebraska,31139,Pierce,2014,2018,White (includes Hispanic),
31,Nebraska,31139,Pierce,2015,2019,Asian/Pacific Islander (includes Hispanic),
31,Nebraska,31139,Pierce,2015,2019,Black (includes Hispanic),
31,Nebraska,31139,Pierce,2015,2019,Hispanic (all races),
31,Nebraska,31139,Pierce,2015,2019,American Indian/Alaskan Native (includes Hispanic),
31,Nebraska,31139,Pierce,2015,2019,White (includes Hispanic),
31,Nebraska,31139,Pierce,2016,2020,Asian/Pacific Islander (includes Hispanic),
31,Nebraska,31139,Pierce,2016,2020,Black (includes Hispanic),
31,Nebraska,31139,Pierce,2016,2020,Hispanic (all races),
31,Nebraska,31139,Pierce,2016,2020,American Indian/Alaskan Native (includes Hispanic),
31,Nebraska,31139,Pierce,2016,2020,White (includes Hispanic),
31,Nebraska,31141,Platte,2011,2015,Asian/Pacific Islander (includes Hispanic),
31,Nebraska,31141,Platte,2011,2015,Black (includes Hispanic),
31,Nebraska,31141,Platte,2011,2015,Hispanic (all races),
31,Nebraska,31141,Platte,2011,2015,American Indian/Alaskan Native (includes Hispanic),
31,Nebraska,31141,Platte,2011,2015,White (includes Hispanic),9.8
31,Nebraska,31141,Platte,2012,2016,Asian/Pacific Islander (includes Hispanic),
31,Nebraska,31141,Platte,2012,2016,Black (includes Hispanic),
31,Nebraska,31141,Platte,2012,2016,Hispanic (all races),
31,Nebraska,31141,Platte,2012,2016,American Indian/Alaskan Native (includes Hispanic),
31,Nebraska,31141,Platte,2012,2016,White (includes Hispanic),10.3
31,Nebraska,31141,Platte,2013,2017,Asian/Pacific Islander (includes Hispanic),
31,Nebraska,31141,Platte,2013,2017,Black (includes Hispanic),
31,Nebraska,31141,Platte,2013,2017,Hispanic (all races),
31,Nebraska,31141,Platte,2013,2017,American Indian/Alaskan Native (includes Hispanic),
31,Nebraska,31141,Platte,2013,2017,White (includes Hispanic),10.1
31,Nebraska,31141,Platte,2014,2018,Asian/Pacific Islander (includes Hispanic),
31,Nebraska,31141,Platte,2014,2018,Black (includes Hispanic),
31,Nebraska,31141,Platte,2014,2018,Hispanic (all races),
31,Nebraska,31141,Platte,2014,2018,American Indian/Alaskan Native (includes Hispanic),
31,Nebraska,31141,Platte,2014,2018,White (includes Hispanic),9.8
31,Nebraska,31141,Platte,2015,2019,Asian/Pacific Islander (includes Hispanic),
31,Nebraska,31141,Platte,2015,2019,Black (includes Hispanic),
31,Nebraska,31141,Platte,2015,2019,Hispanic (all races),
31,Nebraska,31141,Platte,2015,2019,American Indian/Alaskan Native (includes Hispanic),
31,Nebraska,31141,Platte,2015,2019,White (includes Hispanic),8.7
31,Nebraska,31141,Platte,2016,2020,Asian/Pacific Islander (includes Hispanic),
31,Nebraska,31141,Platte,2016,2020,Black (includes Hispanic),
31,Nebraska,31141,Platte,2016,2020,Hispanic (all races),
31,Nebraska,31141,Platte,2016,2020,American Indian/Alaskan Native (includes Hispanic),
31,Nebraska,31141,Platte,2016,2020,White (includes Hispanic),7.7
31,Nebraska,31143,Polk,2011,2015,Asian/Pacific Islander (includes Hispanic),
31,Nebraska,31143,Polk,2011,2015,Black (includes Hispanic),
31,Nebraska,31143,Polk,2011,2015,Hispanic (all races),
31,Nebraska,31143,Polk,2011,2015,American Indian/Alaskan Native (includes Hispanic),
31,Nebraska,31143,Polk,2011,2015,White (includes Hispanic),
31,Nebraska,31143,Polk,2012,2016,Asian/Pacific Islander (includes Hispanic),
31,Nebraska,31143,Polk,2012,2016,Black (includes Hispanic),
31,Nebraska,31143,Polk,2012,2016,Hispanic (all races),
31,Nebraska,31143,Polk,2012,2016,American Indian/Alaskan Native (includes Hispanic),
31,Nebraska,31143,Polk,2012,2016,White (includes Hispanic),
31,Nebraska,31143,Polk,2013,2017,Asian/Pacific Islander (includes Hispanic),
31,Nebraska,31143,Polk,2013,2017,Black (includes Hispanic),
31,Nebraska,31143,Polk,2013,2017,Hispanic (all races),
31,Nebraska,31143,Polk,2013,2017,American Indian/Alaskan Native (includes Hispanic),
31,Nebraska,31143,Polk,2013,2017,White (includes Hispanic),
31,Nebraska,31143,Polk,2014,2018,Asian/Pacific Islander (includes Hispanic),
31,Nebraska,31143,Polk,2014,2018,Black (includes Hispanic),
31,Nebraska,31143,Polk,2014,2018,Hispanic (all races),
31,Nebraska,31143,Polk,2014,2018,American Indian/Alaskan Native (includes Hispanic),
31,Nebraska,31143,Polk,2014,2018,White (includes Hispanic),
31,Nebraska,31143,Polk,2015,2019,Asian/Pacific Islander (includes Hispanic),
31,Nebraska,31143,Polk,2015,2019,Black (includes Hispanic),
31,Nebraska,31143,Polk,2015,2019,Hispanic (all races),
31,Nebraska,31143,Polk,2015,2019,American Indian/Alaskan Native (includes Hispanic),
31,Nebraska,31143,Polk,2015,2019,White (includes Hispanic),
31,Nebraska,31143,Polk,2016,2020,Asian/Pacific Islander (includes Hispanic),
31,Nebraska,31143,Polk,2016,2020,Black (includes Hispanic),
31,Nebraska,31143,Polk,2016,2020,Hispanic (all races),
31,Nebraska,31143,Polk,2016,2020,American Indian/Alaskan Native (includes Hispanic),
31,Nebraska,31143,Polk,2016,2020,White (includes Hispanic),
31,Nebraska,31145,Red Willow,2011,2015,Asian/Pacific Islander (includes Hispanic),
31,Nebraska,31145,Red Willow,2011,2015,Black (includes Hispanic),
31,Nebraska,31145,Red Willow,2011,2015,Hispanic (all races),
31,Nebraska,31145,Red Willow,2011,2015,American Indian/Alaskan Native (includes Hispanic),
31,Nebraska,31145,Red Willow,2011,2015,White (includes Hispanic),
31,Nebraska,31145,Red Willow,2012,2016,Asian/Pacific Islander (includes Hispanic),
31,Nebraska,31145,Red Willow,2012,2016,Black (includes Hispanic),
31,Nebraska,31145,Red Willow,2012,2016,Hispanic (all races),
31,Nebraska,31145,Red Willow,2012,2016,American Indian/Alaskan Native (includes Hispanic),
31,Nebraska,31145,Red Willow,2012,2016,White (includes Hispanic),
31,Nebraska,31145,Red Willow,2013,2017,Asian/Pacific Islander (includes Hispanic),
31,Nebraska,31145,Red Willow,2013,2017,Black (includes Hispanic),
31,Nebraska,31145,Red Willow,2013,2017,Hispanic (all races),
31,Nebraska,31145,Red Willow,2013,2017,American Indian/Alaskan Native (includes Hispanic),
31,Nebraska,31145,Red Willow,2013,2017,White (includes Hispanic),
31,Nebraska,31145,Red Willow,2014,2018,Asian/Pacific Islander (includes Hispanic),
31,Nebraska,31145,Red Willow,2014,2018,Black (includes Hispanic),
31,Nebraska,31145,Red Willow,2014,2018,Hispanic (all races),
31,Nebraska,31145,Red Willow,2014,2018,American Indian/Alaskan Native (includes Hispanic),
31,Nebraska,31145,Red Willow,2014,2018,White (includes Hispanic),
31,Nebraska,31145,Red Willow,2015,2019,Asian/Pacific Islander (includes Hispanic),
31,Nebraska,31145,Red Willow,2015,2019,Black (includes Hispanic),
31,Nebraska,31145,Red Willow,2015,2019,Hispanic (all races),
31,Nebraska,31145,Red Willow,2015,2019,American Indian/Alaskan Native (includes Hispanic),
31,Nebraska,31145,Red Willow,2015,2019,White (includes Hispanic),
31,Nebraska,31145,Red Willow,2016,2020,Asian/Pacific Islander (includes Hispanic),
31,Nebraska,31145,Red Willow,2016,2020,Black (includes Hispanic),
31,Nebraska,31145,Red Willow,2016,2020,Hispanic (all races),
31,Nebraska,31145,Red Willow,2016,2020,American Indian/Alaskan Native (includes Hispanic),
31,Nebraska,31145,Red Willow,2016,2020,White (includes Hispanic),
31,Nebraska,31147,Richardson,2011,2015,Asian/Pacific Islander (includes Hispanic),
31,Nebraska,31147,Richardson,2011,2015,Black (includes Hispanic),
31,Nebraska,31147,Richardson,2011,2015,Hispanic (all races),
31,Nebraska,31147,Richardson,2011,2015,American Indian/Alaskan Native (includes Hispanic),
31,Nebraska,31147,Richardson,2011,2015,White (includes Hispanic),
31,Nebraska,31147,Richardson,2012,2016,Asian/Pacific Islander (includes Hispanic),
31,Nebraska,31147,Richardson,2012,2016,Black (includes Hispanic),
31,Nebraska,31147,Richardson,2012,2016,Hispanic (all races),
31,Nebraska,31147,Richardson,2012,2016,American Indian/Alaskan Native (includes Hispanic),
31,Nebraska,31147,Richardson,2012,2016,White (includes Hispanic),
31,Nebraska,31147,Richardson,2013,2017,Asian/Pacific Islander (includes Hispanic),
31,Nebraska,31147,Richardson,2013,2017,Black (includes Hispanic),
31,Nebraska,31147,Richardson,2013,2017,Hispanic (all races),
31,Nebraska,31147,Richardson,2013,2017,American Indian/Alaskan Native (includes Hispanic),
31,Nebraska,31147,Richardson,2013,2017,White (includes Hispanic),
31,Nebraska,31147,Richardson,2014,2018,Asian/Pacific Islander (includes Hispanic),
31,Nebraska,31147,Richardson,2014,2018,Black (includes Hispanic),
31,Nebraska,31147,Richardson,2014,2018,Hispanic (all races),
31,Nebraska,31147,Richardson,2014,2018,American Indian/Alaskan Native (includes Hispanic),
31,Nebraska,31147,Richardson,2014,2018,White (includes Hispanic),
31,Nebraska,31147,Richardson,2015,2019,Asian/Pacific Islander (includes Hispanic),
31,Nebraska,31147,Richardson,2015,2019,Black (includes Hispanic),
31,Nebraska,31147,Richardson,2015,2019,Hispanic (all races),
31,Nebraska,31147,Richardson,2015,2019,American Indian/Alaskan Native (includes Hispanic),
31,Nebraska,31147,Richardson,2015,2019,White (includes Hispanic),
31,Nebraska,31147,Richardson,2016,2020,Asian/Pacific Islander (includes Hispanic),
31,Nebraska,31147,Richardson,2016,2020,Black (includes Hispanic),
31,Nebraska,31147,Richardson,2016,2020,Hispanic (all races),
31,Nebraska,31147,Richardson,2016,2020,American Indian/Alaskan Native (includes Hispanic),
31,Nebraska,31147,Richardson,2016,2020,White (includes Hispanic),
31,Nebraska,31149,Rock,2011,2015,Asian/Pacific Islander (includes Hispanic),
31,Nebraska,31149,Rock,2011,2015,Black (includes Hispanic),
31,Nebraska,31149,Rock,2011,2015,Hispanic (all races),
31,Nebraska,31149,Rock,2011,2015,American Indian/Alaskan Native (includes Hispanic),
31,Nebraska,31149,Rock,2011,2015,White (includes Hispanic),
31,Nebraska,31149,Rock,2012,2016,Asian/Pacific Islander (includes Hispanic),
31,Nebraska,31149,Rock,2012,2016,Black (includes Hispanic),
31,Nebraska,31149,Rock,2012,2016,Hispanic (all races),
31,Nebraska,31149,Rock,2012,2016,American Indian/Alaskan Native (includes Hispanic),
31,Nebraska,31149,Rock,2012,2016,White (includes Hispanic),
31,Nebraska,31149,Rock,2013,2017,Asian/Pacific Islander (includes Hispanic),
31,Nebraska,31149,Rock,2013,2017,Black (includes Hispanic),
31,Nebraska,31149,Rock,2013,2017,Hispanic (all races),
31,Nebraska,31149,Rock,2013,2017,American Indian/Alaskan Native (includes Hispanic),
31,Nebraska,31149,Rock,2013,2017,White (includes Hispanic),
31,Nebraska,31149,Rock,2014,2018,Asian/Pacific Islander (includes Hispanic),
31,Nebraska,31149,Rock,2014,2018,Black (includes Hispanic),
31,Nebraska,31149,Rock,2014,2018,Hispanic (all races),
31,Nebraska,31149,Rock,2014,2018,American Indian/Alaskan Native (includes Hispanic),
31,Nebraska,31149,Rock,2014,2018,White (includes Hispanic),
31,Nebraska,31149,Rock,2015,2019,Asian/Pacific Islander (includes Hispanic),
31,Nebraska,31149,Rock,2015,2019,Black (includes Hispanic),
31,Nebraska,31149,Rock,2015,2019,Hispanic (all races),
31,Nebraska,31149,Rock,2015,2019,American Indian/Alaskan Native (includes Hispanic),
31,Nebraska,31149,Rock,2015,2019,White (includes Hispanic),
31,Nebraska,31149,Rock,2016,2020,Asian/Pacific Islander (includes Hispanic),
31,Nebraska,31149,Rock,2016,2020,Black (includes Hispanic),
31,Nebraska,31149,Rock,2016,2020,Hispanic (all races),
31,Nebraska,31149,Rock,2016,2020,American Indian/Alaskan Native (includes Hispanic),
31,Nebraska,31149,Rock,2016,2020,White (includes Hispanic),
31,Nebraska,31151,Saline,2011,2015,Asian/Pacific Islander (includes Hispanic),
31,Nebraska,31151,Saline,2011,2015,Black (includes Hispanic),
31,Nebraska,31151,Saline,2011,2015,Hispanic (all races),
31,Nebraska,31151,Saline,2011,2015,American Indian/Alaskan Native (includes Hispanic),
31,Nebraska,31151,Saline,2011,2015,White (includes Hispanic),6.8
31,Nebraska,31151,Saline,2012,2016,Asian/Pacific Islander (includes Hispanic),
31,Nebraska,31151,Saline,2012,2016,Black (includes Hispanic),
31,Nebraska,31151,Saline,2012,2016,Hispanic (all races),
31,Nebraska,31151,Saline,2012,2016,American Indian/Alaskan Native (includes Hispanic),
31,Nebraska,31151,Saline,2012,2016,White (includes Hispanic),6.2
31,Nebraska,31151,Saline,2013,2017,Asian/Pacific Islander (includes Hispanic),
31,Nebraska,31151,Saline,2013,2017,Black (includes Hispanic),
31,Nebraska,31151,Saline,2013,2017,Hispanic (all races),
31,Nebraska,31151,Saline,2013,2017,American Indian/Alaskan Native (includes Hispanic),
31,Nebraska,31151,Saline,2013,2017,White (includes Hispanic),6.7
31,Nebraska,31151,Saline,2014,2018,Asian/Pacific Islander (includes Hispanic),
31,Nebraska,31151,Saline,2014,2018,Black (includes Hispanic),
31,Nebraska,31151,Saline,2014,2018,Hispanic (all races),
31,Nebraska,31151,Saline,2014,2018,American Indian/Alaskan Native (includes Hispanic),
31,Nebraska,31151,Saline,2014,2018,White (includes Hispanic),6.4
31,Nebraska,31151,Saline,2015,2019,Asian/Pacific Islander (includes Hispanic),
31,Nebraska,31151,Saline,2015,2019,Black (includes Hispanic),
31,Nebraska,31151,Saline,2015,2019,Hispanic (all races),
31,Nebraska,31151,Saline,2015,2019,American Indian/Alaskan Native (includes Hispanic),
31,Nebraska,31151,Saline,2015,2019,White (includes Hispanic),7.0
31,Nebraska,31151,Saline,2016,2020,Asian/Pacific Islander (includes Hispanic),
31,Nebraska,31151,Saline,2016,2020,Black (includes Hispanic),
31,Nebraska,31151,Saline,2016,2020,Hispanic (all races),
31,Nebraska,31151,Saline,2016,2020,American Indian/Alaskan Native (includes Hispanic),
31,Nebraska,31151,Saline,2016,2020,White (includes Hispanic),6.3
31,Nebraska,31153,Sarpy,2011,2015,Asian/Pacific Islander (includes Hispanic),
31,Nebraska,31153,Sarpy,2011,2015,Black (includes Hispanic),11.2
31,Nebraska,31153,Sarpy,2011,2015,Hispanic (all races),
31,Nebraska,31153,Sarpy,2011,2015,American Indian/Alaskan Native (includes Hispanic),
31,Nebraska,31153,Sarpy,2011,2015,White (includes Hispanic),7.5
31,Nebraska,31153,Sarpy,2012,2016,Asian/Pacific Islander (includes Hispanic),
31,Nebraska,31153,Sarpy,2012,2016,Black (includes Hispanic),
31,Nebraska,31153,Sarpy,2012,2016,Hispanic (all races),
31,Nebraska,31153,Sarpy,2012,2016,American Indian/Alaskan Native (includes Hispanic),
31,Nebraska,31153,Sarpy,2012,2016,White (includes Hispanic),7.6
31,Nebraska,31153,Sarpy,2013,2017,Asian/Pacific Islander (includes Hispanic),
31,Nebraska,31153,Sarpy,2013,2017,Black (includes Hispanic),11.4
31,Nebraska,31153,Sarpy,2013,2017,Hispanic (all races),16.5
31,Nebraska,31153,Sarpy,2013,2017,American Indian/Alaskan Native (includes Hispanic),
31,Nebraska,31153,Sarpy,2013,2017,White (includes Hispanic),8.1
31,Nebraska,31153,Sarpy,2014,2018,Asian/Pacific Islander (includes Hispanic),
31,Nebraska,31153,Sarpy,2014,2018,Black (includes Hispanic),13.7
31,Nebraska,31153,Sarpy,2014,2018,Hispanic (all races),15.4
31,Nebraska,31153,Sarpy,2014,2018,American Indian/Alaskan Native (includes Hispanic),
31,Nebraska,31153,Sarpy,2014,2018,White (includes Hispanic),8.3
31,Nebraska,31153,Sarpy,2015,2019,Asian/Pacific Islander (includes Hispanic),
31,Nebraska,31153,Sarpy,2015,2019,Black (includes Hispanic),10.7
31,Nebraska,31153,Sarpy,2015,2019,Hispanic (all races),13.4
31,Nebraska,31153,Sarpy,2015,2019,American Indian/Alaskan Native (includes Hispanic),
31,Nebraska,31153,Sarpy,2015,2019,White (includes Hispanic),7.8
31,Nebraska,31153,Sarpy,2016,2020,Asian/Pacific Islander (includes Hispanic),
31,Nebraska,31153,Sarpy,2016,2020,Black (includes Hispanic),
31,Nebraska,31153,Sarpy,2016,2020,Hispanic (all races),12.4
31,Nebraska,31153,Sarpy,2016,2020,American Indian/Alaskan Native (includes Hispanic),
31,Nebraska,31153,Sarpy,2016,2020,White (includes Hispanic),7.5
31,Nebraska,31155,Saunders,2011,2015,Asian/Pacific Islander (includes Hispanic),
31,Nebraska,31155,Saunders,2011,2015,Black (includes Hispanic),10.7
31,Nebraska,31155,Saunders,2011,2015,Hispanic (all races),
31,Nebraska,31155,Saunders,2011,2015,American Indian/Alaskan Native (includes Hispanic),
31,Nebraska,31155,Saunders,2011,2015,White (includes Hispanic),7.2
31,Nebraska,31155,Saunders,2012,2016,Asian/Pacific Islander (includes Hispanic),
31,Nebraska,31155,Saunders,2012,2016,Black (includes Hispanic),
31,Nebraska,31155,Saunders,2012,2016,Hispanic (all races),
31,Nebraska,31155,Saunders,2012,2016,American Indian/Alaskan Native (includes Hispanic),
31,Nebraska,31155,Saunders,2012,2016,White (includes Hispanic),7.3
31,Nebraska,31155,Saunders,2013,2017,Asian/Pacific Islander (includes Hispanic),
31,Nebraska,31155,Saunders,2013,2017,Black (includes Hispanic),11.0
31,Nebraska,31155,Saunders,2013,2017,Hispanic (all races),14.9
31,Nebraska,31155,Saunders,2013,2017,American Indian/Alaskan Native (includes Hispanic),
31,Nebraska,31155,Saunders,2013,2017,White (includes Hispanic),7.8
31,Nebraska,31155,Saunders,2014,2018,Asian/Pacific Islander (includes Hispanic),
31,Nebraska,31155,Saunders,2014,2018,Black (includes Hispanic),12.9
31,Nebraska,31155,Saunders,2014,2018,Hispanic (all races),13.7
31,Nebraska,31155,Saunders,2014,2018,American Indian/Alaskan Native (includes Hispanic),
31,Nebraska,31155,Saunders,2014,2018,White (includes Hispanic),7.8
31,Nebraska,31155,Saunders,2015,2019,Asian/Pacific Islander (includes Hispanic),
31,Nebraska,31155,Saunders,2015,2019,Black (includes Hispanic),10.2
31,Nebraska,31155,Saunders,2015,2019,Hispanic (all races),10.4
31,Nebraska,31155,Saunders,2015,2019,American Indian/Alaskan Native (includes Hispanic),
31,Nebraska,31155,Saunders,2015,2019,White (includes Hispanic),7.5
31,Nebraska,31155,Saunders,2016,2020,Asian/Pacific Islander (includes Hispanic),
31,Nebraska,31155,Saunders,2016,2020,Black (includes Hispanic),
31,Nebraska,31155,Saunders,2016,2020,Hispanic (all races),10.5
31,Nebraska,31155,Saunders,2016,2020,American Indian/Alaskan Native (includes Hispanic),
31,Nebraska,31155,Saunders,2016,2020,White (includes Hispanic),7.0
31,Nebraska,31157,Scotts Bluff,2011,2015,Asian/Pacific Islander (includes Hispanic),
31,Nebraska,31157,Scotts Bluff,2011,2015,Black (includes Hispanic),
31,Nebraska,31157,Scotts Bluff,2011,2015,Hispanic (all races),
31,Nebraska,31157,Scotts Bluff,2011,2015,American Indian/Alaskan Native (includes Hispanic),
31,Nebraska,31157,Scotts Bluff,2011,2015,White (includes Hispanic),
31,Nebraska,31157,Scotts Bluff,2012,2016,Asian/Pacific Islander (includes Hispanic),
31,Nebraska,31157,Scotts Bluff,2012,2016,Black (includes Hispanic),
31,Nebraska,31157,Scotts Bluff,2012,2016,Hispanic (all races),
31,Nebraska,31157,Scotts Bluff,2012,2016,American Indian/Alaskan Native (includes Hispanic),
31,Nebraska,31157,Scotts Bluff,2012,2016,White (includes Hispanic),
31,Nebraska,31157,Scotts Bluff,2013,2017,Asian/Pacific Islander (includes Hispanic),
31,Nebraska,31157,Scotts Bluff,2013,2017,Black (includes Hispanic),
31,Nebraska,31157,Scotts Bluff,2013,2017,Hispanic (all races),
31,Nebraska,31157,Scotts Bluff,2013,2017,American Indian/Alaskan Native (includes Hispanic),
31,Nebraska,31157,Scotts Bluff,2013,2017,White (includes Hispanic),
31,Nebraska,31157,Scotts Bluff,2014,2018,Asian/Pacific Islander (includes Hispanic),
31,Nebraska,31157,Scotts Bluff,2014,2018,Black (includes Hispanic),
31,Nebraska,31157,Scotts Bluff,2014,2018,Hispanic (all races),
31,Nebraska,31157,Scotts Bluff,2014,2018,American Indian/Alaskan Native (includes Hispanic),
31,Nebraska,31157,Scotts Bluff,2014,2018,White (includes Hispanic),
31,Nebraska,31157,Scotts Bluff,2015,2019,Asian/Pacific Islander (includes Hispanic),
31,Nebraska,31157,Scotts Bluff,2015,2019,Black (includes Hispanic),
31,Nebraska,31157,Scotts Bluff,2015,2019,Hispanic (all races),
31,Nebraska,31157,Scotts Bluff,2015,2019,American Indian/Alaskan Native (includes Hispanic),
31,Nebraska,31157,Scotts Bluff,2015,2019,White (includes Hispanic),
31,Nebraska,31157,Scotts Bluff,2016,2020,Asian/Pacific Islander (includes Hispanic),
31,Nebraska,31157,Scotts Bluff,2016,2020,Black (includes Hispanic),
31,Nebraska,31157,Scotts Bluff,2016,2020,Hispanic (all races),
31,Nebraska,31157,Scotts Bluff,2016,2020,American Indian/Alaskan Native (includes Hispanic),
31,Nebraska,31157,Scotts Bluff,2016,2020,White (includes Hispanic),
31,Nebraska,31159,Seward,2011,2015,Asian/Pacific Islander (includes Hispanic),
31,Nebraska,31159,Seward,2011,2015,Black (includes Hispanic),
31,Nebraska,31159,Seward,2011,2015,Hispanic (all races),
31,Nebraska,31159,Seward,2011,2015,American Indian/Alaskan Native (includes Hispanic),
31,Nebraska,31159,Seward,2011,2015,White (includes Hispanic),7.0
31,Nebraska,31159,Seward,2012,2016,Asian/Pacific Islander (includes Hispanic),
31,Nebraska,31159,Seward,2012,2016,Black (includes Hispanic),
31,Nebraska,31159,Seward,2012,2016,Hispanic (all races),
31,Nebraska,31159,Seward,2012,2016,American Indian/Alaskan Native (includes Hispanic),
31,Nebraska,31159,Seward,2012,2016,White (includes Hispanic),6.5
31,Nebraska,31159,Seward,2013,2017,Asian/Pacific Islander (includes Hispanic),
31,Nebraska,31159,Seward,2013,2017,Black (includes Hispanic),
31,Nebraska,31159,Seward,2013,2017,Hispanic (all races),
31,Nebraska,31159,Seward,2013,2017,American Indian/Alaskan Native (includes Hispanic),
31,Nebraska,31159,Seward,2013,2017,White (includes Hispanic),6.8
31,Nebraska,31159,Seward,2014,2018,Asian/Pacific Islander (includes Hispanic),
31,Nebraska,31159,Seward,2014,2018,Black (includes Hispanic),
31,Nebraska,31159,Seward,2014,2018,Hispanic (all races),
31,Nebraska,31159,Seward,2014,2018,American Indian/Alaskan Native (includes Hispanic),
31,Nebraska,31159,Seward,2014,2018,White (includes Hispanic),6.5
31,Nebraska,31159,Seward,2015,2019,Asian/Pacific Islander (includes Hispanic),
31,Nebraska,31159,Seward,2015,2019,Black (includes Hispanic),
31,Nebraska,31159,Seward,2015,2019,Hispanic (all races),
31,Nebraska,31159,Seward,2015,2019,American Indian/Alaskan Native (includes Hispanic),
31,Nebraska,31159,Seward,2015,2019,White (includes Hispanic),6.9
31,Nebraska,31159,Seward,2016,2020,Asian/Pacific Islander (includes Hispanic),
31,Nebraska,31159,Seward,2016,2020,Black (includes Hispanic),
31,Nebraska,31159,Seward,2016,2020,Hispanic (all races),
31,Nebraska,31159,Seward,2016,2020,American Indian/Alaskan Native (includes Hispanic),
31,Nebraska,31159,Seward,2016,2020,White (includes Hispanic),5.9
31,Nebraska,31161,Sheridan,2011,2015,Asian/Pacific Islander (includes Hispanic),
31,Nebraska,31161,Sheridan,2011,2015,Black (includes Hispanic),
31,Nebraska,31161,Sheridan,2011,2015,Hispanic (all races),
31,Nebraska,31161,Sheridan,2011,2015,American Indian/Alaskan Native (includes Hispanic),
31,Nebraska,31161,Sheridan,2011,2015,White (includes Hispanic),
31,Nebraska,31161,Sheridan,2012,2016,Asian/Pacific Islander (includes Hispanic),
31,Nebraska,31161,Sheridan,2012,2016,Black (includes Hispanic),
31,Nebraska,31161,Sheridan,2012,2016,Hispanic (all races),
31,Nebraska,31161,Sheridan,2012,2016,American Indian/Alaskan Native (includes Hispanic),
31,Nebraska,31161,Sheridan,2012,2016,White (includes Hispanic),
31,Nebraska,31161,Sheridan,2013,2017,Asian/Pacific Islander (includes Hispanic),
31,Nebraska,31161,Sheridan,2013,2017,Black (includes Hispanic),
31,Nebraska,31161,Sheridan,2013,2017,Hispanic (all races),
31,Nebraska,31161,Sheridan,2013,2017,American Indian/Alaskan Native (includes Hispanic),
31,Nebraska,31161,Sheridan,2013,2017,White (includes Hispanic),
31,Nebraska,31161,Sheridan,2014,2018,Asian/Pacific Islander (includes Hispanic),
31,Nebraska,31161,Sheridan,2014,2018,Black (includes Hispanic),
31,Nebraska,31161,Sheridan,2014,2018,Hispanic (all races),
31,Nebraska,31161,Sheridan,2014,2018,American Indian/Alaskan Native (includes Hispanic),
31,Nebraska,31161,Sheridan,2014,2018,White (includes Hispanic),
31,Nebraska,31161,Sheridan,2015,2019,Asian/Pacific Islander (includes Hispanic),
31,Nebraska,31161,Sheridan,2015,2019,Black (includes Hispanic),
31,Nebraska,31161,Sheridan,2015,2019,Hispanic (all races),
31,Nebraska,31161,Sheridan,2015,2019,American Indian/Alaskan Native (includes Hispanic),
31,Nebraska,31161,Sheridan,2015,2019,White (includes Hispanic),
31,Nebraska,31161,Sheridan,2016,2020,Asian/Pacific Islander (includes Hispanic),
31,Nebraska,31161,Sheridan,2016,2020,Black (includes Hispanic),
31,Nebraska,31161,Sheridan,2016,2020,Hispanic (all races),
31,Nebraska,31161,Sheridan,2016,2020,American Indian/Alaskan Native (includes Hispanic),
31,Nebraska,31161,Sheridan,2016,2020,White (includes Hispanic),
31,Nebraska,31163,Sherman,2011,2015,Asian/Pacific Islander (includes Hispanic),
31,Nebraska,31163,Sherman,2011,2015,Black (includes Hispanic),
31,Nebraska,31163,Sherman,2011,2015,Hispanic (all races),
31,Nebraska,31163,Sherman,2011,2015,American Indian/Alaskan Native (includes Hispanic),
31,Nebraska,31163,Sherman,2011,2015,White (includes Hispanic),
31,Nebraska,31163,Sherman,2012,2016,Asian/Pacific Islander (includes Hispanic),
31,Nebraska,31163,Sherman,2012,2016,Black (includes Hispanic),
31,Nebraska,31163,Sherman,2012,2016,Hispanic (all races),
31,Nebraska,31163,Sherman,2012,2016,American Indian/Alaskan Native (includes Hispanic),
31,Nebraska,31163,Sherman,2012,2016,White (includes Hispanic),
31,Nebraska,31163,Sherman,2013,2017,Asian/Pacific Islander (includes Hispanic),
31,Nebraska,31163,Sherman,2013,2017,Black (includes Hispanic),
31,Nebraska,31163,Sherman,2013,2017,Hispanic (all races),
31,Nebraska,31163,Sherman,2013,2017,American Indian/Alaskan Native (includes Hispanic),
31,Nebraska,31163,Sherman,2013,2017,White (includes Hispanic),
31,Nebraska,31163,Sherman,2014,2018,Asian/Pacific Islander (includes Hispanic),
31,Nebraska,31163,Sherman,2014,2018,Black (includes Hispanic),
31,Nebraska,31163,Sherman,2014,2018,Hispanic (all races),
31,Nebraska,31163,Sherman,2014,2018,American Indian/Alaskan Native (includes Hispanic),
31,Nebraska,31163,Sherman,2014,2018,White (includes Hispanic),
31,Nebraska,31163,Sherman,2015,2019,Asian/Pacific Islander (includes Hispanic),
31,Nebraska,31163,Sherman,2015,2019,Black (includes Hispanic),
31,Nebraska,31163,Sherman,2015,2019,Hispanic (all races),
31,Nebraska,31163,Sherman,2015,2019,American Indian/Alaskan Native (includes Hispanic),
31,Nebraska,31163,Sherman,2015,2019,White (includes Hispanic),
31,Nebraska,31163,Sherman,2016,2020,Asian/Pacific Islander (includes Hispanic),
31,Nebraska,31163,Sherman,2016,2020,Black (includes Hispanic),
31,Nebraska,31163,Sherman,2016,2020,Hispanic (all races),
31,Nebraska,31163,Sherman,2016,2020,American Indian/Alaskan Native (includes Hispanic),
31,Nebraska,31163,Sherman,2016,2020,White (includes Hispanic),
31,Nebraska,31165,Sioux,2011,2015,Asian/Pacific Islander (includes Hispanic),
31,Nebraska,31165,Sioux,2011,2015,Black (includes Hispanic),
31,Nebraska,31165,Sioux,2011,2015,Hispanic (all races),
31,Nebraska,31165,Sioux,2011,2015,American Indian/Alaskan Native (includes Hispanic),
31,Nebraska,31165,Sioux,2011,2015,White (includes Hispanic),
31,Nebraska,31165,Sioux,2012,2016,Asian/Pacific Islander (includes Hispanic),
31,Nebraska,31165,Sioux,2012,2016,Black (includes Hispanic),
31,Nebraska,31165,Sioux,2012,2016,Hispanic (all races),
31,Nebraska,31165,Sioux,2012,2016,American Indian/Alaskan Native (includes Hispanic),
31,Nebraska,31165,Sioux,2012,2016,White (includes Hispanic),
31,Nebraska,31165,Sioux,2013,2017,Asian/Pacific Islander (includes Hispanic),
31,Nebraska,31165,Sioux,2013,2017,Black (includes Hispanic),
31,Nebraska,31165,Sioux,2013,2017,Hispanic (all races),
31,Nebraska,31165,Sioux,2013,2017,American Indian/Alaskan Native (includes Hispanic),
31,Nebraska,31165,Sioux,2013,2017,White (includes Hispanic),
31,Nebraska,31165,Sioux,2014,2018,Asian/Pacific Islander (includes Hispanic),
31,Nebraska,31165,Sioux,2014,2018,Black (includes Hispanic),
31,Nebraska,31165,Sioux,2014,2018,Hispanic (all races),
31,Nebraska,31165,Sioux,2014,2018,American Indian/Alaskan Native (includes Hispanic),
31,Nebraska,31165,Sioux,2014,2018,White (includes Hispanic),
31,Nebraska,31165,Sioux,2015,2019,Asian/Pacific Islander (includes Hispanic),
31,Nebraska,31165,Sioux,2015,2019,Black (includes Hispanic),
31,Nebraska,31165,Sioux,2015,2019,Hispanic (all races),
31,Nebraska,31165,Sioux,2015,2019,American Indian/Alaskan Native (includes Hispanic),
31,Nebraska,31165,Sioux,2015,2019,White (includes Hispanic),
31,Nebraska,31165,Sioux,2016,2020,Asian/Pacific Islander (includes Hispanic),
31,Nebraska,31165,Sioux,2016,2020,Black (includes Hispanic),
31,Nebraska,31165,Sioux,2016,2020,Hispanic (all races),
31,Nebraska,31165,Sioux,2016,2020,American Indian/Alaskan Native (includes Hispanic),
31,Nebraska,31165,Sioux,2016,2020,White (includes Hispanic),
31,Nebraska,31167,Stanton,2011,2015,Asian/Pacific Islander (includes Hispanic),
31,Nebraska,31167,Stanton,2011,2015,Black (includes Hispanic),
31,Nebraska,31167,Stanton,2011,2015,Hispanic (all races),
31,Nebraska,31167,Stanton,2011,2015,American Indian/Alaskan Native (includes Hispanic),
31,Nebraska,31167,Stanton,2011,2015,White (includes Hispanic),
31,Nebraska,31167,Stanton,2012,2016,Asian/Pacific Islander (includes Hispanic),
31,Nebraska,31167,Stanton,2012,2016,Black (includes Hispanic),
31,Nebraska,31167,Stanton,2012,2016,Hispanic (all races),
31,Nebraska,31167,Stanton,2012,2016,American Indian/Alaskan Native (includes Hispanic),
31,Nebraska,31167,Stanton,2012,2016,White (includes Hispanic),7.9
31,Nebraska,31167,Stanton,2013,2017,Asian/Pacific Islander (includes Hispanic),
31,Nebraska,31167,Stanton,2013,2017,Black (includes Hispanic),
31,Nebraska,31167,Stanton,2013,2017,Hispanic (all races),
31,Nebraska,31167,Stanton,2013,2017,American Indian/Alaskan Native (includes Hispanic),
31,Nebraska,31167,Stanton,2013,2017,White (includes Hispanic),7.9
31,Nebraska,31167,Stanton,2014,2018,Asian/Pacific Islander (includes Hispanic),
31,Nebraska,31167,Stanton,2014,2018,Black (includes Hispanic),
31,Nebraska,31167,Stanton,2014,2018,Hispanic (all races),
31,Nebraska,31167,Stanton,2014,2018,American Indian/Alaskan Native (includes Hispanic),
31,Nebraska,31167,Stanton,2014,2018,White (includes Hispanic),7.5
31,Nebraska,31167,Stanton,2015,2019,Asian/Pacific Islander (includes Hispanic),
31,Nebraska,31167,Stanton,2015,2019,Black (includes Hispanic),
31,Nebraska,31167,Stanton,2015,2019,Hispanic (all races),
31,Nebraska,31167,Stanton,2015,2019,American Indian/Alaskan Native (includes Hispanic),
31,Nebraska,31167,Stanton,2015,2019,White (includes Hispanic),7.6
31,Nebraska,31167,Stanton,2016,2020,Asian/Pacific Islander (includes Hispanic),
31,Nebraska,31167,Stanton,2016,2020,Black (includes Hispanic),
31,Nebraska,31167,Stanton,2016,2020,Hispanic (all races),
31,Nebraska,31167,Stanton,2016,2020,American Indian/Alaskan Native (includes Hispanic),
31,Nebraska,31167,Stanton,2016,2020,White (includes Hispanic),7.8
31,Nebraska,31169,Thayer,2011,2015,Asian/Pacific Islander (includes Hispanic),
31,Nebraska,31169,Thayer,2011,2015,Black (includes Hispanic),
31,Nebraska,31169,Thayer,2011,2015,Hispanic (all races),
31,Nebraska,31169,Thayer,2011,2015,American Indian/Alaskan Native (includes Hispanic),
31,Nebraska,31169,Thayer,2011,2015,White (includes Hispanic),
31,Nebraska,31169,Thayer,2012,2016,Asian/Pacific Islander (includes Hispanic),
31,Nebraska,31169,Thayer,2012,2016,Black (includes Hispanic),
31,Nebraska,31169,Thayer,2012,2016,Hispanic (all races),
31,Nebraska,31169,Thayer,2012,2016,American Indian/Alaskan Native (includes Hispanic),
31,Nebraska,31169,Thayer,2012,2016,White (includes Hispanic),
31,Nebraska,31169,Thayer,2013,2017,Asian/Pacific Islander (includes Hispanic),
31,Nebraska,31169,Thayer,2013,2017,Black (includes Hispanic),
31,Nebraska,31169,Thayer,2013,2017,Hispanic (all races),
31,Nebraska,31169,Thayer,2013,2017,American Indian/Alaskan Native (includes Hispanic),
31,Nebraska,31169,Thayer,2013,2017,White (includes Hispanic),
31,Nebraska,31169,Thayer,2014,2018,Asian/Pacific Islander (includes Hispanic),
31,Nebraska,31169,Thayer,2014,2018,Black (includes Hispanic),
31,Nebraska,31169,Thayer,2014,2018,Hispanic (all races),
31,Nebraska,31169,Thayer,2014,2018,American Indian/Alaskan Native (includes Hispanic),
31,Nebraska,31169,Thayer,2014,2018,White (includes Hispanic),
31,Nebraska,31169,Thayer,2015,2019,Asian/Pacific Islander (includes Hispanic),
31,Nebraska,31169,Thayer,2015,2019,Black (includes Hispanic),
31,Nebraska,31169,Thayer,2015,2019,Hispanic (all races),
31,Nebraska,31169,Thayer,2015,2019,American Indian/Alaskan Native (includes Hispanic),
31,Nebraska,31169,Thayer,2015,2019,White (includes Hispanic),
31,Nebraska,31169,Thayer,2016,2020,Asian/Pacific Islander (includes Hispanic),
31,Nebraska,31169,Thayer,2016,2020,Black (includes Hispanic),
31,Nebraska,31169,Thayer,2016,2020,Hispanic (all races),
31,Nebraska,31169,Thayer,2016,2020,American Indian/Alaskan Native (includes Hispanic),
31,Nebraska,31169,Thayer,2016,2020,White (includes Hispanic),
31,Nebraska,31171,Thomas,2011,2015,Asian/Pacific Islander (includes Hispanic),
31,Nebraska,31171,Thomas,2011,2015,Black (includes Hispanic),
31,Nebraska,31171,Thomas,2011,2015,Hispanic (all races),
31,Nebraska,31171,Thomas,2011,2015,American Indian/Alaskan Native (includes Hispanic),
31,Nebraska,31171,Thomas,2011,2015,White (includes Hispanic),
31,Nebraska,31171,Thomas,2012,2016,Asian/Pacific Islander (includes Hispanic),
31,Nebraska,31171,Thomas,2012,2016,Black (includes Hispanic),
31,Nebraska,31171,Thomas,2012,2016,Hispanic (all races),
31,Nebraska,31171,Thomas,2012,2016,American Indian/Alaskan Native (includes Hispanic),
31,Nebraska,31171,Thomas,2012,2016,White (includes Hispanic),
31,Nebraska,31171,Thomas,2013,2017,Asian/Pacific Islander (includes Hispanic),
31,Nebraska,31171,Thomas,2013,2017,Black (includes Hispanic),
31,Nebraska,31171,Thomas,2013,2017,Hispanic (all races),
31,Nebraska,31171,Thomas,2013,2017,American Indian/Alaskan Native (includes Hispanic),
31,Nebraska,31171,Thomas,2013,2017,White (includes Hispanic),
31,Nebraska,31171,Thomas,2014,2018,Asian/Pacific Islander (includes Hispanic),
31,Nebraska,31171,Thomas,2014,2018,Black (includes Hispanic),
31,Nebraska,31171,Thomas,2014,2018,Hispanic (all races),
31,Nebraska,31171,Thomas,2014,2018,American Indian/Alaskan Native (includes Hispanic),
31,Nebraska,31171,Thomas,2014,2018,White (includes Hispanic),
31,Nebraska,31171,Thomas,2015,2019,Asian/Pacific Islander (includes Hispanic),
31,Nebraska,31171,Thomas,2015,2019,Black (includes Hispanic),
31,Nebraska,31171,Thomas,2015,2019,Hispanic (all races),
31,Nebraska,31171,Thomas,2015,2019,American Indian/Alaskan Native (includes Hispanic),
31,Nebraska,31171,Thomas,2015,2019,White (includes Hispanic),
31,Nebraska,31171,Thomas,2016,2020,Asian/Pacific Islander (includes Hispanic),
31,Nebraska,31171,Thomas,2016,2020,Black (includes Hispanic),
31,Nebraska,31171,Thomas,2016,2020,Hispanic (all races),
31,Nebraska,31171,Thomas,2016,2020,American Indian/Alaskan Native (includes Hispanic),
31,Nebraska,31171,Thomas,2016,2020,White (includes Hispanic),
31,Nebraska,31173,Thurston,2011,2015,Asian/Pacific Islander (includes Hispanic),
31,Nebraska,31173,Thurston,2011,2015,Black (includes Hispanic),
31,Nebraska,31173,Thurston,2011,2015,Hispanic (all races),
31,Nebraska,31173,Thurston,2011,2015,American Indian/Alaskan Native (includes Hispanic),
31,Nebraska,31173,Thurston,2011,2015,White (includes Hispanic),7.7
31,Nebraska,31173,Thurston,2012,2016,Asian/Pacific Islander (includes Hispanic),
31,Nebraska,31173,Thurston,2012,2016,Black (includes Hispanic),
31,Nebraska,31173,Thurston,2012,2016,Hispanic (all races),
31,Nebraska,31173,Thurston,2012,2016,American Indian/Alaskan Native (includes Hispanic),
31,Nebraska,31173,Thurston,2012,2016,White (includes Hispanic),7.5
31,Nebraska,31173,Thurston,2013,2017,Asian/Pacific Islander (includes Hispanic),
31,Nebraska,31173,Thurston,2013,2017,Black (includes Hispanic),
31,Nebraska,31173,Thurston,2013,2017,Hispanic (all races),
31,Nebraska,31173,Thurston,2013,2017,American Indian/Alaskan Native (includes Hispanic),
31,Nebraska,31173,Thurston,2013,2017,White (includes Hispanic),8.3
31,Nebraska,31173,Thurston,2014,2018,Asian/Pacific Islander (includes Hispanic),
31,Nebraska,31173,Thurston,2014,2018,Black (includes Hispanic),
31,Nebraska,31173,Thurston,2014,2018,Hispanic (all races),
31,Nebraska,31173,Thurston,2014,2018,American Indian/Alaskan Native (includes Hispanic),
31,Nebraska,31173,Thurston,2014,2018,White (includes Hispanic),9.5
31,Nebraska,31173,Thurston,2015,2019,Asian/Pacific Islander (includes Hispanic),
31,Nebraska,31173,Thurston,2015,2019,Black (includes Hispanic),
31,Nebraska,31173,Thurston,2015,2019,Hispanic (all races),
31,Nebraska,31173,Thurston,2015,2019,American Indian/Alaskan Native (includes Hispanic),
31,Nebraska,31173,Thurston,2015,2019,White (includes Hispanic),11.0
31,Nebraska,31173,Thurston,2016,2020,Asian/Pacific Islander (includes Hispanic),
31,Nebraska,31173,Thurston,2016,2020,Black (includes Hispanic),
31,Nebraska,31173,Thurston,2016,2020,Hispanic (all races),
31,Nebraska,31173,Thurston,2016,2020,American Indian/Alaskan Native (includes Hispanic),
31,Nebraska,31173,Thurston,2016,2020,White (includes Hispanic),10.2
31,Nebraska,31175,Valley,2011,2015,Asian/Pacific Islander (includes Hispanic),
31,Nebraska,31175,Valley,2011,2015,Black (includes Hispanic),
31,Nebraska,31175,Valley,2011,2015,Hispanic (all races),
31,Nebraska,31175,Valley,2011,2015,American Indian/Alaskan Native (includes Hispanic),
31,Nebraska,31175,Valley,2011,2015,White (includes Hispanic),
31,Nebraska,31175,Valley,2012,2016,Asian/Pacific Islander (includes Hispanic),
31,Nebraska,31175,Valley,2012,2016,Black (includes Hispanic),
31,Nebraska,31175,Valley,2012,2016,Hispanic (all races),
31,Nebraska,31175,Valley,2012,2016,American Indian/Alaskan Native (includes Hispanic),
31,Nebraska,31175,Valley,2012,2016,White (includes Hispanic),
31,Nebraska,31175,Valley,2013,2017,Asian/Pacific Islander (includes Hispanic),
31,Nebraska,31175,Valley,2013,2017,Black (includes Hispanic),
31,Nebraska,31175,Valley,2013,2017,Hispanic (all races),
31,Nebraska,31175,Valley,2013,2017,American Indian/Alaskan Native (includes Hispanic),
31,Nebraska,31175,Valley,2013,2017,White (includes Hispanic),
31,Nebraska,31175,Valley,2014,2018,Asian/Pacific Islander (includes Hispanic),
31,Nebraska,31175,Valley,2014,2018,Black (includes Hispanic),
31,Nebraska,31175,Valley,2014,2018,Hispanic (all races),
31,Nebraska,31175,Valley,2014,2018,American Indian/Alaskan Native (includes Hispanic),
31,Nebraska,31175,Valley,2014,2018,White (includes Hispanic),
31,Nebraska,31175,Valley,2015,2019,Asian/Pacific Islander (includes Hispanic),
31,Nebraska,31175,Valley,2015,2019,Black (includes Hispanic),
31,Nebraska,31175,Valley,2015,2019,Hispanic (all races),
31,Nebraska,31175,Valley,2015,2019,American Indian/Alaskan Native (includes Hispanic),
31,Nebraska,31175,Valley,2015,2019,White (includes Hispanic),
31,Nebraska,31175,Valley,2016,2020,Asian/Pacific Islander (includes Hispanic),
31,Nebraska,31175,Valley,2016,2020,Black (includes Hispanic),
31,Nebraska,31175,Valley,2016,2020,Hispanic (all races),
31,Nebraska,31175,Valley,2016,2020,American Indian/Alaskan Native (includes Hispanic),
31,Nebraska,31175,Valley,2016,2020,White (includes Hispanic),
31,Nebraska,31177,Washington,2011,2015,Asian/Pacific Islander (includes Hispanic),
31,Nebraska,31177,Washington,2011,2015,Black (includes Hispanic),11.8
31,Nebraska,31177,Washington,2011,2015,Hispanic (all races),
31,Nebraska,31177,Washington,2011,2015,American Indian/Alaskan Native (includes Hispanic),
31,Nebraska,31177,Washington,2011,2015,White (includes Hispanic),8.1
31,Nebraska,31177,Washington,2012,2016,Asian/Pacific Islander (includes Hispanic),
31,Nebraska,31177,Washington,2012,2016,Black (includes Hispanic),
31,Nebraska,31177,Washington,2012,2016,Hispanic (all races),
31,Nebraska,31177,Washington,2012,2016,American Indian/Alaskan Native (includes Hispanic),
31,Nebraska,31177,Washington,2012,2016,White (includes Hispanic),8.1
31,Nebraska,31177,Washington,2013,2017,Asian/Pacific Islander (includes Hispanic),
31,Nebraska,31177,Washington,2013,2017,Black (includes Hispanic),
31,Nebraska,31177,Washington,2013,2017,Hispanic (all races),18.8
31,Nebraska,31177,Washington,2013,2017,American Indian/Alaskan Native (includes Hispanic),
31,Nebraska,31177,Washington,2013,2017,White (includes Hispanic),8.8
31,Nebraska,31177,Washington,2014,2018,Asian/Pacific Islander (includes Hispanic),
31,Nebraska,31177,Washington,2014,2018,Black (includes Hispanic),13.9
31,Nebraska,31177,Washington,2014,2018,Hispanic (all races),17.4
31,Nebraska,31177,Washington,2014,2018,American Indian/Alaskan Native (includes Hispanic),
31,Nebraska,31177,Washington,2014,2018,White (includes Hispanic),8.8
31,Nebraska,31177,Washington,2015,2019,Asian/Pacific Islander (includes Hispanic),
31,Nebraska,31177,Washington,2015,2019,Black (includes Hispanic),
31,Nebraska,31177,Washington,2015,2019,Hispanic (all races),14.6
31,Nebraska,31177,Washington,2015,2019,American Indian/Alaskan Native (includes Hispanic),
31,Nebraska,31177,Washington,2015,2019,White (includes Hispanic),8.3
31,Nebraska,31177,Washington,2016,2020,Asian/Pacific Islander (includes Hispanic),
31,Nebraska,31177,Washington,2016,2020,Black (includes Hispanic),
31,Nebraska,31177,Washington,2016,2020,Hispanic (all races),
31,Nebraska,31177,Washington,2016,2020,American Indian/Alaskan Native (includes Hispanic),
31,Nebraska,31177,Washington,2016,2020,White (includes Hispanic),7.9
31,Nebraska,31179,Wayne,2011,2015,Asian/Pacific Islander (includes Hispanic),
31,Nebraska,31179,Wayne,2011,2015,Black (includes Hispanic),
31,Nebraska,31179,Wayne,2011,2015,Hispanic (all races),
31,Nebraska,31179,Wayne,2011,2015,American Indian/Alaskan Native (includes Hispanic),
31,Nebraska,31179,Wayne,2011,2015,White (includes Hispanic),
31,Nebraska,31179,Wayne,2012,2016,Asian/Pacific Islander (includes Hispanic),
31,Nebraska,31179,Wayne,2012,2016,Black (includes Hispanic),
31,Nebraska,31179,Wayne,2012,2016,Hispanic (all races),
31,Nebraska,31179,Wayne,2012,2016,American Indian/Alaskan Native (includes Hispanic),
31,Nebraska,31179,Wayne,2012,2016,White (includes Hispanic),
31,Nebraska,31179,Wayne,2013,2017,Asian/Pacific Islander (includes Hispanic),
31,Nebraska,31179,Wayne,2013,2017,Black (includes Hispanic),
31,Nebraska,31179,Wayne,2013,2017,Hispanic (all races),
31,Nebraska,31179,Wayne,2013,2017,American Indian/Alaskan Native (includes Hispanic),
31,Nebraska,31179,Wayne,2013,2017,White (includes Hispanic),
31,Nebraska,31179,Wayne,2014,2018,Asian/Pacific Islander (includes Hispanic),
31,Nebraska,31179,Wayne,2014,2018,Black (includes Hispanic),
31,Nebraska,31179,Wayne,2014,2018,Hispanic (all races),
31,Nebraska,31179,Wayne,2014,2018,American Indian/Alaskan Native (includes Hispanic),
31,Nebraska,31179,Wayne,2014,2018,White (includes Hispanic),
31,Nebraska,31179,Wayne,2015,2019,Asian/Pacific Islander (includes Hispanic),
31,Nebraska,31179,Wayne,2015,2019,Black (includes Hispanic),
31,Nebraska,31179,Wayne,2015,2019,Hispanic (all races),
31,Nebraska,31179,Wayne,2015,2019,American Indian/Alaskan Native (includes Hispanic),
31,Nebraska,31179,Wayne,2015,2019,White (includes Hispanic),
31,Nebraska,31179,Wayne,2016,2020,Asian/Pacific Islander (includes Hispanic),
31,Nebraska,31179,Wayne,2016,2020,Black (includes Hispanic),
31,Nebraska,31179,Wayne,2016,2020,Hispanic (all races),
31,Nebraska,31179,Wayne,2016,2020,American Indian/Alaskan Native (includes Hispanic),
31,Nebraska,31179,Wayne,2016,2020,White (includes Hispanic),
31,Nebraska,31181,Webster,2011,2015,Asian/Pacific Islander (includes Hispanic),
31,Nebraska,31181,Webster,2011,2015,Black (includes Hispanic),
31,Nebraska,31181,Webster,2011,2015,Hispanic (all races),
31,Nebraska,31181,Webster,2011,2015,American Indian/Alaskan Native (includes Hispanic),
31,Nebraska,31181,Webster,2011,2015,White (includes Hispanic),
31,Nebraska,31181,Webster,2012,2016,Asian/Pacific Islander (includes Hispanic),
31,Nebraska,31181,Webster,2012,2016,Black (includes Hispanic),
31,Nebraska,31181,Webster,2012,2016,Hispanic (all races),
31,Nebraska,31181,Webster,2012,2016,American Indian/Alaskan Native (includes Hispanic),
31,Nebraska,31181,Webster,2012,2016,White (includes Hispanic),
31,Nebraska,31181,Webster,2013,2017,Asian/Pacific Islander (includes Hispanic),
31,Nebraska,31181,Webster,2013,2017,Black (includes Hispanic),
31,Nebraska,31181,Webster,2013,2017,Hispanic (all races),
31,Nebraska,31181,Webster,2013,2017,American Indian/Alaskan Native (includes Hispanic),
31,Nebraska,31181,Webster,2013,2017,White (includes Hispanic),
31,Nebraska,31181,Webster,2014,2018,Asian/Pacific Islander (includes Hispanic),
31,Nebraska,31181,Webster,2014,2018,Black (includes Hispanic),
31,Nebraska,31181,Webster,2014,2018,Hispanic (all races),
31,Nebraska,31181,Webster,2014,2018,American Indian/Alaskan Native (includes Hispanic),
31,Nebraska,31181,Webster,2014,2018,White (includes Hispanic),
31,Nebraska,31181,Webster,2015,2019,Asian/Pacific Islander (includes Hispanic),
31,Nebraska,31181,Webster,2015,2019,Black (includes Hispanic),
31,Nebraska,31181,Webster,2015,2019,Hispanic (all races),
31,Nebraska,31181,Webster,2015,2019,American Indian/Alaskan Native (includes Hispanic),
31,Nebraska,31181,Webster,2015,2019,White (includes Hispanic),
31,Nebraska,31181,Webster,2016,2020,Asian/Pacific Islander (includes Hispanic),
31,Nebraska,31181,Webster,2016,2020,Black (includes Hispanic),
31,Nebraska,31181,Webster,2016,2020,Hispanic (all races),
31,Nebraska,31181,Webster,2016,2020,American Indian/Alaskan Native (includes Hispanic),
31,Nebraska,31181,Webster,2016,2020,White (includes Hispanic),
31,Nebraska,31183,Wheeler,2011,2015,Asian/Pacific Islander (includes Hispanic),
31,Nebraska,31183,Wheeler,2011,2015,Black (includes Hispanic),
31,Nebraska,31183,Wheeler,2011,2015,Hispanic (all races),
31,Nebraska,31183,Wheeler,2011,2015,American Indian/Alaskan Native (includes Hispanic),
31,Nebraska,31183,Wheeler,2011,2015,White (includes Hispanic),
31,Nebraska,31183,Wheeler,2012,2016,Asian/Pacific Islander (includes Hispanic),
31,Nebraska,31183,Wheeler,2012,2016,Black (includes Hispanic),
31,Nebraska,31183,Wheeler,2012,2016,Hispanic (all races),
31,Nebraska,31183,Wheeler,2012,2016,American Indian/Alaskan Native (includes Hispanic),
31,Nebraska,31183,Wheeler,2012,2016,White (includes Hispanic),
31,Nebraska,31183,Wheeler,2013,2017,Asian/Pacific Islander (includes Hispanic),
31,Nebraska,31183,Wheeler,2013,2017,Black (includes Hispanic),
31,Nebraska,31183,Wheeler,2013,2017,Hispanic (all races),
31,Nebraska,31183,Wheeler,2013,2017,American Indian/Alaskan Native (includes Hispanic),
31,Nebraska,31183,Wheeler,2013,2017,White (includes Hispanic),
31,Nebraska,31183,Wheeler,2014,2018,Asian/Pacific Islander (includes Hispanic),
31,Nebraska,31183,Wheeler,2014,2018,Black (includes Hispanic),
31,Nebraska,31183,Wheeler,2014,2018,Hispanic (all races),
31,Nebraska,31183,Wheeler,2014,2018,American Indian/Alaskan Native (includes Hispanic),
31,Nebraska,31183,Wheeler,2014,2018,White (includes Hispanic),
31,Nebraska,31183,Wheeler,2015,2019,Asian/Pacific Islander (includes Hispanic),
31,Nebraska,31183,Wheeler,2015,2019,Black (includes Hispanic),
31,Nebraska,31183,Wheeler,2015,2019,Hispanic (all races),
31,Nebraska,31183,Wheeler,2015,2019,American Indian/Alaskan Native (includes Hispanic),
31,Nebraska,31183,Wheeler,2015,2019,White (includes Hispanic),
31,Nebraska,31183,Wheeler,2016,2020,Asian/Pacific Islander (includes Hispanic),
31,Nebraska,31183,Wheeler,2016,2020,Black (includes Hispanic),
31,Nebraska,31183,Wheeler,2016,2020,Hispanic (all races),
31,Nebraska,31183,Wheeler,2016,2020,American Indian/Alaskan Native (includes Hispanic),
31,Nebraska,31183,Wheeler,2016,2020,White (includes Hispanic),
31,Nebraska,31185,York,2011,2015,Asian/Pacific Islander (includes Hispanic),
31,Nebraska,31185,York,2011,2015,Black (includes Hispanic),
31,Nebraska,31185,York,2011,2015,Hispanic (all races),
31,Nebraska,31185,York,2011,2015,American Indian/Alaskan Native (includes Hispanic),
31,Nebraska,31185,York,2011,2015,White (includes Hispanic),
31,Nebraska,31185,York,2012,2016,Asian/Pacific Islander (includes Hispanic),
31,Nebraska,31185,York,2012,2016,Black (includes Hispanic),
31,Nebraska,31185,York,2012,2016,Hispanic (all races),
31,Nebraska,31185,York,2012,2016,American Indian/Alaskan Native (includes Hispanic),
31,Nebraska,31185,York,2012,2016,White (includes Hispanic),
31,Nebraska,31185,York,2013,2017,Asian/Pacific Islander (includes Hispanic),
31,Nebraska,31185,York,2013,2017,Black (includes Hispanic),
31,Nebraska,31185,York,2013,2017,Hispanic (all races),
31,Nebraska,31185,York,2013,2017,American Indian/Alaskan Native (includes Hispanic),
31,Nebraska,31185,York,2013,2017,White (includes Hispanic),
31,Nebraska,31185,York,2014,2018,Asian/Pacific Islander (includes Hispanic),
31,Nebraska,31185,York,2014,2018,Black (includes Hispanic),
31,Nebraska,31185,York,2014,2018,Hispanic (all races),
31,Nebraska,31185,York,2014,2018,American Indian/Alaskan Native (includes Hispanic),
31,Nebraska,31185,York,2014,2018,White (includes Hispanic),
31,Nebraska,31185,York,2015,2019,Asian/Pacific Islander (includes Hispanic),
31,Nebraska,31185,York,2015,2019,Black (includes Hispanic),
31,Nebraska,31185,York,2015,2019,Hispanic (all races),
31,Nebraska,31185,York,2015,2019,American Indian/Alaskan Native (includes Hispanic),
31,Nebraska,31185,York,2015,2019,White (includes Hispanic),
31,Nebraska,31185,York,2016,2020,Asian/Pacific Islander (includes Hispanic),
31,Nebraska,31185,York,2016,2020,Black (includes Hispanic),
31,Nebraska,31185,York,2016,2020,Hispanic (all races),
31,Nebraska,31185,York,2016,2020,American Indian/Alaskan Native (includes Hispanic),
31,Nebraska,31185,York,2016,2020,White (includes Hispanic),
32,Nevada,32510,Carson City,2011,2015,Asian/Pacific Islander (includes Hispanic),
32,Nevada,32510,Carson City,2011,2015,Black (includes Hispanic),
32,Nevada,32510,Carson City,2011,2015,Hispanic (all races),6.7
32,Nevada,32510,Carson City,2011,2015,American Indian/Alaskan Native (includes Hispanic),
32,Nevada,32510,Carson City,2011,2015,White (includes Hispanic),7.4
32,Nevada,32510,Carson City,2012,2016,Asian/Pacific Islander (includes Hispanic),
32,Nevada,32510,Carson City,2012,2016,Black (includes Hispanic),
32,Nevada,32510,Carson City,2012,2016,Hispanic (all races),7.3
32,Nevada,32510,Carson City,2012,2016,American Indian/Alaskan Native (includes Hispanic),
32,Nevada,32510,Carson City,2012,2016,White (includes Hispanic),7.8
32,Nevada,32510,Carson City,2013,2017,Asian/Pacific Islander (includes Hispanic),
32,Nevada,32510,Carson City,2013,2017,Black (includes Hispanic),
32,Nevada,32510,Carson City,2013,2017,Hispanic (all races),6.4
32,Nevada,32510,Carson City,2013,2017,American Indian/Alaskan Native (includes Hispanic),
32,Nevada,32510,Carson City,2013,2017,White (includes Hispanic),7.7
32,Nevada,32510,Carson City,2014,2018,Asian/Pacific Islander (includes Hispanic),
32,Nevada,32510,Carson City,2014,2018,Black (includes Hispanic),
32,Nevada,32510,Carson City,2014,2018,Hispanic (all races),8.6
32,Nevada,32510,Carson City,2014,2018,American Indian/Alaskan Native (includes Hispanic),
32,Nevada,32510,Carson City,2014,2018,White (includes Hispanic),7.9
32,Nevada,32510,Carson City,2015,2019,Asian/Pacific Islander (includes Hispanic),
32,Nevada,32510,Carson City,2015,2019,Black (includes Hispanic),
32,Nevada,32510,Carson City,2015,2019,Hispanic (all races),7.3
32,Nevada,32510,Carson City,2015,2019,American Indian/Alaskan Native (includes Hispanic),
32,Nevada,32510,Carson City,2015,2019,White (includes Hispanic),7.7
32,Nevada,32001,Churchill,2011,2015,Asian/Pacific Islander (includes Hispanic),
32,Nevada,32001,Churchill,2011,2015,Black (includes Hispanic),
32,Nevada,32001,Churchill,2011,2015,Hispanic (all races),
32,Nevada,32001,Churchill,2011,2015,American Indian/Alaskan Native (includes Hispanic),
32,Nevada,32001,Churchill,2011,2015,White (includes Hispanic),8.6
32,Nevada,32001,Churchill,2012,2016,Asian/Pacific Islander (includes Hispanic),
32,Nevada,32001,Churchill,2012,2016,Black (includes Hispanic),
32,Nevada,32001,Churchill,2012,2016,Hispanic (all races),
32,Nevada,32001,Churchill,2012,2016,American Indian/Alaskan Native (includes Hispanic),
32,Nevada,32001,Churchill,2012,2016,White (includes Hispanic),9.1
32,Nevada,32001,Churchill,2013,2017,Asian/Pacific Islander (includes Hispanic),
32,Nevada,32001,Churchill,2013,2017,Black (includes Hispanic),
32,Nevada,32001,Churchill,2013,2017,Hispanic (all races),
32,Nevada,32001,Churchill,2013,2017,American Indian/Alaskan Native (includes Hispanic),
32,Nevada,32001,Churchill,2013,2017,White (includes Hispanic),9.5
32,Nevada,32001,Churchill,2014,2018,Asian/Pacific Islander (includes Hispanic),
32,Nevada,32001,Churchill,2014,2018,Black (includes Hispanic),
32,Nevada,32001,Churchill,2014,2018,Hispanic (all races),7.0
32,Nevada,32001,Churchill,2014,2018,American Indian/Alaskan Native (includes Hispanic),
32,Nevada,32001,Churchill,2014,2018,White (includes Hispanic),9.9
32,Nevada,32001,Churchill,2015,2019,Asian/Pacific Islander (includes Hispanic),
32,Nevada,32001,Churchill,2015,2019,Black (includes Hispanic),
32,Nevada,32001,Churchill,2015,2019,Hispanic (all races),6.0
32,Nevada,32001,Churchill,2015,2019,American Indian/Alaskan Native (includes Hispanic),
32,Nevada,32001,Churchill,2015,2019,White (includes Hispanic),9.9
32,Nevada,32003,Clark,2011,2015,Asian/Pacific Islander (includes Hispanic),6.0
32,Nevada,32003,Clark,2011,2015,Black (includes Hispanic),6.2
32,Nevada,32003,Clark,2011,2015,Hispanic (all races),9.4
32,Nevada,32003,Clark,2011,2015,American Indian/Alaskan Native (includes Hispanic),
32,Nevada,32003,Clark,2011,2015,White (includes Hispanic),8.8
32,Nevada,32003,Clark,2012,2016,Asian/Pacific Islander (includes Hispanic),6.3
32,Nevada,32003,Clark,2012,2016,Black (includes Hispanic),7.0
32,Nevada,32003,Clark,2012,2016,Hispanic (all races),10.0
32,Nevada,32003,Clark,2012,2016,American Indian/Alaskan Native (includes Hispanic),
32,Nevada,32003,Clark,2012,2016,White (includes Hispanic),9.4
32,Nevada,32003,Clark,2013,2017,Asian/Pacific Islander (includes Hispanic),6.8
32,Nevada,32003,Clark,2013,2017,Black (includes Hispanic),8.0
32,Nevada,32003,Clark,2013,2017,Hispanic (all races),9.3
32,Nevada,32003,Clark,2013,2017,American Indian/Alaskan Native (includes Hispanic),
32,Nevada,32003,Clark,2013,2017,White (includes Hispanic),9.2
32,Nevada,32003,Clark,2014,2018,Asian/Pacific Islander (includes Hispanic),7.0
32,Nevada,32003,Clark,2014,2018,Black (includes Hispanic),8.0
32,Nevada,32003,Clark,2014,2018,Hispanic (all races),9.5
32,Nevada,32003,Clark,2014,2018,American Indian/Alaskan Native (includes Hispanic),
32,Nevada,32003,Clark,2014,2018,White (includes Hispanic),9.2
32,Nevada,32003,Clark,2015,2019,Asian/Pacific Islander (includes Hispanic),7.1
32,Nevada,32003,Clark,2015,2019,Black (includes Hispanic),8.2
32,Nevada,32003,Clark,2015,2019,Hispanic (all races),9.6
32,Nevada,32003,Clark,2015,2019,American Indian/Alaskan Native (includes Hispanic),
32,Nevada,32003,Clark,2015,2019,White (includes Hispanic),9.3
32,Nevada,32005,Douglas,2011,2015,Asian/Pacific Islander (includes Hispanic),
32,Nevada,32005,Douglas,2011,2015,Black (includes Hispanic),
32,Nevada,32005,Douglas,2011,2015,Hispanic (all races),
32,Nevada,32005,Douglas,2011,2015,American Indian/Alaskan Native (includes Hispanic),
32,Nevada,32005,Douglas,2011,2015,White (includes Hispanic),7.0
32,Nevada,32005,Douglas,2012,2016,Asian/Pacific Islander (includes Hispanic),
32,Nevada,32005,Douglas,2012,2016,Black (includes Hispanic),
32,Nevada,32005,Douglas,2012,2016,Hispanic (all races),
32,Nevada,32005,Douglas,2012,2016,American Indian/Alaskan Native (includes Hispanic),
32,Nevada,32005,Douglas,2012,2016,White (includes Hispanic),6.9
32,Nevada,32005,Douglas,2013,2017,Asian/Pacific Islander (includes Hispanic),
32,Nevada,32005,Douglas,2013,2017,Black (includes Hispanic),
32,Nevada,32005,Douglas,2013,2017,Hispanic (all races),
32,Nevada,32005,Douglas,2013,2017,American Indian/Alaskan Native (includes Hispanic),
32,Nevada,32005,Douglas,2013,2017,White (includes Hispanic),6.9
32,Nevada,32005,Douglas,2014,2018,Asian/Pacific Islander (includes Hispanic),
32,Nevada,32005,Douglas,2014,2018,Black (includes Hispanic),
32,Nevada,32005,Douglas,2014,2018,Hispanic (all races),
32,Nevada,32005,Douglas,2014,2018,American Indian/Alaskan Native (includes Hispanic),
32,Nevada,32005,Douglas,2014,2018,White (includes Hispanic),6.8
32,Nevada,32005,Douglas,2015,2019,Asian/Pacific Islander (includes Hispanic),
32,Nevada,32005,Douglas,2015,2019,Black (includes Hispanic),
32,Nevada,32005,Douglas,2015,2019,Hispanic (all races),
32,Nevada,32005,Douglas,2015,2019,American Indian/Alaskan Native (includes Hispanic),
32,Nevada,32005,Douglas,2015,2019,White (includes Hispanic),6.8
32,Nevada,32007,Elko,2011,2015,Asian/Pacific Islander (includes Hispanic),
32,Nevada,32007,Elko,2011,2015,Black (includes Hispanic),
32,Nevada,32007,Elko,2011,2015,Hispanic (all races),
32,Nevada,32007,Elko,2011,2015,American Indian/Alaskan Native (includes Hispanic),
32,Nevada,32007,Elko,2011,2015,White (includes Hispanic),6.9
32,Nevada,32007,Elko,2012,2016,Asian/Pacific Islander (includes Hispanic),
32,Nevada,32007,Elko,2012,2016,Black (includes Hispanic),
32,Nevada,32007,Elko,2012,2016,Hispanic (all races),
32,Nevada,32007,Elko,2012,2016,American Indian/Alaskan Native (includes Hispanic),
32,Nevada,32007,Elko,2012,2016,White (includes Hispanic),5.8
32,Nevada,32007,Elko,2013,2017,Asian/Pacific Islander (includes Hispanic),
32,Nevada,32007,Elko,2013,2017,Black (includes Hispanic),
32,Nevada,32007,Elko,2013,2017,Hispanic (all races),
32,Nevada,32007,Elko,2013,2017,American Indian/Alaskan Native (includes Hispanic),
32,Nevada,32007,Elko,2013,2017,White (includes Hispanic),7.2
32,Nevada,32007,Elko,2014,2018,Asian/Pacific Islander (includes Hispanic),
32,Nevada,32007,Elko,2014,2018,Black (includes Hispanic),
32,Nevada,32007,Elko,2014,2018,Hispanic (all races),
32,Nevada,32007,Elko,2014,2018,American Indian/Alaskan Native (includes Hispanic),
32,Nevada,32007,Elko,2014,2018,White (includes Hispanic),6.6
32,Nevada,32007,Elko,2015,2019,Asian/Pacific Islander (includes Hispanic),
32,Nevada,32007,Elko,2015,2019,Black (includes Hispanic),
32,Nevada,32007,Elko,2015,2019,Hispanic (all races),
32,Nevada,32007,Elko,2015,2019,American Indian/Alaskan Native (includes Hispanic),
32,Nevada,32007,Elko,2015,2019,White (includes Hispanic),7.1
32,Nevada,32009,Esmeralda,2011,2015,Asian/Pacific Islander (includes Hispanic),
32,Nevada,32009,Esmeralda,2011,2015,Black (includes Hispanic),
32,Nevada,32009,Esmeralda,2011,2015,Hispanic (all races),
32,Nevada,32009,Esmeralda,2011,2015,American Indian/Alaskan Native (includes Hispanic),
32,Nevada,32009,Esmeralda,2011,2015,White (includes Hispanic),
32,Nevada,32009,Esmeralda,2012,2016,Asian/Pacific Islander (includes Hispanic),
32,Nevada,32009,Esmeralda,2012,2016,Black (includes Hispanic),
32,Nevada,32009,Esmeralda,2012,2016,Hispanic (all races),
32,Nevada,32009,Esmeralda,2012,2016,American Indian/Alaskan Native (includes Hispanic),
32,Nevada,32009,Esmeralda,2012,2016,White (includes Hispanic),
32,Nevada,32009,Esmeralda,2013,2017,Asian/Pacific Islander (includes Hispanic),
32,Nevada,32009,Esmeralda,2013,2017,Black (includes Hispanic),
32,Nevada,32009,Esmeralda,2013,2017,Hispanic (all races),
32,Nevada,32009,Esmeralda,2013,2017,American Indian/Alaskan Native (includes Hispanic),
32,Nevada,32009,Esmeralda,2013,2017,White (includes Hispanic),10.9
32,Nevada,32009,Esmeralda,2014,2018,Asian/Pacific Islander (includes Hispanic),
32,Nevada,32009,Esmeralda,2014,2018,Black (includes Hispanic),
32,Nevada,32009,Esmeralda,2014,2018,Hispanic (all races),
32,Nevada,32009,Esmeralda,2014,2018,American Indian/Alaskan Native (includes Hispanic),
32,Nevada,32009,Esmeralda,2014,2018,White (includes Hispanic),13.2
32,Nevada,32009,Esmeralda,2015,2019,Asian/Pacific Islander (includes Hispanic),
32,Nevada,32009,Esmeralda,2015,2019,Black (includes Hispanic),
32,Nevada,32009,Esmeralda,2015,2019,Hispanic (all races),
32,Nevada,32009,Esmeralda,2015,2019,American Indian/Alaskan Native (includes Hispanic),
32,Nevada,32009,Esmeralda,2015,2019,White (includes Hispanic),14.8
32,Nevada,32011,Eureka,2011,2015,Asian/Pacific Islander (includes Hispanic),
32,Nevada,32011,Eureka,2011,2015,Black (includes Hispanic),
32,Nevada,32011,Eureka,2011,2015,Hispanic (all races),
32,Nevada,32011,Eureka,2011,2015,American Indian/Alaskan Native (includes Hispanic),
32,Nevada,32011,Eureka,2011,2015,White (includes Hispanic),9.8
32,Nevada,32011,Eureka,2012,2016,Asian/Pacific Islander (includes Hispanic),
32,Nevada,32011,Eureka,2012,2016,Black (includes Hispanic),
32,Nevada,32011,Eureka,2012,2016,Hispanic (all races),
32,Nevada,32011,Eureka,2012,2016,American Indian/Alaskan Native (includes Hispanic),
32,Nevada,32011,Eureka,2012,2016,White (includes Hispanic),9.8
32,Nevada,32011,Eureka,2013,2017,Asian/Pacific Islander (includes Hispanic),
32,Nevada,32011,Eureka,2013,2017,Black (includes Hispanic),
32,Nevada,32011,Eureka,2013,2017,Hispanic (all races),
32,Nevada,32011,Eureka,2013,2017,American Indian/Alaskan Native (includes Hispanic),
32,Nevada,32011,Eureka,2013,2017,White (includes Hispanic),13.0
32,Nevada,32011,Eureka,2014,2018,Asian/Pacific Islander (includes Hispanic),
32,Nevada,32011,Eureka,2014,2018,Black (includes Hispanic),
32,Nevada,32011,Eureka,2014,2018,Hispanic (all races),
32,Nevada,32011,Eureka,2014,2018,American Indian/Alaskan Native (includes Hispanic),
32,Nevada,32011,Eureka,2014,2018,White (includes Hispanic),13.3
32,Nevada,32011,Eureka,2015,2019,Asian/Pacific Islander (includes Hispanic),
32,Nevada,32011,Eureka,2015,2019,Black (includes Hispanic),
32,Nevada,32011,Eureka,2015,2019,Hispanic (all races),
32,Nevada,32011,Eureka,2015,2019,American Indian/Alaskan Native (includes Hispanic),
32,Nevada,32011,Eureka,2015,2019,White (includes Hispanic),15.0
32,Nevada,32013,Humboldt,2011,2015,Asian/Pacific Islander (includes Hispanic),
32,Nevada,32013,Humboldt,2011,2015,Black (includes Hispanic),
32,Nevada,32013,Humboldt,2011,2015,Hispanic (all races),7.1
32,Nevada,32013,Humboldt,2011,2015,American Indian/Alaskan Native (includes Hispanic),
32,Nevada,32013,Humboldt,2011,2015,White (includes Hispanic),7.9
32,Nevada,32013,Humboldt,2012,2016,Asian/Pacific Islander (includes Hispanic),
32,Nevada,32013,Humboldt,2012,2016,Black (includes Hispanic),
32,Nevada,32013,Humboldt,2012,2016,Hispanic (all races),7.2
32,Nevada,32013,Humboldt,2012,2016,American Indian/Alaskan Native (includes Hispanic),
32,Nevada,32013,Humboldt,2012,2016,White (includes Hispanic),8.6
32,Nevada,32013,Humboldt,2013,2017,Asian/Pacific Islander (includes Hispanic),
32,Nevada,32013,Humboldt,2013,2017,Black (includes Hispanic),
32,Nevada,32013,Humboldt,2013,2017,Hispanic (all races),7.8
32,Nevada,32013,Humboldt,2013,2017,American Indian/Alaskan Native (includes Hispanic),
32,Nevada,32013,Humboldt,2013,2017,White (includes Hispanic),9.3
32,Nevada,32013,Humboldt,2014,2018,Asian/Pacific Islander (includes Hispanic),
32,Nevada,32013,Humboldt,2014,2018,Black (includes Hispanic),
32,Nevada,32013,Humboldt,2014,2018,Hispanic (all races),8.9
32,Nevada,32013,Humboldt,2014,2018,American Indian/Alaskan Native (includes Hispanic),
32,Nevada,32013,Humboldt,2014,2018,White (includes Hispanic),9.4
32,Nevada,32013,Humboldt,2015,2019,Asian/Pacific Islander (includes Hispanic),
32,Nevada,32013,Humboldt,2015,2019,Black (includes Hispanic),
32,Nevada,32013,Humboldt,2015,2019,Hispanic (all races),7.3
32,Nevada,32013,Humboldt,2015,2019,American Indian/Alaskan Native (includes Hispanic),
32,Nevada,32013,Humboldt,2015,2019,White (includes Hispanic),9.2
32,Nevada,32015,Lander,2011,2015,Asian/Pacific Islander (includes Hispanic),
32,Nevada,32015,Lander,2011,2015,Black (includes Hispanic),
32,Nevada,32015,Lander,2011,2015,Hispanic (all races),
32,Nevada,32015,Lander,2011,2015,American Indian/Alaskan Native (includes Hispanic),
32,Nevada,32015,Lander,2011,2015,White (includes Hispanic),10.0
32,Nevada,32015,Lander,2012,2016,Asian/Pacific Islander (includes Hispanic),
32,Nevada,32015,Lander,2012,2016,Black (includes Hispanic),
32,Nevada,32015,Lander,2012,2016,Hispanic (all races),
32,Nevada,32015,Lander,2012,2016,American Indian/Alaskan Native (includes Hispanic),
32,Nevada,32015,Lander,2012,2016,White (includes Hispanic),10.4
32,Nevada,32015,Lander,2013,2017,Asian/Pacific Islander (includes Hispanic),
32,Nevada,32015,Lander,2013,2017,Black (includes Hispanic),
32,Nevada,32015,Lander,2013,2017,Hispanic (all races),
32,Nevada,32015,Lander,2013,2017,American Indian/Alaskan Native (includes Hispanic),
32,Nevada,32015,Lander,2013,2017,White (includes Hispanic),12.9
32,Nevada,32015,Lander,2014,2018,Asian/Pacific Islander (includes Hispanic),
32,Nevada,32015,Lander,2014,2018,Black (includes Hispanic),
32,Nevada,32015,Lander,2014,2018,Hispanic (all races),
32,Nevada,32015,Lander,2014,2018,American Indian/Alaskan Native (includes Hispanic),
32,Nevada,32015,Lander,2014,2018,White (includes Hispanic),13.4
32,Nevada,32015,Lander,2015,2019,Asian/Pacific Islander (includes Hispanic),
32,Nevada,32015,Lander,2015,2019,Black (includes Hispanic),
32,Nevada,32015,Lander,2015,2019,Hispanic (all races),
32,Nevada,32015,Lander,2015,2019,American Indian/Alaskan Native (includes Hispanic),
32,Nevada,32015,Lander,2015,2019,White (includes Hispanic),15.5
32,Nevada,32017,Lincoln,2011,2015,Asian/Pacific Islander (includes Hispanic),5.6
32,Nevada,32017,Lincoln,2011,2015,Black (includes Hispanic),5.7
32,Nevada,32017,Lincoln,2011,2015,Hispanic (all races),9.2
32,Nevada,32017,Lincoln,2011,2015,American Indian/Alaskan Native (includes Hispanic),
32,Nevada,32017,Lincoln,2011,2015,White (includes Hispanic),8.2
32,Nevada,32017,Lincoln,2012,2016,Asian/Pacific Islander (includes Hispanic),6.5
32,Nevada,32017,Lincoln,2012,2016,Black (includes Hispanic),7.3
32,Nevada,32017,Lincoln,2012,2016,Hispanic (all races),10.0
32,Nevada,32017,Lincoln,2012,2016,American Indian/Alaskan Native (includes Hispanic),
32,Nevada,32017,Lincoln,2012,2016,White (includes Hispanic),8.9
32,Nevada,32017,Lincoln,2013,2017,Asian/Pacific Islander (includes Hispanic),7.4
32,Nevada,32017,Lincoln,2013,2017,Black (includes Hispanic),8.0
32,Nevada,32017,Lincoln,2013,2017,Hispanic (all races),9.6
32,Nevada,32017,Lincoln,2013,2017,American Indian/Alaskan Native (includes Hispanic),
32,Nevada,32017,Lincoln,2013,2017,White (includes Hispanic),8.8
32,Nevada,32017,Lincoln,2014,2018,Asian/Pacific Islander (includes Hispanic),7.7
32,Nevada,32017,Lincoln,2014,2018,Black (includes Hispanic),8.2
32,Nevada,32017,Lincoln,2014,2018,Hispanic (all races),8.5
32,Nevada,32017,Lincoln,2014,2018,American Indian/Alaskan Native (includes Hispanic),
32,Nevada,32017,Lincoln,2014,2018,White (includes Hispanic),8.3
32,Nevada,32017,Lincoln,2015,2019,Asian/Pacific Islander (includes Hispanic),7.6
32,Nevada,32017,Lincoln,2015,2019,Black (includes Hispanic),8.0
32,Nevada,32017,Lincoln,2015,2019,Hispanic (all races),8.4
32,Nevada,32017,Lincoln,2015,2019,American Indian/Alaskan Native (includes Hispanic),
32,Nevada,32017,Lincoln,2015,2019,White (includes Hispanic),8.4
32,Nevada,32019,Lyon,2011,2015,Asian/Pacific Islander (includes Hispanic),
32,Nevada,32019,Lyon,2011,2015,Black (includes Hispanic),
32,Nevada,32019,Lyon,2011,2015,Hispanic (all races),
32,Nevada,32019,Lyon,2011,2015,American Indian/Alaskan Native (includes Hispanic),
32,Nevada,32019,Lyon,2011,2015,White (includes Hispanic),8.4
32,Nevada,32019,Lyon,2012,2016,Asian/Pacific Islander (includes Hispanic),
32,Nevada,32019,Lyon,2012,2016,Black (includes Hispanic),
32,Nevada,32019,Lyon,2012,2016,Hispanic (all races),6.5
32,Nevada,32019,Lyon,2012,2016,American Indian/Alaskan Native (includes Hispanic),
32,Nevada,32019,Lyon,2012,2016,White (includes Hispanic),8.5
32,Nevada,32019,Lyon,2013,2017,Asian/Pacific Islander (includes Hispanic),
32,Nevada,32019,Lyon,2013,2017,Black (includes Hispanic),
32,Nevada,32019,Lyon,2013,2017,Hispanic (all races),
32,Nevada,32019,Lyon,2013,2017,American Indian/Alaskan Native (includes Hispanic),
32,Nevada,32019,Lyon,2013,2017,White (includes Hispanic),8.5
32,Nevada,32019,Lyon,2014,2018,Asian/Pacific Islander (includes Hispanic),
32,Nevada,32019,Lyon,2014,2018,Black (includes Hispanic),
32,Nevada,32019,Lyon,2014,2018,Hispanic (all races),7.9
32,Nevada,32019,Lyon,2014,2018,American Indian/Alaskan Native (includes Hispanic),
32,Nevada,32019,Lyon,2014,2018,White (includes Hispanic),8.8
32,Nevada,32019,Lyon,2015,2019,Asian/Pacific Islander (includes Hispanic),
32,Nevada,32019,Lyon,2015,2019,Black (includes Hispanic),
32,Nevada,32019,Lyon,2015,2019,Hispanic (all races),6.5
32,Nevada,32019,Lyon,2015,2019,American Indian/Alaskan Native (includes Hispanic),
32,Nevada,32019,Lyon,2015,2019,White (includes Hispanic),8.2
32,Nevada,32021,Mineral,2011,2015,Asian/Pacific Islander (includes Hispanic),
32,Nevada,32021,Mineral,2011,2015,Black (includes Hispanic),
32,Nevada,32021,Mineral,2011,2015,Hispanic (all races),
32,Nevada,32021,Mineral,2011,2015,American Indian/Alaskan Native (includes Hispanic),
32,Nevada,32021,Mineral,2011,2015,White (includes Hispanic),9.8
32,Nevada,32021,Mineral,2012,2016,Asian/Pacific Islander (includes Hispanic),
32,Nevada,32021,Mineral,2012,2016,Black (includes Hispanic),
32,Nevada,32021,Mineral,2012,2016,Hispanic (all races),
32,Nevada,32021,Mineral,2012,2016,American Indian/Alaskan Native (includes Hispanic),
32,Nevada,32021,Mineral,2012,2016,White (includes Hispanic),8.9
32,Nevada,32021,Mineral,2013,2017,Asian/Pacific Islander (includes Hispanic),
32,Nevada,32021,Mineral,2013,2017,Black (includes Hispanic),
32,Nevada,32021,Mineral,2013,2017,Hispanic (all races),
32,Nevada,32021,Mineral,2013,2017,American Indian/Alaskan Native (includes Hispanic),
32,Nevada,32021,Mineral,2013,2017,White (includes Hispanic),9.7
32,Nevada,32021,Mineral,2014,2018,Asian/Pacific Islander (includes Hispanic),
32,Nevada,32021,Mineral,2014,2018,Black (includes Hispanic),
32,Nevada,32021,Mineral,2014,2018,Hispanic (all races),
32,Nevada,32021,Mineral,2014,2018,American Indian/Alaskan Native (includes Hispanic),
32,Nevada,32021,Mineral,2014,2018,White (includes Hispanic),11.0
32,Nevada,32021,Mineral,2015,2019,Asian/Pacific Islander (includes Hispanic),
32,Nevada,32021,Mineral,2015,2019,Black (includes Hispanic),
32,Nevada,32021,Mineral,2015,2019,Hispanic (all races),
32,Nevada,32021,Mineral,2015,2019,American Indian/Alaskan Native (includes Hispanic),
32,Nevada,32021,Mineral,2015,2019,White (includes Hispanic),12.4
32,Nevada,32023,Nye,2011,2015,Asian/Pacific Islander (includes Hispanic),5.7
32,Nevada,32023,Nye,2011,2015,Black (includes Hispanic),5.5
32,Nevada,32023,Nye,2011,2015,Hispanic (all races),9.2
32,Nevada,32023,Nye,2011,2015,American Indian/Alaskan Native (includes Hispanic),
32,Nevada,32023,Nye,2011,2015,White (includes Hispanic),8.5
32,Nevada,32023,Nye,2012,2016,Asian/Pacific Islander (includes Hispanic),6.6
32,Nevada,32023,Nye,2012,2016,Black (includes Hispanic),7.1
32,Nevada,32023,Nye,2012,2016,Hispanic (all races),10.2
32,Nevada,32023,Nye,2012,2016,American Indian/Alaskan Native (includes Hispanic),
32,Nevada,32023,Nye,2012,2016,White (includes Hispanic),9.4
32,Nevada,32023,Nye,2013,2017,Asian/Pacific Islander (includes Hispanic),7.6
32,Nevada,32023,Nye,2013,2017,Black (includes Hispanic),8.1
32,Nevada,32023,Nye,2013,2017,Hispanic (all races),9.8
32,Nevada,32023,Nye,2013,2017,American Indian/Alaskan Native (includes Hispanic),
32,Nevada,32023,Nye,2013,2017,White (includes Hispanic),9.4
32,Nevada,32023,Nye,2014,2018,Asian/Pacific Islander (includes Hispanic),7.8
32,Nevada,32023,Nye,2014,2018,Black (includes Hispanic),8.3
32,Nevada,32023,Nye,2014,2018,Hispanic (all races),8.6
32,Nevada,32023,Nye,2014,2018,American Indian/Alaskan Native (includes Hispanic),
32,Nevada,32023,Nye,2014,2018,White (includes Hispanic),8.9
32,Nevada,32023,Nye,2015,2019,Asian/Pacific Islander (includes Hispanic),7.6
32,Nevada,32023,Nye,2015,2019,Black (includes Hispanic),8.1
32,Nevada,32023,Nye,2015,2019,Hispanic (all races),8.4
32,Nevada,32023,Nye,2015,2019,American Indian/Alaskan Native (includes Hispanic),
32,Nevada,32023,Nye,2015,2019,White (includes Hispanic),8.9
32,Nevada,32027,Pershing,2011,2015,Asian/Pacific Islander (includes Hispanic),
32,Nevada,32027,Pershing,2011,2015,Black (includes Hispanic),
32,Nevada,32027,Pershing,2011,2015,Hispanic (all races),
32,Nevada,32027,Pershing,2011,2015,American Indian/Alaskan Native (includes Hispanic),
32,Nevada,32027,Pershing,2011,2015,White (includes Hispanic),8.3
32,Nevada,32027,Pershing,2012,2016,Asian/Pacific Islander (includes Hispanic),
32,Nevada,32027,Pershing,2012,2016,Black (includes Hispanic),
32,Nevada,32027,Pershing,2012,2016,Hispanic (all races),
32,Nevada,32027,Pershing,2012,2016,American Indian/Alaskan Native (includes Hispanic),
32,Nevada,32027,Pershing,2012,2016,White (includes Hispanic),9.0
32,Nevada,32027,Pershing,2013,2017,Asian/Pacific Islander (includes Hispanic),
32,Nevada,32027,Pershing,2013,2017,Black (includes Hispanic),
32,Nevada,32027,Pershing,2013,2017,Hispanic (all races),
32,Nevada,32027,Pershing,2013,2017,American Indian/Alaskan Native (includes Hispanic),
32,Nevada,32027,Pershing,2013,2017,White (includes Hispanic),9.2
32,Nevada,32027,Pershing,2014,2018,Asian/Pacific Islander (includes Hispanic),
32,Nevada,32027,Pershing,2014,2018,Black (includes Hispanic),
32,Nevada,32027,Pershing,2014,2018,Hispanic (all races),8.1
32,Nevada,32027,Pershing,2014,2018,American Indian/Alaskan Native (includes Hispanic),
32,Nevada,32027,Pershing,2014,2018,White (includes Hispanic),9.6
32,Nevada,32027,Pershing,2015,2019,Asian/Pacific Islander (includes Hispanic),
32,Nevada,32027,Pershing,2015,2019,Black (includes Hispanic),
32,Nevada,32027,Pershing,2015,2019,Hispanic (all races),7.4
32,Nevada,32027,Pershing,2015,2019,American Indian/Alaskan Native (includes Hispanic),
32,Nevada,32027,Pershing,2015,2019,White (includes Hispanic),9.3
32,Nevada,32029,Storey,2011,2015,Asian/Pacific Islander (includes Hispanic),
32,Nevada,32029,Storey,2011,2015,Black (includes Hispanic),
32,Nevada,32029,Storey,2011,2015,Hispanic (all races),
32,Nevada,32029,Storey,2011,2015,American Indian/Alaskan Native (includes Hispanic),
32,Nevada,32029,Storey,2011,2015,White (includes Hispanic),8.2
32,Nevada,32029,Storey,2012,2016,Asian/Pacific Islander (includes Hispanic),
32,Nevada,32029,Storey,2012,2016,Black (includes Hispanic),
32,Nevada,32029,Storey,2012,2016,Hispanic (all races),
32,Nevada,32029,Storey,2012,2016,American Indian/Alaskan Native (includes Hispanic),
32,Nevada,32029,Storey,2012,2016,White (includes Hispanic),8.4
32,Nevada,32029,Storey,2013,2017,Asian/Pacific Islander (includes Hispanic),
32,Nevada,32029,Storey,2013,2017,Black (includes Hispanic),
32,Nevada,32029,Storey,2013,2017,Hispanic (all races),
32,Nevada,32029,Storey,2013,2017,American Indian/Alaskan Native (includes Hispanic),
32,Nevada,32029,Storey,2013,2017,White (includes Hispanic),8.6
32,Nevada,32029,Storey,2014,2018,Asian/Pacific Islander (includes Hispanic),
32,Nevada,32029,Storey,2014,2018,Black (includes Hispanic),
32,Nevada,32029,Storey,2014,2018,Hispanic (all races),7.9
32,Nevada,32029,Storey,2014,2018,American Indian/Alaskan Native (includes Hispanic),
32,Nevada,32029,Storey,2014,2018,White (includes Hispanic),8.8
32,Nevada,32029,Storey,2015,2019,Asian/Pacific Islander (includes Hispanic),
32,Nevada,32029,Storey,2015,2019,Black (includes Hispanic),
32,Nevada,32029,Storey,2015,2019,Hispanic (all races),6.1
32,Nevada,32029,Storey,2015,2019,American Indian/Alaskan Native (includes Hispanic),
32,Nevada,32029,Storey,2015,2019,White (includes Hispanic),8.2
32,Nevada,32031,Washoe,2011,2015,Asian/Pacific Islander (includes Hispanic),
32,Nevada,32031,Washoe,2011,2015,Black (includes Hispanic),
32,Nevada,32031,Washoe,2011,2015,Hispanic (all races),7.1
32,Nevada,32031,Washoe,2011,2015,American Indian/Alaskan Native (includes Hispanic),
32,Nevada,32031,Washoe,2011,2015,White (includes Hispanic),7.0
32,Nevada,32031,Washoe,2012,2016,Asian/Pacific Islander (includes Hispanic),
32,Nevada,32031,Washoe,2012,2016,Black (includes Hispanic),
32,Nevada,32031,Washoe,2012,2016,Hispanic (all races),7.9
32,Nevada,32031,Washoe,2012,2016,American Indian/Alaskan Native (includes Hispanic),
32,Nevada,32031,Washoe,2012,2016,White (includes Hispanic),7.3
32,Nevada,32031,Washoe,2013,2017,Asian/Pacific Islander (includes Hispanic),
32,Nevada,32031,Washoe,2013,2017,Black (includes Hispanic),
32,Nevada,32031,Washoe,2013,2017,Hispanic (all races),7.6
32,Nevada,32031,Washoe,2013,2017,American Indian/Alaskan Native (includes Hispanic),
32,Nevada,32031,Washoe,2013,2017,White (includes Hispanic),7.3
32,Nevada,32031,Washoe,2014,2018,Asian/Pacific Islander (includes Hispanic),
32,Nevada,32031,Washoe,2014,2018,Black (includes Hispanic),
32,Nevada,32031,Washoe,2014,2018,Hispanic (all races),9.5
32,Nevada,32031,Washoe,2014,2018,American Indian/Alaskan Native (includes Hispanic),
32,Nevada,32031,Washoe,2014,2018,White (includes Hispanic),7.8
32,Nevada,32031,Washoe,2015,2019,Asian/Pacific Islander (includes Hispanic),
32,Nevada,32031,Washoe,2015,2019,Black (includes Hispanic),
32,Nevada,32031,Washoe,2015,2019,Hispanic (all races),8.5
32,Nevada,32031,Washoe,2015,2019,American Indian/Alaskan Native (includes Hispanic),
32,Nevada,32031,Washoe,2015,2019,White (includes Hispanic),7.8
32,Nevada,32033,White Pine,2011,2015,Asian/Pacific Islander (includes Hispanic),
32,Nevada,32033,White Pine,2011,2015,Black (includes Hispanic),
32,Nevada,32033,White Pine,2011,2015,Hispanic (all races),
32,Nevada,32033,White Pine,2011,2015,American Indian/Alaskan Native (includes Hispanic),
32,Nevada,32033,White Pine,2011,2015,White (includes Hispanic),9.2
32,Nevada,32033,White Pine,2012,2016,Asian/Pacific Islander (includes Hispanic),
32,Nevada,32033,White Pine,2012,2016,Black (includes Hispanic),
32,Nevada,32033,White Pine,2012,2016,Hispanic (all races),
32,Nevada,32033,White Pine,2012,2016,American Indian/Alaskan Native (includes Hispanic),
32,Nevada,32033,White Pine,2012,2016,White (includes Hispanic),8.8
32,Nevada,32033,White Pine,2013,2017,Asian/Pacific Islander (includes Hispanic),
32,Nevada,32033,White Pine,2013,2017,Black (includes Hispanic),
32,Nevada,32033,White Pine,2013,2017,Hispanic (all races),
32,Nevada,32033,White Pine,2013,2017,American Indian/Alaskan Native (includes Hispanic),
32,Nevada,32033,White Pine,2013,2017,White (includes Hispanic),9.8
32,Nevada,32033,White Pine,2014,2018,Asian/Pacific Islander (includes Hispanic),
32,Nevada,32033,White Pine,2014,2018,Black (includes Hispanic),
32,Nevada,32033,White Pine,2014,2018,Hispanic (all races),
32,Nevada,32033,White Pine,2014,2018,American Indian/Alaskan Native (includes Hispanic),
32,Nevada,32033,White Pine,2014,2018,White (includes Hispanic),9.7
32,Nevada,32033,White Pine,2015,2019,Asian/Pacific Islander (includes Hispanic),
32,Nevada,32033,White Pine,2015,2019,Black (includes Hispanic),
32,Nevada,32033,White Pine,2015,2019,Hispanic (all races),
32,Nevada,32033,White Pine,2015,2019,American Indian/Alaskan Native (includes Hispanic),
32,Nevada,32033,White Pine,2015,2019,White (includes Hispanic),9.8
33,New Hampshire,33001,Belknap,2011,2015,Asian/Pacific Islander (includes Hispanic),
33,New Hampshire,33001,Belknap,2011,2015,Black (includes Hispanic),
33,New Hampshire,33001,Belknap,2011,2015,Hispanic (all races),
33,New Hampshire,33001,Belknap,2011,2015,American Indian/Alaskan Native (includes Hispanic),
33,New Hampshire,33001,Belknap,2011,2015,White (includes Hispanic),5.2
33,New Hampshire,33001,Belknap,2012,2016,Asian/Pacific Islander (includes Hispanic),
33,New Hampshire,33001,Belknap,2012,2016,Black (includes Hispanic),
33,New Hampshire,33001,Belknap,2012,2016,Hispanic (all races),
33,New Hampshire,33001,Belknap,2012,2016,American Indian/Alaskan Native (includes Hispanic),
33,New Hampshire,33001,Belknap,2012,2016,White (includes Hispanic),4.6
33,New Hampshire,33001,Belknap,2013,2017,Asian/Pacific Islander (includes Hispanic),
33,New Hampshire,33001,Belknap,2013,2017,Black (includes Hispanic),
33,New Hampshire,33001,Belknap,2013,2017,Hispanic (all races),
33,New Hampshire,33001,Belknap,2013,2017,American Indian/Alaskan Native (includes Hispanic),
33,New Hampshire,33001,Belknap,2013,2017,White (includes Hispanic),4.7
33,New Hampshire,33001,Belknap,2014,2018,Asian/Pacific Islander (includes Hispanic),
33,New Hampshire,33001,Belknap,2014,2018,Black (includes Hispanic),
33,New Hampshire,33001,Belknap,2014,2018,Hispanic (all races),
33,New Hampshire,33001,Belknap,2014,2018,American Indian/Alaskan Native (includes Hispanic),
33,New Hampshire,33001,Belknap,2014,2018,White (includes Hispanic),4.8
33,New Hampshire,33001,Belknap,2015,2019,Asian/Pacific Islander (includes Hispanic),
33,New Hampshire,33001,Belknap,2015,2019,Black (includes Hispanic),
33,New Hampshire,33001,Belknap,2015,2019,Hispanic (all races),
33,New Hampshire,33001,Belknap,2015,2019,American Indian/Alaskan Native (includes Hispanic),
33,New Hampshire,33001,Belknap,2015,2019,White (includes Hispanic),4.9
33,New Hampshire,33001,Belknap,2016,2020,Asian/Pacific Islander (includes Hispanic),
33,New Hampshire,33001,Belknap,2016,2020,Black (includes Hispanic),
33,New Hampshire,33001,Belknap,2016,2020,Hispanic (all races),
33,New Hampshire,33001,Belknap,2016,2020,American Indian/Alaskan Native (includes Hispanic),
33,New Hampshire,33001,Belknap,2016,2020,White (includes Hispanic),4.3
33,New Hampshire,33003,Carroll,2011,2015,Asian/Pacific Islander (includes Hispanic),
33,New Hampshire,33003,Carroll,2011,2015,Black (includes Hispanic),
33,New Hampshire,33003,Carroll,2011,2015,Hispanic (all races),
33,New Hampshire,33003,Carroll,2011,2015,American Indian/Alaskan Native (includes Hispanic),
33,New Hampshire,33003,Carroll,2011,2015,White (includes Hispanic),4.9
33,New Hampshire,33003,Carroll,2012,2016,Asian/Pacific Islander (includes Hispanic),
33,New Hampshire,33003,Carroll,2012,2016,Black (includes Hispanic),
33,New Hampshire,33003,Carroll,2012,2016,Hispanic (all races),
33,New Hampshire,33003,Carroll,2012,2016,American Indian/Alaskan Native (includes Hispanic),
33,New Hampshire,33003,Carroll,2012,2016,White (includes Hispanic),4.5
33,New Hampshire,33003,Carroll,2013,2017,Asian/Pacific Islander (includes Hispanic),
33,New Hampshire,33003,Carroll,2013,2017,Black (includes Hispanic),
33,New Hampshire,33003,Carroll,2013,2017,Hispanic (all races),
33,New Hampshire,33003,Carroll,2013,2017,American Indian/Alaskan Native (includes Hispanic),
33,New Hampshire,33003,Carroll,2013,2017,White (includes Hispanic),5.1
33,New Hampshire,33003,Carroll,2014,2018,Asian/Pacific Islander (includes Hispanic),
33,New Hampshire,33003,Carroll,2014,2018,Black (includes Hispanic),
33,New Hampshire,33003,Carroll,2014,2018,Hispanic (all races),
33,New Hampshire,33003,Carroll,2014,2018,American Indian/Alaskan Native (includes Hispanic),
33,New Hampshire,33003,Carroll,2014,2018,White (includes Hispanic),5.3
33,New Hampshire,33003,Carroll,2015,2019,Asian/Pacific Islander (includes Hispanic),
33,New Hampshire,33003,Carroll,2015,2019,Black (includes Hispanic),
33,New Hampshire,33003,Carroll,2015,2019,Hispanic (all races),
33,New Hampshire,33003,Carroll,2015,2019,American Indian/Alaskan Native (includes Hispanic),
33,New Hampshire,33003,Carroll,2015,2019,White (includes Hispanic),5.0
33,New Hampshire,33003,Carroll,2016,2020,Asian/Pacific Islander (includes Hispanic),
33,New Hampshire,33003,Carroll,2016,2020,Black (includes Hispanic),
33,New Hampshire,33003,Carroll,2016,2020,Hispanic (all races),
33,New Hampshire,33003,Carroll,2016,2020,American Indian/Alaskan Native (includes Hispanic),
33,New Hampshire,33003,Carroll,2016,2020,White (includes Hispanic),4.5
33,New Hampshire,33005,Cheshire,2011,2015,Asian/Pacific Islander (includes Hispanic),
33,New Hampshire,33005,Cheshire,2011,2015,Black (includes Hispanic),
33,New Hampshire,33005,Cheshire,2011,2015,Hispanic (all races),
33,New Hampshire,33005,Cheshire,2011,2015,American Indian/Alaskan Native (includes Hispanic),
33,New Hampshire,33005,Cheshire,2011,2015,White (includes Hispanic),4.8
33,New Hampshire,33005,Cheshire,2012,2016,Asian/Pacific Islander (includes Hispanic),
33,New Hampshire,33005,Cheshire,2012,2016,Black (includes Hispanic),
33,New Hampshire,33005,Cheshire,2012,2016,Hispanic (all races),
33,New Hampshire,33005,Cheshire,2012,2016,American Indian/Alaskan Native (includes Hispanic),
33,New Hampshire,33005,Cheshire,2012,2016,White (includes Hispanic),5.3
33,New Hampshire,33005,Cheshire,2013,2017,Asian/Pacific Islander (includes Hispanic),
33,New Hampshire,33005,Cheshire,2013,2017,Black (includes Hispanic),
33,New Hampshire,33005,Cheshire,2013,2017,Hispanic (all races),
33,New Hampshire,33005,Cheshire,2013,2017,American Indian/Alaskan Native (includes Hispanic),
33,New Hampshire,33005,Cheshire,2013,2017,White (includes Hispanic),5.5
33,New Hampshire,33005,Cheshire,2014,2018,Asian/Pacific Islander (includes Hispanic),
33,New Hampshire,33005,Cheshire,2014,2018,Black (includes Hispanic),
33,New Hampshire,33005,Cheshire,2014,2018,Hispanic (all races),7.8
33,New Hampshire,33005,Cheshire,2014,2018,American Indian/Alaskan Native (includes Hispanic),
33,New Hampshire,33005,Cheshire,2014,2018,White (includes Hispanic),6.1
33,New Hampshire,33005,Cheshire,2015,2019,Asian/Pacific Islander (includes Hispanic),
33,New Hampshire,33005,Cheshire,2015,2019,Black (includes Hispanic),
33,New Hampshire,33005,Cheshire,2015,2019,Hispanic (all races),11.0
33,New Hampshire,33005,Cheshire,2015,2019,American Indian/Alaskan Native (includes Hispanic),
33,New Hampshire,33005,Cheshire,2015,2019,White (includes Hispanic),6.3
33,New Hampshire,33005,Cheshire,2016,2020,Asian/Pacific Islander (includes Hispanic),
33,New Hampshire,33005,Cheshire,2016,2020,Black (includes Hispanic),
33,New Hampshire,33005,Cheshire,2016,2020,Hispanic (all races),9.5
33,New Hampshire,33005,Cheshire,2016,2020,American Indian/Alaskan Native (includes Hispanic),
33,New Hampshire,33005,Cheshire,2016,2020,White (includes Hispanic),6.0
33,New Hampshire,33007,Coos,2011,2015,Asian/Pacific Islander (includes Hispanic),
33,New Hampshire,33007,Coos,2011,2015,Black (includes Hispanic),
33,New Hampshire,33007,Coos,2011,2015,Hispanic (all races),
33,New Hampshire,33007,Coos,2011,2015,American Indian/Alaskan Native (includes Hispanic),
33,New Hampshire,33007,Coos,2011,2015,White (includes Hispanic),4.5
33,New Hampshire,33007,Coos,2012,2016,Asian/Pacific Islander (includes Hispanic),
33,New Hampshire,33007,Coos,2012,2016,Black (includes Hispanic),
33,New Hampshire,33007,Coos,2012,2016,Hispanic (all races),
33,New Hampshire,33007,Coos,2012,2016,American Indian/Alaskan Native (includes Hispanic),
33,New Hampshire,33007,Coos,2012,2016,White (includes Hispanic),3.6
33,New Hampshire,33007,Coos,2013,2017,Asian/Pacific Islander (includes Hispanic),
33,New Hampshire,33007,Coos,2013,2017,Black (includes Hispanic),
33,New Hampshire,33007,Coos,2013,2017,Hispanic (all races),
33,New Hampshire,33007,Coos,2013,2017,American Indian/Alaskan Native (includes Hispanic),
33,New Hampshire,33007,Coos,2013,2017,White (includes Hispanic),3.6
33,New Hampshire,33007,Coos,2014,2018,Asian/Pacific Islander (includes Hispanic),
33,New Hampshire,33007,Coos,2014,2018,Black (includes Hispanic),
33,New Hampshire,33007,Coos,2014,2018,Hispanic (all races),
33,New Hampshire,33007,Coos,2014,2018,American Indian/Alaskan Native (includes Hispanic),
33,New Hampshire,33007,Coos,2014,2018,White (includes Hispanic),4.3
33,New Hampshire,33007,Coos,2015,2019,Asian/Pacific Islander (includes Hispanic),
33,New Hampshire,33007,Coos,2015,2019,Black (includes Hispanic),
33,New Hampshire,33007,Coos,2015,2019,Hispanic (all races),
33,New Hampshire,33007,Coos,2015,2019,American Indian/Alaskan Native (includes Hispanic),
33,New Hampshire,33007,Coos,2015,2019,White (includes Hispanic),3.6
33,New Hampshire,33007,Coos,2016,2020,Asian/Pacific Islander (includes Hispanic),
33,New Hampshire,33007,Coos,2016,2020,Black (includes Hispanic),
33,New Hampshire,33007,Coos,2016,2020,Hispanic (all races),
33,New Hampshire,33007,Coos,2016,2020,American Indian/Alaskan Native (includes Hispanic),
33,New Hampshire,33007,Coos,2016,2020,White (includes Hispanic),3.9
33,New Hampshire,33009,Grafton,2011,2015,Asian/Pacific Islander (includes Hispanic),
33,New Hampshire,33009,Grafton,2011,2015,Black (includes Hispanic),
33,New Hampshire,33009,Grafton,2011,2015,Hispanic (all races),
33,New Hampshire,33009,Grafton,2011,2015,American Indian/Alaskan Native (includes Hispanic),
33,New Hampshire,33009,Grafton,2011,2015,White (includes Hispanic),4.9
33,New Hampshire,33009,Grafton,2012,2016,Asian/Pacific Islander (includes Hispanic),
33,New Hampshire,33009,Grafton,2012,2016,Black (includes Hispanic),
33,New Hampshire,33009,Grafton,2012,2016,Hispanic (all races),
33,New Hampshire,33009,Grafton,2012,2016,American Indian/Alaskan Native (includes Hispanic),
33,New Hampshire,33009,Grafton,2012,2016,White (includes Hispanic),4.3
33,New Hampshire,33009,Grafton,2013,2017,Asian/Pacific Islander (includes Hispanic),
33,New Hampshire,33009,Grafton,2013,2017,Black (includes Hispanic),
33,New Hampshire,33009,Grafton,2013,2017,Hispanic (all races),
33,New Hampshire,33009,Grafton,2013,2017,American Indian/Alaskan Native (includes Hispanic),
33,New Hampshire,33009,Grafton,2013,2017,White (includes Hispanic),4.0
33,New Hampshire,33009,Grafton,2014,2018,Asian/Pacific Islander (includes Hispanic),
33,New Hampshire,33009,Grafton,2014,2018,Black (includes Hispanic),
33,New Hampshire,33009,Grafton,2014,2018,Hispanic (all races),
33,New Hampshire,33009,Grafton,2014,2018,American Indian/Alaskan Native (includes Hispanic),
33,New Hampshire,33009,Grafton,2014,2018,White (includes Hispanic),4.1
33,New Hampshire,33009,Grafton,2015,2019,Asian/Pacific Islander (includes Hispanic),
33,New Hampshire,33009,Grafton,2015,2019,Black (includes Hispanic),
33,New Hampshire,33009,Grafton,2015,2019,Hispanic (all races),
33,New Hampshire,33009,Grafton,2015,2019,American Indian/Alaskan Native (includes Hispanic),
33,New Hampshire,33009,Grafton,2015,2019,White (includes Hispanic),4.1
33,New Hampshire,33009,Grafton,2016,2020,Asian/Pacific Islander (includes Hispanic),
33,New Hampshire,33009,Grafton,2016,2020,Black (includes Hispanic),
33,New Hampshire,33009,Grafton,2016,2020,Hispanic (all races),
33,New Hampshire,33009,Grafton,2016,2020,American Indian/Alaskan Native (includes Hispanic),
33,New Hampshire,33009,Grafton,2016,2020,White (includes Hispanic),4.1
33,New Hampshire,33011,Hillsborough,2011,2015,Asian/Pacific Islander (includes Hispanic),6.2
33,New Hampshire,33011,Hillsborough,2011,2015,Black (includes Hispanic),8.9
33,New Hampshire,33011,Hillsborough,2011,2015,Hispanic (all races),8.5
33,New Hampshire,33011,Hillsborough,2011,2015,American Indian/Alaskan Native (includes Hispanic),
33,New Hampshire,33011,Hillsborough,2011,2015,White (includes Hispanic),4.8
33,New Hampshire,33011,Hillsborough,2012,2016,Asian/Pacific Islander (includes Hispanic),5.6
33,New Hampshire,33011,Hillsborough,2012,2016,Black (includes Hispanic),6.3
33,New Hampshire,33011,Hillsborough,2012,2016,Hispanic (all races),8.7
33,New Hampshire,33011,Hillsborough,2012,2016,American Indian/Alaskan Native (includes Hispanic),
33,New Hampshire,33011,Hillsborough,2012,2016,White (includes Hispanic),5.1
33,New Hampshire,33011,Hillsborough,2013,2017,Asian/Pacific Islander (includes Hispanic),4.9
33,New Hampshire,33011,Hillsborough,2013,2017,Black (includes Hispanic),6.7
33,New Hampshire,33011,Hillsborough,2013,2017,Hispanic (all races),8.0
33,New Hampshire,33011,Hillsborough,2013,2017,American Indian/Alaskan Native (includes Hispanic),
33,New Hampshire,33011,Hillsborough,2013,2017,White (includes Hispanic),5.2
33,New Hampshire,33011,Hillsborough,2014,2018,Asian/Pacific Islander (includes Hispanic),4.2
33,New Hampshire,33011,Hillsborough,2014,2018,Black (includes Hispanic),7.7
33,New Hampshire,33011,Hillsborough,2014,2018,Hispanic (all races),8.5
33,New Hampshire,33011,Hillsborough,2014,2018,American Indian/Alaskan Native (includes Hispanic),
33,New Hampshire,33011,Hillsborough,2014,2018,White (includes Hispanic),5.3
33,New Hampshire,33011,Hillsborough,2015,2019,Asian/Pacific Islander (includes Hispanic),3.3
33,New Hampshire,33011,Hillsborough,2015,2019,Black (includes Hispanic),7.7
33,New Hampshire,33011,Hillsborough,2015,2019,Hispanic (all races),9.0
33,New Hampshire,33011,Hillsborough,2015,2019,American Indian/Alaskan Native (includes Hispanic),
33,New Hampshire,33011,Hillsborough,2015,2019,White (includes Hispanic),5.2
33,New Hampshire,33011,Hillsborough,2016,2020,Asian/Pacific Islander (includes Hispanic),3.2
33,New Hampshire,33011,Hillsborough,2016,2020,Black (includes Hispanic),8.0
33,New Hampshire,33011,Hillsborough,2016,2020,Hispanic (all races),7.4
33,New Hampshire,33011,Hillsborough,2016,2020,American Indian/Alaskan Native (includes Hispanic),
33,New Hampshire,33011,Hillsborough,2016,2020,White (includes Hispanic),4.8
33,New Hampshire,33013,Merrimack,2011,2015,Asian/Pacific Islander (includes Hispanic),
33,New Hampshire,33013,Merrimack,2011,2015,Black (includes Hispanic),
33,New Hampshire,33013,Merrimack,2011,2015,Hispanic (all races),
33,New Hampshire,33013,Merrimack,2011,2015,American Indian/Alaskan Native (includes Hispanic),
33,New Hampshire,33013,Merrimack,2011,2015,White (includes Hispanic),4.7
33,New Hampshire,33013,Merrimack,2012,2016,Asian/Pacific Islander (includes Hispanic),
33,New Hampshire,33013,Merrimack,2012,2016,Black (includes Hispanic),
33,New Hampshire,33013,Merrimack,2012,2016,Hispanic (all races),
33,New Hampshire,33013,Merrimack,2012,2016,American Indian/Alaskan Native (includes Hispanic),
33,New Hampshire,33013,Merrimack,2012,2016,White (includes Hispanic),4.6
33,New Hampshire,33013,Merrimack,2013,2017,Asian/Pacific Islander (includes Hispanic),
33,New Hampshire,33013,Merrimack,2013,2017,Black (includes Hispanic),
33,New Hampshire,33013,Merrimack,2013,2017,Hispanic (all races),
33,New Hampshire,33013,Merrimack,2013,2017,American Indian/Alaskan Native (includes Hispanic),
33,New Hampshire,33013,Merrimack,2013,2017,White (includes Hispanic),4.7
33,New Hampshire,33013,Merrimack,2014,2018,Asian/Pacific Islander (includes Hispanic),
33,New Hampshire,33013,Merrimack,2014,2018,Black (includes Hispanic),
33,New Hampshire,33013,Merrimack,2014,2018,Hispanic (all races),
33,New Hampshire,33013,Merrimack,2014,2018,American Indian/Alaskan Native (includes Hispanic),
33,New Hampshire,33013,Merrimack,2014,2018,White (includes Hispanic),5.0
33,New Hampshire,33013,Merrimack,2015,2019,Asian/Pacific Islander (includes Hispanic),
33,New Hampshire,33013,Merrimack,2015,2019,Black (includes Hispanic),
33,New Hampshire,33013,Merrimack,2015,2019,Hispanic (all races),
33,New Hampshire,33013,Merrimack,2015,2019,American Indian/Alaskan Native (includes Hispanic),
33,New Hampshire,33013,Merrimack,2015,2019,White (includes Hispanic),5.5
33,New Hampshire,33013,Merrimack,2016,2020,Asian/Pacific Islander (includes Hispanic),
33,New Hampshire,33013,Merrimack,2016,2020,Black (includes Hispanic),
33,New Hampshire,33013,Merrimack,2016,2020,Hispanic (all races),
33,New Hampshire,33013,Merrimack,2016,2020,American Indian/Alaskan Native (includes Hispanic),
33,New Hampshire,33013,Merrimack,2016,2020,White (includes Hispanic),5.0
33,New Hampshire,33015,Rockingham,2011,2015,Asian/Pacific Islander (includes Hispanic),
33,New Hampshire,33015,Rockingham,2011,2015,Black (includes Hispanic),
33,New Hampshire,33015,Rockingham,2011,2015,Hispanic (all races),8.9
33,New Hampshire,33015,Rockingham,2011,2015,American Indian/Alaskan Native (includes Hispanic),
33,New Hampshire,33015,Rockingham,2011,2015,White (includes Hispanic),4.8
33,New Hampshire,33015,Rockingham,2012,2016,Asian/Pacific Islander (includes Hispanic),
33,New Hampshire,33015,Rockingham,2012,2016,Black (includes Hispanic),
33,New Hampshire,33015,Rockingham,2012,2016,Hispanic (all races),8.6
33,New Hampshire,33015,Rockingham,2012,2016,American Indian/Alaskan Native (includes Hispanic),
33,New Hampshire,33015,Rockingham,2012,2016,White (includes Hispanic),4.8
33,New Hampshire,33015,Rockingham,2013,2017,Asian/Pacific Islander (includes Hispanic),
33,New Hampshire,33015,Rockingham,2013,2017,Black (includes Hispanic),
33,New Hampshire,33015,Rockingham,2013,2017,Hispanic (all races),7.2
33,New Hampshire,33015,Rockingham,2013,2017,American Indian/Alaskan Native (includes Hispanic),
33,New Hampshire,33015,Rockingham,2013,2017,White (includes Hispanic),5.3
33,New Hampshire,33015,Rockingham,2014,2018,Asian/Pacific Islander (includes Hispanic),
33,New Hampshire,33015,Rockingham,2014,2018,Black (includes Hispanic),
33,New Hampshire,33015,Rockingham,2014,2018,Hispanic (all races),7.6
33,New Hampshire,33015,Rockingham,2014,2018,American Indian/Alaskan Native (includes Hispanic),
33,New Hampshire,33015,Rockingham,2014,2018,White (includes Hispanic),5.5
33,New Hampshire,33015,Rockingham,2015,2019,Asian/Pacific Islander (includes Hispanic),
33,New Hampshire,33015,Rockingham,2015,2019,Black (includes Hispanic),
33,New Hampshire,33015,Rockingham,2015,2019,Hispanic (all races),8.1
33,New Hampshire,33015,Rockingham,2015,2019,American Indian/Alaskan Native (includes Hispanic),
33,New Hampshire,33015,Rockingham,2015,2019,White (includes Hispanic),5.7
33,New Hampshire,33015,Rockingham,2016,2020,Asian/Pacific Islander (includes Hispanic),
33,New Hampshire,33015,Rockingham,2016,2020,Black (includes Hispanic),
33,New Hampshire,33015,Rockingham,2016,2020,Hispanic (all races),7.6
33,New Hampshire,33015,Rockingham,2016,2020,American Indian/Alaskan Native (includes Hispanic),
33,New Hampshire,33015,Rockingham,2016,2020,White (includes Hispanic),5.2
33,New Hampshire,33017,Strafford,2011,2015,Asian/Pacific Islander (includes Hispanic),
33,New Hampshire,33017,Strafford,2011,2015,Black (includes Hispanic),
33,New Hampshire,33017,Strafford,2011,2015,Hispanic (all races),
33,New Hampshire,33017,Strafford,2011,2015,American Indian/Alaskan Native (includes Hispanic),
33,New Hampshire,33017,Strafford,2011,2015,White (includes Hispanic),5.0
33,New Hampshire,33017,Strafford,2012,2016,Asian/Pacific Islander (includes Hispanic),
33,New Hampshire,33017,Strafford,2012,2016,Black (includes Hispanic),
33,New Hampshire,33017,Strafford,2012,2016,Hispanic (all races),
33,New Hampshire,33017,Strafford,2012,2016,American Indian/Alaskan Native (includes Hispanic),
33,New Hampshire,33017,Strafford,2012,2016,White (includes Hispanic),4.7
33,New Hampshire,33017,Strafford,2013,2017,Asian/Pacific Islander (includes Hispanic),
33,New Hampshire,33017,Strafford,2013,2017,Black (includes Hispanic),
33,New Hampshire,33017,Strafford,2013,2017,Hispanic (all races),
33,New Hampshire,33017,Strafford,2013,2017,American Indian/Alaskan Native (includes Hispanic),
33,New Hampshire,33017,Strafford,2013,2017,White (includes Hispanic),5.2
33,New Hampshire,33017,Strafford,2014,2018,Asian/Pacific Islander (includes Hispanic),
33,New Hampshire,33017,Strafford,2014,2018,Black (includes Hispanic),
33,New Hampshire,33017,Strafford,2014,2018,Hispanic (all races),
33,New Hampshire,33017,Strafford,2014,2018,American Indian/Alaskan Native (includes Hispanic),
33,New Hampshire,33017,Strafford,2014,2018,White (includes Hispanic),5.2
33,New Hampshire,33017,Strafford,2015,2019,Asian/Pacific Islander (includes Hispanic),
33,New Hampshire,33017,Strafford,2015,2019,Black (includes Hispanic),
33,New Hampshire,33017,Strafford,2015,2019,Hispanic (all races),
33,New Hampshire,33017,Strafford,2015,2019,American Indian/Alaskan Native (includes Hispanic),
33,New Hampshire,33017,Strafford,2015,2019,White (includes Hispanic),5.2
33,New Hampshire,33017,Strafford,2016,2020,Asian/Pacific Islander (includes Hispanic),
33,New Hampshire,33017,Strafford,2016,2020,Black (includes Hispanic),
33,New Hampshire,33017,Strafford,2016,2020,Hispanic (all races),
33,New Hampshire,33017,Strafford,2016,2020,American Indian/Alaskan Native (includes Hispanic),
33,New Hampshire,33017,Strafford,2016,2020,White (includes Hispanic),4.3
33,New Hampshire,33019,Sullivan,2011,2015,Asian/Pacific Islander (includes Hispanic),
33,New Hampshire,33019,Sullivan,2011,2015,Black (includes Hispanic),
33,New Hampshire,33019,Sullivan,2011,2015,Hispanic (all races),
33,New Hampshire,33019,Sullivan,2011,2015,American Indian/Alaskan Native (includes Hispanic),
33,New Hampshire,33019,Sullivan,2011,2015,White (includes Hispanic),4.3
33,New Hampshire,33019,Sullivan,2012,2016,Asian/Pacific Islander (includes Hispanic),
33,New Hampshire,33019,Sullivan,2012,2016,Black (includes Hispanic),
33,New Hampshire,33019,Sullivan,2012,2016,Hispanic (all races),
33,New Hampshire,33019,Sullivan,2012,2016,American Indian/Alaskan Native (includes Hispanic),
33,New Hampshire,33019,Sullivan,2012,2016,White (includes Hispanic),4.2
33,New Hampshire,33019,Sullivan,2013,2017,Asian/Pacific Islander (includes Hispanic),
33,New Hampshire,33019,Sullivan,2013,2017,Black (includes Hispanic),
33,New Hampshire,33019,Sullivan,2013,2017,Hispanic (all races),
33,New Hampshire,33019,Sullivan,2013,2017,American Indian/Alaskan Native (includes Hispanic),
33,New Hampshire,33019,Sullivan,2013,2017,White (includes Hispanic),4.1
33,New Hampshire,33019,Sullivan,2014,2018,Asian/Pacific Islander (includes Hispanic),
33,New Hampshire,33019,Sullivan,2014,2018,Black (includes Hispanic),
33,New Hampshire,33019,Sullivan,2014,2018,Hispanic (all races),
33,New Hampshire,33019,Sullivan,2014,2018,American Indian/Alaskan Native (includes Hispanic),
33,New Hampshire,33019,Sullivan,2014,2018,White (includes Hispanic),4.7
33,New Hampshire,33019,Sullivan,2015,2019,Asian/Pacific Islander (includes Hispanic),
33,New Hampshire,33019,Sullivan,2015,2019,Black (includes Hispanic),
33,New Hampshire,33019,Sullivan,2015,2019,Hispanic (all races),
33,New Hampshire,33019,Sullivan,2015,2019,American Indian/Alaskan Native (includes Hispanic),
33,New Hampshire,33019,Sullivan,2015,2019,White (includes Hispanic),5.5
33,New Hampshire,33019,Sullivan,2016,2020,Asian/Pacific Islander (includes Hispanic),
33,New Hampshire,33019,Sullivan,2016,2020,Black (includes Hispanic),
33,New Hampshire,33019,Sullivan,2016,2020,Hispanic (all races),
33,New Hampshire,33019,Sullivan,2016,2020,American Indian/Alaskan Native (includes Hispanic),
33,New Hampshire,33019,Sullivan,2016,2020,White (includes Hispanic),5.5
34,New Jersey,34001,Atlantic,2011,2015,Asian/Pacific Islander (includes Hispanic),
34,New Jersey,34001,Atlantic,2011,2015,Black (includes Hispanic),9.7
34,New Jersey,34001,Atlantic,2011,2015,Hispanic (all races),13.1
34,New Jersey,34001,Atlantic,2011,2015,American Indian/Alaskan Native (includes Hispanic),
34,New Jersey,34001,Atlantic,2011,2015,White (includes Hispanic),8.3
34,New Jersey,34001,Atlantic,2012,2016,Asian/Pacific Islander (includes Hispanic),
34,New Jersey,34001,Atlantic,2012,2016,Black (includes Hispanic),9.9
34,New Jersey,34001,Atlantic,2012,2016,Hispanic (all races),12.3
34,New Jersey,34001,Atlantic,2012,2016,American Indian/Alaskan Native (includes Hispanic),
34,New Jersey,34001,Atlantic,2012,2016,White (includes Hispanic),8.3
34,New Jersey,34001,Atlantic,2013,2017,Asian/Pacific Islander (includes Hispanic),
34,New Jersey,34001,Atlantic,2013,2017,Black (includes Hispanic),9.8
34,New Jersey,34001,Atlantic,2013,2017,Hispanic (all races),11.5
34,New Jersey,34001,Atlantic,2013,2017,American Indian/Alaskan Native (includes Hispanic),
34,New Jersey,34001,Atlantic,2013,2017,White (includes Hispanic),8.5
34,New Jersey,34001,Atlantic,2014,2018,Asian/Pacific Islander (includes Hispanic),
34,New Jersey,34001,Atlantic,2014,2018,Black (includes Hispanic),9.6
34,New Jersey,34001,Atlantic,2014,2018,Hispanic (all races),11.9
34,New Jersey,34001,Atlantic,2014,2018,American Indian/Alaskan Native (includes Hispanic),
34,New Jersey,34001,Atlantic,2014,2018,White (includes Hispanic),8.4
34,New Jersey,34001,Atlantic,2015,2019,Asian/Pacific Islander (includes Hispanic),6.5
34,New Jersey,34001,Atlantic,2015,2019,Black (includes Hispanic),8.6
34,New Jersey,34001,Atlantic,2015,2019,Hispanic (all races),11.6
34,New Jersey,34001,Atlantic,2015,2019,American Indian/Alaskan Native (includes Hispanic),
34,New Jersey,34001,Atlantic,2015,2019,White (includes Hispanic),8.1
34,New Jersey,34001,Atlantic,2016,2020,Asian/Pacific Islander (includes Hispanic),6.3
34,New Jersey,34001,Atlantic,2016,2020,Black (includes Hispanic),8.9
34,New Jersey,34001,Atlantic,2016,2020,Hispanic (all races),9.6
34,New Jersey,34001,Atlantic,2016,2020,American Indian/Alaskan Native (includes Hispanic),
34,New Jersey,34001,Atlantic,2016,2020,White (includes Hispanic),7.5
34,New Jersey,34003,Bergen,2011,2015,Asian/Pacific Islander (includes Hispanic),6.3
34,New Jersey,34003,Bergen,2011,2015,Black (includes Hispanic),10.2
34,New Jersey,34003,Bergen,2011,2015,Hispanic (all races),10.1
34,New Jersey,34003,Bergen,2011,2015,American Indian/Alaskan Native (includes Hispanic),
34,New Jersey,34003,Bergen,2011,2015,White (includes Hispanic),7.7
34,New Jersey,34003,Bergen,2012,2016,Asian/Pacific Islander (includes Hispanic),6.4
34,New Jersey,34003,Bergen,2012,2016,Black (includes Hispanic),9.6
34,New Jersey,34003,Bergen,2012,2016,Hispanic (all races),9.9
34,New Jersey,34003,Bergen,2012,2016,American Indian/Alaskan Native (includes Hispanic),
34,New Jersey,34003,Bergen,2012,2016,White (includes Hispanic),7.4
34,New Jersey,34003,Bergen,2013,2017,Asian/Pacific Islander (includes Hispanic),6.4
34,New Jersey,34003,Bergen,2013,2017,Black (includes Hispanic),9.9
34,New Jersey,34003,Bergen,2013,2017,Hispanic (all races),9.7
34,New Jersey,34003,Bergen,2013,2017,American Indian/Alaskan Native (includes Hispanic),
34,New Jersey,34003,Bergen,2013,2017,White (includes Hispanic),7.4
34,New Jersey,34003,Bergen,2014,2018,Asian/Pacific Islander (includes Hispanic),5.9
34,New Jersey,34003,Bergen,2014,2018,Black (includes Hispanic),9.9
34,New Jersey,34003,Bergen,2014,2018,Hispanic (all races),9.5
34,New Jersey,34003,Bergen,2014,2018,American Indian/Alaskan Native (includes Hispanic),
34,New Jersey,34003,Bergen,2014,2018,White (includes Hispanic),7.3
34,New Jersey,34003,Bergen,2015,2019,Asian/Pacific Islander (includes Hispanic),6.2
34,New Jersey,34003,Bergen,2015,2019,Black (includes Hispanic),10.0
34,New Jersey,34003,Bergen,2015,2019,Hispanic (all races),9.4
34,New Jersey,34003,Bergen,2015,2019,American Indian/Alaskan Native (includes Hispanic),
34,New Jersey,34003,Bergen,2015,2019,White (includes Hispanic),7.0
34,New Jersey,34003,Bergen,2016,2020,Asian/Pacific Islander (includes Hispanic),5.3
34,New Jersey,34003,Bergen,2016,2020,Black (includes Hispanic),9.6
34,New Jersey,34003,Bergen,2016,2020,Hispanic (all races),8.9
34,New Jersey,34003,Bergen,2016,2020,American Indian/Alaskan Native (includes Hispanic),
34,New Jersey,34003,Bergen,2016,2020,White (includes Hispanic),6.5
34,New Jersey,34005,Burlington,2011,2015,Asian/Pacific Islander (includes Hispanic),4.6
34,New Jersey,34005,Burlington,2011,2015,Black (includes Hispanic),11.0
34,New Jersey,34005,Burlington,2011,2015,Hispanic (all races),11.4
34,New Jersey,34005,Burlington,2011,2015,American Indian/Alaskan Native (includes Hispanic),
34,New Jersey,34005,Burlington,2011,2015,White (includes Hispanic),7.6
34,New Jersey,34005,Burlington,2012,2016,Asian/Pacific Islander (includes Hispanic),4.4
34,New Jersey,34005,Burlington,2012,2016,Black (includes Hispanic),10.3
34,New Jersey,34005,Burlington,2012,2016,Hispanic (all races),10.8
34,New Jersey,34005,Burlington,2012,2016,American Indian/Alaskan Native (includes Hispanic),
34,New Jersey,34005,Burlington,2012,2016,White (includes Hispanic),7.5
34,New Jersey,34005,Burlington,2013,2017,Asian/Pacific Islander (includes Hispanic),4.6
34,New Jersey,34005,Burlington,2013,2017,Black (includes Hispanic),10.4
34,New Jersey,34005,Burlington,2013,2017,Hispanic (all races),10.6
34,New Jersey,34005,Burlington,2013,2017,American Indian/Alaskan Native (includes Hispanic),
34,New Jersey,34005,Burlington,2013,2017,White (includes Hispanic),7.4
34,New Jersey,34005,Burlington,2014,2018,Asian/Pacific Islander (includes Hispanic),4.8
34,New Jersey,34005,Burlington,2014,2018,Black (includes Hispanic),9.9
34,New Jersey,34005,Burlington,2014,2018,Hispanic (all races),11.1
34,New Jersey,34005,Burlington,2014,2018,American Indian/Alaskan Native (includes Hispanic),
34,New Jersey,34005,Burlington,2014,2018,White (includes Hispanic),7.6
34,New Jersey,34005,Burlington,2015,2019,Asian/Pacific Islander (includes Hispanic),5.6
34,New Jersey,34005,Burlington,2015,2019,Black (includes Hispanic),9.3
34,New Jersey,34005,Burlington,2015,2019,Hispanic (all races),11.2
34,New Jersey,34005,Burlington,2015,2019,American Indian/Alaskan Native (includes Hispanic),
34,New Jersey,34005,Burlington,2015,2019,White (includes Hispanic),7.4
34,New Jersey,34005,Burlington,2016,2020,Asian/Pacific Islander (includes Hispanic),6.2
34,New Jersey,34005,Burlington,2016,2020,Black (includes Hispanic),9.5
34,New Jersey,34005,Burlington,2016,2020,Hispanic (all races),9.9
34,New Jersey,34005,Burlington,2016,2020,American Indian/Alaskan Native (includes Hispanic),
34,New Jersey,34005,Burlington,2016,2020,White (includes Hispanic),7.2
34,New Jersey,34007,Camden,2011,2015,Asian/Pacific Islander (includes Hispanic),5.8
34,New Jersey,34007,Camden,2011,2015,Black (includes Hispanic),11.4
34,New Jersey,34007,Camden,2011,2015,Hispanic (all races),12.1
34,New Jersey,34007,Camden,2011,2015,American Indian/Alaskan Native (includes Hispanic),
34,New Jersey,34007,Camden,2011,2015,White (includes Hispanic),8.3
34,New Jersey,34007,Camden,2012,2016,Asian/Pacific Islander (includes Hispanic),6.0
34,New Jersey,34007,Camden,2012,2016,Black (includes Hispanic),10.6
34,New Jersey,34007,Camden,2012,2016,Hispanic (all races),11.1
34,New Jersey,34007,Camden,2012,2016,American Indian/Alaskan Native (includes Hispanic),
34,New Jersey,34007,Camden,2012,2016,White (includes Hispanic),8.2
34,New Jersey,34007,Camden,2013,2017,Asian/Pacific Islander (includes Hispanic),6.0
34,New Jersey,34007,Camden,2013,2017,Black (includes Hispanic),10.7
34,New Jersey,34007,Camden,2013,2017,Hispanic (all races),10.7
34,New Jersey,34007,Camden,2013,2017,American Indian/Alaskan Native (includes Hispanic),
34,New Jersey,34007,Camden,2013,2017,White (includes Hispanic),8.4
34,New Jersey,34007,Camden,2014,2018,Asian/Pacific Islander (includes Hispanic),6.4
34,New Jersey,34007,Camden,2014,2018,Black (includes Hispanic),10.0
34,New Jersey,34007,Camden,2014,2018,Hispanic (all races),11.2
34,New Jersey,34007,Camden,2014,2018,American Indian/Alaskan Native (includes Hispanic),
34,New Jersey,34007,Camden,2014,2018,White (includes Hispanic),8.6
34,New Jersey,34007,Camden,2015,2019,Asian/Pacific Islander (includes Hispanic),6.6
34,New Jersey,34007,Camden,2015,2019,Black (includes Hispanic),9.3
34,New Jersey,34007,Camden,2015,2019,Hispanic (all races),11.6
34,New Jersey,34007,Camden,2015,2019,American Indian/Alaskan Native (includes Hispanic),
34,New Jersey,34007,Camden,2015,2019,White (includes Hispanic),8.3
34,New Jersey,34007,Camden,2016,2020,Asian/Pacific Islander (includes Hispanic),7.4
34,New Jersey,34007,Camden,2016,2020,Black (includes Hispanic),9.2
34,New Jersey,34007,Camden,2016,2020,Hispanic (all races),10.4
34,New Jersey,34007,Camden,2016,2020,American Indian/Alaskan Native (includes Hispanic),
34,New Jersey,34007,Camden,2016,2020,White (includes Hispanic),8.1
34,New Jersey,34009,Cape May,2011,2015,Asian/Pacific Islander (includes Hispanic),
34,New Jersey,34009,Cape May,2011,2015,Black (includes Hispanic),12.0
34,New Jersey,34009,Cape May,2011,2015,Hispanic (all races),14.0
34,New Jersey,34009,Cape May,2011,2015,American Indian/Alaskan Native (includes Hispanic),
34,New Jersey,34009,Cape May,2011,2015,White (includes Hispanic),10.1
34,New Jersey,34009,Cape May,2012,2016,Asian/Pacific Islander (includes Hispanic),
34,New Jersey,34009,Cape May,2012,2016,Black (includes Hispanic),12.6
34,New Jersey,34009,Cape May,2012,2016,Hispanic (all races),14.9
34,New Jersey,34009,Cape May,2012,2016,American Indian/Alaskan Native (includes Hispanic),
34,New Jersey,34009,Cape May,2012,2016,White (includes Hispanic),10.2
34,New Jersey,34009,Cape May,2013,2017,Asian/Pacific Islander (includes Hispanic),
34,New Jersey,34009,Cape May,2013,2017,Black (includes Hispanic),11.1
34,New Jersey,34009,Cape May,2013,2017,Hispanic (all races),13.0
34,New Jersey,34009,Cape May,2013,2017,American Indian/Alaskan Native (includes Hispanic),
34,New Jersey,34009,Cape May,2013,2017,White (includes Hispanic),10.4
34,New Jersey,34009,Cape May,2014,2018,Asian/Pacific Islander (includes Hispanic),
34,New Jersey,34009,Cape May,2014,2018,Black (includes Hispanic),9.7
34,New Jersey,34009,Cape May,2014,2018,Hispanic (all races),13.1
34,New Jersey,34009,Cape May,2014,2018,American Indian/Alaskan Native (includes Hispanic),
34,New Jersey,34009,Cape May,2014,2018,White (includes Hispanic),10.1
34,New Jersey,34009,Cape May,2015,2019,Asian/Pacific Islander (includes Hispanic),
34,New Jersey,34009,Cape May,2015,2019,Black (includes Hispanic),9.3
34,New Jersey,34009,Cape May,2015,2019,Hispanic (all races),12.8
34,New Jersey,34009,Cape May,2015,2019,American Indian/Alaskan Native (includes Hispanic),
34,New Jersey,34009,Cape May,2015,2019,White (includes Hispanic),10.0
34,New Jersey,34009,Cape May,2016,2020,Asian/Pacific Islander (includes Hispanic),
34,New Jersey,34009,Cape May,2016,2020,Black (includes Hispanic),7.5
34,New Jersey,34009,Cape May,2016,2020,Hispanic (all races),10.5
34,New Jersey,34009,Cape May,2016,2020,American Indian/Alaskan Native (includes Hispanic),
34,New Jersey,34009,Cape May,2016,2020,White (includes Hispanic),9.0
34,New Jersey,34011,Cumberland,2011,2015,Asian/Pacific Islander (includes Hispanic),
34,New Jersey,34011,Cumberland,2011,2015,Black (includes Hispanic),10.8
34,New Jersey,34011,Cumberland,2011,2015,Hispanic (all races),14.1
34,New Jersey,34011,Cumberland,2011,2015,American Indian/Alaskan Native (includes Hispanic),
34,New Jersey,34011,Cumberland,2011,2015,White (includes Hispanic),9.7
34,New Jersey,34011,Cumberland,2012,2016,Asian/Pacific Islander (includes Hispanic),
34,New Jersey,34011,Cumberland,2012,2016,Black (includes Hispanic),11.5
34,New Jersey,34011,Cumberland,2012,2016,Hispanic (all races),15.3
34,New Jersey,34011,Cumberland,2012,2016,American Indian/Alaskan Native (includes Hispanic),
34,New Jersey,34011,Cumberland,2012,2016,White (includes Hispanic),9.8
34,New Jersey,34011,Cumberland,2013,2017,Asian/Pacific Islander (includes Hispanic),
34,New Jersey,34011,Cumberland,2013,2017,Black (includes Hispanic),10.4
34,New Jersey,34011,Cumberland,2013,2017,Hispanic (all races),14.4
34,New Jersey,34011,Cumberland,2013,2017,American Indian/Alaskan Native (includes Hispanic),
34,New Jersey,34011,Cumberland,2013,2017,White (includes Hispanic),10.4
34,New Jersey,34011,Cumberland,2014,2018,Asian/Pacific Islander (includes Hispanic),
34,New Jersey,34011,Cumberland,2014,2018,Black (includes Hispanic),9.7
34,New Jersey,34011,Cumberland,2014,2018,Hispanic (all races),12.6
34,New Jersey,34011,Cumberland,2014,2018,American Indian/Alaskan Native (includes Hispanic),
34,New Jersey,34011,Cumberland,2014,2018,White (includes Hispanic),10.2
34,New Jersey,34011,Cumberland,2015,2019,Asian/Pacific Islander (includes Hispanic),
34,New Jersey,34011,Cumberland,2015,2019,Black (includes Hispanic),8.4
34,New Jersey,34011,Cumberland,2015,2019,Hispanic (all races),13.2
34,New Jersey,34011,Cumberland,2015,2019,American Indian/Alaskan Native (includes Hispanic),
34,New Jersey,34011,Cumberland,2015,2019,White (includes Hispanic),9.9
34,New Jersey,34011,Cumberland,2016,2020,Asian/Pacific Islander (includes Hispanic),
34,New Jersey,34011,Cumberland,2016,2020,Black (includes Hispanic),7.4
34,New Jersey,34011,Cumberland,2016,2020,Hispanic (all races),10.6
34,New Jersey,34011,Cumberland,2016,2020,American Indian/Alaskan Native (includes Hispanic),
34,New Jersey,34011,Cumberland,2016,2020,White (includes Hispanic),8.6
34,New Jersey,34013,Essex,2011,2015,Asian/Pacific Islander (includes Hispanic),6.1
34,New Jersey,34013,Essex,2011,2015,Black (includes Hispanic),10.7
34,New Jersey,34013,Essex,2011,2015,Hispanic (all races),12.0
34,New Jersey,34013,Essex,2011,2015,American Indian/Alaskan Native (includes Hispanic),
34,New Jersey,34013,Essex,2011,2015,White (includes Hispanic),8.1
34,New Jersey,34013,Essex,2012,2016,Asian/Pacific Islander (includes Hispanic),6.6
34,New Jersey,34013,Essex,2012,2016,Black (includes Hispanic),10.3
34,New Jersey,34013,Essex,2012,2016,Hispanic (all races),11.6
34,New Jersey,34013,Essex,2012,2016,American Indian/Alaskan Native (includes Hispanic),
34,New Jersey,34013,Essex,2012,2016,White (includes Hispanic),8.0
34,New Jersey,34013,Essex,2013,2017,Asian/Pacific Islander (includes Hispanic),6.8
34,New Jersey,34013,Essex,2013,2017,Black (includes Hispanic),10.8
34,New Jersey,34013,Essex,2013,2017,Hispanic (all races),11.2
34,New Jersey,34013,Essex,2013,2017,American Indian/Alaskan Native (includes Hispanic),
34,New Jersey,34013,Essex,2013,2017,White (includes Hispanic),8.0
34,New Jersey,34013,Essex,2014,2018,Asian/Pacific Islander (includes Hispanic),6.8
34,New Jersey,34013,Essex,2014,2018,Black (includes Hispanic),10.6
34,New Jersey,34013,Essex,2014,2018,Hispanic (all races),10.8
34,New Jersey,34013,Essex,2014,2018,American Indian/Alaskan Native (includes Hispanic),
34,New Jersey,34013,Essex,2014,2018,White (includes Hispanic),7.9
34,New Jersey,34013,Essex,2015,2019,Asian/Pacific Islander (includes Hispanic),6.3
34,New Jersey,34013,Essex,2015,2019,Black (includes Hispanic),10.4
34,New Jersey,34013,Essex,2015,2019,Hispanic (all races),10.8
34,New Jersey,34013,Essex,2015,2019,American Indian/Alaskan Native (includes Hispanic),
34,New Jersey,34013,Essex,2015,2019,White (includes Hispanic),7.8
34,New Jersey,34013,Essex,2016,2020,Asian/Pacific Islander (includes Hispanic),4.7
34,New Jersey,34013,Essex,2016,2020,Black (includes Hispanic),10.1
34,New Jersey,34013,Essex,2016,2020,Hispanic (all races),9.9
34,New Jersey,34013,Essex,2016,2020,American Indian/Alaskan Native (includes Hispanic),
34,New Jersey,34013,Essex,2016,2020,White (includes Hispanic),7.3
34,New Jersey,34015,Gloucester,2011,2015,Asian/Pacific Islander (includes Hispanic),6.0
34,New Jersey,34015,Gloucester,2011,2015,Black (includes Hispanic),11.6
34,New Jersey,34015,Gloucester,2011,2015,Hispanic (all races),11.7
34,New Jersey,34015,Gloucester,2011,2015,American Indian/Alaskan Native (includes Hispanic),
34,New Jersey,34015,Gloucester,2011,2015,White (includes Hispanic),8.5
34,New Jersey,34015,Gloucester,2012,2016,Asian/Pacific Islander (includes Hispanic),6.1
34,New Jersey,34015,Gloucester,2012,2016,Black (includes Hispanic),10.9
34,New Jersey,34015,Gloucester,2012,2016,Hispanic (all races),11.2
34,New Jersey,34015,Gloucester,2012,2016,American Indian/Alaskan Native (includes Hispanic),
34,New Jersey,34015,Gloucester,2012,2016,White (includes Hispanic),8.6
34,New Jersey,34015,Gloucester,2013,2017,Asian/Pacific Islander (includes Hispanic),6.2
34,New Jersey,34015,Gloucester,2013,2017,Black (includes Hispanic),10.9
34,New Jersey,34015,Gloucester,2013,2017,Hispanic (all races),11.1
34,New Jersey,34015,Gloucester,2013,2017,American Indian/Alaskan Native (includes Hispanic),
34,New Jersey,34015,Gloucester,2013,2017,White (includes Hispanic),8.4
34,New Jersey,34015,Gloucester,2014,2018,Asian/Pacific Islander (includes Hispanic),6.0
34,New Jersey,34015,Gloucester,2014,2018,Black (includes Hispanic),10.2
34,New Jersey,34015,Gloucester,2014,2018,Hispanic (all races),11.4
34,New Jersey,34015,Gloucester,2014,2018,American Indian/Alaskan Native (includes Hispanic),
34,New Jersey,34015,Gloucester,2014,2018,White (includes Hispanic),8.6
34,New Jersey,34015,Gloucester,2015,2019,Asian/Pacific Islander (includes Hispanic),5.9
34,New Jersey,34015,Gloucester,2015,2019,Black (includes Hispanic),9.4
34,New Jersey,34015,Gloucester,2015,2019,Hispanic (all races),11.8
34,New Jersey,34015,Gloucester,2015,2019,American Indian/Alaskan Native (includes Hispanic),
34,New Jersey,34015,Gloucester,2015,2019,White (includes Hispanic),8.1
34,New Jersey,34015,Gloucester,2016,2020,Asian/Pacific Islander (includes Hispanic),6.6
34,New Jersey,34015,Gloucester,2016,2020,Black (includes Hispanic),9.2
34,New Jersey,34015,Gloucester,2016,2020,Hispanic (all races),10.9
34,New Jersey,34015,Gloucester,2016,2020,American Indian/Alaskan Native (includes Hispanic),
34,New Jersey,34015,Gloucester,2016,2020,White (includes Hispanic),7.7
34,New Jersey,34017,Hudson,2011,2015,Asian/Pacific Islander (includes Hispanic),7.3
34,New Jersey,34017,Hudson,2011,2015,Black (includes Hispanic),11.4
34,New Jersey,34017,Hudson,2011,2015,Hispanic (all races),11.0
34,New Jersey,34017,Hudson,2011,2015,American Indian/Alaskan Native (includes Hispanic),
34,New Jersey,34017,Hudson,2011,2015,White (includes Hispanic),7.6
34,New Jersey,34017,Hudson,2012,2016,Asian/Pacific Islander (includes Hispanic),7.7
34,New Jersey,34017,Hudson,2012,2016,Black (includes Hispanic),11.3
34,New Jersey,34017,Hudson,2012,2016,Hispanic (all races),10.7
34,New Jersey,34017,Hudson,2012,2016,American Indian/Alaskan Native (includes Hispanic),
34,New Jersey,34017,Hudson,2012,2016,White (includes Hispanic),7.6
34,New Jersey,34017,Hudson,2013,2017,Asian/Pacific Islander (includes Hispanic),7.8
34,New Jersey,34017,Hudson,2013,2017,Black (includes Hispanic),11.2
34,New Jersey,34017,Hudson,2013,2017,Hispanic (all races),10.7
34,New Jersey,34017,Hudson,2013,2017,American Indian/Alaskan Native (includes Hispanic),
34,New Jersey,34017,Hudson,2013,2017,White (includes Hispanic),7.7
34,New Jersey,34017,Hudson,2014,2018,Asian/Pacific Islander (includes Hispanic),7.2
34,New Jersey,34017,Hudson,2014,2018,Black (includes Hispanic),10.9
34,New Jersey,34017,Hudson,2014,2018,Hispanic (all races),10.4
34,New Jersey,34017,Hudson,2014,2018,American Indian/Alaskan Native (includes Hispanic),
34,New Jersey,34017,Hudson,2014,2018,White (includes Hispanic),7.6
34,New Jersey,34017,Hudson,2015,2019,Asian/Pacific Islander (includes Hispanic),7.1
34,New Jersey,34017,Hudson,2015,2019,Black (includes Hispanic),10.7
34,New Jersey,34017,Hudson,2015,2019,Hispanic (all races),10.3
34,New Jersey,34017,Hudson,2015,2019,American Indian/Alaskan Native (includes Hispanic),
34,New Jersey,34017,Hudson,2015,2019,White (includes Hispanic),7.3
34,New Jersey,34017,Hudson,2016,2020,Asian/Pacific Islander (includes Hispanic),6.4
34,New Jersey,34017,Hudson,2016,2020,Black (includes Hispanic),10.3
34,New Jersey,34017,Hudson,2016,2020,Hispanic (all races),9.4
34,New Jersey,34017,Hudson,2016,2020,American Indian/Alaskan Native (includes Hispanic),
34,New Jersey,34017,Hudson,2016,2020,White (includes Hispanic),6.9
34,New Jersey,34019,Hunterdon,2011,2015,Asian/Pacific Islander (includes Hispanic),4.0
34,New Jersey,34019,Hunterdon,2011,2015,Black (includes Hispanic),10.1
34,New Jersey,34019,Hunterdon,2011,2015,Hispanic (all races),9.1
34,New Jersey,34019,Hunterdon,2011,2015,American Indian/Alaskan Native (includes Hispanic),
34,New Jersey,34019,Hunterdon,2011,2015,White (includes Hispanic),6.0
34,New Jersey,34019,Hunterdon,2012,2016,Asian/Pacific Islander (includes Hispanic),4.1
34,New Jersey,34019,Hunterdon,2012,2016,Black (includes Hispanic),9.5
34,New Jersey,34019,Hunterdon,2012,2016,Hispanic (all races),9.0
34,New Jersey,34019,Hunterdon,2012,2016,American Indian/Alaskan Native (includes Hispanic),
34,New Jersey,34019,Hunterdon,2012,2016,White (includes Hispanic),6.0
34,New Jersey,34019,Hunterdon,2013,2017,Asian/Pacific Islander (includes Hispanic),5.2
34,New Jersey,34019,Hunterdon,2013,2017,Black (includes Hispanic),8.7
34,New Jersey,34019,Hunterdon,2013,2017,Hispanic (all races),9.4
34,New Jersey,34019,Hunterdon,2013,2017,American Indian/Alaskan Native (includes Hispanic),
34,New Jersey,34019,Hunterdon,2013,2017,White (includes Hispanic),6.1
34,New Jersey,34019,Hunterdon,2014,2018,Asian/Pacific Islander (includes Hispanic),4.8
34,New Jersey,34019,Hunterdon,2014,2018,Black (includes Hispanic),9.5
34,New Jersey,34019,Hunterdon,2014,2018,Hispanic (all races),9.3
34,New Jersey,34019,Hunterdon,2014,2018,American Indian/Alaskan Native (includes Hispanic),
34,New Jersey,34019,Hunterdon,2014,2018,White (includes Hispanic),6.5
34,New Jersey,34019,Hunterdon,2015,2019,Asian/Pacific Islander (includes Hispanic),5.0
34,New Jersey,34019,Hunterdon,2015,2019,Black (includes Hispanic),8.6
34,New Jersey,34019,Hunterdon,2015,2019,Hispanic (all races),9.7
34,New Jersey,34019,Hunterdon,2015,2019,American Indian/Alaskan Native (includes Hispanic),
34,New Jersey,34019,Hunterdon,2015,2019,White (includes Hispanic),6.8
34,New Jersey,34019,Hunterdon,2016,2020,Asian/Pacific Islander (includes Hispanic),4.0
34,New Jersey,34019,Hunterdon,2016,2020,Black (includes Hispanic),9.5
34,New Jersey,34019,Hunterdon,2016,2020,Hispanic (all races),8.6
34,New Jersey,34019,Hunterdon,2016,2020,American Indian/Alaskan Native (includes Hispanic),
34,New Jersey,34019,Hunterdon,2016,2020,White (includes Hispanic),6.5
34,New Jersey,34021,Mercer,2011,2015,Asian/Pacific Islander (includes Hispanic),2.6
34,New Jersey,34021,Mercer,2011,2015,Black (includes Hispanic),8.2
34,New Jersey,34021,Mercer,2011,2015,Hispanic (all races),9.9
34,New Jersey,34021,Mercer,2011,2015,American Indian/Alaskan Native (includes Hispanic),
34,New Jersey,34021,Mercer,2011,2015,White (includes Hispanic),6.7
34,New Jersey,34021,Mercer,2012,2016,Asian/Pacific Islander (includes Hispanic),2.1
34,New Jersey,34021,Mercer,2012,2016,Black (includes Hispanic),8.2
34,New Jersey,34021,Mercer,2012,2016,Hispanic (all races),10.3
34,New Jersey,34021,Mercer,2012,2016,American Indian/Alaskan Native (includes Hispanic),
34,New Jersey,34021,Mercer,2012,2016,White (includes Hispanic),6.7
34,New Jersey,34021,Mercer,2013,2017,Asian/Pacific Islander (includes Hispanic),2.8
34,New Jersey,34021,Mercer,2013,2017,Black (includes Hispanic),7.6
34,New Jersey,34021,Mercer,2013,2017,Hispanic (all races),10.7
34,New Jersey,34021,Mercer,2013,2017,American Indian/Alaskan Native (includes Hispanic),
34,New Jersey,34021,Mercer,2013,2017,White (includes Hispanic),6.8
34,New Jersey,34021,Mercer,2014,2018,Asian/Pacific Islander (includes Hispanic),3.9
34,New Jersey,34021,Mercer,2014,2018,Black (includes Hispanic),8.7
34,New Jersey,34021,Mercer,2014,2018,Hispanic (all races),10.7
34,New Jersey,34021,Mercer,2014,2018,American Indian/Alaskan Native (includes Hispanic),
34,New Jersey,34021,Mercer,2014,2018,White (includes Hispanic),7.1
34,New Jersey,34021,Mercer,2015,2019,Asian/Pacific Islander (includes Hispanic),4.3
34,New Jersey,34021,Mercer,2015,2019,Black (includes Hispanic),7.8
34,New Jersey,34021,Mercer,2015,2019,Hispanic (all races),10.9
34,New Jersey,34021,Mercer,2015,2019,American Indian/Alaskan Native (includes Hispanic),
34,New Jersey,34021,Mercer,2015,2019,White (includes Hispanic),7.2
34,New Jersey,34021,Mercer,2016,2020,Asian/Pacific Islander (includes Hispanic),4.9
34,New Jersey,34021,Mercer,2016,2020,Black (includes Hispanic),8.4
34,New Jersey,34021,Mercer,2016,2020,Hispanic (all races),9.5
34,New Jersey,34021,Mercer,2016,2020,American Indian/Alaskan Native (includes Hispanic),
34,New Jersey,34021,Mercer,2016,2020,White (includes Hispanic),7.0
34,New Jersey,34023,Middlesex,2011,2015,Asian/Pacific Islander (includes Hispanic),3.3
34,New Jersey,34023,Middlesex,2011,2015,Black (includes Hispanic),9.9
34,New Jersey,34023,Middlesex,2011,2015,Hispanic (all races),11.2
34,New Jersey,34023,Middlesex,2011,2015,American Indian/Alaskan Native (includes Hispanic),
34,New Jersey,34023,Middlesex,2011,2015,White (includes Hispanic),7.5
34,New Jersey,34023,Middlesex,2012,2016,Asian/Pacific Islander (includes Hispanic),3.3
34,New Jersey,34023,Middlesex,2012,2016,Black (includes Hispanic),9.7
34,New Jersey,34023,Middlesex,2012,2016,Hispanic (all races),12.2
34,New Jersey,34023,Middlesex,2012,2016,American Indian/Alaskan Native (includes Hispanic),
34,New Jersey,34023,Middlesex,2012,2016,White (includes Hispanic),8.0
34,New Jersey,34023,Middlesex,2013,2017,Asian/Pacific Islander (includes Hispanic),4.4
34,New Jersey,34023,Middlesex,2013,2017,Black (includes Hispanic),9.6
34,New Jersey,34023,Middlesex,2013,2017,Hispanic (all races),12.5
34,New Jersey,34023,Middlesex,2013,2017,American Indian/Alaskan Native (includes Hispanic),
34,New Jersey,34023,Middlesex,2013,2017,White (includes Hispanic),8.0
34,New Jersey,34023,Middlesex,2014,2018,Asian/Pacific Islander (includes Hispanic),5.2
34,New Jersey,34023,Middlesex,2014,2018,Black (includes Hispanic),9.9
34,New Jersey,34023,Middlesex,2014,2018,Hispanic (all races),12.0
34,New Jersey,34023,Middlesex,2014,2018,American Indian/Alaskan Native (includes Hispanic),
34,New Jersey,34023,Middlesex,2014,2018,White (includes Hispanic),8.0
34,New Jersey,34023,Middlesex,2015,2019,Asian/Pacific Islander (includes Hispanic),5.3
34,New Jersey,34023,Middlesex,2015,2019,Black (includes Hispanic),8.7
34,New Jersey,34023,Middlesex,2015,2019,Hispanic (all races),12.3
34,New Jersey,34023,Middlesex,2015,2019,American Indian/Alaskan Native (includes Hispanic),
34,New Jersey,34023,Middlesex,2015,2019,White (includes Hispanic),7.9
34,New Jersey,34023,Middlesex,2016,2020,Asian/Pacific Islander (includes Hispanic),5.5
34,New Jersey,34023,Middlesex,2016,2020,Black (includes Hispanic),9.0
34,New Jersey,34023,Middlesex,2016,2020,Hispanic (all races),11.1
34,New Jersey,34023,Middlesex,2016,2020,American Indian/Alaskan Native (includes Hispanic),
34,New Jersey,34023,Middlesex,2016,2020,White (includes Hispanic),7.6
34,New Jersey,34025,Monmouth,2011,2015,Asian/Pacific Islander (includes Hispanic),8.4
34,New Jersey,34025,Monmouth,2011,2015,Black (includes Hispanic),9.2
34,New Jersey,34025,Monmouth,2011,2015,Hispanic (all races),10.7
34,New Jersey,34025,Monmouth,2011,2015,American Indian/Alaskan Native (includes Hispanic),
34,New Jersey,34025,Monmouth,2011,2015,White (includes Hispanic),7.9
34,New Jersey,34025,Monmouth,2012,2016,Asian/Pacific Islander (includes Hispanic),7.9
34,New Jersey,34025,Monmouth,2012,2016,Black (includes Hispanic),8.8
34,New Jersey,34025,Monmouth,2012,2016,Hispanic (all races),11.1
34,New Jersey,34025,Monmouth,2012,2016,American Indian/Alaskan Native (includes Hispanic),
34,New Jersey,34025,Monmouth,2012,2016,White (includes Hispanic),8.1
34,New Jersey,34025,Monmouth,2013,2017,Asian/Pacific Islander (includes Hispanic),8.3
34,New Jersey,34025,Monmouth,2013,2017,Black (includes Hispanic),9.0
34,New Jersey,34025,Monmouth,2013,2017,Hispanic (all races),11.1
34,New Jersey,34025,Monmouth,2013,2017,American Indian/Alaskan Native (includes Hispanic),
34,New Jersey,34025,Monmouth,2013,2017,White (includes Hispanic),7.9
34,New Jersey,34025,Monmouth,2014,2018,Asian/Pacific Islander (includes Hispanic),8.7
34,New Jersey,34025,Monmouth,2014,2018,Black (includes Hispanic),9.0
34,New Jersey,34025,Monmouth,2014,2018,Hispanic (all races),11.2
34,New Jersey,34025,Monmouth,2014,2018,American Indian/Alaskan Native (includes Hispanic),
34,New Jersey,34025,Monmouth,2014,2018,White (includes Hispanic),7.9
34,New Jersey,34025,Monmouth,2015,2019,Asian/Pacific Islander (includes Hispanic),8.6
34,New Jersey,34025,Monmouth,2015,2019,Black (includes Hispanic),9.1
34,New Jersey,34025,Monmouth,2015,2019,Hispanic (all races),11.0
34,New Jersey,34025,Monmouth,2015,2019,American Indian/Alaskan Native (includes Hispanic),
34,New Jersey,34025,Monmouth,2015,2019,White (includes Hispanic),7.7
34,New Jersey,34025,Monmouth,2016,2020,Asian/Pacific Islander (includes Hispanic),8.3
34,New Jersey,34025,Monmouth,2016,2020,Black (includes Hispanic),9.4
34,New Jersey,34025,Monmouth,2016,2020,Hispanic (all races),10.5
34,New Jersey,34025,Monmouth,2016,2020,American Indian/Alaskan Native (includes Hispanic),
34,New Jersey,34025,Monmouth,2016,2020,White (includes Hispanic),7.5
34,New Jersey,34027,Morris,2011,2015,Asian/Pacific Islander (includes Hispanic),4.6
34,New Jersey,34027,Morris,2011,2015,Black (includes Hispanic),11.4
34,New Jersey,34027,Morris,2011,2015,Hispanic (all races),12.2
34,New Jersey,34027,Morris,2011,2015,American Indian/Alaskan Native (includes Hispanic),
34,New Jersey,34027,Morris,2011,2015,White (includes Hispanic),7.6
34,New Jersey,34027,Morris,2012,2016,Asian/Pacific Islander (includes Hispanic),5.2
34,New Jersey,34027,Morris,2012,2016,Black (includes Hispanic),10.8
34,New Jersey,34027,Morris,2012,2016,Hispanic (all races),12.6
34,New Jersey,34027,Morris,2012,2016,American Indian/Alaskan Native (includes Hispanic),
34,New Jersey,34027,Morris,2012,2016,White (includes Hispanic),7.7
34,New Jersey,34027,Morris,2013,2017,Asian/Pacific Islander (includes Hispanic),6.5
34,New Jersey,34027,Morris,2013,2017,Black (includes Hispanic),10.9
34,New Jersey,34027,Morris,2013,2017,Hispanic (all races),12.2
34,New Jersey,34027,Morris,2013,2017,American Indian/Alaskan Native (includes Hispanic),
34,New Jersey,34027,Morris,2013,2017,White (includes Hispanic),7.9
34,New Jersey,34027,Morris,2014,2018,Asian/Pacific Islander (includes Hispanic),6.1
34,New Jersey,34027,Morris,2014,2018,Black (includes Hispanic),10.2
34,New Jersey,34027,Morris,2014,2018,Hispanic (all races),11.7
34,New Jersey,34027,Morris,2014,2018,American Indian/Alaskan Native (includes Hispanic),
34,New Jersey,34027,Morris,2014,2018,White (includes Hispanic),7.8
34,New Jersey,34027,Morris,2015,2019,Asian/Pacific Islander (includes Hispanic),6.4
34,New Jersey,34027,Morris,2015,2019,Black (includes Hispanic),10.3
34,New Jersey,34027,Morris,2015,2019,Hispanic (all races),11.7
34,New Jersey,34027,Morris,2015,2019,American Indian/Alaskan Native (includes Hispanic),
34,New Jersey,34027,Morris,2015,2019,White (includes Hispanic),8.0
34,New Jersey,34027,Morris,2016,2020,Asian/Pacific Islander (includes Hispanic),4.8
34,New Jersey,34027,Morris,2016,2020,Black (includes Hispanic),9.7
34,New Jersey,34027,Morris,2016,2020,Hispanic (all races),11.2
34,New Jersey,34027,Morris,2016,2020,American Indian/Alaskan Native (includes Hispanic),
34,New Jersey,34027,Morris,2016,2020,White (includes Hispanic),7.6
34,New Jersey,34029,Ocean,2011,2015,Asian/Pacific Islander (includes Hispanic),
34,New Jersey,34029,Ocean,2011,2015,Black (includes Hispanic),8.2
34,New Jersey,34029,Ocean,2011,2015,Hispanic (all races),12.6
34,New Jersey,34029,Ocean,2011,2015,American Indian/Alaskan Native (includes Hispanic),
34,New Jersey,34029,Ocean,2011,2015,White (includes Hispanic),8.1
34,New Jersey,34029,Ocean,2012,2016,Asian/Pacific Islander (includes Hispanic),
34,New Jersey,34029,Ocean,2012,2016,Black (includes Hispanic),8.1
34,New Jersey,34029,Ocean,2012,2016,Hispanic (all races),12.2
34,New Jersey,34029,Ocean,2012,2016,American Indian/Alaskan Native (includes Hispanic),
34,New Jersey,34029,Ocean,2012,2016,White (includes Hispanic),7.7
34,New Jersey,34029,Ocean,2013,2017,Asian/Pacific Islander (includes Hispanic),
34,New Jersey,34029,Ocean,2013,2017,Black (includes Hispanic),7.2
34,New Jersey,34029,Ocean,2013,2017,Hispanic (all races),11.2
34,New Jersey,34029,Ocean,2013,2017,American Indian/Alaskan Native (includes Hispanic),
34,New Jersey,34029,Ocean,2013,2017,White (includes Hispanic),7.7
34,New Jersey,34029,Ocean,2014,2018,Asian/Pacific Islander (includes Hispanic),
34,New Jersey,34029,Ocean,2014,2018,Black (includes Hispanic),6.9
34,New Jersey,34029,Ocean,2014,2018,Hispanic (all races),11.8
34,New Jersey,34029,Ocean,2014,2018,American Indian/Alaskan Native (includes Hispanic),
34,New Jersey,34029,Ocean,2014,2018,White (includes Hispanic),7.7
34,New Jersey,34029,Ocean,2015,2019,Asian/Pacific Islander (includes Hispanic),
34,New Jersey,34029,Ocean,2015,2019,Black (includes Hispanic),6.7
34,New Jersey,34029,Ocean,2015,2019,Hispanic (all races),10.8
34,New Jersey,34029,Ocean,2015,2019,American Indian/Alaskan Native (includes Hispanic),
34,New Jersey,34029,Ocean,2015,2019,White (includes Hispanic),7.4
34,New Jersey,34029,Ocean,2016,2020,Asian/Pacific Islander (includes Hispanic),6.5
34,New Jersey,34029,Ocean,2016,2020,Black (includes Hispanic),7.1
34,New Jersey,34029,Ocean,2016,2020,Hispanic (all races),8.1
34,New Jersey,34029,Ocean,2016,2020,American Indian/Alaskan Native (includes Hispanic),
34,New Jersey,34029,Ocean,2016,2020,White (includes Hispanic),6.9
34,New Jersey,34031,Passaic,2011,2015,Asian/Pacific Islander (includes Hispanic),5.5
34,New Jersey,34031,Passaic,2011,2015,Black (includes Hispanic),10.3
34,New Jersey,34031,Passaic,2011,2015,Hispanic (all races),11.7
34,New Jersey,34031,Passaic,2011,2015,American Indian/Alaskan Native (includes Hispanic),
34,New Jersey,34031,Passaic,2011,2015,White (includes Hispanic),7.8
34,New Jersey,34031,Passaic,2012,2016,Asian/Pacific Islander (includes Hispanic),5.5
34,New Jersey,34031,Passaic,2012,2016,Black (includes Hispanic),9.8
34,New Jersey,34031,Passaic,2012,2016,Hispanic (all races),11.3
34,New Jersey,34031,Passaic,2012,2016,American Indian/Alaskan Native (includes Hispanic),
34,New Jersey,34031,Passaic,2012,2016,White (includes Hispanic),7.6
34,New Jersey,34031,Passaic,2013,2017,Asian/Pacific Islander (includes Hispanic),6.0
34,New Jersey,34031,Passaic,2013,2017,Black (includes Hispanic),10.5
34,New Jersey,34031,Passaic,2013,2017,Hispanic (all races),11.1
34,New Jersey,34031,Passaic,2013,2017,American Indian/Alaskan Native (includes Hispanic),
34,New Jersey,34031,Passaic,2013,2017,White (includes Hispanic),7.8
34,New Jersey,34031,Passaic,2014,2018,Asian/Pacific Islander (includes Hispanic),6.1
34,New Jersey,34031,Passaic,2014,2018,Black (includes Hispanic),9.9
34,New Jersey,34031,Passaic,2014,2018,Hispanic (all races),11.0
34,New Jersey,34031,Passaic,2014,2018,American Indian/Alaskan Native (includes Hispanic),
34,New Jersey,34031,Passaic,2014,2018,White (includes Hispanic),7.6
34,New Jersey,34031,Passaic,2015,2019,Asian/Pacific Islander (includes Hispanic),6.2
34,New Jersey,34031,Passaic,2015,2019,Black (includes Hispanic),9.9
34,New Jersey,34031,Passaic,2015,2019,Hispanic (all races),11.0
34,New Jersey,34031,Passaic,2015,2019,American Indian/Alaskan Native (includes Hispanic),
34,New Jersey,34031,Passaic,2015,2019,White (includes Hispanic),7.5
34,New Jersey,34031,Passaic,2016,2020,Asian/Pacific Islander (includes Hispanic),4.9
34,New Jersey,34031,Passaic,2016,2020,Black (includes Hispanic),9.5
34,New Jersey,34031,Passaic,2016,2020,Hispanic (all races),9.9
34,New Jersey,34031,Passaic,2016,2020,American Indian/Alaskan Native (includes Hispanic),
34,New Jersey,34031,Passaic,2016,2020,White (includes Hispanic),7.0
34,New Jersey,34033,Salem,2011,2015,Asian/Pacific Islander (includes Hispanic),
34,New Jersey,34033,Salem,2011,2015,Black (includes Hispanic),9.8
34,New Jersey,34033,Salem,2011,2015,Hispanic (all races),9.0
34,New Jersey,34033,Salem,2011,2015,American Indian/Alaskan Native (includes Hispanic),
34,New Jersey,34033,Salem,2011,2015,White (includes Hispanic),8.8
34,New Jersey,34033,Salem,2012,2016,Asian/Pacific Islander (includes Hispanic),
34,New Jersey,34033,Salem,2012,2016,Black (includes Hispanic),10.2
34,New Jersey,34033,Salem,2012,2016,Hispanic (all races),9.6
34,New Jersey,34033,Salem,2012,2016,American Indian/Alaskan Native (includes Hispanic),
34,New Jersey,34033,Salem,2012,2016,White (includes Hispanic),8.7
34,New Jersey,34033,Salem,2013,2017,Asian/Pacific Islander (includes Hispanic),
34,New Jersey,34033,Salem,2013,2017,Black (includes Hispanic),9.6
34,New Jersey,34033,Salem,2013,2017,Hispanic (all races),10.2
34,New Jersey,34033,Salem,2013,2017,American Indian/Alaskan Native (includes Hispanic),
34,New Jersey,34033,Salem,2013,2017,White (includes Hispanic),9.2
34,New Jersey,34033,Salem,2014,2018,Asian/Pacific Islander (includes Hispanic),
34,New Jersey,34033,Salem,2014,2018,Black (includes Hispanic),9.4
34,New Jersey,34033,Salem,2014,2018,Hispanic (all races),8.5
34,New Jersey,34033,Salem,2014,2018,American Indian/Alaskan Native (includes Hispanic),
34,New Jersey,34033,Salem,2014,2018,White (includes Hispanic),9.6
34,New Jersey,34033,Salem,2015,2019,Asian/Pacific Islander (includes Hispanic),
34,New Jersey,34033,Salem,2015,2019,Black (includes Hispanic),7.4
34,New Jersey,34033,Salem,2015,2019,Hispanic (all races),9.4
34,New Jersey,34033,Salem,2015,2019,American Indian/Alaskan Native (includes Hispanic),
34,New Jersey,34033,Salem,2015,2019,White (includes Hispanic),8.7
34,New Jersey,34033,Salem,2016,2020,Asian/Pacific Islander (includes Hispanic),
34,New Jersey,34033,Salem,2016,2020,Black (includes Hispanic),6.7
34,New Jersey,34033,Salem,2016,2020,Hispanic (all races),9.3
34,New Jersey,34033,Salem,2016,2020,American Indian/Alaskan Native (includes Hispanic),
34,New Jersey,34033,Salem,2016,2020,White (includes Hispanic),8.0
34,New Jersey,34035,Somerset,2011,2015,Asian/Pacific Islander (includes Hispanic),3.7
34,New Jersey,34035,Somerset,2011,2015,Black (includes Hispanic),10.3
34,New Jersey,34035,Somerset,2011,2015,Hispanic (all races),11.2
34,New Jersey,34035,Somerset,2011,2015,American Indian/Alaskan Native (includes Hispanic),
34,New Jersey,34035,Somerset,2011,2015,White (includes Hispanic),6.9
34,New Jersey,34035,Somerset,2012,2016,Asian/Pacific Islander (includes Hispanic),4.0
34,New Jersey,34035,Somerset,2012,2016,Black (includes Hispanic),10.4
34,New Jersey,34035,Somerset,2012,2016,Hispanic (all races),12.0
34,New Jersey,34035,Somerset,2012,2016,American Indian/Alaskan Native (includes Hispanic),
34,New Jersey,34035,Somerset,2012,2016,White (includes Hispanic),7.5
34,New Jersey,34035,Somerset,2013,2017,Asian/Pacific Islander (includes Hispanic),5.2
34,New Jersey,34035,Somerset,2013,2017,Black (includes Hispanic),10.2
34,New Jersey,34035,Somerset,2013,2017,Hispanic (all races),12.0
34,New Jersey,34035,Somerset,2013,2017,American Indian/Alaskan Native (includes Hispanic),
34,New Jersey,34035,Somerset,2013,2017,White (includes Hispanic),7.5
34,New Jersey,34035,Somerset,2014,2018,Asian/Pacific Islander (includes Hispanic),5.5
34,New Jersey,34035,Somerset,2014,2018,Black (includes Hispanic),10.5
34,New Jersey,34035,Somerset,2014,2018,Hispanic (all races),11.5
34,New Jersey,34035,Somerset,2014,2018,American Indian/Alaskan Native (includes Hispanic),
34,New Jersey,34035,Somerset,2014,2018,White (includes Hispanic),7.7
34,New Jersey,34035,Somerset,2015,2019,Asian/Pacific Islander (includes Hispanic),5.6
34,New Jersey,34035,Somerset,2015,2019,Black (includes Hispanic),9.3
34,New Jersey,34035,Somerset,2015,2019,Hispanic (all races),11.9
34,New Jersey,34035,Somerset,2015,2019,American Indian/Alaskan Native (includes Hispanic),
34,New Jersey,34035,Somerset,2015,2019,White (includes Hispanic),7.9
34,New Jersey,34035,Somerset,2016,2020,Asian/Pacific Islander (includes Hispanic),5.3
34,New Jersey,34035,Somerset,2016,2020,Black (includes Hispanic),9.4
34,New Jersey,34035,Somerset,2016,2020,Hispanic (all races),10.7
34,New Jersey,34035,Somerset,2016,2020,American Indian/Alaskan Native (includes Hispanic),
34,New Jersey,34035,Somerset,2016,2020,White (includes Hispanic),7.7
34,New Jersey,34037,Sussex,2011,2015,Asian/Pacific Islander (includes Hispanic),
34,New Jersey,34037,Sussex,2011,2015,Black (includes Hispanic),8.7
34,New Jersey,34037,Sussex,2011,2015,Hispanic (all races),10.0
34,New Jersey,34037,Sussex,2011,2015,American Indian/Alaskan Native (includes Hispanic),
34,New Jersey,34037,Sussex,2011,2015,White (includes Hispanic),7.3
34,New Jersey,34037,Sussex,2012,2016,Asian/Pacific Islander (includes Hispanic),
34,New Jersey,34037,Sussex,2012,2016,Black (includes Hispanic),8.1
34,New Jersey,34037,Sussex,2012,2016,Hispanic (all races),11.0
34,New Jersey,34037,Sussex,2012,2016,American Indian/Alaskan Native (includes Hispanic),
34,New Jersey,34037,Sussex,2012,2016,White (includes Hispanic),7.6
34,New Jersey,34037,Sussex,2013,2017,Asian/Pacific Islander (includes Hispanic),7.7
34,New Jersey,34037,Sussex,2013,2017,Black (includes Hispanic),9.5
34,New Jersey,34037,Sussex,2013,2017,Hispanic (all races),11.1
34,New Jersey,34037,Sussex,2013,2017,American Indian/Alaskan Native (includes Hispanic),
34,New Jersey,34037,Sussex,2013,2017,White (includes Hispanic),7.8
34,New Jersey,34037,Sussex,2014,2018,Asian/Pacific Islander (includes Hispanic),8.0
34,New Jersey,34037,Sussex,2014,2018,Black (includes Hispanic),9.3
34,New Jersey,34037,Sussex,2014,2018,Hispanic (all races),11.1
34,New Jersey,34037,Sussex,2014,2018,American Indian/Alaskan Native (includes Hispanic),
34,New Jersey,34037,Sussex,2014,2018,White (includes Hispanic),8.0
34,New Jersey,34037,Sussex,2015,2019,Asian/Pacific Islander (includes Hispanic),9.5
34,New Jersey,34037,Sussex,2015,2019,Black (includes Hispanic),9.4
34,New Jersey,34037,Sussex,2015,2019,Hispanic (all races),11.2
34,New Jersey,34037,Sussex,2015,2019,American Indian/Alaskan Native (includes Hispanic),
34,New Jersey,34037,Sussex,2015,2019,White (includes Hispanic),8.4
34,New Jersey,34037,Sussex,2016,2020,Asian/Pacific Islander (includes Hispanic),7.2
34,New Jersey,34037,Sussex,2016,2020,Black (includes Hispanic),7.8
34,New Jersey,34037,Sussex,2016,2020,Hispanic (all races),10.3
34,New Jersey,34037,Sussex,2016,2020,American Indian/Alaskan Native (includes Hispanic),
34,New Jersey,34037,Sussex,2016,2020,White (includes Hispanic),7.9
34,New Jersey,34039,Union,2011,2015,Asian/Pacific Islander (includes Hispanic),4.5
34,New Jersey,34039,Union,2011,2015,Black (includes Hispanic),11.1
34,New Jersey,34039,Union,2011,2015,Hispanic (all races),12.0
34,New Jersey,34039,Union,2011,2015,American Indian/Alaskan Native (includes Hispanic),
34,New Jersey,34039,Union,2011,2015,White (includes Hispanic),8.2
34,New Jersey,34039,Union,2012,2016,Asian/Pacific Islander (includes Hispanic),4.8
34,New Jersey,34039,Union,2012,2016,Black (includes Hispanic),10.8
34,New Jersey,34039,Union,2012,2016,Hispanic (all races),11.9
34,New Jersey,34039,Union,2012,2016,American Indian/Alaskan Native (includes Hispanic),
34,New Jersey,34039,Union,2012,2016,White (includes Hispanic),8.5
34,New Jersey,34039,Union,2013,2017,Asian/Pacific Islander (includes Hispanic),5.7
34,New Jersey,34039,Union,2013,2017,Black (includes Hispanic),10.7
34,New Jersey,34039,Union,2013,2017,Hispanic (all races),11.5
34,New Jersey,34039,Union,2013,2017,American Indian/Alaskan Native (includes Hispanic),
34,New Jersey,34039,Union,2013,2017,White (includes Hispanic),8.4
34,New Jersey,34039,Union,2014,2018,Asian/Pacific Islander (includes Hispanic),6.1
34,New Jersey,34039,Union,2014,2018,Black (includes Hispanic),10.7
34,New Jersey,34039,Union,2014,2018,Hispanic (all races),11.5
34,New Jersey,34039,Union,2014,2018,American Indian/Alaskan Native (includes Hispanic),
34,New Jersey,34039,Union,2014,2018,White (includes Hispanic),8.4
34,New Jersey,34039,Union,2015,2019,Asian/Pacific Islander (includes Hispanic),5.8
34,New Jersey,34039,Union,2015,2019,Black (includes Hispanic),10.3
34,New Jersey,34039,Union,2015,2019,Hispanic (all races),11.5
34,New Jersey,34039,Union,2015,2019,American Indian/Alaskan Native (includes Hispanic),
34,New Jersey,34039,Union,2015,2019,White (includes Hispanic),8.3
34,New Jersey,34039,Union,2016,2020,Asian/Pacific Islander (includes Hispanic),4.9
34,New Jersey,34039,Union,2016,2020,Black (includes Hispanic),10.1
34,New Jersey,34039,Union,2016,2020,Hispanic (all races),10.4
34,New Jersey,34039,Union,2016,2020,American Indian/Alaskan Native (includes Hispanic),
34,New Jersey,34039,Union,2016,2020,White (includes Hispanic),8.0
34,New Jersey,34041,Warren,2011,2015,Asian/Pacific Islander (includes Hispanic),
34,New Jersey,34041,Warren,2011,2015,Black (includes Hispanic),8.3
34,New Jersey,34041,Warren,2011,2015,Hispanic (all races),8.1
34,New Jersey,34041,Warren,2011,2015,American Indian/Alaskan Native (includes Hispanic),
34,New Jersey,34041,Warren,2011,2015,White (includes Hispanic),6.2
34,New Jersey,34041,Warren,2012,2016,Asian/Pacific Islander (includes Hispanic),
34,New Jersey,34041,Warren,2012,2016,Black (includes Hispanic),7.4
34,New Jersey,34041,Warren,2012,2016,Hispanic (all races),7.3
34,New Jersey,34041,Warren,2012,2016,American Indian/Alaskan Native (includes Hispanic),
34,New Jersey,34041,Warren,2012,2016,White (includes Hispanic),6.0
34,New Jersey,34041,Warren,2013,2017,Asian/Pacific Islander (includes Hispanic),6.3
34,New Jersey,34041,Warren,2013,2017,Black (includes Hispanic),7.3
34,New Jersey,34041,Warren,2013,2017,Hispanic (all races),6.9
34,New Jersey,34041,Warren,2013,2017,American Indian/Alaskan Native (includes Hispanic),
34,New Jersey,34041,Warren,2013,2017,White (includes Hispanic),6.0
34,New Jersey,34041,Warren,2014,2018,Asian/Pacific Islander (includes Hispanic),
34,New Jersey,34041,Warren,2014,2018,Black (includes Hispanic),
34,New Jersey,34041,Warren,2014,2018,Hispanic (all races),7.1
34,New Jersey,34041,Warren,2014,2018,American Indian/Alaskan Native (includes Hispanic),
34,New Jersey,34041,Warren,2014,2018,White (includes Hispanic),6.3
34,New Jersey,34041,Warren,2015,2019,Asian/Pacific Islander (includes Hispanic),5.4
34,New Jersey,34041,Warren,2015,2019,Black (includes Hispanic),
34,New Jersey,34041,Warren,2015,2019,Hispanic (all races),8.1
34,New Jersey,34041,Warren,2015,2019,American Indian/Alaskan Native (includes Hispanic),
34,New Jersey,34041,Warren,2015,2019,White (includes Hispanic),6.9
34,New Jersey,34041,Warren,2016,2020,Asian/Pacific Islander (includes Hispanic),
34,New Jersey,34041,Warren,2016,2020,Black (includes Hispanic),
34,New Jersey,34041,Warren,2016,2020,Hispanic (all races),7.0
34,New Jersey,34041,Warren,2016,2020,American Indian/Alaskan Native (includes Hispanic),
34,New Jersey,34041,Warren,2016,2020,White (includes Hispanic),6.4
35,New Mexico,35001,Bernalillo,2011,2015,Asian/Pacific Islander (includes Hispanic),
35,New Mexico,35001,Bernalillo,2011,2015,Black (includes Hispanic),
35,New Mexico,35001,Bernalillo,2011,2015,Hispanic (all races),8.2
35,New Mexico,35001,Bernalillo,2011,2015,American Indian/Alaskan Native (includes Hispanic),
35,New Mexico,35001,Bernalillo,2011,2015,White (includes Hispanic),7.4
35,New Mexico,35001,Bernalillo,2012,2016,Asian/Pacific Islander (includes Hispanic),
35,New Mexico,35001,Bernalillo,2012,2016,Black (includes Hispanic),
35,New Mexico,35001,Bernalillo,2012,2016,Hispanic (all races),8.8
35,New Mexico,35001,Bernalillo,2012,2016,American Indian/Alaskan Native (includes Hispanic),9.5
35,New Mexico,35001,Bernalillo,2012,2016,White (includes Hispanic),7.5
35,New Mexico,35001,Bernalillo,2013,2017,Asian/Pacific Islander (includes Hispanic),
35,New Mexico,35001,Bernalillo,2013,2017,Black (includes Hispanic),
35,New Mexico,35001,Bernalillo,2013,2017,Hispanic (all races),8.6
35,New Mexico,35001,Bernalillo,2013,2017,American Indian/Alaskan Native (includes Hispanic),11.2
35,New Mexico,35001,Bernalillo,2013,2017,White (includes Hispanic),7.8
35,New Mexico,35001,Bernalillo,2014,2018,Asian/Pacific Islander (includes Hispanic),
35,New Mexico,35001,Bernalillo,2014,2018,Black (includes Hispanic),
35,New Mexico,35001,Bernalillo,2014,2018,Hispanic (all races),9.4
35,New Mexico,35001,Bernalillo,2014,2018,American Indian/Alaskan Native (includes Hispanic),10.0
35,New Mexico,35001,Bernalillo,2014,2018,White (includes Hispanic),8.4
35,New Mexico,35001,Bernalillo,2015,2019,Asian/Pacific Islander (includes Hispanic),
35,New Mexico,35001,Bernalillo,2015,2019,Black (includes Hispanic),
35,New Mexico,35001,Bernalillo,2015,2019,Hispanic (all races),8.9
35,New Mexico,35001,Bernalillo,2015,2019,American Indian/Alaskan Native (includes Hispanic),9.8
35,New Mexico,35001,Bernalillo,2015,2019,White (includes Hispanic),8.1
35,New Mexico,35001,Bernalillo,2016,2020,Asian/Pacific Islander (includes Hispanic),
35,New Mexico,35001,Bernalillo,2016,2020,Black (includes Hispanic),
35,New Mexico,35001,Bernalillo,2016,2020,Hispanic (all races),8.5
35,New Mexico,35001,Bernalillo,2016,2020,American Indian/Alaskan Native (includes Hispanic),9.7
35,New Mexico,35001,Bernalillo,2016,2020,White (includes Hispanic),7.5
35,New Mexico,35003,Catron,2011,2015,Asian/Pacific Islander (includes Hispanic),
35,New Mexico,35003,Catron,2011,2015,Black (includes Hispanic),
35,New Mexico,35003,Catron,2011,2015,Hispanic (all races),
35,New Mexico,35003,Catron,2011,2015,American Indian/Alaskan Native (includes Hispanic),
35,New Mexico,35003,Catron,2011,2015,White (includes Hispanic),8.3
35,New Mexico,35003,Catron,2012,2016,Asian/Pacific Islander (includes Hispanic),
35,New Mexico,35003,Catron,2012,2016,Black (includes Hispanic),
35,New Mexico,35003,Catron,2012,2016,Hispanic (all races),
35,New Mexico,35003,Catron,2012,2016,American Indian/Alaskan Native (includes Hispanic),
35,New Mexico,35003,Catron,2012,2016,White (includes Hispanic),7.0
35,New Mexico,35003,Catron,2013,2017,Asian/Pacific Islander (includes Hispanic),
35,New Mexico,35003,Catron,2013,2017,Black (includes Hispanic),
35,New Mexico,35003,Catron,2013,2017,Hispanic (all races),
35,New Mexico,35003,Catron,2013,2017,American Indian/Alaskan Native (includes Hispanic),
35,New Mexico,35003,Catron,2013,2017,White (includes Hispanic),7.3
35,New Mexico,35003,Catron,2014,2018,Asian/Pacific Islander (includes Hispanic),
35,New Mexico,35003,Catron,2014,2018,Black (includes Hispanic),
35,New Mexico,35003,Catron,2014,2018,Hispanic (all races),
35,New Mexico,35003,Catron,2014,2018,American Indian/Alaskan Native (includes Hispanic),
35,New Mexico,35003,Catron,2014,2018,White (includes Hispanic),9.1
35,New Mexico,35003,Catron,2015,2019,Asian/Pacific Islander (includes Hispanic),
35,New Mexico,35003,Catron,2015,2019,Black (includes Hispanic),
35,New Mexico,35003,Catron,2015,2019,Hispanic (all races),
35,New Mexico,35003,Catron,2015,2019,American Indian/Alaskan Native (includes Hispanic),
35,New Mexico,35003,Catron,2015,2019,White (includes Hispanic),8.0
35,New Mexico,35003,Catron,2016,2020,Asian/Pacific Islander (includes Hispanic),
35,New Mexico,35003,Catron,2016,2020,Black (includes Hispanic),
35,New Mexico,35003,Catron,2016,2020,Hispanic (all races),
35,New Mexico,35003,Catron,2016,2020,American Indian/Alaskan Native (includes Hispanic),12.1
35,New Mexico,35003,Catron,2016,2020,White (includes Hispanic),
35,New Mexico,35005,Chaves,2011,2015,Asian/Pacific Islander (includes Hispanic),
35,New Mexico,35005,Chaves,2011,2015,Black (includes Hispanic),
35,New Mexico,35005,Chaves,2011,2015,Hispanic (all races),8.0
35,New Mexico,35005,Chaves,2011,2015,American Indian/Alaskan Native (includes Hispanic),
35,New Mexico,35005,Chaves,2011,2015,White (includes Hispanic),9.2
35,New Mexico,35005,Chaves,2012,2016,Asian/Pacific Islander (includes Hispanic),
35,New Mexico,35005,Chaves,2012,2016,Black (includes Hispanic),
35,New Mexico,35005,Chaves,2012,2016,Hispanic (all races),9.1
35,New Mexico,35005,Chaves,2012,2016,American Indian/Alaskan Native (includes Hispanic),
35,New Mexico,35005,Chaves,2012,2016,White (includes Hispanic),9.4
35,New Mexico,35005,Chaves,2013,2017,Asian/Pacific Islander (includes Hispanic),
35,New Mexico,35005,Chaves,2013,2017,Black (includes Hispanic),
35,New Mexico,35005,Chaves,2013,2017,Hispanic (all races),9.1
35,New Mexico,35005,Chaves,2013,2017,American Indian/Alaskan Native (includes Hispanic),
35,New Mexico,35005,Chaves,2013,2017,White (includes Hispanic),9.4
35,New Mexico,35005,Chaves,2014,2018,Asian/Pacific Islander (includes Hispanic),
35,New Mexico,35005,Chaves,2014,2018,Black (includes Hispanic),
35,New Mexico,35005,Chaves,2014,2018,Hispanic (all races),10.1
35,New Mexico,35005,Chaves,2014,2018,American Indian/Alaskan Native (includes Hispanic),
35,New Mexico,35005,Chaves,2014,2018,White (includes Hispanic),9.7
35,New Mexico,35005,Chaves,2015,2019,Asian/Pacific Islander (includes Hispanic),
35,New Mexico,35005,Chaves,2015,2019,Black (includes Hispanic),
35,New Mexico,35005,Chaves,2015,2019,Hispanic (all races),10.9
35,New Mexico,35005,Chaves,2015,2019,American Indian/Alaskan Native (includes Hispanic),
35,New Mexico,35005,Chaves,2015,2019,White (includes Hispanic),10.1
35,New Mexico,35005,Chaves,2016,2020,Asian/Pacific Islander (includes Hispanic),
35,New Mexico,35005,Chaves,2016,2020,Black (includes Hispanic),
35,New Mexico,35005,Chaves,2016,2020,Hispanic (all races),12.8
35,New Mexico,35005,Chaves,2016,2020,American Indian/Alaskan Native (includes Hispanic),
35,New Mexico,35005,Chaves,2016,2020,White (includes Hispanic),10.6
35,New Mexico,35006,Cibola,2011,2015,Asian/Pacific Islander (includes Hispanic),
35,New Mexico,35006,Cibola,2011,2015,Black (includes Hispanic),
35,New Mexico,35006,Cibola,2011,2015,Hispanic (all races),9.1
35,New Mexico,35006,Cibola,2011,2015,American Indian/Alaskan Native (includes Hispanic),7.1
35,New Mexico,35006,Cibola,2011,2015,White (includes Hispanic),7.8
35,New Mexico,35006,Cibola,2012,2016,Asian/Pacific Islander (includes Hispanic),
35,New Mexico,35006,Cibola,2012,2016,Black (includes Hispanic),
35,New Mexico,35006,Cibola,2012,2016,Hispanic (all races),9.5
35,New Mexico,35006,Cibola,2012,2016,American Indian/Alaskan Native (includes Hispanic),8.3
35,New Mexico,35006,Cibola,2012,2016,White (includes Hispanic),7.7
35,New Mexico,35006,Cibola,2013,2017,Asian/Pacific Islander (includes Hispanic),
35,New Mexico,35006,Cibola,2013,2017,Black (includes Hispanic),
35,New Mexico,35006,Cibola,2013,2017,Hispanic (all races),9.1
35,New Mexico,35006,Cibola,2013,2017,American Indian/Alaskan Native (includes Hispanic),9.2
35,New Mexico,35006,Cibola,2013,2017,White (includes Hispanic),7.9
35,New Mexico,35006,Cibola,2014,2018,Asian/Pacific Islander (includes Hispanic),
35,New Mexico,35006,Cibola,2014,2018,Black (includes Hispanic),
35,New Mexico,35006,Cibola,2014,2018,Hispanic (all races),9.6
35,New Mexico,35006,Cibola,2014,2018,American Indian/Alaskan Native (includes Hispanic),8.6
35,New Mexico,35006,Cibola,2014,2018,White (includes Hispanic),8.4
35,New Mexico,35006,Cibola,2015,2019,Asian/Pacific Islander (includes Hispanic),
35,New Mexico,35006,Cibola,2015,2019,Black (includes Hispanic),
35,New Mexico,35006,Cibola,2015,2019,Hispanic (all races),8.8
35,New Mexico,35006,Cibola,2015,2019,American Indian/Alaskan Native (includes Hispanic),8.7
35,New Mexico,35006,Cibola,2015,2019,White (includes Hispanic),8.0
35,New Mexico,35006,Cibola,2016,2020,Asian/Pacific Islander (includes Hispanic),
35,New Mexico,35006,Cibola,2016,2020,Black (includes Hispanic),
35,New Mexico,35006,Cibola,2016,2020,Hispanic (all races),8.3
35,New Mexico,35006,Cibola,2016,2020,American Indian/Alaskan Native (includes Hispanic),8.8
35,New Mexico,35006,Cibola,2016,2020,White (includes Hispanic),7.4
35,New Mexico,35007,Colfax,2011,2015,Asian/Pacific Islander (includes Hispanic),
35,New Mexico,35007,Colfax,2011,2015,Black (includes Hispanic),
35,New Mexico,35007,Colfax,2011,2015,Hispanic (all races),
35,New Mexico,35007,Colfax,2011,2015,American Indian/Alaskan Native (includes Hispanic),
35,New Mexico,35007,Colfax,2011,2015,White (includes Hispanic),
35,New Mexico,35007,Colfax,2012,2016,Asian/Pacific Islander (includes Hispanic),
35,New Mexico,35007,Colfax,2012,2016,Black (includes Hispanic),
35,New Mexico,35007,Colfax,2012,2016,Hispanic (all races),
35,New Mexico,35007,Colfax,2012,2016,American Indian/Alaskan Native (includes Hispanic),
35,New Mexico,35007,Colfax,2012,2016,White (includes Hispanic),11.0
35,New Mexico,35007,Colfax,2013,2017,Asian/Pacific Islander (includes Hispanic),
35,New Mexico,35007,Colfax,2013,2017,Black (includes Hispanic),
35,New Mexico,35007,Colfax,2013,2017,Hispanic (all races),
35,New Mexico,35007,Colfax,2013,2017,American Indian/Alaskan Native (includes Hispanic),
35,New Mexico,35007,Colfax,2013,2017,White (includes Hispanic),10.3
35,New Mexico,35007,Colfax,2014,2018,Asian/Pacific Islander (includes Hispanic),
35,New Mexico,35007,Colfax,2014,2018,Black (includes Hispanic),
35,New Mexico,35007,Colfax,2014,2018,Hispanic (all races),
35,New Mexico,35007,Colfax,2014,2018,American Indian/Alaskan Native (includes Hispanic),
35,New Mexico,35007,Colfax,2014,2018,White (includes Hispanic),10.5
35,New Mexico,35007,Colfax,2015,2019,Asian/Pacific Islander (includes Hispanic),
35,New Mexico,35007,Colfax,2015,2019,Black (includes Hispanic),
35,New Mexico,35007,Colfax,2015,2019,Hispanic (all races),
35,New Mexico,35007,Colfax,2015,2019,American Indian/Alaskan Native (includes Hispanic),
35,New Mexico,35007,Colfax,2015,2019,White (includes Hispanic),12.8
35,New Mexico,35007,Colfax,2016,2020,Asian/Pacific Islander (includes Hispanic),
35,New Mexico,35007,Colfax,2016,2020,Black (includes Hispanic),
35,New Mexico,35007,Colfax,2016,2020,Hispanic (all races),
35,New Mexico,35007,Colfax,2016,2020,American Indian/Alaskan Native (includes Hispanic),
35,New Mexico,35007,Colfax,2016,2020,White (includes Hispanic),11.6
35,New Mexico,35009,Curry,2011,2015,Asian/Pacific Islander (includes Hispanic),
35,New Mexico,35009,Curry,2011,2015,Black (includes Hispanic),
35,New Mexico,35009,Curry,2011,2015,Hispanic (all races),
35,New Mexico,35009,Curry,2011,2015,American Indian/Alaskan Native (includes Hispanic),
35,New Mexico,35009,Curry,2011,2015,White (includes Hispanic),
35,New Mexico,35009,Curry,2012,2016,Asian/Pacific Islander (includes Hispanic),
35,New Mexico,35009,Curry,2012,2016,Black (includes Hispanic),
35,New Mexico,35009,Curry,2012,2016,Hispanic (all races),
35,New Mexico,35009,Curry,2012,2016,American Indian/Alaskan Native (includes Hispanic),
35,New Mexico,35009,Curry,2012,2016,White (includes Hispanic),10.4
35,New Mexico,35009,Curry,2013,2017,Asian/Pacific Islander (includes Hispanic),
35,New Mexico,35009,Curry,2013,2017,Black (includes Hispanic),
35,New Mexico,35009,Curry,2013,2017,Hispanic (all races),
35,New Mexico,35009,Curry,2013,2017,American Indian/Alaskan Native (includes Hispanic),
35,New Mexico,35009,Curry,2013,2017,White (includes Hispanic),9.3
35,New Mexico,35009,Curry,2014,2018,Asian/Pacific Islander (includes Hispanic),
35,New Mexico,35009,Curry,2014,2018,Black (includes Hispanic),
35,New Mexico,35009,Curry,2014,2018,Hispanic (all races),
35,New Mexico,35009,Curry,2014,2018,American Indian/Alaskan Native (includes Hispanic),
35,New Mexico,35009,Curry,2014,2018,White (includes Hispanic),
35,New Mexico,35009,Curry,2015,2019,Asian/Pacific Islander (includes Hispanic),
35,New Mexico,35009,Curry,2015,2019,Black (includes Hispanic),
35,New Mexico,35009,Curry,2015,2019,Hispanic (all races),
35,New Mexico,35009,Curry,2015,2019,American Indian/Alaskan Native (includes Hispanic),
35,New Mexico,35009,Curry,2015,2019,White (includes Hispanic),
35,New Mexico,35009,Curry,2016,2020,Asian/Pacific Islander (includes Hispanic),
35,New Mexico,35009,Curry,2016,2020,Black (includes Hispanic),
35,New Mexico,35009,Curry,2016,2020,Hispanic (all races),
35,New Mexico,35009,Curry,2016,2020,American Indian/Alaskan Native (includes Hispanic),
35,New Mexico,35009,Curry,2016,2020,White (includes Hispanic),
35,New Mexico,35011,De Baca,2011,2015,Asian/Pacific Islander (includes Hispanic),
35,New Mexico,35011,De Baca,2011,2015,Black (includes Hispanic),
35,New Mexico,35011,De Baca,2011,2015,Hispanic (all races),
35,New Mexico,35011,De Baca,2011,2015,American Indian/Alaskan Native (includes Hispanic),
35,New Mexico,35011,De Baca,2011,2015,White (includes Hispanic),
35,New Mexico,35011,De Baca,2012,2016,Asian/Pacific Islander (includes Hispanic),
35,New Mexico,35011,De Baca,2012,2016,Black (includes Hispanic),
35,New Mexico,35011,De Baca,2012,2016,Hispanic (all races),
35,New Mexico,35011,De Baca,2012,2016,American Indian/Alaskan Native (includes Hispanic),
35,New Mexico,35011,De Baca,2012,2016,White (includes Hispanic),8.4
35,New Mexico,35011,De Baca,2013,2017,Asian/Pacific Islander (includes Hispanic),
35,New Mexico,35011,De Baca,2013,2017,Black (includes Hispanic),
35,New Mexico,35011,De Baca,2013,2017,Hispanic (all races),
35,New Mexico,35011,De Baca,2013,2017,American Indian/Alaskan Native (includes Hispanic),
35,New Mexico,35011,De Baca,2013,2017,White (includes Hispanic),9.4
35,New Mexico,35011,De Baca,2014,2018,Asian/Pacific Islander (includes Hispanic),
35,New Mexico,35011,De Baca,2014,2018,Black (includes Hispanic),
35,New Mexico,35011,De Baca,2014,2018,Hispanic (all races),
35,New Mexico,35011,De Baca,2014,2018,American Indian/Alaskan Native (includes Hispanic),
35,New Mexico,35011,De Baca,2014,2018,White (includes Hispanic),8.8
35,New Mexico,35011,De Baca,2015,2019,Asian/Pacific Islander (includes Hispanic),
35,New Mexico,35011,De Baca,2015,2019,Black (includes Hispanic),
35,New Mexico,35011,De Baca,2015,2019,Hispanic (all races),
35,New Mexico,35011,De Baca,2015,2019,American Indian/Alaskan Native (includes Hispanic),
35,New Mexico,35011,De Baca,2015,2019,White (includes Hispanic),9.0
35,New Mexico,35011,De Baca,2016,2020,Asian/Pacific Islander (includes Hispanic),
35,New Mexico,35011,De Baca,2016,2020,Black (includes Hispanic),
35,New Mexico,35011,De Baca,2016,2020,Hispanic (all races),
35,New Mexico,35011,De Baca,2016,2020,American Indian/Alaskan Native (includes Hispanic),
35,New Mexico,35011,De Baca,2016,2020,White (includes Hispanic),9.5
35,New Mexico,35013,Dona Ana,2011,2015,Asian/Pacific Islander (includes Hispanic),
35,New Mexico,35013,Dona Ana,2011,2015,Black (includes Hispanic),
35,New Mexico,35013,Dona Ana,2011,2015,Hispanic (all races),10.6
35,New Mexico,35013,Dona Ana,2011,2015,American Indian/Alaskan Native (includes Hispanic),
35,New Mexico,35013,Dona Ana,2011,2015,White (includes Hispanic),9.9
35,New Mexico,35013,Dona Ana,2012,2016,Asian/Pacific Islander (includes Hispanic),
35,New Mexico,35013,Dona Ana,2012,2016,Black (includes Hispanic),
35,New Mexico,35013,Dona Ana,2012,2016,Hispanic (all races),10.7
35,New Mexico,35013,Dona Ana,2012,2016,American Indian/Alaskan Native (includes Hispanic),
35,New Mexico,35013,Dona Ana,2012,2016,White (includes Hispanic),10.3
35,New Mexico,35013,Dona Ana,2013,2017,Asian/Pacific Islander (includes Hispanic),
35,New Mexico,35013,Dona Ana,2013,2017,Black (includes Hispanic),
35,New Mexico,35013,Dona Ana,2013,2017,Hispanic (all races),10.4
35,New Mexico,35013,Dona Ana,2013,2017,American Indian/Alaskan Native (includes Hispanic),
35,New Mexico,35013,Dona Ana,2013,2017,White (includes Hispanic),9.9
35,New Mexico,35013,Dona Ana,2014,2018,Asian/Pacific Islander (includes Hispanic),
35,New Mexico,35013,Dona Ana,2014,2018,Black (includes Hispanic),
35,New Mexico,35013,Dona Ana,2014,2018,Hispanic (all races),10.8
35,New Mexico,35013,Dona Ana,2014,2018,American Indian/Alaskan Native (includes Hispanic),
35,New Mexico,35013,Dona Ana,2014,2018,White (includes Hispanic),10.4
35,New Mexico,35013,Dona Ana,2015,2019,Asian/Pacific Islander (includes Hispanic),
35,New Mexico,35013,Dona Ana,2015,2019,Black (includes Hispanic),
35,New Mexico,35013,Dona Ana,2015,2019,Hispanic (all races),11.0
35,New Mexico,35013,Dona Ana,2015,2019,American Indian/Alaskan Native (includes Hispanic),
35,New Mexico,35013,Dona Ana,2015,2019,White (includes Hispanic),10.6
35,New Mexico,35013,Dona Ana,2016,2020,Asian/Pacific Islander (includes Hispanic),
35,New Mexico,35013,Dona Ana,2016,2020,Black (includes Hispanic),
35,New Mexico,35013,Dona Ana,2016,2020,Hispanic (all races),11.4
35,New Mexico,35013,Dona Ana,2016,2020,American Indian/Alaskan Native (includes Hispanic),
35,New Mexico,35013,Dona Ana,2016,2020,White (includes Hispanic),11.1
35,New Mexico,35015,Eddy,2011,2015,Asian/Pacific Islander (includes Hispanic),
35,New Mexico,35015,Eddy,2011,2015,Black (includes Hispanic),
35,New Mexico,35015,Eddy,2011,2015,Hispanic (all races),9.0
35,New Mexico,35015,Eddy,2011,2015,American Indian/Alaskan Native (includes Hispanic),
35,New Mexico,35015,Eddy,2011,2015,White (includes Hispanic),9.9
35,New Mexico,35015,Eddy,2012,2016,Asian/Pacific Islander (includes Hispanic),
35,New Mexico,35015,Eddy,2012,2016,Black (includes Hispanic),
35,New Mexico,35015,Eddy,2012,2016,Hispanic (all races),9.7
35,New Mexico,35015,Eddy,2012,2016,American Indian/Alaskan Native (includes Hispanic),
35,New Mexico,35015,Eddy,2012,2016,White (includes Hispanic),10.0
35,New Mexico,35015,Eddy,2013,2017,Asian/Pacific Islander (includes Hispanic),
35,New Mexico,35015,Eddy,2013,2017,Black (includes Hispanic),
35,New Mexico,35015,Eddy,2013,2017,Hispanic (all races),8.6
35,New Mexico,35015,Eddy,2013,2017,American Indian/Alaskan Native (includes Hispanic),
35,New Mexico,35015,Eddy,2013,2017,White (includes Hispanic),9.4
35,New Mexico,35015,Eddy,2014,2018,Asian/Pacific Islander (includes Hispanic),
35,New Mexico,35015,Eddy,2014,2018,Black (includes Hispanic),
35,New Mexico,35015,Eddy,2014,2018,Hispanic (all races),10.7
35,New Mexico,35015,Eddy,2014,2018,American Indian/Alaskan Native (includes Hispanic),
35,New Mexico,35015,Eddy,2014,2018,White (includes Hispanic),10.4
35,New Mexico,35015,Eddy,2015,2019,Asian/Pacific Islander (includes Hispanic),
35,New Mexico,35015,Eddy,2015,2019,Black (includes Hispanic),
35,New Mexico,35015,Eddy,2015,2019,Hispanic (all races),11.5
35,New Mexico,35015,Eddy,2015,2019,American Indian/Alaskan Native (includes Hispanic),
35,New Mexico,35015,Eddy,2015,2019,White (includes Hispanic),10.8
35,New Mexico,35015,Eddy,2016,2020,Asian/Pacific Islander (includes Hispanic),
35,New Mexico,35015,Eddy,2016,2020,Black (includes Hispanic),
35,New Mexico,35015,Eddy,2016,2020,Hispanic (all races),14.4
35,New Mexico,35015,Eddy,2016,2020,American Indian/Alaskan Native (includes Hispanic),
35,New Mexico,35015,Eddy,2016,2020,White (includes Hispanic),11.8
35,New Mexico,35017,Grant,2011,2015,Asian/Pacific Islander (includes Hispanic),
35,New Mexico,35017,Grant,2011,2015,Black (includes Hispanic),
35,New Mexico,35017,Grant,2011,2015,Hispanic (all races),
35,New Mexico,35017,Grant,2011,2015,American Indian/Alaskan Native (includes Hispanic),
35,New Mexico,35017,Grant,2011,2015,White (includes Hispanic),
35,New Mexico,35017,Grant,2012,2016,Asian/Pacific Islander (includes Hispanic),
35,New Mexico,35017,Grant,2012,2016,Black (includes Hispanic),
35,New Mexico,35017,Grant,2012,2016,Hispanic (all races),
35,New Mexico,35017,Grant,2012,2016,American Indian/Alaskan Native (includes Hispanic),
35,New Mexico,35017,Grant,2012,2016,White (includes Hispanic),
35,New Mexico,35017,Grant,2013,2017,Asian/Pacific Islander (includes Hispanic),
35,New Mexico,35017,Grant,2013,2017,Black (includes Hispanic),
35,New Mexico,35017,Grant,2013,2017,Hispanic (all races),
35,New Mexico,35017,Grant,2013,2017,American Indian/Alaskan Native (includes Hispanic),
35,New Mexico,35017,Grant,2013,2017,White (includes Hispanic),
35,New Mexico,35017,Grant,2014,2018,Asian/Pacific Islander (includes Hispanic),
35,New Mexico,35017,Grant,2014,2018,Black (includes Hispanic),
35,New Mexico,35017,Grant,2014,2018,Hispanic (all races),
35,New Mexico,35017,Grant,2014,2018,American Indian/Alaskan Native (includes Hispanic),
35,New Mexico,35017,Grant,2014,2018,White (includes Hispanic),
35,New Mexico,35017,Grant,2015,2019,Asian/Pacific Islander (includes Hispanic),
35,New Mexico,35017,Grant,2015,2019,Black (includes Hispanic),
35,New Mexico,35017,Grant,2015,2019,Hispanic (all races),
35,New Mexico,35017,Grant,2015,2019,American Indian/Alaskan Native (includes Hispanic),
35,New Mexico,35017,Grant,2015,2019,White (includes Hispanic),
35,New Mexico,35017,Grant,2016,2020,Asian/Pacific Islander (includes Hispanic),
35,New Mexico,35017,Grant,2016,2020,Black (includes Hispanic),
35,New Mexico,35017,Grant,2016,2020,Hispanic (all races),
35,New Mexico,35017,Grant,2016,2020,American Indian/Alaskan Native (includes Hispanic),
35,New Mexico,35017,Grant,2016,2020,White (includes Hispanic),
35,New Mexico,35019,Guadalupe,2011,2015,Asian/Pacific Islander (includes Hispanic),
35,New Mexico,35019,Guadalupe,2011,2015,Black (includes Hispanic),
35,New Mexico,35019,Guadalupe,2011,2015,Hispanic (all races),
35,New Mexico,35019,Guadalupe,2011,2015,American Indian/Alaskan Native (includes Hispanic),
35,New Mexico,35019,Guadalupe,2011,2015,White (includes Hispanic),10.1
35,New Mexico,35019,Guadalupe,2012,2016,Asian/Pacific Islander (includes Hispanic),
35,New Mexico,35019,Guadalupe,2012,2016,Black (includes Hispanic),
35,New Mexico,35019,Guadalupe,2012,2016,Hispanic (all races),
35,New Mexico,35019,Guadalupe,2012,2016,American Indian/Alaskan Native (includes Hispanic),
35,New Mexico,35019,Guadalupe,2012,2016,White (includes Hispanic),12.3
35,New Mexico,35019,Guadalupe,2013,2017,Asian/Pacific Islander (includes Hispanic),
35,New Mexico,35019,Guadalupe,2013,2017,Black (includes Hispanic),
35,New Mexico,35019,Guadalupe,2013,2017,Hispanic (all races),
35,New Mexico,35019,Guadalupe,2013,2017,American Indian/Alaskan Native (includes Hispanic),
35,New Mexico,35019,Guadalupe,2013,2017,White (includes Hispanic),14.1
35,New Mexico,35019,Guadalupe,2014,2018,Asian/Pacific Islander (includes Hispanic),
35,New Mexico,35019,Guadalupe,2014,2018,Black (includes Hispanic),
35,New Mexico,35019,Guadalupe,2014,2018,Hispanic (all races),
35,New Mexico,35019,Guadalupe,2014,2018,American Indian/Alaskan Native (includes Hispanic),
35,New Mexico,35019,Guadalupe,2014,2018,White (includes Hispanic),11.7
35,New Mexico,35019,Guadalupe,2015,2019,Asian/Pacific Islander (includes Hispanic),
35,New Mexico,35019,Guadalupe,2015,2019,Black (includes Hispanic),
35,New Mexico,35019,Guadalupe,2015,2019,Hispanic (all races),
35,New Mexico,35019,Guadalupe,2015,2019,American Indian/Alaskan Native (includes Hispanic),
35,New Mexico,35019,Guadalupe,2015,2019,White (includes Hispanic),9.1
35,New Mexico,35019,Guadalupe,2016,2020,Asian/Pacific Islander (includes Hispanic),
35,New Mexico,35019,Guadalupe,2016,2020,Black (includes Hispanic),
35,New Mexico,35019,Guadalupe,2016,2020,Hispanic (all races),
35,New Mexico,35019,Guadalupe,2016,2020,American Indian/Alaskan Native (includes Hispanic),
35,New Mexico,35019,Guadalupe,2016,2020,White (includes Hispanic),
35,New Mexico,35021,Harding,2011,2015,Asian/Pacific Islander (includes Hispanic),
35,New Mexico,35021,Harding,2011,2015,Black (includes Hispanic),
35,New Mexico,35021,Harding,2011,2015,Hispanic (all races),
35,New Mexico,35021,Harding,2011,2015,American Indian/Alaskan Native (includes Hispanic),
35,New Mexico,35021,Harding,2011,2015,White (includes Hispanic),
35,New Mexico,35021,Harding,2012,2016,Asian/Pacific Islander (includes Hispanic),
35,New Mexico,35021,Harding,2012,2016,Black (includes Hispanic),
35,New Mexico,35021,Harding,2012,2016,Hispanic (all races),
35,New Mexico,35021,Harding,2012,2016,American Indian/Alaskan Native (includes Hispanic),
35,New Mexico,35021,Harding,2012,2016,White (includes Hispanic),14.4
35,New Mexico,35021,Harding,2013,2017,Asian/Pacific Islander (includes Hispanic),
35,New Mexico,35021,Harding,2013,2017,Black (includes Hispanic),
35,New Mexico,35021,Harding,2013,2017,Hispanic (all races),
35,New Mexico,35021,Harding,2013,2017,American Indian/Alaskan Native (includes Hispanic),
35,New Mexico,35021,Harding,2013,2017,White (includes Hispanic),13.7
35,New Mexico,35021,Harding,2014,2018,Asian/Pacific Islander (includes Hispanic),
35,New Mexico,35021,Harding,2014,2018,Black (includes Hispanic),
35,New Mexico,35021,Harding,2014,2018,Hispanic (all races),
35,New Mexico,35021,Harding,2014,2018,American Indian/Alaskan Native (includes Hispanic),
35,New Mexico,35021,Harding,2014,2018,White (includes Hispanic),
35,New Mexico,35021,Harding,2015,2019,Asian/Pacific Islander (includes Hispanic),
35,New Mexico,35021,Harding,2015,2019,Black (includes Hispanic),
35,New Mexico,35021,Harding,2015,2019,Hispanic (all races),
35,New Mexico,35021,Harding,2015,2019,American Indian/Alaskan Native (includes Hispanic),
35,New Mexico,35021,Harding,2015,2019,White (includes Hispanic),
35,New Mexico,35021,Harding,2016,2020,Asian/Pacific Islander (includes Hispanic),
35,New Mexico,35021,Harding,2016,2020,Black (includes Hispanic),
35,New Mexico,35021,Harding,2016,2020,Hispanic (all races),
35,New Mexico,35021,Harding,2016,2020,American Indian/Alaskan Native (includes Hispanic),
35,New Mexico,35021,Harding,2016,2020,White (includes Hispanic),
35,New Mexico,35023,Hidalgo,2011,2015,Asian/Pacific Islander (includes Hispanic),
35,New Mexico,35023,Hidalgo,2011,2015,Black (includes Hispanic),
35,New Mexico,35023,Hidalgo,2011,2015,Hispanic (all races),
35,New Mexico,35023,Hidalgo,2011,2015,American Indian/Alaskan Native (includes Hispanic),
35,New Mexico,35023,Hidalgo,2011,2015,White (includes Hispanic),8.3
35,New Mexico,35023,Hidalgo,2012,2016,Asian/Pacific Islander (includes Hispanic),
35,New Mexico,35023,Hidalgo,2012,2016,Black (includes Hispanic),
35,New Mexico,35023,Hidalgo,2012,2016,Hispanic (all races),
35,New Mexico,35023,Hidalgo,2012,2016,American Indian/Alaskan Native (includes Hispanic),
35,New Mexico,35023,Hidalgo,2012,2016,White (includes Hispanic),7.4
35,New Mexico,35023,Hidalgo,2013,2017,Asian/Pacific Islander (includes Hispanic),
35,New Mexico,35023,Hidalgo,2013,2017,Black (includes Hispanic),
35,New Mexico,35023,Hidalgo,2013,2017,Hispanic (all races),
35,New Mexico,35023,Hidalgo,2013,2017,American Indian/Alaskan Native (includes Hispanic),
35,New Mexico,35023,Hidalgo,2013,2017,White (includes Hispanic),5.6
35,New Mexico,35023,Hidalgo,2014,2018,Asian/Pacific Islander (includes Hispanic),
35,New Mexico,35023,Hidalgo,2014,2018,Black (includes Hispanic),
35,New Mexico,35023,Hidalgo,2014,2018,Hispanic (all races),
35,New Mexico,35023,Hidalgo,2014,2018,American Indian/Alaskan Native (includes Hispanic),
35,New Mexico,35023,Hidalgo,2014,2018,White (includes Hispanic),5.2
35,New Mexico,35023,Hidalgo,2015,2019,Asian/Pacific Islander (includes Hispanic),
35,New Mexico,35023,Hidalgo,2015,2019,Black (includes Hispanic),
35,New Mexico,35023,Hidalgo,2015,2019,Hispanic (all races),
35,New Mexico,35023,Hidalgo,2015,2019,American Indian/Alaskan Native (includes Hispanic),
35,New Mexico,35023,Hidalgo,2015,2019,White (includes Hispanic),5.2
35,New Mexico,35023,Hidalgo,2016,2020,Asian/Pacific Islander (includes Hispanic),
35,New Mexico,35023,Hidalgo,2016,2020,Black (includes Hispanic),
35,New Mexico,35023,Hidalgo,2016,2020,Hispanic (all races),
35,New Mexico,35023,Hidalgo,2016,2020,American Indian/Alaskan Native (includes Hispanic),
35,New Mexico,35023,Hidalgo,2016,2020,White (includes Hispanic),5.2
35,New Mexico,35025,Lea,2011,2015,Asian/Pacific Islander (includes Hispanic),
35,New Mexico,35025,Lea,2011,2015,Black (includes Hispanic),
35,New Mexico,35025,Lea,2011,2015,Hispanic (all races),8.2
35,New Mexico,35025,Lea,2011,2015,American Indian/Alaskan Native (includes Hispanic),
35,New Mexico,35025,Lea,2011,2015,White (includes Hispanic),8.5
35,New Mexico,35025,Lea,2012,2016,Asian/Pacific Islander (includes Hispanic),
35,New Mexico,35025,Lea,2012,2016,Black (includes Hispanic),
35,New Mexico,35025,Lea,2012,2016,Hispanic (all races),9.4
35,New Mexico,35025,Lea,2012,2016,American Indian/Alaskan Native (includes Hispanic),
35,New Mexico,35025,Lea,2012,2016,White (includes Hispanic),9.2
35,New Mexico,35025,Lea,2013,2017,Asian/Pacific Islander (includes Hispanic),
35,New Mexico,35025,Lea,2013,2017,Black (includes Hispanic),
35,New Mexico,35025,Lea,2013,2017,Hispanic (all races),9.9
35,New Mexico,35025,Lea,2013,2017,American Indian/Alaskan Native (includes Hispanic),
35,New Mexico,35025,Lea,2013,2017,White (includes Hispanic),9.6
35,New Mexico,35025,Lea,2014,2018,Asian/Pacific Islander (includes Hispanic),
35,New Mexico,35025,Lea,2014,2018,Black (includes Hispanic),
35,New Mexico,35025,Lea,2014,2018,Hispanic (all races),10.4
35,New Mexico,35025,Lea,2014,2018,American Indian/Alaskan Native (includes Hispanic),
35,New Mexico,35025,Lea,2014,2018,White (includes Hispanic),10.1
35,New Mexico,35025,Lea,2015,2019,Asian/Pacific Islander (includes Hispanic),
35,New Mexico,35025,Lea,2015,2019,Black (includes Hispanic),
35,New Mexico,35025,Lea,2015,2019,Hispanic (all races),11.1
35,New Mexico,35025,Lea,2015,2019,American Indian/Alaskan Native (includes Hispanic),
35,New Mexico,35025,Lea,2015,2019,White (includes Hispanic),10.9
35,New Mexico,35025,Lea,2016,2020,Asian/Pacific Islander (includes Hispanic),
35,New Mexico,35025,Lea,2016,2020,Black (includes Hispanic),
35,New Mexico,35025,Lea,2016,2020,Hispanic (all races),12.6
35,New Mexico,35025,Lea,2016,2020,American Indian/Alaskan Native (includes Hispanic),
35,New Mexico,35025,Lea,2016,2020,White (includes Hispanic),11.2
35,New Mexico,35027,Lincoln,2011,2015,Asian/Pacific Islander (includes Hispanic),
35,New Mexico,35027,Lincoln,2011,2015,Black (includes Hispanic),
35,New Mexico,35027,Lincoln,2011,2015,Hispanic (all races),
35,New Mexico,35027,Lincoln,2011,2015,American Indian/Alaskan Native (includes Hispanic),
35,New Mexico,35027,Lincoln,2011,2015,White (includes Hispanic),8.2
35,New Mexico,35027,Lincoln,2012,2016,Asian/Pacific Islander (includes Hispanic),
35,New Mexico,35027,Lincoln,2012,2016,Black (includes Hispanic),
35,New Mexico,35027,Lincoln,2012,2016,Hispanic (all races),
35,New Mexico,35027,Lincoln,2012,2016,American Indian/Alaskan Native (includes Hispanic),
35,New Mexico,35027,Lincoln,2012,2016,White (includes Hispanic),8.0
35,New Mexico,35027,Lincoln,2013,2017,Asian/Pacific Islander (includes Hispanic),
35,New Mexico,35027,Lincoln,2013,2017,Black (includes Hispanic),
35,New Mexico,35027,Lincoln,2013,2017,Hispanic (all races),9.8
35,New Mexico,35027,Lincoln,2013,2017,American Indian/Alaskan Native (includes Hispanic),
35,New Mexico,35027,Lincoln,2013,2017,White (includes Hispanic),8.9
35,New Mexico,35027,Lincoln,2014,2018,Asian/Pacific Islander (includes Hispanic),
35,New Mexico,35027,Lincoln,2014,2018,Black (includes Hispanic),
35,New Mexico,35027,Lincoln,2014,2018,Hispanic (all races),12.1
35,New Mexico,35027,Lincoln,2014,2018,American Indian/Alaskan Native (includes Hispanic),
35,New Mexico,35027,Lincoln,2014,2018,White (includes Hispanic),9.7
35,New Mexico,35027,Lincoln,2015,2019,Asian/Pacific Islander (includes Hispanic),
35,New Mexico,35027,Lincoln,2015,2019,Black (includes Hispanic),
35,New Mexico,35027,Lincoln,2015,2019,Hispanic (all races),11.3
35,New Mexico,35027,Lincoln,2015,2019,American Indian/Alaskan Native (includes Hispanic),
35,New Mexico,35027,Lincoln,2015,2019,White (includes Hispanic),9.0
35,New Mexico,35027,Lincoln,2016,2020,Asian/Pacific Islander (includes Hispanic),
35,New Mexico,35027,Lincoln,2016,2020,Black (includes Hispanic),
35,New Mexico,35027,Lincoln,2016,2020,Hispanic (all races),11.8
35,New Mexico,35027,Lincoln,2016,2020,American Indian/Alaskan Native (includes Hispanic),
35,New Mexico,35027,Lincoln,2016,2020,White (includes Hispanic),9.8
35,New Mexico,35028,Los Alamos,2011,2015,Asian/Pacific Islander (includes Hispanic),
35,New Mexico,35028,Los Alamos,2011,2015,Black (includes Hispanic),
35,New Mexico,35028,Los Alamos,2011,2015,Hispanic (all races),6.4
35,New Mexico,35028,Los Alamos,2011,2015,American Indian/Alaskan Native (includes Hispanic),
35,New Mexico,35028,Los Alamos,2011,2015,White (includes Hispanic),6.0
35,New Mexico,35028,Los Alamos,2012,2016,Asian/Pacific Islander (includes Hispanic),
35,New Mexico,35028,Los Alamos,2012,2016,Black (includes Hispanic),
35,New Mexico,35028,Los Alamos,2012,2016,Hispanic (all races),7.0
35,New Mexico,35028,Los Alamos,2012,2016,American Indian/Alaskan Native (includes Hispanic),
35,New Mexico,35028,Los Alamos,2012,2016,White (includes Hispanic),6.5
35,New Mexico,35028,Los Alamos,2013,2017,Asian/Pacific Islander (includes Hispanic),
35,New Mexico,35028,Los Alamos,2013,2017,Black (includes Hispanic),
35,New Mexico,35028,Los Alamos,2013,2017,Hispanic (all races),6.8
35,New Mexico,35028,Los Alamos,2013,2017,American Indian/Alaskan Native (includes Hispanic),
35,New Mexico,35028,Los Alamos,2013,2017,White (includes Hispanic),6.8
35,New Mexico,35028,Los Alamos,2014,2018,Asian/Pacific Islander (includes Hispanic),
35,New Mexico,35028,Los Alamos,2014,2018,Black (includes Hispanic),
35,New Mexico,35028,Los Alamos,2014,2018,Hispanic (all races),8.5
35,New Mexico,35028,Los Alamos,2014,2018,American Indian/Alaskan Native (includes Hispanic),
35,New Mexico,35028,Los Alamos,2014,2018,White (includes Hispanic),7.5
35,New Mexico,35028,Los Alamos,2015,2019,Asian/Pacific Islander (includes Hispanic),
35,New Mexico,35028,Los Alamos,2015,2019,Black (includes Hispanic),
35,New Mexico,35028,Los Alamos,2015,2019,Hispanic (all races),8.3
35,New Mexico,35028,Los Alamos,2015,2019,American Indian/Alaskan Native (includes Hispanic),
35,New Mexico,35028,Los Alamos,2015,2019,White (includes Hispanic),7.5
35,New Mexico,35028,Los Alamos,2016,2020,Asian/Pacific Islander (includes Hispanic),
35,New Mexico,35028,Los Alamos,2016,2020,Black (includes Hispanic),
35,New Mexico,35028,Los Alamos,2016,2020,Hispanic (all races),8.5
35,New Mexico,35028,Los Alamos,2016,2020,American Indian/Alaskan Native (includes Hispanic),
35,New Mexico,35028,Los Alamos,2016,2020,White (includes Hispanic),7.6
35,New Mexico,35029,Luna,2011,2015,Asian/Pacific Islander (includes Hispanic),
35,New Mexico,35029,Luna,2011,2015,Black (includes Hispanic),
35,New Mexico,35029,Luna,2011,2015,Hispanic (all races),8.1
35,New Mexico,35029,Luna,2011,2015,American Indian/Alaskan Native (includes Hispanic),
35,New Mexico,35029,Luna,2011,2015,White (includes Hispanic),7.3
35,New Mexico,35029,Luna,2012,2016,Asian/Pacific Islander (includes Hispanic),
35,New Mexico,35029,Luna,2012,2016,Black (includes Hispanic),
35,New Mexico,35029,Luna,2012,2016,Hispanic (all races),9.0
35,New Mexico,35029,Luna,2012,2016,American Indian/Alaskan Native (includes Hispanic),
35,New Mexico,35029,Luna,2012,2016,White (includes Hispanic),8.4
35,New Mexico,35029,Luna,2013,2017,Asian/Pacific Islander (includes Hispanic),
35,New Mexico,35029,Luna,2013,2017,Black (includes Hispanic),
35,New Mexico,35029,Luna,2013,2017,Hispanic (all races),8.9
35,New Mexico,35029,Luna,2013,2017,American Indian/Alaskan Native (includes Hispanic),
35,New Mexico,35029,Luna,2013,2017,White (includes Hispanic),8.6
35,New Mexico,35029,Luna,2014,2018,Asian/Pacific Islander (includes Hispanic),
35,New Mexico,35029,Luna,2014,2018,Black (includes Hispanic),
35,New Mexico,35029,Luna,2014,2018,Hispanic (all races),9.8
35,New Mexico,35029,Luna,2014,2018,American Indian/Alaskan Native (includes Hispanic),
35,New Mexico,35029,Luna,2014,2018,White (includes Hispanic),9.2
35,New Mexico,35029,Luna,2015,2019,Asian/Pacific Islander (includes Hispanic),
35,New Mexico,35029,Luna,2015,2019,Black (includes Hispanic),
35,New Mexico,35029,Luna,2015,2019,Hispanic (all races),10.2
35,New Mexico,35029,Luna,2015,2019,American Indian/Alaskan Native (includes Hispanic),
35,New Mexico,35029,Luna,2015,2019,White (includes Hispanic),9.4
35,New Mexico,35029,Luna,2016,2020,Asian/Pacific Islander (includes Hispanic),
35,New Mexico,35029,Luna,2016,2020,Black (includes Hispanic),
35,New Mexico,35029,Luna,2016,2020,Hispanic (all races),10.7
35,New Mexico,35029,Luna,2016,2020,American Indian/Alaskan Native (includes Hispanic),
35,New Mexico,35029,Luna,2016,2020,White (includes Hispanic),10.3
35,New Mexico,35031,McKinley,2011,2015,Asian/Pacific Islander (includes Hispanic),
35,New Mexico,35031,McKinley,2011,2015,Black (includes Hispanic),
35,New Mexico,35031,McKinley,2011,2015,Hispanic (all races),9.3
35,New Mexico,35031,McKinley,2011,2015,American Indian/Alaskan Native (includes Hispanic),7.0
35,New Mexico,35031,McKinley,2011,2015,White (includes Hispanic),6.7
35,New Mexico,35031,McKinley,2012,2016,Asian/Pacific Islander (includes Hispanic),
35,New Mexico,35031,McKinley,2012,2016,Black (includes Hispanic),
35,New Mexico,35031,McKinley,2012,2016,Hispanic (all races),8.9
35,New Mexico,35031,McKinley,2012,2016,American Indian/Alaskan Native (includes Hispanic),5.9
35,New Mexico,35031,McKinley,2012,2016,White (includes Hispanic),6.3
35,New Mexico,35031,McKinley,2013,2017,Asian/Pacific Islander (includes Hispanic),
35,New Mexico,35031,McKinley,2013,2017,Black (includes Hispanic),
35,New Mexico,35031,McKinley,2013,2017,Hispanic (all races),9.2
35,New Mexico,35031,McKinley,2013,2017,American Indian/Alaskan Native (includes Hispanic),6.9
35,New Mexico,35031,McKinley,2013,2017,White (includes Hispanic),7.2
35,New Mexico,35031,McKinley,2014,2018,Asian/Pacific Islander (includes Hispanic),
35,New Mexico,35031,McKinley,2014,2018,Black (includes Hispanic),
35,New Mexico,35031,McKinley,2014,2018,Hispanic (all races),10.5
35,New Mexico,35031,McKinley,2014,2018,American Indian/Alaskan Native (includes Hispanic),6.3
35,New Mexico,35031,McKinley,2014,2018,White (includes Hispanic),8.1
35,New Mexico,35031,McKinley,2015,2019,Asian/Pacific Islander (includes Hispanic),
35,New Mexico,35031,McKinley,2015,2019,Black (includes Hispanic),
35,New Mexico,35031,McKinley,2015,2019,Hispanic (all races),9.1
35,New Mexico,35031,McKinley,2015,2019,American Indian/Alaskan Native (includes Hispanic),7.5
35,New Mexico,35031,McKinley,2015,2019,White (includes Hispanic),8.2
35,New Mexico,35031,McKinley,2016,2020,Asian/Pacific Islander (includes Hispanic),
35,New Mexico,35031,McKinley,2016,2020,Black (includes Hispanic),
35,New Mexico,35031,McKinley,2016,2020,Hispanic (all races),8.0
35,New Mexico,35031,McKinley,2016,2020,American Indian/Alaskan Native (includes Hispanic),7.3
35,New Mexico,35031,McKinley,2016,2020,White (includes Hispanic),8.0
35,New Mexico,35033,Mora,2011,2015,Asian/Pacific Islander (includes Hispanic),
35,New Mexico,35033,Mora,2011,2015,Black (includes Hispanic),
35,New Mexico,35033,Mora,2011,2015,Hispanic (all races),7.4
35,New Mexico,35033,Mora,2011,2015,American Indian/Alaskan Native (includes Hispanic),
35,New Mexico,35033,Mora,2011,2015,White (includes Hispanic),6.5
35,New Mexico,35033,Mora,2012,2016,Asian/Pacific Islander (includes Hispanic),
35,New Mexico,35033,Mora,2012,2016,Black (includes Hispanic),
35,New Mexico,35033,Mora,2012,2016,Hispanic (all races),8.6
35,New Mexico,35033,Mora,2012,2016,American Indian/Alaskan Native (includes Hispanic),
35,New Mexico,35033,Mora,2012,2016,White (includes Hispanic),7.4
35,New Mexico,35033,Mora,2013,2017,Asian/Pacific Islander (includes Hispanic),
35,New Mexico,35033,Mora,2013,2017,Black (includes Hispanic),
35,New Mexico,35033,Mora,2013,2017,Hispanic (all races),7.8
35,New Mexico,35033,Mora,2013,2017,American Indian/Alaskan Native (includes Hispanic),
35,New Mexico,35033,Mora,2013,2017,White (includes Hispanic),6.9
35,New Mexico,35033,Mora,2014,2018,Asian/Pacific Islander (includes Hispanic),
35,New Mexico,35033,Mora,2014,2018,Black (includes Hispanic),
35,New Mexico,35033,Mora,2014,2018,Hispanic (all races),9.5
35,New Mexico,35033,Mora,2014,2018,American Indian/Alaskan Native (includes Hispanic),
35,New Mexico,35033,Mora,2014,2018,White (includes Hispanic),8.0
35,New Mexico,35033,Mora,2015,2019,Asian/Pacific Islander (includes Hispanic),
35,New Mexico,35033,Mora,2015,2019,Black (includes Hispanic),
35,New Mexico,35033,Mora,2015,2019,Hispanic (all races),8.4
35,New Mexico,35033,Mora,2015,2019,American Indian/Alaskan Native (includes Hispanic),
35,New Mexico,35033,Mora,2015,2019,White (includes Hispanic),7.5
35,New Mexico,35033,Mora,2016,2020,Asian/Pacific Islander (includes Hispanic),
35,New Mexico,35033,Mora,2016,2020,Black (includes Hispanic),
35,New Mexico,35033,Mora,2016,2020,Hispanic (all races),8.6
35,New Mexico,35033,Mora,2016,2020,American Indian/Alaskan Native (includes Hispanic),
35,New Mexico,35033,Mora,2016,2020,White (includes Hispanic),7.5
35,New Mexico,35035,Otero,2011,2015,Asian/Pacific Islander (includes Hispanic),
35,New Mexico,35035,Otero,2011,2015,Black (includes Hispanic),
35,New Mexico,35035,Otero,2011,2015,Hispanic (all races),10.5
35,New Mexico,35035,Otero,2011,2015,American Indian/Alaskan Native (includes Hispanic),
35,New Mexico,35035,Otero,2011,2015,White (includes Hispanic),9.8
35,New Mexico,35035,Otero,2012,2016,Asian/Pacific Islander (includes Hispanic),
35,New Mexico,35035,Otero,2012,2016,Black (includes Hispanic),
35,New Mexico,35035,Otero,2012,2016,Hispanic (all races),10.8
35,New Mexico,35035,Otero,2012,2016,American Indian/Alaskan Native (includes Hispanic),
35,New Mexico,35035,Otero,2012,2016,White (includes Hispanic),10.3
35,New Mexico,35035,Otero,2013,2017,Asian/Pacific Islander (includes Hispanic),
35,New Mexico,35035,Otero,2013,2017,Black (includes Hispanic),
35,New Mexico,35035,Otero,2013,2017,Hispanic (all races),10.6
35,New Mexico,35035,Otero,2013,2017,American Indian/Alaskan Native (includes Hispanic),
35,New Mexico,35035,Otero,2013,2017,White (includes Hispanic),10.0
35,New Mexico,35035,Otero,2014,2018,Asian/Pacific Islander (includes Hispanic),
35,New Mexico,35035,Otero,2014,2018,Black (includes Hispanic),
35,New Mexico,35035,Otero,2014,2018,Hispanic (all races),11.0
35,New Mexico,35035,Otero,2014,2018,American Indian/Alaskan Native (includes Hispanic),
35,New Mexico,35035,Otero,2014,2018,White (includes Hispanic),10.4
35,New Mexico,35035,Otero,2015,2019,Asian/Pacific Islander (includes Hispanic),
35,New Mexico,35035,Otero,2015,2019,Black (includes Hispanic),
35,New Mexico,35035,Otero,2015,2019,Hispanic (all races),11.0
35,New Mexico,35035,Otero,2015,2019,American Indian/Alaskan Native (includes Hispanic),
35,New Mexico,35035,Otero,2015,2019,White (includes Hispanic),10.6
35,New Mexico,35035,Otero,2016,2020,Asian/Pacific Islander (includes Hispanic),
35,New Mexico,35035,Otero,2016,2020,Black (includes Hispanic),
35,New Mexico,35035,Otero,2016,2020,Hispanic (all races),11.4
35,New Mexico,35035,Otero,2016,2020,American Indian/Alaskan Native (includes Hispanic),
35,New Mexico,35035,Otero,2016,2020,White (includes Hispanic),10.9
35,New Mexico,35037,Quay,2011,2015,Asian/Pacific Islander (includes Hispanic),
35,New Mexico,35037,Quay,2011,2015,Black (includes Hispanic),
35,New Mexico,35037,Quay,2011,2015,Hispanic (all races),
35,New Mexico,35037,Quay,2011,2015,American Indian/Alaskan Native (includes Hispanic),
35,New Mexico,35037,Quay,2011,2015,White (includes Hispanic),8.1
35,New Mexico,35037,Quay,2012,2016,Asian/Pacific Islander (includes Hispanic),
35,New Mexico,35037,Quay,2012,2016,Black (includes Hispanic),
35,New Mexico,35037,Quay,2012,2016,Hispanic (all races),12.1
35,New Mexico,35037,Quay,2012,2016,American Indian/Alaskan Native (includes Hispanic),
35,New Mexico,35037,Quay,2012,2016,White (includes Hispanic),12.2
35,New Mexico,35037,Quay,2013,2017,Asian/Pacific Islander (includes Hispanic),
35,New Mexico,35037,Quay,2013,2017,Black (includes Hispanic),
35,New Mexico,35037,Quay,2013,2017,Hispanic (all races),11.8
35,New Mexico,35037,Quay,2013,2017,American Indian/Alaskan Native (includes Hispanic),
35,New Mexico,35037,Quay,2013,2017,White (includes Hispanic),11.1
35,New Mexico,35037,Quay,2014,2018,Asian/Pacific Islander (includes Hispanic),
35,New Mexico,35037,Quay,2014,2018,Black (includes Hispanic),
35,New Mexico,35037,Quay,2014,2018,Hispanic (all races),
35,New Mexico,35037,Quay,2014,2018,American Indian/Alaskan Native (includes Hispanic),
35,New Mexico,35037,Quay,2014,2018,White (includes Hispanic),9.1
35,New Mexico,35037,Quay,2015,2019,Asian/Pacific Islander (includes Hispanic),
35,New Mexico,35037,Quay,2015,2019,Black (includes Hispanic),
35,New Mexico,35037,Quay,2015,2019,Hispanic (all races),
35,New Mexico,35037,Quay,2015,2019,American Indian/Alaskan Native (includes Hispanic),
35,New Mexico,35037,Quay,2015,2019,White (includes Hispanic),8.5
35,New Mexico,35037,Quay,2016,2020,Asian/Pacific Islander (includes Hispanic),
35,New Mexico,35037,Quay,2016,2020,Black (includes Hispanic),
35,New Mexico,35037,Quay,2016,2020,Hispanic (all races),
35,New Mexico,35037,Quay,2016,2020,American Indian/Alaskan Native (includes Hispanic),
35,New Mexico,35037,Quay,2016,2020,White (includes Hispanic),7.7
35,New Mexico,35039,Rio Arriba,2011,2015,Asian/Pacific Islander (includes Hispanic),
35,New Mexico,35039,Rio Arriba,2011,2015,Black (includes Hispanic),
35,New Mexico,35039,Rio Arriba,2011,2015,Hispanic (all races),7.1
35,New Mexico,35039,Rio Arriba,2011,2015,American Indian/Alaskan Native (includes Hispanic),
35,New Mexico,35039,Rio Arriba,2011,2015,White (includes Hispanic),6.2
35,New Mexico,35039,Rio Arriba,2012,2016,Asian/Pacific Islander (includes Hispanic),
35,New Mexico,35039,Rio Arriba,2012,2016,Black (includes Hispanic),
35,New Mexico,35039,Rio Arriba,2012,2016,Hispanic (all races),8.1
35,New Mexico,35039,Rio Arriba,2012,2016,American Indian/Alaskan Native (includes Hispanic),
35,New Mexico,35039,Rio Arriba,2012,2016,White (includes Hispanic),6.6
35,New Mexico,35039,Rio Arriba,2013,2017,Asian/Pacific Islander (includes Hispanic),
35,New Mexico,35039,Rio Arriba,2013,2017,Black (includes Hispanic),
35,New Mexico,35039,Rio Arriba,2013,2017,Hispanic (all races),7.8
35,New Mexico,35039,Rio Arriba,2013,2017,American Indian/Alaskan Native (includes Hispanic),
35,New Mexico,35039,Rio Arriba,2013,2017,White (includes Hispanic),6.8
35,New Mexico,35039,Rio Arriba,2014,2018,Asian/Pacific Islander (includes Hispanic),
35,New Mexico,35039,Rio Arriba,2014,2018,Black (includes Hispanic),
35,New Mexico,35039,Rio Arriba,2014,2018,Hispanic (all races),9.6
35,New Mexico,35039,Rio Arriba,2014,2018,American Indian/Alaskan Native (includes Hispanic),
35,New Mexico,35039,Rio Arriba,2014,2018,White (includes Hispanic),7.9
35,New Mexico,35039,Rio Arriba,2015,2019,Asian/Pacific Islander (includes Hispanic),
35,New Mexico,35039,Rio Arriba,2015,2019,Black (includes Hispanic),
35,New Mexico,35039,Rio Arriba,2015,2019,Hispanic (all races),9.0
35,New Mexico,35039,Rio Arriba,2015,2019,American Indian/Alaskan Native (includes Hispanic),
35,New Mexico,35039,Rio Arriba,2015,2019,White (includes Hispanic),7.9
35,New Mexico,35039,Rio Arriba,2016,2020,Asian/Pacific Islander (includes Hispanic),
35,New Mexico,35039,Rio Arriba,2016,2020,Black (includes Hispanic),
35,New Mexico,35039,Rio Arriba,2016,2020,Hispanic (all races),8.8
35,New Mexico,35039,Rio Arriba,2016,2020,American Indian/Alaskan Native (includes Hispanic),
35,New Mexico,35039,Rio Arriba,2016,2020,White (includes Hispanic),7.7
35,New Mexico,35041,Roosevelt,2011,2015,Asian/Pacific Islander (includes Hispanic),
35,New Mexico,35041,Roosevelt,2011,2015,Black (includes Hispanic),
35,New Mexico,35041,Roosevelt,2011,2015,Hispanic (all races),8.8
35,New Mexico,35041,Roosevelt,2011,2015,American Indian/Alaskan Native (includes Hispanic),
35,New Mexico,35041,Roosevelt,2011,2015,White (includes Hispanic),8.1
35,New Mexico,35041,Roosevelt,2012,2016,Asian/Pacific Islander (includes Hispanic),
35,New Mexico,35041,Roosevelt,2012,2016,Black (includes Hispanic),
35,New Mexico,35041,Roosevelt,2012,2016,Hispanic (all races),9.6
35,New Mexico,35041,Roosevelt,2012,2016,American Indian/Alaskan Native (includes Hispanic),
35,New Mexico,35041,Roosevelt,2012,2016,White (includes Hispanic),9.2
35,New Mexico,35041,Roosevelt,2013,2017,Asian/Pacific Islander (includes Hispanic),
35,New Mexico,35041,Roosevelt,2013,2017,Black (includes Hispanic),
35,New Mexico,35041,Roosevelt,2013,2017,Hispanic (all races),10.0
35,New Mexico,35041,Roosevelt,2013,2017,American Indian/Alaskan Native (includes Hispanic),
35,New Mexico,35041,Roosevelt,2013,2017,White (includes Hispanic),10.1
35,New Mexico,35041,Roosevelt,2014,2018,Asian/Pacific Islander (includes Hispanic),
35,New Mexico,35041,Roosevelt,2014,2018,Black (includes Hispanic),
35,New Mexico,35041,Roosevelt,2014,2018,Hispanic (all races),9.4
35,New Mexico,35041,Roosevelt,2014,2018,American Indian/Alaskan Native (includes Hispanic),
35,New Mexico,35041,Roosevelt,2014,2018,White (includes Hispanic),9.9
35,New Mexico,35041,Roosevelt,2015,2019,Asian/Pacific Islander (includes Hispanic),
35,New Mexico,35041,Roosevelt,2015,2019,Black (includes Hispanic),
35,New Mexico,35041,Roosevelt,2015,2019,Hispanic (all races),9.6
35,New Mexico,35041,Roosevelt,2015,2019,American Indian/Alaskan Native (includes Hispanic),
35,New Mexico,35041,Roosevelt,2015,2019,White (includes Hispanic),10.2
35,New Mexico,35041,Roosevelt,2016,2020,Asian/Pacific Islander (includes Hispanic),
35,New Mexico,35041,Roosevelt,2016,2020,Black (includes Hispanic),
35,New Mexico,35041,Roosevelt,2016,2020,Hispanic (all races),10.0
35,New Mexico,35041,Roosevelt,2016,2020,American Indian/Alaskan Native (includes Hispanic),
35,New Mexico,35041,Roosevelt,2016,2020,White (includes Hispanic),10.6
35,New Mexico,35045,San Juan,2011,2015,Asian/Pacific Islander (includes Hispanic),
35,New Mexico,35045,San Juan,2011,2015,Black (includes Hispanic),
35,New Mexico,35045,San Juan,2011,2015,Hispanic (all races),8.6
35,New Mexico,35045,San Juan,2011,2015,American Indian/Alaskan Native (includes Hispanic),6.8
35,New Mexico,35045,San Juan,2011,2015,White (includes Hispanic),6.0
35,New Mexico,35045,San Juan,2012,2016,Asian/Pacific Islander (includes Hispanic),
35,New Mexico,35045,San Juan,2012,2016,Black (includes Hispanic),
35,New Mexico,35045,San Juan,2012,2016,Hispanic (all races),8.3
35,New Mexico,35045,San Juan,2012,2016,American Indian/Alaskan Native (includes Hispanic),5.7
35,New Mexico,35045,San Juan,2012,2016,White (includes Hispanic),5.9
35,New Mexico,35045,San Juan,2013,2017,Asian/Pacific Islander (includes Hispanic),
35,New Mexico,35045,San Juan,2013,2017,Black (includes Hispanic),
35,New Mexico,35045,San Juan,2013,2017,Hispanic (all races),8.7
35,New Mexico,35045,San Juan,2013,2017,American Indian/Alaskan Native (includes Hispanic),6.4
35,New Mexico,35045,San Juan,2013,2017,White (includes Hispanic),6.9
35,New Mexico,35045,San Juan,2014,2018,Asian/Pacific Islander (includes Hispanic),
35,New Mexico,35045,San Juan,2014,2018,Black (includes Hispanic),
35,New Mexico,35045,San Juan,2014,2018,Hispanic (all races),9.1
35,New Mexico,35045,San Juan,2014,2018,American Indian/Alaskan Native (includes Hispanic),6.1
35,New Mexico,35045,San Juan,2014,2018,White (includes Hispanic),7.1
35,New Mexico,35045,San Juan,2015,2019,Asian/Pacific Islander (includes Hispanic),
35,New Mexico,35045,San Juan,2015,2019,Black (includes Hispanic),
35,New Mexico,35045,San Juan,2015,2019,Hispanic (all races),7.9
35,New Mexico,35045,San Juan,2015,2019,American Indian/Alaskan Native (includes Hispanic),7.1
35,New Mexico,35045,San Juan,2015,2019,White (includes Hispanic),7.2
35,New Mexico,35045,San Juan,2016,2020,Asian/Pacific Islander (includes Hispanic),
35,New Mexico,35045,San Juan,2016,2020,Black (includes Hispanic),
35,New Mexico,35045,San Juan,2016,2020,Hispanic (all races),8.0
35,New Mexico,35045,San Juan,2016,2020,American Indian/Alaskan Native (includes Hispanic),6.9
35,New Mexico,35045,San Juan,2016,2020,White (includes Hispanic),7.1
35,New Mexico,35047,San Miguel,2011,2015,Asian/Pacific Islander (includes Hispanic),
35,New Mexico,35047,San Miguel,2011,2015,Black (includes Hispanic),
35,New Mexico,35047,San Miguel,2011,2015,Hispanic (all races),6.2
35,New Mexico,35047,San Miguel,2011,2015,American Indian/Alaskan Native (includes Hispanic),
35,New Mexico,35047,San Miguel,2011,2015,White (includes Hispanic),6.0
35,New Mexico,35047,San Miguel,2012,2016,Asian/Pacific Islander (includes Hispanic),
35,New Mexico,35047,San Miguel,2012,2016,Black (includes Hispanic),
35,New Mexico,35047,San Miguel,2012,2016,Hispanic (all races),8.8
35,New Mexico,35047,San Miguel,2012,2016,American Indian/Alaskan Native (includes Hispanic),
35,New Mexico,35047,San Miguel,2012,2016,White (includes Hispanic),7.9
35,New Mexico,35047,San Miguel,2013,2017,Asian/Pacific Islander (includes Hispanic),
35,New Mexico,35047,San Miguel,2013,2017,Black (includes Hispanic),
35,New Mexico,35047,San Miguel,2013,2017,Hispanic (all races),8.8
35,New Mexico,35047,San Miguel,2013,2017,American Indian/Alaskan Native (includes Hispanic),
35,New Mexico,35047,San Miguel,2013,2017,White (includes Hispanic),8.6
35,New Mexico,35047,San Miguel,2014,2018,Asian/Pacific Islander (includes Hispanic),
35,New Mexico,35047,San Miguel,2014,2018,Black (includes Hispanic),
35,New Mexico,35047,San Miguel,2014,2018,Hispanic (all races),10.4
35,New Mexico,35047,San Miguel,2014,2018,American Indian/Alaskan Native (includes Hispanic),
35,New Mexico,35047,San Miguel,2014,2018,White (includes Hispanic),9.8
35,New Mexico,35047,San Miguel,2015,2019,Asian/Pacific Islander (includes Hispanic),
35,New Mexico,35047,San Miguel,2015,2019,Black (includes Hispanic),
35,New Mexico,35047,San Miguel,2015,2019,Hispanic (all races),9.1
35,New Mexico,35047,San Miguel,2015,2019,American Indian/Alaskan Native (includes Hispanic),
35,New Mexico,35047,San Miguel,2015,2019,White (includes Hispanic),8.7
35,New Mexico,35047,San Miguel,2016,2020,Asian/Pacific Islander (includes Hispanic),
35,New Mexico,35047,San Miguel,2016,2020,Black (includes Hispanic),
35,New Mexico,35047,San Miguel,2016,2020,Hispanic (all races),9.6
35,New Mexico,35047,San Miguel,2016,2020,American Indian/Alaskan Native (includes Hispanic),
35,New Mexico,35047,San Miguel,2016,2020,White (includes Hispanic),8.9
35,New Mexico,35043,Sandoval,2011,2015,Asian/Pacific Islander (includes Hispanic),
35,New Mexico,35043,Sandoval,2011,2015,Black (includes Hispanic),
35,New Mexico,35043,Sandoval,2011,2015,Hispanic (all races),8.2
35,New Mexico,35043,Sandoval,2011,2015,American Indian/Alaskan Native (includes Hispanic),7.8
35,New Mexico,35043,Sandoval,2011,2015,White (includes Hispanic),7.0
35,New Mexico,35043,Sandoval,2012,2016,Asian/Pacific Islander (includes Hispanic),
35,New Mexico,35043,Sandoval,2012,2016,Black (includes Hispanic),
35,New Mexico,35043,Sandoval,2012,2016,Hispanic (all races),8.3
35,New Mexico,35043,Sandoval,2012,2016,American Indian/Alaskan Native (includes Hispanic),7.2
35,New Mexico,35043,Sandoval,2012,2016,White (includes Hispanic),6.9
35,New Mexico,35043,Sandoval,2013,2017,Asian/Pacific Islander (includes Hispanic),
35,New Mexico,35043,Sandoval,2013,2017,Black (includes Hispanic),
35,New Mexico,35043,Sandoval,2013,2017,Hispanic (all races),8.0
35,New Mexico,35043,Sandoval,2013,2017,American Indian/Alaskan Native (includes Hispanic),8.1
35,New Mexico,35043,Sandoval,2013,2017,White (includes Hispanic),7.1
35,New Mexico,35043,Sandoval,2014,2018,Asian/Pacific Islander (includes Hispanic),
35,New Mexico,35043,Sandoval,2014,2018,Black (includes Hispanic),
35,New Mexico,35043,Sandoval,2014,2018,Hispanic (all races),8.8
35,New Mexico,35043,Sandoval,2014,2018,American Indian/Alaskan Native (includes Hispanic),6.9
35,New Mexico,35043,Sandoval,2014,2018,White (includes Hispanic),7.8
35,New Mexico,35043,Sandoval,2015,2019,Asian/Pacific Islander (includes Hispanic),
35,New Mexico,35043,Sandoval,2015,2019,Black (includes Hispanic),
35,New Mexico,35043,Sandoval,2015,2019,Hispanic (all races),8.2
35,New Mexico,35043,Sandoval,2015,2019,American Indian/Alaskan Native (includes Hispanic),6.7
35,New Mexico,35043,Sandoval,2015,2019,White (includes Hispanic),7.6
35,New Mexico,35043,Sandoval,2016,2020,Asian/Pacific Islander (includes Hispanic),
35,New Mexico,35043,Sandoval,2016,2020,Black (includes Hispanic),
35,New Mexico,35043,Sandoval,2016,2020,Hispanic (all races),7.9
35,New Mexico,35043,Sandoval,2016,2020,American Indian/Alaskan Native (includes Hispanic),6.3
35,New Mexico,35043,Sandoval,2016,2020,White (includes Hispanic),7.1
35,New Mexico,35049,Santa Fe,2011,2015,Asian/Pacific Islander (includes Hispanic),
35,New Mexico,35049,Santa Fe,2011,2015,Black (includes Hispanic),
35,New Mexico,35049,Santa Fe,2011,2015,Hispanic (all races),8.0
35,New Mexico,35049,Santa Fe,2011,2015,American Indian/Alaskan Native (includes Hispanic),
35,New Mexico,35049,Santa Fe,2011,2015,White (includes Hispanic),7.2
35,New Mexico,35049,Santa Fe,2012,2016,Asian/Pacific Islander (includes Hispanic),
35,New Mexico,35049,Santa Fe,2012,2016,Black (includes Hispanic),
35,New Mexico,35049,Santa Fe,2012,2016,Hispanic (all races),8.5
35,New Mexico,35049,Santa Fe,2012,2016,American Indian/Alaskan Native (includes Hispanic),
35,New Mexico,35049,Santa Fe,2012,2016,White (includes Hispanic),7.4
35,New Mexico,35049,Santa Fe,2013,2017,Asian/Pacific Islander (includes Hispanic),
35,New Mexico,35049,Santa Fe,2013,2017,Black (includes Hispanic),
35,New Mexico,35049,Santa Fe,2013,2017,Hispanic (all races),8.3
35,New Mexico,35049,Santa Fe,2013,2017,American Indian/Alaskan Native (includes Hispanic),
35,New Mexico,35049,Santa Fe,2013,2017,White (includes Hispanic),7.6
35,New Mexico,35049,Santa Fe,2014,2018,Asian/Pacific Islander (includes Hispanic),
35,New Mexico,35049,Santa Fe,2014,2018,Black (includes Hispanic),
35,New Mexico,35049,Santa Fe,2014,2018,Hispanic (all races),8.9
35,New Mexico,35049,Santa Fe,2014,2018,American Indian/Alaskan Native (includes Hispanic),
35,New Mexico,35049,Santa Fe,2014,2018,White (includes Hispanic),8.1
35,New Mexico,35049,Santa Fe,2015,2019,Asian/Pacific Islander (includes Hispanic),
35,New Mexico,35049,Santa Fe,2015,2019,Black (includes Hispanic),
35,New Mexico,35049,Santa Fe,2015,2019,Hispanic (all races),8.2
35,New Mexico,35049,Santa Fe,2015,2019,American Indian/Alaskan Native (includes Hispanic),
35,New Mexico,35049,Santa Fe,2015,2019,White (includes Hispanic),7.6
35,New Mexico,35049,Santa Fe,2016,2020,Asian/Pacific Islander (includes Hispanic),
35,New Mexico,35049,Santa Fe,2016,2020,Black (includes Hispanic),
35,New Mexico,35049,Santa Fe,2016,2020,Hispanic (all races),8.0
35,New Mexico,35049,Santa Fe,2016,2020,American Indian/Alaskan Native (includes Hispanic),
35,New Mexico,35049,Santa Fe,2016,2020,White (includes Hispanic),7.1
35,New Mexico,35051,Sierra,2011,2015,Asian/Pacific Islander (includes Hispanic),
35,New Mexico,35051,Sierra,2011,2015,Black (includes Hispanic),
35,New Mexico,35051,Sierra,2011,2015,Hispanic (all races),8.2
35,New Mexico,35051,Sierra,2011,2015,American Indian/Alaskan Native (includes Hispanic),
35,New Mexico,35051,Sierra,2011,2015,White (includes Hispanic),7.7
35,New Mexico,35051,Sierra,2012,2016,Asian/Pacific Islander (includes Hispanic),
35,New Mexico,35051,Sierra,2012,2016,Black (includes Hispanic),
35,New Mexico,35051,Sierra,2012,2016,Hispanic (all races),8.8
35,New Mexico,35051,Sierra,2012,2016,American Indian/Alaskan Native (includes Hispanic),
35,New Mexico,35051,Sierra,2012,2016,White (includes Hispanic),8.0
35,New Mexico,35051,Sierra,2013,2017,Asian/Pacific Islander (includes Hispanic),
35,New Mexico,35051,Sierra,2013,2017,Black (includes Hispanic),
35,New Mexico,35051,Sierra,2013,2017,Hispanic (all races),8.6
35,New Mexico,35051,Sierra,2013,2017,American Indian/Alaskan Native (includes Hispanic),
35,New Mexico,35051,Sierra,2013,2017,White (includes Hispanic),7.9
35,New Mexico,35051,Sierra,2014,2018,Asian/Pacific Islander (includes Hispanic),
35,New Mexico,35051,Sierra,2014,2018,Black (includes Hispanic),
35,New Mexico,35051,Sierra,2014,2018,Hispanic (all races),10.2
35,New Mexico,35051,Sierra,2014,2018,American Indian/Alaskan Native (includes Hispanic),
35,New Mexico,35051,Sierra,2014,2018,White (includes Hispanic),8.9
35,New Mexico,35051,Sierra,2015,2019,Asian/Pacific Islander (includes Hispanic),
35,New Mexico,35051,Sierra,2015,2019,Black (includes Hispanic),
35,New Mexico,35051,Sierra,2015,2019,Hispanic (all races),10.2
35,New Mexico,35051,Sierra,2015,2019,American Indian/Alaskan Native (includes Hispanic),
35,New Mexico,35051,Sierra,2015,2019,White (includes Hispanic),8.7
35,New Mexico,35051,Sierra,2016,2020,Asian/Pacific Islander (includes Hispanic),
35,New Mexico,35051,Sierra,2016,2020,Black (includes Hispanic),
35,New Mexico,35051,Sierra,2016,2020,Hispanic (all races),11.0
35,New Mexico,35051,Sierra,2016,2020,American Indian/Alaskan Native (includes Hispanic),
35,New Mexico,35051,Sierra,2016,2020,White (includes Hispanic),9.7
35,New Mexico,35053,Socorro,2011,2015,Asian/Pacific Islander (includes Hispanic),
35,New Mexico,35053,Socorro,2011,2015,Black (includes Hispanic),
35,New Mexico,35053,Socorro,2011,2015,Hispanic (all races),11.3
35,New Mexico,35053,Socorro,2011,2015,American Indian/Alaskan Native (includes Hispanic),
35,New Mexico,35053,Socorro,2011,2015,White (includes Hispanic),11.0
35,New Mexico,35053,Socorro,2012,2016,Asian/Pacific Islander (includes Hispanic),
35,New Mexico,35053,Socorro,2012,2016,Black (includes Hispanic),
35,New Mexico,35053,Socorro,2012,2016,Hispanic (all races),13.7
35,New Mexico,35053,Socorro,2012,2016,American Indian/Alaskan Native (includes Hispanic),
35,New Mexico,35053,Socorro,2012,2016,White (includes Hispanic),11.4
35,New Mexico,35053,Socorro,2013,2017,Asian/Pacific Islander (includes Hispanic),
35,New Mexico,35053,Socorro,2013,2017,Black (includes Hispanic),
35,New Mexico,35053,Socorro,2013,2017,Hispanic (all races),13.5
35,New Mexico,35053,Socorro,2013,2017,American Indian/Alaskan Native (includes Hispanic),
35,New Mexico,35053,Socorro,2013,2017,White (includes Hispanic),11.8
35,New Mexico,35053,Socorro,2014,2018,Asian/Pacific Islander (includes Hispanic),
35,New Mexico,35053,Socorro,2014,2018,Black (includes Hispanic),
35,New Mexico,35053,Socorro,2014,2018,Hispanic (all races),13.3
35,New Mexico,35053,Socorro,2014,2018,American Indian/Alaskan Native (includes Hispanic),
35,New Mexico,35053,Socorro,2014,2018,White (includes Hispanic),12.0
35,New Mexico,35053,Socorro,2015,2019,Asian/Pacific Islander (includes Hispanic),
35,New Mexico,35053,Socorro,2015,2019,Black (includes Hispanic),
35,New Mexico,35053,Socorro,2015,2019,Hispanic (all races),13.4
35,New Mexico,35053,Socorro,2015,2019,American Indian/Alaskan Native (includes Hispanic),
35,New Mexico,35053,Socorro,2015,2019,White (includes Hispanic),11.7
35,New Mexico,35053,Socorro,2016,2020,Asian/Pacific Islander (includes Hispanic),
35,New Mexico,35053,Socorro,2016,2020,Black (includes Hispanic),
35,New Mexico,35053,Socorro,2016,2020,Hispanic (all races),11.4
35,New Mexico,35053,Socorro,2016,2020,American Indian/Alaskan Native (includes Hispanic),
35,New Mexico,35053,Socorro,2016,2020,White (includes Hispanic),10.8
35,New Mexico,35055,Taos,2011,2015,Asian/Pacific Islander (includes Hispanic),
35,New Mexico,35055,Taos,2011,2015,Black (includes Hispanic),
35,New Mexico,35055,Taos,2011,2015,Hispanic (all races),
35,New Mexico,35055,Taos,2011,2015,American Indian/Alaskan Native (includes Hispanic),
35,New Mexico,35055,Taos,2011,2015,White (includes Hispanic),8.3
35,New Mexico,35055,Taos,2012,2016,Asian/Pacific Islander (includes Hispanic),
35,New Mexico,35055,Taos,2012,2016,Black (includes Hispanic),
35,New Mexico,35055,Taos,2012,2016,Hispanic (all races),
35,New Mexico,35055,Taos,2012,2016,American Indian/Alaskan Native (includes Hispanic),
35,New Mexico,35055,Taos,2012,2016,White (includes Hispanic),9.0
35,New Mexico,35055,Taos,2013,2017,Asian/Pacific Islander (includes Hispanic),
35,New Mexico,35055,Taos,2013,2017,Black (includes Hispanic),
35,New Mexico,35055,Taos,2013,2017,Hispanic (all races),
35,New Mexico,35055,Taos,2013,2017,American Indian/Alaskan Native (includes Hispanic),
35,New Mexico,35055,Taos,2013,2017,White (includes Hispanic),8.7
35,New Mexico,35055,Taos,2014,2018,Asian/Pacific Islander (includes Hispanic),
35,New Mexico,35055,Taos,2014,2018,Black (includes Hispanic),
35,New Mexico,35055,Taos,2014,2018,Hispanic (all races),11.3
35,New Mexico,35055,Taos,2014,2018,American Indian/Alaskan Native (includes Hispanic),
35,New Mexico,35055,Taos,2014,2018,White (includes Hispanic),8.2
35,New Mexico,35055,Taos,2015,2019,Asian/Pacific Islander (includes Hispanic),
35,New Mexico,35055,Taos,2015,2019,Black (includes Hispanic),
35,New Mexico,35055,Taos,2015,2019,Hispanic (all races),12.2
35,New Mexico,35055,Taos,2015,2019,American Indian/Alaskan Native (includes Hispanic),
35,New Mexico,35055,Taos,2015,2019,White (includes Hispanic),9.8
35,New Mexico,35055,Taos,2016,2020,Asian/Pacific Islander (includes Hispanic),
35,New Mexico,35055,Taos,2016,2020,Black (includes Hispanic),
35,New Mexico,35055,Taos,2016,2020,Hispanic (all races),11.7
35,New Mexico,35055,Taos,2016,2020,American Indian/Alaskan Native (includes Hispanic),
35,New Mexico,35055,Taos,2016,2020,White (includes Hispanic),9.5
35,New Mexico,35057,Torrance,2011,2015,Asian/Pacific Islander (includes Hispanic),
35,New Mexico,35057,Torrance,2011,2015,Black (includes Hispanic),
35,New Mexico,35057,Torrance,2011,2015,Hispanic (all races),8.4
35,New Mexico,35057,Torrance,2011,2015,American Indian/Alaskan Native (includes Hispanic),
35,New Mexico,35057,Torrance,2011,2015,White (includes Hispanic),7.6
35,New Mexico,35057,Torrance,2012,2016,Asian/Pacific Islander (includes Hispanic),
35,New Mexico,35057,Torrance,2012,2016,Black (includes Hispanic),
35,New Mexico,35057,Torrance,2012,2016,Hispanic (all races),9.2
35,New Mexico,35057,Torrance,2012,2016,American Indian/Alaskan Native (includes Hispanic),
35,New Mexico,35057,Torrance,2012,2016,White (includes Hispanic),7.8
35,New Mexico,35057,Torrance,2013,2017,Asian/Pacific Islander (includes Hispanic),
35,New Mexico,35057,Torrance,2013,2017,Black (includes Hispanic),
35,New Mexico,35057,Torrance,2013,2017,Hispanic (all races),8.8
35,New Mexico,35057,Torrance,2013,2017,American Indian/Alaskan Native (includes Hispanic),14.5
35,New Mexico,35057,Torrance,2013,2017,White (includes Hispanic),7.9
35,New Mexico,35057,Torrance,2014,2018,Asian/Pacific Islander (includes Hispanic),
35,New Mexico,35057,Torrance,2014,2018,Black (includes Hispanic),
35,New Mexico,35057,Torrance,2014,2018,Hispanic (all races),9.3
35,New Mexico,35057,Torrance,2014,2018,American Indian/Alaskan Native (includes Hispanic),
35,New Mexico,35057,Torrance,2014,2018,White (includes Hispanic),8.5
35,New Mexico,35057,Torrance,2015,2019,Asian/Pacific Islander (includes Hispanic),
35,New Mexico,35057,Torrance,2015,2019,Black (includes Hispanic),
35,New Mexico,35057,Torrance,2015,2019,Hispanic (all races),8.6
35,New Mexico,35057,Torrance,2015,2019,American Indian/Alaskan Native (includes Hispanic),
35,New Mexico,35057,Torrance,2015,2019,White (includes Hispanic),8.0
35,New Mexico,35057,Torrance,2016,2020,Asian/Pacific Islander (includes Hispanic),
35,New Mexico,35057,Torrance,2016,2020,Black (includes Hispanic),
35,New Mexico,35057,Torrance,2016,2020,Hispanic (all races),8.4
35,New Mexico,35057,Torrance,2016,2020,American Indian/Alaskan Native (includes Hispanic),
35,New Mexico,35057,Torrance,2016,2020,White (includes Hispanic),7.5
35,New Mexico,35059,Union,2011,2015,Asian/Pacific Islander (includes Hispanic),
35,New Mexico,35059,Union,2011,2015,Black (includes Hispanic),
35,New Mexico,35059,Union,2011,2015,Hispanic (all races),
35,New Mexico,35059,Union,2011,2015,American Indian/Alaskan Native (includes Hispanic),
35,New Mexico,35059,Union,2011,2015,White (includes Hispanic),
35,New Mexico,35059,Union,2012,2016,Asian/Pacific Islander (includes Hispanic),
35,New Mexico,35059,Union,2012,2016,Black (includes Hispanic),
35,New Mexico,35059,Union,2012,2016,Hispanic (all races),
35,New Mexico,35059,Union,2012,2016,American Indian/Alaskan Native (includes Hispanic),
35,New Mexico,35059,Union,2012,2016,White (includes Hispanic),14.3
35,New Mexico,35059,Union,2013,2017,Asian/Pacific Islander (includes Hispanic),
35,New Mexico,35059,Union,2013,2017,Black (includes Hispanic),
35,New Mexico,35059,Union,2013,2017,Hispanic (all races),
35,New Mexico,35059,Union,2013,2017,American Indian/Alaskan Native (includes Hispanic),
35,New Mexico,35059,Union,2013,2017,White (includes Hispanic),
35,New Mexico,35059,Union,2014,2018,Asian/Pacific Islander (includes Hispanic),
35,New Mexico,35059,Union,2014,2018,Black (includes Hispanic),
35,New Mexico,35059,Union,2014,2018,Hispanic (all races),
35,New Mexico,35059,Union,2014,2018,American Indian/Alaskan Native (includes Hispanic),
35,New Mexico,35059,Union,2014,2018,White (includes Hispanic),
35,New Mexico,35059,Union,2015,2019,Asian/Pacific Islander (includes Hispanic),
35,New Mexico,35059,Union,2015,2019,Black (includes Hispanic),
35,New Mexico,35059,Union,2015,2019,Hispanic (all races),
35,New Mexico,35059,Union,2015,2019,American Indian/Alaskan Native (includes Hispanic),
35,New Mexico,35059,Union,2015,2019,White (includes Hispanic),
35,New Mexico,35059,Union,2016,2020,Asian/Pacific Islander (includes Hispanic),
35,New Mexico,35059,Union,2016,2020,Black (includes Hispanic),
35,New Mexico,35059,Union,2016,2020,Hispanic (all races),
35,New Mexico,35059,Union,2016,2020,American Indian/Alaskan Native (includes Hispanic),
35,New Mexico,35059,Union,2016,2020,White (includes Hispanic),
35,New Mexico,35061,Valencia,2011,2015,Asian/Pacific Islander (includes Hispanic),
35,New Mexico,35061,Valencia,2011,2015,Black (includes Hispanic),
35,New Mexico,35061,Valencia,2011,2015,Hispanic (all races),9.2
35,New Mexico,35061,Valencia,2011,2015,American Indian/Alaskan Native (includes Hispanic),
35,New Mexico,35061,Valencia,2011,2015,White (includes Hispanic),8.2
35,New Mexico,35061,Valencia,2012,2016,Asian/Pacific Islander (includes Hispanic),
35,New Mexico,35061,Valencia,2012,2016,Black (includes Hispanic),
35,New Mexico,35061,Valencia,2012,2016,Hispanic (all races),9.6
35,New Mexico,35061,Valencia,2012,2016,American Indian/Alaskan Native (includes Hispanic),
35,New Mexico,35061,Valencia,2012,2016,White (includes Hispanic),8.2
35,New Mexico,35061,Valencia,2013,2017,Asian/Pacific Islander (includes Hispanic),
35,New Mexico,35061,Valencia,2013,2017,Black (includes Hispanic),
35,New Mexico,35061,Valencia,2013,2017,Hispanic (all races),9.4
35,New Mexico,35061,Valencia,2013,2017,American Indian/Alaskan Native (includes Hispanic),15.4
35,New Mexico,35061,Valencia,2013,2017,White (includes Hispanic),8.4
35,New Mexico,35061,Valencia,2014,2018,Asian/Pacific Islander (includes Hispanic),
35,New Mexico,35061,Valencia,2014,2018,Black (includes Hispanic),
35,New Mexico,35061,Valencia,2014,2018,Hispanic (all races),9.7
35,New Mexico,35061,Valencia,2014,2018,American Indian/Alaskan Native (includes Hispanic),13.6
35,New Mexico,35061,Valencia,2014,2018,White (includes Hispanic),8.9
35,New Mexico,35061,Valencia,2015,2019,Asian/Pacific Islander (includes Hispanic),
35,New Mexico,35061,Valencia,2015,2019,Black (includes Hispanic),
35,New Mexico,35061,Valencia,2015,2019,Hispanic (all races),9.1
35,New Mexico,35061,Valencia,2015,2019,American Indian/Alaskan Native (includes Hispanic),
35,New Mexico,35061,Valencia,2015,2019,White (includes Hispanic),8.5
35,New Mexico,35061,Valencia,2016,2020,Asian/Pacific Islander (includes Hispanic),
35,New Mexico,35061,Valencia,2016,2020,Black (includes Hispanic),
35,New Mexico,35061,Valencia,2016,2020,Hispanic (all races),8.6
35,New Mexico,35061,Valencia,2016,2020,American Indian/Alaskan Native (includes Hispanic),
35,New Mexico,35061,Valencia,2016,2020,White (includes Hispanic),7.6
36,New York,36001,Albany,2011,2015,Asian/Pacific Islander (includes Hispanic),
36,New York,36001,Albany,2011,2015,Black (includes Hispanic),
36,New York,36001,Albany,2011,2015,Hispanic (all races),
36,New York,36001,Albany,2011,2015,American Indian/Alaskan Native (includes Hispanic),
36,New York,36001,Albany,2011,2015,White (includes Hispanic),6.4
36,New York,36001,Albany,2012,2016,Asian/Pacific Islander (includes Hispanic),
36,New York,36001,Albany,2012,2016,Black (includes Hispanic),
36,New York,36001,Albany,2012,2016,Hispanic (all races),
36,New York,36001,Albany,2012,2016,American Indian/Alaskan Native (includes Hispanic),
36,New York,36001,Albany,2012,2016,White (includes Hispanic),6.7
36,New York,36001,Albany,2013,2017,Asian/Pacific Islander (includes Hispanic),
36,New York,36001,Albany,2013,2017,Black (includes Hispanic),
36,New York,36001,Albany,2013,2017,Hispanic (all races),
36,New York,36001,Albany,2013,2017,American Indian/Alaskan Native (includes Hispanic),
36,New York,36001,Albany,2013,2017,White (includes Hispanic),6.8
36,New York,36001,Albany,2014,2018,Asian/Pacific Islander (includes Hispanic),
36,New York,36001,Albany,2014,2018,Black (includes Hispanic),
36,New York,36001,Albany,2014,2018,Hispanic (all races),
36,New York,36001,Albany,2014,2018,American Indian/Alaskan Native (includes Hispanic),
36,New York,36001,Albany,2014,2018,White (includes Hispanic),6.2
36,New York,36001,Albany,2015,2019,Asian/Pacific Islander (includes Hispanic),
36,New York,36001,Albany,2015,2019,Black (includes Hispanic),
36,New York,36001,Albany,2015,2019,Hispanic (all races),
36,New York,36001,Albany,2015,2019,American Indian/Alaskan Native (includes Hispanic),
36,New York,36001,Albany,2015,2019,White (includes Hispanic),6.4
36,New York,36001,Albany,2016,2020,Asian/Pacific Islander (includes Hispanic),
36,New York,36001,Albany,2016,2020,Black (includes Hispanic),
36,New York,36001,Albany,2016,2020,Hispanic (all races),
36,New York,36001,Albany,2016,2020,American Indian/Alaskan Native (includes Hispanic),
36,New York,36001,Albany,2016,2020,White (includes Hispanic),6.2
36,New York,36003,Allegany,2011,2015,Asian/Pacific Islander (includes Hispanic),
36,New York,36003,Allegany,2011,2015,Black (includes Hispanic),
36,New York,36003,Allegany,2011,2015,Hispanic (all races),
36,New York,36003,Allegany,2011,2015,American Indian/Alaskan Native (includes Hispanic),
36,New York,36003,Allegany,2011,2015,White (includes Hispanic),7.2
36,New York,36003,Allegany,2012,2016,Asian/Pacific Islander (includes Hispanic),
36,New York,36003,Allegany,2012,2016,Black (includes Hispanic),
36,New York,36003,Allegany,2012,2016,Hispanic (all races),
36,New York,36003,Allegany,2012,2016,American Indian/Alaskan Native (includes Hispanic),
36,New York,36003,Allegany,2012,2016,White (includes Hispanic),7.3
36,New York,36003,Allegany,2013,2017,Asian/Pacific Islander (includes Hispanic),
36,New York,36003,Allegany,2013,2017,Black (includes Hispanic),
36,New York,36003,Allegany,2013,2017,Hispanic (all races),
36,New York,36003,Allegany,2013,2017,American Indian/Alaskan Native (includes Hispanic),
36,New York,36003,Allegany,2013,2017,White (includes Hispanic),8.9
36,New York,36003,Allegany,2014,2018,Asian/Pacific Islander (includes Hispanic),
36,New York,36003,Allegany,2014,2018,Black (includes Hispanic),
36,New York,36003,Allegany,2014,2018,Hispanic (all races),
36,New York,36003,Allegany,2014,2018,American Indian/Alaskan Native (includes Hispanic),
36,New York,36003,Allegany,2014,2018,White (includes Hispanic),8.0
36,New York,36003,Allegany,2015,2019,Asian/Pacific Islander (includes Hispanic),
36,New York,36003,Allegany,2015,2019,Black (includes Hispanic),
36,New York,36003,Allegany,2015,2019,Hispanic (all races),
36,New York,36003,Allegany,2015,2019,American Indian/Alaskan Native (includes Hispanic),
36,New York,36003,Allegany,2015,2019,White (includes Hispanic),8.3
36,New York,36003,Allegany,2016,2020,Asian/Pacific Islander (includes Hispanic),
36,New York,36003,Allegany,2016,2020,Black (includes Hispanic),
36,New York,36003,Allegany,2016,2020,Hispanic (all races),
36,New York,36003,Allegany,2016,2020,American Indian/Alaskan Native (includes Hispanic),
36,New York,36003,Allegany,2016,2020,White (includes Hispanic),8.6
36,New York,36005,Bronx,2011,2015,Asian/Pacific Islander (includes Hispanic),8.8
36,New York,36005,Bronx,2011,2015,Black (includes Hispanic),9.6
36,New York,36005,Bronx,2011,2015,Hispanic (all races),9.6
36,New York,36005,Bronx,2011,2015,American Indian/Alaskan Native (includes Hispanic),
36,New York,36005,Bronx,2011,2015,White (includes Hispanic),7.2
36,New York,36005,Bronx,2012,2016,Asian/Pacific Islander (includes Hispanic),8.6
36,New York,36005,Bronx,2012,2016,Black (includes Hispanic),9.2
36,New York,36005,Bronx,2012,2016,Hispanic (all races),9.5
36,New York,36005,Bronx,2012,2016,American Indian/Alaskan Native (includes Hispanic),
36,New York,36005,Bronx,2012,2016,White (includes Hispanic),7.0
36,New York,36005,Bronx,2013,2017,Asian/Pacific Islander (includes Hispanic),8.6
36,New York,36005,Bronx,2013,2017,Black (includes Hispanic),9.4
36,New York,36005,Bronx,2013,2017,Hispanic (all races),9.4
36,New York,36005,Bronx,2013,2017,American Indian/Alaskan Native (includes Hispanic),
36,New York,36005,Bronx,2013,2017,White (includes Hispanic),7.0
36,New York,36005,Bronx,2014,2018,Asian/Pacific Islander (includes Hispanic),8.2
36,New York,36005,Bronx,2014,2018,Black (includes Hispanic),9.3
36,New York,36005,Bronx,2014,2018,Hispanic (all races),9.3
36,New York,36005,Bronx,2014,2018,American Indian/Alaskan Native (includes Hispanic),
36,New York,36005,Bronx,2014,2018,White (includes Hispanic),6.8
36,New York,36005,Bronx,2015,2019,Asian/Pacific Islander (includes Hispanic),8.1
36,New York,36005,Bronx,2015,2019,Black (includes Hispanic),9.6
36,New York,36005,Bronx,2015,2019,Hispanic (all races),9.2
36,New York,36005,Bronx,2015,2019,American Indian/Alaskan Native (includes Hispanic),
36,New York,36005,Bronx,2015,2019,White (includes Hispanic),6.7
36,New York,36005,Bronx,2016,2020,Asian/Pacific Islander (includes Hispanic),7.5
36,New York,36005,Bronx,2016,2020,Black (includes Hispanic),9.3
36,New York,36005,Bronx,2016,2020,Hispanic (all races),8.9
36,New York,36005,Bronx,2016,2020,American Indian/Alaskan Native (includes Hispanic),
36,New York,36005,Bronx,2016,2020,White (includes Hispanic),6.4
36,New York,36007,Broome,2011,2015,Asian/Pacific Islander (includes Hispanic),
36,New York,36007,Broome,2011,2015,Black (includes Hispanic),
36,New York,36007,Broome,2011,2015,Hispanic (all races),
36,New York,36007,Broome,2011,2015,American Indian/Alaskan Native (includes Hispanic),
36,New York,36007,Broome,2011,2015,White (includes Hispanic),6.3
36,New York,36007,Broome,2012,2016,Asian/Pacific Islander (includes Hispanic),
36,New York,36007,Broome,2012,2016,Black (includes Hispanic),
36,New York,36007,Broome,2012,2016,Hispanic (all races),
36,New York,36007,Broome,2012,2016,American Indian/Alaskan Native (includes Hispanic),
36,New York,36007,Broome,2012,2016,White (includes Hispanic),6.9
36,New York,36007,Broome,2013,2017,Asian/Pacific Islander (includes Hispanic),
36,New York,36007,Broome,2013,2017,Black (includes Hispanic),
36,New York,36007,Broome,2013,2017,Hispanic (all races),
36,New York,36007,Broome,2013,2017,American Indian/Alaskan Native (includes Hispanic),
36,New York,36007,Broome,2013,2017,White (includes Hispanic),7.8
36,New York,36007,Broome,2014,2018,Asian/Pacific Islander (includes Hispanic),
36,New York,36007,Broome,2014,2018,Black (includes Hispanic),
36,New York,36007,Broome,2014,2018,Hispanic (all races),
36,New York,36007,Broome,2014,2018,American Indian/Alaskan Native (includes Hispanic),
36,New York,36007,Broome,2014,2018,White (includes Hispanic),8.4
36,New York,36007,Broome,2015,2019,Asian/Pacific Islander (includes Hispanic),
36,New York,36007,Broome,2015,2019,Black (includes Hispanic),
36,New York,36007,Broome,2015,2019,Hispanic (all races),
36,New York,36007,Broome,2015,2019,American Indian/Alaskan Native (includes Hispanic),
36,New York,36007,Broome,2015,2019,White (includes Hispanic),9.1
36,New York,36007,Broome,2016,2020,Asian/Pacific Islander (includes Hispanic),
36,New York,36007,Broome,2016,2020,Black (includes Hispanic),
36,New York,36007,Broome,2016,2020,Hispanic (all races),
36,New York,36007,Broome,2016,2020,American Indian/Alaskan Native (includes Hispanic),
36,New York,36007,Broome,2016,2020,White (includes Hispanic),8.5
36,New York,36009,Cattaraugus,2011,2015,Asian/Pacific Islander (includes Hispanic),
36,New York,36009,Cattaraugus,2011,2015,Black (includes Hispanic),11.6
36,New York,36009,Cattaraugus,2011,2015,Hispanic (all races),
36,New York,36009,Cattaraugus,2011,2015,American Indian/Alaskan Native (includes Hispanic),
36,New York,36009,Cattaraugus,2011,2015,White (includes Hispanic),6.9
36,New York,36009,Cattaraugus,2012,2016,Asian/Pacific Islander (includes Hispanic),
36,New York,36009,Cattaraugus,2012,2016,Black (includes Hispanic),11.4
36,New York,36009,Cattaraugus,2012,2016,Hispanic (all races),
36,New York,36009,Cattaraugus,2012,2016,American Indian/Alaskan Native (includes Hispanic),
36,New York,36009,Cattaraugus,2012,2016,White (includes Hispanic),7.2
36,New York,36009,Cattaraugus,2013,2017,Asian/Pacific Islander (includes Hispanic),
36,New York,36009,Cattaraugus,2013,2017,Black (includes Hispanic),11.1
36,New York,36009,Cattaraugus,2013,2017,Hispanic (all races),
36,New York,36009,Cattaraugus,2013,2017,American Indian/Alaskan Native (includes Hispanic),
36,New York,36009,Cattaraugus,2013,2017,White (includes Hispanic),7.9
36,New York,36009,Cattaraugus,2014,2018,Asian/Pacific Islander (includes Hispanic),
36,New York,36009,Cattaraugus,2014,2018,Black (includes Hispanic),10.4
36,New York,36009,Cattaraugus,2014,2018,Hispanic (all races),
36,New York,36009,Cattaraugus,2014,2018,American Indian/Alaskan Native (includes Hispanic),
36,New York,36009,Cattaraugus,2014,2018,White (includes Hispanic),7.6
36,New York,36009,Cattaraugus,2015,2019,Asian/Pacific Islander (includes Hispanic),
36,New York,36009,Cattaraugus,2015,2019,Black (includes Hispanic),10.4
36,New York,36009,Cattaraugus,2015,2019,Hispanic (all races),
36,New York,36009,Cattaraugus,2015,2019,American Indian/Alaskan Native (includes Hispanic),
36,New York,36009,Cattaraugus,2015,2019,White (includes Hispanic),7.8
36,New York,36009,Cattaraugus,2016,2020,Asian/Pacific Islander (includes Hispanic),
36,New York,36009,Cattaraugus,2016,2020,Black (includes Hispanic),8.7
36,New York,36009,Cattaraugus,2016,2020,Hispanic (all races),
36,New York,36009,Cattaraugus,2016,2020,American Indian/Alaskan Native (includes Hispanic),
36,New York,36009,Cattaraugus,2016,2020,White (includes Hispanic),7.7
36,New York,36011,Cayuga,2011,2015,Asian/Pacific Islander (includes Hispanic),
36,New York,36011,Cayuga,2011,2015,Black (includes Hispanic),
36,New York,36011,Cayuga,2011,2015,Hispanic (all races),
36,New York,36011,Cayuga,2011,2015,American Indian/Alaskan Native (includes Hispanic),
36,New York,36011,Cayuga,2011,2015,White (includes Hispanic),6.6
36,New York,36011,Cayuga,2012,2016,Asian/Pacific Islander (includes Hispanic),
36,New York,36011,Cayuga,2012,2016,Black (includes Hispanic),
36,New York,36011,Cayuga,2012,2016,Hispanic (all races),
36,New York,36011,Cayuga,2012,2016,American Indian/Alaskan Native (includes Hispanic),
36,New York,36011,Cayuga,2012,2016,White (includes Hispanic),7.1
36,New York,36011,Cayuga,2013,2017,Asian/Pacific Islander (includes Hispanic),
36,New York,36011,Cayuga,2013,2017,Black (includes Hispanic),
36,New York,36011,Cayuga,2013,2017,Hispanic (all races),
36,New York,36011,Cayuga,2013,2017,American Indian/Alaskan Native (includes Hispanic),
36,New York,36011,Cayuga,2013,2017,White (includes Hispanic),7.1
36,New York,36011,Cayuga,2014,2018,Asian/Pacific Islander (includes Hispanic),
36,New York,36011,Cayuga,2014,2018,Black (includes Hispanic),
36,New York,36011,Cayuga,2014,2018,Hispanic (all races),
36,New York,36011,Cayuga,2014,2018,American Indian/Alaskan Native (includes Hispanic),
36,New York,36011,Cayuga,2014,2018,White (includes Hispanic),7.0
36,New York,36011,Cayuga,2015,2019,Asian/Pacific Islander (includes Hispanic),
36,New York,36011,Cayuga,2015,2019,Black (includes Hispanic),
36,New York,36011,Cayuga,2015,2019,Hispanic (all races),
36,New York,36011,Cayuga,2015,2019,American Indian/Alaskan Native (includes Hispanic),
36,New York,36011,Cayuga,2015,2019,White (includes Hispanic),7.2
36,New York,36011,Cayuga,2016,2020,Asian/Pacific Islander (includes Hispanic),
36,New York,36011,Cayuga,2016,2020,Black (includes Hispanic),
36,New York,36011,Cayuga,2016,2020,Hispanic (all races),
36,New York,36011,Cayuga,2016,2020,American Indian/Alaskan Native (includes Hispanic),
36,New York,36011,Cayuga,2016,2020,White (includes Hispanic),6.6
36,New York,36013,Chautauqua,2011,2015,Asian/Pacific Islander (includes Hispanic),
36,New York,36013,Chautauqua,2011,2015,Black (includes Hispanic),11.9
36,New York,36013,Chautauqua,2011,2015,Hispanic (all races),
36,New York,36013,Chautauqua,2011,2015,American Indian/Alaskan Native (includes Hispanic),
36,New York,36013,Chautauqua,2011,2015,White (includes Hispanic),6.7
36,New York,36013,Chautauqua,2012,2016,Asian/Pacific Islander (includes Hispanic),
36,New York,36013,Chautauqua,2012,2016,Black (includes Hispanic),11.2
36,New York,36013,Chautauqua,2012,2016,Hispanic (all races),
36,New York,36013,Chautauqua,2012,2016,American Indian/Alaskan Native (includes Hispanic),
36,New York,36013,Chautauqua,2012,2016,White (includes Hispanic),7.3
36,New York,36013,Chautauqua,2013,2017,Asian/Pacific Islander (includes Hispanic),
36,New York,36013,Chautauqua,2013,2017,Black (includes Hispanic),11.0
36,New York,36013,Chautauqua,2013,2017,Hispanic (all races),
36,New York,36013,Chautauqua,2013,2017,American Indian/Alaskan Native (includes Hispanic),
36,New York,36013,Chautauqua,2013,2017,White (includes Hispanic),8.1
36,New York,36013,Chautauqua,2014,2018,Asian/Pacific Islander (includes Hispanic),
36,New York,36013,Chautauqua,2014,2018,Black (includes Hispanic),10.7
36,New York,36013,Chautauqua,2014,2018,Hispanic (all races),
36,New York,36013,Chautauqua,2014,2018,American Indian/Alaskan Native (includes Hispanic),
36,New York,36013,Chautauqua,2014,2018,White (includes Hispanic),8.1
36,New York,36013,Chautauqua,2015,2019,Asian/Pacific Islander (includes Hispanic),
36,New York,36013,Chautauqua,2015,2019,Black (includes Hispanic),10.5
36,New York,36013,Chautauqua,2015,2019,Hispanic (all races),
36,New York,36013,Chautauqua,2015,2019,American Indian/Alaskan Native (includes Hispanic),
36,New York,36013,Chautauqua,2015,2019,White (includes Hispanic),8.0
36,New York,36013,Chautauqua,2016,2020,Asian/Pacific Islander (includes Hispanic),
36,New York,36013,Chautauqua,2016,2020,Black (includes Hispanic),9.5
36,New York,36013,Chautauqua,2016,2020,Hispanic (all races),
36,New York,36013,Chautauqua,2016,2020,American Indian/Alaskan Native (includes Hispanic),
36,New York,36013,Chautauqua,2016,2020,White (includes Hispanic),7.9
36,New York,36015,Chemung,2011,2015,Asian/Pacific Islander (includes Hispanic),
36,New York,36015,Chemung,2011,2015,Black (includes Hispanic),
36,New York,36015,Chemung,2011,2015,Hispanic (all races),
36,New York,36015,Chemung,2011,2015,American Indian/Alaskan Native (includes Hispanic),
36,New York,36015,Chemung,2011,2015,White (includes Hispanic),7.2
36,New York,36015,Chemung,2012,2016,Asian/Pacific Islander (includes Hispanic),
36,New York,36015,Chemung,2012,2016,Black (includes Hispanic),
36,New York,36015,Chemung,2012,2016,Hispanic (all races),
36,New York,36015,Chemung,2012,2016,American Indian/Alaskan Native (includes Hispanic),
36,New York,36015,Chemung,2012,2016,White (includes Hispanic),7.1
36,New York,36015,Chemung,2013,2017,Asian/Pacific Islander (includes Hispanic),
36,New York,36015,Chemung,2013,2017,Black (includes Hispanic),
36,New York,36015,Chemung,2013,2017,Hispanic (all races),
36,New York,36015,Chemung,2013,2017,American Indian/Alaskan Native (includes Hispanic),
36,New York,36015,Chemung,2013,2017,White (includes Hispanic),7.7
36,New York,36015,Chemung,2014,2018,Asian/Pacific Islander (includes Hispanic),
36,New York,36015,Chemung,2014,2018,Black (includes Hispanic),
36,New York,36015,Chemung,2014,2018,Hispanic (all races),
36,New York,36015,Chemung,2014,2018,American Indian/Alaskan Native (includes Hispanic),
36,New York,36015,Chemung,2014,2018,White (includes Hispanic),7.2
36,New York,36015,Chemung,2015,2019,Asian/Pacific Islander (includes Hispanic),
36,New York,36015,Chemung,2015,2019,Black (includes Hispanic),
36,New York,36015,Chemung,2015,2019,Hispanic (all races),
36,New York,36015,Chemung,2015,2019,American Indian/Alaskan Native (includes Hispanic),
36,New York,36015,Chemung,2015,2019,White (includes Hispanic),6.6
36,New York,36015,Chemung,2016,2020,Asian/Pacific Islander (includes Hispanic),
36,New York,36015,Chemung,2016,2020,Black (includes Hispanic),
36,New York,36015,Chemung,2016,2020,Hispanic (all races),
36,New York,36015,Chemung,2016,2020,American Indian/Alaskan Native (includes Hispanic),
36,New York,36015,Chemung,2016,2020,White (includes Hispanic),6.9
36,New York,36017,Chenango,2011,2015,Asian/Pacific Islander (includes Hispanic),
36,New York,36017,Chenango,2011,2015,Black (includes Hispanic),
36,New York,36017,Chenango,2011,2015,Hispanic (all races),
36,New York,36017,Chenango,2011,2015,American Indian/Alaskan Native (includes Hispanic),
36,New York,36017,Chenango,2011,2015,White (includes Hispanic),5.9
36,New York,36017,Chenango,2012,2016,Asian/Pacific Islander (includes Hispanic),
36,New York,36017,Chenango,2012,2016,Black (includes Hispanic),
36,New York,36017,Chenango,2012,2016,Hispanic (all races),
36,New York,36017,Chenango,2012,2016,American Indian/Alaskan Native (includes Hispanic),
36,New York,36017,Chenango,2012,2016,White (includes Hispanic),6.5
36,New York,36017,Chenango,2013,2017,Asian/Pacific Islander (includes Hispanic),
36,New York,36017,Chenango,2013,2017,Black (includes Hispanic),
36,New York,36017,Chenango,2013,2017,Hispanic (all races),
36,New York,36017,Chenango,2013,2017,American Indian/Alaskan Native (includes Hispanic),
36,New York,36017,Chenango,2013,2017,White (includes Hispanic),7.3
36,New York,36017,Chenango,2014,2018,Asian/Pacific Islander (includes Hispanic),
36,New York,36017,Chenango,2014,2018,Black (includes Hispanic),
36,New York,36017,Chenango,2014,2018,Hispanic (all races),
36,New York,36017,Chenango,2014,2018,American Indian/Alaskan Native (includes Hispanic),
36,New York,36017,Chenango,2014,2018,White (includes Hispanic),7.5
36,New York,36017,Chenango,2015,2019,Asian/Pacific Islander (includes Hispanic),
36,New York,36017,Chenango,2015,2019,Black (includes Hispanic),
36,New York,36017,Chenango,2015,2019,Hispanic (all races),
36,New York,36017,Chenango,2015,2019,American Indian/Alaskan Native (includes Hispanic),
36,New York,36017,Chenango,2015,2019,White (includes Hispanic),8.2
36,New York,36017,Chenango,2016,2020,Asian/Pacific Islander (includes Hispanic),
36,New York,36017,Chenango,2016,2020,Black (includes Hispanic),
36,New York,36017,Chenango,2016,2020,Hispanic (all races),
36,New York,36017,Chenango,2016,2020,American Indian/Alaskan Native (includes Hispanic),
36,New York,36017,Chenango,2016,2020,White (includes Hispanic),8.0
36,New York,36019,Clinton,2011,2015,Asian/Pacific Islander (includes Hispanic),
36,New York,36019,Clinton,2011,2015,Black (includes Hispanic),
36,New York,36019,Clinton,2011,2015,Hispanic (all races),
36,New York,36019,Clinton,2011,2015,American Indian/Alaskan Native (includes Hispanic),
36,New York,36019,Clinton,2011,2015,White (includes Hispanic),4.9
36,New York,36019,Clinton,2012,2016,Asian/Pacific Islander (includes Hispanic),
36,New York,36019,Clinton,2012,2016,Black (includes Hispanic),
36,New York,36019,Clinton,2012,2016,Hispanic (all races),
36,New York,36019,Clinton,2012,2016,American Indian/Alaskan Native (includes Hispanic),
36,New York,36019,Clinton,2012,2016,White (includes Hispanic),5.2
36,New York,36019,Clinton,2013,2017,Asian/Pacific Islander (includes Hispanic),
36,New York,36019,Clinton,2013,2017,Black (includes Hispanic),
36,New York,36019,Clinton,2013,2017,Hispanic (all races),
36,New York,36019,Clinton,2013,2017,American Indian/Alaskan Native (includes Hispanic),
36,New York,36019,Clinton,2013,2017,White (includes Hispanic),5.2
36,New York,36019,Clinton,2014,2018,Asian/Pacific Islander (includes Hispanic),
36,New York,36019,Clinton,2014,2018,Black (includes Hispanic),
36,New York,36019,Clinton,2014,2018,Hispanic (all races),
36,New York,36019,Clinton,2014,2018,American Indian/Alaskan Native (includes Hispanic),
36,New York,36019,Clinton,2014,2018,White (includes Hispanic),5.8
36,New York,36019,Clinton,2015,2019,Asian/Pacific Islander (includes Hispanic),
36,New York,36019,Clinton,2015,2019,Black (includes Hispanic),
36,New York,36019,Clinton,2015,2019,Hispanic (all races),
36,New York,36019,Clinton,2015,2019,American Indian/Alaskan Native (includes Hispanic),
36,New York,36019,Clinton,2015,2019,White (includes Hispanic),5.8
36,New York,36019,Clinton,2016,2020,Asian/Pacific Islander (includes Hispanic),
36,New York,36019,Clinton,2016,2020,Black (includes Hispanic),
36,New York,36019,Clinton,2016,2020,Hispanic (all races),
36,New York,36019,Clinton,2016,2020,American Indian/Alaskan Native (includes Hispanic),
36,New York,36019,Clinton,2016,2020,White (includes Hispanic),6.2
36,New York,36021,Columbia,2011,2015,Asian/Pacific Islander (includes Hispanic),
36,New York,36021,Columbia,2011,2015,Black (includes Hispanic),7.6
36,New York,36021,Columbia,2011,2015,Hispanic (all races),
36,New York,36021,Columbia,2011,2015,American Indian/Alaskan Native (includes Hispanic),
36,New York,36021,Columbia,2011,2015,White (includes Hispanic),6.3
36,New York,36021,Columbia,2012,2016,Asian/Pacific Islander (includes Hispanic),
36,New York,36021,Columbia,2012,2016,Black (includes Hispanic),8.1
36,New York,36021,Columbia,2012,2016,Hispanic (all races),
36,New York,36021,Columbia,2012,2016,American Indian/Alaskan Native (includes Hispanic),
36,New York,36021,Columbia,2012,2016,White (includes Hispanic),6.7
36,New York,36021,Columbia,2013,2017,Asian/Pacific Islander (includes Hispanic),
36,New York,36021,Columbia,2013,2017,Black (includes Hispanic),
36,New York,36021,Columbia,2013,2017,Hispanic (all races),
36,New York,36021,Columbia,2013,2017,American Indian/Alaskan Native (includes Hispanic),
36,New York,36021,Columbia,2013,2017,White (includes Hispanic),6.5
36,New York,36021,Columbia,2014,2018,Asian/Pacific Islander (includes Hispanic),
36,New York,36021,Columbia,2014,2018,Black (includes Hispanic),
36,New York,36021,Columbia,2014,2018,Hispanic (all races),
36,New York,36021,Columbia,2014,2018,American Indian/Alaskan Native (includes Hispanic),
36,New York,36021,Columbia,2014,2018,White (includes Hispanic),6.4
36,New York,36021,Columbia,2015,2019,Asian/Pacific Islander (includes Hispanic),
36,New York,36021,Columbia,2015,2019,Black (includes Hispanic),
36,New York,36021,Columbia,2015,2019,Hispanic (all races),10.5
36,New York,36021,Columbia,2015,2019,American Indian/Alaskan Native (includes Hispanic),
36,New York,36021,Columbia,2015,2019,White (includes Hispanic),6.6
36,New York,36021,Columbia,2016,2020,Asian/Pacific Islander (includes Hispanic),
36,New York,36021,Columbia,2016,2020,Black (includes Hispanic),
36,New York,36021,Columbia,2016,2020,Hispanic (all races),9.7
36,New York,36021,Columbia,2016,2020,American Indian/Alaskan Native (includes Hispanic),
36,New York,36021,Columbia,2016,2020,White (includes Hispanic),6.4
36,New York,36023,Cortland,2011,2015,Asian/Pacific Islander (includes Hispanic),
36,New York,36023,Cortland,2011,2015,Black (includes Hispanic),
36,New York,36023,Cortland,2011,2015,Hispanic (all races),
36,New York,36023,Cortland,2011,2015,American Indian/Alaskan Native (includes Hispanic),
36,New York,36023,Cortland,2011,2015,White (includes Hispanic),6.0
36,New York,36023,Cortland,2012,2016,Asian/Pacific Islander (includes Hispanic),
36,New York,36023,Cortland,2012,2016,Black (includes Hispanic),
36,New York,36023,Cortland,2012,2016,Hispanic (all races),
36,New York,36023,Cortland,2012,2016,American Indian/Alaskan Native (includes Hispanic),
36,New York,36023,Cortland,2012,2016,White (includes Hispanic),6.5
36,New York,36023,Cortland,2013,2017,Asian/Pacific Islander (includes Hispanic),
36,New York,36023,Cortland,2013,2017,Black (includes Hispanic),
36,New York,36023,Cortland,2013,2017,Hispanic (all races),
36,New York,36023,Cortland,2013,2017,American Indian/Alaskan Native (includes Hispanic),
36,New York,36023,Cortland,2013,2017,White (includes Hispanic),6.8
36,New York,36023,Cortland,2014,2018,Asian/Pacific Islander (includes Hispanic),
36,New York,36023,Cortland,2014,2018,Black (includes Hispanic),
36,New York,36023,Cortland,2014,2018,Hispanic (all races),
36,New York,36023,Cortland,2014,2018,American Indian/Alaskan Native (includes Hispanic),
36,New York,36023,Cortland,2014,2018,White (includes Hispanic),7.1
36,New York,36023,Cortland,2015,2019,Asian/Pacific Islander (includes Hispanic),
36,New York,36023,Cortland,2015,2019,Black (includes Hispanic),
36,New York,36023,Cortland,2015,2019,Hispanic (all races),
36,New York,36023,Cortland,2015,2019,American Indian/Alaskan Native (includes Hispanic),
36,New York,36023,Cortland,2015,2019,White (includes Hispanic),7.0
36,New York,36023,Cortland,2016,2020,Asian/Pacific Islander (includes Hispanic),
36,New York,36023,Cortland,2016,2020,Black (includes Hispanic),
36,New York,36023,Cortland,2016,2020,Hispanic (all races),
36,New York,36023,Cortland,2016,2020,American Indian/Alaskan Native (includes Hispanic),
36,New York,36023,Cortland,2016,2020,White (includes Hispanic),6.9
36,New York,36025,Delaware,2011,2015,Asian/Pacific Islander (includes Hispanic),
36,New York,36025,Delaware,2011,2015,Black (includes Hispanic),
36,New York,36025,Delaware,2011,2015,Hispanic (all races),
36,New York,36025,Delaware,2011,2015,American Indian/Alaskan Native (includes Hispanic),
36,New York,36025,Delaware,2011,2015,White (includes Hispanic),7.7
36,New York,36025,Delaware,2012,2016,Asian/Pacific Islander (includes Hispanic),
36,New York,36025,Delaware,2012,2016,Black (includes Hispanic),
36,New York,36025,Delaware,2012,2016,Hispanic (all races),
36,New York,36025,Delaware,2012,2016,American Indian/Alaskan Native (includes Hispanic),
36,New York,36025,Delaware,2012,2016,White (includes Hispanic),7.6
36,New York,36025,Delaware,2013,2017,Asian/Pacific Islander (includes Hispanic),
36,New York,36025,Delaware,2013,2017,Black (includes Hispanic),
36,New York,36025,Delaware,2013,2017,Hispanic (all races),
36,New York,36025,Delaware,2013,2017,American Indian/Alaskan Native (includes Hispanic),
36,New York,36025,Delaware,2013,2017,White (includes Hispanic),7.9
36,New York,36025,Delaware,2014,2018,Asian/Pacific Islander (includes Hispanic),
36,New York,36025,Delaware,2014,2018,Black (includes Hispanic),
36,New York,36025,Delaware,2014,2018,Hispanic (all races),
36,New York,36025,Delaware,2014,2018,American Indian/Alaskan Native (includes Hispanic),
36,New York,36025,Delaware,2014,2018,White (includes Hispanic),7.8
36,New York,36025,Delaware,2015,2019,Asian/Pacific Islander (includes Hispanic),
36,New York,36025,Delaware,2015,2019,Black (includes Hispanic),
36,New York,36025,Delaware,2015,2019,Hispanic (all races),
36,New York,36025,Delaware,2015,2019,American Indian/Alaskan Native (includes Hispanic),
36,New York,36025,Delaware,2015,2019,White (includes Hispanic),8.2
36,New York,36025,Delaware,2016,2020,Asian/Pacific Islander (includes Hispanic),
36,New York,36025,Delaware,2016,2020,Black (includes Hispanic),
36,New York,36025,Delaware,2016,2020,Hispanic (all races),
36,New York,36025,Delaware,2016,2020,American Indian/Alaskan Native (includes Hispanic),
36,New York,36025,Delaware,2016,2020,White (includes Hispanic),8.0
36,New York,36027,Dutchess,2011,2015,Asian/Pacific Islander (includes Hispanic),
36,New York,36027,Dutchess,2011,2015,Black (includes Hispanic),7.4
36,New York,36027,Dutchess,2011,2015,Hispanic (all races),11.9
36,New York,36027,Dutchess,2011,2015,American Indian/Alaskan Native (includes Hispanic),
36,New York,36027,Dutchess,2011,2015,White (includes Hispanic),6.9
36,New York,36027,Dutchess,2012,2016,Asian/Pacific Islander (includes Hispanic),
36,New York,36027,Dutchess,2012,2016,Black (includes Hispanic),6.8
36,New York,36027,Dutchess,2012,2016,Hispanic (all races),11.9
36,New York,36027,Dutchess,2012,2016,American Indian/Alaskan Native (includes Hispanic),
36,New York,36027,Dutchess,2012,2016,White (includes Hispanic),6.7
36,New York,36027,Dutchess,2013,2017,Asian/Pacific Islander (includes Hispanic),
36,New York,36027,Dutchess,2013,2017,Black (includes Hispanic),6.9
36,New York,36027,Dutchess,2013,2017,Hispanic (all races),11.1
36,New York,36027,Dutchess,2013,2017,American Indian/Alaskan Native (includes Hispanic),
36,New York,36027,Dutchess,2013,2017,White (includes Hispanic),6.7
36,New York,36027,Dutchess,2014,2018,Asian/Pacific Islander (includes Hispanic),
36,New York,36027,Dutchess,2014,2018,Black (includes Hispanic),5.9
36,New York,36027,Dutchess,2014,2018,Hispanic (all races),10.6
36,New York,36027,Dutchess,2014,2018,American Indian/Alaskan Native (includes Hispanic),
36,New York,36027,Dutchess,2014,2018,White (includes Hispanic),6.4
36,New York,36027,Dutchess,2015,2019,Asian/Pacific Islander (includes Hispanic),
36,New York,36027,Dutchess,2015,2019,Black (includes Hispanic),5.6
36,New York,36027,Dutchess,2015,2019,Hispanic (all races),11.7
36,New York,36027,Dutchess,2015,2019,American Indian/Alaskan Native (includes Hispanic),
36,New York,36027,Dutchess,2015,2019,White (includes Hispanic),6.8
36,New York,36027,Dutchess,2016,2020,Asian/Pacific Islander (includes Hispanic),
36,New York,36027,Dutchess,2016,2020,Black (includes Hispanic),5.8
36,New York,36027,Dutchess,2016,2020,Hispanic (all races),10.2
36,New York,36027,Dutchess,2016,2020,American Indian/Alaskan Native (includes Hispanic),
36,New York,36027,Dutchess,2016,2020,White (includes Hispanic),6.4
36,New York,36029,Erie,2011,2015,Asian/Pacific Islander (includes Hispanic),
36,New York,36029,Erie,2011,2015,Black (includes Hispanic),11.6
36,New York,36029,Erie,2011,2015,Hispanic (all races),
36,New York,36029,Erie,2011,2015,American Indian/Alaskan Native (includes Hispanic),
36,New York,36029,Erie,2011,2015,White (includes Hispanic),6.5
36,New York,36029,Erie,2012,2016,Asian/Pacific Islander (includes Hispanic),
36,New York,36029,Erie,2012,2016,Black (includes Hispanic),11.2
36,New York,36029,Erie,2012,2016,Hispanic (all races),
36,New York,36029,Erie,2012,2016,American Indian/Alaskan Native (includes Hispanic),
36,New York,36029,Erie,2012,2016,White (includes Hispanic),6.8
36,New York,36029,Erie,2013,2017,Asian/Pacific Islander (includes Hispanic),
36,New York,36029,Erie,2013,2017,Black (includes Hispanic),11.0
36,New York,36029,Erie,2013,2017,Hispanic (all races),
36,New York,36029,Erie,2013,2017,American Indian/Alaskan Native (includes Hispanic),
36,New York,36029,Erie,2013,2017,White (includes Hispanic),7.3
36,New York,36029,Erie,2014,2018,Asian/Pacific Islander (includes Hispanic),
36,New York,36029,Erie,2014,2018,Black (includes Hispanic),10.0
36,New York,36029,Erie,2014,2018,Hispanic (all races),
36,New York,36029,Erie,2014,2018,American Indian/Alaskan Native (includes Hispanic),
36,New York,36029,Erie,2014,2018,White (includes Hispanic),7.3
36,New York,36029,Erie,2015,2019,Asian/Pacific Islander (includes Hispanic),
36,New York,36029,Erie,2015,2019,Black (includes Hispanic),10.1
36,New York,36029,Erie,2015,2019,Hispanic (all races),
36,New York,36029,Erie,2015,2019,American Indian/Alaskan Native (includes Hispanic),
36,New York,36029,Erie,2015,2019,White (includes Hispanic),7.7
36,New York,36029,Erie,2016,2020,Asian/Pacific Islander (includes Hispanic),
36,New York,36029,Erie,2016,2020,Black (includes Hispanic),8.4
36,New York,36029,Erie,2016,2020,Hispanic (all races),
36,New York,36029,Erie,2016,2020,American Indian/Alaskan Native (includes Hispanic),
36,New York,36029,Erie,2016,2020,White (includes Hispanic),7.7
36,New York,36031,Essex,2011,2015,Asian/Pacific Islander (includes Hispanic),
36,New York,36031,Essex,2011,2015,Black (includes Hispanic),
36,New York,36031,Essex,2011,2015,Hispanic (all races),
36,New York,36031,Essex,2011,2015,American Indian/Alaskan Native (includes Hispanic),
36,New York,36031,Essex,2011,2015,White (includes Hispanic),4.8
36,New York,36031,Essex,2012,2016,Asian/Pacific Islander (includes Hispanic),
36,New York,36031,Essex,2012,2016,Black (includes Hispanic),
36,New York,36031,Essex,2012,2016,Hispanic (all races),
36,New York,36031,Essex,2012,2016,American Indian/Alaskan Native (includes Hispanic),
36,New York,36031,Essex,2012,2016,White (includes Hispanic),5.2
36,New York,36031,Essex,2013,2017,Asian/Pacific Islander (includes Hispanic),
36,New York,36031,Essex,2013,2017,Black (includes Hispanic),
36,New York,36031,Essex,2013,2017,Hispanic (all races),
36,New York,36031,Essex,2013,2017,American Indian/Alaskan Native (includes Hispanic),
36,New York,36031,Essex,2013,2017,White (includes Hispanic),5.1
36,New York,36031,Essex,2014,2018,Asian/Pacific Islander (includes Hispanic),
36,New York,36031,Essex,2014,2018,Black (includes Hispanic),
36,New York,36031,Essex,2014,2018,Hispanic (all races),
36,New York,36031,Essex,2014,2018,American Indian/Alaskan Native (includes Hispanic),
36,New York,36031,Essex,2014,2018,White (includes Hispanic),5.6
36,New York,36031,Essex,2015,2019,Asian/Pacific Islander (includes Hispanic),
36,New York,36031,Essex,2015,2019,Black (includes Hispanic),
36,New York,36031,Essex,2015,2019,Hispanic (all races),
36,New York,36031,Essex,2015,2019,American Indian/Alaskan Native (includes Hispanic),
36,New York,36031,Essex,2015,2019,White (includes Hispanic),5.7
36,New York,36031,Essex,2016,2020,Asian/Pacific Islander (includes Hispanic),
36,New York,36031,Essex,2016,2020,Black (includes Hispanic),
36,New York,36031,Essex,2016,2020,Hispanic (all races),
36,New York,36031,Essex,2016,2020,American Indian/Alaskan Native (includes Hispanic),
36,New York,36031,Essex,2016,2020,White (includes Hispanic),6.1
36,New York,36033,Franklin,2011,2015,Asian/Pacific Islander (includes Hispanic),
36,New York,36033,Franklin,2011,2015,Black (includes Hispanic),
36,New York,36033,Franklin,2011,2015,Hispanic (all races),
36,New York,36033,Franklin,2011,2015,American Indian/Alaskan Native (includes Hispanic),
36,New York,36033,Franklin,2011,2015,White (includes Hispanic),5.8
36,New York,36033,Franklin,2012,2016,Asian/Pacific Islander (includes Hispanic),
36,New York,36033,Franklin,2012,2016,Black (includes Hispanic),
36,New York,36033,Franklin,2012,2016,Hispanic (all races),
36,New York,36033,Franklin,2012,2016,American Indian/Alaskan Native (includes Hispanic),
36,New York,36033,Franklin,2012,2016,White (includes Hispanic),6.1
36,New York,36033,Franklin,2013,2017,Asian/Pacific Islander (includes Hispanic),
36,New York,36033,Franklin,2013,2017,Black (includes Hispanic),
36,New York,36033,Franklin,2013,2017,Hispanic (all races),
36,New York,36033,Franklin,2013,2017,American Indian/Alaskan Native (includes Hispanic),
36,New York,36033,Franklin,2013,2017,White (includes Hispanic),6.4
36,New York,36033,Franklin,2014,2018,Asian/Pacific Islander (includes Hispanic),
36,New York,36033,Franklin,2014,2018,Black (includes Hispanic),
36,New York,36033,Franklin,2014,2018,Hispanic (all races),
36,New York,36033,Franklin,2014,2018,American Indian/Alaskan Native (includes Hispanic),
36,New York,36033,Franklin,2014,2018,White (includes Hispanic),6.7
36,New York,36033,Franklin,2015,2019,Asian/Pacific Islander (includes Hispanic),
36,New York,36033,Franklin,2015,2019,Black (includes Hispanic),
36,New York,36033,Franklin,2015,2019,Hispanic (all races),
36,New York,36033,Franklin,2015,2019,American Indian/Alaskan Native (includes Hispanic),
36,New York,36033,Franklin,2015,2019,White (includes Hispanic),7.3
36,New York,36033,Franklin,2016,2020,Asian/Pacific Islander (includes Hispanic),
36,New York,36033,Franklin,2016,2020,Black (includes Hispanic),
36,New York,36033,Franklin,2016,2020,Hispanic (all races),
36,New York,36033,Franklin,2016,2020,American Indian/Alaskan Native (includes Hispanic),
36,New York,36033,Franklin,2016,2020,White (includes Hispanic),6.8
36,New York,36035,Fulton,2011,2015,Asian/Pacific Islander (includes Hispanic),
36,New York,36035,Fulton,2011,2015,Black (includes Hispanic),
36,New York,36035,Fulton,2011,2015,Hispanic (all races),
36,New York,36035,Fulton,2011,2015,American Indian/Alaskan Native (includes Hispanic),
36,New York,36035,Fulton,2011,2015,White (includes Hispanic),6.0
36,New York,36035,Fulton,2012,2016,Asian/Pacific Islander (includes Hispanic),
36,New York,36035,Fulton,2012,2016,Black (includes Hispanic),
36,New York,36035,Fulton,2012,2016,Hispanic (all races),
36,New York,36035,Fulton,2012,2016,American Indian/Alaskan Native (includes Hispanic),
36,New York,36035,Fulton,2012,2016,White (includes Hispanic),5.7
36,New York,36035,Fulton,2013,2017,Asian/Pacific Islander (includes Hispanic),
36,New York,36035,Fulton,2013,2017,Black (includes Hispanic),
36,New York,36035,Fulton,2013,2017,Hispanic (all races),
36,New York,36035,Fulton,2013,2017,American Indian/Alaskan Native (includes Hispanic),
36,New York,36035,Fulton,2013,2017,White (includes Hispanic),6.0
36,New York,36035,Fulton,2014,2018,Asian/Pacific Islander (includes Hispanic),
36,New York,36035,Fulton,2014,2018,Black (includes Hispanic),
36,New York,36035,Fulton,2014,2018,Hispanic (all races),
36,New York,36035,Fulton,2014,2018,American Indian/Alaskan Native (includes Hispanic),
36,New York,36035,Fulton,2014,2018,White (includes Hispanic),6.1
36,New York,36035,Fulton,2015,2019,Asian/Pacific Islander (includes Hispanic),
36,New York,36035,Fulton,2015,2019,Black (includes Hispanic),
36,New York,36035,Fulton,2015,2019,Hispanic (all races),
36,New York,36035,Fulton,2015,2019,American Indian/Alaskan Native (includes Hispanic),
36,New York,36035,Fulton,2015,2019,White (includes Hispanic),6.3
36,New York,36035,Fulton,2016,2020,Asian/Pacific Islander (includes Hispanic),
36,New York,36035,Fulton,2016,2020,Black (includes Hispanic),
36,New York,36035,Fulton,2016,2020,Hispanic (all races),
36,New York,36035,Fulton,2016,2020,American Indian/Alaskan Native (includes Hispanic),
36,New York,36035,Fulton,2016,2020,White (includes Hispanic),6.2
36,New York,36037,Genesee,2011,2015,Asian/Pacific Islander (includes Hispanic),
36,New York,36037,Genesee,2011,2015,Black (includes Hispanic),11.4
36,New York,36037,Genesee,2011,2015,Hispanic (all races),11.7
36,New York,36037,Genesee,2011,2015,American Indian/Alaskan Native (includes Hispanic),
36,New York,36037,Genesee,2011,2015,White (includes Hispanic),6.0
36,New York,36037,Genesee,2012,2016,Asian/Pacific Islander (includes Hispanic),
36,New York,36037,Genesee,2012,2016,Black (includes Hispanic),11.6
36,New York,36037,Genesee,2012,2016,Hispanic (all races),9.2
36,New York,36037,Genesee,2012,2016,American Indian/Alaskan Native (includes Hispanic),
36,New York,36037,Genesee,2012,2016,White (includes Hispanic),6.2
36,New York,36037,Genesee,2013,2017,Asian/Pacific Islander (includes Hispanic),
36,New York,36037,Genesee,2013,2017,Black (includes Hispanic),11.2
36,New York,36037,Genesee,2013,2017,Hispanic (all races),9.7
36,New York,36037,Genesee,2013,2017,American Indian/Alaskan Native (includes Hispanic),
36,New York,36037,Genesee,2013,2017,White (includes Hispanic),6.6
36,New York,36037,Genesee,2014,2018,Asian/Pacific Islander (includes Hispanic),
36,New York,36037,Genesee,2014,2018,Black (includes Hispanic),9.7
36,New York,36037,Genesee,2014,2018,Hispanic (all races),8.2
36,New York,36037,Genesee,2014,2018,American Indian/Alaskan Native (includes Hispanic),
36,New York,36037,Genesee,2014,2018,White (includes Hispanic),6.3
36,New York,36037,Genesee,2015,2019,Asian/Pacific Islander (includes Hispanic),
36,New York,36037,Genesee,2015,2019,Black (includes Hispanic),9.3
36,New York,36037,Genesee,2015,2019,Hispanic (all races),7.7
36,New York,36037,Genesee,2015,2019,American Indian/Alaskan Native (includes Hispanic),
36,New York,36037,Genesee,2015,2019,White (includes Hispanic),6.5
36,New York,36037,Genesee,2016,2020,Asian/Pacific Islander (includes Hispanic),
36,New York,36037,Genesee,2016,2020,Black (includes Hispanic),8.5
36,New York,36037,Genesee,2016,2020,Hispanic (all races),7.0
36,New York,36037,Genesee,2016,2020,American Indian/Alaskan Native (includes Hispanic),
36,New York,36037,Genesee,2016,2020,White (includes Hispanic),6.6
36,New York,36039,Greene,2011,2015,Asian/Pacific Islander (includes Hispanic),
36,New York,36039,Greene,2011,2015,Black (includes Hispanic),
36,New York,36039,Greene,2011,2015,Hispanic (all races),
36,New York,36039,Greene,2011,2015,American Indian/Alaskan Native (includes Hispanic),
36,New York,36039,Greene,2011,2015,White (includes Hispanic),6.8
36,New York,36039,Greene,2012,2016,Asian/Pacific Islander (includes Hispanic),
36,New York,36039,Greene,2012,2016,Black (includes Hispanic),
36,New York,36039,Greene,2012,2016,Hispanic (all races),
36,New York,36039,Greene,2012,2016,American Indian/Alaskan Native (includes Hispanic),
36,New York,36039,Greene,2012,2016,White (includes Hispanic),7.2
36,New York,36039,Greene,2013,2017,Asian/Pacific Islander (includes Hispanic),
36,New York,36039,Greene,2013,2017,Black (includes Hispanic),
36,New York,36039,Greene,2013,2017,Hispanic (all races),
36,New York,36039,Greene,2013,2017,American Indian/Alaskan Native (includes Hispanic),
36,New York,36039,Greene,2013,2017,White (includes Hispanic),6.9
36,New York,36039,Greene,2014,2018,Asian/Pacific Islander (includes Hispanic),
36,New York,36039,Greene,2014,2018,Black (includes Hispanic),
36,New York,36039,Greene,2014,2018,Hispanic (all races),
36,New York,36039,Greene,2014,2018,American Indian/Alaskan Native (includes Hispanic),
36,New York,36039,Greene,2014,2018,White (includes Hispanic),6.7
36,New York,36039,Greene,2015,2019,Asian/Pacific Islander (includes Hispanic),
36,New York,36039,Greene,2015,2019,Black (includes Hispanic),
36,New York,36039,Greene,2015,2019,Hispanic (all races),
36,New York,36039,Greene,2015,2019,American Indian/Alaskan Native (includes Hispanic),
36,New York,36039,Greene,2015,2019,White (includes Hispanic),7.2
36,New York,36039,Greene,2016,2020,Asian/Pacific Islander (includes Hispanic),
36,New York,36039,Greene,2016,2020,Black (includes Hispanic),
36,New York,36039,Greene,2016,2020,Hispanic (all races),
36,New York,36039,Greene,2016,2020,American Indian/Alaskan Native (includes Hispanic),
36,New York,36039,Greene,2016,2020,White (includes Hispanic),6.9
36,New York,36041,Hamilton,2011,2015,Asian/Pacific Islander (includes Hispanic),
36,New York,36041,Hamilton,2011,2015,Black (includes Hispanic),
36,New York,36041,Hamilton,2011,2015,Hispanic (all races),
36,New York,36041,Hamilton,2011,2015,American Indian/Alaskan Native (includes Hispanic),
36,New York,36041,Hamilton,2011,2015,White (includes Hispanic),5.7
36,New York,36041,Hamilton,2012,2016,Asian/Pacific Islander (includes Hispanic),
36,New York,36041,Hamilton,2012,2016,Black (includes Hispanic),
36,New York,36041,Hamilton,2012,2016,Hispanic (all races),
36,New York,36041,Hamilton,2012,2016,American Indian/Alaskan Native (includes Hispanic),
36,New York,36041,Hamilton,2012,2016,White (includes Hispanic),5.6
36,New York,36041,Hamilton,2013,2017,Asian/Pacific Islander (includes Hispanic),
36,New York,36041,Hamilton,2013,2017,Black (includes Hispanic),
36,New York,36041,Hamilton,2013,2017,Hispanic (all races),
36,New York,36041,Hamilton,2013,2017,American Indian/Alaskan Native (includes Hispanic),
36,New York,36041,Hamilton,2013,2017,White (includes Hispanic),6.3
36,New York,36041,Hamilton,2014,2018,Asian/Pacific Islander (includes Hispanic),
36,New York,36041,Hamilton,2014,2018,Black (includes Hispanic),
36,New York,36041,Hamilton,2014,2018,Hispanic (all races),
36,New York,36041,Hamilton,2014,2018,American Indian/Alaskan Native (includes Hispanic),
36,New York,36041,Hamilton,2014,2018,White (includes Hispanic),6.3
36,New York,36041,Hamilton,2015,2019,Asian/Pacific Islander (includes Hispanic),
36,New York,36041,Hamilton,2015,2019,Black (includes Hispanic),
36,New York,36041,Hamilton,2015,2019,Hispanic (all races),
36,New York,36041,Hamilton,2015,2019,American Indian/Alaskan Native (includes Hispanic),
36,New York,36041,Hamilton,2015,2019,White (includes Hispanic),6.5
36,New York,36041,Hamilton,2016,2020,Asian/Pacific Islander (includes Hispanic),
36,New York,36041,Hamilton,2016,2020,Black (includes Hispanic),
36,New York,36041,Hamilton,2016,2020,Hispanic (all races),
36,New York,36041,Hamilton,2016,2020,American Indian/Alaskan Native (includes Hispanic),
36,New York,36041,Hamilton,2016,2020,White (includes Hispanic),6.0
36,New York,36043,Herkimer,2011,2015,Asian/Pacific Islander (includes Hispanic),
36,New York,36043,Herkimer,2011,2015,Black (includes Hispanic),
36,New York,36043,Herkimer,2011,2015,Hispanic (all races),
36,New York,36043,Herkimer,2011,2015,American Indian/Alaskan Native (includes Hispanic),
36,New York,36043,Herkimer,2011,2015,White (includes Hispanic),6.1
36,New York,36043,Herkimer,2012,2016,Asian/Pacific Islander (includes Hispanic),
36,New York,36043,Herkimer,2012,2016,Black (includes Hispanic),
36,New York,36043,Herkimer,2012,2016,Hispanic (all races),
36,New York,36043,Herkimer,2012,2016,American Indian/Alaskan Native (includes Hispanic),
36,New York,36043,Herkimer,2012,2016,White (includes Hispanic),6.2
36,New York,36043,Herkimer,2013,2017,Asian/Pacific Islander (includes Hispanic),
36,New York,36043,Herkimer,2013,2017,Black (includes Hispanic),
36,New York,36043,Herkimer,2013,2017,Hispanic (all races),
36,New York,36043,Herkimer,2013,2017,American Indian/Alaskan Native (includes Hispanic),
36,New York,36043,Herkimer,2013,2017,White (includes Hispanic),6.8
36,New York,36043,Herkimer,2014,2018,Asian/Pacific Islander (includes Hispanic),
36,New York,36043,Herkimer,2014,2018,Black (includes Hispanic),
36,New York,36043,Herkimer,2014,2018,Hispanic (all races),
36,New York,36043,Herkimer,2014,2018,American Indian/Alaskan Native (includes Hispanic),
36,New York,36043,Herkimer,2014,2018,White (includes Hispanic),6.7
36,New York,36043,Herkimer,2015,2019,Asian/Pacific Islander (includes Hispanic),
36,New York,36043,Herkimer,2015,2019,Black (includes Hispanic),
36,New York,36043,Herkimer,2015,2019,Hispanic (all races),
36,New York,36043,Herkimer,2015,2019,American Indian/Alaskan Native (includes Hispanic),
36,New York,36043,Herkimer,2015,2019,White (includes Hispanic),6.7
36,New York,36043,Herkimer,2016,2020,Asian/Pacific Islander (includes Hispanic),
36,New York,36043,Herkimer,2016,2020,Black (includes Hispanic),
36,New York,36043,Herkimer,2016,2020,Hispanic (all races),
36,New York,36043,Herkimer,2016,2020,American Indian/Alaskan Native (includes Hispanic),
36,New York,36043,Herkimer,2016,2020,White (includes Hispanic),6.4
36,New York,36045,Jefferson,2011,2015,Asian/Pacific Islander (includes Hispanic),
36,New York,36045,Jefferson,2011,2015,Black (includes Hispanic),
36,New York,36045,Jefferson,2011,2015,Hispanic (all races),
36,New York,36045,Jefferson,2011,2015,American Indian/Alaskan Native (includes Hispanic),
36,New York,36045,Jefferson,2011,2015,White (includes Hispanic),5.8
36,New York,36045,Jefferson,2012,2016,Asian/Pacific Islander (includes Hispanic),
36,New York,36045,Jefferson,2012,2016,Black (includes Hispanic),
36,New York,36045,Jefferson,2012,2016,Hispanic (all races),
36,New York,36045,Jefferson,2012,2016,American Indian/Alaskan Native (includes Hispanic),
36,New York,36045,Jefferson,2012,2016,White (includes Hispanic),6.0
36,New York,36045,Jefferson,2013,2017,Asian/Pacific Islander (includes Hispanic),
36,New York,36045,Jefferson,2013,2017,Black (includes Hispanic),
36,New York,36045,Jefferson,2013,2017,Hispanic (all races),
36,New York,36045,Jefferson,2013,2017,American Indian/Alaskan Native (includes Hispanic),
36,New York,36045,Jefferson,2013,2017,White (includes Hispanic),6.8
36,New York,36045,Jefferson,2014,2018,Asian/Pacific Islander (includes Hispanic),
36,New York,36045,Jefferson,2014,2018,Black (includes Hispanic),
36,New York,36045,Jefferson,2014,2018,Hispanic (all races),
36,New York,36045,Jefferson,2014,2018,American Indian/Alaskan Native (includes Hispanic),
36,New York,36045,Jefferson,2014,2018,White (includes Hispanic),6.5
36,New York,36045,Jefferson,2015,2019,Asian/Pacific Islander (includes Hispanic),
36,New York,36045,Jefferson,2015,2019,Black (includes Hispanic),
36,New York,36045,Jefferson,2015,2019,Hispanic (all races),
36,New York,36045,Jefferson,2015,2019,American Indian/Alaskan Native (includes Hispanic),
36,New York,36045,Jefferson,2015,2019,White (includes Hispanic),8.0
36,New York,36045,Jefferson,2016,2020,Asian/Pacific Islander (includes Hispanic),
36,New York,36045,Jefferson,2016,2020,Black (includes Hispanic),
36,New York,36045,Jefferson,2016,2020,Hispanic (all races),
36,New York,36045,Jefferson,2016,2020,American Indian/Alaskan Native (includes Hispanic),
36,New York,36045,Jefferson,2016,2020,White (includes Hispanic),7.1
36,New York,36047,Kings,2011,2015,Asian/Pacific Islander (includes Hispanic),9.6
36,New York,36047,Kings,2011,2015,Black (includes Hispanic),11.3
36,New York,36047,Kings,2011,2015,Hispanic (all races),10.5
36,New York,36047,Kings,2011,2015,American Indian/Alaskan Native (includes Hispanic),
36,New York,36047,Kings,2011,2015,White (includes Hispanic),7.9
36,New York,36047,Kings,2012,2016,Asian/Pacific Islander (includes Hispanic),9.5
36,New York,36047,Kings,2012,2016,Black (includes Hispanic),11.1
36,New York,36047,Kings,2012,2016,Hispanic (all races),10.5
36,New York,36047,Kings,2012,2016,American Indian/Alaskan Native (includes Hispanic),
36,New York,36047,Kings,2012,2016,White (includes Hispanic),8.0
36,New York,36047,Kings,2013,2017,Asian/Pacific Islander (includes Hispanic),9.6
36,New York,36047,Kings,2013,2017,Black (includes Hispanic),10.9
36,New York,36047,Kings,2013,2017,Hispanic (all races),10.5
36,New York,36047,Kings,2013,2017,American Indian/Alaskan Native (includes Hispanic),
36,New York,36047,Kings,2013,2017,White (includes Hispanic),8.0
36,New York,36047,Kings,2014,2018,Asian/Pacific Islander (includes Hispanic),9.2
36,New York,36047,Kings,2014,2018,Black (includes Hispanic),10.6
36,New York,36047,Kings,2014,2018,Hispanic (all races),10.3
36,New York,36047,Kings,2014,2018,American Indian/Alaskan Native (includes Hispanic),
36,New York,36047,Kings,2014,2018,White (includes Hispanic),7.8
36,New York,36047,Kings,2015,2019,Asian/Pacific Islander (includes Hispanic),9.0
36,New York,36047,Kings,2015,2019,Black (includes Hispanic),10.6
36,New York,36047,Kings,2015,2019,Hispanic (all races),10.3
36,New York,36047,Kings,2015,2019,American Indian/Alaskan Native (includes Hispanic),
36,New York,36047,Kings,2015,2019,White (includes Hispanic),7.6
36,New York,36047,Kings,2016,2020,Asian/Pacific Islander (includes Hispanic),8.4
36,New York,36047,Kings,2016,2020,Black (includes Hispanic),10.2
36,New York,36047,Kings,2016,2020,Hispanic (all races),9.7
36,New York,36047,Kings,2016,2020,American Indian/Alaskan Native (includes Hispanic),
36,New York,36047,Kings,2016,2020,White (includes Hispanic),7.2
36,New York,36049,Lewis,2011,2015,Asian/Pacific Islander (includes Hispanic),
36,New York,36049,Lewis,2011,2015,Black (includes Hispanic),
36,New York,36049,Lewis,2011,2015,Hispanic (all races),
36,New York,36049,Lewis,2011,2015,American Indian/Alaskan Native (includes Hispanic),
36,New York,36049,Lewis,2011,2015,White (includes Hispanic),5.8
36,New York,36049,Lewis,2012,2016,Asian/Pacific Islander (includes Hispanic),
36,New York,36049,Lewis,2012,2016,Black (includes Hispanic),
36,New York,36049,Lewis,2012,2016,Hispanic (all races),
36,New York,36049,Lewis,2012,2016,American Indian/Alaskan Native (includes Hispanic),
36,New York,36049,Lewis,2012,2016,White (includes Hispanic),5.9
36,New York,36049,Lewis,2013,2017,Asian/Pacific Islander (includes Hispanic),
36,New York,36049,Lewis,2013,2017,Black (includes Hispanic),
36,New York,36049,Lewis,2013,2017,Hispanic (all races),
36,New York,36049,Lewis,2013,2017,American Indian/Alaskan Native (includes Hispanic),
36,New York,36049,Lewis,2013,2017,White (includes Hispanic),6.8
36,New York,36049,Lewis,2014,2018,Asian/Pacific Islander (includes Hispanic),
36,New York,36049,Lewis,2014,2018,Black (includes Hispanic),
36,New York,36049,Lewis,2014,2018,Hispanic (all races),
36,New York,36049,Lewis,2014,2018,American Indian/Alaskan Native (includes Hispanic),
36,New York,36049,Lewis,2014,2018,White (includes Hispanic),6.5
36,New York,36049,Lewis,2015,2019,Asian/Pacific Islander (includes Hispanic),
36,New York,36049,Lewis,2015,2019,Black (includes Hispanic),
36,New York,36049,Lewis,2015,2019,Hispanic (all races),
36,New York,36049,Lewis,2015,2019,American Indian/Alaskan Native (includes Hispanic),
36,New York,36049,Lewis,2015,2019,White (includes Hispanic),6.8
36,New York,36049,Lewis,2016,2020,Asian/Pacific Islander (includes Hispanic),
36,New York,36049,Lewis,2016,2020,Black (includes Hispanic),
36,New York,36049,Lewis,2016,2020,Hispanic (all races),
36,New York,36049,Lewis,2016,2020,American Indian/Alaskan Native (includes Hispanic),
36,New York,36049,Lewis,2016,2020,White (includes Hispanic),6.3
36,New York,36051,Livingston,2011,2015,Asian/Pacific Islander (includes Hispanic),
36,New York,36051,Livingston,2011,2015,Black (includes Hispanic),12.6
36,New York,36051,Livingston,2011,2015,Hispanic (all races),15.4
36,New York,36051,Livingston,2011,2015,American Indian/Alaskan Native (includes Hispanic),
36,New York,36051,Livingston,2011,2015,White (includes Hispanic),6.1
36,New York,36051,Livingston,2012,2016,Asian/Pacific Islander (includes Hispanic),
36,New York,36051,Livingston,2012,2016,Black (includes Hispanic),12.9
36,New York,36051,Livingston,2012,2016,Hispanic (all races),
36,New York,36051,Livingston,2012,2016,American Indian/Alaskan Native (includes Hispanic),
36,New York,36051,Livingston,2012,2016,White (includes Hispanic),6.3
36,New York,36051,Livingston,2013,2017,Asian/Pacific Islander (includes Hispanic),
36,New York,36051,Livingston,2013,2017,Black (includes Hispanic),12.0
36,New York,36051,Livingston,2013,2017,Hispanic (all races),
36,New York,36051,Livingston,2013,2017,American Indian/Alaskan Native (includes Hispanic),
36,New York,36051,Livingston,2013,2017,White (includes Hispanic),6.6
36,New York,36051,Livingston,2014,2018,Asian/Pacific Islander (includes Hispanic),
36,New York,36051,Livingston,2014,2018,Black (includes Hispanic),10.0
36,New York,36051,Livingston,2014,2018,Hispanic (all races),
36,New York,36051,Livingston,2014,2018,American Indian/Alaskan Native (includes Hispanic),
36,New York,36051,Livingston,2014,2018,White (includes Hispanic),6.0
36,New York,36051,Livingston,2015,2019,Asian/Pacific Islander (includes Hispanic),
36,New York,36051,Livingston,2015,2019,Black (includes Hispanic),8.2
36,New York,36051,Livingston,2015,2019,Hispanic (all races),
36,New York,36051,Livingston,2015,2019,American Indian/Alaskan Native (includes Hispanic),
36,New York,36051,Livingston,2015,2019,White (includes Hispanic),5.8
36,New York,36051,Livingston,2016,2020,Asian/Pacific Islander (includes Hispanic),
36,New York,36051,Livingston,2016,2020,Black (includes Hispanic),8.2
36,New York,36051,Livingston,2016,2020,Hispanic (all races),
36,New York,36051,Livingston,2016,2020,American Indian/Alaskan Native (includes Hispanic),
36,New York,36051,Livingston,2016,2020,White (includes Hispanic),5.6
36,New York,36053,Madison,2011,2015,Asian/Pacific Islander (includes Hispanic),
36,New York,36053,Madison,2011,2015,Black (includes Hispanic),
36,New York,36053,Madison,2011,2015,Hispanic (all races),
36,New York,36053,Madison,2011,2015,American Indian/Alaskan Native (includes Hispanic),
36,New York,36053,Madison,2011,2015,White (includes Hispanic),5.7
36,New York,36053,Madison,2012,2016,Asian/Pacific Islander (includes Hispanic),
36,New York,36053,Madison,2012,2016,Black (includes Hispanic),
36,New York,36053,Madison,2012,2016,Hispanic (all races),
36,New York,36053,Madison,2012,2016,American Indian/Alaskan Native (includes Hispanic),
36,New York,36053,Madison,2012,2016,White (includes Hispanic),6.1
36,New York,36053,Madison,2013,2017,Asian/Pacific Islander (includes Hispanic),
36,New York,36053,Madison,2013,2017,Black (includes Hispanic),
36,New York,36053,Madison,2013,2017,Hispanic (all races),
36,New York,36053,Madison,2013,2017,American Indian/Alaskan Native (includes Hispanic),
36,New York,36053,Madison,2013,2017,White (includes Hispanic),6.5
36,New York,36053,Madison,2014,2018,Asian/Pacific Islander (includes Hispanic),
36,New York,36053,Madison,2014,2018,Black (includes Hispanic),
36,New York,36053,Madison,2014,2018,Hispanic (all races),
36,New York,36053,Madison,2014,2018,American Indian/Alaskan Native (includes Hispanic),
36,New York,36053,Madison,2014,2018,White (includes Hispanic),6.6
36,New York,36053,Madison,2015,2019,Asian/Pacific Islander (includes Hispanic),
36,New York,36053,Madison,2015,2019,Black (includes Hispanic),
36,New York,36053,Madison,2015,2019,Hispanic (all races),
36,New York,36053,Madison,2015,2019,American Indian/Alaskan Native (includes Hispanic),
36,New York,36053,Madison,2015,2019,White (includes Hispanic),6.3
36,New York,36053,Madison,2016,2020,Asian/Pacific Islander (includes Hispanic),
36,New York,36053,Madison,2016,2020,Black (includes Hispanic),
36,New York,36053,Madison,2016,2020,Hispanic (all races),
36,New York,36053,Madison,2016,2020,American Indian/Alaskan Native (includes Hispanic),
36,New York,36053,Madison,2016,2020,White (includes Hispanic),6.4
36,New York,36055,Monroe,2011,2015,Asian/Pacific Islander (includes Hispanic),
36,New York,36055,Monroe,2011,2015,Black (includes Hispanic),12.4
36,New York,36055,Monroe,2011,2015,Hispanic (all races),
36,New York,36055,Monroe,2011,2015,American Indian/Alaskan Native (includes Hispanic),
36,New York,36055,Monroe,2011,2015,White (includes Hispanic),6.7
36,New York,36055,Monroe,2012,2016,Asian/Pacific Islander (includes Hispanic),
36,New York,36055,Monroe,2012,2016,Black (includes Hispanic),12.8
36,New York,36055,Monroe,2012,2016,Hispanic (all races),
36,New York,36055,Monroe,2012,2016,American Indian/Alaskan Native (includes Hispanic),
36,New York,36055,Monroe,2012,2016,White (includes Hispanic),7.1
36,New York,36055,Monroe,2013,2017,Asian/Pacific Islander (includes Hispanic),
36,New York,36055,Monroe,2013,2017,Black (includes Hispanic),11.8
36,New York,36055,Monroe,2013,2017,Hispanic (all races),
36,New York,36055,Monroe,2013,2017,American Indian/Alaskan Native (includes Hispanic),
36,New York,36055,Monroe,2013,2017,White (includes Hispanic),7.1
36,New York,36055,Monroe,2014,2018,Asian/Pacific Islander (includes Hispanic),
36,New York,36055,Monroe,2014,2018,Black (includes Hispanic),9.6
36,New York,36055,Monroe,2014,2018,Hispanic (all races),
36,New York,36055,Monroe,2014,2018,American Indian/Alaskan Native (includes Hispanic),
36,New York,36055,Monroe,2014,2018,White (includes Hispanic),6.2
36,New York,36055,Monroe,2015,2019,Asian/Pacific Islander (includes Hispanic),
36,New York,36055,Monroe,2015,2019,Black (includes Hispanic),8.2
36,New York,36055,Monroe,2015,2019,Hispanic (all races),
36,New York,36055,Monroe,2015,2019,American Indian/Alaskan Native (includes Hispanic),
36,New York,36055,Monroe,2015,2019,White (includes Hispanic),6.0
36,New York,36055,Monroe,2016,2020,Asian/Pacific Islander (includes Hispanic),
36,New York,36055,Monroe,2016,2020,Black (includes Hispanic),8.4
36,New York,36055,Monroe,2016,2020,Hispanic (all races),
36,New York,36055,Monroe,2016,2020,American Indian/Alaskan Native (includes Hispanic),
36,New York,36055,Monroe,2016,2020,White (includes Hispanic),5.3
36,New York,36057,Montgomery,2011,2015,Asian/Pacific Islander (includes Hispanic),
36,New York,36057,Montgomery,2011,2015,Black (includes Hispanic),
36,New York,36057,Montgomery,2011,2015,Hispanic (all races),
36,New York,36057,Montgomery,2011,2015,American Indian/Alaskan Native (includes Hispanic),
36,New York,36057,Montgomery,2011,2015,White (includes Hispanic),6.7
36,New York,36057,Montgomery,2012,2016,Asian/Pacific Islander (includes Hispanic),
36,New York,36057,Montgomery,2012,2016,Black (includes Hispanic),
36,New York,36057,Montgomery,2012,2016,Hispanic (all races),
36,New York,36057,Montgomery,2012,2016,American Indian/Alaskan Native (includes Hispanic),
36,New York,36057,Montgomery,2012,2016,White (includes Hispanic),6.6
36,New York,36057,Montgomery,2013,2017,Asian/Pacific Islander (includes Hispanic),
36,New York,36057,Montgomery,2013,2017,Black (includes Hispanic),
36,New York,36057,Montgomery,2013,2017,Hispanic (all races),
36,New York,36057,Montgomery,2013,2017,American Indian/Alaskan Native (includes Hispanic),
36,New York,36057,Montgomery,2013,2017,White (includes Hispanic),6.9
36,New York,36057,Montgomery,2014,2018,Asian/Pacific Islander (includes Hispanic),
36,New York,36057,Montgomery,2014,2018,Black (includes Hispanic),
36,New York,36057,Montgomery,2014,2018,Hispanic (all races),
36,New York,36057,Montgomery,2014,2018,American Indian/Alaskan Native (includes Hispanic),
36,New York,36057,Montgomery,2014,2018,White (includes Hispanic),6.5
36,New York,36057,Montgomery,2015,2019,Asian/Pacific Islander (includes Hispanic),
36,New York,36057,Montgomery,2015,2019,Black (includes Hispanic),
36,New York,36057,Montgomery,2015,2019,Hispanic (all races),
36,New York,36057,Montgomery,2015,2019,American Indian/Alaskan Native (includes Hispanic),
36,New York,36057,Montgomery,2015,2019,White (includes Hispanic),6.7
36,New York,36057,Montgomery,2016,2020,Asian/Pacific Islander (includes Hispanic),
36,New York,36057,Montgomery,2016,2020,Black (includes Hispanic),
36,New York,36057,Montgomery,2016,2020,Hispanic (all races),
36,New York,36057,Montgomery,2016,2020,American Indian/Alaskan Native (includes Hispanic),
36,New York,36057,Montgomery,2016,2020,White (includes Hispanic),6.4
36,New York,36059,Nassau,2011,2015,Asian/Pacific Islander (includes Hispanic),9.2
36,New York,36059,Nassau,2011,2015,Black (includes Hispanic),9.3
36,New York,36059,Nassau,2011,2015,Hispanic (all races),10.2
36,New York,36059,Nassau,2011,2015,American Indian/Alaskan Native (includes Hispanic),
36,New York,36059,Nassau,2011,2015,White (includes Hispanic),7.4
36,New York,36059,Nassau,2012,2016,Asian/Pacific Islander (includes Hispanic),8.8
36,New York,36059,Nassau,2012,2016,Black (includes Hispanic),8.8
36,New York,36059,Nassau,2012,2016,Hispanic (all races),10.3
36,New York,36059,Nassau,2012,2016,American Indian/Alaskan Native (includes Hispanic),
36,New York,36059,Nassau,2012,2016,White (includes Hispanic),7.2
36,New York,36059,Nassau,2013,2017,Asian/Pacific Islander (includes Hispanic),8.9
36,New York,36059,Nassau,2013,2017,Black (includes Hispanic),9.0
36,New York,36059,Nassau,2013,2017,Hispanic (all races),10.0
36,New York,36059,Nassau,2013,2017,American Indian/Alaskan Native (includes Hispanic),
36,New York,36059,Nassau,2013,2017,White (includes Hispanic),7.0
36,New York,36059,Nassau,2014,2018,Asian/Pacific Islander (includes Hispanic),8.9
36,New York,36059,Nassau,2014,2018,Black (includes Hispanic),8.8
36,New York,36059,Nassau,2014,2018,Hispanic (all races),9.7
36,New York,36059,Nassau,2014,2018,American Indian/Alaskan Native (includes Hispanic),
36,New York,36059,Nassau,2014,2018,White (includes Hispanic),6.7
36,New York,36059,Nassau,2015,2019,Asian/Pacific Islander (includes Hispanic),8.6
36,New York,36059,Nassau,2015,2019,Black (includes Hispanic),9.0
36,New York,36059,Nassau,2015,2019,Hispanic (all races),9.8
36,New York,36059,Nassau,2015,2019,American Indian/Alaskan Native (includes Hispanic),
36,New York,36059,Nassau,2015,2019,White (includes Hispanic),6.7
36,New York,36059,Nassau,2016,2020,Asian/Pacific Islander (includes Hispanic),8.0
36,New York,36059,Nassau,2016,2020,Black (includes Hispanic),8.6
36,New York,36059,Nassau,2016,2020,Hispanic (all races),9.7
36,New York,36059,Nassau,2016,2020,American Indian/Alaskan Native (includes Hispanic),
36,New York,36059,Nassau,2016,2020,White (includes Hispanic),6.5
36,New York,36061,New York,2011,2015,Asian/Pacific Islander (includes Hispanic),9.2
36,New York,36061,New York,2011,2015,Black (includes Hispanic),10.7
36,New York,36061,New York,2011,2015,Hispanic (all races),10.4
36,New York,36061,New York,2011,2015,American Indian/Alaskan Native (includes Hispanic),
36,New York,36061,New York,2011,2015,White (includes Hispanic),8.1
36,New York,36061,New York,2012,2016,Asian/Pacific Islander (includes Hispanic),9.2
36,New York,36061,New York,2012,2016,Black (includes Hispanic),10.5
36,New York,36061,New York,2012,2016,Hispanic (all races),10.2
36,New York,36061,New York,2012,2016,American Indian/Alaskan Native (includes Hispanic),
36,New York,36061,New York,2012,2016,White (includes Hispanic),7.9
36,New York,36061,New York,2013,2017,Asian/Pacific Islander (includes Hispanic),9.2
36,New York,36061,New York,2013,2017,Black (includes Hispanic),10.5
36,New York,36061,New York,2013,2017,Hispanic (all races),10.0
36,New York,36061,New York,2013,2017,American Indian/Alaskan Native (includes Hispanic),
36,New York,36061,New York,2013,2017,White (includes Hispanic),7.9
36,New York,36061,New York,2014,2018,Asian/Pacific Islander (includes Hispanic),8.7
36,New York,36061,New York,2014,2018,Black (includes Hispanic),10.4
36,New York,36061,New York,2014,2018,Hispanic (all races),9.9
36,New York,36061,New York,2014,2018,American Indian/Alaskan Native (includes Hispanic),
36,New York,36061,New York,2014,2018,White (includes Hispanic),7.8
36,New York,36061,New York,2015,2019,Asian/Pacific Islander (includes Hispanic),8.6
36,New York,36061,New York,2015,2019,Black (includes Hispanic),10.4
36,New York,36061,New York,2015,2019,Hispanic (all races),9.8
36,New York,36061,New York,2015,2019,American Indian/Alaskan Native (includes Hispanic),
36,New York,36061,New York,2015,2019,White (includes Hispanic),7.5
36,New York,36061,New York,2016,2020,Asian/Pacific Islander (includes Hispanic),8.0
36,New York,36061,New York,2016,2020,Black (includes Hispanic),10.0
36,New York,36061,New York,2016,2020,Hispanic (all races),9.3
36,New York,36061,New York,2016,2020,American Indian/Alaskan Native (includes Hispanic),
36,New York,36061,New York,2016,2020,White (includes Hispanic),7.0
36,New York,36063,Niagara,2011,2015,Asian/Pacific Islander (includes Hispanic),
36,New York,36063,Niagara,2011,2015,Black (includes Hispanic),11.3
36,New York,36063,Niagara,2011,2015,Hispanic (all races),
36,New York,36063,Niagara,2011,2015,American Indian/Alaskan Native (includes Hispanic),
36,New York,36063,Niagara,2011,2015,White (includes Hispanic),6.2
36,New York,36063,Niagara,2012,2016,Asian/Pacific Islander (includes Hispanic),
36,New York,36063,Niagara,2012,2016,Black (includes Hispanic),10.9
36,New York,36063,Niagara,2012,2016,Hispanic (all races),
36,New York,36063,Niagara,2012,2016,American Indian/Alaskan Native (includes Hispanic),
36,New York,36063,Niagara,2012,2016,White (includes Hispanic),6.3
36,New York,36063,Niagara,2013,2017,Asian/Pacific Islander (includes Hispanic),
36,New York,36063,Niagara,2013,2017,Black (includes Hispanic),10.8
36,New York,36063,Niagara,2013,2017,Hispanic (all races),
36,New York,36063,Niagara,2013,2017,American Indian/Alaskan Native (includes Hispanic),
36,New York,36063,Niagara,2013,2017,White (includes Hispanic),6.8
36,New York,36063,Niagara,2014,2018,Asian/Pacific Islander (includes Hispanic),
36,New York,36063,Niagara,2014,2018,Black (includes Hispanic),9.8
36,New York,36063,Niagara,2014,2018,Hispanic (all races),
36,New York,36063,Niagara,2014,2018,American Indian/Alaskan Native (includes Hispanic),
36,New York,36063,Niagara,2014,2018,White (includes Hispanic),6.8
36,New York,36063,Niagara,2015,2019,Asian/Pacific Islander (includes Hispanic),
36,New York,36063,Niagara,2015,2019,Black (includes Hispanic),10.2
36,New York,36063,Niagara,2015,2019,Hispanic (all races),
36,New York,36063,Niagara,2015,2019,American Indian/Alaskan Native (includes Hispanic),
36,New York,36063,Niagara,2015,2019,White (includes Hispanic),7.4
36,New York,36063,Niagara,2016,2020,Asian/Pacific Islander (includes Hispanic),
36,New York,36063,Niagara,2016,2020,Black (includes Hispanic),8.5
36,New York,36063,Niagara,2016,2020,Hispanic (all races),
36,New York,36063,Niagara,2016,2020,American Indian/Alaskan Native (includes Hispanic),
36,New York,36063,Niagara,2016,2020,White (includes Hispanic),7.6
36,New York,36065,Oneida,2011,2015,Asian/Pacific Islander (includes Hispanic),
36,New York,36065,Oneida,2011,2015,Black (includes Hispanic),
36,New York,36065,Oneida,2011,2015,Hispanic (all races),
36,New York,36065,Oneida,2011,2015,American Indian/Alaskan Native (includes Hispanic),
36,New York,36065,Oneida,2011,2015,White (includes Hispanic),5.7
36,New York,36065,Oneida,2012,2016,Asian/Pacific Islander (includes Hispanic),
36,New York,36065,Oneida,2012,2016,Black (includes Hispanic),
36,New York,36065,Oneida,2012,2016,Hispanic (all races),
36,New York,36065,Oneida,2012,2016,American Indian/Alaskan Native (includes Hispanic),
36,New York,36065,Oneida,2012,2016,White (includes Hispanic),5.9
36,New York,36065,Oneida,2013,2017,Asian/Pacific Islander (includes Hispanic),
36,New York,36065,Oneida,2013,2017,Black (includes Hispanic),
36,New York,36065,Oneida,2013,2017,Hispanic (all races),
36,New York,36065,Oneida,2013,2017,American Indian/Alaskan Native (includes Hispanic),
36,New York,36065,Oneida,2013,2017,White (includes Hispanic),6.7
36,New York,36065,Oneida,2014,2018,Asian/Pacific Islander (includes Hispanic),
36,New York,36065,Oneida,2014,2018,Black (includes Hispanic),
36,New York,36065,Oneida,2014,2018,Hispanic (all races),
36,New York,36065,Oneida,2014,2018,American Indian/Alaskan Native (includes Hispanic),
36,New York,36065,Oneida,2014,2018,White (includes Hispanic),6.0
36,New York,36065,Oneida,2015,2019,Asian/Pacific Islander (includes Hispanic),
36,New York,36065,Oneida,2015,2019,Black (includes Hispanic),
36,New York,36065,Oneida,2015,2019,Hispanic (all races),
36,New York,36065,Oneida,2015,2019,American Indian/Alaskan Native (includes Hispanic),
36,New York,36065,Oneida,2015,2019,White (includes Hispanic),5.7
36,New York,36065,Oneida,2016,2020,Asian/Pacific Islander (includes Hispanic),
36,New York,36065,Oneida,2016,2020,Black (includes Hispanic),
36,New York,36065,Oneida,2016,2020,Hispanic (all races),
36,New York,36065,Oneida,2016,2020,American Indian/Alaskan Native (includes Hispanic),
36,New York,36065,Oneida,2016,2020,White (includes Hispanic),5.7
36,New York,36067,Onondaga,2011,2015,Asian/Pacific Islander (includes Hispanic),
36,New York,36067,Onondaga,2011,2015,Black (includes Hispanic),
36,New York,36067,Onondaga,2011,2015,Hispanic (all races),
36,New York,36067,Onondaga,2011,2015,American Indian/Alaskan Native (includes Hispanic),
36,New York,36067,Onondaga,2011,2015,White (includes Hispanic),5.4
36,New York,36067,Onondaga,2012,2016,Asian/Pacific Islander (includes Hispanic),
36,New York,36067,Onondaga,2012,2016,Black (includes Hispanic),
36,New York,36067,Onondaga,2012,2016,Hispanic (all races),
36,New York,36067,Onondaga,2012,2016,American Indian/Alaskan Native (includes Hispanic),
36,New York,36067,Onondaga,2012,2016,White (includes Hispanic),6.0
36,New York,36067,Onondaga,2013,2017,Asian/Pacific Islander (includes Hispanic),
36,New York,36067,Onondaga,2013,2017,Black (includes Hispanic),
36,New York,36067,Onondaga,2013,2017,Hispanic (all races),
36,New York,36067,Onondaga,2013,2017,American Indian/Alaskan Native (includes Hispanic),
36,New York,36067,Onondaga,2013,2017,White (includes Hispanic),6.1
36,New York,36067,Onondaga,2014,2018,Asian/Pacific Islander (includes Hispanic),
36,New York,36067,Onondaga,2014,2018,Black (includes Hispanic),
36,New York,36067,Onondaga,2014,2018,Hispanic (all races),
36,New York,36067,Onondaga,2014,2018,American Indian/Alaskan Native (includes Hispanic),
36,New York,36067,Onondaga,2014,2018,White (includes Hispanic),6.5
36,New York,36067,Onondaga,2015,2019,Asian/Pacific Islander (includes Hispanic),
36,New York,36067,Onondaga,2015,2019,Black (includes Hispanic),
36,New York,36067,Onondaga,2015,2019,Hispanic (all races),
36,New York,36067,Onondaga,2015,2019,American Indian/Alaskan Native (includes Hispanic),
36,New York,36067,Onondaga,2015,2019,White (includes Hispanic),6.5
36,New York,36067,Onondaga,2016,2020,Asian/Pacific Islander (includes Hispanic),
36,New York,36067,Onondaga,2016,2020,Black (includes Hispanic),
36,New York,36067,Onondaga,2016,2020,Hispanic (all races),
36,New York,36067,Onondaga,2016,2020,American Indian/Alaskan Native (includes Hispanic),
36,New York,36067,Onondaga,2016,2020,White (includes Hispanic),6.6
36,New York,36069,Ontario,2011,2015,Asian/Pacific Islander (includes Hispanic),
36,New York,36069,Ontario,2011,2015,Black (includes Hispanic),12.8
36,New York,36069,Ontario,2011,2015,Hispanic (all races),15.1
36,New York,36069,Ontario,2011,2015,American Indian/Alaskan Native (includes Hispanic),
36,New York,36069,Ontario,2011,2015,White (includes Hispanic),6.9
36,New York,36069,Ontario,2012,2016,Asian/Pacific Islander (includes Hispanic),
36,New York,36069,Ontario,2012,2016,Black (includes Hispanic),13.5
36,New York,36069,Ontario,2012,2016,Hispanic (all races),
36,New York,36069,Ontario,2012,2016,American Indian/Alaskan Native (includes Hispanic),
36,New York,36069,Ontario,2012,2016,White (includes Hispanic),7.3
36,New York,36069,Ontario,2013,2017,Asian/Pacific Islander (includes Hispanic),
36,New York,36069,Ontario,2013,2017,Black (includes Hispanic),13.0
36,New York,36069,Ontario,2013,2017,Hispanic (all races),
36,New York,36069,Ontario,2013,2017,American Indian/Alaskan Native (includes Hispanic),
36,New York,36069,Ontario,2013,2017,White (includes Hispanic),7.6
36,New York,36069,Ontario,2014,2018,Asian/Pacific Islander (includes Hispanic),
36,New York,36069,Ontario,2014,2018,Black (includes Hispanic),10.6
36,New York,36069,Ontario,2014,2018,Hispanic (all races),
36,New York,36069,Ontario,2014,2018,American Indian/Alaskan Native (includes Hispanic),
36,New York,36069,Ontario,2014,2018,White (includes Hispanic),6.7
36,New York,36069,Ontario,2015,2019,Asian/Pacific Islander (includes Hispanic),
36,New York,36069,Ontario,2015,2019,Black (includes Hispanic),8.8
36,New York,36069,Ontario,2015,2019,Hispanic (all races),
36,New York,36069,Ontario,2015,2019,American Indian/Alaskan Native (includes Hispanic),
36,New York,36069,Ontario,2015,2019,White (includes Hispanic),6.3
36,New York,36069,Ontario,2016,2020,Asian/Pacific Islander (includes Hispanic),
36,New York,36069,Ontario,2016,2020,Black (includes Hispanic),8.5
36,New York,36069,Ontario,2016,2020,Hispanic (all races),
36,New York,36069,Ontario,2016,2020,American Indian/Alaskan Native (includes Hispanic),
36,New York,36069,Ontario,2016,2020,White (includes Hispanic),5.7
36,New York,36071,Orange,2011,2015,Asian/Pacific Islander (includes Hispanic),
36,New York,36071,Orange,2011,2015,Black (includes Hispanic),8.8
36,New York,36071,Orange,2011,2015,Hispanic (all races),10.9
36,New York,36071,Orange,2011,2015,American Indian/Alaskan Native (includes Hispanic),
36,New York,36071,Orange,2011,2015,White (includes Hispanic),7.9
36,New York,36071,Orange,2012,2016,Asian/Pacific Islander (includes Hispanic),
36,New York,36071,Orange,2012,2016,Black (includes Hispanic),7.5
36,New York,36071,Orange,2012,2016,Hispanic (all races),11.7
36,New York,36071,Orange,2012,2016,American Indian/Alaskan Native (includes Hispanic),
36,New York,36071,Orange,2012,2016,White (includes Hispanic),8.0
36,New York,36071,Orange,2013,2017,Asian/Pacific Islander (includes Hispanic),
36,New York,36071,Orange,2013,2017,Black (includes Hispanic),8.6
36,New York,36071,Orange,2013,2017,Hispanic (all races),11.9
36,New York,36071,Orange,2013,2017,American Indian/Alaskan Native (includes Hispanic),
36,New York,36071,Orange,2013,2017,White (includes Hispanic),8.0
36,New York,36071,Orange,2014,2018,Asian/Pacific Islander (includes Hispanic),
36,New York,36071,Orange,2014,2018,Black (includes Hispanic),7.9
36,New York,36071,Orange,2014,2018,Hispanic (all races),11.9
36,New York,36071,Orange,2014,2018,American Indian/Alaskan Native (includes Hispanic),
36,New York,36071,Orange,2014,2018,White (includes Hispanic),8.2
36,New York,36071,Orange,2015,2019,Asian/Pacific Islander (includes Hispanic),
36,New York,36071,Orange,2015,2019,Black (includes Hispanic),7.6
36,New York,36071,Orange,2015,2019,Hispanic (all races),12.3
36,New York,36071,Orange,2015,2019,American Indian/Alaskan Native (includes Hispanic),
36,New York,36071,Orange,2015,2019,White (includes Hispanic),8.0
36,New York,36071,Orange,2016,2020,Asian/Pacific Islander (includes Hispanic),
36,New York,36071,Orange,2016,2020,Black (includes Hispanic),6.3
36,New York,36071,Orange,2016,2020,Hispanic (all races),11.6
36,New York,36071,Orange,2016,2020,American Indian/Alaskan Native (includes Hispanic),
36,New York,36071,Orange,2016,2020,White (includes Hispanic),7.5
36,New York,36073,Orleans,2011,2015,Asian/Pacific Islander (includes Hispanic),
36,New York,36073,Orleans,2011,2015,Black (includes Hispanic),11.8
36,New York,36073,Orleans,2011,2015,Hispanic (all races),
36,New York,36073,Orleans,2011,2015,American Indian/Alaskan Native (includes Hispanic),
36,New York,36073,Orleans,2011,2015,White (includes Hispanic),5.8
36,New York,36073,Orleans,2012,2016,Asian/Pacific Islander (includes Hispanic),
36,New York,36073,Orleans,2012,2016,Black (includes Hispanic),12.1
36,New York,36073,Orleans,2012,2016,Hispanic (all races),
36,New York,36073,Orleans,2012,2016,American Indian/Alaskan Native (includes Hispanic),
36,New York,36073,Orleans,2012,2016,White (includes Hispanic),5.9
36,New York,36073,Orleans,2013,2017,Asian/Pacific Islander (includes Hispanic),
36,New York,36073,Orleans,2013,2017,Black (includes Hispanic),11.3
36,New York,36073,Orleans,2013,2017,Hispanic (all races),
36,New York,36073,Orleans,2013,2017,American Indian/Alaskan Native (includes Hispanic),
36,New York,36073,Orleans,2013,2017,White (includes Hispanic),6.2
36,New York,36073,Orleans,2014,2018,Asian/Pacific Islander (includes Hispanic),
36,New York,36073,Orleans,2014,2018,Black (includes Hispanic),9.2
36,New York,36073,Orleans,2014,2018,Hispanic (all races),
36,New York,36073,Orleans,2014,2018,American Indian/Alaskan Native (includes Hispanic),
36,New York,36073,Orleans,2014,2018,White (includes Hispanic),5.8
36,New York,36073,Orleans,2015,2019,Asian/Pacific Islander (includes Hispanic),
36,New York,36073,Orleans,2015,2019,Black (includes Hispanic),8.2
36,New York,36073,Orleans,2015,2019,Hispanic (all races),
36,New York,36073,Orleans,2015,2019,American Indian/Alaskan Native (includes Hispanic),
36,New York,36073,Orleans,2015,2019,White (includes Hispanic),5.9
36,New York,36073,Orleans,2016,2020,Asian/Pacific Islander (includes Hispanic),
36,New York,36073,Orleans,2016,2020,Black (includes Hispanic),8.4
36,New York,36073,Orleans,2016,2020,Hispanic (all races),
36,New York,36073,Orleans,2016,2020,American Indian/Alaskan Native (includes Hispanic),
36,New York,36073,Orleans,2016,2020,White (includes Hispanic),5.9
36,New York,36075,Oswego,2011,2015,Asian/Pacific Islander (includes Hispanic),
36,New York,36075,Oswego,2011,2015,Black (includes Hispanic),
36,New York,36075,Oswego,2011,2015,Hispanic (all races),
36,New York,36075,Oswego,2011,2015,American Indian/Alaskan Native (includes Hispanic),
36,New York,36075,Oswego,2011,2015,White (includes Hispanic),5.5
36,New York,36075,Oswego,2012,2016,Asian/Pacific Islander (includes Hispanic),
36,New York,36075,Oswego,2012,2016,Black (includes Hispanic),
36,New York,36075,Oswego,2012,2016,Hispanic (all races),
36,New York,36075,Oswego,2012,2016,American Indian/Alaskan Native (includes Hispanic),
36,New York,36075,Oswego,2012,2016,White (includes Hispanic),6.0
36,New York,36075,Oswego,2013,2017,Asian/Pacific Islander (includes Hispanic),
36,New York,36075,Oswego,2013,2017,Black (includes Hispanic),
36,New York,36075,Oswego,2013,2017,Hispanic (all races),
36,New York,36075,Oswego,2013,2017,American Indian/Alaskan Native (includes Hispanic),
36,New York,36075,Oswego,2013,2017,White (includes Hispanic),6.2
36,New York,36075,Oswego,2014,2018,Asian/Pacific Islander (includes Hispanic),
36,New York,36075,Oswego,2014,2018,Black (includes Hispanic),
36,New York,36075,Oswego,2014,2018,Hispanic (all races),
36,New York,36075,Oswego,2014,2018,American Indian/Alaskan Native (includes Hispanic),
36,New York,36075,Oswego,2014,2018,White (includes Hispanic),6.4
36,New York,36075,Oswego,2015,2019,Asian/Pacific Islander (includes Hispanic),
36,New York,36075,Oswego,2015,2019,Black (includes Hispanic),
36,New York,36075,Oswego,2015,2019,Hispanic (all races),
36,New York,36075,Oswego,2015,2019,American Indian/Alaskan Native (includes Hispanic),
36,New York,36075,Oswego,2015,2019,White (includes Hispanic),6.4
36,New York,36075,Oswego,2016,2020,Asian/Pacific Islander (includes Hispanic),
36,New York,36075,Oswego,2016,2020,Black (includes Hispanic),
36,New York,36075,Oswego,2016,2020,Hispanic (all races),
36,New York,36075,Oswego,2016,2020,American Indian/Alaskan Native (includes Hispanic),
36,New York,36075,Oswego,2016,2020,White (includes Hispanic),6.4
36,New York,36077,Otsego,2011,2015,Asian/Pacific Islander (includes Hispanic),
36,New York,36077,Otsego,2011,2015,Black (includes Hispanic),
36,New York,36077,Otsego,2011,2015,Hispanic (all races),
36,New York,36077,Otsego,2011,2015,American Indian/Alaskan Native (includes Hispanic),
36,New York,36077,Otsego,2011,2015,White (includes Hispanic),6.0
36,New York,36077,Otsego,2012,2016,Asian/Pacific Islander (includes Hispanic),
36,New York,36077,Otsego,2012,2016,Black (includes Hispanic),
36,New York,36077,Otsego,2012,2016,Hispanic (all races),
36,New York,36077,Otsego,2012,2016,American Indian/Alaskan Native (includes Hispanic),
36,New York,36077,Otsego,2012,2016,White (includes Hispanic),6.3
36,New York,36077,Otsego,2013,2017,Asian/Pacific Islander (includes Hispanic),
36,New York,36077,Otsego,2013,2017,Black (includes Hispanic),
36,New York,36077,Otsego,2013,2017,Hispanic (all races),
36,New York,36077,Otsego,2013,2017,American Indian/Alaskan Native (includes Hispanic),
36,New York,36077,Otsego,2013,2017,White (includes Hispanic),7.2
36,New York,36077,Otsego,2014,2018,Asian/Pacific Islander (includes Hispanic),
36,New York,36077,Otsego,2014,2018,Black (includes Hispanic),
36,New York,36077,Otsego,2014,2018,Hispanic (all races),
36,New York,36077,Otsego,2014,2018,American Indian/Alaskan Native (includes Hispanic),
36,New York,36077,Otsego,2014,2018,White (includes Hispanic),6.9
36,New York,36077,Otsego,2015,2019,Asian/Pacific Islander (includes Hispanic),
36,New York,36077,Otsego,2015,2019,Black (includes Hispanic),
36,New York,36077,Otsego,2015,2019,Hispanic (all races),
36,New York,36077,Otsego,2015,2019,American Indian/Alaskan Native (includes Hispanic),
36,New York,36077,Otsego,2015,2019,White (includes Hispanic),6.5
36,New York,36077,Otsego,2016,2020,Asian/Pacific Islander (includes Hispanic),
36,New York,36077,Otsego,2016,2020,Black (includes Hispanic),
36,New York,36077,Otsego,2016,2020,Hispanic (all races),
36,New York,36077,Otsego,2016,2020,American Indian/Alaskan Native (includes Hispanic),
36,New York,36077,Otsego,2016,2020,White (includes Hispanic),6.5
36,New York,36079,Putnam,2011,2015,Asian/Pacific Islander (includes Hispanic),4.4
36,New York,36079,Putnam,2011,2015,Black (includes Hispanic),8.7
36,New York,36079,Putnam,2011,2015,Hispanic (all races),10.9
36,New York,36079,Putnam,2011,2015,American Indian/Alaskan Native (includes Hispanic),
36,New York,36079,Putnam,2011,2015,White (includes Hispanic),7.0
36,New York,36079,Putnam,2012,2016,Asian/Pacific Islander (includes Hispanic),
36,New York,36079,Putnam,2012,2016,Black (includes Hispanic),7.8
36,New York,36079,Putnam,2012,2016,Hispanic (all races),11.1
36,New York,36079,Putnam,2012,2016,American Indian/Alaskan Native (includes Hispanic),
36,New York,36079,Putnam,2012,2016,White (includes Hispanic),6.8
36,New York,36079,Putnam,2013,2017,Asian/Pacific Islander (includes Hispanic),4.3
36,New York,36079,Putnam,2013,2017,Black (includes Hispanic),7.6
36,New York,36079,Putnam,2013,2017,Hispanic (all races),10.5
36,New York,36079,Putnam,2013,2017,American Indian/Alaskan Native (includes Hispanic),
36,New York,36079,Putnam,2013,2017,White (includes Hispanic),6.7
36,New York,36079,Putnam,2014,2018,Asian/Pacific Islander (includes Hispanic),4.8
36,New York,36079,Putnam,2014,2018,Black (includes Hispanic),6.8
36,New York,36079,Putnam,2014,2018,Hispanic (all races),9.8
36,New York,36079,Putnam,2014,2018,American Indian/Alaskan Native (includes Hispanic),
36,New York,36079,Putnam,2014,2018,White (includes Hispanic),6.4
36,New York,36079,Putnam,2015,2019,Asian/Pacific Islander (includes Hispanic),5.8
36,New York,36079,Putnam,2015,2019,Black (includes Hispanic),6.3
36,New York,36079,Putnam,2015,2019,Hispanic (all races),10.1
36,New York,36079,Putnam,2015,2019,American Indian/Alaskan Native (includes Hispanic),
36,New York,36079,Putnam,2015,2019,White (includes Hispanic),6.4
36,New York,36079,Putnam,2016,2020,Asian/Pacific Islander (includes Hispanic),5.9
36,New York,36079,Putnam,2016,2020,Black (includes Hispanic),6.2
36,New York,36079,Putnam,2016,2020,Hispanic (all races),9.6
36,New York,36079,Putnam,2016,2020,American Indian/Alaskan Native (includes Hispanic),
36,New York,36079,Putnam,2016,2020,White (includes Hispanic),6.1
36,New York,36081,Queens,2011,2015,Asian/Pacific Islander (includes Hispanic),9.1
36,New York,36081,Queens,2011,2015,Black (includes Hispanic),10.6
36,New York,36081,Queens,2011,2015,Hispanic (all races),10.0
36,New York,36081,Queens,2011,2015,American Indian/Alaskan Native (includes Hispanic),
36,New York,36081,Queens,2011,2015,White (includes Hispanic),7.5
36,New York,36081,Queens,2012,2016,Asian/Pacific Islander (includes Hispanic),9.1
36,New York,36081,Queens,2012,2016,Black (includes Hispanic),10.4
36,New York,36081,Queens,2012,2016,Hispanic (all races),10.0
36,New York,36081,Queens,2012,2016,American Indian/Alaskan Native (includes Hispanic),
36,New York,36081,Queens,2012,2016,White (includes Hispanic),7.4
36,New York,36081,Queens,2013,2017,Asian/Pacific Islander (includes Hispanic),9.2
36,New York,36081,Queens,2013,2017,Black (includes Hispanic),10.3
36,New York,36081,Queens,2013,2017,Hispanic (all races),10.0
36,New York,36081,Queens,2013,2017,American Indian/Alaskan Native (includes Hispanic),
36,New York,36081,Queens,2013,2017,White (includes Hispanic),7.4
36,New York,36081,Queens,2014,2018,Asian/Pacific Islander (includes Hispanic),8.8
36,New York,36081,Queens,2014,2018,Black (includes Hispanic),10.1
36,New York,36081,Queens,2014,2018,Hispanic (all races),10.0
36,New York,36081,Queens,2014,2018,American Indian/Alaskan Native (includes Hispanic),
36,New York,36081,Queens,2014,2018,White (includes Hispanic),7.3
36,New York,36081,Queens,2015,2019,Asian/Pacific Islander (includes Hispanic),8.8
36,New York,36081,Queens,2015,2019,Black (includes Hispanic),10.1
36,New York,36081,Queens,2015,2019,Hispanic (all races),9.9
36,New York,36081,Queens,2015,2019,American Indian/Alaskan Native (includes Hispanic),
36,New York,36081,Queens,2015,2019,White (includes Hispanic),7.2
36,New York,36081,Queens,2016,2020,Asian/Pacific Islander (includes Hispanic),8.2
36,New York,36081,Queens,2016,2020,Black (includes Hispanic),9.7
36,New York,36081,Queens,2016,2020,Hispanic (all races),9.6
36,New York,36081,Queens,2016,2020,American Indian/Alaskan Native (includes Hispanic),
36,New York,36081,Queens,2016,2020,White (includes Hispanic),7.0
36,New York,36083,Rensselaer,2011,2015,Asian/Pacific Islander (includes Hispanic),
36,New York,36083,Rensselaer,2011,2015,Black (includes Hispanic),
36,New York,36083,Rensselaer,2011,2015,Hispanic (all races),
36,New York,36083,Rensselaer,2011,2015,American Indian/Alaskan Native (includes Hispanic),
36,New York,36083,Rensselaer,2011,2015,White (includes Hispanic),5.6
36,New York,36083,Rensselaer,2012,2016,Asian/Pacific Islander (includes Hispanic),
36,New York,36083,Rensselaer,2012,2016,Black (includes Hispanic),
36,New York,36083,Rensselaer,2012,2016,Hispanic (all races),
36,New York,36083,Rensselaer,2012,2016,American Indian/Alaskan Native (includes Hispanic),
36,New York,36083,Rensselaer,2012,2016,White (includes Hispanic),6.0
36,New York,36083,Rensselaer,2013,2017,Asian/Pacific Islander (includes Hispanic),
36,New York,36083,Rensselaer,2013,2017,Black (includes Hispanic),
36,New York,36083,Rensselaer,2013,2017,Hispanic (all races),
36,New York,36083,Rensselaer,2013,2017,American Indian/Alaskan Native (includes Hispanic),
36,New York,36083,Rensselaer,2013,2017,White (includes Hispanic),6.0
36,New York,36083,Rensselaer,2014,2018,Asian/Pacific Islander (includes Hispanic),
36,New York,36083,Rensselaer,2014,2018,Black (includes Hispanic),
36,New York,36083,Rensselaer,2014,2018,Hispanic (all races),
36,New York,36083,Rensselaer,2014,2018,American Indian/Alaskan Native (includes Hispanic),
36,New York,36083,Rensselaer,2014,2018,White (includes Hispanic),5.9
36,New York,36083,Rensselaer,2015,2019,Asian/Pacific Islander (includes Hispanic),
36,New York,36083,Rensselaer,2015,2019,Black (includes Hispanic),
36,New York,36083,Rensselaer,2015,2019,Hispanic (all races),
36,New York,36083,Rensselaer,2015,2019,American Indian/Alaskan Native (includes Hispanic),
36,New York,36083,Rensselaer,2015,2019,White (includes Hispanic),6.3
36,New York,36083,Rensselaer,2016,2020,Asian/Pacific Islander (includes Hispanic),
36,New York,36083,Rensselaer,2016,2020,Black (includes Hispanic),
36,New York,36083,Rensselaer,2016,2020,Hispanic (all races),
36,New York,36083,Rensselaer,2016,2020,American Indian/Alaskan Native (includes Hispanic),
36,New York,36083,Rensselaer,2016,2020,White (includes Hispanic),6.5
36,New York,36085,Richmond,2011,2015,Asian/Pacific Islander (includes Hispanic),8.8
36,New York,36085,Richmond,2011,2015,Black (includes Hispanic),11.0
36,New York,36085,Richmond,2011,2015,Hispanic (all races),11.3
36,New York,36085,Richmond,2011,2015,American Indian/Alaskan Native (includes Hispanic),
36,New York,36085,Richmond,2011,2015,White (includes Hispanic),8.4
36,New York,36085,Richmond,2012,2016,Asian/Pacific Islander (includes Hispanic),8.8
36,New York,36085,Richmond,2012,2016,Black (includes Hispanic),11.0
36,New York,36085,Richmond,2012,2016,Hispanic (all races),11.5
36,New York,36085,Richmond,2012,2016,American Indian/Alaskan Native (includes Hispanic),
36,New York,36085,Richmond,2012,2016,White (includes Hispanic),8.5
36,New York,36085,Richmond,2013,2017,Asian/Pacific Islander (includes Hispanic),9.0
36,New York,36085,Richmond,2013,2017,Black (includes Hispanic),10.8
36,New York,36085,Richmond,2013,2017,Hispanic (all races),11.4
36,New York,36085,Richmond,2013,2017,American Indian/Alaskan Native (includes Hispanic),
36,New York,36085,Richmond,2013,2017,White (includes Hispanic),8.3
36,New York,36085,Richmond,2014,2018,Asian/Pacific Islander (includes Hispanic),9.1
36,New York,36085,Richmond,2014,2018,Black (includes Hispanic),10.5
36,New York,36085,Richmond,2014,2018,Hispanic (all races),11.2
36,New York,36085,Richmond,2014,2018,American Indian/Alaskan Native (includes Hispanic),
36,New York,36085,Richmond,2014,2018,White (includes Hispanic),8.2
36,New York,36085,Richmond,2015,2019,Asian/Pacific Islander (includes Hispanic),8.7
36,New York,36085,Richmond,2015,2019,Black (includes Hispanic),10.2
36,New York,36085,Richmond,2015,2019,Hispanic (all races),11.4
36,New York,36085,Richmond,2015,2019,American Indian/Alaskan Native (includes Hispanic),
36,New York,36085,Richmond,2015,2019,White (includes Hispanic),8.1
36,New York,36085,Richmond,2016,2020,Asian/Pacific Islander (includes Hispanic),8.3
36,New York,36085,Richmond,2016,2020,Black (includes Hispanic),10.0
36,New York,36085,Richmond,2016,2020,Hispanic (all races),10.8
36,New York,36085,Richmond,2016,2020,American Indian/Alaskan Native (includes Hispanic),
36,New York,36085,Richmond,2016,2020,White (includes Hispanic),7.7
36,New York,36087,Rockland,2011,2015,Asian/Pacific Islander (includes Hispanic),5.3
36,New York,36087,Rockland,2011,2015,Black (includes Hispanic),8.5
36,New York,36087,Rockland,2011,2015,Hispanic (all races),10.6
36,New York,36087,Rockland,2011,2015,American Indian/Alaskan Native (includes Hispanic),
36,New York,36087,Rockland,2011,2015,White (includes Hispanic),7.5
36,New York,36087,Rockland,2012,2016,Asian/Pacific Islander (includes Hispanic),5.0
36,New York,36087,Rockland,2012,2016,Black (includes Hispanic),8.0
36,New York,36087,Rockland,2012,2016,Hispanic (all races),10.9
36,New York,36087,Rockland,2012,2016,American Indian/Alaskan Native (includes Hispanic),
36,New York,36087,Rockland,2012,2016,White (includes Hispanic),7.4
36,New York,36087,Rockland,2013,2017,Asian/Pacific Islander (includes Hispanic),5.3
36,New York,36087,Rockland,2013,2017,Black (includes Hispanic),8.5
36,New York,36087,Rockland,2013,2017,Hispanic (all races),10.8
36,New York,36087,Rockland,2013,2017,American Indian/Alaskan Native (includes Hispanic),
36,New York,36087,Rockland,2013,2017,White (includes Hispanic),7.5
36,New York,36087,Rockland,2014,2018,Asian/Pacific Islander (includes Hispanic),5.7
36,New York,36087,Rockland,2014,2018,Black (includes Hispanic),8.3
36,New York,36087,Rockland,2014,2018,Hispanic (all races),10.3
36,New York,36087,Rockland,2014,2018,American Indian/Alaskan Native (includes Hispanic),
36,New York,36087,Rockland,2014,2018,White (includes Hispanic),7.4
36,New York,36087,Rockland,2015,2019,Asian/Pacific Islander (includes Hispanic),5.8
36,New York,36087,Rockland,2015,2019,Black (includes Hispanic),7.8
36,New York,36087,Rockland,2015,2019,Hispanic (all races),10.1
36,New York,36087,Rockland,2015,2019,American Indian/Alaskan Native (includes Hispanic),
36,New York,36087,Rockland,2015,2019,White (includes Hispanic),7.0
36,New York,36087,Rockland,2016,2020,Asian/Pacific Islander (includes Hispanic),5.5
36,New York,36087,Rockland,2016,2020,Black (includes Hispanic),7.3
36,New York,36087,Rockland,2016,2020,Hispanic (all races),9.4
36,New York,36087,Rockland,2016,2020,American Indian/Alaskan Native (includes Hispanic),
36,New York,36087,Rockland,2016,2020,White (includes Hispanic),6.5
36,New York,36091,Saratoga,2011,2015,Asian/Pacific Islander (includes Hispanic),
36,New York,36091,Saratoga,2011,2015,Black (includes Hispanic),
36,New York,36091,Saratoga,2011,2015,Hispanic (all races),
36,New York,36091,Saratoga,2011,2015,American Indian/Alaskan Native (includes Hispanic),
36,New York,36091,Saratoga,2011,2015,White (includes Hispanic),6.2
36,New York,36091,Saratoga,2012,2016,Asian/Pacific Islander (includes Hispanic),
36,New York,36091,Saratoga,2012,2016,Black (includes Hispanic),
36,New York,36091,Saratoga,2012,2016,Hispanic (all races),
36,New York,36091,Saratoga,2012,2016,American Indian/Alaskan Native (includes Hispanic),
36,New York,36091,Saratoga,2012,2016,White (includes Hispanic),6.6
36,New York,36091,Saratoga,2013,2017,Asian/Pacific Islander (includes Hispanic),
36,New York,36091,Saratoga,2013,2017,Black (includes Hispanic),
36,New York,36091,Saratoga,2013,2017,Hispanic (all races),
36,New York,36091,Saratoga,2013,2017,American Indian/Alaskan Native (includes Hispanic),
36,New York,36091,Saratoga,2013,2017,White (includes Hispanic),6.3
36,New York,36091,Saratoga,2014,2018,Asian/Pacific Islander (includes Hispanic),
36,New York,36091,Saratoga,2014,2018,Black (includes Hispanic),
36,New York,36091,Saratoga,2014,2018,Hispanic (all races),
36,New York,36091,Saratoga,2014,2018,American Indian/Alaskan Native (includes Hispanic),
36,New York,36091,Saratoga,2014,2018,White (includes Hispanic),6.2
36,New York,36091,Saratoga,2015,2019,Asian/Pacific Islander (includes Hispanic),
36,New York,36091,Saratoga,2015,2019,Black (includes Hispanic),
36,New York,36091,Saratoga,2015,2019,Hispanic (all races),
36,New York,36091,Saratoga,2015,2019,American Indian/Alaskan Native (includes Hispanic),
36,New York,36091,Saratoga,2015,2019,White (includes Hispanic),6.5
36,New York,36091,Saratoga,2016,2020,Asian/Pacific Islander (includes Hispanic),
36,New York,36091,Saratoga,2016,2020,Black (includes Hispanic),
36,New York,36091,Saratoga,2016,2020,Hispanic (all races),
36,New York,36091,Saratoga,2016,2020,American Indian/Alaskan Native (includes Hispanic),
36,New York,36091,Saratoga,2016,2020,White (includes Hispanic),6.4
36,New York,36093,Schenectady,2011,2015,Asian/Pacific Islander (includes Hispanic),
36,New York,36093,Schenectady,2011,2015,Black (includes Hispanic),
36,New York,36093,Schenectady,2011,2015,Hispanic (all races),
36,New York,36093,Schenectady,2011,2015,American Indian/Alaskan Native (includes Hispanic),
36,New York,36093,Schenectady,2011,2015,White (includes Hispanic),6.0
36,New York,36093,Schenectady,2012,2016,Asian/Pacific Islander (includes Hispanic),
36,New York,36093,Schenectady,2012,2016,Black (includes Hispanic),
36,New York,36093,Schenectady,2012,2016,Hispanic (all races),
36,New York,36093,Schenectady,2012,2016,American Indian/Alaskan Native (includes Hispanic),
36,New York,36093,Schenectady,2012,2016,White (includes Hispanic),6.2
36,New York,36093,Schenectady,2013,2017,Asian/Pacific Islander (includes Hispanic),
36,New York,36093,Schenectady,2013,2017,Black (includes Hispanic),
36,New York,36093,Schenectady,2013,2017,Hispanic (all races),
36,New York,36093,Schenectady,2013,2017,American Indian/Alaskan Native (includes Hispanic),
36,New York,36093,Schenectady,2013,2017,White (includes Hispanic),6.3
36,New York,36093,Schenectady,2014,2018,Asian/Pacific Islander (includes Hispanic),
36,New York,36093,Schenectady,2014,2018,Black (includes Hispanic),
36,New York,36093,Schenectady,2014,2018,Hispanic (all races),
36,New York,36093,Schenectady,2014,2018,American Indian/Alaskan Native (includes Hispanic),
36,New York,36093,Schenectady,2014,2018,White (includes Hispanic),6.1
36,New York,36093,Schenectady,2015,2019,Asian/Pacific Islander (includes Hispanic),
36,New York,36093,Schenectady,2015,2019,Black (includes Hispanic),
36,New York,36093,Schenectady,2015,2019,Hispanic (all races),
36,New York,36093,Schenectady,2015,2019,American Indian/Alaskan Native (includes Hispanic),
36,New York,36093,Schenectady,2015,2019,White (includes Hispanic),6.6
36,New York,36093,Schenectady,2016,2020,Asian/Pacific Islander (includes Hispanic),
36,New York,36093,Schenectady,2016,2020,Black (includes Hispanic),
36,New York,36093,Schenectady,2016,2020,Hispanic (all races),
36,New York,36093,Schenectady,2016,2020,American Indian/Alaskan Native (includes Hispanic),
36,New York,36093,Schenectady,2016,2020,White (includes Hispanic),6.1
36,New York,36095,Schoharie,2011,2015,Asian/Pacific Islander (includes Hispanic),
36,New York,36095,Schoharie,2011,2015,Black (includes Hispanic),
36,New York,36095,Schoharie,2011,2015,Hispanic (all races),
36,New York,36095,Schoharie,2011,2015,American Indian/Alaskan Native (includes Hispanic),
36,New York,36095,Schoharie,2011,2015,White (includes Hispanic),6.5
36,New York,36095,Schoharie,2012,2016,Asian/Pacific Islander (includes Hispanic),
36,New York,36095,Schoharie,2012,2016,Black (includes Hispanic),
36,New York,36095,Schoharie,2012,2016,Hispanic (all races),
36,New York,36095,Schoharie,2012,2016,American Indian/Alaskan Native (includes Hispanic),
36,New York,36095,Schoharie,2012,2016,White (includes Hispanic),7.0
36,New York,36095,Schoharie,2013,2017,Asian/Pacific Islander (includes Hispanic),
36,New York,36095,Schoharie,2013,2017,Black (includes Hispanic),
36,New York,36095,Schoharie,2013,2017,Hispanic (all races),
36,New York,36095,Schoharie,2013,2017,American Indian/Alaskan Native (includes Hispanic),
36,New York,36095,Schoharie,2013,2017,White (includes Hispanic),7.1
36,New York,36095,Schoharie,2014,2018,Asian/Pacific Islander (includes Hispanic),
36,New York,36095,Schoharie,2014,2018,Black (includes Hispanic),
36,New York,36095,Schoharie,2014,2018,Hispanic (all races),
36,New York,36095,Schoharie,2014,2018,American Indian/Alaskan Native (includes Hispanic),
36,New York,36095,Schoharie,2014,2018,White (includes Hispanic),6.8
36,New York,36095,Schoharie,2015,2019,Asian/Pacific Islander (includes Hispanic),
36,New York,36095,Schoharie,2015,2019,Black (includes Hispanic),
36,New York,36095,Schoharie,2015,2019,Hispanic (all races),
36,New York,36095,Schoharie,2015,2019,American Indian/Alaskan Native (includes Hispanic),
36,New York,36095,Schoharie,2015,2019,White (includes Hispanic),7.3
36,New York,36095,Schoharie,2016,2020,Asian/Pacific Islander (includes Hispanic),
36,New York,36095,Schoharie,2016,2020,Black (includes Hispanic),
36,New York,36095,Schoharie,2016,2020,Hispanic (all races),
36,New York,36095,Schoharie,2016,2020,American Indian/Alaskan Native (includes Hispanic),
36,New York,36095,Schoharie,2016,2020,White (includes Hispanic),6.7
36,New York,36097,Schuyler,2011,2015,Asian/Pacific Islander (includes Hispanic),
36,New York,36097,Schuyler,2011,2015,Black (includes Hispanic),
36,New York,36097,Schuyler,2011,2015,Hispanic (all races),
36,New York,36097,Schuyler,2011,2015,American Indian/Alaskan Native (includes Hispanic),
36,New York,36097,Schuyler,2011,2015,White (includes Hispanic),7.4
36,New York,36097,Schuyler,2012,2016,Asian/Pacific Islander (includes Hispanic),
36,New York,36097,Schuyler,2012,2016,Black (includes Hispanic),
36,New York,36097,Schuyler,2012,2016,Hispanic (all races),
36,New York,36097,Schuyler,2012,2016,American Indian/Alaskan Native (includes Hispanic),
36,New York,36097,Schuyler,2012,2016,White (includes Hispanic),7.7
36,New York,36097,Schuyler,2013,2017,Asian/Pacific Islander (includes Hispanic),
36,New York,36097,Schuyler,2013,2017,Black (includes Hispanic),
36,New York,36097,Schuyler,2013,2017,Hispanic (all races),
36,New York,36097,Schuyler,2013,2017,American Indian/Alaskan Native (includes Hispanic),
36,New York,36097,Schuyler,2013,2017,White (includes Hispanic),7.7
36,New York,36097,Schuyler,2014,2018,Asian/Pacific Islander (includes Hispanic),
36,New York,36097,Schuyler,2014,2018,Black (includes Hispanic),
36,New York,36097,Schuyler,2014,2018,Hispanic (all races),
36,New York,36097,Schuyler,2014,2018,American Indian/Alaskan Native (includes Hispanic),
36,New York,36097,Schuyler,2014,2018,White (includes Hispanic),6.9
36,New York,36097,Schuyler,2015,2019,Asian/Pacific Islander (includes Hispanic),
36,New York,36097,Schuyler,2015,2019,Black (includes Hispanic),
36,New York,36097,Schuyler,2015,2019,Hispanic (all races),
36,New York,36097,Schuyler,2015,2019,American Indian/Alaskan Native (includes Hispanic),
36,New York,36097,Schuyler,2015,2019,White (includes Hispanic),5.9
36,New York,36097,Schuyler,2016,2020,Asian/Pacific Islander (includes Hispanic),
36,New York,36097,Schuyler,2016,2020,Black (includes Hispanic),
36,New York,36097,Schuyler,2016,2020,Hispanic (all races),
36,New York,36097,Schuyler,2016,2020,American Indian/Alaskan Native (includes Hispanic),
36,New York,36097,Schuyler,2016,2020,White (includes Hispanic),6.0
36,New York,36099,Seneca,2011,2015,Asian/Pacific Islander (includes Hispanic),
36,New York,36099,Seneca,2011,2015,Black (includes Hispanic),
36,New York,36099,Seneca,2011,2015,Hispanic (all races),
36,New York,36099,Seneca,2011,2015,American Indian/Alaskan Native (includes Hispanic),
36,New York,36099,Seneca,2011,2015,White (includes Hispanic),8.8
36,New York,36099,Seneca,2012,2016,Asian/Pacific Islander (includes Hispanic),
36,New York,36099,Seneca,2012,2016,Black (includes Hispanic),
36,New York,36099,Seneca,2012,2016,Hispanic (all races),
36,New York,36099,Seneca,2012,2016,American Indian/Alaskan Native (includes Hispanic),
36,New York,36099,Seneca,2012,2016,White (includes Hispanic),9.6
36,New York,36099,Seneca,2013,2017,Asian/Pacific Islander (includes Hispanic),
36,New York,36099,Seneca,2013,2017,Black (includes Hispanic),
36,New York,36099,Seneca,2013,2017,Hispanic (all races),
36,New York,36099,Seneca,2013,2017,American Indian/Alaskan Native (includes Hispanic),
36,New York,36099,Seneca,2013,2017,White (includes Hispanic),9.3
36,New York,36099,Seneca,2014,2018,Asian/Pacific Islander (includes Hispanic),
36,New York,36099,Seneca,2014,2018,Black (includes Hispanic),
36,New York,36099,Seneca,2014,2018,Hispanic (all races),
36,New York,36099,Seneca,2014,2018,American Indian/Alaskan Native (includes Hispanic),
36,New York,36099,Seneca,2014,2018,White (includes Hispanic),8.1
36,New York,36099,Seneca,2015,2019,Asian/Pacific Islander (includes Hispanic),
36,New York,36099,Seneca,2015,2019,Black (includes Hispanic),
36,New York,36099,Seneca,2015,2019,Hispanic (all races),
36,New York,36099,Seneca,2015,2019,American Indian/Alaskan Native (includes Hispanic),
36,New York,36099,Seneca,2015,2019,White (includes Hispanic),8.2
36,New York,36099,Seneca,2016,2020,Asian/Pacific Islander (includes Hispanic),
36,New York,36099,Seneca,2016,2020,Black (includes Hispanic),
36,New York,36099,Seneca,2016,2020,Hispanic (all races),
36,New York,36099,Seneca,2016,2020,American Indian/Alaskan Native (includes Hispanic),
36,New York,36099,Seneca,2016,2020,White (includes Hispanic),6.4
36,New York,36089,St. Lawrence,2011,2015,Asian/Pacific Islander (includes Hispanic),
36,New York,36089,St. Lawrence,2011,2015,Black (includes Hispanic),
36,New York,36089,St. Lawrence,2011,2015,Hispanic (all races),
36,New York,36089,St. Lawrence,2011,2015,American Indian/Alaskan Native (includes Hispanic),
36,New York,36089,St. Lawrence,2011,2015,White (includes Hispanic),6.0
36,New York,36089,St. Lawrence,2012,2016,Asian/Pacific Islander (includes Hispanic),
36,New York,36089,St. Lawrence,2012,2016,Black (includes Hispanic),
36,New York,36089,St. Lawrence,2012,2016,Hispanic (all races),
36,New York,36089,St. Lawrence,2012,2016,American Indian/Alaskan Native (includes Hispanic),
36,New York,36089,St. Lawrence,2012,2016,White (includes Hispanic),6.0
36,New York,36089,St. Lawrence,2013,2017,Asian/Pacific Islander (includes Hispanic),
36,New York,36089,St. Lawrence,2013,2017,Black (includes Hispanic),
36,New York,36089,St. Lawrence,2013,2017,Hispanic (all races),
36,New York,36089,St. Lawrence,2013,2017,American Indian/Alaskan Native (includes Hispanic),
36,New York,36089,St. Lawrence,2013,2017,White (includes Hispanic),6.9
36,New York,36089,St. Lawrence,2014,2018,Asian/Pacific Islander (includes Hispanic),
36,New York,36089,St. Lawrence,2014,2018,Black (includes Hispanic),
36,New York,36089,St. Lawrence,2014,2018,Hispanic (all races),
36,New York,36089,St. Lawrence,2014,2018,American Indian/Alaskan Native (includes Hispanic),
36,New York,36089,St. Lawrence,2014,2018,White (includes Hispanic),7.2
36,New York,36089,St. Lawrence,2015,2019,Asian/Pacific Islander (includes Hispanic),
36,New York,36089,St. Lawrence,2015,2019,Black (includes Hispanic),
36,New York,36089,St. Lawrence,2015,2019,Hispanic (all races),
36,New York,36089,St. Lawrence,2015,2019,American Indian/Alaskan Native (includes Hispanic),
36,New York,36089,St. Lawrence,2015,2019,White (includes Hispanic),8.0
36,New York,36089,St. Lawrence,2016,2020,Asian/Pacific Islander (includes Hispanic),
36,New York,36089,St. Lawrence,2016,2020,Black (includes Hispanic),
36,New York,36089,St. Lawrence,2016,2020,Hispanic (all races),
36,New York,36089,St. Lawrence,2016,2020,American Indian/Alaskan Native (includes Hispanic),
36,New York,36089,St. Lawrence,2016,2020,White (includes Hispanic),6.6
36,New York,36101,Steuben,2011,2015,Asian/Pacific Islander (includes Hispanic),
36,New York,36101,Steuben,2011,2015,Black (includes Hispanic),
36,New York,36101,Steuben,2011,2015,Hispanic (all races),
36,New York,36101,Steuben,2011,2015,American Indian/Alaskan Native (includes Hispanic),
36,New York,36101,Steuben,2011,2015,White (includes Hispanic),7.2
36,New York,36101,Steuben,2012,2016,Asian/Pacific Islander (includes Hispanic),
36,New York,36101,Steuben,2012,2016,Black (includes Hispanic),
36,New York,36101,Steuben,2012,2016,Hispanic (all races),
36,New York,36101,Steuben,2012,2016,American Indian/Alaskan Native (includes Hispanic),
36,New York,36101,Steuben,2012,2016,White (includes Hispanic),7.8
36,New York,36101,Steuben,2013,2017,Asian/Pacific Islander (includes Hispanic),
36,New York,36101,Steuben,2013,2017,Black (includes Hispanic),
36,New York,36101,Steuben,2013,2017,Hispanic (all races),
36,New York,36101,Steuben,2013,2017,American Indian/Alaskan Native (includes Hispanic),
36,New York,36101,Steuben,2013,2017,White (includes Hispanic),8.2
36,New York,36101,Steuben,2014,2018,Asian/Pacific Islander (includes Hispanic),
36,New York,36101,Steuben,2014,2018,Black (includes Hispanic),
36,New York,36101,Steuben,2014,2018,Hispanic (all races),
36,New York,36101,Steuben,2014,2018,American Indian/Alaskan Native (includes Hispanic),
36,New York,36101,Steuben,2014,2018,White (includes Hispanic),7.2
36,New York,36101,Steuben,2015,2019,Asian/Pacific Islander (includes Hispanic),
36,New York,36101,Steuben,2015,2019,Black (includes Hispanic),
36,New York,36101,Steuben,2015,2019,Hispanic (all races),
36,New York,36101,Steuben,2015,2019,American Indian/Alaskan Native (includes Hispanic),
36,New York,36101,Steuben,2015,2019,White (includes Hispanic),7.2
36,New York,36101,Steuben,2016,2020,Asian/Pacific Islander (includes Hispanic),
36,New York,36101,Steuben,2016,2020,Black (includes Hispanic),
36,New York,36101,Steuben,2016,2020,Hispanic (all races),
36,New York,36101,Steuben,2016,2020,American Indian/Alaskan Native (includes Hispanic),
36,New York,36101,Steuben,2016,2020,White (includes Hispanic),7.2
36,New York,36103,Suffolk,2011,2015,Asian/Pacific Islander (includes Hispanic),5.2
36,New York,36103,Suffolk,2011,2015,Black (includes Hispanic),7.9
36,New York,36103,Suffolk,2011,2015,Hispanic (all races),10.2
36,New York,36103,Suffolk,2011,2015,American Indian/Alaskan Native (includes Hispanic),
36,New York,36103,Suffolk,2011,2015,White (includes Hispanic),6.7
36,New York,36103,Suffolk,2012,2016,Asian/Pacific Islander (includes Hispanic),4.8
36,New York,36103,Suffolk,2012,2016,Black (includes Hispanic),7.6
36,New York,36103,Suffolk,2012,2016,Hispanic (all races),10.6
36,New York,36103,Suffolk,2012,2016,American Indian/Alaskan Native (includes Hispanic),
36,New York,36103,Suffolk,2012,2016,White (includes Hispanic),6.5
36,New York,36103,Suffolk,2013,2017,Asian/Pacific Islander (includes Hispanic),5.0
36,New York,36103,Suffolk,2013,2017,Black (includes Hispanic),7.6
36,New York,36103,Suffolk,2013,2017,Hispanic (all races),9.8
36,New York,36103,Suffolk,2013,2017,American Indian/Alaskan Native (includes Hispanic),
36,New York,36103,Suffolk,2013,2017,White (includes Hispanic),6.4
36,New York,36103,Suffolk,2014,2018,Asian/Pacific Islander (includes Hispanic),5.6
36,New York,36103,Suffolk,2014,2018,Black (includes Hispanic),7.7
36,New York,36103,Suffolk,2014,2018,Hispanic (all races),9.4
36,New York,36103,Suffolk,2014,2018,American Indian/Alaskan Native (includes Hispanic),
36,New York,36103,Suffolk,2014,2018,White (includes Hispanic),6.0
36,New York,36103,Suffolk,2015,2019,Asian/Pacific Islander (includes Hispanic),5.2
36,New York,36103,Suffolk,2015,2019,Black (includes Hispanic),7.4
36,New York,36103,Suffolk,2015,2019,Hispanic (all races),9.2
36,New York,36103,Suffolk,2015,2019,American Indian/Alaskan Native (includes Hispanic),
36,New York,36103,Suffolk,2015,2019,White (includes Hispanic),6.0
36,New York,36103,Suffolk,2016,2020,Asian/Pacific Islander (includes Hispanic),4.4
36,New York,36103,Suffolk,2016,2020,Black (includes Hispanic),6.9
36,New York,36103,Suffolk,2016,2020,Hispanic (all races),9.1
36,New York,36103,Suffolk,2016,2020,American Indian/Alaskan Native (includes Hispanic),
36,New York,36103,Suffolk,2016,2020,White (includes Hispanic),5.6
36,New York,36105,Sullivan,2011,2015,Asian/Pacific Islander (includes Hispanic),
36,New York,36105,Sullivan,2011,2015,Black (includes Hispanic),
36,New York,36105,Sullivan,2011,2015,Hispanic (all races),10.9
36,New York,36105,Sullivan,2011,2015,American Indian/Alaskan Native (includes Hispanic),
36,New York,36105,Sullivan,2011,2015,White (includes Hispanic),8.8
36,New York,36105,Sullivan,2012,2016,Asian/Pacific Islander (includes Hispanic),
36,New York,36105,Sullivan,2012,2016,Black (includes Hispanic),
36,New York,36105,Sullivan,2012,2016,Hispanic (all races),12.5
36,New York,36105,Sullivan,2012,2016,American Indian/Alaskan Native (includes Hispanic),
36,New York,36105,Sullivan,2012,2016,White (includes Hispanic),8.9
36,New York,36105,Sullivan,2013,2017,Asian/Pacific Islander (includes Hispanic),
36,New York,36105,Sullivan,2013,2017,Black (includes Hispanic),
36,New York,36105,Sullivan,2013,2017,Hispanic (all races),13.0
36,New York,36105,Sullivan,2013,2017,American Indian/Alaskan Native (includes Hispanic),
36,New York,36105,Sullivan,2013,2017,White (includes Hispanic),9.0
36,New York,36105,Sullivan,2014,2018,Asian/Pacific Islander (includes Hispanic),
36,New York,36105,Sullivan,2014,2018,Black (includes Hispanic),
36,New York,36105,Sullivan,2014,2018,Hispanic (all races),13.2
36,New York,36105,Sullivan,2014,2018,American Indian/Alaskan Native (includes Hispanic),
36,New York,36105,Sullivan,2014,2018,White (includes Hispanic),9.4
36,New York,36105,Sullivan,2015,2019,Asian/Pacific Islander (includes Hispanic),
36,New York,36105,Sullivan,2015,2019,Black (includes Hispanic),
36,New York,36105,Sullivan,2015,2019,Hispanic (all races),13.4
36,New York,36105,Sullivan,2015,2019,American Indian/Alaskan Native (includes Hispanic),
36,New York,36105,Sullivan,2015,2019,White (includes Hispanic),9.4
36,New York,36105,Sullivan,2016,2020,Asian/Pacific Islander (includes Hispanic),
36,New York,36105,Sullivan,2016,2020,Black (includes Hispanic),
36,New York,36105,Sullivan,2016,2020,Hispanic (all races),11.0
36,New York,36105,Sullivan,2016,2020,American Indian/Alaskan Native (includes Hispanic),
36,New York,36105,Sullivan,2016,2020,White (includes Hispanic),8.5
36,New York,36107,Tioga,2011,2015,Asian/Pacific Islander (includes Hispanic),
36,New York,36107,Tioga,2011,2015,Black (includes Hispanic),
36,New York,36107,Tioga,2011,2015,Hispanic (all races),
36,New York,36107,Tioga,2011,2015,American Indian/Alaskan Native (includes Hispanic),
36,New York,36107,Tioga,2011,2015,White (includes Hispanic),6.9
36,New York,36107,Tioga,2012,2016,Asian/Pacific Islander (includes Hispanic),
36,New York,36107,Tioga,2012,2016,Black (includes Hispanic),
36,New York,36107,Tioga,2012,2016,Hispanic (all races),
36,New York,36107,Tioga,2012,2016,American Indian/Alaskan Native (includes Hispanic),
36,New York,36107,Tioga,2012,2016,White (includes Hispanic),7.5
36,New York,36107,Tioga,2013,2017,Asian/Pacific Islander (includes Hispanic),
36,New York,36107,Tioga,2013,2017,Black (includes Hispanic),
36,New York,36107,Tioga,2013,2017,Hispanic (all races),
36,New York,36107,Tioga,2013,2017,American Indian/Alaskan Native (includes Hispanic),
36,New York,36107,Tioga,2013,2017,White (includes Hispanic),7.8
36,New York,36107,Tioga,2014,2018,Asian/Pacific Islander (includes Hispanic),
36,New York,36107,Tioga,2014,2018,Black (includes Hispanic),
36,New York,36107,Tioga,2014,2018,Hispanic (all races),
36,New York,36107,Tioga,2014,2018,American Indian/Alaskan Native (includes Hispanic),
36,New York,36107,Tioga,2014,2018,White (includes Hispanic),7.4
36,New York,36107,Tioga,2015,2019,Asian/Pacific Islander (includes Hispanic),
36,New York,36107,Tioga,2015,2019,Black (includes Hispanic),
36,New York,36107,Tioga,2015,2019,Hispanic (all races),
36,New York,36107,Tioga,2015,2019,American Indian/Alaskan Native (includes Hispanic),
36,New York,36107,Tioga,2015,2019,White (includes Hispanic),7.4
36,New York,36107,Tioga,2016,2020,Asian/Pacific Islander (includes Hispanic),
36,New York,36107,Tioga,2016,2020,Black (includes Hispanic),
36,New York,36107,Tioga,2016,2020,Hispanic (all races),
36,New York,36107,Tioga,2016,2020,American Indian/Alaskan Native (includes Hispanic),
36,New York,36107,Tioga,2016,2020,White (includes Hispanic),7.0
36,New York,36109,Tompkins,2011,2015,Asian/Pacific Islander (includes Hispanic),
36,New York,36109,Tompkins,2011,2015,Black (includes Hispanic),
36,New York,36109,Tompkins,2011,2015,Hispanic (all races),
36,New York,36109,Tompkins,2011,2015,American Indian/Alaskan Native (includes Hispanic),
36,New York,36109,Tompkins,2011,2015,White (includes Hispanic),6.3
36,New York,36109,Tompkins,2012,2016,Asian/Pacific Islander (includes Hispanic),
36,New York,36109,Tompkins,2012,2016,Black (includes Hispanic),
36,New York,36109,Tompkins,2012,2016,Hispanic (all races),
36,New York,36109,Tompkins,2012,2016,American Indian/Alaskan Native (includes Hispanic),
36,New York,36109,Tompkins,2012,2016,White (includes Hispanic),7.0
36,New York,36109,Tompkins,2013,2017,Asian/Pacific Islander (includes Hispanic),
36,New York,36109,Tompkins,2013,2017,Black (includes Hispanic),
36,New York,36109,Tompkins,2013,2017,Hispanic (all races),
36,New York,36109,Tompkins,2013,2017,American Indian/Alaskan Native (includes Hispanic),
36,New York,36109,Tompkins,2013,2017,White (includes Hispanic),7.1
36,New York,36109,Tompkins,2014,2018,Asian/Pacific Islander (includes Hispanic),
36,New York,36109,Tompkins,2014,2018,Black (includes Hispanic),
36,New York,36109,Tompkins,2014,2018,Hispanic (all races),
36,New York,36109,Tompkins,2014,2018,American Indian/Alaskan Native (includes Hispanic),
36,New York,36109,Tompkins,2014,2018,White (includes Hispanic),6.7
36,New York,36109,Tompkins,2015,2019,Asian/Pacific Islander (includes Hispanic),
36,New York,36109,Tompkins,2015,2019,Black (includes Hispanic),
36,New York,36109,Tompkins,2015,2019,Hispanic (all races),
36,New York,36109,Tompkins,2015,2019,American Indian/Alaskan Native (includes Hispanic),
36,New York,36109,Tompkins,2015,2019,White (includes Hispanic),6.6
36,New York,36109,Tompkins,2016,2020,Asian/Pacific Islander (includes Hispanic),
36,New York,36109,Tompkins,2016,2020,Black (includes Hispanic),
36,New York,36109,Tompkins,2016,2020,Hispanic (all races),
36,New York,36109,Tompkins,2016,2020,American Indian/Alaskan Native (includes Hispanic),
36,New York,36109,Tompkins,2016,2020,White (includes Hispanic),6.4
36,New York,36111,Ulster,2011,2015,Asian/Pacific Islander (includes Hispanic),
36,New York,36111,Ulster,2011,2015,Black (includes Hispanic),
36,New York,36111,Ulster,2011,2015,Hispanic (all races),10.6
36,New York,36111,Ulster,2011,2015,American Indian/Alaskan Native (includes Hispanic),
36,New York,36111,Ulster,2011,2015,White (includes Hispanic),8.4
36,New York,36111,Ulster,2012,2016,Asian/Pacific Islander (includes Hispanic),
36,New York,36111,Ulster,2012,2016,Black (includes Hispanic),7.2
36,New York,36111,Ulster,2012,2016,Hispanic (all races),11.9
36,New York,36111,Ulster,2012,2016,American Indian/Alaskan Native (includes Hispanic),
36,New York,36111,Ulster,2012,2016,White (includes Hispanic),8.5
36,New York,36111,Ulster,2013,2017,Asian/Pacific Islander (includes Hispanic),
36,New York,36111,Ulster,2013,2017,Black (includes Hispanic),8.5
36,New York,36111,Ulster,2013,2017,Hispanic (all races),12.1
36,New York,36111,Ulster,2013,2017,American Indian/Alaskan Native (includes Hispanic),
36,New York,36111,Ulster,2013,2017,White (includes Hispanic),8.6
36,New York,36111,Ulster,2014,2018,Asian/Pacific Islander (includes Hispanic),
36,New York,36111,Ulster,2014,2018,Black (includes Hispanic),
36,New York,36111,Ulster,2014,2018,Hispanic (all races),12.8
36,New York,36111,Ulster,2014,2018,American Indian/Alaskan Native (includes Hispanic),
36,New York,36111,Ulster,2014,2018,White (includes Hispanic),8.6
36,New York,36111,Ulster,2015,2019,Asian/Pacific Islander (includes Hispanic),
36,New York,36111,Ulster,2015,2019,Black (includes Hispanic),
36,New York,36111,Ulster,2015,2019,Hispanic (all races),13.2
36,New York,36111,Ulster,2015,2019,American Indian/Alaskan Native (includes Hispanic),
36,New York,36111,Ulster,2015,2019,White (includes Hispanic),8.4
36,New York,36111,Ulster,2016,2020,Asian/Pacific Islander (includes Hispanic),
36,New York,36111,Ulster,2016,2020,Black (includes Hispanic),6.6
36,New York,36111,Ulster,2016,2020,Hispanic (all races),11.5
36,New York,36111,Ulster,2016,2020,American Indian/Alaskan Native (includes Hispanic),
36,New York,36111,Ulster,2016,2020,White (includes Hispanic),7.7
36,New York,36113,Warren,2011,2015,Asian/Pacific Islander (includes Hispanic),
36,New York,36113,Warren,2011,2015,Black (includes Hispanic),
36,New York,36113,Warren,2011,2015,Hispanic (all races),
36,New York,36113,Warren,2011,2015,American Indian/Alaskan Native (includes Hispanic),
36,New York,36113,Warren,2011,2015,White (includes Hispanic),5.7
36,New York,36113,Warren,2012,2016,Asian/Pacific Islander (includes Hispanic),
36,New York,36113,Warren,2012,2016,Black (includes Hispanic),
36,New York,36113,Warren,2012,2016,Hispanic (all races),
36,New York,36113,Warren,2012,2016,American Indian/Alaskan Native (includes Hispanic),
36,New York,36113,Warren,2012,2016,White (includes Hispanic),5.9
36,New York,36113,Warren,2013,2017,Asian/Pacific Islander (includes Hispanic),
36,New York,36113,Warren,2013,2017,Black (includes Hispanic),
36,New York,36113,Warren,2013,2017,Hispanic (all races),
36,New York,36113,Warren,2013,2017,American Indian/Alaskan Native (includes Hispanic),
36,New York,36113,Warren,2013,2017,White (includes Hispanic),6.1
36,New York,36113,Warren,2014,2018,Asian/Pacific Islander (includes Hispanic),
36,New York,36113,Warren,2014,2018,Black (includes Hispanic),
36,New York,36113,Warren,2014,2018,Hispanic (all races),
36,New York,36113,Warren,2014,2018,American Indian/Alaskan Native (includes Hispanic),
36,New York,36113,Warren,2014,2018,White (includes Hispanic),6.0
36,New York,36113,Warren,2015,2019,Asian/Pacific Islander (includes Hispanic),
36,New York,36113,Warren,2015,2019,Black (includes Hispanic),
36,New York,36113,Warren,2015,2019,Hispanic (all races),
36,New York,36113,Warren,2015,2019,American Indian/Alaskan Native (includes Hispanic),
36,New York,36113,Warren,2015,2019,White (includes Hispanic),6.1
36,New York,36113,Warren,2016,2020,Asian/Pacific Islander (includes Hispanic),
36,New York,36113,Warren,2016,2020,Black (includes Hispanic),
36,New York,36113,Warren,2016,2020,Hispanic (all races),
36,New York,36113,Warren,2016,2020,American Indian/Alaskan Native (includes Hispanic),
36,New York,36113,Warren,2016,2020,White (includes Hispanic),6.2
36,New York,36115,Washington,2011,2015,Asian/Pacific Islander (includes Hispanic),
36,New York,36115,Washington,2011,2015,Black (includes Hispanic),
36,New York,36115,Washington,2011,2015,Hispanic (all races),
36,New York,36115,Washington,2011,2015,American Indian/Alaskan Native (includes Hispanic),
36,New York,36115,Washington,2011,2015,White (includes Hispanic),5.9
36,New York,36115,Washington,2012,2016,Asian/Pacific Islander (includes Hispanic),
36,New York,36115,Washington,2012,2016,Black (includes Hispanic),
36,New York,36115,Washington,2012,2016,Hispanic (all races),
36,New York,36115,Washington,2012,2016,American Indian/Alaskan Native (includes Hispanic),
36,New York,36115,Washington,2012,2016,White (includes Hispanic),5.7
36,New York,36115,Washington,2013,2017,Asian/Pacific Islander (includes Hispanic),
36,New York,36115,Washington,2013,2017,Black (includes Hispanic),
36,New York,36115,Washington,2013,2017,Hispanic (all races),
36,New York,36115,Washington,2013,2017,American Indian/Alaskan Native (includes Hispanic),
36,New York,36115,Washington,2013,2017,White (includes Hispanic),5.6
36,New York,36115,Washington,2014,2018,Asian/Pacific Islander (includes Hispanic),
36,New York,36115,Washington,2014,2018,Black (includes Hispanic),
36,New York,36115,Washington,2014,2018,Hispanic (all races),
36,New York,36115,Washington,2014,2018,American Indian/Alaskan Native (includes Hispanic),
36,New York,36115,Washington,2014,2018,White (includes Hispanic),5.4
36,New York,36115,Washington,2015,2019,Asian/Pacific Islander (includes Hispanic),
36,New York,36115,Washington,2015,2019,Black (includes Hispanic),
36,New York,36115,Washington,2015,2019,Hispanic (all races),
36,New York,36115,Washington,2015,2019,American Indian/Alaskan Native (includes Hispanic),
36,New York,36115,Washington,2015,2019,White (includes Hispanic),6.0
36,New York,36115,Washington,2016,2020,Asian/Pacific Islander (includes Hispanic),
36,New York,36115,Washington,2016,2020,Black (includes Hispanic),
36,New York,36115,Washington,2016,2020,Hispanic (all races),
36,New York,36115,Washington,2016,2020,American Indian/Alaskan Native (includes Hispanic),
36,New York,36115,Washington,2016,2020,White (includes Hispanic),6.3
36,New York,36117,Wayne,2011,2015,Asian/Pacific Islander (includes Hispanic),
36,New York,36117,Wayne,2011,2015,Black (includes Hispanic),12.4
36,New York,36117,Wayne,2011,2015,Hispanic (all races),
36,New York,36117,Wayne,2011,2015,American Indian/Alaskan Native (includes Hispanic),
36,New York,36117,Wayne,2011,2015,White (includes Hispanic),6.8
36,New York,36117,Wayne,2012,2016,Asian/Pacific Islander (includes Hispanic),
36,New York,36117,Wayne,2012,2016,Black (includes Hispanic),13.1
36,New York,36117,Wayne,2012,2016,Hispanic (all races),
36,New York,36117,Wayne,2012,2016,American Indian/Alaskan Native (includes Hispanic),
36,New York,36117,Wayne,2012,2016,White (includes Hispanic),7.3
36,New York,36117,Wayne,2013,2017,Asian/Pacific Islander (includes Hispanic),
36,New York,36117,Wayne,2013,2017,Black (includes Hispanic),12.6
36,New York,36117,Wayne,2013,2017,Hispanic (all races),
36,New York,36117,Wayne,2013,2017,American Indian/Alaskan Native (includes Hispanic),
36,New York,36117,Wayne,2013,2017,White (includes Hispanic),7.4
36,New York,36117,Wayne,2014,2018,Asian/Pacific Islander (includes Hispanic),
36,New York,36117,Wayne,2014,2018,Black (includes Hispanic),10.2
36,New York,36117,Wayne,2014,2018,Hispanic (all races),
36,New York,36117,Wayne,2014,2018,American Indian/Alaskan Native (includes Hispanic),
36,New York,36117,Wayne,2014,2018,White (includes Hispanic),6.6
36,New York,36117,Wayne,2015,2019,Asian/Pacific Islander (includes Hispanic),
36,New York,36117,Wayne,2015,2019,Black (includes Hispanic),8.4
36,New York,36117,Wayne,2015,2019,Hispanic (all races),
36,New York,36117,Wayne,2015,2019,American Indian/Alaskan Native (includes Hispanic),
36,New York,36117,Wayne,2015,2019,White (includes Hispanic),6.3
36,New York,36117,Wayne,2016,2020,Asian/Pacific Islander (includes Hispanic),
36,New York,36117,Wayne,2016,2020,Black (includes Hispanic),8.6
36,New York,36117,Wayne,2016,2020,Hispanic (all races),
36,New York,36117,Wayne,2016,2020,American Indian/Alaskan Native (includes Hispanic),
36,New York,36117,Wayne,2016,2020,White (includes Hispanic),5.5
36,New York,36119,Westchester,2011,2015,Asian/Pacific Islander (includes Hispanic),5.8
36,New York,36119,Westchester,2011,2015,Black (includes Hispanic),8.8
36,New York,36119,Westchester,2011,2015,Hispanic (all races),10.0
36,New York,36119,Westchester,2011,2015,American Indian/Alaskan Native (includes Hispanic),
36,New York,36119,Westchester,2011,2015,White (includes Hispanic),7.1
36,New York,36119,Westchester,2012,2016,Asian/Pacific Islander (includes Hispanic),5.8
36,New York,36119,Westchester,2012,2016,Black (includes Hispanic),8.4
36,New York,36119,Westchester,2012,2016,Hispanic (all races),9.6
36,New York,36119,Westchester,2012,2016,American Indian/Alaskan Native (includes Hispanic),
36,New York,36119,Westchester,2012,2016,White (includes Hispanic),6.7
36,New York,36119,Westchester,2013,2017,Asian/Pacific Islander (includes Hispanic),5.6
36,New York,36119,Westchester,2013,2017,Black (includes Hispanic),8.6
36,New York,36119,Westchester,2013,2017,Hispanic (all races),9.2
36,New York,36119,Westchester,2013,2017,American Indian/Alaskan Native (includes Hispanic),
36,New York,36119,Westchester,2013,2017,White (includes Hispanic),6.5
36,New York,36119,Westchester,2014,2018,Asian/Pacific Islander (includes Hispanic),5.7
36,New York,36119,Westchester,2014,2018,Black (includes Hispanic),8.6
36,New York,36119,Westchester,2014,2018,Hispanic (all races),9.0
36,New York,36119,Westchester,2014,2018,American Indian/Alaskan Native (includes Hispanic),
36,New York,36119,Westchester,2014,2018,White (includes Hispanic),6.3
36,New York,36119,Westchester,2015,2019,Asian/Pacific Islander (includes Hispanic),5.6
36,New York,36119,Westchester,2015,2019,Black (includes Hispanic),8.5
36,New York,36119,Westchester,2015,2019,Hispanic (all races),9.0
36,New York,36119,Westchester,2015,2019,American Indian/Alaskan Native (includes Hispanic),
36,New York,36119,Westchester,2015,2019,White (includes Hispanic),6.4
36,New York,36119,Westchester,2016,2020,Asian/Pacific Islander (includes Hispanic),5.0
36,New York,36119,Westchester,2016,2020,Black (includes Hispanic),8.3
36,New York,36119,Westchester,2016,2020,Hispanic (all races),8.8
36,New York,36119,Westchester,2016,2020,American Indian/Alaskan Native (includes Hispanic),
36,New York,36119,Westchester,2016,2020,White (includes Hispanic),6.2
36,New York,36121,Wyoming,2011,2015,Asian/Pacific Islander (includes Hispanic),
36,New York,36121,Wyoming,2011,2015,Black (includes Hispanic),11.5
36,New York,36121,Wyoming,2011,2015,Hispanic (all races),
36,New York,36121,Wyoming,2011,2015,American Indian/Alaskan Native (includes Hispanic),
36,New York,36121,Wyoming,2011,2015,White (includes Hispanic),6.5
36,New York,36121,Wyoming,2012,2016,Asian/Pacific Islander (includes Hispanic),
36,New York,36121,Wyoming,2012,2016,Black (includes Hispanic),11.0
36,New York,36121,Wyoming,2012,2016,Hispanic (all races),
36,New York,36121,Wyoming,2012,2016,American Indian/Alaskan Native (includes Hispanic),
36,New York,36121,Wyoming,2012,2016,White (includes Hispanic),6.8
36,New York,36121,Wyoming,2013,2017,Asian/Pacific Islander (includes Hispanic),
36,New York,36121,Wyoming,2013,2017,Black (includes Hispanic),10.9
36,New York,36121,Wyoming,2013,2017,Hispanic (all races),
36,New York,36121,Wyoming,2013,2017,American Indian/Alaskan Native (includes Hispanic),
36,New York,36121,Wyoming,2013,2017,White (includes Hispanic),7.2
36,New York,36121,Wyoming,2014,2018,Asian/Pacific Islander (includes Hispanic),
36,New York,36121,Wyoming,2014,2018,Black (includes Hispanic),10.2
36,New York,36121,Wyoming,2014,2018,Hispanic (all races),
36,New York,36121,Wyoming,2014,2018,American Indian/Alaskan Native (includes Hispanic),
36,New York,36121,Wyoming,2014,2018,White (includes Hispanic),6.9
36,New York,36121,Wyoming,2015,2019,Asian/Pacific Islander (includes Hispanic),
36,New York,36121,Wyoming,2015,2019,Black (includes Hispanic),10.2
36,New York,36121,Wyoming,2015,2019,Hispanic (all races),
36,New York,36121,Wyoming,2015,2019,American Indian/Alaskan Native (includes Hispanic),
36,New York,36121,Wyoming,2015,2019,White (includes Hispanic),7.1
36,New York,36121,Wyoming,2016,2020,Asian/Pacific Islander (includes Hispanic),
36,New York,36121,Wyoming,2016,2020,Black (includes Hispanic),8.5
36,New York,36121,Wyoming,2016,2020,Hispanic (all races),
36,New York,36121,Wyoming,2016,2020,American Indian/Alaskan Native (includes Hispanic),
36,New York,36121,Wyoming,2016,2020,White (includes Hispanic),7.2
36,New York,36123,Yates,2011,2015,Asian/Pacific Islander (includes Hispanic),
36,New York,36123,Yates,2011,2015,Black (includes Hispanic),
36,New York,36123,Yates,2011,2015,Hispanic (all races),
36,New York,36123,Yates,2011,2015,American Indian/Alaskan Native (includes Hispanic),
36,New York,36123,Yates,2011,2015,White (includes Hispanic),7.2
36,New York,36123,Yates,2012,2016,Asian/Pacific Islander (includes Hispanic),
36,New York,36123,Yates,2012,2016,Black (includes Hispanic),
36,New York,36123,Yates,2012,2016,Hispanic (all races),
36,New York,36123,Yates,2012,2016,American Indian/Alaskan Native (includes Hispanic),
36,New York,36123,Yates,2012,2016,White (includes Hispanic),7.8
36,New York,36123,Yates,2013,2017,Asian/Pacific Islander (includes Hispanic),
36,New York,36123,Yates,2013,2017,Black (includes Hispanic),
36,New York,36123,Yates,2013,2017,Hispanic (all races),
36,New York,36123,Yates,2013,2017,American Indian/Alaskan Native (includes Hispanic),
36,New York,36123,Yates,2013,2017,White (includes Hispanic),8.4
36,New York,36123,Yates,2014,2018,Asian/Pacific Islander (includes Hispanic),
36,New York,36123,Yates,2014,2018,Black (includes Hispanic),
36,New York,36123,Yates,2014,2018,Hispanic (all races),
36,New York,36123,Yates,2014,2018,American Indian/Alaskan Native (includes Hispanic),
36,New York,36123,Yates,2014,2018,White (includes Hispanic),8.2
36,New York,36123,Yates,2015,2019,Asian/Pacific Islander (includes Hispanic),
36,New York,36123,Yates,2015,2019,Black (includes Hispanic),
36,New York,36123,Yates,2015,2019,Hispanic (all races),
36,New York,36123,Yates,2015,2019,American Indian/Alaskan Native (includes Hispanic),
36,New York,36123,Yates,2015,2019,White (includes Hispanic),8.6
36,New York,36123,Yates,2016,2020,Asian/Pacific Islander (includes Hispanic),
36,New York,36123,Yates,2016,2020,Black (includes Hispanic),
36,New York,36123,Yates,2016,2020,Hispanic (all races),
36,New York,36123,Yates,2016,2020,American Indian/Alaskan Native (includes Hispanic),
36,New York,36123,Yates,2016,2020,White (includes Hispanic),7.9
37,North Carolina,37001,Alamance,2011,2015,Asian/Pacific Islander (includes Hispanic),
37,North Carolina,37001,Alamance,2011,2015,Black (includes Hispanic),6.2
37,North Carolina,37001,Alamance,2011,2015,Hispanic (all races),
37,North Carolina,37001,Alamance,2011,2015,American Indian/Alaskan Native (includes Hispanic),
37,North Carolina,37001,Alamance,2011,2015,White (includes Hispanic),7.0
37,North Carolina,37001,Alamance,2012,2016,Asian/Pacific Islander (includes Hispanic),
37,North Carolina,37001,Alamance,2012,2016,Black (includes Hispanic),6.5
37,North Carolina,37001,Alamance,2012,2016,Hispanic (all races),
37,North Carolina,37001,Alamance,2012,2016,American Indian/Alaskan Native (includes Hispanic),
37,North Carolina,37001,Alamance,2012,2016,White (includes Hispanic),7.3
37,North Carolina,37001,Alamance,2013,2017,Asian/Pacific Islander (includes Hispanic),
37,North Carolina,37001,Alamance,2013,2017,Black (includes Hispanic),6.4
37,North Carolina,37001,Alamance,2013,2017,Hispanic (all races),
37,North Carolina,37001,Alamance,2013,2017,American Indian/Alaskan Native (includes Hispanic),
37,North Carolina,37001,Alamance,2013,2017,White (includes Hispanic),7.3
37,North Carolina,37001,Alamance,2014,2018,Asian/Pacific Islander (includes Hispanic),
37,North Carolina,37001,Alamance,2014,2018,Black (includes Hispanic),6.2
37,North Carolina,37001,Alamance,2014,2018,Hispanic (all races),
37,North Carolina,37001,Alamance,2014,2018,American Indian/Alaskan Native (includes Hispanic),
37,North Carolina,37001,Alamance,2014,2018,White (includes Hispanic),7.5
37,North Carolina,37001,Alamance,2015,2019,Asian/Pacific Islander (includes Hispanic),
37,North Carolina,37001,Alamance,2015,2019,Black (includes Hispanic),6.7
37,North Carolina,37001,Alamance,2015,2019,Hispanic (all races),
37,North Carolina,37001,Alamance,2015,2019,American Indian/Alaskan Native (includes Hispanic),
37,North Carolina,37001,Alamance,2015,2019,White (includes Hispanic),7.2
37,North Carolina,37001,Alamance,2016,2020,Asian/Pacific Islander (includes Hispanic),
37,North Carolina,37001,Alamance,2016,2020,Black (includes Hispanic),7.0
37,North Carolina,37001,Alamance,2016,2020,Hispanic (all races),
37,North Carolina,37001,Alamance,2016,2020,American Indian/Alaskan Native (includes Hispanic),
37,North Carolina,37001,Alamance,2016,2020,White (includes Hispanic),6.7
37,North Carolina,37003,Alexander,2011,2015,Asian/Pacific Islander (includes Hispanic),
37,North Carolina,37003,Alexander,2011,2015,Black (includes Hispanic),
37,North Carolina,37003,Alexander,2011,2015,Hispanic (all races),
37,North Carolina,37003,Alexander,2011,2015,American Indian/Alaskan Native (includes Hispanic),
37,North Carolina,37003,Alexander,2011,2015,White (includes Hispanic),7.7
37,North Carolina,37003,Alexander,2012,2016,Asian/Pacific Islander (includes Hispanic),
37,North Carolina,37003,Alexander,2012,2016,Black (includes Hispanic),
37,North Carolina,37003,Alexander,2012,2016,Hispanic (all races),
37,North Carolina,37003,Alexander,2012,2016,American Indian/Alaskan Native (includes Hispanic),
37,North Carolina,37003,Alexander,2012,2016,White (includes Hispanic),7.7
37,North Carolina,37003,Alexander,2013,2017,Asian/Pacific Islander (includes Hispanic),
37,North Carolina,37003,Alexander,2013,2017,Black (includes Hispanic),
37,North Carolina,37003,Alexander,2013,2017,Hispanic (all races),
37,North Carolina,37003,Alexander,2013,2017,American Indian/Alaskan Native (includes Hispanic),
37,North Carolina,37003,Alexander,2013,2017,White (includes Hispanic),7.4
37,North Carolina,37003,Alexander,2014,2018,Asian/Pacific Islander (includes Hispanic),
37,North Carolina,37003,Alexander,2014,2018,Black (includes Hispanic),
37,North Carolina,37003,Alexander,2014,2018,Hispanic (all races),
37,North Carolina,37003,Alexander,2014,2018,American Indian/Alaskan Native (includes Hispanic),
37,North Carolina,37003,Alexander,2014,2018,White (includes Hispanic),7.3
37,North Carolina,37003,Alexander,2015,2019,Asian/Pacific Islander (includes Hispanic),
37,North Carolina,37003,Alexander,2015,2019,Black (includes Hispanic),
37,North Carolina,37003,Alexander,2015,2019,Hispanic (all races),
37,North Carolina,37003,Alexander,2015,2019,American Indian/Alaskan Native (includes Hispanic),
37,North Carolina,37003,Alexander,2015,2019,White (includes Hispanic),6.4
37,North Carolina,37003,Alexander,2016,2020,Asian/Pacific Islander (includes Hispanic),
37,North Carolina,37003,Alexander,2016,2020,Black (includes Hispanic),
37,North Carolina,37003,Alexander,2016,2020,Hispanic (all races),
37,North Carolina,37003,Alexander,2016,2020,American Indian/Alaskan Native (includes Hispanic),
37,North Carolina,37003,Alexander,2016,2020,White (includes Hispanic),6.1
37,North Carolina,37005,Alleghany,2011,2015,Asian/Pacific Islander (includes Hispanic),
37,North Carolina,37005,Alleghany,2011,2015,Black (includes Hispanic),
37,North Carolina,37005,Alleghany,2011,2015,Hispanic (all races),
37,North Carolina,37005,Alleghany,2011,2015,American Indian/Alaskan Native (includes Hispanic),
37,North Carolina,37005,Alleghany,2011,2015,White (includes Hispanic),7.4
37,North Carolina,37005,Alleghany,2012,2016,Asian/Pacific Islander (includes Hispanic),
37,North Carolina,37005,Alleghany,2012,2016,Black (includes Hispanic),
37,North Carolina,37005,Alleghany,2012,2016,Hispanic (all races),
37,North Carolina,37005,Alleghany,2012,2016,American Indian/Alaskan Native (includes Hispanic),
37,North Carolina,37005,Alleghany,2012,2016,White (includes Hispanic),5.8
37,North Carolina,37005,Alleghany,2013,2017,Asian/Pacific Islander (includes Hispanic),
37,North Carolina,37005,Alleghany,2013,2017,Black (includes Hispanic),
37,North Carolina,37005,Alleghany,2013,2017,Hispanic (all races),
37,North Carolina,37005,Alleghany,2013,2017,American Indian/Alaskan Native (includes Hispanic),
37,North Carolina,37005,Alleghany,2013,2017,White (includes Hispanic),6.0
37,North Carolina,37005,Alleghany,2014,2018,Asian/Pacific Islander (includes Hispanic),
37,North Carolina,37005,Alleghany,2014,2018,Black (includes Hispanic),
37,North Carolina,37005,Alleghany,2014,2018,Hispanic (all races),
37,North Carolina,37005,Alleghany,2014,2018,American Indian/Alaskan Native (includes Hispanic),
37,North Carolina,37005,Alleghany,2014,2018,White (includes Hispanic),5.4
37,North Carolina,37005,Alleghany,2015,2019,Asian/Pacific Islander (includes Hispanic),
37,North Carolina,37005,Alleghany,2015,2019,Black (includes Hispanic),
37,North Carolina,37005,Alleghany,2015,2019,Hispanic (all races),
37,North Carolina,37005,Alleghany,2015,2019,American Indian/Alaskan Native (includes Hispanic),
37,North Carolina,37005,Alleghany,2015,2019,White (includes Hispanic),6.5
37,North Carolina,37005,Alleghany,2016,2020,Asian/Pacific Islander (includes Hispanic),
37,North Carolina,37005,Alleghany,2016,2020,Black (includes Hispanic),
37,North Carolina,37005,Alleghany,2016,2020,Hispanic (all races),
37,North Carolina,37005,Alleghany,2016,2020,American Indian/Alaskan Native (includes Hispanic),
37,North Carolina,37005,Alleghany,2016,2020,White (includes Hispanic),5.4
37,North Carolina,37007,Anson,2011,2015,Asian/Pacific Islander (includes Hispanic),
37,North Carolina,37007,Anson,2011,2015,Black (includes Hispanic),7.6
37,North Carolina,37007,Anson,2011,2015,Hispanic (all races),
37,North Carolina,37007,Anson,2011,2015,American Indian/Alaskan Native (includes Hispanic),
37,North Carolina,37007,Anson,2011,2015,White (includes Hispanic),6.3
37,North Carolina,37007,Anson,2012,2016,Asian/Pacific Islander (includes Hispanic),
37,North Carolina,37007,Anson,2012,2016,Black (includes Hispanic),7.4
37,North Carolina,37007,Anson,2012,2016,Hispanic (all races),
37,North Carolina,37007,Anson,2012,2016,American Indian/Alaskan Native (includes Hispanic),
37,North Carolina,37007,Anson,2012,2016,White (includes Hispanic),6.8
37,North Carolina,37007,Anson,2013,2017,Asian/Pacific Islander (includes Hispanic),
37,North Carolina,37007,Anson,2013,2017,Black (includes Hispanic),
37,North Carolina,37007,Anson,2013,2017,Hispanic (all races),
37,North Carolina,37007,Anson,2013,2017,American Indian/Alaskan Native (includes Hispanic),
37,North Carolina,37007,Anson,2013,2017,White (includes Hispanic),7.2
37,North Carolina,37007,Anson,2014,2018,Asian/Pacific Islander (includes Hispanic),
37,North Carolina,37007,Anson,2014,2018,Black (includes Hispanic),
37,North Carolina,37007,Anson,2014,2018,Hispanic (all races),
37,North Carolina,37007,Anson,2014,2018,American Indian/Alaskan Native (includes Hispanic),
37,North Carolina,37007,Anson,2014,2018,White (includes Hispanic),7.4
37,North Carolina,37007,Anson,2015,2019,Asian/Pacific Islander (includes Hispanic),
37,North Carolina,37007,Anson,2015,2019,Black (includes Hispanic),7.3
37,North Carolina,37007,Anson,2015,2019,Hispanic (all races),
37,North Carolina,37007,Anson,2015,2019,American Indian/Alaskan Native (includes Hispanic),
37,North Carolina,37007,Anson,2015,2019,White (includes Hispanic),6.6
37,North Carolina,37007,Anson,2016,2020,Asian/Pacific Islander (includes Hispanic),
37,North Carolina,37007,Anson,2016,2020,Black (includes Hispanic),8.1
37,North Carolina,37007,Anson,2016,2020,Hispanic (all races),
37,North Carolina,37007,Anson,2016,2020,American Indian/Alaskan Native (includes Hispanic),
37,North Carolina,37007,Anson,2016,2020,White (includes Hispanic),6.7
37,North Carolina,37009,Ashe,2011,2015,Asian/Pacific Islander (includes Hispanic),
37,North Carolina,37009,Ashe,2011,2015,Black (includes Hispanic),
37,North Carolina,37009,Ashe,2011,2015,Hispanic (all races),
37,North Carolina,37009,Ashe,2011,2015,American Indian/Alaskan Native (includes Hispanic),
37,North Carolina,37009,Ashe,2011,2015,White (includes Hispanic),6.4
37,North Carolina,37009,Ashe,2012,2016,Asian/Pacific Islander (includes Hispanic),
37,North Carolina,37009,Ashe,2012,2016,Black (includes Hispanic),
37,North Carolina,37009,Ashe,2012,2016,Hispanic (all races),
37,North Carolina,37009,Ashe,2012,2016,American Indian/Alaskan Native (includes Hispanic),
37,North Carolina,37009,Ashe,2012,2016,White (includes Hispanic),5.1
37,North Carolina,37009,Ashe,2013,2017,Asian/Pacific Islander (includes Hispanic),
37,North Carolina,37009,Ashe,2013,2017,Black (includes Hispanic),
37,North Carolina,37009,Ashe,2013,2017,Hispanic (all races),
37,North Carolina,37009,Ashe,2013,2017,American Indian/Alaskan Native (includes Hispanic),
37,North Carolina,37009,Ashe,2013,2017,White (includes Hispanic),5.3
37,North Carolina,37009,Ashe,2014,2018,Asian/Pacific Islander (includes Hispanic),
37,North Carolina,37009,Ashe,2014,2018,Black (includes Hispanic),
37,North Carolina,37009,Ashe,2014,2018,Hispanic (all races),
37,North Carolina,37009,Ashe,2014,2018,American Indian/Alaskan Native (includes Hispanic),
37,North Carolina,37009,Ashe,2014,2018,White (includes Hispanic),5.0
37,North Carolina,37009,Ashe,2015,2019,Asian/Pacific Islander (includes Hispanic),
37,North Carolina,37009,Ashe,2015,2019,Black (includes Hispanic),
37,North Carolina,37009,Ashe,2015,2019,Hispanic (all races),
37,North Carolina,37009,Ashe,2015,2019,American Indian/Alaskan Native (includes Hispanic),
37,North Carolina,37009,Ashe,2015,2019,White (includes Hispanic),5.7
37,North Carolina,37009,Ashe,2016,2020,Asian/Pacific Islander (includes Hispanic),
37,North Carolina,37009,Ashe,2016,2020,Black (includes Hispanic),
37,North Carolina,37009,Ashe,2016,2020,Hispanic (all races),
37,North Carolina,37009,Ashe,2016,2020,American Indian/Alaskan Native (includes Hispanic),
37,North Carolina,37009,Ashe,2016,2020,White (includes Hispanic),5.7
37,North Carolina,37011,Avery,2011,2015,Asian/Pacific Islander (includes Hispanic),
37,North Carolina,37011,Avery,2011,2015,Black (includes Hispanic),
37,North Carolina,37011,Avery,2011,2015,Hispanic (all races),
37,North Carolina,37011,Avery,2011,2015,American Indian/Alaskan Native (includes Hispanic),
37,North Carolina,37011,Avery,2011,2015,White (includes Hispanic),10.3
37,North Carolina,37011,Avery,2012,2016,Asian/Pacific Islander (includes Hispanic),
37,North Carolina,37011,Avery,2012,2016,Black (includes Hispanic),
37,North Carolina,37011,Avery,2012,2016,Hispanic (all races),
37,North Carolina,37011,Avery,2012,2016,American Indian/Alaskan Native (includes Hispanic),
37,North Carolina,37011,Avery,2012,2016,White (includes Hispanic),9.7
37,North Carolina,37011,Avery,2013,2017,Asian/Pacific Islander (includes Hispanic),
37,North Carolina,37011,Avery,2013,2017,Black (includes Hispanic),
37,North Carolina,37011,Avery,2013,2017,Hispanic (all races),
37,North Carolina,37011,Avery,2013,2017,American Indian/Alaskan Native (includes Hispanic),
37,North Carolina,37011,Avery,2013,2017,White (includes Hispanic),9.3
37,North Carolina,37011,Avery,2014,2018,Asian/Pacific Islander (includes Hispanic),
37,North Carolina,37011,Avery,2014,2018,Black (includes Hispanic),
37,North Carolina,37011,Avery,2014,2018,Hispanic (all races),
37,North Carolina,37011,Avery,2014,2018,American Indian/Alaskan Native (includes Hispanic),
37,North Carolina,37011,Avery,2014,2018,White (includes Hispanic),9.1
37,North Carolina,37011,Avery,2015,2019,Asian/Pacific Islander (includes Hispanic),
37,North Carolina,37011,Avery,2015,2019,Black (includes Hispanic),
37,North Carolina,37011,Avery,2015,2019,Hispanic (all races),
37,North Carolina,37011,Avery,2015,2019,American Indian/Alaskan Native (includes Hispanic),
37,North Carolina,37011,Avery,2015,2019,White (includes Hispanic),7.6
37,North Carolina,37011,Avery,2016,2020,Asian/Pacific Islander (includes Hispanic),
37,North Carolina,37011,Avery,2016,2020,Black (includes Hispanic),
37,North Carolina,37011,Avery,2016,2020,Hispanic (all races),
37,North Carolina,37011,Avery,2016,2020,American Indian/Alaskan Native (includes Hispanic),
37,North Carolina,37011,Avery,2016,2020,White (includes Hispanic),6.8
37,North Carolina,37013,Beaufort,2011,2015,Asian/Pacific Islander (includes Hispanic),
37,North Carolina,37013,Beaufort,2011,2015,Black (includes Hispanic),9.1
37,North Carolina,37013,Beaufort,2011,2015,Hispanic (all races),
37,North Carolina,37013,Beaufort,2011,2015,American Indian/Alaskan Native (includes Hispanic),
37,North Carolina,37013,Beaufort,2011,2015,White (includes Hispanic),6.7
37,North Carolina,37013,Beaufort,2012,2016,Asian/Pacific Islander (includes Hispanic),
37,North Carolina,37013,Beaufort,2012,2016,Black (includes Hispanic),9.8
37,North Carolina,37013,Beaufort,2012,2016,Hispanic (all races),
37,North Carolina,37013,Beaufort,2012,2016,American Indian/Alaskan Native (includes Hispanic),
37,North Carolina,37013,Beaufort,2012,2016,White (includes Hispanic),6.2
37,North Carolina,37013,Beaufort,2013,2017,Asian/Pacific Islander (includes Hispanic),
37,North Carolina,37013,Beaufort,2013,2017,Black (includes Hispanic),10.2
37,North Carolina,37013,Beaufort,2013,2017,Hispanic (all races),
37,North Carolina,37013,Beaufort,2013,2017,American Indian/Alaskan Native (includes Hispanic),
37,North Carolina,37013,Beaufort,2013,2017,White (includes Hispanic),5.7
37,North Carolina,37013,Beaufort,2014,2018,Asian/Pacific Islander (includes Hispanic),
37,North Carolina,37013,Beaufort,2014,2018,Black (includes Hispanic),8.4
37,North Carolina,37013,Beaufort,2014,2018,Hispanic (all races),
37,North Carolina,37013,Beaufort,2014,2018,American Indian/Alaskan Native (includes Hispanic),
37,North Carolina,37013,Beaufort,2014,2018,White (includes Hispanic),7.4
37,North Carolina,37013,Beaufort,2015,2019,Asian/Pacific Islander (includes Hispanic),
37,North Carolina,37013,Beaufort,2015,2019,Black (includes Hispanic),7.6
37,North Carolina,37013,Beaufort,2015,2019,Hispanic (all races),
37,North Carolina,37013,Beaufort,2015,2019,American Indian/Alaskan Native (includes Hispanic),
37,North Carolina,37013,Beaufort,2015,2019,White (includes Hispanic),8.5
37,North Carolina,37013,Beaufort,2016,2020,Asian/Pacific Islander (includes Hispanic),
37,North Carolina,37013,Beaufort,2016,2020,Black (includes Hispanic),7.4
37,North Carolina,37013,Beaufort,2016,2020,Hispanic (all races),
37,North Carolina,37013,Beaufort,2016,2020,American Indian/Alaskan Native (includes Hispanic),
37,North Carolina,37013,Beaufort,2016,2020,White (includes Hispanic),9.5
37,North Carolina,37015,Bertie,2011,2015,Asian/Pacific Islander (includes Hispanic),
37,North Carolina,37015,Bertie,2011,2015,Black (includes Hispanic),9.0
37,North Carolina,37015,Bertie,2011,2015,Hispanic (all races),
37,North Carolina,37015,Bertie,2011,2015,American Indian/Alaskan Native (includes Hispanic),
37,North Carolina,37015,Bertie,2011,2015,White (includes Hispanic),9.8
37,North Carolina,37015,Bertie,2012,2016,Asian/Pacific Islander (includes Hispanic),
37,North Carolina,37015,Bertie,2012,2016,Black (includes Hispanic),9.1
37,North Carolina,37015,Bertie,2012,2016,Hispanic (all races),
37,North Carolina,37015,Bertie,2012,2016,American Indian/Alaskan Native (includes Hispanic),
37,North Carolina,37015,Bertie,2012,2016,White (includes Hispanic),7.7
37,North Carolina,37015,Bertie,2013,2017,Asian/Pacific Islander (includes Hispanic),
37,North Carolina,37015,Bertie,2013,2017,Black (includes Hispanic),9.9
37,North Carolina,37015,Bertie,2013,2017,Hispanic (all races),
37,North Carolina,37015,Bertie,2013,2017,American Indian/Alaskan Native (includes Hispanic),
37,North Carolina,37015,Bertie,2013,2017,White (includes Hispanic),7.3
37,North Carolina,37015,Bertie,2014,2018,Asian/Pacific Islander (includes Hispanic),
37,North Carolina,37015,Bertie,2014,2018,Black (includes Hispanic),10.3
37,North Carolina,37015,Bertie,2014,2018,Hispanic (all races),
37,North Carolina,37015,Bertie,2014,2018,American Indian/Alaskan Native (includes Hispanic),
37,North Carolina,37015,Bertie,2014,2018,White (includes Hispanic),10.1
37,North Carolina,37015,Bertie,2015,2019,Asian/Pacific Islander (includes Hispanic),
37,North Carolina,37015,Bertie,2015,2019,Black (includes Hispanic),11.4
37,North Carolina,37015,Bertie,2015,2019,Hispanic (all races),
37,North Carolina,37015,Bertie,2015,2019,American Indian/Alaskan Native (includes Hispanic),
37,North Carolina,37015,Bertie,2015,2019,White (includes Hispanic),10.6
37,North Carolina,37015,Bertie,2016,2020,Asian/Pacific Islander (includes Hispanic),
37,North Carolina,37015,Bertie,2016,2020,Black (includes Hispanic),11.5
37,North Carolina,37015,Bertie,2016,2020,Hispanic (all races),
37,North Carolina,37015,Bertie,2016,2020,American Indian/Alaskan Native (includes Hispanic),
37,North Carolina,37015,Bertie,2016,2020,White (includes Hispanic),10.5
37,North Carolina,37017,Bladen,2011,2015,Asian/Pacific Islander (includes Hispanic),
37,North Carolina,37017,Bladen,2011,2015,Black (includes Hispanic),8.0
37,North Carolina,37017,Bladen,2011,2015,Hispanic (all races),
37,North Carolina,37017,Bladen,2011,2015,American Indian/Alaskan Native (includes Hispanic),
37,North Carolina,37017,Bladen,2011,2015,White (includes Hispanic),10.2
37,North Carolina,37017,Bladen,2012,2016,Asian/Pacific Islander (includes Hispanic),
37,North Carolina,37017,Bladen,2012,2016,Black (includes Hispanic),8.0
37,North Carolina,37017,Bladen,2012,2016,Hispanic (all races),
37,North Carolina,37017,Bladen,2012,2016,American Indian/Alaskan Native (includes Hispanic),
37,North Carolina,37017,Bladen,2012,2016,White (includes Hispanic),10.4
37,North Carolina,37017,Bladen,2013,2017,Asian/Pacific Islander (includes Hispanic),
37,North Carolina,37017,Bladen,2013,2017,Black (includes Hispanic),8.1
37,North Carolina,37017,Bladen,2013,2017,Hispanic (all races),22.1
37,North Carolina,37017,Bladen,2013,2017,American Indian/Alaskan Native (includes Hispanic),
37,North Carolina,37017,Bladen,2013,2017,White (includes Hispanic),10.0
37,North Carolina,37017,Bladen,2014,2018,Asian/Pacific Islander (includes Hispanic),
37,North Carolina,37017,Bladen,2014,2018,Black (includes Hispanic),8.0
37,North Carolina,37017,Bladen,2014,2018,Hispanic (all races),20.2
37,North Carolina,37017,Bladen,2014,2018,American Indian/Alaskan Native (includes Hispanic),
37,North Carolina,37017,Bladen,2014,2018,White (includes Hispanic),9.8
37,North Carolina,37017,Bladen,2015,2019,Asian/Pacific Islander (includes Hispanic),
37,North Carolina,37017,Bladen,2015,2019,Black (includes Hispanic),8.2
37,North Carolina,37017,Bladen,2015,2019,Hispanic (all races),22.3
37,North Carolina,37017,Bladen,2015,2019,American Indian/Alaskan Native (includes Hispanic),10.0
37,North Carolina,37017,Bladen,2015,2019,White (includes Hispanic),9.3
37,North Carolina,37017,Bladen,2016,2020,Asian/Pacific Islander (includes Hispanic),
37,North Carolina,37017,Bladen,2016,2020,Black (includes Hispanic),8.4
37,North Carolina,37017,Bladen,2016,2020,Hispanic (all races),20.5
37,North Carolina,37017,Bladen,2016,2020,American Indian/Alaskan Native (includes Hispanic),10.3
37,North Carolina,37017,Bladen,2016,2020,White (includes Hispanic),9.2
37,North Carolina,37019,Brunswick,2011,2015,Asian/Pacific Islander (includes Hispanic),
37,North Carolina,37019,Brunswick,2011,2015,Black (includes Hispanic),9.3
37,North Carolina,37019,Brunswick,2011,2015,Hispanic (all races),
37,North Carolina,37019,Brunswick,2011,2015,American Indian/Alaskan Native (includes Hispanic),
37,North Carolina,37019,Brunswick,2011,2015,White (includes Hispanic),8.1
37,North Carolina,37019,Brunswick,2012,2016,Asian/Pacific Islander (includes Hispanic),
37,North Carolina,37019,Brunswick,2012,2016,Black (includes Hispanic),10.6
37,North Carolina,37019,Brunswick,2012,2016,Hispanic (all races),
37,North Carolina,37019,Brunswick,2012,2016,American Indian/Alaskan Native (includes Hispanic),
37,North Carolina,37019,Brunswick,2012,2016,White (includes Hispanic),7.6
37,North Carolina,37019,Brunswick,2013,2017,Asian/Pacific Islander (includes Hispanic),
37,North Carolina,37019,Brunswick,2013,2017,Black (includes Hispanic),10.1
37,North Carolina,37019,Brunswick,2013,2017,Hispanic (all races),
37,North Carolina,37019,Brunswick,2013,2017,American Indian/Alaskan Native (includes Hispanic),
37,North Carolina,37019,Brunswick,2013,2017,White (includes Hispanic),7.3
37,North Carolina,37019,Brunswick,2014,2018,Asian/Pacific Islander (includes Hispanic),
37,North Carolina,37019,Brunswick,2014,2018,Black (includes Hispanic),9.6
37,North Carolina,37019,Brunswick,2014,2018,Hispanic (all races),
37,North Carolina,37019,Brunswick,2014,2018,American Indian/Alaskan Native (includes Hispanic),
37,North Carolina,37019,Brunswick,2014,2018,White (includes Hispanic),6.9
37,North Carolina,37019,Brunswick,2015,2019,Asian/Pacific Islander (includes Hispanic),
37,North Carolina,37019,Brunswick,2015,2019,Black (includes Hispanic),8.9
37,North Carolina,37019,Brunswick,2015,2019,Hispanic (all races),
37,North Carolina,37019,Brunswick,2015,2019,American Indian/Alaskan Native (includes Hispanic),
37,North Carolina,37019,Brunswick,2015,2019,White (includes Hispanic),7.4
37,North Carolina,37019,Brunswick,2016,2020,Asian/Pacific Islander (includes Hispanic),
37,North Carolina,37019,Brunswick,2016,2020,Black (includes Hispanic),8.4
37,North Carolina,37019,Brunswick,2016,2020,Hispanic (all races),
37,North Carolina,37019,Brunswick,2016,2020,American Indian/Alaskan Native (includes Hispanic),
37,North Carolina,37019,Brunswick,2016,2020,White (includes Hispanic),7.5
37,North Carolina,37021,Buncombe,2011,2015,Asian/Pacific Islander (includes Hispanic),
37,North Carolina,37021,Buncombe,2011,2015,Black (includes Hispanic),
37,North Carolina,37021,Buncombe,2011,2015,Hispanic (all races),
37,North Carolina,37021,Buncombe,2011,2015,American Indian/Alaskan Native (includes Hispanic),
37,North Carolina,37021,Buncombe,2011,2015,White (includes Hispanic),7.5
37,North Carolina,37021,Buncombe,2012,2016,Asian/Pacific Islander (includes Hispanic),
37,North Carolina,37021,Buncombe,2012,2016,Black (includes Hispanic),
37,North Carolina,37021,Buncombe,2012,2016,Hispanic (all races),
37,North Carolina,37021,Buncombe,2012,2016,American Indian/Alaskan Native (includes Hispanic),
37,North Carolina,37021,Buncombe,2012,2016,White (includes Hispanic),7.9
37,North Carolina,37021,Buncombe,2013,2017,Asian/Pacific Islander (includes Hispanic),
37,North Carolina,37021,Buncombe,2013,2017,Black (includes Hispanic),
37,North Carolina,37021,Buncombe,2013,2017,Hispanic (all races),
37,North Carolina,37021,Buncombe,2013,2017,American Indian/Alaskan Native (includes Hispanic),
37,North Carolina,37021,Buncombe,2013,2017,White (includes Hispanic),7.5
37,North Carolina,37021,Buncombe,2014,2018,Asian/Pacific Islander (includes Hispanic),
37,North Carolina,37021,Buncombe,2014,2018,Black (includes Hispanic),
37,North Carolina,37021,Buncombe,2014,2018,Hispanic (all races),
37,North Carolina,37021,Buncombe,2014,2018,American Indian/Alaskan Native (includes Hispanic),
37,North Carolina,37021,Buncombe,2014,2018,White (includes Hispanic),7.4
37,North Carolina,37021,Buncombe,2015,2019,Asian/Pacific Islander (includes Hispanic),
37,North Carolina,37021,Buncombe,2015,2019,Black (includes Hispanic),
37,North Carolina,37021,Buncombe,2015,2019,Hispanic (all races),
37,North Carolina,37021,Buncombe,2015,2019,American Indian/Alaskan Native (includes Hispanic),
37,North Carolina,37021,Buncombe,2015,2019,White (includes Hispanic),6.9
37,North Carolina,37021,Buncombe,2016,2020,Asian/Pacific Islander (includes Hispanic),
37,North Carolina,37021,Buncombe,2016,2020,Black (includes Hispanic),
37,North Carolina,37021,Buncombe,2016,2020,Hispanic (all races),
37,North Carolina,37021,Buncombe,2016,2020,American Indian/Alaskan Native (includes Hispanic),
37,North Carolina,37021,Buncombe,2016,2020,White (includes Hispanic),6.6
37,North Carolina,37023,Burke,2011,2015,Asian/Pacific Islander (includes Hispanic),
37,North Carolina,37023,Burke,2011,2015,Black (includes Hispanic),
37,North Carolina,37023,Burke,2011,2015,Hispanic (all races),
37,North Carolina,37023,Burke,2011,2015,American Indian/Alaskan Native (includes Hispanic),
37,North Carolina,37023,Burke,2011,2015,White (includes Hispanic),8.6
37,North Carolina,37023,Burke,2012,2016,Asian/Pacific Islander (includes Hispanic),
37,North Carolina,37023,Burke,2012,2016,Black (includes Hispanic),
37,North Carolina,37023,Burke,2012,2016,Hispanic (all races),
37,North Carolina,37023,Burke,2012,2016,American Indian/Alaskan Native (includes Hispanic),
37,North Carolina,37023,Burke,2012,2016,White (includes Hispanic),8.6
37,North Carolina,37023,Burke,2013,2017,Asian/Pacific Islander (includes Hispanic),
37,North Carolina,37023,Burke,2013,2017,Black (includes Hispanic),
37,North Carolina,37023,Burke,2013,2017,Hispanic (all races),
37,North Carolina,37023,Burke,2013,2017,American Indian/Alaskan Native (includes Hispanic),
37,North Carolina,37023,Burke,2013,2017,White (includes Hispanic),8.2
37,North Carolina,37023,Burke,2014,2018,Asian/Pacific Islander (includes Hispanic),
37,North Carolina,37023,Burke,2014,2018,Black (includes Hispanic),
37,North Carolina,37023,Burke,2014,2018,Hispanic (all races),
37,North Carolina,37023,Burke,2014,2018,American Indian/Alaskan Native (includes Hispanic),
37,North Carolina,37023,Burke,2014,2018,White (includes Hispanic),7.9
37,North Carolina,37023,Burke,2015,2019,Asian/Pacific Islander (includes Hispanic),
37,North Carolina,37023,Burke,2015,2019,Black (includes Hispanic),
37,North Carolina,37023,Burke,2015,2019,Hispanic (all races),
37,North Carolina,37023,Burke,2015,2019,American Indian/Alaskan Native (includes Hispanic),
37,North Carolina,37023,Burke,2015,2019,White (includes Hispanic),6.5
37,North Carolina,37023,Burke,2016,2020,Asian/Pacific Islander (includes Hispanic),
37,North Carolina,37023,Burke,2016,2020,Black (includes Hispanic),
37,North Carolina,37023,Burke,2016,2020,Hispanic (all races),
37,North Carolina,37023,Burke,2016,2020,American Indian/Alaskan Native (includes Hispanic),
37,North Carolina,37023,Burke,2016,2020,White (includes Hispanic),5.9
37,North Carolina,37025,Cabarrus,2011,2015,Asian/Pacific Islander (includes Hispanic),
37,North Carolina,37025,Cabarrus,2011,2015,Black (includes Hispanic),8.9
37,North Carolina,37025,Cabarrus,2011,2015,Hispanic (all races),13.7
37,North Carolina,37025,Cabarrus,2011,2015,American Indian/Alaskan Native (includes Hispanic),
37,North Carolina,37025,Cabarrus,2011,2015,White (includes Hispanic),6.4
37,North Carolina,37025,Cabarrus,2012,2016,Asian/Pacific Islander (includes Hispanic),
37,North Carolina,37025,Cabarrus,2012,2016,Black (includes Hispanic),8.7
37,North Carolina,37025,Cabarrus,2012,2016,Hispanic (all races),10.5
37,North Carolina,37025,Cabarrus,2012,2016,American Indian/Alaskan Native (includes Hispanic),
37,North Carolina,37025,Cabarrus,2012,2016,White (includes Hispanic),6.1
37,North Carolina,37025,Cabarrus,2013,2017,Asian/Pacific Islander (includes Hispanic),
37,North Carolina,37025,Cabarrus,2013,2017,Black (includes Hispanic),8.4
37,North Carolina,37025,Cabarrus,2013,2017,Hispanic (all races),10.5
37,North Carolina,37025,Cabarrus,2013,2017,American Indian/Alaskan Native (includes Hispanic),
37,North Carolina,37025,Cabarrus,2013,2017,White (includes Hispanic),6.4
37,North Carolina,37025,Cabarrus,2014,2018,Asian/Pacific Islander (includes Hispanic),
37,North Carolina,37025,Cabarrus,2014,2018,Black (includes Hispanic),7.9
37,North Carolina,37025,Cabarrus,2014,2018,Hispanic (all races),10.6
37,North Carolina,37025,Cabarrus,2014,2018,American Indian/Alaskan Native (includes Hispanic),
37,North Carolina,37025,Cabarrus,2014,2018,White (includes Hispanic),6.6
37,North Carolina,37025,Cabarrus,2015,2019,Asian/Pacific Islander (includes Hispanic),
37,North Carolina,37025,Cabarrus,2015,2019,Black (includes Hispanic),7.7
37,North Carolina,37025,Cabarrus,2015,2019,Hispanic (all races),11.1
37,North Carolina,37025,Cabarrus,2015,2019,American Indian/Alaskan Native (includes Hispanic),
37,North Carolina,37025,Cabarrus,2015,2019,White (includes Hispanic),6.4
37,North Carolina,37025,Cabarrus,2016,2020,Asian/Pacific Islander (includes Hispanic),
37,North Carolina,37025,Cabarrus,2016,2020,Black (includes Hispanic),7.3
37,North Carolina,37025,Cabarrus,2016,2020,Hispanic (all races),11.7
37,North Carolina,37025,Cabarrus,2016,2020,American Indian/Alaskan Native (includes Hispanic),
37,North Carolina,37025,Cabarrus,2016,2020,White (includes Hispanic),6.6
37,North Carolina,37027,Caldwell,2011,2015,Asian/Pacific Islander (includes Hispanic),
37,North Carolina,37027,Caldwell,2011,2015,Black (includes Hispanic),
37,North Carolina,37027,Caldwell,2011,2015,Hispanic (all races),
37,North Carolina,37027,Caldwell,2011,2015,American Indian/Alaskan Native (includes Hispanic),
37,North Carolina,37027,Caldwell,2011,2015,White (includes Hispanic),7.6
37,North Carolina,37027,Caldwell,2012,2016,Asian/Pacific Islander (includes Hispanic),
37,North Carolina,37027,Caldwell,2012,2016,Black (includes Hispanic),
37,North Carolina,37027,Caldwell,2012,2016,Hispanic (all races),
37,North Carolina,37027,Caldwell,2012,2016,American Indian/Alaskan Native (includes Hispanic),
37,North Carolina,37027,Caldwell,2012,2016,White (includes Hispanic),7.1
37,North Carolina,37027,Caldwell,2013,2017,Asian/Pacific Islander (includes Hispanic),
37,North Carolina,37027,Caldwell,2013,2017,Black (includes Hispanic),
37,North Carolina,37027,Caldwell,2013,2017,Hispanic (all races),
37,North Carolina,37027,Caldwell,2013,2017,American Indian/Alaskan Native (includes Hispanic),
37,North Carolina,37027,Caldwell,2013,2017,White (includes Hispanic),6.5
37,North Carolina,37027,Caldwell,2014,2018,Asian/Pacific Islander (includes Hispanic),
37,North Carolina,37027,Caldwell,2014,2018,Black (includes Hispanic),
37,North Carolina,37027,Caldwell,2014,2018,Hispanic (all races),
37,North Carolina,37027,Caldwell,2014,2018,American Indian/Alaskan Native (includes Hispanic),
37,North Carolina,37027,Caldwell,2014,2018,White (includes Hispanic),6.5
37,North Carolina,37027,Caldwell,2015,2019,Asian/Pacific Islander (includes Hispanic),
37,North Carolina,37027,Caldwell,2015,2019,Black (includes Hispanic),
37,North Carolina,37027,Caldwell,2015,2019,Hispanic (all races),
37,North Carolina,37027,Caldwell,2015,2019,American Indian/Alaskan Native (includes Hispanic),
37,North Carolina,37027,Caldwell,2015,2019,White (includes Hispanic),5.5
37,North Carolina,37027,Caldwell,2016,2020,Asian/Pacific Islander (includes Hispanic),
37,North Carolina,37027,Caldwell,2016,2020,Black (includes Hispanic),
37,North Carolina,37027,Caldwell,2016,2020,Hispanic (all races),
37,North Carolina,37027,Caldwell,2016,2020,American Indian/Alaskan Native (includes Hispanic),
37,North Carolina,37027,Caldwell,2016,2020,White (includes Hispanic),5.6
37,North Carolina,37029,Camden,2011,2015,Asian/Pacific Islander (includes Hispanic),
37,North Carolina,37029,Camden,2011,2015,Black (includes Hispanic),6.3
37,North Carolina,37029,Camden,2011,2015,Hispanic (all races),
37,North Carolina,37029,Camden,2011,2015,American Indian/Alaskan Native (includes Hispanic),
37,North Carolina,37029,Camden,2011,2015,White (includes Hispanic),4.7
37,North Carolina,37029,Camden,2012,2016,Asian/Pacific Islander (includes Hispanic),
37,North Carolina,37029,Camden,2012,2016,Black (includes Hispanic),7.4
37,North Carolina,37029,Camden,2012,2016,Hispanic (all races),
37,North Carolina,37029,Camden,2012,2016,American Indian/Alaskan Native (includes Hispanic),
37,North Carolina,37029,Camden,2012,2016,White (includes Hispanic),4.7
37,North Carolina,37029,Camden,2013,2017,Asian/Pacific Islander (includes Hispanic),
37,North Carolina,37029,Camden,2013,2017,Black (includes Hispanic),6.6
37,North Carolina,37029,Camden,2013,2017,Hispanic (all races),
37,North Carolina,37029,Camden,2013,2017,American Indian/Alaskan Native (includes Hispanic),
37,North Carolina,37029,Camden,2013,2017,White (includes Hispanic),5.4
37,North Carolina,37029,Camden,2014,2018,Asian/Pacific Islander (includes Hispanic),
37,North Carolina,37029,Camden,2014,2018,Black (includes Hispanic),7.0
37,North Carolina,37029,Camden,2014,2018,Hispanic (all races),
37,North Carolina,37029,Camden,2014,2018,American Indian/Alaskan Native (includes Hispanic),
37,North Carolina,37029,Camden,2014,2018,White (includes Hispanic),5.2
37,North Carolina,37029,Camden,2015,2019,Asian/Pacific Islander (includes Hispanic),
37,North Carolina,37029,Camden,2015,2019,Black (includes Hispanic),6.9
37,North Carolina,37029,Camden,2015,2019,Hispanic (all races),
37,North Carolina,37029,Camden,2015,2019,American Indian/Alaskan Native (includes Hispanic),
37,North Carolina,37029,Camden,2015,2019,White (includes Hispanic),6.1
37,North Carolina,37029,Camden,2016,2020,Asian/Pacific Islander (includes Hispanic),
37,North Carolina,37029,Camden,2016,2020,Black (includes Hispanic),7.5
37,North Carolina,37029,Camden,2016,2020,Hispanic (all races),
37,North Carolina,37029,Camden,2016,2020,American Indian/Alaskan Native (includes Hispanic),
37,North Carolina,37029,Camden,2016,2020,White (includes Hispanic),5.6
37,North Carolina,37031,Carteret,2011,2015,Asian/Pacific Islander (includes Hispanic),
37,North Carolina,37031,Carteret,2011,2015,Black (includes Hispanic),
37,North Carolina,37031,Carteret,2011,2015,Hispanic (all races),
37,North Carolina,37031,Carteret,2011,2015,American Indian/Alaskan Native (includes Hispanic),
37,North Carolina,37031,Carteret,2011,2015,White (includes Hispanic),7.8
37,North Carolina,37031,Carteret,2012,2016,Asian/Pacific Islander (includes Hispanic),
37,North Carolina,37031,Carteret,2012,2016,Black (includes Hispanic),
37,North Carolina,37031,Carteret,2012,2016,Hispanic (all races),
37,North Carolina,37031,Carteret,2012,2016,American Indian/Alaskan Native (includes Hispanic),
37,North Carolina,37031,Carteret,2012,2016,White (includes Hispanic),8.8
37,North Carolina,37031,Carteret,2013,2017,Asian/Pacific Islander (includes Hispanic),
37,North Carolina,37031,Carteret,2013,2017,Black (includes Hispanic),
37,North Carolina,37031,Carteret,2013,2017,Hispanic (all races),
37,North Carolina,37031,Carteret,2013,2017,American Indian/Alaskan Native (includes Hispanic),
37,North Carolina,37031,Carteret,2013,2017,White (includes Hispanic),8.7
37,North Carolina,37031,Carteret,2014,2018,Asian/Pacific Islander (includes Hispanic),
37,North Carolina,37031,Carteret,2014,2018,Black (includes Hispanic),
37,North Carolina,37031,Carteret,2014,2018,Hispanic (all races),
37,North Carolina,37031,Carteret,2014,2018,American Indian/Alaskan Native (includes Hispanic),
37,North Carolina,37031,Carteret,2014,2018,White (includes Hispanic),10.4
37,North Carolina,37031,Carteret,2015,2019,Asian/Pacific Islander (includes Hispanic),
37,North Carolina,37031,Carteret,2015,2019,Black (includes Hispanic),12.5
37,North Carolina,37031,Carteret,2015,2019,Hispanic (all races),
37,North Carolina,37031,Carteret,2015,2019,American Indian/Alaskan Native (includes Hispanic),
37,North Carolina,37031,Carteret,2015,2019,White (includes Hispanic),10.5
37,North Carolina,37031,Carteret,2016,2020,Asian/Pacific Islander (includes Hispanic),
37,North Carolina,37031,Carteret,2016,2020,Black (includes Hispanic),
37,North Carolina,37031,Carteret,2016,2020,Hispanic (all races),
37,North Carolina,37031,Carteret,2016,2020,American Indian/Alaskan Native (includes Hispanic),
37,North Carolina,37031,Carteret,2016,2020,White (includes Hispanic),9.9
37,North Carolina,37033,Caswell,2011,2015,Asian/Pacific Islander (includes Hispanic),
37,North Carolina,37033,Caswell,2011,2015,Black (includes Hispanic),9.4
37,North Carolina,37033,Caswell,2011,2015,Hispanic (all races),
37,North Carolina,37033,Caswell,2011,2015,American Indian/Alaskan Native (includes Hispanic),
37,North Carolina,37033,Caswell,2011,2015,White (includes Hispanic),6.9
37,North Carolina,37033,Caswell,2012,2016,Asian/Pacific Islander (includes Hispanic),
37,North Carolina,37033,Caswell,2012,2016,Black (includes Hispanic),9.6
37,North Carolina,37033,Caswell,2012,2016,Hispanic (all races),
37,North Carolina,37033,Caswell,2012,2016,American Indian/Alaskan Native (includes Hispanic),
37,North Carolina,37033,Caswell,2012,2016,White (includes Hispanic),7.7
37,North Carolina,37033,Caswell,2013,2017,Asian/Pacific Islander (includes Hispanic),
37,North Carolina,37033,Caswell,2013,2017,Black (includes Hispanic),9.3
37,North Carolina,37033,Caswell,2013,2017,Hispanic (all races),
37,North Carolina,37033,Caswell,2013,2017,American Indian/Alaskan Native (includes Hispanic),
37,North Carolina,37033,Caswell,2013,2017,White (includes Hispanic),8.0
37,North Carolina,37033,Caswell,2014,2018,Asian/Pacific Islander (includes Hispanic),
37,North Carolina,37033,Caswell,2014,2018,Black (includes Hispanic),9.8
37,North Carolina,37033,Caswell,2014,2018,Hispanic (all races),
37,North Carolina,37033,Caswell,2014,2018,American Indian/Alaskan Native (includes Hispanic),
37,North Carolina,37033,Caswell,2014,2018,White (includes Hispanic),7.6
37,North Carolina,37033,Caswell,2015,2019,Asian/Pacific Islander (includes Hispanic),
37,North Carolina,37033,Caswell,2015,2019,Black (includes Hispanic),9.3
37,North Carolina,37033,Caswell,2015,2019,Hispanic (all races),
37,North Carolina,37033,Caswell,2015,2019,American Indian/Alaskan Native (includes Hispanic),
37,North Carolina,37033,Caswell,2015,2019,White (includes Hispanic),7.1
37,North Carolina,37033,Caswell,2016,2020,Asian/Pacific Islander (includes Hispanic),
37,North Carolina,37033,Caswell,2016,2020,Black (includes Hispanic),7.3
37,North Carolina,37033,Caswell,2016,2020,Hispanic (all races),
37,North Carolina,37033,Caswell,2016,2020,American Indian/Alaskan Native (includes Hispanic),
37,North Carolina,37033,Caswell,2016,2020,White (includes Hispanic),7.6
37,North Carolina,37035,Catawba,2011,2015,Asian/Pacific Islander (includes Hispanic),
37,North Carolina,37035,Catawba,2011,2015,Black (includes Hispanic),
37,North Carolina,37035,Catawba,2011,2015,Hispanic (all races),
37,North Carolina,37035,Catawba,2011,2015,American Indian/Alaskan Native (includes Hispanic),
37,North Carolina,37035,Catawba,2011,2015,White (includes Hispanic),8.4
37,North Carolina,37035,Catawba,2012,2016,Asian/Pacific Islander (includes Hispanic),
37,North Carolina,37035,Catawba,2012,2016,Black (includes Hispanic),
37,North Carolina,37035,Catawba,2012,2016,Hispanic (all races),
37,North Carolina,37035,Catawba,2012,2016,American Indian/Alaskan Native (includes Hispanic),
37,North Carolina,37035,Catawba,2012,2016,White (includes Hispanic),8.4
37,North Carolina,37035,Catawba,2013,2017,Asian/Pacific Islander (includes Hispanic),
37,North Carolina,37035,Catawba,2013,2017,Black (includes Hispanic),
37,North Carolina,37035,Catawba,2013,2017,Hispanic (all races),
37,North Carolina,37035,Catawba,2013,2017,American Indian/Alaskan Native (includes Hispanic),
37,North Carolina,37035,Catawba,2013,2017,White (includes Hispanic),7.9
37,North Carolina,37035,Catawba,2014,2018,Asian/Pacific Islander (includes Hispanic),
37,North Carolina,37035,Catawba,2014,2018,Black (includes Hispanic),
37,North Carolina,37035,Catawba,2014,2018,Hispanic (all races),
37,North Carolina,37035,Catawba,2014,2018,American Indian/Alaskan Native (includes Hispanic),
37,North Carolina,37035,Catawba,2014,2018,White (includes Hispanic),7.9
37,North Carolina,37035,Catawba,2015,2019,Asian/Pacific Islander (includes Hispanic),
37,North Carolina,37035,Catawba,2015,2019,Black (includes Hispanic),
37,North Carolina,37035,Catawba,2015,2019,Hispanic (all races),
37,North Carolina,37035,Catawba,2015,2019,American Indian/Alaskan Native (includes Hispanic),
37,North Carolina,37035,Catawba,2015,2019,White (includes Hispanic),6.8
37,North Carolina,37035,Catawba,2016,2020,Asian/Pacific Islander (includes Hispanic),
37,North Carolina,37035,Catawba,2016,2020,Black (includes Hispanic),
37,North Carolina,37035,Catawba,2016,2020,Hispanic (all races),
37,North Carolina,37035,Catawba,2016,2020,American Indian/Alaskan Native (includes Hispanic),
37,North Carolina,37035,Catawba,2016,2020,White (includes Hispanic),6.2
37,North Carolina,37037,Chatham,2011,2015,Asian/Pacific Islander (includes Hispanic),
37,North Carolina,37037,Chatham,2011,2015,Black (includes Hispanic),9.2
37,North Carolina,37037,Chatham,2011,2015,Hispanic (all races),9.9
37,North Carolina,37037,Chatham,2011,2015,American Indian/Alaskan Native (includes Hispanic),
37,North Carolina,37037,Chatham,2011,2015,White (includes Hispanic),6.5
37,North Carolina,37037,Chatham,2012,2016,Asian/Pacific Islander (includes Hispanic),
37,North Carolina,37037,Chatham,2012,2016,Black (includes Hispanic),8.5
37,North Carolina,37037,Chatham,2012,2016,Hispanic (all races),10.5
37,North Carolina,37037,Chatham,2012,2016,American Indian/Alaskan Native (includes Hispanic),
37,North Carolina,37037,Chatham,2012,2016,White (includes Hispanic),6.7
37,North Carolina,37037,Chatham,2013,2017,Asian/Pacific Islander (includes Hispanic),
37,North Carolina,37037,Chatham,2013,2017,Black (includes Hispanic),8.0
37,North Carolina,37037,Chatham,2013,2017,Hispanic (all races),8.1
37,North Carolina,37037,Chatham,2013,2017,American Indian/Alaskan Native (includes Hispanic),
37,North Carolina,37037,Chatham,2013,2017,White (includes Hispanic),6.1
37,North Carolina,37037,Chatham,2014,2018,Asian/Pacific Islander (includes Hispanic),
37,North Carolina,37037,Chatham,2014,2018,Black (includes Hispanic),8.2
37,North Carolina,37037,Chatham,2014,2018,Hispanic (all races),10.7
37,North Carolina,37037,Chatham,2014,2018,American Indian/Alaskan Native (includes Hispanic),
37,North Carolina,37037,Chatham,2014,2018,White (includes Hispanic),5.6
37,North Carolina,37037,Chatham,2015,2019,Asian/Pacific Islander (includes Hispanic),
37,North Carolina,37037,Chatham,2015,2019,Black (includes Hispanic),7.4
37,North Carolina,37037,Chatham,2015,2019,Hispanic (all races),11.2
37,North Carolina,37037,Chatham,2015,2019,American Indian/Alaskan Native (includes Hispanic),
37,North Carolina,37037,Chatham,2015,2019,White (includes Hispanic),5.5
37,North Carolina,37037,Chatham,2016,2020,Asian/Pacific Islander (includes Hispanic),
37,North Carolina,37037,Chatham,2016,2020,Black (includes Hispanic),6.0
37,North Carolina,37037,Chatham,2016,2020,Hispanic (all races),11.3
37,North Carolina,37037,Chatham,2016,2020,American Indian/Alaskan Native (includes Hispanic),
37,North Carolina,37037,Chatham,2016,2020,White (includes Hispanic),5.4
37,North Carolina,37039,Cherokee,2011,2015,Asian/Pacific Islander (includes Hispanic),
37,North Carolina,37039,Cherokee,2011,2015,Black (includes Hispanic),
37,North Carolina,37039,Cherokee,2011,2015,Hispanic (all races),
37,North Carolina,37039,Cherokee,2011,2015,American Indian/Alaskan Native (includes Hispanic),
37,North Carolina,37039,Cherokee,2011,2015,White (includes Hispanic),10.8
37,North Carolina,37039,Cherokee,2012,2016,Asian/Pacific Islander (includes Hispanic),
37,North Carolina,37039,Cherokee,2012,2016,Black (includes Hispanic),
37,North Carolina,37039,Cherokee,2012,2016,Hispanic (all races),
37,North Carolina,37039,Cherokee,2012,2016,American Indian/Alaskan Native (includes Hispanic),
37,North Carolina,37039,Cherokee,2012,2016,White (includes Hispanic),10.1
37,North Carolina,37039,Cherokee,2013,2017,Asian/Pacific Islander (includes Hispanic),
37,North Carolina,37039,Cherokee,2013,2017,Black (includes Hispanic),
37,North Carolina,37039,Cherokee,2013,2017,Hispanic (all races),
37,North Carolina,37039,Cherokee,2013,2017,American Indian/Alaskan Native (includes Hispanic),
37,North Carolina,37039,Cherokee,2013,2017,White (includes Hispanic),7.3
37,North Carolina,37039,Cherokee,2014,2018,Asian/Pacific Islander (includes Hispanic),
37,North Carolina,37039,Cherokee,2014,2018,Black (includes Hispanic),
37,North Carolina,37039,Cherokee,2014,2018,Hispanic (all races),
37,North Carolina,37039,Cherokee,2014,2018,American Indian/Alaskan Native (includes Hispanic),
37,North Carolina,37039,Cherokee,2014,2018,White (includes Hispanic),7.7
37,North Carolina,37039,Cherokee,2015,2019,Asian/Pacific Islander (includes Hispanic),
37,North Carolina,37039,Cherokee,2015,2019,Black (includes Hispanic),
37,North Carolina,37039,Cherokee,2015,2019,Hispanic (all races),
37,North Carolina,37039,Cherokee,2015,2019,American Indian/Alaskan Native (includes Hispanic),
37,North Carolina,37039,Cherokee,2015,2019,White (includes Hispanic),5.1
37,North Carolina,37039,Cherokee,2016,2020,Asian/Pacific Islander (includes Hispanic),
37,North Carolina,37039,Cherokee,2016,2020,Black (includes Hispanic),
37,North Carolina,37039,Cherokee,2016,2020,Hispanic (all races),
37,North Carolina,37039,Cherokee,2016,2020,American Indian/Alaskan Native (includes Hispanic),
37,North Carolina,37039,Cherokee,2016,2020,White (includes Hispanic),4.8
37,North Carolina,37041,Chowan,2011,2015,Asian/Pacific Islander (includes Hispanic),
37,North Carolina,37041,Chowan,2011,2015,Black (includes Hispanic),
37,North Carolina,37041,Chowan,2011,2015,Hispanic (all races),
37,North Carolina,37041,Chowan,2011,2015,American Indian/Alaskan Native (includes Hispanic),
37,North Carolina,37041,Chowan,2011,2015,White (includes Hispanic),
37,North Carolina,37041,Chowan,2012,2016,Asian/Pacific Islander (includes Hispanic),
37,North Carolina,37041,Chowan,2012,2016,Black (includes Hispanic),
37,North Carolina,37041,Chowan,2012,2016,Hispanic (all races),
37,North Carolina,37041,Chowan,2012,2016,American Indian/Alaskan Native (includes Hispanic),
37,North Carolina,37041,Chowan,2012,2016,White (includes Hispanic),
37,North Carolina,37041,Chowan,2013,2017,Asian/Pacific Islander (includes Hispanic),
37,North Carolina,37041,Chowan,2013,2017,Black (includes Hispanic),
37,North Carolina,37041,Chowan,2013,2017,Hispanic (all races),
37,North Carolina,37041,Chowan,2013,2017,American Indian/Alaskan Native (includes Hispanic),
37,North Carolina,37041,Chowan,2013,2017,White (includes Hispanic),
37,North Carolina,37041,Chowan,2014,2018,Asian/Pacific Islander (includes Hispanic),
37,North Carolina,37041,Chowan,2014,2018,Black (includes Hispanic),
37,North Carolina,37041,Chowan,2014,2018,Hispanic (all races),
37,North Carolina,37041,Chowan,2014,2018,American Indian/Alaskan Native (includes Hispanic),
37,North Carolina,37041,Chowan,2014,2018,White (includes Hispanic),
37,North Carolina,37041,Chowan,2015,2019,Asian/Pacific Islander (includes Hispanic),
37,North Carolina,37041,Chowan,2015,2019,Black (includes Hispanic),
37,North Carolina,37041,Chowan,2015,2019,Hispanic (all races),
37,North Carolina,37041,Chowan,2015,2019,American Indian/Alaskan Native (includes Hispanic),
37,North Carolina,37041,Chowan,2015,2019,White (includes Hispanic),
37,North Carolina,37041,Chowan,2016,2020,Asian/Pacific Islander (includes Hispanic),
37,North Carolina,37041,Chowan,2016,2020,Black (includes Hispanic),
37,North Carolina,37041,Chowan,2016,2020,Hispanic (all races),
37,North Carolina,37041,Chowan,2016,2020,American Indian/Alaskan Native (includes Hispanic),
37,North Carolina,37041,Chowan,2016,2020,White (includes Hispanic),
37,North Carolina,37043,Clay,2011,2015,Asian/Pacific Islander (includes Hispanic),
37,North Carolina,37043,Clay,2011,2015,Black (includes Hispanic),
37,North Carolina,37043,Clay,2011,2015,Hispanic (all races),
37,North Carolina,37043,Clay,2011,2015,American Indian/Alaskan Native (includes Hispanic),
37,North Carolina,37043,Clay,2011,2015,White (includes Hispanic),8.8
37,North Carolina,37043,Clay,2012,2016,Asian/Pacific Islander (includes Hispanic),
37,North Carolina,37043,Clay,2012,2016,Black (includes Hispanic),
37,North Carolina,37043,Clay,2012,2016,Hispanic (all races),
37,North Carolina,37043,Clay,2012,2016,American Indian/Alaskan Native (includes Hispanic),
37,North Carolina,37043,Clay,2012,2016,White (includes Hispanic),8.7
37,North Carolina,37043,Clay,2013,2017,Asian/Pacific Islander (includes Hispanic),
37,North Carolina,37043,Clay,2013,2017,Black (includes Hispanic),
37,North Carolina,37043,Clay,2013,2017,Hispanic (all races),
37,North Carolina,37043,Clay,2013,2017,American Indian/Alaskan Native (includes Hispanic),
37,North Carolina,37043,Clay,2013,2017,White (includes Hispanic),6.0
37,North Carolina,37043,Clay,2014,2018,Asian/Pacific Islander (includes Hispanic),
37,North Carolina,37043,Clay,2014,2018,Black (includes Hispanic),
37,North Carolina,37043,Clay,2014,2018,Hispanic (all races),
37,North Carolina,37043,Clay,2014,2018,American Indian/Alaskan Native (includes Hispanic),
37,North Carolina,37043,Clay,2014,2018,White (includes Hispanic),6.8
37,North Carolina,37043,Clay,2015,2019,Asian/Pacific Islander (includes Hispanic),
37,North Carolina,37043,Clay,2015,2019,Black (includes Hispanic),
37,North Carolina,37043,Clay,2015,2019,Hispanic (all races),
37,North Carolina,37043,Clay,2015,2019,American Indian/Alaskan Native (includes Hispanic),
37,North Carolina,37043,Clay,2015,2019,White (includes Hispanic),6.4
37,North Carolina,37043,Clay,2016,2020,Asian/Pacific Islander (includes Hispanic),
37,North Carolina,37043,Clay,2016,2020,Black (includes Hispanic),
37,North Carolina,37043,Clay,2016,2020,Hispanic (all races),
37,North Carolina,37043,Clay,2016,2020,American Indian/Alaskan Native (includes Hispanic),
37,North Carolina,37043,Clay,2016,2020,White (includes Hispanic),5.0
37,North Carolina,37045,Cleveland,2011,2015,Asian/Pacific Islander (includes Hispanic),
37,North Carolina,37045,Cleveland,2011,2015,Black (includes Hispanic),8.0
37,North Carolina,37045,Cleveland,2011,2015,Hispanic (all races),
37,North Carolina,37045,Cleveland,2011,2015,American Indian/Alaskan Native (includes Hispanic),
37,North Carolina,37045,Cleveland,2011,2015,White (includes Hispanic),8.1
37,North Carolina,37045,Cleveland,2012,2016,Asian/Pacific Islander (includes Hispanic),
37,North Carolina,37045,Cleveland,2012,2016,Black (includes Hispanic),7.2
37,North Carolina,37045,Cleveland,2012,2016,Hispanic (all races),
37,North Carolina,37045,Cleveland,2012,2016,American Indian/Alaskan Native (includes Hispanic),
37,North Carolina,37045,Cleveland,2012,2016,White (includes Hispanic),8.3
37,North Carolina,37045,Cleveland,2013,2017,Asian/Pacific Islander (includes Hispanic),
37,North Carolina,37045,Cleveland,2013,2017,Black (includes Hispanic),6.9
37,North Carolina,37045,Cleveland,2013,2017,Hispanic (all races),
37,North Carolina,37045,Cleveland,2013,2017,American Indian/Alaskan Native (includes Hispanic),
37,North Carolina,37045,Cleveland,2013,2017,White (includes Hispanic),8.4
37,North Carolina,37045,Cleveland,2014,2018,Asian/Pacific Islander (includes Hispanic),
37,North Carolina,37045,Cleveland,2014,2018,Black (includes Hispanic),6.8
37,North Carolina,37045,Cleveland,2014,2018,Hispanic (all races),
37,North Carolina,37045,Cleveland,2014,2018,American Indian/Alaskan Native (includes Hispanic),
37,North Carolina,37045,Cleveland,2014,2018,White (includes Hispanic),8.5
37,North Carolina,37045,Cleveland,2015,2019,Asian/Pacific Islander (includes Hispanic),
37,North Carolina,37045,Cleveland,2015,2019,Black (includes Hispanic),6.4
37,North Carolina,37045,Cleveland,2015,2019,Hispanic (all races),
37,North Carolina,37045,Cleveland,2015,2019,American Indian/Alaskan Native (includes Hispanic),
37,North Carolina,37045,Cleveland,2015,2019,White (includes Hispanic),8.6
37,North Carolina,37045,Cleveland,2016,2020,Asian/Pacific Islander (includes Hispanic),
37,North Carolina,37045,Cleveland,2016,2020,Black (includes Hispanic),6.4
37,North Carolina,37045,Cleveland,2016,2020,Hispanic (all races),
37,North Carolina,37045,Cleveland,2016,2020,American Indian/Alaskan Native (includes Hispanic),
37,North Carolina,37045,Cleveland,2016,2020,White (includes Hispanic),8.0
37,North Carolina,37047,Columbus,2011,2015,Asian/Pacific Islander (includes Hispanic),
37,North Carolina,37047,Columbus,2011,2015,Black (includes Hispanic),10.1
37,North Carolina,37047,Columbus,2011,2015,Hispanic (all races),
37,North Carolina,37047,Columbus,2011,2015,American Indian/Alaskan Native (includes Hispanic),
37,North Carolina,37047,Columbus,2011,2015,White (includes Hispanic),8.9
37,North Carolina,37047,Columbus,2012,2016,Asian/Pacific Islander (includes Hispanic),
37,North Carolina,37047,Columbus,2012,2016,Black (includes Hispanic),11.9
37,North Carolina,37047,Columbus,2012,2016,Hispanic (all races),
37,North Carolina,37047,Columbus,2012,2016,American Indian/Alaskan Native (includes Hispanic),
37,North Carolina,37047,Columbus,2012,2016,White (includes Hispanic),9.0
37,North Carolina,37047,Columbus,2013,2017,Asian/Pacific Islander (includes Hispanic),
37,North Carolina,37047,Columbus,2013,2017,Black (includes Hispanic),12.4
37,North Carolina,37047,Columbus,2013,2017,Hispanic (all races),
37,North Carolina,37047,Columbus,2013,2017,American Indian/Alaskan Native (includes Hispanic),
37,North Carolina,37047,Columbus,2013,2017,White (includes Hispanic),9.5
37,North Carolina,37047,Columbus,2014,2018,Asian/Pacific Islander (includes Hispanic),
37,North Carolina,37047,Columbus,2014,2018,Black (includes Hispanic),11.7
37,North Carolina,37047,Columbus,2014,2018,Hispanic (all races),
37,North Carolina,37047,Columbus,2014,2018,American Indian/Alaskan Native (includes Hispanic),
37,North Carolina,37047,Columbus,2014,2018,White (includes Hispanic),8.5
37,North Carolina,37047,Columbus,2015,2019,Asian/Pacific Islander (includes Hispanic),
37,North Carolina,37047,Columbus,2015,2019,Black (includes Hispanic),11.2
37,North Carolina,37047,Columbus,2015,2019,Hispanic (all races),
37,North Carolina,37047,Columbus,2015,2019,American Indian/Alaskan Native (includes Hispanic),
37,North Carolina,37047,Columbus,2015,2019,White (includes Hispanic),9.2
37,North Carolina,37047,Columbus,2016,2020,Asian/Pacific Islander (includes Hispanic),
37,North Carolina,37047,Columbus,2016,2020,Black (includes Hispanic),9.7
37,North Carolina,37047,Columbus,2016,2020,Hispanic (all races),
37,North Carolina,37047,Columbus,2016,2020,American Indian/Alaskan Native (includes Hispanic),
37,North Carolina,37047,Columbus,2016,2020,White (includes Hispanic),9.5
37,North Carolina,37049,Craven,2011,2015,Asian/Pacific Islander (includes Hispanic),
37,North Carolina,37049,Craven,2011,2015,Black (includes Hispanic),10.0
37,North Carolina,37049,Craven,2011,2015,Hispanic (all races),
37,North Carolina,37049,Craven,2011,2015,American Indian/Alaskan Native (includes Hispanic),
37,North Carolina,37049,Craven,2011,2015,White (includes Hispanic),6.9
37,North Carolina,37049,Craven,2012,2016,Asian/Pacific Islander (includes Hispanic),
37,North Carolina,37049,Craven,2012,2016,Black (includes Hispanic),9.9
37,North Carolina,37049,Craven,2012,2016,Hispanic (all races),
37,North Carolina,37049,Craven,2012,2016,American Indian/Alaskan Native (includes Hispanic),
37,North Carolina,37049,Craven,2012,2016,White (includes Hispanic),7.4
37,North Carolina,37049,Craven,2013,2017,Asian/Pacific Islander (includes Hispanic),
37,North Carolina,37049,Craven,2013,2017,Black (includes Hispanic),9.2
37,North Carolina,37049,Craven,2013,2017,Hispanic (all races),
37,North Carolina,37049,Craven,2013,2017,American Indian/Alaskan Native (includes Hispanic),
37,North Carolina,37049,Craven,2013,2017,White (includes Hispanic),7.9
37,North Carolina,37049,Craven,2014,2018,Asian/Pacific Islander (includes Hispanic),
37,North Carolina,37049,Craven,2014,2018,Black (includes Hispanic),7.7
37,North Carolina,37049,Craven,2014,2018,Hispanic (all races),
37,North Carolina,37049,Craven,2014,2018,American Indian/Alaskan Native (includes Hispanic),
37,North Carolina,37049,Craven,2014,2018,White (includes Hispanic),9.0
37,North Carolina,37049,Craven,2015,2019,Asian/Pacific Islander (includes Hispanic),
37,North Carolina,37049,Craven,2015,2019,Black (includes Hispanic),6.7
37,North Carolina,37049,Craven,2015,2019,Hispanic (all races),
37,North Carolina,37049,Craven,2015,2019,American Indian/Alaskan Native (includes Hispanic),
37,North Carolina,37049,Craven,2015,2019,White (includes Hispanic),10.1
37,North Carolina,37049,Craven,2016,2020,Asian/Pacific Islander (includes Hispanic),
37,North Carolina,37049,Craven,2016,2020,Black (includes Hispanic),6.7
37,North Carolina,37049,Craven,2016,2020,Hispanic (all races),
37,North Carolina,37049,Craven,2016,2020,American Indian/Alaskan Native (includes Hispanic),
37,North Carolina,37049,Craven,2016,2020,White (includes Hispanic),10.6
37,North Carolina,37051,Cumberland,2011,2015,Asian/Pacific Islander (includes Hispanic),
37,North Carolina,37051,Cumberland,2011,2015,Black (includes Hispanic),8.0
37,North Carolina,37051,Cumberland,2011,2015,Hispanic (all races),
37,North Carolina,37051,Cumberland,2011,2015,American Indian/Alaskan Native (includes Hispanic),
37,North Carolina,37051,Cumberland,2011,2015,White (includes Hispanic),9.7
37,North Carolina,37051,Cumberland,2012,2016,Asian/Pacific Islander (includes Hispanic),
37,North Carolina,37051,Cumberland,2012,2016,Black (includes Hispanic),7.7
37,North Carolina,37051,Cumberland,2012,2016,Hispanic (all races),17.3
37,North Carolina,37051,Cumberland,2012,2016,American Indian/Alaskan Native (includes Hispanic),
37,North Carolina,37051,Cumberland,2012,2016,White (includes Hispanic),10.1
37,North Carolina,37051,Cumberland,2013,2017,Asian/Pacific Islander (includes Hispanic),
37,North Carolina,37051,Cumberland,2013,2017,Black (includes Hispanic),8.3
37,North Carolina,37051,Cumberland,2013,2017,Hispanic (all races),19.5
37,North Carolina,37051,Cumberland,2013,2017,American Indian/Alaskan Native (includes Hispanic),
37,North Carolina,37051,Cumberland,2013,2017,White (includes Hispanic),9.6
37,North Carolina,37051,Cumberland,2014,2018,Asian/Pacific Islander (includes Hispanic),
37,North Carolina,37051,Cumberland,2014,2018,Black (includes Hispanic),8.3
37,North Carolina,37051,Cumberland,2014,2018,Hispanic (all races),19.6
37,North Carolina,37051,Cumberland,2014,2018,American Indian/Alaskan Native (includes Hispanic),9.0
37,North Carolina,37051,Cumberland,2014,2018,White (includes Hispanic),9.6
37,North Carolina,37051,Cumberland,2015,2019,Asian/Pacific Islander (includes Hispanic),
37,North Carolina,37051,Cumberland,2015,2019,Black (includes Hispanic),8.6
37,North Carolina,37051,Cumberland,2015,2019,Hispanic (all races),19.2
37,North Carolina,37051,Cumberland,2015,2019,American Indian/Alaskan Native (includes Hispanic),10.5
37,North Carolina,37051,Cumberland,2015,2019,White (includes Hispanic),9.0
37,North Carolina,37051,Cumberland,2016,2020,Asian/Pacific Islander (includes Hispanic),
37,North Carolina,37051,Cumberland,2016,2020,Black (includes Hispanic),8.4
37,North Carolina,37051,Cumberland,2016,2020,Hispanic (all races),17.6
37,North Carolina,37051,Cumberland,2016,2020,American Indian/Alaskan Native (includes Hispanic),10.4
37,North Carolina,37051,Cumberland,2016,2020,White (includes Hispanic),8.8
37,North Carolina,37053,Currituck,2011,2015,Asian/Pacific Islander (includes Hispanic),
37,North Carolina,37053,Currituck,2011,2015,Black (includes Hispanic),6.5
37,North Carolina,37053,Currituck,2011,2015,Hispanic (all races),
37,North Carolina,37053,Currituck,2011,2015,American Indian/Alaskan Native (includes Hispanic),
37,North Carolina,37053,Currituck,2011,2015,White (includes Hispanic),4.5
37,North Carolina,37053,Currituck,2012,2016,Asian/Pacific Islander (includes Hispanic),
37,North Carolina,37053,Currituck,2012,2016,Black (includes Hispanic),4.7
37,North Carolina,37053,Currituck,2012,2016,Hispanic (all races),
37,North Carolina,37053,Currituck,2012,2016,American Indian/Alaskan Native (includes Hispanic),
37,North Carolina,37053,Currituck,2012,2016,White (includes Hispanic),4.8
37,North Carolina,37053,Currituck,2013,2017,Asian/Pacific Islander (includes Hispanic),
37,North Carolina,37053,Currituck,2013,2017,Black (includes Hispanic),4.9
37,North Carolina,37053,Currituck,2013,2017,Hispanic (all races),
37,North Carolina,37053,Currituck,2013,2017,American Indian/Alaskan Native (includes Hispanic),
37,North Carolina,37053,Currituck,2013,2017,White (includes Hispanic),4.8
37,North Carolina,37053,Currituck,2014,2018,Asian/Pacific Islander (includes Hispanic),
37,North Carolina,37053,Currituck,2014,2018,Black (includes Hispanic),5.3
37,North Carolina,37053,Currituck,2014,2018,Hispanic (all races),
37,North Carolina,37053,Currituck,2014,2018,American Indian/Alaskan Native (includes Hispanic),
37,North Carolina,37053,Currituck,2014,2018,White (includes Hispanic),5.2
37,North Carolina,37053,Currituck,2015,2019,Asian/Pacific Islander (includes Hispanic),
37,North Carolina,37053,Currituck,2015,2019,Black (includes Hispanic),6.2
37,North Carolina,37053,Currituck,2015,2019,Hispanic (all races),
37,North Carolina,37053,Currituck,2015,2019,American Indian/Alaskan Native (includes Hispanic),
37,North Carolina,37053,Currituck,2015,2019,White (includes Hispanic),6.2
37,North Carolina,37053,Currituck,2016,2020,Asian/Pacific Islander (includes Hispanic),
37,North Carolina,37053,Currituck,2016,2020,Black (includes Hispanic),6.0
37,North Carolina,37053,Currituck,2016,2020,Hispanic (all races),
37,North Carolina,37053,Currituck,2016,2020,American Indian/Alaskan Native (includes Hispanic),
37,North Carolina,37053,Currituck,2016,2020,White (includes Hispanic),6.3
37,North Carolina,37055,Dare,2011,2015,Asian/Pacific Islander (includes Hispanic),
37,North Carolina,37055,Dare,2011,2015,Black (includes Hispanic),
37,North Carolina,37055,Dare,2011,2015,Hispanic (all races),
37,North Carolina,37055,Dare,2011,2015,American Indian/Alaskan Native (includes Hispanic),
37,North Carolina,37055,Dare,2011,2015,White (includes Hispanic),
37,North Carolina,37055,Dare,2012,2016,Asian/Pacific Islander (includes Hispanic),
37,North Carolina,37055,Dare,2012,2016,Black (includes Hispanic),
37,North Carolina,37055,Dare,2012,2016,Hispanic (all races),
37,North Carolina,37055,Dare,2012,2016,American Indian/Alaskan Native (includes Hispanic),
37,North Carolina,37055,Dare,2012,2016,White (includes Hispanic),
37,North Carolina,37055,Dare,2013,2017,Asian/Pacific Islander (includes Hispanic),
37,North Carolina,37055,Dare,2013,2017,Black (includes Hispanic),
37,North Carolina,37055,Dare,2013,2017,Hispanic (all races),
37,North Carolina,37055,Dare,2013,2017,American Indian/Alaskan Native (includes Hispanic),
37,North Carolina,37055,Dare,2013,2017,White (includes Hispanic),
37,North Carolina,37055,Dare,2014,2018,Asian/Pacific Islander (includes Hispanic),
37,North Carolina,37055,Dare,2014,2018,Black (includes Hispanic),
37,North Carolina,37055,Dare,2014,2018,Hispanic (all races),
37,North Carolina,37055,Dare,2014,2018,American Indian/Alaskan Native (includes Hispanic),
37,North Carolina,37055,Dare,2014,2018,White (includes Hispanic),
37,North Carolina,37055,Dare,2015,2019,Asian/Pacific Islander (includes Hispanic),
37,North Carolina,37055,Dare,2015,2019,Black (includes Hispanic),
37,North Carolina,37055,Dare,2015,2019,Hispanic (all races),
37,North Carolina,37055,Dare,2015,2019,American Indian/Alaskan Native (includes Hispanic),
37,North Carolina,37055,Dare,2015,2019,White (includes Hispanic),
37,North Carolina,37055,Dare,2016,2020,Asian/Pacific Islander (includes Hispanic),
37,North Carolina,37055,Dare,2016,2020,Black (includes Hispanic),
37,North Carolina,37055,Dare,2016,2020,Hispanic (all races),
37,North Carolina,37055,Dare,2016,2020,American Indian/Alaskan Native (includes Hispanic),
37,North Carolina,37055,Dare,2016,2020,White (includes Hispanic),
37,North Carolina,37057,Davidson,2011,2015,Asian/Pacific Islander (includes Hispanic),
37,North Carolina,37057,Davidson,2011,2015,Black (includes Hispanic),7.8
37,North Carolina,37057,Davidson,2011,2015,Hispanic (all races),
37,North Carolina,37057,Davidson,2011,2015,American Indian/Alaskan Native (includes Hispanic),
37,North Carolina,37057,Davidson,2011,2015,White (includes Hispanic),7.0
37,North Carolina,37057,Davidson,2012,2016,Asian/Pacific Islander (includes Hispanic),
37,North Carolina,37057,Davidson,2012,2016,Black (includes Hispanic),7.4
37,North Carolina,37057,Davidson,2012,2016,Hispanic (all races),
37,North Carolina,37057,Davidson,2012,2016,American Indian/Alaskan Native (includes Hispanic),
37,North Carolina,37057,Davidson,2012,2016,White (includes Hispanic),7.2
37,North Carolina,37057,Davidson,2013,2017,Asian/Pacific Islander (includes Hispanic),
37,North Carolina,37057,Davidson,2013,2017,Black (includes Hispanic),6.1
37,North Carolina,37057,Davidson,2013,2017,Hispanic (all races),
37,North Carolina,37057,Davidson,2013,2017,American Indian/Alaskan Native (includes Hispanic),
37,North Carolina,37057,Davidson,2013,2017,White (includes Hispanic),7.6
37,North Carolina,37057,Davidson,2014,2018,Asian/Pacific Islander (includes Hispanic),
37,North Carolina,37057,Davidson,2014,2018,Black (includes Hispanic),5.5
37,North Carolina,37057,Davidson,2014,2018,Hispanic (all races),
37,North Carolina,37057,Davidson,2014,2018,American Indian/Alaskan Native (includes Hispanic),
37,North Carolina,37057,Davidson,2014,2018,White (includes Hispanic),7.5
37,North Carolina,37057,Davidson,2015,2019,Asian/Pacific Islander (includes Hispanic),
37,North Carolina,37057,Davidson,2015,2019,Black (includes Hispanic),6.0
37,North Carolina,37057,Davidson,2015,2019,Hispanic (all races),
37,North Carolina,37057,Davidson,2015,2019,American Indian/Alaskan Native (includes Hispanic),
37,North Carolina,37057,Davidson,2015,2019,White (includes Hispanic),7.0
37,North Carolina,37057,Davidson,2016,2020,Asian/Pacific Islander (includes Hispanic),
37,North Carolina,37057,Davidson,2016,2020,Black (includes Hispanic),6.9
37,North Carolina,37057,Davidson,2016,2020,Hispanic (all races),
37,North Carolina,37057,Davidson,2016,2020,American Indian/Alaskan Native (includes Hispanic),
37,North Carolina,37057,Davidson,2016,2020,White (includes Hispanic),6.7
37,North Carolina,37059,Davie,2011,2015,Asian/Pacific Islander (includes Hispanic),
37,North Carolina,37059,Davie,2011,2015,Black (includes Hispanic),9.3
37,North Carolina,37059,Davie,2011,2015,Hispanic (all races),
37,North Carolina,37059,Davie,2011,2015,American Indian/Alaskan Native (includes Hispanic),
37,North Carolina,37059,Davie,2011,2015,White (includes Hispanic),7.1
37,North Carolina,37059,Davie,2012,2016,Asian/Pacific Islander (includes Hispanic),
37,North Carolina,37059,Davie,2012,2016,Black (includes Hispanic),8.7
37,North Carolina,37059,Davie,2012,2016,Hispanic (all races),
37,North Carolina,37059,Davie,2012,2016,American Indian/Alaskan Native (includes Hispanic),
37,North Carolina,37059,Davie,2012,2016,White (includes Hispanic),7.7
37,North Carolina,37059,Davie,2013,2017,Asian/Pacific Islander (includes Hispanic),
37,North Carolina,37059,Davie,2013,2017,Black (includes Hispanic),6.8
37,North Carolina,37059,Davie,2013,2017,Hispanic (all races),
37,North Carolina,37059,Davie,2013,2017,American Indian/Alaskan Native (includes Hispanic),
37,North Carolina,37059,Davie,2013,2017,White (includes Hispanic),8.2
37,North Carolina,37059,Davie,2014,2018,Asian/Pacific Islander (includes Hispanic),
37,North Carolina,37059,Davie,2014,2018,Black (includes Hispanic),6.0
37,North Carolina,37059,Davie,2014,2018,Hispanic (all races),
37,North Carolina,37059,Davie,2014,2018,American Indian/Alaskan Native (includes Hispanic),
37,North Carolina,37059,Davie,2014,2018,White (includes Hispanic),7.7
37,North Carolina,37059,Davie,2015,2019,Asian/Pacific Islander (includes Hispanic),
37,North Carolina,37059,Davie,2015,2019,Black (includes Hispanic),6.2
37,North Carolina,37059,Davie,2015,2019,Hispanic (all races),
37,North Carolina,37059,Davie,2015,2019,American Indian/Alaskan Native (includes Hispanic),
37,North Carolina,37059,Davie,2015,2019,White (includes Hispanic),7.2
37,North Carolina,37059,Davie,2016,2020,Asian/Pacific Islander (includes Hispanic),
37,North Carolina,37059,Davie,2016,2020,Black (includes Hispanic),6.8
37,North Carolina,37059,Davie,2016,2020,Hispanic (all races),
37,North Carolina,37059,Davie,2016,2020,American Indian/Alaskan Native (includes Hispanic),
37,North Carolina,37059,Davie,2016,2020,White (includes Hispanic),6.9
37,North Carolina,37061,Duplin,2011,2015,Asian/Pacific Islander (includes Hispanic),
37,North Carolina,37061,Duplin,2011,2015,Black (includes Hispanic),11.2
37,North Carolina,37061,Duplin,2011,2015,Hispanic (all races),
37,North Carolina,37061,Duplin,2011,2015,American Indian/Alaskan Native (includes Hispanic),
37,North Carolina,37061,Duplin,2011,2015,White (includes Hispanic),9.9
37,North Carolina,37061,Duplin,2012,2016,Asian/Pacific Islander (includes Hispanic),
37,North Carolina,37061,Duplin,2012,2016,Black (includes Hispanic),11.0
37,North Carolina,37061,Duplin,2012,2016,Hispanic (all races),
37,North Carolina,37061,Duplin,2012,2016,American Indian/Alaskan Native (includes Hispanic),
37,North Carolina,37061,Duplin,2012,2016,White (includes Hispanic),10.5
37,North Carolina,37061,Duplin,2013,2017,Asian/Pacific Islander (includes Hispanic),
37,North Carolina,37061,Duplin,2013,2017,Black (includes Hispanic),8.8
37,North Carolina,37061,Duplin,2013,2017,Hispanic (all races),20.8
37,North Carolina,37061,Duplin,2013,2017,American Indian/Alaskan Native (includes Hispanic),
37,North Carolina,37061,Duplin,2013,2017,White (includes Hispanic),10.0
37,North Carolina,37061,Duplin,2014,2018,Asian/Pacific Islander (includes Hispanic),
37,North Carolina,37061,Duplin,2014,2018,Black (includes Hispanic),8.6
37,North Carolina,37061,Duplin,2014,2018,Hispanic (all races),26.3
37,North Carolina,37061,Duplin,2014,2018,American Indian/Alaskan Native (includes Hispanic),
37,North Carolina,37061,Duplin,2014,2018,White (includes Hispanic),10.6
37,North Carolina,37061,Duplin,2015,2019,Asian/Pacific Islander (includes Hispanic),
37,North Carolina,37061,Duplin,2015,2019,Black (includes Hispanic),9.8
37,North Carolina,37061,Duplin,2015,2019,Hispanic (all races),29.3
37,North Carolina,37061,Duplin,2015,2019,American Indian/Alaskan Native (includes Hispanic),
37,North Carolina,37061,Duplin,2015,2019,White (includes Hispanic),10.0
37,North Carolina,37061,Duplin,2016,2020,Asian/Pacific Islander (includes Hispanic),
37,North Carolina,37061,Duplin,2016,2020,Black (includes Hispanic),8.4
37,North Carolina,37061,Duplin,2016,2020,Hispanic (all races),23.0
37,North Carolina,37061,Duplin,2016,2020,American Indian/Alaskan Native (includes Hispanic),
37,North Carolina,37061,Duplin,2016,2020,White (includes Hispanic),9.3
37,North Carolina,37063,Durham,2011,2015,Asian/Pacific Islander (includes Hispanic),
37,North Carolina,37063,Durham,2011,2015,Black (includes Hispanic),8.8
37,North Carolina,37063,Durham,2011,2015,Hispanic (all races),10.7
37,North Carolina,37063,Durham,2011,2015,American Indian/Alaskan Native (includes Hispanic),
37,North Carolina,37063,Durham,2011,2015,White (includes Hispanic),6.3
37,North Carolina,37063,Durham,2012,2016,Asian/Pacific Islander (includes Hispanic),
37,North Carolina,37063,Durham,2012,2016,Black (includes Hispanic),8.6
37,North Carolina,37063,Durham,2012,2016,Hispanic (all races),10.6
37,North Carolina,37063,Durham,2012,2016,American Indian/Alaskan Native (includes Hispanic),
37,North Carolina,37063,Durham,2012,2016,White (includes Hispanic),6.3
37,North Carolina,37063,Durham,2013,2017,Asian/Pacific Islander (includes Hispanic),
37,North Carolina,37063,Durham,2013,2017,Black (includes Hispanic),7.5
37,North Carolina,37063,Durham,2013,2017,Hispanic (all races),6.8
37,North Carolina,37063,Durham,2013,2017,American Indian/Alaskan Native (includes Hispanic),
37,North Carolina,37063,Durham,2013,2017,White (includes Hispanic),5.7
37,North Carolina,37063,Durham,2014,2018,Asian/Pacific Islander (includes Hispanic),
37,North Carolina,37063,Durham,2014,2018,Black (includes Hispanic),7.7
37,North Carolina,37063,Durham,2014,2018,Hispanic (all races),9.3
37,North Carolina,37063,Durham,2014,2018,American Indian/Alaskan Native (includes Hispanic),
37,North Carolina,37063,Durham,2014,2018,White (includes Hispanic),5.2
37,North Carolina,37063,Durham,2015,2019,Asian/Pacific Islander (includes Hispanic),
37,North Carolina,37063,Durham,2015,2019,Black (includes Hispanic),6.7
37,North Carolina,37063,Durham,2015,2019,Hispanic (all races),10.3
37,North Carolina,37063,Durham,2015,2019,American Indian/Alaskan Native (includes Hispanic),
37,North Carolina,37063,Durham,2015,2019,White (includes Hispanic),5.2
37,North Carolina,37063,Durham,2016,2020,Asian/Pacific Islander (includes Hispanic),
37,North Carolina,37063,Durham,2016,2020,Black (includes Hispanic),5.2
37,North Carolina,37063,Durham,2016,2020,Hispanic (all races),11.1
37,North Carolina,37063,Durham,2016,2020,American Indian/Alaskan Native (includes Hispanic),
37,North Carolina,37063,Durham,2016,2020,White (includes Hispanic),5.1
37,North Carolina,37065,Edgecombe,2011,2015,Asian/Pacific Islander (includes Hispanic),
37,North Carolina,37065,Edgecombe,2011,2015,Black (includes Hispanic),8.9
37,North Carolina,37065,Edgecombe,2011,2015,Hispanic (all races),
37,North Carolina,37065,Edgecombe,2011,2015,American Indian/Alaskan Native (includes Hispanic),
37,North Carolina,37065,Edgecombe,2011,2015,White (includes Hispanic),6.9
37,North Carolina,37065,Edgecombe,2012,2016,Asian/Pacific Islander (includes Hispanic),
37,North Carolina,37065,Edgecombe,2012,2016,Black (includes Hispanic),9.1
37,North Carolina,37065,Edgecombe,2012,2016,Hispanic (all races),
37,North Carolina,37065,Edgecombe,2012,2016,American Indian/Alaskan Native (includes Hispanic),
37,North Carolina,37065,Edgecombe,2012,2016,White (includes Hispanic),5.7
37,North Carolina,37065,Edgecombe,2013,2017,Asian/Pacific Islander (includes Hispanic),
37,North Carolina,37065,Edgecombe,2013,2017,Black (includes Hispanic),9.3
37,North Carolina,37065,Edgecombe,2013,2017,Hispanic (all races),
37,North Carolina,37065,Edgecombe,2013,2017,American Indian/Alaskan Native (includes Hispanic),
37,North Carolina,37065,Edgecombe,2013,2017,White (includes Hispanic),5.7
37,North Carolina,37065,Edgecombe,2014,2018,Asian/Pacific Islander (includes Hispanic),
37,North Carolina,37065,Edgecombe,2014,2018,Black (includes Hispanic),8.0
37,North Carolina,37065,Edgecombe,2014,2018,Hispanic (all races),
37,North Carolina,37065,Edgecombe,2014,2018,American Indian/Alaskan Native (includes Hispanic),
37,North Carolina,37065,Edgecombe,2014,2018,White (includes Hispanic),7.1
37,North Carolina,37065,Edgecombe,2015,2019,Asian/Pacific Islander (includes Hispanic),
37,North Carolina,37065,Edgecombe,2015,2019,Black (includes Hispanic),7.2
37,North Carolina,37065,Edgecombe,2015,2019,Hispanic (all races),
37,North Carolina,37065,Edgecombe,2015,2019,American Indian/Alaskan Native (includes Hispanic),
37,North Carolina,37065,Edgecombe,2015,2019,White (includes Hispanic),7.8
37,North Carolina,37065,Edgecombe,2016,2020,Asian/Pacific Islander (includes Hispanic),
37,North Carolina,37065,Edgecombe,2016,2020,Black (includes Hispanic),7.5
37,North Carolina,37065,Edgecombe,2016,2020,Hispanic (all races),
37,North Carolina,37065,Edgecombe,2016,2020,American Indian/Alaskan Native (includes Hispanic),
37,North Carolina,37065,Edgecombe,2016,2020,White (includes Hispanic),8.9
37,North Carolina,37067,Forsyth,2011,2015,Asian/Pacific Islander (includes Hispanic),
37,North Carolina,37067,Forsyth,2011,2015,Black (includes Hispanic),5.8
37,North Carolina,37067,Forsyth,2011,2015,Hispanic (all races),
37,North Carolina,37067,Forsyth,2011,2015,American Indian/Alaskan Native (includes Hispanic),
37,North Carolina,37067,Forsyth,2011,2015,White (includes Hispanic),6.9
37,North Carolina,37067,Forsyth,2012,2016,Asian/Pacific Islander (includes Hispanic),
37,North Carolina,37067,Forsyth,2012,2016,Black (includes Hispanic),6.0
37,North Carolina,37067,Forsyth,2012,2016,Hispanic (all races),
37,North Carolina,37067,Forsyth,2012,2016,American Indian/Alaskan Native (includes Hispanic),
37,North Carolina,37067,Forsyth,2012,2016,White (includes Hispanic),7.1
37,North Carolina,37067,Forsyth,2013,2017,Asian/Pacific Islander (includes Hispanic),
37,North Carolina,37067,Forsyth,2013,2017,Black (includes Hispanic),5.1
37,North Carolina,37067,Forsyth,2013,2017,Hispanic (all races),
37,North Carolina,37067,Forsyth,2013,2017,American Indian/Alaskan Native (includes Hispanic),
37,North Carolina,37067,Forsyth,2013,2017,White (includes Hispanic),7.6
37,North Carolina,37067,Forsyth,2014,2018,Asian/Pacific Islander (includes Hispanic),
37,North Carolina,37067,Forsyth,2014,2018,Black (includes Hispanic),5.0
37,North Carolina,37067,Forsyth,2014,2018,Hispanic (all races),
37,North Carolina,37067,Forsyth,2014,2018,American Indian/Alaskan Native (includes Hispanic),
37,North Carolina,37067,Forsyth,2014,2018,White (includes Hispanic),7.6
37,North Carolina,37067,Forsyth,2015,2019,Asian/Pacific Islander (includes Hispanic),
37,North Carolina,37067,Forsyth,2015,2019,Black (includes Hispanic),5.7
37,North Carolina,37067,Forsyth,2015,2019,Hispanic (all races),
37,North Carolina,37067,Forsyth,2015,2019,American Indian/Alaskan Native (includes Hispanic),
37,North Carolina,37067,Forsyth,2015,2019,White (includes Hispanic),7.0
37,North Carolina,37067,Forsyth,2016,2020,Asian/Pacific Islander (includes Hispanic),
37,North Carolina,37067,Forsyth,2016,2020,Black (includes Hispanic),6.7
37,North Carolina,37067,Forsyth,2016,2020,Hispanic (all races),
37,North Carolina,37067,Forsyth,2016,2020,American Indian/Alaskan Native (includes Hispanic),
37,North Carolina,37067,Forsyth,2016,2020,White (includes Hispanic),6.6
37,North Carolina,37069,Franklin,2011,2015,Asian/Pacific Islander (includes Hispanic),
37,North Carolina,37069,Franklin,2011,2015,Black (includes Hispanic),9.0
37,North Carolina,37069,Franklin,2011,2015,Hispanic (all races),9.6
37,North Carolina,37069,Franklin,2011,2015,American Indian/Alaskan Native (includes Hispanic),
37,North Carolina,37069,Franklin,2011,2015,White (includes Hispanic),5.9
37,North Carolina,37069,Franklin,2012,2016,Asian/Pacific Islander (includes Hispanic),
37,North Carolina,37069,Franklin,2012,2016,Black (includes Hispanic),8.7
37,North Carolina,37069,Franklin,2012,2016,Hispanic (all races),10.9
37,North Carolina,37069,Franklin,2012,2016,American Indian/Alaskan Native (includes Hispanic),
37,North Carolina,37069,Franklin,2012,2016,White (includes Hispanic),5.9
37,North Carolina,37069,Franklin,2013,2017,Asian/Pacific Islander (includes Hispanic),
37,North Carolina,37069,Franklin,2013,2017,Black (includes Hispanic),7.6
37,North Carolina,37069,Franklin,2013,2017,Hispanic (all races),8.3
37,North Carolina,37069,Franklin,2013,2017,American Indian/Alaskan Native (includes Hispanic),
37,North Carolina,37069,Franklin,2013,2017,White (includes Hispanic),5.0
37,North Carolina,37069,Franklin,2014,2018,Asian/Pacific Islander (includes Hispanic),
37,North Carolina,37069,Franklin,2014,2018,Black (includes Hispanic),8.2
37,North Carolina,37069,Franklin,2014,2018,Hispanic (all races),8.2
37,North Carolina,37069,Franklin,2014,2018,American Indian/Alaskan Native (includes Hispanic),
37,North Carolina,37069,Franklin,2014,2018,White (includes Hispanic),4.9
37,North Carolina,37069,Franklin,2015,2019,Asian/Pacific Islander (includes Hispanic),
37,North Carolina,37069,Franklin,2015,2019,Black (includes Hispanic),7.3
37,North Carolina,37069,Franklin,2015,2019,Hispanic (all races),10.4
37,North Carolina,37069,Franklin,2015,2019,American Indian/Alaskan Native (includes Hispanic),
37,North Carolina,37069,Franklin,2015,2019,White (includes Hispanic),5.0
37,North Carolina,37069,Franklin,2016,2020,Asian/Pacific Islander (includes Hispanic),
37,North Carolina,37069,Franklin,2016,2020,Black (includes Hispanic),6.2
37,North Carolina,37069,Franklin,2016,2020,Hispanic (all races),10.5
37,North Carolina,37069,Franklin,2016,2020,American Indian/Alaskan Native (includes Hispanic),
37,North Carolina,37069,Franklin,2016,2020,White (includes Hispanic),5.4
37,North Carolina,37071,Gaston,2011,2015,Asian/Pacific Islander (includes Hispanic),
37,North Carolina,37071,Gaston,2011,2015,Black (includes Hispanic),8.0
37,North Carolina,37071,Gaston,2011,2015,Hispanic (all races),12.1
37,North Carolina,37071,Gaston,2011,2015,American Indian/Alaskan Native (includes Hispanic),
37,North Carolina,37071,Gaston,2011,2015,White (includes Hispanic),6.7
37,North Carolina,37071,Gaston,2012,2016,Asian/Pacific Islander (includes Hispanic),
37,North Carolina,37071,Gaston,2012,2016,Black (includes Hispanic),7.6
37,North Carolina,37071,Gaston,2012,2016,Hispanic (all races),9.7
37,North Carolina,37071,Gaston,2012,2016,American Indian/Alaskan Native (includes Hispanic),
37,North Carolina,37071,Gaston,2012,2016,White (includes Hispanic),6.5
37,North Carolina,37071,Gaston,2013,2017,Asian/Pacific Islander (includes Hispanic),
37,North Carolina,37071,Gaston,2013,2017,Black (includes Hispanic),7.8
37,North Carolina,37071,Gaston,2013,2017,Hispanic (all races),10.0
37,North Carolina,37071,Gaston,2013,2017,American Indian/Alaskan Native (includes Hispanic),
37,North Carolina,37071,Gaston,2013,2017,White (includes Hispanic),6.7
37,North Carolina,37071,Gaston,2014,2018,Asian/Pacific Islander (includes Hispanic),
37,North Carolina,37071,Gaston,2014,2018,Black (includes Hispanic),7.7
37,North Carolina,37071,Gaston,2014,2018,Hispanic (all races),11.4
37,North Carolina,37071,Gaston,2014,2018,American Indian/Alaskan Native (includes Hispanic),
37,North Carolina,37071,Gaston,2014,2018,White (includes Hispanic),7.2
37,North Carolina,37071,Gaston,2015,2019,Asian/Pacific Islander (includes Hispanic),
37,North Carolina,37071,Gaston,2015,2019,Black (includes Hispanic),7.3
37,North Carolina,37071,Gaston,2015,2019,Hispanic (all races),13.3
37,North Carolina,37071,Gaston,2015,2019,American Indian/Alaskan Native (includes Hispanic),
37,North Carolina,37071,Gaston,2015,2019,White (includes Hispanic),7.5
37,North Carolina,37071,Gaston,2016,2020,Asian/Pacific Islander (includes Hispanic),
37,North Carolina,37071,Gaston,2016,2020,Black (includes Hispanic),6.9
37,North Carolina,37071,Gaston,2016,2020,Hispanic (all races),13.5
37,North Carolina,37071,Gaston,2016,2020,American Indian/Alaskan Native (includes Hispanic),
37,North Carolina,37071,Gaston,2016,2020,White (includes Hispanic),7.4
37,North Carolina,37073,Gates,2011,2015,Asian/Pacific Islander (includes Hispanic),
37,North Carolina,37073,Gates,2011,2015,Black (includes Hispanic),8.1
37,North Carolina,37073,Gates,2011,2015,Hispanic (all races),
37,North Carolina,37073,Gates,2011,2015,American Indian/Alaskan Native (includes Hispanic),
37,North Carolina,37073,Gates,2011,2015,White (includes Hispanic),5.4
37,North Carolina,37073,Gates,2012,2016,Asian/Pacific Islander (includes Hispanic),
37,North Carolina,37073,Gates,2012,2016,Black (includes Hispanic),8.1
37,North Carolina,37073,Gates,2012,2016,Hispanic (all races),
37,North Carolina,37073,Gates,2012,2016,American Indian/Alaskan Native (includes Hispanic),
37,North Carolina,37073,Gates,2012,2016,White (includes Hispanic),
37,North Carolina,37073,Gates,2013,2017,Asian/Pacific Islander (includes Hispanic),
37,North Carolina,37073,Gates,2013,2017,Black (includes Hispanic),7.8
37,North Carolina,37073,Gates,2013,2017,Hispanic (all races),
37,North Carolina,37073,Gates,2013,2017,American Indian/Alaskan Native (includes Hispanic),
37,North Carolina,37073,Gates,2013,2017,White (includes Hispanic),6.9
37,North Carolina,37073,Gates,2014,2018,Asian/Pacific Islander (includes Hispanic),
37,North Carolina,37073,Gates,2014,2018,Black (includes Hispanic),8.9
37,North Carolina,37073,Gates,2014,2018,Hispanic (all races),
37,North Carolina,37073,Gates,2014,2018,American Indian/Alaskan Native (includes Hispanic),
37,North Carolina,37073,Gates,2014,2018,White (includes Hispanic),8.8
37,North Carolina,37073,Gates,2015,2019,Asian/Pacific Islander (includes Hispanic),
37,North Carolina,37073,Gates,2015,2019,Black (includes Hispanic),9.0
37,North Carolina,37073,Gates,2015,2019,Hispanic (all races),
37,North Carolina,37073,Gates,2015,2019,American Indian/Alaskan Native (includes Hispanic),
37,North Carolina,37073,Gates,2015,2019,White (includes Hispanic),8.0
37,North Carolina,37073,Gates,2016,2020,Asian/Pacific Islander (includes Hispanic),
37,North Carolina,37073,Gates,2016,2020,Black (includes Hispanic),9.0
37,North Carolina,37073,Gates,2016,2020,Hispanic (all races),
37,North Carolina,37073,Gates,2016,2020,American Indian/Alaskan Native (includes Hispanic),
37,North Carolina,37073,Gates,2016,2020,White (includes Hispanic),7.5
37,North Carolina,37075,Graham,2011,2015,Asian/Pacific Islander (includes Hispanic),
37,North Carolina,37075,Graham,2011,2015,Black (includes Hispanic),
37,North Carolina,37075,Graham,2011,2015,Hispanic (all races),
37,North Carolina,37075,Graham,2011,2015,American Indian/Alaskan Native (includes Hispanic),
37,North Carolina,37075,Graham,2011,2015,White (includes Hispanic),7.4
37,North Carolina,37075,Graham,2012,2016,Asian/Pacific Islander (includes Hispanic),
37,North Carolina,37075,Graham,2012,2016,Black (includes Hispanic),
37,North Carolina,37075,Graham,2012,2016,Hispanic (all races),
37,North Carolina,37075,Graham,2012,2016,American Indian/Alaskan Native (includes Hispanic),
37,North Carolina,37075,Graham,2012,2016,White (includes Hispanic),7.8
37,North Carolina,37075,Graham,2013,2017,Asian/Pacific Islander (includes Hispanic),
37,North Carolina,37075,Graham,2013,2017,Black (includes Hispanic),
37,North Carolina,37075,Graham,2013,2017,Hispanic (all races),
37,North Carolina,37075,Graham,2013,2017,American Indian/Alaskan Native (includes Hispanic),
37,North Carolina,37075,Graham,2013,2017,White (includes Hispanic),7.0
37,North Carolina,37075,Graham,2014,2018,Asian/Pacific Islander (includes Hispanic),
37,North Carolina,37075,Graham,2014,2018,Black (includes Hispanic),
37,North Carolina,37075,Graham,2014,2018,Hispanic (all races),
37,North Carolina,37075,Graham,2014,2018,American Indian/Alaskan Native (includes Hispanic),
37,North Carolina,37075,Graham,2014,2018,White (includes Hispanic),8.1
37,North Carolina,37075,Graham,2015,2019,Asian/Pacific Islander (includes Hispanic),
37,North Carolina,37075,Graham,2015,2019,Black (includes Hispanic),
37,North Carolina,37075,Graham,2015,2019,Hispanic (all races),
37,North Carolina,37075,Graham,2015,2019,American Indian/Alaskan Native (includes Hispanic),
37,North Carolina,37075,Graham,2015,2019,White (includes Hispanic),8.2
37,North Carolina,37075,Graham,2016,2020,Asian/Pacific Islander (includes Hispanic),
37,North Carolina,37075,Graham,2016,2020,Black (includes Hispanic),
37,North Carolina,37075,Graham,2016,2020,Hispanic (all races),
37,North Carolina,37075,Graham,2016,2020,American Indian/Alaskan Native (includes Hispanic),
37,North Carolina,37075,Graham,2016,2020,White (includes Hispanic),7.6
37,North Carolina,37077,Granville,2011,2015,Asian/Pacific Islander (includes Hispanic),
37,North Carolina,37077,Granville,2011,2015,Black (includes Hispanic),9.4
37,North Carolina,37077,Granville,2011,2015,Hispanic (all races),11.2
37,North Carolina,37077,Granville,2011,2015,American Indian/Alaskan Native (includes Hispanic),
37,North Carolina,37077,Granville,2011,2015,White (includes Hispanic),6.0
37,North Carolina,37077,Granville,2012,2016,Asian/Pacific Islander (includes Hispanic),
37,North Carolina,37077,Granville,2012,2016,Black (includes Hispanic),8.8
37,North Carolina,37077,Granville,2012,2016,Hispanic (all races),10.3
37,North Carolina,37077,Granville,2012,2016,American Indian/Alaskan Native (includes Hispanic),
37,North Carolina,37077,Granville,2012,2016,White (includes Hispanic),6.0
37,North Carolina,37077,Granville,2013,2017,Asian/Pacific Islander (includes Hispanic),
37,North Carolina,37077,Granville,2013,2017,Black (includes Hispanic),7.9
37,North Carolina,37077,Granville,2013,2017,Hispanic (all races),6.8
37,North Carolina,37077,Granville,2013,2017,American Indian/Alaskan Native (includes Hispanic),
37,North Carolina,37077,Granville,2013,2017,White (includes Hispanic),5.5
37,North Carolina,37077,Granville,2014,2018,Asian/Pacific Islander (includes Hispanic),
37,North Carolina,37077,Granville,2014,2018,Black (includes Hispanic),7.9
37,North Carolina,37077,Granville,2014,2018,Hispanic (all races),7.8
37,North Carolina,37077,Granville,2014,2018,American Indian/Alaskan Native (includes Hispanic),
37,North Carolina,37077,Granville,2014,2018,White (includes Hispanic),5.0
37,North Carolina,37077,Granville,2015,2019,Asian/Pacific Islander (includes Hispanic),
37,North Carolina,37077,Granville,2015,2019,Black (includes Hispanic),7.2
37,North Carolina,37077,Granville,2015,2019,Hispanic (all races),7.8
37,North Carolina,37077,Granville,2015,2019,American Indian/Alaskan Native (includes Hispanic),
37,North Carolina,37077,Granville,2015,2019,White (includes Hispanic),5.0
37,North Carolina,37077,Granville,2016,2020,Asian/Pacific Islander (includes Hispanic),
37,North Carolina,37077,Granville,2016,2020,Black (includes Hispanic),5.8
37,North Carolina,37077,Granville,2016,2020,Hispanic (all races),8.8
37,North Carolina,37077,Granville,2016,2020,American Indian/Alaskan Native (includes Hispanic),
37,North Carolina,37077,Granville,2016,2020,White (includes Hispanic),5.1
37,North Carolina,37079,Greene,2011,2015,Asian/Pacific Islander (includes Hispanic),
37,North Carolina,37079,Greene,2011,2015,Black (includes Hispanic),9.5
37,North Carolina,37079,Greene,2011,2015,Hispanic (all races),
37,North Carolina,37079,Greene,2011,2015,American Indian/Alaskan Native (includes Hispanic),
37,North Carolina,37079,Greene,2011,2015,White (includes Hispanic),8.0
37,North Carolina,37079,Greene,2012,2016,Asian/Pacific Islander (includes Hispanic),
37,North Carolina,37079,Greene,2012,2016,Black (includes Hispanic),10.7
37,North Carolina,37079,Greene,2012,2016,Hispanic (all races),
37,North Carolina,37079,Greene,2012,2016,American Indian/Alaskan Native (includes Hispanic),
37,North Carolina,37079,Greene,2012,2016,White (includes Hispanic),7.9
37,North Carolina,37079,Greene,2013,2017,Asian/Pacific Islander (includes Hispanic),
37,North Carolina,37079,Greene,2013,2017,Black (includes Hispanic),10.4
37,North Carolina,37079,Greene,2013,2017,Hispanic (all races),
37,North Carolina,37079,Greene,2013,2017,American Indian/Alaskan Native (includes Hispanic),
37,North Carolina,37079,Greene,2013,2017,White (includes Hispanic),8.0
37,North Carolina,37079,Greene,2014,2018,Asian/Pacific Islander (includes Hispanic),
37,North Carolina,37079,Greene,2014,2018,Black (includes Hispanic),7.5
37,North Carolina,37079,Greene,2014,2018,Hispanic (all races),
37,North Carolina,37079,Greene,2014,2018,American Indian/Alaskan Native (includes Hispanic),
37,North Carolina,37079,Greene,2014,2018,White (includes Hispanic),8.3
37,North Carolina,37079,Greene,2015,2019,Asian/Pacific Islander (includes Hispanic),
37,North Carolina,37079,Greene,2015,2019,Black (includes Hispanic),6.4
37,North Carolina,37079,Greene,2015,2019,Hispanic (all races),
37,North Carolina,37079,Greene,2015,2019,American Indian/Alaskan Native (includes Hispanic),
37,North Carolina,37079,Greene,2015,2019,White (includes Hispanic),8.8
37,North Carolina,37079,Greene,2016,2020,Asian/Pacific Islander (includes Hispanic),
37,North Carolina,37079,Greene,2016,2020,Black (includes Hispanic),6.3
37,North Carolina,37079,Greene,2016,2020,Hispanic (all races),
37,North Carolina,37079,Greene,2016,2020,American Indian/Alaskan Native (includes Hispanic),
37,North Carolina,37079,Greene,2016,2020,White (includes Hispanic),9.0
37,North Carolina,37081,Guilford,2011,2015,Asian/Pacific Islander (includes Hispanic),
37,North Carolina,37081,Guilford,2011,2015,Black (includes Hispanic),6.5
37,North Carolina,37081,Guilford,2011,2015,Hispanic (all races),
37,North Carolina,37081,Guilford,2011,2015,American Indian/Alaskan Native (includes Hispanic),
37,North Carolina,37081,Guilford,2011,2015,White (includes Hispanic),6.7
37,North Carolina,37081,Guilford,2012,2016,Asian/Pacific Islander (includes Hispanic),
37,North Carolina,37081,Guilford,2012,2016,Black (includes Hispanic),6.4
37,North Carolina,37081,Guilford,2012,2016,Hispanic (all races),
37,North Carolina,37081,Guilford,2012,2016,American Indian/Alaskan Native (includes Hispanic),
37,North Carolina,37081,Guilford,2012,2016,White (includes Hispanic),7.0
37,North Carolina,37081,Guilford,2013,2017,Asian/Pacific Islander (includes Hispanic),
37,North Carolina,37081,Guilford,2013,2017,Black (includes Hispanic),5.9
37,North Carolina,37081,Guilford,2013,2017,Hispanic (all races),
37,North Carolina,37081,Guilford,2013,2017,American Indian/Alaskan Native (includes Hispanic),
37,North Carolina,37081,Guilford,2013,2017,White (includes Hispanic),7.5
37,North Carolina,37081,Guilford,2014,2018,Asian/Pacific Islander (includes Hispanic),
37,North Carolina,37081,Guilford,2014,2018,Black (includes Hispanic),5.7
37,North Carolina,37081,Guilford,2014,2018,Hispanic (all races),
37,North Carolina,37081,Guilford,2014,2018,American Indian/Alaskan Native (includes Hispanic),
37,North Carolina,37081,Guilford,2014,2018,White (includes Hispanic),7.5
37,North Carolina,37081,Guilford,2015,2019,Asian/Pacific Islander (includes Hispanic),
37,North Carolina,37081,Guilford,2015,2019,Black (includes Hispanic),6.4
37,North Carolina,37081,Guilford,2015,2019,Hispanic (all races),
37,North Carolina,37081,Guilford,2015,2019,American Indian/Alaskan Native (includes Hispanic),
37,North Carolina,37081,Guilford,2015,2019,White (includes Hispanic),7.0
37,North Carolina,37081,Guilford,2016,2020,Asian/Pacific Islander (includes Hispanic),
37,North Carolina,37081,Guilford,2016,2020,Black (includes Hispanic),7.2
37,North Carolina,37081,Guilford,2016,2020,Hispanic (all races),7.3
37,North Carolina,37081,Guilford,2016,2020,American Indian/Alaskan Native (includes Hispanic),
37,North Carolina,37081,Guilford,2016,2020,White (includes Hispanic),6.9
37,North Carolina,37083,Halifax,2011,2015,Asian/Pacific Islander (includes Hispanic),
37,North Carolina,37083,Halifax,2011,2015,Black (includes Hispanic),7.8
37,North Carolina,37083,Halifax,2011,2015,Hispanic (all races),
37,North Carolina,37083,Halifax,2011,2015,American Indian/Alaskan Native (includes Hispanic),
37,North Carolina,37083,Halifax,2011,2015,White (includes Hispanic),5.1
37,North Carolina,37083,Halifax,2012,2016,Asian/Pacific Islander (includes Hispanic),
37,North Carolina,37083,Halifax,2012,2016,Black (includes Hispanic),8.7
37,North Carolina,37083,Halifax,2012,2016,Hispanic (all races),
37,North Carolina,37083,Halifax,2012,2016,American Indian/Alaskan Native (includes Hispanic),
37,North Carolina,37083,Halifax,2012,2016,White (includes Hispanic),4.0
37,North Carolina,37083,Halifax,2013,2017,Asian/Pacific Islander (includes Hispanic),
37,North Carolina,37083,Halifax,2013,2017,Black (includes Hispanic),8.5
37,North Carolina,37083,Halifax,2013,2017,Hispanic (all races),
37,North Carolina,37083,Halifax,2013,2017,American Indian/Alaskan Native (includes Hispanic),
37,North Carolina,37083,Halifax,2013,2017,White (includes Hispanic),4.4
37,North Carolina,37083,Halifax,2014,2018,Asian/Pacific Islander (includes Hispanic),
37,North Carolina,37083,Halifax,2014,2018,Black (includes Hispanic),9.4
37,North Carolina,37083,Halifax,2014,2018,Hispanic (all races),
37,North Carolina,37083,Halifax,2014,2018,American Indian/Alaskan Native (includes Hispanic),
37,North Carolina,37083,Halifax,2014,2018,White (includes Hispanic),5.6
37,North Carolina,37083,Halifax,2015,2019,Asian/Pacific Islander (includes Hispanic),
37,North Carolina,37083,Halifax,2015,2019,Black (includes Hispanic),9.5
37,North Carolina,37083,Halifax,2015,2019,Hispanic (all races),
37,North Carolina,37083,Halifax,2015,2019,American Indian/Alaskan Native (includes Hispanic),
37,North Carolina,37083,Halifax,2015,2019,White (includes Hispanic),6.9
37,North Carolina,37083,Halifax,2016,2020,Asian/Pacific Islander (includes Hispanic),
37,North Carolina,37083,Halifax,2016,2020,Black (includes Hispanic),10.1
37,North Carolina,37083,Halifax,2016,2020,Hispanic (all races),
37,North Carolina,37083,Halifax,2016,2020,American Indian/Alaskan Native (includes Hispanic),
37,North Carolina,37083,Halifax,2016,2020,White (includes Hispanic),7.9
37,North Carolina,37085,Harnett,2011,2015,Asian/Pacific Islander (includes Hispanic),
37,North Carolina,37085,Harnett,2011,2015,Black (includes Hispanic),8.3
37,North Carolina,37085,Harnett,2011,2015,Hispanic (all races),9.3
37,North Carolina,37085,Harnett,2011,2015,American Indian/Alaskan Native (includes Hispanic),
37,North Carolina,37085,Harnett,2011,2015,White (includes Hispanic),7.5
37,North Carolina,37085,Harnett,2012,2016,Asian/Pacific Islander (includes Hispanic),
37,North Carolina,37085,Harnett,2012,2016,Black (includes Hispanic),7.2
37,North Carolina,37085,Harnett,2012,2016,Hispanic (all races),12.1
37,North Carolina,37085,Harnett,2012,2016,American Indian/Alaskan Native (includes Hispanic),
37,North Carolina,37085,Harnett,2012,2016,White (includes Hispanic),7.4
37,North Carolina,37085,Harnett,2013,2017,Asian/Pacific Islander (includes Hispanic),
37,North Carolina,37085,Harnett,2013,2017,Black (includes Hispanic),6.5
37,North Carolina,37085,Harnett,2013,2017,Hispanic (all races),11.5
37,North Carolina,37085,Harnett,2013,2017,American Indian/Alaskan Native (includes Hispanic),
37,North Carolina,37085,Harnett,2013,2017,White (includes Hispanic),6.5
37,North Carolina,37085,Harnett,2014,2018,Asian/Pacific Islander (includes Hispanic),
37,North Carolina,37085,Harnett,2014,2018,Black (includes Hispanic),6.7
37,North Carolina,37085,Harnett,2014,2018,Hispanic (all races),13.3
37,North Carolina,37085,Harnett,2014,2018,American Indian/Alaskan Native (includes Hispanic),
37,North Carolina,37085,Harnett,2014,2018,White (includes Hispanic),6.3
37,North Carolina,37085,Harnett,2015,2019,Asian/Pacific Islander (includes Hispanic),
37,North Carolina,37085,Harnett,2015,2019,Black (includes Hispanic),6.6
37,North Carolina,37085,Harnett,2015,2019,Hispanic (all races),14.1
37,North Carolina,37085,Harnett,2015,2019,American Indian/Alaskan Native (includes Hispanic),
37,North Carolina,37085,Harnett,2015,2019,White (includes Hispanic),5.8
37,North Carolina,37085,Harnett,2016,2020,Asian/Pacific Islander (includes Hispanic),
37,North Carolina,37085,Harnett,2016,2020,Black (includes Hispanic),6.1
37,North Carolina,37085,Harnett,2016,2020,Hispanic (all races),13.0
37,North Carolina,37085,Harnett,2016,2020,American Indian/Alaskan Native (includes Hispanic),
37,North Carolina,37085,Harnett,2016,2020,White (includes Hispanic),5.6
37,North Carolina,37087,Haywood,2011,2015,Asian/Pacific Islander (includes Hispanic),
37,North Carolina,37087,Haywood,2011,2015,Black (includes Hispanic),
37,North Carolina,37087,Haywood,2011,2015,Hispanic (all races),
37,North Carolina,37087,Haywood,2011,2015,American Indian/Alaskan Native (includes Hispanic),
37,North Carolina,37087,Haywood,2011,2015,White (includes Hispanic),7.5
37,North Carolina,37087,Haywood,2012,2016,Asian/Pacific Islander (includes Hispanic),
37,North Carolina,37087,Haywood,2012,2016,Black (includes Hispanic),
37,North Carolina,37087,Haywood,2012,2016,Hispanic (all races),
37,North Carolina,37087,Haywood,2012,2016,American Indian/Alaskan Native (includes Hispanic),
37,North Carolina,37087,Haywood,2012,2016,White (includes Hispanic),7.5
37,North Carolina,37087,Haywood,2013,2017,Asian/Pacific Islander (includes Hispanic),
37,North Carolina,37087,Haywood,2013,2017,Black (includes Hispanic),
37,North Carolina,37087,Haywood,2013,2017,Hispanic (all races),
37,North Carolina,37087,Haywood,2013,2017,American Indian/Alaskan Native (includes Hispanic),
37,North Carolina,37087,Haywood,2013,2017,White (includes Hispanic),7.2
37,North Carolina,37087,Haywood,2014,2018,Asian/Pacific Islander (includes Hispanic),
37,North Carolina,37087,Haywood,2014,2018,Black (includes Hispanic),
37,North Carolina,37087,Haywood,2014,2018,Hispanic (all races),
37,North Carolina,37087,Haywood,2014,2018,American Indian/Alaskan Native (includes Hispanic),
37,North Carolina,37087,Haywood,2014,2018,White (includes Hispanic),7.5
37,North Carolina,37087,Haywood,2015,2019,Asian/Pacific Islander (includes Hispanic),
37,North Carolina,37087,Haywood,2015,2019,Black (includes Hispanic),
37,North Carolina,37087,Haywood,2015,2019,Hispanic (all races),
37,North Carolina,37087,Haywood,2015,2019,American Indian/Alaskan Native (includes Hispanic),
37,North Carolina,37087,Haywood,2015,2019,White (includes Hispanic),7.5
37,North Carolina,37087,Haywood,2016,2020,Asian/Pacific Islander (includes Hispanic),
37,North Carolina,37087,Haywood,2016,2020,Black (includes Hispanic),
37,North Carolina,37087,Haywood,2016,2020,Hispanic (all races),
37,North Carolina,37087,Haywood,2016,2020,American Indian/Alaskan Native (includes Hispanic),
37,North Carolina,37087,Haywood,2016,2020,White (includes Hispanic),7.3
37,North Carolina,37089,Henderson,2011,2015,Asian/Pacific Islander (includes Hispanic),
37,North Carolina,37089,Henderson,2011,2015,Black (includes Hispanic),9.3
37,North Carolina,37089,Henderson,2011,2015,Hispanic (all races),
37,North Carolina,37089,Henderson,2011,2015,American Indian/Alaskan Native (includes Hispanic),
37,North Carolina,37089,Henderson,2011,2015,White (includes Hispanic),6.6
37,North Carolina,37089,Henderson,2012,2016,Asian/Pacific Islander (includes Hispanic),
37,North Carolina,37089,Henderson,2012,2016,Black (includes Hispanic),9.3
37,North Carolina,37089,Henderson,2012,2016,Hispanic (all races),
37,North Carolina,37089,Henderson,2012,2016,American Indian/Alaskan Native (includes Hispanic),
37,North Carolina,37089,Henderson,2012,2016,White (includes Hispanic),6.6
37,North Carolina,37089,Henderson,2013,2017,Asian/Pacific Islander (includes Hispanic),
37,North Carolina,37089,Henderson,2013,2017,Black (includes Hispanic),10.9
37,North Carolina,37089,Henderson,2013,2017,Hispanic (all races),
37,North Carolina,37089,Henderson,2013,2017,American Indian/Alaskan Native (includes Hispanic),
37,North Carolina,37089,Henderson,2013,2017,White (includes Hispanic),6.6
37,North Carolina,37089,Henderson,2014,2018,Asian/Pacific Islander (includes Hispanic),
37,North Carolina,37089,Henderson,2014,2018,Black (includes Hispanic),10.1
37,North Carolina,37089,Henderson,2014,2018,Hispanic (all races),
37,North Carolina,37089,Henderson,2014,2018,American Indian/Alaskan Native (includes Hispanic),
37,North Carolina,37089,Henderson,2014,2018,White (includes Hispanic),6.8
37,North Carolina,37089,Henderson,2015,2019,Asian/Pacific Islander (includes Hispanic),
37,North Carolina,37089,Henderson,2015,2019,Black (includes Hispanic),8.9
37,North Carolina,37089,Henderson,2015,2019,Hispanic (all races),
37,North Carolina,37089,Henderson,2015,2019,American Indian/Alaskan Native (includes Hispanic),
37,North Carolina,37089,Henderson,2015,2019,White (includes Hispanic),6.8
37,North Carolina,37089,Henderson,2016,2020,Asian/Pacific Islander (includes Hispanic),
37,North Carolina,37089,Henderson,2016,2020,Black (includes Hispanic),7.3
37,North Carolina,37089,Henderson,2016,2020,Hispanic (all races),
37,North Carolina,37089,Henderson,2016,2020,American Indian/Alaskan Native (includes Hispanic),
37,North Carolina,37089,Henderson,2016,2020,White (includes Hispanic),6.9
37,North Carolina,37091,Hertford,2011,2015,Asian/Pacific Islander (includes Hispanic),
37,North Carolina,37091,Hertford,2011,2015,Black (includes Hispanic),
37,North Carolina,37091,Hertford,2011,2015,Hispanic (all races),
37,North Carolina,37091,Hertford,2011,2015,American Indian/Alaskan Native (includes Hispanic),
37,North Carolina,37091,Hertford,2011,2015,White (includes Hispanic),
37,North Carolina,37091,Hertford,2012,2016,Asian/Pacific Islander (includes Hispanic),
37,North Carolina,37091,Hertford,2012,2016,Black (includes Hispanic),
37,North Carolina,37091,Hertford,2012,2016,Hispanic (all races),
37,North Carolina,37091,Hertford,2012,2016,American Indian/Alaskan Native (includes Hispanic),
37,North Carolina,37091,Hertford,2012,2016,White (includes Hispanic),
37,North Carolina,37091,Hertford,2013,2017,Asian/Pacific Islander (includes Hispanic),
37,North Carolina,37091,Hertford,2013,2017,Black (includes Hispanic),
37,North Carolina,37091,Hertford,2013,2017,Hispanic (all races),
37,North Carolina,37091,Hertford,2013,2017,American Indian/Alaskan Native (includes Hispanic),
37,North Carolina,37091,Hertford,2013,2017,White (includes Hispanic),
37,North Carolina,37091,Hertford,2014,2018,Asian/Pacific Islander (includes Hispanic),
37,North Carolina,37091,Hertford,2014,2018,Black (includes Hispanic),
37,North Carolina,37091,Hertford,2014,2018,Hispanic (all races),
37,North Carolina,37091,Hertford,2014,2018,American Indian/Alaskan Native (includes Hispanic),
37,North Carolina,37091,Hertford,2014,2018,White (includes Hispanic),
37,North Carolina,37091,Hertford,2015,2019,Asian/Pacific Islander (includes Hispanic),
37,North Carolina,37091,Hertford,2015,2019,Black (includes Hispanic),
37,North Carolina,37091,Hertford,2015,2019,Hispanic (all races),
37,North Carolina,37091,Hertford,2015,2019,American Indian/Alaskan Native (includes Hispanic),
37,North Carolina,37091,Hertford,2015,2019,White (includes Hispanic),
37,North Carolina,37091,Hertford,2016,2020,Asian/Pacific Islander (includes Hispanic),
37,North Carolina,37091,Hertford,2016,2020,Black (includes Hispanic),
37,North Carolina,37091,Hertford,2016,2020,Hispanic (all races),
37,North Carolina,37091,Hertford,2016,2020,American Indian/Alaskan Native (includes Hispanic),
37,North Carolina,37091,Hertford,2016,2020,White (includes Hispanic),
37,North Carolina,37093,Hoke,2011,2015,Asian/Pacific Islander (includes Hispanic),
37,North Carolina,37093,Hoke,2011,2015,Black (includes Hispanic),6.4
37,North Carolina,37093,Hoke,2011,2015,Hispanic (all races),
37,North Carolina,37093,Hoke,2011,2015,American Indian/Alaskan Native (includes Hispanic),
37,North Carolina,37093,Hoke,2011,2015,White (includes Hispanic),8.2
37,North Carolina,37093,Hoke,2012,2016,Asian/Pacific Islander (includes Hispanic),
37,North Carolina,37093,Hoke,2012,2016,Black (includes Hispanic),7.4
37,North Carolina,37093,Hoke,2012,2016,Hispanic (all races),
37,North Carolina,37093,Hoke,2012,2016,American Indian/Alaskan Native (includes Hispanic),
37,North Carolina,37093,Hoke,2012,2016,White (includes Hispanic),8.4
37,North Carolina,37093,Hoke,2013,2017,Asian/Pacific Islander (includes Hispanic),
37,North Carolina,37093,Hoke,2013,2017,Black (includes Hispanic),7.9
37,North Carolina,37093,Hoke,2013,2017,Hispanic (all races),
37,North Carolina,37093,Hoke,2013,2017,American Indian/Alaskan Native (includes Hispanic),
37,North Carolina,37093,Hoke,2013,2017,White (includes Hispanic),9.0
37,North Carolina,37093,Hoke,2014,2018,Asian/Pacific Islander (includes Hispanic),
37,North Carolina,37093,Hoke,2014,2018,Black (includes Hispanic),7.5
37,North Carolina,37093,Hoke,2014,2018,Hispanic (all races),
37,North Carolina,37093,Hoke,2014,2018,American Indian/Alaskan Native (includes Hispanic),
37,North Carolina,37093,Hoke,2014,2018,White (includes Hispanic),9.0
37,North Carolina,37093,Hoke,2015,2019,Asian/Pacific Islander (includes Hispanic),
37,North Carolina,37093,Hoke,2015,2019,Black (includes Hispanic),8.4
37,North Carolina,37093,Hoke,2015,2019,Hispanic (all races),
37,North Carolina,37093,Hoke,2015,2019,American Indian/Alaskan Native (includes Hispanic),10.9
37,North Carolina,37093,Hoke,2015,2019,White (includes Hispanic),8.5
37,North Carolina,37093,Hoke,2016,2020,Asian/Pacific Islander (includes Hispanic),
37,North Carolina,37093,Hoke,2016,2020,Black (includes Hispanic),9.1
37,North Carolina,37093,Hoke,2016,2020,Hispanic (all races),
37,North Carolina,37093,Hoke,2016,2020,American Indian/Alaskan Native (includes Hispanic),10.8
37,North Carolina,37093,Hoke,2016,2020,White (includes Hispanic),8.6
37,North Carolina,37095,Hyde,2011,2015,Asian/Pacific Islander (includes Hispanic),
37,North Carolina,37095,Hyde,2011,2015,Black (includes Hispanic),
37,North Carolina,37095,Hyde,2011,2015,Hispanic (all races),
37,North Carolina,37095,Hyde,2011,2015,American Indian/Alaskan Native (includes Hispanic),
37,North Carolina,37095,Hyde,2011,2015,White (includes Hispanic),4.0
37,North Carolina,37095,Hyde,2012,2016,Asian/Pacific Islander (includes Hispanic),
37,North Carolina,37095,Hyde,2012,2016,Black (includes Hispanic),
37,North Carolina,37095,Hyde,2012,2016,Hispanic (all races),
37,North Carolina,37095,Hyde,2012,2016,American Indian/Alaskan Native (includes Hispanic),
37,North Carolina,37095,Hyde,2012,2016,White (includes Hispanic),5.2
37,North Carolina,37095,Hyde,2013,2017,Asian/Pacific Islander (includes Hispanic),
37,North Carolina,37095,Hyde,2013,2017,Black (includes Hispanic),
37,North Carolina,37095,Hyde,2013,2017,Hispanic (all races),
37,North Carolina,37095,Hyde,2013,2017,American Indian/Alaskan Native (includes Hispanic),
37,North Carolina,37095,Hyde,2013,2017,White (includes Hispanic),6.4
37,North Carolina,37095,Hyde,2014,2018,Asian/Pacific Islander (includes Hispanic),
37,North Carolina,37095,Hyde,2014,2018,Black (includes Hispanic),
37,North Carolina,37095,Hyde,2014,2018,Hispanic (all races),
37,North Carolina,37095,Hyde,2014,2018,American Indian/Alaskan Native (includes Hispanic),
37,North Carolina,37095,Hyde,2014,2018,White (includes Hispanic),6.4
37,North Carolina,37095,Hyde,2015,2019,Asian/Pacific Islander (includes Hispanic),
37,North Carolina,37095,Hyde,2015,2019,Black (includes Hispanic),
37,North Carolina,37095,Hyde,2015,2019,Hispanic (all races),
37,North Carolina,37095,Hyde,2015,2019,American Indian/Alaskan Native (includes Hispanic),
37,North Carolina,37095,Hyde,2015,2019,White (includes Hispanic),7.7
37,North Carolina,37095,Hyde,2016,2020,Asian/Pacific Islander (includes Hispanic),
37,North Carolina,37095,Hyde,2016,2020,Black (includes Hispanic),
37,North Carolina,37095,Hyde,2016,2020,Hispanic (all races),
37,North Carolina,37095,Hyde,2016,2020,American Indian/Alaskan Native (includes Hispanic),
37,North Carolina,37095,Hyde,2016,2020,White (includes Hispanic),6.6
37,North Carolina,37097,Iredell,2011,2015,Asian/Pacific Islander (includes Hispanic),
37,North Carolina,37097,Iredell,2011,2015,Black (includes Hispanic),8.8
37,North Carolina,37097,Iredell,2011,2015,Hispanic (all races),13.0
37,North Carolina,37097,Iredell,2011,2015,American Indian/Alaskan Native (includes Hispanic),
37,North Carolina,37097,Iredell,2011,2015,White (includes Hispanic),6.8
37,North Carolina,37097,Iredell,2012,2016,Asian/Pacific Islander (includes Hispanic),
37,North Carolina,37097,Iredell,2012,2016,Black (includes Hispanic),8.7
37,North Carolina,37097,Iredell,2012,2016,Hispanic (all races),10.9
37,North Carolina,37097,Iredell,2012,2016,American Indian/Alaskan Native (includes Hispanic),
37,North Carolina,37097,Iredell,2012,2016,White (includes Hispanic),6.4
37,North Carolina,37097,Iredell,2013,2017,Asian/Pacific Islander (includes Hispanic),
37,North Carolina,37097,Iredell,2013,2017,Black (includes Hispanic),8.5
37,North Carolina,37097,Iredell,2013,2017,Hispanic (all races),10.9
37,North Carolina,37097,Iredell,2013,2017,American Indian/Alaskan Native (includes Hispanic),
37,North Carolina,37097,Iredell,2013,2017,White (includes Hispanic),6.4
37,North Carolina,37097,Iredell,2014,2018,Asian/Pacific Islander (includes Hispanic),
37,North Carolina,37097,Iredell,2014,2018,Black (includes Hispanic),8.0
37,North Carolina,37097,Iredell,2014,2018,Hispanic (all races),10.9
37,North Carolina,37097,Iredell,2014,2018,American Indian/Alaskan Native (includes Hispanic),
37,North Carolina,37097,Iredell,2014,2018,White (includes Hispanic),6.4
37,North Carolina,37097,Iredell,2015,2019,Asian/Pacific Islander (includes Hispanic),
37,North Carolina,37097,Iredell,2015,2019,Black (includes Hispanic),7.5
37,North Carolina,37097,Iredell,2015,2019,Hispanic (all races),11.6
37,North Carolina,37097,Iredell,2015,2019,American Indian/Alaskan Native (includes Hispanic),
37,North Carolina,37097,Iredell,2015,2019,White (includes Hispanic),6.3
37,North Carolina,37097,Iredell,2016,2020,Asian/Pacific Islander (includes Hispanic),
37,North Carolina,37097,Iredell,2016,2020,Black (includes Hispanic),7.1
37,North Carolina,37097,Iredell,2016,2020,Hispanic (all races),11.7
37,North Carolina,37097,Iredell,2016,2020,American Indian/Alaskan Native (includes Hispanic),
37,North Carolina,37097,Iredell,2016,2020,White (includes Hispanic),6.2
37,North Carolina,37099,Jackson,2011,2015,Asian/Pacific Islander (includes Hispanic),
37,North Carolina,37099,Jackson,2011,2015,Black (includes Hispanic),
37,North Carolina,37099,Jackson,2011,2015,Hispanic (all races),
37,North Carolina,37099,Jackson,2011,2015,American Indian/Alaskan Native (includes Hispanic),
37,North Carolina,37099,Jackson,2011,2015,White (includes Hispanic),5.7
37,North Carolina,37099,Jackson,2012,2016,Asian/Pacific Islander (includes Hispanic),
37,North Carolina,37099,Jackson,2012,2016,Black (includes Hispanic),
37,North Carolina,37099,Jackson,2012,2016,Hispanic (all races),
37,North Carolina,37099,Jackson,2012,2016,American Indian/Alaskan Native (includes Hispanic),
37,North Carolina,37099,Jackson,2012,2016,White (includes Hispanic),6.8
37,North Carolina,37099,Jackson,2013,2017,Asian/Pacific Islander (includes Hispanic),
37,North Carolina,37099,Jackson,2013,2017,Black (includes Hispanic),
37,North Carolina,37099,Jackson,2013,2017,Hispanic (all races),
37,North Carolina,37099,Jackson,2013,2017,American Indian/Alaskan Native (includes Hispanic),
37,North Carolina,37099,Jackson,2013,2017,White (includes Hispanic),6.6
37,North Carolina,37099,Jackson,2014,2018,Asian/Pacific Islander (includes Hispanic),
37,North Carolina,37099,Jackson,2014,2018,Black (includes Hispanic),
37,North Carolina,37099,Jackson,2014,2018,Hispanic (all races),
37,North Carolina,37099,Jackson,2014,2018,American Indian/Alaskan Native (includes Hispanic),
37,North Carolina,37099,Jackson,2014,2018,White (includes Hispanic),7.6
37,North Carolina,37099,Jackson,2015,2019,Asian/Pacific Islander (includes Hispanic),
37,North Carolina,37099,Jackson,2015,2019,Black (includes Hispanic),
37,North Carolina,37099,Jackson,2015,2019,Hispanic (all races),
37,North Carolina,37099,Jackson,2015,2019,American Indian/Alaskan Native (includes Hispanic),
37,North Carolina,37099,Jackson,2015,2019,White (includes Hispanic),8.9
37,North Carolina,37099,Jackson,2016,2020,Asian/Pacific Islander (includes Hispanic),
37,North Carolina,37099,Jackson,2016,2020,Black (includes Hispanic),
37,North Carolina,37099,Jackson,2016,2020,Hispanic (all races),
37,North Carolina,37099,Jackson,2016,2020,American Indian/Alaskan Native (includes Hispanic),
37,North Carolina,37099,Jackson,2016,2020,White (includes Hispanic),8.0
37,North Carolina,37101,Johnston,2011,2015,Asian/Pacific Islander (includes Hispanic),
37,North Carolina,37101,Johnston,2011,2015,Black (includes Hispanic),9.1
37,North Carolina,37101,Johnston,2011,2015,Hispanic (all races),11.5
37,North Carolina,37101,Johnston,2011,2015,American Indian/Alaskan Native (includes Hispanic),
37,North Carolina,37101,Johnston,2011,2015,White (includes Hispanic),7.0
37,North Carolina,37101,Johnston,2012,2016,Asian/Pacific Islander (includes Hispanic),
37,North Carolina,37101,Johnston,2012,2016,Black (includes Hispanic),8.5
37,North Carolina,37101,Johnston,2012,2016,Hispanic (all races),14.3
37,North Carolina,37101,Johnston,2012,2016,American Indian/Alaskan Native (includes Hispanic),
37,North Carolina,37101,Johnston,2012,2016,White (includes Hispanic),6.7
37,North Carolina,37101,Johnston,2013,2017,Asian/Pacific Islander (includes Hispanic),
37,North Carolina,37101,Johnston,2013,2017,Black (includes Hispanic),7.5
37,North Carolina,37101,Johnston,2013,2017,Hispanic (all races),12.0
37,North Carolina,37101,Johnston,2013,2017,American Indian/Alaskan Native (includes Hispanic),
37,North Carolina,37101,Johnston,2013,2017,White (includes Hispanic),5.6
37,North Carolina,37101,Johnston,2014,2018,Asian/Pacific Islander (includes Hispanic),
37,North Carolina,37101,Johnston,2014,2018,Black (includes Hispanic),7.2
37,North Carolina,37101,Johnston,2014,2018,Hispanic (all races),13.1
37,North Carolina,37101,Johnston,2014,2018,American Indian/Alaskan Native (includes Hispanic),
37,North Carolina,37101,Johnston,2014,2018,White (includes Hispanic),5.2
37,North Carolina,37101,Johnston,2015,2019,Asian/Pacific Islander (includes Hispanic),
37,North Carolina,37101,Johnston,2015,2019,Black (includes Hispanic),6.4
37,North Carolina,37101,Johnston,2015,2019,Hispanic (all races),14.1
37,North Carolina,37101,Johnston,2015,2019,American Indian/Alaskan Native (includes Hispanic),
37,North Carolina,37101,Johnston,2015,2019,White (includes Hispanic),5.1
37,North Carolina,37101,Johnston,2016,2020,Asian/Pacific Islander (includes Hispanic),
37,North Carolina,37101,Johnston,2016,2020,Black (includes Hispanic),5.2
37,North Carolina,37101,Johnston,2016,2020,Hispanic (all races),12.4
37,North Carolina,37101,Johnston,2016,2020,American Indian/Alaskan Native (includes Hispanic),
37,North Carolina,37101,Johnston,2016,2020,White (includes Hispanic),5.2
37,North Carolina,37103,Jones,2011,2015,Asian/Pacific Islander (includes Hispanic),
37,North Carolina,37103,Jones,2011,2015,Black (includes Hispanic),11.1
37,North Carolina,37103,Jones,2011,2015,Hispanic (all races),
37,North Carolina,37103,Jones,2011,2015,American Indian/Alaskan Native (includes Hispanic),
37,North Carolina,37103,Jones,2011,2015,White (includes Hispanic),8.4
37,North Carolina,37103,Jones,2012,2016,Asian/Pacific Islander (includes Hispanic),
37,North Carolina,37103,Jones,2012,2016,Black (includes Hispanic),10.6
37,North Carolina,37103,Jones,2012,2016,Hispanic (all races),
37,North Carolina,37103,Jones,2012,2016,American Indian/Alaskan Native (includes Hispanic),
37,North Carolina,37103,Jones,2012,2016,White (includes Hispanic),9.6
37,North Carolina,37103,Jones,2013,2017,Asian/Pacific Islander (includes Hispanic),
37,North Carolina,37103,Jones,2013,2017,Black (includes Hispanic),9.1
37,North Carolina,37103,Jones,2013,2017,Hispanic (all races),
37,North Carolina,37103,Jones,2013,2017,American Indian/Alaskan Native (includes Hispanic),
37,North Carolina,37103,Jones,2013,2017,White (includes Hispanic),9.9
37,North Carolina,37103,Jones,2014,2018,Asian/Pacific Islander (includes Hispanic),
37,North Carolina,37103,Jones,2014,2018,Black (includes Hispanic),9.4
37,North Carolina,37103,Jones,2014,2018,Hispanic (all races),
37,North Carolina,37103,Jones,2014,2018,American Indian/Alaskan Native (includes Hispanic),
37,North Carolina,37103,Jones,2014,2018,White (includes Hispanic),10.8
37,North Carolina,37103,Jones,2015,2019,Asian/Pacific Islander (includes Hispanic),
37,North Carolina,37103,Jones,2015,2019,Black (includes Hispanic),11.6
37,North Carolina,37103,Jones,2015,2019,Hispanic (all races),
37,North Carolina,37103,Jones,2015,2019,American Indian/Alaskan Native (includes Hispanic),
37,North Carolina,37103,Jones,2015,2019,White (includes Hispanic),10.8
37,North Carolina,37103,Jones,2016,2020,Asian/Pacific Islander (includes Hispanic),
37,North Carolina,37103,Jones,2016,2020,Black (includes Hispanic),10.2
37,North Carolina,37103,Jones,2016,2020,Hispanic (all races),
37,North Carolina,37103,Jones,2016,2020,American Indian/Alaskan Native (includes Hispanic),
37,North Carolina,37103,Jones,2016,2020,White (includes Hispanic),10.4
37,North Carolina,37105,Lee,2011,2015,Asian/Pacific Islander (includes Hispanic),
37,North Carolina,37105,Lee,2011,2015,Black (includes Hispanic),
37,North Carolina,37105,Lee,2011,2015,Hispanic (all races),
37,North Carolina,37105,Lee,2011,2015,American Indian/Alaskan Native (includes Hispanic),
37,North Carolina,37105,Lee,2011,2015,White (includes Hispanic),9.0
37,North Carolina,37105,Lee,2012,2016,Asian/Pacific Islander (includes Hispanic),
37,North Carolina,37105,Lee,2012,2016,Black (includes Hispanic),
37,North Carolina,37105,Lee,2012,2016,Hispanic (all races),
37,North Carolina,37105,Lee,2012,2016,American Indian/Alaskan Native (includes Hispanic),
37,North Carolina,37105,Lee,2012,2016,White (includes Hispanic),9.0
37,North Carolina,37105,Lee,2013,2017,Asian/Pacific Islander (includes Hispanic),
37,North Carolina,37105,Lee,2013,2017,Black (includes Hispanic),
37,North Carolina,37105,Lee,2013,2017,Hispanic (all races),
37,North Carolina,37105,Lee,2013,2017,American Indian/Alaskan Native (includes Hispanic),
37,North Carolina,37105,Lee,2013,2017,White (includes Hispanic),8.4
37,North Carolina,37105,Lee,2014,2018,Asian/Pacific Islander (includes Hispanic),
37,North Carolina,37105,Lee,2014,2018,Black (includes Hispanic),
37,North Carolina,37105,Lee,2014,2018,Hispanic (all races),
37,North Carolina,37105,Lee,2014,2018,American Indian/Alaskan Native (includes Hispanic),
37,North Carolina,37105,Lee,2014,2018,White (includes Hispanic),9.1
37,North Carolina,37105,Lee,2015,2019,Asian/Pacific Islander (includes Hispanic),
37,North Carolina,37105,Lee,2015,2019,Black (includes Hispanic),
37,North Carolina,37105,Lee,2015,2019,Hispanic (all races),
37,North Carolina,37105,Lee,2015,2019,American Indian/Alaskan Native (includes Hispanic),
37,North Carolina,37105,Lee,2015,2019,White (includes Hispanic),7.4
37,North Carolina,37105,Lee,2016,2020,Asian/Pacific Islander (includes Hispanic),
37,North Carolina,37105,Lee,2016,2020,Black (includes Hispanic),
37,North Carolina,37105,Lee,2016,2020,Hispanic (all races),
37,North Carolina,37105,Lee,2016,2020,American Indian/Alaskan Native (includes Hispanic),
37,North Carolina,37105,Lee,2016,2020,White (includes Hispanic),5.8
37,North Carolina,37107,Lenoir,2011,2015,Asian/Pacific Islander (includes Hispanic),
37,North Carolina,37107,Lenoir,2011,2015,Black (includes Hispanic),10.1
37,North Carolina,37107,Lenoir,2011,2015,Hispanic (all races),
37,North Carolina,37107,Lenoir,2011,2015,American Indian/Alaskan Native (includes Hispanic),
37,North Carolina,37107,Lenoir,2011,2015,White (includes Hispanic),8.4
37,North Carolina,37107,Lenoir,2012,2016,Asian/Pacific Islander (includes Hispanic),
37,North Carolina,37107,Lenoir,2012,2016,Black (includes Hispanic),10.8
37,North Carolina,37107,Lenoir,2012,2016,Hispanic (all races),
37,North Carolina,37107,Lenoir,2012,2016,American Indian/Alaskan Native (includes Hispanic),
37,North Carolina,37107,Lenoir,2012,2016,White (includes Hispanic),8.7
37,North Carolina,37107,Lenoir,2013,2017,Asian/Pacific Islander (includes Hispanic),
37,North Carolina,37107,Lenoir,2013,2017,Black (includes Hispanic),9.9
37,North Carolina,37107,Lenoir,2013,2017,Hispanic (all races),
37,North Carolina,37107,Lenoir,2013,2017,American Indian/Alaskan Native (includes Hispanic),
37,North Carolina,37107,Lenoir,2013,2017,White (includes Hispanic),8.2
37,North Carolina,37107,Lenoir,2014,2018,Asian/Pacific Islander (includes Hispanic),
37,North Carolina,37107,Lenoir,2014,2018,Black (includes Hispanic),8.4
37,North Carolina,37107,Lenoir,2014,2018,Hispanic (all races),
37,North Carolina,37107,Lenoir,2014,2018,American Indian/Alaskan Native (includes Hispanic),
37,North Carolina,37107,Lenoir,2014,2018,White (includes Hispanic),9.2
37,North Carolina,37107,Lenoir,2015,2019,Asian/Pacific Islander (includes Hispanic),
37,North Carolina,37107,Lenoir,2015,2019,Black (includes Hispanic),8.1
37,North Carolina,37107,Lenoir,2015,2019,Hispanic (all races),
37,North Carolina,37107,Lenoir,2015,2019,American Indian/Alaskan Native (includes Hispanic),
37,North Carolina,37107,Lenoir,2015,2019,White (includes Hispanic),9.3
37,North Carolina,37107,Lenoir,2016,2020,Asian/Pacific Islander (includes Hispanic),
37,North Carolina,37107,Lenoir,2016,2020,Black (includes Hispanic),7.1
37,North Carolina,37107,Lenoir,2016,2020,Hispanic (all races),
37,North Carolina,37107,Lenoir,2016,2020,American Indian/Alaskan Native (includes Hispanic),
37,North Carolina,37107,Lenoir,2016,2020,White (includes Hispanic),9.6
37,North Carolina,37109,Lincoln,2011,2015,Asian/Pacific Islander (includes Hispanic),
37,North Carolina,37109,Lincoln,2011,2015,Black (includes Hispanic),8.1
37,North Carolina,37109,Lincoln,2011,2015,Hispanic (all races),12.1
37,North Carolina,37109,Lincoln,2011,2015,American Indian/Alaskan Native (includes Hispanic),
37,North Carolina,37109,Lincoln,2011,2015,White (includes Hispanic),7.0
37,North Carolina,37109,Lincoln,2012,2016,Asian/Pacific Islander (includes Hispanic),
37,North Carolina,37109,Lincoln,2012,2016,Black (includes Hispanic),7.6
37,North Carolina,37109,Lincoln,2012,2016,Hispanic (all races),9.6
37,North Carolina,37109,Lincoln,2012,2016,American Indian/Alaskan Native (includes Hispanic),
37,North Carolina,37109,Lincoln,2012,2016,White (includes Hispanic),6.8
37,North Carolina,37109,Lincoln,2013,2017,Asian/Pacific Islander (includes Hispanic),
37,North Carolina,37109,Lincoln,2013,2017,Black (includes Hispanic),7.8
37,North Carolina,37109,Lincoln,2013,2017,Hispanic (all races),10.0
37,North Carolina,37109,Lincoln,2013,2017,American Indian/Alaskan Native (includes Hispanic),
37,North Carolina,37109,Lincoln,2013,2017,White (includes Hispanic),6.7
37,North Carolina,37109,Lincoln,2014,2018,Asian/Pacific Islander (includes Hispanic),
37,North Carolina,37109,Lincoln,2014,2018,Black (includes Hispanic),7.6
37,North Carolina,37109,Lincoln,2014,2018,Hispanic (all races),11.5
37,North Carolina,37109,Lincoln,2014,2018,American Indian/Alaskan Native (includes Hispanic),
37,North Carolina,37109,Lincoln,2014,2018,White (includes Hispanic),7.0
37,North Carolina,37109,Lincoln,2015,2019,Asian/Pacific Islander (includes Hispanic),
37,North Carolina,37109,Lincoln,2015,2019,Black (includes Hispanic),7.2
37,North Carolina,37109,Lincoln,2015,2019,Hispanic (all races),12.8
37,North Carolina,37109,Lincoln,2015,2019,American Indian/Alaskan Native (includes Hispanic),
37,North Carolina,37109,Lincoln,2015,2019,White (includes Hispanic),7.1
37,North Carolina,37109,Lincoln,2016,2020,Asian/Pacific Islander (includes Hispanic),
37,North Carolina,37109,Lincoln,2016,2020,Black (includes Hispanic),7.0
37,North Carolina,37109,Lincoln,2016,2020,Hispanic (all races),13.2
37,North Carolina,37109,Lincoln,2016,2020,American Indian/Alaskan Native (includes Hispanic),
37,North Carolina,37109,Lincoln,2016,2020,White (includes Hispanic),7.0
37,North Carolina,37113,Macon,2011,2015,Asian/Pacific Islander (includes Hispanic),
37,North Carolina,37113,Macon,2011,2015,Black (includes Hispanic),
37,North Carolina,37113,Macon,2011,2015,Hispanic (all races),
37,North Carolina,37113,Macon,2011,2015,American Indian/Alaskan Native (includes Hispanic),
37,North Carolina,37113,Macon,2011,2015,White (includes Hispanic),5.8
37,North Carolina,37113,Macon,2012,2016,Asian/Pacific Islander (includes Hispanic),
37,North Carolina,37113,Macon,2012,2016,Black (includes Hispanic),
37,North Carolina,37113,Macon,2012,2016,Hispanic (all races),
37,North Carolina,37113,Macon,2012,2016,American Indian/Alaskan Native (includes Hispanic),
37,North Carolina,37113,Macon,2012,2016,White (includes Hispanic),5.8
37,North Carolina,37113,Macon,2013,2017,Asian/Pacific Islander (includes Hispanic),
37,North Carolina,37113,Macon,2013,2017,Black (includes Hispanic),
37,North Carolina,37113,Macon,2013,2017,Hispanic (all races),
37,North Carolina,37113,Macon,2013,2017,American Indian/Alaskan Native (includes Hispanic),
37,North Carolina,37113,Macon,2013,2017,White (includes Hispanic),5.2
37,North Carolina,37113,Macon,2014,2018,Asian/Pacific Islander (includes Hispanic),
37,North Carolina,37113,Macon,2014,2018,Black (includes Hispanic),
37,North Carolina,37113,Macon,2014,2018,Hispanic (all races),
37,North Carolina,37113,Macon,2014,2018,American Indian/Alaskan Native (includes Hispanic),
37,North Carolina,37113,Macon,2014,2018,White (includes Hispanic),5.8
37,North Carolina,37113,Macon,2015,2019,Asian/Pacific Islander (includes Hispanic),
37,North Carolina,37113,Macon,2015,2019,Black (includes Hispanic),
37,North Carolina,37113,Macon,2015,2019,Hispanic (all races),
37,North Carolina,37113,Macon,2015,2019,American Indian/Alaskan Native (includes Hispanic),
37,North Carolina,37113,Macon,2015,2019,White (includes Hispanic),7.2
37,North Carolina,37113,Macon,2016,2020,Asian/Pacific Islander (includes Hispanic),
37,North Carolina,37113,Macon,2016,2020,Black (includes Hispanic),
37,North Carolina,37113,Macon,2016,2020,Hispanic (all races),
37,North Carolina,37113,Macon,2016,2020,American Indian/Alaskan Native (includes Hispanic),
37,North Carolina,37113,Macon,2016,2020,White (includes Hispanic),7.0
37,North Carolina,37115,Madison,2011,2015,Asian/Pacific Islander (includes Hispanic),
37,North Carolina,37115,Madison,2011,2015,Black (includes Hispanic),
37,North Carolina,37115,Madison,2011,2015,Hispanic (all races),
37,North Carolina,37115,Madison,2011,2015,American Indian/Alaskan Native (includes Hispanic),
37,North Carolina,37115,Madison,2011,2015,White (includes Hispanic),7.5
37,North Carolina,37115,Madison,2012,2016,Asian/Pacific Islander (includes Hispanic),
37,North Carolina,37115,Madison,2012,2016,Black (includes Hispanic),
37,North Carolina,37115,Madison,2012,2016,Hispanic (all races),
37,North Carolina,37115,Madison,2012,2016,American Indian/Alaskan Native (includes Hispanic),
37,North Carolina,37115,Madison,2012,2016,White (includes Hispanic),8.0
37,North Carolina,37115,Madison,2013,2017,Asian/Pacific Islander (includes Hispanic),
37,North Carolina,37115,Madison,2013,2017,Black (includes Hispanic),
37,North Carolina,37115,Madison,2013,2017,Hispanic (all races),
37,North Carolina,37115,Madison,2013,2017,American Indian/Alaskan Native (includes Hispanic),
37,North Carolina,37115,Madison,2013,2017,White (includes Hispanic),7.7
37,North Carolina,37115,Madison,2014,2018,Asian/Pacific Islander (includes Hispanic),
37,North Carolina,37115,Madison,2014,2018,Black (includes Hispanic),
37,North Carolina,37115,Madison,2014,2018,Hispanic (all races),
37,North Carolina,37115,Madison,2014,2018,American Indian/Alaskan Native (includes Hispanic),
37,North Carolina,37115,Madison,2014,2018,White (includes Hispanic),8.3
37,North Carolina,37115,Madison,2015,2019,Asian/Pacific Islander (includes Hispanic),
37,North Carolina,37115,Madison,2015,2019,Black (includes Hispanic),
37,North Carolina,37115,Madison,2015,2019,Hispanic (all races),
37,North Carolina,37115,Madison,2015,2019,American Indian/Alaskan Native (includes Hispanic),
37,North Carolina,37115,Madison,2015,2019,White (includes Hispanic),8.3
37,North Carolina,37115,Madison,2016,2020,Asian/Pacific Islander (includes Hispanic),
37,North Carolina,37115,Madison,2016,2020,Black (includes Hispanic),
37,North Carolina,37115,Madison,2016,2020,Hispanic (all races),
37,North Carolina,37115,Madison,2016,2020,American Indian/Alaskan Native (includes Hispanic),
37,North Carolina,37115,Madison,2016,2020,White (includes Hispanic),7.8
37,North Carolina,37117,Martin,2011,2015,Asian/Pacific Islander (includes Hispanic),
37,North Carolina,37117,Martin,2011,2015,Black (includes Hispanic),8.7
37,North Carolina,37117,Martin,2011,2015,Hispanic (all races),
37,North Carolina,37117,Martin,2011,2015,American Indian/Alaskan Native (includes Hispanic),
37,North Carolina,37117,Martin,2011,2015,White (includes Hispanic),6.6
37,North Carolina,37117,Martin,2012,2016,Asian/Pacific Islander (includes Hispanic),
37,North Carolina,37117,Martin,2012,2016,Black (includes Hispanic),8.8
37,North Carolina,37117,Martin,2012,2016,Hispanic (all races),
37,North Carolina,37117,Martin,2012,2016,American Indian/Alaskan Native (includes Hispanic),
37,North Carolina,37117,Martin,2012,2016,White (includes Hispanic),5.9
37,North Carolina,37117,Martin,2013,2017,Asian/Pacific Islander (includes Hispanic),
37,North Carolina,37117,Martin,2013,2017,Black (includes Hispanic),8.8
37,North Carolina,37117,Martin,2013,2017,Hispanic (all races),
37,North Carolina,37117,Martin,2013,2017,American Indian/Alaskan Native (includes Hispanic),
37,North Carolina,37117,Martin,2013,2017,White (includes Hispanic),6.0
37,North Carolina,37117,Martin,2014,2018,Asian/Pacific Islander (includes Hispanic),
37,North Carolina,37117,Martin,2014,2018,Black (includes Hispanic),7.9
37,North Carolina,37117,Martin,2014,2018,Hispanic (all races),
37,North Carolina,37117,Martin,2014,2018,American Indian/Alaskan Native (includes Hispanic),
37,North Carolina,37117,Martin,2014,2018,White (includes Hispanic),7.4
37,North Carolina,37117,Martin,2015,2019,Asian/Pacific Islander (includes Hispanic),
37,North Carolina,37117,Martin,2015,2019,Black (includes Hispanic),7.5
37,North Carolina,37117,Martin,2015,2019,Hispanic (all races),
37,North Carolina,37117,Martin,2015,2019,American Indian/Alaskan Native (includes Hispanic),
37,North Carolina,37117,Martin,2015,2019,White (includes Hispanic),8.4
37,North Carolina,37117,Martin,2016,2020,Asian/Pacific Islander (includes Hispanic),
37,North Carolina,37117,Martin,2016,2020,Black (includes Hispanic),8.3
37,North Carolina,37117,Martin,2016,2020,Hispanic (all races),
37,North Carolina,37117,Martin,2016,2020,American Indian/Alaskan Native (includes Hispanic),
37,North Carolina,37117,Martin,2016,2020,White (includes Hispanic),9.6
37,North Carolina,37111,McDowell,2011,2015,Asian/Pacific Islander (includes Hispanic),
37,North Carolina,37111,McDowell,2011,2015,Black (includes Hispanic),
37,North Carolina,37111,McDowell,2011,2015,Hispanic (all races),
37,North Carolina,37111,McDowell,2011,2015,American Indian/Alaskan Native (includes Hispanic),
37,North Carolina,37111,McDowell,2011,2015,White (includes Hispanic),8.1
37,North Carolina,37111,McDowell,2012,2016,Asian/Pacific Islander (includes Hispanic),
37,North Carolina,37111,McDowell,2012,2016,Black (includes Hispanic),
37,North Carolina,37111,McDowell,2012,2016,Hispanic (all races),
37,North Carolina,37111,McDowell,2012,2016,American Indian/Alaskan Native (includes Hispanic),
37,North Carolina,37111,McDowell,2012,2016,White (includes Hispanic),8.2
37,North Carolina,37111,McDowell,2013,2017,Asian/Pacific Islander (includes Hispanic),
37,North Carolina,37111,McDowell,2013,2017,Black (includes Hispanic),
37,North Carolina,37111,McDowell,2013,2017,Hispanic (all races),
37,North Carolina,37111,McDowell,2013,2017,American Indian/Alaskan Native (includes Hispanic),
37,North Carolina,37111,McDowell,2013,2017,White (includes Hispanic),7.7
37,North Carolina,37111,McDowell,2014,2018,Asian/Pacific Islander (includes Hispanic),
37,North Carolina,37111,McDowell,2014,2018,Black (includes Hispanic),
37,North Carolina,37111,McDowell,2014,2018,Hispanic (all races),
37,North Carolina,37111,McDowell,2014,2018,American Indian/Alaskan Native (includes Hispanic),
37,North Carolina,37111,McDowell,2014,2018,White (includes Hispanic),7.6
37,North Carolina,37111,McDowell,2015,2019,Asian/Pacific Islander (includes Hispanic),
37,North Carolina,37111,McDowell,2015,2019,Black (includes Hispanic),
37,North Carolina,37111,McDowell,2015,2019,Hispanic (all races),
37,North Carolina,37111,McDowell,2015,2019,American Indian/Alaskan Native (includes Hispanic),
37,North Carolina,37111,McDowell,2015,2019,White (includes Hispanic),6.9
37,North Carolina,37111,McDowell,2016,2020,Asian/Pacific Islander (includes Hispanic),
37,North Carolina,37111,McDowell,2016,2020,Black (includes Hispanic),
37,North Carolina,37111,McDowell,2016,2020,Hispanic (all races),
37,North Carolina,37111,McDowell,2016,2020,American Indian/Alaskan Native (includes Hispanic),
37,North Carolina,37111,McDowell,2016,2020,White (includes Hispanic),6.8
37,North Carolina,37119,Mecklenburg,2011,2015,Asian/Pacific Islander (includes Hispanic),
37,North Carolina,37119,Mecklenburg,2011,2015,Black (includes Hispanic),7.5
37,North Carolina,37119,Mecklenburg,2011,2015,Hispanic (all races),11.9
37,North Carolina,37119,Mecklenburg,2011,2015,American Indian/Alaskan Native (includes Hispanic),
37,North Carolina,37119,Mecklenburg,2011,2015,White (includes Hispanic),6.6
37,North Carolina,37119,Mecklenburg,2012,2016,Asian/Pacific Islander (includes Hispanic),
37,North Carolina,37119,Mecklenburg,2012,2016,Black (includes Hispanic),7.3
37,North Carolina,37119,Mecklenburg,2012,2016,Hispanic (all races),9.3
37,North Carolina,37119,Mecklenburg,2012,2016,American Indian/Alaskan Native (includes Hispanic),
37,North Carolina,37119,Mecklenburg,2012,2016,White (includes Hispanic),6.4
37,North Carolina,37119,Mecklenburg,2013,2017,Asian/Pacific Islander (includes Hispanic),
37,North Carolina,37119,Mecklenburg,2013,2017,Black (includes Hispanic),7.3
37,North Carolina,37119,Mecklenburg,2013,2017,Hispanic (all races),9.3
37,North Carolina,37119,Mecklenburg,2013,2017,American Indian/Alaskan Native (includes Hispanic),
37,North Carolina,37119,Mecklenburg,2013,2017,White (includes Hispanic),6.7
37,North Carolina,37119,Mecklenburg,2014,2018,Asian/Pacific Islander (includes Hispanic),
37,North Carolina,37119,Mecklenburg,2014,2018,Black (includes Hispanic),7.2
37,North Carolina,37119,Mecklenburg,2014,2018,Hispanic (all races),10.0
37,North Carolina,37119,Mecklenburg,2014,2018,American Indian/Alaskan Native (includes Hispanic),
37,North Carolina,37119,Mecklenburg,2014,2018,White (includes Hispanic),6.9
37,North Carolina,37119,Mecklenburg,2015,2019,Asian/Pacific Islander (includes Hispanic),
37,North Carolina,37119,Mecklenburg,2015,2019,Black (includes Hispanic),7.2
37,North Carolina,37119,Mecklenburg,2015,2019,Hispanic (all races),11.6
37,North Carolina,37119,Mecklenburg,2015,2019,American Indian/Alaskan Native (includes Hispanic),
37,North Carolina,37119,Mecklenburg,2015,2019,White (includes Hispanic),7.0
37,North Carolina,37119,Mecklenburg,2016,2020,Asian/Pacific Islander (includes Hispanic),
37,North Carolina,37119,Mecklenburg,2016,2020,Black (includes Hispanic),7.1
37,North Carolina,37119,Mecklenburg,2016,2020,Hispanic (all races),12.0
37,North Carolina,37119,Mecklenburg,2016,2020,American Indian/Alaskan Native (includes Hispanic),
37,North Carolina,37119,Mecklenburg,2016,2020,White (includes Hispanic),7.0
37,North Carolina,37121,Mitchell,2011,2015,Asian/Pacific Islander (includes Hispanic),
37,North Carolina,37121,Mitchell,2011,2015,Black (includes Hispanic),
37,North Carolina,37121,Mitchell,2011,2015,Hispanic (all races),
37,North Carolina,37121,Mitchell,2011,2015,American Indian/Alaskan Native (includes Hispanic),
37,North Carolina,37121,Mitchell,2011,2015,White (includes Hispanic),10.4
37,North Carolina,37121,Mitchell,2012,2016,Asian/Pacific Islander (includes Hispanic),
37,North Carolina,37121,Mitchell,2012,2016,Black (includes Hispanic),
37,North Carolina,37121,Mitchell,2012,2016,Hispanic (all races),
37,North Carolina,37121,Mitchell,2012,2016,American Indian/Alaskan Native (includes Hispanic),
37,North Carolina,37121,Mitchell,2012,2016,White (includes Hispanic),10.7
37,North Carolina,37121,Mitchell,2013,2017,Asian/Pacific Islander (includes Hispanic),
37,North Carolina,37121,Mitchell,2013,2017,Black (includes Hispanic),
37,North Carolina,37121,Mitchell,2013,2017,Hispanic (all races),
37,North Carolina,37121,Mitchell,2013,2017,American Indian/Alaskan Native (includes Hispanic),
37,North Carolina,37121,Mitchell,2013,2017,White (includes Hispanic),11.5
37,North Carolina,37121,Mitchell,2014,2018,Asian/Pacific Islander (includes Hispanic),
37,North Carolina,37121,Mitchell,2014,2018,Black (includes Hispanic),
37,North Carolina,37121,Mitchell,2014,2018,Hispanic (all races),
37,North Carolina,37121,Mitchell,2014,2018,American Indian/Alaskan Native (includes Hispanic),
37,North Carolina,37121,Mitchell,2014,2018,White (includes Hispanic),11.1
37,North Carolina,37121,Mitchell,2015,2019,Asian/Pacific Islander (includes Hispanic),
37,North Carolina,37121,Mitchell,2015,2019,Black (includes Hispanic),
37,North Carolina,37121,Mitchell,2015,2019,Hispanic (all races),
37,North Carolina,37121,Mitchell,2015,2019,American Indian/Alaskan Native (includes Hispanic),
37,North Carolina,37121,Mitchell,2015,2019,White (includes Hispanic),9.6
37,North Carolina,37121,Mitchell,2016,2020,Asian/Pacific Islander (includes Hispanic),
37,North Carolina,37121,Mitchell,2016,2020,Black (includes Hispanic),
37,North Carolina,37121,Mitchell,2016,2020,Hispanic (all races),
37,North Carolina,37121,Mitchell,2016,2020,American Indian/Alaskan Native (includes Hispanic),
37,North Carolina,37121,Mitchell,2016,2020,White (includes Hispanic),7.6
37,North Carolina,37123,Montgomery,2011,2015,Asian/Pacific Islander (includes Hispanic),
37,North Carolina,37123,Montgomery,2011,2015,Black (includes Hispanic),10.1
37,North Carolina,37123,Montgomery,2011,2015,Hispanic (all races),
37,North Carolina,37123,Montgomery,2011,2015,American Indian/Alaskan Native (includes Hispanic),
37,North Carolina,37123,Montgomery,2011,2015,White (includes Hispanic),7.7
37,North Carolina,37123,Montgomery,2012,2016,Asian/Pacific Islander (includes Hispanic),
37,North Carolina,37123,Montgomery,2012,2016,Black (includes Hispanic),11.1
37,North Carolina,37123,Montgomery,2012,2016,Hispanic (all races),
37,North Carolina,37123,Montgomery,2012,2016,American Indian/Alaskan Native (includes Hispanic),
37,North Carolina,37123,Montgomery,2012,2016,White (includes Hispanic),8.0
37,North Carolina,37123,Montgomery,2013,2017,Asian/Pacific Islander (includes Hispanic),
37,North Carolina,37123,Montgomery,2013,2017,Black (includes Hispanic),10.3
37,North Carolina,37123,Montgomery,2013,2017,Hispanic (all races),
37,North Carolina,37123,Montgomery,2013,2017,American Indian/Alaskan Native (includes Hispanic),
37,North Carolina,37123,Montgomery,2013,2017,White (includes Hispanic),8.3
37,North Carolina,37123,Montgomery,2014,2018,Asian/Pacific Islander (includes Hispanic),
37,North Carolina,37123,Montgomery,2014,2018,Black (includes Hispanic),9.4
37,North Carolina,37123,Montgomery,2014,2018,Hispanic (all races),
37,North Carolina,37123,Montgomery,2014,2018,American Indian/Alaskan Native (includes Hispanic),
37,North Carolina,37123,Montgomery,2014,2018,White (includes Hispanic),7.9
37,North Carolina,37123,Montgomery,2015,2019,Asian/Pacific Islander (includes Hispanic),
37,North Carolina,37123,Montgomery,2015,2019,Black (includes Hispanic),8.8
37,North Carolina,37123,Montgomery,2015,2019,Hispanic (all races),
37,North Carolina,37123,Montgomery,2015,2019,American Indian/Alaskan Native (includes Hispanic),
37,North Carolina,37123,Montgomery,2015,2019,White (includes Hispanic),6.8
37,North Carolina,37123,Montgomery,2016,2020,Asian/Pacific Islander (includes Hispanic),
37,North Carolina,37123,Montgomery,2016,2020,Black (includes Hispanic),8.9
37,North Carolina,37123,Montgomery,2016,2020,Hispanic (all races),
37,North Carolina,37123,Montgomery,2016,2020,American Indian/Alaskan Native (includes Hispanic),
37,North Carolina,37123,Montgomery,2016,2020,White (includes Hispanic),6.9
37,North Carolina,37125,Moore,2011,2015,Asian/Pacific Islander (includes Hispanic),
37,North Carolina,37125,Moore,2011,2015,Black (includes Hispanic),7.6
37,North Carolina,37125,Moore,2011,2015,Hispanic (all races),
37,North Carolina,37125,Moore,2011,2015,American Indian/Alaskan Native (includes Hispanic),
37,North Carolina,37125,Moore,2011,2015,White (includes Hispanic),8.8
37,North Carolina,37125,Moore,2012,2016,Asian/Pacific Islander (includes Hispanic),
37,North Carolina,37125,Moore,2012,2016,Black (includes Hispanic),6.6
37,North Carolina,37125,Moore,2012,2016,Hispanic (all races),
37,North Carolina,37125,Moore,2012,2016,American Indian/Alaskan Native (includes Hispanic),
37,North Carolina,37125,Moore,2012,2016,White (includes Hispanic),8.5
37,North Carolina,37125,Moore,2013,2017,Asian/Pacific Islander (includes Hispanic),
37,North Carolina,37125,Moore,2013,2017,Black (includes Hispanic),7.3
37,North Carolina,37125,Moore,2013,2017,Hispanic (all races),
37,North Carolina,37125,Moore,2013,2017,American Indian/Alaskan Native (includes Hispanic),
37,North Carolina,37125,Moore,2013,2017,White (includes Hispanic),8.1
37,North Carolina,37125,Moore,2014,2018,Asian/Pacific Islander (includes Hispanic),
37,North Carolina,37125,Moore,2014,2018,Black (includes Hispanic),7.2
37,North Carolina,37125,Moore,2014,2018,Hispanic (all races),10.9
37,North Carolina,37125,Moore,2014,2018,American Indian/Alaskan Native (includes Hispanic),
37,North Carolina,37125,Moore,2014,2018,White (includes Hispanic),8.1
37,North Carolina,37125,Moore,2015,2019,Asian/Pacific Islander (includes Hispanic),
37,North Carolina,37125,Moore,2015,2019,Black (includes Hispanic),7.9
37,North Carolina,37125,Moore,2015,2019,Hispanic (all races),10.3
37,North Carolina,37125,Moore,2015,2019,American Indian/Alaskan Native (includes Hispanic),
37,North Carolina,37125,Moore,2015,2019,White (includes Hispanic),7.1
37,North Carolina,37125,Moore,2016,2020,Asian/Pacific Islander (includes Hispanic),
37,North Carolina,37125,Moore,2016,2020,Black (includes Hispanic),8.7
37,North Carolina,37125,Moore,2016,2020,Hispanic (all races),10.4
37,North Carolina,37125,Moore,2016,2020,American Indian/Alaskan Native (includes Hispanic),
37,North Carolina,37125,Moore,2016,2020,White (includes Hispanic),6.1
37,North Carolina,37127,Nash,2011,2015,Asian/Pacific Islander (includes Hispanic),
37,North Carolina,37127,Nash,2011,2015,Black (includes Hispanic),8.8
37,North Carolina,37127,Nash,2011,2015,Hispanic (all races),10.2
37,North Carolina,37127,Nash,2011,2015,American Indian/Alaskan Native (includes Hispanic),
37,North Carolina,37127,Nash,2011,2015,White (includes Hispanic),6.2
37,North Carolina,37127,Nash,2012,2016,Asian/Pacific Islander (includes Hispanic),
37,North Carolina,37127,Nash,2012,2016,Black (includes Hispanic),8.4
37,North Carolina,37127,Nash,2012,2016,Hispanic (all races),11.5
37,North Carolina,37127,Nash,2012,2016,American Indian/Alaskan Native (includes Hispanic),
37,North Carolina,37127,Nash,2012,2016,White (includes Hispanic),6.0
37,North Carolina,37127,Nash,2013,2017,Asian/Pacific Islander (includes Hispanic),
37,North Carolina,37127,Nash,2013,2017,Black (includes Hispanic),7.4
37,North Carolina,37127,Nash,2013,2017,Hispanic (all races),9.7
37,North Carolina,37127,Nash,2013,2017,American Indian/Alaskan Native (includes Hispanic),
37,North Carolina,37127,Nash,2013,2017,White (includes Hispanic),5.1
37,North Carolina,37127,Nash,2014,2018,Asian/Pacific Islander (includes Hispanic),
37,North Carolina,37127,Nash,2014,2018,Black (includes Hispanic),7.4
37,North Carolina,37127,Nash,2014,2018,Hispanic (all races),9.5
37,North Carolina,37127,Nash,2014,2018,American Indian/Alaskan Native (includes Hispanic),
37,North Carolina,37127,Nash,2014,2018,White (includes Hispanic),4.8
37,North Carolina,37127,Nash,2015,2019,Asian/Pacific Islander (includes Hispanic),
37,North Carolina,37127,Nash,2015,2019,Black (includes Hispanic),6.7
37,North Carolina,37127,Nash,2015,2019,Hispanic (all races),11.3
37,North Carolina,37127,Nash,2015,2019,American Indian/Alaskan Native (includes Hispanic),
37,North Carolina,37127,Nash,2015,2019,White (includes Hispanic),4.9
37,North Carolina,37127,Nash,2016,2020,Asian/Pacific Islander (includes Hispanic),
37,North Carolina,37127,Nash,2016,2020,Black (includes Hispanic),6.0
37,North Carolina,37127,Nash,2016,2020,Hispanic (all races),10.7
37,North Carolina,37127,Nash,2016,2020,American Indian/Alaskan Native (includes Hispanic),
37,North Carolina,37127,Nash,2016,2020,White (includes Hispanic),5.2
37,North Carolina,37129,New Hanover,2011,2015,Asian/Pacific Islander (includes Hispanic),
37,North Carolina,37129,New Hanover,2011,2015,Black (includes Hispanic),
37,North Carolina,37129,New Hanover,2011,2015,Hispanic (all races),
37,North Carolina,37129,New Hanover,2011,2015,American Indian/Alaskan Native (includes Hispanic),
37,North Carolina,37129,New Hanover,2011,2015,White (includes Hispanic),6.6
37,North Carolina,37129,New Hanover,2012,2016,Asian/Pacific Islander (includes Hispanic),
37,North Carolina,37129,New Hanover,2012,2016,Black (includes Hispanic),
37,North Carolina,37129,New Hanover,2012,2016,Hispanic (all races),
37,North Carolina,37129,New Hanover,2012,2016,American Indian/Alaskan Native (includes Hispanic),
37,North Carolina,37129,New Hanover,2012,2016,White (includes Hispanic),6.3
37,North Carolina,37129,New Hanover,2013,2017,Asian/Pacific Islander (includes Hispanic),
37,North Carolina,37129,New Hanover,2013,2017,Black (includes Hispanic),
37,North Carolina,37129,New Hanover,2013,2017,Hispanic (all races),
37,North Carolina,37129,New Hanover,2013,2017,American Indian/Alaskan Native (includes Hispanic),
37,North Carolina,37129,New Hanover,2013,2017,White (includes Hispanic),5.9
37,North Carolina,37129,New Hanover,2014,2018,Asian/Pacific Islander (includes Hispanic),
37,North Carolina,37129,New Hanover,2014,2018,Black (includes Hispanic),
37,North Carolina,37129,New Hanover,2014,2018,Hispanic (all races),
37,North Carolina,37129,New Hanover,2014,2018,American Indian/Alaskan Native (includes Hispanic),
37,North Carolina,37129,New Hanover,2014,2018,White (includes Hispanic),6.0
37,North Carolina,37129,New Hanover,2015,2019,Asian/Pacific Islander (includes Hispanic),
37,North Carolina,37129,New Hanover,2015,2019,Black (includes Hispanic),
37,North Carolina,37129,New Hanover,2015,2019,Hispanic (all races),
37,North Carolina,37129,New Hanover,2015,2019,American Indian/Alaskan Native (includes Hispanic),
37,North Carolina,37129,New Hanover,2015,2019,White (includes Hispanic),5.9
37,North Carolina,37129,New Hanover,2016,2020,Asian/Pacific Islander (includes Hispanic),
37,North Carolina,37129,New Hanover,2016,2020,Black (includes Hispanic),
37,North Carolina,37129,New Hanover,2016,2020,Hispanic (all races),
37,North Carolina,37129,New Hanover,2016,2020,American Indian/Alaskan Native (includes Hispanic),
37,North Carolina,37129,New Hanover,2016,2020,White (includes Hispanic),5.8
37,North Carolina,37131,Northampton,2011,2015,Asian/Pacific Islander (includes Hispanic),
37,North Carolina,37131,Northampton,2011,2015,Black (includes Hispanic),8.0
37,North Carolina,37131,Northampton,2011,2015,Hispanic (all races),
37,North Carolina,37131,Northampton,2011,2015,American Indian/Alaskan Native (includes Hispanic),
37,North Carolina,37131,Northampton,2011,2015,White (includes Hispanic),10.6
37,North Carolina,37131,Northampton,2012,2016,Asian/Pacific Islander (includes Hispanic),
37,North Carolina,37131,Northampton,2012,2016,Black (includes Hispanic),8.1
37,North Carolina,37131,Northampton,2012,2016,Hispanic (all races),
37,North Carolina,37131,Northampton,2012,2016,American Indian/Alaskan Native (includes Hispanic),
37,North Carolina,37131,Northampton,2012,2016,White (includes Hispanic),11.2
37,North Carolina,37131,Northampton,2013,2017,Asian/Pacific Islander (includes Hispanic),
37,North Carolina,37131,Northampton,2013,2017,Black (includes Hispanic),8.8
37,North Carolina,37131,Northampton,2013,2017,Hispanic (all races),
37,North Carolina,37131,Northampton,2013,2017,American Indian/Alaskan Native (includes Hispanic),
37,North Carolina,37131,Northampton,2013,2017,White (includes Hispanic),9.2
37,North Carolina,37131,Northampton,2014,2018,Asian/Pacific Islander (includes Hispanic),
37,North Carolina,37131,Northampton,2014,2018,Black (includes Hispanic),11.8
37,North Carolina,37131,Northampton,2014,2018,Hispanic (all races),
37,North Carolina,37131,Northampton,2014,2018,American Indian/Alaskan Native (includes Hispanic),
37,North Carolina,37131,Northampton,2014,2018,White (includes Hispanic),11.7
37,North Carolina,37131,Northampton,2015,2019,Asian/Pacific Islander (includes Hispanic),
37,North Carolina,37131,Northampton,2015,2019,Black (includes Hispanic),14.0
37,North Carolina,37131,Northampton,2015,2019,Hispanic (all races),
37,North Carolina,37131,Northampton,2015,2019,American Indian/Alaskan Native (includes Hispanic),
37,North Carolina,37131,Northampton,2015,2019,White (includes Hispanic),11.5
37,North Carolina,37131,Northampton,2016,2020,Asian/Pacific Islander (includes Hispanic),
37,North Carolina,37131,Northampton,2016,2020,Black (includes Hispanic),13.2
37,North Carolina,37131,Northampton,2016,2020,Hispanic (all races),
37,North Carolina,37131,Northampton,2016,2020,American Indian/Alaskan Native (includes Hispanic),
37,North Carolina,37131,Northampton,2016,2020,White (includes Hispanic),10.7
37,North Carolina,37133,Onslow,2011,2015,Asian/Pacific Islander (includes Hispanic),
37,North Carolina,37133,Onslow,2011,2015,Black (includes Hispanic),
37,North Carolina,37133,Onslow,2011,2015,Hispanic (all races),
37,North Carolina,37133,Onslow,2011,2015,American Indian/Alaskan Native (includes Hispanic),
37,North Carolina,37133,Onslow,2011,2015,White (includes Hispanic),8.2
37,North Carolina,37133,Onslow,2012,2016,Asian/Pacific Islander (includes Hispanic),
37,North Carolina,37133,Onslow,2012,2016,Black (includes Hispanic),
37,North Carolina,37133,Onslow,2012,2016,Hispanic (all races),
37,North Carolina,37133,Onslow,2012,2016,American Indian/Alaskan Native (includes Hispanic),
37,North Carolina,37133,Onslow,2012,2016,White (includes Hispanic),8.8
37,North Carolina,37133,Onslow,2013,2017,Asian/Pacific Islander (includes Hispanic),
37,North Carolina,37133,Onslow,2013,2017,Black (includes Hispanic),
37,North Carolina,37133,Onslow,2013,2017,Hispanic (all races),
37,North Carolina,37133,Onslow,2013,2017,American Indian/Alaskan Native (includes Hispanic),
37,North Carolina,37133,Onslow,2013,2017,White (includes Hispanic),9.1
37,North Carolina,37133,Onslow,2014,2018,Asian/Pacific Islander (includes Hispanic),
37,North Carolina,37133,Onslow,2014,2018,Black (includes Hispanic),
37,North Carolina,37133,Onslow,2014,2018,Hispanic (all races),
37,North Carolina,37133,Onslow,2014,2018,American Indian/Alaskan Native (includes Hispanic),
37,North Carolina,37133,Onslow,2014,2018,White (includes Hispanic),10.0
37,North Carolina,37133,Onslow,2015,2019,Asian/Pacific Islander (includes Hispanic),
37,North Carolina,37133,Onslow,2015,2019,Black (includes Hispanic),14.1
37,North Carolina,37133,Onslow,2015,2019,Hispanic (all races),
37,North Carolina,37133,Onslow,2015,2019,American Indian/Alaskan Native (includes Hispanic),
37,North Carolina,37133,Onslow,2015,2019,White (includes Hispanic),9.3
37,North Carolina,37133,Onslow,2016,2020,Asian/Pacific Islander (includes Hispanic),
37,North Carolina,37133,Onslow,2016,2020,Black (includes Hispanic),12.1
37,North Carolina,37133,Onslow,2016,2020,Hispanic (all races),
37,North Carolina,37133,Onslow,2016,2020,American Indian/Alaskan Native (includes Hispanic),
37,North Carolina,37133,Onslow,2016,2020,White (includes Hispanic),8.1
37,North Carolina,37135,Orange,2011,2015,Asian/Pacific Islander (includes Hispanic),
37,North Carolina,37135,Orange,2011,2015,Black (includes Hispanic),9.1
37,North Carolina,37135,Orange,2011,2015,Hispanic (all races),
37,North Carolina,37135,Orange,2011,2015,American Indian/Alaskan Native (includes Hispanic),
37,North Carolina,37135,Orange,2011,2015,White (includes Hispanic),6.5
37,North Carolina,37135,Orange,2012,2016,Asian/Pacific Islander (includes Hispanic),
37,North Carolina,37135,Orange,2012,2016,Black (includes Hispanic),9.5
37,North Carolina,37135,Orange,2012,2016,Hispanic (all races),
37,North Carolina,37135,Orange,2012,2016,American Indian/Alaskan Native (includes Hispanic),
37,North Carolina,37135,Orange,2012,2016,White (includes Hispanic),6.6
37,North Carolina,37135,Orange,2013,2017,Asian/Pacific Islander (includes Hispanic),
37,North Carolina,37135,Orange,2013,2017,Black (includes Hispanic),8.9
37,North Carolina,37135,Orange,2013,2017,Hispanic (all races),
37,North Carolina,37135,Orange,2013,2017,American Indian/Alaskan Native (includes Hispanic),
37,North Carolina,37135,Orange,2013,2017,White (includes Hispanic),6.7
37,North Carolina,37135,Orange,2014,2018,Asian/Pacific Islander (includes Hispanic),
37,North Carolina,37135,Orange,2014,2018,Black (includes Hispanic),9.5
37,North Carolina,37135,Orange,2014,2018,Hispanic (all races),
37,North Carolina,37135,Orange,2014,2018,American Indian/Alaskan Native (includes Hispanic),
37,North Carolina,37135,Orange,2014,2018,White (includes Hispanic),6.8
37,North Carolina,37135,Orange,2015,2019,Asian/Pacific Islander (includes Hispanic),
37,North Carolina,37135,Orange,2015,2019,Black (includes Hispanic),8.4
37,North Carolina,37135,Orange,2015,2019,Hispanic (all races),
37,North Carolina,37135,Orange,2015,2019,American Indian/Alaskan Native (includes Hispanic),
37,North Carolina,37135,Orange,2015,2019,White (includes Hispanic),6.8
37,North Carolina,37135,Orange,2016,2020,Asian/Pacific Islander (includes Hispanic),
37,North Carolina,37135,Orange,2016,2020,Black (includes Hispanic),6.4
37,North Carolina,37135,Orange,2016,2020,Hispanic (all races),
37,North Carolina,37135,Orange,2016,2020,American Indian/Alaskan Native (includes Hispanic),
37,North Carolina,37135,Orange,2016,2020,White (includes Hispanic),6.7
37,North Carolina,37137,Pamlico,2011,2015,Asian/Pacific Islander (includes Hispanic),
37,North Carolina,37137,Pamlico,2011,2015,Black (includes Hispanic),
37,North Carolina,37137,Pamlico,2011,2015,Hispanic (all races),
37,North Carolina,37137,Pamlico,2011,2015,American Indian/Alaskan Native (includes Hispanic),
37,North Carolina,37137,Pamlico,2011,2015,White (includes Hispanic),6.0
37,North Carolina,37137,Pamlico,2012,2016,Asian/Pacific Islander (includes Hispanic),
37,North Carolina,37137,Pamlico,2012,2016,Black (includes Hispanic),
37,North Carolina,37137,Pamlico,2012,2016,Hispanic (all races),
37,North Carolina,37137,Pamlico,2012,2016,American Indian/Alaskan Native (includes Hispanic),
37,North Carolina,37137,Pamlico,2012,2016,White (includes Hispanic),6.8
37,North Carolina,37137,Pamlico,2013,2017,Asian/Pacific Islander (includes Hispanic),
37,North Carolina,37137,Pamlico,2013,2017,Black (includes Hispanic),
37,North Carolina,37137,Pamlico,2013,2017,Hispanic (all races),
37,North Carolina,37137,Pamlico,2013,2017,American Indian/Alaskan Native (includes Hispanic),
37,North Carolina,37137,Pamlico,2013,2017,White (includes Hispanic),7.3
37,North Carolina,37137,Pamlico,2014,2018,Asian/Pacific Islander (includes Hispanic),
37,North Carolina,37137,Pamlico,2014,2018,Black (includes Hispanic),
37,North Carolina,37137,Pamlico,2014,2018,Hispanic (all races),
37,North Carolina,37137,Pamlico,2014,2018,American Indian/Alaskan Native (includes Hispanic),
37,North Carolina,37137,Pamlico,2014,2018,White (includes Hispanic),8.1
37,North Carolina,37137,Pamlico,2015,2019,Asian/Pacific Islander (includes Hispanic),
37,North Carolina,37137,Pamlico,2015,2019,Black (includes Hispanic),
37,North Carolina,37137,Pamlico,2015,2019,Hispanic (all races),
37,North Carolina,37137,Pamlico,2015,2019,American Indian/Alaskan Native (includes Hispanic),
37,North Carolina,37137,Pamlico,2015,2019,White (includes Hispanic),9.5
37,North Carolina,37137,Pamlico,2016,2020,Asian/Pacific Islander (includes Hispanic),
37,North Carolina,37137,Pamlico,2016,2020,Black (includes Hispanic),
37,North Carolina,37137,Pamlico,2016,2020,Hispanic (all races),
37,North Carolina,37137,Pamlico,2016,2020,American Indian/Alaskan Native (includes Hispanic),
37,North Carolina,37137,Pamlico,2016,2020,White (includes Hispanic),9.1
37,North Carolina,37139,Pasquotank,2011,2015,Asian/Pacific Islander (includes Hispanic),
37,North Carolina,37139,Pasquotank,2011,2015,Black (includes Hispanic),
37,North Carolina,37139,Pasquotank,2011,2015,Hispanic (all races),
37,North Carolina,37139,Pasquotank,2011,2015,American Indian/Alaskan Native (includes Hispanic),
37,North Carolina,37139,Pasquotank,2011,2015,White (includes Hispanic),
37,North Carolina,37139,Pasquotank,2012,2016,Asian/Pacific Islander (includes Hispanic),
37,North Carolina,37139,Pasquotank,2012,2016,Black (includes Hispanic),
37,North Carolina,37139,Pasquotank,2012,2016,Hispanic (all races),
37,North Carolina,37139,Pasquotank,2012,2016,American Indian/Alaskan Native (includes Hispanic),
37,North Carolina,37139,Pasquotank,2012,2016,White (includes Hispanic),
37,North Carolina,37139,Pasquotank,2013,2017,Asian/Pacific Islander (includes Hispanic),
37,North Carolina,37139,Pasquotank,2013,2017,Black (includes Hispanic),
37,North Carolina,37139,Pasquotank,2013,2017,Hispanic (all races),
37,North Carolina,37139,Pasquotank,2013,2017,American Indian/Alaskan Native (includes Hispanic),
37,North Carolina,37139,Pasquotank,2013,2017,White (includes Hispanic),
37,North Carolina,37139,Pasquotank,2014,2018,Asian/Pacific Islander (includes Hispanic),
37,North Carolina,37139,Pasquotank,2014,2018,Black (includes Hispanic),
37,North Carolina,37139,Pasquotank,2014,2018,Hispanic (all races),
37,North Carolina,37139,Pasquotank,2014,2018,American Indian/Alaskan Native (includes Hispanic),
37,North Carolina,37139,Pasquotank,2014,2018,White (includes Hispanic),
37,North Carolina,37139,Pasquotank,2015,2019,Asian/Pacific Islander (includes Hispanic),
37,North Carolina,37139,Pasquotank,2015,2019,Black (includes Hispanic),
37,North Carolina,37139,Pasquotank,2015,2019,Hispanic (all races),
37,North Carolina,37139,Pasquotank,2015,2019,American Indian/Alaskan Native (includes Hispanic),
37,North Carolina,37139,Pasquotank,2015,2019,White (includes Hispanic),
37,North Carolina,37139,Pasquotank,2016,2020,Asian/Pacific Islander (includes Hispanic),
37,North Carolina,37139,Pasquotank,2016,2020,Black (includes Hispanic),
37,North Carolina,37139,Pasquotank,2016,2020,Hispanic (all races),
37,North Carolina,37139,Pasquotank,2016,2020,American Indian/Alaskan Native (includes Hispanic),
37,North Carolina,37139,Pasquotank,2016,2020,White (includes Hispanic),
37,North Carolina,37141,Pender,2011,2015,Asian/Pacific Islander (includes Hispanic),
37,North Carolina,37141,Pender,2011,2015,Black (includes Hispanic),7.7
37,North Carolina,37141,Pender,2011,2015,Hispanic (all races),
37,North Carolina,37141,Pender,2011,2015,American Indian/Alaskan Native (includes Hispanic),
37,North Carolina,37141,Pender,2011,2015,White (includes Hispanic),8.4
37,North Carolina,37141,Pender,2012,2016,Asian/Pacific Islander (includes Hispanic),
37,North Carolina,37141,Pender,2012,2016,Black (includes Hispanic),7.5
37,North Carolina,37141,Pender,2012,2016,Hispanic (all races),19.1
37,North Carolina,37141,Pender,2012,2016,American Indian/Alaskan Native (includes Hispanic),
37,North Carolina,37141,Pender,2012,2016,White (includes Hispanic),8.4
37,North Carolina,37141,Pender,2013,2017,Asian/Pacific Islander (includes Hispanic),
37,North Carolina,37141,Pender,2013,2017,Black (includes Hispanic),7.2
37,North Carolina,37141,Pender,2013,2017,Hispanic (all races),
37,North Carolina,37141,Pender,2013,2017,American Indian/Alaskan Native (includes Hispanic),
37,North Carolina,37141,Pender,2013,2017,White (includes Hispanic),7.6
37,North Carolina,37141,Pender,2014,2018,Asian/Pacific Islander (includes Hispanic),
37,North Carolina,37141,Pender,2014,2018,Black (includes Hispanic),8.2
37,North Carolina,37141,Pender,2014,2018,Hispanic (all races),20.8
37,North Carolina,37141,Pender,2014,2018,American Indian/Alaskan Native (includes Hispanic),
37,North Carolina,37141,Pender,2014,2018,White (includes Hispanic),7.8
37,North Carolina,37141,Pender,2015,2019,Asian/Pacific Islander (includes Hispanic),
37,North Carolina,37141,Pender,2015,2019,Black (includes Hispanic),9.5
37,North Carolina,37141,Pender,2015,2019,Hispanic (all races),22.2
37,North Carolina,37141,Pender,2015,2019,American Indian/Alaskan Native (includes Hispanic),
37,North Carolina,37141,Pender,2015,2019,White (includes Hispanic),7.5
37,North Carolina,37141,Pender,2016,2020,Asian/Pacific Islander (includes Hispanic),
37,North Carolina,37141,Pender,2016,2020,Black (includes Hispanic),8.4
37,North Carolina,37141,Pender,2016,2020,Hispanic (all races),17.8
37,North Carolina,37141,Pender,2016,2020,American Indian/Alaskan Native (includes Hispanic),
37,North Carolina,37141,Pender,2016,2020,White (includes Hispanic),7.4
37,North Carolina,37143,Perquimans,2011,2015,Asian/Pacific Islander (includes Hispanic),
37,North Carolina,37143,Perquimans,2011,2015,Black (includes Hispanic),
37,North Carolina,37143,Perquimans,2011,2015,Hispanic (all races),
37,North Carolina,37143,Perquimans,2011,2015,American Indian/Alaskan Native (includes Hispanic),
37,North Carolina,37143,Perquimans,2011,2015,White (includes Hispanic),
37,North Carolina,37143,Perquimans,2012,2016,Asian/Pacific Islander (includes Hispanic),
37,North Carolina,37143,Perquimans,2012,2016,Black (includes Hispanic),
37,North Carolina,37143,Perquimans,2012,2016,Hispanic (all races),
37,North Carolina,37143,Perquimans,2012,2016,American Indian/Alaskan Native (includes Hispanic),
37,North Carolina,37143,Perquimans,2012,2016,White (includes Hispanic),
37,North Carolina,37143,Perquimans,2013,2017,Asian/Pacific Islander (includes Hispanic),
37,North Carolina,37143,Perquimans,2013,2017,Black (includes Hispanic),
37,North Carolina,37143,Perquimans,2013,2017,Hispanic (all races),
37,North Carolina,37143,Perquimans,2013,2017,American Indian/Alaskan Native (includes Hispanic),
37,North Carolina,37143,Perquimans,2013,2017,White (includes Hispanic),
37,North Carolina,37143,Perquimans,2014,2018,Asian/Pacific Islander (includes Hispanic),
37,North Carolina,37143,Perquimans,2014,2018,Black (includes Hispanic),
37,North Carolina,37143,Perquimans,2014,2018,Hispanic (all races),
37,North Carolina,37143,Perquimans,2014,2018,American Indian/Alaskan Native (includes Hispanic),
37,North Carolina,37143,Perquimans,2014,2018,White (includes Hispanic),10.9
37,North Carolina,37143,Perquimans,2015,2019,Asian/Pacific Islander (includes Hispanic),
37,North Carolina,37143,Perquimans,2015,2019,Black (includes Hispanic),
37,North Carolina,37143,Perquimans,2015,2019,Hispanic (all races),
37,North Carolina,37143,Perquimans,2015,2019,American Indian/Alaskan Native (includes Hispanic),
37,North Carolina,37143,Perquimans,2015,2019,White (includes Hispanic),
37,North Carolina,37143,Perquimans,2016,2020,Asian/Pacific Islander (includes Hispanic),
37,North Carolina,37143,Perquimans,2016,2020,Black (includes Hispanic),
37,North Carolina,37143,Perquimans,2016,2020,Hispanic (all races),
37,North Carolina,37143,Perquimans,2016,2020,American Indian/Alaskan Native (includes Hispanic),
37,North Carolina,37143,Perquimans,2016,2020,White (includes Hispanic),
37,North Carolina,37145,Person,2011,2015,Asian/Pacific Islander (includes Hispanic),
37,North Carolina,37145,Person,2011,2015,Black (includes Hispanic),9.4
37,North Carolina,37145,Person,2011,2015,Hispanic (all races),
37,North Carolina,37145,Person,2011,2015,American Indian/Alaskan Native (includes Hispanic),
37,North Carolina,37145,Person,2011,2015,White (includes Hispanic),6.7
37,North Carolina,37145,Person,2012,2016,Asian/Pacific Islander (includes Hispanic),
37,North Carolina,37145,Person,2012,2016,Black (includes Hispanic),9.1
37,North Carolina,37145,Person,2012,2016,Hispanic (all races),
37,North Carolina,37145,Person,2012,2016,American Indian/Alaskan Native (includes Hispanic),
37,North Carolina,37145,Person,2012,2016,White (includes Hispanic),6.6
37,North Carolina,37145,Person,2013,2017,Asian/Pacific Islander (includes Hispanic),
37,North Carolina,37145,Person,2013,2017,Black (includes Hispanic),8.8
37,North Carolina,37145,Person,2013,2017,Hispanic (all races),
37,North Carolina,37145,Person,2013,2017,American Indian/Alaskan Native (includes Hispanic),
37,North Carolina,37145,Person,2013,2017,White (includes Hispanic),6.1
37,North Carolina,37145,Person,2014,2018,Asian/Pacific Islander (includes Hispanic),
37,North Carolina,37145,Person,2014,2018,Black (includes Hispanic),9.8
37,North Carolina,37145,Person,2014,2018,Hispanic (all races),
37,North Carolina,37145,Person,2014,2018,American Indian/Alaskan Native (includes Hispanic),
37,North Carolina,37145,Person,2014,2018,White (includes Hispanic),5.9
37,North Carolina,37145,Person,2015,2019,Asian/Pacific Islander (includes Hispanic),
37,North Carolina,37145,Person,2015,2019,Black (includes Hispanic),8.0
37,North Carolina,37145,Person,2015,2019,Hispanic (all races),
37,North Carolina,37145,Person,2015,2019,American Indian/Alaskan Native (includes Hispanic),
37,North Carolina,37145,Person,2015,2019,White (includes Hispanic),6.2
37,North Carolina,37145,Person,2016,2020,Asian/Pacific Islander (includes Hispanic),
37,North Carolina,37145,Person,2016,2020,Black (includes Hispanic),6.2
37,North Carolina,37145,Person,2016,2020,Hispanic (all races),
37,North Carolina,37145,Person,2016,2020,American Indian/Alaskan Native (includes Hispanic),
37,North Carolina,37145,Person,2016,2020,White (includes Hispanic),6.0
37,North Carolina,37147,Pitt,2011,2015,Asian/Pacific Islander (includes Hispanic),
37,North Carolina,37147,Pitt,2011,2015,Black (includes Hispanic),9.4
37,North Carolina,37147,Pitt,2011,2015,Hispanic (all races),
37,North Carolina,37147,Pitt,2011,2015,American Indian/Alaskan Native (includes Hispanic),
37,North Carolina,37147,Pitt,2011,2015,White (includes Hispanic),7.5
37,North Carolina,37147,Pitt,2012,2016,Asian/Pacific Islander (includes Hispanic),
37,North Carolina,37147,Pitt,2012,2016,Black (includes Hispanic),9.5
37,North Carolina,37147,Pitt,2012,2016,Hispanic (all races),
37,North Carolina,37147,Pitt,2012,2016,American Indian/Alaskan Native (includes Hispanic),
37,North Carolina,37147,Pitt,2012,2016,White (includes Hispanic),7.2
37,North Carolina,37147,Pitt,2013,2017,Asian/Pacific Islander (includes Hispanic),
37,North Carolina,37147,Pitt,2013,2017,Black (includes Hispanic),9.3
37,North Carolina,37147,Pitt,2013,2017,Hispanic (all races),
37,North Carolina,37147,Pitt,2013,2017,American Indian/Alaskan Native (includes Hispanic),
37,North Carolina,37147,Pitt,2013,2017,White (includes Hispanic),7.5
37,North Carolina,37147,Pitt,2014,2018,Asian/Pacific Islander (includes Hispanic),
37,North Carolina,37147,Pitt,2014,2018,Black (includes Hispanic),6.8
37,North Carolina,37147,Pitt,2014,2018,Hispanic (all races),
37,North Carolina,37147,Pitt,2014,2018,American Indian/Alaskan Native (includes Hispanic),
37,North Carolina,37147,Pitt,2014,2018,White (includes Hispanic),8.0
37,North Carolina,37147,Pitt,2015,2019,Asian/Pacific Islander (includes Hispanic),
37,North Carolina,37147,Pitt,2015,2019,Black (includes Hispanic),6.9
37,North Carolina,37147,Pitt,2015,2019,Hispanic (all races),
37,North Carolina,37147,Pitt,2015,2019,American Indian/Alaskan Native (includes Hispanic),
37,North Carolina,37147,Pitt,2015,2019,White (includes Hispanic),9.2
37,North Carolina,37147,Pitt,2016,2020,Asian/Pacific Islander (includes Hispanic),
37,North Carolina,37147,Pitt,2016,2020,Black (includes Hispanic),7.8
37,North Carolina,37147,Pitt,2016,2020,Hispanic (all races),
37,North Carolina,37147,Pitt,2016,2020,American Indian/Alaskan Native (includes Hispanic),
37,North Carolina,37147,Pitt,2016,2020,White (includes Hispanic),10.1
37,North Carolina,37149,Polk,2011,2015,Asian/Pacific Islander (includes Hispanic),
37,North Carolina,37149,Polk,2011,2015,Black (includes Hispanic),10.5
37,North Carolina,37149,Polk,2011,2015,Hispanic (all races),
37,North Carolina,37149,Polk,2011,2015,American Indian/Alaskan Native (includes Hispanic),
37,North Carolina,37149,Polk,2011,2015,White (includes Hispanic),7.2
37,North Carolina,37149,Polk,2012,2016,Asian/Pacific Islander (includes Hispanic),
37,North Carolina,37149,Polk,2012,2016,Black (includes Hispanic),9.5
37,North Carolina,37149,Polk,2012,2016,Hispanic (all races),
37,North Carolina,37149,Polk,2012,2016,American Indian/Alaskan Native (includes Hispanic),
37,North Carolina,37149,Polk,2012,2016,White (includes Hispanic),6.7
37,North Carolina,37149,Polk,2013,2017,Asian/Pacific Islander (includes Hispanic),
37,North Carolina,37149,Polk,2013,2017,Black (includes Hispanic),10.0
37,North Carolina,37149,Polk,2013,2017,Hispanic (all races),
37,North Carolina,37149,Polk,2013,2017,American Indian/Alaskan Native (includes Hispanic),
37,North Carolina,37149,Polk,2013,2017,White (includes Hispanic),6.9
37,North Carolina,37149,Polk,2014,2018,Asian/Pacific Islander (includes Hispanic),
37,North Carolina,37149,Polk,2014,2018,Black (includes Hispanic),9.8
37,North Carolina,37149,Polk,2014,2018,Hispanic (all races),
37,North Carolina,37149,Polk,2014,2018,American Indian/Alaskan Native (includes Hispanic),
37,North Carolina,37149,Polk,2014,2018,White (includes Hispanic),6.9
37,North Carolina,37149,Polk,2015,2019,Asian/Pacific Islander (includes Hispanic),
37,North Carolina,37149,Polk,2015,2019,Black (includes Hispanic),7.8
37,North Carolina,37149,Polk,2015,2019,Hispanic (all races),
37,North Carolina,37149,Polk,2015,2019,American Indian/Alaskan Native (includes Hispanic),
37,North Carolina,37149,Polk,2015,2019,White (includes Hispanic),6.7
37,North Carolina,37149,Polk,2016,2020,Asian/Pacific Islander (includes Hispanic),
37,North Carolina,37149,Polk,2016,2020,Black (includes Hispanic),7.3
37,North Carolina,37149,Polk,2016,2020,Hispanic (all races),10.0
37,North Carolina,37149,Polk,2016,2020,American Indian/Alaskan Native (includes Hispanic),
37,North Carolina,37149,Polk,2016,2020,White (includes Hispanic),6.8
37,North Carolina,37151,Randolph,2011,2015,Asian/Pacific Islander (includes Hispanic),
37,North Carolina,37151,Randolph,2011,2015,Black (includes Hispanic),6.3
37,North Carolina,37151,Randolph,2011,2015,Hispanic (all races),
37,North Carolina,37151,Randolph,2011,2015,American Indian/Alaskan Native (includes Hispanic),
37,North Carolina,37151,Randolph,2011,2015,White (includes Hispanic),7.3
37,North Carolina,37151,Randolph,2012,2016,Asian/Pacific Islander (includes Hispanic),
37,North Carolina,37151,Randolph,2012,2016,Black (includes Hispanic),6.4
37,North Carolina,37151,Randolph,2012,2016,Hispanic (all races),
37,North Carolina,37151,Randolph,2012,2016,American Indian/Alaskan Native (includes Hispanic),
37,North Carolina,37151,Randolph,2012,2016,White (includes Hispanic),7.6
37,North Carolina,37151,Randolph,2013,2017,Asian/Pacific Islander (includes Hispanic),
37,North Carolina,37151,Randolph,2013,2017,Black (includes Hispanic),6.6
37,North Carolina,37151,Randolph,2013,2017,Hispanic (all races),
37,North Carolina,37151,Randolph,2013,2017,American Indian/Alaskan Native (includes Hispanic),
37,North Carolina,37151,Randolph,2013,2017,White (includes Hispanic),8.1
37,North Carolina,37151,Randolph,2014,2018,Asian/Pacific Islander (includes Hispanic),
37,North Carolina,37151,Randolph,2014,2018,Black (includes Hispanic),6.2
37,North Carolina,37151,Randolph,2014,2018,Hispanic (all races),
37,North Carolina,37151,Randolph,2014,2018,American Indian/Alaskan Native (includes Hispanic),
37,North Carolina,37151,Randolph,2014,2018,White (includes Hispanic),8.3
37,North Carolina,37151,Randolph,2015,2019,Asian/Pacific Islander (includes Hispanic),
37,North Carolina,37151,Randolph,2015,2019,Black (includes Hispanic),6.9
37,North Carolina,37151,Randolph,2015,2019,Hispanic (all races),
37,North Carolina,37151,Randolph,2015,2019,American Indian/Alaskan Native (includes Hispanic),
37,North Carolina,37151,Randolph,2015,2019,White (includes Hispanic),7.7
37,North Carolina,37151,Randolph,2016,2020,Asian/Pacific Islander (includes Hispanic),
37,North Carolina,37151,Randolph,2016,2020,Black (includes Hispanic),7.9
37,North Carolina,37151,Randolph,2016,2020,Hispanic (all races),
37,North Carolina,37151,Randolph,2016,2020,American Indian/Alaskan Native (includes Hispanic),
37,North Carolina,37151,Randolph,2016,2020,White (includes Hispanic),7.0
37,North Carolina,37153,Richmond,2011,2015,Asian/Pacific Islander (includes Hispanic),
37,North Carolina,37153,Richmond,2011,2015,Black (includes Hispanic),8.3
37,North Carolina,37153,Richmond,2011,2015,Hispanic (all races),
37,North Carolina,37153,Richmond,2011,2015,American Indian/Alaskan Native (includes Hispanic),
37,North Carolina,37153,Richmond,2011,2015,White (includes Hispanic),8.0
37,North Carolina,37153,Richmond,2012,2016,Asian/Pacific Islander (includes Hispanic),
37,North Carolina,37153,Richmond,2012,2016,Black (includes Hispanic),9.6
37,North Carolina,37153,Richmond,2012,2016,Hispanic (all races),
37,North Carolina,37153,Richmond,2012,2016,American Indian/Alaskan Native (includes Hispanic),
37,North Carolina,37153,Richmond,2012,2016,White (includes Hispanic),8.2
37,North Carolina,37153,Richmond,2013,2017,Asian/Pacific Islander (includes Hispanic),
37,North Carolina,37153,Richmond,2013,2017,Black (includes Hispanic),7.9
37,North Carolina,37153,Richmond,2013,2017,Hispanic (all races),
37,North Carolina,37153,Richmond,2013,2017,American Indian/Alaskan Native (includes Hispanic),
37,North Carolina,37153,Richmond,2013,2017,White (includes Hispanic),8.3
37,North Carolina,37153,Richmond,2014,2018,Asian/Pacific Islander (includes Hispanic),
37,North Carolina,37153,Richmond,2014,2018,Black (includes Hispanic),7.1
37,North Carolina,37153,Richmond,2014,2018,Hispanic (all races),
37,North Carolina,37153,Richmond,2014,2018,American Indian/Alaskan Native (includes Hispanic),
37,North Carolina,37153,Richmond,2014,2018,White (includes Hispanic),8.5
37,North Carolina,37153,Richmond,2015,2019,Asian/Pacific Islander (includes Hispanic),
37,North Carolina,37153,Richmond,2015,2019,Black (includes Hispanic),8.1
37,North Carolina,37153,Richmond,2015,2019,Hispanic (all races),
37,North Carolina,37153,Richmond,2015,2019,American Indian/Alaskan Native (includes Hispanic),
37,North Carolina,37153,Richmond,2015,2019,White (includes Hispanic),7.2
37,North Carolina,37153,Richmond,2016,2020,Asian/Pacific Islander (includes Hispanic),
37,North Carolina,37153,Richmond,2016,2020,Black (includes Hispanic),9.1
37,North Carolina,37153,Richmond,2016,2020,Hispanic (all races),
37,North Carolina,37153,Richmond,2016,2020,American Indian/Alaskan Native (includes Hispanic),
37,North Carolina,37153,Richmond,2016,2020,White (includes Hispanic),7.4
37,North Carolina,37155,Robeson,2011,2015,Asian/Pacific Islander (includes Hispanic),
37,North Carolina,37155,Robeson,2011,2015,Black (includes Hispanic),8.6
37,North Carolina,37155,Robeson,2011,2015,Hispanic (all races),
37,North Carolina,37155,Robeson,2011,2015,American Indian/Alaskan Native (includes Hispanic),
37,North Carolina,37155,Robeson,2011,2015,White (includes Hispanic),9.4
37,North Carolina,37155,Robeson,2012,2016,Asian/Pacific Islander (includes Hispanic),
37,North Carolina,37155,Robeson,2012,2016,Black (includes Hispanic),9.3
37,North Carolina,37155,Robeson,2012,2016,Hispanic (all races),
37,North Carolina,37155,Robeson,2012,2016,American Indian/Alaskan Native (includes Hispanic),
37,North Carolina,37155,Robeson,2012,2016,White (includes Hispanic),9.4
37,North Carolina,37155,Robeson,2013,2017,Asian/Pacific Islander (includes Hispanic),
37,North Carolina,37155,Robeson,2013,2017,Black (includes Hispanic),9.5
37,North Carolina,37155,Robeson,2013,2017,Hispanic (all races),15.2
37,North Carolina,37155,Robeson,2013,2017,American Indian/Alaskan Native (includes Hispanic),8.8
37,North Carolina,37155,Robeson,2013,2017,White (includes Hispanic),9.4
37,North Carolina,37155,Robeson,2014,2018,Asian/Pacific Islander (includes Hispanic),
37,North Carolina,37155,Robeson,2014,2018,Black (includes Hispanic),8.9
37,North Carolina,37155,Robeson,2014,2018,Hispanic (all races),
37,North Carolina,37155,Robeson,2014,2018,American Indian/Alaskan Native (includes Hispanic),8.7
37,North Carolina,37155,Robeson,2014,2018,White (includes Hispanic),8.9
37,North Carolina,37155,Robeson,2015,2019,Asian/Pacific Islander (includes Hispanic),
37,North Carolina,37155,Robeson,2015,2019,Black (includes Hispanic),8.8
37,North Carolina,37155,Robeson,2015,2019,Hispanic (all races),
37,North Carolina,37155,Robeson,2015,2019,American Indian/Alaskan Native (includes Hispanic),9.9
37,North Carolina,37155,Robeson,2015,2019,White (includes Hispanic),9.5
37,North Carolina,37155,Robeson,2016,2020,Asian/Pacific Islander (includes Hispanic),
37,North Carolina,37155,Robeson,2016,2020,Black (includes Hispanic),9.0
37,North Carolina,37155,Robeson,2016,2020,Hispanic (all races),12.8
37,North Carolina,37155,Robeson,2016,2020,American Indian/Alaskan Native (includes Hispanic),10.1
37,North Carolina,37155,Robeson,2016,2020,White (includes Hispanic),9.8
37,North Carolina,37157,Rockingham,2011,2015,Asian/Pacific Islander (includes Hispanic),
37,North Carolina,37157,Rockingham,2011,2015,Black (includes Hispanic),7.4
37,North Carolina,37157,Rockingham,2011,2015,Hispanic (all races),
37,North Carolina,37157,Rockingham,2011,2015,American Indian/Alaskan Native (includes Hispanic),
37,North Carolina,37157,Rockingham,2011,2015,White (includes Hispanic),6.6
37,North Carolina,37157,Rockingham,2012,2016,Asian/Pacific Islander (includes Hispanic),
37,North Carolina,37157,Rockingham,2012,2016,Black (includes Hispanic),7.3
37,North Carolina,37157,Rockingham,2012,2016,Hispanic (all races),
37,North Carolina,37157,Rockingham,2012,2016,American Indian/Alaskan Native (includes Hispanic),
37,North Carolina,37157,Rockingham,2012,2016,White (includes Hispanic),6.9
37,North Carolina,37157,Rockingham,2013,2017,Asian/Pacific Islander (includes Hispanic),
37,North Carolina,37157,Rockingham,2013,2017,Black (includes Hispanic),6.5
37,North Carolina,37157,Rockingham,2013,2017,Hispanic (all races),
37,North Carolina,37157,Rockingham,2013,2017,American Indian/Alaskan Native (includes Hispanic),
37,North Carolina,37157,Rockingham,2013,2017,White (includes Hispanic),7.2
37,North Carolina,37157,Rockingham,2014,2018,Asian/Pacific Islander (includes Hispanic),
37,North Carolina,37157,Rockingham,2014,2018,Black (includes Hispanic),6.2
37,North Carolina,37157,Rockingham,2014,2018,Hispanic (all races),
37,North Carolina,37157,Rockingham,2014,2018,American Indian/Alaskan Native (includes Hispanic),
37,North Carolina,37157,Rockingham,2014,2018,White (includes Hispanic),7.4
37,North Carolina,37157,Rockingham,2015,2019,Asian/Pacific Islander (includes Hispanic),
37,North Carolina,37157,Rockingham,2015,2019,Black (includes Hispanic),6.6
37,North Carolina,37157,Rockingham,2015,2019,Hispanic (all races),
37,North Carolina,37157,Rockingham,2015,2019,American Indian/Alaskan Native (includes Hispanic),
37,North Carolina,37157,Rockingham,2015,2019,White (includes Hispanic),6.8
37,North Carolina,37157,Rockingham,2016,2020,Asian/Pacific Islander (includes Hispanic),
37,North Carolina,37157,Rockingham,2016,2020,Black (includes Hispanic),7.1
37,North Carolina,37157,Rockingham,2016,2020,Hispanic (all races),
37,North Carolina,37157,Rockingham,2016,2020,American Indian/Alaskan Native (includes Hispanic),
37,North Carolina,37157,Rockingham,2016,2020,White (includes Hispanic),7.0
37,North Carolina,37159,Rowan,2011,2015,Asian/Pacific Islander (includes Hispanic),
37,North Carolina,37159,Rowan,2011,2015,Black (includes Hispanic),11.2
37,North Carolina,37159,Rowan,2011,2015,Hispanic (all races),
37,North Carolina,37159,Rowan,2011,2015,American Indian/Alaskan Native (includes Hispanic),
37,North Carolina,37159,Rowan,2011,2015,White (includes Hispanic),8.0
37,North Carolina,37159,Rowan,2012,2016,Asian/Pacific Islander (includes Hispanic),
37,North Carolina,37159,Rowan,2012,2016,Black (includes Hispanic),12.1
37,North Carolina,37159,Rowan,2012,2016,Hispanic (all races),
37,North Carolina,37159,Rowan,2012,2016,American Indian/Alaskan Native (includes Hispanic),
37,North Carolina,37159,Rowan,2012,2016,White (includes Hispanic),8.1
37,North Carolina,37159,Rowan,2013,2017,Asian/Pacific Islander (includes Hispanic),
37,North Carolina,37159,Rowan,2013,2017,Black (includes Hispanic),9.4
37,North Carolina,37159,Rowan,2013,2017,Hispanic (all races),
37,North Carolina,37159,Rowan,2013,2017,American Indian/Alaskan Native (includes Hispanic),
37,North Carolina,37159,Rowan,2013,2017,White (includes Hispanic),8.6
37,North Carolina,37159,Rowan,2014,2018,Asian/Pacific Islander (includes Hispanic),
37,North Carolina,37159,Rowan,2014,2018,Black (includes Hispanic),7.2
37,North Carolina,37159,Rowan,2014,2018,Hispanic (all races),
37,North Carolina,37159,Rowan,2014,2018,American Indian/Alaskan Native (includes Hispanic),
37,North Carolina,37159,Rowan,2014,2018,White (includes Hispanic),8.3
37,North Carolina,37159,Rowan,2015,2019,Asian/Pacific Islander (includes Hispanic),
37,North Carolina,37159,Rowan,2015,2019,Black (includes Hispanic),7.1
37,North Carolina,37159,Rowan,2015,2019,Hispanic (all races),
37,North Carolina,37159,Rowan,2015,2019,American Indian/Alaskan Native (includes Hispanic),
37,North Carolina,37159,Rowan,2015,2019,White (includes Hispanic),7.3
37,North Carolina,37159,Rowan,2016,2020,Asian/Pacific Islander (includes Hispanic),
37,North Carolina,37159,Rowan,2016,2020,Black (includes Hispanic),8.3
37,North Carolina,37159,Rowan,2016,2020,Hispanic (all races),
37,North Carolina,37159,Rowan,2016,2020,American Indian/Alaskan Native (includes Hispanic),
37,North Carolina,37159,Rowan,2016,2020,White (includes Hispanic),7.1
37,North Carolina,37161,Rutherford,2011,2015,Asian/Pacific Islander (includes Hispanic),
37,North Carolina,37161,Rutherford,2011,2015,Black (includes Hispanic),10.6
37,North Carolina,37161,Rutherford,2011,2015,Hispanic (all races),
37,North Carolina,37161,Rutherford,2011,2015,American Indian/Alaskan Native (includes Hispanic),
37,North Carolina,37161,Rutherford,2011,2015,White (includes Hispanic),8.5
37,North Carolina,37161,Rutherford,2012,2016,Asian/Pacific Islander (includes Hispanic),
37,North Carolina,37161,Rutherford,2012,2016,Black (includes Hispanic),9.2
37,North Carolina,37161,Rutherford,2012,2016,Hispanic (all races),
37,North Carolina,37161,Rutherford,2012,2016,American Indian/Alaskan Native (includes Hispanic),
37,North Carolina,37161,Rutherford,2012,2016,White (includes Hispanic),8.4
37,North Carolina,37161,Rutherford,2013,2017,Asian/Pacific Islander (includes Hispanic),
37,North Carolina,37161,Rutherford,2013,2017,Black (includes Hispanic),7.6
37,North Carolina,37161,Rutherford,2013,2017,Hispanic (all races),
37,North Carolina,37161,Rutherford,2013,2017,American Indian/Alaskan Native (includes Hispanic),
37,North Carolina,37161,Rutherford,2013,2017,White (includes Hispanic),7.7
37,North Carolina,37161,Rutherford,2014,2018,Asian/Pacific Islander (includes Hispanic),
37,North Carolina,37161,Rutherford,2014,2018,Black (includes Hispanic),8.0
37,North Carolina,37161,Rutherford,2014,2018,Hispanic (all races),
37,North Carolina,37161,Rutherford,2014,2018,American Indian/Alaskan Native (includes Hispanic),
37,North Carolina,37161,Rutherford,2014,2018,White (includes Hispanic),7.6
37,North Carolina,37161,Rutherford,2015,2019,Asian/Pacific Islander (includes Hispanic),
37,North Carolina,37161,Rutherford,2015,2019,Black (includes Hispanic),
37,North Carolina,37161,Rutherford,2015,2019,Hispanic (all races),
37,North Carolina,37161,Rutherford,2015,2019,American Indian/Alaskan Native (includes Hispanic),
37,North Carolina,37161,Rutherford,2015,2019,White (includes Hispanic),7.2
37,North Carolina,37161,Rutherford,2016,2020,Asian/Pacific Islander (includes Hispanic),
37,North Carolina,37161,Rutherford,2016,2020,Black (includes Hispanic),6.1
37,North Carolina,37161,Rutherford,2016,2020,Hispanic (all races),
37,North Carolina,37161,Rutherford,2016,2020,American Indian/Alaskan Native (includes Hispanic),
37,North Carolina,37161,Rutherford,2016,2020,White (includes Hispanic),7.1
37,North Carolina,37163,Sampson,2011,2015,Asian/Pacific Islander (includes Hispanic),
37,North Carolina,37163,Sampson,2011,2015,Black (includes Hispanic),8.5
37,North Carolina,37163,Sampson,2011,2015,Hispanic (all races),12.1
37,North Carolina,37163,Sampson,2011,2015,American Indian/Alaskan Native (includes Hispanic),
37,North Carolina,37163,Sampson,2011,2015,White (includes Hispanic),9.7
37,North Carolina,37163,Sampson,2012,2016,Asian/Pacific Islander (includes Hispanic),
37,North Carolina,37163,Sampson,2012,2016,Black (includes Hispanic),7.7
37,North Carolina,37163,Sampson,2012,2016,Hispanic (all races),17.4
37,North Carolina,37163,Sampson,2012,2016,American Indian/Alaskan Native (includes Hispanic),
37,North Carolina,37163,Sampson,2012,2016,White (includes Hispanic),9.5
37,North Carolina,37163,Sampson,2013,2017,Asian/Pacific Islander (includes Hispanic),
37,North Carolina,37163,Sampson,2013,2017,Black (includes Hispanic),7.7
37,North Carolina,37163,Sampson,2013,2017,Hispanic (all races),17.8
37,North Carolina,37163,Sampson,2013,2017,American Indian/Alaskan Native (includes Hispanic),
37,North Carolina,37163,Sampson,2013,2017,White (includes Hispanic),8.0
37,North Carolina,37163,Sampson,2014,2018,Asian/Pacific Islander (includes Hispanic),
37,North Carolina,37163,Sampson,2014,2018,Black (includes Hispanic),7.9
37,North Carolina,37163,Sampson,2014,2018,Hispanic (all races),18.8
37,North Carolina,37163,Sampson,2014,2018,American Indian/Alaskan Native (includes Hispanic),
37,North Carolina,37163,Sampson,2014,2018,White (includes Hispanic),8.2
37,North Carolina,37163,Sampson,2015,2019,Asian/Pacific Islander (includes Hispanic),
37,North Carolina,37163,Sampson,2015,2019,Black (includes Hispanic),8.1
37,North Carolina,37163,Sampson,2015,2019,Hispanic (all races),20.2
37,North Carolina,37163,Sampson,2015,2019,American Indian/Alaskan Native (includes Hispanic),
37,North Carolina,37163,Sampson,2015,2019,White (includes Hispanic),7.2
37,North Carolina,37163,Sampson,2016,2020,Asian/Pacific Islander (includes Hispanic),
37,North Carolina,37163,Sampson,2016,2020,Black (includes Hispanic),7.4
37,North Carolina,37163,Sampson,2016,2020,Hispanic (all races),16.6
37,North Carolina,37163,Sampson,2016,2020,American Indian/Alaskan Native (includes Hispanic),
37,North Carolina,37163,Sampson,2016,2020,White (includes Hispanic),6.6
37,North Carolina,37165,Scotland,2011,2015,Asian/Pacific Islander (includes Hispanic),
37,North Carolina,37165,Scotland,2011,2015,Black (includes Hispanic),8.3
37,North Carolina,37165,Scotland,2011,2015,Hispanic (all races),
37,North Carolina,37165,Scotland,2011,2015,American Indian/Alaskan Native (includes Hispanic),
37,North Carolina,37165,Scotland,2011,2015,White (includes Hispanic),7.3
37,North Carolina,37165,Scotland,2012,2016,Asian/Pacific Islander (includes Hispanic),
37,North Carolina,37165,Scotland,2012,2016,Black (includes Hispanic),10.1
37,North Carolina,37165,Scotland,2012,2016,Hispanic (all races),
37,North Carolina,37165,Scotland,2012,2016,American Indian/Alaskan Native (includes Hispanic),
37,North Carolina,37165,Scotland,2012,2016,White (includes Hispanic),8.0
37,North Carolina,37165,Scotland,2013,2017,Asian/Pacific Islander (includes Hispanic),
37,North Carolina,37165,Scotland,2013,2017,Black (includes Hispanic),9.4
37,North Carolina,37165,Scotland,2013,2017,Hispanic (all races),
37,North Carolina,37165,Scotland,2013,2017,American Indian/Alaskan Native (includes Hispanic),
37,North Carolina,37165,Scotland,2013,2017,White (includes Hispanic),9.1
37,North Carolina,37165,Scotland,2014,2018,Asian/Pacific Islander (includes Hispanic),
37,North Carolina,37165,Scotland,2014,2018,Black (includes Hispanic),8.1
37,North Carolina,37165,Scotland,2014,2018,Hispanic (all races),
37,North Carolina,37165,Scotland,2014,2018,American Indian/Alaskan Native (includes Hispanic),
37,North Carolina,37165,Scotland,2014,2018,White (includes Hispanic),8.6
37,North Carolina,37165,Scotland,2015,2019,Asian/Pacific Islander (includes Hispanic),
37,North Carolina,37165,Scotland,2015,2019,Black (includes Hispanic),8.7
37,North Carolina,37165,Scotland,2015,2019,Hispanic (all races),
37,North Carolina,37165,Scotland,2015,2019,American Indian/Alaskan Native (includes Hispanic),10.7
37,North Carolina,37165,Scotland,2015,2019,White (includes Hispanic),9.0
37,North Carolina,37165,Scotland,2016,2020,Asian/Pacific Islander (includes Hispanic),
37,North Carolina,37165,Scotland,2016,2020,Black (includes Hispanic),8.2
37,North Carolina,37165,Scotland,2016,2020,Hispanic (all races),
37,North Carolina,37165,Scotland,2016,2020,American Indian/Alaskan Native (includes Hispanic),10.7
37,North Carolina,37165,Scotland,2016,2020,White (includes Hispanic),9.4
37,North Carolina,37167,Stanly,2011,2015,Asian/Pacific Islander (includes Hispanic),
37,North Carolina,37167,Stanly,2011,2015,Black (includes Hispanic),9.7
37,North Carolina,37167,Stanly,2011,2015,Hispanic (all races),
37,North Carolina,37167,Stanly,2011,2015,American Indian/Alaskan Native (includes Hispanic),
37,North Carolina,37167,Stanly,2011,2015,White (includes Hispanic),7.1
37,North Carolina,37167,Stanly,2012,2016,Asian/Pacific Islander (includes Hispanic),
37,North Carolina,37167,Stanly,2012,2016,Black (includes Hispanic),10.1
37,North Carolina,37167,Stanly,2012,2016,Hispanic (all races),
37,North Carolina,37167,Stanly,2012,2016,American Indian/Alaskan Native (includes Hispanic),
37,North Carolina,37167,Stanly,2012,2016,White (includes Hispanic),6.8
37,North Carolina,37167,Stanly,2013,2017,Asian/Pacific Islander (includes Hispanic),
37,North Carolina,37167,Stanly,2013,2017,Black (includes Hispanic),8.4
37,North Carolina,37167,Stanly,2013,2017,Hispanic (all races),
37,North Carolina,37167,Stanly,2013,2017,American Indian/Alaskan Native (includes Hispanic),
37,North Carolina,37167,Stanly,2013,2017,White (includes Hispanic),7.6
37,North Carolina,37167,Stanly,2014,2018,Asian/Pacific Islander (includes Hispanic),
37,North Carolina,37167,Stanly,2014,2018,Black (includes Hispanic),7.2
37,North Carolina,37167,Stanly,2014,2018,Hispanic (all races),
37,North Carolina,37167,Stanly,2014,2018,American Indian/Alaskan Native (includes Hispanic),
37,North Carolina,37167,Stanly,2014,2018,White (includes Hispanic),7.3
37,North Carolina,37167,Stanly,2015,2019,Asian/Pacific Islander (includes Hispanic),
37,North Carolina,37167,Stanly,2015,2019,Black (includes Hispanic),7.7
37,North Carolina,37167,Stanly,2015,2019,Hispanic (all races),
37,North Carolina,37167,Stanly,2015,2019,American Indian/Alaskan Native (includes Hispanic),
37,North Carolina,37167,Stanly,2015,2019,White (includes Hispanic),6.2
37,North Carolina,37167,Stanly,2016,2020,Asian/Pacific Islander (includes Hispanic),
37,North Carolina,37167,Stanly,2016,2020,Black (includes Hispanic),8.3
37,North Carolina,37167,Stanly,2016,2020,Hispanic (all races),
37,North Carolina,37167,Stanly,2016,2020,American Indian/Alaskan Native (includes Hispanic),
37,North Carolina,37167,Stanly,2016,2020,White (includes Hispanic),6.5
37,North Carolina,37169,Stokes,2011,2015,Asian/Pacific Islander (includes Hispanic),
37,North Carolina,37169,Stokes,2011,2015,Black (includes Hispanic),6.2
37,North Carolina,37169,Stokes,2011,2015,Hispanic (all races),
37,North Carolina,37169,Stokes,2011,2015,American Indian/Alaskan Native (includes Hispanic),
37,North Carolina,37169,Stokes,2011,2015,White (includes Hispanic),7.1
37,North Carolina,37169,Stokes,2012,2016,Asian/Pacific Islander (includes Hispanic),
37,North Carolina,37169,Stokes,2012,2016,Black (includes Hispanic),6.5
37,North Carolina,37169,Stokes,2012,2016,Hispanic (all races),
37,North Carolina,37169,Stokes,2012,2016,American Indian/Alaskan Native (includes Hispanic),
37,North Carolina,37169,Stokes,2012,2016,White (includes Hispanic),7.0
37,North Carolina,37169,Stokes,2013,2017,Asian/Pacific Islander (includes Hispanic),
37,North Carolina,37169,Stokes,2013,2017,Black (includes Hispanic),5.6
37,North Carolina,37169,Stokes,2013,2017,Hispanic (all races),
37,North Carolina,37169,Stokes,2013,2017,American Indian/Alaskan Native (includes Hispanic),
37,North Carolina,37169,Stokes,2013,2017,White (includes Hispanic),7.0
37,North Carolina,37169,Stokes,2014,2018,Asian/Pacific Islander (includes Hispanic),
37,North Carolina,37169,Stokes,2014,2018,Black (includes Hispanic),5.4
37,North Carolina,37169,Stokes,2014,2018,Hispanic (all races),
37,North Carolina,37169,Stokes,2014,2018,American Indian/Alaskan Native (includes Hispanic),
37,North Carolina,37169,Stokes,2014,2018,White (includes Hispanic),7.1
37,North Carolina,37169,Stokes,2015,2019,Asian/Pacific Islander (includes Hispanic),
37,North Carolina,37169,Stokes,2015,2019,Black (includes Hispanic),6.3
37,North Carolina,37169,Stokes,2015,2019,Hispanic (all races),
37,North Carolina,37169,Stokes,2015,2019,American Indian/Alaskan Native (includes Hispanic),
37,North Carolina,37169,Stokes,2015,2019,White (includes Hispanic),6.6
37,North Carolina,37169,Stokes,2016,2020,Asian/Pacific Islander (includes Hispanic),
37,North Carolina,37169,Stokes,2016,2020,Black (includes Hispanic),7.0
37,North Carolina,37169,Stokes,2016,2020,Hispanic (all races),
37,North Carolina,37169,Stokes,2016,2020,American Indian/Alaskan Native (includes Hispanic),
37,North Carolina,37169,Stokes,2016,2020,White (includes Hispanic),6.3
37,North Carolina,37171,Surry,2011,2015,Asian/Pacific Islander (includes Hispanic),
37,North Carolina,37171,Surry,2011,2015,Black (includes Hispanic),6.9
37,North Carolina,37171,Surry,2011,2015,Hispanic (all races),
37,North Carolina,37171,Surry,2011,2015,American Indian/Alaskan Native (includes Hispanic),
37,North Carolina,37171,Surry,2011,2015,White (includes Hispanic),6.2
37,North Carolina,37171,Surry,2012,2016,Asian/Pacific Islander (includes Hispanic),
37,North Carolina,37171,Surry,2012,2016,Black (includes Hispanic),6.7
37,North Carolina,37171,Surry,2012,2016,Hispanic (all races),
37,North Carolina,37171,Surry,2012,2016,American Indian/Alaskan Native (includes Hispanic),
37,North Carolina,37171,Surry,2012,2016,White (includes Hispanic),5.9
37,North Carolina,37171,Surry,2013,2017,Asian/Pacific Islander (includes Hispanic),
37,North Carolina,37171,Surry,2013,2017,Black (includes Hispanic),
37,North Carolina,37171,Surry,2013,2017,Hispanic (all races),
37,North Carolina,37171,Surry,2013,2017,American Indian/Alaskan Native (includes Hispanic),
37,North Carolina,37171,Surry,2013,2017,White (includes Hispanic),6.0
37,North Carolina,37171,Surry,2014,2018,Asian/Pacific Islander (includes Hispanic),
37,North Carolina,37171,Surry,2014,2018,Black (includes Hispanic),5.5
37,North Carolina,37171,Surry,2014,2018,Hispanic (all races),
37,North Carolina,37171,Surry,2014,2018,American Indian/Alaskan Native (includes Hispanic),
37,North Carolina,37171,Surry,2014,2018,White (includes Hispanic),5.7
37,North Carolina,37171,Surry,2015,2019,Asian/Pacific Islander (includes Hispanic),
37,North Carolina,37171,Surry,2015,2019,Black (includes Hispanic),6.2
37,North Carolina,37171,Surry,2015,2019,Hispanic (all races),
37,North Carolina,37171,Surry,2015,2019,American Indian/Alaskan Native (includes Hispanic),
37,North Carolina,37171,Surry,2015,2019,White (includes Hispanic),5.9
37,North Carolina,37171,Surry,2016,2020,Asian/Pacific Islander (includes Hispanic),
37,North Carolina,37171,Surry,2016,2020,Black (includes Hispanic),7.2
37,North Carolina,37171,Surry,2016,2020,Hispanic (all races),
37,North Carolina,37171,Surry,2016,2020,American Indian/Alaskan Native (includes Hispanic),
37,North Carolina,37171,Surry,2016,2020,White (includes Hispanic),6.4
37,North Carolina,37173,Swain,2011,2015,Asian/Pacific Islander (includes Hispanic),
37,North Carolina,37173,Swain,2011,2015,Black (includes Hispanic),
37,North Carolina,37173,Swain,2011,2015,Hispanic (all races),
37,North Carolina,37173,Swain,2011,2015,American Indian/Alaskan Native (includes Hispanic),
37,North Carolina,37173,Swain,2011,2015,White (includes Hispanic),8.0
37,North Carolina,37173,Swain,2012,2016,Asian/Pacific Islander (includes Hispanic),
37,North Carolina,37173,Swain,2012,2016,Black (includes Hispanic),
37,North Carolina,37173,Swain,2012,2016,Hispanic (all races),
37,North Carolina,37173,Swain,2012,2016,American Indian/Alaskan Native (includes Hispanic),
37,North Carolina,37173,Swain,2012,2016,White (includes Hispanic),8.4
37,North Carolina,37173,Swain,2013,2017,Asian/Pacific Islander (includes Hispanic),
37,North Carolina,37173,Swain,2013,2017,Black (includes Hispanic),
37,North Carolina,37173,Swain,2013,2017,Hispanic (all races),
37,North Carolina,37173,Swain,2013,2017,American Indian/Alaskan Native (includes Hispanic),
37,North Carolina,37173,Swain,2013,2017,White (includes Hispanic),8.1
37,North Carolina,37173,Swain,2014,2018,Asian/Pacific Islander (includes Hispanic),
37,North Carolina,37173,Swain,2014,2018,Black (includes Hispanic),
37,North Carolina,37173,Swain,2014,2018,Hispanic (all races),
37,North Carolina,37173,Swain,2014,2018,American Indian/Alaskan Native (includes Hispanic),
37,North Carolina,37173,Swain,2014,2018,White (includes Hispanic),9.1
37,North Carolina,37173,Swain,2015,2019,Asian/Pacific Islander (includes Hispanic),
37,North Carolina,37173,Swain,2015,2019,Black (includes Hispanic),
37,North Carolina,37173,Swain,2015,2019,Hispanic (all races),
37,North Carolina,37173,Swain,2015,2019,American Indian/Alaskan Native (includes Hispanic),
37,North Carolina,37173,Swain,2015,2019,White (includes Hispanic),9.5
37,North Carolina,37173,Swain,2016,2020,Asian/Pacific Islander (includes Hispanic),
37,North Carolina,37173,Swain,2016,2020,Black (includes Hispanic),
37,North Carolina,37173,Swain,2016,2020,Hispanic (all races),
37,North Carolina,37173,Swain,2016,2020,American Indian/Alaskan Native (includes Hispanic),
37,North Carolina,37173,Swain,2016,2020,White (includes Hispanic),9.0
37,North Carolina,37175,Transylvania,2011,2015,Asian/Pacific Islander (includes Hispanic),
37,North Carolina,37175,Transylvania,2011,2015,Black (includes Hispanic),9.8
37,North Carolina,37175,Transylvania,2011,2015,Hispanic (all races),
37,North Carolina,37175,Transylvania,2011,2015,American Indian/Alaskan Native (includes Hispanic),
37,North Carolina,37175,Transylvania,2011,2015,White (includes Hispanic),6.5
37,North Carolina,37175,Transylvania,2012,2016,Asian/Pacific Islander (includes Hispanic),
37,North Carolina,37175,Transylvania,2012,2016,Black (includes Hispanic),9.4
37,North Carolina,37175,Transylvania,2012,2016,Hispanic (all races),
37,North Carolina,37175,Transylvania,2012,2016,American Indian/Alaskan Native (includes Hispanic),
37,North Carolina,37175,Transylvania,2012,2016,White (includes Hispanic),6.8
37,North Carolina,37175,Transylvania,2013,2017,Asian/Pacific Islander (includes Hispanic),
37,North Carolina,37175,Transylvania,2013,2017,Black (includes Hispanic),11.7
37,North Carolina,37175,Transylvania,2013,2017,Hispanic (all races),
37,North Carolina,37175,Transylvania,2013,2017,American Indian/Alaskan Native (includes Hispanic),
37,North Carolina,37175,Transylvania,2013,2017,White (includes Hispanic),7.2
37,North Carolina,37175,Transylvania,2014,2018,Asian/Pacific Islander (includes Hispanic),
37,North Carolina,37175,Transylvania,2014,2018,Black (includes Hispanic),10.4
37,North Carolina,37175,Transylvania,2014,2018,Hispanic (all races),
37,North Carolina,37175,Transylvania,2014,2018,American Indian/Alaskan Native (includes Hispanic),
37,North Carolina,37175,Transylvania,2014,2018,White (includes Hispanic),7.5
37,North Carolina,37175,Transylvania,2015,2019,Asian/Pacific Islander (includes Hispanic),
37,North Carolina,37175,Transylvania,2015,2019,Black (includes Hispanic),9.5
37,North Carolina,37175,Transylvania,2015,2019,Hispanic (all races),
37,North Carolina,37175,Transylvania,2015,2019,American Indian/Alaskan Native (includes Hispanic),
37,North Carolina,37175,Transylvania,2015,2019,White (includes Hispanic),7.5
37,North Carolina,37175,Transylvania,2016,2020,Asian/Pacific Islander (includes Hispanic),
37,North Carolina,37175,Transylvania,2016,2020,Black (includes Hispanic),7.9
37,North Carolina,37175,Transylvania,2016,2020,Hispanic (all races),
37,North Carolina,37175,Transylvania,2016,2020,American Indian/Alaskan Native (includes Hispanic),
37,North Carolina,37175,Transylvania,2016,2020,White (includes Hispanic),7.5
37,North Carolina,37177,Tyrrell,2011,2015,Asian/Pacific Islander (includes Hispanic),
37,North Carolina,37177,Tyrrell,2011,2015,Black (includes Hispanic),
37,North Carolina,37177,Tyrrell,2011,2015,Hispanic (all races),
37,North Carolina,37177,Tyrrell,2011,2015,American Indian/Alaskan Native (includes Hispanic),
37,North Carolina,37177,Tyrrell,2011,2015,White (includes Hispanic),
37,North Carolina,37177,Tyrrell,2012,2016,Asian/Pacific Islander (includes Hispanic),
37,North Carolina,37177,Tyrrell,2012,2016,Black (includes Hispanic),
37,North Carolina,37177,Tyrrell,2012,2016,Hispanic (all races),
37,North Carolina,37177,Tyrrell,2012,2016,American Indian/Alaskan Native (includes Hispanic),
37,North Carolina,37177,Tyrrell,2012,2016,White (includes Hispanic),
37,North Carolina,37177,Tyrrell,2013,2017,Asian/Pacific Islander (includes Hispanic),
37,North Carolina,37177,Tyrrell,2013,2017,Black (includes Hispanic),
37,North Carolina,37177,Tyrrell,2013,2017,Hispanic (all races),
37,North Carolina,37177,Tyrrell,2013,2017,American Indian/Alaskan Native (includes Hispanic),
37,North Carolina,37177,Tyrrell,2013,2017,White (includes Hispanic),6.2
37,North Carolina,37177,Tyrrell,2014,2018,Asian/Pacific Islander (includes Hispanic),
37,North Carolina,37177,Tyrrell,2014,2018,Black (includes Hispanic),
37,North Carolina,37177,Tyrrell,2014,2018,Hispanic (all races),
37,North Carolina,37177,Tyrrell,2014,2018,American Indian/Alaskan Native (includes Hispanic),
37,North Carolina,37177,Tyrrell,2014,2018,White (includes Hispanic),6.4
37,North Carolina,37177,Tyrrell,2015,2019,Asian/Pacific Islander (includes Hispanic),
37,North Carolina,37177,Tyrrell,2015,2019,Black (includes Hispanic),
37,North Carolina,37177,Tyrrell,2015,2019,Hispanic (all races),
37,North Carolina,37177,Tyrrell,2015,2019,American Indian/Alaskan Native (includes Hispanic),
37,North Carolina,37177,Tyrrell,2015,2019,White (includes Hispanic),7.3
37,North Carolina,37177,Tyrrell,2016,2020,Asian/Pacific Islander (includes Hispanic),
37,North Carolina,37177,Tyrrell,2016,2020,Black (includes Hispanic),
37,North Carolina,37177,Tyrrell,2016,2020,Hispanic (all races),
37,North Carolina,37177,Tyrrell,2016,2020,American Indian/Alaskan Native (includes Hispanic),
37,North Carolina,37177,Tyrrell,2016,2020,White (includes Hispanic),6.4
37,North Carolina,37179,Union,2011,2015,Asian/Pacific Islander (includes Hispanic),
37,North Carolina,37179,Union,2011,2015,Black (includes Hispanic),7.8
37,North Carolina,37179,Union,2011,2015,Hispanic (all races),14.2
37,North Carolina,37179,Union,2011,2015,American Indian/Alaskan Native (includes Hispanic),
37,North Carolina,37179,Union,2011,2015,White (includes Hispanic),6.1
37,North Carolina,37179,Union,2012,2016,Asian/Pacific Islander (includes Hispanic),
37,North Carolina,37179,Union,2012,2016,Black (includes Hispanic),7.7
37,North Carolina,37179,Union,2012,2016,Hispanic (all races),10.9
37,North Carolina,37179,Union,2012,2016,American Indian/Alaskan Native (includes Hispanic),
37,North Carolina,37179,Union,2012,2016,White (includes Hispanic),5.7
37,North Carolina,37179,Union,2013,2017,Asian/Pacific Islander (includes Hispanic),
37,North Carolina,37179,Union,2013,2017,Black (includes Hispanic),7.6
37,North Carolina,37179,Union,2013,2017,Hispanic (all races),11.0
37,North Carolina,37179,Union,2013,2017,American Indian/Alaskan Native (includes Hispanic),
37,North Carolina,37179,Union,2013,2017,White (includes Hispanic),6.1
37,North Carolina,37179,Union,2014,2018,Asian/Pacific Islander (includes Hispanic),
37,North Carolina,37179,Union,2014,2018,Black (includes Hispanic),7.6
37,North Carolina,37179,Union,2014,2018,Hispanic (all races),10.4
37,North Carolina,37179,Union,2014,2018,American Indian/Alaskan Native (includes Hispanic),
37,North Carolina,37179,Union,2014,2018,White (includes Hispanic),6.3
37,North Carolina,37179,Union,2015,2019,Asian/Pacific Islander (includes Hispanic),
37,North Carolina,37179,Union,2015,2019,Black (includes Hispanic),7.5
37,North Carolina,37179,Union,2015,2019,Hispanic (all races),10.8
37,North Carolina,37179,Union,2015,2019,American Indian/Alaskan Native (includes Hispanic),
37,North Carolina,37179,Union,2015,2019,White (includes Hispanic),6.0
37,North Carolina,37179,Union,2016,2020,Asian/Pacific Islander (includes Hispanic),
37,North Carolina,37179,Union,2016,2020,Black (includes Hispanic),7.4
37,North Carolina,37179,Union,2016,2020,Hispanic (all races),11.5
37,North Carolina,37179,Union,2016,2020,American Indian/Alaskan Native (includes Hispanic),
37,North Carolina,37179,Union,2016,2020,White (includes Hispanic),6.5
37,North Carolina,37181,Vance,2011,2015,Asian/Pacific Islander (includes Hispanic),
37,North Carolina,37181,Vance,2011,2015,Black (includes Hispanic),9.7
37,North Carolina,37181,Vance,2011,2015,Hispanic (all races),
37,North Carolina,37181,Vance,2011,2015,American Indian/Alaskan Native (includes Hispanic),
37,North Carolina,37181,Vance,2011,2015,White (includes Hispanic),
37,North Carolina,37181,Vance,2012,2016,Asian/Pacific Islander (includes Hispanic),
37,North Carolina,37181,Vance,2012,2016,Black (includes Hispanic),9.4
37,North Carolina,37181,Vance,2012,2016,Hispanic (all races),
37,North Carolina,37181,Vance,2012,2016,American Indian/Alaskan Native (includes Hispanic),
37,North Carolina,37181,Vance,2012,2016,White (includes Hispanic),4.9
37,North Carolina,37181,Vance,2013,2017,Asian/Pacific Islander (includes Hispanic),
37,North Carolina,37181,Vance,2013,2017,Black (includes Hispanic),10.4
37,North Carolina,37181,Vance,2013,2017,Hispanic (all races),
37,North Carolina,37181,Vance,2013,2017,American Indian/Alaskan Native (includes Hispanic),
37,North Carolina,37181,Vance,2013,2017,White (includes Hispanic),5.6
37,North Carolina,37181,Vance,2014,2018,Asian/Pacific Islander (includes Hispanic),
37,North Carolina,37181,Vance,2014,2018,Black (includes Hispanic),11.2
37,North Carolina,37181,Vance,2014,2018,Hispanic (all races),
37,North Carolina,37181,Vance,2014,2018,American Indian/Alaskan Native (includes Hispanic),
37,North Carolina,37181,Vance,2014,2018,White (includes Hispanic),6.5
37,North Carolina,37181,Vance,2015,2019,Asian/Pacific Islander (includes Hispanic),
37,North Carolina,37181,Vance,2015,2019,Black (includes Hispanic),11.6
37,North Carolina,37181,Vance,2015,2019,Hispanic (all races),
37,North Carolina,37181,Vance,2015,2019,American Indian/Alaskan Native (includes Hispanic),
37,North Carolina,37181,Vance,2015,2019,White (includes Hispanic),6.8
37,North Carolina,37181,Vance,2016,2020,Asian/Pacific Islander (includes Hispanic),
37,North Carolina,37181,Vance,2016,2020,Black (includes Hispanic),11.3
37,North Carolina,37181,Vance,2016,2020,Hispanic (all races),
37,North Carolina,37181,Vance,2016,2020,American Indian/Alaskan Native (includes Hispanic),
37,North Carolina,37181,Vance,2016,2020,White (includes Hispanic),8.2
37,North Carolina,37183,Wake,2011,2015,Asian/Pacific Islander (includes Hispanic),
37,North Carolina,37183,Wake,2011,2015,Black (includes Hispanic),9.0
37,North Carolina,37183,Wake,2011,2015,Hispanic (all races),11.5
37,North Carolina,37183,Wake,2011,2015,American Indian/Alaskan Native (includes Hispanic),
37,North Carolina,37183,Wake,2011,2015,White (includes Hispanic),6.5
37,North Carolina,37183,Wake,2012,2016,Asian/Pacific Islander (includes Hispanic),
37,North Carolina,37183,Wake,2012,2016,Black (includes Hispanic),8.6
37,North Carolina,37183,Wake,2012,2016,Hispanic (all races),12.4
37,North Carolina,37183,Wake,2012,2016,American Indian/Alaskan Native (includes Hispanic),
37,North Carolina,37183,Wake,2012,2016,White (includes Hispanic),6.1
37,North Carolina,37183,Wake,2013,2017,Asian/Pacific Islander (includes Hispanic),
37,North Carolina,37183,Wake,2013,2017,Black (includes Hispanic),7.7
37,North Carolina,37183,Wake,2013,2017,Hispanic (all races),8.8
37,North Carolina,37183,Wake,2013,2017,American Indian/Alaskan Native (includes Hispanic),
37,North Carolina,37183,Wake,2013,2017,White (includes Hispanic),5.2
37,North Carolina,37183,Wake,2014,2018,Asian/Pacific Islander (includes Hispanic),
37,North Carolina,37183,Wake,2014,2018,Black (includes Hispanic),7.8
37,North Carolina,37183,Wake,2014,2018,Hispanic (all races),9.5
37,North Carolina,37183,Wake,2014,2018,American Indian/Alaskan Native (includes Hispanic),
37,North Carolina,37183,Wake,2014,2018,White (includes Hispanic),5.0
37,North Carolina,37183,Wake,2015,2019,Asian/Pacific Islander (includes Hispanic),
37,North Carolina,37183,Wake,2015,2019,Black (includes Hispanic),6.7
37,North Carolina,37183,Wake,2015,2019,Hispanic (all races),9.6
37,North Carolina,37183,Wake,2015,2019,American Indian/Alaskan Native (includes Hispanic),
37,North Carolina,37183,Wake,2015,2019,White (includes Hispanic),4.8
37,North Carolina,37183,Wake,2016,2020,Asian/Pacific Islander (includes Hispanic),
37,North Carolina,37183,Wake,2016,2020,Black (includes Hispanic),5.4
37,North Carolina,37183,Wake,2016,2020,Hispanic (all races),9.7
37,North Carolina,37183,Wake,2016,2020,American Indian/Alaskan Native (includes Hispanic),
37,North Carolina,37183,Wake,2016,2020,White (includes Hispanic),4.8
37,North Carolina,37185,Warren,2011,2015,Asian/Pacific Islander (includes Hispanic),
37,North Carolina,37185,Warren,2011,2015,Black (includes Hispanic),8.6
37,North Carolina,37185,Warren,2011,2015,Hispanic (all races),
37,North Carolina,37185,Warren,2011,2015,American Indian/Alaskan Native (includes Hispanic),
37,North Carolina,37185,Warren,2011,2015,White (includes Hispanic),4.8
37,North Carolina,37185,Warren,2012,2016,Asian/Pacific Islander (includes Hispanic),
37,North Carolina,37185,Warren,2012,2016,Black (includes Hispanic),9.3
37,North Carolina,37185,Warren,2012,2016,Hispanic (all races),
37,North Carolina,37185,Warren,2012,2016,American Indian/Alaskan Native (includes Hispanic),
37,North Carolina,37185,Warren,2012,2016,White (includes Hispanic),4.8
37,North Carolina,37185,Warren,2013,2017,Asian/Pacific Islander (includes Hispanic),
37,North Carolina,37185,Warren,2013,2017,Black (includes Hispanic),9.5
37,North Carolina,37185,Warren,2013,2017,Hispanic (all races),
37,North Carolina,37185,Warren,2013,2017,American Indian/Alaskan Native (includes Hispanic),
37,North Carolina,37185,Warren,2013,2017,White (includes Hispanic),5.4
37,North Carolina,37185,Warren,2014,2018,Asian/Pacific Islander (includes Hispanic),
37,North Carolina,37185,Warren,2014,2018,Black (includes Hispanic),11.8
37,North Carolina,37185,Warren,2014,2018,Hispanic (all races),
37,North Carolina,37185,Warren,2014,2018,American Indian/Alaskan Native (includes Hispanic),
37,North Carolina,37185,Warren,2014,2018,White (includes Hispanic),6.6
37,North Carolina,37185,Warren,2015,2019,Asian/Pacific Islander (includes Hispanic),
37,North Carolina,37185,Warren,2015,2019,Black (includes Hispanic),11.9
37,North Carolina,37185,Warren,2015,2019,Hispanic (all races),
37,North Carolina,37185,Warren,2015,2019,American Indian/Alaskan Native (includes Hispanic),
37,North Carolina,37185,Warren,2015,2019,White (includes Hispanic),7.7
37,North Carolina,37185,Warren,2016,2020,Asian/Pacific Islander (includes Hispanic),
37,North Carolina,37185,Warren,2016,2020,Black (includes Hispanic),10.5
37,North Carolina,37185,Warren,2016,2020,Hispanic (all races),
37,North Carolina,37185,Warren,2016,2020,American Indian/Alaskan Native (includes Hispanic),
37,North Carolina,37185,Warren,2016,2020,White (includes Hispanic),9.2
37,North Carolina,37187,Washington,2011,2015,Asian/Pacific Islander (includes Hispanic),
37,North Carolina,37187,Washington,2011,2015,Black (includes Hispanic),
37,North Carolina,37187,Washington,2011,2015,Hispanic (all races),
37,North Carolina,37187,Washington,2011,2015,American Indian/Alaskan Native (includes Hispanic),
37,North Carolina,37187,Washington,2011,2015,White (includes Hispanic),
37,North Carolina,37187,Washington,2012,2016,Asian/Pacific Islander (includes Hispanic),
37,North Carolina,37187,Washington,2012,2016,Black (includes Hispanic),
37,North Carolina,37187,Washington,2012,2016,Hispanic (all races),
37,North Carolina,37187,Washington,2012,2016,American Indian/Alaskan Native (includes Hispanic),
37,North Carolina,37187,Washington,2012,2016,White (includes Hispanic),
37,North Carolina,37187,Washington,2013,2017,Asian/Pacific Islander (includes Hispanic),
37,North Carolina,37187,Washington,2013,2017,Black (includes Hispanic),
37,North Carolina,37187,Washington,2013,2017,Hispanic (all races),
37,North Carolina,37187,Washington,2013,2017,American Indian/Alaskan Native (includes Hispanic),
37,North Carolina,37187,Washington,2013,2017,White (includes Hispanic),
37,North Carolina,37187,Washington,2014,2018,Asian/Pacific Islander (includes Hispanic),
37,North Carolina,37187,Washington,2014,2018,Black (includes Hispanic),
37,North Carolina,37187,Washington,2014,2018,Hispanic (all races),
37,North Carolina,37187,Washington,2014,2018,American Indian/Alaskan Native (includes Hispanic),
37,North Carolina,37187,Washington,2014,2018,White (includes Hispanic),
37,North Carolina,37187,Washington,2015,2019,Asian/Pacific Islander (includes Hispanic),
37,North Carolina,37187,Washington,2015,2019,Black (includes Hispanic),
37,North Carolina,37187,Washington,2015,2019,Hispanic (all races),
37,North Carolina,37187,Washington,2015,2019,American Indian/Alaskan Native (includes Hispanic),
37,North Carolina,37187,Washington,2015,2019,White (includes Hispanic),
37,North Carolina,37187,Washington,2016,2020,Asian/Pacific Islander (includes Hispanic),
37,North Carolina,37187,Washington,2016,2020,Black (includes Hispanic),
37,North Carolina,37187,Washington,2016,2020,Hispanic (all races),
37,North Carolina,37187,Washington,2016,2020,American Indian/Alaskan Native (includes Hispanic),
37,North Carolina,37187,Washington,2016,2020,White (includes Hispanic),
37,North Carolina,37189,Watauga,2011,2015,Asian/Pacific Islander (includes Hispanic),
37,North Carolina,37189,Watauga,2011,2015,Black (includes Hispanic),
37,North Carolina,37189,Watauga,2011,2015,Hispanic (all races),
37,North Carolina,37189,Watauga,2011,2015,American Indian/Alaskan Native (includes Hispanic),
37,North Carolina,37189,Watauga,2011,2015,White (includes Hispanic),7.2
37,North Carolina,37189,Watauga,2012,2016,Asian/Pacific Islander (includes Hispanic),
37,North Carolina,37189,Watauga,2012,2016,Black (includes Hispanic),
37,North Carolina,37189,Watauga,2012,2016,Hispanic (all races),
37,North Carolina,37189,Watauga,2012,2016,American Indian/Alaskan Native (includes Hispanic),
37,North Carolina,37189,Watauga,2012,2016,White (includes Hispanic),5.9
37,North Carolina,37189,Watauga,2013,2017,Asian/Pacific Islander (includes Hispanic),
37,North Carolina,37189,Watauga,2013,2017,Black (includes Hispanic),
37,North Carolina,37189,Watauga,2013,2017,Hispanic (all races),
37,North Carolina,37189,Watauga,2013,2017,American Indian/Alaskan Native (includes Hispanic),
37,North Carolina,37189,Watauga,2013,2017,White (includes Hispanic),6.0
37,North Carolina,37189,Watauga,2014,2018,Asian/Pacific Islander (includes Hispanic),
37,North Carolina,37189,Watauga,2014,2018,Black (includes Hispanic),
37,North Carolina,37189,Watauga,2014,2018,Hispanic (all races),
37,North Carolina,37189,Watauga,2014,2018,American Indian/Alaskan Native (includes Hispanic),
37,North Carolina,37189,Watauga,2014,2018,White (includes Hispanic),5.5
37,North Carolina,37189,Watauga,2015,2019,Asian/Pacific Islander (includes Hispanic),
37,North Carolina,37189,Watauga,2015,2019,Black (includes Hispanic),
37,North Carolina,37189,Watauga,2015,2019,Hispanic (all races),
37,North Carolina,37189,Watauga,2015,2019,American Indian/Alaskan Native (includes Hispanic),
37,North Carolina,37189,Watauga,2015,2019,White (includes Hispanic),5.1
37,North Carolina,37189,Watauga,2016,2020,Asian/Pacific Islander (includes Hispanic),
37,North Carolina,37189,Watauga,2016,2020,Black (includes Hispanic),
37,North Carolina,37189,Watauga,2016,2020,Hispanic (all races),
37,North Carolina,37189,Watauga,2016,2020,American Indian/Alaskan Native (includes Hispanic),
37,North Carolina,37189,Watauga,2016,2020,White (includes Hispanic),5.3
37,North Carolina,37191,Wayne,2011,2015,Asian/Pacific Islander (includes Hispanic),
37,North Carolina,37191,Wayne,2011,2015,Black (includes Hispanic),10.8
37,North Carolina,37191,Wayne,2011,2015,Hispanic (all races),
37,North Carolina,37191,Wayne,2011,2015,American Indian/Alaskan Native (includes Hispanic),
37,North Carolina,37191,Wayne,2011,2015,White (includes Hispanic),9.0
37,North Carolina,37191,Wayne,2012,2016,Asian/Pacific Islander (includes Hispanic),
37,North Carolina,37191,Wayne,2012,2016,Black (includes Hispanic),10.7
37,North Carolina,37191,Wayne,2012,2016,Hispanic (all races),25.8
37,North Carolina,37191,Wayne,2012,2016,American Indian/Alaskan Native (includes Hispanic),
37,North Carolina,37191,Wayne,2012,2016,White (includes Hispanic),8.6
37,North Carolina,37191,Wayne,2013,2017,Asian/Pacific Islander (includes Hispanic),
37,North Carolina,37191,Wayne,2013,2017,Black (includes Hispanic),9.5
37,North Carolina,37191,Wayne,2013,2017,Hispanic (all races),26.7
37,North Carolina,37191,Wayne,2013,2017,American Indian/Alaskan Native (includes Hispanic),
37,North Carolina,37191,Wayne,2013,2017,White (includes Hispanic),7.5
37,North Carolina,37191,Wayne,2014,2018,Asian/Pacific Islander (includes Hispanic),
37,North Carolina,37191,Wayne,2014,2018,Black (includes Hispanic),7.9
37,North Carolina,37191,Wayne,2014,2018,Hispanic (all races),30.8
37,North Carolina,37191,Wayne,2014,2018,American Indian/Alaskan Native (includes Hispanic),
37,North Carolina,37191,Wayne,2014,2018,White (includes Hispanic),7.6
37,North Carolina,37191,Wayne,2015,2019,Asian/Pacific Islander (includes Hispanic),
37,North Carolina,37191,Wayne,2015,2019,Black (includes Hispanic),7.4
37,North Carolina,37191,Wayne,2015,2019,Hispanic (all races),29.8
37,North Carolina,37191,Wayne,2015,2019,American Indian/Alaskan Native (includes Hispanic),
37,North Carolina,37191,Wayne,2015,2019,White (includes Hispanic),7.4
37,North Carolina,37191,Wayne,2016,2020,Asian/Pacific Islander (includes Hispanic),
37,North Carolina,37191,Wayne,2016,2020,Black (includes Hispanic),6.6
37,North Carolina,37191,Wayne,2016,2020,Hispanic (all races),20.6
37,North Carolina,37191,Wayne,2016,2020,American Indian/Alaskan Native (includes Hispanic),
37,North Carolina,37191,Wayne,2016,2020,White (includes Hispanic),7.5
37,North Carolina,37193,Wilkes,2011,2015,Asian/Pacific Islander (includes Hispanic),
37,North Carolina,37193,Wilkes,2011,2015,Black (includes Hispanic),
37,North Carolina,37193,Wilkes,2011,2015,Hispanic (all races),
37,North Carolina,37193,Wilkes,2011,2015,American Indian/Alaskan Native (includes Hispanic),
37,North Carolina,37193,Wilkes,2011,2015,White (includes Hispanic),7.9
37,North Carolina,37193,Wilkes,2012,2016,Asian/Pacific Islander (includes Hispanic),
37,North Carolina,37193,Wilkes,2012,2016,Black (includes Hispanic),
37,North Carolina,37193,Wilkes,2012,2016,Hispanic (all races),
37,North Carolina,37193,Wilkes,2012,2016,American Indian/Alaskan Native (includes Hispanic),
37,North Carolina,37193,Wilkes,2012,2016,White (includes Hispanic),7.6
37,North Carolina,37193,Wilkes,2013,2017,Asian/Pacific Islander (includes Hispanic),
37,North Carolina,37193,Wilkes,2013,2017,Black (includes Hispanic),
37,North Carolina,37193,Wilkes,2013,2017,Hispanic (all races),
37,North Carolina,37193,Wilkes,2013,2017,American Indian/Alaskan Native (includes Hispanic),
37,North Carolina,37193,Wilkes,2013,2017,White (includes Hispanic),7.4
37,North Carolina,37193,Wilkes,2014,2018,Asian/Pacific Islander (includes Hispanic),
37,North Carolina,37193,Wilkes,2014,2018,Black (includes Hispanic),
37,North Carolina,37193,Wilkes,2014,2018,Hispanic (all races),
37,North Carolina,37193,Wilkes,2014,2018,American Indian/Alaskan Native (includes Hispanic),
37,North Carolina,37193,Wilkes,2014,2018,White (includes Hispanic),7.3
37,North Carolina,37193,Wilkes,2015,2019,Asian/Pacific Islander (includes Hispanic),
37,North Carolina,37193,Wilkes,2015,2019,Black (includes Hispanic),
37,North Carolina,37193,Wilkes,2015,2019,Hispanic (all races),
37,North Carolina,37193,Wilkes,2015,2019,American Indian/Alaskan Native (includes Hispanic),
37,North Carolina,37193,Wilkes,2015,2019,White (includes Hispanic),7.2
37,North Carolina,37193,Wilkes,2016,2020,Asian/Pacific Islander (includes Hispanic),
37,North Carolina,37193,Wilkes,2016,2020,Black (includes Hispanic),
37,North Carolina,37193,Wilkes,2016,2020,Hispanic (all races),
37,North Carolina,37193,Wilkes,2016,2020,American Indian/Alaskan Native (includes Hispanic),
37,North Carolina,37193,Wilkes,2016,2020,White (includes Hispanic),6.5
37,North Carolina,37195,Wilson,2011,2015,Asian/Pacific Islander (includes Hispanic),
37,North Carolina,37195,Wilson,2011,2015,Black (includes Hispanic),8.1
37,North Carolina,37195,Wilson,2011,2015,Hispanic (all races),
37,North Carolina,37195,Wilson,2011,2015,American Indian/Alaskan Native (includes Hispanic),
37,North Carolina,37195,Wilson,2011,2015,White (includes Hispanic),7.3
37,North Carolina,37195,Wilson,2012,2016,Asian/Pacific Islander (includes Hispanic),
37,North Carolina,37195,Wilson,2012,2016,Black (includes Hispanic),8.8
37,North Carolina,37195,Wilson,2012,2016,Hispanic (all races),
37,North Carolina,37195,Wilson,2012,2016,American Indian/Alaskan Native (includes Hispanic),
37,North Carolina,37195,Wilson,2012,2016,White (includes Hispanic),6.5
37,North Carolina,37195,Wilson,2013,2017,Asian/Pacific Islander (includes Hispanic),
37,North Carolina,37195,Wilson,2013,2017,Black (includes Hispanic),8.4
37,North Carolina,37195,Wilson,2013,2017,Hispanic (all races),
37,North Carolina,37195,Wilson,2013,2017,American Indian/Alaskan Native (includes Hispanic),
37,North Carolina,37195,Wilson,2013,2017,White (includes Hispanic),5.6
37,North Carolina,37195,Wilson,2014,2018,Asian/Pacific Islander (includes Hispanic),
37,North Carolina,37195,Wilson,2014,2018,Black (includes Hispanic),6.8
37,North Carolina,37195,Wilson,2014,2018,Hispanic (all races),
37,North Carolina,37195,Wilson,2014,2018,American Indian/Alaskan Native (includes Hispanic),
37,North Carolina,37195,Wilson,2014,2018,White (includes Hispanic),6.5
37,North Carolina,37195,Wilson,2015,2019,Asian/Pacific Islander (includes Hispanic),
37,North Carolina,37195,Wilson,2015,2019,Black (includes Hispanic),5.8
37,North Carolina,37195,Wilson,2015,2019,Hispanic (all races),
37,North Carolina,37195,Wilson,2015,2019,American Indian/Alaskan Native (includes Hispanic),
37,North Carolina,37195,Wilson,2015,2019,White (includes Hispanic),6.4
37,North Carolina,37195,Wilson,2016,2020,Asian/Pacific Islander (includes Hispanic),
37,North Carolina,37195,Wilson,2016,2020,Black (includes Hispanic),5.7
37,North Carolina,37195,Wilson,2016,2020,Hispanic (all races),
37,North Carolina,37195,Wilson,2016,2020,American Indian/Alaskan Native (includes Hispanic),
37,North Carolina,37195,Wilson,2016,2020,White (includes Hispanic),6.9
37,North Carolina,37197,Yadkin,2011,2015,Asian/Pacific Islander (includes Hispanic),
37,North Carolina,37197,Yadkin,2011,2015,Black (includes Hispanic),7.1
37,North Carolina,37197,Yadkin,2011,2015,Hispanic (all races),
37,North Carolina,37197,Yadkin,2011,2015,American Indian/Alaskan Native (includes Hispanic),
37,North Carolina,37197,Yadkin,2011,2015,White (includes Hispanic),6.9
37,North Carolina,37197,Yadkin,2012,2016,Asian/Pacific Islander (includes Hispanic),
37,North Carolina,37197,Yadkin,2012,2016,Black (includes Hispanic),6.8
37,North Carolina,37197,Yadkin,2012,2016,Hispanic (all races),
37,North Carolina,37197,Yadkin,2012,2016,American Indian/Alaskan Native (includes Hispanic),
37,North Carolina,37197,Yadkin,2012,2016,White (includes Hispanic),7.4
37,North Carolina,37197,Yadkin,2013,2017,Asian/Pacific Islander (includes Hispanic),
37,North Carolina,37197,Yadkin,2013,2017,Black (includes Hispanic),5.1
37,North Carolina,37197,Yadkin,2013,2017,Hispanic (all races),
37,North Carolina,37197,Yadkin,2013,2017,American Indian/Alaskan Native (includes Hispanic),
37,North Carolina,37197,Yadkin,2013,2017,White (includes Hispanic),7.3
37,North Carolina,37197,Yadkin,2014,2018,Asian/Pacific Islander (includes Hispanic),
37,North Carolina,37197,Yadkin,2014,2018,Black (includes Hispanic),5.1
37,North Carolina,37197,Yadkin,2014,2018,Hispanic (all races),
37,North Carolina,37197,Yadkin,2014,2018,American Indian/Alaskan Native (includes Hispanic),
37,North Carolina,37197,Yadkin,2014,2018,White (includes Hispanic),6.8
37,North Carolina,37197,Yadkin,2015,2019,Asian/Pacific Islander (includes Hispanic),
37,North Carolina,37197,Yadkin,2015,2019,Black (includes Hispanic),6.0
37,North Carolina,37197,Yadkin,2015,2019,Hispanic (all races),
37,North Carolina,37197,Yadkin,2015,2019,American Indian/Alaskan Native (includes Hispanic),
37,North Carolina,37197,Yadkin,2015,2019,White (includes Hispanic),6.8
37,North Carolina,37197,Yadkin,2016,2020,Asian/Pacific Islander (includes Hispanic),
37,North Carolina,37197,Yadkin,2016,2020,Black (includes Hispanic),7.2
37,North Carolina,37197,Yadkin,2016,2020,Hispanic (all races),
37,North Carolina,37197,Yadkin,2016,2020,American Indian/Alaskan Native (includes Hispanic),
37,North Carolina,37197,Yadkin,2016,2020,White (includes Hispanic),6.3
37,North Carolina,37199,Yancey,2011,2015,Asian/Pacific Islander (includes Hispanic),
37,North Carolina,37199,Yancey,2011,2015,Black (includes Hispanic),
37,North Carolina,37199,Yancey,2011,2015,Hispanic (all races),
37,North Carolina,37199,Yancey,2011,2015,American Indian/Alaskan Native (includes Hispanic),
37,North Carolina,37199,Yancey,2011,2015,White (includes Hispanic),8.2
37,North Carolina,37199,Yancey,2012,2016,Asian/Pacific Islander (includes Hispanic),
37,North Carolina,37199,Yancey,2012,2016,Black (includes Hispanic),
37,North Carolina,37199,Yancey,2012,2016,Hispanic (all races),
37,North Carolina,37199,Yancey,2012,2016,American Indian/Alaskan Native (includes Hispanic),
37,North Carolina,37199,Yancey,2012,2016,White (includes Hispanic),8.2
37,North Carolina,37199,Yancey,2013,2017,Asian/Pacific Islander (includes Hispanic),
37,North Carolina,37199,Yancey,2013,2017,Black (includes Hispanic),
37,North Carolina,37199,Yancey,2013,2017,Hispanic (all races),
37,North Carolina,37199,Yancey,2013,2017,American Indian/Alaskan Native (includes Hispanic),
37,North Carolina,37199,Yancey,2013,2017,White (includes Hispanic),7.8
37,North Carolina,37199,Yancey,2014,2018,Asian/Pacific Islander (includes Hispanic),
37,North Carolina,37199,Yancey,2014,2018,Black (includes Hispanic),
37,North Carolina,37199,Yancey,2014,2018,Hispanic (all races),
37,North Carolina,37199,Yancey,2014,2018,American Indian/Alaskan Native (includes Hispanic),
37,North Carolina,37199,Yancey,2014,2018,White (includes Hispanic),8.0
37,North Carolina,37199,Yancey,2015,2019,Asian/Pacific Islander (includes Hispanic),
37,North Carolina,37199,Yancey,2015,2019,Black (includes Hispanic),
37,North Carolina,37199,Yancey,2015,2019,Hispanic (all races),
37,North Carolina,37199,Yancey,2015,2019,American Indian/Alaskan Native (includes Hispanic),
37,North Carolina,37199,Yancey,2015,2019,White (includes Hispanic),7.2
37,North Carolina,37199,Yancey,2016,2020,Asian/Pacific Islander (includes Hispanic),
37,North Carolina,37199,Yancey,2016,2020,Black (includes Hispanic),
37,North Carolina,37199,Yancey,2016,2020,Hispanic (all races),
37,North Carolina,37199,Yancey,2016,2020,American Indian/Alaskan Native (includes Hispanic),
37,North Carolina,37199,Yancey,2016,2020,White (includes Hispanic),7.0
38,North Dakota,38001,Adams,2011,2015,Asian/Pacific Islander (includes Hispanic),
38,North Dakota,38001,Adams,2011,2015,Black (includes Hispanic),
38,North Dakota,38001,Adams,2011,2015,Hispanic (all races),
38,North Dakota,38001,Adams,2011,2015,American Indian/Alaskan Native (includes Hispanic),
38,North Dakota,38001,Adams,2011,2015,White (includes Hispanic),
38,North Dakota,38001,Adams,2012,2016,Asian/Pacific Islander (includes Hispanic),
38,North Dakota,38001,Adams,2012,2016,Black (includes Hispanic),
38,North Dakota,38001,Adams,2012,2016,Hispanic (all races),
38,North Dakota,38001,Adams,2012,2016,American Indian/Alaskan Native (includes Hispanic),
38,North Dakota,38001,Adams,2012,2016,White (includes Hispanic),
38,North Dakota,38001,Adams,2013,2017,Asian/Pacific Islander (includes Hispanic),
38,North Dakota,38001,Adams,2013,2017,Black (includes Hispanic),
38,North Dakota,38001,Adams,2013,2017,Hispanic (all races),
38,North Dakota,38001,Adams,2013,2017,American Indian/Alaskan Native (includes Hispanic),
38,North Dakota,38001,Adams,2013,2017,White (includes Hispanic),
38,North Dakota,38001,Adams,2014,2018,Asian/Pacific Islander (includes Hispanic),
38,North Dakota,38001,Adams,2014,2018,Black (includes Hispanic),
38,North Dakota,38001,Adams,2014,2018,Hispanic (all races),
38,North Dakota,38001,Adams,2014,2018,American Indian/Alaskan Native (includes Hispanic),
38,North Dakota,38001,Adams,2014,2018,White (includes Hispanic),
38,North Dakota,38001,Adams,2015,2019,Asian/Pacific Islander (includes Hispanic),
38,North Dakota,38001,Adams,2015,2019,Black (includes Hispanic),
38,North Dakota,38001,Adams,2015,2019,Hispanic (all races),
38,North Dakota,38001,Adams,2015,2019,American Indian/Alaskan Native (includes Hispanic),
38,North Dakota,38001,Adams,2015,2019,White (includes Hispanic),
38,North Dakota,38001,Adams,2016,2020,Asian/Pacific Islander (includes Hispanic),
38,North Dakota,38001,Adams,2016,2020,Black (includes Hispanic),
38,North Dakota,38001,Adams,2016,2020,Hispanic (all races),
38,North Dakota,38001,Adams,2016,2020,American Indian/Alaskan Native (includes Hispanic),
38,North Dakota,38001,Adams,2016,2020,White (includes Hispanic),
38,North Dakota,38003,Barnes,2011,2015,Asian/Pacific Islander (includes Hispanic),
38,North Dakota,38003,Barnes,2011,2015,Black (includes Hispanic),
38,North Dakota,38003,Barnes,2011,2015,Hispanic (all races),
38,North Dakota,38003,Barnes,2011,2015,American Indian/Alaskan Native (includes Hispanic),
38,North Dakota,38003,Barnes,2011,2015,White (includes Hispanic),
38,North Dakota,38003,Barnes,2012,2016,Asian/Pacific Islander (includes Hispanic),
38,North Dakota,38003,Barnes,2012,2016,Black (includes Hispanic),
38,North Dakota,38003,Barnes,2012,2016,Hispanic (all races),
38,North Dakota,38003,Barnes,2012,2016,American Indian/Alaskan Native (includes Hispanic),
38,North Dakota,38003,Barnes,2012,2016,White (includes Hispanic),
38,North Dakota,38003,Barnes,2013,2017,Asian/Pacific Islander (includes Hispanic),
38,North Dakota,38003,Barnes,2013,2017,Black (includes Hispanic),
38,North Dakota,38003,Barnes,2013,2017,Hispanic (all races),
38,North Dakota,38003,Barnes,2013,2017,American Indian/Alaskan Native (includes Hispanic),
38,North Dakota,38003,Barnes,2013,2017,White (includes Hispanic),
38,North Dakota,38003,Barnes,2014,2018,Asian/Pacific Islander (includes Hispanic),
38,North Dakota,38003,Barnes,2014,2018,Black (includes Hispanic),
38,North Dakota,38003,Barnes,2014,2018,Hispanic (all races),
38,North Dakota,38003,Barnes,2014,2018,American Indian/Alaskan Native (includes Hispanic),
38,North Dakota,38003,Barnes,2014,2018,White (includes Hispanic),
38,North Dakota,38003,Barnes,2015,2019,Asian/Pacific Islander (includes Hispanic),
38,North Dakota,38003,Barnes,2015,2019,Black (includes Hispanic),
38,North Dakota,38003,Barnes,2015,2019,Hispanic (all races),
38,North Dakota,38003,Barnes,2015,2019,American Indian/Alaskan Native (includes Hispanic),
38,North Dakota,38003,Barnes,2015,2019,White (includes Hispanic),
38,North Dakota,38003,Barnes,2016,2020,Asian/Pacific Islander (includes Hispanic),
38,North Dakota,38003,Barnes,2016,2020,Black (includes Hispanic),
38,North Dakota,38003,Barnes,2016,2020,Hispanic (all races),
38,North Dakota,38003,Barnes,2016,2020,American Indian/Alaskan Native (includes Hispanic),
38,North Dakota,38003,Barnes,2016,2020,White (includes Hispanic),
38,North Dakota,38005,Benson,2011,2015,Asian/Pacific Islander (includes Hispanic),
38,North Dakota,38005,Benson,2011,2015,Black (includes Hispanic),
38,North Dakota,38005,Benson,2011,2015,Hispanic (all races),
38,North Dakota,38005,Benson,2011,2015,American Indian/Alaskan Native (includes Hispanic),
38,North Dakota,38005,Benson,2011,2015,White (includes Hispanic),
38,North Dakota,38005,Benson,2012,2016,Asian/Pacific Islander (includes Hispanic),
38,North Dakota,38005,Benson,2012,2016,Black (includes Hispanic),
38,North Dakota,38005,Benson,2012,2016,Hispanic (all races),
38,North Dakota,38005,Benson,2012,2016,American Indian/Alaskan Native (includes Hispanic),
38,North Dakota,38005,Benson,2012,2016,White (includes Hispanic),
38,North Dakota,38005,Benson,2013,2017,Asian/Pacific Islander (includes Hispanic),
38,North Dakota,38005,Benson,2013,2017,Black (includes Hispanic),
38,North Dakota,38005,Benson,2013,2017,Hispanic (all races),
38,North Dakota,38005,Benson,2013,2017,American Indian/Alaskan Native (includes Hispanic),
38,North Dakota,38005,Benson,2013,2017,White (includes Hispanic),
38,North Dakota,38005,Benson,2014,2018,Asian/Pacific Islander (includes Hispanic),
38,North Dakota,38005,Benson,2014,2018,Black (includes Hispanic),
38,North Dakota,38005,Benson,2014,2018,Hispanic (all races),
38,North Dakota,38005,Benson,2014,2018,American Indian/Alaskan Native (includes Hispanic),
38,North Dakota,38005,Benson,2014,2018,White (includes Hispanic),
38,North Dakota,38005,Benson,2015,2019,Asian/Pacific Islander (includes Hispanic),
38,North Dakota,38005,Benson,2015,2019,Black (includes Hispanic),
38,North Dakota,38005,Benson,2015,2019,Hispanic (all races),
38,North Dakota,38005,Benson,2015,2019,American Indian/Alaskan Native (includes Hispanic),
38,North Dakota,38005,Benson,2015,2019,White (includes Hispanic),
38,North Dakota,38005,Benson,2016,2020,Asian/Pacific Islander (includes Hispanic),
38,North Dakota,38005,Benson,2016,2020,Black (includes Hispanic),
38,North Dakota,38005,Benson,2016,2020,Hispanic (all races),
38,North Dakota,38005,Benson,2016,2020,American Indian/Alaskan Native (includes Hispanic),
38,North Dakota,38005,Benson,2016,2020,White (includes Hispanic),
38,North Dakota,38007,Billings,2011,2015,Asian/Pacific Islander (includes Hispanic),
38,North Dakota,38007,Billings,2011,2015,Black (includes Hispanic),
38,North Dakota,38007,Billings,2011,2015,Hispanic (all races),
38,North Dakota,38007,Billings,2011,2015,American Indian/Alaskan Native (includes Hispanic),
38,North Dakota,38007,Billings,2011,2015,White (includes Hispanic),
38,North Dakota,38007,Billings,2012,2016,Asian/Pacific Islander (includes Hispanic),
38,North Dakota,38007,Billings,2012,2016,Black (includes Hispanic),
38,North Dakota,38007,Billings,2012,2016,Hispanic (all races),
38,North Dakota,38007,Billings,2012,2016,American Indian/Alaskan Native (includes Hispanic),
38,North Dakota,38007,Billings,2012,2016,White (includes Hispanic),
38,North Dakota,38007,Billings,2013,2017,Asian/Pacific Islander (includes Hispanic),
38,North Dakota,38007,Billings,2013,2017,Black (includes Hispanic),
38,North Dakota,38007,Billings,2013,2017,Hispanic (all races),
38,North Dakota,38007,Billings,2013,2017,American Indian/Alaskan Native (includes Hispanic),
38,North Dakota,38007,Billings,2013,2017,White (includes Hispanic),
38,North Dakota,38007,Billings,2014,2018,Asian/Pacific Islander (includes Hispanic),
38,North Dakota,38007,Billings,2014,2018,Black (includes Hispanic),
38,North Dakota,38007,Billings,2014,2018,Hispanic (all races),
38,North Dakota,38007,Billings,2014,2018,American Indian/Alaskan Native (includes Hispanic),
38,North Dakota,38007,Billings,2014,2018,White (includes Hispanic),
38,North Dakota,38007,Billings,2015,2019,Asian/Pacific Islander (includes Hispanic),
38,North Dakota,38007,Billings,2015,2019,Black (includes Hispanic),
38,North Dakota,38007,Billings,2015,2019,Hispanic (all races),
38,North Dakota,38007,Billings,2015,2019,American Indian/Alaskan Native (includes Hispanic),
38,North Dakota,38007,Billings,2015,2019,White (includes Hispanic),
38,North Dakota,38007,Billings,2016,2020,Asian/Pacific Islander (includes Hispanic),
38,North Dakota,38007,Billings,2016,2020,Black (includes Hispanic),
38,North Dakota,38007,Billings,2016,2020,Hispanic (all races),
38,North Dakota,38007,Billings,2016,2020,American Indian/Alaskan Native (includes Hispanic),
38,North Dakota,38007,Billings,2016,2020,White (includes Hispanic),
38,North Dakota,38009,Bottineau,2011,2015,Asian/Pacific Islander (includes Hispanic),
38,North Dakota,38009,Bottineau,2011,2015,Black (includes Hispanic),
38,North Dakota,38009,Bottineau,2011,2015,Hispanic (all races),
38,North Dakota,38009,Bottineau,2011,2015,American Indian/Alaskan Native (includes Hispanic),
38,North Dakota,38009,Bottineau,2011,2015,White (includes Hispanic),
38,North Dakota,38009,Bottineau,2012,2016,Asian/Pacific Islander (includes Hispanic),
38,North Dakota,38009,Bottineau,2012,2016,Black (includes Hispanic),
38,North Dakota,38009,Bottineau,2012,2016,Hispanic (all races),
38,North Dakota,38009,Bottineau,2012,2016,American Indian/Alaskan Native (includes Hispanic),
38,North Dakota,38009,Bottineau,2012,2016,White (includes Hispanic),
38,North Dakota,38009,Bottineau,2013,2017,Asian/Pacific Islander (includes Hispanic),
38,North Dakota,38009,Bottineau,2013,2017,Black (includes Hispanic),
38,North Dakota,38009,Bottineau,2013,2017,Hispanic (all races),
38,North Dakota,38009,Bottineau,2013,2017,American Indian/Alaskan Native (includes Hispanic),
38,North Dakota,38009,Bottineau,2013,2017,White (includes Hispanic),
38,North Dakota,38009,Bottineau,2014,2018,Asian/Pacific Islander (includes Hispanic),
38,North Dakota,38009,Bottineau,2014,2018,Black (includes Hispanic),
38,North Dakota,38009,Bottineau,2014,2018,Hispanic (all races),
38,North Dakota,38009,Bottineau,2014,2018,American Indian/Alaskan Native (includes Hispanic),
38,North Dakota,38009,Bottineau,2014,2018,White (includes Hispanic),
38,North Dakota,38009,Bottineau,2015,2019,Asian/Pacific Islander (includes Hispanic),
38,North Dakota,38009,Bottineau,2015,2019,Black (includes Hispanic),
38,North Dakota,38009,Bottineau,2015,2019,Hispanic (all races),
38,North Dakota,38009,Bottineau,2015,2019,American Indian/Alaskan Native (includes Hispanic),
38,North Dakota,38009,Bottineau,2015,2019,White (includes Hispanic),
38,North Dakota,38009,Bottineau,2016,2020,Asian/Pacific Islander (includes Hispanic),
38,North Dakota,38009,Bottineau,2016,2020,Black (includes Hispanic),
38,North Dakota,38009,Bottineau,2016,2020,Hispanic (all races),
38,North Dakota,38009,Bottineau,2016,2020,American Indian/Alaskan Native (includes Hispanic),
38,North Dakota,38009,Bottineau,2016,2020,White (includes Hispanic),
38,North Dakota,38011,Bowman,2011,2015,Asian/Pacific Islander (includes Hispanic),
38,North Dakota,38011,Bowman,2011,2015,Black (includes Hispanic),
38,North Dakota,38011,Bowman,2011,2015,Hispanic (all races),
38,North Dakota,38011,Bowman,2011,2015,American Indian/Alaskan Native (includes Hispanic),
38,North Dakota,38011,Bowman,2011,2015,White (includes Hispanic),
38,North Dakota,38011,Bowman,2012,2016,Asian/Pacific Islander (includes Hispanic),
38,North Dakota,38011,Bowman,2012,2016,Black (includes Hispanic),
38,North Dakota,38011,Bowman,2012,2016,Hispanic (all races),
38,North Dakota,38011,Bowman,2012,2016,American Indian/Alaskan Native (includes Hispanic),
38,North Dakota,38011,Bowman,2012,2016,White (includes Hispanic),
38,North Dakota,38011,Bowman,2013,2017,Asian/Pacific Islander (includes Hispanic),
38,North Dakota,38011,Bowman,2013,2017,Black (includes Hispanic),
38,North Dakota,38011,Bowman,2013,2017,Hispanic (all races),
38,North Dakota,38011,Bowman,2013,2017,American Indian/Alaskan Native (includes Hispanic),
38,North Dakota,38011,Bowman,2013,2017,White (includes Hispanic),
38,North Dakota,38011,Bowman,2014,2018,Asian/Pacific Islander (includes Hispanic),
38,North Dakota,38011,Bowman,2014,2018,Black (includes Hispanic),
38,North Dakota,38011,Bowman,2014,2018,Hispanic (all races),
38,North Dakota,38011,Bowman,2014,2018,American Indian/Alaskan Native (includes Hispanic),
38,North Dakota,38011,Bowman,2014,2018,White (includes Hispanic),
38,North Dakota,38011,Bowman,2015,2019,Asian/Pacific Islander (includes Hispanic),
38,North Dakota,38011,Bowman,2015,2019,Black (includes Hispanic),
38,North Dakota,38011,Bowman,2015,2019,Hispanic (all races),
38,North Dakota,38011,Bowman,2015,2019,American Indian/Alaskan Native (includes Hispanic),
38,North Dakota,38011,Bowman,2015,2019,White (includes Hispanic),
38,North Dakota,38011,Bowman,2016,2020,Asian/Pacific Islander (includes Hispanic),
38,North Dakota,38011,Bowman,2016,2020,Black (includes Hispanic),
38,North Dakota,38011,Bowman,2016,2020,Hispanic (all races),
38,North Dakota,38011,Bowman,2016,2020,American Indian/Alaskan Native (includes Hispanic),
38,North Dakota,38011,Bowman,2016,2020,White (includes Hispanic),
38,North Dakota,38013,Burke,2011,2015,Asian/Pacific Islander (includes Hispanic),
38,North Dakota,38013,Burke,2011,2015,Black (includes Hispanic),
38,North Dakota,38013,Burke,2011,2015,Hispanic (all races),
38,North Dakota,38013,Burke,2011,2015,American Indian/Alaskan Native (includes Hispanic),
38,North Dakota,38013,Burke,2011,2015,White (includes Hispanic),
38,North Dakota,38013,Burke,2012,2016,Asian/Pacific Islander (includes Hispanic),
38,North Dakota,38013,Burke,2012,2016,Black (includes Hispanic),
38,North Dakota,38013,Burke,2012,2016,Hispanic (all races),
38,North Dakota,38013,Burke,2012,2016,American Indian/Alaskan Native (includes Hispanic),
38,North Dakota,38013,Burke,2012,2016,White (includes Hispanic),
38,North Dakota,38013,Burke,2013,2017,Asian/Pacific Islander (includes Hispanic),
38,North Dakota,38013,Burke,2013,2017,Black (includes Hispanic),
38,North Dakota,38013,Burke,2013,2017,Hispanic (all races),
38,North Dakota,38013,Burke,2013,2017,American Indian/Alaskan Native (includes Hispanic),
38,North Dakota,38013,Burke,2013,2017,White (includes Hispanic),
38,North Dakota,38013,Burke,2014,2018,Asian/Pacific Islander (includes Hispanic),
38,North Dakota,38013,Burke,2014,2018,Black (includes Hispanic),
38,North Dakota,38013,Burke,2014,2018,Hispanic (all races),
38,North Dakota,38013,Burke,2014,2018,American Indian/Alaskan Native (includes Hispanic),
38,North Dakota,38013,Burke,2014,2018,White (includes Hispanic),
38,North Dakota,38013,Burke,2015,2019,Asian/Pacific Islander (includes Hispanic),
38,North Dakota,38013,Burke,2015,2019,Black (includes Hispanic),
38,North Dakota,38013,Burke,2015,2019,Hispanic (all races),
38,North Dakota,38013,Burke,2015,2019,American Indian/Alaskan Native (includes Hispanic),
38,North Dakota,38013,Burke,2015,2019,White (includes Hispanic),
38,North Dakota,38013,Burke,2016,2020,Asian/Pacific Islander (includes Hispanic),
38,North Dakota,38013,Burke,2016,2020,Black (includes Hispanic),
38,North Dakota,38013,Burke,2016,2020,Hispanic (all races),
38,North Dakota,38013,Burke,2016,2020,American Indian/Alaskan Native (includes Hispanic),
38,North Dakota,38013,Burke,2016,2020,White (includes Hispanic),
38,North Dakota,38015,Burleigh,2011,2015,Asian/Pacific Islander (includes Hispanic),
38,North Dakota,38015,Burleigh,2011,2015,Black (includes Hispanic),
38,North Dakota,38015,Burleigh,2011,2015,Hispanic (all races),
38,North Dakota,38015,Burleigh,2011,2015,American Indian/Alaskan Native (includes Hispanic),
38,North Dakota,38015,Burleigh,2011,2015,White (includes Hispanic),
38,North Dakota,38015,Burleigh,2012,2016,Asian/Pacific Islander (includes Hispanic),
38,North Dakota,38015,Burleigh,2012,2016,Black (includes Hispanic),
38,North Dakota,38015,Burleigh,2012,2016,Hispanic (all races),
38,North Dakota,38015,Burleigh,2012,2016,American Indian/Alaskan Native (includes Hispanic),
38,North Dakota,38015,Burleigh,2012,2016,White (includes Hispanic),
38,North Dakota,38015,Burleigh,2013,2017,Asian/Pacific Islander (includes Hispanic),
38,North Dakota,38015,Burleigh,2013,2017,Black (includes Hispanic),
38,North Dakota,38015,Burleigh,2013,2017,Hispanic (all races),
38,North Dakota,38015,Burleigh,2013,2017,American Indian/Alaskan Native (includes Hispanic),
38,North Dakota,38015,Burleigh,2013,2017,White (includes Hispanic),
38,North Dakota,38015,Burleigh,2014,2018,Asian/Pacific Islander (includes Hispanic),
38,North Dakota,38015,Burleigh,2014,2018,Black (includes Hispanic),
38,North Dakota,38015,Burleigh,2014,2018,Hispanic (all races),
38,North Dakota,38015,Burleigh,2014,2018,American Indian/Alaskan Native (includes Hispanic),
38,North Dakota,38015,Burleigh,2014,2018,White (includes Hispanic),
38,North Dakota,38015,Burleigh,2015,2019,Asian/Pacific Islander (includes Hispanic),
38,North Dakota,38015,Burleigh,2015,2019,Black (includes Hispanic),
38,North Dakota,38015,Burleigh,2015,2019,Hispanic (all races),
38,North Dakota,38015,Burleigh,2015,2019,American Indian/Alaskan Native (includes Hispanic),
38,North Dakota,38015,Burleigh,2015,2019,White (includes Hispanic),
38,North Dakota,38015,Burleigh,2016,2020,Asian/Pacific Islander (includes Hispanic),
38,North Dakota,38015,Burleigh,2016,2020,Black (includes Hispanic),
38,North Dakota,38015,Burleigh,2016,2020,Hispanic (all races),
38,North Dakota,38015,Burleigh,2016,2020,American Indian/Alaskan Native (includes Hispanic),
38,North Dakota,38015,Burleigh,2016,2020,White (includes Hispanic),
38,North Dakota,38017,Cass,2011,2015,Asian/Pacific Islander (includes Hispanic),
38,North Dakota,38017,Cass,2011,2015,Black (includes Hispanic),
38,North Dakota,38017,Cass,2011,2015,Hispanic (all races),
38,North Dakota,38017,Cass,2011,2015,American Indian/Alaskan Native (includes Hispanic),
38,North Dakota,38017,Cass,2011,2015,White (includes Hispanic),
38,North Dakota,38017,Cass,2012,2016,Asian/Pacific Islander (includes Hispanic),
38,North Dakota,38017,Cass,2012,2016,Black (includes Hispanic),
38,North Dakota,38017,Cass,2012,2016,Hispanic (all races),
38,North Dakota,38017,Cass,2012,2016,American Indian/Alaskan Native (includes Hispanic),
38,North Dakota,38017,Cass,2012,2016,White (includes Hispanic),
38,North Dakota,38017,Cass,2013,2017,Asian/Pacific Islander (includes Hispanic),
38,North Dakota,38017,Cass,2013,2017,Black (includes Hispanic),
38,North Dakota,38017,Cass,2013,2017,Hispanic (all races),
38,North Dakota,38017,Cass,2013,2017,American Indian/Alaskan Native (includes Hispanic),
38,North Dakota,38017,Cass,2013,2017,White (includes Hispanic),
38,North Dakota,38017,Cass,2014,2018,Asian/Pacific Islander (includes Hispanic),
38,North Dakota,38017,Cass,2014,2018,Black (includes Hispanic),
38,North Dakota,38017,Cass,2014,2018,Hispanic (all races),
38,North Dakota,38017,Cass,2014,2018,American Indian/Alaskan Native (includes Hispanic),
38,North Dakota,38017,Cass,2014,2018,White (includes Hispanic),
38,North Dakota,38017,Cass,2015,2019,Asian/Pacific Islander (includes Hispanic),
38,North Dakota,38017,Cass,2015,2019,Black (includes Hispanic),
38,North Dakota,38017,Cass,2015,2019,Hispanic (all races),
38,North Dakota,38017,Cass,2015,2019,American Indian/Alaskan Native (includes Hispanic),
38,North Dakota,38017,Cass,2015,2019,White (includes Hispanic),
38,North Dakota,38017,Cass,2016,2020,Asian/Pacific Islander (includes Hispanic),
38,North Dakota,38017,Cass,2016,2020,Black (includes Hispanic),
38,North Dakota,38017,Cass,2016,2020,Hispanic (all races),
38,North Dakota,38017,Cass,2016,2020,American Indian/Alaskan Native (includes Hispanic),
38,North Dakota,38017,Cass,2016,2020,White (includes Hispanic),
38,North Dakota,38019,Cavalier,2011,2015,Asian/Pacific Islander (includes Hispanic),
38,North Dakota,38019,Cavalier,2011,2015,Black (includes Hispanic),
38,North Dakota,38019,Cavalier,2011,2015,Hispanic (all races),
38,North Dakota,38019,Cavalier,2011,2015,American Indian/Alaskan Native (includes Hispanic),
38,North Dakota,38019,Cavalier,2011,2015,White (includes Hispanic),
38,North Dakota,38019,Cavalier,2012,2016,Asian/Pacific Islander (includes Hispanic),
38,North Dakota,38019,Cavalier,2012,2016,Black (includes Hispanic),
38,North Dakota,38019,Cavalier,2012,2016,Hispanic (all races),
38,North Dakota,38019,Cavalier,2012,2016,American Indian/Alaskan Native (includes Hispanic),
38,North Dakota,38019,Cavalier,2012,2016,White (includes Hispanic),
38,North Dakota,38019,Cavalier,2013,2017,Asian/Pacific Islander (includes Hispanic),
38,North Dakota,38019,Cavalier,2013,2017,Black (includes Hispanic),
38,North Dakota,38019,Cavalier,2013,2017,Hispanic (all races),
38,North Dakota,38019,Cavalier,2013,2017,American Indian/Alaskan Native (includes Hispanic),
38,North Dakota,38019,Cavalier,2013,2017,White (includes Hispanic),
38,North Dakota,38019,Cavalier,2014,2018,Asian/Pacific Islander (includes Hispanic),
38,North Dakota,38019,Cavalier,2014,2018,Black (includes Hispanic),
38,North Dakota,38019,Cavalier,2014,2018,Hispanic (all races),
38,North Dakota,38019,Cavalier,2014,2018,American Indian/Alaskan Native (includes Hispanic),
38,North Dakota,38019,Cavalier,2014,2018,White (includes Hispanic),
38,North Dakota,38019,Cavalier,2015,2019,Asian/Pacific Islander (includes Hispanic),
38,North Dakota,38019,Cavalier,2015,2019,Black (includes Hispanic),
38,North Dakota,38019,Cavalier,2015,2019,Hispanic (all races),
38,North Dakota,38019,Cavalier,2015,2019,American Indian/Alaskan Native (includes Hispanic),
38,North Dakota,38019,Cavalier,2015,2019,White (includes Hispanic),
38,North Dakota,38019,Cavalier,2016,2020,Asian/Pacific Islander (includes Hispanic),
38,North Dakota,38019,Cavalier,2016,2020,Black (includes Hispanic),
38,North Dakota,38019,Cavalier,2016,2020,Hispanic (all races),
38,North Dakota,38019,Cavalier,2016,2020,American Indian/Alaskan Native (includes Hispanic),
38,North Dakota,38019,Cavalier,2016,2020,White (includes Hispanic),
38,North Dakota,38021,Dickey,2011,2015,Asian/Pacific Islander (includes Hispanic),
38,North Dakota,38021,Dickey,2011,2015,Black (includes Hispanic),
38,North Dakota,38021,Dickey,2011,2015,Hispanic (all races),
38,North Dakota,38021,Dickey,2011,2015,American Indian/Alaskan Native (includes Hispanic),
38,North Dakota,38021,Dickey,2011,2015,White (includes Hispanic),
38,North Dakota,38021,Dickey,2012,2016,Asian/Pacific Islander (includes Hispanic),
38,North Dakota,38021,Dickey,2012,2016,Black (includes Hispanic),
38,North Dakota,38021,Dickey,2012,2016,Hispanic (all races),
38,North Dakota,38021,Dickey,2012,2016,American Indian/Alaskan Native (includes Hispanic),
38,North Dakota,38021,Dickey,2012,2016,White (includes Hispanic),
38,North Dakota,38021,Dickey,2013,2017,Asian/Pacific Islander (includes Hispanic),
38,North Dakota,38021,Dickey,2013,2017,Black (includes Hispanic),
38,North Dakota,38021,Dickey,2013,2017,Hispanic (all races),
38,North Dakota,38021,Dickey,2013,2017,American Indian/Alaskan Native (includes Hispanic),
38,North Dakota,38021,Dickey,2013,2017,White (includes Hispanic),
38,North Dakota,38021,Dickey,2014,2018,Asian/Pacific Islander (includes Hispanic),
38,North Dakota,38021,Dickey,2014,2018,Black (includes Hispanic),
38,North Dakota,38021,Dickey,2014,2018,Hispanic (all races),
38,North Dakota,38021,Dickey,2014,2018,American Indian/Alaskan Native (includes Hispanic),
38,North Dakota,38021,Dickey,2014,2018,White (includes Hispanic),
38,North Dakota,38021,Dickey,2015,2019,Asian/Pacific Islander (includes Hispanic),
38,North Dakota,38021,Dickey,2015,2019,Black (includes Hispanic),
38,North Dakota,38021,Dickey,2015,2019,Hispanic (all races),
38,North Dakota,38021,Dickey,2015,2019,American Indian/Alaskan Native (includes Hispanic),
38,North Dakota,38021,Dickey,2015,2019,White (includes Hispanic),
38,North Dakota,38021,Dickey,2016,2020,Asian/Pacific Islander (includes Hispanic),
38,North Dakota,38021,Dickey,2016,2020,Black (includes Hispanic),
38,North Dakota,38021,Dickey,2016,2020,Hispanic (all races),
38,North Dakota,38021,Dickey,2016,2020,American Indian/Alaskan Native (includes Hispanic),
38,North Dakota,38021,Dickey,2016,2020,White (includes Hispanic),
38,North Dakota,38023,Divide,2011,2015,Asian/Pacific Islander (includes Hispanic),
38,North Dakota,38023,Divide,2011,2015,Black (includes Hispanic),
38,North Dakota,38023,Divide,2011,2015,Hispanic (all races),
38,North Dakota,38023,Divide,2011,2015,American Indian/Alaskan Native (includes Hispanic),
38,North Dakota,38023,Divide,2011,2015,White (includes Hispanic),
38,North Dakota,38023,Divide,2012,2016,Asian/Pacific Islander (includes Hispanic),
38,North Dakota,38023,Divide,2012,2016,Black (includes Hispanic),
38,North Dakota,38023,Divide,2012,2016,Hispanic (all races),
38,North Dakota,38023,Divide,2012,2016,American Indian/Alaskan Native (includes Hispanic),
38,North Dakota,38023,Divide,2012,2016,White (includes Hispanic),
38,North Dakota,38023,Divide,2013,2017,Asian/Pacific Islander (includes Hispanic),
38,North Dakota,38023,Divide,2013,2017,Black (includes Hispanic),
38,North Dakota,38023,Divide,2013,2017,Hispanic (all races),
38,North Dakota,38023,Divide,2013,2017,American Indian/Alaskan Native (includes Hispanic),
38,North Dakota,38023,Divide,2013,2017,White (includes Hispanic),
38,North Dakota,38023,Divide,2014,2018,Asian/Pacific Islander (includes Hispanic),
38,North Dakota,38023,Divide,2014,2018,Black (includes Hispanic),
38,North Dakota,38023,Divide,2014,2018,Hispanic (all races),
38,North Dakota,38023,Divide,2014,2018,American Indian/Alaskan Native (includes Hispanic),
38,North Dakota,38023,Divide,2014,2018,White (includes Hispanic),
38,North Dakota,38023,Divide,2015,2019,Asian/Pacific Islander (includes Hispanic),
38,North Dakota,38023,Divide,2015,2019,Black (includes Hispanic),
38,North Dakota,38023,Divide,2015,2019,Hispanic (all races),
38,North Dakota,38023,Divide,2015,2019,American Indian/Alaskan Native (includes Hispanic),
38,North Dakota,38023,Divide,2015,2019,White (includes Hispanic),
38,North Dakota,38023,Divide,2016,2020,Asian/Pacific Islander (includes Hispanic),
38,North Dakota,38023,Divide,2016,2020,Black (includes Hispanic),
38,North Dakota,38023,Divide,2016,2020,Hispanic (all races),
38,North Dakota,38023,Divide,2016,2020,American Indian/Alaskan Native (includes Hispanic),
38,North Dakota,38023,Divide,2016,2020,White (includes Hispanic),
38,North Dakota,38025,Dunn,2011,2015,Asian/Pacific Islander (includes Hispanic),
38,North Dakota,38025,Dunn,2011,2015,Black (includes Hispanic),
38,North Dakota,38025,Dunn,2011,2015,Hispanic (all races),
38,North Dakota,38025,Dunn,2011,2015,American Indian/Alaskan Native (includes Hispanic),
38,North Dakota,38025,Dunn,2011,2015,White (includes Hispanic),
38,North Dakota,38025,Dunn,2012,2016,Asian/Pacific Islander (includes Hispanic),
38,North Dakota,38025,Dunn,2012,2016,Black (includes Hispanic),
38,North Dakota,38025,Dunn,2012,2016,Hispanic (all races),
38,North Dakota,38025,Dunn,2012,2016,American Indian/Alaskan Native (includes Hispanic),
38,North Dakota,38025,Dunn,2012,2016,White (includes Hispanic),
38,North Dakota,38025,Dunn,2013,2017,Asian/Pacific Islander (includes Hispanic),
38,North Dakota,38025,Dunn,2013,2017,Black (includes Hispanic),
38,North Dakota,38025,Dunn,2013,2017,Hispanic (all races),
38,North Dakota,38025,Dunn,2013,2017,American Indian/Alaskan Native (includes Hispanic),
38,North Dakota,38025,Dunn,2013,2017,White (includes Hispanic),
38,North Dakota,38025,Dunn,2014,2018,Asian/Pacific Islander (includes Hispanic),
38,North Dakota,38025,Dunn,2014,2018,Black (includes Hispanic),
38,North Dakota,38025,Dunn,2014,2018,Hispanic (all races),
38,North Dakota,38025,Dunn,2014,2018,American Indian/Alaskan Native (includes Hispanic),
38,North Dakota,38025,Dunn,2014,2018,White (includes Hispanic),
38,North Dakota,38025,Dunn,2015,2019,Asian/Pacific Islander (includes Hispanic),
38,North Dakota,38025,Dunn,2015,2019,Black (includes Hispanic),
38,North Dakota,38025,Dunn,2015,2019,Hispanic (all races),
38,North Dakota,38025,Dunn,2015,2019,American Indian/Alaskan Native (includes Hispanic),
38,North Dakota,38025,Dunn,2015,2019,White (includes Hispanic),
38,North Dakota,38025,Dunn,2016,2020,Asian/Pacific Islander (includes Hispanic),
38,North Dakota,38025,Dunn,2016,2020,Black (includes Hispanic),
38,North Dakota,38025,Dunn,2016,2020,Hispanic (all races),
38,North Dakota,38025,Dunn,2016,2020,American Indian/Alaskan Native (includes Hispanic),
38,North Dakota,38025,Dunn,2016,2020,White (includes Hispanic),
38,North Dakota,38027,Eddy,2011,2015,Asian/Pacific Islander (includes Hispanic),
38,North Dakota,38027,Eddy,2011,2015,Black (includes Hispanic),
38,North Dakota,38027,Eddy,2011,2015,Hispanic (all races),
38,North Dakota,38027,Eddy,2011,2015,American Indian/Alaskan Native (includes Hispanic),
38,North Dakota,38027,Eddy,2011,2015,White (includes Hispanic),
38,North Dakota,38027,Eddy,2012,2016,Asian/Pacific Islander (includes Hispanic),
38,North Dakota,38027,Eddy,2012,2016,Black (includes Hispanic),
38,North Dakota,38027,Eddy,2012,2016,Hispanic (all races),
38,North Dakota,38027,Eddy,2012,2016,American Indian/Alaskan Native (includes Hispanic),
38,North Dakota,38027,Eddy,2012,2016,White (includes Hispanic),
38,North Dakota,38027,Eddy,2013,2017,Asian/Pacific Islander (includes Hispanic),
38,North Dakota,38027,Eddy,2013,2017,Black (includes Hispanic),
38,North Dakota,38027,Eddy,2013,2017,Hispanic (all races),
38,North Dakota,38027,Eddy,2013,2017,American Indian/Alaskan Native (includes Hispanic),
38,North Dakota,38027,Eddy,2013,2017,White (includes Hispanic),
38,North Dakota,38027,Eddy,2014,2018,Asian/Pacific Islander (includes Hispanic),
38,North Dakota,38027,Eddy,2014,2018,Black (includes Hispanic),
38,North Dakota,38027,Eddy,2014,2018,Hispanic (all races),
38,North Dakota,38027,Eddy,2014,2018,American Indian/Alaskan Native (includes Hispanic),
38,North Dakota,38027,Eddy,2014,2018,White (includes Hispanic),
38,North Dakota,38027,Eddy,2015,2019,Asian/Pacific Islander (includes Hispanic),
38,North Dakota,38027,Eddy,2015,2019,Black (includes Hispanic),
38,North Dakota,38027,Eddy,2015,2019,Hispanic (all races),
38,North Dakota,38027,Eddy,2015,2019,American Indian/Alaskan Native (includes Hispanic),
38,North Dakota,38027,Eddy,2015,2019,White (includes Hispanic),
38,North Dakota,38027,Eddy,2016,2020,Asian/Pacific Islander (includes Hispanic),
38,North Dakota,38027,Eddy,2016,2020,Black (includes Hispanic),
38,North Dakota,38027,Eddy,2016,2020,Hispanic (all races),
38,North Dakota,38027,Eddy,2016,2020,American Indian/Alaskan Native (includes Hispanic),
38,North Dakota,38027,Eddy,2016,2020,White (includes Hispanic),
38,North Dakota,38029,Emmons,2011,2015,Asian/Pacific Islander (includes Hispanic),
38,North Dakota,38029,Emmons,2011,2015,Black (includes Hispanic),
38,North Dakota,38029,Emmons,2011,2015,Hispanic (all races),
38,North Dakota,38029,Emmons,2011,2015,American Indian/Alaskan Native (includes Hispanic),
38,North Dakota,38029,Emmons,2011,2015,White (includes Hispanic),
38,North Dakota,38029,Emmons,2012,2016,Asian/Pacific Islander (includes Hispanic),
38,North Dakota,38029,Emmons,2012,2016,Black (includes Hispanic),
38,North Dakota,38029,Emmons,2012,2016,Hispanic (all races),
38,North Dakota,38029,Emmons,2012,2016,American Indian/Alaskan Native (includes Hispanic),
38,North Dakota,38029,Emmons,2012,2016,White (includes Hispanic),
38,North Dakota,38029,Emmons,2013,2017,Asian/Pacific Islander (includes Hispanic),
38,North Dakota,38029,Emmons,2013,2017,Black (includes Hispanic),
38,North Dakota,38029,Emmons,2013,2017,Hispanic (all races),
38,North Dakota,38029,Emmons,2013,2017,American Indian/Alaskan Native (includes Hispanic),
38,North Dakota,38029,Emmons,2013,2017,White (includes Hispanic),
38,North Dakota,38029,Emmons,2014,2018,Asian/Pacific Islander (includes Hispanic),
38,North Dakota,38029,Emmons,2014,2018,Black (includes Hispanic),
38,North Dakota,38029,Emmons,2014,2018,Hispanic (all races),
38,North Dakota,38029,Emmons,2014,2018,American Indian/Alaskan Native (includes Hispanic),
38,North Dakota,38029,Emmons,2014,2018,White (includes Hispanic),
38,North Dakota,38029,Emmons,2015,2019,Asian/Pacific Islander (includes Hispanic),
38,North Dakota,38029,Emmons,2015,2019,Black (includes Hispanic),
38,North Dakota,38029,Emmons,2015,2019,Hispanic (all races),
38,North Dakota,38029,Emmons,2015,2019,American Indian/Alaskan Native (includes Hispanic),
38,North Dakota,38029,Emmons,2015,2019,White (includes Hispanic),
38,North Dakota,38029,Emmons,2016,2020,Asian/Pacific Islander (includes Hispanic),
38,North Dakota,38029,Emmons,2016,2020,Black (includes Hispanic),
38,North Dakota,38029,Emmons,2016,2020,Hispanic (all races),
38,North Dakota,38029,Emmons,2016,2020,American Indian/Alaskan Native (includes Hispanic),
38,North Dakota,38029,Emmons,2016,2020,White (includes Hispanic),
38,North Dakota,38031,Foster,2011,2015,Asian/Pacific Islander (includes Hispanic),
38,North Dakota,38031,Foster,2011,2015,Black (includes Hispanic),
38,North Dakota,38031,Foster,2011,2015,Hispanic (all races),
38,North Dakota,38031,Foster,2011,2015,American Indian/Alaskan Native (includes Hispanic),
38,North Dakota,38031,Foster,2011,2015,White (includes Hispanic),
38,North Dakota,38031,Foster,2012,2016,Asian/Pacific Islander (includes Hispanic),
38,North Dakota,38031,Foster,2012,2016,Black (includes Hispanic),
38,North Dakota,38031,Foster,2012,2016,Hispanic (all races),
38,North Dakota,38031,Foster,2012,2016,American Indian/Alaskan Native (includes Hispanic),
38,North Dakota,38031,Foster,2012,2016,White (includes Hispanic),
38,North Dakota,38031,Foster,2013,2017,Asian/Pacific Islander (includes Hispanic),
38,North Dakota,38031,Foster,2013,2017,Black (includes Hispanic),
38,North Dakota,38031,Foster,2013,2017,Hispanic (all races),
38,North Dakota,38031,Foster,2013,2017,American Indian/Alaskan Native (includes Hispanic),
38,North Dakota,38031,Foster,2013,2017,White (includes Hispanic),
38,North Dakota,38031,Foster,2014,2018,Asian/Pacific Islander (includes Hispanic),
38,North Dakota,38031,Foster,2014,2018,Black (includes Hispanic),
38,North Dakota,38031,Foster,2014,2018,Hispanic (all races),
38,North Dakota,38031,Foster,2014,2018,American Indian/Alaskan Native (includes Hispanic),
38,North Dakota,38031,Foster,2014,2018,White (includes Hispanic),
38,North Dakota,38031,Foster,2015,2019,Asian/Pacific Islander (includes Hispanic),
38,North Dakota,38031,Foster,2015,2019,Black (includes Hispanic),
38,North Dakota,38031,Foster,2015,2019,Hispanic (all races),
38,North Dakota,38031,Foster,2015,2019,American Indian/Alaskan Native (includes Hispanic),
38,North Dakota,38031,Foster,2015,2019,White (includes Hispanic),
38,North Dakota,38031,Foster,2016,2020,Asian/Pacific Islander (includes Hispanic),
38,North Dakota,38031,Foster,2016,2020,Black (includes Hispanic),
38,North Dakota,38031,Foster,2016,2020,Hispanic (all races),
38,North Dakota,38031,Foster,2016,2020,American Indian/Alaskan Native (includes Hispanic),
38,North Dakota,38031,Foster,2016,2020,White (includes Hispanic),
38,North Dakota,38033,Golden Valley,2011,2015,Asian/Pacific Islander (includes Hispanic),
38,North Dakota,38033,Golden Valley,2011,2015,Black (includes Hispanic),
38,North Dakota,38033,Golden Valley,2011,2015,Hispanic (all races),
38,North Dakota,38033,Golden Valley,2011,2015,American Indian/Alaskan Native (includes Hispanic),
38,North Dakota,38033,Golden Valley,2011,2015,White (includes Hispanic),
38,North Dakota,38033,Golden Valley,2012,2016,Asian/Pacific Islander (includes Hispanic),
38,North Dakota,38033,Golden Valley,2012,2016,Black (includes Hispanic),
38,North Dakota,38033,Golden Valley,2012,2016,Hispanic (all races),
38,North Dakota,38033,Golden Valley,2012,2016,American Indian/Alaskan Native (includes Hispanic),
38,North Dakota,38033,Golden Valley,2012,2016,White (includes Hispanic),
38,North Dakota,38033,Golden Valley,2013,2017,Asian/Pacific Islander (includes Hispanic),
38,North Dakota,38033,Golden Valley,2013,2017,Black (includes Hispanic),
38,North Dakota,38033,Golden Valley,2013,2017,Hispanic (all races),
38,North Dakota,38033,Golden Valley,2013,2017,American Indian/Alaskan Native (includes Hispanic),
38,North Dakota,38033,Golden Valley,2013,2017,White (includes Hispanic),
38,North Dakota,38033,Golden Valley,2014,2018,Asian/Pacific Islander (includes Hispanic),
38,North Dakota,38033,Golden Valley,2014,2018,Black (includes Hispanic),
38,North Dakota,38033,Golden Valley,2014,2018,Hispanic (all races),
38,North Dakota,38033,Golden Valley,2014,2018,American Indian/Alaskan Native (includes Hispanic),
38,North Dakota,38033,Golden Valley,2014,2018,White (includes Hispanic),
38,North Dakota,38033,Golden Valley,2015,2019,Asian/Pacific Islander (includes Hispanic),
38,North Dakota,38033,Golden Valley,2015,2019,Black (includes Hispanic),
38,North Dakota,38033,Golden Valley,2015,2019,Hispanic (all races),
38,North Dakota,38033,Golden Valley,2015,2019,American Indian/Alaskan Native (includes Hispanic),
38,North Dakota,38033,Golden Valley,2015,2019,White (includes Hispanic),
38,North Dakota,38033,Golden Valley,2016,2020,Asian/Pacific Islander (includes Hispanic),
38,North Dakota,38033,Golden Valley,2016,2020,Black (includes Hispanic),
38,North Dakota,38033,Golden Valley,2016,2020,Hispanic (all races),
38,North Dakota,38033,Golden Valley,2016,2020,American Indian/Alaskan Native (includes Hispanic),
38,North Dakota,38033,Golden Valley,2016,2020,White (includes Hispanic),
38,North Dakota,38035,Grand Forks,2011,2015,Asian/Pacific Islander (includes Hispanic),
38,North Dakota,38035,Grand Forks,2011,2015,Black (includes Hispanic),
38,North Dakota,38035,Grand Forks,2011,2015,Hispanic (all races),
38,North Dakota,38035,Grand Forks,2011,2015,American Indian/Alaskan Native (includes Hispanic),
38,North Dakota,38035,Grand Forks,2011,2015,White (includes Hispanic),
38,North Dakota,38035,Grand Forks,2012,2016,Asian/Pacific Islander (includes Hispanic),
38,North Dakota,38035,Grand Forks,2012,2016,Black (includes Hispanic),
38,North Dakota,38035,Grand Forks,2012,2016,Hispanic (all races),
38,North Dakota,38035,Grand Forks,2012,2016,American Indian/Alaskan Native (includes Hispanic),
38,North Dakota,38035,Grand Forks,2012,2016,White (includes Hispanic),
38,North Dakota,38035,Grand Forks,2013,2017,Asian/Pacific Islander (includes Hispanic),
38,North Dakota,38035,Grand Forks,2013,2017,Black (includes Hispanic),
38,North Dakota,38035,Grand Forks,2013,2017,Hispanic (all races),
38,North Dakota,38035,Grand Forks,2013,2017,American Indian/Alaskan Native (includes Hispanic),
38,North Dakota,38035,Grand Forks,2013,2017,White (includes Hispanic),
38,North Dakota,38035,Grand Forks,2014,2018,Asian/Pacific Islander (includes Hispanic),
38,North Dakota,38035,Grand Forks,2014,2018,Black (includes Hispanic),
38,North Dakota,38035,Grand Forks,2014,2018,Hispanic (all races),
38,North Dakota,38035,Grand Forks,2014,2018,American Indian/Alaskan Native (includes Hispanic),
38,North Dakota,38035,Grand Forks,2014,2018,White (includes Hispanic),
38,North Dakota,38035,Grand Forks,2015,2019,Asian/Pacific Islander (includes Hispanic),
38,North Dakota,38035,Grand Forks,2015,2019,Black (includes Hispanic),
38,North Dakota,38035,Grand Forks,2015,2019,Hispanic (all races),
38,North Dakota,38035,Grand Forks,2015,2019,American Indian/Alaskan Native (includes Hispanic),
38,North Dakota,38035,Grand Forks,2015,2019,White (includes Hispanic),
38,North Dakota,38035,Grand Forks,2016,2020,Asian/Pacific Islander (includes Hispanic),
38,North Dakota,38035,Grand Forks,2016,2020,Black (includes Hispanic),
38,North Dakota,38035,Grand Forks,2016,2020,Hispanic (all races),
38,North Dakota,38035,Grand Forks,2016,2020,American Indian/Alaskan Native (includes Hispanic),
38,North Dakota,38035,Grand Forks,2016,2020,White (includes Hispanic),
38,North Dakota,38037,Grant,2011,2015,Asian/Pacific Islander (includes Hispanic),
38,North Dakota,38037,Grant,2011,2015,Black (includes Hispanic),
38,North Dakota,38037,Grant,2011,2015,Hispanic (all races),
38,North Dakota,38037,Grant,2011,2015,American Indian/Alaskan Native (includes Hispanic),
38,North Dakota,38037,Grant,2011,2015,White (includes Hispanic),
38,North Dakota,38037,Grant,2012,2016,Asian/Pacific Islander (includes Hispanic),
38,North Dakota,38037,Grant,2012,2016,Black (includes Hispanic),
38,North Dakota,38037,Grant,2012,2016,Hispanic (all races),
38,North Dakota,38037,Grant,2012,2016,American Indian/Alaskan Native (includes Hispanic),
38,North Dakota,38037,Grant,2012,2016,White (includes Hispanic),
38,North Dakota,38037,Grant,2013,2017,Asian/Pacific Islander (includes Hispanic),
38,North Dakota,38037,Grant,2013,2017,Black (includes Hispanic),
38,North Dakota,38037,Grant,2013,2017,Hispanic (all races),
38,North Dakota,38037,Grant,2013,2017,American Indian/Alaskan Native (includes Hispanic),
38,North Dakota,38037,Grant,2013,2017,White (includes Hispanic),
38,North Dakota,38037,Grant,2014,2018,Asian/Pacific Islander (includes Hispanic),
38,North Dakota,38037,Grant,2014,2018,Black (includes Hispanic),
38,North Dakota,38037,Grant,2014,2018,Hispanic (all races),
38,North Dakota,38037,Grant,2014,2018,American Indian/Alaskan Native (includes Hispanic),
38,North Dakota,38037,Grant,2014,2018,White (includes Hispanic),
38,North Dakota,38037,Grant,2015,2019,Asian/Pacific Islander (includes Hispanic),
38,North Dakota,38037,Grant,2015,2019,Black (includes Hispanic),
38,North Dakota,38037,Grant,2015,2019,Hispanic (all races),
38,North Dakota,38037,Grant,2015,2019,American Indian/Alaskan Native (includes Hispanic),
38,North Dakota,38037,Grant,2015,2019,White (includes Hispanic),
38,North Dakota,38037,Grant,2016,2020,Asian/Pacific Islander (includes Hispanic),
38,North Dakota,38037,Grant,2016,2020,Black (includes Hispanic),
38,North Dakota,38037,Grant,2016,2020,Hispanic (all races),
38,North Dakota,38037,Grant,2016,2020,American Indian/Alaskan Native (includes Hispanic),
38,North Dakota,38037,Grant,2016,2020,White (includes Hispanic),
38,North Dakota,38039,Griggs,2011,2015,Asian/Pacific Islander (includes Hispanic),
38,North Dakota,38039,Griggs,2011,2015,Black (includes Hispanic),
38,North Dakota,38039,Griggs,2011,2015,Hispanic (all races),
38,North Dakota,38039,Griggs,2011,2015,American Indian/Alaskan Native (includes Hispanic),
38,North Dakota,38039,Griggs,2011,2015,White (includes Hispanic),
38,North Dakota,38039,Griggs,2012,2016,Asian/Pacific Islander (includes Hispanic),
38,North Dakota,38039,Griggs,2012,2016,Black (includes Hispanic),
38,North Dakota,38039,Griggs,2012,2016,Hispanic (all races),
38,North Dakota,38039,Griggs,2012,2016,American Indian/Alaskan Native (includes Hispanic),
38,North Dakota,38039,Griggs,2012,2016,White (includes Hispanic),
38,North Dakota,38039,Griggs,2013,2017,Asian/Pacific Islander (includes Hispanic),
38,North Dakota,38039,Griggs,2013,2017,Black (includes Hispanic),
38,North Dakota,38039,Griggs,2013,2017,Hispanic (all races),
38,North Dakota,38039,Griggs,2013,2017,American Indian/Alaskan Native (includes Hispanic),
38,North Dakota,38039,Griggs,2013,2017,White (includes Hispanic),
38,North Dakota,38039,Griggs,2014,2018,Asian/Pacific Islander (includes Hispanic),
38,North Dakota,38039,Griggs,2014,2018,Black (includes Hispanic),
38,North Dakota,38039,Griggs,2014,2018,Hispanic (all races),
38,North Dakota,38039,Griggs,2014,2018,American Indian/Alaskan Native (includes Hispanic),
38,North Dakota,38039,Griggs,2014,2018,White (includes Hispanic),
38,North Dakota,38039,Griggs,2015,2019,Asian/Pacific Islander (includes Hispanic),
38,North Dakota,38039,Griggs,2015,2019,Black (includes Hispanic),
38,North Dakota,38039,Griggs,2015,2019,Hispanic (all races),
38,North Dakota,38039,Griggs,2015,2019,American Indian/Alaskan Native (includes Hispanic),
38,North Dakota,38039,Griggs,2015,2019,White (includes Hispanic),
38,North Dakota,38039,Griggs,2016,2020,Asian/Pacific Islander (includes Hispanic),
38,North Dakota,38039,Griggs,2016,2020,Black (includes Hispanic),
38,North Dakota,38039,Griggs,2016,2020,Hispanic (all races),
38,North Dakota,38039,Griggs,2016,2020,American Indian/Alaskan Native (includes Hispanic),
38,North Dakota,38039,Griggs,2016,2020,White (includes Hispanic),
38,North Dakota,38041,Hettinger,2011,2015,Asian/Pacific Islander (includes Hispanic),
38,North Dakota,38041,Hettinger,2011,2015,Black (includes Hispanic),
38,North Dakota,38041,Hettinger,2011,2015,Hispanic (all races),
38,North Dakota,38041,Hettinger,2011,2015,American Indian/Alaskan Native (includes Hispanic),
38,North Dakota,38041,Hettinger,2011,2015,White (includes Hispanic),
38,North Dakota,38041,Hettinger,2012,2016,Asian/Pacific Islander (includes Hispanic),
38,North Dakota,38041,Hettinger,2012,2016,Black (includes Hispanic),
38,North Dakota,38041,Hettinger,2012,2016,Hispanic (all races),
38,North Dakota,38041,Hettinger,2012,2016,American Indian/Alaskan Native (includes Hispanic),
38,North Dakota,38041,Hettinger,2012,2016,White (includes Hispanic),
38,North Dakota,38041,Hettinger,2013,2017,Asian/Pacific Islander (includes Hispanic),
38,North Dakota,38041,Hettinger,2013,2017,Black (includes Hispanic),
38,North Dakota,38041,Hettinger,2013,2017,Hispanic (all races),
38,North Dakota,38041,Hettinger,2013,2017,American Indian/Alaskan Native (includes Hispanic),
38,North Dakota,38041,Hettinger,2013,2017,White (includes Hispanic),
38,North Dakota,38041,Hettinger,2014,2018,Asian/Pacific Islander (includes Hispanic),
38,North Dakota,38041,Hettinger,2014,2018,Black (includes Hispanic),
38,North Dakota,38041,Hettinger,2014,2018,Hispanic (all races),
38,North Dakota,38041,Hettinger,2014,2018,American Indian/Alaskan Native (includes Hispanic),
38,North Dakota,38041,Hettinger,2014,2018,White (includes Hispanic),
38,North Dakota,38041,Hettinger,2015,2019,Asian/Pacific Islander (includes Hispanic),
38,North Dakota,38041,Hettinger,2015,2019,Black (includes Hispanic),
38,North Dakota,38041,Hettinger,2015,2019,Hispanic (all races),
38,North Dakota,38041,Hettinger,2015,2019,American Indian/Alaskan Native (includes Hispanic),
38,North Dakota,38041,Hettinger,2015,2019,White (includes Hispanic),
38,North Dakota,38041,Hettinger,2016,2020,Asian/Pacific Islander (includes Hispanic),
38,North Dakota,38041,Hettinger,2016,2020,Black (includes Hispanic),
38,North Dakota,38041,Hettinger,2016,2020,Hispanic (all races),
38,North Dakota,38041,Hettinger,2016,2020,American Indian/Alaskan Native (includes Hispanic),
38,North Dakota,38041,Hettinger,2016,2020,White (includes Hispanic),
38,North Dakota,38043,Kidder,2011,2015,Asian/Pacific Islander (includes Hispanic),
38,North Dakota,38043,Kidder,2011,2015,Black (includes Hispanic),
38,North Dakota,38043,Kidder,2011,2015,Hispanic (all races),
38,North Dakota,38043,Kidder,2011,2015,American Indian/Alaskan Native (includes Hispanic),
38,North Dakota,38043,Kidder,2011,2015,White (includes Hispanic),
38,North Dakota,38043,Kidder,2012,2016,Asian/Pacific Islander (includes Hispanic),
38,North Dakota,38043,Kidder,2012,2016,Black (includes Hispanic),
38,North Dakota,38043,Kidder,2012,2016,Hispanic (all races),
38,North Dakota,38043,Kidder,2012,2016,American Indian/Alaskan Native (includes Hispanic),
38,North Dakota,38043,Kidder,2012,2016,White (includes Hispanic),
38,North Dakota,38043,Kidder,2013,2017,Asian/Pacific Islander (includes Hispanic),
38,North Dakota,38043,Kidder,2013,2017,Black (includes Hispanic),
38,North Dakota,38043,Kidder,2013,2017,Hispanic (all races),
38,North Dakota,38043,Kidder,2013,2017,American Indian/Alaskan Native (includes Hispanic),
38,North Dakota,38043,Kidder,2013,2017,White (includes Hispanic),
38,North Dakota,38043,Kidder,2014,2018,Asian/Pacific Islander (includes Hispanic),
38,North Dakota,38043,Kidder,2014,2018,Black (includes Hispanic),
38,North Dakota,38043,Kidder,2014,2018,Hispanic (all races),
38,North Dakota,38043,Kidder,2014,2018,American Indian/Alaskan Native (includes Hispanic),
38,North Dakota,38043,Kidder,2014,2018,White (includes Hispanic),
38,North Dakota,38043,Kidder,2015,2019,Asian/Pacific Islander (includes Hispanic),
38,North Dakota,38043,Kidder,2015,2019,Black (includes Hispanic),
38,North Dakota,38043,Kidder,2015,2019,Hispanic (all races),
38,North Dakota,38043,Kidder,2015,2019,American Indian/Alaskan Native (includes Hispanic),
38,North Dakota,38043,Kidder,2015,2019,White (includes Hispanic),
38,North Dakota,38043,Kidder,2016,2020,Asian/Pacific Islander (includes Hispanic),
38,North Dakota,38043,Kidder,2016,2020,Black (includes Hispanic),
38,North Dakota,38043,Kidder,2016,2020,Hispanic (all races),
38,North Dakota,38043,Kidder,2016,2020,American Indian/Alaskan Native (includes Hispanic),
38,North Dakota,38043,Kidder,2016,2020,White (includes Hispanic),
38,North Dakota,38045,LaMoure,2011,2015,Asian/Pacific Islander (includes Hispanic),
38,North Dakota,38045,LaMoure,2011,2015,Black (includes Hispanic),
38,North Dakota,38045,LaMoure,2011,2015,Hispanic (all races),
38,North Dakota,38045,LaMoure,2011,2015,American Indian/Alaskan Native (includes Hispanic),
38,North Dakota,38045,LaMoure,2011,2015,White (includes Hispanic),
38,North Dakota,38045,LaMoure,2012,2016,Asian/Pacific Islander (includes Hispanic),
38,North Dakota,38045,LaMoure,2012,2016,Black (includes Hispanic),
38,North Dakota,38045,LaMoure,2012,2016,Hispanic (all races),
38,North Dakota,38045,LaMoure,2012,2016,American Indian/Alaskan Native (includes Hispanic),
38,North Dakota,38045,LaMoure,2012,2016,White (includes Hispanic),
38,North Dakota,38045,LaMoure,2013,2017,Asian/Pacific Islander (includes Hispanic),
38,North Dakota,38045,LaMoure,2013,2017,Black (includes Hispanic),
38,North Dakota,38045,LaMoure,2013,2017,Hispanic (all races),
38,North Dakota,38045,LaMoure,2013,2017,American Indian/Alaskan Native (includes Hispanic),
38,North Dakota,38045,LaMoure,2013,2017,White (includes Hispanic),
38,North Dakota,38045,LaMoure,2014,2018,Asian/Pacific Islander (includes Hispanic),
38,North Dakota,38045,LaMoure,2014,2018,Black (includes Hispanic),
38,North Dakota,38045,LaMoure,2014,2018,Hispanic (all races),
38,North Dakota,38045,LaMoure,2014,2018,American Indian/Alaskan Native (includes Hispanic),
38,North Dakota,38045,LaMoure,2014,2018,White (includes Hispanic),
38,North Dakota,38045,LaMoure,2015,2019,Asian/Pacific Islander (includes Hispanic),
38,North Dakota,38045,LaMoure,2015,2019,Black (includes Hispanic),
38,North Dakota,38045,LaMoure,2015,2019,Hispanic (all races),
38,North Dakota,38045,LaMoure,2015,2019,American Indian/Alaskan Native (includes Hispanic),
38,North Dakota,38045,LaMoure,2015,2019,White (includes Hispanic),
38,North Dakota,38045,LaMoure,2016,2020,Asian/Pacific Islander (includes Hispanic),
38,North Dakota,38045,LaMoure,2016,2020,Black (includes Hispanic),
38,North Dakota,38045,LaMoure,2016,2020,Hispanic (all races),
38,North Dakota,38045,LaMoure,2016,2020,American Indian/Alaskan Native (includes Hispanic),
38,North Dakota,38045,LaMoure,2016,2020,White (includes Hispanic),
38,North Dakota,38047,Logan,2011,2015,Asian/Pacific Islander (includes Hispanic),
38,North Dakota,38047,Logan,2011,2015,Black (includes Hispanic),
38,North Dakota,38047,Logan,2011,2015,Hispanic (all races),
38,North Dakota,38047,Logan,2011,2015,American Indian/Alaskan Native (includes Hispanic),
38,North Dakota,38047,Logan,2011,2015,White (includes Hispanic),
38,North Dakota,38047,Logan,2012,2016,Asian/Pacific Islander (includes Hispanic),
38,North Dakota,38047,Logan,2012,2016,Black (includes Hispanic),
38,North Dakota,38047,Logan,2012,2016,Hispanic (all races),
38,North Dakota,38047,Logan,2012,2016,American Indian/Alaskan Native (includes Hispanic),
38,North Dakota,38047,Logan,2012,2016,White (includes Hispanic),
38,North Dakota,38047,Logan,2013,2017,Asian/Pacific Islander (includes Hispanic),
38,North Dakota,38047,Logan,2013,2017,Black (includes Hispanic),
38,North Dakota,38047,Logan,2013,2017,Hispanic (all races),
38,North Dakota,38047,Logan,2013,2017,American Indian/Alaskan Native (includes Hispanic),
38,North Dakota,38047,Logan,2013,2017,White (includes Hispanic),
38,North Dakota,38047,Logan,2014,2018,Asian/Pacific Islander (includes Hispanic),
38,North Dakota,38047,Logan,2014,2018,Black (includes Hispanic),
38,North Dakota,38047,Logan,2014,2018,Hispanic (all races),
38,North Dakota,38047,Logan,2014,2018,American Indian/Alaskan Native (includes Hispanic),
38,North Dakota,38047,Logan,2014,2018,White (includes Hispanic),
38,North Dakota,38047,Logan,2015,2019,Asian/Pacific Islander (includes Hispanic),
38,North Dakota,38047,Logan,2015,2019,Black (includes Hispanic),
38,North Dakota,38047,Logan,2015,2019,Hispanic (all races),
38,North Dakota,38047,Logan,2015,2019,American Indian/Alaskan Native (includes Hispanic),
38,North Dakota,38047,Logan,2015,2019,White (includes Hispanic),
38,North Dakota,38047,Logan,2016,2020,Asian/Pacific Islander (includes Hispanic),
38,North Dakota,38047,Logan,2016,2020,Black (includes Hispanic),
38,North Dakota,38047,Logan,2016,2020,Hispanic (all races),
38,North Dakota,38047,Logan,2016,2020,American Indian/Alaskan Native (includes Hispanic),
38,North Dakota,38047,Logan,2016,2020,White (includes Hispanic),
38,North Dakota,38049,McHenry,2011,2015,Asian/Pacific Islander (includes Hispanic),
38,North Dakota,38049,McHenry,2011,2015,Black (includes Hispanic),
38,North Dakota,38049,McHenry,2011,2015,Hispanic (all races),
38,North Dakota,38049,McHenry,2011,2015,American Indian/Alaskan Native (includes Hispanic),
38,North Dakota,38049,McHenry,2011,2015,White (includes Hispanic),
38,North Dakota,38049,McHenry,2012,2016,Asian/Pacific Islander (includes Hispanic),
38,North Dakota,38049,McHenry,2012,2016,Black (includes Hispanic),
38,North Dakota,38049,McHenry,2012,2016,Hispanic (all races),
38,North Dakota,38049,McHenry,2012,2016,American Indian/Alaskan Native (includes Hispanic),
38,North Dakota,38049,McHenry,2012,2016,White (includes Hispanic),
38,North Dakota,38049,McHenry,2013,2017,Asian/Pacific Islander (includes Hispanic),
38,North Dakota,38049,McHenry,2013,2017,Black (includes Hispanic),
38,North Dakota,38049,McHenry,2013,2017,Hispanic (all races),
38,North Dakota,38049,McHenry,2013,2017,American Indian/Alaskan Native (includes Hispanic),
38,North Dakota,38049,McHenry,2013,2017,White (includes Hispanic),
38,North Dakota,38049,McHenry,2014,2018,Asian/Pacific Islander (includes Hispanic),
38,North Dakota,38049,McHenry,2014,2018,Black (includes Hispanic),
38,North Dakota,38049,McHenry,2014,2018,Hispanic (all races),
38,North Dakota,38049,McHenry,2014,2018,American Indian/Alaskan Native (includes Hispanic),
38,North Dakota,38049,McHenry,2014,2018,White (includes Hispanic),
38,North Dakota,38049,McHenry,2015,2019,Asian/Pacific Islander (includes Hispanic),
38,North Dakota,38049,McHenry,2015,2019,Black (includes Hispanic),
38,North Dakota,38049,McHenry,2015,2019,Hispanic (all races),
38,North Dakota,38049,McHenry,2015,2019,American Indian/Alaskan Native (includes Hispanic),
38,North Dakota,38049,McHenry,2015,2019,White (includes Hispanic),
38,North Dakota,38049,McHenry,2016,2020,Asian/Pacific Islander (includes Hispanic),
38,North Dakota,38049,McHenry,2016,2020,Black (includes Hispanic),
38,North Dakota,38049,McHenry,2016,2020,Hispanic (all races),
38,North Dakota,38049,McHenry,2016,2020,American Indian/Alaskan Native (includes Hispanic),
38,North Dakota,38049,McHenry,2016,2020,White (includes Hispanic),
38,North Dakota,38051,McIntosh,2011,2015,Asian/Pacific Islander (includes Hispanic),
38,North Dakota,38051,McIntosh,2011,2015,Black (includes Hispanic),
38,North Dakota,38051,McIntosh,2011,2015,Hispanic (all races),
38,North Dakota,38051,McIntosh,2011,2015,American Indian/Alaskan Native (includes Hispanic),
38,North Dakota,38051,McIntosh,2011,2015,White (includes Hispanic),
38,North Dakota,38051,McIntosh,2012,2016,Asian/Pacific Islander (includes Hispanic),
38,North Dakota,38051,McIntosh,2012,2016,Black (includes Hispanic),
38,North Dakota,38051,McIntosh,2012,2016,Hispanic (all races),
38,North Dakota,38051,McIntosh,2012,2016,American Indian/Alaskan Native (includes Hispanic),
38,North Dakota,38051,McIntosh,2012,2016,White (includes Hispanic),
38,North Dakota,38051,McIntosh,2013,2017,Asian/Pacific Islander (includes Hispanic),
38,North Dakota,38051,McIntosh,2013,2017,Black (includes Hispanic),
38,North Dakota,38051,McIntosh,2013,2017,Hispanic (all races),
38,North Dakota,38051,McIntosh,2013,2017,American Indian/Alaskan Native (includes Hispanic),
38,North Dakota,38051,McIntosh,2013,2017,White (includes Hispanic),
38,North Dakota,38051,McIntosh,2014,2018,Asian/Pacific Islander (includes Hispanic),
38,North Dakota,38051,McIntosh,2014,2018,Black (includes Hispanic),
38,North Dakota,38051,McIntosh,2014,2018,Hispanic (all races),
38,North Dakota,38051,McIntosh,2014,2018,American Indian/Alaskan Native (includes Hispanic),
38,North Dakota,38051,McIntosh,2014,2018,White (includes Hispanic),
38,North Dakota,38051,McIntosh,2015,2019,Asian/Pacific Islander (includes Hispanic),
38,North Dakota,38051,McIntosh,2015,2019,Black (includes Hispanic),
38,North Dakota,38051,McIntosh,2015,2019,Hispanic (all races),
38,North Dakota,38051,McIntosh,2015,2019,American Indian/Alaskan Native (includes Hispanic),
38,North Dakota,38051,McIntosh,2015,2019,White (includes Hispanic),
38,North Dakota,38051,McIntosh,2016,2020,Asian/Pacific Islander (includes Hispanic),
38,North Dakota,38051,McIntosh,2016,2020,Black (includes Hispanic),
38,North Dakota,38051,McIntosh,2016,2020,Hispanic (all races),
38,North Dakota,38051,McIntosh,2016,2020,American Indian/Alaskan Native (includes Hispanic),
38,North Dakota,38051,McIntosh,2016,2020,White (includes Hispanic),
38,North Dakota,38053,McKenzie,2011,2015,Asian/Pacific Islander (includes Hispanic),
38,North Dakota,38053,McKenzie,2011,2015,Black (includes Hispanic),
38,North Dakota,38053,McKenzie,2011,2015,Hispanic (all races),
38,North Dakota,38053,McKenzie,2011,2015,American Indian/Alaskan Native (includes Hispanic),
38,North Dakota,38053,McKenzie,2011,2015,White (includes Hispanic),
38,North Dakota,38053,McKenzie,2012,2016,Asian/Pacific Islander (includes Hispanic),
38,North Dakota,38053,McKenzie,2012,2016,Black (includes Hispanic),
38,North Dakota,38053,McKenzie,2012,2016,Hispanic (all races),
38,North Dakota,38053,McKenzie,2012,2016,American Indian/Alaskan Native (includes Hispanic),
38,North Dakota,38053,McKenzie,2012,2016,White (includes Hispanic),
38,North Dakota,38053,McKenzie,2013,2017,Asian/Pacific Islander (includes Hispanic),
38,North Dakota,38053,McKenzie,2013,2017,Black (includes Hispanic),
38,North Dakota,38053,McKenzie,2013,2017,Hispanic (all races),
38,North Dakota,38053,McKenzie,2013,2017,American Indian/Alaskan Native (includes Hispanic),
38,North Dakota,38053,McKenzie,2013,2017,White (includes Hispanic),
38,North Dakota,38053,McKenzie,2014,2018,Asian/Pacific Islander (includes Hispanic),
38,North Dakota,38053,McKenzie,2014,2018,Black (includes Hispanic),
38,North Dakota,38053,McKenzie,2014,2018,Hispanic (all races),
38,North Dakota,38053,McKenzie,2014,2018,American Indian/Alaskan Native (includes Hispanic),
38,North Dakota,38053,McKenzie,2014,2018,White (includes Hispanic),
38,North Dakota,38053,McKenzie,2015,2019,Asian/Pacific Islander (includes Hispanic),
38,North Dakota,38053,McKenzie,2015,2019,Black (includes Hispanic),
38,North Dakota,38053,McKenzie,2015,2019,Hispanic (all races),
38,North Dakota,38053,McKenzie,2015,2019,American Indian/Alaskan Native (includes Hispanic),
38,North Dakota,38053,McKenzie,2015,2019,White (includes Hispanic),
38,North Dakota,38053,McKenzie,2016,2020,Asian/Pacific Islander (includes Hispanic),
38,North Dakota,38053,McKenzie,2016,2020,Black (includes Hispanic),
38,North Dakota,38053,McKenzie,2016,2020,Hispanic (all races),
38,North Dakota,38053,McKenzie,2016,2020,American Indian/Alaskan Native (includes Hispanic),
38,North Dakota,38053,McKenzie,2016,2020,White (includes Hispanic),
38,North Dakota,38055,McLean,2011,2015,Asian/Pacific Islander (includes Hispanic),
38,North Dakota,38055,McLean,2011,2015,Black (includes Hispanic),
38,North Dakota,38055,McLean,2011,2015,Hispanic (all races),
38,North Dakota,38055,McLean,2011,2015,American Indian/Alaskan Native (includes Hispanic),
38,North Dakota,38055,McLean,2011,2015,White (includes Hispanic),
38,North Dakota,38055,McLean,2012,2016,Asian/Pacific Islander (includes Hispanic),
38,North Dakota,38055,McLean,2012,2016,Black (includes Hispanic),
38,North Dakota,38055,McLean,2012,2016,Hispanic (all races),
38,North Dakota,38055,McLean,2012,2016,American Indian/Alaskan Native (includes Hispanic),
38,North Dakota,38055,McLean,2012,2016,White (includes Hispanic),
38,North Dakota,38055,McLean,2013,2017,Asian/Pacific Islander (includes Hispanic),
38,North Dakota,38055,McLean,2013,2017,Black (includes Hispanic),
38,North Dakota,38055,McLean,2013,2017,Hispanic (all races),
38,North Dakota,38055,McLean,2013,2017,American Indian/Alaskan Native (includes Hispanic),
38,North Dakota,38055,McLean,2013,2017,White (includes Hispanic),
38,North Dakota,38055,McLean,2014,2018,Asian/Pacific Islander (includes Hispanic),
38,North Dakota,38055,McLean,2014,2018,Black (includes Hispanic),
38,North Dakota,38055,McLean,2014,2018,Hispanic (all races),
38,North Dakota,38055,McLean,2014,2018,American Indian/Alaskan Native (includes Hispanic),
38,North Dakota,38055,McLean,2014,2018,White (includes Hispanic),
38,North Dakota,38055,McLean,2015,2019,Asian/Pacific Islander (includes Hispanic),
38,North Dakota,38055,McLean,2015,2019,Black (includes Hispanic),
38,North Dakota,38055,McLean,2015,2019,Hispanic (all races),
38,North Dakota,38055,McLean,2015,2019,American Indian/Alaskan Native (includes Hispanic),
38,North Dakota,38055,McLean,2015,2019,White (includes Hispanic),
38,North Dakota,38055,McLean,2016,2020,Asian/Pacific Islander (includes Hispanic),
38,North Dakota,38055,McLean,2016,2020,Black (includes Hispanic),
38,North Dakota,38055,McLean,2016,2020,Hispanic (all races),
38,North Dakota,38055,McLean,2016,2020,American Indian/Alaskan Native (includes Hispanic),
38,North Dakota,38055,McLean,2016,2020,White (includes Hispanic),
38,North Dakota,38057,Mercer,2011,2015,Asian/Pacific Islander (includes Hispanic),
38,North Dakota,38057,Mercer,2011,2015,Black (includes Hispanic),
38,North Dakota,38057,Mercer,2011,2015,Hispanic (all races),
38,North Dakota,38057,Mercer,2011,2015,American Indian/Alaskan Native (includes Hispanic),
38,North Dakota,38057,Mercer,2011,2015,White (includes Hispanic),
38,North Dakota,38057,Mercer,2012,2016,Asian/Pacific Islander (includes Hispanic),
38,North Dakota,38057,Mercer,2012,2016,Black (includes Hispanic),
38,North Dakota,38057,Mercer,2012,2016,Hispanic (all races),
38,North Dakota,38057,Mercer,2012,2016,American Indian/Alaskan Native (includes Hispanic),
38,North Dakota,38057,Mercer,2012,2016,White (includes Hispanic),
38,North Dakota,38057,Mercer,2013,2017,Asian/Pacific Islander (includes Hispanic),
38,North Dakota,38057,Mercer,2013,2017,Black (includes Hispanic),
38,North Dakota,38057,Mercer,2013,2017,Hispanic (all races),
38,North Dakota,38057,Mercer,2013,2017,American Indian/Alaskan Native (includes Hispanic),
38,North Dakota,38057,Mercer,2013,2017,White (includes Hispanic),
38,North Dakota,38057,Mercer,2014,2018,Asian/Pacific Islander (includes Hispanic),
38,North Dakota,38057,Mercer,2014,2018,Black (includes Hispanic),
38,North Dakota,38057,Mercer,2014,2018,Hispanic (all races),
38,North Dakota,38057,Mercer,2014,2018,American Indian/Alaskan Native (includes Hispanic),
38,North Dakota,38057,Mercer,2014,2018,White (includes Hispanic),
38,North Dakota,38057,Mercer,2015,2019,Asian/Pacific Islander (includes Hispanic),
38,North Dakota,38057,Mercer,2015,2019,Black (includes Hispanic),
38,North Dakota,38057,Mercer,2015,2019,Hispanic (all races),
38,North Dakota,38057,Mercer,2015,2019,American Indian/Alaskan Native (includes Hispanic),
38,North Dakota,38057,Mercer,2015,2019,White (includes Hispanic),
38,North Dakota,38057,Mercer,2016,2020,Asian/Pacific Islander (includes Hispanic),
38,North Dakota,38057,Mercer,2016,2020,Black (includes Hispanic),
38,North Dakota,38057,Mercer,2016,2020,Hispanic (all races),
38,North Dakota,38057,Mercer,2016,2020,American Indian/Alaskan Native (includes Hispanic),
38,North Dakota,38057,Mercer,2016,2020,White (includes Hispanic),
38,North Dakota,38059,Morton,2011,2015,Asian/Pacific Islander (includes Hispanic),
38,North Dakota,38059,Morton,2011,2015,Black (includes Hispanic),
38,North Dakota,38059,Morton,2011,2015,Hispanic (all races),
38,North Dakota,38059,Morton,2011,2015,American Indian/Alaskan Native (includes Hispanic),
38,North Dakota,38059,Morton,2011,2015,White (includes Hispanic),
38,North Dakota,38059,Morton,2012,2016,Asian/Pacific Islander (includes Hispanic),
38,North Dakota,38059,Morton,2012,2016,Black (includes Hispanic),
38,North Dakota,38059,Morton,2012,2016,Hispanic (all races),
38,North Dakota,38059,Morton,2012,2016,American Indian/Alaskan Native (includes Hispanic),
38,North Dakota,38059,Morton,2012,2016,White (includes Hispanic),
38,North Dakota,38059,Morton,2013,2017,Asian/Pacific Islander (includes Hispanic),
38,North Dakota,38059,Morton,2013,2017,Black (includes Hispanic),
38,North Dakota,38059,Morton,2013,2017,Hispanic (all races),
38,North Dakota,38059,Morton,2013,2017,American Indian/Alaskan Native (includes Hispanic),
38,North Dakota,38059,Morton,2013,2017,White (includes Hispanic),
38,North Dakota,38059,Morton,2014,2018,Asian/Pacific Islander (includes Hispanic),
38,North Dakota,38059,Morton,2014,2018,Black (includes Hispanic),
38,North Dakota,38059,Morton,2014,2018,Hispanic (all races),
38,North Dakota,38059,Morton,2014,2018,American Indian/Alaskan Native (includes Hispanic),
38,North Dakota,38059,Morton,2014,2018,White (includes Hispanic),
38,North Dakota,38059,Morton,2015,2019,Asian/Pacific Islander (includes Hispanic),
38,North Dakota,38059,Morton,2015,2019,Black (includes Hispanic),
38,North Dakota,38059,Morton,2015,2019,Hispanic (all races),
38,North Dakota,38059,Morton,2015,2019,American Indian/Alaskan Native (includes Hispanic),
38,North Dakota,38059,Morton,2015,2019,White (includes Hispanic),
38,North Dakota,38059,Morton,2016,2020,Asian/Pacific Islander (includes Hispanic),
38,North Dakota,38059,Morton,2016,2020,Black (includes Hispanic),
38,North Dakota,38059,Morton,2016,2020,Hispanic (all races),
38,North Dakota,38059,Morton,2016,2020,American Indian/Alaskan Native (includes Hispanic),
38,North Dakota,38059,Morton,2016,2020,White (includes Hispanic),
38,North Dakota,38061,Mountrail,2011,2015,Asian/Pacific Islander (includes Hispanic),
38,North Dakota,38061,Mountrail,2011,2015,Black (includes Hispanic),
38,North Dakota,38061,Mountrail,2011,2015,Hispanic (all races),
38,North Dakota,38061,Mountrail,2011,2015,American Indian/Alaskan Native (includes Hispanic),
38,North Dakota,38061,Mountrail,2011,2015,White (includes Hispanic),
38,North Dakota,38061,Mountrail,2012,2016,Asian/Pacific Islander (includes Hispanic),
38,North Dakota,38061,Mountrail,2012,2016,Black (includes Hispanic),
38,North Dakota,38061,Mountrail,2012,2016,Hispanic (all races),
38,North Dakota,38061,Mountrail,2012,2016,American Indian/Alaskan Native (includes Hispanic),
38,North Dakota,38061,Mountrail,2012,2016,White (includes Hispanic),
38,North Dakota,38061,Mountrail,2013,2017,Asian/Pacific Islander (includes Hispanic),
38,North Dakota,38061,Mountrail,2013,2017,Black (includes Hispanic),
38,North Dakota,38061,Mountrail,2013,2017,Hispanic (all races),
38,North Dakota,38061,Mountrail,2013,2017,American Indian/Alaskan Native (includes Hispanic),
38,North Dakota,38061,Mountrail,2013,2017,White (includes Hispanic),
38,North Dakota,38061,Mountrail,2014,2018,Asian/Pacific Islander (includes Hispanic),
38,North Dakota,38061,Mountrail,2014,2018,Black (includes Hispanic),
38,North Dakota,38061,Mountrail,2014,2018,Hispanic (all races),
38,North Dakota,38061,Mountrail,2014,2018,American Indian/Alaskan Native (includes Hispanic),
38,North Dakota,38061,Mountrail,2014,2018,White (includes Hispanic),
38,North Dakota,38061,Mountrail,2015,2019,Asian/Pacific Islander (includes Hispanic),
38,North Dakota,38061,Mountrail,2015,2019,Black (includes Hispanic),
38,North Dakota,38061,Mountrail,2015,2019,Hispanic (all races),
38,North Dakota,38061,Mountrail,2015,2019,American Indian/Alaskan Native (includes Hispanic),
38,North Dakota,38061,Mountrail,2015,2019,White (includes Hispanic),
38,North Dakota,38061,Mountrail,2016,2020,Asian/Pacific Islander (includes Hispanic),
38,North Dakota,38061,Mountrail,2016,2020,Black (includes Hispanic),
38,North Dakota,38061,Mountrail,2016,2020,Hispanic (all races),
38,North Dakota,38061,Mountrail,2016,2020,American Indian/Alaskan Native (includes Hispanic),
38,North Dakota,38061,Mountrail,2016,2020,White (includes Hispanic),
38,North Dakota,38063,Nelson,2011,2015,Asian/Pacific Islander (includes Hispanic),
38,North Dakota,38063,Nelson,2011,2015,Black (includes Hispanic),
38,North Dakota,38063,Nelson,2011,2015,Hispanic (all races),
38,North Dakota,38063,Nelson,2011,2015,American Indian/Alaskan Native (includes Hispanic),
38,North Dakota,38063,Nelson,2011,2015,White (includes Hispanic),
38,North Dakota,38063,Nelson,2012,2016,Asian/Pacific Islander (includes Hispanic),
38,North Dakota,38063,Nelson,2012,2016,Black (includes Hispanic),
38,North Dakota,38063,Nelson,2012,2016,Hispanic (all races),
38,North Dakota,38063,Nelson,2012,2016,American Indian/Alaskan Native (includes Hispanic),
38,North Dakota,38063,Nelson,2012,2016,White (includes Hispanic),
38,North Dakota,38063,Nelson,2013,2017,Asian/Pacific Islander (includes Hispanic),
38,North Dakota,38063,Nelson,2013,2017,Black (includes Hispanic),
38,North Dakota,38063,Nelson,2013,2017,Hispanic (all races),
38,North Dakota,38063,Nelson,2013,2017,American Indian/Alaskan Native (includes Hispanic),
38,North Dakota,38063,Nelson,2013,2017,White (includes Hispanic),
38,North Dakota,38063,Nelson,2014,2018,Asian/Pacific Islander (includes Hispanic),
38,North Dakota,38063,Nelson,2014,2018,Black (includes Hispanic),
38,North Dakota,38063,Nelson,2014,2018,Hispanic (all races),
38,North Dakota,38063,Nelson,2014,2018,American Indian/Alaskan Native (includes Hispanic),
38,North Dakota,38063,Nelson,2014,2018,White (includes Hispanic),
38,North Dakota,38063,Nelson,2015,2019,Asian/Pacific Islander (includes Hispanic),
38,North Dakota,38063,Nelson,2015,2019,Black (includes Hispanic),
38,North Dakota,38063,Nelson,2015,2019,Hispanic (all races),
38,North Dakota,38063,Nelson,2015,2019,American Indian/Alaskan Native (includes Hispanic),
38,North Dakota,38063,Nelson,2015,2019,White (includes Hispanic),
38,North Dakota,38063,Nelson,2016,2020,Asian/Pacific Islander (includes Hispanic),
38,North Dakota,38063,Nelson,2016,2020,Black (includes Hispanic),
38,North Dakota,38063,Nelson,2016,2020,Hispanic (all races),
38,North Dakota,38063,Nelson,2016,2020,American Indian/Alaskan Native (includes Hispanic),
38,North Dakota,38063,Nelson,2016,2020,White (includes Hispanic),
38,North Dakota,38065,Oliver,2011,2015,Asian/Pacific Islander (includes Hispanic),
38,North Dakota,38065,Oliver,2011,2015,Black (includes Hispanic),
38,North Dakota,38065,Oliver,2011,2015,Hispanic (all races),
38,North Dakota,38065,Oliver,2011,2015,American Indian/Alaskan Native (includes Hispanic),
38,North Dakota,38065,Oliver,2011,2015,White (includes Hispanic),
38,North Dakota,38065,Oliver,2012,2016,Asian/Pacific Islander (includes Hispanic),
38,North Dakota,38065,Oliver,2012,2016,Black (includes Hispanic),
38,North Dakota,38065,Oliver,2012,2016,Hispanic (all races),
38,North Dakota,38065,Oliver,2012,2016,American Indian/Alaskan Native (includes Hispanic),
38,North Dakota,38065,Oliver,2012,2016,White (includes Hispanic),
38,North Dakota,38065,Oliver,2013,2017,Asian/Pacific Islander (includes Hispanic),
38,North Dakota,38065,Oliver,2013,2017,Black (includes Hispanic),
38,North Dakota,38065,Oliver,2013,2017,Hispanic (all races),
38,North Dakota,38065,Oliver,2013,2017,American Indian/Alaskan Native (includes Hispanic),
38,North Dakota,38065,Oliver,2013,2017,White (includes Hispanic),
38,North Dakota,38065,Oliver,2014,2018,Asian/Pacific Islander (includes Hispanic),
38,North Dakota,38065,Oliver,2014,2018,Black (includes Hispanic),
38,North Dakota,38065,Oliver,2014,2018,Hispanic (all races),
38,North Dakota,38065,Oliver,2014,2018,American Indian/Alaskan Native (includes Hispanic),
38,North Dakota,38065,Oliver,2014,2018,White (includes Hispanic),
38,North Dakota,38065,Oliver,2015,2019,Asian/Pacific Islander (includes Hispanic),
38,North Dakota,38065,Oliver,2015,2019,Black (includes Hispanic),
38,North Dakota,38065,Oliver,2015,2019,Hispanic (all races),
38,North Dakota,38065,Oliver,2015,2019,American Indian/Alaskan Native (includes Hispanic),
38,North Dakota,38065,Oliver,2015,2019,White (includes Hispanic),
38,North Dakota,38065,Oliver,2016,2020,Asian/Pacific Islander (includes Hispanic),
38,North Dakota,38065,Oliver,2016,2020,Black (includes Hispanic),
38,North Dakota,38065,Oliver,2016,2020,Hispanic (all races),
38,North Dakota,38065,Oliver,2016,2020,American Indian/Alaskan Native (includes Hispanic),
38,North Dakota,38065,Oliver,2016,2020,White (includes Hispanic),
38,North Dakota,38067,Pembina,2011,2015,Asian/Pacific Islander (includes Hispanic),
38,North Dakota,38067,Pembina,2011,2015,Black (includes Hispanic),
38,North Dakota,38067,Pembina,2011,2015,Hispanic (all races),
38,North Dakota,38067,Pembina,2011,2015,American Indian/Alaskan Native (includes Hispanic),
38,North Dakota,38067,Pembina,2011,2015,White (includes Hispanic),
38,North Dakota,38067,Pembina,2012,2016,Asian/Pacific Islander (includes Hispanic),
38,North Dakota,38067,Pembina,2012,2016,Black (includes Hispanic),
38,North Dakota,38067,Pembina,2012,2016,Hispanic (all races),
38,North Dakota,38067,Pembina,2012,2016,American Indian/Alaskan Native (includes Hispanic),
38,North Dakota,38067,Pembina,2012,2016,White (includes Hispanic),
38,North Dakota,38067,Pembina,2013,2017,Asian/Pacific Islander (includes Hispanic),
38,North Dakota,38067,Pembina,2013,2017,Black (includes Hispanic),
38,North Dakota,38067,Pembina,2013,2017,Hispanic (all races),
38,North Dakota,38067,Pembina,2013,2017,American Indian/Alaskan Native (includes Hispanic),
38,North Dakota,38067,Pembina,2013,2017,White (includes Hispanic),
38,North Dakota,38067,Pembina,2014,2018,Asian/Pacific Islander (includes Hispanic),
38,North Dakota,38067,Pembina,2014,2018,Black (includes Hispanic),
38,North Dakota,38067,Pembina,2014,2018,Hispanic (all races),
38,North Dakota,38067,Pembina,2014,2018,American Indian/Alaskan Native (includes Hispanic),
38,North Dakota,38067,Pembina,2014,2018,White (includes Hispanic),
38,North Dakota,38067,Pembina,2015,2019,Asian/Pacific Islander (includes Hispanic),
38,North Dakota,38067,Pembina,2015,2019,Black (includes Hispanic),
38,North Dakota,38067,Pembina,2015,2019,Hispanic (all races),
38,North Dakota,38067,Pembina,2015,2019,American Indian/Alaskan Native (includes Hispanic),
38,North Dakota,38067,Pembina,2015,2019,White (includes Hispanic),
38,North Dakota,38067,Pembina,2016,2020,Asian/Pacific Islander (includes Hispanic),
38,North Dakota,38067,Pembina,2016,2020,Black (includes Hispanic),
38,North Dakota,38067,Pembina,2016,2020,Hispanic (all races),
38,North Dakota,38067,Pembina,2016,2020,American Indian/Alaskan Native (includes Hispanic),
38,North Dakota,38067,Pembina,2016,2020,White (includes Hispanic),
38,North Dakota,38069,Pierce,2011,2015,Asian/Pacific Islander (includes Hispanic),
38,North Dakota,38069,Pierce,2011,2015,Black (includes Hispanic),
38,North Dakota,38069,Pierce,2011,2015,Hispanic (all races),
38,North Dakota,38069,Pierce,2011,2015,American Indian/Alaskan Native (includes Hispanic),
38,North Dakota,38069,Pierce,2011,2015,White (includes Hispanic),
38,North Dakota,38069,Pierce,2012,2016,Asian/Pacific Islander (includes Hispanic),
38,North Dakota,38069,Pierce,2012,2016,Black (includes Hispanic),
38,North Dakota,38069,Pierce,2012,2016,Hispanic (all races),
38,North Dakota,38069,Pierce,2012,2016,American Indian/Alaskan Native (includes Hispanic),
38,North Dakota,38069,Pierce,2012,2016,White (includes Hispanic),
38,North Dakota,38069,Pierce,2013,2017,Asian/Pacific Islander (includes Hispanic),
38,North Dakota,38069,Pierce,2013,2017,Black (includes Hispanic),
38,North Dakota,38069,Pierce,2013,2017,Hispanic (all races),
38,North Dakota,38069,Pierce,2013,2017,American Indian/Alaskan Native (includes Hispanic),
38,North Dakota,38069,Pierce,2013,2017,White (includes Hispanic),
38,North Dakota,38069,Pierce,2014,2018,Asian/Pacific Islander (includes Hispanic),
38,North Dakota,38069,Pierce,2014,2018,Black (includes Hispanic),
38,North Dakota,38069,Pierce,2014,2018,Hispanic (all races),
38,North Dakota,38069,Pierce,2014,2018,American Indian/Alaskan Native (includes Hispanic),
38,North Dakota,38069,Pierce,2014,2018,White (includes Hispanic),
38,North Dakota,38069,Pierce,2015,2019,Asian/Pacific Islander (includes Hispanic),
38,North Dakota,38069,Pierce,2015,2019,Black (includes Hispanic),
38,North Dakota,38069,Pierce,2015,2019,Hispanic (all races),
38,North Dakota,38069,Pierce,2015,2019,American Indian/Alaskan Native (includes Hispanic),
38,North Dakota,38069,Pierce,2015,2019,White (includes Hispanic),
38,North Dakota,38069,Pierce,2016,2020,Asian/Pacific Islander (includes Hispanic),
38,North Dakota,38069,Pierce,2016,2020,Black (includes Hispanic),
38,North Dakota,38069,Pierce,2016,2020,Hispanic (all races),
38,North Dakota,38069,Pierce,2016,2020,American Indian/Alaskan Native (includes Hispanic),
38,North Dakota,38069,Pierce,2016,2020,White (includes Hispanic),
38,North Dakota,38071,Ramsey,2011,2015,Asian/Pacific Islander (includes Hispanic),
38,North Dakota,38071,Ramsey,2011,2015,Black (includes Hispanic),
38,North Dakota,38071,Ramsey,2011,2015,Hispanic (all races),
38,North Dakota,38071,Ramsey,2011,2015,American Indian/Alaskan Native (includes Hispanic),
38,North Dakota,38071,Ramsey,2011,2015,White (includes Hispanic),
38,North Dakota,38071,Ramsey,2012,2016,Asian/Pacific Islander (includes Hispanic),
38,North Dakota,38071,Ramsey,2012,2016,Black (includes Hispanic),
38,North Dakota,38071,Ramsey,2012,2016,Hispanic (all races),
38,North Dakota,38071,Ramsey,2012,2016,American Indian/Alaskan Native (includes Hispanic),
38,North Dakota,38071,Ramsey,2012,2016,White (includes Hispanic),
38,North Dakota,38071,Ramsey,2013,2017,Asian/Pacific Islander (includes Hispanic),
38,North Dakota,38071,Ramsey,2013,2017,Black (includes Hispanic),
38,North Dakota,38071,Ramsey,2013,2017,Hispanic (all races),
38,North Dakota,38071,Ramsey,2013,2017,American Indian/Alaskan Native (includes Hispanic),
38,North Dakota,38071,Ramsey,2013,2017,White (includes Hispanic),
38,North Dakota,38071,Ramsey,2014,2018,Asian/Pacific Islander (includes Hispanic),
38,North Dakota,38071,Ramsey,2014,2018,Black (includes Hispanic),
38,North Dakota,38071,Ramsey,2014,2018,Hispanic (all races),
38,North Dakota,38071,Ramsey,2014,2018,American Indian/Alaskan Native (includes Hispanic),
38,North Dakota,38071,Ramsey,2014,2018,White (includes Hispanic),
38,North Dakota,38071,Ramsey,2015,2019,Asian/Pacific Islander (includes Hispanic),
38,North Dakota,38071,Ramsey,2015,2019,Black (includes Hispanic),
38,North Dakota,38071,Ramsey,2015,2019,Hispanic (all races),
38,North Dakota,38071,Ramsey,2015,2019,American Indian/Alaskan Native (includes Hispanic),
38,North Dakota,38071,Ramsey,2015,2019,White (includes Hispanic),
38,North Dakota,38071,Ramsey,2016,2020,Asian/Pacific Islander (includes Hispanic),
38,North Dakota,38071,Ramsey,2016,2020,Black (includes Hispanic),
38,North Dakota,38071,Ramsey,2016,2020,Hispanic (all races),
38,North Dakota,38071,Ramsey,2016,2020,American Indian/Alaskan Native (includes Hispanic),
38,North Dakota,38071,Ramsey,2016,2020,White (includes Hispanic),
38,North Dakota,38073,Ransom,2011,2015,Asian/Pacific Islander (includes Hispanic),
38,North Dakota,38073,Ransom,2011,2015,Black (includes Hispanic),
38,North Dakota,38073,Ransom,2011,2015,Hispanic (all races),
38,North Dakota,38073,Ransom,2011,2015,American Indian/Alaskan Native (includes Hispanic),
38,North Dakota,38073,Ransom,2011,2015,White (includes Hispanic),
38,North Dakota,38073,Ransom,2012,2016,Asian/Pacific Islander (includes Hispanic),
38,North Dakota,38073,Ransom,2012,2016,Black (includes Hispanic),
38,North Dakota,38073,Ransom,2012,2016,Hispanic (all races),
38,North Dakota,38073,Ransom,2012,2016,American Indian/Alaskan Native (includes Hispanic),
38,North Dakota,38073,Ransom,2012,2016,White (includes Hispanic),
38,North Dakota,38073,Ransom,2013,2017,Asian/Pacific Islander (includes Hispanic),
38,North Dakota,38073,Ransom,2013,2017,Black (includes Hispanic),
38,North Dakota,38073,Ransom,2013,2017,Hispanic (all races),
38,North Dakota,38073,Ransom,2013,2017,American Indian/Alaskan Native (includes Hispanic),
38,North Dakota,38073,Ransom,2013,2017,White (includes Hispanic),
38,North Dakota,38073,Ransom,2014,2018,Asian/Pacific Islander (includes Hispanic),
38,North Dakota,38073,Ransom,2014,2018,Black (includes Hispanic),
38,North Dakota,38073,Ransom,2014,2018,Hispanic (all races),
38,North Dakota,38073,Ransom,2014,2018,American Indian/Alaskan Native (includes Hispanic),
38,North Dakota,38073,Ransom,2014,2018,White (includes Hispanic),
38,North Dakota,38073,Ransom,2015,2019,Asian/Pacific Islander (includes Hispanic),
38,North Dakota,38073,Ransom,2015,2019,Black (includes Hispanic),
38,North Dakota,38073,Ransom,2015,2019,Hispanic (all races),
38,North Dakota,38073,Ransom,2015,2019,American Indian/Alaskan Native (includes Hispanic),
38,North Dakota,38073,Ransom,2015,2019,White (includes Hispanic),
38,North Dakota,38073,Ransom,2016,2020,Asian/Pacific Islander (includes Hispanic),
38,North Dakota,38073,Ransom,2016,2020,Black (includes Hispanic),
38,North Dakota,38073,Ransom,2016,2020,Hispanic (all races),
38,North Dakota,38073,Ransom,2016,2020,American Indian/Alaskan Native (includes Hispanic),
38,North Dakota,38073,Ransom,2016,2020,White (includes Hispanic),
38,North Dakota,38075,Renville,2011,2015,Asian/Pacific Islander (includes Hispanic),
38,North Dakota,38075,Renville,2011,2015,Black (includes Hispanic),
38,North Dakota,38075,Renville,2011,2015,Hispanic (all races),
38,North Dakota,38075,Renville,2011,2015,American Indian/Alaskan Native (includes Hispanic),
38,North Dakota,38075,Renville,2011,2015,White (includes Hispanic),
38,North Dakota,38075,Renville,2012,2016,Asian/Pacific Islander (includes Hispanic),
38,North Dakota,38075,Renville,2012,2016,Black (includes Hispanic),
38,North Dakota,38075,Renville,2012,2016,Hispanic (all races),
38,North Dakota,38075,Renville,2012,2016,American Indian/Alaskan Native (includes Hispanic),
38,North Dakota,38075,Renville,2012,2016,White (includes Hispanic),
38,North Dakota,38075,Renville,2013,2017,Asian/Pacific Islander (includes Hispanic),
38,North Dakota,38075,Renville,2013,2017,Black (includes Hispanic),
38,North Dakota,38075,Renville,2013,2017,Hispanic (all races),
38,North Dakota,38075,Renville,2013,2017,American Indian/Alaskan Native (includes Hispanic),
38,North Dakota,38075,Renville,2013,2017,White (includes Hispanic),
38,North Dakota,38075,Renville,2014,2018,Asian/Pacific Islander (includes Hispanic),
38,North Dakota,38075,Renville,2014,2018,Black (includes Hispanic),
38,North Dakota,38075,Renville,2014,2018,Hispanic (all races),
38,North Dakota,38075,Renville,2014,2018,American Indian/Alaskan Native (includes Hispanic),
38,North Dakota,38075,Renville,2014,2018,White (includes Hispanic),
38,North Dakota,38075,Renville,2015,2019,Asian/Pacific Islander (includes Hispanic),
38,North Dakota,38075,Renville,2015,2019,Black (includes Hispanic),
38,North Dakota,38075,Renville,2015,2019,Hispanic (all races),
38,North Dakota,38075,Renville,2015,2019,American Indian/Alaskan Native (includes Hispanic),
38,North Dakota,38075,Renville,2015,2019,White (includes Hispanic),
38,North Dakota,38075,Renville,2016,2020,Asian/Pacific Islander (includes Hispanic),
38,North Dakota,38075,Renville,2016,2020,Black (includes Hispanic),
38,North Dakota,38075,Renville,2016,2020,Hispanic (all races),
38,North Dakota,38075,Renville,2016,2020,American Indian/Alaskan Native (includes Hispanic),
38,North Dakota,38075,Renville,2016,2020,White (includes Hispanic),
38,North Dakota,38077,Richland,2011,2015,Asian/Pacific Islander (includes Hispanic),
38,North Dakota,38077,Richland,2011,2015,Black (includes Hispanic),
38,North Dakota,38077,Richland,2011,2015,Hispanic (all races),
38,North Dakota,38077,Richland,2011,2015,American Indian/Alaskan Native (includes Hispanic),
38,North Dakota,38077,Richland,2011,2015,White (includes Hispanic),
38,North Dakota,38077,Richland,2012,2016,Asian/Pacific Islander (includes Hispanic),
38,North Dakota,38077,Richland,2012,2016,Black (includes Hispanic),
38,North Dakota,38077,Richland,2012,2016,Hispanic (all races),
38,North Dakota,38077,Richland,2012,2016,American Indian/Alaskan Native (includes Hispanic),
38,North Dakota,38077,Richland,2012,2016,White (includes Hispanic),
38,North Dakota,38077,Richland,2013,2017,Asian/Pacific Islander (includes Hispanic),
38,North Dakota,38077,Richland,2013,2017,Black (includes Hispanic),
38,North Dakota,38077,Richland,2013,2017,Hispanic (all races),
38,North Dakota,38077,Richland,2013,2017,American Indian/Alaskan Native (includes Hispanic),
38,North Dakota,38077,Richland,2013,2017,White (includes Hispanic),
38,North Dakota,38077,Richland,2014,2018,Asian/Pacific Islander (includes Hispanic),
38,North Dakota,38077,Richland,2014,2018,Black (includes Hispanic),
38,North Dakota,38077,Richland,2014,2018,Hispanic (all races),
38,North Dakota,38077,Richland,2014,2018,American Indian/Alaskan Native (includes Hispanic),
38,North Dakota,38077,Richland,2014,2018,White (includes Hispanic),
38,North Dakota,38077,Richland,2015,2019,Asian/Pacific Islander (includes Hispanic),
38,North Dakota,38077,Richland,2015,2019,Black (includes Hispanic),
38,North Dakota,38077,Richland,2015,2019,Hispanic (all races),
38,North Dakota,38077,Richland,2015,2019,American Indian/Alaskan Native (includes Hispanic),
38,North Dakota,38077,Richland,2015,2019,White (includes Hispanic),
38,North Dakota,38077,Richland,2016,2020,Asian/Pacific Islander (includes Hispanic),
38,North Dakota,38077,Richland,2016,2020,Black (includes Hispanic),
38,North Dakota,38077,Richland,2016,2020,Hispanic (all races),
38,North Dakota,38077,Richland,2016,2020,American Indian/Alaskan Native (includes Hispanic),
38,North Dakota,38077,Richland,2016,2020,White (includes Hispanic),
38,North Dakota,38079,Rolette,2011,2015,Asian/Pacific Islander (includes Hispanic),
38,North Dakota,38079,Rolette,2011,2015,Black (includes Hispanic),
38,North Dakota,38079,Rolette,2011,2015,Hispanic (all races),
38,North Dakota,38079,Rolette,2011,2015,American Indian/Alaskan Native (includes Hispanic),
38,North Dakota,38079,Rolette,2011,2015,White (includes Hispanic),
38,North Dakota,38079,Rolette,2012,2016,Asian/Pacific Islander (includes Hispanic),
38,North Dakota,38079,Rolette,2012,2016,Black (includes Hispanic),
38,North Dakota,38079,Rolette,2012,2016,Hispanic (all races),
38,North Dakota,38079,Rolette,2012,2016,American Indian/Alaskan Native (includes Hispanic),
38,North Dakota,38079,Rolette,2012,2016,White (includes Hispanic),
38,North Dakota,38079,Rolette,2013,2017,Asian/Pacific Islander (includes Hispanic),
38,North Dakota,38079,Rolette,2013,2017,Black (includes Hispanic),
38,North Dakota,38079,Rolette,2013,2017,Hispanic (all races),
38,North Dakota,38079,Rolette,2013,2017,American Indian/Alaskan Native (includes Hispanic),
38,North Dakota,38079,Rolette,2013,2017,White (includes Hispanic),
38,North Dakota,38079,Rolette,2014,2018,Asian/Pacific Islander (includes Hispanic),
38,North Dakota,38079,Rolette,2014,2018,Black (includes Hispanic),
38,North Dakota,38079,Rolette,2014,2018,Hispanic (all races),
38,North Dakota,38079,Rolette,2014,2018,American Indian/Alaskan Native (includes Hispanic),
38,North Dakota,38079,Rolette,2014,2018,White (includes Hispanic),
38,North Dakota,38079,Rolette,2015,2019,Asian/Pacific Islander (includes Hispanic),
38,North Dakota,38079,Rolette,2015,2019,Black (includes Hispanic),
38,North Dakota,38079,Rolette,2015,2019,Hispanic (all races),
38,North Dakota,38079,Rolette,2015,2019,American Indian/Alaskan Native (includes Hispanic),
38,North Dakota,38079,Rolette,2015,2019,White (includes Hispanic),
38,North Dakota,38079,Rolette,2016,2020,Asian/Pacific Islander (includes Hispanic),
38,North Dakota,38079,Rolette,2016,2020,Black (includes Hispanic),
38,North Dakota,38079,Rolette,2016,2020,Hispanic (all races),
38,North Dakota,38079,Rolette,2016,2020,American Indian/Alaskan Native (includes Hispanic),
38,North Dakota,38079,Rolette,2016,2020,White (includes Hispanic),
38,North Dakota,38081,Sargent,2011,2015,Asian/Pacific Islander (includes Hispanic),
38,North Dakota,38081,Sargent,2011,2015,Black (includes Hispanic),
38,North Dakota,38081,Sargent,2011,2015,Hispanic (all races),
38,North Dakota,38081,Sargent,2011,2015,American Indian/Alaskan Native (includes Hispanic),
38,North Dakota,38081,Sargent,2011,2015,White (includes Hispanic),
38,North Dakota,38081,Sargent,2012,2016,Asian/Pacific Islander (includes Hispanic),
38,North Dakota,38081,Sargent,2012,2016,Black (includes Hispanic),
38,North Dakota,38081,Sargent,2012,2016,Hispanic (all races),
38,North Dakota,38081,Sargent,2012,2016,American Indian/Alaskan Native (includes Hispanic),
38,North Dakota,38081,Sargent,2012,2016,White (includes Hispanic),
38,North Dakota,38081,Sargent,2013,2017,Asian/Pacific Islander (includes Hispanic),
38,North Dakota,38081,Sargent,2013,2017,Black (includes Hispanic),
38,North Dakota,38081,Sargent,2013,2017,Hispanic (all races),
38,North Dakota,38081,Sargent,2013,2017,American Indian/Alaskan Native (includes Hispanic),
38,North Dakota,38081,Sargent,2013,2017,White (includes Hispanic),
38,North Dakota,38081,Sargent,2014,2018,Asian/Pacific Islander (includes Hispanic),
38,North Dakota,38081,Sargent,2014,2018,Black (includes Hispanic),
38,North Dakota,38081,Sargent,2014,2018,Hispanic (all races),
38,North Dakota,38081,Sargent,2014,2018,American Indian/Alaskan Native (includes Hispanic),
38,North Dakota,38081,Sargent,2014,2018,White (includes Hispanic),
38,North Dakota,38081,Sargent,2015,2019,Asian/Pacific Islander (includes Hispanic),
38,North Dakota,38081,Sargent,2015,2019,Black (includes Hispanic),
38,North Dakota,38081,Sargent,2015,2019,Hispanic (all races),
38,North Dakota,38081,Sargent,2015,2019,American Indian/Alaskan Native (includes Hispanic),
38,North Dakota,38081,Sargent,2015,2019,White (includes Hispanic),
38,North Dakota,38081,Sargent,2016,2020,Asian/Pacific Islander (includes Hispanic),
38,North Dakota,38081,Sargent,2016,2020,Black (includes Hispanic),
38,North Dakota,38081,Sargent,2016,2020,Hispanic (all races),
38,North Dakota,38081,Sargent,2016,2020,American Indian/Alaskan Native (includes Hispanic),
38,North Dakota,38081,Sargent,2016,2020,White (includes Hispanic),
38,North Dakota,38083,Sheridan,2011,2015,Asian/Pacific Islander (includes Hispanic),
38,North Dakota,38083,Sheridan,2011,2015,Black (includes Hispanic),
38,North Dakota,38083,Sheridan,2011,2015,Hispanic (all races),
38,North Dakota,38083,Sheridan,2011,2015,American Indian/Alaskan Native (includes Hispanic),
38,North Dakota,38083,Sheridan,2011,2015,White (includes Hispanic),
38,North Dakota,38083,Sheridan,2012,2016,Asian/Pacific Islander (includes Hispanic),
38,North Dakota,38083,Sheridan,2012,2016,Black (includes Hispanic),
38,North Dakota,38083,Sheridan,2012,2016,Hispanic (all races),
38,North Dakota,38083,Sheridan,2012,2016,American Indian/Alaskan Native (includes Hispanic),
38,North Dakota,38083,Sheridan,2012,2016,White (includes Hispanic),
38,North Dakota,38083,Sheridan,2013,2017,Asian/Pacific Islander (includes Hispanic),
38,North Dakota,38083,Sheridan,2013,2017,Black (includes Hispanic),
38,North Dakota,38083,Sheridan,2013,2017,Hispanic (all races),
38,North Dakota,38083,Sheridan,2013,2017,American Indian/Alaskan Native (includes Hispanic),
38,North Dakota,38083,Sheridan,2013,2017,White (includes Hispanic),
38,North Dakota,38083,Sheridan,2014,2018,Asian/Pacific Islander (includes Hispanic),
38,North Dakota,38083,Sheridan,2014,2018,Black (includes Hispanic),
38,North Dakota,38083,Sheridan,2014,2018,Hispanic (all races),
38,North Dakota,38083,Sheridan,2014,2018,American Indian/Alaskan Native (includes Hispanic),
38,North Dakota,38083,Sheridan,2014,2018,White (includes Hispanic),
38,North Dakota,38083,Sheridan,2015,2019,Asian/Pacific Islander (includes Hispanic),
38,North Dakota,38083,Sheridan,2015,2019,Black (includes Hispanic),
38,North Dakota,38083,Sheridan,2015,2019,Hispanic (all races),
38,North Dakota,38083,Sheridan,2015,2019,American Indian/Alaskan Native (includes Hispanic),
38,North Dakota,38083,Sheridan,2015,2019,White (includes Hispanic),
38,North Dakota,38083,Sheridan,2016,2020,Asian/Pacific Islander (includes Hispanic),
38,North Dakota,38083,Sheridan,2016,2020,Black (includes Hispanic),
38,North Dakota,38083,Sheridan,2016,2020,Hispanic (all races),
38,North Dakota,38083,Sheridan,2016,2020,American Indian/Alaskan Native (includes Hispanic),
38,North Dakota,38083,Sheridan,2016,2020,White (includes Hispanic),
38,North Dakota,38085,Sioux,2011,2015,Asian/Pacific Islander (includes Hispanic),
38,North Dakota,38085,Sioux,2011,2015,Black (includes Hispanic),
38,North Dakota,38085,Sioux,2011,2015,Hispanic (all races),
38,North Dakota,38085,Sioux,2011,2015,American Indian/Alaskan Native (includes Hispanic),
38,North Dakota,38085,Sioux,2011,2015,White (includes Hispanic),
38,North Dakota,38085,Sioux,2012,2016,Asian/Pacific Islander (includes Hispanic),
38,North Dakota,38085,Sioux,2012,2016,Black (includes Hispanic),
38,North Dakota,38085,Sioux,2012,2016,Hispanic (all races),
38,North Dakota,38085,Sioux,2012,2016,American Indian/Alaskan Native (includes Hispanic),
38,North Dakota,38085,Sioux,2012,2016,White (includes Hispanic),
38,North Dakota,38085,Sioux,2013,2017,Asian/Pacific Islander (includes Hispanic),
38,North Dakota,38085,Sioux,2013,2017,Black (includes Hispanic),
38,North Dakota,38085,Sioux,2013,2017,Hispanic (all races),
38,North Dakota,38085,Sioux,2013,2017,American Indian/Alaskan Native (includes Hispanic),
38,North Dakota,38085,Sioux,2013,2017,White (includes Hispanic),
38,North Dakota,38085,Sioux,2014,2018,Asian/Pacific Islander (includes Hispanic),
38,North Dakota,38085,Sioux,2014,2018,Black (includes Hispanic),
38,North Dakota,38085,Sioux,2014,2018,Hispanic (all races),
38,North Dakota,38085,Sioux,2014,2018,American Indian/Alaskan Native (includes Hispanic),
38,North Dakota,38085,Sioux,2014,2018,White (includes Hispanic),
38,North Dakota,38085,Sioux,2015,2019,Asian/Pacific Islander (includes Hispanic),
38,North Dakota,38085,Sioux,2015,2019,Black (includes Hispanic),
38,North Dakota,38085,Sioux,2015,2019,Hispanic (all races),
38,North Dakota,38085,Sioux,2015,2019,American Indian/Alaskan Native (includes Hispanic),
38,North Dakota,38085,Sioux,2015,2019,White (includes Hispanic),
38,North Dakota,38085,Sioux,2016,2020,Asian/Pacific Islander (includes Hispanic),
38,North Dakota,38085,Sioux,2016,2020,Black (includes Hispanic),
38,North Dakota,38085,Sioux,2016,2020,Hispanic (all races),
38,North Dakota,38085,Sioux,2016,2020,American Indian/Alaskan Native (includes Hispanic),
38,North Dakota,38085,Sioux,2016,2020,White (includes Hispanic),
38,North Dakota,38087,Slope,2011,2015,Asian/Pacific Islander (includes Hispanic),
38,North Dakota,38087,Slope,2011,2015,Black (includes Hispanic),
38,North Dakota,38087,Slope,2011,2015,Hispanic (all races),
38,North Dakota,38087,Slope,2011,2015,American Indian/Alaskan Native (includes Hispanic),
38,North Dakota,38087,Slope,2011,2015,White (includes Hispanic),
38,North Dakota,38087,Slope,2012,2016,Asian/Pacific Islander (includes Hispanic),
38,North Dakota,38087,Slope,2012,2016,Black (includes Hispanic),
38,North Dakota,38087,Slope,2012,2016,Hispanic (all races),
38,North Dakota,38087,Slope,2012,2016,American Indian/Alaskan Native (includes Hispanic),
38,North Dakota,38087,Slope,2012,2016,White (includes Hispanic),
38,North Dakota,38087,Slope,2013,2017,Asian/Pacific Islander (includes Hispanic),
38,North Dakota,38087,Slope,2013,2017,Black (includes Hispanic),
38,North Dakota,38087,Slope,2013,2017,Hispanic (all races),
38,North Dakota,38087,Slope,2013,2017,American Indian/Alaskan Native (includes Hispanic),
38,North Dakota,38087,Slope,2013,2017,White (includes Hispanic),
38,North Dakota,38087,Slope,2014,2018,Asian/Pacific Islander (includes Hispanic),
38,North Dakota,38087,Slope,2014,2018,Black (includes Hispanic),
38,North Dakota,38087,Slope,2014,2018,Hispanic (all races),
38,North Dakota,38087,Slope,2014,2018,American Indian/Alaskan Native (includes Hispanic),
38,North Dakota,38087,Slope,2014,2018,White (includes Hispanic),
38,North Dakota,38087,Slope,2015,2019,Asian/Pacific Islander (includes Hispanic),
38,North Dakota,38087,Slope,2015,2019,Black (includes Hispanic),
38,North Dakota,38087,Slope,2015,2019,Hispanic (all races),
38,North Dakota,38087,Slope,2015,2019,American Indian/Alaskan Native (includes Hispanic),
38,North Dakota,38087,Slope,2015,2019,White (includes Hispanic),
38,North Dakota,38087,Slope,2016,2020,Asian/Pacific Islander (includes Hispanic),
38,North Dakota,38087,Slope,2016,2020,Black (includes Hispanic),
38,North Dakota,38087,Slope,2016,2020,Hispanic (all races),
38,North Dakota,38087,Slope,2016,2020,American Indian/Alaskan Native (includes Hispanic),
38,North Dakota,38087,Slope,2016,2020,White (includes Hispanic),
38,North Dakota,38089,Stark,2011,2015,Asian/Pacific Islander (includes Hispanic),
38,North Dakota,38089,Stark,2011,2015,Black (includes Hispanic),
38,North Dakota,38089,Stark,2011,2015,Hispanic (all races),
38,North Dakota,38089,Stark,2011,2015,American Indian/Alaskan Native (includes Hispanic),
38,North Dakota,38089,Stark,2011,2015,White (includes Hispanic),
38,North Dakota,38089,Stark,2012,2016,Asian/Pacific Islander (includes Hispanic),
38,North Dakota,38089,Stark,2012,2016,Black (includes Hispanic),
38,North Dakota,38089,Stark,2012,2016,Hispanic (all races),
38,North Dakota,38089,Stark,2012,2016,American Indian/Alaskan Native (includes Hispanic),
38,North Dakota,38089,Stark,2012,2016,White (includes Hispanic),
38,North Dakota,38089,Stark,2013,2017,Asian/Pacific Islander (includes Hispanic),
38,North Dakota,38089,Stark,2013,2017,Black (includes Hispanic),
38,North Dakota,38089,Stark,2013,2017,Hispanic (all races),
38,North Dakota,38089,Stark,2013,2017,American Indian/Alaskan Native (includes Hispanic),
38,North Dakota,38089,Stark,2013,2017,White (includes Hispanic),
38,North Dakota,38089,Stark,2014,2018,Asian/Pacific Islander (includes Hispanic),
38,North Dakota,38089,Stark,2014,2018,Black (includes Hispanic),
38,North Dakota,38089,Stark,2014,2018,Hispanic (all races),
38,North Dakota,38089,Stark,2014,2018,American Indian/Alaskan Native (includes Hispanic),
38,North Dakota,38089,Stark,2014,2018,White (includes Hispanic),
38,North Dakota,38089,Stark,2015,2019,Asian/Pacific Islander (includes Hispanic),
38,North Dakota,38089,Stark,2015,2019,Black (includes Hispanic),
38,North Dakota,38089,Stark,2015,2019,Hispanic (all races),
38,North Dakota,38089,Stark,2015,2019,American Indian/Alaskan Native (includes Hispanic),
38,North Dakota,38089,Stark,2015,2019,White (includes Hispanic),
38,North Dakota,38089,Stark,2016,2020,Asian/Pacific Islander (includes Hispanic),
38,North Dakota,38089,Stark,2016,2020,Black (includes Hispanic),
38,North Dakota,38089,Stark,2016,2020,Hispanic (all races),
38,North Dakota,38089,Stark,2016,2020,American Indian/Alaskan Native (includes Hispanic),
38,North Dakota,38089,Stark,2016,2020,White (includes Hispanic),
38,North Dakota,38091,Steele,2011,2015,Asian/Pacific Islander (includes Hispanic),
38,North Dakota,38091,Steele,2011,2015,Black (includes Hispanic),
38,North Dakota,38091,Steele,2011,2015,Hispanic (all races),
38,North Dakota,38091,Steele,2011,2015,American Indian/Alaskan Native (includes Hispanic),
38,North Dakota,38091,Steele,2011,2015,White (includes Hispanic),
38,North Dakota,38091,Steele,2012,2016,Asian/Pacific Islander (includes Hispanic),
38,North Dakota,38091,Steele,2012,2016,Black (includes Hispanic),
38,North Dakota,38091,Steele,2012,2016,Hispanic (all races),
38,North Dakota,38091,Steele,2012,2016,American Indian/Alaskan Native (includes Hispanic),
38,North Dakota,38091,Steele,2012,2016,White (includes Hispanic),
38,North Dakota,38091,Steele,2013,2017,Asian/Pacific Islander (includes Hispanic),
38,North Dakota,38091,Steele,2013,2017,Black (includes Hispanic),
38,North Dakota,38091,Steele,2013,2017,Hispanic (all races),
38,North Dakota,38091,Steele,2013,2017,American Indian/Alaskan Native (includes Hispanic),
38,North Dakota,38091,Steele,2013,2017,White (includes Hispanic),
38,North Dakota,38091,Steele,2014,2018,Asian/Pacific Islander (includes Hispanic),
38,North Dakota,38091,Steele,2014,2018,Black (includes Hispanic),
38,North Dakota,38091,Steele,2014,2018,Hispanic (all races),
38,North Dakota,38091,Steele,2014,2018,American Indian/Alaskan Native (includes Hispanic),
38,North Dakota,38091,Steele,2014,2018,White (includes Hispanic),
38,North Dakota,38091,Steele,2015,2019,Asian/Pacific Islander (includes Hispanic),
38,North Dakota,38091,Steele,2015,2019,Black (includes Hispanic),
38,North Dakota,38091,Steele,2015,2019,Hispanic (all races),
38,North Dakota,38091,Steele,2015,2019,American Indian/Alaskan Native (includes Hispanic),
38,North Dakota,38091,Steele,2015,2019,White (includes Hispanic),
38,North Dakota,38091,Steele,2016,2020,Asian/Pacific Islander (includes Hispanic),
38,North Dakota,38091,Steele,2016,2020,Black (includes Hispanic),
38,North Dakota,38091,Steele,2016,2020,Hispanic (all races),
38,North Dakota,38091,Steele,2016,2020,American Indian/Alaskan Native (includes Hispanic),
38,North Dakota,38091,Steele,2016,2020,White (includes Hispanic),
38,North Dakota,38093,Stutsman,2011,2015,Asian/Pacific Islander (includes Hispanic),
38,North Dakota,38093,Stutsman,2011,2015,Black (includes Hispanic),
38,North Dakota,38093,Stutsman,2011,2015,Hispanic (all races),
38,North Dakota,38093,Stutsman,2011,2015,American Indian/Alaskan Native (includes Hispanic),
38,North Dakota,38093,Stutsman,2011,2015,White (includes Hispanic),
38,North Dakota,38093,Stutsman,2012,2016,Asian/Pacific Islander (includes Hispanic),
38,North Dakota,38093,Stutsman,2012,2016,Black (includes Hispanic),
38,North Dakota,38093,Stutsman,2012,2016,Hispanic (all races),
38,North Dakota,38093,Stutsman,2012,2016,American Indian/Alaskan Native (includes Hispanic),
38,North Dakota,38093,Stutsman,2012,2016,White (includes Hispanic),
38,North Dakota,38093,Stutsman,2013,2017,Asian/Pacific Islander (includes Hispanic),
38,North Dakota,38093,Stutsman,2013,2017,Black (includes Hispanic),
38,North Dakota,38093,Stutsman,2013,2017,Hispanic (all races),
38,North Dakota,38093,Stutsman,2013,2017,American Indian/Alaskan Native (includes Hispanic),
38,North Dakota,38093,Stutsman,2013,2017,White (includes Hispanic),
38,North Dakota,38093,Stutsman,2014,2018,Asian/Pacific Islander (includes Hispanic),
38,North Dakota,38093,Stutsman,2014,2018,Black (includes Hispanic),
38,North Dakota,38093,Stutsman,2014,2018,Hispanic (all races),
38,North Dakota,38093,Stutsman,2014,2018,American Indian/Alaskan Native (includes Hispanic),
38,North Dakota,38093,Stutsman,2014,2018,White (includes Hispanic),
38,North Dakota,38093,Stutsman,2015,2019,Asian/Pacific Islander (includes Hispanic),
38,North Dakota,38093,Stutsman,2015,2019,Black (includes Hispanic),
38,North Dakota,38093,Stutsman,2015,2019,Hispanic (all races),
38,North Dakota,38093,Stutsman,2015,2019,American Indian/Alaskan Native (includes Hispanic),
38,North Dakota,38093,Stutsman,2015,2019,White (includes Hispanic),
38,North Dakota,38093,Stutsman,2016,2020,Asian/Pacific Islander (includes Hispanic),
38,North Dakota,38093,Stutsman,2016,2020,Black (includes Hispanic),
38,North Dakota,38093,Stutsman,2016,2020,Hispanic (all races),
38,North Dakota,38093,Stutsman,2016,2020,American Indian/Alaskan Native (includes Hispanic),
38,North Dakota,38093,Stutsman,2016,2020,White (includes Hispanic),
38,North Dakota,38095,Towner,2011,2015,Asian/Pacific Islander (includes Hispanic),
38,North Dakota,38095,Towner,2011,2015,Black (includes Hispanic),
38,North Dakota,38095,Towner,2011,2015,Hispanic (all races),
38,North Dakota,38095,Towner,2011,2015,American Indian/Alaskan Native (includes Hispanic),
38,North Dakota,38095,Towner,2011,2015,White (includes Hispanic),
38,North Dakota,38095,Towner,2012,2016,Asian/Pacific Islander (includes Hispanic),
38,North Dakota,38095,Towner,2012,2016,Black (includes Hispanic),
38,North Dakota,38095,Towner,2012,2016,Hispanic (all races),
38,North Dakota,38095,Towner,2012,2016,American Indian/Alaskan Native (includes Hispanic),
38,North Dakota,38095,Towner,2012,2016,White (includes Hispanic),
38,North Dakota,38095,Towner,2013,2017,Asian/Pacific Islander (includes Hispanic),
38,North Dakota,38095,Towner,2013,2017,Black (includes Hispanic),
38,North Dakota,38095,Towner,2013,2017,Hispanic (all races),
38,North Dakota,38095,Towner,2013,2017,American Indian/Alaskan Native (includes Hispanic),
38,North Dakota,38095,Towner,2013,2017,White (includes Hispanic),
38,North Dakota,38095,Towner,2014,2018,Asian/Pacific Islander (includes Hispanic),
38,North Dakota,38095,Towner,2014,2018,Black (includes Hispanic),
38,North Dakota,38095,Towner,2014,2018,Hispanic (all races),
38,North Dakota,38095,Towner,2014,2018,American Indian/Alaskan Native (includes Hispanic),
38,North Dakota,38095,Towner,2014,2018,White (includes Hispanic),
38,North Dakota,38095,Towner,2015,2019,Asian/Pacific Islander (includes Hispanic),
38,North Dakota,38095,Towner,2015,2019,Black (includes Hispanic),
38,North Dakota,38095,Towner,2015,2019,Hispanic (all races),
38,North Dakota,38095,Towner,2015,2019,American Indian/Alaskan Native (includes Hispanic),
38,North Dakota,38095,Towner,2015,2019,White (includes Hispanic),
38,North Dakota,38095,Towner,2016,2020,Asian/Pacific Islander (includes Hispanic),
38,North Dakota,38095,Towner,2016,2020,Black (includes Hispanic),
38,North Dakota,38095,Towner,2016,2020,Hispanic (all races),
38,North Dakota,38095,Towner,2016,2020,American Indian/Alaskan Native (includes Hispanic),
38,North Dakota,38095,Towner,2016,2020,White (includes Hispanic),
38,North Dakota,38097,Traill,2011,2015,Asian/Pacific Islander (includes Hispanic),
38,North Dakota,38097,Traill,2011,2015,Black (includes Hispanic),
38,North Dakota,38097,Traill,2011,2015,Hispanic (all races),
38,North Dakota,38097,Traill,2011,2015,American Indian/Alaskan Native (includes Hispanic),
38,North Dakota,38097,Traill,2011,2015,White (includes Hispanic),
38,North Dakota,38097,Traill,2012,2016,Asian/Pacific Islander (includes Hispanic),
38,North Dakota,38097,Traill,2012,2016,Black (includes Hispanic),
38,North Dakota,38097,Traill,2012,2016,Hispanic (all races),
38,North Dakota,38097,Traill,2012,2016,American Indian/Alaskan Native (includes Hispanic),
38,North Dakota,38097,Traill,2012,2016,White (includes Hispanic),
38,North Dakota,38097,Traill,2013,2017,Asian/Pacific Islander (includes Hispanic),
38,North Dakota,38097,Traill,2013,2017,Black (includes Hispanic),
38,North Dakota,38097,Traill,2013,2017,Hispanic (all races),
38,North Dakota,38097,Traill,2013,2017,American Indian/Alaskan Native (includes Hispanic),
38,North Dakota,38097,Traill,2013,2017,White (includes Hispanic),
38,North Dakota,38097,Traill,2014,2018,Asian/Pacific Islander (includes Hispanic),
38,North Dakota,38097,Traill,2014,2018,Black (includes Hispanic),
38,North Dakota,38097,Traill,2014,2018,Hispanic (all races),
38,North Dakota,38097,Traill,2014,2018,American Indian/Alaskan Native (includes Hispanic),
38,North Dakota,38097,Traill,2014,2018,White (includes Hispanic),
38,North Dakota,38097,Traill,2015,2019,Asian/Pacific Islander (includes Hispanic),
38,North Dakota,38097,Traill,2015,2019,Black (includes Hispanic),
38,North Dakota,38097,Traill,2015,2019,Hispanic (all races),
38,North Dakota,38097,Traill,2015,2019,American Indian/Alaskan Native (includes Hispanic),
38,North Dakota,38097,Traill,2015,2019,White (includes Hispanic),
38,North Dakota,38097,Traill,2016,2020,Asian/Pacific Islander (includes Hispanic),
38,North Dakota,38097,Traill,2016,2020,Black (includes Hispanic),
38,North Dakota,38097,Traill,2016,2020,Hispanic (all races),
38,North Dakota,38097,Traill,2016,2020,American Indian/Alaskan Native (includes Hispanic),
38,North Dakota,38097,Traill,2016,2020,White (includes Hispanic),
38,North Dakota,38099,Walsh,2011,2015,Asian/Pacific Islander (includes Hispanic),
38,North Dakota,38099,Walsh,2011,2015,Black (includes Hispanic),
38,North Dakota,38099,Walsh,2011,2015,Hispanic (all races),
38,North Dakota,38099,Walsh,2011,2015,American Indian/Alaskan Native (includes Hispanic),
38,North Dakota,38099,Walsh,2011,2015,White (includes Hispanic),
38,North Dakota,38099,Walsh,2012,2016,Asian/Pacific Islander (includes Hispanic),
38,North Dakota,38099,Walsh,2012,2016,Black (includes Hispanic),
38,North Dakota,38099,Walsh,2012,2016,Hispanic (all races),
38,North Dakota,38099,Walsh,2012,2016,American Indian/Alaskan Native (includes Hispanic),
38,North Dakota,38099,Walsh,2012,2016,White (includes Hispanic),
38,North Dakota,38099,Walsh,2013,2017,Asian/Pacific Islander (includes Hispanic),
38,North Dakota,38099,Walsh,2013,2017,Black (includes Hispanic),
38,North Dakota,38099,Walsh,2013,2017,Hispanic (all races),
38,North Dakota,38099,Walsh,2013,2017,American Indian/Alaskan Native (includes Hispanic),
38,North Dakota,38099,Walsh,2013,2017,White (includes Hispanic),
38,North Dakota,38099,Walsh,2014,2018,Asian/Pacific Islander (includes Hispanic),
38,North Dakota,38099,Walsh,2014,2018,Black (includes Hispanic),
38,North Dakota,38099,Walsh,2014,2018,Hispanic (all races),
38,North Dakota,38099,Walsh,2014,2018,American Indian/Alaskan Native (includes Hispanic),
38,North Dakota,38099,Walsh,2014,2018,White (includes Hispanic),
38,North Dakota,38099,Walsh,2015,2019,Asian/Pacific Islander (includes Hispanic),
38,North Dakota,38099,Walsh,2015,2019,Black (includes Hispanic),
38,North Dakota,38099,Walsh,2015,2019,Hispanic (all races),
38,North Dakota,38099,Walsh,2015,2019,American Indian/Alaskan Native (includes Hispanic),
38,North Dakota,38099,Walsh,2015,2019,White (includes Hispanic),
38,North Dakota,38099,Walsh,2016,2020,Asian/Pacific Islander (includes Hispanic),
38,North Dakota,38099,Walsh,2016,2020,Black (includes Hispanic),
38,North Dakota,38099,Walsh,2016,2020,Hispanic (all races),
38,North Dakota,38099,Walsh,2016,2020,American Indian/Alaskan Native (includes Hispanic),
38,North Dakota,38099,Walsh,2016,2020,White (includes Hispanic),
38,North Dakota,38101,Ward,2011,2015,Asian/Pacific Islander (includes Hispanic),
38,North Dakota,38101,Ward,2011,2015,Black (includes Hispanic),
38,North Dakota,38101,Ward,2011,2015,Hispanic (all races),
38,North Dakota,38101,Ward,2011,2015,American Indian/Alaskan Native (includes Hispanic),
38,North Dakota,38101,Ward,2011,2015,White (includes Hispanic),
38,North Dakota,38101,Ward,2012,2016,Asian/Pacific Islander (includes Hispanic),
38,North Dakota,38101,Ward,2012,2016,Black (includes Hispanic),
38,North Dakota,38101,Ward,2012,2016,Hispanic (all races),
38,North Dakota,38101,Ward,2012,2016,American Indian/Alaskan Native (includes Hispanic),
38,North Dakota,38101,Ward,2012,2016,White (includes Hispanic),
38,North Dakota,38101,Ward,2013,2017,Asian/Pacific Islander (includes Hispanic),
38,North Dakota,38101,Ward,2013,2017,Black (includes Hispanic),
38,North Dakota,38101,Ward,2013,2017,Hispanic (all races),
38,North Dakota,38101,Ward,2013,2017,American Indian/Alaskan Native (includes Hispanic),
38,North Dakota,38101,Ward,2013,2017,White (includes Hispanic),
38,North Dakota,38101,Ward,2014,2018,Asian/Pacific Islander (includes Hispanic),
38,North Dakota,38101,Ward,2014,2018,Black (includes Hispanic),
38,North Dakota,38101,Ward,2014,2018,Hispanic (all races),
38,North Dakota,38101,Ward,2014,2018,American Indian/Alaskan Native (includes Hispanic),
38,North Dakota,38101,Ward,2014,2018,White (includes Hispanic),
38,North Dakota,38101,Ward,2015,2019,Asian/Pacific Islander (includes Hispanic),
38,North Dakota,38101,Ward,2015,2019,Black (includes Hispanic),
38,North Dakota,38101,Ward,2015,2019,Hispanic (all races),
38,North Dakota,38101,Ward,2015,2019,American Indian/Alaskan Native (includes Hispanic),
38,North Dakota,38101,Ward,2015,2019,White (includes Hispanic),
38,North Dakota,38101,Ward,2016,2020,Asian/Pacific Islander (includes Hispanic),
38,North Dakota,38101,Ward,2016,2020,Black (includes Hispanic),
38,North Dakota,38101,Ward,2016,2020,Hispanic (all races),
38,North Dakota,38101,Ward,2016,2020,American Indian/Alaskan Native (includes Hispanic),
38,North Dakota,38101,Ward,2016,2020,White (includes Hispanic),
38,North Dakota,38103,Wells,2011,2015,Asian/Pacific Islander (includes Hispanic),
38,North Dakota,38103,Wells,2011,2015,Black (includes Hispanic),
38,North Dakota,38103,Wells,2011,2015,Hispanic (all races),
38,North Dakota,38103,Wells,2011,2015,American Indian/Alaskan Native (includes Hispanic),
38,North Dakota,38103,Wells,2011,2015,White (includes Hispanic),
38,North Dakota,38103,Wells,2012,2016,Asian/Pacific Islander (includes Hispanic),
38,North Dakota,38103,Wells,2012,2016,Black (includes Hispanic),
38,North Dakota,38103,Wells,2012,2016,Hispanic (all races),
38,North Dakota,38103,Wells,2012,2016,American Indian/Alaskan Native (includes Hispanic),
38,North Dakota,38103,Wells,2012,2016,White (includes Hispanic),
38,North Dakota,38103,Wells,2013,2017,Asian/Pacific Islander (includes Hispanic),
38,North Dakota,38103,Wells,2013,2017,Black (includes Hispanic),
38,North Dakota,38103,Wells,2013,2017,Hispanic (all races),
38,North Dakota,38103,Wells,2013,2017,American Indian/Alaskan Native (includes Hispanic),
38,North Dakota,38103,Wells,2013,2017,White (includes Hispanic),
38,North Dakota,38103,Wells,2014,2018,Asian/Pacific Islander (includes Hispanic),
38,North Dakota,38103,Wells,2014,2018,Black (includes Hispanic),
38,North Dakota,38103,Wells,2014,2018,Hispanic (all races),
38,North Dakota,38103,Wells,2014,2018,American Indian/Alaskan Native (includes Hispanic),
38,North Dakota,38103,Wells,2014,2018,White (includes Hispanic),
38,North Dakota,38103,Wells,2015,2019,Asian/Pacific Islander (includes Hispanic),
38,North Dakota,38103,Wells,2015,2019,Black (includes Hispanic),
38,North Dakota,38103,Wells,2015,2019,Hispanic (all races),
38,North Dakota,38103,Wells,2015,2019,American Indian/Alaskan Native (includes Hispanic),
38,North Dakota,38103,Wells,2015,2019,White (includes Hispanic),
38,North Dakota,38103,Wells,2016,2020,Asian/Pacific Islander (includes Hispanic),
38,North Dakota,38103,Wells,2016,2020,Black (includes Hispanic),
38,North Dakota,38103,Wells,2016,2020,Hispanic (all races),
38,North Dakota,38103,Wells,2016,2020,American Indian/Alaskan Native (includes Hispanic),
38,North Dakota,38103,Wells,2016,2020,White (includes Hispanic),
38,North Dakota,38105,Williams,2011,2015,Asian/Pacific Islander (includes Hispanic),
38,North Dakota,38105,Williams,2011,2015,Black (includes Hispanic),
38,North Dakota,38105,Williams,2011,2015,Hispanic (all races),
38,North Dakota,38105,Williams,2011,2015,American Indian/Alaskan Native (includes Hispanic),
38,North Dakota,38105,Williams,2011,2015,White (includes Hispanic),
38,North Dakota,38105,Williams,2012,2016,Asian/Pacific Islander (includes Hispanic),
38,North Dakota,38105,Williams,2012,2016,Black (includes Hispanic),
38,North Dakota,38105,Williams,2012,2016,Hispanic (all races),
38,North Dakota,38105,Williams,2012,2016,American Indian/Alaskan Native (includes Hispanic),
38,North Dakota,38105,Williams,2012,2016,White (includes Hispanic),
38,North Dakota,38105,Williams,2013,2017,Asian/Pacific Islander (includes Hispanic),
38,North Dakota,38105,Williams,2013,2017,Black (includes Hispanic),
38,North Dakota,38105,Williams,2013,2017,Hispanic (all races),
38,North Dakota,38105,Williams,2013,2017,American Indian/Alaskan Native (includes Hispanic),
38,North Dakota,38105,Williams,2013,2017,White (includes Hispanic),
38,North Dakota,38105,Williams,2014,2018,Asian/Pacific Islander (includes Hispanic),
38,North Dakota,38105,Williams,2014,2018,Black (includes Hispanic),
38,North Dakota,38105,Williams,2014,2018,Hispanic (all races),
38,North Dakota,38105,Williams,2014,2018,American Indian/Alaskan Native (includes Hispanic),
38,North Dakota,38105,Williams,2014,2018,White (includes Hispanic),
38,North Dakota,38105,Williams,2015,2019,Asian/Pacific Islander (includes Hispanic),
38,North Dakota,38105,Williams,2015,2019,Black (includes Hispanic),
38,North Dakota,38105,Williams,2015,2019,Hispanic (all races),
38,North Dakota,38105,Williams,2015,2019,American Indian/Alaskan Native (includes Hispanic),
38,North Dakota,38105,Williams,2015,2019,White (includes Hispanic),
38,North Dakota,38105,Williams,2016,2020,Asian/Pacific Islander (includes Hispanic),
38,North Dakota,38105,Williams,2016,2020,Black (includes Hispanic),
38,North Dakota,38105,Williams,2016,2020,Hispanic (all races),
38,North Dakota,38105,Williams,2016,2020,American Indian/Alaskan Native (includes Hispanic),
38,North Dakota,38105,Williams,2016,2020,White (includes Hispanic),
39,Ohio,39001,Adams,2011,2015,Asian/Pacific Islander (includes Hispanic),
39,Ohio,39001,Adams,2011,2015,Black (includes Hispanic),
39,Ohio,39001,Adams,2011,2015,Hispanic (all races),
39,Ohio,39001,Adams,2011,2015,American Indian/Alaskan Native (includes Hispanic),
39,Ohio,39001,Adams,2011,2015,White (includes Hispanic),14.3
39,Ohio,39001,Adams,2012,2016,Asian/Pacific Islander (includes Hispanic),
39,Ohio,39001,Adams,2012,2016,Black (includes Hispanic),
39,Ohio,39001,Adams,2012,2016,Hispanic (all races),
39,Ohio,39001,Adams,2012,2016,American Indian/Alaskan Native (includes Hispanic),
39,Ohio,39001,Adams,2012,2016,White (includes Hispanic),13.2
39,Ohio,39001,Adams,2013,2017,Asian/Pacific Islander (includes Hispanic),
39,Ohio,39001,Adams,2013,2017,Black (includes Hispanic),
39,Ohio,39001,Adams,2013,2017,Hispanic (all races),
39,Ohio,39001,Adams,2013,2017,American Indian/Alaskan Native (includes Hispanic),
39,Ohio,39001,Adams,2013,2017,White (includes Hispanic),14.0
39,Ohio,39001,Adams,2014,2018,Asian/Pacific Islander (includes Hispanic),
39,Ohio,39001,Adams,2014,2018,Black (includes Hispanic),
39,Ohio,39001,Adams,2014,2018,Hispanic (all races),
39,Ohio,39001,Adams,2014,2018,American Indian/Alaskan Native (includes Hispanic),
39,Ohio,39001,Adams,2014,2018,White (includes Hispanic),14.2
39,Ohio,39001,Adams,2015,2019,Asian/Pacific Islander (includes Hispanic),
39,Ohio,39001,Adams,2015,2019,Black (includes Hispanic),
39,Ohio,39001,Adams,2015,2019,Hispanic (all races),
39,Ohio,39001,Adams,2015,2019,American Indian/Alaskan Native (includes Hispanic),
39,Ohio,39001,Adams,2015,2019,White (includes Hispanic),12.6
39,Ohio,39001,Adams,2016,2020,Asian/Pacific Islander (includes Hispanic),
39,Ohio,39001,Adams,2016,2020,Black (includes Hispanic),
39,Ohio,39001,Adams,2016,2020,Hispanic (all races),
39,Ohio,39001,Adams,2016,2020,American Indian/Alaskan Native (includes Hispanic),
39,Ohio,39001,Adams,2016,2020,White (includes Hispanic),10.4
39,Ohio,39003,Allen,2011,2015,Asian/Pacific Islander (includes Hispanic),
39,Ohio,39003,Allen,2011,2015,Black (includes Hispanic),
39,Ohio,39003,Allen,2011,2015,Hispanic (all races),
39,Ohio,39003,Allen,2011,2015,American Indian/Alaskan Native (includes Hispanic),
39,Ohio,39003,Allen,2011,2015,White (includes Hispanic),8.5
39,Ohio,39003,Allen,2012,2016,Asian/Pacific Islander (includes Hispanic),
39,Ohio,39003,Allen,2012,2016,Black (includes Hispanic),
39,Ohio,39003,Allen,2012,2016,Hispanic (all races),
39,Ohio,39003,Allen,2012,2016,American Indian/Alaskan Native (includes Hispanic),
39,Ohio,39003,Allen,2012,2016,White (includes Hispanic),8.3
39,Ohio,39003,Allen,2013,2017,Asian/Pacific Islander (includes Hispanic),
39,Ohio,39003,Allen,2013,2017,Black (includes Hispanic),
39,Ohio,39003,Allen,2013,2017,Hispanic (all races),
39,Ohio,39003,Allen,2013,2017,American Indian/Alaskan Native (includes Hispanic),
39,Ohio,39003,Allen,2013,2017,White (includes Hispanic),7.8
39,Ohio,39003,Allen,2014,2018,Asian/Pacific Islander (includes Hispanic),
39,Ohio,39003,Allen,2014,2018,Black (includes Hispanic),
39,Ohio,39003,Allen,2014,2018,Hispanic (all races),
39,Ohio,39003,Allen,2014,2018,American Indian/Alaskan Native (includes Hispanic),
39,Ohio,39003,Allen,2014,2018,White (includes Hispanic),7.8
39,Ohio,39003,Allen,2015,2019,Asian/Pacific Islander (includes Hispanic),
39,Ohio,39003,Allen,2015,2019,Black (includes Hispanic),
39,Ohio,39003,Allen,2015,2019,Hispanic (all races),
39,Ohio,39003,Allen,2015,2019,American Indian/Alaskan Native (includes Hispanic),
39,Ohio,39003,Allen,2015,2019,White (includes Hispanic),7.1
39,Ohio,39003,Allen,2016,2020,Asian/Pacific Islander (includes Hispanic),
39,Ohio,39003,Allen,2016,2020,Black (includes Hispanic),
39,Ohio,39003,Allen,2016,2020,Hispanic (all races),
39,Ohio,39003,Allen,2016,2020,American Indian/Alaskan Native (includes Hispanic),
39,Ohio,39003,Allen,2016,2020,White (includes Hispanic),6.9
39,Ohio,39005,Ashland,2011,2015,Asian/Pacific Islander (includes Hispanic),
39,Ohio,39005,Ashland,2011,2015,Black (includes Hispanic),
39,Ohio,39005,Ashland,2011,2015,Hispanic (all races),
39,Ohio,39005,Ashland,2011,2015,American Indian/Alaskan Native (includes Hispanic),
39,Ohio,39005,Ashland,2011,2015,White (includes Hispanic),7.1
39,Ohio,39005,Ashland,2012,2016,Asian/Pacific Islander (includes Hispanic),
39,Ohio,39005,Ashland,2012,2016,Black (includes Hispanic),
39,Ohio,39005,Ashland,2012,2016,Hispanic (all races),
39,Ohio,39005,Ashland,2012,2016,American Indian/Alaskan Native (includes Hispanic),
39,Ohio,39005,Ashland,2012,2016,White (includes Hispanic),7.3
39,Ohio,39005,Ashland,2013,2017,Asian/Pacific Islander (includes Hispanic),
39,Ohio,39005,Ashland,2013,2017,Black (includes Hispanic),
39,Ohio,39005,Ashland,2013,2017,Hispanic (all races),
39,Ohio,39005,Ashland,2013,2017,American Indian/Alaskan Native (includes Hispanic),
39,Ohio,39005,Ashland,2013,2017,White (includes Hispanic),7.5
39,Ohio,39005,Ashland,2014,2018,Asian/Pacific Islander (includes Hispanic),
39,Ohio,39005,Ashland,2014,2018,Black (includes Hispanic),
39,Ohio,39005,Ashland,2014,2018,Hispanic (all races),
39,Ohio,39005,Ashland,2014,2018,American Indian/Alaskan Native (includes Hispanic),
39,Ohio,39005,Ashland,2014,2018,White (includes Hispanic),7.2
39,Ohio,39005,Ashland,2015,2019,Asian/Pacific Islander (includes Hispanic),
39,Ohio,39005,Ashland,2015,2019,Black (includes Hispanic),
39,Ohio,39005,Ashland,2015,2019,Hispanic (all races),
39,Ohio,39005,Ashland,2015,2019,American Indian/Alaskan Native (includes Hispanic),
39,Ohio,39005,Ashland,2015,2019,White (includes Hispanic),7.0
39,Ohio,39005,Ashland,2016,2020,Asian/Pacific Islander (includes Hispanic),
39,Ohio,39005,Ashland,2016,2020,Black (includes Hispanic),
39,Ohio,39005,Ashland,2016,2020,Hispanic (all races),
39,Ohio,39005,Ashland,2016,2020,American Indian/Alaskan Native (includes Hispanic),
39,Ohio,39005,Ashland,2016,2020,White (includes Hispanic),6.5
39,Ohio,39007,Ashtabula,2011,2015,Asian/Pacific Islander (includes Hispanic),
39,Ohio,39007,Ashtabula,2011,2015,Black (includes Hispanic),
39,Ohio,39007,Ashtabula,2011,2015,Hispanic (all races),
39,Ohio,39007,Ashtabula,2011,2015,American Indian/Alaskan Native (includes Hispanic),
39,Ohio,39007,Ashtabula,2011,2015,White (includes Hispanic),6.6
39,Ohio,39007,Ashtabula,2012,2016,Asian/Pacific Islander (includes Hispanic),
39,Ohio,39007,Ashtabula,2012,2016,Black (includes Hispanic),
39,Ohio,39007,Ashtabula,2012,2016,Hispanic (all races),
39,Ohio,39007,Ashtabula,2012,2016,American Indian/Alaskan Native (includes Hispanic),
39,Ohio,39007,Ashtabula,2012,2016,White (includes Hispanic),6.7
39,Ohio,39007,Ashtabula,2013,2017,Asian/Pacific Islander (includes Hispanic),
39,Ohio,39007,Ashtabula,2013,2017,Black (includes Hispanic),
39,Ohio,39007,Ashtabula,2013,2017,Hispanic (all races),
39,Ohio,39007,Ashtabula,2013,2017,American Indian/Alaskan Native (includes Hispanic),
39,Ohio,39007,Ashtabula,2013,2017,White (includes Hispanic),7.5
39,Ohio,39007,Ashtabula,2014,2018,Asian/Pacific Islander (includes Hispanic),
39,Ohio,39007,Ashtabula,2014,2018,Black (includes Hispanic),
39,Ohio,39007,Ashtabula,2014,2018,Hispanic (all races),
39,Ohio,39007,Ashtabula,2014,2018,American Indian/Alaskan Native (includes Hispanic),
39,Ohio,39007,Ashtabula,2014,2018,White (includes Hispanic),8.3
39,Ohio,39007,Ashtabula,2015,2019,Asian/Pacific Islander (includes Hispanic),
39,Ohio,39007,Ashtabula,2015,2019,Black (includes Hispanic),
39,Ohio,39007,Ashtabula,2015,2019,Hispanic (all races),
39,Ohio,39007,Ashtabula,2015,2019,American Indian/Alaskan Native (includes Hispanic),
39,Ohio,39007,Ashtabula,2015,2019,White (includes Hispanic),8.9
39,Ohio,39007,Ashtabula,2016,2020,Asian/Pacific Islander (includes Hispanic),
39,Ohio,39007,Ashtabula,2016,2020,Black (includes Hispanic),
39,Ohio,39007,Ashtabula,2016,2020,Hispanic (all races),
39,Ohio,39007,Ashtabula,2016,2020,American Indian/Alaskan Native (includes Hispanic),
39,Ohio,39007,Ashtabula,2016,2020,White (includes Hispanic),8.4
39,Ohio,39009,Athens,2011,2015,Asian/Pacific Islander (includes Hispanic),
39,Ohio,39009,Athens,2011,2015,Black (includes Hispanic),
39,Ohio,39009,Athens,2011,2015,Hispanic (all races),
39,Ohio,39009,Athens,2011,2015,American Indian/Alaskan Native (includes Hispanic),
39,Ohio,39009,Athens,2011,2015,White (includes Hispanic),9.0
39,Ohio,39009,Athens,2012,2016,Asian/Pacific Islander (includes Hispanic),
39,Ohio,39009,Athens,2012,2016,Black (includes Hispanic),
39,Ohio,39009,Athens,2012,2016,Hispanic (all races),
39,Ohio,39009,Athens,2012,2016,American Indian/Alaskan Native (includes Hispanic),
39,Ohio,39009,Athens,2012,2016,White (includes Hispanic),10.0
39,Ohio,39009,Athens,2013,2017,Asian/Pacific Islander (includes Hispanic),
39,Ohio,39009,Athens,2013,2017,Black (includes Hispanic),
39,Ohio,39009,Athens,2013,2017,Hispanic (all races),
39,Ohio,39009,Athens,2013,2017,American Indian/Alaskan Native (includes Hispanic),
39,Ohio,39009,Athens,2013,2017,White (includes Hispanic),10.0
39,Ohio,39009,Athens,2014,2018,Asian/Pacific Islander (includes Hispanic),
39,Ohio,39009,Athens,2014,2018,Black (includes Hispanic),
39,Ohio,39009,Athens,2014,2018,Hispanic (all races),
39,Ohio,39009,Athens,2014,2018,American Indian/Alaskan Native (includes Hispanic),
39,Ohio,39009,Athens,2014,2018,White (includes Hispanic),10.5
39,Ohio,39009,Athens,2015,2019,Asian/Pacific Islander (includes Hispanic),
39,Ohio,39009,Athens,2015,2019,Black (includes Hispanic),
39,Ohio,39009,Athens,2015,2019,Hispanic (all races),
39,Ohio,39009,Athens,2015,2019,American Indian/Alaskan Native (includes Hispanic),
39,Ohio,39009,Athens,2015,2019,White (includes Hispanic),9.2
39,Ohio,39009,Athens,2016,2020,Asian/Pacific Islander (includes Hispanic),
39,Ohio,39009,Athens,2016,2020,Black (includes Hispanic),
39,Ohio,39009,Athens,2016,2020,Hispanic (all races),
39,Ohio,39009,Athens,2016,2020,American Indian/Alaskan Native (includes Hispanic),
39,Ohio,39009,Athens,2016,2020,White (includes Hispanic),9.2
39,Ohio,39011,Auglaize,2011,2015,Asian/Pacific Islander (includes Hispanic),
39,Ohio,39011,Auglaize,2011,2015,Black (includes Hispanic),
39,Ohio,39011,Auglaize,2011,2015,Hispanic (all races),
39,Ohio,39011,Auglaize,2011,2015,American Indian/Alaskan Native (includes Hispanic),
39,Ohio,39011,Auglaize,2011,2015,White (includes Hispanic),8.0
39,Ohio,39011,Auglaize,2012,2016,Asian/Pacific Islander (includes Hispanic),
39,Ohio,39011,Auglaize,2012,2016,Black (includes Hispanic),
39,Ohio,39011,Auglaize,2012,2016,Hispanic (all races),
39,Ohio,39011,Auglaize,2012,2016,American Indian/Alaskan Native (includes Hispanic),
39,Ohio,39011,Auglaize,2012,2016,White (includes Hispanic),8.8
39,Ohio,39011,Auglaize,2013,2017,Asian/Pacific Islander (includes Hispanic),
39,Ohio,39011,Auglaize,2013,2017,Black (includes Hispanic),
39,Ohio,39011,Auglaize,2013,2017,Hispanic (all races),
39,Ohio,39011,Auglaize,2013,2017,American Indian/Alaskan Native (includes Hispanic),
39,Ohio,39011,Auglaize,2013,2017,White (includes Hispanic),9.1
39,Ohio,39011,Auglaize,2014,2018,Asian/Pacific Islander (includes Hispanic),
39,Ohio,39011,Auglaize,2014,2018,Black (includes Hispanic),
39,Ohio,39011,Auglaize,2014,2018,Hispanic (all races),
39,Ohio,39011,Auglaize,2014,2018,American Indian/Alaskan Native (includes Hispanic),
39,Ohio,39011,Auglaize,2014,2018,White (includes Hispanic),9.1
39,Ohio,39011,Auglaize,2015,2019,Asian/Pacific Islander (includes Hispanic),
39,Ohio,39011,Auglaize,2015,2019,Black (includes Hispanic),
39,Ohio,39011,Auglaize,2015,2019,Hispanic (all races),
39,Ohio,39011,Auglaize,2015,2019,American Indian/Alaskan Native (includes Hispanic),
39,Ohio,39011,Auglaize,2015,2019,White (includes Hispanic),9.4
39,Ohio,39011,Auglaize,2016,2020,Asian/Pacific Islander (includes Hispanic),
39,Ohio,39011,Auglaize,2016,2020,Black (includes Hispanic),
39,Ohio,39011,Auglaize,2016,2020,Hispanic (all races),
39,Ohio,39011,Auglaize,2016,2020,American Indian/Alaskan Native (includes Hispanic),
39,Ohio,39011,Auglaize,2016,2020,White (includes Hispanic),9.0
39,Ohio,39013,Belmont,2011,2015,Asian/Pacific Islander (includes Hispanic),
39,Ohio,39013,Belmont,2011,2015,Black (includes Hispanic),
39,Ohio,39013,Belmont,2011,2015,Hispanic (all races),
39,Ohio,39013,Belmont,2011,2015,American Indian/Alaskan Native (includes Hispanic),
39,Ohio,39013,Belmont,2011,2015,White (includes Hispanic),8.3
39,Ohio,39013,Belmont,2012,2016,Asian/Pacific Islander (includes Hispanic),
39,Ohio,39013,Belmont,2012,2016,Black (includes Hispanic),
39,Ohio,39013,Belmont,2012,2016,Hispanic (all races),
39,Ohio,39013,Belmont,2012,2016,American Indian/Alaskan Native (includes Hispanic),
39,Ohio,39013,Belmont,2012,2016,White (includes Hispanic),9.7
39,Ohio,39013,Belmont,2013,2017,Asian/Pacific Islander (includes Hispanic),
39,Ohio,39013,Belmont,2013,2017,Black (includes Hispanic),
39,Ohio,39013,Belmont,2013,2017,Hispanic (all races),
39,Ohio,39013,Belmont,2013,2017,American Indian/Alaskan Native (includes Hispanic),
39,Ohio,39013,Belmont,2013,2017,White (includes Hispanic),10.3
39,Ohio,39013,Belmont,2014,2018,Asian/Pacific Islander (includes Hispanic),
39,Ohio,39013,Belmont,2014,2018,Black (includes Hispanic),
39,Ohio,39013,Belmont,2014,2018,Hispanic (all races),
39,Ohio,39013,Belmont,2014,2018,American Indian/Alaskan Native (includes Hispanic),
39,Ohio,39013,Belmont,2014,2018,White (includes Hispanic),9.5
39,Ohio,39013,Belmont,2015,2019,Asian/Pacific Islander (includes Hispanic),
39,Ohio,39013,Belmont,2015,2019,Black (includes Hispanic),
39,Ohio,39013,Belmont,2015,2019,Hispanic (all races),
39,Ohio,39013,Belmont,2015,2019,American Indian/Alaskan Native (includes Hispanic),
39,Ohio,39013,Belmont,2015,2019,White (includes Hispanic),10.1
39,Ohio,39013,Belmont,2016,2020,Asian/Pacific Islander (includes Hispanic),
39,Ohio,39013,Belmont,2016,2020,Black (includes Hispanic),
39,Ohio,39013,Belmont,2016,2020,Hispanic (all races),
39,Ohio,39013,Belmont,2016,2020,American Indian/Alaskan Native (includes Hispanic),
39,Ohio,39013,Belmont,2016,2020,White (includes Hispanic),9.2
39,Ohio,39015,Brown,2011,2015,Asian/Pacific Islander (includes Hispanic),
39,Ohio,39015,Brown,2011,2015,Black (includes Hispanic),
39,Ohio,39015,Brown,2011,2015,Hispanic (all races),
39,Ohio,39015,Brown,2011,2015,American Indian/Alaskan Native (includes Hispanic),
39,Ohio,39015,Brown,2011,2015,White (includes Hispanic),12.5
39,Ohio,39015,Brown,2012,2016,Asian/Pacific Islander (includes Hispanic),
39,Ohio,39015,Brown,2012,2016,Black (includes Hispanic),
39,Ohio,39015,Brown,2012,2016,Hispanic (all races),
39,Ohio,39015,Brown,2012,2016,American Indian/Alaskan Native (includes Hispanic),
39,Ohio,39015,Brown,2012,2016,White (includes Hispanic),11.6
39,Ohio,39015,Brown,2013,2017,Asian/Pacific Islander (includes Hispanic),
39,Ohio,39015,Brown,2013,2017,Black (includes Hispanic),
39,Ohio,39015,Brown,2013,2017,Hispanic (all races),
39,Ohio,39015,Brown,2013,2017,American Indian/Alaskan Native (includes Hispanic),
39,Ohio,39015,Brown,2013,2017,White (includes Hispanic),11.8
39,Ohio,39015,Brown,2014,2018,Asian/Pacific Islander (includes Hispanic),
39,Ohio,39015,Brown,2014,2018,Black (includes Hispanic),
39,Ohio,39015,Brown,2014,2018,Hispanic (all races),
39,Ohio,39015,Brown,2014,2018,American Indian/Alaskan Native (includes Hispanic),
39,Ohio,39015,Brown,2014,2018,White (includes Hispanic),12.3
39,Ohio,39015,Brown,2015,2019,Asian/Pacific Islander (includes Hispanic),
39,Ohio,39015,Brown,2015,2019,Black (includes Hispanic),
39,Ohio,39015,Brown,2015,2019,Hispanic (all races),
39,Ohio,39015,Brown,2015,2019,American Indian/Alaskan Native (includes Hispanic),
39,Ohio,39015,Brown,2015,2019,White (includes Hispanic),11.3
39,Ohio,39015,Brown,2016,2020,Asian/Pacific Islander (includes Hispanic),
39,Ohio,39015,Brown,2016,2020,Black (includes Hispanic),
39,Ohio,39015,Brown,2016,2020,Hispanic (all races),
39,Ohio,39015,Brown,2016,2020,American Indian/Alaskan Native (includes Hispanic),
39,Ohio,39015,Brown,2016,2020,White (includes Hispanic),10.2
39,Ohio,39017,Butler,2011,2015,Asian/Pacific Islander (includes Hispanic),
39,Ohio,39017,Butler,2011,2015,Black (includes Hispanic),8.4
39,Ohio,39017,Butler,2011,2015,Hispanic (all races),
39,Ohio,39017,Butler,2011,2015,American Indian/Alaskan Native (includes Hispanic),
39,Ohio,39017,Butler,2011,2015,White (includes Hispanic),7.3
39,Ohio,39017,Butler,2012,2016,Asian/Pacific Islander (includes Hispanic),
39,Ohio,39017,Butler,2012,2016,Black (includes Hispanic),8.6
39,Ohio,39017,Butler,2012,2016,Hispanic (all races),
39,Ohio,39017,Butler,2012,2016,American Indian/Alaskan Native (includes Hispanic),
39,Ohio,39017,Butler,2012,2016,White (includes Hispanic),7.9
39,Ohio,39017,Butler,2013,2017,Asian/Pacific Islander (includes Hispanic),
39,Ohio,39017,Butler,2013,2017,Black (includes Hispanic),9.0
39,Ohio,39017,Butler,2013,2017,Hispanic (all races),
39,Ohio,39017,Butler,2013,2017,American Indian/Alaskan Native (includes Hispanic),
39,Ohio,39017,Butler,2013,2017,White (includes Hispanic),8.3
39,Ohio,39017,Butler,2014,2018,Asian/Pacific Islander (includes Hispanic),
39,Ohio,39017,Butler,2014,2018,Black (includes Hispanic),8.6
39,Ohio,39017,Butler,2014,2018,Hispanic (all races),
39,Ohio,39017,Butler,2014,2018,American Indian/Alaskan Native (includes Hispanic),
39,Ohio,39017,Butler,2014,2018,White (includes Hispanic),8.2
39,Ohio,39017,Butler,2015,2019,Asian/Pacific Islander (includes Hispanic),
39,Ohio,39017,Butler,2015,2019,Black (includes Hispanic),7.8
39,Ohio,39017,Butler,2015,2019,Hispanic (all races),
39,Ohio,39017,Butler,2015,2019,American Indian/Alaskan Native (includes Hispanic),
39,Ohio,39017,Butler,2015,2019,White (includes Hispanic),8.4
39,Ohio,39017,Butler,2016,2020,Asian/Pacific Islander (includes Hispanic),
39,Ohio,39017,Butler,2016,2020,Black (includes Hispanic),8.1
39,Ohio,39017,Butler,2016,2020,Hispanic (all races),
39,Ohio,39017,Butler,2016,2020,American Indian/Alaskan Native (includes Hispanic),
39,Ohio,39017,Butler,2016,2020,White (includes Hispanic),8.5
39,Ohio,39019,Carroll,2011,2015,Asian/Pacific Islander (includes Hispanic),
39,Ohio,39019,Carroll,2011,2015,Black (includes Hispanic),
39,Ohio,39019,Carroll,2011,2015,Hispanic (all races),
39,Ohio,39019,Carroll,2011,2015,American Indian/Alaskan Native (includes Hispanic),
39,Ohio,39019,Carroll,2011,2015,White (includes Hispanic),8.4
39,Ohio,39019,Carroll,2012,2016,Asian/Pacific Islander (includes Hispanic),
39,Ohio,39019,Carroll,2012,2016,Black (includes Hispanic),
39,Ohio,39019,Carroll,2012,2016,Hispanic (all races),
39,Ohio,39019,Carroll,2012,2016,American Indian/Alaskan Native (includes Hispanic),
39,Ohio,39019,Carroll,2012,2016,White (includes Hispanic),9.0
39,Ohio,39019,Carroll,2013,2017,Asian/Pacific Islander (includes Hispanic),
39,Ohio,39019,Carroll,2013,2017,Black (includes Hispanic),
39,Ohio,39019,Carroll,2013,2017,Hispanic (all races),
39,Ohio,39019,Carroll,2013,2017,American Indian/Alaskan Native (includes Hispanic),
39,Ohio,39019,Carroll,2013,2017,White (includes Hispanic),9.1
39,Ohio,39019,Carroll,2014,2018,Asian/Pacific Islander (includes Hispanic),
39,Ohio,39019,Carroll,2014,2018,Black (includes Hispanic),
39,Ohio,39019,Carroll,2014,2018,Hispanic (all races),
39,Ohio,39019,Carroll,2014,2018,American Indian/Alaskan Native (includes Hispanic),
39,Ohio,39019,Carroll,2014,2018,White (includes Hispanic),9.1
39,Ohio,39019,Carroll,2015,2019,Asian/Pacific Islander (includes Hispanic),
39,Ohio,39019,Carroll,2015,2019,Black (includes Hispanic),
39,Ohio,39019,Carroll,2015,2019,Hispanic (all races),
39,Ohio,39019,Carroll,2015,2019,American Indian/Alaskan Native (includes Hispanic),
39,Ohio,39019,Carroll,2015,2019,White (includes Hispanic),8.9
39,Ohio,39019,Carroll,2016,2020,Asian/Pacific Islander (includes Hispanic),
39,Ohio,39019,Carroll,2016,2020,Black (includes Hispanic),
39,Ohio,39019,Carroll,2016,2020,Hispanic (all races),
39,Ohio,39019,Carroll,2016,2020,American Indian/Alaskan Native (includes Hispanic),
39,Ohio,39019,Carroll,2016,2020,White (includes Hispanic),9.1
39,Ohio,39021,Champaign,2011,2015,Asian/Pacific Islander (includes Hispanic),
39,Ohio,39021,Champaign,2011,2015,Black (includes Hispanic),
39,Ohio,39021,Champaign,2011,2015,Hispanic (all races),
39,Ohio,39021,Champaign,2011,2015,American Indian/Alaskan Native (includes Hispanic),
39,Ohio,39021,Champaign,2011,2015,White (includes Hispanic),7.8
39,Ohio,39021,Champaign,2012,2016,Asian/Pacific Islander (includes Hispanic),
39,Ohio,39021,Champaign,2012,2016,Black (includes Hispanic),
39,Ohio,39021,Champaign,2012,2016,Hispanic (all races),
39,Ohio,39021,Champaign,2012,2016,American Indian/Alaskan Native (includes Hispanic),
39,Ohio,39021,Champaign,2012,2016,White (includes Hispanic),8.0
39,Ohio,39021,Champaign,2013,2017,Asian/Pacific Islander (includes Hispanic),
39,Ohio,39021,Champaign,2013,2017,Black (includes Hispanic),
39,Ohio,39021,Champaign,2013,2017,Hispanic (all races),
39,Ohio,39021,Champaign,2013,2017,American Indian/Alaskan Native (includes Hispanic),
39,Ohio,39021,Champaign,2013,2017,White (includes Hispanic),8.5
39,Ohio,39021,Champaign,2014,2018,Asian/Pacific Islander (includes Hispanic),
39,Ohio,39021,Champaign,2014,2018,Black (includes Hispanic),
39,Ohio,39021,Champaign,2014,2018,Hispanic (all races),
39,Ohio,39021,Champaign,2014,2018,American Indian/Alaskan Native (includes Hispanic),
39,Ohio,39021,Champaign,2014,2018,White (includes Hispanic),8.9
39,Ohio,39021,Champaign,2015,2019,Asian/Pacific Islander (includes Hispanic),
39,Ohio,39021,Champaign,2015,2019,Black (includes Hispanic),
39,Ohio,39021,Champaign,2015,2019,Hispanic (all races),
39,Ohio,39021,Champaign,2015,2019,American Indian/Alaskan Native (includes Hispanic),
39,Ohio,39021,Champaign,2015,2019,White (includes Hispanic),10.1
39,Ohio,39021,Champaign,2016,2020,Asian/Pacific Islander (includes Hispanic),
39,Ohio,39021,Champaign,2016,2020,Black (includes Hispanic),
39,Ohio,39021,Champaign,2016,2020,Hispanic (all races),
39,Ohio,39021,Champaign,2016,2020,American Indian/Alaskan Native (includes Hispanic),
39,Ohio,39021,Champaign,2016,2020,White (includes Hispanic),9.8
39,Ohio,39023,Clark,2011,2015,Asian/Pacific Islander (includes Hispanic),
39,Ohio,39023,Clark,2011,2015,Black (includes Hispanic),6.7
39,Ohio,39023,Clark,2011,2015,Hispanic (all races),
39,Ohio,39023,Clark,2011,2015,American Indian/Alaskan Native (includes Hispanic),
39,Ohio,39023,Clark,2011,2015,White (includes Hispanic),7.3
39,Ohio,39023,Clark,2012,2016,Asian/Pacific Islander (includes Hispanic),
39,Ohio,39023,Clark,2012,2016,Black (includes Hispanic),8.8
39,Ohio,39023,Clark,2012,2016,Hispanic (all races),
39,Ohio,39023,Clark,2012,2016,American Indian/Alaskan Native (includes Hispanic),
39,Ohio,39023,Clark,2012,2016,White (includes Hispanic),7.2
39,Ohio,39023,Clark,2013,2017,Asian/Pacific Islander (includes Hispanic),
39,Ohio,39023,Clark,2013,2017,Black (includes Hispanic),10.3
39,Ohio,39023,Clark,2013,2017,Hispanic (all races),
39,Ohio,39023,Clark,2013,2017,American Indian/Alaskan Native (includes Hispanic),
39,Ohio,39023,Clark,2013,2017,White (includes Hispanic),7.3
39,Ohio,39023,Clark,2014,2018,Asian/Pacific Islander (includes Hispanic),
39,Ohio,39023,Clark,2014,2018,Black (includes Hispanic),9.7
39,Ohio,39023,Clark,2014,2018,Hispanic (all races),
39,Ohio,39023,Clark,2014,2018,American Indian/Alaskan Native (includes Hispanic),
39,Ohio,39023,Clark,2014,2018,White (includes Hispanic),7.3
39,Ohio,39023,Clark,2015,2019,Asian/Pacific Islander (includes Hispanic),
39,Ohio,39023,Clark,2015,2019,Black (includes Hispanic),9.5
39,Ohio,39023,Clark,2015,2019,Hispanic (all races),
39,Ohio,39023,Clark,2015,2019,American Indian/Alaskan Native (includes Hispanic),
39,Ohio,39023,Clark,2015,2019,White (includes Hispanic),7.8
39,Ohio,39023,Clark,2016,2020,Asian/Pacific Islander (includes Hispanic),
39,Ohio,39023,Clark,2016,2020,Black (includes Hispanic),9.0
39,Ohio,39023,Clark,2016,2020,Hispanic (all races),
39,Ohio,39023,Clark,2016,2020,American Indian/Alaskan Native (includes Hispanic),
39,Ohio,39023,Clark,2016,2020,White (includes Hispanic),8.1
39,Ohio,39025,Clermont,2011,2015,Asian/Pacific Islander (includes Hispanic),
39,Ohio,39025,Clermont,2011,2015,Black (includes Hispanic),8.5
39,Ohio,39025,Clermont,2011,2015,Hispanic (all races),
39,Ohio,39025,Clermont,2011,2015,American Indian/Alaskan Native (includes Hispanic),
39,Ohio,39025,Clermont,2011,2015,White (includes Hispanic),8.1
39,Ohio,39025,Clermont,2012,2016,Asian/Pacific Islander (includes Hispanic),
39,Ohio,39025,Clermont,2012,2016,Black (includes Hispanic),8.7
39,Ohio,39025,Clermont,2012,2016,Hispanic (all races),
39,Ohio,39025,Clermont,2012,2016,American Indian/Alaskan Native (includes Hispanic),
39,Ohio,39025,Clermont,2012,2016,White (includes Hispanic),8.2
39,Ohio,39025,Clermont,2013,2017,Asian/Pacific Islander (includes Hispanic),
39,Ohio,39025,Clermont,2013,2017,Black (includes Hispanic),8.7
39,Ohio,39025,Clermont,2013,2017,Hispanic (all races),
39,Ohio,39025,Clermont,2013,2017,American Indian/Alaskan Native (includes Hispanic),
39,Ohio,39025,Clermont,2013,2017,White (includes Hispanic),8.8
39,Ohio,39025,Clermont,2014,2018,Asian/Pacific Islander (includes Hispanic),
39,Ohio,39025,Clermont,2014,2018,Black (includes Hispanic),8.6
39,Ohio,39025,Clermont,2014,2018,Hispanic (all races),
39,Ohio,39025,Clermont,2014,2018,American Indian/Alaskan Native (includes Hispanic),
39,Ohio,39025,Clermont,2014,2018,White (includes Hispanic),8.9
39,Ohio,39025,Clermont,2015,2019,Asian/Pacific Islander (includes Hispanic),
39,Ohio,39025,Clermont,2015,2019,Black (includes Hispanic),7.3
39,Ohio,39025,Clermont,2015,2019,Hispanic (all races),
39,Ohio,39025,Clermont,2015,2019,American Indian/Alaskan Native (includes Hispanic),
39,Ohio,39025,Clermont,2015,2019,White (includes Hispanic),8.8
39,Ohio,39025,Clermont,2016,2020,Asian/Pacific Islander (includes Hispanic),
39,Ohio,39025,Clermont,2016,2020,Black (includes Hispanic),8.0
39,Ohio,39025,Clermont,2016,2020,Hispanic (all races),
39,Ohio,39025,Clermont,2016,2020,American Indian/Alaskan Native (includes Hispanic),
39,Ohio,39025,Clermont,2016,2020,White (includes Hispanic),8.6
39,Ohio,39027,Clinton,2011,2015,Asian/Pacific Islander (includes Hispanic),
39,Ohio,39027,Clinton,2011,2015,Black (includes Hispanic),
39,Ohio,39027,Clinton,2011,2015,Hispanic (all races),
39,Ohio,39027,Clinton,2011,2015,American Indian/Alaskan Native (includes Hispanic),
39,Ohio,39027,Clinton,2011,2015,White (includes Hispanic),8.9
39,Ohio,39027,Clinton,2012,2016,Asian/Pacific Islander (includes Hispanic),
39,Ohio,39027,Clinton,2012,2016,Black (includes Hispanic),
39,Ohio,39027,Clinton,2012,2016,Hispanic (all races),
39,Ohio,39027,Clinton,2012,2016,American Indian/Alaskan Native (includes Hispanic),
39,Ohio,39027,Clinton,2012,2016,White (includes Hispanic),8.8
39,Ohio,39027,Clinton,2013,2017,Asian/Pacific Islander (includes Hispanic),
39,Ohio,39027,Clinton,2013,2017,Black (includes Hispanic),
39,Ohio,39027,Clinton,2013,2017,Hispanic (all races),
39,Ohio,39027,Clinton,2013,2017,American Indian/Alaskan Native (includes Hispanic),
39,Ohio,39027,Clinton,2013,2017,White (includes Hispanic),9.5
39,Ohio,39027,Clinton,2014,2018,Asian/Pacific Islander (includes Hispanic),
39,Ohio,39027,Clinton,2014,2018,Black (includes Hispanic),
39,Ohio,39027,Clinton,2014,2018,Hispanic (all races),
39,Ohio,39027,Clinton,2014,2018,American Indian/Alaskan Native (includes Hispanic),
39,Ohio,39027,Clinton,2014,2018,White (includes Hispanic),9.7
39,Ohio,39027,Clinton,2015,2019,Asian/Pacific Islander (includes Hispanic),
39,Ohio,39027,Clinton,2015,2019,Black (includes Hispanic),
39,Ohio,39027,Clinton,2015,2019,Hispanic (all races),
39,Ohio,39027,Clinton,2015,2019,American Indian/Alaskan Native (includes Hispanic),
39,Ohio,39027,Clinton,2015,2019,White (includes Hispanic),8.4
39,Ohio,39027,Clinton,2016,2020,Asian/Pacific Islander (includes Hispanic),
39,Ohio,39027,Clinton,2016,2020,Black (includes Hispanic),
39,Ohio,39027,Clinton,2016,2020,Hispanic (all races),
39,Ohio,39027,Clinton,2016,2020,American Indian/Alaskan Native (includes Hispanic),
39,Ohio,39027,Clinton,2016,2020,White (includes Hispanic),8.2
39,Ohio,39029,Columbiana,2011,2015,Asian/Pacific Islander (includes Hispanic),
39,Ohio,39029,Columbiana,2011,2015,Black (includes Hispanic),8.9
39,Ohio,39029,Columbiana,2011,2015,Hispanic (all races),
39,Ohio,39029,Columbiana,2011,2015,American Indian/Alaskan Native (includes Hispanic),
39,Ohio,39029,Columbiana,2011,2015,White (includes Hispanic),7.6
39,Ohio,39029,Columbiana,2012,2016,Asian/Pacific Islander (includes Hispanic),
39,Ohio,39029,Columbiana,2012,2016,Black (includes Hispanic),8.2
39,Ohio,39029,Columbiana,2012,2016,Hispanic (all races),
39,Ohio,39029,Columbiana,2012,2016,American Indian/Alaskan Native (includes Hispanic),
39,Ohio,39029,Columbiana,2012,2016,White (includes Hispanic),7.7
39,Ohio,39029,Columbiana,2013,2017,Asian/Pacific Islander (includes Hispanic),
39,Ohio,39029,Columbiana,2013,2017,Black (includes Hispanic),10.1
39,Ohio,39029,Columbiana,2013,2017,Hispanic (all races),
39,Ohio,39029,Columbiana,2013,2017,American Indian/Alaskan Native (includes Hispanic),
39,Ohio,39029,Columbiana,2013,2017,White (includes Hispanic),7.5
39,Ohio,39029,Columbiana,2014,2018,Asian/Pacific Islander (includes Hispanic),
39,Ohio,39029,Columbiana,2014,2018,Black (includes Hispanic),10.7
39,Ohio,39029,Columbiana,2014,2018,Hispanic (all races),
39,Ohio,39029,Columbiana,2014,2018,American Indian/Alaskan Native (includes Hispanic),
39,Ohio,39029,Columbiana,2014,2018,White (includes Hispanic),7.7
39,Ohio,39029,Columbiana,2015,2019,Asian/Pacific Islander (includes Hispanic),
39,Ohio,39029,Columbiana,2015,2019,Black (includes Hispanic),11.7
39,Ohio,39029,Columbiana,2015,2019,Hispanic (all races),
39,Ohio,39029,Columbiana,2015,2019,American Indian/Alaskan Native (includes Hispanic),
39,Ohio,39029,Columbiana,2015,2019,White (includes Hispanic),7.7
39,Ohio,39029,Columbiana,2016,2020,Asian/Pacific Islander (includes Hispanic),
39,Ohio,39029,Columbiana,2016,2020,Black (includes Hispanic),10.0
39,Ohio,39029,Columbiana,2016,2020,Hispanic (all races),
39,Ohio,39029,Columbiana,2016,2020,American Indian/Alaskan Native (includes Hispanic),
39,Ohio,39029,Columbiana,2016,2020,White (includes Hispanic),7.6
39,Ohio,39031,Coshocton,2011,2015,Asian/Pacific Islander (includes Hispanic),
39,Ohio,39031,Coshocton,2011,2015,Black (includes Hispanic),
39,Ohio,39031,Coshocton,2011,2015,Hispanic (all races),
39,Ohio,39031,Coshocton,2011,2015,American Indian/Alaskan Native (includes Hispanic),
39,Ohio,39031,Coshocton,2011,2015,White (includes Hispanic),8.4
39,Ohio,39031,Coshocton,2012,2016,Asian/Pacific Islander (includes Hispanic),
39,Ohio,39031,Coshocton,2012,2016,Black (includes Hispanic),
39,Ohio,39031,Coshocton,2012,2016,Hispanic (all races),
39,Ohio,39031,Coshocton,2012,2016,American Indian/Alaskan Native (includes Hispanic),
39,Ohio,39031,Coshocton,2012,2016,White (includes Hispanic),8.0
39,Ohio,39031,Coshocton,2013,2017,Asian/Pacific Islander (includes Hispanic),
39,Ohio,39031,Coshocton,2013,2017,Black (includes Hispanic),
39,Ohio,39031,Coshocton,2013,2017,Hispanic (all races),
39,Ohio,39031,Coshocton,2013,2017,American Indian/Alaskan Native (includes Hispanic),
39,Ohio,39031,Coshocton,2013,2017,White (includes Hispanic),8.5
39,Ohio,39031,Coshocton,2014,2018,Asian/Pacific Islander (includes Hispanic),
39,Ohio,39031,Coshocton,2014,2018,Black (includes Hispanic),
39,Ohio,39031,Coshocton,2014,2018,Hispanic (all races),
39,Ohio,39031,Coshocton,2014,2018,American Indian/Alaskan Native (includes Hispanic),
39,Ohio,39031,Coshocton,2014,2018,White (includes Hispanic),7.7
39,Ohio,39031,Coshocton,2015,2019,Asian/Pacific Islander (includes Hispanic),
39,Ohio,39031,Coshocton,2015,2019,Black (includes Hispanic),
39,Ohio,39031,Coshocton,2015,2019,Hispanic (all races),
39,Ohio,39031,Coshocton,2015,2019,American Indian/Alaskan Native (includes Hispanic),
39,Ohio,39031,Coshocton,2015,2019,White (includes Hispanic),8.5
39,Ohio,39031,Coshocton,2016,2020,Asian/Pacific Islander (includes Hispanic),
39,Ohio,39031,Coshocton,2016,2020,Black (includes Hispanic),
39,Ohio,39031,Coshocton,2016,2020,Hispanic (all races),
39,Ohio,39031,Coshocton,2016,2020,American Indian/Alaskan Native (includes Hispanic),
39,Ohio,39031,Coshocton,2016,2020,White (includes Hispanic),8.1
39,Ohio,39033,Crawford,2011,2015,Asian/Pacific Islander (includes Hispanic),
39,Ohio,39033,Crawford,2011,2015,Black (includes Hispanic),
39,Ohio,39033,Crawford,2011,2015,Hispanic (all races),
39,Ohio,39033,Crawford,2011,2015,American Indian/Alaskan Native (includes Hispanic),
39,Ohio,39033,Crawford,2011,2015,White (includes Hispanic),11.2
39,Ohio,39033,Crawford,2012,2016,Asian/Pacific Islander (includes Hispanic),
39,Ohio,39033,Crawford,2012,2016,Black (includes Hispanic),
39,Ohio,39033,Crawford,2012,2016,Hispanic (all races),
39,Ohio,39033,Crawford,2012,2016,American Indian/Alaskan Native (includes Hispanic),
39,Ohio,39033,Crawford,2012,2016,White (includes Hispanic),10.6
39,Ohio,39033,Crawford,2013,2017,Asian/Pacific Islander (includes Hispanic),
39,Ohio,39033,Crawford,2013,2017,Black (includes Hispanic),
39,Ohio,39033,Crawford,2013,2017,Hispanic (all races),
39,Ohio,39033,Crawford,2013,2017,American Indian/Alaskan Native (includes Hispanic),
39,Ohio,39033,Crawford,2013,2017,White (includes Hispanic),10.2
39,Ohio,39033,Crawford,2014,2018,Asian/Pacific Islander (includes Hispanic),
39,Ohio,39033,Crawford,2014,2018,Black (includes Hispanic),
39,Ohio,39033,Crawford,2014,2018,Hispanic (all races),
39,Ohio,39033,Crawford,2014,2018,American Indian/Alaskan Native (includes Hispanic),
39,Ohio,39033,Crawford,2014,2018,White (includes Hispanic),8.7
39,Ohio,39033,Crawford,2015,2019,Asian/Pacific Islander (includes Hispanic),
39,Ohio,39033,Crawford,2015,2019,Black (includes Hispanic),
39,Ohio,39033,Crawford,2015,2019,Hispanic (all races),
39,Ohio,39033,Crawford,2015,2019,American Indian/Alaskan Native (includes Hispanic),
39,Ohio,39033,Crawford,2015,2019,White (includes Hispanic),8.2
39,Ohio,39033,Crawford,2016,2020,Asian/Pacific Islander (includes Hispanic),
39,Ohio,39033,Crawford,2016,2020,Black (includes Hispanic),
39,Ohio,39033,Crawford,2016,2020,Hispanic (all races),
39,Ohio,39033,Crawford,2016,2020,American Indian/Alaskan Native (includes Hispanic),
39,Ohio,39033,Crawford,2016,2020,White (includes Hispanic),6.9
39,Ohio,39035,Cuyahoga,2011,2015,Asian/Pacific Islander (includes Hispanic),
39,Ohio,39035,Cuyahoga,2011,2015,Black (includes Hispanic),6.4
39,Ohio,39035,Cuyahoga,2011,2015,Hispanic (all races),
39,Ohio,39035,Cuyahoga,2011,2015,American Indian/Alaskan Native (includes Hispanic),
39,Ohio,39035,Cuyahoga,2011,2015,White (includes Hispanic),6.5
39,Ohio,39035,Cuyahoga,2012,2016,Asian/Pacific Islander (includes Hispanic),
39,Ohio,39035,Cuyahoga,2012,2016,Black (includes Hispanic),6.6
39,Ohio,39035,Cuyahoga,2012,2016,Hispanic (all races),
39,Ohio,39035,Cuyahoga,2012,2016,American Indian/Alaskan Native (includes Hispanic),
39,Ohio,39035,Cuyahoga,2012,2016,White (includes Hispanic),6.3
39,Ohio,39035,Cuyahoga,2013,2017,Asian/Pacific Islander (includes Hispanic),
39,Ohio,39035,Cuyahoga,2013,2017,Black (includes Hispanic),7.0
39,Ohio,39035,Cuyahoga,2013,2017,Hispanic (all races),
39,Ohio,39035,Cuyahoga,2013,2017,American Indian/Alaskan Native (includes Hispanic),
39,Ohio,39035,Cuyahoga,2013,2017,White (includes Hispanic),6.5
39,Ohio,39035,Cuyahoga,2014,2018,Asian/Pacific Islander (includes Hispanic),
39,Ohio,39035,Cuyahoga,2014,2018,Black (includes Hispanic),6.7
39,Ohio,39035,Cuyahoga,2014,2018,Hispanic (all races),6.7
39,Ohio,39035,Cuyahoga,2014,2018,American Indian/Alaskan Native (includes Hispanic),
39,Ohio,39035,Cuyahoga,2014,2018,White (includes Hispanic),6.3
39,Ohio,39035,Cuyahoga,2015,2019,Asian/Pacific Islander (includes Hispanic),
39,Ohio,39035,Cuyahoga,2015,2019,Black (includes Hispanic),7.3
39,Ohio,39035,Cuyahoga,2015,2019,Hispanic (all races),8.1
39,Ohio,39035,Cuyahoga,2015,2019,American Indian/Alaskan Native (includes Hispanic),
39,Ohio,39035,Cuyahoga,2015,2019,White (includes Hispanic),6.4
39,Ohio,39035,Cuyahoga,2016,2020,Asian/Pacific Islander (includes Hispanic),
39,Ohio,39035,Cuyahoga,2016,2020,Black (includes Hispanic),7.6
39,Ohio,39035,Cuyahoga,2016,2020,Hispanic (all races),10.2
39,Ohio,39035,Cuyahoga,2016,2020,American Indian/Alaskan Native (includes Hispanic),
39,Ohio,39035,Cuyahoga,2016,2020,White (includes Hispanic),6.2
39,Ohio,39037,Darke,2011,2015,Asian/Pacific Islander (includes Hispanic),
39,Ohio,39037,Darke,2011,2015,Black (includes Hispanic),7.7
39,Ohio,39037,Darke,2011,2015,Hispanic (all races),
39,Ohio,39037,Darke,2011,2015,American Indian/Alaskan Native (includes Hispanic),
39,Ohio,39037,Darke,2011,2015,White (includes Hispanic),7.7
39,Ohio,39037,Darke,2012,2016,Asian/Pacific Islander (includes Hispanic),
39,Ohio,39037,Darke,2012,2016,Black (includes Hispanic),9.8
39,Ohio,39037,Darke,2012,2016,Hispanic (all races),
39,Ohio,39037,Darke,2012,2016,American Indian/Alaskan Native (includes Hispanic),
39,Ohio,39037,Darke,2012,2016,White (includes Hispanic),8.2
39,Ohio,39037,Darke,2013,2017,Asian/Pacific Islander (includes Hispanic),
39,Ohio,39037,Darke,2013,2017,Black (includes Hispanic),10.9
39,Ohio,39037,Darke,2013,2017,Hispanic (all races),
39,Ohio,39037,Darke,2013,2017,American Indian/Alaskan Native (includes Hispanic),
39,Ohio,39037,Darke,2013,2017,White (includes Hispanic),8.3
39,Ohio,39037,Darke,2014,2018,Asian/Pacific Islander (includes Hispanic),
39,Ohio,39037,Darke,2014,2018,Black (includes Hispanic),9.9
39,Ohio,39037,Darke,2014,2018,Hispanic (all races),
39,Ohio,39037,Darke,2014,2018,American Indian/Alaskan Native (includes Hispanic),
39,Ohio,39037,Darke,2014,2018,White (includes Hispanic),8.8
39,Ohio,39037,Darke,2015,2019,Asian/Pacific Islander (includes Hispanic),
39,Ohio,39037,Darke,2015,2019,Black (includes Hispanic),9.4
39,Ohio,39037,Darke,2015,2019,Hispanic (all races),
39,Ohio,39037,Darke,2015,2019,American Indian/Alaskan Native (includes Hispanic),
39,Ohio,39037,Darke,2015,2019,White (includes Hispanic),9.6
39,Ohio,39037,Darke,2016,2020,Asian/Pacific Islander (includes Hispanic),
39,Ohio,39037,Darke,2016,2020,Black (includes Hispanic),8.8
39,Ohio,39037,Darke,2016,2020,Hispanic (all races),
39,Ohio,39037,Darke,2016,2020,American Indian/Alaskan Native (includes Hispanic),
39,Ohio,39037,Darke,2016,2020,White (includes Hispanic),9.9
39,Ohio,39039,Defiance,2011,2015,Asian/Pacific Islander (includes Hispanic),
39,Ohio,39039,Defiance,2011,2015,Black (includes Hispanic),
39,Ohio,39039,Defiance,2011,2015,Hispanic (all races),
39,Ohio,39039,Defiance,2011,2015,American Indian/Alaskan Native (includes Hispanic),
39,Ohio,39039,Defiance,2011,2015,White (includes Hispanic),7.7
39,Ohio,39039,Defiance,2012,2016,Asian/Pacific Islander (includes Hispanic),
39,Ohio,39039,Defiance,2012,2016,Black (includes Hispanic),
39,Ohio,39039,Defiance,2012,2016,Hispanic (all races),
39,Ohio,39039,Defiance,2012,2016,American Indian/Alaskan Native (includes Hispanic),
39,Ohio,39039,Defiance,2012,2016,White (includes Hispanic),7.7
39,Ohio,39039,Defiance,2013,2017,Asian/Pacific Islander (includes Hispanic),
39,Ohio,39039,Defiance,2013,2017,Black (includes Hispanic),
39,Ohio,39039,Defiance,2013,2017,Hispanic (all races),
39,Ohio,39039,Defiance,2013,2017,American Indian/Alaskan Native (includes Hispanic),
39,Ohio,39039,Defiance,2013,2017,White (includes Hispanic),8.3
39,Ohio,39039,Defiance,2014,2018,Asian/Pacific Islander (includes Hispanic),
39,Ohio,39039,Defiance,2014,2018,Black (includes Hispanic),
39,Ohio,39039,Defiance,2014,2018,Hispanic (all races),
39,Ohio,39039,Defiance,2014,2018,American Indian/Alaskan Native (includes Hispanic),
39,Ohio,39039,Defiance,2014,2018,White (includes Hispanic),8.6
39,Ohio,39039,Defiance,2015,2019,Asian/Pacific Islander (includes Hispanic),
39,Ohio,39039,Defiance,2015,2019,Black (includes Hispanic),
39,Ohio,39039,Defiance,2015,2019,Hispanic (all races),
39,Ohio,39039,Defiance,2015,2019,American Indian/Alaskan Native (includes Hispanic),
39,Ohio,39039,Defiance,2015,2019,White (includes Hispanic),8.5
39,Ohio,39039,Defiance,2016,2020,Asian/Pacific Islander (includes Hispanic),
39,Ohio,39039,Defiance,2016,2020,Black (includes Hispanic),
39,Ohio,39039,Defiance,2016,2020,Hispanic (all races),
39,Ohio,39039,Defiance,2016,2020,American Indian/Alaskan Native (includes Hispanic),
39,Ohio,39039,Defiance,2016,2020,White (includes Hispanic),8.8
39,Ohio,39041,Delaware,2011,2015,Asian/Pacific Islander (includes Hispanic),
39,Ohio,39041,Delaware,2011,2015,Black (includes Hispanic),6.8
39,Ohio,39041,Delaware,2011,2015,Hispanic (all races),
39,Ohio,39041,Delaware,2011,2015,American Indian/Alaskan Native (includes Hispanic),
39,Ohio,39041,Delaware,2011,2015,White (includes Hispanic),8.1
39,Ohio,39041,Delaware,2012,2016,Asian/Pacific Islander (includes Hispanic),
39,Ohio,39041,Delaware,2012,2016,Black (includes Hispanic),8.6
39,Ohio,39041,Delaware,2012,2016,Hispanic (all races),
39,Ohio,39041,Delaware,2012,2016,American Indian/Alaskan Native (includes Hispanic),
39,Ohio,39041,Delaware,2012,2016,White (includes Hispanic),7.7
39,Ohio,39041,Delaware,2013,2017,Asian/Pacific Islander (includes Hispanic),
39,Ohio,39041,Delaware,2013,2017,Black (includes Hispanic),9.4
39,Ohio,39041,Delaware,2013,2017,Hispanic (all races),
39,Ohio,39041,Delaware,2013,2017,American Indian/Alaskan Native (includes Hispanic),
39,Ohio,39041,Delaware,2013,2017,White (includes Hispanic),7.9
39,Ohio,39041,Delaware,2014,2018,Asian/Pacific Islander (includes Hispanic),
39,Ohio,39041,Delaware,2014,2018,Black (includes Hispanic),9.5
39,Ohio,39041,Delaware,2014,2018,Hispanic (all races),
39,Ohio,39041,Delaware,2014,2018,American Indian/Alaskan Native (includes Hispanic),
39,Ohio,39041,Delaware,2014,2018,White (includes Hispanic),8.2
39,Ohio,39041,Delaware,2015,2019,Asian/Pacific Islander (includes Hispanic),
39,Ohio,39041,Delaware,2015,2019,Black (includes Hispanic),8.2
39,Ohio,39041,Delaware,2015,2019,Hispanic (all races),
39,Ohio,39041,Delaware,2015,2019,American Indian/Alaskan Native (includes Hispanic),
39,Ohio,39041,Delaware,2015,2019,White (includes Hispanic),8.7
39,Ohio,39041,Delaware,2016,2020,Asian/Pacific Islander (includes Hispanic),
39,Ohio,39041,Delaware,2016,2020,Black (includes Hispanic),7.9
39,Ohio,39041,Delaware,2016,2020,Hispanic (all races),
39,Ohio,39041,Delaware,2016,2020,American Indian/Alaskan Native (includes Hispanic),
39,Ohio,39041,Delaware,2016,2020,White (includes Hispanic),8.1
39,Ohio,39043,Erie,2011,2015,Asian/Pacific Islander (includes Hispanic),
39,Ohio,39043,Erie,2011,2015,Black (includes Hispanic),
39,Ohio,39043,Erie,2011,2015,Hispanic (all races),
39,Ohio,39043,Erie,2011,2015,American Indian/Alaskan Native (includes Hispanic),
39,Ohio,39043,Erie,2011,2015,White (includes Hispanic),8.5
39,Ohio,39043,Erie,2012,2016,Asian/Pacific Islander (includes Hispanic),
39,Ohio,39043,Erie,2012,2016,Black (includes Hispanic),
39,Ohio,39043,Erie,2012,2016,Hispanic (all races),
39,Ohio,39043,Erie,2012,2016,American Indian/Alaskan Native (includes Hispanic),
39,Ohio,39043,Erie,2012,2016,White (includes Hispanic),9.0
39,Ohio,39043,Erie,2013,2017,Asian/Pacific Islander (includes Hispanic),
39,Ohio,39043,Erie,2013,2017,Black (includes Hispanic),
39,Ohio,39043,Erie,2013,2017,Hispanic (all races),
39,Ohio,39043,Erie,2013,2017,American Indian/Alaskan Native (includes Hispanic),
39,Ohio,39043,Erie,2013,2017,White (includes Hispanic),9.5
39,Ohio,39043,Erie,2014,2018,Asian/Pacific Islander (includes Hispanic),
39,Ohio,39043,Erie,2014,2018,Black (includes Hispanic),
39,Ohio,39043,Erie,2014,2018,Hispanic (all races),
39,Ohio,39043,Erie,2014,2018,American Indian/Alaskan Native (includes Hispanic),
39,Ohio,39043,Erie,2014,2018,White (includes Hispanic),9.4
39,Ohio,39043,Erie,2015,2019,Asian/Pacific Islander (includes Hispanic),
39,Ohio,39043,Erie,2015,2019,Black (includes Hispanic),
39,Ohio,39043,Erie,2015,2019,Hispanic (all races),
39,Ohio,39043,Erie,2015,2019,American Indian/Alaskan Native (includes Hispanic),
39,Ohio,39043,Erie,2015,2019,White (includes Hispanic),9.4
39,Ohio,39043,Erie,2016,2020,Asian/Pacific Islander (includes Hispanic),
39,Ohio,39043,Erie,2016,2020,Black (includes Hispanic),
39,Ohio,39043,Erie,2016,2020,Hispanic (all races),
39,Ohio,39043,Erie,2016,2020,American Indian/Alaskan Native (includes Hispanic),
39,Ohio,39043,Erie,2016,2020,White (includes Hispanic),8.3
39,Ohio,39045,Fairfield,2011,2015,Asian/Pacific Islander (includes Hispanic),
39,Ohio,39045,Fairfield,2011,2015,Black (includes Hispanic),6.9
39,Ohio,39045,Fairfield,2011,2015,Hispanic (all races),
39,Ohio,39045,Fairfield,2011,2015,American Indian/Alaskan Native (includes Hispanic),
39,Ohio,39045,Fairfield,2011,2015,White (includes Hispanic),7.7
39,Ohio,39045,Fairfield,2012,2016,Asian/Pacific Islander (includes Hispanic),
39,Ohio,39045,Fairfield,2012,2016,Black (includes Hispanic),8.7
39,Ohio,39045,Fairfield,2012,2016,Hispanic (all races),
39,Ohio,39045,Fairfield,2012,2016,American Indian/Alaskan Native (includes Hispanic),
39,Ohio,39045,Fairfield,2012,2016,White (includes Hispanic),7.4
39,Ohio,39045,Fairfield,2013,2017,Asian/Pacific Islander (includes Hispanic),
39,Ohio,39045,Fairfield,2013,2017,Black (includes Hispanic),9.6
39,Ohio,39045,Fairfield,2013,2017,Hispanic (all races),
39,Ohio,39045,Fairfield,2013,2017,American Indian/Alaskan Native (includes Hispanic),
39,Ohio,39045,Fairfield,2013,2017,White (includes Hispanic),7.5
39,Ohio,39045,Fairfield,2014,2018,Asian/Pacific Islander (includes Hispanic),
39,Ohio,39045,Fairfield,2014,2018,Black (includes Hispanic),9.6
39,Ohio,39045,Fairfield,2014,2018,Hispanic (all races),
39,Ohio,39045,Fairfield,2014,2018,American Indian/Alaskan Native (includes Hispanic),
39,Ohio,39045,Fairfield,2014,2018,White (includes Hispanic),7.7
39,Ohio,39045,Fairfield,2015,2019,Asian/Pacific Islander (includes Hispanic),
39,Ohio,39045,Fairfield,2015,2019,Black (includes Hispanic),8.5
39,Ohio,39045,Fairfield,2015,2019,Hispanic (all races),
39,Ohio,39045,Fairfield,2015,2019,American Indian/Alaskan Native (includes Hispanic),
39,Ohio,39045,Fairfield,2015,2019,White (includes Hispanic),8.4
39,Ohio,39045,Fairfield,2016,2020,Asian/Pacific Islander (includes Hispanic),
39,Ohio,39045,Fairfield,2016,2020,Black (includes Hispanic),8.2
39,Ohio,39045,Fairfield,2016,2020,Hispanic (all races),
39,Ohio,39045,Fairfield,2016,2020,American Indian/Alaskan Native (includes Hispanic),
39,Ohio,39045,Fairfield,2016,2020,White (includes Hispanic),8.1
39,Ohio,39047,Fayette,2011,2015,Asian/Pacific Islander (includes Hispanic),
39,Ohio,39047,Fayette,2011,2015,Black (includes Hispanic),
39,Ohio,39047,Fayette,2011,2015,Hispanic (all races),
39,Ohio,39047,Fayette,2011,2015,American Indian/Alaskan Native (includes Hispanic),
39,Ohio,39047,Fayette,2011,2015,White (includes Hispanic),9.0
39,Ohio,39047,Fayette,2012,2016,Asian/Pacific Islander (includes Hispanic),
39,Ohio,39047,Fayette,2012,2016,Black (includes Hispanic),
39,Ohio,39047,Fayette,2012,2016,Hispanic (all races),
39,Ohio,39047,Fayette,2012,2016,American Indian/Alaskan Native (includes Hispanic),
39,Ohio,39047,Fayette,2012,2016,White (includes Hispanic),9.2
39,Ohio,39047,Fayette,2013,2017,Asian/Pacific Islander (includes Hispanic),
39,Ohio,39047,Fayette,2013,2017,Black (includes Hispanic),
39,Ohio,39047,Fayette,2013,2017,Hispanic (all races),
39,Ohio,39047,Fayette,2013,2017,American Indian/Alaskan Native (includes Hispanic),
39,Ohio,39047,Fayette,2013,2017,White (includes Hispanic),9.4
39,Ohio,39047,Fayette,2014,2018,Asian/Pacific Islander (includes Hispanic),
39,Ohio,39047,Fayette,2014,2018,Black (includes Hispanic),
39,Ohio,39047,Fayette,2014,2018,Hispanic (all races),
39,Ohio,39047,Fayette,2014,2018,American Indian/Alaskan Native (includes Hispanic),
39,Ohio,39047,Fayette,2014,2018,White (includes Hispanic),9.2
39,Ohio,39047,Fayette,2015,2019,Asian/Pacific Islander (includes Hispanic),
39,Ohio,39047,Fayette,2015,2019,Black (includes Hispanic),
39,Ohio,39047,Fayette,2015,2019,Hispanic (all races),
39,Ohio,39047,Fayette,2015,2019,American Indian/Alaskan Native (includes Hispanic),
39,Ohio,39047,Fayette,2015,2019,White (includes Hispanic),8.4
39,Ohio,39047,Fayette,2016,2020,Asian/Pacific Islander (includes Hispanic),
39,Ohio,39047,Fayette,2016,2020,Black (includes Hispanic),
39,Ohio,39047,Fayette,2016,2020,Hispanic (all races),
39,Ohio,39047,Fayette,2016,2020,American Indian/Alaskan Native (includes Hispanic),
39,Ohio,39047,Fayette,2016,2020,White (includes Hispanic),8.4
39,Ohio,39049,Franklin,2011,2015,Asian/Pacific Islander (includes Hispanic),
39,Ohio,39049,Franklin,2011,2015,Black (includes Hispanic),6.9
39,Ohio,39049,Franklin,2011,2015,Hispanic (all races),
39,Ohio,39049,Franklin,2011,2015,American Indian/Alaskan Native (includes Hispanic),
39,Ohio,39049,Franklin,2011,2015,White (includes Hispanic),7.6
39,Ohio,39049,Franklin,2012,2016,Asian/Pacific Islander (includes Hispanic),
39,Ohio,39049,Franklin,2012,2016,Black (includes Hispanic),8.6
39,Ohio,39049,Franklin,2012,2016,Hispanic (all races),
39,Ohio,39049,Franklin,2012,2016,American Indian/Alaskan Native (includes Hispanic),
39,Ohio,39049,Franklin,2012,2016,White (includes Hispanic),7.3
39,Ohio,39049,Franklin,2013,2017,Asian/Pacific Islander (includes Hispanic),
39,Ohio,39049,Franklin,2013,2017,Black (includes Hispanic),9.5
39,Ohio,39049,Franklin,2013,2017,Hispanic (all races),
39,Ohio,39049,Franklin,2013,2017,American Indian/Alaskan Native (includes Hispanic),
39,Ohio,39049,Franklin,2013,2017,White (includes Hispanic),7.5
39,Ohio,39049,Franklin,2014,2018,Asian/Pacific Islander (includes Hispanic),
39,Ohio,39049,Franklin,2014,2018,Black (includes Hispanic),9.5
39,Ohio,39049,Franklin,2014,2018,Hispanic (all races),
39,Ohio,39049,Franklin,2014,2018,American Indian/Alaskan Native (includes Hispanic),
39,Ohio,39049,Franklin,2014,2018,White (includes Hispanic),7.8
39,Ohio,39049,Franklin,2015,2019,Asian/Pacific Islander (includes Hispanic),
39,Ohio,39049,Franklin,2015,2019,Black (includes Hispanic),8.3
39,Ohio,39049,Franklin,2015,2019,Hispanic (all races),
39,Ohio,39049,Franklin,2015,2019,American Indian/Alaskan Native (includes Hispanic),
39,Ohio,39049,Franklin,2015,2019,White (includes Hispanic),8.5
39,Ohio,39049,Franklin,2016,2020,Asian/Pacific Islander (includes Hispanic),
39,Ohio,39049,Franklin,2016,2020,Black (includes Hispanic),8.0
39,Ohio,39049,Franklin,2016,2020,Hispanic (all races),
39,Ohio,39049,Franklin,2016,2020,American Indian/Alaskan Native (includes Hispanic),
39,Ohio,39049,Franklin,2016,2020,White (includes Hispanic),8.3
39,Ohio,39051,Fulton,2011,2015,Asian/Pacific Islander (includes Hispanic),
39,Ohio,39051,Fulton,2011,2015,Black (includes Hispanic),
39,Ohio,39051,Fulton,2011,2015,Hispanic (all races),
39,Ohio,39051,Fulton,2011,2015,American Indian/Alaskan Native (includes Hispanic),
39,Ohio,39051,Fulton,2011,2015,White (includes Hispanic),8.9
39,Ohio,39051,Fulton,2012,2016,Asian/Pacific Islander (includes Hispanic),
39,Ohio,39051,Fulton,2012,2016,Black (includes Hispanic),
39,Ohio,39051,Fulton,2012,2016,Hispanic (all races),
39,Ohio,39051,Fulton,2012,2016,American Indian/Alaskan Native (includes Hispanic),
39,Ohio,39051,Fulton,2012,2016,White (includes Hispanic),8.2
39,Ohio,39051,Fulton,2013,2017,Asian/Pacific Islander (includes Hispanic),
39,Ohio,39051,Fulton,2013,2017,Black (includes Hispanic),
39,Ohio,39051,Fulton,2013,2017,Hispanic (all races),
39,Ohio,39051,Fulton,2013,2017,American Indian/Alaskan Native (includes Hispanic),
39,Ohio,39051,Fulton,2013,2017,White (includes Hispanic),7.9
39,Ohio,39051,Fulton,2014,2018,Asian/Pacific Islander (includes Hispanic),
39,Ohio,39051,Fulton,2014,2018,Black (includes Hispanic),
39,Ohio,39051,Fulton,2014,2018,Hispanic (all races),
39,Ohio,39051,Fulton,2014,2018,American Indian/Alaskan Native (includes Hispanic),
39,Ohio,39051,Fulton,2014,2018,White (includes Hispanic),8.4
39,Ohio,39051,Fulton,2015,2019,Asian/Pacific Islander (includes Hispanic),
39,Ohio,39051,Fulton,2015,2019,Black (includes Hispanic),
39,Ohio,39051,Fulton,2015,2019,Hispanic (all races),
39,Ohio,39051,Fulton,2015,2019,American Indian/Alaskan Native (includes Hispanic),
39,Ohio,39051,Fulton,2015,2019,White (includes Hispanic),8.1
39,Ohio,39051,Fulton,2016,2020,Asian/Pacific Islander (includes Hispanic),
39,Ohio,39051,Fulton,2016,2020,Black (includes Hispanic),
39,Ohio,39051,Fulton,2016,2020,Hispanic (all races),
39,Ohio,39051,Fulton,2016,2020,American Indian/Alaskan Native (includes Hispanic),
39,Ohio,39051,Fulton,2016,2020,White (includes Hispanic),7.8
39,Ohio,39053,Gallia,2011,2015,Asian/Pacific Islander (includes Hispanic),
39,Ohio,39053,Gallia,2011,2015,Black (includes Hispanic),
39,Ohio,39053,Gallia,2011,2015,Hispanic (all races),
39,Ohio,39053,Gallia,2011,2015,American Indian/Alaskan Native (includes Hispanic),
39,Ohio,39053,Gallia,2011,2015,White (includes Hispanic),9.2
39,Ohio,39053,Gallia,2012,2016,Asian/Pacific Islander (includes Hispanic),
39,Ohio,39053,Gallia,2012,2016,Black (includes Hispanic),
39,Ohio,39053,Gallia,2012,2016,Hispanic (all races),
39,Ohio,39053,Gallia,2012,2016,American Indian/Alaskan Native (includes Hispanic),
39,Ohio,39053,Gallia,2012,2016,White (includes Hispanic),8.5
39,Ohio,39053,Gallia,2013,2017,Asian/Pacific Islander (includes Hispanic),
39,Ohio,39053,Gallia,2013,2017,Black (includes Hispanic),
39,Ohio,39053,Gallia,2013,2017,Hispanic (all races),
39,Ohio,39053,Gallia,2013,2017,American Indian/Alaskan Native (includes Hispanic),
39,Ohio,39053,Gallia,2013,2017,White (includes Hispanic),10.1
39,Ohio,39053,Gallia,2014,2018,Asian/Pacific Islander (includes Hispanic),
39,Ohio,39053,Gallia,2014,2018,Black (includes Hispanic),
39,Ohio,39053,Gallia,2014,2018,Hispanic (all races),
39,Ohio,39053,Gallia,2014,2018,American Indian/Alaskan Native (includes Hispanic),
39,Ohio,39053,Gallia,2014,2018,White (includes Hispanic),11.5
39,Ohio,39053,Gallia,2015,2019,Asian/Pacific Islander (includes Hispanic),
39,Ohio,39053,Gallia,2015,2019,Black (includes Hispanic),
39,Ohio,39053,Gallia,2015,2019,Hispanic (all races),
39,Ohio,39053,Gallia,2015,2019,American Indian/Alaskan Native (includes Hispanic),
39,Ohio,39053,Gallia,2015,2019,White (includes Hispanic),12.6
39,Ohio,39053,Gallia,2016,2020,Asian/Pacific Islander (includes Hispanic),
39,Ohio,39053,Gallia,2016,2020,Black (includes Hispanic),
39,Ohio,39053,Gallia,2016,2020,Hispanic (all races),
39,Ohio,39053,Gallia,2016,2020,American Indian/Alaskan Native (includes Hispanic),
39,Ohio,39053,Gallia,2016,2020,White (includes Hispanic),12.9
39,Ohio,39055,Geauga,2011,2015,Asian/Pacific Islander (includes Hispanic),
39,Ohio,39055,Geauga,2011,2015,Black (includes Hispanic),6.2
39,Ohio,39055,Geauga,2011,2015,Hispanic (all races),
39,Ohio,39055,Geauga,2011,2015,American Indian/Alaskan Native (includes Hispanic),
39,Ohio,39055,Geauga,2011,2015,White (includes Hispanic),6.6
39,Ohio,39055,Geauga,2012,2016,Asian/Pacific Islander (includes Hispanic),
39,Ohio,39055,Geauga,2012,2016,Black (includes Hispanic),6.3
39,Ohio,39055,Geauga,2012,2016,Hispanic (all races),
39,Ohio,39055,Geauga,2012,2016,American Indian/Alaskan Native (includes Hispanic),
39,Ohio,39055,Geauga,2012,2016,White (includes Hispanic),6.2
39,Ohio,39055,Geauga,2013,2017,Asian/Pacific Islander (includes Hispanic),
39,Ohio,39055,Geauga,2013,2017,Black (includes Hispanic),6.8
39,Ohio,39055,Geauga,2013,2017,Hispanic (all races),
39,Ohio,39055,Geauga,2013,2017,American Indian/Alaskan Native (includes Hispanic),
39,Ohio,39055,Geauga,2013,2017,White (includes Hispanic),6.5
39,Ohio,39055,Geauga,2014,2018,Asian/Pacific Islander (includes Hispanic),
39,Ohio,39055,Geauga,2014,2018,Black (includes Hispanic),6.7
39,Ohio,39055,Geauga,2014,2018,Hispanic (all races),
39,Ohio,39055,Geauga,2014,2018,American Indian/Alaskan Native (includes Hispanic),
39,Ohio,39055,Geauga,2014,2018,White (includes Hispanic),6.2
39,Ohio,39055,Geauga,2015,2019,Asian/Pacific Islander (includes Hispanic),
39,Ohio,39055,Geauga,2015,2019,Black (includes Hispanic),7.3
39,Ohio,39055,Geauga,2015,2019,Hispanic (all races),
39,Ohio,39055,Geauga,2015,2019,American Indian/Alaskan Native (includes Hispanic),
39,Ohio,39055,Geauga,2015,2019,White (includes Hispanic),6.6
39,Ohio,39055,Geauga,2016,2020,Asian/Pacific Islander (includes Hispanic),
39,Ohio,39055,Geauga,2016,2020,Black (includes Hispanic),7.5
39,Ohio,39055,Geauga,2016,2020,Hispanic (all races),8.3
39,Ohio,39055,Geauga,2016,2020,American Indian/Alaskan Native (includes Hispanic),
39,Ohio,39055,Geauga,2016,2020,White (includes Hispanic),6.6
39,Ohio,39057,Greene,2011,2015,Asian/Pacific Islander (includes Hispanic),
39,Ohio,39057,Greene,2011,2015,Black (includes Hispanic),6.6
39,Ohio,39057,Greene,2011,2015,Hispanic (all races),
39,Ohio,39057,Greene,2011,2015,American Indian/Alaskan Native (includes Hispanic),
39,Ohio,39057,Greene,2011,2015,White (includes Hispanic),7.2
39,Ohio,39057,Greene,2012,2016,Asian/Pacific Islander (includes Hispanic),
39,Ohio,39057,Greene,2012,2016,Black (includes Hispanic),8.6
39,Ohio,39057,Greene,2012,2016,Hispanic (all races),
39,Ohio,39057,Greene,2012,2016,American Indian/Alaskan Native (includes Hispanic),
39,Ohio,39057,Greene,2012,2016,White (includes Hispanic),7.6
39,Ohio,39057,Greene,2013,2017,Asian/Pacific Islander (includes Hispanic),
39,Ohio,39057,Greene,2013,2017,Black (includes Hispanic),10.0
39,Ohio,39057,Greene,2013,2017,Hispanic (all races),
39,Ohio,39057,Greene,2013,2017,American Indian/Alaskan Native (includes Hispanic),
39,Ohio,39057,Greene,2013,2017,White (includes Hispanic),8.0
39,Ohio,39057,Greene,2014,2018,Asian/Pacific Islander (includes Hispanic),
39,Ohio,39057,Greene,2014,2018,Black (includes Hispanic),9.4
39,Ohio,39057,Greene,2014,2018,Hispanic (all races),
39,Ohio,39057,Greene,2014,2018,American Indian/Alaskan Native (includes Hispanic),
39,Ohio,39057,Greene,2014,2018,White (includes Hispanic),7.7
39,Ohio,39057,Greene,2015,2019,Asian/Pacific Islander (includes Hispanic),
39,Ohio,39057,Greene,2015,2019,Black (includes Hispanic),9.2
39,Ohio,39057,Greene,2015,2019,Hispanic (all races),
39,Ohio,39057,Greene,2015,2019,American Indian/Alaskan Native (includes Hispanic),
39,Ohio,39057,Greene,2015,2019,White (includes Hispanic),7.7
39,Ohio,39057,Greene,2016,2020,Asian/Pacific Islander (includes Hispanic),
39,Ohio,39057,Greene,2016,2020,Black (includes Hispanic),9.2
39,Ohio,39057,Greene,2016,2020,Hispanic (all races),
39,Ohio,39057,Greene,2016,2020,American Indian/Alaskan Native (includes Hispanic),
39,Ohio,39057,Greene,2016,2020,White (includes Hispanic),8.2
39,Ohio,39059,Guernsey,2011,2015,Asian/Pacific Islander (includes Hispanic),
39,Ohio,39059,Guernsey,2011,2015,Black (includes Hispanic),
39,Ohio,39059,Guernsey,2011,2015,Hispanic (all races),
39,Ohio,39059,Guernsey,2011,2015,American Indian/Alaskan Native (includes Hispanic),
39,Ohio,39059,Guernsey,2011,2015,White (includes Hispanic),10.0
39,Ohio,39059,Guernsey,2012,2016,Asian/Pacific Islander (includes Hispanic),
39,Ohio,39059,Guernsey,2012,2016,Black (includes Hispanic),
39,Ohio,39059,Guernsey,2012,2016,Hispanic (all races),
39,Ohio,39059,Guernsey,2012,2016,American Indian/Alaskan Native (includes Hispanic),
39,Ohio,39059,Guernsey,2012,2016,White (includes Hispanic),9.7
39,Ohio,39059,Guernsey,2013,2017,Asian/Pacific Islander (includes Hispanic),
39,Ohio,39059,Guernsey,2013,2017,Black (includes Hispanic),
39,Ohio,39059,Guernsey,2013,2017,Hispanic (all races),
39,Ohio,39059,Guernsey,2013,2017,American Indian/Alaskan Native (includes Hispanic),
39,Ohio,39059,Guernsey,2013,2017,White (includes Hispanic),10.2
39,Ohio,39059,Guernsey,2014,2018,Asian/Pacific Islander (includes Hispanic),
39,Ohio,39059,Guernsey,2014,2018,Black (includes Hispanic),
39,Ohio,39059,Guernsey,2014,2018,Hispanic (all races),
39,Ohio,39059,Guernsey,2014,2018,American Indian/Alaskan Native (includes Hispanic),
39,Ohio,39059,Guernsey,2014,2018,White (includes Hispanic),9.1
39,Ohio,39059,Guernsey,2015,2019,Asian/Pacific Islander (includes Hispanic),
39,Ohio,39059,Guernsey,2015,2019,Black (includes Hispanic),
39,Ohio,39059,Guernsey,2015,2019,Hispanic (all races),
39,Ohio,39059,Guernsey,2015,2019,American Indian/Alaskan Native (includes Hispanic),
39,Ohio,39059,Guernsey,2015,2019,White (includes Hispanic),9.2
39,Ohio,39059,Guernsey,2016,2020,Asian/Pacific Islander (includes Hispanic),
39,Ohio,39059,Guernsey,2016,2020,Black (includes Hispanic),
39,Ohio,39059,Guernsey,2016,2020,Hispanic (all races),
39,Ohio,39059,Guernsey,2016,2020,American Indian/Alaskan Native (includes Hispanic),
39,Ohio,39059,Guernsey,2016,2020,White (includes Hispanic),8.6
39,Ohio,39061,Hamilton,2011,2015,Asian/Pacific Islander (includes Hispanic),
39,Ohio,39061,Hamilton,2011,2015,Black (includes Hispanic),8.5
39,Ohio,39061,Hamilton,2011,2015,Hispanic (all races),
39,Ohio,39061,Hamilton,2011,2015,American Indian/Alaskan Native (includes Hispanic),
39,Ohio,39061,Hamilton,2011,2015,White (includes Hispanic),7.8
39,Ohio,39061,Hamilton,2012,2016,Asian/Pacific Islander (includes Hispanic),
39,Ohio,39061,Hamilton,2012,2016,Black (includes Hispanic),7.7
39,Ohio,39061,Hamilton,2012,2016,Hispanic (all races),
39,Ohio,39061,Hamilton,2012,2016,American Indian/Alaskan Native (includes Hispanic),
39,Ohio,39061,Hamilton,2012,2016,White (includes Hispanic),8.4
39,Ohio,39061,Hamilton,2013,2017,Asian/Pacific Islander (includes Hispanic),
39,Ohio,39061,Hamilton,2013,2017,Black (includes Hispanic),8.0
39,Ohio,39061,Hamilton,2013,2017,Hispanic (all races),
39,Ohio,39061,Hamilton,2013,2017,American Indian/Alaskan Native (includes Hispanic),
39,Ohio,39061,Hamilton,2013,2017,White (includes Hispanic),8.9
39,Ohio,39061,Hamilton,2014,2018,Asian/Pacific Islander (includes Hispanic),
39,Ohio,39061,Hamilton,2014,2018,Black (includes Hispanic),7.7
39,Ohio,39061,Hamilton,2014,2018,Hispanic (all races),
39,Ohio,39061,Hamilton,2014,2018,American Indian/Alaskan Native (includes Hispanic),
39,Ohio,39061,Hamilton,2014,2018,White (includes Hispanic),9.0
39,Ohio,39061,Hamilton,2015,2019,Asian/Pacific Islander (includes Hispanic),
39,Ohio,39061,Hamilton,2015,2019,Black (includes Hispanic),6.8
39,Ohio,39061,Hamilton,2015,2019,Hispanic (all races),
39,Ohio,39061,Hamilton,2015,2019,American Indian/Alaskan Native (includes Hispanic),
39,Ohio,39061,Hamilton,2015,2019,White (includes Hispanic),9.2
39,Ohio,39061,Hamilton,2016,2020,Asian/Pacific Islander (includes Hispanic),
39,Ohio,39061,Hamilton,2016,2020,Black (includes Hispanic),7.5
39,Ohio,39061,Hamilton,2016,2020,Hispanic (all races),
39,Ohio,39061,Hamilton,2016,2020,American Indian/Alaskan Native (includes Hispanic),
39,Ohio,39061,Hamilton,2016,2020,White (includes Hispanic),9.1
39,Ohio,39063,Hancock,2011,2015,Asian/Pacific Islander (includes Hispanic),
39,Ohio,39063,Hancock,2011,2015,Black (includes Hispanic),
39,Ohio,39063,Hancock,2011,2015,Hispanic (all races),
39,Ohio,39063,Hancock,2011,2015,American Indian/Alaskan Native (includes Hispanic),
39,Ohio,39063,Hancock,2011,2015,White (includes Hispanic),7.6
39,Ohio,39063,Hancock,2012,2016,Asian/Pacific Islander (includes Hispanic),
39,Ohio,39063,Hancock,2012,2016,Black (includes Hispanic),
39,Ohio,39063,Hancock,2012,2016,Hispanic (all races),
39,Ohio,39063,Hancock,2012,2016,American Indian/Alaskan Native (includes Hispanic),
39,Ohio,39063,Hancock,2012,2016,White (includes Hispanic),7.9
39,Ohio,39063,Hancock,2013,2017,Asian/Pacific Islander (includes Hispanic),
39,Ohio,39063,Hancock,2013,2017,Black (includes Hispanic),
39,Ohio,39063,Hancock,2013,2017,Hispanic (all races),
39,Ohio,39063,Hancock,2013,2017,American Indian/Alaskan Native (includes Hispanic),
39,Ohio,39063,Hancock,2013,2017,White (includes Hispanic),7.7
39,Ohio,39063,Hancock,2014,2018,Asian/Pacific Islander (includes Hispanic),
39,Ohio,39063,Hancock,2014,2018,Black (includes Hispanic),
39,Ohio,39063,Hancock,2014,2018,Hispanic (all races),
39,Ohio,39063,Hancock,2014,2018,American Indian/Alaskan Native (includes Hispanic),
39,Ohio,39063,Hancock,2014,2018,White (includes Hispanic),7.9
39,Ohio,39063,Hancock,2015,2019,Asian/Pacific Islander (includes Hispanic),
39,Ohio,39063,Hancock,2015,2019,Black (includes Hispanic),
39,Ohio,39063,Hancock,2015,2019,Hispanic (all races),
39,Ohio,39063,Hancock,2015,2019,American Indian/Alaskan Native (includes Hispanic),
39,Ohio,39063,Hancock,2015,2019,White (includes Hispanic),7.6
39,Ohio,39063,Hancock,2016,2020,Asian/Pacific Islander (includes Hispanic),
39,Ohio,39063,Hancock,2016,2020,Black (includes Hispanic),
39,Ohio,39063,Hancock,2016,2020,Hispanic (all races),
39,Ohio,39063,Hancock,2016,2020,American Indian/Alaskan Native (includes Hispanic),
39,Ohio,39063,Hancock,2016,2020,White (includes Hispanic),6.7
39,Ohio,39065,Hardin,2011,2015,Asian/Pacific Islander (includes Hispanic),
39,Ohio,39065,Hardin,2011,2015,Black (includes Hispanic),
39,Ohio,39065,Hardin,2011,2015,Hispanic (all races),
39,Ohio,39065,Hardin,2011,2015,American Indian/Alaskan Native (includes Hispanic),
39,Ohio,39065,Hardin,2011,2015,White (includes Hispanic),11.0
39,Ohio,39065,Hardin,2012,2016,Asian/Pacific Islander (includes Hispanic),
39,Ohio,39065,Hardin,2012,2016,Black (includes Hispanic),
39,Ohio,39065,Hardin,2012,2016,Hispanic (all races),
39,Ohio,39065,Hardin,2012,2016,American Indian/Alaskan Native (includes Hispanic),
39,Ohio,39065,Hardin,2012,2016,White (includes Hispanic),10.8
39,Ohio,39065,Hardin,2013,2017,Asian/Pacific Islander (includes Hispanic),
39,Ohio,39065,Hardin,2013,2017,Black (includes Hispanic),
39,Ohio,39065,Hardin,2013,2017,Hispanic (all races),
39,Ohio,39065,Hardin,2013,2017,American Indian/Alaskan Native (includes Hispanic),
39,Ohio,39065,Hardin,2013,2017,White (includes Hispanic),9.9
39,Ohio,39065,Hardin,2014,2018,Asian/Pacific Islander (includes Hispanic),
39,Ohio,39065,Hardin,2014,2018,Black (includes Hispanic),
39,Ohio,39065,Hardin,2014,2018,Hispanic (all races),
39,Ohio,39065,Hardin,2014,2018,American Indian/Alaskan Native (includes Hispanic),
39,Ohio,39065,Hardin,2014,2018,White (includes Hispanic),9.1
39,Ohio,39065,Hardin,2015,2019,Asian/Pacific Islander (includes Hispanic),
39,Ohio,39065,Hardin,2015,2019,Black (includes Hispanic),
39,Ohio,39065,Hardin,2015,2019,Hispanic (all races),
39,Ohio,39065,Hardin,2015,2019,American Indian/Alaskan Native (includes Hispanic),
39,Ohio,39065,Hardin,2015,2019,White (includes Hispanic),8.7
39,Ohio,39065,Hardin,2016,2020,Asian/Pacific Islander (includes Hispanic),
39,Ohio,39065,Hardin,2016,2020,Black (includes Hispanic),
39,Ohio,39065,Hardin,2016,2020,Hispanic (all races),
39,Ohio,39065,Hardin,2016,2020,American Indian/Alaskan Native (includes Hispanic),
39,Ohio,39065,Hardin,2016,2020,White (includes Hispanic),8.1
39,Ohio,39067,Harrison,2011,2015,Asian/Pacific Islander (includes Hispanic),
39,Ohio,39067,Harrison,2011,2015,Black (includes Hispanic),
39,Ohio,39067,Harrison,2011,2015,Hispanic (all races),
39,Ohio,39067,Harrison,2011,2015,American Indian/Alaskan Native (includes Hispanic),
39,Ohio,39067,Harrison,2011,2015,White (includes Hispanic),9.5
39,Ohio,39067,Harrison,2012,2016,Asian/Pacific Islander (includes Hispanic),
39,Ohio,39067,Harrison,2012,2016,Black (includes Hispanic),
39,Ohio,39067,Harrison,2012,2016,Hispanic (all races),
39,Ohio,39067,Harrison,2012,2016,American Indian/Alaskan Native (includes Hispanic),
39,Ohio,39067,Harrison,2012,2016,White (includes Hispanic),10.8
39,Ohio,39067,Harrison,2013,2017,Asian/Pacific Islander (includes Hispanic),
39,Ohio,39067,Harrison,2013,2017,Black (includes Hispanic),
39,Ohio,39067,Harrison,2013,2017,Hispanic (all races),
39,Ohio,39067,Harrison,2013,2017,American Indian/Alaskan Native (includes Hispanic),
39,Ohio,39067,Harrison,2013,2017,White (includes Hispanic),10.8
39,Ohio,39067,Harrison,2014,2018,Asian/Pacific Islander (includes Hispanic),
39,Ohio,39067,Harrison,2014,2018,Black (includes Hispanic),
39,Ohio,39067,Harrison,2014,2018,Hispanic (all races),
39,Ohio,39067,Harrison,2014,2018,American Indian/Alaskan Native (includes Hispanic),
39,Ohio,39067,Harrison,2014,2018,White (includes Hispanic),9.8
39,Ohio,39067,Harrison,2015,2019,Asian/Pacific Islander (includes Hispanic),
39,Ohio,39067,Harrison,2015,2019,Black (includes Hispanic),
39,Ohio,39067,Harrison,2015,2019,Hispanic (all races),
39,Ohio,39067,Harrison,2015,2019,American Indian/Alaskan Native (includes Hispanic),
39,Ohio,39067,Harrison,2015,2019,White (includes Hispanic),9.8
39,Ohio,39067,Harrison,2016,2020,Asian/Pacific Islander (includes Hispanic),
39,Ohio,39067,Harrison,2016,2020,Black (includes Hispanic),
39,Ohio,39067,Harrison,2016,2020,Hispanic (all races),
39,Ohio,39067,Harrison,2016,2020,American Indian/Alaskan Native (includes Hispanic),
39,Ohio,39067,Harrison,2016,2020,White (includes Hispanic),9.6
39,Ohio,39069,Henry,2011,2015,Asian/Pacific Islander (includes Hispanic),
39,Ohio,39069,Henry,2011,2015,Black (includes Hispanic),
39,Ohio,39069,Henry,2011,2015,Hispanic (all races),
39,Ohio,39069,Henry,2011,2015,American Indian/Alaskan Native (includes Hispanic),
39,Ohio,39069,Henry,2011,2015,White (includes Hispanic),8.0
39,Ohio,39069,Henry,2012,2016,Asian/Pacific Islander (includes Hispanic),
39,Ohio,39069,Henry,2012,2016,Black (includes Hispanic),
39,Ohio,39069,Henry,2012,2016,Hispanic (all races),
39,Ohio,39069,Henry,2012,2016,American Indian/Alaskan Native (includes Hispanic),
39,Ohio,39069,Henry,2012,2016,White (includes Hispanic),7.4
39,Ohio,39069,Henry,2013,2017,Asian/Pacific Islander (includes Hispanic),
39,Ohio,39069,Henry,2013,2017,Black (includes Hispanic),
39,Ohio,39069,Henry,2013,2017,Hispanic (all races),
39,Ohio,39069,Henry,2013,2017,American Indian/Alaskan Native (includes Hispanic),
39,Ohio,39069,Henry,2013,2017,White (includes Hispanic),7.4
39,Ohio,39069,Henry,2014,2018,Asian/Pacific Islander (includes Hispanic),
39,Ohio,39069,Henry,2014,2018,Black (includes Hispanic),
39,Ohio,39069,Henry,2014,2018,Hispanic (all races),
39,Ohio,39069,Henry,2014,2018,American Indian/Alaskan Native (includes Hispanic),
39,Ohio,39069,Henry,2014,2018,White (includes Hispanic),8.2
39,Ohio,39069,Henry,2015,2019,Asian/Pacific Islander (includes Hispanic),
39,Ohio,39069,Henry,2015,2019,Black (includes Hispanic),
39,Ohio,39069,Henry,2015,2019,Hispanic (all races),
39,Ohio,39069,Henry,2015,2019,American Indian/Alaskan Native (includes Hispanic),
39,Ohio,39069,Henry,2015,2019,White (includes Hispanic),7.9
39,Ohio,39069,Henry,2016,2020,Asian/Pacific Islander (includes Hispanic),
39,Ohio,39069,Henry,2016,2020,Black (includes Hispanic),
39,Ohio,39069,Henry,2016,2020,Hispanic (all races),
39,Ohio,39069,Henry,2016,2020,American Indian/Alaskan Native (includes Hispanic),
39,Ohio,39069,Henry,2016,2020,White (includes Hispanic),7.7
39,Ohio,39071,Highland,2011,2015,Asian/Pacific Islander (includes Hispanic),
39,Ohio,39071,Highland,2011,2015,Black (includes Hispanic),
39,Ohio,39071,Highland,2011,2015,Hispanic (all races),
39,Ohio,39071,Highland,2011,2015,American Indian/Alaskan Native (includes Hispanic),
39,Ohio,39071,Highland,2011,2015,White (includes Hispanic),13.2
39,Ohio,39071,Highland,2012,2016,Asian/Pacific Islander (includes Hispanic),
39,Ohio,39071,Highland,2012,2016,Black (includes Hispanic),
39,Ohio,39071,Highland,2012,2016,Hispanic (all races),
39,Ohio,39071,Highland,2012,2016,American Indian/Alaskan Native (includes Hispanic),
39,Ohio,39071,Highland,2012,2016,White (includes Hispanic),12.7
39,Ohio,39071,Highland,2013,2017,Asian/Pacific Islander (includes Hispanic),
39,Ohio,39071,Highland,2013,2017,Black (includes Hispanic),
39,Ohio,39071,Highland,2013,2017,Hispanic (all races),
39,Ohio,39071,Highland,2013,2017,American Indian/Alaskan Native (includes Hispanic),
39,Ohio,39071,Highland,2013,2017,White (includes Hispanic),13.9
39,Ohio,39071,Highland,2014,2018,Asian/Pacific Islander (includes Hispanic),
39,Ohio,39071,Highland,2014,2018,Black (includes Hispanic),
39,Ohio,39071,Highland,2014,2018,Hispanic (all races),
39,Ohio,39071,Highland,2014,2018,American Indian/Alaskan Native (includes Hispanic),
39,Ohio,39071,Highland,2014,2018,White (includes Hispanic),13.4
39,Ohio,39071,Highland,2015,2019,Asian/Pacific Islander (includes Hispanic),
39,Ohio,39071,Highland,2015,2019,Black (includes Hispanic),
39,Ohio,39071,Highland,2015,2019,Hispanic (all races),
39,Ohio,39071,Highland,2015,2019,American Indian/Alaskan Native (includes Hispanic),
39,Ohio,39071,Highland,2015,2019,White (includes Hispanic),12.5
39,Ohio,39071,Highland,2016,2020,Asian/Pacific Islander (includes Hispanic),
39,Ohio,39071,Highland,2016,2020,Black (includes Hispanic),
39,Ohio,39071,Highland,2016,2020,Hispanic (all races),
39,Ohio,39071,Highland,2016,2020,American Indian/Alaskan Native (includes Hispanic),
39,Ohio,39071,Highland,2016,2020,White (includes Hispanic),10.2
39,Ohio,39073,Hocking,2011,2015,Asian/Pacific Islander (includes Hispanic),
39,Ohio,39073,Hocking,2011,2015,Black (includes Hispanic),
39,Ohio,39073,Hocking,2011,2015,Hispanic (all races),
39,Ohio,39073,Hocking,2011,2015,American Indian/Alaskan Native (includes Hispanic),
39,Ohio,39073,Hocking,2011,2015,White (includes Hispanic),8.7
39,Ohio,39073,Hocking,2012,2016,Asian/Pacific Islander (includes Hispanic),
39,Ohio,39073,Hocking,2012,2016,Black (includes Hispanic),
39,Ohio,39073,Hocking,2012,2016,Hispanic (all races),
39,Ohio,39073,Hocking,2012,2016,American Indian/Alaskan Native (includes Hispanic),
39,Ohio,39073,Hocking,2012,2016,White (includes Hispanic),8.7
39,Ohio,39073,Hocking,2013,2017,Asian/Pacific Islander (includes Hispanic),
39,Ohio,39073,Hocking,2013,2017,Black (includes Hispanic),
39,Ohio,39073,Hocking,2013,2017,Hispanic (all races),
39,Ohio,39073,Hocking,2013,2017,American Indian/Alaskan Native (includes Hispanic),
39,Ohio,39073,Hocking,2013,2017,White (includes Hispanic),8.4
39,Ohio,39073,Hocking,2014,2018,Asian/Pacific Islander (includes Hispanic),
39,Ohio,39073,Hocking,2014,2018,Black (includes Hispanic),
39,Ohio,39073,Hocking,2014,2018,Hispanic (all races),
39,Ohio,39073,Hocking,2014,2018,American Indian/Alaskan Native (includes Hispanic),
39,Ohio,39073,Hocking,2014,2018,White (includes Hispanic),7.8
39,Ohio,39073,Hocking,2015,2019,Asian/Pacific Islander (includes Hispanic),
39,Ohio,39073,Hocking,2015,2019,Black (includes Hispanic),
39,Ohio,39073,Hocking,2015,2019,Hispanic (all races),
39,Ohio,39073,Hocking,2015,2019,American Indian/Alaskan Native (includes Hispanic),
39,Ohio,39073,Hocking,2015,2019,White (includes Hispanic),7.9
39,Ohio,39073,Hocking,2016,2020,Asian/Pacific Islander (includes Hispanic),
39,Ohio,39073,Hocking,2016,2020,Black (includes Hispanic),
39,Ohio,39073,Hocking,2016,2020,Hispanic (all races),
39,Ohio,39073,Hocking,2016,2020,American Indian/Alaskan Native (includes Hispanic),
39,Ohio,39073,Hocking,2016,2020,White (includes Hispanic),8.0
39,Ohio,39075,Holmes,2011,2015,Asian/Pacific Islander (includes Hispanic),
39,Ohio,39075,Holmes,2011,2015,Black (includes Hispanic),
39,Ohio,39075,Holmes,2011,2015,Hispanic (all races),
39,Ohio,39075,Holmes,2011,2015,American Indian/Alaskan Native (includes Hispanic),
39,Ohio,39075,Holmes,2011,2015,White (includes Hispanic),6.8
39,Ohio,39075,Holmes,2012,2016,Asian/Pacific Islander (includes Hispanic),
39,Ohio,39075,Holmes,2012,2016,Black (includes Hispanic),
39,Ohio,39075,Holmes,2012,2016,Hispanic (all races),
39,Ohio,39075,Holmes,2012,2016,American Indian/Alaskan Native (includes Hispanic),
39,Ohio,39075,Holmes,2012,2016,White (includes Hispanic),7.2
39,Ohio,39075,Holmes,2013,2017,Asian/Pacific Islander (includes Hispanic),
39,Ohio,39075,Holmes,2013,2017,Black (includes Hispanic),
39,Ohio,39075,Holmes,2013,2017,Hispanic (all races),
39,Ohio,39075,Holmes,2013,2017,American Indian/Alaskan Native (includes Hispanic),
39,Ohio,39075,Holmes,2013,2017,White (includes Hispanic),7.3
39,Ohio,39075,Holmes,2014,2018,Asian/Pacific Islander (includes Hispanic),
39,Ohio,39075,Holmes,2014,2018,Black (includes Hispanic),
39,Ohio,39075,Holmes,2014,2018,Hispanic (all races),
39,Ohio,39075,Holmes,2014,2018,American Indian/Alaskan Native (includes Hispanic),
39,Ohio,39075,Holmes,2014,2018,White (includes Hispanic),7.8
39,Ohio,39075,Holmes,2015,2019,Asian/Pacific Islander (includes Hispanic),
39,Ohio,39075,Holmes,2015,2019,Black (includes Hispanic),
39,Ohio,39075,Holmes,2015,2019,Hispanic (all races),
39,Ohio,39075,Holmes,2015,2019,American Indian/Alaskan Native (includes Hispanic),
39,Ohio,39075,Holmes,2015,2019,White (includes Hispanic),7.8
39,Ohio,39075,Holmes,2016,2020,Asian/Pacific Islander (includes Hispanic),
39,Ohio,39075,Holmes,2016,2020,Black (includes Hispanic),
39,Ohio,39075,Holmes,2016,2020,Hispanic (all races),
39,Ohio,39075,Holmes,2016,2020,American Indian/Alaskan Native (includes Hispanic),
39,Ohio,39075,Holmes,2016,2020,White (includes Hispanic),7.9
39,Ohio,39077,Huron,2011,2015,Asian/Pacific Islander (includes Hispanic),
39,Ohio,39077,Huron,2011,2015,Black (includes Hispanic),
39,Ohio,39077,Huron,2011,2015,Hispanic (all races),
39,Ohio,39077,Huron,2011,2015,American Indian/Alaskan Native (includes Hispanic),
39,Ohio,39077,Huron,2011,2015,White (includes Hispanic),8.4
39,Ohio,39077,Huron,2012,2016,Asian/Pacific Islander (includes Hispanic),
39,Ohio,39077,Huron,2012,2016,Black (includes Hispanic),
39,Ohio,39077,Huron,2012,2016,Hispanic (all races),
39,Ohio,39077,Huron,2012,2016,American Indian/Alaskan Native (includes Hispanic),
39,Ohio,39077,Huron,2012,2016,White (includes Hispanic),8.5
39,Ohio,39077,Huron,2013,2017,Asian/Pacific Islander (includes Hispanic),
39,Ohio,39077,Huron,2013,2017,Black (includes Hispanic),
39,Ohio,39077,Huron,2013,2017,Hispanic (all races),
39,Ohio,39077,Huron,2013,2017,American Indian/Alaskan Native (includes Hispanic),
39,Ohio,39077,Huron,2013,2017,White (includes Hispanic),8.7
39,Ohio,39077,Huron,2014,2018,Asian/Pacific Islander (includes Hispanic),
39,Ohio,39077,Huron,2014,2018,Black (includes Hispanic),
39,Ohio,39077,Huron,2014,2018,Hispanic (all races),
39,Ohio,39077,Huron,2014,2018,American Indian/Alaskan Native (includes Hispanic),
39,Ohio,39077,Huron,2014,2018,White (includes Hispanic),8.3
39,Ohio,39077,Huron,2015,2019,Asian/Pacific Islander (includes Hispanic),
39,Ohio,39077,Huron,2015,2019,Black (includes Hispanic),
39,Ohio,39077,Huron,2015,2019,Hispanic (all races),
39,Ohio,39077,Huron,2015,2019,American Indian/Alaskan Native (includes Hispanic),
39,Ohio,39077,Huron,2015,2019,White (includes Hispanic),8.4
39,Ohio,39077,Huron,2016,2020,Asian/Pacific Islander (includes Hispanic),
39,Ohio,39077,Huron,2016,2020,Black (includes Hispanic),
39,Ohio,39077,Huron,2016,2020,Hispanic (all races),
39,Ohio,39077,Huron,2016,2020,American Indian/Alaskan Native (includes Hispanic),
39,Ohio,39077,Huron,2016,2020,White (includes Hispanic),7.6
39,Ohio,39079,Jackson,2011,2015,Asian/Pacific Islander (includes Hispanic),
39,Ohio,39079,Jackson,2011,2015,Black (includes Hispanic),
39,Ohio,39079,Jackson,2011,2015,Hispanic (all races),
39,Ohio,39079,Jackson,2011,2015,American Indian/Alaskan Native (includes Hispanic),
39,Ohio,39079,Jackson,2011,2015,White (includes Hispanic),11.4
39,Ohio,39079,Jackson,2012,2016,Asian/Pacific Islander (includes Hispanic),
39,Ohio,39079,Jackson,2012,2016,Black (includes Hispanic),
39,Ohio,39079,Jackson,2012,2016,Hispanic (all races),
39,Ohio,39079,Jackson,2012,2016,American Indian/Alaskan Native (includes Hispanic),
39,Ohio,39079,Jackson,2012,2016,White (includes Hispanic),10.4
39,Ohio,39079,Jackson,2013,2017,Asian/Pacific Islander (includes Hispanic),
39,Ohio,39079,Jackson,2013,2017,Black (includes Hispanic),
39,Ohio,39079,Jackson,2013,2017,Hispanic (all races),
39,Ohio,39079,Jackson,2013,2017,American Indian/Alaskan Native (includes Hispanic),
39,Ohio,39079,Jackson,2013,2017,White (includes Hispanic),10.9
39,Ohio,39079,Jackson,2014,2018,Asian/Pacific Islander (includes Hispanic),
39,Ohio,39079,Jackson,2014,2018,Black (includes Hispanic),
39,Ohio,39079,Jackson,2014,2018,Hispanic (all races),
39,Ohio,39079,Jackson,2014,2018,American Indian/Alaskan Native (includes Hispanic),
39,Ohio,39079,Jackson,2014,2018,White (includes Hispanic),11.1
39,Ohio,39079,Jackson,2015,2019,Asian/Pacific Islander (includes Hispanic),
39,Ohio,39079,Jackson,2015,2019,Black (includes Hispanic),
39,Ohio,39079,Jackson,2015,2019,Hispanic (all races),
39,Ohio,39079,Jackson,2015,2019,American Indian/Alaskan Native (includes Hispanic),
39,Ohio,39079,Jackson,2015,2019,White (includes Hispanic),11.4
39,Ohio,39079,Jackson,2016,2020,Asian/Pacific Islander (includes Hispanic),
39,Ohio,39079,Jackson,2016,2020,Black (includes Hispanic),
39,Ohio,39079,Jackson,2016,2020,Hispanic (all races),
39,Ohio,39079,Jackson,2016,2020,American Indian/Alaskan Native (includes Hispanic),
39,Ohio,39079,Jackson,2016,2020,White (includes Hispanic),10.4
39,Ohio,39081,Jefferson,2011,2015,Asian/Pacific Islander (includes Hispanic),
39,Ohio,39081,Jefferson,2011,2015,Black (includes Hispanic),
39,Ohio,39081,Jefferson,2011,2015,Hispanic (all races),
39,Ohio,39081,Jefferson,2011,2015,American Indian/Alaskan Native (includes Hispanic),
39,Ohio,39081,Jefferson,2011,2015,White (includes Hispanic),9.3
39,Ohio,39081,Jefferson,2012,2016,Asian/Pacific Islander (includes Hispanic),
39,Ohio,39081,Jefferson,2012,2016,Black (includes Hispanic),
39,Ohio,39081,Jefferson,2012,2016,Hispanic (all races),
39,Ohio,39081,Jefferson,2012,2016,American Indian/Alaskan Native (includes Hispanic),
39,Ohio,39081,Jefferson,2012,2016,White (includes Hispanic),11.0
39,Ohio,39081,Jefferson,2013,2017,Asian/Pacific Islander (includes Hispanic),
39,Ohio,39081,Jefferson,2013,2017,Black (includes Hispanic),
39,Ohio,39081,Jefferson,2013,2017,Hispanic (all races),
39,Ohio,39081,Jefferson,2013,2017,American Indian/Alaskan Native (includes Hispanic),
39,Ohio,39081,Jefferson,2013,2017,White (includes Hispanic),10.7
39,Ohio,39081,Jefferson,2014,2018,Asian/Pacific Islander (includes Hispanic),
39,Ohio,39081,Jefferson,2014,2018,Black (includes Hispanic),
39,Ohio,39081,Jefferson,2014,2018,Hispanic (all races),
39,Ohio,39081,Jefferson,2014,2018,American Indian/Alaskan Native (includes Hispanic),
39,Ohio,39081,Jefferson,2014,2018,White (includes Hispanic),9.6
39,Ohio,39081,Jefferson,2015,2019,Asian/Pacific Islander (includes Hispanic),
39,Ohio,39081,Jefferson,2015,2019,Black (includes Hispanic),
39,Ohio,39081,Jefferson,2015,2019,Hispanic (all races),
39,Ohio,39081,Jefferson,2015,2019,American Indian/Alaskan Native (includes Hispanic),
39,Ohio,39081,Jefferson,2015,2019,White (includes Hispanic),8.9
39,Ohio,39081,Jefferson,2016,2020,Asian/Pacific Islander (includes Hispanic),
39,Ohio,39081,Jefferson,2016,2020,Black (includes Hispanic),
39,Ohio,39081,Jefferson,2016,2020,Hispanic (all races),
39,Ohio,39081,Jefferson,2016,2020,American Indian/Alaskan Native (includes Hispanic),
39,Ohio,39081,Jefferson,2016,2020,White (includes Hispanic),8.0
39,Ohio,39083,Knox,2011,2015,Asian/Pacific Islander (includes Hispanic),
39,Ohio,39083,Knox,2011,2015,Black (includes Hispanic),
39,Ohio,39083,Knox,2011,2015,Hispanic (all races),
39,Ohio,39083,Knox,2011,2015,American Indian/Alaskan Native (includes Hispanic),
39,Ohio,39083,Knox,2011,2015,White (includes Hispanic),7.2
39,Ohio,39083,Knox,2012,2016,Asian/Pacific Islander (includes Hispanic),
39,Ohio,39083,Knox,2012,2016,Black (includes Hispanic),
39,Ohio,39083,Knox,2012,2016,Hispanic (all races),
39,Ohio,39083,Knox,2012,2016,American Indian/Alaskan Native (includes Hispanic),
39,Ohio,39083,Knox,2012,2016,White (includes Hispanic),6.9
39,Ohio,39083,Knox,2013,2017,Asian/Pacific Islander (includes Hispanic),
39,Ohio,39083,Knox,2013,2017,Black (includes Hispanic),
39,Ohio,39083,Knox,2013,2017,Hispanic (all races),
39,Ohio,39083,Knox,2013,2017,American Indian/Alaskan Native (includes Hispanic),
39,Ohio,39083,Knox,2013,2017,White (includes Hispanic),7.1
39,Ohio,39083,Knox,2014,2018,Asian/Pacific Islander (includes Hispanic),
39,Ohio,39083,Knox,2014,2018,Black (includes Hispanic),
39,Ohio,39083,Knox,2014,2018,Hispanic (all races),
39,Ohio,39083,Knox,2014,2018,American Indian/Alaskan Native (includes Hispanic),
39,Ohio,39083,Knox,2014,2018,White (includes Hispanic),6.8
39,Ohio,39083,Knox,2015,2019,Asian/Pacific Islander (includes Hispanic),
39,Ohio,39083,Knox,2015,2019,Black (includes Hispanic),
39,Ohio,39083,Knox,2015,2019,Hispanic (all races),
39,Ohio,39083,Knox,2015,2019,American Indian/Alaskan Native (includes Hispanic),
39,Ohio,39083,Knox,2015,2019,White (includes Hispanic),7.3
39,Ohio,39083,Knox,2016,2020,Asian/Pacific Islander (includes Hispanic),
39,Ohio,39083,Knox,2016,2020,Black (includes Hispanic),
39,Ohio,39083,Knox,2016,2020,Hispanic (all races),
39,Ohio,39083,Knox,2016,2020,American Indian/Alaskan Native (includes Hispanic),
39,Ohio,39083,Knox,2016,2020,White (includes Hispanic),7.0
39,Ohio,39085,Lake,2011,2015,Asian/Pacific Islander (includes Hispanic),
39,Ohio,39085,Lake,2011,2015,Black (includes Hispanic),6.2
39,Ohio,39085,Lake,2011,2015,Hispanic (all races),
39,Ohio,39085,Lake,2011,2015,American Indian/Alaskan Native (includes Hispanic),
39,Ohio,39085,Lake,2011,2015,White (includes Hispanic),6.5
39,Ohio,39085,Lake,2012,2016,Asian/Pacific Islander (includes Hispanic),
39,Ohio,39085,Lake,2012,2016,Black (includes Hispanic),6.5
39,Ohio,39085,Lake,2012,2016,Hispanic (all races),
39,Ohio,39085,Lake,2012,2016,American Indian/Alaskan Native (includes Hispanic),
39,Ohio,39085,Lake,2012,2016,White (includes Hispanic),5.9
39,Ohio,39085,Lake,2013,2017,Asian/Pacific Islander (includes Hispanic),
39,Ohio,39085,Lake,2013,2017,Black (includes Hispanic),7.3
39,Ohio,39085,Lake,2013,2017,Hispanic (all races),
39,Ohio,39085,Lake,2013,2017,American Indian/Alaskan Native (includes Hispanic),
39,Ohio,39085,Lake,2013,2017,White (includes Hispanic),6.3
39,Ohio,39085,Lake,2014,2018,Asian/Pacific Islander (includes Hispanic),
39,Ohio,39085,Lake,2014,2018,Black (includes Hispanic),7.2
39,Ohio,39085,Lake,2014,2018,Hispanic (all races),
39,Ohio,39085,Lake,2014,2018,American Indian/Alaskan Native (includes Hispanic),
39,Ohio,39085,Lake,2014,2018,White (includes Hispanic),6.4
39,Ohio,39085,Lake,2015,2019,Asian/Pacific Islander (includes Hispanic),
39,Ohio,39085,Lake,2015,2019,Black (includes Hispanic),8.2
39,Ohio,39085,Lake,2015,2019,Hispanic (all races),
39,Ohio,39085,Lake,2015,2019,American Indian/Alaskan Native (includes Hispanic),
39,Ohio,39085,Lake,2015,2019,White (includes Hispanic),6.7
39,Ohio,39085,Lake,2016,2020,Asian/Pacific Islander (includes Hispanic),
39,Ohio,39085,Lake,2016,2020,Black (includes Hispanic),8.3
39,Ohio,39085,Lake,2016,2020,Hispanic (all races),
39,Ohio,39085,Lake,2016,2020,American Indian/Alaskan Native (includes Hispanic),
39,Ohio,39085,Lake,2016,2020,White (includes Hispanic),6.7
39,Ohio,39087,Lawrence,2011,2015,Asian/Pacific Islander (includes Hispanic),
39,Ohio,39087,Lawrence,2011,2015,Black (includes Hispanic),
39,Ohio,39087,Lawrence,2011,2015,Hispanic (all races),
39,Ohio,39087,Lawrence,2011,2015,American Indian/Alaskan Native (includes Hispanic),
39,Ohio,39087,Lawrence,2011,2015,White (includes Hispanic),10.3
39,Ohio,39087,Lawrence,2012,2016,Asian/Pacific Islander (includes Hispanic),
39,Ohio,39087,Lawrence,2012,2016,Black (includes Hispanic),
39,Ohio,39087,Lawrence,2012,2016,Hispanic (all races),
39,Ohio,39087,Lawrence,2012,2016,American Indian/Alaskan Native (includes Hispanic),
39,Ohio,39087,Lawrence,2012,2016,White (includes Hispanic),9.8
39,Ohio,39087,Lawrence,2013,2017,Asian/Pacific Islander (includes Hispanic),
39,Ohio,39087,Lawrence,2013,2017,Black (includes Hispanic),
39,Ohio,39087,Lawrence,2013,2017,Hispanic (all races),
39,Ohio,39087,Lawrence,2013,2017,American Indian/Alaskan Native (includes Hispanic),
39,Ohio,39087,Lawrence,2013,2017,White (includes Hispanic),10.7
39,Ohio,39087,Lawrence,2014,2018,Asian/Pacific Islander (includes Hispanic),
39,Ohio,39087,Lawrence,2014,2018,Black (includes Hispanic),
39,Ohio,39087,Lawrence,2014,2018,Hispanic (all races),
39,Ohio,39087,Lawrence,2014,2018,American Indian/Alaskan Native (includes Hispanic),
39,Ohio,39087,Lawrence,2014,2018,White (includes Hispanic),12.2
39,Ohio,39087,Lawrence,2015,2019,Asian/Pacific Islander (includes Hispanic),
39,Ohio,39087,Lawrence,2015,2019,Black (includes Hispanic),
39,Ohio,39087,Lawrence,2015,2019,Hispanic (all races),
39,Ohio,39087,Lawrence,2015,2019,American Indian/Alaskan Native (includes Hispanic),
39,Ohio,39087,Lawrence,2015,2019,White (includes Hispanic),13.3
39,Ohio,39087,Lawrence,2016,2020,Asian/Pacific Islander (includes Hispanic),
39,Ohio,39087,Lawrence,2016,2020,Black (includes Hispanic),
39,Ohio,39087,Lawrence,2016,2020,Hispanic (all races),
39,Ohio,39087,Lawrence,2016,2020,American Indian/Alaskan Native (includes Hispanic),
39,Ohio,39087,Lawrence,2016,2020,White (includes Hispanic),13.5
39,Ohio,39089,Licking,2011,2015,Asian/Pacific Islander (includes Hispanic),
39,Ohio,39089,Licking,2011,2015,Black (includes Hispanic),6.7
39,Ohio,39089,Licking,2011,2015,Hispanic (all races),
39,Ohio,39089,Licking,2011,2015,American Indian/Alaskan Native (includes Hispanic),
39,Ohio,39089,Licking,2011,2015,White (includes Hispanic),7.6
39,Ohio,39089,Licking,2012,2016,Asian/Pacific Islander (includes Hispanic),
39,Ohio,39089,Licking,2012,2016,Black (includes Hispanic),8.5
39,Ohio,39089,Licking,2012,2016,Hispanic (all races),
39,Ohio,39089,Licking,2012,2016,American Indian/Alaskan Native (includes Hispanic),
39,Ohio,39089,Licking,2012,2016,White (includes Hispanic),7.3
39,Ohio,39089,Licking,2013,2017,Asian/Pacific Islander (includes Hispanic),
39,Ohio,39089,Licking,2013,2017,Black (includes Hispanic),9.3
39,Ohio,39089,Licking,2013,2017,Hispanic (all races),
39,Ohio,39089,Licking,2013,2017,American Indian/Alaskan Native (includes Hispanic),
39,Ohio,39089,Licking,2013,2017,White (includes Hispanic),7.3
39,Ohio,39089,Licking,2014,2018,Asian/Pacific Islander (includes Hispanic),
39,Ohio,39089,Licking,2014,2018,Black (includes Hispanic),9.4
39,Ohio,39089,Licking,2014,2018,Hispanic (all races),
39,Ohio,39089,Licking,2014,2018,American Indian/Alaskan Native (includes Hispanic),
39,Ohio,39089,Licking,2014,2018,White (includes Hispanic),7.5
39,Ohio,39089,Licking,2015,2019,Asian/Pacific Islander (includes Hispanic),
39,Ohio,39089,Licking,2015,2019,Black (includes Hispanic),8.4
39,Ohio,39089,Licking,2015,2019,Hispanic (all races),
39,Ohio,39089,Licking,2015,2019,American Indian/Alaskan Native (includes Hispanic),
39,Ohio,39089,Licking,2015,2019,White (includes Hispanic),8.1
39,Ohio,39089,Licking,2016,2020,Asian/Pacific Islander (includes Hispanic),
39,Ohio,39089,Licking,2016,2020,Black (includes Hispanic),8.1
39,Ohio,39089,Licking,2016,2020,Hispanic (all races),
39,Ohio,39089,Licking,2016,2020,American Indian/Alaskan Native (includes Hispanic),
39,Ohio,39089,Licking,2016,2020,White (includes Hispanic),7.7
39,Ohio,39091,Logan,2011,2015,Asian/Pacific Islander (includes Hispanic),
39,Ohio,39091,Logan,2011,2015,Black (includes Hispanic),
39,Ohio,39091,Logan,2011,2015,Hispanic (all races),
39,Ohio,39091,Logan,2011,2015,American Indian/Alaskan Native (includes Hispanic),
39,Ohio,39091,Logan,2011,2015,White (includes Hispanic),9.1
39,Ohio,39091,Logan,2012,2016,Asian/Pacific Islander (includes Hispanic),
39,Ohio,39091,Logan,2012,2016,Black (includes Hispanic),
39,Ohio,39091,Logan,2012,2016,Hispanic (all races),
39,Ohio,39091,Logan,2012,2016,American Indian/Alaskan Native (includes Hispanic),
39,Ohio,39091,Logan,2012,2016,White (includes Hispanic),9.6
39,Ohio,39091,Logan,2013,2017,Asian/Pacific Islander (includes Hispanic),
39,Ohio,39091,Logan,2013,2017,Black (includes Hispanic),
39,Ohio,39091,Logan,2013,2017,Hispanic (all races),
39,Ohio,39091,Logan,2013,2017,American Indian/Alaskan Native (includes Hispanic),
39,Ohio,39091,Logan,2013,2017,White (includes Hispanic),10.0
39,Ohio,39091,Logan,2014,2018,Asian/Pacific Islander (includes Hispanic),
39,Ohio,39091,Logan,2014,2018,Black (includes Hispanic),
39,Ohio,39091,Logan,2014,2018,Hispanic (all races),
39,Ohio,39091,Logan,2014,2018,American Indian/Alaskan Native (includes Hispanic),
39,Ohio,39091,Logan,2014,2018,White (includes Hispanic),10.5
39,Ohio,39091,Logan,2015,2019,Asian/Pacific Islander (includes Hispanic),
39,Ohio,39091,Logan,2015,2019,Black (includes Hispanic),
39,Ohio,39091,Logan,2015,2019,Hispanic (all races),
39,Ohio,39091,Logan,2015,2019,American Indian/Alaskan Native (includes Hispanic),
39,Ohio,39091,Logan,2015,2019,White (includes Hispanic),11.1
39,Ohio,39091,Logan,2016,2020,Asian/Pacific Islander (includes Hispanic),
39,Ohio,39091,Logan,2016,2020,Black (includes Hispanic),
39,Ohio,39091,Logan,2016,2020,Hispanic (all races),
39,Ohio,39091,Logan,2016,2020,American Indian/Alaskan Native (includes Hispanic),
39,Ohio,39091,Logan,2016,2020,White (includes Hispanic),10.3
39,Ohio,39093,Lorain,2011,2015,Asian/Pacific Islander (includes Hispanic),
39,Ohio,39093,Lorain,2011,2015,Black (includes Hispanic),6.3
39,Ohio,39093,Lorain,2011,2015,Hispanic (all races),
39,Ohio,39093,Lorain,2011,2015,American Indian/Alaskan Native (includes Hispanic),
39,Ohio,39093,Lorain,2011,2015,White (includes Hispanic),7.0
39,Ohio,39093,Lorain,2012,2016,Asian/Pacific Islander (includes Hispanic),
39,Ohio,39093,Lorain,2012,2016,Black (includes Hispanic),6.6
39,Ohio,39093,Lorain,2012,2016,Hispanic (all races),8.5
39,Ohio,39093,Lorain,2012,2016,American Indian/Alaskan Native (includes Hispanic),
39,Ohio,39093,Lorain,2012,2016,White (includes Hispanic),6.7
39,Ohio,39093,Lorain,2013,2017,Asian/Pacific Islander (includes Hispanic),
39,Ohio,39093,Lorain,2013,2017,Black (includes Hispanic),7.3
39,Ohio,39093,Lorain,2013,2017,Hispanic (all races),9.4
39,Ohio,39093,Lorain,2013,2017,American Indian/Alaskan Native (includes Hispanic),
39,Ohio,39093,Lorain,2013,2017,White (includes Hispanic),7.0
39,Ohio,39093,Lorain,2014,2018,Asian/Pacific Islander (includes Hispanic),
39,Ohio,39093,Lorain,2014,2018,Black (includes Hispanic),7.1
39,Ohio,39093,Lorain,2014,2018,Hispanic (all races),9.0
39,Ohio,39093,Lorain,2014,2018,American Indian/Alaskan Native (includes Hispanic),
39,Ohio,39093,Lorain,2014,2018,White (includes Hispanic),7.0
39,Ohio,39093,Lorain,2015,2019,Asian/Pacific Islander (includes Hispanic),
39,Ohio,39093,Lorain,2015,2019,Black (includes Hispanic),8.0
39,Ohio,39093,Lorain,2015,2019,Hispanic (all races),10.3
39,Ohio,39093,Lorain,2015,2019,American Indian/Alaskan Native (includes Hispanic),
39,Ohio,39093,Lorain,2015,2019,White (includes Hispanic),6.7
39,Ohio,39093,Lorain,2016,2020,Asian/Pacific Islander (includes Hispanic),
39,Ohio,39093,Lorain,2016,2020,Black (includes Hispanic),8.0
39,Ohio,39093,Lorain,2016,2020,Hispanic (all races),11.8
39,Ohio,39093,Lorain,2016,2020,American Indian/Alaskan Native (includes Hispanic),
39,Ohio,39093,Lorain,2016,2020,White (includes Hispanic),6.7
39,Ohio,39095,Lucas,2011,2015,Asian/Pacific Islander (includes Hispanic),
39,Ohio,39095,Lucas,2011,2015,Black (includes Hispanic),
39,Ohio,39095,Lucas,2011,2015,Hispanic (all races),
39,Ohio,39095,Lucas,2011,2015,American Indian/Alaskan Native (includes Hispanic),
39,Ohio,39095,Lucas,2011,2015,White (includes Hispanic),7.8
39,Ohio,39095,Lucas,2012,2016,Asian/Pacific Islander (includes Hispanic),
39,Ohio,39095,Lucas,2012,2016,Black (includes Hispanic),
39,Ohio,39095,Lucas,2012,2016,Hispanic (all races),
39,Ohio,39095,Lucas,2012,2016,American Indian/Alaskan Native (includes Hispanic),
39,Ohio,39095,Lucas,2012,2016,White (includes Hispanic),7.8
39,Ohio,39095,Lucas,2013,2017,Asian/Pacific Islander (includes Hispanic),
39,Ohio,39095,Lucas,2013,2017,Black (includes Hispanic),
39,Ohio,39095,Lucas,2013,2017,Hispanic (all races),
39,Ohio,39095,Lucas,2013,2017,American Indian/Alaskan Native (includes Hispanic),
39,Ohio,39095,Lucas,2013,2017,White (includes Hispanic),7.6
39,Ohio,39095,Lucas,2014,2018,Asian/Pacific Islander (includes Hispanic),
39,Ohio,39095,Lucas,2014,2018,Black (includes Hispanic),
39,Ohio,39095,Lucas,2014,2018,Hispanic (all races),
39,Ohio,39095,Lucas,2014,2018,American Indian/Alaskan Native (includes Hispanic),
39,Ohio,39095,Lucas,2014,2018,White (includes Hispanic),8.2
39,Ohio,39095,Lucas,2015,2019,Asian/Pacific Islander (includes Hispanic),
39,Ohio,39095,Lucas,2015,2019,Black (includes Hispanic),
39,Ohio,39095,Lucas,2015,2019,Hispanic (all races),
39,Ohio,39095,Lucas,2015,2019,American Indian/Alaskan Native (includes Hispanic),
39,Ohio,39095,Lucas,2015,2019,White (includes Hispanic),8.0
39,Ohio,39095,Lucas,2016,2020,Asian/Pacific Islander (includes Hispanic),
39,Ohio,39095,Lucas,2016,2020,Black (includes Hispanic),
39,Ohio,39095,Lucas,2016,2020,Hispanic (all races),
39,Ohio,39095,Lucas,2016,2020,American Indian/Alaskan Native (includes Hispanic),
39,Ohio,39095,Lucas,2016,2020,White (includes Hispanic),7.8
39,Ohio,39097,Madison,2011,2015,Asian/Pacific Islander (includes Hispanic),
39,Ohio,39097,Madison,2011,2015,Black (includes Hispanic),6.4
39,Ohio,39097,Madison,2011,2015,Hispanic (all races),
39,Ohio,39097,Madison,2011,2015,American Indian/Alaskan Native (includes Hispanic),
39,Ohio,39097,Madison,2011,2015,White (includes Hispanic),8.0
39,Ohio,39097,Madison,2012,2016,Asian/Pacific Islander (includes Hispanic),
39,Ohio,39097,Madison,2012,2016,Black (includes Hispanic),8.1
39,Ohio,39097,Madison,2012,2016,Hispanic (all races),
39,Ohio,39097,Madison,2012,2016,American Indian/Alaskan Native (includes Hispanic),
39,Ohio,39097,Madison,2012,2016,White (includes Hispanic),7.9
39,Ohio,39097,Madison,2013,2017,Asian/Pacific Islander (includes Hispanic),
39,Ohio,39097,Madison,2013,2017,Black (includes Hispanic),9.1
39,Ohio,39097,Madison,2013,2017,Hispanic (all races),
39,Ohio,39097,Madison,2013,2017,American Indian/Alaskan Native (includes Hispanic),
39,Ohio,39097,Madison,2013,2017,White (includes Hispanic),8.0
39,Ohio,39097,Madison,2014,2018,Asian/Pacific Islander (includes Hispanic),
39,Ohio,39097,Madison,2014,2018,Black (includes Hispanic),9.1
39,Ohio,39097,Madison,2014,2018,Hispanic (all races),
39,Ohio,39097,Madison,2014,2018,American Indian/Alaskan Native (includes Hispanic),
39,Ohio,39097,Madison,2014,2018,White (includes Hispanic),8.5
39,Ohio,39097,Madison,2015,2019,Asian/Pacific Islander (includes Hispanic),
39,Ohio,39097,Madison,2015,2019,Black (includes Hispanic),8.2
39,Ohio,39097,Madison,2015,2019,Hispanic (all races),
39,Ohio,39097,Madison,2015,2019,American Indian/Alaskan Native (includes Hispanic),
39,Ohio,39097,Madison,2015,2019,White (includes Hispanic),8.8
39,Ohio,39097,Madison,2016,2020,Asian/Pacific Islander (includes Hispanic),
39,Ohio,39097,Madison,2016,2020,Black (includes Hispanic),8.3
39,Ohio,39097,Madison,2016,2020,Hispanic (all races),
39,Ohio,39097,Madison,2016,2020,American Indian/Alaskan Native (includes Hispanic),
39,Ohio,39097,Madison,2016,2020,White (includes Hispanic),8.5
39,Ohio,39099,Mahoning,2011,2015,Asian/Pacific Islander (includes Hispanic),
39,Ohio,39099,Mahoning,2011,2015,Black (includes Hispanic),7.1
39,Ohio,39099,Mahoning,2011,2015,Hispanic (all races),
39,Ohio,39099,Mahoning,2011,2015,American Indian/Alaskan Native (includes Hispanic),
39,Ohio,39099,Mahoning,2011,2015,White (includes Hispanic),7.5
39,Ohio,39099,Mahoning,2012,2016,Asian/Pacific Islander (includes Hispanic),
39,Ohio,39099,Mahoning,2012,2016,Black (includes Hispanic),7.5
39,Ohio,39099,Mahoning,2012,2016,Hispanic (all races),
39,Ohio,39099,Mahoning,2012,2016,American Indian/Alaskan Native (includes Hispanic),
39,Ohio,39099,Mahoning,2012,2016,White (includes Hispanic),7.2
39,Ohio,39099,Mahoning,2013,2017,Asian/Pacific Islander (includes Hispanic),
39,Ohio,39099,Mahoning,2013,2017,Black (includes Hispanic),7.5
39,Ohio,39099,Mahoning,2013,2017,Hispanic (all races),
39,Ohio,39099,Mahoning,2013,2017,American Indian/Alaskan Native (includes Hispanic),
39,Ohio,39099,Mahoning,2013,2017,White (includes Hispanic),7.6
39,Ohio,39099,Mahoning,2014,2018,Asian/Pacific Islander (includes Hispanic),
39,Ohio,39099,Mahoning,2014,2018,Black (includes Hispanic),9.4
39,Ohio,39099,Mahoning,2014,2018,Hispanic (all races),
39,Ohio,39099,Mahoning,2014,2018,American Indian/Alaskan Native (includes Hispanic),
39,Ohio,39099,Mahoning,2014,2018,White (includes Hispanic),7.6
39,Ohio,39099,Mahoning,2015,2019,Asian/Pacific Islander (includes Hispanic),
39,Ohio,39099,Mahoning,2015,2019,Black (includes Hispanic),9.1
39,Ohio,39099,Mahoning,2015,2019,Hispanic (all races),
39,Ohio,39099,Mahoning,2015,2019,American Indian/Alaskan Native (includes Hispanic),
39,Ohio,39099,Mahoning,2015,2019,White (includes Hispanic),7.7
39,Ohio,39099,Mahoning,2016,2020,Asian/Pacific Islander (includes Hispanic),
39,Ohio,39099,Mahoning,2016,2020,Black (includes Hispanic),7.4
39,Ohio,39099,Mahoning,2016,2020,Hispanic (all races),
39,Ohio,39099,Mahoning,2016,2020,American Indian/Alaskan Native (includes Hispanic),
39,Ohio,39099,Mahoning,2016,2020,White (includes Hispanic),7.9
39,Ohio,39101,Marion,2011,2015,Asian/Pacific Islander (includes Hispanic),
39,Ohio,39101,Marion,2011,2015,Black (includes Hispanic),
39,Ohio,39101,Marion,2011,2015,Hispanic (all races),
39,Ohio,39101,Marion,2011,2015,American Indian/Alaskan Native (includes Hispanic),
39,Ohio,39101,Marion,2011,2015,White (includes Hispanic),11.0
39,Ohio,39101,Marion,2012,2016,Asian/Pacific Islander (includes Hispanic),
39,Ohio,39101,Marion,2012,2016,Black (includes Hispanic),
39,Ohio,39101,Marion,2012,2016,Hispanic (all races),
39,Ohio,39101,Marion,2012,2016,American Indian/Alaskan Native (includes Hispanic),
39,Ohio,39101,Marion,2012,2016,White (includes Hispanic),10.6
39,Ohio,39101,Marion,2013,2017,Asian/Pacific Islander (includes Hispanic),
39,Ohio,39101,Marion,2013,2017,Black (includes Hispanic),
39,Ohio,39101,Marion,2013,2017,Hispanic (all races),
39,Ohio,39101,Marion,2013,2017,American Indian/Alaskan Native (includes Hispanic),
39,Ohio,39101,Marion,2013,2017,White (includes Hispanic),10.2
39,Ohio,39101,Marion,2014,2018,Asian/Pacific Islander (includes Hispanic),
39,Ohio,39101,Marion,2014,2018,Black (includes Hispanic),
39,Ohio,39101,Marion,2014,2018,Hispanic (all races),
39,Ohio,39101,Marion,2014,2018,American Indian/Alaskan Native (includes Hispanic),
39,Ohio,39101,Marion,2014,2018,White (includes Hispanic),10.3
39,Ohio,39101,Marion,2015,2019,Asian/Pacific Islander (includes Hispanic),
39,Ohio,39101,Marion,2015,2019,Black (includes Hispanic),
39,Ohio,39101,Marion,2015,2019,Hispanic (all races),
39,Ohio,39101,Marion,2015,2019,American Indian/Alaskan Native (includes Hispanic),
39,Ohio,39101,Marion,2015,2019,White (includes Hispanic),9.9
39,Ohio,39101,Marion,2016,2020,Asian/Pacific Islander (includes Hispanic),
39,Ohio,39101,Marion,2016,2020,Black (includes Hispanic),
39,Ohio,39101,Marion,2016,2020,Hispanic (all races),
39,Ohio,39101,Marion,2016,2020,American Indian/Alaskan Native (includes Hispanic),
39,Ohio,39101,Marion,2016,2020,White (includes Hispanic),8.6
39,Ohio,39103,Medina,2011,2015,Asian/Pacific Islander (includes Hispanic),
39,Ohio,39103,Medina,2011,2015,Black (includes Hispanic),6.4
39,Ohio,39103,Medina,2011,2015,Hispanic (all races),
39,Ohio,39103,Medina,2011,2015,American Indian/Alaskan Native (includes Hispanic),
39,Ohio,39103,Medina,2011,2015,White (includes Hispanic),6.8
39,Ohio,39103,Medina,2012,2016,Asian/Pacific Islander (includes Hispanic),
39,Ohio,39103,Medina,2012,2016,Black (includes Hispanic),6.5
39,Ohio,39103,Medina,2012,2016,Hispanic (all races),
39,Ohio,39103,Medina,2012,2016,American Indian/Alaskan Native (includes Hispanic),
39,Ohio,39103,Medina,2012,2016,White (includes Hispanic),6.6
39,Ohio,39103,Medina,2013,2017,Asian/Pacific Islander (includes Hispanic),
39,Ohio,39103,Medina,2013,2017,Black (includes Hispanic),6.9
39,Ohio,39103,Medina,2013,2017,Hispanic (all races),
39,Ohio,39103,Medina,2013,2017,American Indian/Alaskan Native (includes Hispanic),
39,Ohio,39103,Medina,2013,2017,White (includes Hispanic),6.8
39,Ohio,39103,Medina,2014,2018,Asian/Pacific Islander (includes Hispanic),
39,Ohio,39103,Medina,2014,2018,Black (includes Hispanic),6.7
39,Ohio,39103,Medina,2014,2018,Hispanic (all races),
39,Ohio,39103,Medina,2014,2018,American Indian/Alaskan Native (includes Hispanic),
39,Ohio,39103,Medina,2014,2018,White (includes Hispanic),6.4
39,Ohio,39103,Medina,2015,2019,Asian/Pacific Islander (includes Hispanic),
39,Ohio,39103,Medina,2015,2019,Black (includes Hispanic),7.4
39,Ohio,39103,Medina,2015,2019,Hispanic (all races),8.4
39,Ohio,39103,Medina,2015,2019,American Indian/Alaskan Native (includes Hispanic),
39,Ohio,39103,Medina,2015,2019,White (includes Hispanic),6.2
39,Ohio,39103,Medina,2016,2020,Asian/Pacific Islander (includes Hispanic),
39,Ohio,39103,Medina,2016,2020,Black (includes Hispanic),7.6
39,Ohio,39103,Medina,2016,2020,Hispanic (all races),10.3
39,Ohio,39103,Medina,2016,2020,American Indian/Alaskan Native (includes Hispanic),
39,Ohio,39103,Medina,2016,2020,White (includes Hispanic),6.1
39,Ohio,39105,Meigs,2011,2015,Asian/Pacific Islander (includes Hispanic),
39,Ohio,39105,Meigs,2011,2015,Black (includes Hispanic),
39,Ohio,39105,Meigs,2011,2015,Hispanic (all races),
39,Ohio,39105,Meigs,2011,2015,American Indian/Alaskan Native (includes Hispanic),
39,Ohio,39105,Meigs,2011,2015,White (includes Hispanic),8.9
39,Ohio,39105,Meigs,2012,2016,Asian/Pacific Islander (includes Hispanic),
39,Ohio,39105,Meigs,2012,2016,Black (includes Hispanic),
39,Ohio,39105,Meigs,2012,2016,Hispanic (all races),
39,Ohio,39105,Meigs,2012,2016,American Indian/Alaskan Native (includes Hispanic),
39,Ohio,39105,Meigs,2012,2016,White (includes Hispanic),10.3
39,Ohio,39105,Meigs,2013,2017,Asian/Pacific Islander (includes Hispanic),
39,Ohio,39105,Meigs,2013,2017,Black (includes Hispanic),
39,Ohio,39105,Meigs,2013,2017,Hispanic (all races),
39,Ohio,39105,Meigs,2013,2017,American Indian/Alaskan Native (includes Hispanic),
39,Ohio,39105,Meigs,2013,2017,White (includes Hispanic),10.1
39,Ohio,39105,Meigs,2014,2018,Asian/Pacific Islander (includes Hispanic),
39,Ohio,39105,Meigs,2014,2018,Black (includes Hispanic),
39,Ohio,39105,Meigs,2014,2018,Hispanic (all races),
39,Ohio,39105,Meigs,2014,2018,American Indian/Alaskan Native (includes Hispanic),
39,Ohio,39105,Meigs,2014,2018,White (includes Hispanic),10.9
39,Ohio,39105,Meigs,2015,2019,Asian/Pacific Islander (includes Hispanic),
39,Ohio,39105,Meigs,2015,2019,Black (includes Hispanic),
39,Ohio,39105,Meigs,2015,2019,Hispanic (all races),
39,Ohio,39105,Meigs,2015,2019,American Indian/Alaskan Native (includes Hispanic),
39,Ohio,39105,Meigs,2015,2019,White (includes Hispanic),9.3
39,Ohio,39105,Meigs,2016,2020,Asian/Pacific Islander (includes Hispanic),
39,Ohio,39105,Meigs,2016,2020,Black (includes Hispanic),
39,Ohio,39105,Meigs,2016,2020,Hispanic (all races),
39,Ohio,39105,Meigs,2016,2020,American Indian/Alaskan Native (includes Hispanic),
39,Ohio,39105,Meigs,2016,2020,White (includes Hispanic),9.1
39,Ohio,39107,Mercer,2011,2015,Asian/Pacific Islander (includes Hispanic),
39,Ohio,39107,Mercer,2011,2015,Black (includes Hispanic),
39,Ohio,39107,Mercer,2011,2015,Hispanic (all races),
39,Ohio,39107,Mercer,2011,2015,American Indian/Alaskan Native (includes Hispanic),
39,Ohio,39107,Mercer,2011,2015,White (includes Hispanic),6.1
39,Ohio,39107,Mercer,2012,2016,Asian/Pacific Islander (includes Hispanic),
39,Ohio,39107,Mercer,2012,2016,Black (includes Hispanic),
39,Ohio,39107,Mercer,2012,2016,Hispanic (all races),
39,Ohio,39107,Mercer,2012,2016,American Indian/Alaskan Native (includes Hispanic),
39,Ohio,39107,Mercer,2012,2016,White (includes Hispanic),7.8
39,Ohio,39107,Mercer,2013,2017,Asian/Pacific Islander (includes Hispanic),
39,Ohio,39107,Mercer,2013,2017,Black (includes Hispanic),
39,Ohio,39107,Mercer,2013,2017,Hispanic (all races),
39,Ohio,39107,Mercer,2013,2017,American Indian/Alaskan Native (includes Hispanic),
39,Ohio,39107,Mercer,2013,2017,White (includes Hispanic),8.8
39,Ohio,39107,Mercer,2014,2018,Asian/Pacific Islander (includes Hispanic),
39,Ohio,39107,Mercer,2014,2018,Black (includes Hispanic),
39,Ohio,39107,Mercer,2014,2018,Hispanic (all races),
39,Ohio,39107,Mercer,2014,2018,American Indian/Alaskan Native (includes Hispanic),
39,Ohio,39107,Mercer,2014,2018,White (includes Hispanic),10.0
39,Ohio,39107,Mercer,2015,2019,Asian/Pacific Islander (includes Hispanic),
39,Ohio,39107,Mercer,2015,2019,Black (includes Hispanic),
39,Ohio,39107,Mercer,2015,2019,Hispanic (all races),
39,Ohio,39107,Mercer,2015,2019,American Indian/Alaskan Native (includes Hispanic),
39,Ohio,39107,Mercer,2015,2019,White (includes Hispanic),10.0
39,Ohio,39107,Mercer,2016,2020,Asian/Pacific Islander (includes Hispanic),
39,Ohio,39107,Mercer,2016,2020,Black (includes Hispanic),
39,Ohio,39107,Mercer,2016,2020,Hispanic (all races),
39,Ohio,39107,Mercer,2016,2020,American Indian/Alaskan Native (includes Hispanic),
39,Ohio,39107,Mercer,2016,2020,White (includes Hispanic),10.7
39,Ohio,39109,Miami,2011,2015,Asian/Pacific Islander (includes Hispanic),
39,Ohio,39109,Miami,2011,2015,Black (includes Hispanic),7.2
39,Ohio,39109,Miami,2011,2015,Hispanic (all races),
39,Ohio,39109,Miami,2011,2015,American Indian/Alaskan Native (includes Hispanic),
39,Ohio,39109,Miami,2011,2015,White (includes Hispanic),7.3
39,Ohio,39109,Miami,2012,2016,Asian/Pacific Islander (includes Hispanic),
39,Ohio,39109,Miami,2012,2016,Black (includes Hispanic),9.4
39,Ohio,39109,Miami,2012,2016,Hispanic (all races),
39,Ohio,39109,Miami,2012,2016,American Indian/Alaskan Native (includes Hispanic),
39,Ohio,39109,Miami,2012,2016,White (includes Hispanic),7.5
39,Ohio,39109,Miami,2013,2017,Asian/Pacific Islander (includes Hispanic),
39,Ohio,39109,Miami,2013,2017,Black (includes Hispanic),10.7
39,Ohio,39109,Miami,2013,2017,Hispanic (all races),
39,Ohio,39109,Miami,2013,2017,American Indian/Alaskan Native (includes Hispanic),
39,Ohio,39109,Miami,2013,2017,White (includes Hispanic),7.9
39,Ohio,39109,Miami,2014,2018,Asian/Pacific Islander (includes Hispanic),
39,Ohio,39109,Miami,2014,2018,Black (includes Hispanic),10.1
39,Ohio,39109,Miami,2014,2018,Hispanic (all races),
39,Ohio,39109,Miami,2014,2018,American Indian/Alaskan Native (includes Hispanic),
39,Ohio,39109,Miami,2014,2018,White (includes Hispanic),8.0
39,Ohio,39109,Miami,2015,2019,Asian/Pacific Islander (includes Hispanic),
39,Ohio,39109,Miami,2015,2019,Black (includes Hispanic),9.7
39,Ohio,39109,Miami,2015,2019,Hispanic (all races),
39,Ohio,39109,Miami,2015,2019,American Indian/Alaskan Native (includes Hispanic),
39,Ohio,39109,Miami,2015,2019,White (includes Hispanic),8.7
39,Ohio,39109,Miami,2016,2020,Asian/Pacific Islander (includes Hispanic),
39,Ohio,39109,Miami,2016,2020,Black (includes Hispanic),9.2
39,Ohio,39109,Miami,2016,2020,Hispanic (all races),
39,Ohio,39109,Miami,2016,2020,American Indian/Alaskan Native (includes Hispanic),
39,Ohio,39109,Miami,2016,2020,White (includes Hispanic),8.9
39,Ohio,39111,Monroe,2011,2015,Asian/Pacific Islander (includes Hispanic),
39,Ohio,39111,Monroe,2011,2015,Black (includes Hispanic),
39,Ohio,39111,Monroe,2011,2015,Hispanic (all races),
39,Ohio,39111,Monroe,2011,2015,American Indian/Alaskan Native (includes Hispanic),
39,Ohio,39111,Monroe,2011,2015,White (includes Hispanic),8.0
39,Ohio,39111,Monroe,2012,2016,Asian/Pacific Islander (includes Hispanic),
39,Ohio,39111,Monroe,2012,2016,Black (includes Hispanic),
39,Ohio,39111,Monroe,2012,2016,Hispanic (all races),
39,Ohio,39111,Monroe,2012,2016,American Indian/Alaskan Native (includes Hispanic),
39,Ohio,39111,Monroe,2012,2016,White (includes Hispanic),7.3
39,Ohio,39111,Monroe,2013,2017,Asian/Pacific Islander (includes Hispanic),
39,Ohio,39111,Monroe,2013,2017,Black (includes Hispanic),
39,Ohio,39111,Monroe,2013,2017,Hispanic (all races),
39,Ohio,39111,Monroe,2013,2017,American Indian/Alaskan Native (includes Hispanic),
39,Ohio,39111,Monroe,2013,2017,White (includes Hispanic),8.1
39,Ohio,39111,Monroe,2014,2018,Asian/Pacific Islander (includes Hispanic),
39,Ohio,39111,Monroe,2014,2018,Black (includes Hispanic),
39,Ohio,39111,Monroe,2014,2018,Hispanic (all races),
39,Ohio,39111,Monroe,2014,2018,American Indian/Alaskan Native (includes Hispanic),
39,Ohio,39111,Monroe,2014,2018,White (includes Hispanic),7.7
39,Ohio,39111,Monroe,2015,2019,Asian/Pacific Islander (includes Hispanic),
39,Ohio,39111,Monroe,2015,2019,Black (includes Hispanic),
39,Ohio,39111,Monroe,2015,2019,Hispanic (all races),
39,Ohio,39111,Monroe,2015,2019,American Indian/Alaskan Native (includes Hispanic),
39,Ohio,39111,Monroe,2015,2019,White (includes Hispanic),6.9
39,Ohio,39111,Monroe,2016,2020,Asian/Pacific Islander (includes Hispanic),
39,Ohio,39111,Monroe,2016,2020,Black (includes Hispanic),
39,Ohio,39111,Monroe,2016,2020,Hispanic (all races),
39,Ohio,39111,Monroe,2016,2020,American Indian/Alaskan Native (includes Hispanic),
39,Ohio,39111,Monroe,2016,2020,White (includes Hispanic),6.7
39,Ohio,39113,Montgomery,2011,2015,Asian/Pacific Islander (includes Hispanic),
39,Ohio,39113,Montgomery,2011,2015,Black (includes Hispanic),6.8
39,Ohio,39113,Montgomery,2011,2015,Hispanic (all races),
39,Ohio,39113,Montgomery,2011,2015,American Indian/Alaskan Native (includes Hispanic),
39,Ohio,39113,Montgomery,2011,2015,White (includes Hispanic),7.3
39,Ohio,39113,Montgomery,2012,2016,Asian/Pacific Islander (includes Hispanic),
39,Ohio,39113,Montgomery,2012,2016,Black (includes Hispanic),7.3
39,Ohio,39113,Montgomery,2012,2016,Hispanic (all races),
39,Ohio,39113,Montgomery,2012,2016,American Indian/Alaskan Native (includes Hispanic),
39,Ohio,39113,Montgomery,2012,2016,White (includes Hispanic),7.9
39,Ohio,39113,Montgomery,2013,2017,Asian/Pacific Islander (includes Hispanic),
39,Ohio,39113,Montgomery,2013,2017,Black (includes Hispanic),8.6
39,Ohio,39113,Montgomery,2013,2017,Hispanic (all races),
39,Ohio,39113,Montgomery,2013,2017,American Indian/Alaskan Native (includes Hispanic),
39,Ohio,39113,Montgomery,2013,2017,White (includes Hispanic),8.2
39,Ohio,39113,Montgomery,2014,2018,Asian/Pacific Islander (includes Hispanic),
39,Ohio,39113,Montgomery,2014,2018,Black (includes Hispanic),7.9
39,Ohio,39113,Montgomery,2014,2018,Hispanic (all races),
39,Ohio,39113,Montgomery,2014,2018,American Indian/Alaskan Native (includes Hispanic),
39,Ohio,39113,Montgomery,2014,2018,White (includes Hispanic),8.1
39,Ohio,39113,Montgomery,2015,2019,Asian/Pacific Islander (includes Hispanic),
39,Ohio,39113,Montgomery,2015,2019,Black (includes Hispanic),8.0
39,Ohio,39113,Montgomery,2015,2019,Hispanic (all races),
39,Ohio,39113,Montgomery,2015,2019,American Indian/Alaskan Native (includes Hispanic),
39,Ohio,39113,Montgomery,2015,2019,White (includes Hispanic),8.2
39,Ohio,39113,Montgomery,2016,2020,Asian/Pacific Islander (includes Hispanic),
39,Ohio,39113,Montgomery,2016,2020,Black (includes Hispanic),8.0
39,Ohio,39113,Montgomery,2016,2020,Hispanic (all races),
39,Ohio,39113,Montgomery,2016,2020,American Indian/Alaskan Native (includes Hispanic),
39,Ohio,39113,Montgomery,2016,2020,White (includes Hispanic),8.6
39,Ohio,39115,Morgan,2011,2015,Asian/Pacific Islander (includes Hispanic),
39,Ohio,39115,Morgan,2011,2015,Black (includes Hispanic),
39,Ohio,39115,Morgan,2011,2015,Hispanic (all races),
39,Ohio,39115,Morgan,2011,2015,American Indian/Alaskan Native (includes Hispanic),
39,Ohio,39115,Morgan,2011,2015,White (includes Hispanic),10.3
39,Ohio,39115,Morgan,2012,2016,Asian/Pacific Islander (includes Hispanic),
39,Ohio,39115,Morgan,2012,2016,Black (includes Hispanic),
39,Ohio,39115,Morgan,2012,2016,Hispanic (all races),
39,Ohio,39115,Morgan,2012,2016,American Indian/Alaskan Native (includes Hispanic),
39,Ohio,39115,Morgan,2012,2016,White (includes Hispanic),9.6
39,Ohio,39115,Morgan,2013,2017,Asian/Pacific Islander (includes Hispanic),
39,Ohio,39115,Morgan,2013,2017,Black (includes Hispanic),
39,Ohio,39115,Morgan,2013,2017,Hispanic (all races),
39,Ohio,39115,Morgan,2013,2017,American Indian/Alaskan Native (includes Hispanic),
39,Ohio,39115,Morgan,2013,2017,White (includes Hispanic),9.5
39,Ohio,39115,Morgan,2014,2018,Asian/Pacific Islander (includes Hispanic),
39,Ohio,39115,Morgan,2014,2018,Black (includes Hispanic),
39,Ohio,39115,Morgan,2014,2018,Hispanic (all races),
39,Ohio,39115,Morgan,2014,2018,American Indian/Alaskan Native (includes Hispanic),
39,Ohio,39115,Morgan,2014,2018,White (includes Hispanic),8.7
39,Ohio,39115,Morgan,2015,2019,Asian/Pacific Islander (includes Hispanic),
39,Ohio,39115,Morgan,2015,2019,Black (includes Hispanic),
39,Ohio,39115,Morgan,2015,2019,Hispanic (all races),
39,Ohio,39115,Morgan,2015,2019,American Indian/Alaskan Native (includes Hispanic),
39,Ohio,39115,Morgan,2015,2019,White (includes Hispanic),7.9
39,Ohio,39115,Morgan,2016,2020,Asian/Pacific Islander (includes Hispanic),
39,Ohio,39115,Morgan,2016,2020,Black (includes Hispanic),
39,Ohio,39115,Morgan,2016,2020,Hispanic (all races),
39,Ohio,39115,Morgan,2016,2020,American Indian/Alaskan Native (includes Hispanic),
39,Ohio,39115,Morgan,2016,2020,White (includes Hispanic),7.6
39,Ohio,39117,Morrow,2011,2015,Asian/Pacific Islander (includes Hispanic),
39,Ohio,39117,Morrow,2011,2015,Black (includes Hispanic),
39,Ohio,39117,Morrow,2011,2015,Hispanic (all races),
39,Ohio,39117,Morrow,2011,2015,American Indian/Alaskan Native (includes Hispanic),
39,Ohio,39117,Morrow,2011,2015,White (includes Hispanic),9.0
39,Ohio,39117,Morrow,2012,2016,Asian/Pacific Islander (includes Hispanic),
39,Ohio,39117,Morrow,2012,2016,Black (includes Hispanic),
39,Ohio,39117,Morrow,2012,2016,Hispanic (all races),
39,Ohio,39117,Morrow,2012,2016,American Indian/Alaskan Native (includes Hispanic),
39,Ohio,39117,Morrow,2012,2016,White (includes Hispanic),8.2
39,Ohio,39117,Morrow,2013,2017,Asian/Pacific Islander (includes Hispanic),
39,Ohio,39117,Morrow,2013,2017,Black (includes Hispanic),
39,Ohio,39117,Morrow,2013,2017,Hispanic (all races),
39,Ohio,39117,Morrow,2013,2017,American Indian/Alaskan Native (includes Hispanic),
39,Ohio,39117,Morrow,2013,2017,White (includes Hispanic),7.9
39,Ohio,39117,Morrow,2014,2018,Asian/Pacific Islander (includes Hispanic),
39,Ohio,39117,Morrow,2014,2018,Black (includes Hispanic),
39,Ohio,39117,Morrow,2014,2018,Hispanic (all races),
39,Ohio,39117,Morrow,2014,2018,American Indian/Alaskan Native (includes Hispanic),
39,Ohio,39117,Morrow,2014,2018,White (includes Hispanic),7.5
39,Ohio,39117,Morrow,2015,2019,Asian/Pacific Islander (includes Hispanic),
39,Ohio,39117,Morrow,2015,2019,Black (includes Hispanic),
39,Ohio,39117,Morrow,2015,2019,Hispanic (all races),
39,Ohio,39117,Morrow,2015,2019,American Indian/Alaskan Native (includes Hispanic),
39,Ohio,39117,Morrow,2015,2019,White (includes Hispanic),6.9
39,Ohio,39117,Morrow,2016,2020,Asian/Pacific Islander (includes Hispanic),
39,Ohio,39117,Morrow,2016,2020,Black (includes Hispanic),
39,Ohio,39117,Morrow,2016,2020,Hispanic (all races),
39,Ohio,39117,Morrow,2016,2020,American Indian/Alaskan Native (includes Hispanic),
39,Ohio,39117,Morrow,2016,2020,White (includes Hispanic),6.4
39,Ohio,39119,Muskingum,2011,2015,Asian/Pacific Islander (includes Hispanic),
39,Ohio,39119,Muskingum,2011,2015,Black (includes Hispanic),
39,Ohio,39119,Muskingum,2011,2015,Hispanic (all races),
39,Ohio,39119,Muskingum,2011,2015,American Indian/Alaskan Native (includes Hispanic),
39,Ohio,39119,Muskingum,2011,2015,White (includes Hispanic),9.0
39,Ohio,39119,Muskingum,2012,2016,Asian/Pacific Islander (includes Hispanic),
39,Ohio,39119,Muskingum,2012,2016,Black (includes Hispanic),
39,Ohio,39119,Muskingum,2012,2016,Hispanic (all races),
39,Ohio,39119,Muskingum,2012,2016,American Indian/Alaskan Native (includes Hispanic),
39,Ohio,39119,Muskingum,2012,2016,White (includes Hispanic),8.4
39,Ohio,39119,Muskingum,2013,2017,Asian/Pacific Islander (includes Hispanic),
39,Ohio,39119,Muskingum,2013,2017,Black (includes Hispanic),
39,Ohio,39119,Muskingum,2013,2017,Hispanic (all races),
39,Ohio,39119,Muskingum,2013,2017,American Indian/Alaskan Native (includes Hispanic),
39,Ohio,39119,Muskingum,2013,2017,White (includes Hispanic),8.6
39,Ohio,39119,Muskingum,2014,2018,Asian/Pacific Islander (includes Hispanic),
39,Ohio,39119,Muskingum,2014,2018,Black (includes Hispanic),
39,Ohio,39119,Muskingum,2014,2018,Hispanic (all races),
39,Ohio,39119,Muskingum,2014,2018,American Indian/Alaskan Native (includes Hispanic),
39,Ohio,39119,Muskingum,2014,2018,White (includes Hispanic),8.1
39,Ohio,39119,Muskingum,2015,2019,Asian/Pacific Islander (includes Hispanic),
39,Ohio,39119,Muskingum,2015,2019,Black (includes Hispanic),
39,Ohio,39119,Muskingum,2015,2019,Hispanic (all races),
39,Ohio,39119,Muskingum,2015,2019,American Indian/Alaskan Native (includes Hispanic),
39,Ohio,39119,Muskingum,2015,2019,White (includes Hispanic),9.2
39,Ohio,39119,Muskingum,2016,2020,Asian/Pacific Islander (includes Hispanic),
39,Ohio,39119,Muskingum,2016,2020,Black (includes Hispanic),
39,Ohio,39119,Muskingum,2016,2020,Hispanic (all races),
39,Ohio,39119,Muskingum,2016,2020,American Indian/Alaskan Native (includes Hispanic),
39,Ohio,39119,Muskingum,2016,2020,White (includes Hispanic),8.8
39,Ohio,39121,Noble,2011,2015,Asian/Pacific Islander (includes Hispanic),
39,Ohio,39121,Noble,2011,2015,Black (includes Hispanic),
39,Ohio,39121,Noble,2011,2015,Hispanic (all races),
39,Ohio,39121,Noble,2011,2015,American Indian/Alaskan Native (includes Hispanic),
39,Ohio,39121,Noble,2011,2015,White (includes Hispanic),9.9
39,Ohio,39121,Noble,2012,2016,Asian/Pacific Islander (includes Hispanic),
39,Ohio,39121,Noble,2012,2016,Black (includes Hispanic),
39,Ohio,39121,Noble,2012,2016,Hispanic (all races),
39,Ohio,39121,Noble,2012,2016,American Indian/Alaskan Native (includes Hispanic),
39,Ohio,39121,Noble,2012,2016,White (includes Hispanic),8.8
39,Ohio,39121,Noble,2013,2017,Asian/Pacific Islander (includes Hispanic),
39,Ohio,39121,Noble,2013,2017,Black (includes Hispanic),
39,Ohio,39121,Noble,2013,2017,Hispanic (all races),
39,Ohio,39121,Noble,2013,2017,American Indian/Alaskan Native (includes Hispanic),
39,Ohio,39121,Noble,2013,2017,White (includes Hispanic),9.3
39,Ohio,39121,Noble,2014,2018,Asian/Pacific Islander (includes Hispanic),
39,Ohio,39121,Noble,2014,2018,Black (includes Hispanic),
39,Ohio,39121,Noble,2014,2018,Hispanic (all races),
39,Ohio,39121,Noble,2014,2018,American Indian/Alaskan Native (includes Hispanic),
39,Ohio,39121,Noble,2014,2018,White (includes Hispanic),8.9
39,Ohio,39121,Noble,2015,2019,Asian/Pacific Islander (includes Hispanic),
39,Ohio,39121,Noble,2015,2019,Black (includes Hispanic),
39,Ohio,39121,Noble,2015,2019,Hispanic (all races),
39,Ohio,39121,Noble,2015,2019,American Indian/Alaskan Native (includes Hispanic),
39,Ohio,39121,Noble,2015,2019,White (includes Hispanic),8.6
39,Ohio,39121,Noble,2016,2020,Asian/Pacific Islander (includes Hispanic),
39,Ohio,39121,Noble,2016,2020,Black (includes Hispanic),
39,Ohio,39121,Noble,2016,2020,Hispanic (all races),
39,Ohio,39121,Noble,2016,2020,American Indian/Alaskan Native (includes Hispanic),
39,Ohio,39121,Noble,2016,2020,White (includes Hispanic),8.7
39,Ohio,39123,Ottawa,2011,2015,Asian/Pacific Islander (includes Hispanic),
39,Ohio,39123,Ottawa,2011,2015,Black (includes Hispanic),
39,Ohio,39123,Ottawa,2011,2015,Hispanic (all races),
39,Ohio,39123,Ottawa,2011,2015,American Indian/Alaskan Native (includes Hispanic),
39,Ohio,39123,Ottawa,2011,2015,White (includes Hispanic),8.2
39,Ohio,39123,Ottawa,2012,2016,Asian/Pacific Islander (includes Hispanic),
39,Ohio,39123,Ottawa,2012,2016,Black (includes Hispanic),
39,Ohio,39123,Ottawa,2012,2016,Hispanic (all races),
39,Ohio,39123,Ottawa,2012,2016,American Indian/Alaskan Native (includes Hispanic),
39,Ohio,39123,Ottawa,2012,2016,White (includes Hispanic),7.8
39,Ohio,39123,Ottawa,2013,2017,Asian/Pacific Islander (includes Hispanic),
39,Ohio,39123,Ottawa,2013,2017,Black (includes Hispanic),
39,Ohio,39123,Ottawa,2013,2017,Hispanic (all races),
39,Ohio,39123,Ottawa,2013,2017,American Indian/Alaskan Native (includes Hispanic),
39,Ohio,39123,Ottawa,2013,2017,White (includes Hispanic),8.3
39,Ohio,39123,Ottawa,2014,2018,Asian/Pacific Islander (includes Hispanic),
39,Ohio,39123,Ottawa,2014,2018,Black (includes Hispanic),
39,Ohio,39123,Ottawa,2014,2018,Hispanic (all races),
39,Ohio,39123,Ottawa,2014,2018,American Indian/Alaskan Native (includes Hispanic),
39,Ohio,39123,Ottawa,2014,2018,White (includes Hispanic),9.1
39,Ohio,39123,Ottawa,2015,2019,Asian/Pacific Islander (includes Hispanic),
39,Ohio,39123,Ottawa,2015,2019,Black (includes Hispanic),
39,Ohio,39123,Ottawa,2015,2019,Hispanic (all races),
39,Ohio,39123,Ottawa,2015,2019,American Indian/Alaskan Native (includes Hispanic),
39,Ohio,39123,Ottawa,2015,2019,White (includes Hispanic),8.8
39,Ohio,39123,Ottawa,2016,2020,Asian/Pacific Islander (includes Hispanic),
39,Ohio,39123,Ottawa,2016,2020,Black (includes Hispanic),
39,Ohio,39123,Ottawa,2016,2020,Hispanic (all races),
39,Ohio,39123,Ottawa,2016,2020,American Indian/Alaskan Native (includes Hispanic),
39,Ohio,39123,Ottawa,2016,2020,White (includes Hispanic),8.6
39,Ohio,39125,Paulding,2011,2015,Asian/Pacific Islander (includes Hispanic),
39,Ohio,39125,Paulding,2011,2015,Black (includes Hispanic),
39,Ohio,39125,Paulding,2011,2015,Hispanic (all races),
39,Ohio,39125,Paulding,2011,2015,American Indian/Alaskan Native (includes Hispanic),
39,Ohio,39125,Paulding,2011,2015,White (includes Hispanic),7.8
39,Ohio,39125,Paulding,2012,2016,Asian/Pacific Islander (includes Hispanic),
39,Ohio,39125,Paulding,2012,2016,Black (includes Hispanic),
39,Ohio,39125,Paulding,2012,2016,Hispanic (all races),
39,Ohio,39125,Paulding,2012,2016,American Indian/Alaskan Native (includes Hispanic),
39,Ohio,39125,Paulding,2012,2016,White (includes Hispanic),8.0
39,Ohio,39125,Paulding,2013,2017,Asian/Pacific Islander (includes Hispanic),
39,Ohio,39125,Paulding,2013,2017,Black (includes Hispanic),
39,Ohio,39125,Paulding,2013,2017,Hispanic (all races),
39,Ohio,39125,Paulding,2013,2017,American Indian/Alaskan Native (includes Hispanic),
39,Ohio,39125,Paulding,2013,2017,White (includes Hispanic),8.5
39,Ohio,39125,Paulding,2014,2018,Asian/Pacific Islander (includes Hispanic),
39,Ohio,39125,Paulding,2014,2018,Black (includes Hispanic),
39,Ohio,39125,Paulding,2014,2018,Hispanic (all races),
39,Ohio,39125,Paulding,2014,2018,American Indian/Alaskan Native (includes Hispanic),
39,Ohio,39125,Paulding,2014,2018,White (includes Hispanic),8.4
39,Ohio,39125,Paulding,2015,2019,Asian/Pacific Islander (includes Hispanic),
39,Ohio,39125,Paulding,2015,2019,Black (includes Hispanic),
39,Ohio,39125,Paulding,2015,2019,Hispanic (all races),
39,Ohio,39125,Paulding,2015,2019,American Indian/Alaskan Native (includes Hispanic),
39,Ohio,39125,Paulding,2015,2019,White (includes Hispanic),8.4
39,Ohio,39125,Paulding,2016,2020,Asian/Pacific Islander (includes Hispanic),
39,Ohio,39125,Paulding,2016,2020,Black (includes Hispanic),
39,Ohio,39125,Paulding,2016,2020,Hispanic (all races),
39,Ohio,39125,Paulding,2016,2020,American Indian/Alaskan Native (includes Hispanic),
39,Ohio,39125,Paulding,2016,2020,White (includes Hispanic),9.1
39,Ohio,39127,Perry,2011,2015,Asian/Pacific Islander (includes Hispanic),
39,Ohio,39127,Perry,2011,2015,Black (includes Hispanic),
39,Ohio,39127,Perry,2011,2015,Hispanic (all races),
39,Ohio,39127,Perry,2011,2015,American Indian/Alaskan Native (includes Hispanic),
39,Ohio,39127,Perry,2011,2015,White (includes Hispanic),8.2
39,Ohio,39127,Perry,2012,2016,Asian/Pacific Islander (includes Hispanic),
39,Ohio,39127,Perry,2012,2016,Black (includes Hispanic),
39,Ohio,39127,Perry,2012,2016,Hispanic (all races),
39,Ohio,39127,Perry,2012,2016,American Indian/Alaskan Native (includes Hispanic),
39,Ohio,39127,Perry,2012,2016,White (includes Hispanic),7.9
39,Ohio,39127,Perry,2013,2017,Asian/Pacific Islander (includes Hispanic),
39,Ohio,39127,Perry,2013,2017,Black (includes Hispanic),
39,Ohio,39127,Perry,2013,2017,Hispanic (all races),
39,Ohio,39127,Perry,2013,2017,American Indian/Alaskan Native (includes Hispanic),
39,Ohio,39127,Perry,2013,2017,White (includes Hispanic),7.8
39,Ohio,39127,Perry,2014,2018,Asian/Pacific Islander (includes Hispanic),
39,Ohio,39127,Perry,2014,2018,Black (includes Hispanic),
39,Ohio,39127,Perry,2014,2018,Hispanic (all races),
39,Ohio,39127,Perry,2014,2018,American Indian/Alaskan Native (includes Hispanic),
39,Ohio,39127,Perry,2014,2018,White (includes Hispanic),7.1
39,Ohio,39127,Perry,2015,2019,Asian/Pacific Islander (includes Hispanic),
39,Ohio,39127,Perry,2015,2019,Black (includes Hispanic),
39,Ohio,39127,Perry,2015,2019,Hispanic (all races),
39,Ohio,39127,Perry,2015,2019,American Indian/Alaskan Native (includes Hispanic),
39,Ohio,39127,Perry,2015,2019,White (includes Hispanic),7.8
39,Ohio,39127,Perry,2016,2020,Asian/Pacific Islander (includes Hispanic),
39,Ohio,39127,Perry,2016,2020,Black (includes Hispanic),
39,Ohio,39127,Perry,2016,2020,Hispanic (all races),
39,Ohio,39127,Perry,2016,2020,American Indian/Alaskan Native (includes Hispanic),
39,Ohio,39127,Perry,2016,2020,White (includes Hispanic),7.6
39,Ohio,39129,Pickaway,2011,2015,Asian/Pacific Islander (includes Hispanic),
39,Ohio,39129,Pickaway,2011,2015,Black (includes Hispanic),6.7
39,Ohio,39129,Pickaway,2011,2015,Hispanic (all races),
39,Ohio,39129,Pickaway,2011,2015,American Indian/Alaskan Native (includes Hispanic),
39,Ohio,39129,Pickaway,2011,2015,White (includes Hispanic),8.1
39,Ohio,39129,Pickaway,2012,2016,Asian/Pacific Islander (includes Hispanic),
39,Ohio,39129,Pickaway,2012,2016,Black (includes Hispanic),8.3
39,Ohio,39129,Pickaway,2012,2016,Hispanic (all races),
39,Ohio,39129,Pickaway,2012,2016,American Indian/Alaskan Native (includes Hispanic),
39,Ohio,39129,Pickaway,2012,2016,White (includes Hispanic),7.8
39,Ohio,39129,Pickaway,2013,2017,Asian/Pacific Islander (includes Hispanic),
39,Ohio,39129,Pickaway,2013,2017,Black (includes Hispanic),9.2
39,Ohio,39129,Pickaway,2013,2017,Hispanic (all races),
39,Ohio,39129,Pickaway,2013,2017,American Indian/Alaskan Native (includes Hispanic),
39,Ohio,39129,Pickaway,2013,2017,White (includes Hispanic),7.9
39,Ohio,39129,Pickaway,2014,2018,Asian/Pacific Islander (includes Hispanic),
39,Ohio,39129,Pickaway,2014,2018,Black (includes Hispanic),9.3
39,Ohio,39129,Pickaway,2014,2018,Hispanic (all races),
39,Ohio,39129,Pickaway,2014,2018,American Indian/Alaskan Native (includes Hispanic),
39,Ohio,39129,Pickaway,2014,2018,White (includes Hispanic),8.2
39,Ohio,39129,Pickaway,2015,2019,Asian/Pacific Islander (includes Hispanic),
39,Ohio,39129,Pickaway,2015,2019,Black (includes Hispanic),8.3
39,Ohio,39129,Pickaway,2015,2019,Hispanic (all races),
39,Ohio,39129,Pickaway,2015,2019,American Indian/Alaskan Native (includes Hispanic),
39,Ohio,39129,Pickaway,2015,2019,White (includes Hispanic),8.6
39,Ohio,39129,Pickaway,2016,2020,Asian/Pacific Islander (includes Hispanic),
39,Ohio,39129,Pickaway,2016,2020,Black (includes Hispanic),8.2
39,Ohio,39129,Pickaway,2016,2020,Hispanic (all races),
39,Ohio,39129,Pickaway,2016,2020,American Indian/Alaskan Native (includes Hispanic),
39,Ohio,39129,Pickaway,2016,2020,White (includes Hispanic),8.2
39,Ohio,39131,Pike,2011,2015,Asian/Pacific Islander (includes Hispanic),
39,Ohio,39131,Pike,2011,2015,Black (includes Hispanic),
39,Ohio,39131,Pike,2011,2015,Hispanic (all races),
39,Ohio,39131,Pike,2011,2015,American Indian/Alaskan Native (includes Hispanic),
39,Ohio,39131,Pike,2011,2015,White (includes Hispanic),13.0
39,Ohio,39131,Pike,2012,2016,Asian/Pacific Islander (includes Hispanic),
39,Ohio,39131,Pike,2012,2016,Black (includes Hispanic),
39,Ohio,39131,Pike,2012,2016,Hispanic (all races),
39,Ohio,39131,Pike,2012,2016,American Indian/Alaskan Native (includes Hispanic),
39,Ohio,39131,Pike,2012,2016,White (includes Hispanic),12.3
39,Ohio,39131,Pike,2013,2017,Asian/Pacific Islander (includes Hispanic),
39,Ohio,39131,Pike,2013,2017,Black (includes Hispanic),
39,Ohio,39131,Pike,2013,2017,Hispanic (all races),
39,Ohio,39131,Pike,2013,2017,American Indian/Alaskan Native (includes Hispanic),
39,Ohio,39131,Pike,2013,2017,White (includes Hispanic),11.7
39,Ohio,39131,Pike,2014,2018,Asian/Pacific Islander (includes Hispanic),
39,Ohio,39131,Pike,2014,2018,Black (includes Hispanic),
39,Ohio,39131,Pike,2014,2018,Hispanic (all races),
39,Ohio,39131,Pike,2014,2018,American Indian/Alaskan Native (includes Hispanic),
39,Ohio,39131,Pike,2014,2018,White (includes Hispanic),11.3
39,Ohio,39131,Pike,2015,2019,Asian/Pacific Islander (includes Hispanic),
39,Ohio,39131,Pike,2015,2019,Black (includes Hispanic),
39,Ohio,39131,Pike,2015,2019,Hispanic (all races),
39,Ohio,39131,Pike,2015,2019,American Indian/Alaskan Native (includes Hispanic),
39,Ohio,39131,Pike,2015,2019,White (includes Hispanic),10.9
39,Ohio,39131,Pike,2016,2020,Asian/Pacific Islander (includes Hispanic),
39,Ohio,39131,Pike,2016,2020,Black (includes Hispanic),
39,Ohio,39131,Pike,2016,2020,Hispanic (all races),
39,Ohio,39131,Pike,2016,2020,American Indian/Alaskan Native (includes Hispanic),
39,Ohio,39131,Pike,2016,2020,White (includes Hispanic),9.1
39,Ohio,39133,Portage,2011,2015,Asian/Pacific Islander (includes Hispanic),
39,Ohio,39133,Portage,2011,2015,Black (includes Hispanic),6.4
39,Ohio,39133,Portage,2011,2015,Hispanic (all races),
39,Ohio,39133,Portage,2011,2015,American Indian/Alaskan Native (includes Hispanic),
39,Ohio,39133,Portage,2011,2015,White (includes Hispanic),6.8
39,Ohio,39133,Portage,2012,2016,Asian/Pacific Islander (includes Hispanic),
39,Ohio,39133,Portage,2012,2016,Black (includes Hispanic),6.5
39,Ohio,39133,Portage,2012,2016,Hispanic (all races),
39,Ohio,39133,Portage,2012,2016,American Indian/Alaskan Native (includes Hispanic),
39,Ohio,39133,Portage,2012,2016,White (includes Hispanic),6.4
39,Ohio,39133,Portage,2013,2017,Asian/Pacific Islander (includes Hispanic),
39,Ohio,39133,Portage,2013,2017,Black (includes Hispanic),7.0
39,Ohio,39133,Portage,2013,2017,Hispanic (all races),
39,Ohio,39133,Portage,2013,2017,American Indian/Alaskan Native (includes Hispanic),
39,Ohio,39133,Portage,2013,2017,White (includes Hispanic),6.5
39,Ohio,39133,Portage,2014,2018,Asian/Pacific Islander (includes Hispanic),
39,Ohio,39133,Portage,2014,2018,Black (includes Hispanic),7.2
39,Ohio,39133,Portage,2014,2018,Hispanic (all races),
39,Ohio,39133,Portage,2014,2018,American Indian/Alaskan Native (includes Hispanic),
39,Ohio,39133,Portage,2014,2018,White (includes Hispanic),6.3
39,Ohio,39133,Portage,2015,2019,Asian/Pacific Islander (includes Hispanic),
39,Ohio,39133,Portage,2015,2019,Black (includes Hispanic),7.7
39,Ohio,39133,Portage,2015,2019,Hispanic (all races),
39,Ohio,39133,Portage,2015,2019,American Indian/Alaskan Native (includes Hispanic),
39,Ohio,39133,Portage,2015,2019,White (includes Hispanic),6.4
39,Ohio,39133,Portage,2016,2020,Asian/Pacific Islander (includes Hispanic),
39,Ohio,39133,Portage,2016,2020,Black (includes Hispanic),7.7
39,Ohio,39133,Portage,2016,2020,Hispanic (all races),9.0
39,Ohio,39133,Portage,2016,2020,American Indian/Alaskan Native (includes Hispanic),
39,Ohio,39133,Portage,2016,2020,White (includes Hispanic),6.6
39,Ohio,39135,Preble,2011,2015,Asian/Pacific Islander (includes Hispanic),
39,Ohio,39135,Preble,2011,2015,Black (includes Hispanic),8.0
39,Ohio,39135,Preble,2011,2015,Hispanic (all races),
39,Ohio,39135,Preble,2011,2015,American Indian/Alaskan Native (includes Hispanic),
39,Ohio,39135,Preble,2011,2015,White (includes Hispanic),8.3
39,Ohio,39135,Preble,2012,2016,Asian/Pacific Islander (includes Hispanic),
39,Ohio,39135,Preble,2012,2016,Black (includes Hispanic),8.3
39,Ohio,39135,Preble,2012,2016,Hispanic (all races),
39,Ohio,39135,Preble,2012,2016,American Indian/Alaskan Native (includes Hispanic),
39,Ohio,39135,Preble,2012,2016,White (includes Hispanic),9.2
39,Ohio,39135,Preble,2013,2017,Asian/Pacific Islander (includes Hispanic),
39,Ohio,39135,Preble,2013,2017,Black (includes Hispanic),9.4
39,Ohio,39135,Preble,2013,2017,Hispanic (all races),
39,Ohio,39135,Preble,2013,2017,American Indian/Alaskan Native (includes Hispanic),
39,Ohio,39135,Preble,2013,2017,White (includes Hispanic),9.3
39,Ohio,39135,Preble,2014,2018,Asian/Pacific Islander (includes Hispanic),
39,Ohio,39135,Preble,2014,2018,Black (includes Hispanic),8.2
39,Ohio,39135,Preble,2014,2018,Hispanic (all races),
39,Ohio,39135,Preble,2014,2018,American Indian/Alaskan Native (includes Hispanic),
39,Ohio,39135,Preble,2014,2018,White (includes Hispanic),9.3
39,Ohio,39135,Preble,2015,2019,Asian/Pacific Islander (includes Hispanic),
39,Ohio,39135,Preble,2015,2019,Black (includes Hispanic),8.2
39,Ohio,39135,Preble,2015,2019,Hispanic (all races),
39,Ohio,39135,Preble,2015,2019,American Indian/Alaskan Native (includes Hispanic),
39,Ohio,39135,Preble,2015,2019,White (includes Hispanic),9.8
39,Ohio,39135,Preble,2016,2020,Asian/Pacific Islander (includes Hispanic),
39,Ohio,39135,Preble,2016,2020,Black (includes Hispanic),7.9
39,Ohio,39135,Preble,2016,2020,Hispanic (all races),
39,Ohio,39135,Preble,2016,2020,American Indian/Alaskan Native (includes Hispanic),
39,Ohio,39135,Preble,2016,2020,White (includes Hispanic),10.3
39,Ohio,39137,Putnam,2011,2015,Asian/Pacific Islander (includes Hispanic),
39,Ohio,39137,Putnam,2011,2015,Black (includes Hispanic),
39,Ohio,39137,Putnam,2011,2015,Hispanic (all races),
39,Ohio,39137,Putnam,2011,2015,American Indian/Alaskan Native (includes Hispanic),
39,Ohio,39137,Putnam,2011,2015,White (includes Hispanic),6.6
39,Ohio,39137,Putnam,2012,2016,Asian/Pacific Islander (includes Hispanic),
39,Ohio,39137,Putnam,2012,2016,Black (includes Hispanic),
39,Ohio,39137,Putnam,2012,2016,Hispanic (all races),
39,Ohio,39137,Putnam,2012,2016,American Indian/Alaskan Native (includes Hispanic),
39,Ohio,39137,Putnam,2012,2016,White (includes Hispanic),6.8
39,Ohio,39137,Putnam,2013,2017,Asian/Pacific Islander (includes Hispanic),
39,Ohio,39137,Putnam,2013,2017,Black (includes Hispanic),
39,Ohio,39137,Putnam,2013,2017,Hispanic (all races),
39,Ohio,39137,Putnam,2013,2017,American Indian/Alaskan Native (includes Hispanic),
39,Ohio,39137,Putnam,2013,2017,White (includes Hispanic),6.8
39,Ohio,39137,Putnam,2014,2018,Asian/Pacific Islander (includes Hispanic),
39,Ohio,39137,Putnam,2014,2018,Black (includes Hispanic),
39,Ohio,39137,Putnam,2014,2018,Hispanic (all races),
39,Ohio,39137,Putnam,2014,2018,American Indian/Alaskan Native (includes Hispanic),
39,Ohio,39137,Putnam,2014,2018,White (includes Hispanic),6.9
39,Ohio,39137,Putnam,2015,2019,Asian/Pacific Islander (includes Hispanic),
39,Ohio,39137,Putnam,2015,2019,Black (includes Hispanic),
39,Ohio,39137,Putnam,2015,2019,Hispanic (all races),
39,Ohio,39137,Putnam,2015,2019,American Indian/Alaskan Native (includes Hispanic),
39,Ohio,39137,Putnam,2015,2019,White (includes Hispanic),6.5
39,Ohio,39137,Putnam,2016,2020,Asian/Pacific Islander (includes Hispanic),
39,Ohio,39137,Putnam,2016,2020,Black (includes Hispanic),
39,Ohio,39137,Putnam,2016,2020,Hispanic (all races),
39,Ohio,39137,Putnam,2016,2020,American Indian/Alaskan Native (includes Hispanic),
39,Ohio,39137,Putnam,2016,2020,White (includes Hispanic),6.6
39,Ohio,39139,Richland,2011,2015,Asian/Pacific Islander (includes Hispanic),
39,Ohio,39139,Richland,2011,2015,Black (includes Hispanic),
39,Ohio,39139,Richland,2011,2015,Hispanic (all races),
39,Ohio,39139,Richland,2011,2015,American Indian/Alaskan Native (includes Hispanic),
39,Ohio,39139,Richland,2011,2015,White (includes Hispanic),9.1
39,Ohio,39139,Richland,2012,2016,Asian/Pacific Islander (includes Hispanic),
39,Ohio,39139,Richland,2012,2016,Black (includes Hispanic),
39,Ohio,39139,Richland,2012,2016,Hispanic (all races),
39,Ohio,39139,Richland,2012,2016,American Indian/Alaskan Native (includes Hispanic),
39,Ohio,39139,Richland,2012,2016,White (includes Hispanic),9.1
39,Ohio,39139,Richland,2013,2017,Asian/Pacific Islander (includes Hispanic),
39,Ohio,39139,Richland,2013,2017,Black (includes Hispanic),
39,Ohio,39139,Richland,2013,2017,Hispanic (all races),
39,Ohio,39139,Richland,2013,2017,American Indian/Alaskan Native (includes Hispanic),
39,Ohio,39139,Richland,2013,2017,White (includes Hispanic),8.9
39,Ohio,39139,Richland,2014,2018,Asian/Pacific Islander (includes Hispanic),
39,Ohio,39139,Richland,2014,2018,Black (includes Hispanic),
39,Ohio,39139,Richland,2014,2018,Hispanic (all races),
39,Ohio,39139,Richland,2014,2018,American Indian/Alaskan Native (includes Hispanic),
39,Ohio,39139,Richland,2014,2018,White (includes Hispanic),7.7
39,Ohio,39139,Richland,2015,2019,Asian/Pacific Islander (includes Hispanic),
39,Ohio,39139,Richland,2015,2019,Black (includes Hispanic),
39,Ohio,39139,Richland,2015,2019,Hispanic (all races),
39,Ohio,39139,Richland,2015,2019,American Indian/Alaskan Native (includes Hispanic),
39,Ohio,39139,Richland,2015,2019,White (includes Hispanic),7.9
39,Ohio,39139,Richland,2016,2020,Asian/Pacific Islander (includes Hispanic),
39,Ohio,39139,Richland,2016,2020,Black (includes Hispanic),
39,Ohio,39139,Richland,2016,2020,Hispanic (all races),
39,Ohio,39139,Richland,2016,2020,American Indian/Alaskan Native (includes Hispanic),
39,Ohio,39139,Richland,2016,2020,White (includes Hispanic),7.0
39,Ohio,39141,Ross,2011,2015,Asian/Pacific Islander (includes Hispanic),
39,Ohio,39141,Ross,2011,2015,Black (includes Hispanic),
39,Ohio,39141,Ross,2011,2015,Hispanic (all races),
39,Ohio,39141,Ross,2011,2015,American Indian/Alaskan Native (includes Hispanic),
39,Ohio,39141,Ross,2011,2015,White (includes Hispanic),11.7
39,Ohio,39141,Ross,2012,2016,Asian/Pacific Islander (includes Hispanic),
39,Ohio,39141,Ross,2012,2016,Black (includes Hispanic),
39,Ohio,39141,Ross,2012,2016,Hispanic (all races),
39,Ohio,39141,Ross,2012,2016,American Indian/Alaskan Native (includes Hispanic),
39,Ohio,39141,Ross,2012,2016,White (includes Hispanic),11.7
39,Ohio,39141,Ross,2013,2017,Asian/Pacific Islander (includes Hispanic),
39,Ohio,39141,Ross,2013,2017,Black (includes Hispanic),
39,Ohio,39141,Ross,2013,2017,Hispanic (all races),
39,Ohio,39141,Ross,2013,2017,American Indian/Alaskan Native (includes Hispanic),
39,Ohio,39141,Ross,2013,2017,White (includes Hispanic),11.8
39,Ohio,39141,Ross,2014,2018,Asian/Pacific Islander (includes Hispanic),
39,Ohio,39141,Ross,2014,2018,Black (includes Hispanic),
39,Ohio,39141,Ross,2014,2018,Hispanic (all races),
39,Ohio,39141,Ross,2014,2018,American Indian/Alaskan Native (includes Hispanic),
39,Ohio,39141,Ross,2014,2018,White (includes Hispanic),11.5
39,Ohio,39141,Ross,2015,2019,Asian/Pacific Islander (includes Hispanic),
39,Ohio,39141,Ross,2015,2019,Black (includes Hispanic),
39,Ohio,39141,Ross,2015,2019,Hispanic (all races),
39,Ohio,39141,Ross,2015,2019,American Indian/Alaskan Native (includes Hispanic),
39,Ohio,39141,Ross,2015,2019,White (includes Hispanic),11.1
39,Ohio,39141,Ross,2016,2020,Asian/Pacific Islander (includes Hispanic),
39,Ohio,39141,Ross,2016,2020,Black (includes Hispanic),
39,Ohio,39141,Ross,2016,2020,Hispanic (all races),
39,Ohio,39141,Ross,2016,2020,American Indian/Alaskan Native (includes Hispanic),
39,Ohio,39141,Ross,2016,2020,White (includes Hispanic),9.2
39,Ohio,39143,Sandusky,2011,2015,Asian/Pacific Islander (includes Hispanic),
39,Ohio,39143,Sandusky,2011,2015,Black (includes Hispanic),
39,Ohio,39143,Sandusky,2011,2015,Hispanic (all races),
39,Ohio,39143,Sandusky,2011,2015,American Indian/Alaskan Native (includes Hispanic),
39,Ohio,39143,Sandusky,2011,2015,White (includes Hispanic),6.6
39,Ohio,39143,Sandusky,2012,2016,Asian/Pacific Islander (includes Hispanic),
39,Ohio,39143,Sandusky,2012,2016,Black (includes Hispanic),
39,Ohio,39143,Sandusky,2012,2016,Hispanic (all races),
39,Ohio,39143,Sandusky,2012,2016,American Indian/Alaskan Native (includes Hispanic),
39,Ohio,39143,Sandusky,2012,2016,White (includes Hispanic),7.2
39,Ohio,39143,Sandusky,2013,2017,Asian/Pacific Islander (includes Hispanic),
39,Ohio,39143,Sandusky,2013,2017,Black (includes Hispanic),
39,Ohio,39143,Sandusky,2013,2017,Hispanic (all races),
39,Ohio,39143,Sandusky,2013,2017,American Indian/Alaskan Native (includes Hispanic),
39,Ohio,39143,Sandusky,2013,2017,White (includes Hispanic),8.1
39,Ohio,39143,Sandusky,2014,2018,Asian/Pacific Islander (includes Hispanic),
39,Ohio,39143,Sandusky,2014,2018,Black (includes Hispanic),
39,Ohio,39143,Sandusky,2014,2018,Hispanic (all races),
39,Ohio,39143,Sandusky,2014,2018,American Indian/Alaskan Native (includes Hispanic),
39,Ohio,39143,Sandusky,2014,2018,White (includes Hispanic),8.5
39,Ohio,39143,Sandusky,2015,2019,Asian/Pacific Islander (includes Hispanic),
39,Ohio,39143,Sandusky,2015,2019,Black (includes Hispanic),
39,Ohio,39143,Sandusky,2015,2019,Hispanic (all races),
39,Ohio,39143,Sandusky,2015,2019,American Indian/Alaskan Native (includes Hispanic),
39,Ohio,39143,Sandusky,2015,2019,White (includes Hispanic),8.8
39,Ohio,39143,Sandusky,2016,2020,Asian/Pacific Islander (includes Hispanic),
39,Ohio,39143,Sandusky,2016,2020,Black (includes Hispanic),
39,Ohio,39143,Sandusky,2016,2020,Hispanic (all races),
39,Ohio,39143,Sandusky,2016,2020,American Indian/Alaskan Native (includes Hispanic),
39,Ohio,39143,Sandusky,2016,2020,White (includes Hispanic),8.5
39,Ohio,39145,Scioto,2011,2015,Asian/Pacific Islander (includes Hispanic),
39,Ohio,39145,Scioto,2011,2015,Black (includes Hispanic),
39,Ohio,39145,Scioto,2011,2015,Hispanic (all races),
39,Ohio,39145,Scioto,2011,2015,American Indian/Alaskan Native (includes Hispanic),
39,Ohio,39145,Scioto,2011,2015,White (includes Hispanic),11.7
39,Ohio,39145,Scioto,2012,2016,Asian/Pacific Islander (includes Hispanic),
39,Ohio,39145,Scioto,2012,2016,Black (includes Hispanic),
39,Ohio,39145,Scioto,2012,2016,Hispanic (all races),
39,Ohio,39145,Scioto,2012,2016,American Indian/Alaskan Native (includes Hispanic),
39,Ohio,39145,Scioto,2012,2016,White (includes Hispanic),10.6
39,Ohio,39145,Scioto,2013,2017,Asian/Pacific Islander (includes Hispanic),
39,Ohio,39145,Scioto,2013,2017,Black (includes Hispanic),
39,Ohio,39145,Scioto,2013,2017,Hispanic (all races),
39,Ohio,39145,Scioto,2013,2017,American Indian/Alaskan Native (includes Hispanic),
39,Ohio,39145,Scioto,2013,2017,White (includes Hispanic),11.4
39,Ohio,39145,Scioto,2014,2018,Asian/Pacific Islander (includes Hispanic),
39,Ohio,39145,Scioto,2014,2018,Black (includes Hispanic),
39,Ohio,39145,Scioto,2014,2018,Hispanic (all races),
39,Ohio,39145,Scioto,2014,2018,American Indian/Alaskan Native (includes Hispanic),
39,Ohio,39145,Scioto,2014,2018,White (includes Hispanic),12.7
39,Ohio,39145,Scioto,2015,2019,Asian/Pacific Islander (includes Hispanic),
39,Ohio,39145,Scioto,2015,2019,Black (includes Hispanic),
39,Ohio,39145,Scioto,2015,2019,Hispanic (all races),
39,Ohio,39145,Scioto,2015,2019,American Indian/Alaskan Native (includes Hispanic),
39,Ohio,39145,Scioto,2015,2019,White (includes Hispanic),13.2
39,Ohio,39145,Scioto,2016,2020,Asian/Pacific Islander (includes Hispanic),
39,Ohio,39145,Scioto,2016,2020,Black (includes Hispanic),
39,Ohio,39145,Scioto,2016,2020,Hispanic (all races),
39,Ohio,39145,Scioto,2016,2020,American Indian/Alaskan Native (includes Hispanic),
39,Ohio,39145,Scioto,2016,2020,White (includes Hispanic),11.8
39,Ohio,39147,Seneca,2011,2015,Asian/Pacific Islander (includes Hispanic),
39,Ohio,39147,Seneca,2011,2015,Black (includes Hispanic),
39,Ohio,39147,Seneca,2011,2015,Hispanic (all races),
39,Ohio,39147,Seneca,2011,2015,American Indian/Alaskan Native (includes Hispanic),
39,Ohio,39147,Seneca,2011,2015,White (includes Hispanic),7.8
39,Ohio,39147,Seneca,2012,2016,Asian/Pacific Islander (includes Hispanic),
39,Ohio,39147,Seneca,2012,2016,Black (includes Hispanic),
39,Ohio,39147,Seneca,2012,2016,Hispanic (all races),
39,Ohio,39147,Seneca,2012,2016,American Indian/Alaskan Native (includes Hispanic),
39,Ohio,39147,Seneca,2012,2016,White (includes Hispanic),8.1
39,Ohio,39147,Seneca,2013,2017,Asian/Pacific Islander (includes Hispanic),
39,Ohio,39147,Seneca,2013,2017,Black (includes Hispanic),
39,Ohio,39147,Seneca,2013,2017,Hispanic (all races),
39,Ohio,39147,Seneca,2013,2017,American Indian/Alaskan Native (includes Hispanic),
39,Ohio,39147,Seneca,2013,2017,White (includes Hispanic),8.3
39,Ohio,39147,Seneca,2014,2018,Asian/Pacific Islander (includes Hispanic),
39,Ohio,39147,Seneca,2014,2018,Black (includes Hispanic),
39,Ohio,39147,Seneca,2014,2018,Hispanic (all races),
39,Ohio,39147,Seneca,2014,2018,American Indian/Alaskan Native (includes Hispanic),
39,Ohio,39147,Seneca,2014,2018,White (includes Hispanic),7.9
39,Ohio,39147,Seneca,2015,2019,Asian/Pacific Islander (includes Hispanic),
39,Ohio,39147,Seneca,2015,2019,Black (includes Hispanic),
39,Ohio,39147,Seneca,2015,2019,Hispanic (all races),
39,Ohio,39147,Seneca,2015,2019,American Indian/Alaskan Native (includes Hispanic),
39,Ohio,39147,Seneca,2015,2019,White (includes Hispanic),8.0
39,Ohio,39147,Seneca,2016,2020,Asian/Pacific Islander (includes Hispanic),
39,Ohio,39147,Seneca,2016,2020,Black (includes Hispanic),
39,Ohio,39147,Seneca,2016,2020,Hispanic (all races),
39,Ohio,39147,Seneca,2016,2020,American Indian/Alaskan Native (includes Hispanic),
39,Ohio,39147,Seneca,2016,2020,White (includes Hispanic),7.1
39,Ohio,39149,Shelby,2011,2015,Asian/Pacific Islander (includes Hispanic),
39,Ohio,39149,Shelby,2011,2015,Black (includes Hispanic),
39,Ohio,39149,Shelby,2011,2015,Hispanic (all races),
39,Ohio,39149,Shelby,2011,2015,American Indian/Alaskan Native (includes Hispanic),
39,Ohio,39149,Shelby,2011,2015,White (includes Hispanic),6.4
39,Ohio,39149,Shelby,2012,2016,Asian/Pacific Islander (includes Hispanic),
39,Ohio,39149,Shelby,2012,2016,Black (includes Hispanic),
39,Ohio,39149,Shelby,2012,2016,Hispanic (all races),
39,Ohio,39149,Shelby,2012,2016,American Indian/Alaskan Native (includes Hispanic),
39,Ohio,39149,Shelby,2012,2016,White (includes Hispanic),7.0
39,Ohio,39149,Shelby,2013,2017,Asian/Pacific Islander (includes Hispanic),
39,Ohio,39149,Shelby,2013,2017,Black (includes Hispanic),
39,Ohio,39149,Shelby,2013,2017,Hispanic (all races),
39,Ohio,39149,Shelby,2013,2017,American Indian/Alaskan Native (includes Hispanic),
39,Ohio,39149,Shelby,2013,2017,White (includes Hispanic),7.7
39,Ohio,39149,Shelby,2014,2018,Asian/Pacific Islander (includes Hispanic),
39,Ohio,39149,Shelby,2014,2018,Black (includes Hispanic),
39,Ohio,39149,Shelby,2014,2018,Hispanic (all races),
39,Ohio,39149,Shelby,2014,2018,American Indian/Alaskan Native (includes Hispanic),
39,Ohio,39149,Shelby,2014,2018,White (includes Hispanic),8.2
39,Ohio,39149,Shelby,2015,2019,Asian/Pacific Islander (includes Hispanic),
39,Ohio,39149,Shelby,2015,2019,Black (includes Hispanic),
39,Ohio,39149,Shelby,2015,2019,Hispanic (all races),
39,Ohio,39149,Shelby,2015,2019,American Indian/Alaskan Native (includes Hispanic),
39,Ohio,39149,Shelby,2015,2019,White (includes Hispanic),8.5
39,Ohio,39149,Shelby,2016,2020,Asian/Pacific Islander (includes Hispanic),
39,Ohio,39149,Shelby,2016,2020,Black (includes Hispanic),
39,Ohio,39149,Shelby,2016,2020,Hispanic (all races),
39,Ohio,39149,Shelby,2016,2020,American Indian/Alaskan Native (includes Hispanic),
39,Ohio,39149,Shelby,2016,2020,White (includes Hispanic),8.5
39,Ohio,39151,Stark,2011,2015,Asian/Pacific Islander (includes Hispanic),
39,Ohio,39151,Stark,2011,2015,Black (includes Hispanic),7.0
39,Ohio,39151,Stark,2011,2015,Hispanic (all races),
39,Ohio,39151,Stark,2011,2015,American Indian/Alaskan Native (includes Hispanic),
39,Ohio,39151,Stark,2011,2015,White (includes Hispanic),7.1
39,Ohio,39151,Stark,2012,2016,Asian/Pacific Islander (includes Hispanic),
39,Ohio,39151,Stark,2012,2016,Black (includes Hispanic),6.5
39,Ohio,39151,Stark,2012,2016,Hispanic (all races),
39,Ohio,39151,Stark,2012,2016,American Indian/Alaskan Native (includes Hispanic),
39,Ohio,39151,Stark,2012,2016,White (includes Hispanic),7.0
39,Ohio,39151,Stark,2013,2017,Asian/Pacific Islander (includes Hispanic),
39,Ohio,39151,Stark,2013,2017,Black (includes Hispanic),6.2
39,Ohio,39151,Stark,2013,2017,Hispanic (all races),
39,Ohio,39151,Stark,2013,2017,American Indian/Alaskan Native (includes Hispanic),
39,Ohio,39151,Stark,2013,2017,White (includes Hispanic),7.1
39,Ohio,39151,Stark,2014,2018,Asian/Pacific Islander (includes Hispanic),
39,Ohio,39151,Stark,2014,2018,Black (includes Hispanic),7.1
39,Ohio,39151,Stark,2014,2018,Hispanic (all races),
39,Ohio,39151,Stark,2014,2018,American Indian/Alaskan Native (includes Hispanic),
39,Ohio,39151,Stark,2014,2018,White (includes Hispanic),6.7
39,Ohio,39151,Stark,2015,2019,Asian/Pacific Islander (includes Hispanic),
39,Ohio,39151,Stark,2015,2019,Black (includes Hispanic),7.1
39,Ohio,39151,Stark,2015,2019,Hispanic (all races),
39,Ohio,39151,Stark,2015,2019,American Indian/Alaskan Native (includes Hispanic),
39,Ohio,39151,Stark,2015,2019,White (includes Hispanic),6.8
39,Ohio,39151,Stark,2016,2020,Asian/Pacific Islander (includes Hispanic),
39,Ohio,39151,Stark,2016,2020,Black (includes Hispanic),6.9
39,Ohio,39151,Stark,2016,2020,Hispanic (all races),
39,Ohio,39151,Stark,2016,2020,American Indian/Alaskan Native (includes Hispanic),
39,Ohio,39151,Stark,2016,2020,White (includes Hispanic),6.8
39,Ohio,39153,Summit,2011,2015,Asian/Pacific Islander (includes Hispanic),
39,Ohio,39153,Summit,2011,2015,Black (includes Hispanic),6.5
39,Ohio,39153,Summit,2011,2015,Hispanic (all races),
39,Ohio,39153,Summit,2011,2015,American Indian/Alaskan Native (includes Hispanic),
39,Ohio,39153,Summit,2011,2015,White (includes Hispanic),6.5
39,Ohio,39153,Summit,2012,2016,Asian/Pacific Islander (includes Hispanic),
39,Ohio,39153,Summit,2012,2016,Black (includes Hispanic),6.4
39,Ohio,39153,Summit,2012,2016,Hispanic (all races),
39,Ohio,39153,Summit,2012,2016,American Indian/Alaskan Native (includes Hispanic),
39,Ohio,39153,Summit,2012,2016,White (includes Hispanic),6.1
39,Ohio,39153,Summit,2013,2017,Asian/Pacific Islander (includes Hispanic),
39,Ohio,39153,Summit,2013,2017,Black (includes Hispanic),6.8
39,Ohio,39153,Summit,2013,2017,Hispanic (all races),
39,Ohio,39153,Summit,2013,2017,American Indian/Alaskan Native (includes Hispanic),
39,Ohio,39153,Summit,2013,2017,White (includes Hispanic),6.3
39,Ohio,39153,Summit,2014,2018,Asian/Pacific Islander (includes Hispanic),
39,Ohio,39153,Summit,2014,2018,Black (includes Hispanic),6.9
39,Ohio,39153,Summit,2014,2018,Hispanic (all races),
39,Ohio,39153,Summit,2014,2018,American Indian/Alaskan Native (includes Hispanic),
39,Ohio,39153,Summit,2014,2018,White (includes Hispanic),6.2
39,Ohio,39153,Summit,2015,2019,Asian/Pacific Islander (includes Hispanic),
39,Ohio,39153,Summit,2015,2019,Black (includes Hispanic),7.6
39,Ohio,39153,Summit,2015,2019,Hispanic (all races),
39,Ohio,39153,Summit,2015,2019,American Indian/Alaskan Native (includes Hispanic),
39,Ohio,39153,Summit,2015,2019,White (includes Hispanic),6.1
39,Ohio,39153,Summit,2016,2020,Asian/Pacific Islander (includes Hispanic),
39,Ohio,39153,Summit,2016,2020,Black (includes Hispanic),7.7
39,Ohio,39153,Summit,2016,2020,Hispanic (all races),
39,Ohio,39153,Summit,2016,2020,American Indian/Alaskan Native (includes Hispanic),
39,Ohio,39153,Summit,2016,2020,White (includes Hispanic),6.2
39,Ohio,39155,Trumbull,2011,2015,Asian/Pacific Islander (includes Hispanic),
39,Ohio,39155,Trumbull,2011,2015,Black (includes Hispanic),
39,Ohio,39155,Trumbull,2011,2015,Hispanic (all races),
39,Ohio,39155,Trumbull,2011,2015,American Indian/Alaskan Native (includes Hispanic),
39,Ohio,39155,Trumbull,2011,2015,White (includes Hispanic),7.2
39,Ohio,39155,Trumbull,2012,2016,Asian/Pacific Islander (includes Hispanic),
39,Ohio,39155,Trumbull,2012,2016,Black (includes Hispanic),
39,Ohio,39155,Trumbull,2012,2016,Hispanic (all races),
39,Ohio,39155,Trumbull,2012,2016,American Indian/Alaskan Native (includes Hispanic),
39,Ohio,39155,Trumbull,2012,2016,White (includes Hispanic),6.8
39,Ohio,39155,Trumbull,2013,2017,Asian/Pacific Islander (includes Hispanic),
39,Ohio,39155,Trumbull,2013,2017,Black (includes Hispanic),
39,Ohio,39155,Trumbull,2013,2017,Hispanic (all races),
39,Ohio,39155,Trumbull,2013,2017,American Indian/Alaskan Native (includes Hispanic),
39,Ohio,39155,Trumbull,2013,2017,White (includes Hispanic),7.2
39,Ohio,39155,Trumbull,2014,2018,Asian/Pacific Islander (includes Hispanic),
39,Ohio,39155,Trumbull,2014,2018,Black (includes Hispanic),10.3
39,Ohio,39155,Trumbull,2014,2018,Hispanic (all races),
39,Ohio,39155,Trumbull,2014,2018,American Indian/Alaskan Native (includes Hispanic),
39,Ohio,39155,Trumbull,2014,2018,White (includes Hispanic),7.3
39,Ohio,39155,Trumbull,2015,2019,Asian/Pacific Islander (includes Hispanic),
39,Ohio,39155,Trumbull,2015,2019,Black (includes Hispanic),9.0
39,Ohio,39155,Trumbull,2015,2019,Hispanic (all races),
39,Ohio,39155,Trumbull,2015,2019,American Indian/Alaskan Native (includes Hispanic),
39,Ohio,39155,Trumbull,2015,2019,White (includes Hispanic),8.0
39,Ohio,39155,Trumbull,2016,2020,Asian/Pacific Islander (includes Hispanic),
39,Ohio,39155,Trumbull,2016,2020,Black (includes Hispanic),
39,Ohio,39155,Trumbull,2016,2020,Hispanic (all races),
39,Ohio,39155,Trumbull,2016,2020,American Indian/Alaskan Native (includes Hispanic),
39,Ohio,39155,Trumbull,2016,2020,White (includes Hispanic),7.7
39,Ohio,39157,Tuscarawas,2011,2015,Asian/Pacific Islander (includes Hispanic),
39,Ohio,39157,Tuscarawas,2011,2015,Black (includes Hispanic),
39,Ohio,39157,Tuscarawas,2011,2015,Hispanic (all races),
39,Ohio,39157,Tuscarawas,2011,2015,American Indian/Alaskan Native (includes Hispanic),
39,Ohio,39157,Tuscarawas,2011,2015,White (includes Hispanic),7.2
39,Ohio,39157,Tuscarawas,2012,2016,Asian/Pacific Islander (includes Hispanic),
39,Ohio,39157,Tuscarawas,2012,2016,Black (includes Hispanic),
39,Ohio,39157,Tuscarawas,2012,2016,Hispanic (all races),
39,Ohio,39157,Tuscarawas,2012,2016,American Indian/Alaskan Native (includes Hispanic),
39,Ohio,39157,Tuscarawas,2012,2016,White (includes Hispanic),7.3
39,Ohio,39157,Tuscarawas,2013,2017,Asian/Pacific Islander (includes Hispanic),
39,Ohio,39157,Tuscarawas,2013,2017,Black (includes Hispanic),
39,Ohio,39157,Tuscarawas,2013,2017,Hispanic (all races),
39,Ohio,39157,Tuscarawas,2013,2017,American Indian/Alaskan Native (includes Hispanic),
39,Ohio,39157,Tuscarawas,2013,2017,White (includes Hispanic),7.9
39,Ohio,39157,Tuscarawas,2014,2018,Asian/Pacific Islander (includes Hispanic),
39,Ohio,39157,Tuscarawas,2014,2018,Black (includes Hispanic),
39,Ohio,39157,Tuscarawas,2014,2018,Hispanic (all races),
39,Ohio,39157,Tuscarawas,2014,2018,American Indian/Alaskan Native (includes Hispanic),
39,Ohio,39157,Tuscarawas,2014,2018,White (includes Hispanic),8.5
39,Ohio,39157,Tuscarawas,2015,2019,Asian/Pacific Islander (includes Hispanic),
39,Ohio,39157,Tuscarawas,2015,2019,Black (includes Hispanic),
39,Ohio,39157,Tuscarawas,2015,2019,Hispanic (all races),
39,Ohio,39157,Tuscarawas,2015,2019,American Indian/Alaskan Native (includes Hispanic),
39,Ohio,39157,Tuscarawas,2015,2019,White (includes Hispanic),8.5
39,Ohio,39157,Tuscarawas,2016,2020,Asian/Pacific Islander (includes Hispanic),
39,Ohio,39157,Tuscarawas,2016,2020,Black (includes Hispanic),
39,Ohio,39157,Tuscarawas,2016,2020,Hispanic (all races),
39,Ohio,39157,Tuscarawas,2016,2020,American Indian/Alaskan Native (includes Hispanic),
39,Ohio,39157,Tuscarawas,2016,2020,White (includes Hispanic),9.1
39,Ohio,39159,Union,2011,2015,Asian/Pacific Islander (includes Hispanic),
39,Ohio,39159,Union,2011,2015,Black (includes Hispanic),6.8
39,Ohio,39159,Union,2011,2015,Hispanic (all races),
39,Ohio,39159,Union,2011,2015,American Indian/Alaskan Native (includes Hispanic),
39,Ohio,39159,Union,2011,2015,White (includes Hispanic),8.3
39,Ohio,39159,Union,2012,2016,Asian/Pacific Islander (includes Hispanic),
39,Ohio,39159,Union,2012,2016,Black (includes Hispanic),8.4
39,Ohio,39159,Union,2012,2016,Hispanic (all races),
39,Ohio,39159,Union,2012,2016,American Indian/Alaskan Native (includes Hispanic),
39,Ohio,39159,Union,2012,2016,White (includes Hispanic),7.9
39,Ohio,39159,Union,2013,2017,Asian/Pacific Islander (includes Hispanic),
39,Ohio,39159,Union,2013,2017,Black (includes Hispanic),9.1
39,Ohio,39159,Union,2013,2017,Hispanic (all races),
39,Ohio,39159,Union,2013,2017,American Indian/Alaskan Native (includes Hispanic),
39,Ohio,39159,Union,2013,2017,White (includes Hispanic),7.9
39,Ohio,39159,Union,2014,2018,Asian/Pacific Islander (includes Hispanic),
39,Ohio,39159,Union,2014,2018,Black (includes Hispanic),9.2
39,Ohio,39159,Union,2014,2018,Hispanic (all races),
39,Ohio,39159,Union,2014,2018,American Indian/Alaskan Native (includes Hispanic),
39,Ohio,39159,Union,2014,2018,White (includes Hispanic),8.2
39,Ohio,39159,Union,2015,2019,Asian/Pacific Islander (includes Hispanic),
39,Ohio,39159,Union,2015,2019,Black (includes Hispanic),7.9
39,Ohio,39159,Union,2015,2019,Hispanic (all races),
39,Ohio,39159,Union,2015,2019,American Indian/Alaskan Native (includes Hispanic),
39,Ohio,39159,Union,2015,2019,White (includes Hispanic),8.5
39,Ohio,39159,Union,2016,2020,Asian/Pacific Islander (includes Hispanic),
39,Ohio,39159,Union,2016,2020,Black (includes Hispanic),7.8
39,Ohio,39159,Union,2016,2020,Hispanic (all races),
39,Ohio,39159,Union,2016,2020,American Indian/Alaskan Native (includes Hispanic),
39,Ohio,39159,Union,2016,2020,White (includes Hispanic),8.1
39,Ohio,39161,Van Wert,2011,2015,Asian/Pacific Islander (includes Hispanic),
39,Ohio,39161,Van Wert,2011,2015,Black (includes Hispanic),
39,Ohio,39161,Van Wert,2011,2015,Hispanic (all races),
39,Ohio,39161,Van Wert,2011,2015,American Indian/Alaskan Native (includes Hispanic),
39,Ohio,39161,Van Wert,2011,2015,White (includes Hispanic),7.5
39,Ohio,39161,Van Wert,2012,2016,Asian/Pacific Islander (includes Hispanic),
39,Ohio,39161,Van Wert,2012,2016,Black (includes Hispanic),
39,Ohio,39161,Van Wert,2012,2016,Hispanic (all races),
39,Ohio,39161,Van Wert,2012,2016,American Indian/Alaskan Native (includes Hispanic),
39,Ohio,39161,Van Wert,2012,2016,White (includes Hispanic),7.8
39,Ohio,39161,Van Wert,2013,2017,Asian/Pacific Islander (includes Hispanic),
39,Ohio,39161,Van Wert,2013,2017,Black (includes Hispanic),
39,Ohio,39161,Van Wert,2013,2017,Hispanic (all races),
39,Ohio,39161,Van Wert,2013,2017,American Indian/Alaskan Native (includes Hispanic),
39,Ohio,39161,Van Wert,2013,2017,White (includes Hispanic),8.3
39,Ohio,39161,Van Wert,2014,2018,Asian/Pacific Islander (includes Hispanic),
39,Ohio,39161,Van Wert,2014,2018,Black (includes Hispanic),
39,Ohio,39161,Van Wert,2014,2018,Hispanic (all races),
39,Ohio,39161,Van Wert,2014,2018,American Indian/Alaskan Native (includes Hispanic),
39,Ohio,39161,Van Wert,2014,2018,White (includes Hispanic),8.5
39,Ohio,39161,Van Wert,2015,2019,Asian/Pacific Islander (includes Hispanic),
39,Ohio,39161,Van Wert,2015,2019,Black (includes Hispanic),
39,Ohio,39161,Van Wert,2015,2019,Hispanic (all races),
39,Ohio,39161,Van Wert,2015,2019,American Indian/Alaskan Native (includes Hispanic),
39,Ohio,39161,Van Wert,2015,2019,White (includes Hispanic),8.2
39,Ohio,39161,Van Wert,2016,2020,Asian/Pacific Islander (includes Hispanic),
39,Ohio,39161,Van Wert,2016,2020,Black (includes Hispanic),
39,Ohio,39161,Van Wert,2016,2020,Hispanic (all races),
39,Ohio,39161,Van Wert,2016,2020,American Indian/Alaskan Native (includes Hispanic),
39,Ohio,39161,Van Wert,2016,2020,White (includes Hispanic),8.7
39,Ohio,39163,Vinton,2011,2015,Asian/Pacific Islander (includes Hispanic),
39,Ohio,39163,Vinton,2011,2015,Black (includes Hispanic),
39,Ohio,39163,Vinton,2011,2015,Hispanic (all races),
39,Ohio,39163,Vinton,2011,2015,American Indian/Alaskan Native (includes Hispanic),
39,Ohio,39163,Vinton,2011,2015,White (includes Hispanic),10.2
39,Ohio,39163,Vinton,2012,2016,Asian/Pacific Islander (includes Hispanic),
39,Ohio,39163,Vinton,2012,2016,Black (includes Hispanic),
39,Ohio,39163,Vinton,2012,2016,Hispanic (all races),
39,Ohio,39163,Vinton,2012,2016,American Indian/Alaskan Native (includes Hispanic),
39,Ohio,39163,Vinton,2012,2016,White (includes Hispanic),10.9
39,Ohio,39163,Vinton,2013,2017,Asian/Pacific Islander (includes Hispanic),
39,Ohio,39163,Vinton,2013,2017,Black (includes Hispanic),
39,Ohio,39163,Vinton,2013,2017,Hispanic (all races),
39,Ohio,39163,Vinton,2013,2017,American Indian/Alaskan Native (includes Hispanic),
39,Ohio,39163,Vinton,2013,2017,White (includes Hispanic),10.9
39,Ohio,39163,Vinton,2014,2018,Asian/Pacific Islander (includes Hispanic),
39,Ohio,39163,Vinton,2014,2018,Black (includes Hispanic),
39,Ohio,39163,Vinton,2014,2018,Hispanic (all races),
39,Ohio,39163,Vinton,2014,2018,American Indian/Alaskan Native (includes Hispanic),
39,Ohio,39163,Vinton,2014,2018,White (includes Hispanic),10.2
39,Ohio,39163,Vinton,2015,2019,Asian/Pacific Islander (includes Hispanic),
39,Ohio,39163,Vinton,2015,2019,Black (includes Hispanic),
39,Ohio,39163,Vinton,2015,2019,Hispanic (all races),
39,Ohio,39163,Vinton,2015,2019,American Indian/Alaskan Native (includes Hispanic),
39,Ohio,39163,Vinton,2015,2019,White (includes Hispanic),9.8
39,Ohio,39163,Vinton,2016,2020,Asian/Pacific Islander (includes Hispanic),
39,Ohio,39163,Vinton,2016,2020,Black (includes Hispanic),
39,Ohio,39163,Vinton,2016,2020,Hispanic (all races),
39,Ohio,39163,Vinton,2016,2020,American Indian/Alaskan Native (includes Hispanic),
39,Ohio,39163,Vinton,2016,2020,White (includes Hispanic),9.6
39,Ohio,39165,Warren,2011,2015,Asian/Pacific Islander (includes Hispanic),
39,Ohio,39165,Warren,2011,2015,Black (includes Hispanic),8.1
39,Ohio,39165,Warren,2011,2015,Hispanic (all races),
39,Ohio,39165,Warren,2011,2015,American Indian/Alaskan Native (includes Hispanic),
39,Ohio,39165,Warren,2011,2015,White (includes Hispanic),7.6
39,Ohio,39165,Warren,2012,2016,Asian/Pacific Islander (includes Hispanic),
39,Ohio,39165,Warren,2012,2016,Black (includes Hispanic),8.3
39,Ohio,39165,Warren,2012,2016,Hispanic (all races),
39,Ohio,39165,Warren,2012,2016,American Indian/Alaskan Native (includes Hispanic),
39,Ohio,39165,Warren,2012,2016,White (includes Hispanic),8.0
39,Ohio,39165,Warren,2013,2017,Asian/Pacific Islander (includes Hispanic),
39,Ohio,39165,Warren,2013,2017,Black (includes Hispanic),8.8
39,Ohio,39165,Warren,2013,2017,Hispanic (all races),
39,Ohio,39165,Warren,2013,2017,American Indian/Alaskan Native (includes Hispanic),
39,Ohio,39165,Warren,2013,2017,White (includes Hispanic),8.4
39,Ohio,39165,Warren,2014,2018,Asian/Pacific Islander (includes Hispanic),
39,Ohio,39165,Warren,2014,2018,Black (includes Hispanic),8.4
39,Ohio,39165,Warren,2014,2018,Hispanic (all races),
39,Ohio,39165,Warren,2014,2018,American Indian/Alaskan Native (includes Hispanic),
39,Ohio,39165,Warren,2014,2018,White (includes Hispanic),8.4
39,Ohio,39165,Warren,2015,2019,Asian/Pacific Islander (includes Hispanic),
39,Ohio,39165,Warren,2015,2019,Black (includes Hispanic),7.7
39,Ohio,39165,Warren,2015,2019,Hispanic (all races),
39,Ohio,39165,Warren,2015,2019,American Indian/Alaskan Native (includes Hispanic),
39,Ohio,39165,Warren,2015,2019,White (includes Hispanic),8.4
39,Ohio,39165,Warren,2016,2020,Asian/Pacific Islander (includes Hispanic),
39,Ohio,39165,Warren,2016,2020,Black (includes Hispanic),8.0
39,Ohio,39165,Warren,2016,2020,Hispanic (all races),
39,Ohio,39165,Warren,2016,2020,American Indian/Alaskan Native (includes Hispanic),
39,Ohio,39165,Warren,2016,2020,White (includes Hispanic),8.5
39,Ohio,39167,Washington,2011,2015,Asian/Pacific Islander (includes Hispanic),
39,Ohio,39167,Washington,2011,2015,Black (includes Hispanic),
39,Ohio,39167,Washington,2011,2015,Hispanic (all races),
39,Ohio,39167,Washington,2011,2015,American Indian/Alaskan Native (includes Hispanic),
39,Ohio,39167,Washington,2011,2015,White (includes Hispanic),8.8
39,Ohio,39167,Washington,2012,2016,Asian/Pacific Islander (includes Hispanic),
39,Ohio,39167,Washington,2012,2016,Black (includes Hispanic),
39,Ohio,39167,Washington,2012,2016,Hispanic (all races),
39,Ohio,39167,Washington,2012,2016,American Indian/Alaskan Native (includes Hispanic),
39,Ohio,39167,Washington,2012,2016,White (includes Hispanic),9.1
39,Ohio,39167,Washington,2013,2017,Asian/Pacific Islander (includes Hispanic),
39,Ohio,39167,Washington,2013,2017,Black (includes Hispanic),
39,Ohio,39167,Washington,2013,2017,Hispanic (all races),
39,Ohio,39167,Washington,2013,2017,American Indian/Alaskan Native (includes Hispanic),
39,Ohio,39167,Washington,2013,2017,White (includes Hispanic),9.7
39,Ohio,39167,Washington,2014,2018,Asian/Pacific Islander (includes Hispanic),
39,Ohio,39167,Washington,2014,2018,Black (includes Hispanic),
39,Ohio,39167,Washington,2014,2018,Hispanic (all races),
39,Ohio,39167,Washington,2014,2018,American Indian/Alaskan Native (includes Hispanic),
39,Ohio,39167,Washington,2014,2018,White (includes Hispanic),9.7
39,Ohio,39167,Washington,2015,2019,Asian/Pacific Islander (includes Hispanic),
39,Ohio,39167,Washington,2015,2019,Black (includes Hispanic),
39,Ohio,39167,Washington,2015,2019,Hispanic (all races),
39,Ohio,39167,Washington,2015,2019,American Indian/Alaskan Native (includes Hispanic),
39,Ohio,39167,Washington,2015,2019,White (includes Hispanic),8.1
39,Ohio,39167,Washington,2016,2020,Asian/Pacific Islander (includes Hispanic),
39,Ohio,39167,Washington,2016,2020,Black (includes Hispanic),
39,Ohio,39167,Washington,2016,2020,Hispanic (all races),
39,Ohio,39167,Washington,2016,2020,American Indian/Alaskan Native (includes Hispanic),
39,Ohio,39167,Washington,2016,2020,White (includes Hispanic),8.4
39,Ohio,39169,Wayne,2011,2015,Asian/Pacific Islander (includes Hispanic),
39,Ohio,39169,Wayne,2011,2015,Black (includes Hispanic),6.5
39,Ohio,39169,Wayne,2011,2015,Hispanic (all races),
39,Ohio,39169,Wayne,2011,2015,American Indian/Alaskan Native (includes Hispanic),
39,Ohio,39169,Wayne,2011,2015,White (includes Hispanic),6.1
39,Ohio,39169,Wayne,2012,2016,Asian/Pacific Islander (includes Hispanic),
39,Ohio,39169,Wayne,2012,2016,Black (includes Hispanic),5.5
39,Ohio,39169,Wayne,2012,2016,Hispanic (all races),
39,Ohio,39169,Wayne,2012,2016,American Indian/Alaskan Native (includes Hispanic),
39,Ohio,39169,Wayne,2012,2016,White (includes Hispanic),6.2
39,Ohio,39169,Wayne,2013,2017,Asian/Pacific Islander (includes Hispanic),
39,Ohio,39169,Wayne,2013,2017,Black (includes Hispanic),
39,Ohio,39169,Wayne,2013,2017,Hispanic (all races),
39,Ohio,39169,Wayne,2013,2017,American Indian/Alaskan Native (includes Hispanic),
39,Ohio,39169,Wayne,2013,2017,White (includes Hispanic),6.2
39,Ohio,39169,Wayne,2014,2018,Asian/Pacific Islander (includes Hispanic),
39,Ohio,39169,Wayne,2014,2018,Black (includes Hispanic),
39,Ohio,39169,Wayne,2014,2018,Hispanic (all races),
39,Ohio,39169,Wayne,2014,2018,American Indian/Alaskan Native (includes Hispanic),
39,Ohio,39169,Wayne,2014,2018,White (includes Hispanic),6.2
39,Ohio,39169,Wayne,2015,2019,Asian/Pacific Islander (includes Hispanic),
39,Ohio,39169,Wayne,2015,2019,Black (includes Hispanic),5.7
39,Ohio,39169,Wayne,2015,2019,Hispanic (all races),
39,Ohio,39169,Wayne,2015,2019,American Indian/Alaskan Native (includes Hispanic),
39,Ohio,39169,Wayne,2015,2019,White (includes Hispanic),6.3
39,Ohio,39169,Wayne,2016,2020,Asian/Pacific Islander (includes Hispanic),
39,Ohio,39169,Wayne,2016,2020,Black (includes Hispanic),6.5
39,Ohio,39169,Wayne,2016,2020,Hispanic (all races),
39,Ohio,39169,Wayne,2016,2020,American Indian/Alaskan Native (includes Hispanic),
39,Ohio,39169,Wayne,2016,2020,White (includes Hispanic),6.5
39,Ohio,39171,Williams,2011,2015,Asian/Pacific Islander (includes Hispanic),
39,Ohio,39171,Williams,2011,2015,Black (includes Hispanic),
39,Ohio,39171,Williams,2011,2015,Hispanic (all races),
39,Ohio,39171,Williams,2011,2015,American Indian/Alaskan Native (includes Hispanic),
39,Ohio,39171,Williams,2011,2015,White (includes Hispanic),7.7
39,Ohio,39171,Williams,2012,2016,Asian/Pacific Islander (includes Hispanic),
39,Ohio,39171,Williams,2012,2016,Black (includes Hispanic),
39,Ohio,39171,Williams,2012,2016,Hispanic (all races),
39,Ohio,39171,Williams,2012,2016,American Indian/Alaskan Native (includes Hispanic),
39,Ohio,39171,Williams,2012,2016,White (includes Hispanic),6.5
39,Ohio,39171,Williams,2013,2017,Asian/Pacific Islander (includes Hispanic),
39,Ohio,39171,Williams,2013,2017,Black (includes Hispanic),
39,Ohio,39171,Williams,2013,2017,Hispanic (all races),
39,Ohio,39171,Williams,2013,2017,American Indian/Alaskan Native (includes Hispanic),
39,Ohio,39171,Williams,2013,2017,White (includes Hispanic),6.9
39,Ohio,39171,Williams,2014,2018,Asian/Pacific Islander (includes Hispanic),
39,Ohio,39171,Williams,2014,2018,Black (includes Hispanic),
39,Ohio,39171,Williams,2014,2018,Hispanic (all races),
39,Ohio,39171,Williams,2014,2018,American Indian/Alaskan Native (includes Hispanic),
39,Ohio,39171,Williams,2014,2018,White (includes Hispanic),7.5
39,Ohio,39171,Williams,2015,2019,Asian/Pacific Islander (includes Hispanic),
39,Ohio,39171,Williams,2015,2019,Black (includes Hispanic),
39,Ohio,39171,Williams,2015,2019,Hispanic (all races),
39,Ohio,39171,Williams,2015,2019,American Indian/Alaskan Native (includes Hispanic),
39,Ohio,39171,Williams,2015,2019,White (includes Hispanic),8.7
39,Ohio,39171,Williams,2016,2020,Asian/Pacific Islander (includes Hispanic),
39,Ohio,39171,Williams,2016,2020,Black (includes Hispanic),
39,Ohio,39171,Williams,2016,2020,Hispanic (all races),
39,Ohio,39171,Williams,2016,2020,American Indian/Alaskan Native (includes Hispanic),
39,Ohio,39171,Williams,2016,2020,White (includes Hispanic),8.5
39,Ohio,39173,Wood,2011,2015,Asian/Pacific Islander (includes Hispanic),
39,Ohio,39173,Wood,2011,2015,Black (includes Hispanic),
39,Ohio,39173,Wood,2011,2015,Hispanic (all races),
39,Ohio,39173,Wood,2011,2015,American Indian/Alaskan Native (includes Hispanic),
39,Ohio,39173,Wood,2011,2015,White (includes Hispanic),8.0
39,Ohio,39173,Wood,2012,2016,Asian/Pacific Islander (includes Hispanic),
39,Ohio,39173,Wood,2012,2016,Black (includes Hispanic),
39,Ohio,39173,Wood,2012,2016,Hispanic (all races),
39,Ohio,39173,Wood,2012,2016,American Indian/Alaskan Native (includes Hispanic),
39,Ohio,39173,Wood,2012,2016,White (includes Hispanic),7.8
39,Ohio,39173,Wood,2013,2017,Asian/Pacific Islander (includes Hispanic),
39,Ohio,39173,Wood,2013,2017,Black (includes Hispanic),
39,Ohio,39173,Wood,2013,2017,Hispanic (all races),
39,Ohio,39173,Wood,2013,2017,American Indian/Alaskan Native (includes Hispanic),
39,Ohio,39173,Wood,2013,2017,White (includes Hispanic),8.2
39,Ohio,39173,Wood,2014,2018,Asian/Pacific Islander (includes Hispanic),
39,Ohio,39173,Wood,2014,2018,Black (includes Hispanic),
39,Ohio,39173,Wood,2014,2018,Hispanic (all races),
39,Ohio,39173,Wood,2014,2018,American Indian/Alaskan Native (includes Hispanic),
39,Ohio,39173,Wood,2014,2018,White (includes Hispanic),8.8
39,Ohio,39173,Wood,2015,2019,Asian/Pacific Islander (includes Hispanic),
39,Ohio,39173,Wood,2015,2019,Black (includes Hispanic),
39,Ohio,39173,Wood,2015,2019,Hispanic (all races),
39,Ohio,39173,Wood,2015,2019,American Indian/Alaskan Native (includes Hispanic),
39,Ohio,39173,Wood,2015,2019,White (includes Hispanic),8.4
39,Ohio,39173,Wood,2016,2020,Asian/Pacific Islander (includes Hispanic),
39,Ohio,39173,Wood,2016,2020,Black (includes Hispanic),
39,Ohio,39173,Wood,2016,2020,Hispanic (all races),
39,Ohio,39173,Wood,2016,2020,American Indian/Alaskan Native (includes Hispanic),
39,Ohio,39173,Wood,2016,2020,White (includes Hispanic),7.8
39,Ohio,39175,Wyandot,2011,2015,Asian/Pacific Islander (includes Hispanic),
39,Ohio,39175,Wyandot,2011,2015,Black (includes Hispanic),
39,Ohio,39175,Wyandot,2011,2015,Hispanic (all races),
39,Ohio,39175,Wyandot,2011,2015,American Indian/Alaskan Native (includes Hispanic),
39,Ohio,39175,Wyandot,2011,2015,White (includes Hispanic),12.0
39,Ohio,39175,Wyandot,2012,2016,Asian/Pacific Islander (includes Hispanic),
39,Ohio,39175,Wyandot,2012,2016,Black (includes Hispanic),
39,Ohio,39175,Wyandot,2012,2016,Hispanic (all races),
39,Ohio,39175,Wyandot,2012,2016,American Indian/Alaskan Native (includes Hispanic),
39,Ohio,39175,Wyandot,2012,2016,White (includes Hispanic),11.0
39,Ohio,39175,Wyandot,2013,2017,Asian/Pacific Islander (includes Hispanic),
39,Ohio,39175,Wyandot,2013,2017,Black (includes Hispanic),
39,Ohio,39175,Wyandot,2013,2017,Hispanic (all races),
39,Ohio,39175,Wyandot,2013,2017,American Indian/Alaskan Native (includes Hispanic),
39,Ohio,39175,Wyandot,2013,2017,White (includes Hispanic),9.9
39,Ohio,39175,Wyandot,2014,2018,Asian/Pacific Islander (includes Hispanic),
39,Ohio,39175,Wyandot,2014,2018,Black (includes Hispanic),
39,Ohio,39175,Wyandot,2014,2018,Hispanic (all races),
39,Ohio,39175,Wyandot,2014,2018,American Indian/Alaskan Native (includes Hispanic),
39,Ohio,39175,Wyandot,2014,2018,White (includes Hispanic),9.2
39,Ohio,39175,Wyandot,2015,2019,Asian/Pacific Islander (includes Hispanic),
39,Ohio,39175,Wyandot,2015,2019,Black (includes Hispanic),
39,Ohio,39175,Wyandot,2015,2019,Hispanic (all races),
39,Ohio,39175,Wyandot,2015,2019,American Indian/Alaskan Native (includes Hispanic),
39,Ohio,39175,Wyandot,2015,2019,White (includes Hispanic),8.0
39,Ohio,39175,Wyandot,2016,2020,Asian/Pacific Islander (includes Hispanic),
39,Ohio,39175,Wyandot,2016,2020,Black (includes Hispanic),
39,Ohio,39175,Wyandot,2016,2020,Hispanic (all races),
39,Ohio,39175,Wyandot,2016,2020,American Indian/Alaskan Native (includes Hispanic),
39,Ohio,39175,Wyandot,2016,2020,White (includes Hispanic),6.3
40,Oklahoma,40001,Adair,2011,2015,Asian/Pacific Islander (includes Hispanic),
40,Oklahoma,40001,Adair,2011,2015,Black (includes Hispanic),
40,Oklahoma,40001,Adair,2011,2015,Hispanic (all races),
40,Oklahoma,40001,Adair,2011,2015,American Indian/Alaskan Native (includes Hispanic),15.7
40,Oklahoma,40001,Adair,2011,2015,White (includes Hispanic),7.1
40,Oklahoma,40001,Adair,2012,2016,Asian/Pacific Islander (includes Hispanic),
40,Oklahoma,40001,Adair,2012,2016,Black (includes Hispanic),
40,Oklahoma,40001,Adair,2012,2016,Hispanic (all races),
40,Oklahoma,40001,Adair,2012,2016,American Indian/Alaskan Native (includes Hispanic),14.6
40,Oklahoma,40001,Adair,2012,2016,White (includes Hispanic),6.8
40,Oklahoma,40001,Adair,2013,2017,Asian/Pacific Islander (includes Hispanic),
40,Oklahoma,40001,Adair,2013,2017,Black (includes Hispanic),
40,Oklahoma,40001,Adair,2013,2017,Hispanic (all races),
40,Oklahoma,40001,Adair,2013,2017,American Indian/Alaskan Native (includes Hispanic),13.0
40,Oklahoma,40001,Adair,2013,2017,White (includes Hispanic),7.2
40,Oklahoma,40001,Adair,2014,2018,Asian/Pacific Islander (includes Hispanic),
40,Oklahoma,40001,Adair,2014,2018,Black (includes Hispanic),
40,Oklahoma,40001,Adair,2014,2018,Hispanic (all races),
40,Oklahoma,40001,Adair,2014,2018,American Indian/Alaskan Native (includes Hispanic),13.2
40,Oklahoma,40001,Adair,2014,2018,White (includes Hispanic),6.8
40,Oklahoma,40001,Adair,2015,2019,Asian/Pacific Islander (includes Hispanic),
40,Oklahoma,40001,Adair,2015,2019,Black (includes Hispanic),
40,Oklahoma,40001,Adair,2015,2019,Hispanic (all races),
40,Oklahoma,40001,Adair,2015,2019,American Indian/Alaskan Native (includes Hispanic),12.4
40,Oklahoma,40001,Adair,2015,2019,White (includes Hispanic),7.5
40,Oklahoma,40001,Adair,2016,2020,Asian/Pacific Islander (includes Hispanic),
40,Oklahoma,40001,Adair,2016,2020,Black (includes Hispanic),
40,Oklahoma,40001,Adair,2016,2020,Hispanic (all races),
40,Oklahoma,40001,Adair,2016,2020,American Indian/Alaskan Native (includes Hispanic),
40,Oklahoma,40001,Adair,2016,2020,White (includes Hispanic),7.9
40,Oklahoma,40003,Alfalfa,2011,2015,Asian/Pacific Islander (includes Hispanic),
40,Oklahoma,40003,Alfalfa,2011,2015,Black (includes Hispanic),
40,Oklahoma,40003,Alfalfa,2011,2015,Hispanic (all races),
40,Oklahoma,40003,Alfalfa,2011,2015,American Indian/Alaskan Native (includes Hispanic),
40,Oklahoma,40003,Alfalfa,2011,2015,White (includes Hispanic),
40,Oklahoma,40003,Alfalfa,2012,2016,Asian/Pacific Islander (includes Hispanic),
40,Oklahoma,40003,Alfalfa,2012,2016,Black (includes Hispanic),
40,Oklahoma,40003,Alfalfa,2012,2016,Hispanic (all races),
40,Oklahoma,40003,Alfalfa,2012,2016,American Indian/Alaskan Native (includes Hispanic),
40,Oklahoma,40003,Alfalfa,2012,2016,White (includes Hispanic),
40,Oklahoma,40003,Alfalfa,2013,2017,Asian/Pacific Islander (includes Hispanic),
40,Oklahoma,40003,Alfalfa,2013,2017,Black (includes Hispanic),
40,Oklahoma,40003,Alfalfa,2013,2017,Hispanic (all races),
40,Oklahoma,40003,Alfalfa,2013,2017,American Indian/Alaskan Native (includes Hispanic),
40,Oklahoma,40003,Alfalfa,2013,2017,White (includes Hispanic),10.2
40,Oklahoma,40003,Alfalfa,2014,2018,Asian/Pacific Islander (includes Hispanic),
40,Oklahoma,40003,Alfalfa,2014,2018,Black (includes Hispanic),
40,Oklahoma,40003,Alfalfa,2014,2018,Hispanic (all races),
40,Oklahoma,40003,Alfalfa,2014,2018,American Indian/Alaskan Native (includes Hispanic),
40,Oklahoma,40003,Alfalfa,2014,2018,White (includes Hispanic),9.4
40,Oklahoma,40003,Alfalfa,2015,2019,Asian/Pacific Islander (includes Hispanic),
40,Oklahoma,40003,Alfalfa,2015,2019,Black (includes Hispanic),
40,Oklahoma,40003,Alfalfa,2015,2019,Hispanic (all races),
40,Oklahoma,40003,Alfalfa,2015,2019,American Indian/Alaskan Native (includes Hispanic),
40,Oklahoma,40003,Alfalfa,2015,2019,White (includes Hispanic),9.4
40,Oklahoma,40003,Alfalfa,2016,2020,Asian/Pacific Islander (includes Hispanic),
40,Oklahoma,40003,Alfalfa,2016,2020,Black (includes Hispanic),
40,Oklahoma,40003,Alfalfa,2016,2020,Hispanic (all races),
40,Oklahoma,40003,Alfalfa,2016,2020,American Indian/Alaskan Native (includes Hispanic),
40,Oklahoma,40003,Alfalfa,2016,2020,White (includes Hispanic),
40,Oklahoma,40005,Atoka,2011,2015,Asian/Pacific Islander (includes Hispanic),
40,Oklahoma,40005,Atoka,2011,2015,Black (includes Hispanic),
40,Oklahoma,40005,Atoka,2011,2015,Hispanic (all races),
40,Oklahoma,40005,Atoka,2011,2015,American Indian/Alaskan Native (includes Hispanic),
40,Oklahoma,40005,Atoka,2011,2015,White (includes Hispanic),13.7
40,Oklahoma,40005,Atoka,2012,2016,Asian/Pacific Islander (includes Hispanic),
40,Oklahoma,40005,Atoka,2012,2016,Black (includes Hispanic),
40,Oklahoma,40005,Atoka,2012,2016,Hispanic (all races),
40,Oklahoma,40005,Atoka,2012,2016,American Indian/Alaskan Native (includes Hispanic),
40,Oklahoma,40005,Atoka,2012,2016,White (includes Hispanic),12.2
40,Oklahoma,40005,Atoka,2013,2017,Asian/Pacific Islander (includes Hispanic),
40,Oklahoma,40005,Atoka,2013,2017,Black (includes Hispanic),
40,Oklahoma,40005,Atoka,2013,2017,Hispanic (all races),
40,Oklahoma,40005,Atoka,2013,2017,American Indian/Alaskan Native (includes Hispanic),
40,Oklahoma,40005,Atoka,2013,2017,White (includes Hispanic),12.0
40,Oklahoma,40005,Atoka,2014,2018,Asian/Pacific Islander (includes Hispanic),
40,Oklahoma,40005,Atoka,2014,2018,Black (includes Hispanic),
40,Oklahoma,40005,Atoka,2014,2018,Hispanic (all races),
40,Oklahoma,40005,Atoka,2014,2018,American Indian/Alaskan Native (includes Hispanic),
40,Oklahoma,40005,Atoka,2014,2018,White (includes Hispanic),12.0
40,Oklahoma,40005,Atoka,2015,2019,Asian/Pacific Islander (includes Hispanic),
40,Oklahoma,40005,Atoka,2015,2019,Black (includes Hispanic),
40,Oklahoma,40005,Atoka,2015,2019,Hispanic (all races),
40,Oklahoma,40005,Atoka,2015,2019,American Indian/Alaskan Native (includes Hispanic),
40,Oklahoma,40005,Atoka,2015,2019,White (includes Hispanic),9.7
40,Oklahoma,40005,Atoka,2016,2020,Asian/Pacific Islander (includes Hispanic),
40,Oklahoma,40005,Atoka,2016,2020,Black (includes Hispanic),
40,Oklahoma,40005,Atoka,2016,2020,Hispanic (all races),
40,Oklahoma,40005,Atoka,2016,2020,American Indian/Alaskan Native (includes Hispanic),
40,Oklahoma,40005,Atoka,2016,2020,White (includes Hispanic),8.8
40,Oklahoma,40007,Beaver,2011,2015,Asian/Pacific Islander (includes Hispanic),
40,Oklahoma,40007,Beaver,2011,2015,Black (includes Hispanic),
40,Oklahoma,40007,Beaver,2011,2015,Hispanic (all races),
40,Oklahoma,40007,Beaver,2011,2015,American Indian/Alaskan Native (includes Hispanic),
40,Oklahoma,40007,Beaver,2011,2015,White (includes Hispanic),
40,Oklahoma,40007,Beaver,2012,2016,Asian/Pacific Islander (includes Hispanic),
40,Oklahoma,40007,Beaver,2012,2016,Black (includes Hispanic),
40,Oklahoma,40007,Beaver,2012,2016,Hispanic (all races),
40,Oklahoma,40007,Beaver,2012,2016,American Indian/Alaskan Native (includes Hispanic),
40,Oklahoma,40007,Beaver,2012,2016,White (includes Hispanic),
40,Oklahoma,40007,Beaver,2013,2017,Asian/Pacific Islander (includes Hispanic),
40,Oklahoma,40007,Beaver,2013,2017,Black (includes Hispanic),
40,Oklahoma,40007,Beaver,2013,2017,Hispanic (all races),
40,Oklahoma,40007,Beaver,2013,2017,American Indian/Alaskan Native (includes Hispanic),
40,Oklahoma,40007,Beaver,2013,2017,White (includes Hispanic),
40,Oklahoma,40007,Beaver,2014,2018,Asian/Pacific Islander (includes Hispanic),
40,Oklahoma,40007,Beaver,2014,2018,Black (includes Hispanic),
40,Oklahoma,40007,Beaver,2014,2018,Hispanic (all races),
40,Oklahoma,40007,Beaver,2014,2018,American Indian/Alaskan Native (includes Hispanic),
40,Oklahoma,40007,Beaver,2014,2018,White (includes Hispanic),
40,Oklahoma,40007,Beaver,2015,2019,Asian/Pacific Islander (includes Hispanic),
40,Oklahoma,40007,Beaver,2015,2019,Black (includes Hispanic),
40,Oklahoma,40007,Beaver,2015,2019,Hispanic (all races),
40,Oklahoma,40007,Beaver,2015,2019,American Indian/Alaskan Native (includes Hispanic),
40,Oklahoma,40007,Beaver,2015,2019,White (includes Hispanic),
40,Oklahoma,40007,Beaver,2016,2020,Asian/Pacific Islander (includes Hispanic),
40,Oklahoma,40007,Beaver,2016,2020,Black (includes Hispanic),
40,Oklahoma,40007,Beaver,2016,2020,Hispanic (all races),
40,Oklahoma,40007,Beaver,2016,2020,American Indian/Alaskan Native (includes Hispanic),
40,Oklahoma,40007,Beaver,2016,2020,White (includes Hispanic),
40,Oklahoma,40009,Beckham,2011,2015,Asian/Pacific Islander (includes Hispanic),
40,Oklahoma,40009,Beckham,2011,2015,Black (includes Hispanic),
40,Oklahoma,40009,Beckham,2011,2015,Hispanic (all races),
40,Oklahoma,40009,Beckham,2011,2015,American Indian/Alaskan Native (includes Hispanic),
40,Oklahoma,40009,Beckham,2011,2015,White (includes Hispanic),11.6
40,Oklahoma,40009,Beckham,2012,2016,Asian/Pacific Islander (includes Hispanic),
40,Oklahoma,40009,Beckham,2012,2016,Black (includes Hispanic),
40,Oklahoma,40009,Beckham,2012,2016,Hispanic (all races),
40,Oklahoma,40009,Beckham,2012,2016,American Indian/Alaskan Native (includes Hispanic),
40,Oklahoma,40009,Beckham,2012,2016,White (includes Hispanic),12.7
40,Oklahoma,40009,Beckham,2013,2017,Asian/Pacific Islander (includes Hispanic),
40,Oklahoma,40009,Beckham,2013,2017,Black (includes Hispanic),
40,Oklahoma,40009,Beckham,2013,2017,Hispanic (all races),
40,Oklahoma,40009,Beckham,2013,2017,American Indian/Alaskan Native (includes Hispanic),
40,Oklahoma,40009,Beckham,2013,2017,White (includes Hispanic),12.0
40,Oklahoma,40009,Beckham,2014,2018,Asian/Pacific Islander (includes Hispanic),
40,Oklahoma,40009,Beckham,2014,2018,Black (includes Hispanic),
40,Oklahoma,40009,Beckham,2014,2018,Hispanic (all races),
40,Oklahoma,40009,Beckham,2014,2018,American Indian/Alaskan Native (includes Hispanic),
40,Oklahoma,40009,Beckham,2014,2018,White (includes Hispanic),11.8
40,Oklahoma,40009,Beckham,2015,2019,Asian/Pacific Islander (includes Hispanic),
40,Oklahoma,40009,Beckham,2015,2019,Black (includes Hispanic),
40,Oklahoma,40009,Beckham,2015,2019,Hispanic (all races),
40,Oklahoma,40009,Beckham,2015,2019,American Indian/Alaskan Native (includes Hispanic),
40,Oklahoma,40009,Beckham,2015,2019,White (includes Hispanic),11.9
40,Oklahoma,40009,Beckham,2016,2020,Asian/Pacific Islander (includes Hispanic),
40,Oklahoma,40009,Beckham,2016,2020,Black (includes Hispanic),
40,Oklahoma,40009,Beckham,2016,2020,Hispanic (all races),
40,Oklahoma,40009,Beckham,2016,2020,American Indian/Alaskan Native (includes Hispanic),
40,Oklahoma,40009,Beckham,2016,2020,White (includes Hispanic),10.6
40,Oklahoma,40011,Blaine,2011,2015,Asian/Pacific Islander (includes Hispanic),
40,Oklahoma,40011,Blaine,2011,2015,Black (includes Hispanic),
40,Oklahoma,40011,Blaine,2011,2015,Hispanic (all races),
40,Oklahoma,40011,Blaine,2011,2015,American Indian/Alaskan Native (includes Hispanic),
40,Oklahoma,40011,Blaine,2011,2015,White (includes Hispanic),8.1
40,Oklahoma,40011,Blaine,2012,2016,Asian/Pacific Islander (includes Hispanic),
40,Oklahoma,40011,Blaine,2012,2016,Black (includes Hispanic),
40,Oklahoma,40011,Blaine,2012,2016,Hispanic (all races),
40,Oklahoma,40011,Blaine,2012,2016,American Indian/Alaskan Native (includes Hispanic),
40,Oklahoma,40011,Blaine,2012,2016,White (includes Hispanic),10.1
40,Oklahoma,40011,Blaine,2013,2017,Asian/Pacific Islander (includes Hispanic),
40,Oklahoma,40011,Blaine,2013,2017,Black (includes Hispanic),
40,Oklahoma,40011,Blaine,2013,2017,Hispanic (all races),
40,Oklahoma,40011,Blaine,2013,2017,American Indian/Alaskan Native (includes Hispanic),
40,Oklahoma,40011,Blaine,2013,2017,White (includes Hispanic),10.2
40,Oklahoma,40011,Blaine,2014,2018,Asian/Pacific Islander (includes Hispanic),
40,Oklahoma,40011,Blaine,2014,2018,Black (includes Hispanic),
40,Oklahoma,40011,Blaine,2014,2018,Hispanic (all races),
40,Oklahoma,40011,Blaine,2014,2018,American Indian/Alaskan Native (includes Hispanic),
40,Oklahoma,40011,Blaine,2014,2018,White (includes Hispanic),9.1
40,Oklahoma,40011,Blaine,2015,2019,Asian/Pacific Islander (includes Hispanic),
40,Oklahoma,40011,Blaine,2015,2019,Black (includes Hispanic),
40,Oklahoma,40011,Blaine,2015,2019,Hispanic (all races),
40,Oklahoma,40011,Blaine,2015,2019,American Indian/Alaskan Native (includes Hispanic),
40,Oklahoma,40011,Blaine,2015,2019,White (includes Hispanic),9.6
40,Oklahoma,40011,Blaine,2016,2020,Asian/Pacific Islander (includes Hispanic),
40,Oklahoma,40011,Blaine,2016,2020,Black (includes Hispanic),
40,Oklahoma,40011,Blaine,2016,2020,Hispanic (all races),
40,Oklahoma,40011,Blaine,2016,2020,American Indian/Alaskan Native (includes Hispanic),
40,Oklahoma,40011,Blaine,2016,2020,White (includes Hispanic),8.2
40,Oklahoma,40013,Bryan,2011,2015,Asian/Pacific Islander (includes Hispanic),
40,Oklahoma,40013,Bryan,2011,2015,Black (includes Hispanic),
40,Oklahoma,40013,Bryan,2011,2015,Hispanic (all races),
40,Oklahoma,40013,Bryan,2011,2015,American Indian/Alaskan Native (includes Hispanic),
40,Oklahoma,40013,Bryan,2011,2015,White (includes Hispanic),11.5
40,Oklahoma,40013,Bryan,2012,2016,Asian/Pacific Islander (includes Hispanic),
40,Oklahoma,40013,Bryan,2012,2016,Black (includes Hispanic),
40,Oklahoma,40013,Bryan,2012,2016,Hispanic (all races),
40,Oklahoma,40013,Bryan,2012,2016,American Indian/Alaskan Native (includes Hispanic),
40,Oklahoma,40013,Bryan,2012,2016,White (includes Hispanic),11.0
40,Oklahoma,40013,Bryan,2013,2017,Asian/Pacific Islander (includes Hispanic),
40,Oklahoma,40013,Bryan,2013,2017,Black (includes Hispanic),
40,Oklahoma,40013,Bryan,2013,2017,Hispanic (all races),
40,Oklahoma,40013,Bryan,2013,2017,American Indian/Alaskan Native (includes Hispanic),
40,Oklahoma,40013,Bryan,2013,2017,White (includes Hispanic),9.4
40,Oklahoma,40013,Bryan,2014,2018,Asian/Pacific Islander (includes Hispanic),
40,Oklahoma,40013,Bryan,2014,2018,Black (includes Hispanic),
40,Oklahoma,40013,Bryan,2014,2018,Hispanic (all races),
40,Oklahoma,40013,Bryan,2014,2018,American Indian/Alaskan Native (includes Hispanic),
40,Oklahoma,40013,Bryan,2014,2018,White (includes Hispanic),9.5
40,Oklahoma,40013,Bryan,2015,2019,Asian/Pacific Islander (includes Hispanic),
40,Oklahoma,40013,Bryan,2015,2019,Black (includes Hispanic),
40,Oklahoma,40013,Bryan,2015,2019,Hispanic (all races),
40,Oklahoma,40013,Bryan,2015,2019,American Indian/Alaskan Native (includes Hispanic),
40,Oklahoma,40013,Bryan,2015,2019,White (includes Hispanic),10.5
40,Oklahoma,40013,Bryan,2016,2020,Asian/Pacific Islander (includes Hispanic),
40,Oklahoma,40013,Bryan,2016,2020,Black (includes Hispanic),
40,Oklahoma,40013,Bryan,2016,2020,Hispanic (all races),
40,Oklahoma,40013,Bryan,2016,2020,American Indian/Alaskan Native (includes Hispanic),
40,Oklahoma,40013,Bryan,2016,2020,White (includes Hispanic),10.3
40,Oklahoma,40015,Caddo,2011,2015,Asian/Pacific Islander (includes Hispanic),
40,Oklahoma,40015,Caddo,2011,2015,Black (includes Hispanic),
40,Oklahoma,40015,Caddo,2011,2015,Hispanic (all races),
40,Oklahoma,40015,Caddo,2011,2015,American Indian/Alaskan Native (includes Hispanic),
40,Oklahoma,40015,Caddo,2011,2015,White (includes Hispanic),9.2
40,Oklahoma,40015,Caddo,2012,2016,Asian/Pacific Islander (includes Hispanic),
40,Oklahoma,40015,Caddo,2012,2016,Black (includes Hispanic),
40,Oklahoma,40015,Caddo,2012,2016,Hispanic (all races),
40,Oklahoma,40015,Caddo,2012,2016,American Indian/Alaskan Native (includes Hispanic),
40,Oklahoma,40015,Caddo,2012,2016,White (includes Hispanic),9.8
40,Oklahoma,40015,Caddo,2013,2017,Asian/Pacific Islander (includes Hispanic),
40,Oklahoma,40015,Caddo,2013,2017,Black (includes Hispanic),
40,Oklahoma,40015,Caddo,2013,2017,Hispanic (all races),
40,Oklahoma,40015,Caddo,2013,2017,American Indian/Alaskan Native (includes Hispanic),
40,Oklahoma,40015,Caddo,2013,2017,White (includes Hispanic),9.3
40,Oklahoma,40015,Caddo,2014,2018,Asian/Pacific Islander (includes Hispanic),
40,Oklahoma,40015,Caddo,2014,2018,Black (includes Hispanic),
40,Oklahoma,40015,Caddo,2014,2018,Hispanic (all races),
40,Oklahoma,40015,Caddo,2014,2018,American Indian/Alaskan Native (includes Hispanic),
40,Oklahoma,40015,Caddo,2014,2018,White (includes Hispanic),9.2
40,Oklahoma,40015,Caddo,2015,2019,Asian/Pacific Islander (includes Hispanic),
40,Oklahoma,40015,Caddo,2015,2019,Black (includes Hispanic),
40,Oklahoma,40015,Caddo,2015,2019,Hispanic (all races),
40,Oklahoma,40015,Caddo,2015,2019,American Indian/Alaskan Native (includes Hispanic),
40,Oklahoma,40015,Caddo,2015,2019,White (includes Hispanic),9.6
40,Oklahoma,40015,Caddo,2016,2020,Asian/Pacific Islander (includes Hispanic),
40,Oklahoma,40015,Caddo,2016,2020,Black (includes Hispanic),
40,Oklahoma,40015,Caddo,2016,2020,Hispanic (all races),
40,Oklahoma,40015,Caddo,2016,2020,American Indian/Alaskan Native (includes Hispanic),
40,Oklahoma,40015,Caddo,2016,2020,White (includes Hispanic),9.3
40,Oklahoma,40017,Canadian,2011,2015,Asian/Pacific Islander (includes Hispanic),
40,Oklahoma,40017,Canadian,2011,2015,Black (includes Hispanic),7.2
40,Oklahoma,40017,Canadian,2011,2015,Hispanic (all races),9.4
40,Oklahoma,40017,Canadian,2011,2015,American Indian/Alaskan Native (includes Hispanic),
40,Oklahoma,40017,Canadian,2011,2015,White (includes Hispanic),7.6
40,Oklahoma,40017,Canadian,2012,2016,Asian/Pacific Islander (includes Hispanic),
40,Oklahoma,40017,Canadian,2012,2016,Black (includes Hispanic),5.8
40,Oklahoma,40017,Canadian,2012,2016,Hispanic (all races),11.0
40,Oklahoma,40017,Canadian,2012,2016,American Indian/Alaskan Native (includes Hispanic),
40,Oklahoma,40017,Canadian,2012,2016,White (includes Hispanic),7.7
40,Oklahoma,40017,Canadian,2013,2017,Asian/Pacific Islander (includes Hispanic),
40,Oklahoma,40017,Canadian,2013,2017,Black (includes Hispanic),
40,Oklahoma,40017,Canadian,2013,2017,Hispanic (all races),11.7
40,Oklahoma,40017,Canadian,2013,2017,American Indian/Alaskan Native (includes Hispanic),11.8
40,Oklahoma,40017,Canadian,2013,2017,White (includes Hispanic),7.8
40,Oklahoma,40017,Canadian,2014,2018,Asian/Pacific Islander (includes Hispanic),
40,Oklahoma,40017,Canadian,2014,2018,Black (includes Hispanic),
40,Oklahoma,40017,Canadian,2014,2018,Hispanic (all races),13.9
40,Oklahoma,40017,Canadian,2014,2018,American Indian/Alaskan Native (includes Hispanic),12.0
40,Oklahoma,40017,Canadian,2014,2018,White (includes Hispanic),8.3
40,Oklahoma,40017,Canadian,2015,2019,Asian/Pacific Islander (includes Hispanic),
40,Oklahoma,40017,Canadian,2015,2019,Black (includes Hispanic),7.0
40,Oklahoma,40017,Canadian,2015,2019,Hispanic (all races),14.4
40,Oklahoma,40017,Canadian,2015,2019,American Indian/Alaskan Native (includes Hispanic),12.4
40,Oklahoma,40017,Canadian,2015,2019,White (includes Hispanic),8.7
40,Oklahoma,40017,Canadian,2016,2020,Asian/Pacific Islander (includes Hispanic),
40,Oklahoma,40017,Canadian,2016,2020,Black (includes Hispanic),6.8
40,Oklahoma,40017,Canadian,2016,2020,Hispanic (all races),14.1
40,Oklahoma,40017,Canadian,2016,2020,American Indian/Alaskan Native (includes Hispanic),13.8
40,Oklahoma,40017,Canadian,2016,2020,White (includes Hispanic),9.1
40,Oklahoma,40019,Carter,2011,2015,Asian/Pacific Islander (includes Hispanic),
40,Oklahoma,40019,Carter,2011,2015,Black (includes Hispanic),
40,Oklahoma,40019,Carter,2011,2015,Hispanic (all races),
40,Oklahoma,40019,Carter,2011,2015,American Indian/Alaskan Native (includes Hispanic),
40,Oklahoma,40019,Carter,2011,2015,White (includes Hispanic),10.6
40,Oklahoma,40019,Carter,2012,2016,Asian/Pacific Islander (includes Hispanic),
40,Oklahoma,40019,Carter,2012,2016,Black (includes Hispanic),
40,Oklahoma,40019,Carter,2012,2016,Hispanic (all races),
40,Oklahoma,40019,Carter,2012,2016,American Indian/Alaskan Native (includes Hispanic),
40,Oklahoma,40019,Carter,2012,2016,White (includes Hispanic),11.1
40,Oklahoma,40019,Carter,2013,2017,Asian/Pacific Islander (includes Hispanic),
40,Oklahoma,40019,Carter,2013,2017,Black (includes Hispanic),
40,Oklahoma,40019,Carter,2013,2017,Hispanic (all races),
40,Oklahoma,40019,Carter,2013,2017,American Indian/Alaskan Native (includes Hispanic),
40,Oklahoma,40019,Carter,2013,2017,White (includes Hispanic),9.0
40,Oklahoma,40019,Carter,2014,2018,Asian/Pacific Islander (includes Hispanic),
40,Oklahoma,40019,Carter,2014,2018,Black (includes Hispanic),
40,Oklahoma,40019,Carter,2014,2018,Hispanic (all races),
40,Oklahoma,40019,Carter,2014,2018,American Indian/Alaskan Native (includes Hispanic),
40,Oklahoma,40019,Carter,2014,2018,White (includes Hispanic),10.8
40,Oklahoma,40019,Carter,2015,2019,Asian/Pacific Islander (includes Hispanic),
40,Oklahoma,40019,Carter,2015,2019,Black (includes Hispanic),
40,Oklahoma,40019,Carter,2015,2019,Hispanic (all races),
40,Oklahoma,40019,Carter,2015,2019,American Indian/Alaskan Native (includes Hispanic),
40,Oklahoma,40019,Carter,2015,2019,White (includes Hispanic),10.4
40,Oklahoma,40019,Carter,2016,2020,Asian/Pacific Islander (includes Hispanic),
40,Oklahoma,40019,Carter,2016,2020,Black (includes Hispanic),
40,Oklahoma,40019,Carter,2016,2020,Hispanic (all races),
40,Oklahoma,40019,Carter,2016,2020,American Indian/Alaskan Native (includes Hispanic),
40,Oklahoma,40019,Carter,2016,2020,White (includes Hispanic),10.7
40,Oklahoma,40021,Cherokee,2011,2015,Asian/Pacific Islander (includes Hispanic),
40,Oklahoma,40021,Cherokee,2011,2015,Black (includes Hispanic),
40,Oklahoma,40021,Cherokee,2011,2015,Hispanic (all races),
40,Oklahoma,40021,Cherokee,2011,2015,American Indian/Alaskan Native (includes Hispanic),13.6
40,Oklahoma,40021,Cherokee,2011,2015,White (includes Hispanic),9.0
40,Oklahoma,40021,Cherokee,2012,2016,Asian/Pacific Islander (includes Hispanic),
40,Oklahoma,40021,Cherokee,2012,2016,Black (includes Hispanic),
40,Oklahoma,40021,Cherokee,2012,2016,Hispanic (all races),
40,Oklahoma,40021,Cherokee,2012,2016,American Indian/Alaskan Native (includes Hispanic),12.4
40,Oklahoma,40021,Cherokee,2012,2016,White (includes Hispanic),9.1
40,Oklahoma,40021,Cherokee,2013,2017,Asian/Pacific Islander (includes Hispanic),
40,Oklahoma,40021,Cherokee,2013,2017,Black (includes Hispanic),
40,Oklahoma,40021,Cherokee,2013,2017,Hispanic (all races),
40,Oklahoma,40021,Cherokee,2013,2017,American Indian/Alaskan Native (includes Hispanic),10.3
40,Oklahoma,40021,Cherokee,2013,2017,White (includes Hispanic),9.1
40,Oklahoma,40021,Cherokee,2014,2018,Asian/Pacific Islander (includes Hispanic),
40,Oklahoma,40021,Cherokee,2014,2018,Black (includes Hispanic),
40,Oklahoma,40021,Cherokee,2014,2018,Hispanic (all races),
40,Oklahoma,40021,Cherokee,2014,2018,American Indian/Alaskan Native (includes Hispanic),13.8
40,Oklahoma,40021,Cherokee,2014,2018,White (includes Hispanic),9.0
40,Oklahoma,40021,Cherokee,2015,2019,Asian/Pacific Islander (includes Hispanic),
40,Oklahoma,40021,Cherokee,2015,2019,Black (includes Hispanic),
40,Oklahoma,40021,Cherokee,2015,2019,Hispanic (all races),
40,Oklahoma,40021,Cherokee,2015,2019,American Indian/Alaskan Native (includes Hispanic),12.7
40,Oklahoma,40021,Cherokee,2015,2019,White (includes Hispanic),9.4
40,Oklahoma,40021,Cherokee,2016,2020,Asian/Pacific Islander (includes Hispanic),
40,Oklahoma,40021,Cherokee,2016,2020,Black (includes Hispanic),
40,Oklahoma,40021,Cherokee,2016,2020,Hispanic (all races),
40,Oklahoma,40021,Cherokee,2016,2020,American Indian/Alaskan Native (includes Hispanic),10.8
40,Oklahoma,40021,Cherokee,2016,2020,White (includes Hispanic),10.1
40,Oklahoma,40023,Choctaw,2011,2015,Asian/Pacific Islander (includes Hispanic),
40,Oklahoma,40023,Choctaw,2011,2015,Black (includes Hispanic),
40,Oklahoma,40023,Choctaw,2011,2015,Hispanic (all races),
40,Oklahoma,40023,Choctaw,2011,2015,American Indian/Alaskan Native (includes Hispanic),
40,Oklahoma,40023,Choctaw,2011,2015,White (includes Hispanic),11.8
40,Oklahoma,40023,Choctaw,2012,2016,Asian/Pacific Islander (includes Hispanic),
40,Oklahoma,40023,Choctaw,2012,2016,Black (includes Hispanic),
40,Oklahoma,40023,Choctaw,2012,2016,Hispanic (all races),
40,Oklahoma,40023,Choctaw,2012,2016,American Indian/Alaskan Native (includes Hispanic),
40,Oklahoma,40023,Choctaw,2012,2016,White (includes Hispanic),11.9
40,Oklahoma,40023,Choctaw,2013,2017,Asian/Pacific Islander (includes Hispanic),
40,Oklahoma,40023,Choctaw,2013,2017,Black (includes Hispanic),
40,Oklahoma,40023,Choctaw,2013,2017,Hispanic (all races),
40,Oklahoma,40023,Choctaw,2013,2017,American Indian/Alaskan Native (includes Hispanic),
40,Oklahoma,40023,Choctaw,2013,2017,White (includes Hispanic),11.1
40,Oklahoma,40023,Choctaw,2014,2018,Asian/Pacific Islander (includes Hispanic),
40,Oklahoma,40023,Choctaw,2014,2018,Black (includes Hispanic),
40,Oklahoma,40023,Choctaw,2014,2018,Hispanic (all races),
40,Oklahoma,40023,Choctaw,2014,2018,American Indian/Alaskan Native (includes Hispanic),
40,Oklahoma,40023,Choctaw,2014,2018,White (includes Hispanic),13.1
40,Oklahoma,40023,Choctaw,2015,2019,Asian/Pacific Islander (includes Hispanic),
40,Oklahoma,40023,Choctaw,2015,2019,Black (includes Hispanic),
40,Oklahoma,40023,Choctaw,2015,2019,Hispanic (all races),
40,Oklahoma,40023,Choctaw,2015,2019,American Indian/Alaskan Native (includes Hispanic),
40,Oklahoma,40023,Choctaw,2015,2019,White (includes Hispanic),14.8
40,Oklahoma,40023,Choctaw,2016,2020,Asian/Pacific Islander (includes Hispanic),
40,Oklahoma,40023,Choctaw,2016,2020,Black (includes Hispanic),
40,Oklahoma,40023,Choctaw,2016,2020,Hispanic (all races),
40,Oklahoma,40023,Choctaw,2016,2020,American Indian/Alaskan Native (includes Hispanic),
40,Oklahoma,40023,Choctaw,2016,2020,White (includes Hispanic),14.1
40,Oklahoma,40025,Cimarron,2011,2015,Asian/Pacific Islander (includes Hispanic),
40,Oklahoma,40025,Cimarron,2011,2015,Black (includes Hispanic),
40,Oklahoma,40025,Cimarron,2011,2015,Hispanic (all races),
40,Oklahoma,40025,Cimarron,2011,2015,American Indian/Alaskan Native (includes Hispanic),
40,Oklahoma,40025,Cimarron,2011,2015,White (includes Hispanic),
40,Oklahoma,40025,Cimarron,2012,2016,Asian/Pacific Islander (includes Hispanic),
40,Oklahoma,40025,Cimarron,2012,2016,Black (includes Hispanic),
40,Oklahoma,40025,Cimarron,2012,2016,Hispanic (all races),
40,Oklahoma,40025,Cimarron,2012,2016,American Indian/Alaskan Native (includes Hispanic),
40,Oklahoma,40025,Cimarron,2012,2016,White (includes Hispanic),
40,Oklahoma,40025,Cimarron,2013,2017,Asian/Pacific Islander (includes Hispanic),
40,Oklahoma,40025,Cimarron,2013,2017,Black (includes Hispanic),
40,Oklahoma,40025,Cimarron,2013,2017,Hispanic (all races),
40,Oklahoma,40025,Cimarron,2013,2017,American Indian/Alaskan Native (includes Hispanic),
40,Oklahoma,40025,Cimarron,2013,2017,White (includes Hispanic),
40,Oklahoma,40025,Cimarron,2014,2018,Asian/Pacific Islander (includes Hispanic),
40,Oklahoma,40025,Cimarron,2014,2018,Black (includes Hispanic),
40,Oklahoma,40025,Cimarron,2014,2018,Hispanic (all races),
40,Oklahoma,40025,Cimarron,2014,2018,American Indian/Alaskan Native (includes Hispanic),
40,Oklahoma,40025,Cimarron,2014,2018,White (includes Hispanic),
40,Oklahoma,40025,Cimarron,2015,2019,Asian/Pacific Islander (includes Hispanic),
40,Oklahoma,40025,Cimarron,2015,2019,Black (includes Hispanic),
40,Oklahoma,40025,Cimarron,2015,2019,Hispanic (all races),
40,Oklahoma,40025,Cimarron,2015,2019,American Indian/Alaskan Native (includes Hispanic),
40,Oklahoma,40025,Cimarron,2015,2019,White (includes Hispanic),
40,Oklahoma,40025,Cimarron,2016,2020,Asian/Pacific Islander (includes Hispanic),
40,Oklahoma,40025,Cimarron,2016,2020,Black (includes Hispanic),
40,Oklahoma,40025,Cimarron,2016,2020,Hispanic (all races),
40,Oklahoma,40025,Cimarron,2016,2020,American Indian/Alaskan Native (includes Hispanic),
40,Oklahoma,40025,Cimarron,2016,2020,White (includes Hispanic),
40,Oklahoma,40027,Cleveland,2011,2015,Asian/Pacific Islander (includes Hispanic),
40,Oklahoma,40027,Cleveland,2011,2015,Black (includes Hispanic),7.1
40,Oklahoma,40027,Cleveland,2011,2015,Hispanic (all races),9.7
40,Oklahoma,40027,Cleveland,2011,2015,American Indian/Alaskan Native (includes Hispanic),
40,Oklahoma,40027,Cleveland,2011,2015,White (includes Hispanic),7.3
40,Oklahoma,40027,Cleveland,2012,2016,Asian/Pacific Islander (includes Hispanic),
40,Oklahoma,40027,Cleveland,2012,2016,Black (includes Hispanic),5.7
40,Oklahoma,40027,Cleveland,2012,2016,Hispanic (all races),11.4
40,Oklahoma,40027,Cleveland,2012,2016,American Indian/Alaskan Native (includes Hispanic),
40,Oklahoma,40027,Cleveland,2012,2016,White (includes Hispanic),7.3
40,Oklahoma,40027,Cleveland,2013,2017,Asian/Pacific Islander (includes Hispanic),
40,Oklahoma,40027,Cleveland,2013,2017,Black (includes Hispanic),
40,Oklahoma,40027,Cleveland,2013,2017,Hispanic (all races),11.8
40,Oklahoma,40027,Cleveland,2013,2017,American Indian/Alaskan Native (includes Hispanic),15.1
40,Oklahoma,40027,Cleveland,2013,2017,White (includes Hispanic),7.6
40,Oklahoma,40027,Cleveland,2014,2018,Asian/Pacific Islander (includes Hispanic),
40,Oklahoma,40027,Cleveland,2014,2018,Black (includes Hispanic),
40,Oklahoma,40027,Cleveland,2014,2018,Hispanic (all races),13.7
40,Oklahoma,40027,Cleveland,2014,2018,American Indian/Alaskan Native (includes Hispanic),14.3
40,Oklahoma,40027,Cleveland,2014,2018,White (includes Hispanic),8.2
40,Oklahoma,40027,Cleveland,2015,2019,Asian/Pacific Islander (includes Hispanic),
40,Oklahoma,40027,Cleveland,2015,2019,Black (includes Hispanic),7.1
40,Oklahoma,40027,Cleveland,2015,2019,Hispanic (all races),13.4
40,Oklahoma,40027,Cleveland,2015,2019,American Indian/Alaskan Native (includes Hispanic),13.7
40,Oklahoma,40027,Cleveland,2015,2019,White (includes Hispanic),8.8
40,Oklahoma,40027,Cleveland,2016,2020,Asian/Pacific Islander (includes Hispanic),
40,Oklahoma,40027,Cleveland,2016,2020,Black (includes Hispanic),6.7
40,Oklahoma,40027,Cleveland,2016,2020,Hispanic (all races),13.1
40,Oklahoma,40027,Cleveland,2016,2020,American Indian/Alaskan Native (includes Hispanic),15.1
40,Oklahoma,40027,Cleveland,2016,2020,White (includes Hispanic),9.0
40,Oklahoma,40029,Coal,2011,2015,Asian/Pacific Islander (includes Hispanic),
40,Oklahoma,40029,Coal,2011,2015,Black (includes Hispanic),
40,Oklahoma,40029,Coal,2011,2015,Hispanic (all races),
40,Oklahoma,40029,Coal,2011,2015,American Indian/Alaskan Native (includes Hispanic),
40,Oklahoma,40029,Coal,2011,2015,White (includes Hispanic),11.9
40,Oklahoma,40029,Coal,2012,2016,Asian/Pacific Islander (includes Hispanic),
40,Oklahoma,40029,Coal,2012,2016,Black (includes Hispanic),
40,Oklahoma,40029,Coal,2012,2016,Hispanic (all races),
40,Oklahoma,40029,Coal,2012,2016,American Indian/Alaskan Native (includes Hispanic),
40,Oklahoma,40029,Coal,2012,2016,White (includes Hispanic),9.6
40,Oklahoma,40029,Coal,2013,2017,Asian/Pacific Islander (includes Hispanic),
40,Oklahoma,40029,Coal,2013,2017,Black (includes Hispanic),
40,Oklahoma,40029,Coal,2013,2017,Hispanic (all races),
40,Oklahoma,40029,Coal,2013,2017,American Indian/Alaskan Native (includes Hispanic),
40,Oklahoma,40029,Coal,2013,2017,White (includes Hispanic),8.0
40,Oklahoma,40029,Coal,2014,2018,Asian/Pacific Islander (includes Hispanic),
40,Oklahoma,40029,Coal,2014,2018,Black (includes Hispanic),
40,Oklahoma,40029,Coal,2014,2018,Hispanic (all races),
40,Oklahoma,40029,Coal,2014,2018,American Indian/Alaskan Native (includes Hispanic),
40,Oklahoma,40029,Coal,2014,2018,White (includes Hispanic),7.5
40,Oklahoma,40029,Coal,2015,2019,Asian/Pacific Islander (includes Hispanic),
40,Oklahoma,40029,Coal,2015,2019,Black (includes Hispanic),
40,Oklahoma,40029,Coal,2015,2019,Hispanic (all races),
40,Oklahoma,40029,Coal,2015,2019,American Indian/Alaskan Native (includes Hispanic),
40,Oklahoma,40029,Coal,2015,2019,White (includes Hispanic),
40,Oklahoma,40029,Coal,2016,2020,Asian/Pacific Islander (includes Hispanic),
40,Oklahoma,40029,Coal,2016,2020,Black (includes Hispanic),
40,Oklahoma,40029,Coal,2016,2020,Hispanic (all races),
40,Oklahoma,40029,Coal,2016,2020,American Indian/Alaskan Native (includes Hispanic),
40,Oklahoma,40029,Coal,2016,2020,White (includes Hispanic),
40,Oklahoma,40031,Comanche,2011,2015,Asian/Pacific Islander (includes Hispanic),
40,Oklahoma,40031,Comanche,2011,2015,Black (includes Hispanic),
40,Oklahoma,40031,Comanche,2011,2015,Hispanic (all races),
40,Oklahoma,40031,Comanche,2011,2015,American Indian/Alaskan Native (includes Hispanic),
40,Oklahoma,40031,Comanche,2011,2015,White (includes Hispanic),11.6
40,Oklahoma,40031,Comanche,2012,2016,Asian/Pacific Islander (includes Hispanic),
40,Oklahoma,40031,Comanche,2012,2016,Black (includes Hispanic),
40,Oklahoma,40031,Comanche,2012,2016,Hispanic (all races),
40,Oklahoma,40031,Comanche,2012,2016,American Indian/Alaskan Native (includes Hispanic),
40,Oklahoma,40031,Comanche,2012,2016,White (includes Hispanic),11.8
40,Oklahoma,40031,Comanche,2013,2017,Asian/Pacific Islander (includes Hispanic),
40,Oklahoma,40031,Comanche,2013,2017,Black (includes Hispanic),
40,Oklahoma,40031,Comanche,2013,2017,Hispanic (all races),
40,Oklahoma,40031,Comanche,2013,2017,American Indian/Alaskan Native (includes Hispanic),
40,Oklahoma,40031,Comanche,2013,2017,White (includes Hispanic),9.9
40,Oklahoma,40031,Comanche,2014,2018,Asian/Pacific Islander (includes Hispanic),
40,Oklahoma,40031,Comanche,2014,2018,Black (includes Hispanic),
40,Oklahoma,40031,Comanche,2014,2018,Hispanic (all races),
40,Oklahoma,40031,Comanche,2014,2018,American Indian/Alaskan Native (includes Hispanic),
40,Oklahoma,40031,Comanche,2014,2018,White (includes Hispanic),10.0
40,Oklahoma,40031,Comanche,2015,2019,Asian/Pacific Islander (includes Hispanic),
40,Oklahoma,40031,Comanche,2015,2019,Black (includes Hispanic),
40,Oklahoma,40031,Comanche,2015,2019,Hispanic (all races),
40,Oklahoma,40031,Comanche,2015,2019,American Indian/Alaskan Native (includes Hispanic),
40,Oklahoma,40031,Comanche,2015,2019,White (includes Hispanic),10.1
40,Oklahoma,40031,Comanche,2016,2020,Asian/Pacific Islander (includes Hispanic),
40,Oklahoma,40031,Comanche,2016,2020,Black (includes Hispanic),
40,Oklahoma,40031,Comanche,2016,2020,Hispanic (all races),
40,Oklahoma,40031,Comanche,2016,2020,American Indian/Alaskan Native (includes Hispanic),
40,Oklahoma,40031,Comanche,2016,2020,White (includes Hispanic),10.7
40,Oklahoma,40033,Cotton,2011,2015,Asian/Pacific Islander (includes Hispanic),
40,Oklahoma,40033,Cotton,2011,2015,Black (includes Hispanic),
40,Oklahoma,40033,Cotton,2011,2015,Hispanic (all races),
40,Oklahoma,40033,Cotton,2011,2015,American Indian/Alaskan Native (includes Hispanic),
40,Oklahoma,40033,Cotton,2011,2015,White (includes Hispanic),9.7
40,Oklahoma,40033,Cotton,2012,2016,Asian/Pacific Islander (includes Hispanic),
40,Oklahoma,40033,Cotton,2012,2016,Black (includes Hispanic),
40,Oklahoma,40033,Cotton,2012,2016,Hispanic (all races),
40,Oklahoma,40033,Cotton,2012,2016,American Indian/Alaskan Native (includes Hispanic),
40,Oklahoma,40033,Cotton,2012,2016,White (includes Hispanic),10.9
40,Oklahoma,40033,Cotton,2013,2017,Asian/Pacific Islander (includes Hispanic),
40,Oklahoma,40033,Cotton,2013,2017,Black (includes Hispanic),
40,Oklahoma,40033,Cotton,2013,2017,Hispanic (all races),
40,Oklahoma,40033,Cotton,2013,2017,American Indian/Alaskan Native (includes Hispanic),
40,Oklahoma,40033,Cotton,2013,2017,White (includes Hispanic),9.9
40,Oklahoma,40033,Cotton,2014,2018,Asian/Pacific Islander (includes Hispanic),
40,Oklahoma,40033,Cotton,2014,2018,Black (includes Hispanic),
40,Oklahoma,40033,Cotton,2014,2018,Hispanic (all races),
40,Oklahoma,40033,Cotton,2014,2018,American Indian/Alaskan Native (includes Hispanic),
40,Oklahoma,40033,Cotton,2014,2018,White (includes Hispanic),12.4
40,Oklahoma,40033,Cotton,2015,2019,Asian/Pacific Islander (includes Hispanic),
40,Oklahoma,40033,Cotton,2015,2019,Black (includes Hispanic),
40,Oklahoma,40033,Cotton,2015,2019,Hispanic (all races),
40,Oklahoma,40033,Cotton,2015,2019,American Indian/Alaskan Native (includes Hispanic),
40,Oklahoma,40033,Cotton,2015,2019,White (includes Hispanic),13.2
40,Oklahoma,40033,Cotton,2016,2020,Asian/Pacific Islander (includes Hispanic),
40,Oklahoma,40033,Cotton,2016,2020,Black (includes Hispanic),
40,Oklahoma,40033,Cotton,2016,2020,Hispanic (all races),
40,Oklahoma,40033,Cotton,2016,2020,American Indian/Alaskan Native (includes Hispanic),
40,Oklahoma,40033,Cotton,2016,2020,White (includes Hispanic),13.3
40,Oklahoma,40035,Craig,2011,2015,Asian/Pacific Islander (includes Hispanic),
40,Oklahoma,40035,Craig,2011,2015,Black (includes Hispanic),
40,Oklahoma,40035,Craig,2011,2015,Hispanic (all races),
40,Oklahoma,40035,Craig,2011,2015,American Indian/Alaskan Native (includes Hispanic),
40,Oklahoma,40035,Craig,2011,2015,White (includes Hispanic),6.7
40,Oklahoma,40035,Craig,2012,2016,Asian/Pacific Islander (includes Hispanic),
40,Oklahoma,40035,Craig,2012,2016,Black (includes Hispanic),
40,Oklahoma,40035,Craig,2012,2016,Hispanic (all races),
40,Oklahoma,40035,Craig,2012,2016,American Indian/Alaskan Native (includes Hispanic),
40,Oklahoma,40035,Craig,2012,2016,White (includes Hispanic),8.0
40,Oklahoma,40035,Craig,2013,2017,Asian/Pacific Islander (includes Hispanic),
40,Oklahoma,40035,Craig,2013,2017,Black (includes Hispanic),
40,Oklahoma,40035,Craig,2013,2017,Hispanic (all races),
40,Oklahoma,40035,Craig,2013,2017,American Indian/Alaskan Native (includes Hispanic),
40,Oklahoma,40035,Craig,2013,2017,White (includes Hispanic),9.2
40,Oklahoma,40035,Craig,2014,2018,Asian/Pacific Islander (includes Hispanic),
40,Oklahoma,40035,Craig,2014,2018,Black (includes Hispanic),
40,Oklahoma,40035,Craig,2014,2018,Hispanic (all races),
40,Oklahoma,40035,Craig,2014,2018,American Indian/Alaskan Native (includes Hispanic),17.1
40,Oklahoma,40035,Craig,2014,2018,White (includes Hispanic),8.1
40,Oklahoma,40035,Craig,2015,2019,Asian/Pacific Islander (includes Hispanic),
40,Oklahoma,40035,Craig,2015,2019,Black (includes Hispanic),
40,Oklahoma,40035,Craig,2015,2019,Hispanic (all races),
40,Oklahoma,40035,Craig,2015,2019,American Indian/Alaskan Native (includes Hispanic),17.1
40,Oklahoma,40035,Craig,2015,2019,White (includes Hispanic),10.8
40,Oklahoma,40035,Craig,2016,2020,Asian/Pacific Islander (includes Hispanic),
40,Oklahoma,40035,Craig,2016,2020,Black (includes Hispanic),
40,Oklahoma,40035,Craig,2016,2020,Hispanic (all races),
40,Oklahoma,40035,Craig,2016,2020,American Indian/Alaskan Native (includes Hispanic),
40,Oklahoma,40035,Craig,2016,2020,White (includes Hispanic),11.9
40,Oklahoma,40037,Creek,2011,2015,Asian/Pacific Islander (includes Hispanic),
40,Oklahoma,40037,Creek,2011,2015,Black (includes Hispanic),
40,Oklahoma,40037,Creek,2011,2015,Hispanic (all races),16.3
40,Oklahoma,40037,Creek,2011,2015,American Indian/Alaskan Native (includes Hispanic),15.0
40,Oklahoma,40037,Creek,2011,2015,White (includes Hispanic),8.6
40,Oklahoma,40037,Creek,2012,2016,Asian/Pacific Islander (includes Hispanic),
40,Oklahoma,40037,Creek,2012,2016,Black (includes Hispanic),9.0
40,Oklahoma,40037,Creek,2012,2016,Hispanic (all races),19.0
40,Oklahoma,40037,Creek,2012,2016,American Indian/Alaskan Native (includes Hispanic),15.3
40,Oklahoma,40037,Creek,2012,2016,White (includes Hispanic),8.3
40,Oklahoma,40037,Creek,2013,2017,Asian/Pacific Islander (includes Hispanic),
40,Oklahoma,40037,Creek,2013,2017,Black (includes Hispanic),10.8
40,Oklahoma,40037,Creek,2013,2017,Hispanic (all races),17.3
40,Oklahoma,40037,Creek,2013,2017,American Indian/Alaskan Native (includes Hispanic),13.1
40,Oklahoma,40037,Creek,2013,2017,White (includes Hispanic),8.5
40,Oklahoma,40037,Creek,2014,2018,Asian/Pacific Islander (includes Hispanic),
40,Oklahoma,40037,Creek,2014,2018,Black (includes Hispanic),11.9
40,Oklahoma,40037,Creek,2014,2018,Hispanic (all races),13.5
40,Oklahoma,40037,Creek,2014,2018,American Indian/Alaskan Native (includes Hispanic),12.2
40,Oklahoma,40037,Creek,2014,2018,White (includes Hispanic),7.9
40,Oklahoma,40037,Creek,2015,2019,Asian/Pacific Islander (includes Hispanic),
40,Oklahoma,40037,Creek,2015,2019,Black (includes Hispanic),13.5
40,Oklahoma,40037,Creek,2015,2019,Hispanic (all races),10.9
40,Oklahoma,40037,Creek,2015,2019,American Indian/Alaskan Native (includes Hispanic),15.9
40,Oklahoma,40037,Creek,2015,2019,White (includes Hispanic),7.5
40,Oklahoma,40037,Creek,2016,2020,Asian/Pacific Islander (includes Hispanic),
40,Oklahoma,40037,Creek,2016,2020,Black (includes Hispanic),11.2
40,Oklahoma,40037,Creek,2016,2020,Hispanic (all races),
40,Oklahoma,40037,Creek,2016,2020,American Indian/Alaskan Native (includes Hispanic),15.7
40,Oklahoma,40037,Creek,2016,2020,White (includes Hispanic),7.1
40,Oklahoma,40039,Custer,2011,2015,Asian/Pacific Islander (includes Hispanic),
40,Oklahoma,40039,Custer,2011,2015,Black (includes Hispanic),
40,Oklahoma,40039,Custer,2011,2015,Hispanic (all races),
40,Oklahoma,40039,Custer,2011,2015,American Indian/Alaskan Native (includes Hispanic),
40,Oklahoma,40039,Custer,2011,2015,White (includes Hispanic),11.3
40,Oklahoma,40039,Custer,2012,2016,Asian/Pacific Islander (includes Hispanic),
40,Oklahoma,40039,Custer,2012,2016,Black (includes Hispanic),
40,Oklahoma,40039,Custer,2012,2016,Hispanic (all races),
40,Oklahoma,40039,Custer,2012,2016,American Indian/Alaskan Native (includes Hispanic),
40,Oklahoma,40039,Custer,2012,2016,White (includes Hispanic),12.1
40,Oklahoma,40039,Custer,2013,2017,Asian/Pacific Islander (includes Hispanic),
40,Oklahoma,40039,Custer,2013,2017,Black (includes Hispanic),
40,Oklahoma,40039,Custer,2013,2017,Hispanic (all races),
40,Oklahoma,40039,Custer,2013,2017,American Indian/Alaskan Native (includes Hispanic),
40,Oklahoma,40039,Custer,2013,2017,White (includes Hispanic),12.1
40,Oklahoma,40039,Custer,2014,2018,Asian/Pacific Islander (includes Hispanic),
40,Oklahoma,40039,Custer,2014,2018,Black (includes Hispanic),
40,Oklahoma,40039,Custer,2014,2018,Hispanic (all races),
40,Oklahoma,40039,Custer,2014,2018,American Indian/Alaskan Native (includes Hispanic),
40,Oklahoma,40039,Custer,2014,2018,White (includes Hispanic),11.2
40,Oklahoma,40039,Custer,2015,2019,Asian/Pacific Islander (includes Hispanic),
40,Oklahoma,40039,Custer,2015,2019,Black (includes Hispanic),
40,Oklahoma,40039,Custer,2015,2019,Hispanic (all races),
40,Oklahoma,40039,Custer,2015,2019,American Indian/Alaskan Native (includes Hispanic),
40,Oklahoma,40039,Custer,2015,2019,White (includes Hispanic),13.2
40,Oklahoma,40039,Custer,2016,2020,Asian/Pacific Islander (includes Hispanic),
40,Oklahoma,40039,Custer,2016,2020,Black (includes Hispanic),
40,Oklahoma,40039,Custer,2016,2020,Hispanic (all races),
40,Oklahoma,40039,Custer,2016,2020,American Indian/Alaskan Native (includes Hispanic),
40,Oklahoma,40039,Custer,2016,2020,White (includes Hispanic),10.7
40,Oklahoma,40041,Delaware,2011,2015,Asian/Pacific Islander (includes Hispanic),
40,Oklahoma,40041,Delaware,2011,2015,Black (includes Hispanic),
40,Oklahoma,40041,Delaware,2011,2015,Hispanic (all races),
40,Oklahoma,40041,Delaware,2011,2015,American Indian/Alaskan Native (includes Hispanic),13.3
40,Oklahoma,40041,Delaware,2011,2015,White (includes Hispanic),6.7
40,Oklahoma,40041,Delaware,2012,2016,Asian/Pacific Islander (includes Hispanic),
40,Oklahoma,40041,Delaware,2012,2016,Black (includes Hispanic),
40,Oklahoma,40041,Delaware,2012,2016,Hispanic (all races),
40,Oklahoma,40041,Delaware,2012,2016,American Indian/Alaskan Native (includes Hispanic),13.7
40,Oklahoma,40041,Delaware,2012,2016,White (includes Hispanic),6.6
40,Oklahoma,40041,Delaware,2013,2017,Asian/Pacific Islander (includes Hispanic),
40,Oklahoma,40041,Delaware,2013,2017,Black (includes Hispanic),
40,Oklahoma,40041,Delaware,2013,2017,Hispanic (all races),
40,Oklahoma,40041,Delaware,2013,2017,American Indian/Alaskan Native (includes Hispanic),13.0
40,Oklahoma,40041,Delaware,2013,2017,White (includes Hispanic),7.8
40,Oklahoma,40041,Delaware,2014,2018,Asian/Pacific Islander (includes Hispanic),
40,Oklahoma,40041,Delaware,2014,2018,Black (includes Hispanic),
40,Oklahoma,40041,Delaware,2014,2018,Hispanic (all races),
40,Oklahoma,40041,Delaware,2014,2018,American Indian/Alaskan Native (includes Hispanic),14.8
40,Oklahoma,40041,Delaware,2014,2018,White (includes Hispanic),7.9
40,Oklahoma,40041,Delaware,2015,2019,Asian/Pacific Islander (includes Hispanic),
40,Oklahoma,40041,Delaware,2015,2019,Black (includes Hispanic),
40,Oklahoma,40041,Delaware,2015,2019,Hispanic (all races),
40,Oklahoma,40041,Delaware,2015,2019,American Indian/Alaskan Native (includes Hispanic),12.0
40,Oklahoma,40041,Delaware,2015,2019,White (includes Hispanic),9.4
40,Oklahoma,40041,Delaware,2016,2020,Asian/Pacific Islander (includes Hispanic),
40,Oklahoma,40041,Delaware,2016,2020,Black (includes Hispanic),
40,Oklahoma,40041,Delaware,2016,2020,Hispanic (all races),
40,Oklahoma,40041,Delaware,2016,2020,American Indian/Alaskan Native (includes Hispanic),
40,Oklahoma,40041,Delaware,2016,2020,White (includes Hispanic),9.2
40,Oklahoma,40043,Dewey,2011,2015,Asian/Pacific Islander (includes Hispanic),
40,Oklahoma,40043,Dewey,2011,2015,Black (includes Hispanic),
40,Oklahoma,40043,Dewey,2011,2015,Hispanic (all races),
40,Oklahoma,40043,Dewey,2011,2015,American Indian/Alaskan Native (includes Hispanic),
40,Oklahoma,40043,Dewey,2011,2015,White (includes Hispanic),
40,Oklahoma,40043,Dewey,2012,2016,Asian/Pacific Islander (includes Hispanic),
40,Oklahoma,40043,Dewey,2012,2016,Black (includes Hispanic),
40,Oklahoma,40043,Dewey,2012,2016,Hispanic (all races),
40,Oklahoma,40043,Dewey,2012,2016,American Indian/Alaskan Native (includes Hispanic),
40,Oklahoma,40043,Dewey,2012,2016,White (includes Hispanic),9.7
40,Oklahoma,40043,Dewey,2013,2017,Asian/Pacific Islander (includes Hispanic),
40,Oklahoma,40043,Dewey,2013,2017,Black (includes Hispanic),
40,Oklahoma,40043,Dewey,2013,2017,Hispanic (all races),
40,Oklahoma,40043,Dewey,2013,2017,American Indian/Alaskan Native (includes Hispanic),
40,Oklahoma,40043,Dewey,2013,2017,White (includes Hispanic),
40,Oklahoma,40043,Dewey,2014,2018,Asian/Pacific Islander (includes Hispanic),
40,Oklahoma,40043,Dewey,2014,2018,Black (includes Hispanic),
40,Oklahoma,40043,Dewey,2014,2018,Hispanic (all races),
40,Oklahoma,40043,Dewey,2014,2018,American Indian/Alaskan Native (includes Hispanic),
40,Oklahoma,40043,Dewey,2014,2018,White (includes Hispanic),
40,Oklahoma,40043,Dewey,2015,2019,Asian/Pacific Islander (includes Hispanic),
40,Oklahoma,40043,Dewey,2015,2019,Black (includes Hispanic),
40,Oklahoma,40043,Dewey,2015,2019,Hispanic (all races),
40,Oklahoma,40043,Dewey,2015,2019,American Indian/Alaskan Native (includes Hispanic),
40,Oklahoma,40043,Dewey,2015,2019,White (includes Hispanic),
40,Oklahoma,40043,Dewey,2016,2020,Asian/Pacific Islander (includes Hispanic),
40,Oklahoma,40043,Dewey,2016,2020,Black (includes Hispanic),
40,Oklahoma,40043,Dewey,2016,2020,Hispanic (all races),
40,Oklahoma,40043,Dewey,2016,2020,American Indian/Alaskan Native (includes Hispanic),
40,Oklahoma,40043,Dewey,2016,2020,White (includes Hispanic),
40,Oklahoma,40045,Ellis,2011,2015,Asian/Pacific Islander (includes Hispanic),
40,Oklahoma,40045,Ellis,2011,2015,Black (includes Hispanic),
40,Oklahoma,40045,Ellis,2011,2015,Hispanic (all races),
40,Oklahoma,40045,Ellis,2011,2015,American Indian/Alaskan Native (includes Hispanic),
40,Oklahoma,40045,Ellis,2011,2015,White (includes Hispanic),
40,Oklahoma,40045,Ellis,2012,2016,Asian/Pacific Islander (includes Hispanic),
40,Oklahoma,40045,Ellis,2012,2016,Black (includes Hispanic),
40,Oklahoma,40045,Ellis,2012,2016,Hispanic (all races),
40,Oklahoma,40045,Ellis,2012,2016,American Indian/Alaskan Native (includes Hispanic),
40,Oklahoma,40045,Ellis,2012,2016,White (includes Hispanic),
40,Oklahoma,40045,Ellis,2013,2017,Asian/Pacific Islander (includes Hispanic),
40,Oklahoma,40045,Ellis,2013,2017,Black (includes Hispanic),
40,Oklahoma,40045,Ellis,2013,2017,Hispanic (all races),
40,Oklahoma,40045,Ellis,2013,2017,American Indian/Alaskan Native (includes Hispanic),
40,Oklahoma,40045,Ellis,2013,2017,White (includes Hispanic),
40,Oklahoma,40045,Ellis,2014,2018,Asian/Pacific Islander (includes Hispanic),
40,Oklahoma,40045,Ellis,2014,2018,Black (includes Hispanic),
40,Oklahoma,40045,Ellis,2014,2018,Hispanic (all races),
40,Oklahoma,40045,Ellis,2014,2018,American Indian/Alaskan Native (includes Hispanic),
40,Oklahoma,40045,Ellis,2014,2018,White (includes Hispanic),
40,Oklahoma,40045,Ellis,2015,2019,Asian/Pacific Islander (includes Hispanic),
40,Oklahoma,40045,Ellis,2015,2019,Black (includes Hispanic),
40,Oklahoma,40045,Ellis,2015,2019,Hispanic (all races),
40,Oklahoma,40045,Ellis,2015,2019,American Indian/Alaskan Native (includes Hispanic),
40,Oklahoma,40045,Ellis,2015,2019,White (includes Hispanic),
40,Oklahoma,40045,Ellis,2016,2020,Asian/Pacific Islander (includes Hispanic),
40,Oklahoma,40045,Ellis,2016,2020,Black (includes Hispanic),
40,Oklahoma,40045,Ellis,2016,2020,Hispanic (all races),
40,Oklahoma,40045,Ellis,2016,2020,American Indian/Alaskan Native (includes Hispanic),
40,Oklahoma,40045,Ellis,2016,2020,White (includes Hispanic),
40,Oklahoma,40047,Garfield,2011,2015,Asian/Pacific Islander (includes Hispanic),
40,Oklahoma,40047,Garfield,2011,2015,Black (includes Hispanic),
40,Oklahoma,40047,Garfield,2011,2015,Hispanic (all races),
40,Oklahoma,40047,Garfield,2011,2015,American Indian/Alaskan Native (includes Hispanic),
40,Oklahoma,40047,Garfield,2011,2015,White (includes Hispanic),7.4
40,Oklahoma,40047,Garfield,2012,2016,Asian/Pacific Islander (includes Hispanic),
40,Oklahoma,40047,Garfield,2012,2016,Black (includes Hispanic),
40,Oklahoma,40047,Garfield,2012,2016,Hispanic (all races),
40,Oklahoma,40047,Garfield,2012,2016,American Indian/Alaskan Native (includes Hispanic),
40,Oklahoma,40047,Garfield,2012,2016,White (includes Hispanic),8.5
40,Oklahoma,40047,Garfield,2013,2017,Asian/Pacific Islander (includes Hispanic),
40,Oklahoma,40047,Garfield,2013,2017,Black (includes Hispanic),
40,Oklahoma,40047,Garfield,2013,2017,Hispanic (all races),
40,Oklahoma,40047,Garfield,2013,2017,American Indian/Alaskan Native (includes Hispanic),
40,Oklahoma,40047,Garfield,2013,2017,White (includes Hispanic),11.2
40,Oklahoma,40047,Garfield,2014,2018,Asian/Pacific Islander (includes Hispanic),
40,Oklahoma,40047,Garfield,2014,2018,Black (includes Hispanic),
40,Oklahoma,40047,Garfield,2014,2018,Hispanic (all races),
40,Oklahoma,40047,Garfield,2014,2018,American Indian/Alaskan Native (includes Hispanic),
40,Oklahoma,40047,Garfield,2014,2018,White (includes Hispanic),11.4
40,Oklahoma,40047,Garfield,2015,2019,Asian/Pacific Islander (includes Hispanic),
40,Oklahoma,40047,Garfield,2015,2019,Black (includes Hispanic),
40,Oklahoma,40047,Garfield,2015,2019,Hispanic (all races),
40,Oklahoma,40047,Garfield,2015,2019,American Indian/Alaskan Native (includes Hispanic),
40,Oklahoma,40047,Garfield,2015,2019,White (includes Hispanic),11.3
40,Oklahoma,40047,Garfield,2016,2020,Asian/Pacific Islander (includes Hispanic),
40,Oklahoma,40047,Garfield,2016,2020,Black (includes Hispanic),
40,Oklahoma,40047,Garfield,2016,2020,Hispanic (all races),
40,Oklahoma,40047,Garfield,2016,2020,American Indian/Alaskan Native (includes Hispanic),
40,Oklahoma,40047,Garfield,2016,2020,White (includes Hispanic),11.6
40,Oklahoma,40049,Garvin,2011,2015,Asian/Pacific Islander (includes Hispanic),
40,Oklahoma,40049,Garvin,2011,2015,Black (includes Hispanic),
40,Oklahoma,40049,Garvin,2011,2015,Hispanic (all races),
40,Oklahoma,40049,Garvin,2011,2015,American Indian/Alaskan Native (includes Hispanic),
40,Oklahoma,40049,Garvin,2011,2015,White (includes Hispanic),9.4
40,Oklahoma,40049,Garvin,2012,2016,Asian/Pacific Islander (includes Hispanic),
40,Oklahoma,40049,Garvin,2012,2016,Black (includes Hispanic),
40,Oklahoma,40049,Garvin,2012,2016,Hispanic (all races),
40,Oklahoma,40049,Garvin,2012,2016,American Indian/Alaskan Native (includes Hispanic),
40,Oklahoma,40049,Garvin,2012,2016,White (includes Hispanic),9.8
40,Oklahoma,40049,Garvin,2013,2017,Asian/Pacific Islander (includes Hispanic),
40,Oklahoma,40049,Garvin,2013,2017,Black (includes Hispanic),
40,Oklahoma,40049,Garvin,2013,2017,Hispanic (all races),
40,Oklahoma,40049,Garvin,2013,2017,American Indian/Alaskan Native (includes Hispanic),
40,Oklahoma,40049,Garvin,2013,2017,White (includes Hispanic),8.3
40,Oklahoma,40049,Garvin,2014,2018,Asian/Pacific Islander (includes Hispanic),
40,Oklahoma,40049,Garvin,2014,2018,Black (includes Hispanic),
40,Oklahoma,40049,Garvin,2014,2018,Hispanic (all races),
40,Oklahoma,40049,Garvin,2014,2018,American Indian/Alaskan Native (includes Hispanic),
40,Oklahoma,40049,Garvin,2014,2018,White (includes Hispanic),9.2
40,Oklahoma,40049,Garvin,2015,2019,Asian/Pacific Islander (includes Hispanic),
40,Oklahoma,40049,Garvin,2015,2019,Black (includes Hispanic),
40,Oklahoma,40049,Garvin,2015,2019,Hispanic (all races),
40,Oklahoma,40049,Garvin,2015,2019,American Indian/Alaskan Native (includes Hispanic),
40,Oklahoma,40049,Garvin,2015,2019,White (includes Hispanic),8.6
40,Oklahoma,40049,Garvin,2016,2020,Asian/Pacific Islander (includes Hispanic),
40,Oklahoma,40049,Garvin,2016,2020,Black (includes Hispanic),
40,Oklahoma,40049,Garvin,2016,2020,Hispanic (all races),
40,Oklahoma,40049,Garvin,2016,2020,American Indian/Alaskan Native (includes Hispanic),
40,Oklahoma,40049,Garvin,2016,2020,White (includes Hispanic),10.2
40,Oklahoma,40051,Grady,2011,2015,Asian/Pacific Islander (includes Hispanic),
40,Oklahoma,40051,Grady,2011,2015,Black (includes Hispanic),
40,Oklahoma,40051,Grady,2011,2015,Hispanic (all races),
40,Oklahoma,40051,Grady,2011,2015,American Indian/Alaskan Native (includes Hispanic),
40,Oklahoma,40051,Grady,2011,2015,White (includes Hispanic),8.9
40,Oklahoma,40051,Grady,2012,2016,Asian/Pacific Islander (includes Hispanic),
40,Oklahoma,40051,Grady,2012,2016,Black (includes Hispanic),
40,Oklahoma,40051,Grady,2012,2016,Hispanic (all races),
40,Oklahoma,40051,Grady,2012,2016,American Indian/Alaskan Native (includes Hispanic),
40,Oklahoma,40051,Grady,2012,2016,White (includes Hispanic),9.6
40,Oklahoma,40051,Grady,2013,2017,Asian/Pacific Islander (includes Hispanic),
40,Oklahoma,40051,Grady,2013,2017,Black (includes Hispanic),
40,Oklahoma,40051,Grady,2013,2017,Hispanic (all races),
40,Oklahoma,40051,Grady,2013,2017,American Indian/Alaskan Native (includes Hispanic),
40,Oklahoma,40051,Grady,2013,2017,White (includes Hispanic),8.9
40,Oklahoma,40051,Grady,2014,2018,Asian/Pacific Islander (includes Hispanic),
40,Oklahoma,40051,Grady,2014,2018,Black (includes Hispanic),
40,Oklahoma,40051,Grady,2014,2018,Hispanic (all races),
40,Oklahoma,40051,Grady,2014,2018,American Indian/Alaskan Native (includes Hispanic),
40,Oklahoma,40051,Grady,2014,2018,White (includes Hispanic),8.8
40,Oklahoma,40051,Grady,2015,2019,Asian/Pacific Islander (includes Hispanic),
40,Oklahoma,40051,Grady,2015,2019,Black (includes Hispanic),
40,Oklahoma,40051,Grady,2015,2019,Hispanic (all races),
40,Oklahoma,40051,Grady,2015,2019,American Indian/Alaskan Native (includes Hispanic),
40,Oklahoma,40051,Grady,2015,2019,White (includes Hispanic),8.9
40,Oklahoma,40051,Grady,2016,2020,Asian/Pacific Islander (includes Hispanic),
40,Oklahoma,40051,Grady,2016,2020,Black (includes Hispanic),
40,Oklahoma,40051,Grady,2016,2020,Hispanic (all races),
40,Oklahoma,40051,Grady,2016,2020,American Indian/Alaskan Native (includes Hispanic),21.2
40,Oklahoma,40051,Grady,2016,2020,White (includes Hispanic),8.9
40,Oklahoma,40053,Grant,2011,2015,Asian/Pacific Islander (includes Hispanic),
40,Oklahoma,40053,Grant,2011,2015,Black (includes Hispanic),
40,Oklahoma,40053,Grant,2011,2015,Hispanic (all races),
40,Oklahoma,40053,Grant,2011,2015,American Indian/Alaskan Native (includes Hispanic),
40,Oklahoma,40053,Grant,2011,2015,White (includes Hispanic),7.5
40,Oklahoma,40053,Grant,2012,2016,Asian/Pacific Islander (includes Hispanic),
40,Oklahoma,40053,Grant,2012,2016,Black (includes Hispanic),
40,Oklahoma,40053,Grant,2012,2016,Hispanic (all races),
40,Oklahoma,40053,Grant,2012,2016,American Indian/Alaskan Native (includes Hispanic),
40,Oklahoma,40053,Grant,2012,2016,White (includes Hispanic),7.9
40,Oklahoma,40053,Grant,2013,2017,Asian/Pacific Islander (includes Hispanic),
40,Oklahoma,40053,Grant,2013,2017,Black (includes Hispanic),
40,Oklahoma,40053,Grant,2013,2017,Hispanic (all races),
40,Oklahoma,40053,Grant,2013,2017,American Indian/Alaskan Native (includes Hispanic),
40,Oklahoma,40053,Grant,2013,2017,White (includes Hispanic),13.0
40,Oklahoma,40053,Grant,2014,2018,Asian/Pacific Islander (includes Hispanic),
40,Oklahoma,40053,Grant,2014,2018,Black (includes Hispanic),
40,Oklahoma,40053,Grant,2014,2018,Hispanic (all races),
40,Oklahoma,40053,Grant,2014,2018,American Indian/Alaskan Native (includes Hispanic),
40,Oklahoma,40053,Grant,2014,2018,White (includes Hispanic),13.7
40,Oklahoma,40053,Grant,2015,2019,Asian/Pacific Islander (includes Hispanic),
40,Oklahoma,40053,Grant,2015,2019,Black (includes Hispanic),
40,Oklahoma,40053,Grant,2015,2019,Hispanic (all races),
40,Oklahoma,40053,Grant,2015,2019,American Indian/Alaskan Native (includes Hispanic),
40,Oklahoma,40053,Grant,2015,2019,White (includes Hispanic),14.3
40,Oklahoma,40053,Grant,2016,2020,Asian/Pacific Islander (includes Hispanic),
40,Oklahoma,40053,Grant,2016,2020,Black (includes Hispanic),
40,Oklahoma,40053,Grant,2016,2020,Hispanic (all races),
40,Oklahoma,40053,Grant,2016,2020,American Indian/Alaskan Native (includes Hispanic),
40,Oklahoma,40053,Grant,2016,2020,White (includes Hispanic),13.7
40,Oklahoma,40055,Greer,2011,2015,Asian/Pacific Islander (includes Hispanic),
40,Oklahoma,40055,Greer,2011,2015,Black (includes Hispanic),
40,Oklahoma,40055,Greer,2011,2015,Hispanic (all races),
40,Oklahoma,40055,Greer,2011,2015,American Indian/Alaskan Native (includes Hispanic),
40,Oklahoma,40055,Greer,2011,2015,White (includes Hispanic),13.7
40,Oklahoma,40055,Greer,2012,2016,Asian/Pacific Islander (includes Hispanic),
40,Oklahoma,40055,Greer,2012,2016,Black (includes Hispanic),
40,Oklahoma,40055,Greer,2012,2016,Hispanic (all races),
40,Oklahoma,40055,Greer,2012,2016,American Indian/Alaskan Native (includes Hispanic),
40,Oklahoma,40055,Greer,2012,2016,White (includes Hispanic),13.6
40,Oklahoma,40055,Greer,2013,2017,Asian/Pacific Islander (includes Hispanic),
40,Oklahoma,40055,Greer,2013,2017,Black (includes Hispanic),
40,Oklahoma,40055,Greer,2013,2017,Hispanic (all races),
40,Oklahoma,40055,Greer,2013,2017,American Indian/Alaskan Native (includes Hispanic),
40,Oklahoma,40055,Greer,2013,2017,White (includes Hispanic),12.7
40,Oklahoma,40055,Greer,2014,2018,Asian/Pacific Islander (includes Hispanic),
40,Oklahoma,40055,Greer,2014,2018,Black (includes Hispanic),
40,Oklahoma,40055,Greer,2014,2018,Hispanic (all races),
40,Oklahoma,40055,Greer,2014,2018,American Indian/Alaskan Native (includes Hispanic),
40,Oklahoma,40055,Greer,2014,2018,White (includes Hispanic),13.0
40,Oklahoma,40055,Greer,2015,2019,Asian/Pacific Islander (includes Hispanic),
40,Oklahoma,40055,Greer,2015,2019,Black (includes Hispanic),
40,Oklahoma,40055,Greer,2015,2019,Hispanic (all races),
40,Oklahoma,40055,Greer,2015,2019,American Indian/Alaskan Native (includes Hispanic),
40,Oklahoma,40055,Greer,2015,2019,White (includes Hispanic),
40,Oklahoma,40055,Greer,2016,2020,Asian/Pacific Islander (includes Hispanic),
40,Oklahoma,40055,Greer,2016,2020,Black (includes Hispanic),
40,Oklahoma,40055,Greer,2016,2020,Hispanic (all races),
40,Oklahoma,40055,Greer,2016,2020,American Indian/Alaskan Native (includes Hispanic),
40,Oklahoma,40055,Greer,2016,2020,White (includes Hispanic),
40,Oklahoma,40057,Harmon,2011,2015,Asian/Pacific Islander (includes Hispanic),
40,Oklahoma,40057,Harmon,2011,2015,Black (includes Hispanic),
40,Oklahoma,40057,Harmon,2011,2015,Hispanic (all races),
40,Oklahoma,40057,Harmon,2011,2015,American Indian/Alaskan Native (includes Hispanic),
40,Oklahoma,40057,Harmon,2011,2015,White (includes Hispanic),13.2
40,Oklahoma,40057,Harmon,2012,2016,Asian/Pacific Islander (includes Hispanic),
40,Oklahoma,40057,Harmon,2012,2016,Black (includes Hispanic),
40,Oklahoma,40057,Harmon,2012,2016,Hispanic (all races),
40,Oklahoma,40057,Harmon,2012,2016,American Indian/Alaskan Native (includes Hispanic),
40,Oklahoma,40057,Harmon,2012,2016,White (includes Hispanic),
40,Oklahoma,40057,Harmon,2013,2017,Asian/Pacific Islander (includes Hispanic),
40,Oklahoma,40057,Harmon,2013,2017,Black (includes Hispanic),
40,Oklahoma,40057,Harmon,2013,2017,Hispanic (all races),
40,Oklahoma,40057,Harmon,2013,2017,American Indian/Alaskan Native (includes Hispanic),
40,Oklahoma,40057,Harmon,2013,2017,White (includes Hispanic),
40,Oklahoma,40057,Harmon,2014,2018,Asian/Pacific Islander (includes Hispanic),
40,Oklahoma,40057,Harmon,2014,2018,Black (includes Hispanic),
40,Oklahoma,40057,Harmon,2014,2018,Hispanic (all races),
40,Oklahoma,40057,Harmon,2014,2018,American Indian/Alaskan Native (includes Hispanic),
40,Oklahoma,40057,Harmon,2014,2018,White (includes Hispanic),
40,Oklahoma,40057,Harmon,2015,2019,Asian/Pacific Islander (includes Hispanic),
40,Oklahoma,40057,Harmon,2015,2019,Black (includes Hispanic),
40,Oklahoma,40057,Harmon,2015,2019,Hispanic (all races),
40,Oklahoma,40057,Harmon,2015,2019,American Indian/Alaskan Native (includes Hispanic),
40,Oklahoma,40057,Harmon,2015,2019,White (includes Hispanic),
40,Oklahoma,40057,Harmon,2016,2020,Asian/Pacific Islander (includes Hispanic),
40,Oklahoma,40057,Harmon,2016,2020,Black (includes Hispanic),
40,Oklahoma,40057,Harmon,2016,2020,Hispanic (all races),
40,Oklahoma,40057,Harmon,2016,2020,American Indian/Alaskan Native (includes Hispanic),
40,Oklahoma,40057,Harmon,2016,2020,White (includes Hispanic),
40,Oklahoma,40059,Harper,2011,2015,Asian/Pacific Islander (includes Hispanic),
40,Oklahoma,40059,Harper,2011,2015,Black (includes Hispanic),
40,Oklahoma,40059,Harper,2011,2015,Hispanic (all races),
40,Oklahoma,40059,Harper,2011,2015,American Indian/Alaskan Native (includes Hispanic),
40,Oklahoma,40059,Harper,2011,2015,White (includes Hispanic),
40,Oklahoma,40059,Harper,2012,2016,Asian/Pacific Islander (includes Hispanic),
40,Oklahoma,40059,Harper,2012,2016,Black (includes Hispanic),
40,Oklahoma,40059,Harper,2012,2016,Hispanic (all races),
40,Oklahoma,40059,Harper,2012,2016,American Indian/Alaskan Native (includes Hispanic),
40,Oklahoma,40059,Harper,2012,2016,White (includes Hispanic),
40,Oklahoma,40059,Harper,2013,2017,Asian/Pacific Islander (includes Hispanic),
40,Oklahoma,40059,Harper,2013,2017,Black (includes Hispanic),
40,Oklahoma,40059,Harper,2013,2017,Hispanic (all races),
40,Oklahoma,40059,Harper,2013,2017,American Indian/Alaskan Native (includes Hispanic),
40,Oklahoma,40059,Harper,2013,2017,White (includes Hispanic),
40,Oklahoma,40059,Harper,2014,2018,Asian/Pacific Islander (includes Hispanic),
40,Oklahoma,40059,Harper,2014,2018,Black (includes Hispanic),
40,Oklahoma,40059,Harper,2014,2018,Hispanic (all races),
40,Oklahoma,40059,Harper,2014,2018,American Indian/Alaskan Native (includes Hispanic),
40,Oklahoma,40059,Harper,2014,2018,White (includes Hispanic),
40,Oklahoma,40059,Harper,2015,2019,Asian/Pacific Islander (includes Hispanic),
40,Oklahoma,40059,Harper,2015,2019,Black (includes Hispanic),
40,Oklahoma,40059,Harper,2015,2019,Hispanic (all races),
40,Oklahoma,40059,Harper,2015,2019,American Indian/Alaskan Native (includes Hispanic),
40,Oklahoma,40059,Harper,2015,2019,White (includes Hispanic),
40,Oklahoma,40059,Harper,2016,2020,Asian/Pacific Islander (includes Hispanic),
40,Oklahoma,40059,Harper,2016,2020,Black (includes Hispanic),
40,Oklahoma,40059,Harper,2016,2020,Hispanic (all races),
40,Oklahoma,40059,Harper,2016,2020,American Indian/Alaskan Native (includes Hispanic),
40,Oklahoma,40059,Harper,2016,2020,White (includes Hispanic),
40,Oklahoma,40061,Haskell,2011,2015,Asian/Pacific Islander (includes Hispanic),
40,Oklahoma,40061,Haskell,2011,2015,Black (includes Hispanic),
40,Oklahoma,40061,Haskell,2011,2015,Hispanic (all races),
40,Oklahoma,40061,Haskell,2011,2015,American Indian/Alaskan Native (includes Hispanic),
40,Oklahoma,40061,Haskell,2011,2015,White (includes Hispanic),13.0
40,Oklahoma,40061,Haskell,2012,2016,Asian/Pacific Islander (includes Hispanic),
40,Oklahoma,40061,Haskell,2012,2016,Black (includes Hispanic),
40,Oklahoma,40061,Haskell,2012,2016,Hispanic (all races),
40,Oklahoma,40061,Haskell,2012,2016,American Indian/Alaskan Native (includes Hispanic),
40,Oklahoma,40061,Haskell,2012,2016,White (includes Hispanic),11.7
40,Oklahoma,40061,Haskell,2013,2017,Asian/Pacific Islander (includes Hispanic),
40,Oklahoma,40061,Haskell,2013,2017,Black (includes Hispanic),
40,Oklahoma,40061,Haskell,2013,2017,Hispanic (all races),
40,Oklahoma,40061,Haskell,2013,2017,American Indian/Alaskan Native (includes Hispanic),
40,Oklahoma,40061,Haskell,2013,2017,White (includes Hispanic),12.0
40,Oklahoma,40061,Haskell,2014,2018,Asian/Pacific Islander (includes Hispanic),
40,Oklahoma,40061,Haskell,2014,2018,Black (includes Hispanic),
40,Oklahoma,40061,Haskell,2014,2018,Hispanic (all races),
40,Oklahoma,40061,Haskell,2014,2018,American Indian/Alaskan Native (includes Hispanic),15.5
40,Oklahoma,40061,Haskell,2014,2018,White (includes Hispanic),12.7
40,Oklahoma,40061,Haskell,2015,2019,Asian/Pacific Islander (includes Hispanic),
40,Oklahoma,40061,Haskell,2015,2019,Black (includes Hispanic),
40,Oklahoma,40061,Haskell,2015,2019,Hispanic (all races),
40,Oklahoma,40061,Haskell,2015,2019,American Indian/Alaskan Native (includes Hispanic),
40,Oklahoma,40061,Haskell,2015,2019,White (includes Hispanic),10.8
40,Oklahoma,40061,Haskell,2016,2020,Asian/Pacific Islander (includes Hispanic),
40,Oklahoma,40061,Haskell,2016,2020,Black (includes Hispanic),
40,Oklahoma,40061,Haskell,2016,2020,Hispanic (all races),
40,Oklahoma,40061,Haskell,2016,2020,American Indian/Alaskan Native (includes Hispanic),
40,Oklahoma,40061,Haskell,2016,2020,White (includes Hispanic),11.6
40,Oklahoma,40063,Hughes,2011,2015,Asian/Pacific Islander (includes Hispanic),
40,Oklahoma,40063,Hughes,2011,2015,Black (includes Hispanic),
40,Oklahoma,40063,Hughes,2011,2015,Hispanic (all races),
40,Oklahoma,40063,Hughes,2011,2015,American Indian/Alaskan Native (includes Hispanic),
40,Oklahoma,40063,Hughes,2011,2015,White (includes Hispanic),10.9
40,Oklahoma,40063,Hughes,2012,2016,Asian/Pacific Islander (includes Hispanic),
40,Oklahoma,40063,Hughes,2012,2016,Black (includes Hispanic),
40,Oklahoma,40063,Hughes,2012,2016,Hispanic (all races),
40,Oklahoma,40063,Hughes,2012,2016,American Indian/Alaskan Native (includes Hispanic),
40,Oklahoma,40063,Hughes,2012,2016,White (includes Hispanic),7.9
40,Oklahoma,40063,Hughes,2013,2017,Asian/Pacific Islander (includes Hispanic),
40,Oklahoma,40063,Hughes,2013,2017,Black (includes Hispanic),
40,Oklahoma,40063,Hughes,2013,2017,Hispanic (all races),
40,Oklahoma,40063,Hughes,2013,2017,American Indian/Alaskan Native (includes Hispanic),
40,Oklahoma,40063,Hughes,2013,2017,White (includes Hispanic),7.6
40,Oklahoma,40063,Hughes,2014,2018,Asian/Pacific Islander (includes Hispanic),
40,Oklahoma,40063,Hughes,2014,2018,Black (includes Hispanic),
40,Oklahoma,40063,Hughes,2014,2018,Hispanic (all races),
40,Oklahoma,40063,Hughes,2014,2018,American Indian/Alaskan Native (includes Hispanic),
40,Oklahoma,40063,Hughes,2014,2018,White (includes Hispanic),7.5
40,Oklahoma,40063,Hughes,2015,2019,Asian/Pacific Islander (includes Hispanic),
40,Oklahoma,40063,Hughes,2015,2019,Black (includes Hispanic),
40,Oklahoma,40063,Hughes,2015,2019,Hispanic (all races),
40,Oklahoma,40063,Hughes,2015,2019,American Indian/Alaskan Native (includes Hispanic),
40,Oklahoma,40063,Hughes,2015,2019,White (includes Hispanic),5.6
40,Oklahoma,40063,Hughes,2016,2020,Asian/Pacific Islander (includes Hispanic),
40,Oklahoma,40063,Hughes,2016,2020,Black (includes Hispanic),
40,Oklahoma,40063,Hughes,2016,2020,Hispanic (all races),
40,Oklahoma,40063,Hughes,2016,2020,American Indian/Alaskan Native (includes Hispanic),
40,Oklahoma,40063,Hughes,2016,2020,White (includes Hispanic),6.0
40,Oklahoma,40065,Jackson,2011,2015,Asian/Pacific Islander (includes Hispanic),
40,Oklahoma,40065,Jackson,2011,2015,Black (includes Hispanic),
40,Oklahoma,40065,Jackson,2011,2015,Hispanic (all races),
40,Oklahoma,40065,Jackson,2011,2015,American Indian/Alaskan Native (includes Hispanic),
40,Oklahoma,40065,Jackson,2011,2015,White (includes Hispanic),14.1
40,Oklahoma,40065,Jackson,2012,2016,Asian/Pacific Islander (includes Hispanic),
40,Oklahoma,40065,Jackson,2012,2016,Black (includes Hispanic),
40,Oklahoma,40065,Jackson,2012,2016,Hispanic (all races),
40,Oklahoma,40065,Jackson,2012,2016,American Indian/Alaskan Native (includes Hispanic),
40,Oklahoma,40065,Jackson,2012,2016,White (includes Hispanic),14.8
40,Oklahoma,40065,Jackson,2013,2017,Asian/Pacific Islander (includes Hispanic),
40,Oklahoma,40065,Jackson,2013,2017,Black (includes Hispanic),
40,Oklahoma,40065,Jackson,2013,2017,Hispanic (all races),
40,Oklahoma,40065,Jackson,2013,2017,American Indian/Alaskan Native (includes Hispanic),
40,Oklahoma,40065,Jackson,2013,2017,White (includes Hispanic),14.5
40,Oklahoma,40065,Jackson,2014,2018,Asian/Pacific Islander (includes Hispanic),
40,Oklahoma,40065,Jackson,2014,2018,Black (includes Hispanic),
40,Oklahoma,40065,Jackson,2014,2018,Hispanic (all races),
40,Oklahoma,40065,Jackson,2014,2018,American Indian/Alaskan Native (includes Hispanic),
40,Oklahoma,40065,Jackson,2014,2018,White (includes Hispanic),15.2
40,Oklahoma,40065,Jackson,2015,2019,Asian/Pacific Islander (includes Hispanic),
40,Oklahoma,40065,Jackson,2015,2019,Black (includes Hispanic),
40,Oklahoma,40065,Jackson,2015,2019,Hispanic (all races),
40,Oklahoma,40065,Jackson,2015,2019,American Indian/Alaskan Native (includes Hispanic),
40,Oklahoma,40065,Jackson,2015,2019,White (includes Hispanic),
40,Oklahoma,40065,Jackson,2016,2020,Asian/Pacific Islander (includes Hispanic),
40,Oklahoma,40065,Jackson,2016,2020,Black (includes Hispanic),
40,Oklahoma,40065,Jackson,2016,2020,Hispanic (all races),
40,Oklahoma,40065,Jackson,2016,2020,American Indian/Alaskan Native (includes Hispanic),
40,Oklahoma,40065,Jackson,2016,2020,White (includes Hispanic),
40,Oklahoma,40067,Jefferson,2011,2015,Asian/Pacific Islander (includes Hispanic),
40,Oklahoma,40067,Jefferson,2011,2015,Black (includes Hispanic),
40,Oklahoma,40067,Jefferson,2011,2015,Hispanic (all races),
40,Oklahoma,40067,Jefferson,2011,2015,American Indian/Alaskan Native (includes Hispanic),
40,Oklahoma,40067,Jefferson,2011,2015,White (includes Hispanic),8.2
40,Oklahoma,40067,Jefferson,2012,2016,Asian/Pacific Islander (includes Hispanic),
40,Oklahoma,40067,Jefferson,2012,2016,Black (includes Hispanic),
40,Oklahoma,40067,Jefferson,2012,2016,Hispanic (all races),
40,Oklahoma,40067,Jefferson,2012,2016,American Indian/Alaskan Native (includes Hispanic),
40,Oklahoma,40067,Jefferson,2012,2016,White (includes Hispanic),8.5
40,Oklahoma,40067,Jefferson,2013,2017,Asian/Pacific Islander (includes Hispanic),
40,Oklahoma,40067,Jefferson,2013,2017,Black (includes Hispanic),
40,Oklahoma,40067,Jefferson,2013,2017,Hispanic (all races),
40,Oklahoma,40067,Jefferson,2013,2017,American Indian/Alaskan Native (includes Hispanic),
40,Oklahoma,40067,Jefferson,2013,2017,White (includes Hispanic),6.7
40,Oklahoma,40067,Jefferson,2014,2018,Asian/Pacific Islander (includes Hispanic),
40,Oklahoma,40067,Jefferson,2014,2018,Black (includes Hispanic),
40,Oklahoma,40067,Jefferson,2014,2018,Hispanic (all races),
40,Oklahoma,40067,Jefferson,2014,2018,American Indian/Alaskan Native (includes Hispanic),
40,Oklahoma,40067,Jefferson,2014,2018,White (includes Hispanic),9.6
40,Oklahoma,40067,Jefferson,2015,2019,Asian/Pacific Islander (includes Hispanic),
40,Oklahoma,40067,Jefferson,2015,2019,Black (includes Hispanic),
40,Oklahoma,40067,Jefferson,2015,2019,Hispanic (all races),
40,Oklahoma,40067,Jefferson,2015,2019,American Indian/Alaskan Native (includes Hispanic),
40,Oklahoma,40067,Jefferson,2015,2019,White (includes Hispanic),9.9
40,Oklahoma,40067,Jefferson,2016,2020,Asian/Pacific Islander (includes Hispanic),
40,Oklahoma,40067,Jefferson,2016,2020,Black (includes Hispanic),
40,Oklahoma,40067,Jefferson,2016,2020,Hispanic (all races),
40,Oklahoma,40067,Jefferson,2016,2020,American Indian/Alaskan Native (includes Hispanic),
40,Oklahoma,40067,Jefferson,2016,2020,White (includes Hispanic),10.3
40,Oklahoma,40069,Johnston,2011,2015,Asian/Pacific Islander (includes Hispanic),
40,Oklahoma,40069,Johnston,2011,2015,Black (includes Hispanic),
40,Oklahoma,40069,Johnston,2011,2015,Hispanic (all races),
40,Oklahoma,40069,Johnston,2011,2015,American Indian/Alaskan Native (includes Hispanic),
40,Oklahoma,40069,Johnston,2011,2015,White (includes Hispanic),10.9
40,Oklahoma,40069,Johnston,2012,2016,Asian/Pacific Islander (includes Hispanic),
40,Oklahoma,40069,Johnston,2012,2016,Black (includes Hispanic),
40,Oklahoma,40069,Johnston,2012,2016,Hispanic (all races),
40,Oklahoma,40069,Johnston,2012,2016,American Indian/Alaskan Native (includes Hispanic),
40,Oklahoma,40069,Johnston,2012,2016,White (includes Hispanic),10.6
40,Oklahoma,40069,Johnston,2013,2017,Asian/Pacific Islander (includes Hispanic),
40,Oklahoma,40069,Johnston,2013,2017,Black (includes Hispanic),
40,Oklahoma,40069,Johnston,2013,2017,Hispanic (all races),
40,Oklahoma,40069,Johnston,2013,2017,American Indian/Alaskan Native (includes Hispanic),
40,Oklahoma,40069,Johnston,2013,2017,White (includes Hispanic),8.6
40,Oklahoma,40069,Johnston,2014,2018,Asian/Pacific Islander (includes Hispanic),
40,Oklahoma,40069,Johnston,2014,2018,Black (includes Hispanic),
40,Oklahoma,40069,Johnston,2014,2018,Hispanic (all races),
40,Oklahoma,40069,Johnston,2014,2018,American Indian/Alaskan Native (includes Hispanic),
40,Oklahoma,40069,Johnston,2014,2018,White (includes Hispanic),9.8
40,Oklahoma,40069,Johnston,2015,2019,Asian/Pacific Islander (includes Hispanic),
40,Oklahoma,40069,Johnston,2015,2019,Black (includes Hispanic),
40,Oklahoma,40069,Johnston,2015,2019,Hispanic (all races),
40,Oklahoma,40069,Johnston,2015,2019,American Indian/Alaskan Native (includes Hispanic),
40,Oklahoma,40069,Johnston,2015,2019,White (includes Hispanic),8.9
40,Oklahoma,40069,Johnston,2016,2020,Asian/Pacific Islander (includes Hispanic),
40,Oklahoma,40069,Johnston,2016,2020,Black (includes Hispanic),
40,Oklahoma,40069,Johnston,2016,2020,Hispanic (all races),
40,Oklahoma,40069,Johnston,2016,2020,American Indian/Alaskan Native (includes Hispanic),
40,Oklahoma,40069,Johnston,2016,2020,White (includes Hispanic),8.3
40,Oklahoma,40071,Kay,2011,2015,Asian/Pacific Islander (includes Hispanic),
40,Oklahoma,40071,Kay,2011,2015,Black (includes Hispanic),
40,Oklahoma,40071,Kay,2011,2015,Hispanic (all races),
40,Oklahoma,40071,Kay,2011,2015,American Indian/Alaskan Native (includes Hispanic),
40,Oklahoma,40071,Kay,2011,2015,White (includes Hispanic),6.9
40,Oklahoma,40071,Kay,2012,2016,Asian/Pacific Islander (includes Hispanic),
40,Oklahoma,40071,Kay,2012,2016,Black (includes Hispanic),
40,Oklahoma,40071,Kay,2012,2016,Hispanic (all races),
40,Oklahoma,40071,Kay,2012,2016,American Indian/Alaskan Native (includes Hispanic),
40,Oklahoma,40071,Kay,2012,2016,White (includes Hispanic),7.7
40,Oklahoma,40071,Kay,2013,2017,Asian/Pacific Islander (includes Hispanic),
40,Oklahoma,40071,Kay,2013,2017,Black (includes Hispanic),
40,Oklahoma,40071,Kay,2013,2017,Hispanic (all races),
40,Oklahoma,40071,Kay,2013,2017,American Indian/Alaskan Native (includes Hispanic),
40,Oklahoma,40071,Kay,2013,2017,White (includes Hispanic),11.5
40,Oklahoma,40071,Kay,2014,2018,Asian/Pacific Islander (includes Hispanic),
40,Oklahoma,40071,Kay,2014,2018,Black (includes Hispanic),
40,Oklahoma,40071,Kay,2014,2018,Hispanic (all races),
40,Oklahoma,40071,Kay,2014,2018,American Indian/Alaskan Native (includes Hispanic),
40,Oklahoma,40071,Kay,2014,2018,White (includes Hispanic),12.2
40,Oklahoma,40071,Kay,2015,2019,Asian/Pacific Islander (includes Hispanic),
40,Oklahoma,40071,Kay,2015,2019,Black (includes Hispanic),
40,Oklahoma,40071,Kay,2015,2019,Hispanic (all races),
40,Oklahoma,40071,Kay,2015,2019,American Indian/Alaskan Native (includes Hispanic),
40,Oklahoma,40071,Kay,2015,2019,White (includes Hispanic),11.9
40,Oklahoma,40071,Kay,2016,2020,Asian/Pacific Islander (includes Hispanic),
40,Oklahoma,40071,Kay,2016,2020,Black (includes Hispanic),
40,Oklahoma,40071,Kay,2016,2020,Hispanic (all races),
40,Oklahoma,40071,Kay,2016,2020,American Indian/Alaskan Native (includes Hispanic),
40,Oklahoma,40071,Kay,2016,2020,White (includes Hispanic),11.5
40,Oklahoma,40073,Kingfisher,2011,2015,Asian/Pacific Islander (includes Hispanic),
40,Oklahoma,40073,Kingfisher,2011,2015,Black (includes Hispanic),7.6
40,Oklahoma,40073,Kingfisher,2011,2015,Hispanic (all races),9.7
40,Oklahoma,40073,Kingfisher,2011,2015,American Indian/Alaskan Native (includes Hispanic),
40,Oklahoma,40073,Kingfisher,2011,2015,White (includes Hispanic),7.5
40,Oklahoma,40073,Kingfisher,2012,2016,Asian/Pacific Islander (includes Hispanic),
40,Oklahoma,40073,Kingfisher,2012,2016,Black (includes Hispanic),6.2
40,Oklahoma,40073,Kingfisher,2012,2016,Hispanic (all races),12.6
40,Oklahoma,40073,Kingfisher,2012,2016,American Indian/Alaskan Native (includes Hispanic),
40,Oklahoma,40073,Kingfisher,2012,2016,White (includes Hispanic),7.8
40,Oklahoma,40073,Kingfisher,2013,2017,Asian/Pacific Islander (includes Hispanic),
40,Oklahoma,40073,Kingfisher,2013,2017,Black (includes Hispanic),
40,Oklahoma,40073,Kingfisher,2013,2017,Hispanic (all races),11.5
40,Oklahoma,40073,Kingfisher,2013,2017,American Indian/Alaskan Native (includes Hispanic),
40,Oklahoma,40073,Kingfisher,2013,2017,White (includes Hispanic),8.1
40,Oklahoma,40073,Kingfisher,2014,2018,Asian/Pacific Islander (includes Hispanic),
40,Oklahoma,40073,Kingfisher,2014,2018,Black (includes Hispanic),
40,Oklahoma,40073,Kingfisher,2014,2018,Hispanic (all races),13.9
40,Oklahoma,40073,Kingfisher,2014,2018,American Indian/Alaskan Native (includes Hispanic),
40,Oklahoma,40073,Kingfisher,2014,2018,White (includes Hispanic),8.9
40,Oklahoma,40073,Kingfisher,2015,2019,Asian/Pacific Islander (includes Hispanic),
40,Oklahoma,40073,Kingfisher,2015,2019,Black (includes Hispanic),6.9
40,Oklahoma,40073,Kingfisher,2015,2019,Hispanic (all races),14.1
40,Oklahoma,40073,Kingfisher,2015,2019,American Indian/Alaskan Native (includes Hispanic),
40,Oklahoma,40073,Kingfisher,2015,2019,White (includes Hispanic),9.2
40,Oklahoma,40073,Kingfisher,2016,2020,Asian/Pacific Islander (includes Hispanic),
40,Oklahoma,40073,Kingfisher,2016,2020,Black (includes Hispanic),6.5
40,Oklahoma,40073,Kingfisher,2016,2020,Hispanic (all races),12.4
40,Oklahoma,40073,Kingfisher,2016,2020,American Indian/Alaskan Native (includes Hispanic),
40,Oklahoma,40073,Kingfisher,2016,2020,White (includes Hispanic),8.9
40,Oklahoma,40075,Kiowa,2011,2015,Asian/Pacific Islander (includes Hispanic),
40,Oklahoma,40075,Kiowa,2011,2015,Black (includes Hispanic),
40,Oklahoma,40075,Kiowa,2011,2015,Hispanic (all races),
40,Oklahoma,40075,Kiowa,2011,2015,American Indian/Alaskan Native (includes Hispanic),
40,Oklahoma,40075,Kiowa,2011,2015,White (includes Hispanic),11.6
40,Oklahoma,40075,Kiowa,2012,2016,Asian/Pacific Islander (includes Hispanic),
40,Oklahoma,40075,Kiowa,2012,2016,Black (includes Hispanic),
40,Oklahoma,40075,Kiowa,2012,2016,Hispanic (all races),
40,Oklahoma,40075,Kiowa,2012,2016,American Indian/Alaskan Native (includes Hispanic),
40,Oklahoma,40075,Kiowa,2012,2016,White (includes Hispanic),10.9
40,Oklahoma,40075,Kiowa,2013,2017,Asian/Pacific Islander (includes Hispanic),
40,Oklahoma,40075,Kiowa,2013,2017,Black (includes Hispanic),
40,Oklahoma,40075,Kiowa,2013,2017,Hispanic (all races),
40,Oklahoma,40075,Kiowa,2013,2017,American Indian/Alaskan Native (includes Hispanic),
40,Oklahoma,40075,Kiowa,2013,2017,White (includes Hispanic),10.0
40,Oklahoma,40075,Kiowa,2014,2018,Asian/Pacific Islander (includes Hispanic),
40,Oklahoma,40075,Kiowa,2014,2018,Black (includes Hispanic),
40,Oklahoma,40075,Kiowa,2014,2018,Hispanic (all races),
40,Oklahoma,40075,Kiowa,2014,2018,American Indian/Alaskan Native (includes Hispanic),
40,Oklahoma,40075,Kiowa,2014,2018,White (includes Hispanic),10.9
40,Oklahoma,40075,Kiowa,2015,2019,Asian/Pacific Islander (includes Hispanic),
40,Oklahoma,40075,Kiowa,2015,2019,Black (includes Hispanic),
40,Oklahoma,40075,Kiowa,2015,2019,Hispanic (all races),
40,Oklahoma,40075,Kiowa,2015,2019,American Indian/Alaskan Native (includes Hispanic),
40,Oklahoma,40075,Kiowa,2015,2019,White (includes Hispanic),10.6
40,Oklahoma,40075,Kiowa,2016,2020,Asian/Pacific Islander (includes Hispanic),
40,Oklahoma,40075,Kiowa,2016,2020,Black (includes Hispanic),
40,Oklahoma,40075,Kiowa,2016,2020,Hispanic (all races),
40,Oklahoma,40075,Kiowa,2016,2020,American Indian/Alaskan Native (includes Hispanic),
40,Oklahoma,40075,Kiowa,2016,2020,White (includes Hispanic),10.0
40,Oklahoma,40077,Latimer,2011,2015,Asian/Pacific Islander (includes Hispanic),
40,Oklahoma,40077,Latimer,2011,2015,Black (includes Hispanic),
40,Oklahoma,40077,Latimer,2011,2015,Hispanic (all races),
40,Oklahoma,40077,Latimer,2011,2015,American Indian/Alaskan Native (includes Hispanic),
40,Oklahoma,40077,Latimer,2011,2015,White (includes Hispanic),11.1
40,Oklahoma,40077,Latimer,2012,2016,Asian/Pacific Islander (includes Hispanic),
40,Oklahoma,40077,Latimer,2012,2016,Black (includes Hispanic),
40,Oklahoma,40077,Latimer,2012,2016,Hispanic (all races),
40,Oklahoma,40077,Latimer,2012,2016,American Indian/Alaskan Native (includes Hispanic),
40,Oklahoma,40077,Latimer,2012,2016,White (includes Hispanic),10.1
40,Oklahoma,40077,Latimer,2013,2017,Asian/Pacific Islander (includes Hispanic),
40,Oklahoma,40077,Latimer,2013,2017,Black (includes Hispanic),
40,Oklahoma,40077,Latimer,2013,2017,Hispanic (all races),
40,Oklahoma,40077,Latimer,2013,2017,American Indian/Alaskan Native (includes Hispanic),
40,Oklahoma,40077,Latimer,2013,2017,White (includes Hispanic),13.0
40,Oklahoma,40077,Latimer,2014,2018,Asian/Pacific Islander (includes Hispanic),
40,Oklahoma,40077,Latimer,2014,2018,Black (includes Hispanic),
40,Oklahoma,40077,Latimer,2014,2018,Hispanic (all races),
40,Oklahoma,40077,Latimer,2014,2018,American Indian/Alaskan Native (includes Hispanic),
40,Oklahoma,40077,Latimer,2014,2018,White (includes Hispanic),13.7
40,Oklahoma,40077,Latimer,2015,2019,Asian/Pacific Islander (includes Hispanic),
40,Oklahoma,40077,Latimer,2015,2019,Black (includes Hispanic),
40,Oklahoma,40077,Latimer,2015,2019,Hispanic (all races),
40,Oklahoma,40077,Latimer,2015,2019,American Indian/Alaskan Native (includes Hispanic),
40,Oklahoma,40077,Latimer,2015,2019,White (includes Hispanic),11.9
40,Oklahoma,40077,Latimer,2016,2020,Asian/Pacific Islander (includes Hispanic),
40,Oklahoma,40077,Latimer,2016,2020,Black (includes Hispanic),
40,Oklahoma,40077,Latimer,2016,2020,Hispanic (all races),
40,Oklahoma,40077,Latimer,2016,2020,American Indian/Alaskan Native (includes Hispanic),
40,Oklahoma,40077,Latimer,2016,2020,White (includes Hispanic),11.6
40,Oklahoma,40079,Le Flore,2011,2015,Asian/Pacific Islander (includes Hispanic),
40,Oklahoma,40079,Le Flore,2011,2015,Black (includes Hispanic),
40,Oklahoma,40079,Le Flore,2011,2015,Hispanic (all races),
40,Oklahoma,40079,Le Flore,2011,2015,American Indian/Alaskan Native (includes Hispanic),
40,Oklahoma,40079,Le Flore,2011,2015,White (includes Hispanic),10.5
40,Oklahoma,40079,Le Flore,2012,2016,Asian/Pacific Islander (includes Hispanic),
40,Oklahoma,40079,Le Flore,2012,2016,Black (includes Hispanic),
40,Oklahoma,40079,Le Flore,2012,2016,Hispanic (all races),
40,Oklahoma,40079,Le Flore,2012,2016,American Indian/Alaskan Native (includes Hispanic),
40,Oklahoma,40079,Le Flore,2012,2016,White (includes Hispanic),10.4
40,Oklahoma,40079,Le Flore,2013,2017,Asian/Pacific Islander (includes Hispanic),
40,Oklahoma,40079,Le Flore,2013,2017,Black (includes Hispanic),
40,Oklahoma,40079,Le Flore,2013,2017,Hispanic (all races),
40,Oklahoma,40079,Le Flore,2013,2017,American Indian/Alaskan Native (includes Hispanic),
40,Oklahoma,40079,Le Flore,2013,2017,White (includes Hispanic),11.4
40,Oklahoma,40079,Le Flore,2014,2018,Asian/Pacific Islander (includes Hispanic),
40,Oklahoma,40079,Le Flore,2014,2018,Black (includes Hispanic),
40,Oklahoma,40079,Le Flore,2014,2018,Hispanic (all races),
40,Oklahoma,40079,Le Flore,2014,2018,American Indian/Alaskan Native (includes Hispanic),
40,Oklahoma,40079,Le Flore,2014,2018,White (includes Hispanic),11.9
40,Oklahoma,40079,Le Flore,2015,2019,Asian/Pacific Islander (includes Hispanic),
40,Oklahoma,40079,Le Flore,2015,2019,Black (includes Hispanic),
40,Oklahoma,40079,Le Flore,2015,2019,Hispanic (all races),
40,Oklahoma,40079,Le Flore,2015,2019,American Indian/Alaskan Native (includes Hispanic),
40,Oklahoma,40079,Le Flore,2015,2019,White (includes Hispanic),13.4
40,Oklahoma,40079,Le Flore,2016,2020,Asian/Pacific Islander (includes Hispanic),
40,Oklahoma,40079,Le Flore,2016,2020,Black (includes Hispanic),
40,Oklahoma,40079,Le Flore,2016,2020,Hispanic (all races),
40,Oklahoma,40079,Le Flore,2016,2020,American Indian/Alaskan Native (includes Hispanic),
40,Oklahoma,40079,Le Flore,2016,2020,White (includes Hispanic),13.9
40,Oklahoma,40081,Lincoln,2011,2015,Asian/Pacific Islander (includes Hispanic),
40,Oklahoma,40081,Lincoln,2011,2015,Black (includes Hispanic),6.7
40,Oklahoma,40081,Lincoln,2011,2015,Hispanic (all races),11.3
40,Oklahoma,40081,Lincoln,2011,2015,American Indian/Alaskan Native (includes Hispanic),14.7
40,Oklahoma,40081,Lincoln,2011,2015,White (includes Hispanic),7.9
40,Oklahoma,40081,Lincoln,2012,2016,Asian/Pacific Islander (includes Hispanic),
40,Oklahoma,40081,Lincoln,2012,2016,Black (includes Hispanic),
40,Oklahoma,40081,Lincoln,2012,2016,Hispanic (all races),13.3
40,Oklahoma,40081,Lincoln,2012,2016,American Indian/Alaskan Native (includes Hispanic),15.6
40,Oklahoma,40081,Lincoln,2012,2016,White (includes Hispanic),7.8
40,Oklahoma,40081,Lincoln,2013,2017,Asian/Pacific Islander (includes Hispanic),
40,Oklahoma,40081,Lincoln,2013,2017,Black (includes Hispanic),
40,Oklahoma,40081,Lincoln,2013,2017,Hispanic (all races),11.9
40,Oklahoma,40081,Lincoln,2013,2017,American Indian/Alaskan Native (includes Hispanic),17.6
40,Oklahoma,40081,Lincoln,2013,2017,White (includes Hispanic),8.1
40,Oklahoma,40081,Lincoln,2014,2018,Asian/Pacific Islander (includes Hispanic),
40,Oklahoma,40081,Lincoln,2014,2018,Black (includes Hispanic),5.3
40,Oklahoma,40081,Lincoln,2014,2018,Hispanic (all races),13.0
40,Oklahoma,40081,Lincoln,2014,2018,American Indian/Alaskan Native (includes Hispanic),15.4
40,Oklahoma,40081,Lincoln,2014,2018,White (includes Hispanic),8.7
40,Oklahoma,40081,Lincoln,2015,2019,Asian/Pacific Islander (includes Hispanic),
40,Oklahoma,40081,Lincoln,2015,2019,Black (includes Hispanic),7.4
40,Oklahoma,40081,Lincoln,2015,2019,Hispanic (all races),13.3
40,Oklahoma,40081,Lincoln,2015,2019,American Indian/Alaskan Native (includes Hispanic),13.9
40,Oklahoma,40081,Lincoln,2015,2019,White (includes Hispanic),9.5
40,Oklahoma,40081,Lincoln,2016,2020,Asian/Pacific Islander (includes Hispanic),
40,Oklahoma,40081,Lincoln,2016,2020,Black (includes Hispanic),7.0
40,Oklahoma,40081,Lincoln,2016,2020,Hispanic (all races),11.4
40,Oklahoma,40081,Lincoln,2016,2020,American Indian/Alaskan Native (includes Hispanic),15.6
40,Oklahoma,40081,Lincoln,2016,2020,White (includes Hispanic),9.3
40,Oklahoma,40083,Logan,2011,2015,Asian/Pacific Islander (includes Hispanic),
40,Oklahoma,40083,Logan,2011,2015,Black (includes Hispanic),7.5
40,Oklahoma,40083,Logan,2011,2015,Hispanic (all races),9.8
40,Oklahoma,40083,Logan,2011,2015,American Indian/Alaskan Native (includes Hispanic),
40,Oklahoma,40083,Logan,2011,2015,White (includes Hispanic),7.5
40,Oklahoma,40083,Logan,2012,2016,Asian/Pacific Islander (includes Hispanic),
40,Oklahoma,40083,Logan,2012,2016,Black (includes Hispanic),6.1
40,Oklahoma,40083,Logan,2012,2016,Hispanic (all races),12.7
40,Oklahoma,40083,Logan,2012,2016,American Indian/Alaskan Native (includes Hispanic),
40,Oklahoma,40083,Logan,2012,2016,White (includes Hispanic),7.6
40,Oklahoma,40083,Logan,2013,2017,Asian/Pacific Islander (includes Hispanic),
40,Oklahoma,40083,Logan,2013,2017,Black (includes Hispanic),
40,Oklahoma,40083,Logan,2013,2017,Hispanic (all races),11.6
40,Oklahoma,40083,Logan,2013,2017,American Indian/Alaskan Native (includes Hispanic),
40,Oklahoma,40083,Logan,2013,2017,White (includes Hispanic),7.9
40,Oklahoma,40083,Logan,2014,2018,Asian/Pacific Islander (includes Hispanic),
40,Oklahoma,40083,Logan,2014,2018,Black (includes Hispanic),5.1
40,Oklahoma,40083,Logan,2014,2018,Hispanic (all races),13.7
40,Oklahoma,40083,Logan,2014,2018,American Indian/Alaskan Native (includes Hispanic),
40,Oklahoma,40083,Logan,2014,2018,White (includes Hispanic),8.5
40,Oklahoma,40083,Logan,2015,2019,Asian/Pacific Islander (includes Hispanic),
40,Oklahoma,40083,Logan,2015,2019,Black (includes Hispanic),7.1
40,Oklahoma,40083,Logan,2015,2019,Hispanic (all races),14.5
40,Oklahoma,40083,Logan,2015,2019,American Indian/Alaskan Native (includes Hispanic),
40,Oklahoma,40083,Logan,2015,2019,White (includes Hispanic),9.1
40,Oklahoma,40083,Logan,2016,2020,Asian/Pacific Islander (includes Hispanic),
40,Oklahoma,40083,Logan,2016,2020,Black (includes Hispanic),6.7
40,Oklahoma,40083,Logan,2016,2020,Hispanic (all races),12.8
40,Oklahoma,40083,Logan,2016,2020,American Indian/Alaskan Native (includes Hispanic),
40,Oklahoma,40083,Logan,2016,2020,White (includes Hispanic),8.7
40,Oklahoma,40085,Love,2011,2015,Asian/Pacific Islander (includes Hispanic),
40,Oklahoma,40085,Love,2011,2015,Black (includes Hispanic),
40,Oklahoma,40085,Love,2011,2015,Hispanic (all races),
40,Oklahoma,40085,Love,2011,2015,American Indian/Alaskan Native (includes Hispanic),
40,Oklahoma,40085,Love,2011,2015,White (includes Hispanic),9.9
40,Oklahoma,40085,Love,2012,2016,Asian/Pacific Islander (includes Hispanic),
40,Oklahoma,40085,Love,2012,2016,Black (includes Hispanic),
40,Oklahoma,40085,Love,2012,2016,Hispanic (all races),
40,Oklahoma,40085,Love,2012,2016,American Indian/Alaskan Native (includes Hispanic),
40,Oklahoma,40085,Love,2012,2016,White (includes Hispanic),8.4
40,Oklahoma,40085,Love,2013,2017,Asian/Pacific Islander (includes Hispanic),
40,Oklahoma,40085,Love,2013,2017,Black (includes Hispanic),
40,Oklahoma,40085,Love,2013,2017,Hispanic (all races),
40,Oklahoma,40085,Love,2013,2017,American Indian/Alaskan Native (includes Hispanic),
40,Oklahoma,40085,Love,2013,2017,White (includes Hispanic),7.3
40,Oklahoma,40085,Love,2014,2018,Asian/Pacific Islander (includes Hispanic),
40,Oklahoma,40085,Love,2014,2018,Black (includes Hispanic),
40,Oklahoma,40085,Love,2014,2018,Hispanic (all races),
40,Oklahoma,40085,Love,2014,2018,American Indian/Alaskan Native (includes Hispanic),
40,Oklahoma,40085,Love,2014,2018,White (includes Hispanic),8.2
40,Oklahoma,40085,Love,2015,2019,Asian/Pacific Islander (includes Hispanic),
40,Oklahoma,40085,Love,2015,2019,Black (includes Hispanic),
40,Oklahoma,40085,Love,2015,2019,Hispanic (all races),
40,Oklahoma,40085,Love,2015,2019,American Indian/Alaskan Native (includes Hispanic),
40,Oklahoma,40085,Love,2015,2019,White (includes Hispanic),8.6
40,Oklahoma,40085,Love,2016,2020,Asian/Pacific Islander (includes Hispanic),
40,Oklahoma,40085,Love,2016,2020,Black (includes Hispanic),
40,Oklahoma,40085,Love,2016,2020,Hispanic (all races),
40,Oklahoma,40085,Love,2016,2020,American Indian/Alaskan Native (includes Hispanic),
40,Oklahoma,40085,Love,2016,2020,White (includes Hispanic),9.3
40,Oklahoma,40093,Major,2011,2015,Asian/Pacific Islander (includes Hispanic),
40,Oklahoma,40093,Major,2011,2015,Black (includes Hispanic),
40,Oklahoma,40093,Major,2011,2015,Hispanic (all races),
40,Oklahoma,40093,Major,2011,2015,American Indian/Alaskan Native (includes Hispanic),
40,Oklahoma,40093,Major,2011,2015,White (includes Hispanic),9.2
40,Oklahoma,40093,Major,2012,2016,Asian/Pacific Islander (includes Hispanic),
40,Oklahoma,40093,Major,2012,2016,Black (includes Hispanic),
40,Oklahoma,40093,Major,2012,2016,Hispanic (all races),
40,Oklahoma,40093,Major,2012,2016,American Indian/Alaskan Native (includes Hispanic),
40,Oklahoma,40093,Major,2012,2016,White (includes Hispanic),9.8
40,Oklahoma,40093,Major,2013,2017,Asian/Pacific Islander (includes Hispanic),
40,Oklahoma,40093,Major,2013,2017,Black (includes Hispanic),
40,Oklahoma,40093,Major,2013,2017,Hispanic (all races),
40,Oklahoma,40093,Major,2013,2017,American Indian/Alaskan Native (includes Hispanic),
40,Oklahoma,40093,Major,2013,2017,White (includes Hispanic),10.3
40,Oklahoma,40093,Major,2014,2018,Asian/Pacific Islander (includes Hispanic),
40,Oklahoma,40093,Major,2014,2018,Black (includes Hispanic),
40,Oklahoma,40093,Major,2014,2018,Hispanic (all races),
40,Oklahoma,40093,Major,2014,2018,American Indian/Alaskan Native (includes Hispanic),
40,Oklahoma,40093,Major,2014,2018,White (includes Hispanic),10.2
40,Oklahoma,40093,Major,2015,2019,Asian/Pacific Islander (includes Hispanic),
40,Oklahoma,40093,Major,2015,2019,Black (includes Hispanic),
40,Oklahoma,40093,Major,2015,2019,Hispanic (all races),
40,Oklahoma,40093,Major,2015,2019,American Indian/Alaskan Native (includes Hispanic),
40,Oklahoma,40093,Major,2015,2019,White (includes Hispanic),8.6
40,Oklahoma,40093,Major,2016,2020,Asian/Pacific Islander (includes Hispanic),
40,Oklahoma,40093,Major,2016,2020,Black (includes Hispanic),
40,Oklahoma,40093,Major,2016,2020,Hispanic (all races),
40,Oklahoma,40093,Major,2016,2020,American Indian/Alaskan Native (includes Hispanic),
40,Oklahoma,40093,Major,2016,2020,White (includes Hispanic),8.0
40,Oklahoma,40095,Marshall,2011,2015,Asian/Pacific Islander (includes Hispanic),
40,Oklahoma,40095,Marshall,2011,2015,Black (includes Hispanic),
40,Oklahoma,40095,Marshall,2011,2015,Hispanic (all races),
40,Oklahoma,40095,Marshall,2011,2015,American Indian/Alaskan Native (includes Hispanic),
40,Oklahoma,40095,Marshall,2011,2015,White (includes Hispanic),11.3
40,Oklahoma,40095,Marshall,2012,2016,Asian/Pacific Islander (includes Hispanic),
40,Oklahoma,40095,Marshall,2012,2016,Black (includes Hispanic),
40,Oklahoma,40095,Marshall,2012,2016,Hispanic (all races),
40,Oklahoma,40095,Marshall,2012,2016,American Indian/Alaskan Native (includes Hispanic),
40,Oklahoma,40095,Marshall,2012,2016,White (includes Hispanic),10.2
40,Oklahoma,40095,Marshall,2013,2017,Asian/Pacific Islander (includes Hispanic),
40,Oklahoma,40095,Marshall,2013,2017,Black (includes Hispanic),
40,Oklahoma,40095,Marshall,2013,2017,Hispanic (all races),
40,Oklahoma,40095,Marshall,2013,2017,American Indian/Alaskan Native (includes Hispanic),
40,Oklahoma,40095,Marshall,2013,2017,White (includes Hispanic),8.4
40,Oklahoma,40095,Marshall,2014,2018,Asian/Pacific Islander (includes Hispanic),
40,Oklahoma,40095,Marshall,2014,2018,Black (includes Hispanic),
40,Oklahoma,40095,Marshall,2014,2018,Hispanic (all races),
40,Oklahoma,40095,Marshall,2014,2018,American Indian/Alaskan Native (includes Hispanic),
40,Oklahoma,40095,Marshall,2014,2018,White (includes Hispanic),9.0
40,Oklahoma,40095,Marshall,2015,2019,Asian/Pacific Islander (includes Hispanic),
40,Oklahoma,40095,Marshall,2015,2019,Black (includes Hispanic),
40,Oklahoma,40095,Marshall,2015,2019,Hispanic (all races),
40,Oklahoma,40095,Marshall,2015,2019,American Indian/Alaskan Native (includes Hispanic),
40,Oklahoma,40095,Marshall,2015,2019,White (includes Hispanic),8.9
40,Oklahoma,40095,Marshall,2016,2020,Asian/Pacific Islander (includes Hispanic),
40,Oklahoma,40095,Marshall,2016,2020,Black (includes Hispanic),
40,Oklahoma,40095,Marshall,2016,2020,Hispanic (all races),
40,Oklahoma,40095,Marshall,2016,2020,American Indian/Alaskan Native (includes Hispanic),
40,Oklahoma,40095,Marshall,2016,2020,White (includes Hispanic),9.0
40,Oklahoma,40097,Mayes,2011,2015,Asian/Pacific Islander (includes Hispanic),
40,Oklahoma,40097,Mayes,2011,2015,Black (includes Hispanic),
40,Oklahoma,40097,Mayes,2011,2015,Hispanic (all races),
40,Oklahoma,40097,Mayes,2011,2015,American Indian/Alaskan Native (includes Hispanic),13.9
40,Oklahoma,40097,Mayes,2011,2015,White (includes Hispanic),6.3
40,Oklahoma,40097,Mayes,2012,2016,Asian/Pacific Islander (includes Hispanic),
40,Oklahoma,40097,Mayes,2012,2016,Black (includes Hispanic),
40,Oklahoma,40097,Mayes,2012,2016,Hispanic (all races),
40,Oklahoma,40097,Mayes,2012,2016,American Indian/Alaskan Native (includes Hispanic),12.9
40,Oklahoma,40097,Mayes,2012,2016,White (includes Hispanic),7.0
40,Oklahoma,40097,Mayes,2013,2017,Asian/Pacific Islander (includes Hispanic),
40,Oklahoma,40097,Mayes,2013,2017,Black (includes Hispanic),
40,Oklahoma,40097,Mayes,2013,2017,Hispanic (all races),
40,Oklahoma,40097,Mayes,2013,2017,American Indian/Alaskan Native (includes Hispanic),
40,Oklahoma,40097,Mayes,2013,2017,White (includes Hispanic),8.0
40,Oklahoma,40097,Mayes,2014,2018,Asian/Pacific Islander (includes Hispanic),
40,Oklahoma,40097,Mayes,2014,2018,Black (includes Hispanic),
40,Oklahoma,40097,Mayes,2014,2018,Hispanic (all races),
40,Oklahoma,40097,Mayes,2014,2018,American Indian/Alaskan Native (includes Hispanic),12.9
40,Oklahoma,40097,Mayes,2014,2018,White (includes Hispanic),7.1
40,Oklahoma,40097,Mayes,2015,2019,Asian/Pacific Islander (includes Hispanic),
40,Oklahoma,40097,Mayes,2015,2019,Black (includes Hispanic),
40,Oklahoma,40097,Mayes,2015,2019,Hispanic (all races),
40,Oklahoma,40097,Mayes,2015,2019,American Indian/Alaskan Native (includes Hispanic),12.2
40,Oklahoma,40097,Mayes,2015,2019,White (includes Hispanic),7.8
40,Oklahoma,40097,Mayes,2016,2020,Asian/Pacific Islander (includes Hispanic),
40,Oklahoma,40097,Mayes,2016,2020,Black (includes Hispanic),
40,Oklahoma,40097,Mayes,2016,2020,Hispanic (all races),
40,Oklahoma,40097,Mayes,2016,2020,American Indian/Alaskan Native (includes Hispanic),
40,Oklahoma,40097,Mayes,2016,2020,White (includes Hispanic),8.6
40,Oklahoma,40087,McClain,2011,2015,Asian/Pacific Islander (includes Hispanic),
40,Oklahoma,40087,McClain,2011,2015,Black (includes Hispanic),
40,Oklahoma,40087,McClain,2011,2015,Hispanic (all races),
40,Oklahoma,40087,McClain,2011,2015,American Indian/Alaskan Native (includes Hispanic),
40,Oklahoma,40087,McClain,2011,2015,White (includes Hispanic),7.5
40,Oklahoma,40087,McClain,2012,2016,Asian/Pacific Islander (includes Hispanic),
40,Oklahoma,40087,McClain,2012,2016,Black (includes Hispanic),
40,Oklahoma,40087,McClain,2012,2016,Hispanic (all races),
40,Oklahoma,40087,McClain,2012,2016,American Indian/Alaskan Native (includes Hispanic),
40,Oklahoma,40087,McClain,2012,2016,White (includes Hispanic),7.7
40,Oklahoma,40087,McClain,2013,2017,Asian/Pacific Islander (includes Hispanic),
40,Oklahoma,40087,McClain,2013,2017,Black (includes Hispanic),
40,Oklahoma,40087,McClain,2013,2017,Hispanic (all races),
40,Oklahoma,40087,McClain,2013,2017,American Indian/Alaskan Native (includes Hispanic),
40,Oklahoma,40087,McClain,2013,2017,White (includes Hispanic),7.9
40,Oklahoma,40087,McClain,2014,2018,Asian/Pacific Islander (includes Hispanic),
40,Oklahoma,40087,McClain,2014,2018,Black (includes Hispanic),
40,Oklahoma,40087,McClain,2014,2018,Hispanic (all races),
40,Oklahoma,40087,McClain,2014,2018,American Indian/Alaskan Native (includes Hispanic),
40,Oklahoma,40087,McClain,2014,2018,White (includes Hispanic),7.5
40,Oklahoma,40087,McClain,2015,2019,Asian/Pacific Islander (includes Hispanic),
40,Oklahoma,40087,McClain,2015,2019,Black (includes Hispanic),
40,Oklahoma,40087,McClain,2015,2019,Hispanic (all races),
40,Oklahoma,40087,McClain,2015,2019,American Indian/Alaskan Native (includes Hispanic),
40,Oklahoma,40087,McClain,2015,2019,White (includes Hispanic),8.0
40,Oklahoma,40087,McClain,2016,2020,Asian/Pacific Islander (includes Hispanic),
40,Oklahoma,40087,McClain,2016,2020,Black (includes Hispanic),
40,Oklahoma,40087,McClain,2016,2020,Hispanic (all races),
40,Oklahoma,40087,McClain,2016,2020,American Indian/Alaskan Native (includes Hispanic),14.9
40,Oklahoma,40087,McClain,2016,2020,White (includes Hispanic),9.0
40,Oklahoma,40089,McCurtain,2011,2015,Asian/Pacific Islander (includes Hispanic),
40,Oklahoma,40089,McCurtain,2011,2015,Black (includes Hispanic),
40,Oklahoma,40089,McCurtain,2011,2015,Hispanic (all races),
40,Oklahoma,40089,McCurtain,2011,2015,American Indian/Alaskan Native (includes Hispanic),
40,Oklahoma,40089,McCurtain,2011,2015,White (includes Hispanic),10.4
40,Oklahoma,40089,McCurtain,2012,2016,Asian/Pacific Islander (includes Hispanic),
40,Oklahoma,40089,McCurtain,2012,2016,Black (includes Hispanic),
40,Oklahoma,40089,McCurtain,2012,2016,Hispanic (all races),
40,Oklahoma,40089,McCurtain,2012,2016,American Indian/Alaskan Native (includes Hispanic),
40,Oklahoma,40089,McCurtain,2012,2016,White (includes Hispanic),11.1
40,Oklahoma,40089,McCurtain,2013,2017,Asian/Pacific Islander (includes Hispanic),
40,Oklahoma,40089,McCurtain,2013,2017,Black (includes Hispanic),
40,Oklahoma,40089,McCurtain,2013,2017,Hispanic (all races),
40,Oklahoma,40089,McCurtain,2013,2017,American Indian/Alaskan Native (includes Hispanic),
40,Oklahoma,40089,McCurtain,2013,2017,White (includes Hispanic),11.8
40,Oklahoma,40089,McCurtain,2014,2018,Asian/Pacific Islander (includes Hispanic),
40,Oklahoma,40089,McCurtain,2014,2018,Black (includes Hispanic),
40,Oklahoma,40089,McCurtain,2014,2018,Hispanic (all races),
40,Oklahoma,40089,McCurtain,2014,2018,American Indian/Alaskan Native (includes Hispanic),
40,Oklahoma,40089,McCurtain,2014,2018,White (includes Hispanic),13.4
40,Oklahoma,40089,McCurtain,2015,2019,Asian/Pacific Islander (includes Hispanic),
40,Oklahoma,40089,McCurtain,2015,2019,Black (includes Hispanic),
40,Oklahoma,40089,McCurtain,2015,2019,Hispanic (all races),
40,Oklahoma,40089,McCurtain,2015,2019,American Indian/Alaskan Native (includes Hispanic),
40,Oklahoma,40089,McCurtain,2015,2019,White (includes Hispanic),13.1
40,Oklahoma,40089,McCurtain,2016,2020,Asian/Pacific Islander (includes Hispanic),
40,Oklahoma,40089,McCurtain,2016,2020,Black (includes Hispanic),
40,Oklahoma,40089,McCurtain,2016,2020,Hispanic (all races),
40,Oklahoma,40089,McCurtain,2016,2020,American Indian/Alaskan Native (includes Hispanic),
40,Oklahoma,40089,McCurtain,2016,2020,White (includes Hispanic),12.9
40,Oklahoma,40091,McIntosh,2011,2015,Asian/Pacific Islander (includes Hispanic),
40,Oklahoma,40091,McIntosh,2011,2015,Black (includes Hispanic),
40,Oklahoma,40091,McIntosh,2011,2015,Hispanic (all races),
40,Oklahoma,40091,McIntosh,2011,2015,American Indian/Alaskan Native (includes Hispanic),
40,Oklahoma,40091,McIntosh,2011,2015,White (includes Hispanic),15.1
40,Oklahoma,40091,McIntosh,2012,2016,Asian/Pacific Islander (includes Hispanic),
40,Oklahoma,40091,McIntosh,2012,2016,Black (includes Hispanic),
40,Oklahoma,40091,McIntosh,2012,2016,Hispanic (all races),
40,Oklahoma,40091,McIntosh,2012,2016,American Indian/Alaskan Native (includes Hispanic),
40,Oklahoma,40091,McIntosh,2012,2016,White (includes Hispanic),12.9
40,Oklahoma,40091,McIntosh,2013,2017,Asian/Pacific Islander (includes Hispanic),
40,Oklahoma,40091,McIntosh,2013,2017,Black (includes Hispanic),
40,Oklahoma,40091,McIntosh,2013,2017,Hispanic (all races),
40,Oklahoma,40091,McIntosh,2013,2017,American Indian/Alaskan Native (includes Hispanic),
40,Oklahoma,40091,McIntosh,2013,2017,White (includes Hispanic),11.5
40,Oklahoma,40091,McIntosh,2014,2018,Asian/Pacific Islander (includes Hispanic),
40,Oklahoma,40091,McIntosh,2014,2018,Black (includes Hispanic),
40,Oklahoma,40091,McIntosh,2014,2018,Hispanic (all races),
40,Oklahoma,40091,McIntosh,2014,2018,American Indian/Alaskan Native (includes Hispanic),
40,Oklahoma,40091,McIntosh,2014,2018,White (includes Hispanic),11.1
40,Oklahoma,40091,McIntosh,2015,2019,Asian/Pacific Islander (includes Hispanic),
40,Oklahoma,40091,McIntosh,2015,2019,Black (includes Hispanic),
40,Oklahoma,40091,McIntosh,2015,2019,Hispanic (all races),
40,Oklahoma,40091,McIntosh,2015,2019,American Indian/Alaskan Native (includes Hispanic),
40,Oklahoma,40091,McIntosh,2015,2019,White (includes Hispanic),7.5
40,Oklahoma,40091,McIntosh,2016,2020,Asian/Pacific Islander (includes Hispanic),
40,Oklahoma,40091,McIntosh,2016,2020,Black (includes Hispanic),
40,Oklahoma,40091,McIntosh,2016,2020,Hispanic (all races),
40,Oklahoma,40091,McIntosh,2016,2020,American Indian/Alaskan Native (includes Hispanic),
40,Oklahoma,40091,McIntosh,2016,2020,White (includes Hispanic),8.4
40,Oklahoma,40099,Murray,2011,2015,Asian/Pacific Islander (includes Hispanic),
40,Oklahoma,40099,Murray,2011,2015,Black (includes Hispanic),
40,Oklahoma,40099,Murray,2011,2015,Hispanic (all races),
40,Oklahoma,40099,Murray,2011,2015,American Indian/Alaskan Native (includes Hispanic),
40,Oklahoma,40099,Murray,2011,2015,White (includes Hispanic),9.5
40,Oklahoma,40099,Murray,2012,2016,Asian/Pacific Islander (includes Hispanic),
40,Oklahoma,40099,Murray,2012,2016,Black (includes Hispanic),
40,Oklahoma,40099,Murray,2012,2016,Hispanic (all races),
40,Oklahoma,40099,Murray,2012,2016,American Indian/Alaskan Native (includes Hispanic),
40,Oklahoma,40099,Murray,2012,2016,White (includes Hispanic),8.9
40,Oklahoma,40099,Murray,2013,2017,Asian/Pacific Islander (includes Hispanic),
40,Oklahoma,40099,Murray,2013,2017,Black (includes Hispanic),
40,Oklahoma,40099,Murray,2013,2017,Hispanic (all races),
40,Oklahoma,40099,Murray,2013,2017,American Indian/Alaskan Native (includes Hispanic),
40,Oklahoma,40099,Murray,2013,2017,White (includes Hispanic),8.5
40,Oklahoma,40099,Murray,2014,2018,Asian/Pacific Islander (includes Hispanic),
40,Oklahoma,40099,Murray,2014,2018,Black (includes Hispanic),
40,Oklahoma,40099,Murray,2014,2018,Hispanic (all races),
40,Oklahoma,40099,Murray,2014,2018,American Indian/Alaskan Native (includes Hispanic),
40,Oklahoma,40099,Murray,2014,2018,White (includes Hispanic),9.2
40,Oklahoma,40099,Murray,2015,2019,Asian/Pacific Islander (includes Hispanic),
40,Oklahoma,40099,Murray,2015,2019,Black (includes Hispanic),
40,Oklahoma,40099,Murray,2015,2019,Hispanic (all races),
40,Oklahoma,40099,Murray,2015,2019,American Indian/Alaskan Native (includes Hispanic),
40,Oklahoma,40099,Murray,2015,2019,White (includes Hispanic),8.0
40,Oklahoma,40099,Murray,2016,2020,Asian/Pacific Islander (includes Hispanic),
40,Oklahoma,40099,Murray,2016,2020,Black (includes Hispanic),
40,Oklahoma,40099,Murray,2016,2020,Hispanic (all races),
40,Oklahoma,40099,Murray,2016,2020,American Indian/Alaskan Native (includes Hispanic),
40,Oklahoma,40099,Murray,2016,2020,White (includes Hispanic),8.6
40,Oklahoma,40101,Muskogee,2011,2015,Asian/Pacific Islander (includes Hispanic),
40,Oklahoma,40101,Muskogee,2011,2015,Black (includes Hispanic),
40,Oklahoma,40101,Muskogee,2011,2015,Hispanic (all races),
40,Oklahoma,40101,Muskogee,2011,2015,American Indian/Alaskan Native (includes Hispanic),15.5
40,Oklahoma,40101,Muskogee,2011,2015,White (includes Hispanic),9.6
40,Oklahoma,40101,Muskogee,2012,2016,Asian/Pacific Islander (includes Hispanic),
40,Oklahoma,40101,Muskogee,2012,2016,Black (includes Hispanic),
40,Oklahoma,40101,Muskogee,2012,2016,Hispanic (all races),
40,Oklahoma,40101,Muskogee,2012,2016,American Indian/Alaskan Native (includes Hispanic),13.9
40,Oklahoma,40101,Muskogee,2012,2016,White (includes Hispanic),9.4
40,Oklahoma,40101,Muskogee,2013,2017,Asian/Pacific Islander (includes Hispanic),
40,Oklahoma,40101,Muskogee,2013,2017,Black (includes Hispanic),
40,Oklahoma,40101,Muskogee,2013,2017,Hispanic (all races),
40,Oklahoma,40101,Muskogee,2013,2017,American Indian/Alaskan Native (includes Hispanic),
40,Oklahoma,40101,Muskogee,2013,2017,White (includes Hispanic),8.4
40,Oklahoma,40101,Muskogee,2014,2018,Asian/Pacific Islander (includes Hispanic),
40,Oklahoma,40101,Muskogee,2014,2018,Black (includes Hispanic),
40,Oklahoma,40101,Muskogee,2014,2018,Hispanic (all races),
40,Oklahoma,40101,Muskogee,2014,2018,American Indian/Alaskan Native (includes Hispanic),12.6
40,Oklahoma,40101,Muskogee,2014,2018,White (includes Hispanic),8.5
40,Oklahoma,40101,Muskogee,2015,2019,Asian/Pacific Islander (includes Hispanic),
40,Oklahoma,40101,Muskogee,2015,2019,Black (includes Hispanic),
40,Oklahoma,40101,Muskogee,2015,2019,Hispanic (all races),
40,Oklahoma,40101,Muskogee,2015,2019,American Indian/Alaskan Native (includes Hispanic),13.2
40,Oklahoma,40101,Muskogee,2015,2019,White (includes Hispanic),7.6
40,Oklahoma,40101,Muskogee,2016,2020,Asian/Pacific Islander (includes Hispanic),
40,Oklahoma,40101,Muskogee,2016,2020,Black (includes Hispanic),
40,Oklahoma,40101,Muskogee,2016,2020,Hispanic (all races),
40,Oklahoma,40101,Muskogee,2016,2020,American Indian/Alaskan Native (includes Hispanic),12.1
40,Oklahoma,40101,Muskogee,2016,2020,White (includes Hispanic),8.4
40,Oklahoma,40103,Noble,2011,2015,Asian/Pacific Islander (includes Hispanic),
40,Oklahoma,40103,Noble,2011,2015,Black (includes Hispanic),
40,Oklahoma,40103,Noble,2011,2015,Hispanic (all races),
40,Oklahoma,40103,Noble,2011,2015,American Indian/Alaskan Native (includes Hispanic),
40,Oklahoma,40103,Noble,2011,2015,White (includes Hispanic),6.8
40,Oklahoma,40103,Noble,2012,2016,Asian/Pacific Islander (includes Hispanic),
40,Oklahoma,40103,Noble,2012,2016,Black (includes Hispanic),
40,Oklahoma,40103,Noble,2012,2016,Hispanic (all races),
40,Oklahoma,40103,Noble,2012,2016,American Indian/Alaskan Native (includes Hispanic),
40,Oklahoma,40103,Noble,2012,2016,White (includes Hispanic),7.3
40,Oklahoma,40103,Noble,2013,2017,Asian/Pacific Islander (includes Hispanic),
40,Oklahoma,40103,Noble,2013,2017,Black (includes Hispanic),
40,Oklahoma,40103,Noble,2013,2017,Hispanic (all races),
40,Oklahoma,40103,Noble,2013,2017,American Indian/Alaskan Native (includes Hispanic),
40,Oklahoma,40103,Noble,2013,2017,White (includes Hispanic),9.4
40,Oklahoma,40103,Noble,2014,2018,Asian/Pacific Islander (includes Hispanic),
40,Oklahoma,40103,Noble,2014,2018,Black (includes Hispanic),
40,Oklahoma,40103,Noble,2014,2018,Hispanic (all races),
40,Oklahoma,40103,Noble,2014,2018,American Indian/Alaskan Native (includes Hispanic),
40,Oklahoma,40103,Noble,2014,2018,White (includes Hispanic),9.5
40,Oklahoma,40103,Noble,2015,2019,Asian/Pacific Islander (includes Hispanic),
40,Oklahoma,40103,Noble,2015,2019,Black (includes Hispanic),
40,Oklahoma,40103,Noble,2015,2019,Hispanic (all races),
40,Oklahoma,40103,Noble,2015,2019,American Indian/Alaskan Native (includes Hispanic),
40,Oklahoma,40103,Noble,2015,2019,White (includes Hispanic),9.3
40,Oklahoma,40103,Noble,2016,2020,Asian/Pacific Islander (includes Hispanic),
40,Oklahoma,40103,Noble,2016,2020,Black (includes Hispanic),
40,Oklahoma,40103,Noble,2016,2020,Hispanic (all races),
40,Oklahoma,40103,Noble,2016,2020,American Indian/Alaskan Native (includes Hispanic),
40,Oklahoma,40103,Noble,2016,2020,White (includes Hispanic),9.2
40,Oklahoma,40105,Nowata,2011,2015,Asian/Pacific Islander (includes Hispanic),
40,Oklahoma,40105,Nowata,2011,2015,Black (includes Hispanic),
40,Oklahoma,40105,Nowata,2011,2015,Hispanic (all races),
40,Oklahoma,40105,Nowata,2011,2015,American Indian/Alaskan Native (includes Hispanic),
40,Oklahoma,40105,Nowata,2011,2015,White (includes Hispanic),7.1
40,Oklahoma,40105,Nowata,2012,2016,Asian/Pacific Islander (includes Hispanic),
40,Oklahoma,40105,Nowata,2012,2016,Black (includes Hispanic),
40,Oklahoma,40105,Nowata,2012,2016,Hispanic (all races),
40,Oklahoma,40105,Nowata,2012,2016,American Indian/Alaskan Native (includes Hispanic),
40,Oklahoma,40105,Nowata,2012,2016,White (includes Hispanic),8.8
40,Oklahoma,40105,Nowata,2013,2017,Asian/Pacific Islander (includes Hispanic),
40,Oklahoma,40105,Nowata,2013,2017,Black (includes Hispanic),
40,Oklahoma,40105,Nowata,2013,2017,Hispanic (all races),
40,Oklahoma,40105,Nowata,2013,2017,American Indian/Alaskan Native (includes Hispanic),
40,Oklahoma,40105,Nowata,2013,2017,White (includes Hispanic),9.4
40,Oklahoma,40105,Nowata,2014,2018,Asian/Pacific Islander (includes Hispanic),
40,Oklahoma,40105,Nowata,2014,2018,Black (includes Hispanic),
40,Oklahoma,40105,Nowata,2014,2018,Hispanic (all races),
40,Oklahoma,40105,Nowata,2014,2018,American Indian/Alaskan Native (includes Hispanic),
40,Oklahoma,40105,Nowata,2014,2018,White (includes Hispanic),7.6
40,Oklahoma,40105,Nowata,2015,2019,Asian/Pacific Islander (includes Hispanic),
40,Oklahoma,40105,Nowata,2015,2019,Black (includes Hispanic),
40,Oklahoma,40105,Nowata,2015,2019,Hispanic (all races),
40,Oklahoma,40105,Nowata,2015,2019,American Indian/Alaskan Native (includes Hispanic),
40,Oklahoma,40105,Nowata,2015,2019,White (includes Hispanic),8.0
40,Oklahoma,40105,Nowata,2016,2020,Asian/Pacific Islander (includes Hispanic),
40,Oklahoma,40105,Nowata,2016,2020,Black (includes Hispanic),
40,Oklahoma,40105,Nowata,2016,2020,Hispanic (all races),
40,Oklahoma,40105,Nowata,2016,2020,American Indian/Alaskan Native (includes Hispanic),
40,Oklahoma,40105,Nowata,2016,2020,White (includes Hispanic),8.6
40,Oklahoma,40107,Okfuskee,2011,2015,Asian/Pacific Islander (includes Hispanic),
40,Oklahoma,40107,Okfuskee,2011,2015,Black (includes Hispanic),
40,Oklahoma,40107,Okfuskee,2011,2015,Hispanic (all races),
40,Oklahoma,40107,Okfuskee,2011,2015,American Indian/Alaskan Native (includes Hispanic),18.0
40,Oklahoma,40107,Okfuskee,2011,2015,White (includes Hispanic),9.6
40,Oklahoma,40107,Okfuskee,2012,2016,Asian/Pacific Islander (includes Hispanic),
40,Oklahoma,40107,Okfuskee,2012,2016,Black (includes Hispanic),
40,Oklahoma,40107,Okfuskee,2012,2016,Hispanic (all races),
40,Oklahoma,40107,Okfuskee,2012,2016,American Indian/Alaskan Native (includes Hispanic),18.2
40,Oklahoma,40107,Okfuskee,2012,2016,White (includes Hispanic),8.8
40,Oklahoma,40107,Okfuskee,2013,2017,Asian/Pacific Islander (includes Hispanic),
40,Oklahoma,40107,Okfuskee,2013,2017,Black (includes Hispanic),
40,Oklahoma,40107,Okfuskee,2013,2017,Hispanic (all races),
40,Oklahoma,40107,Okfuskee,2013,2017,American Indian/Alaskan Native (includes Hispanic),
40,Oklahoma,40107,Okfuskee,2013,2017,White (includes Hispanic),9.0
40,Oklahoma,40107,Okfuskee,2014,2018,Asian/Pacific Islander (includes Hispanic),
40,Oklahoma,40107,Okfuskee,2014,2018,Black (includes Hispanic),
40,Oklahoma,40107,Okfuskee,2014,2018,Hispanic (all races),
40,Oklahoma,40107,Okfuskee,2014,2018,American Indian/Alaskan Native (includes Hispanic),
40,Oklahoma,40107,Okfuskee,2014,2018,White (includes Hispanic),7.7
40,Oklahoma,40107,Okfuskee,2015,2019,Asian/Pacific Islander (includes Hispanic),
40,Oklahoma,40107,Okfuskee,2015,2019,Black (includes Hispanic),
40,Oklahoma,40107,Okfuskee,2015,2019,Hispanic (all races),
40,Oklahoma,40107,Okfuskee,2015,2019,American Indian/Alaskan Native (includes Hispanic),
40,Oklahoma,40107,Okfuskee,2015,2019,White (includes Hispanic),9.3
40,Oklahoma,40107,Okfuskee,2016,2020,Asian/Pacific Islander (includes Hispanic),
40,Oklahoma,40107,Okfuskee,2016,2020,Black (includes Hispanic),
40,Oklahoma,40107,Okfuskee,2016,2020,Hispanic (all races),
40,Oklahoma,40107,Okfuskee,2016,2020,American Indian/Alaskan Native (includes Hispanic),
40,Oklahoma,40107,Okfuskee,2016,2020,White (includes Hispanic),9.5
40,Oklahoma,40109,Oklahoma,2011,2015,Asian/Pacific Islander (includes Hispanic),
40,Oklahoma,40109,Oklahoma,2011,2015,Black (includes Hispanic),7.2
40,Oklahoma,40109,Oklahoma,2011,2015,Hispanic (all races),8.9
40,Oklahoma,40109,Oklahoma,2011,2015,American Indian/Alaskan Native (includes Hispanic),10.6
40,Oklahoma,40109,Oklahoma,2011,2015,White (includes Hispanic),7.5
40,Oklahoma,40109,Oklahoma,2012,2016,Asian/Pacific Islander (includes Hispanic),
40,Oklahoma,40109,Oklahoma,2012,2016,Black (includes Hispanic),5.8
40,Oklahoma,40109,Oklahoma,2012,2016,Hispanic (all races),11.2
40,Oklahoma,40109,Oklahoma,2012,2016,American Indian/Alaskan Native (includes Hispanic),11.4
40,Oklahoma,40109,Oklahoma,2012,2016,White (includes Hispanic),7.6
40,Oklahoma,40109,Oklahoma,2013,2017,Asian/Pacific Islander (includes Hispanic),
40,Oklahoma,40109,Oklahoma,2013,2017,Black (includes Hispanic),
40,Oklahoma,40109,Oklahoma,2013,2017,Hispanic (all races),11.4
40,Oklahoma,40109,Oklahoma,2013,2017,American Indian/Alaskan Native (includes Hispanic),15.1
40,Oklahoma,40109,Oklahoma,2013,2017,White (includes Hispanic),7.8
40,Oklahoma,40109,Oklahoma,2014,2018,Asian/Pacific Islander (includes Hispanic),
40,Oklahoma,40109,Oklahoma,2014,2018,Black (includes Hispanic),
40,Oklahoma,40109,Oklahoma,2014,2018,Hispanic (all races),13.5
40,Oklahoma,40109,Oklahoma,2014,2018,American Indian/Alaskan Native (includes Hispanic),14.4
40,Oklahoma,40109,Oklahoma,2014,2018,White (includes Hispanic),8.4
40,Oklahoma,40109,Oklahoma,2015,2019,Asian/Pacific Islander (includes Hispanic),
40,Oklahoma,40109,Oklahoma,2015,2019,Black (includes Hispanic),7.0
40,Oklahoma,40109,Oklahoma,2015,2019,Hispanic (all races),14.3
40,Oklahoma,40109,Oklahoma,2015,2019,American Indian/Alaskan Native (includes Hispanic),13.0
40,Oklahoma,40109,Oklahoma,2015,2019,White (includes Hispanic),9.1
40,Oklahoma,40109,Oklahoma,2016,2020,Asian/Pacific Islander (includes Hispanic),
40,Oklahoma,40109,Oklahoma,2016,2020,Black (includes Hispanic),6.6
40,Oklahoma,40109,Oklahoma,2016,2020,Hispanic (all races),14.0
40,Oklahoma,40109,Oklahoma,2016,2020,American Indian/Alaskan Native (includes Hispanic),14.4
40,Oklahoma,40109,Oklahoma,2016,2020,White (includes Hispanic),9.2
40,Oklahoma,40111,Okmulgee,2011,2015,Asian/Pacific Islander (includes Hispanic),
40,Oklahoma,40111,Okmulgee,2011,2015,Black (includes Hispanic),
40,Oklahoma,40111,Okmulgee,2011,2015,Hispanic (all races),16.0
40,Oklahoma,40111,Okmulgee,2011,2015,American Indian/Alaskan Native (includes Hispanic),13.1
40,Oklahoma,40111,Okmulgee,2011,2015,White (includes Hispanic),9.4
40,Oklahoma,40111,Okmulgee,2012,2016,Asian/Pacific Islander (includes Hispanic),
40,Oklahoma,40111,Okmulgee,2012,2016,Black (includes Hispanic),9.0
40,Oklahoma,40111,Okmulgee,2012,2016,Hispanic (all races),18.5
40,Oklahoma,40111,Okmulgee,2012,2016,American Indian/Alaskan Native (includes Hispanic),13.7
40,Oklahoma,40111,Okmulgee,2012,2016,White (includes Hispanic),9.0
40,Oklahoma,40111,Okmulgee,2013,2017,Asian/Pacific Islander (includes Hispanic),
40,Oklahoma,40111,Okmulgee,2013,2017,Black (includes Hispanic),9.5
40,Oklahoma,40111,Okmulgee,2013,2017,Hispanic (all races),16.9
40,Oklahoma,40111,Okmulgee,2013,2017,American Indian/Alaskan Native (includes Hispanic),11.8
40,Oklahoma,40111,Okmulgee,2013,2017,White (includes Hispanic),8.8
40,Oklahoma,40111,Okmulgee,2014,2018,Asian/Pacific Islander (includes Hispanic),
40,Oklahoma,40111,Okmulgee,2014,2018,Black (includes Hispanic),10.5
40,Oklahoma,40111,Okmulgee,2014,2018,Hispanic (all races),12.7
40,Oklahoma,40111,Okmulgee,2014,2018,American Indian/Alaskan Native (includes Hispanic),12.6
40,Oklahoma,40111,Okmulgee,2014,2018,White (includes Hispanic),8.2
40,Oklahoma,40111,Okmulgee,2015,2019,Asian/Pacific Islander (includes Hispanic),
40,Oklahoma,40111,Okmulgee,2015,2019,Black (includes Hispanic),12.0
40,Oklahoma,40111,Okmulgee,2015,2019,Hispanic (all races),
40,Oklahoma,40111,Okmulgee,2015,2019,American Indian/Alaskan Native (includes Hispanic),15.4
40,Oklahoma,40111,Okmulgee,2015,2019,White (includes Hispanic),7.0
40,Oklahoma,40111,Okmulgee,2016,2020,Asian/Pacific Islander (includes Hispanic),
40,Oklahoma,40111,Okmulgee,2016,2020,Black (includes Hispanic),9.9
40,Oklahoma,40111,Okmulgee,2016,2020,Hispanic (all races),
40,Oklahoma,40111,Okmulgee,2016,2020,American Indian/Alaskan Native (includes Hispanic),15.7
40,Oklahoma,40111,Okmulgee,2016,2020,White (includes Hispanic),6.7
40,Oklahoma,40113,Osage,2011,2015,Asian/Pacific Islander (includes Hispanic),
40,Oklahoma,40113,Osage,2011,2015,Black (includes Hispanic),
40,Oklahoma,40113,Osage,2011,2015,Hispanic (all races),14.7
40,Oklahoma,40113,Osage,2011,2015,American Indian/Alaskan Native (includes Hispanic),
40,Oklahoma,40113,Osage,2011,2015,White (includes Hispanic),7.8
40,Oklahoma,40113,Osage,2012,2016,Asian/Pacific Islander (includes Hispanic),
40,Oklahoma,40113,Osage,2012,2016,Black (includes Hispanic),8.7
40,Oklahoma,40113,Osage,2012,2016,Hispanic (all races),17.4
40,Oklahoma,40113,Osage,2012,2016,American Indian/Alaskan Native (includes Hispanic),11.4
40,Oklahoma,40113,Osage,2012,2016,White (includes Hispanic),8.0
40,Oklahoma,40113,Osage,2013,2017,Asian/Pacific Islander (includes Hispanic),
40,Oklahoma,40113,Osage,2013,2017,Black (includes Hispanic),10.6
40,Oklahoma,40113,Osage,2013,2017,Hispanic (all races),15.8
40,Oklahoma,40113,Osage,2013,2017,American Indian/Alaskan Native (includes Hispanic),12.3
40,Oklahoma,40113,Osage,2013,2017,White (includes Hispanic),8.9
40,Oklahoma,40113,Osage,2014,2018,Asian/Pacific Islander (includes Hispanic),
40,Oklahoma,40113,Osage,2014,2018,Black (includes Hispanic),11.4
40,Oklahoma,40113,Osage,2014,2018,Hispanic (all races),12.9
40,Oklahoma,40113,Osage,2014,2018,American Indian/Alaskan Native (includes Hispanic),14.2
40,Oklahoma,40113,Osage,2014,2018,White (includes Hispanic),8.8
40,Oklahoma,40113,Osage,2015,2019,Asian/Pacific Islander (includes Hispanic),
40,Oklahoma,40113,Osage,2015,2019,Black (includes Hispanic),13.2
40,Oklahoma,40113,Osage,2015,2019,Hispanic (all races),
40,Oklahoma,40113,Osage,2015,2019,American Indian/Alaskan Native (includes Hispanic),16.7
40,Oklahoma,40113,Osage,2015,2019,White (includes Hispanic),8.1
40,Oklahoma,40113,Osage,2016,2020,Asian/Pacific Islander (includes Hispanic),
40,Oklahoma,40113,Osage,2016,2020,Black (includes Hispanic),11.4
40,Oklahoma,40113,Osage,2016,2020,Hispanic (all races),
40,Oklahoma,40113,Osage,2016,2020,American Indian/Alaskan Native (includes Hispanic),18.1
40,Oklahoma,40113,Osage,2016,2020,White (includes Hispanic),7.5
40,Oklahoma,40115,Ottawa,2011,2015,Asian/Pacific Islander (includes Hispanic),
40,Oklahoma,40115,Ottawa,2011,2015,Black (includes Hispanic),
40,Oklahoma,40115,Ottawa,2011,2015,Hispanic (all races),
40,Oklahoma,40115,Ottawa,2011,2015,American Indian/Alaskan Native (includes Hispanic),
40,Oklahoma,40115,Ottawa,2011,2015,White (includes Hispanic),8.8
40,Oklahoma,40115,Ottawa,2012,2016,Asian/Pacific Islander (includes Hispanic),
40,Oklahoma,40115,Ottawa,2012,2016,Black (includes Hispanic),
40,Oklahoma,40115,Ottawa,2012,2016,Hispanic (all races),
40,Oklahoma,40115,Ottawa,2012,2016,American Indian/Alaskan Native (includes Hispanic),
40,Oklahoma,40115,Ottawa,2012,2016,White (includes Hispanic),9.8
40,Oklahoma,40115,Ottawa,2013,2017,Asian/Pacific Islander (includes Hispanic),
40,Oklahoma,40115,Ottawa,2013,2017,Black (includes Hispanic),
40,Oklahoma,40115,Ottawa,2013,2017,Hispanic (all races),
40,Oklahoma,40115,Ottawa,2013,2017,American Indian/Alaskan Native (includes Hispanic),
40,Oklahoma,40115,Ottawa,2013,2017,White (includes Hispanic),10.1
40,Oklahoma,40115,Ottawa,2014,2018,Asian/Pacific Islander (includes Hispanic),
40,Oklahoma,40115,Ottawa,2014,2018,Black (includes Hispanic),
40,Oklahoma,40115,Ottawa,2014,2018,Hispanic (all races),
40,Oklahoma,40115,Ottawa,2014,2018,American Indian/Alaskan Native (includes Hispanic),
40,Oklahoma,40115,Ottawa,2014,2018,White (includes Hispanic),9.4
40,Oklahoma,40115,Ottawa,2015,2019,Asian/Pacific Islander (includes Hispanic),
40,Oklahoma,40115,Ottawa,2015,2019,Black (includes Hispanic),
40,Oklahoma,40115,Ottawa,2015,2019,Hispanic (all races),
40,Oklahoma,40115,Ottawa,2015,2019,American Indian/Alaskan Native (includes Hispanic),
40,Oklahoma,40115,Ottawa,2015,2019,White (includes Hispanic),12.7
40,Oklahoma,40115,Ottawa,2016,2020,Asian/Pacific Islander (includes Hispanic),
40,Oklahoma,40115,Ottawa,2016,2020,Black (includes Hispanic),
40,Oklahoma,40115,Ottawa,2016,2020,Hispanic (all races),
40,Oklahoma,40115,Ottawa,2016,2020,American Indian/Alaskan Native (includes Hispanic),
40,Oklahoma,40115,Ottawa,2016,2020,White (includes Hispanic),12.3
40,Oklahoma,40117,Pawnee,2011,2015,Asian/Pacific Islander (includes Hispanic),
40,Oklahoma,40117,Pawnee,2011,2015,Black (includes Hispanic),
40,Oklahoma,40117,Pawnee,2011,2015,Hispanic (all races),16.4
40,Oklahoma,40117,Pawnee,2011,2015,American Indian/Alaskan Native (includes Hispanic),12.9
40,Oklahoma,40117,Pawnee,2011,2015,White (includes Hispanic),8.2
40,Oklahoma,40117,Pawnee,2012,2016,Asian/Pacific Islander (includes Hispanic),
40,Oklahoma,40117,Pawnee,2012,2016,Black (includes Hispanic),
40,Oklahoma,40117,Pawnee,2012,2016,Hispanic (all races),19.2
40,Oklahoma,40117,Pawnee,2012,2016,American Indian/Alaskan Native (includes Hispanic),13.8
40,Oklahoma,40117,Pawnee,2012,2016,White (includes Hispanic),8.1
40,Oklahoma,40117,Pawnee,2013,2017,Asian/Pacific Islander (includes Hispanic),
40,Oklahoma,40117,Pawnee,2013,2017,Black (includes Hispanic),10.5
40,Oklahoma,40117,Pawnee,2013,2017,Hispanic (all races),17.5
40,Oklahoma,40117,Pawnee,2013,2017,American Indian/Alaskan Native (includes Hispanic),12.8
40,Oklahoma,40117,Pawnee,2013,2017,White (includes Hispanic),8.4
40,Oklahoma,40117,Pawnee,2014,2018,Asian/Pacific Islander (includes Hispanic),
40,Oklahoma,40117,Pawnee,2014,2018,Black (includes Hispanic),11.7
40,Oklahoma,40117,Pawnee,2014,2018,Hispanic (all races),13.6
40,Oklahoma,40117,Pawnee,2014,2018,American Indian/Alaskan Native (includes Hispanic),11.9
40,Oklahoma,40117,Pawnee,2014,2018,White (includes Hispanic),7.9
40,Oklahoma,40117,Pawnee,2015,2019,Asian/Pacific Islander (includes Hispanic),
40,Oklahoma,40117,Pawnee,2015,2019,Black (includes Hispanic),13.5
40,Oklahoma,40117,Pawnee,2015,2019,Hispanic (all races),
40,Oklahoma,40117,Pawnee,2015,2019,American Indian/Alaskan Native (includes Hispanic),15.1
40,Oklahoma,40117,Pawnee,2015,2019,White (includes Hispanic),7.2
40,Oklahoma,40117,Pawnee,2016,2020,Asian/Pacific Islander (includes Hispanic),
40,Oklahoma,40117,Pawnee,2016,2020,Black (includes Hispanic),11.2
40,Oklahoma,40117,Pawnee,2016,2020,Hispanic (all races),
40,Oklahoma,40117,Pawnee,2016,2020,American Indian/Alaskan Native (includes Hispanic),14.9
40,Oklahoma,40117,Pawnee,2016,2020,White (includes Hispanic),6.8
40,Oklahoma,40119,Payne,2011,2015,Asian/Pacific Islander (includes Hispanic),
40,Oklahoma,40119,Payne,2011,2015,Black (includes Hispanic),
40,Oklahoma,40119,Payne,2011,2015,Hispanic (all races),
40,Oklahoma,40119,Payne,2011,2015,American Indian/Alaskan Native (includes Hispanic),
40,Oklahoma,40119,Payne,2011,2015,White (includes Hispanic),8.3
40,Oklahoma,40119,Payne,2012,2016,Asian/Pacific Islander (includes Hispanic),
40,Oklahoma,40119,Payne,2012,2016,Black (includes Hispanic),
40,Oklahoma,40119,Payne,2012,2016,Hispanic (all races),
40,Oklahoma,40119,Payne,2012,2016,American Indian/Alaskan Native (includes Hispanic),
40,Oklahoma,40119,Payne,2012,2016,White (includes Hispanic),7.9
40,Oklahoma,40119,Payne,2013,2017,Asian/Pacific Islander (includes Hispanic),
40,Oklahoma,40119,Payne,2013,2017,Black (includes Hispanic),
40,Oklahoma,40119,Payne,2013,2017,Hispanic (all races),
40,Oklahoma,40119,Payne,2013,2017,American Indian/Alaskan Native (includes Hispanic),
40,Oklahoma,40119,Payne,2013,2017,White (includes Hispanic),7.9
40,Oklahoma,40119,Payne,2014,2018,Asian/Pacific Islander (includes Hispanic),
40,Oklahoma,40119,Payne,2014,2018,Black (includes Hispanic),
40,Oklahoma,40119,Payne,2014,2018,Hispanic (all races),
40,Oklahoma,40119,Payne,2014,2018,American Indian/Alaskan Native (includes Hispanic),
40,Oklahoma,40119,Payne,2014,2018,White (includes Hispanic),6.6
40,Oklahoma,40119,Payne,2015,2019,Asian/Pacific Islander (includes Hispanic),
40,Oklahoma,40119,Payne,2015,2019,Black (includes Hispanic),
40,Oklahoma,40119,Payne,2015,2019,Hispanic (all races),
40,Oklahoma,40119,Payne,2015,2019,American Indian/Alaskan Native (includes Hispanic),
40,Oklahoma,40119,Payne,2015,2019,White (includes Hispanic),7.9
40,Oklahoma,40119,Payne,2016,2020,Asian/Pacific Islander (includes Hispanic),
40,Oklahoma,40119,Payne,2016,2020,Black (includes Hispanic),
40,Oklahoma,40119,Payne,2016,2020,Hispanic (all races),
40,Oklahoma,40119,Payne,2016,2020,American Indian/Alaskan Native (includes Hispanic),
40,Oklahoma,40119,Payne,2016,2020,White (includes Hispanic),7.7
40,Oklahoma,40121,Pittsburg,2011,2015,Asian/Pacific Islander (includes Hispanic),
40,Oklahoma,40121,Pittsburg,2011,2015,Black (includes Hispanic),
40,Oklahoma,40121,Pittsburg,2011,2015,Hispanic (all races),
40,Oklahoma,40121,Pittsburg,2011,2015,American Indian/Alaskan Native (includes Hispanic),
40,Oklahoma,40121,Pittsburg,2011,2015,White (includes Hispanic),12.3
40,Oklahoma,40121,Pittsburg,2012,2016,Asian/Pacific Islander (includes Hispanic),
40,Oklahoma,40121,Pittsburg,2012,2016,Black (includes Hispanic),
40,Oklahoma,40121,Pittsburg,2012,2016,Hispanic (all races),
40,Oklahoma,40121,Pittsburg,2012,2016,American Indian/Alaskan Native (includes Hispanic),
40,Oklahoma,40121,Pittsburg,2012,2016,White (includes Hispanic),9.1
40,Oklahoma,40121,Pittsburg,2013,2017,Asian/Pacific Islander (includes Hispanic),
40,Oklahoma,40121,Pittsburg,2013,2017,Black (includes Hispanic),
40,Oklahoma,40121,Pittsburg,2013,2017,Hispanic (all races),
40,Oklahoma,40121,Pittsburg,2013,2017,American Indian/Alaskan Native (includes Hispanic),
40,Oklahoma,40121,Pittsburg,2013,2017,White (includes Hispanic),8.3
40,Oklahoma,40121,Pittsburg,2014,2018,Asian/Pacific Islander (includes Hispanic),
40,Oklahoma,40121,Pittsburg,2014,2018,Black (includes Hispanic),
40,Oklahoma,40121,Pittsburg,2014,2018,Hispanic (all races),
40,Oklahoma,40121,Pittsburg,2014,2018,American Indian/Alaskan Native (includes Hispanic),
40,Oklahoma,40121,Pittsburg,2014,2018,White (includes Hispanic),8.6
40,Oklahoma,40121,Pittsburg,2015,2019,Asian/Pacific Islander (includes Hispanic),
40,Oklahoma,40121,Pittsburg,2015,2019,Black (includes Hispanic),
40,Oklahoma,40121,Pittsburg,2015,2019,Hispanic (all races),
40,Oklahoma,40121,Pittsburg,2015,2019,American Indian/Alaskan Native (includes Hispanic),
40,Oklahoma,40121,Pittsburg,2015,2019,White (includes Hispanic),7.1
40,Oklahoma,40121,Pittsburg,2016,2020,Asian/Pacific Islander (includes Hispanic),
40,Oklahoma,40121,Pittsburg,2016,2020,Black (includes Hispanic),
40,Oklahoma,40121,Pittsburg,2016,2020,Hispanic (all races),
40,Oklahoma,40121,Pittsburg,2016,2020,American Indian/Alaskan Native (includes Hispanic),
40,Oklahoma,40121,Pittsburg,2016,2020,White (includes Hispanic),
40,Oklahoma,40123,Pontotoc,2011,2015,Asian/Pacific Islander (includes Hispanic),
40,Oklahoma,40123,Pontotoc,2011,2015,Black (includes Hispanic),
40,Oklahoma,40123,Pontotoc,2011,2015,Hispanic (all races),
40,Oklahoma,40123,Pontotoc,2011,2015,American Indian/Alaskan Native (includes Hispanic),
40,Oklahoma,40123,Pontotoc,2011,2015,White (includes Hispanic),8.2
40,Oklahoma,40123,Pontotoc,2012,2016,Asian/Pacific Islander (includes Hispanic),
40,Oklahoma,40123,Pontotoc,2012,2016,Black (includes Hispanic),
40,Oklahoma,40123,Pontotoc,2012,2016,Hispanic (all races),
40,Oklahoma,40123,Pontotoc,2012,2016,American Indian/Alaskan Native (includes Hispanic),
40,Oklahoma,40123,Pontotoc,2012,2016,White (includes Hispanic),8.7
40,Oklahoma,40123,Pontotoc,2013,2017,Asian/Pacific Islander (includes Hispanic),
40,Oklahoma,40123,Pontotoc,2013,2017,Black (includes Hispanic),
40,Oklahoma,40123,Pontotoc,2013,2017,Hispanic (all races),
40,Oklahoma,40123,Pontotoc,2013,2017,American Indian/Alaskan Native (includes Hispanic),
40,Oklahoma,40123,Pontotoc,2013,2017,White (includes Hispanic),8.5
40,Oklahoma,40123,Pontotoc,2014,2018,Asian/Pacific Islander (includes Hispanic),
40,Oklahoma,40123,Pontotoc,2014,2018,Black (includes Hispanic),
40,Oklahoma,40123,Pontotoc,2014,2018,Hispanic (all races),
40,Oklahoma,40123,Pontotoc,2014,2018,American Indian/Alaskan Native (includes Hispanic),
40,Oklahoma,40123,Pontotoc,2014,2018,White (includes Hispanic),7.7
40,Oklahoma,40123,Pontotoc,2015,2019,Asian/Pacific Islander (includes Hispanic),
40,Oklahoma,40123,Pontotoc,2015,2019,Black (includes Hispanic),
40,Oklahoma,40123,Pontotoc,2015,2019,Hispanic (all races),
40,Oklahoma,40123,Pontotoc,2015,2019,American Indian/Alaskan Native (includes Hispanic),
40,Oklahoma,40123,Pontotoc,2015,2019,White (includes Hispanic),7.9
40,Oklahoma,40123,Pontotoc,2016,2020,Asian/Pacific Islander (includes Hispanic),
40,Oklahoma,40123,Pontotoc,2016,2020,Black (includes Hispanic),
40,Oklahoma,40123,Pontotoc,2016,2020,Hispanic (all races),
40,Oklahoma,40123,Pontotoc,2016,2020,American Indian/Alaskan Native (includes Hispanic),21.9
40,Oklahoma,40123,Pontotoc,2016,2020,White (includes Hispanic),8.6
40,Oklahoma,40125,Pottawatomie,2011,2015,Asian/Pacific Islander (includes Hispanic),
40,Oklahoma,40125,Pottawatomie,2011,2015,Black (includes Hispanic),6.5
40,Oklahoma,40125,Pottawatomie,2011,2015,Hispanic (all races),10.0
40,Oklahoma,40125,Pottawatomie,2011,2015,American Indian/Alaskan Native (includes Hispanic),10.6
40,Oklahoma,40125,Pottawatomie,2011,2015,White (includes Hispanic),7.5
40,Oklahoma,40125,Pottawatomie,2012,2016,Asian/Pacific Islander (includes Hispanic),
40,Oklahoma,40125,Pottawatomie,2012,2016,Black (includes Hispanic),
40,Oklahoma,40125,Pottawatomie,2012,2016,Hispanic (all races),10.9
40,Oklahoma,40125,Pottawatomie,2012,2016,American Indian/Alaskan Native (includes Hispanic),10.7
40,Oklahoma,40125,Pottawatomie,2012,2016,White (includes Hispanic),7.2
40,Oklahoma,40125,Pottawatomie,2013,2017,Asian/Pacific Islander (includes Hispanic),
40,Oklahoma,40125,Pottawatomie,2013,2017,Black (includes Hispanic),
40,Oklahoma,40125,Pottawatomie,2013,2017,Hispanic (all races),11.0
40,Oklahoma,40125,Pottawatomie,2013,2017,American Indian/Alaskan Native (includes Hispanic),15.0
40,Oklahoma,40125,Pottawatomie,2013,2017,White (includes Hispanic),7.5
40,Oklahoma,40125,Pottawatomie,2014,2018,Asian/Pacific Islander (includes Hispanic),
40,Oklahoma,40125,Pottawatomie,2014,2018,Black (includes Hispanic),
40,Oklahoma,40125,Pottawatomie,2014,2018,Hispanic (all races),12.9
40,Oklahoma,40125,Pottawatomie,2014,2018,American Indian/Alaskan Native (includes Hispanic),13.8
40,Oklahoma,40125,Pottawatomie,2014,2018,White (includes Hispanic),8.1
40,Oklahoma,40125,Pottawatomie,2015,2019,Asian/Pacific Islander (includes Hispanic),
40,Oklahoma,40125,Pottawatomie,2015,2019,Black (includes Hispanic),7.1
40,Oklahoma,40125,Pottawatomie,2015,2019,Hispanic (all races),12.9
40,Oklahoma,40125,Pottawatomie,2015,2019,American Indian/Alaskan Native (includes Hispanic),13.2
40,Oklahoma,40125,Pottawatomie,2015,2019,White (includes Hispanic),9.0
40,Oklahoma,40125,Pottawatomie,2016,2020,Asian/Pacific Islander (includes Hispanic),
40,Oklahoma,40125,Pottawatomie,2016,2020,Black (includes Hispanic),6.7
40,Oklahoma,40125,Pottawatomie,2016,2020,Hispanic (all races),12.8
40,Oklahoma,40125,Pottawatomie,2016,2020,American Indian/Alaskan Native (includes Hispanic),15.6
40,Oklahoma,40125,Pottawatomie,2016,2020,White (includes Hispanic),9.3
40,Oklahoma,40127,Pushmataha,2011,2015,Asian/Pacific Islander (includes Hispanic),
40,Oklahoma,40127,Pushmataha,2011,2015,Black (includes Hispanic),
40,Oklahoma,40127,Pushmataha,2011,2015,Hispanic (all races),
40,Oklahoma,40127,Pushmataha,2011,2015,American Indian/Alaskan Native (includes Hispanic),
40,Oklahoma,40127,Pushmataha,2011,2015,White (includes Hispanic),12.7
40,Oklahoma,40127,Pushmataha,2012,2016,Asian/Pacific Islander (includes Hispanic),
40,Oklahoma,40127,Pushmataha,2012,2016,Black (includes Hispanic),
40,Oklahoma,40127,Pushmataha,2012,2016,Hispanic (all races),
40,Oklahoma,40127,Pushmataha,2012,2016,American Indian/Alaskan Native (includes Hispanic),
40,Oklahoma,40127,Pushmataha,2012,2016,White (includes Hispanic),10.7
40,Oklahoma,40127,Pushmataha,2013,2017,Asian/Pacific Islander (includes Hispanic),
40,Oklahoma,40127,Pushmataha,2013,2017,Black (includes Hispanic),
40,Oklahoma,40127,Pushmataha,2013,2017,Hispanic (all races),
40,Oklahoma,40127,Pushmataha,2013,2017,American Indian/Alaskan Native (includes Hispanic),
40,Oklahoma,40127,Pushmataha,2013,2017,White (includes Hispanic),11.7
40,Oklahoma,40127,Pushmataha,2014,2018,Asian/Pacific Islander (includes Hispanic),
40,Oklahoma,40127,Pushmataha,2014,2018,Black (includes Hispanic),
40,Oklahoma,40127,Pushmataha,2014,2018,Hispanic (all races),
40,Oklahoma,40127,Pushmataha,2014,2018,American Indian/Alaskan Native (includes Hispanic),
40,Oklahoma,40127,Pushmataha,2014,2018,White (includes Hispanic),12.5
40,Oklahoma,40127,Pushmataha,2015,2019,Asian/Pacific Islander (includes Hispanic),
40,Oklahoma,40127,Pushmataha,2015,2019,Black (includes Hispanic),
40,Oklahoma,40127,Pushmataha,2015,2019,Hispanic (all races),
40,Oklahoma,40127,Pushmataha,2015,2019,American Indian/Alaskan Native (includes Hispanic),
40,Oklahoma,40127,Pushmataha,2015,2019,White (includes Hispanic),12.0
40,Oklahoma,40127,Pushmataha,2016,2020,Asian/Pacific Islander (includes Hispanic),
40,Oklahoma,40127,Pushmataha,2016,2020,Black (includes Hispanic),
40,Oklahoma,40127,Pushmataha,2016,2020,Hispanic (all races),
40,Oklahoma,40127,Pushmataha,2016,2020,American Indian/Alaskan Native (includes Hispanic),
40,Oklahoma,40127,Pushmataha,2016,2020,White (includes Hispanic),12.8
40,Oklahoma,40129,Roger Mills,2011,2015,Asian/Pacific Islander (includes Hispanic),
40,Oklahoma,40129,Roger Mills,2011,2015,Black (includes Hispanic),
40,Oklahoma,40129,Roger Mills,2011,2015,Hispanic (all races),
40,Oklahoma,40129,Roger Mills,2011,2015,American Indian/Alaskan Native (includes Hispanic),
40,Oklahoma,40129,Roger Mills,2011,2015,White (includes Hispanic),
40,Oklahoma,40129,Roger Mills,2012,2016,Asian/Pacific Islander (includes Hispanic),
40,Oklahoma,40129,Roger Mills,2012,2016,Black (includes Hispanic),
40,Oklahoma,40129,Roger Mills,2012,2016,Hispanic (all races),
40,Oklahoma,40129,Roger Mills,2012,2016,American Indian/Alaskan Native (includes Hispanic),
40,Oklahoma,40129,Roger Mills,2012,2016,White (includes Hispanic),
40,Oklahoma,40129,Roger Mills,2013,2017,Asian/Pacific Islander (includes Hispanic),
40,Oklahoma,40129,Roger Mills,2013,2017,Black (includes Hispanic),
40,Oklahoma,40129,Roger Mills,2013,2017,Hispanic (all races),
40,Oklahoma,40129,Roger Mills,2013,2017,American Indian/Alaskan Native (includes Hispanic),
40,Oklahoma,40129,Roger Mills,2013,2017,White (includes Hispanic),
40,Oklahoma,40129,Roger Mills,2014,2018,Asian/Pacific Islander (includes Hispanic),
40,Oklahoma,40129,Roger Mills,2014,2018,Black (includes Hispanic),
40,Oklahoma,40129,Roger Mills,2014,2018,Hispanic (all races),
40,Oklahoma,40129,Roger Mills,2014,2018,American Indian/Alaskan Native (includes Hispanic),
40,Oklahoma,40129,Roger Mills,2014,2018,White (includes Hispanic),
40,Oklahoma,40129,Roger Mills,2015,2019,Asian/Pacific Islander (includes Hispanic),
40,Oklahoma,40129,Roger Mills,2015,2019,Black (includes Hispanic),
40,Oklahoma,40129,Roger Mills,2015,2019,Hispanic (all races),
40,Oklahoma,40129,Roger Mills,2015,2019,American Indian/Alaskan Native (includes Hispanic),
40,Oklahoma,40129,Roger Mills,2015,2019,White (includes Hispanic),
40,Oklahoma,40129,Roger Mills,2016,2020,Asian/Pacific Islander (includes Hispanic),
40,Oklahoma,40129,Roger Mills,2016,2020,Black (includes Hispanic),
40,Oklahoma,40129,Roger Mills,2016,2020,Hispanic (all races),
40,Oklahoma,40129,Roger Mills,2016,2020,American Indian/Alaskan Native (includes Hispanic),
40,Oklahoma,40129,Roger Mills,2016,2020,White (includes Hispanic),
40,Oklahoma,40131,Rogers,2011,2015,Asian/Pacific Islander (includes Hispanic),
40,Oklahoma,40131,Rogers,2011,2015,Black (includes Hispanic),
40,Oklahoma,40131,Rogers,2011,2015,Hispanic (all races),13.8
40,Oklahoma,40131,Rogers,2011,2015,American Indian/Alaskan Native (includes Hispanic),11.8
40,Oklahoma,40131,Rogers,2011,2015,White (includes Hispanic),7.8
40,Oklahoma,40131,Rogers,2012,2016,Asian/Pacific Islander (includes Hispanic),
40,Oklahoma,40131,Rogers,2012,2016,Black (includes Hispanic),9.5
40,Oklahoma,40131,Rogers,2012,2016,Hispanic (all races),16.4
40,Oklahoma,40131,Rogers,2012,2016,American Indian/Alaskan Native (includes Hispanic),13.1
40,Oklahoma,40131,Rogers,2012,2016,White (includes Hispanic),7.9
40,Oklahoma,40131,Rogers,2013,2017,Asian/Pacific Islander (includes Hispanic),
40,Oklahoma,40131,Rogers,2013,2017,Black (includes Hispanic),10.6
40,Oklahoma,40131,Rogers,2013,2017,Hispanic (all races),14.8
40,Oklahoma,40131,Rogers,2013,2017,American Indian/Alaskan Native (includes Hispanic),12.0
40,Oklahoma,40131,Rogers,2013,2017,White (includes Hispanic),8.2
40,Oklahoma,40131,Rogers,2014,2018,Asian/Pacific Islander (includes Hispanic),
40,Oklahoma,40131,Rogers,2014,2018,Black (includes Hispanic),11.5
40,Oklahoma,40131,Rogers,2014,2018,Hispanic (all races),12.1
40,Oklahoma,40131,Rogers,2014,2018,American Indian/Alaskan Native (includes Hispanic),14.5
40,Oklahoma,40131,Rogers,2014,2018,White (includes Hispanic),7.8
40,Oklahoma,40131,Rogers,2015,2019,Asian/Pacific Islander (includes Hispanic),
40,Oklahoma,40131,Rogers,2015,2019,Black (includes Hispanic),13.6
40,Oklahoma,40131,Rogers,2015,2019,Hispanic (all races),
40,Oklahoma,40131,Rogers,2015,2019,American Indian/Alaskan Native (includes Hispanic),17.4
40,Oklahoma,40131,Rogers,2015,2019,White (includes Hispanic),7.4
40,Oklahoma,40131,Rogers,2016,2020,Asian/Pacific Islander (includes Hispanic),
40,Oklahoma,40131,Rogers,2016,2020,Black (includes Hispanic),11.2
40,Oklahoma,40131,Rogers,2016,2020,Hispanic (all races),
40,Oklahoma,40131,Rogers,2016,2020,American Indian/Alaskan Native (includes Hispanic),16.9
40,Oklahoma,40131,Rogers,2016,2020,White (includes Hispanic),7.0
40,Oklahoma,40133,Seminole,2011,2015,Asian/Pacific Islander (includes Hispanic),
40,Oklahoma,40133,Seminole,2011,2015,Black (includes Hispanic),
40,Oklahoma,40133,Seminole,2011,2015,Hispanic (all races),
40,Oklahoma,40133,Seminole,2011,2015,American Indian/Alaskan Native (includes Hispanic),
40,Oklahoma,40133,Seminole,2011,2015,White (includes Hispanic),7.7
40,Oklahoma,40133,Seminole,2012,2016,Asian/Pacific Islander (includes Hispanic),
40,Oklahoma,40133,Seminole,2012,2016,Black (includes Hispanic),
40,Oklahoma,40133,Seminole,2012,2016,Hispanic (all races),
40,Oklahoma,40133,Seminole,2012,2016,American Indian/Alaskan Native (includes Hispanic),
40,Oklahoma,40133,Seminole,2012,2016,White (includes Hispanic),7.8
40,Oklahoma,40133,Seminole,2013,2017,Asian/Pacific Islander (includes Hispanic),
40,Oklahoma,40133,Seminole,2013,2017,Black (includes Hispanic),
40,Oklahoma,40133,Seminole,2013,2017,Hispanic (all races),
40,Oklahoma,40133,Seminole,2013,2017,American Indian/Alaskan Native (includes Hispanic),
40,Oklahoma,40133,Seminole,2013,2017,White (includes Hispanic),8.4
40,Oklahoma,40133,Seminole,2014,2018,Asian/Pacific Islander (includes Hispanic),
40,Oklahoma,40133,Seminole,2014,2018,Black (includes Hispanic),
40,Oklahoma,40133,Seminole,2014,2018,Hispanic (all races),
40,Oklahoma,40133,Seminole,2014,2018,American Indian/Alaskan Native (includes Hispanic),
40,Oklahoma,40133,Seminole,2014,2018,White (includes Hispanic),7.7
40,Oklahoma,40133,Seminole,2015,2019,Asian/Pacific Islander (includes Hispanic),
40,Oklahoma,40133,Seminole,2015,2019,Black (includes Hispanic),
40,Oklahoma,40133,Seminole,2015,2019,Hispanic (all races),
40,Oklahoma,40133,Seminole,2015,2019,American Indian/Alaskan Native (includes Hispanic),
40,Oklahoma,40133,Seminole,2015,2019,White (includes Hispanic),9.0
40,Oklahoma,40133,Seminole,2016,2020,Asian/Pacific Islander (includes Hispanic),
40,Oklahoma,40133,Seminole,2016,2020,Black (includes Hispanic),
40,Oklahoma,40133,Seminole,2016,2020,Hispanic (all races),
40,Oklahoma,40133,Seminole,2016,2020,American Indian/Alaskan Native (includes Hispanic),
40,Oklahoma,40133,Seminole,2016,2020,White (includes Hispanic),9.7
40,Oklahoma,40135,Sequoyah,2011,2015,Asian/Pacific Islander (includes Hispanic),
40,Oklahoma,40135,Sequoyah,2011,2015,Black (includes Hispanic),
40,Oklahoma,40135,Sequoyah,2011,2015,Hispanic (all races),
40,Oklahoma,40135,Sequoyah,2011,2015,American Indian/Alaskan Native (includes Hispanic),12.6
40,Oklahoma,40135,Sequoyah,2011,2015,White (includes Hispanic),10.9
40,Oklahoma,40135,Sequoyah,2012,2016,Asian/Pacific Islander (includes Hispanic),
40,Oklahoma,40135,Sequoyah,2012,2016,Black (includes Hispanic),
40,Oklahoma,40135,Sequoyah,2012,2016,Hispanic (all races),
40,Oklahoma,40135,Sequoyah,2012,2016,American Indian/Alaskan Native (includes Hispanic),12.1
40,Oklahoma,40135,Sequoyah,2012,2016,White (includes Hispanic),11.2
40,Oklahoma,40135,Sequoyah,2013,2017,Asian/Pacific Islander (includes Hispanic),
40,Oklahoma,40135,Sequoyah,2013,2017,Black (includes Hispanic),
40,Oklahoma,40135,Sequoyah,2013,2017,Hispanic (all races),
40,Oklahoma,40135,Sequoyah,2013,2017,American Indian/Alaskan Native (includes Hispanic),
40,Oklahoma,40135,Sequoyah,2013,2017,White (includes Hispanic),11.9
40,Oklahoma,40135,Sequoyah,2014,2018,Asian/Pacific Islander (includes Hispanic),
40,Oklahoma,40135,Sequoyah,2014,2018,Black (includes Hispanic),
40,Oklahoma,40135,Sequoyah,2014,2018,Hispanic (all races),
40,Oklahoma,40135,Sequoyah,2014,2018,American Indian/Alaskan Native (includes Hispanic),12.4
40,Oklahoma,40135,Sequoyah,2014,2018,White (includes Hispanic),11.5
40,Oklahoma,40135,Sequoyah,2015,2019,Asian/Pacific Islander (includes Hispanic),
40,Oklahoma,40135,Sequoyah,2015,2019,Black (includes Hispanic),
40,Oklahoma,40135,Sequoyah,2015,2019,Hispanic (all races),
40,Oklahoma,40135,Sequoyah,2015,2019,American Indian/Alaskan Native (includes Hispanic),11.6
40,Oklahoma,40135,Sequoyah,2015,2019,White (includes Hispanic),11.6
40,Oklahoma,40135,Sequoyah,2016,2020,Asian/Pacific Islander (includes Hispanic),
40,Oklahoma,40135,Sequoyah,2016,2020,Black (includes Hispanic),
40,Oklahoma,40135,Sequoyah,2016,2020,Hispanic (all races),
40,Oklahoma,40135,Sequoyah,2016,2020,American Indian/Alaskan Native (includes Hispanic),
40,Oklahoma,40135,Sequoyah,2016,2020,White (includes Hispanic),12.4
40,Oklahoma,40137,Stephens,2011,2015,Asian/Pacific Islander (includes Hispanic),
40,Oklahoma,40137,Stephens,2011,2015,Black (includes Hispanic),
40,Oklahoma,40137,Stephens,2011,2015,Hispanic (all races),
40,Oklahoma,40137,Stephens,2011,2015,American Indian/Alaskan Native (includes Hispanic),
40,Oklahoma,40137,Stephens,2011,2015,White (includes Hispanic),10.1
40,Oklahoma,40137,Stephens,2012,2016,Asian/Pacific Islander (includes Hispanic),
40,Oklahoma,40137,Stephens,2012,2016,Black (includes Hispanic),
40,Oklahoma,40137,Stephens,2012,2016,Hispanic (all races),
40,Oklahoma,40137,Stephens,2012,2016,American Indian/Alaskan Native (includes Hispanic),
40,Oklahoma,40137,Stephens,2012,2016,White (includes Hispanic),9.8
40,Oklahoma,40137,Stephens,2013,2017,Asian/Pacific Islander (includes Hispanic),
40,Oklahoma,40137,Stephens,2013,2017,Black (includes Hispanic),
40,Oklahoma,40137,Stephens,2013,2017,Hispanic (all races),
40,Oklahoma,40137,Stephens,2013,2017,American Indian/Alaskan Native (includes Hispanic),
40,Oklahoma,40137,Stephens,2013,2017,White (includes Hispanic),8.1
40,Oklahoma,40137,Stephens,2014,2018,Asian/Pacific Islander (includes Hispanic),
40,Oklahoma,40137,Stephens,2014,2018,Black (includes Hispanic),
40,Oklahoma,40137,Stephens,2014,2018,Hispanic (all races),
40,Oklahoma,40137,Stephens,2014,2018,American Indian/Alaskan Native (includes Hispanic),
40,Oklahoma,40137,Stephens,2014,2018,White (includes Hispanic),9.6
40,Oklahoma,40137,Stephens,2015,2019,Asian/Pacific Islander (includes Hispanic),
40,Oklahoma,40137,Stephens,2015,2019,Black (includes Hispanic),
40,Oklahoma,40137,Stephens,2015,2019,Hispanic (all races),
40,Oklahoma,40137,Stephens,2015,2019,American Indian/Alaskan Native (includes Hispanic),
40,Oklahoma,40137,Stephens,2015,2019,White (includes Hispanic),9.6
40,Oklahoma,40137,Stephens,2016,2020,Asian/Pacific Islander (includes Hispanic),
40,Oklahoma,40137,Stephens,2016,2020,Black (includes Hispanic),
40,Oklahoma,40137,Stephens,2016,2020,Hispanic (all races),
40,Oklahoma,40137,Stephens,2016,2020,American Indian/Alaskan Native (includes Hispanic),
40,Oklahoma,40137,Stephens,2016,2020,White (includes Hispanic),10.6
40,Oklahoma,40139,Texas,2011,2015,Asian/Pacific Islander (includes Hispanic),
40,Oklahoma,40139,Texas,2011,2015,Black (includes Hispanic),
40,Oklahoma,40139,Texas,2011,2015,Hispanic (all races),
40,Oklahoma,40139,Texas,2011,2015,American Indian/Alaskan Native (includes Hispanic),
40,Oklahoma,40139,Texas,2011,2015,White (includes Hispanic),17.3
40,Oklahoma,40139,Texas,2012,2016,Asian/Pacific Islander (includes Hispanic),
40,Oklahoma,40139,Texas,2012,2016,Black (includes Hispanic),
40,Oklahoma,40139,Texas,2012,2016,Hispanic (all races),
40,Oklahoma,40139,Texas,2012,2016,American Indian/Alaskan Native (includes Hispanic),
40,Oklahoma,40139,Texas,2012,2016,White (includes Hispanic),
40,Oklahoma,40139,Texas,2013,2017,Asian/Pacific Islander (includes Hispanic),
40,Oklahoma,40139,Texas,2013,2017,Black (includes Hispanic),
40,Oklahoma,40139,Texas,2013,2017,Hispanic (all races),
40,Oklahoma,40139,Texas,2013,2017,American Indian/Alaskan Native (includes Hispanic),
40,Oklahoma,40139,Texas,2013,2017,White (includes Hispanic),
40,Oklahoma,40139,Texas,2014,2018,Asian/Pacific Islander (includes Hispanic),
40,Oklahoma,40139,Texas,2014,2018,Black (includes Hispanic),
40,Oklahoma,40139,Texas,2014,2018,Hispanic (all races),
40,Oklahoma,40139,Texas,2014,2018,American Indian/Alaskan Native (includes Hispanic),
40,Oklahoma,40139,Texas,2014,2018,White (includes Hispanic),
40,Oklahoma,40139,Texas,2015,2019,Asian/Pacific Islander (includes Hispanic),
40,Oklahoma,40139,Texas,2015,2019,Black (includes Hispanic),
40,Oklahoma,40139,Texas,2015,2019,Hispanic (all races),
40,Oklahoma,40139,Texas,2015,2019,American Indian/Alaskan Native (includes Hispanic),
40,Oklahoma,40139,Texas,2015,2019,White (includes Hispanic),
40,Oklahoma,40139,Texas,2016,2020,Asian/Pacific Islander (includes Hispanic),
40,Oklahoma,40139,Texas,2016,2020,Black (includes Hispanic),
40,Oklahoma,40139,Texas,2016,2020,Hispanic (all races),
40,Oklahoma,40139,Texas,2016,2020,American Indian/Alaskan Native (includes Hispanic),
40,Oklahoma,40139,Texas,2016,2020,White (includes Hispanic),
40,Oklahoma,40141,Tillman,2011,2015,Asian/Pacific Islander (includes Hispanic),
40,Oklahoma,40141,Tillman,2011,2015,Black (includes Hispanic),
40,Oklahoma,40141,Tillman,2011,2015,Hispanic (all races),
40,Oklahoma,40141,Tillman,2011,2015,American Indian/Alaskan Native (includes Hispanic),
40,Oklahoma,40141,Tillman,2011,2015,White (includes Hispanic),10.3
40,Oklahoma,40141,Tillman,2012,2016,Asian/Pacific Islander (includes Hispanic),
40,Oklahoma,40141,Tillman,2012,2016,Black (includes Hispanic),
40,Oklahoma,40141,Tillman,2012,2016,Hispanic (all races),
40,Oklahoma,40141,Tillman,2012,2016,American Indian/Alaskan Native (includes Hispanic),
40,Oklahoma,40141,Tillman,2012,2016,White (includes Hispanic),11.2
40,Oklahoma,40141,Tillman,2013,2017,Asian/Pacific Islander (includes Hispanic),
40,Oklahoma,40141,Tillman,2013,2017,Black (includes Hispanic),
40,Oklahoma,40141,Tillman,2013,2017,Hispanic (all races),
40,Oklahoma,40141,Tillman,2013,2017,American Indian/Alaskan Native (includes Hispanic),
40,Oklahoma,40141,Tillman,2013,2017,White (includes Hispanic),11.0
40,Oklahoma,40141,Tillman,2014,2018,Asian/Pacific Islander (includes Hispanic),
40,Oklahoma,40141,Tillman,2014,2018,Black (includes Hispanic),
40,Oklahoma,40141,Tillman,2014,2018,Hispanic (all races),
40,Oklahoma,40141,Tillman,2014,2018,American Indian/Alaskan Native (includes Hispanic),
40,Oklahoma,40141,Tillman,2014,2018,White (includes Hispanic),13.0
40,Oklahoma,40141,Tillman,2015,2019,Asian/Pacific Islander (includes Hispanic),
40,Oklahoma,40141,Tillman,2015,2019,Black (includes Hispanic),
40,Oklahoma,40141,Tillman,2015,2019,Hispanic (all races),17.2
40,Oklahoma,40141,Tillman,2015,2019,American Indian/Alaskan Native (includes Hispanic),
40,Oklahoma,40141,Tillman,2015,2019,White (includes Hispanic),13.9
40,Oklahoma,40141,Tillman,2016,2020,Asian/Pacific Islander (includes Hispanic),
40,Oklahoma,40141,Tillman,2016,2020,Black (includes Hispanic),
40,Oklahoma,40141,Tillman,2016,2020,Hispanic (all races),
40,Oklahoma,40141,Tillman,2016,2020,American Indian/Alaskan Native (includes Hispanic),
40,Oklahoma,40141,Tillman,2016,2020,White (includes Hispanic),13.9
40,Oklahoma,40143,Tulsa,2011,2015,Asian/Pacific Islander (includes Hispanic),
40,Oklahoma,40143,Tulsa,2011,2015,Black (includes Hispanic),
40,Oklahoma,40143,Tulsa,2011,2015,Hispanic (all races),14.1
40,Oklahoma,40143,Tulsa,2011,2015,American Indian/Alaskan Native (includes Hispanic),12.8
40,Oklahoma,40143,Tulsa,2011,2015,White (includes Hispanic),7.7
40,Oklahoma,40143,Tulsa,2012,2016,Asian/Pacific Islander (includes Hispanic),
40,Oklahoma,40143,Tulsa,2012,2016,Black (includes Hispanic),9.4
40,Oklahoma,40143,Tulsa,2012,2016,Hispanic (all races),16.5
40,Oklahoma,40143,Tulsa,2012,2016,American Indian/Alaskan Native (includes Hispanic),14.3
40,Oklahoma,40143,Tulsa,2012,2016,White (includes Hispanic),8.0
40,Oklahoma,40143,Tulsa,2013,2017,Asian/Pacific Islander (includes Hispanic),
40,Oklahoma,40143,Tulsa,2013,2017,Black (includes Hispanic),11.0
40,Oklahoma,40143,Tulsa,2013,2017,Hispanic (all races),15.0
40,Oklahoma,40143,Tulsa,2013,2017,American Indian/Alaskan Native (includes Hispanic),13.4
40,Oklahoma,40143,Tulsa,2013,2017,White (includes Hispanic),8.3
40,Oklahoma,40143,Tulsa,2014,2018,Asian/Pacific Islander (includes Hispanic),
40,Oklahoma,40143,Tulsa,2014,2018,Black (includes Hispanic),12.1
40,Oklahoma,40143,Tulsa,2014,2018,Hispanic (all races),12.0
40,Oklahoma,40143,Tulsa,2014,2018,American Indian/Alaskan Native (includes Hispanic),14.4
40,Oklahoma,40143,Tulsa,2014,2018,White (includes Hispanic),7.7
40,Oklahoma,40143,Tulsa,2015,2019,Asian/Pacific Islander (includes Hispanic),
40,Oklahoma,40143,Tulsa,2015,2019,Black (includes Hispanic),13.2
40,Oklahoma,40143,Tulsa,2015,2019,Hispanic (all races),
40,Oklahoma,40143,Tulsa,2015,2019,American Indian/Alaskan Native (includes Hispanic),18.5
40,Oklahoma,40143,Tulsa,2015,2019,White (includes Hispanic),6.9
40,Oklahoma,40143,Tulsa,2016,2020,Asian/Pacific Islander (includes Hispanic),
40,Oklahoma,40143,Tulsa,2016,2020,Black (includes Hispanic),11.1
40,Oklahoma,40143,Tulsa,2016,2020,Hispanic (all races),
40,Oklahoma,40143,Tulsa,2016,2020,American Indian/Alaskan Native (includes Hispanic),17.5
40,Oklahoma,40143,Tulsa,2016,2020,White (includes Hispanic),6.9
40,Oklahoma,40145,Wagoner,2011,2015,Asian/Pacific Islander (includes Hispanic),
40,Oklahoma,40145,Wagoner,2011,2015,Black (includes Hispanic),
40,Oklahoma,40145,Wagoner,2011,2015,Hispanic (all races),14.4
40,Oklahoma,40145,Wagoner,2011,2015,American Indian/Alaskan Native (includes Hispanic),13.5
40,Oklahoma,40145,Wagoner,2011,2015,White (includes Hispanic),8.6
40,Oklahoma,40145,Wagoner,2012,2016,Asian/Pacific Islander (includes Hispanic),
40,Oklahoma,40145,Wagoner,2012,2016,Black (includes Hispanic),9.8
40,Oklahoma,40145,Wagoner,2012,2016,Hispanic (all races),16.8
40,Oklahoma,40145,Wagoner,2012,2016,American Indian/Alaskan Native (includes Hispanic),13.7
40,Oklahoma,40145,Wagoner,2012,2016,White (includes Hispanic),8.6
40,Oklahoma,40145,Wagoner,2013,2017,Asian/Pacific Islander (includes Hispanic),
40,Oklahoma,40145,Wagoner,2013,2017,Black (includes Hispanic),10.2
40,Oklahoma,40145,Wagoner,2013,2017,Hispanic (all races),15.3
40,Oklahoma,40145,Wagoner,2013,2017,American Indian/Alaskan Native (includes Hispanic),11.2
40,Oklahoma,40145,Wagoner,2013,2017,White (includes Hispanic),8.7
40,Oklahoma,40145,Wagoner,2014,2018,Asian/Pacific Islander (includes Hispanic),
40,Oklahoma,40145,Wagoner,2014,2018,Black (includes Hispanic),10.9
40,Oklahoma,40145,Wagoner,2014,2018,Hispanic (all races),11.7
40,Oklahoma,40145,Wagoner,2014,2018,American Indian/Alaskan Native (includes Hispanic),13.1
40,Oklahoma,40145,Wagoner,2014,2018,White (includes Hispanic),8.2
40,Oklahoma,40145,Wagoner,2015,2019,Asian/Pacific Islander (includes Hispanic),
40,Oklahoma,40145,Wagoner,2015,2019,Black (includes Hispanic),12.3
40,Oklahoma,40145,Wagoner,2015,2019,Hispanic (all races),
40,Oklahoma,40145,Wagoner,2015,2019,American Indian/Alaskan Native (includes Hispanic),15.9
40,Oklahoma,40145,Wagoner,2015,2019,White (includes Hispanic),7.3
40,Oklahoma,40145,Wagoner,2016,2020,Asian/Pacific Islander (includes Hispanic),
40,Oklahoma,40145,Wagoner,2016,2020,Black (includes Hispanic),10.2
40,Oklahoma,40145,Wagoner,2016,2020,Hispanic (all races),
40,Oklahoma,40145,Wagoner,2016,2020,American Indian/Alaskan Native (includes Hispanic),14.8
40,Oklahoma,40145,Wagoner,2016,2020,White (includes Hispanic),7.3
40,Oklahoma,40147,Washington,2011,2015,Asian/Pacific Islander (includes Hispanic),
40,Oklahoma,40147,Washington,2011,2015,Black (includes Hispanic),
40,Oklahoma,40147,Washington,2011,2015,Hispanic (all races),14.6
40,Oklahoma,40147,Washington,2011,2015,American Indian/Alaskan Native (includes Hispanic),10.6
40,Oklahoma,40147,Washington,2011,2015,White (includes Hispanic),7.8
40,Oklahoma,40147,Washington,2012,2016,Asian/Pacific Islander (includes Hispanic),
40,Oklahoma,40147,Washington,2012,2016,Black (includes Hispanic),9.4
40,Oklahoma,40147,Washington,2012,2016,Hispanic (all races),17.3
40,Oklahoma,40147,Washington,2012,2016,American Indian/Alaskan Native (includes Hispanic),12.7
40,Oklahoma,40147,Washington,2012,2016,White (includes Hispanic),8.1
40,Oklahoma,40147,Washington,2013,2017,Asian/Pacific Islander (includes Hispanic),
40,Oklahoma,40147,Washington,2013,2017,Black (includes Hispanic),11.2
40,Oklahoma,40147,Washington,2013,2017,Hispanic (all races),15.7
40,Oklahoma,40147,Washington,2013,2017,American Indian/Alaskan Native (includes Hispanic),12.8
40,Oklahoma,40147,Washington,2013,2017,White (includes Hispanic),8.5
40,Oklahoma,40147,Washington,2014,2018,Asian/Pacific Islander (includes Hispanic),
40,Oklahoma,40147,Washington,2014,2018,Black (includes Hispanic),12.0
40,Oklahoma,40147,Washington,2014,2018,Hispanic (all races),12.8
40,Oklahoma,40147,Washington,2014,2018,American Indian/Alaskan Native (includes Hispanic),14.6
40,Oklahoma,40147,Washington,2014,2018,White (includes Hispanic),8.1
40,Oklahoma,40147,Washington,2015,2019,Asian/Pacific Islander (includes Hispanic),
40,Oklahoma,40147,Washington,2015,2019,Black (includes Hispanic),13.8
40,Oklahoma,40147,Washington,2015,2019,Hispanic (all races),
40,Oklahoma,40147,Washington,2015,2019,American Indian/Alaskan Native (includes Hispanic),18.6
40,Oklahoma,40147,Washington,2015,2019,White (includes Hispanic),7.4
40,Oklahoma,40147,Washington,2016,2020,Asian/Pacific Islander (includes Hispanic),
40,Oklahoma,40147,Washington,2016,2020,Black (includes Hispanic),11.5
40,Oklahoma,40147,Washington,2016,2020,Hispanic (all races),
40,Oklahoma,40147,Washington,2016,2020,American Indian/Alaskan Native (includes Hispanic),17.6
40,Oklahoma,40147,Washington,2016,2020,White (includes Hispanic),7.2
40,Oklahoma,40149,Washita,2011,2015,Asian/Pacific Islander (includes Hispanic),
40,Oklahoma,40149,Washita,2011,2015,Black (includes Hispanic),
40,Oklahoma,40149,Washita,2011,2015,Hispanic (all races),
40,Oklahoma,40149,Washita,2011,2015,American Indian/Alaskan Native (includes Hispanic),
40,Oklahoma,40149,Washita,2011,2015,White (includes Hispanic),13.1
40,Oklahoma,40149,Washita,2012,2016,Asian/Pacific Islander (includes Hispanic),
40,Oklahoma,40149,Washita,2012,2016,Black (includes Hispanic),
40,Oklahoma,40149,Washita,2012,2016,Hispanic (all races),
40,Oklahoma,40149,Washita,2012,2016,American Indian/Alaskan Native (includes Hispanic),
40,Oklahoma,40149,Washita,2012,2016,White (includes Hispanic),14.8
40,Oklahoma,40149,Washita,2013,2017,Asian/Pacific Islander (includes Hispanic),
40,Oklahoma,40149,Washita,2013,2017,Black (includes Hispanic),
40,Oklahoma,40149,Washita,2013,2017,Hispanic (all races),
40,Oklahoma,40149,Washita,2013,2017,American Indian/Alaskan Native (includes Hispanic),
40,Oklahoma,40149,Washita,2013,2017,White (includes Hispanic),14.7
40,Oklahoma,40149,Washita,2014,2018,Asian/Pacific Islander (includes Hispanic),
40,Oklahoma,40149,Washita,2014,2018,Black (includes Hispanic),
40,Oklahoma,40149,Washita,2014,2018,Hispanic (all races),
40,Oklahoma,40149,Washita,2014,2018,American Indian/Alaskan Native (includes Hispanic),
40,Oklahoma,40149,Washita,2014,2018,White (includes Hispanic),12.9
40,Oklahoma,40149,Washita,2015,2019,Asian/Pacific Islander (includes Hispanic),
40,Oklahoma,40149,Washita,2015,2019,Black (includes Hispanic),
40,Oklahoma,40149,Washita,2015,2019,Hispanic (all races),
40,Oklahoma,40149,Washita,2015,2019,American Indian/Alaskan Native (includes Hispanic),
40,Oklahoma,40149,Washita,2015,2019,White (includes Hispanic),14.6
40,Oklahoma,40149,Washita,2016,2020,Asian/Pacific Islander (includes Hispanic),
40,Oklahoma,40149,Washita,2016,2020,Black (includes Hispanic),
40,Oklahoma,40149,Washita,2016,2020,Hispanic (all races),
40,Oklahoma,40149,Washita,2016,2020,American Indian/Alaskan Native (includes Hispanic),
40,Oklahoma,40149,Washita,2016,2020,White (includes Hispanic),12.7
40,Oklahoma,40151,Woods,2011,2015,Asian/Pacific Islander (includes Hispanic),
40,Oklahoma,40151,Woods,2011,2015,Black (includes Hispanic),
40,Oklahoma,40151,Woods,2011,2015,Hispanic (all races),
40,Oklahoma,40151,Woods,2011,2015,American Indian/Alaskan Native (includes Hispanic),
40,Oklahoma,40151,Woods,2011,2015,White (includes Hispanic),
40,Oklahoma,40151,Woods,2012,2016,Asian/Pacific Islander (includes Hispanic),
40,Oklahoma,40151,Woods,2012,2016,Black (includes Hispanic),
40,Oklahoma,40151,Woods,2012,2016,Hispanic (all races),
40,Oklahoma,40151,Woods,2012,2016,American Indian/Alaskan Native (includes Hispanic),
40,Oklahoma,40151,Woods,2012,2016,White (includes Hispanic),
40,Oklahoma,40151,Woods,2013,2017,Asian/Pacific Islander (includes Hispanic),
40,Oklahoma,40151,Woods,2013,2017,Black (includes Hispanic),
40,Oklahoma,40151,Woods,2013,2017,Hispanic (all races),
40,Oklahoma,40151,Woods,2013,2017,American Indian/Alaskan Native (includes Hispanic),
40,Oklahoma,40151,Woods,2013,2017,White (includes Hispanic),
40,Oklahoma,40151,Woods,2014,2018,Asian/Pacific Islander (includes Hispanic),
40,Oklahoma,40151,Woods,2014,2018,Black (includes Hispanic),
40,Oklahoma,40151,Woods,2014,2018,Hispanic (all races),
40,Oklahoma,40151,Woods,2014,2018,American Indian/Alaskan Native (includes Hispanic),
40,Oklahoma,40151,Woods,2014,2018,White (includes Hispanic),
40,Oklahoma,40151,Woods,2015,2019,Asian/Pacific Islander (includes Hispanic),
40,Oklahoma,40151,Woods,2015,2019,Black (includes Hispanic),
40,Oklahoma,40151,Woods,2015,2019,Hispanic (all races),
40,Oklahoma,40151,Woods,2015,2019,American Indian/Alaskan Native (includes Hispanic),
40,Oklahoma,40151,Woods,2015,2019,White (includes Hispanic),
40,Oklahoma,40151,Woods,2016,2020,Asian/Pacific Islander (includes Hispanic),
40,Oklahoma,40151,Woods,2016,2020,Black (includes Hispanic),
40,Oklahoma,40151,Woods,2016,2020,Hispanic (all races),
40,Oklahoma,40151,Woods,2016,2020,American Indian/Alaskan Native (includes Hispanic),
40,Oklahoma,40151,Woods,2016,2020,White (includes Hispanic),
40,Oklahoma,40153,Woodward,2011,2015,Asian/Pacific Islander (includes Hispanic),
40,Oklahoma,40153,Woodward,2011,2015,Black (includes Hispanic),
40,Oklahoma,40153,Woodward,2011,2015,Hispanic (all races),
40,Oklahoma,40153,Woodward,2011,2015,American Indian/Alaskan Native (includes Hispanic),
40,Oklahoma,40153,Woodward,2011,2015,White (includes Hispanic),
40,Oklahoma,40153,Woodward,2012,2016,Asian/Pacific Islander (includes Hispanic),
40,Oklahoma,40153,Woodward,2012,2016,Black (includes Hispanic),
40,Oklahoma,40153,Woodward,2012,2016,Hispanic (all races),
40,Oklahoma,40153,Woodward,2012,2016,American Indian/Alaskan Native (includes Hispanic),
40,Oklahoma,40153,Woodward,2012,2016,White (includes Hispanic),
40,Oklahoma,40153,Woodward,2013,2017,Asian/Pacific Islander (includes Hispanic),
40,Oklahoma,40153,Woodward,2013,2017,Black (includes Hispanic),
40,Oklahoma,40153,Woodward,2013,2017,Hispanic (all races),
40,Oklahoma,40153,Woodward,2013,2017,American Indian/Alaskan Native (includes Hispanic),
40,Oklahoma,40153,Woodward,2013,2017,White (includes Hispanic),
40,Oklahoma,40153,Woodward,2014,2018,Asian/Pacific Islander (includes Hispanic),
40,Oklahoma,40153,Woodward,2014,2018,Black (includes Hispanic),
40,Oklahoma,40153,Woodward,2014,2018,Hispanic (all races),
40,Oklahoma,40153,Woodward,2014,2018,American Indian/Alaskan Native (includes Hispanic),
40,Oklahoma,40153,Woodward,2014,2018,White (includes Hispanic),
40,Oklahoma,40153,Woodward,2015,2019,Asian/Pacific Islander (includes Hispanic),
40,Oklahoma,40153,Woodward,2015,2019,Black (includes Hispanic),
40,Oklahoma,40153,Woodward,2015,2019,Hispanic (all races),
40,Oklahoma,40153,Woodward,2015,2019,American Indian/Alaskan Native (includes Hispanic),
40,Oklahoma,40153,Woodward,2015,2019,White (includes Hispanic),
40,Oklahoma,40153,Woodward,2016,2020,Asian/Pacific Islander (includes Hispanic),
40,Oklahoma,40153,Woodward,2016,2020,Black (includes Hispanic),
40,Oklahoma,40153,Woodward,2016,2020,Hispanic (all races),
40,Oklahoma,40153,Woodward,2016,2020,American Indian/Alaskan Native (includes Hispanic),
40,Oklahoma,40153,Woodward,2016,2020,White (includes Hispanic),
41,Oregon,41001,Baker,2011,2015,Asian/Pacific Islander (includes Hispanic),
41,Oregon,41001,Baker,2011,2015,Black (includes Hispanic),
41,Oregon,41001,Baker,2011,2015,Hispanic (all races),
41,Oregon,41001,Baker,2011,2015,American Indian/Alaskan Native (includes Hispanic),
41,Oregon,41001,Baker,2011,2015,White (includes Hispanic),6.9
41,Oregon,41001,Baker,2012,2016,Asian/Pacific Islander (includes Hispanic),
41,Oregon,41001,Baker,2012,2016,Black (includes Hispanic),
41,Oregon,41001,Baker,2012,2016,Hispanic (all races),
41,Oregon,41001,Baker,2012,2016,American Indian/Alaskan Native (includes Hispanic),
41,Oregon,41001,Baker,2012,2016,White (includes Hispanic),
41,Oregon,41001,Baker,2013,2017,Asian/Pacific Islander (includes Hispanic),
41,Oregon,41001,Baker,2013,2017,Black (includes Hispanic),
41,Oregon,41001,Baker,2013,2017,Hispanic (all races),
41,Oregon,41001,Baker,2013,2017,American Indian/Alaskan Native (includes Hispanic),
41,Oregon,41001,Baker,2013,2017,White (includes Hispanic),
41,Oregon,41001,Baker,2014,2018,Asian/Pacific Islander (includes Hispanic),
41,Oregon,41001,Baker,2014,2018,Black (includes Hispanic),
41,Oregon,41001,Baker,2014,2018,Hispanic (all races),
41,Oregon,41001,Baker,2014,2018,American Indian/Alaskan Native (includes Hispanic),
41,Oregon,41001,Baker,2014,2018,White (includes Hispanic),
41,Oregon,41001,Baker,2015,2019,Asian/Pacific Islander (includes Hispanic),
41,Oregon,41001,Baker,2015,2019,Black (includes Hispanic),
41,Oregon,41001,Baker,2015,2019,Hispanic (all races),
41,Oregon,41001,Baker,2015,2019,American Indian/Alaskan Native (includes Hispanic),
41,Oregon,41001,Baker,2015,2019,White (includes Hispanic),
41,Oregon,41001,Baker,2016,2020,Asian/Pacific Islander (includes Hispanic),
41,Oregon,41001,Baker,2016,2020,Black (includes Hispanic),
41,Oregon,41001,Baker,2016,2020,Hispanic (all races),
41,Oregon,41001,Baker,2016,2020,American Indian/Alaskan Native (includes Hispanic),
41,Oregon,41001,Baker,2016,2020,White (includes Hispanic),
41,Oregon,41003,Benton,2011,2015,Asian/Pacific Islander (includes Hispanic),
41,Oregon,41003,Benton,2011,2015,Black (includes Hispanic),
41,Oregon,41003,Benton,2011,2015,Hispanic (all races),
41,Oregon,41003,Benton,2011,2015,American Indian/Alaskan Native (includes Hispanic),
41,Oregon,41003,Benton,2011,2015,White (includes Hispanic),6.2
41,Oregon,41003,Benton,2012,2016,Asian/Pacific Islander (includes Hispanic),
41,Oregon,41003,Benton,2012,2016,Black (includes Hispanic),
41,Oregon,41003,Benton,2012,2016,Hispanic (all races),
41,Oregon,41003,Benton,2012,2016,American Indian/Alaskan Native (includes Hispanic),
41,Oregon,41003,Benton,2012,2016,White (includes Hispanic),5.9
41,Oregon,41003,Benton,2013,2017,Asian/Pacific Islander (includes Hispanic),
41,Oregon,41003,Benton,2013,2017,Black (includes Hispanic),
41,Oregon,41003,Benton,2013,2017,Hispanic (all races),
41,Oregon,41003,Benton,2013,2017,American Indian/Alaskan Native (includes Hispanic),
41,Oregon,41003,Benton,2013,2017,White (includes Hispanic),6.2
41,Oregon,41003,Benton,2014,2018,Asian/Pacific Islander (includes Hispanic),
41,Oregon,41003,Benton,2014,2018,Black (includes Hispanic),
41,Oregon,41003,Benton,2014,2018,Hispanic (all races),
41,Oregon,41003,Benton,2014,2018,American Indian/Alaskan Native (includes Hispanic),
41,Oregon,41003,Benton,2014,2018,White (includes Hispanic),7.2
41,Oregon,41003,Benton,2015,2019,Asian/Pacific Islander (includes Hispanic),
41,Oregon,41003,Benton,2015,2019,Black (includes Hispanic),
41,Oregon,41003,Benton,2015,2019,Hispanic (all races),
41,Oregon,41003,Benton,2015,2019,American Indian/Alaskan Native (includes Hispanic),
41,Oregon,41003,Benton,2015,2019,White (includes Hispanic),7.3
41,Oregon,41003,Benton,2016,2020,Asian/Pacific Islander (includes Hispanic),
41,Oregon,41003,Benton,2016,2020,Black (includes Hispanic),
41,Oregon,41003,Benton,2016,2020,Hispanic (all races),
41,Oregon,41003,Benton,2016,2020,American Indian/Alaskan Native (includes Hispanic),
41,Oregon,41003,Benton,2016,2020,White (includes Hispanic),6.8
41,Oregon,41005,Clackamas,2011,2015,Asian/Pacific Islander (includes Hispanic),5.3
41,Oregon,41005,Clackamas,2011,2015,Black (includes Hispanic),
41,Oregon,41005,Clackamas,2011,2015,Hispanic (all races),8.0
41,Oregon,41005,Clackamas,2011,2015,American Indian/Alaskan Native (includes Hispanic),
41,Oregon,41005,Clackamas,2011,2015,White (includes Hispanic),6.7
41,Oregon,41005,Clackamas,2012,2016,Asian/Pacific Islander (includes Hispanic),6.0
41,Oregon,41005,Clackamas,2012,2016,Black (includes Hispanic),
41,Oregon,41005,Clackamas,2012,2016,Hispanic (all races),6.9
41,Oregon,41005,Clackamas,2012,2016,American Indian/Alaskan Native (includes Hispanic),
41,Oregon,41005,Clackamas,2012,2016,White (includes Hispanic),6.6
41,Oregon,41005,Clackamas,2013,2017,Asian/Pacific Islander (includes Hispanic),6.7
41,Oregon,41005,Clackamas,2013,2017,Black (includes Hispanic),
41,Oregon,41005,Clackamas,2013,2017,Hispanic (all races),7.6
41,Oregon,41005,Clackamas,2013,2017,American Indian/Alaskan Native (includes Hispanic),
41,Oregon,41005,Clackamas,2013,2017,White (includes Hispanic),6.6
41,Oregon,41005,Clackamas,2014,2018,Asian/Pacific Islander (includes Hispanic),6.6
41,Oregon,41005,Clackamas,2014,2018,Black (includes Hispanic),
41,Oregon,41005,Clackamas,2014,2018,Hispanic (all races),7.4
41,Oregon,41005,Clackamas,2014,2018,American Indian/Alaskan Native (includes Hispanic),
41,Oregon,41005,Clackamas,2014,2018,White (includes Hispanic),6.8
41,Oregon,41005,Clackamas,2015,2019,Asian/Pacific Islander (includes Hispanic),5.9
41,Oregon,41005,Clackamas,2015,2019,Black (includes Hispanic),
41,Oregon,41005,Clackamas,2015,2019,Hispanic (all races),6.6
41,Oregon,41005,Clackamas,2015,2019,American Indian/Alaskan Native (includes Hispanic),
41,Oregon,41005,Clackamas,2015,2019,White (includes Hispanic),6.8
41,Oregon,41005,Clackamas,2016,2020,Asian/Pacific Islander (includes Hispanic),6.0
41,Oregon,41005,Clackamas,2016,2020,Black (includes Hispanic),
41,Oregon,41005,Clackamas,2016,2020,Hispanic (all races),7.2
41,Oregon,41005,Clackamas,2016,2020,American Indian/Alaskan Native (includes Hispanic),
41,Oregon,41005,Clackamas,2016,2020,White (includes Hispanic),6.4
41,Oregon,41007,Clatsop,2011,2015,Asian/Pacific Islander (includes Hispanic),
41,Oregon,41007,Clatsop,2011,2015,Black (includes Hispanic),
41,Oregon,41007,Clatsop,2011,2015,Hispanic (all races),
41,Oregon,41007,Clatsop,2011,2015,American Indian/Alaskan Native (includes Hispanic),
41,Oregon,41007,Clatsop,2011,2015,White (includes Hispanic),6.1
41,Oregon,41007,Clatsop,2012,2016,Asian/Pacific Islander (includes Hispanic),
41,Oregon,41007,Clatsop,2012,2016,Black (includes Hispanic),
41,Oregon,41007,Clatsop,2012,2016,Hispanic (all races),
41,Oregon,41007,Clatsop,2012,2016,American Indian/Alaskan Native (includes Hispanic),
41,Oregon,41007,Clatsop,2012,2016,White (includes Hispanic),6.3
41,Oregon,41007,Clatsop,2013,2017,Asian/Pacific Islander (includes Hispanic),
41,Oregon,41007,Clatsop,2013,2017,Black (includes Hispanic),
41,Oregon,41007,Clatsop,2013,2017,Hispanic (all races),
41,Oregon,41007,Clatsop,2013,2017,American Indian/Alaskan Native (includes Hispanic),
41,Oregon,41007,Clatsop,2013,2017,White (includes Hispanic),6.1
41,Oregon,41007,Clatsop,2014,2018,Asian/Pacific Islander (includes Hispanic),
41,Oregon,41007,Clatsop,2014,2018,Black (includes Hispanic),
41,Oregon,41007,Clatsop,2014,2018,Hispanic (all races),
41,Oregon,41007,Clatsop,2014,2018,American Indian/Alaskan Native (includes Hispanic),
41,Oregon,41007,Clatsop,2014,2018,White (includes Hispanic),6.0
41,Oregon,41007,Clatsop,2015,2019,Asian/Pacific Islander (includes Hispanic),
41,Oregon,41007,Clatsop,2015,2019,Black (includes Hispanic),
41,Oregon,41007,Clatsop,2015,2019,Hispanic (all races),
41,Oregon,41007,Clatsop,2015,2019,American Indian/Alaskan Native (includes Hispanic),
41,Oregon,41007,Clatsop,2015,2019,White (includes Hispanic),5.5
41,Oregon,41007,Clatsop,2016,2020,Asian/Pacific Islander (includes Hispanic),
41,Oregon,41007,Clatsop,2016,2020,Black (includes Hispanic),
41,Oregon,41007,Clatsop,2016,2020,Hispanic (all races),
41,Oregon,41007,Clatsop,2016,2020,American Indian/Alaskan Native (includes Hispanic),
41,Oregon,41007,Clatsop,2016,2020,White (includes Hispanic),5.4
41,Oregon,41009,Columbia,2011,2015,Asian/Pacific Islander (includes Hispanic),
41,Oregon,41009,Columbia,2011,2015,Black (includes Hispanic),
41,Oregon,41009,Columbia,2011,2015,Hispanic (all races),7.4
41,Oregon,41009,Columbia,2011,2015,American Indian/Alaskan Native (includes Hispanic),
41,Oregon,41009,Columbia,2011,2015,White (includes Hispanic),6.3
41,Oregon,41009,Columbia,2012,2016,Asian/Pacific Islander (includes Hispanic),4.0
41,Oregon,41009,Columbia,2012,2016,Black (includes Hispanic),
41,Oregon,41009,Columbia,2012,2016,Hispanic (all races),7.3
41,Oregon,41009,Columbia,2012,2016,American Indian/Alaskan Native (includes Hispanic),
41,Oregon,41009,Columbia,2012,2016,White (includes Hispanic),6.2
41,Oregon,41009,Columbia,2013,2017,Asian/Pacific Islander (includes Hispanic),5.2
41,Oregon,41009,Columbia,2013,2017,Black (includes Hispanic),
41,Oregon,41009,Columbia,2013,2017,Hispanic (all races),7.9
41,Oregon,41009,Columbia,2013,2017,American Indian/Alaskan Native (includes Hispanic),
41,Oregon,41009,Columbia,2013,2017,White (includes Hispanic),6.3
41,Oregon,41009,Columbia,2014,2018,Asian/Pacific Islander (includes Hispanic),5.2
41,Oregon,41009,Columbia,2014,2018,Black (includes Hispanic),
41,Oregon,41009,Columbia,2014,2018,Hispanic (all races),7.8
41,Oregon,41009,Columbia,2014,2018,American Indian/Alaskan Native (includes Hispanic),
41,Oregon,41009,Columbia,2014,2018,White (includes Hispanic),6.3
41,Oregon,41009,Columbia,2015,2019,Asian/Pacific Islander (includes Hispanic),5.9
41,Oregon,41009,Columbia,2015,2019,Black (includes Hispanic),
41,Oregon,41009,Columbia,2015,2019,Hispanic (all races),6.4
41,Oregon,41009,Columbia,2015,2019,American Indian/Alaskan Native (includes Hispanic),
41,Oregon,41009,Columbia,2015,2019,White (includes Hispanic),6.3
41,Oregon,41009,Columbia,2016,2020,Asian/Pacific Islander (includes Hispanic),5.5
41,Oregon,41009,Columbia,2016,2020,Black (includes Hispanic),
41,Oregon,41009,Columbia,2016,2020,Hispanic (all races),7.2
41,Oregon,41009,Columbia,2016,2020,American Indian/Alaskan Native (includes Hispanic),
41,Oregon,41009,Columbia,2016,2020,White (includes Hispanic),6.0
41,Oregon,41011,Coos,2011,2015,Asian/Pacific Islander (includes Hispanic),
41,Oregon,41011,Coos,2011,2015,Black (includes Hispanic),
41,Oregon,41011,Coos,2011,2015,Hispanic (all races),
41,Oregon,41011,Coos,2011,2015,American Indian/Alaskan Native (includes Hispanic),
41,Oregon,41011,Coos,2011,2015,White (includes Hispanic),7.3
41,Oregon,41011,Coos,2012,2016,Asian/Pacific Islander (includes Hispanic),
41,Oregon,41011,Coos,2012,2016,Black (includes Hispanic),
41,Oregon,41011,Coos,2012,2016,Hispanic (all races),
41,Oregon,41011,Coos,2012,2016,American Indian/Alaskan Native (includes Hispanic),
41,Oregon,41011,Coos,2012,2016,White (includes Hispanic),7.4
41,Oregon,41011,Coos,2013,2017,Asian/Pacific Islander (includes Hispanic),
41,Oregon,41011,Coos,2013,2017,Black (includes Hispanic),
41,Oregon,41011,Coos,2013,2017,Hispanic (all races),
41,Oregon,41011,Coos,2013,2017,American Indian/Alaskan Native (includes Hispanic),
41,Oregon,41011,Coos,2013,2017,White (includes Hispanic),8.1
41,Oregon,41011,Coos,2014,2018,Asian/Pacific Islander (includes Hispanic),
41,Oregon,41011,Coos,2014,2018,Black (includes Hispanic),
41,Oregon,41011,Coos,2014,2018,Hispanic (all races),
41,Oregon,41011,Coos,2014,2018,American Indian/Alaskan Native (includes Hispanic),
41,Oregon,41011,Coos,2014,2018,White (includes Hispanic),8.5
41,Oregon,41011,Coos,2015,2019,Asian/Pacific Islander (includes Hispanic),
41,Oregon,41011,Coos,2015,2019,Black (includes Hispanic),
41,Oregon,41011,Coos,2015,2019,Hispanic (all races),
41,Oregon,41011,Coos,2015,2019,American Indian/Alaskan Native (includes Hispanic),
41,Oregon,41011,Coos,2015,2019,White (includes Hispanic),8.9
41,Oregon,41011,Coos,2016,2020,Asian/Pacific Islander (includes Hispanic),
41,Oregon,41011,Coos,2016,2020,Black (includes Hispanic),
41,Oregon,41011,Coos,2016,2020,Hispanic (all races),
41,Oregon,41011,Coos,2016,2020,American Indian/Alaskan Native (includes Hispanic),
41,Oregon,41011,Coos,2016,2020,White (includes Hispanic),8.4
41,Oregon,41013,Crook,2011,2015,Asian/Pacific Islander (includes Hispanic),
41,Oregon,41013,Crook,2011,2015,Black (includes Hispanic),
41,Oregon,41013,Crook,2011,2015,Hispanic (all races),
41,Oregon,41013,Crook,2011,2015,American Indian/Alaskan Native (includes Hispanic),
41,Oregon,41013,Crook,2011,2015,White (includes Hispanic),7.5
41,Oregon,41013,Crook,2012,2016,Asian/Pacific Islander (includes Hispanic),
41,Oregon,41013,Crook,2012,2016,Black (includes Hispanic),
41,Oregon,41013,Crook,2012,2016,Hispanic (all races),
41,Oregon,41013,Crook,2012,2016,American Indian/Alaskan Native (includes Hispanic),
41,Oregon,41013,Crook,2012,2016,White (includes Hispanic),8.0
41,Oregon,41013,Crook,2013,2017,Asian/Pacific Islander (includes Hispanic),
41,Oregon,41013,Crook,2013,2017,Black (includes Hispanic),
41,Oregon,41013,Crook,2013,2017,Hispanic (all races),
41,Oregon,41013,Crook,2013,2017,American Indian/Alaskan Native (includes Hispanic),
41,Oregon,41013,Crook,2013,2017,White (includes Hispanic),7.7
41,Oregon,41013,Crook,2014,2018,Asian/Pacific Islander (includes Hispanic),
41,Oregon,41013,Crook,2014,2018,Black (includes Hispanic),
41,Oregon,41013,Crook,2014,2018,Hispanic (all races),
41,Oregon,41013,Crook,2014,2018,American Indian/Alaskan Native (includes Hispanic),
41,Oregon,41013,Crook,2014,2018,White (includes Hispanic),7.1
41,Oregon,41013,Crook,2015,2019,Asian/Pacific Islander (includes Hispanic),
41,Oregon,41013,Crook,2015,2019,Black (includes Hispanic),
41,Oregon,41013,Crook,2015,2019,Hispanic (all races),
41,Oregon,41013,Crook,2015,2019,American Indian/Alaskan Native (includes Hispanic),
41,Oregon,41013,Crook,2015,2019,White (includes Hispanic),6.2
41,Oregon,41013,Crook,2016,2020,Asian/Pacific Islander (includes Hispanic),
41,Oregon,41013,Crook,2016,2020,Black (includes Hispanic),
41,Oregon,41013,Crook,2016,2020,Hispanic (all races),
41,Oregon,41013,Crook,2016,2020,American Indian/Alaskan Native (includes Hispanic),
41,Oregon,41013,Crook,2016,2020,White (includes Hispanic),5.6
41,Oregon,41015,Curry,2011,2015,Asian/Pacific Islander (includes Hispanic),
41,Oregon,41015,Curry,2011,2015,Black (includes Hispanic),
41,Oregon,41015,Curry,2011,2015,Hispanic (all races),
41,Oregon,41015,Curry,2011,2015,American Indian/Alaskan Native (includes Hispanic),
41,Oregon,41015,Curry,2011,2015,White (includes Hispanic),7.4
41,Oregon,41015,Curry,2012,2016,Asian/Pacific Islander (includes Hispanic),
41,Oregon,41015,Curry,2012,2016,Black (includes Hispanic),
41,Oregon,41015,Curry,2012,2016,Hispanic (all races),
41,Oregon,41015,Curry,2012,2016,American Indian/Alaskan Native (includes Hispanic),
41,Oregon,41015,Curry,2012,2016,White (includes Hispanic),7.8
41,Oregon,41015,Curry,2013,2017,Asian/Pacific Islander (includes Hispanic),
41,Oregon,41015,Curry,2013,2017,Black (includes Hispanic),
41,Oregon,41015,Curry,2013,2017,Hispanic (all races),
41,Oregon,41015,Curry,2013,2017,American Indian/Alaskan Native (includes Hispanic),
41,Oregon,41015,Curry,2013,2017,White (includes Hispanic),8.6
41,Oregon,41015,Curry,2014,2018,Asian/Pacific Islander (includes Hispanic),
41,Oregon,41015,Curry,2014,2018,Black (includes Hispanic),
41,Oregon,41015,Curry,2014,2018,Hispanic (all races),
41,Oregon,41015,Curry,2014,2018,American Indian/Alaskan Native (includes Hispanic),
41,Oregon,41015,Curry,2014,2018,White (includes Hispanic),8.6
41,Oregon,41015,Curry,2015,2019,Asian/Pacific Islander (includes Hispanic),
41,Oregon,41015,Curry,2015,2019,Black (includes Hispanic),
41,Oregon,41015,Curry,2015,2019,Hispanic (all races),
41,Oregon,41015,Curry,2015,2019,American Indian/Alaskan Native (includes Hispanic),
41,Oregon,41015,Curry,2015,2019,White (includes Hispanic),8.7
41,Oregon,41015,Curry,2016,2020,Asian/Pacific Islander (includes Hispanic),
41,Oregon,41015,Curry,2016,2020,Black (includes Hispanic),
41,Oregon,41015,Curry,2016,2020,Hispanic (all races),
41,Oregon,41015,Curry,2016,2020,American Indian/Alaskan Native (includes Hispanic),
41,Oregon,41015,Curry,2016,2020,White (includes Hispanic),8.5
41,Oregon,41017,Deschutes,2011,2015,Asian/Pacific Islander (includes Hispanic),
41,Oregon,41017,Deschutes,2011,2015,Black (includes Hispanic),
41,Oregon,41017,Deschutes,2011,2015,Hispanic (all races),
41,Oregon,41017,Deschutes,2011,2015,American Indian/Alaskan Native (includes Hispanic),
41,Oregon,41017,Deschutes,2011,2015,White (includes Hispanic),7.0
41,Oregon,41017,Deschutes,2012,2016,Asian/Pacific Islander (includes Hispanic),
41,Oregon,41017,Deschutes,2012,2016,Black (includes Hispanic),
41,Oregon,41017,Deschutes,2012,2016,Hispanic (all races),
41,Oregon,41017,Deschutes,2012,2016,American Indian/Alaskan Native (includes Hispanic),
41,Oregon,41017,Deschutes,2012,2016,White (includes Hispanic),6.9
41,Oregon,41017,Deschutes,2013,2017,Asian/Pacific Islander (includes Hispanic),
41,Oregon,41017,Deschutes,2013,2017,Black (includes Hispanic),
41,Oregon,41017,Deschutes,2013,2017,Hispanic (all races),
41,Oregon,41017,Deschutes,2013,2017,American Indian/Alaskan Native (includes Hispanic),
41,Oregon,41017,Deschutes,2013,2017,White (includes Hispanic),7.3
41,Oregon,41017,Deschutes,2014,2018,Asian/Pacific Islander (includes Hispanic),
41,Oregon,41017,Deschutes,2014,2018,Black (includes Hispanic),
41,Oregon,41017,Deschutes,2014,2018,Hispanic (all races),
41,Oregon,41017,Deschutes,2014,2018,American Indian/Alaskan Native (includes Hispanic),
41,Oregon,41017,Deschutes,2014,2018,White (includes Hispanic),7.2
41,Oregon,41017,Deschutes,2015,2019,Asian/Pacific Islander (includes Hispanic),
41,Oregon,41017,Deschutes,2015,2019,Black (includes Hispanic),
41,Oregon,41017,Deschutes,2015,2019,Hispanic (all races),
41,Oregon,41017,Deschutes,2015,2019,American Indian/Alaskan Native (includes Hispanic),
41,Oregon,41017,Deschutes,2015,2019,White (includes Hispanic),7.1
41,Oregon,41017,Deschutes,2016,2020,Asian/Pacific Islander (includes Hispanic),
41,Oregon,41017,Deschutes,2016,2020,Black (includes Hispanic),
41,Oregon,41017,Deschutes,2016,2020,Hispanic (all races),
41,Oregon,41017,Deschutes,2016,2020,American Indian/Alaskan Native (includes Hispanic),
41,Oregon,41017,Deschutes,2016,2020,White (includes Hispanic),6.5
41,Oregon,41019,Douglas,2011,2015,Asian/Pacific Islander (includes Hispanic),
41,Oregon,41019,Douglas,2011,2015,Black (includes Hispanic),
41,Oregon,41019,Douglas,2011,2015,Hispanic (all races),
41,Oregon,41019,Douglas,2011,2015,American Indian/Alaskan Native (includes Hispanic),
41,Oregon,41019,Douglas,2011,2015,White (includes Hispanic),7.5
41,Oregon,41019,Douglas,2012,2016,Asian/Pacific Islander (includes Hispanic),
41,Oregon,41019,Douglas,2012,2016,Black (includes Hispanic),
41,Oregon,41019,Douglas,2012,2016,Hispanic (all races),
41,Oregon,41019,Douglas,2012,2016,American Indian/Alaskan Native (includes Hispanic),
41,Oregon,41019,Douglas,2012,2016,White (includes Hispanic),8.0
41,Oregon,41019,Douglas,2013,2017,Asian/Pacific Islander (includes Hispanic),
41,Oregon,41019,Douglas,2013,2017,Black (includes Hispanic),
41,Oregon,41019,Douglas,2013,2017,Hispanic (all races),
41,Oregon,41019,Douglas,2013,2017,American Indian/Alaskan Native (includes Hispanic),
41,Oregon,41019,Douglas,2013,2017,White (includes Hispanic),8.4
41,Oregon,41019,Douglas,2014,2018,Asian/Pacific Islander (includes Hispanic),
41,Oregon,41019,Douglas,2014,2018,Black (includes Hispanic),
41,Oregon,41019,Douglas,2014,2018,Hispanic (all races),
41,Oregon,41019,Douglas,2014,2018,American Indian/Alaskan Native (includes Hispanic),
41,Oregon,41019,Douglas,2014,2018,White (includes Hispanic),8.1
41,Oregon,41019,Douglas,2015,2019,Asian/Pacific Islander (includes Hispanic),
41,Oregon,41019,Douglas,2015,2019,Black (includes Hispanic),
41,Oregon,41019,Douglas,2015,2019,Hispanic (all races),
41,Oregon,41019,Douglas,2015,2019,American Indian/Alaskan Native (includes Hispanic),
41,Oregon,41019,Douglas,2015,2019,White (includes Hispanic),8.3
41,Oregon,41019,Douglas,2016,2020,Asian/Pacific Islander (includes Hispanic),
41,Oregon,41019,Douglas,2016,2020,Black (includes Hispanic),
41,Oregon,41019,Douglas,2016,2020,Hispanic (all races),
41,Oregon,41019,Douglas,2016,2020,American Indian/Alaskan Native (includes Hispanic),
41,Oregon,41019,Douglas,2016,2020,White (includes Hispanic),8.0
41,Oregon,41021,Gilliam,2011,2015,Asian/Pacific Islander (includes Hispanic),
41,Oregon,41021,Gilliam,2011,2015,Black (includes Hispanic),
41,Oregon,41021,Gilliam,2011,2015,Hispanic (all races),
41,Oregon,41021,Gilliam,2011,2015,American Indian/Alaskan Native (includes Hispanic),
41,Oregon,41021,Gilliam,2011,2015,White (includes Hispanic),
41,Oregon,41021,Gilliam,2012,2016,Asian/Pacific Islander (includes Hispanic),
41,Oregon,41021,Gilliam,2012,2016,Black (includes Hispanic),
41,Oregon,41021,Gilliam,2012,2016,Hispanic (all races),
41,Oregon,41021,Gilliam,2012,2016,American Indian/Alaskan Native (includes Hispanic),
41,Oregon,41021,Gilliam,2012,2016,White (includes Hispanic),
41,Oregon,41021,Gilliam,2013,2017,Asian/Pacific Islander (includes Hispanic),
41,Oregon,41021,Gilliam,2013,2017,Black (includes Hispanic),
41,Oregon,41021,Gilliam,2013,2017,Hispanic (all races),
41,Oregon,41021,Gilliam,2013,2017,American Indian/Alaskan Native (includes Hispanic),
41,Oregon,41021,Gilliam,2013,2017,White (includes Hispanic),
41,Oregon,41021,Gilliam,2014,2018,Asian/Pacific Islander (includes Hispanic),
41,Oregon,41021,Gilliam,2014,2018,Black (includes Hispanic),
41,Oregon,41021,Gilliam,2014,2018,Hispanic (all races),
41,Oregon,41021,Gilliam,2014,2018,American Indian/Alaskan Native (includes Hispanic),
41,Oregon,41021,Gilliam,2014,2018,White (includes Hispanic),
41,Oregon,41021,Gilliam,2015,2019,Asian/Pacific Islander (includes Hispanic),
41,Oregon,41021,Gilliam,2015,2019,Black (includes Hispanic),
41,Oregon,41021,Gilliam,2015,2019,Hispanic (all races),
41,Oregon,41021,Gilliam,2015,2019,American Indian/Alaskan Native (includes Hispanic),
41,Oregon,41021,Gilliam,2015,2019,White (includes Hispanic),
41,Oregon,41021,Gilliam,2016,2020,Asian/Pacific Islander (includes Hispanic),
41,Oregon,41021,Gilliam,2016,2020,Black (includes Hispanic),
41,Oregon,41021,Gilliam,2016,2020,Hispanic (all races),
41,Oregon,41021,Gilliam,2016,2020,American Indian/Alaskan Native (includes Hispanic),
41,Oregon,41021,Gilliam,2016,2020,White (includes Hispanic),
41,Oregon,41023,Grant,2011,2015,Asian/Pacific Islander (includes Hispanic),
41,Oregon,41023,Grant,2011,2015,Black (includes Hispanic),
41,Oregon,41023,Grant,2011,2015,Hispanic (all races),
41,Oregon,41023,Grant,2011,2015,American Indian/Alaskan Native (includes Hispanic),
41,Oregon,41023,Grant,2011,2015,White (includes Hispanic),7.9
41,Oregon,41023,Grant,2012,2016,Asian/Pacific Islander (includes Hispanic),
41,Oregon,41023,Grant,2012,2016,Black (includes Hispanic),
41,Oregon,41023,Grant,2012,2016,Hispanic (all races),
41,Oregon,41023,Grant,2012,2016,American Indian/Alaskan Native (includes Hispanic),
41,Oregon,41023,Grant,2012,2016,White (includes Hispanic),6.7
41,Oregon,41023,Grant,2013,2017,Asian/Pacific Islander (includes Hispanic),
41,Oregon,41023,Grant,2013,2017,Black (includes Hispanic),
41,Oregon,41023,Grant,2013,2017,Hispanic (all races),
41,Oregon,41023,Grant,2013,2017,American Indian/Alaskan Native (includes Hispanic),
41,Oregon,41023,Grant,2013,2017,White (includes Hispanic),5.3
41,Oregon,41023,Grant,2014,2018,Asian/Pacific Islander (includes Hispanic),
41,Oregon,41023,Grant,2014,2018,Black (includes Hispanic),
41,Oregon,41023,Grant,2014,2018,Hispanic (all races),
41,Oregon,41023,Grant,2014,2018,American Indian/Alaskan Native (includes Hispanic),
41,Oregon,41023,Grant,2014,2018,White (includes Hispanic),4.2
41,Oregon,41023,Grant,2015,2019,Asian/Pacific Islander (includes Hispanic),
41,Oregon,41023,Grant,2015,2019,Black (includes Hispanic),
41,Oregon,41023,Grant,2015,2019,Hispanic (all races),
41,Oregon,41023,Grant,2015,2019,American Indian/Alaskan Native (includes Hispanic),
41,Oregon,41023,Grant,2015,2019,White (includes Hispanic),3.3
41,Oregon,41023,Grant,2016,2020,Asian/Pacific Islander (includes Hispanic),
41,Oregon,41023,Grant,2016,2020,Black (includes Hispanic),
41,Oregon,41023,Grant,2016,2020,Hispanic (all races),
41,Oregon,41023,Grant,2016,2020,American Indian/Alaskan Native (includes Hispanic),
41,Oregon,41023,Grant,2016,2020,White (includes Hispanic),3.8
41,Oregon,41025,Harney,2011,2015,Asian/Pacific Islander (includes Hispanic),
41,Oregon,41025,Harney,2011,2015,Black (includes Hispanic),
41,Oregon,41025,Harney,2011,2015,Hispanic (all races),
41,Oregon,41025,Harney,2011,2015,American Indian/Alaskan Native (includes Hispanic),
41,Oregon,41025,Harney,2011,2015,White (includes Hispanic),7.8
41,Oregon,41025,Harney,2012,2016,Asian/Pacific Islander (includes Hispanic),
41,Oregon,41025,Harney,2012,2016,Black (includes Hispanic),
41,Oregon,41025,Harney,2012,2016,Hispanic (all races),7.5
41,Oregon,41025,Harney,2012,2016,American Indian/Alaskan Native (includes Hispanic),
41,Oregon,41025,Harney,2012,2016,White (includes Hispanic),8.3
41,Oregon,41025,Harney,2013,2017,Asian/Pacific Islander (includes Hispanic),
41,Oregon,41025,Harney,2013,2017,Black (includes Hispanic),
41,Oregon,41025,Harney,2013,2017,Hispanic (all races),7.2
41,Oregon,41025,Harney,2013,2017,American Indian/Alaskan Native (includes Hispanic),
41,Oregon,41025,Harney,2013,2017,White (includes Hispanic),8.4
41,Oregon,41025,Harney,2014,2018,Asian/Pacific Islander (includes Hispanic),
41,Oregon,41025,Harney,2014,2018,Black (includes Hispanic),
41,Oregon,41025,Harney,2014,2018,Hispanic (all races),8.6
41,Oregon,41025,Harney,2014,2018,American Indian/Alaskan Native (includes Hispanic),
41,Oregon,41025,Harney,2014,2018,White (includes Hispanic),8.3
41,Oregon,41025,Harney,2015,2019,Asian/Pacific Islander (includes Hispanic),
41,Oregon,41025,Harney,2015,2019,Black (includes Hispanic),
41,Oregon,41025,Harney,2015,2019,Hispanic (all races),8.0
41,Oregon,41025,Harney,2015,2019,American Indian/Alaskan Native (includes Hispanic),
41,Oregon,41025,Harney,2015,2019,White (includes Hispanic),7.7
41,Oregon,41025,Harney,2016,2020,Asian/Pacific Islander (includes Hispanic),
41,Oregon,41025,Harney,2016,2020,Black (includes Hispanic),
41,Oregon,41025,Harney,2016,2020,Hispanic (all races),7.9
41,Oregon,41025,Harney,2016,2020,American Indian/Alaskan Native (includes Hispanic),
41,Oregon,41025,Harney,2016,2020,White (includes Hispanic),6.7
41,Oregon,41027,Hood River,2011,2015,Asian/Pacific Islander (includes Hispanic),
41,Oregon,41027,Hood River,2011,2015,Black (includes Hispanic),
41,Oregon,41027,Hood River,2011,2015,Hispanic (all races),
41,Oregon,41027,Hood River,2011,2015,American Indian/Alaskan Native (includes Hispanic),
41,Oregon,41027,Hood River,2011,2015,White (includes Hispanic),6.8
41,Oregon,41027,Hood River,2012,2016,Asian/Pacific Islander (includes Hispanic),
41,Oregon,41027,Hood River,2012,2016,Black (includes Hispanic),
41,Oregon,41027,Hood River,2012,2016,Hispanic (all races),
41,Oregon,41027,Hood River,2012,2016,American Indian/Alaskan Native (includes Hispanic),
41,Oregon,41027,Hood River,2012,2016,White (includes Hispanic),6.6
41,Oregon,41027,Hood River,2013,2017,Asian/Pacific Islander (includes Hispanic),7.3
41,Oregon,41027,Hood River,2013,2017,Black (includes Hispanic),
41,Oregon,41027,Hood River,2013,2017,Hispanic (all races),
41,Oregon,41027,Hood River,2013,2017,American Indian/Alaskan Native (includes Hispanic),
41,Oregon,41027,Hood River,2013,2017,White (includes Hispanic),6.8
41,Oregon,41027,Hood River,2014,2018,Asian/Pacific Islander (includes Hispanic),7.5
41,Oregon,41027,Hood River,2014,2018,Black (includes Hispanic),
41,Oregon,41027,Hood River,2014,2018,Hispanic (all races),
41,Oregon,41027,Hood River,2014,2018,American Indian/Alaskan Native (includes Hispanic),
41,Oregon,41027,Hood River,2014,2018,White (includes Hispanic),7.1
41,Oregon,41027,Hood River,2015,2019,Asian/Pacific Islander (includes Hispanic),7.4
41,Oregon,41027,Hood River,2015,2019,Black (includes Hispanic),
41,Oregon,41027,Hood River,2015,2019,Hispanic (all races),6.3
41,Oregon,41027,Hood River,2015,2019,American Indian/Alaskan Native (includes Hispanic),
41,Oregon,41027,Hood River,2015,2019,White (includes Hispanic),7.4
41,Oregon,41027,Hood River,2016,2020,Asian/Pacific Islander (includes Hispanic),8.0
41,Oregon,41027,Hood River,2016,2020,Black (includes Hispanic),
41,Oregon,41027,Hood River,2016,2020,Hispanic (all races),7.1
41,Oregon,41027,Hood River,2016,2020,American Indian/Alaskan Native (includes Hispanic),
41,Oregon,41027,Hood River,2016,2020,White (includes Hispanic),7.0
41,Oregon,41029,Jackson,2011,2015,Asian/Pacific Islander (includes Hispanic),
41,Oregon,41029,Jackson,2011,2015,Black (includes Hispanic),
41,Oregon,41029,Jackson,2011,2015,Hispanic (all races),
41,Oregon,41029,Jackson,2011,2015,American Indian/Alaskan Native (includes Hispanic),
41,Oregon,41029,Jackson,2011,2015,White (includes Hispanic),8.3
41,Oregon,41029,Jackson,2012,2016,Asian/Pacific Islander (includes Hispanic),
41,Oregon,41029,Jackson,2012,2016,Black (includes Hispanic),
41,Oregon,41029,Jackson,2012,2016,Hispanic (all races),
41,Oregon,41029,Jackson,2012,2016,American Indian/Alaskan Native (includes Hispanic),
41,Oregon,41029,Jackson,2012,2016,White (includes Hispanic),9.0
41,Oregon,41029,Jackson,2013,2017,Asian/Pacific Islander (includes Hispanic),
41,Oregon,41029,Jackson,2013,2017,Black (includes Hispanic),
41,Oregon,41029,Jackson,2013,2017,Hispanic (all races),
41,Oregon,41029,Jackson,2013,2017,American Indian/Alaskan Native (includes Hispanic),
41,Oregon,41029,Jackson,2013,2017,White (includes Hispanic),8.8
41,Oregon,41029,Jackson,2014,2018,Asian/Pacific Islander (includes Hispanic),
41,Oregon,41029,Jackson,2014,2018,Black (includes Hispanic),
41,Oregon,41029,Jackson,2014,2018,Hispanic (all races),
41,Oregon,41029,Jackson,2014,2018,American Indian/Alaskan Native (includes Hispanic),
41,Oregon,41029,Jackson,2014,2018,White (includes Hispanic),8.0
41,Oregon,41029,Jackson,2015,2019,Asian/Pacific Islander (includes Hispanic),
41,Oregon,41029,Jackson,2015,2019,Black (includes Hispanic),
41,Oregon,41029,Jackson,2015,2019,Hispanic (all races),
41,Oregon,41029,Jackson,2015,2019,American Indian/Alaskan Native (includes Hispanic),
41,Oregon,41029,Jackson,2015,2019,White (includes Hispanic),8.3
41,Oregon,41029,Jackson,2016,2020,Asian/Pacific Islander (includes Hispanic),
41,Oregon,41029,Jackson,2016,2020,Black (includes Hispanic),
41,Oregon,41029,Jackson,2016,2020,Hispanic (all races),
41,Oregon,41029,Jackson,2016,2020,American Indian/Alaskan Native (includes Hispanic),
41,Oregon,41029,Jackson,2016,2020,White (includes Hispanic),8.4
41,Oregon,41031,Jefferson,2011,2015,Asian/Pacific Islander (includes Hispanic),
41,Oregon,41031,Jefferson,2011,2015,Black (includes Hispanic),
41,Oregon,41031,Jefferson,2011,2015,Hispanic (all races),10.1
41,Oregon,41031,Jefferson,2011,2015,American Indian/Alaskan Native (includes Hispanic),
41,Oregon,41031,Jefferson,2011,2015,White (includes Hispanic),7.7
41,Oregon,41031,Jefferson,2012,2016,Asian/Pacific Islander (includes Hispanic),
41,Oregon,41031,Jefferson,2012,2016,Black (includes Hispanic),
41,Oregon,41031,Jefferson,2012,2016,Hispanic (all races),10.8
41,Oregon,41031,Jefferson,2012,2016,American Indian/Alaskan Native (includes Hispanic),
41,Oregon,41031,Jefferson,2012,2016,White (includes Hispanic),8.1
41,Oregon,41031,Jefferson,2013,2017,Asian/Pacific Islander (includes Hispanic),
41,Oregon,41031,Jefferson,2013,2017,Black (includes Hispanic),
41,Oregon,41031,Jefferson,2013,2017,Hispanic (all races),10.0
41,Oregon,41031,Jefferson,2013,2017,American Indian/Alaskan Native (includes Hispanic),
41,Oregon,41031,Jefferson,2013,2017,White (includes Hispanic),7.8
41,Oregon,41031,Jefferson,2014,2018,Asian/Pacific Islander (includes Hispanic),
41,Oregon,41031,Jefferson,2014,2018,Black (includes Hispanic),
41,Oregon,41031,Jefferson,2014,2018,Hispanic (all races),9.8
41,Oregon,41031,Jefferson,2014,2018,American Indian/Alaskan Native (includes Hispanic),
41,Oregon,41031,Jefferson,2014,2018,White (includes Hispanic),7.7
41,Oregon,41031,Jefferson,2015,2019,Asian/Pacific Islander (includes Hispanic),
41,Oregon,41031,Jefferson,2015,2019,Black (includes Hispanic),
41,Oregon,41031,Jefferson,2015,2019,Hispanic (all races),10.4
41,Oregon,41031,Jefferson,2015,2019,American Indian/Alaskan Native (includes Hispanic),
41,Oregon,41031,Jefferson,2015,2019,White (includes Hispanic),7.6
41,Oregon,41031,Jefferson,2016,2020,Asian/Pacific Islander (includes Hispanic),
41,Oregon,41031,Jefferson,2016,2020,Black (includes Hispanic),
41,Oregon,41031,Jefferson,2016,2020,Hispanic (all races),9.0
41,Oregon,41031,Jefferson,2016,2020,American Indian/Alaskan Native (includes Hispanic),
41,Oregon,41031,Jefferson,2016,2020,White (includes Hispanic),6.8
41,Oregon,41033,Josephine,2011,2015,Asian/Pacific Islander (includes Hispanic),
41,Oregon,41033,Josephine,2011,2015,Black (includes Hispanic),
41,Oregon,41033,Josephine,2011,2015,Hispanic (all races),
41,Oregon,41033,Josephine,2011,2015,American Indian/Alaskan Native (includes Hispanic),
41,Oregon,41033,Josephine,2011,2015,White (includes Hispanic),7.5
41,Oregon,41033,Josephine,2012,2016,Asian/Pacific Islander (includes Hispanic),
41,Oregon,41033,Josephine,2012,2016,Black (includes Hispanic),
41,Oregon,41033,Josephine,2012,2016,Hispanic (all races),
41,Oregon,41033,Josephine,2012,2016,American Indian/Alaskan Native (includes Hispanic),
41,Oregon,41033,Josephine,2012,2016,White (includes Hispanic),8.3
41,Oregon,41033,Josephine,2013,2017,Asian/Pacific Islander (includes Hispanic),
41,Oregon,41033,Josephine,2013,2017,Black (includes Hispanic),
41,Oregon,41033,Josephine,2013,2017,Hispanic (all races),
41,Oregon,41033,Josephine,2013,2017,American Indian/Alaskan Native (includes Hispanic),
41,Oregon,41033,Josephine,2013,2017,White (includes Hispanic),8.1
41,Oregon,41033,Josephine,2014,2018,Asian/Pacific Islander (includes Hispanic),
41,Oregon,41033,Josephine,2014,2018,Black (includes Hispanic),
41,Oregon,41033,Josephine,2014,2018,Hispanic (all races),
41,Oregon,41033,Josephine,2014,2018,American Indian/Alaskan Native (includes Hispanic),
41,Oregon,41033,Josephine,2014,2018,White (includes Hispanic),7.6
41,Oregon,41033,Josephine,2015,2019,Asian/Pacific Islander (includes Hispanic),
41,Oregon,41033,Josephine,2015,2019,Black (includes Hispanic),
41,Oregon,41033,Josephine,2015,2019,Hispanic (all races),
41,Oregon,41033,Josephine,2015,2019,American Indian/Alaskan Native (includes Hispanic),
41,Oregon,41033,Josephine,2015,2019,White (includes Hispanic),7.8
41,Oregon,41033,Josephine,2016,2020,Asian/Pacific Islander (includes Hispanic),
41,Oregon,41033,Josephine,2016,2020,Black (includes Hispanic),
41,Oregon,41033,Josephine,2016,2020,Hispanic (all races),
41,Oregon,41033,Josephine,2016,2020,American Indian/Alaskan Native (includes Hispanic),
41,Oregon,41033,Josephine,2016,2020,White (includes Hispanic),7.6
41,Oregon,41035,Klamath,2011,2015,Asian/Pacific Islander (includes Hispanic),
41,Oregon,41035,Klamath,2011,2015,Black (includes Hispanic),
41,Oregon,41035,Klamath,2011,2015,Hispanic (all races),
41,Oregon,41035,Klamath,2011,2015,American Indian/Alaskan Native (includes Hispanic),
41,Oregon,41035,Klamath,2011,2015,White (includes Hispanic),7.4
41,Oregon,41035,Klamath,2012,2016,Asian/Pacific Islander (includes Hispanic),
41,Oregon,41035,Klamath,2012,2016,Black (includes Hispanic),
41,Oregon,41035,Klamath,2012,2016,Hispanic (all races),
41,Oregon,41035,Klamath,2012,2016,American Indian/Alaskan Native (includes Hispanic),
41,Oregon,41035,Klamath,2012,2016,White (includes Hispanic),7.6
41,Oregon,41035,Klamath,2013,2017,Asian/Pacific Islander (includes Hispanic),
41,Oregon,41035,Klamath,2013,2017,Black (includes Hispanic),
41,Oregon,41035,Klamath,2013,2017,Hispanic (all races),
41,Oregon,41035,Klamath,2013,2017,American Indian/Alaskan Native (includes Hispanic),
41,Oregon,41035,Klamath,2013,2017,White (includes Hispanic),7.7
41,Oregon,41035,Klamath,2014,2018,Asian/Pacific Islander (includes Hispanic),
41,Oregon,41035,Klamath,2014,2018,Black (includes Hispanic),
41,Oregon,41035,Klamath,2014,2018,Hispanic (all races),
41,Oregon,41035,Klamath,2014,2018,American Indian/Alaskan Native (includes Hispanic),
41,Oregon,41035,Klamath,2014,2018,White (includes Hispanic),7.3
41,Oregon,41035,Klamath,2015,2019,Asian/Pacific Islander (includes Hispanic),
41,Oregon,41035,Klamath,2015,2019,Black (includes Hispanic),
41,Oregon,41035,Klamath,2015,2019,Hispanic (all races),
41,Oregon,41035,Klamath,2015,2019,American Indian/Alaskan Native (includes Hispanic),
41,Oregon,41035,Klamath,2015,2019,White (includes Hispanic),7.4
41,Oregon,41035,Klamath,2016,2020,Asian/Pacific Islander (includes Hispanic),
41,Oregon,41035,Klamath,2016,2020,Black (includes Hispanic),
41,Oregon,41035,Klamath,2016,2020,Hispanic (all races),
41,Oregon,41035,Klamath,2016,2020,American Indian/Alaskan Native (includes Hispanic),
41,Oregon,41035,Klamath,2016,2020,White (includes Hispanic),6.9
41,Oregon,41037,Lake,2011,2015,Asian/Pacific Islander (includes Hispanic),
41,Oregon,41037,Lake,2011,2015,Black (includes Hispanic),
41,Oregon,41037,Lake,2011,2015,Hispanic (all races),
41,Oregon,41037,Lake,2011,2015,American Indian/Alaskan Native (includes Hispanic),
41,Oregon,41037,Lake,2011,2015,White (includes Hispanic),8.0
41,Oregon,41037,Lake,2012,2016,Asian/Pacific Islander (includes Hispanic),
41,Oregon,41037,Lake,2012,2016,Black (includes Hispanic),
41,Oregon,41037,Lake,2012,2016,Hispanic (all races),
41,Oregon,41037,Lake,2012,2016,American Indian/Alaskan Native (includes Hispanic),
41,Oregon,41037,Lake,2012,2016,White (includes Hispanic),8.7
41,Oregon,41037,Lake,2013,2017,Asian/Pacific Islander (includes Hispanic),
41,Oregon,41037,Lake,2013,2017,Black (includes Hispanic),
41,Oregon,41037,Lake,2013,2017,Hispanic (all races),
41,Oregon,41037,Lake,2013,2017,American Indian/Alaskan Native (includes Hispanic),
41,Oregon,41037,Lake,2013,2017,White (includes Hispanic),9.0
41,Oregon,41037,Lake,2014,2018,Asian/Pacific Islander (includes Hispanic),
41,Oregon,41037,Lake,2014,2018,Black (includes Hispanic),
41,Oregon,41037,Lake,2014,2018,Hispanic (all races),7.2
41,Oregon,41037,Lake,2014,2018,American Indian/Alaskan Native (includes Hispanic),
41,Oregon,41037,Lake,2014,2018,White (includes Hispanic),8.6
41,Oregon,41037,Lake,2015,2019,Asian/Pacific Islander (includes Hispanic),
41,Oregon,41037,Lake,2015,2019,Black (includes Hispanic),
41,Oregon,41037,Lake,2015,2019,Hispanic (all races),6.7
41,Oregon,41037,Lake,2015,2019,American Indian/Alaskan Native (includes Hispanic),
41,Oregon,41037,Lake,2015,2019,White (includes Hispanic),8.0
41,Oregon,41037,Lake,2016,2020,Asian/Pacific Islander (includes Hispanic),
41,Oregon,41037,Lake,2016,2020,Black (includes Hispanic),
41,Oregon,41037,Lake,2016,2020,Hispanic (all races),6.9
41,Oregon,41037,Lake,2016,2020,American Indian/Alaskan Native (includes Hispanic),
41,Oregon,41037,Lake,2016,2020,White (includes Hispanic),7.3
41,Oregon,41039,Lane,2011,2015,Asian/Pacific Islander (includes Hispanic),
41,Oregon,41039,Lane,2011,2015,Black (includes Hispanic),
41,Oregon,41039,Lane,2011,2015,Hispanic (all races),
41,Oregon,41039,Lane,2011,2015,American Indian/Alaskan Native (includes Hispanic),
41,Oregon,41039,Lane,2011,2015,White (includes Hispanic),7.1
41,Oregon,41039,Lane,2012,2016,Asian/Pacific Islander (includes Hispanic),
41,Oregon,41039,Lane,2012,2016,Black (includes Hispanic),
41,Oregon,41039,Lane,2012,2016,Hispanic (all races),
41,Oregon,41039,Lane,2012,2016,American Indian/Alaskan Native (includes Hispanic),
41,Oregon,41039,Lane,2012,2016,White (includes Hispanic),7.0
41,Oregon,41039,Lane,2013,2017,Asian/Pacific Islander (includes Hispanic),
41,Oregon,41039,Lane,2013,2017,Black (includes Hispanic),
41,Oregon,41039,Lane,2013,2017,Hispanic (all races),
41,Oregon,41039,Lane,2013,2017,American Indian/Alaskan Native (includes Hispanic),
41,Oregon,41039,Lane,2013,2017,White (includes Hispanic),7.4
41,Oregon,41039,Lane,2014,2018,Asian/Pacific Islander (includes Hispanic),
41,Oregon,41039,Lane,2014,2018,Black (includes Hispanic),
41,Oregon,41039,Lane,2014,2018,Hispanic (all races),
41,Oregon,41039,Lane,2014,2018,American Indian/Alaskan Native (includes Hispanic),
41,Oregon,41039,Lane,2014,2018,White (includes Hispanic),7.6
41,Oregon,41039,Lane,2015,2019,Asian/Pacific Islander (includes Hispanic),
41,Oregon,41039,Lane,2015,2019,Black (includes Hispanic),
41,Oregon,41039,Lane,2015,2019,Hispanic (all races),
41,Oregon,41039,Lane,2015,2019,American Indian/Alaskan Native (includes Hispanic),
41,Oregon,41039,Lane,2015,2019,White (includes Hispanic),7.5
41,Oregon,41039,Lane,2016,2020,Asian/Pacific Islander (includes Hispanic),
41,Oregon,41039,Lane,2016,2020,Black (includes Hispanic),
41,Oregon,41039,Lane,2016,2020,Hispanic (all races),
41,Oregon,41039,Lane,2016,2020,American Indian/Alaskan Native (includes Hispanic),
41,Oregon,41039,Lane,2016,2020,White (includes Hispanic),6.8
41,Oregon,41041,Lincoln,2011,2015,Asian/Pacific Islander (includes Hispanic),
41,Oregon,41041,Lincoln,2011,2015,Black (includes Hispanic),
41,Oregon,41041,Lincoln,2011,2015,Hispanic (all races),
41,Oregon,41041,Lincoln,2011,2015,American Indian/Alaskan Native (includes Hispanic),
41,Oregon,41041,Lincoln,2011,2015,White (includes Hispanic),6.9
41,Oregon,41041,Lincoln,2012,2016,Asian/Pacific Islander (includes Hispanic),
41,Oregon,41041,Lincoln,2012,2016,Black (includes Hispanic),
41,Oregon,41041,Lincoln,2012,2016,Hispanic (all races),
41,Oregon,41041,Lincoln,2012,2016,American Indian/Alaskan Native (includes Hispanic),
41,Oregon,41041,Lincoln,2012,2016,White (includes Hispanic),6.6
41,Oregon,41041,Lincoln,2013,2017,Asian/Pacific Islander (includes Hispanic),
41,Oregon,41041,Lincoln,2013,2017,Black (includes Hispanic),
41,Oregon,41041,Lincoln,2013,2017,Hispanic (all races),
41,Oregon,41041,Lincoln,2013,2017,American Indian/Alaskan Native (includes Hispanic),
41,Oregon,41041,Lincoln,2013,2017,White (includes Hispanic),6.8
41,Oregon,41041,Lincoln,2014,2018,Asian/Pacific Islander (includes Hispanic),
41,Oregon,41041,Lincoln,2014,2018,Black (includes Hispanic),
41,Oregon,41041,Lincoln,2014,2018,Hispanic (all races),
41,Oregon,41041,Lincoln,2014,2018,American Indian/Alaskan Native (includes Hispanic),
41,Oregon,41041,Lincoln,2014,2018,White (includes Hispanic),7.6
41,Oregon,41041,Lincoln,2015,2019,Asian/Pacific Islander (includes Hispanic),
41,Oregon,41041,Lincoln,2015,2019,Black (includes Hispanic),
41,Oregon,41041,Lincoln,2015,2019,Hispanic (all races),
41,Oregon,41041,Lincoln,2015,2019,American Indian/Alaskan Native (includes Hispanic),
41,Oregon,41041,Lincoln,2015,2019,White (includes Hispanic),7.6
41,Oregon,41041,Lincoln,2016,2020,Asian/Pacific Islander (includes Hispanic),
41,Oregon,41041,Lincoln,2016,2020,Black (includes Hispanic),
41,Oregon,41041,Lincoln,2016,2020,Hispanic (all races),
41,Oregon,41041,Lincoln,2016,2020,American Indian/Alaskan Native (includes Hispanic),
41,Oregon,41041,Lincoln,2016,2020,White (includes Hispanic),7.2
41,Oregon,41043,Linn,2011,2015,Asian/Pacific Islander (includes Hispanic),
41,Oregon,41043,Linn,2011,2015,Black (includes Hispanic),
41,Oregon,41043,Linn,2011,2015,Hispanic (all races),8.8
41,Oregon,41043,Linn,2011,2015,American Indian/Alaskan Native (includes Hispanic),
41,Oregon,41043,Linn,2011,2015,White (includes Hispanic),6.9
41,Oregon,41043,Linn,2012,2016,Asian/Pacific Islander (includes Hispanic),
41,Oregon,41043,Linn,2012,2016,Black (includes Hispanic),
41,Oregon,41043,Linn,2012,2016,Hispanic (all races),9.2
41,Oregon,41043,Linn,2012,2016,American Indian/Alaskan Native (includes Hispanic),
41,Oregon,41043,Linn,2012,2016,White (includes Hispanic),7.1
41,Oregon,41043,Linn,2013,2017,Asian/Pacific Islander (includes Hispanic),
41,Oregon,41043,Linn,2013,2017,Black (includes Hispanic),
41,Oregon,41043,Linn,2013,2017,Hispanic (all races),8.0
41,Oregon,41043,Linn,2013,2017,American Indian/Alaskan Native (includes Hispanic),
41,Oregon,41043,Linn,2013,2017,White (includes Hispanic),7.2
41,Oregon,41043,Linn,2014,2018,Asian/Pacific Islander (includes Hispanic),
41,Oregon,41043,Linn,2014,2018,Black (includes Hispanic),
41,Oregon,41043,Linn,2014,2018,Hispanic (all races),8.3
41,Oregon,41043,Linn,2014,2018,American Indian/Alaskan Native (includes Hispanic),
41,Oregon,41043,Linn,2014,2018,White (includes Hispanic),7.6
41,Oregon,41043,Linn,2015,2019,Asian/Pacific Islander (includes Hispanic),
41,Oregon,41043,Linn,2015,2019,Black (includes Hispanic),
41,Oregon,41043,Linn,2015,2019,Hispanic (all races),9.5
41,Oregon,41043,Linn,2015,2019,American Indian/Alaskan Native (includes Hispanic),
41,Oregon,41043,Linn,2015,2019,White (includes Hispanic),7.8
41,Oregon,41043,Linn,2016,2020,Asian/Pacific Islander (includes Hispanic),
41,Oregon,41043,Linn,2016,2020,Black (includes Hispanic),
41,Oregon,41043,Linn,2016,2020,Hispanic (all races),8.3
41,Oregon,41043,Linn,2016,2020,American Indian/Alaskan Native (includes Hispanic),
41,Oregon,41043,Linn,2016,2020,White (includes Hispanic),7.0
41,Oregon,41045,Malheur,2011,2015,Asian/Pacific Islander (includes Hispanic),
41,Oregon,41045,Malheur,2011,2015,Black (includes Hispanic),
41,Oregon,41045,Malheur,2011,2015,Hispanic (all races),14.9
41,Oregon,41045,Malheur,2011,2015,American Indian/Alaskan Native (includes Hispanic),
41,Oregon,41045,Malheur,2011,2015,White (includes Hispanic),6.7
41,Oregon,41045,Malheur,2012,2016,Asian/Pacific Islander (includes Hispanic),
41,Oregon,41045,Malheur,2012,2016,Black (includes Hispanic),
41,Oregon,41045,Malheur,2012,2016,Hispanic (all races),
41,Oregon,41045,Malheur,2012,2016,American Indian/Alaskan Native (includes Hispanic),
41,Oregon,41045,Malheur,2012,2016,White (includes Hispanic),6.9
41,Oregon,41045,Malheur,2013,2017,Asian/Pacific Islander (includes Hispanic),
41,Oregon,41045,Malheur,2013,2017,Black (includes Hispanic),
41,Oregon,41045,Malheur,2013,2017,Hispanic (all races),
41,Oregon,41045,Malheur,2013,2017,American Indian/Alaskan Native (includes Hispanic),
41,Oregon,41045,Malheur,2013,2017,White (includes Hispanic),8.0
41,Oregon,41045,Malheur,2014,2018,Asian/Pacific Islander (includes Hispanic),
41,Oregon,41045,Malheur,2014,2018,Black (includes Hispanic),
41,Oregon,41045,Malheur,2014,2018,Hispanic (all races),14.4
41,Oregon,41045,Malheur,2014,2018,American Indian/Alaskan Native (includes Hispanic),
41,Oregon,41045,Malheur,2014,2018,White (includes Hispanic),9.3
41,Oregon,41045,Malheur,2015,2019,Asian/Pacific Islander (includes Hispanic),
41,Oregon,41045,Malheur,2015,2019,Black (includes Hispanic),
41,Oregon,41045,Malheur,2015,2019,Hispanic (all races),13.3
41,Oregon,41045,Malheur,2015,2019,American Indian/Alaskan Native (includes Hispanic),
41,Oregon,41045,Malheur,2015,2019,White (includes Hispanic),10.1
41,Oregon,41045,Malheur,2016,2020,Asian/Pacific Islander (includes Hispanic),
41,Oregon,41045,Malheur,2016,2020,Black (includes Hispanic),
41,Oregon,41045,Malheur,2016,2020,Hispanic (all races),11.4
41,Oregon,41045,Malheur,2016,2020,American Indian/Alaskan Native (includes Hispanic),
41,Oregon,41045,Malheur,2016,2020,White (includes Hispanic),9.3
41,Oregon,41047,Marion,2011,2015,Asian/Pacific Islander (includes Hispanic),
41,Oregon,41047,Marion,2011,2015,Black (includes Hispanic),
41,Oregon,41047,Marion,2011,2015,Hispanic (all races),10.4
41,Oregon,41047,Marion,2011,2015,American Indian/Alaskan Native (includes Hispanic),
41,Oregon,41047,Marion,2011,2015,White (includes Hispanic),7.3
41,Oregon,41047,Marion,2012,2016,Asian/Pacific Islander (includes Hispanic),
41,Oregon,41047,Marion,2012,2016,Black (includes Hispanic),
41,Oregon,41047,Marion,2012,2016,Hispanic (all races),9.9
41,Oregon,41047,Marion,2012,2016,American Indian/Alaskan Native (includes Hispanic),
41,Oregon,41047,Marion,2012,2016,White (includes Hispanic),7.4
41,Oregon,41047,Marion,2013,2017,Asian/Pacific Islander (includes Hispanic),
41,Oregon,41047,Marion,2013,2017,Black (includes Hispanic),
41,Oregon,41047,Marion,2013,2017,Hispanic (all races),8.6
41,Oregon,41047,Marion,2013,2017,American Indian/Alaskan Native (includes Hispanic),
41,Oregon,41047,Marion,2013,2017,White (includes Hispanic),7.1
41,Oregon,41047,Marion,2014,2018,Asian/Pacific Islander (includes Hispanic),
41,Oregon,41047,Marion,2014,2018,Black (includes Hispanic),
41,Oregon,41047,Marion,2014,2018,Hispanic (all races),8.2
41,Oregon,41047,Marion,2014,2018,American Indian/Alaskan Native (includes Hispanic),
41,Oregon,41047,Marion,2014,2018,White (includes Hispanic),7.4
41,Oregon,41047,Marion,2015,2019,Asian/Pacific Islander (includes Hispanic),
41,Oregon,41047,Marion,2015,2019,Black (includes Hispanic),
41,Oregon,41047,Marion,2015,2019,Hispanic (all races),8.0
41,Oregon,41047,Marion,2015,2019,American Indian/Alaskan Native (includes Hispanic),
41,Oregon,41047,Marion,2015,2019,White (includes Hispanic),7.5
41,Oregon,41047,Marion,2016,2020,Asian/Pacific Islander (includes Hispanic),
41,Oregon,41047,Marion,2016,2020,Black (includes Hispanic),
41,Oregon,41047,Marion,2016,2020,Hispanic (all races),7.6
41,Oregon,41047,Marion,2016,2020,American Indian/Alaskan Native (includes Hispanic),
41,Oregon,41047,Marion,2016,2020,White (includes Hispanic),7.0
41,Oregon,41049,Morrow,2011,2015,Asian/Pacific Islander (includes Hispanic),
41,Oregon,41049,Morrow,2011,2015,Black (includes Hispanic),
41,Oregon,41049,Morrow,2011,2015,Hispanic (all races),
41,Oregon,41049,Morrow,2011,2015,American Indian/Alaskan Native (includes Hispanic),
41,Oregon,41049,Morrow,2011,2015,White (includes Hispanic),6.8
41,Oregon,41049,Morrow,2012,2016,Asian/Pacific Islander (includes Hispanic),
41,Oregon,41049,Morrow,2012,2016,Black (includes Hispanic),
41,Oregon,41049,Morrow,2012,2016,Hispanic (all races),
41,Oregon,41049,Morrow,2012,2016,American Indian/Alaskan Native (includes Hispanic),
41,Oregon,41049,Morrow,2012,2016,White (includes Hispanic),7.2
41,Oregon,41049,Morrow,2013,2017,Asian/Pacific Islander (includes Hispanic),
41,Oregon,41049,Morrow,2013,2017,Black (includes Hispanic),
41,Oregon,41049,Morrow,2013,2017,Hispanic (all races),
41,Oregon,41049,Morrow,2013,2017,American Indian/Alaskan Native (includes Hispanic),
41,Oregon,41049,Morrow,2013,2017,White (includes Hispanic),6.4
41,Oregon,41049,Morrow,2014,2018,Asian/Pacific Islander (includes Hispanic),
41,Oregon,41049,Morrow,2014,2018,Black (includes Hispanic),
41,Oregon,41049,Morrow,2014,2018,Hispanic (all races),
41,Oregon,41049,Morrow,2014,2018,American Indian/Alaskan Native (includes Hispanic),
41,Oregon,41049,Morrow,2014,2018,White (includes Hispanic),5.8
41,Oregon,41049,Morrow,2015,2019,Asian/Pacific Islander (includes Hispanic),
41,Oregon,41049,Morrow,2015,2019,Black (includes Hispanic),
41,Oregon,41049,Morrow,2015,2019,Hispanic (all races),
41,Oregon,41049,Morrow,2015,2019,American Indian/Alaskan Native (includes Hispanic),
41,Oregon,41049,Morrow,2015,2019,White (includes Hispanic),6.7
41,Oregon,41049,Morrow,2016,2020,Asian/Pacific Islander (includes Hispanic),
41,Oregon,41049,Morrow,2016,2020,Black (includes Hispanic),
41,Oregon,41049,Morrow,2016,2020,Hispanic (all races),
41,Oregon,41049,Morrow,2016,2020,American Indian/Alaskan Native (includes Hispanic),
41,Oregon,41049,Morrow,2016,2020,White (includes Hispanic),6.7
41,Oregon,41051,Multnomah,2011,2015,Asian/Pacific Islander (includes Hispanic),4.3
41,Oregon,41051,Multnomah,2011,2015,Black (includes Hispanic),
41,Oregon,41051,Multnomah,2011,2015,Hispanic (all races),7.7
41,Oregon,41051,Multnomah,2011,2015,American Indian/Alaskan Native (includes Hispanic),
41,Oregon,41051,Multnomah,2011,2015,White (includes Hispanic),6.4
41,Oregon,41051,Multnomah,2012,2016,Asian/Pacific Islander (includes Hispanic),5.2
41,Oregon,41051,Multnomah,2012,2016,Black (includes Hispanic),
41,Oregon,41051,Multnomah,2012,2016,Hispanic (all races),7.4
41,Oregon,41051,Multnomah,2012,2016,American Indian/Alaskan Native (includes Hispanic),
41,Oregon,41051,Multnomah,2012,2016,White (includes Hispanic),6.2
41,Oregon,41051,Multnomah,2013,2017,Asian/Pacific Islander (includes Hispanic),6.2
41,Oregon,41051,Multnomah,2013,2017,Black (includes Hispanic),
41,Oregon,41051,Multnomah,2013,2017,Hispanic (all races),8.0
41,Oregon,41051,Multnomah,2013,2017,American Indian/Alaskan Native (includes Hispanic),
41,Oregon,41051,Multnomah,2013,2017,White (includes Hispanic),6.3
41,Oregon,41051,Multnomah,2014,2018,Asian/Pacific Islander (includes Hispanic),5.9
41,Oregon,41051,Multnomah,2014,2018,Black (includes Hispanic),
41,Oregon,41051,Multnomah,2014,2018,Hispanic (all races),7.6
41,Oregon,41051,Multnomah,2014,2018,American Indian/Alaskan Native (includes Hispanic),
41,Oregon,41051,Multnomah,2014,2018,White (includes Hispanic),6.3
41,Oregon,41051,Multnomah,2015,2019,Asian/Pacific Islander (includes Hispanic),6.1
41,Oregon,41051,Multnomah,2015,2019,Black (includes Hispanic),
41,Oregon,41051,Multnomah,2015,2019,Hispanic (all races),6.3
41,Oregon,41051,Multnomah,2015,2019,American Indian/Alaskan Native (includes Hispanic),
41,Oregon,41051,Multnomah,2015,2019,White (includes Hispanic),6.1
41,Oregon,41051,Multnomah,2016,2020,Asian/Pacific Islander (includes Hispanic),5.8
41,Oregon,41051,Multnomah,2016,2020,Black (includes Hispanic),
41,Oregon,41051,Multnomah,2016,2020,Hispanic (all races),7.0
41,Oregon,41051,Multnomah,2016,2020,American Indian/Alaskan Native (includes Hispanic),
41,Oregon,41051,Multnomah,2016,2020,White (includes Hispanic),5.7
41,Oregon,41053,Polk,2011,2015,Asian/Pacific Islander (includes Hispanic),
41,Oregon,41053,Polk,2011,2015,Black (includes Hispanic),
41,Oregon,41053,Polk,2011,2015,Hispanic (all races),11.0
41,Oregon,41053,Polk,2011,2015,American Indian/Alaskan Native (includes Hispanic),
41,Oregon,41053,Polk,2011,2015,White (includes Hispanic),7.3
41,Oregon,41053,Polk,2012,2016,Asian/Pacific Islander (includes Hispanic),
41,Oregon,41053,Polk,2012,2016,Black (includes Hispanic),
41,Oregon,41053,Polk,2012,2016,Hispanic (all races),10.1
41,Oregon,41053,Polk,2012,2016,American Indian/Alaskan Native (includes Hispanic),
41,Oregon,41053,Polk,2012,2016,White (includes Hispanic),7.5
41,Oregon,41053,Polk,2013,2017,Asian/Pacific Islander (includes Hispanic),
41,Oregon,41053,Polk,2013,2017,Black (includes Hispanic),
41,Oregon,41053,Polk,2013,2017,Hispanic (all races),8.6
41,Oregon,41053,Polk,2013,2017,American Indian/Alaskan Native (includes Hispanic),
41,Oregon,41053,Polk,2013,2017,White (includes Hispanic),7.3
41,Oregon,41053,Polk,2014,2018,Asian/Pacific Islander (includes Hispanic),
41,Oregon,41053,Polk,2014,2018,Black (includes Hispanic),
41,Oregon,41053,Polk,2014,2018,Hispanic (all races),8.7
41,Oregon,41053,Polk,2014,2018,American Indian/Alaskan Native (includes Hispanic),
41,Oregon,41053,Polk,2014,2018,White (includes Hispanic),7.9
41,Oregon,41053,Polk,2015,2019,Asian/Pacific Islander (includes Hispanic),
41,Oregon,41053,Polk,2015,2019,Black (includes Hispanic),
41,Oregon,41053,Polk,2015,2019,Hispanic (all races),8.4
41,Oregon,41053,Polk,2015,2019,American Indian/Alaskan Native (includes Hispanic),
41,Oregon,41053,Polk,2015,2019,White (includes Hispanic),7.7
41,Oregon,41053,Polk,2016,2020,Asian/Pacific Islander (includes Hispanic),
41,Oregon,41053,Polk,2016,2020,Black (includes Hispanic),
41,Oregon,41053,Polk,2016,2020,Hispanic (all races),6.8
41,Oregon,41053,Polk,2016,2020,American Indian/Alaskan Native (includes Hispanic),
41,Oregon,41053,Polk,2016,2020,White (includes Hispanic),7.2
41,Oregon,41055,Sherman,2011,2015,Asian/Pacific Islander (includes Hispanic),
41,Oregon,41055,Sherman,2011,2015,Black (includes Hispanic),
41,Oregon,41055,Sherman,2011,2015,Hispanic (all races),
41,Oregon,41055,Sherman,2011,2015,American Indian/Alaskan Native (includes Hispanic),
41,Oregon,41055,Sherman,2011,2015,White (includes Hispanic),
41,Oregon,41055,Sherman,2012,2016,Asian/Pacific Islander (includes Hispanic),
41,Oregon,41055,Sherman,2012,2016,Black (includes Hispanic),
41,Oregon,41055,Sherman,2012,2016,Hispanic (all races),
41,Oregon,41055,Sherman,2012,2016,American Indian/Alaskan Native (includes Hispanic),
41,Oregon,41055,Sherman,2012,2016,White (includes Hispanic),
41,Oregon,41055,Sherman,2013,2017,Asian/Pacific Islander (includes Hispanic),
41,Oregon,41055,Sherman,2013,2017,Black (includes Hispanic),
41,Oregon,41055,Sherman,2013,2017,Hispanic (all races),
41,Oregon,41055,Sherman,2013,2017,American Indian/Alaskan Native (includes Hispanic),
41,Oregon,41055,Sherman,2013,2017,White (includes Hispanic),
41,Oregon,41055,Sherman,2014,2018,Asian/Pacific Islander (includes Hispanic),
41,Oregon,41055,Sherman,2014,2018,Black (includes Hispanic),
41,Oregon,41055,Sherman,2014,2018,Hispanic (all races),
41,Oregon,41055,Sherman,2014,2018,American Indian/Alaskan Native (includes Hispanic),
41,Oregon,41055,Sherman,2014,2018,White (includes Hispanic),
41,Oregon,41055,Sherman,2015,2019,Asian/Pacific Islander (includes Hispanic),
41,Oregon,41055,Sherman,2015,2019,Black (includes Hispanic),
41,Oregon,41055,Sherman,2015,2019,Hispanic (all races),
41,Oregon,41055,Sherman,2015,2019,American Indian/Alaskan Native (includes Hispanic),
41,Oregon,41055,Sherman,2015,2019,White (includes Hispanic),
41,Oregon,41055,Sherman,2016,2020,Asian/Pacific Islander (includes Hispanic),
41,Oregon,41055,Sherman,2016,2020,Black (includes Hispanic),
41,Oregon,41055,Sherman,2016,2020,Hispanic (all races),
41,Oregon,41055,Sherman,2016,2020,American Indian/Alaskan Native (includes Hispanic),
41,Oregon,41055,Sherman,2016,2020,White (includes Hispanic),
41,Oregon,41057,Tillamook,2011,2015,Asian/Pacific Islander (includes Hispanic),
41,Oregon,41057,Tillamook,2011,2015,Black (includes Hispanic),
41,Oregon,41057,Tillamook,2011,2015,Hispanic (all races),9.5
41,Oregon,41057,Tillamook,2011,2015,American Indian/Alaskan Native (includes Hispanic),
41,Oregon,41057,Tillamook,2011,2015,White (includes Hispanic),6.2
41,Oregon,41057,Tillamook,2012,2016,Asian/Pacific Islander (includes Hispanic),
41,Oregon,41057,Tillamook,2012,2016,Black (includes Hispanic),
41,Oregon,41057,Tillamook,2012,2016,Hispanic (all races),
41,Oregon,41057,Tillamook,2012,2016,American Indian/Alaskan Native (includes Hispanic),
41,Oregon,41057,Tillamook,2012,2016,White (includes Hispanic),6.2
41,Oregon,41057,Tillamook,2013,2017,Asian/Pacific Islander (includes Hispanic),
41,Oregon,41057,Tillamook,2013,2017,Black (includes Hispanic),
41,Oregon,41057,Tillamook,2013,2017,Hispanic (all races),
41,Oregon,41057,Tillamook,2013,2017,American Indian/Alaskan Native (includes Hispanic),
41,Oregon,41057,Tillamook,2013,2017,White (includes Hispanic),5.9
41,Oregon,41057,Tillamook,2014,2018,Asian/Pacific Islander (includes Hispanic),
41,Oregon,41057,Tillamook,2014,2018,Black (includes Hispanic),
41,Oregon,41057,Tillamook,2014,2018,Hispanic (all races),
41,Oregon,41057,Tillamook,2014,2018,American Indian/Alaskan Native (includes Hispanic),
41,Oregon,41057,Tillamook,2014,2018,White (includes Hispanic),6.1
41,Oregon,41057,Tillamook,2015,2019,Asian/Pacific Islander (includes Hispanic),
41,Oregon,41057,Tillamook,2015,2019,Black (includes Hispanic),
41,Oregon,41057,Tillamook,2015,2019,Hispanic (all races),
41,Oregon,41057,Tillamook,2015,2019,American Indian/Alaskan Native (includes Hispanic),
41,Oregon,41057,Tillamook,2015,2019,White (includes Hispanic),5.5
41,Oregon,41057,Tillamook,2016,2020,Asian/Pacific Islander (includes Hispanic),
41,Oregon,41057,Tillamook,2016,2020,Black (includes Hispanic),
41,Oregon,41057,Tillamook,2016,2020,Hispanic (all races),
41,Oregon,41057,Tillamook,2016,2020,American Indian/Alaskan Native (includes Hispanic),
41,Oregon,41057,Tillamook,2016,2020,White (includes Hispanic),5.6
41,Oregon,41059,Umatilla,2011,2015,Asian/Pacific Islander (includes Hispanic),
41,Oregon,41059,Umatilla,2011,2015,Black (includes Hispanic),
41,Oregon,41059,Umatilla,2011,2015,Hispanic (all races),
41,Oregon,41059,Umatilla,2011,2015,American Indian/Alaskan Native (includes Hispanic),
41,Oregon,41059,Umatilla,2011,2015,White (includes Hispanic),6.8
41,Oregon,41059,Umatilla,2012,2016,Asian/Pacific Islander (includes Hispanic),
41,Oregon,41059,Umatilla,2012,2016,Black (includes Hispanic),
41,Oregon,41059,Umatilla,2012,2016,Hispanic (all races),
41,Oregon,41059,Umatilla,2012,2016,American Indian/Alaskan Native (includes Hispanic),
41,Oregon,41059,Umatilla,2012,2016,White (includes Hispanic),6.9
41,Oregon,41059,Umatilla,2013,2017,Asian/Pacific Islander (includes Hispanic),
41,Oregon,41059,Umatilla,2013,2017,Black (includes Hispanic),
41,Oregon,41059,Umatilla,2013,2017,Hispanic (all races),
41,Oregon,41059,Umatilla,2013,2017,American Indian/Alaskan Native (includes Hispanic),
41,Oregon,41059,Umatilla,2013,2017,White (includes Hispanic),6.3
41,Oregon,41059,Umatilla,2014,2018,Asian/Pacific Islander (includes Hispanic),
41,Oregon,41059,Umatilla,2014,2018,Black (includes Hispanic),
41,Oregon,41059,Umatilla,2014,2018,Hispanic (all races),
41,Oregon,41059,Umatilla,2014,2018,American Indian/Alaskan Native (includes Hispanic),
41,Oregon,41059,Umatilla,2014,2018,White (includes Hispanic),5.5
41,Oregon,41059,Umatilla,2015,2019,Asian/Pacific Islander (includes Hispanic),
41,Oregon,41059,Umatilla,2015,2019,Black (includes Hispanic),
41,Oregon,41059,Umatilla,2015,2019,Hispanic (all races),
41,Oregon,41059,Umatilla,2015,2019,American Indian/Alaskan Native (includes Hispanic),
41,Oregon,41059,Umatilla,2015,2019,White (includes Hispanic),6.2
41,Oregon,41059,Umatilla,2016,2020,Asian/Pacific Islander (includes Hispanic),
41,Oregon,41059,Umatilla,2016,2020,Black (includes Hispanic),
41,Oregon,41059,Umatilla,2016,2020,Hispanic (all races),
41,Oregon,41059,Umatilla,2016,2020,American Indian/Alaskan Native (includes Hispanic),
41,Oregon,41059,Umatilla,2016,2020,White (includes Hispanic),5.9
41,Oregon,41061,Union,2011,2015,Asian/Pacific Islander (includes Hispanic),
41,Oregon,41061,Union,2011,2015,Black (includes Hispanic),
41,Oregon,41061,Union,2011,2015,Hispanic (all races),
41,Oregon,41061,Union,2011,2015,American Indian/Alaskan Native (includes Hispanic),
41,Oregon,41061,Union,2011,2015,White (includes Hispanic),7.2
41,Oregon,41061,Union,2012,2016,Asian/Pacific Islander (includes Hispanic),
41,Oregon,41061,Union,2012,2016,Black (includes Hispanic),
41,Oregon,41061,Union,2012,2016,Hispanic (all races),
41,Oregon,41061,Union,2012,2016,American Indian/Alaskan Native (includes Hispanic),
41,Oregon,41061,Union,2012,2016,White (includes Hispanic),6.8
41,Oregon,41061,Union,2013,2017,Asian/Pacific Islander (includes Hispanic),
41,Oregon,41061,Union,2013,2017,Black (includes Hispanic),
41,Oregon,41061,Union,2013,2017,Hispanic (all races),
41,Oregon,41061,Union,2013,2017,American Indian/Alaskan Native (includes Hispanic),
41,Oregon,41061,Union,2013,2017,White (includes Hispanic),5.6
41,Oregon,41061,Union,2014,2018,Asian/Pacific Islander (includes Hispanic),
41,Oregon,41061,Union,2014,2018,Black (includes Hispanic),
41,Oregon,41061,Union,2014,2018,Hispanic (all races),
41,Oregon,41061,Union,2014,2018,American Indian/Alaskan Native (includes Hispanic),
41,Oregon,41061,Union,2014,2018,White (includes Hispanic),
41,Oregon,41061,Union,2015,2019,Asian/Pacific Islander (includes Hispanic),
41,Oregon,41061,Union,2015,2019,Black (includes Hispanic),
41,Oregon,41061,Union,2015,2019,Hispanic (all races),
41,Oregon,41061,Union,2015,2019,American Indian/Alaskan Native (includes Hispanic),
41,Oregon,41061,Union,2015,2019,White (includes Hispanic),
41,Oregon,41061,Union,2016,2020,Asian/Pacific Islander (includes Hispanic),
41,Oregon,41061,Union,2016,2020,Black (includes Hispanic),
41,Oregon,41061,Union,2016,2020,Hispanic (all races),
41,Oregon,41061,Union,2016,2020,American Indian/Alaskan Native (includes Hispanic),
41,Oregon,41061,Union,2016,2020,White (includes Hispanic),
41,Oregon,41063,Wallowa,2011,2015,Asian/Pacific Islander (includes Hispanic),
41,Oregon,41063,Wallowa,2011,2015,Black (includes Hispanic),
41,Oregon,41063,Wallowa,2011,2015,Hispanic (all races),
41,Oregon,41063,Wallowa,2011,2015,American Indian/Alaskan Native (includes Hispanic),
41,Oregon,41063,Wallowa,2011,2015,White (includes Hispanic),7.6
41,Oregon,41063,Wallowa,2012,2016,Asian/Pacific Islander (includes Hispanic),
41,Oregon,41063,Wallowa,2012,2016,Black (includes Hispanic),
41,Oregon,41063,Wallowa,2012,2016,Hispanic (all races),
41,Oregon,41063,Wallowa,2012,2016,American Indian/Alaskan Native (includes Hispanic),
41,Oregon,41063,Wallowa,2012,2016,White (includes Hispanic),7.1
41,Oregon,41063,Wallowa,2013,2017,Asian/Pacific Islander (includes Hispanic),
41,Oregon,41063,Wallowa,2013,2017,Black (includes Hispanic),
41,Oregon,41063,Wallowa,2013,2017,Hispanic (all races),
41,Oregon,41063,Wallowa,2013,2017,American Indian/Alaskan Native (includes Hispanic),
41,Oregon,41063,Wallowa,2013,2017,White (includes Hispanic),5.7
41,Oregon,41063,Wallowa,2014,2018,Asian/Pacific Islander (includes Hispanic),
41,Oregon,41063,Wallowa,2014,2018,Black (includes Hispanic),
41,Oregon,41063,Wallowa,2014,2018,Hispanic (all races),
41,Oregon,41063,Wallowa,2014,2018,American Indian/Alaskan Native (includes Hispanic),
41,Oregon,41063,Wallowa,2014,2018,White (includes Hispanic),5.0
41,Oregon,41063,Wallowa,2015,2019,Asian/Pacific Islander (includes Hispanic),
41,Oregon,41063,Wallowa,2015,2019,Black (includes Hispanic),
41,Oregon,41063,Wallowa,2015,2019,Hispanic (all races),
41,Oregon,41063,Wallowa,2015,2019,American Indian/Alaskan Native (includes Hispanic),
41,Oregon,41063,Wallowa,2015,2019,White (includes Hispanic),4.5
41,Oregon,41063,Wallowa,2016,2020,Asian/Pacific Islander (includes Hispanic),
41,Oregon,41063,Wallowa,2016,2020,Black (includes Hispanic),
41,Oregon,41063,Wallowa,2016,2020,Hispanic (all races),
41,Oregon,41063,Wallowa,2016,2020,American Indian/Alaskan Native (includes Hispanic),
41,Oregon,41063,Wallowa,2016,2020,White (includes Hispanic),5.4
41,Oregon,41065,Wasco,2011,2015,Asian/Pacific Islander (includes Hispanic),
41,Oregon,41065,Wasco,2011,2015,Black (includes Hispanic),
41,Oregon,41065,Wasco,2011,2015,Hispanic (all races),7.9
41,Oregon,41065,Wasco,2011,2015,American Indian/Alaskan Native (includes Hispanic),
41,Oregon,41065,Wasco,2011,2015,White (includes Hispanic),8.1
41,Oregon,41065,Wasco,2012,2016,Asian/Pacific Islander (includes Hispanic),
41,Oregon,41065,Wasco,2012,2016,Black (includes Hispanic),
41,Oregon,41065,Wasco,2012,2016,Hispanic (all races),8.5
41,Oregon,41065,Wasco,2012,2016,American Indian/Alaskan Native (includes Hispanic),
41,Oregon,41065,Wasco,2012,2016,White (includes Hispanic),8.4
41,Oregon,41065,Wasco,2013,2017,Asian/Pacific Islander (includes Hispanic),
41,Oregon,41065,Wasco,2013,2017,Black (includes Hispanic),
41,Oregon,41065,Wasco,2013,2017,Hispanic (all races),8.7
41,Oregon,41065,Wasco,2013,2017,American Indian/Alaskan Native (includes Hispanic),
41,Oregon,41065,Wasco,2013,2017,White (includes Hispanic),8.1
41,Oregon,41065,Wasco,2014,2018,Asian/Pacific Islander (includes Hispanic),
41,Oregon,41065,Wasco,2014,2018,Black (includes Hispanic),
41,Oregon,41065,Wasco,2014,2018,Hispanic (all races),8.5
41,Oregon,41065,Wasco,2014,2018,American Indian/Alaskan Native (includes Hispanic),
41,Oregon,41065,Wasco,2014,2018,White (includes Hispanic),8.0
41,Oregon,41065,Wasco,2015,2019,Asian/Pacific Islander (includes Hispanic),
41,Oregon,41065,Wasco,2015,2019,Black (includes Hispanic),
41,Oregon,41065,Wasco,2015,2019,Hispanic (all races),8.5
41,Oregon,41065,Wasco,2015,2019,American Indian/Alaskan Native (includes Hispanic),
41,Oregon,41065,Wasco,2015,2019,White (includes Hispanic),8.0
41,Oregon,41065,Wasco,2016,2020,Asian/Pacific Islander (includes Hispanic),
41,Oregon,41065,Wasco,2016,2020,Black (includes Hispanic),
41,Oregon,41065,Wasco,2016,2020,Hispanic (all races),8.5
41,Oregon,41065,Wasco,2016,2020,American Indian/Alaskan Native (includes Hispanic),
41,Oregon,41065,Wasco,2016,2020,White (includes Hispanic),7.3
41,Oregon,41067,Washington,2011,2015,Asian/Pacific Islander (includes Hispanic),
41,Oregon,41067,Washington,2011,2015,Black (includes Hispanic),
41,Oregon,41067,Washington,2011,2015,Hispanic (all races),7.6
41,Oregon,41067,Washington,2011,2015,American Indian/Alaskan Native (includes Hispanic),
41,Oregon,41067,Washington,2011,2015,White (includes Hispanic),6.4
41,Oregon,41067,Washington,2012,2016,Asian/Pacific Islander (includes Hispanic),5.5
41,Oregon,41067,Washington,2012,2016,Black (includes Hispanic),
41,Oregon,41067,Washington,2012,2016,Hispanic (all races),5.8
41,Oregon,41067,Washington,2012,2016,American Indian/Alaskan Native (includes Hispanic),
41,Oregon,41067,Washington,2012,2016,White (includes Hispanic),6.3
41,Oregon,41067,Washington,2013,2017,Asian/Pacific Islander (includes Hispanic),6.7
41,Oregon,41067,Washington,2013,2017,Black (includes Hispanic),
41,Oregon,41067,Washington,2013,2017,Hispanic (all races),6.7
41,Oregon,41067,Washington,2013,2017,American Indian/Alaskan Native (includes Hispanic),
41,Oregon,41067,Washington,2013,2017,White (includes Hispanic),6.4
41,Oregon,41067,Washington,2014,2018,Asian/Pacific Islander (includes Hispanic),6.6
41,Oregon,41067,Washington,2014,2018,Black (includes Hispanic),
41,Oregon,41067,Washington,2014,2018,Hispanic (all races),6.6
41,Oregon,41067,Washington,2014,2018,American Indian/Alaskan Native (includes Hispanic),
41,Oregon,41067,Washington,2014,2018,White (includes Hispanic),6.6
41,Oregon,41067,Washington,2015,2019,Asian/Pacific Islander (includes Hispanic),6.0
41,Oregon,41067,Washington,2015,2019,Black (includes Hispanic),
41,Oregon,41067,Washington,2015,2019,Hispanic (all races),5.8
41,Oregon,41067,Washington,2015,2019,American Indian/Alaskan Native (includes Hispanic),
41,Oregon,41067,Washington,2015,2019,White (includes Hispanic),6.5
41,Oregon,41067,Washington,2016,2020,Asian/Pacific Islander (includes Hispanic),6.2
41,Oregon,41067,Washington,2016,2020,Black (includes Hispanic),
41,Oregon,41067,Washington,2016,2020,Hispanic (all races),7.0
41,Oregon,41067,Washington,2016,2020,American Indian/Alaskan Native (includes Hispanic),
41,Oregon,41067,Washington,2016,2020,White (includes Hispanic),6.3
41,Oregon,41069,Wheeler,2011,2015,Asian/Pacific Islander (includes Hispanic),
41,Oregon,41069,Wheeler,2011,2015,Black (includes Hispanic),
41,Oregon,41069,Wheeler,2011,2015,Hispanic (all races),
41,Oregon,41069,Wheeler,2011,2015,American Indian/Alaskan Native (includes Hispanic),
41,Oregon,41069,Wheeler,2011,2015,White (includes Hispanic),7.8
41,Oregon,41069,Wheeler,2012,2016,Asian/Pacific Islander (includes Hispanic),
41,Oregon,41069,Wheeler,2012,2016,Black (includes Hispanic),
41,Oregon,41069,Wheeler,2012,2016,Hispanic (all races),
41,Oregon,41069,Wheeler,2012,2016,American Indian/Alaskan Native (includes Hispanic),
41,Oregon,41069,Wheeler,2012,2016,White (includes Hispanic),
41,Oregon,41069,Wheeler,2013,2017,Asian/Pacific Islander (includes Hispanic),
41,Oregon,41069,Wheeler,2013,2017,Black (includes Hispanic),
41,Oregon,41069,Wheeler,2013,2017,Hispanic (all races),
41,Oregon,41069,Wheeler,2013,2017,American Indian/Alaskan Native (includes Hispanic),
41,Oregon,41069,Wheeler,2013,2017,White (includes Hispanic),
41,Oregon,41069,Wheeler,2014,2018,Asian/Pacific Islander (includes Hispanic),
41,Oregon,41069,Wheeler,2014,2018,Black (includes Hispanic),
41,Oregon,41069,Wheeler,2014,2018,Hispanic (all races),
41,Oregon,41069,Wheeler,2014,2018,American Indian/Alaskan Native (includes Hispanic),
41,Oregon,41069,Wheeler,2014,2018,White (includes Hispanic),
41,Oregon,41069,Wheeler,2015,2019,Asian/Pacific Islander (includes Hispanic),
41,Oregon,41069,Wheeler,2015,2019,Black (includes Hispanic),
41,Oregon,41069,Wheeler,2015,2019,Hispanic (all races),
41,Oregon,41069,Wheeler,2015,2019,American Indian/Alaskan Native (includes Hispanic),
41,Oregon,41069,Wheeler,2015,2019,White (includes Hispanic),
41,Oregon,41069,Wheeler,2016,2020,Asian/Pacific Islander (includes Hispanic),
41,Oregon,41069,Wheeler,2016,2020,Black (includes Hispanic),
41,Oregon,41069,Wheeler,2016,2020,Hispanic (all races),
41,Oregon,41069,Wheeler,2016,2020,American Indian/Alaskan Native (includes Hispanic),
41,Oregon,41069,Wheeler,2016,2020,White (includes Hispanic),
41,Oregon,41071,Yamhill,2011,2015,Asian/Pacific Islander (includes Hispanic),7.5
41,Oregon,41071,Yamhill,2011,2015,Black (includes Hispanic),
41,Oregon,41071,Yamhill,2011,2015,Hispanic (all races),9.3
41,Oregon,41071,Yamhill,2011,2015,American Indian/Alaskan Native (includes Hispanic),
41,Oregon,41071,Yamhill,2011,2015,White (includes Hispanic),6.9
41,Oregon,41071,Yamhill,2012,2016,Asian/Pacific Islander (includes Hispanic),8.5
41,Oregon,41071,Yamhill,2012,2016,Black (includes Hispanic),
41,Oregon,41071,Yamhill,2012,2016,Hispanic (all races),8.3
41,Oregon,41071,Yamhill,2012,2016,American Indian/Alaskan Native (includes Hispanic),
41,Oregon,41071,Yamhill,2012,2016,White (includes Hispanic),6.9
41,Oregon,41071,Yamhill,2013,2017,Asian/Pacific Islander (includes Hispanic),8.1
41,Oregon,41071,Yamhill,2013,2017,Black (includes Hispanic),
41,Oregon,41071,Yamhill,2013,2017,Hispanic (all races),8.1
41,Oregon,41071,Yamhill,2013,2017,American Indian/Alaskan Native (includes Hispanic),
41,Oregon,41071,Yamhill,2013,2017,White (includes Hispanic),6.7
41,Oregon,41071,Yamhill,2014,2018,Asian/Pacific Islander (includes Hispanic),7.1
41,Oregon,41071,Yamhill,2014,2018,Black (includes Hispanic),
41,Oregon,41071,Yamhill,2014,2018,Hispanic (all races),7.5
41,Oregon,41071,Yamhill,2014,2018,American Indian/Alaskan Native (includes Hispanic),
41,Oregon,41071,Yamhill,2014,2018,White (includes Hispanic),6.6
41,Oregon,41071,Yamhill,2015,2019,Asian/Pacific Islander (includes Hispanic),
41,Oregon,41071,Yamhill,2015,2019,Black (includes Hispanic),
41,Oregon,41071,Yamhill,2015,2019,Hispanic (all races),7.0
41,Oregon,41071,Yamhill,2015,2019,American Indian/Alaskan Native (includes Hispanic),
41,Oregon,41071,Yamhill,2015,2019,White (includes Hispanic),6.4
41,Oregon,41071,Yamhill,2016,2020,Asian/Pacific Islander (includes Hispanic),
41,Oregon,41071,Yamhill,2016,2020,Black (includes Hispanic),
41,Oregon,41071,Yamhill,2016,2020,Hispanic (all races),7.1
41,Oregon,41071,Yamhill,2016,2020,American Indian/Alaskan Native (includes Hispanic),
41,Oregon,41071,Yamhill,2016,2020,White (includes Hispanic),6.0
42,Pennsylvania,42001,Adams,2011,2015,Asian/Pacific Islander (includes Hispanic),
42,Pennsylvania,42001,Adams,2011,2015,Black (includes Hispanic),
42,Pennsylvania,42001,Adams,2011,2015,Hispanic (all races),
42,Pennsylvania,42001,Adams,2011,2015,American Indian/Alaskan Native (includes Hispanic),
42,Pennsylvania,42001,Adams,2011,2015,White (includes Hispanic),4.9
42,Pennsylvania,42001,Adams,2012,2016,Asian/Pacific Islander (includes Hispanic),
42,Pennsylvania,42001,Adams,2012,2016,Black (includes Hispanic),
42,Pennsylvania,42001,Adams,2012,2016,Hispanic (all races),
42,Pennsylvania,42001,Adams,2012,2016,American Indian/Alaskan Native (includes Hispanic),
42,Pennsylvania,42001,Adams,2012,2016,White (includes Hispanic),5.2
42,Pennsylvania,42001,Adams,2013,2017,Asian/Pacific Islander (includes Hispanic),
42,Pennsylvania,42001,Adams,2013,2017,Black (includes Hispanic),
42,Pennsylvania,42001,Adams,2013,2017,Hispanic (all races),15.3
42,Pennsylvania,42001,Adams,2013,2017,American Indian/Alaskan Native (includes Hispanic),
42,Pennsylvania,42001,Adams,2013,2017,White (includes Hispanic),5.6
42,Pennsylvania,42001,Adams,2014,2018,Asian/Pacific Islander (includes Hispanic),
42,Pennsylvania,42001,Adams,2014,2018,Black (includes Hispanic),
42,Pennsylvania,42001,Adams,2014,2018,Hispanic (all races),17.5
42,Pennsylvania,42001,Adams,2014,2018,American Indian/Alaskan Native (includes Hispanic),
42,Pennsylvania,42001,Adams,2014,2018,White (includes Hispanic),5.9
42,Pennsylvania,42001,Adams,2015,2019,Asian/Pacific Islander (includes Hispanic),
42,Pennsylvania,42001,Adams,2015,2019,Black (includes Hispanic),
42,Pennsylvania,42001,Adams,2015,2019,Hispanic (all races),14.3
42,Pennsylvania,42001,Adams,2015,2019,American Indian/Alaskan Native (includes Hispanic),
42,Pennsylvania,42001,Adams,2015,2019,White (includes Hispanic),6.2
42,Pennsylvania,42001,Adams,2016,2020,Asian/Pacific Islander (includes Hispanic),
42,Pennsylvania,42001,Adams,2016,2020,Black (includes Hispanic),
42,Pennsylvania,42001,Adams,2016,2020,Hispanic (all races),13.5
42,Pennsylvania,42001,Adams,2016,2020,American Indian/Alaskan Native (includes Hispanic),
42,Pennsylvania,42001,Adams,2016,2020,White (includes Hispanic),6.4
42,Pennsylvania,42003,Allegheny,2011,2015,Asian/Pacific Islander (includes Hispanic),
42,Pennsylvania,42003,Allegheny,2011,2015,Black (includes Hispanic),8.0
42,Pennsylvania,42003,Allegheny,2011,2015,Hispanic (all races),
42,Pennsylvania,42003,Allegheny,2011,2015,American Indian/Alaskan Native (includes Hispanic),
42,Pennsylvania,42003,Allegheny,2011,2015,White (includes Hispanic),7.0
42,Pennsylvania,42003,Allegheny,2012,2016,Asian/Pacific Islander (includes Hispanic),
42,Pennsylvania,42003,Allegheny,2012,2016,Black (includes Hispanic),8.1
42,Pennsylvania,42003,Allegheny,2012,2016,Hispanic (all races),
42,Pennsylvania,42003,Allegheny,2012,2016,American Indian/Alaskan Native (includes Hispanic),
42,Pennsylvania,42003,Allegheny,2012,2016,White (includes Hispanic),7.0
42,Pennsylvania,42003,Allegheny,2013,2017,Asian/Pacific Islander (includes Hispanic),
42,Pennsylvania,42003,Allegheny,2013,2017,Black (includes Hispanic),9.4
42,Pennsylvania,42003,Allegheny,2013,2017,Hispanic (all races),
42,Pennsylvania,42003,Allegheny,2013,2017,American Indian/Alaskan Native (includes Hispanic),
42,Pennsylvania,42003,Allegheny,2013,2017,White (includes Hispanic),6.8
42,Pennsylvania,42003,Allegheny,2014,2018,Asian/Pacific Islander (includes Hispanic),
42,Pennsylvania,42003,Allegheny,2014,2018,Black (includes Hispanic),8.3
42,Pennsylvania,42003,Allegheny,2014,2018,Hispanic (all races),
42,Pennsylvania,42003,Allegheny,2014,2018,American Indian/Alaskan Native (includes Hispanic),
42,Pennsylvania,42003,Allegheny,2014,2018,White (includes Hispanic),6.9
42,Pennsylvania,42003,Allegheny,2015,2019,Asian/Pacific Islander (includes Hispanic),
42,Pennsylvania,42003,Allegheny,2015,2019,Black (includes Hispanic),7.5
42,Pennsylvania,42003,Allegheny,2015,2019,Hispanic (all races),
42,Pennsylvania,42003,Allegheny,2015,2019,American Indian/Alaskan Native (includes Hispanic),
42,Pennsylvania,42003,Allegheny,2015,2019,White (includes Hispanic),6.6
42,Pennsylvania,42003,Allegheny,2016,2020,Asian/Pacific Islander (includes Hispanic),
42,Pennsylvania,42003,Allegheny,2016,2020,Black (includes Hispanic),7.0
42,Pennsylvania,42003,Allegheny,2016,2020,Hispanic (all races),
42,Pennsylvania,42003,Allegheny,2016,2020,American Indian/Alaskan Native (includes Hispanic),
42,Pennsylvania,42003,Allegheny,2016,2020,White (includes Hispanic),6.3
42,Pennsylvania,42005,Armstrong,2011,2015,Asian/Pacific Islander (includes Hispanic),
42,Pennsylvania,42005,Armstrong,2011,2015,Black (includes Hispanic),7.9
42,Pennsylvania,42005,Armstrong,2011,2015,Hispanic (all races),
42,Pennsylvania,42005,Armstrong,2011,2015,American Indian/Alaskan Native (includes Hispanic),
42,Pennsylvania,42005,Armstrong,2011,2015,White (includes Hispanic),6.7
42,Pennsylvania,42005,Armstrong,2012,2016,Asian/Pacific Islander (includes Hispanic),
42,Pennsylvania,42005,Armstrong,2012,2016,Black (includes Hispanic),8.0
42,Pennsylvania,42005,Armstrong,2012,2016,Hispanic (all races),
42,Pennsylvania,42005,Armstrong,2012,2016,American Indian/Alaskan Native (includes Hispanic),
42,Pennsylvania,42005,Armstrong,2012,2016,White (includes Hispanic),6.7
42,Pennsylvania,42005,Armstrong,2013,2017,Asian/Pacific Islander (includes Hispanic),
42,Pennsylvania,42005,Armstrong,2013,2017,Black (includes Hispanic),8.7
42,Pennsylvania,42005,Armstrong,2013,2017,Hispanic (all races),
42,Pennsylvania,42005,Armstrong,2013,2017,American Indian/Alaskan Native (includes Hispanic),
42,Pennsylvania,42005,Armstrong,2013,2017,White (includes Hispanic),6.6
42,Pennsylvania,42005,Armstrong,2014,2018,Asian/Pacific Islander (includes Hispanic),
42,Pennsylvania,42005,Armstrong,2014,2018,Black (includes Hispanic),7.9
42,Pennsylvania,42005,Armstrong,2014,2018,Hispanic (all races),
42,Pennsylvania,42005,Armstrong,2014,2018,American Indian/Alaskan Native (includes Hispanic),
42,Pennsylvania,42005,Armstrong,2014,2018,White (includes Hispanic),6.6
42,Pennsylvania,42005,Armstrong,2015,2019,Asian/Pacific Islander (includes Hispanic),
42,Pennsylvania,42005,Armstrong,2015,2019,Black (includes Hispanic),6.7
42,Pennsylvania,42005,Armstrong,2015,2019,Hispanic (all races),
42,Pennsylvania,42005,Armstrong,2015,2019,American Indian/Alaskan Native (includes Hispanic),
42,Pennsylvania,42005,Armstrong,2015,2019,White (includes Hispanic),6.4
42,Pennsylvania,42005,Armstrong,2016,2020,Asian/Pacific Islander (includes Hispanic),
42,Pennsylvania,42005,Armstrong,2016,2020,Black (includes Hispanic),6.4
42,Pennsylvania,42005,Armstrong,2016,2020,Hispanic (all races),
42,Pennsylvania,42005,Armstrong,2016,2020,American Indian/Alaskan Native (includes Hispanic),
42,Pennsylvania,42005,Armstrong,2016,2020,White (includes Hispanic),6.1
42,Pennsylvania,42007,Beaver,2011,2015,Asian/Pacific Islander (includes Hispanic),
42,Pennsylvania,42007,Beaver,2011,2015,Black (includes Hispanic),8.5
42,Pennsylvania,42007,Beaver,2011,2015,Hispanic (all races),
42,Pennsylvania,42007,Beaver,2011,2015,American Indian/Alaskan Native (includes Hispanic),
42,Pennsylvania,42007,Beaver,2011,2015,White (includes Hispanic),7.0
42,Pennsylvania,42007,Beaver,2012,2016,Asian/Pacific Islander (includes Hispanic),
42,Pennsylvania,42007,Beaver,2012,2016,Black (includes Hispanic),8.4
42,Pennsylvania,42007,Beaver,2012,2016,Hispanic (all races),
42,Pennsylvania,42007,Beaver,2012,2016,American Indian/Alaskan Native (includes Hispanic),
42,Pennsylvania,42007,Beaver,2012,2016,White (includes Hispanic),7.0
42,Pennsylvania,42007,Beaver,2013,2017,Asian/Pacific Islander (includes Hispanic),
42,Pennsylvania,42007,Beaver,2013,2017,Black (includes Hispanic),9.7
42,Pennsylvania,42007,Beaver,2013,2017,Hispanic (all races),
42,Pennsylvania,42007,Beaver,2013,2017,American Indian/Alaskan Native (includes Hispanic),
42,Pennsylvania,42007,Beaver,2013,2017,White (includes Hispanic),7.0
42,Pennsylvania,42007,Beaver,2014,2018,Asian/Pacific Islander (includes Hispanic),
42,Pennsylvania,42007,Beaver,2014,2018,Black (includes Hispanic),8.3
42,Pennsylvania,42007,Beaver,2014,2018,Hispanic (all races),
42,Pennsylvania,42007,Beaver,2014,2018,American Indian/Alaskan Native (includes Hispanic),
42,Pennsylvania,42007,Beaver,2014,2018,White (includes Hispanic),7.0
42,Pennsylvania,42007,Beaver,2015,2019,Asian/Pacific Islander (includes Hispanic),
42,Pennsylvania,42007,Beaver,2015,2019,Black (includes Hispanic),7.5
42,Pennsylvania,42007,Beaver,2015,2019,Hispanic (all races),
42,Pennsylvania,42007,Beaver,2015,2019,American Indian/Alaskan Native (includes Hispanic),
42,Pennsylvania,42007,Beaver,2015,2019,White (includes Hispanic),6.5
42,Pennsylvania,42007,Beaver,2016,2020,Asian/Pacific Islander (includes Hispanic),
42,Pennsylvania,42007,Beaver,2016,2020,Black (includes Hispanic),7.0
42,Pennsylvania,42007,Beaver,2016,2020,Hispanic (all races),
42,Pennsylvania,42007,Beaver,2016,2020,American Indian/Alaskan Native (includes Hispanic),
42,Pennsylvania,42007,Beaver,2016,2020,White (includes Hispanic),6.3
42,Pennsylvania,42009,Bedford,2011,2015,Asian/Pacific Islander (includes Hispanic),
42,Pennsylvania,42009,Bedford,2011,2015,Black (includes Hispanic),
42,Pennsylvania,42009,Bedford,2011,2015,Hispanic (all races),
42,Pennsylvania,42009,Bedford,2011,2015,American Indian/Alaskan Native (includes Hispanic),
42,Pennsylvania,42009,Bedford,2011,2015,White (includes Hispanic),7.1
42,Pennsylvania,42009,Bedford,2012,2016,Asian/Pacific Islander (includes Hispanic),
42,Pennsylvania,42009,Bedford,2012,2016,Black (includes Hispanic),
42,Pennsylvania,42009,Bedford,2012,2016,Hispanic (all races),
42,Pennsylvania,42009,Bedford,2012,2016,American Indian/Alaskan Native (includes Hispanic),
42,Pennsylvania,42009,Bedford,2012,2016,White (includes Hispanic),6.4
42,Pennsylvania,42009,Bedford,2013,2017,Asian/Pacific Islander (includes Hispanic),
42,Pennsylvania,42009,Bedford,2013,2017,Black (includes Hispanic),
42,Pennsylvania,42009,Bedford,2013,2017,Hispanic (all races),
42,Pennsylvania,42009,Bedford,2013,2017,American Indian/Alaskan Native (includes Hispanic),
42,Pennsylvania,42009,Bedford,2013,2017,White (includes Hispanic),5.9
42,Pennsylvania,42009,Bedford,2014,2018,Asian/Pacific Islander (includes Hispanic),
42,Pennsylvania,42009,Bedford,2014,2018,Black (includes Hispanic),
42,Pennsylvania,42009,Bedford,2014,2018,Hispanic (all races),
42,Pennsylvania,42009,Bedford,2014,2018,American Indian/Alaskan Native (includes Hispanic),
42,Pennsylvania,42009,Bedford,2014,2018,White (includes Hispanic),5.8
42,Pennsylvania,42009,Bedford,2015,2019,Asian/Pacific Islander (includes Hispanic),
42,Pennsylvania,42009,Bedford,2015,2019,Black (includes Hispanic),
42,Pennsylvania,42009,Bedford,2015,2019,Hispanic (all races),
42,Pennsylvania,42009,Bedford,2015,2019,American Indian/Alaskan Native (includes Hispanic),
42,Pennsylvania,42009,Bedford,2015,2019,White (includes Hispanic),6.0
42,Pennsylvania,42009,Bedford,2016,2020,Asian/Pacific Islander (includes Hispanic),
42,Pennsylvania,42009,Bedford,2016,2020,Black (includes Hispanic),
42,Pennsylvania,42009,Bedford,2016,2020,Hispanic (all races),
42,Pennsylvania,42009,Bedford,2016,2020,American Indian/Alaskan Native (includes Hispanic),
42,Pennsylvania,42009,Bedford,2016,2020,White (includes Hispanic),5.8
42,Pennsylvania,42011,Berks,2011,2015,Asian/Pacific Islander (includes Hispanic),6.8
42,Pennsylvania,42011,Berks,2011,2015,Black (includes Hispanic),8.5
42,Pennsylvania,42011,Berks,2011,2015,Hispanic (all races),9.8
42,Pennsylvania,42011,Berks,2011,2015,American Indian/Alaskan Native (includes Hispanic),
42,Pennsylvania,42011,Berks,2011,2015,White (includes Hispanic),6.4
42,Pennsylvania,42011,Berks,2012,2016,Asian/Pacific Islander (includes Hispanic),
42,Pennsylvania,42011,Berks,2012,2016,Black (includes Hispanic),9.7
42,Pennsylvania,42011,Berks,2012,2016,Hispanic (all races),10.2
42,Pennsylvania,42011,Berks,2012,2016,American Indian/Alaskan Native (includes Hispanic),
42,Pennsylvania,42011,Berks,2012,2016,White (includes Hispanic),6.2
42,Pennsylvania,42011,Berks,2013,2017,Asian/Pacific Islander (includes Hispanic),5.3
42,Pennsylvania,42011,Berks,2013,2017,Black (includes Hispanic),8.0
42,Pennsylvania,42011,Berks,2013,2017,Hispanic (all races),10.7
42,Pennsylvania,42011,Berks,2013,2017,American Indian/Alaskan Native (includes Hispanic),
42,Pennsylvania,42011,Berks,2013,2017,White (includes Hispanic),6.1
42,Pennsylvania,42011,Berks,2014,2018,Asian/Pacific Islander (includes Hispanic),
42,Pennsylvania,42011,Berks,2014,2018,Black (includes Hispanic),8.4
42,Pennsylvania,42011,Berks,2014,2018,Hispanic (all races),11.6
42,Pennsylvania,42011,Berks,2014,2018,American Indian/Alaskan Native (includes Hispanic),
42,Pennsylvania,42011,Berks,2014,2018,White (includes Hispanic),6.0
42,Pennsylvania,42011,Berks,2015,2019,Asian/Pacific Islander (includes Hispanic),
42,Pennsylvania,42011,Berks,2015,2019,Black (includes Hispanic),10.1
42,Pennsylvania,42011,Berks,2015,2019,Hispanic (all races),10.6
42,Pennsylvania,42011,Berks,2015,2019,American Indian/Alaskan Native (includes Hispanic),
42,Pennsylvania,42011,Berks,2015,2019,White (includes Hispanic),6.0
42,Pennsylvania,42011,Berks,2016,2020,Asian/Pacific Islander (includes Hispanic),5.2
42,Pennsylvania,42011,Berks,2016,2020,Black (includes Hispanic),9.7
42,Pennsylvania,42011,Berks,2016,2020,Hispanic (all races),10.9
42,Pennsylvania,42011,Berks,2016,2020,American Indian/Alaskan Native (includes Hispanic),
42,Pennsylvania,42011,Berks,2016,2020,White (includes Hispanic),5.8
42,Pennsylvania,42013,Blair,2011,2015,Asian/Pacific Islander (includes Hispanic),
42,Pennsylvania,42013,Blair,2011,2015,Black (includes Hispanic),
42,Pennsylvania,42013,Blair,2011,2015,Hispanic (all races),
42,Pennsylvania,42013,Blair,2011,2015,American Indian/Alaskan Native (includes Hispanic),
42,Pennsylvania,42013,Blair,2011,2015,White (includes Hispanic),6.6
42,Pennsylvania,42013,Blair,2012,2016,Asian/Pacific Islander (includes Hispanic),
42,Pennsylvania,42013,Blair,2012,2016,Black (includes Hispanic),
42,Pennsylvania,42013,Blair,2012,2016,Hispanic (all races),
42,Pennsylvania,42013,Blair,2012,2016,American Indian/Alaskan Native (includes Hispanic),
42,Pennsylvania,42013,Blair,2012,2016,White (includes Hispanic),6.1
42,Pennsylvania,42013,Blair,2013,2017,Asian/Pacific Islander (includes Hispanic),
42,Pennsylvania,42013,Blair,2013,2017,Black (includes Hispanic),
42,Pennsylvania,42013,Blair,2013,2017,Hispanic (all races),
42,Pennsylvania,42013,Blair,2013,2017,American Indian/Alaskan Native (includes Hispanic),
42,Pennsylvania,42013,Blair,2013,2017,White (includes Hispanic),6.0
42,Pennsylvania,42013,Blair,2014,2018,Asian/Pacific Islander (includes Hispanic),
42,Pennsylvania,42013,Blair,2014,2018,Black (includes Hispanic),
42,Pennsylvania,42013,Blair,2014,2018,Hispanic (all races),
42,Pennsylvania,42013,Blair,2014,2018,American Indian/Alaskan Native (includes Hispanic),
42,Pennsylvania,42013,Blair,2014,2018,White (includes Hispanic),5.8
42,Pennsylvania,42013,Blair,2015,2019,Asian/Pacific Islander (includes Hispanic),
42,Pennsylvania,42013,Blair,2015,2019,Black (includes Hispanic),
42,Pennsylvania,42013,Blair,2015,2019,Hispanic (all races),
42,Pennsylvania,42013,Blair,2015,2019,American Indian/Alaskan Native (includes Hispanic),
42,Pennsylvania,42013,Blair,2015,2019,White (includes Hispanic),6.0
42,Pennsylvania,42013,Blair,2016,2020,Asian/Pacific Islander (includes Hispanic),
42,Pennsylvania,42013,Blair,2016,2020,Black (includes Hispanic),
42,Pennsylvania,42013,Blair,2016,2020,Hispanic (all races),
42,Pennsylvania,42013,Blair,2016,2020,American Indian/Alaskan Native (includes Hispanic),
42,Pennsylvania,42013,Blair,2016,2020,White (includes Hispanic),5.6
42,Pennsylvania,42015,Bradford,2011,2015,Asian/Pacific Islander (includes Hispanic),
42,Pennsylvania,42015,Bradford,2011,2015,Black (includes Hispanic),
42,Pennsylvania,42015,Bradford,2011,2015,Hispanic (all races),
42,Pennsylvania,42015,Bradford,2011,2015,American Indian/Alaskan Native (includes Hispanic),
42,Pennsylvania,42015,Bradford,2011,2015,White (includes Hispanic),7.0
42,Pennsylvania,42015,Bradford,2012,2016,Asian/Pacific Islander (includes Hispanic),
42,Pennsylvania,42015,Bradford,2012,2016,Black (includes Hispanic),
42,Pennsylvania,42015,Bradford,2012,2016,Hispanic (all races),
42,Pennsylvania,42015,Bradford,2012,2016,American Indian/Alaskan Native (includes Hispanic),
42,Pennsylvania,42015,Bradford,2012,2016,White (includes Hispanic),7.5
42,Pennsylvania,42015,Bradford,2013,2017,Asian/Pacific Islander (includes Hispanic),
42,Pennsylvania,42015,Bradford,2013,2017,Black (includes Hispanic),
42,Pennsylvania,42015,Bradford,2013,2017,Hispanic (all races),
42,Pennsylvania,42015,Bradford,2013,2017,American Indian/Alaskan Native (includes Hispanic),
42,Pennsylvania,42015,Bradford,2013,2017,White (includes Hispanic),7.8
42,Pennsylvania,42015,Bradford,2014,2018,Asian/Pacific Islander (includes Hispanic),
42,Pennsylvania,42015,Bradford,2014,2018,Black (includes Hispanic),
42,Pennsylvania,42015,Bradford,2014,2018,Hispanic (all races),
42,Pennsylvania,42015,Bradford,2014,2018,American Indian/Alaskan Native (includes Hispanic),
42,Pennsylvania,42015,Bradford,2014,2018,White (includes Hispanic),7.7
42,Pennsylvania,42015,Bradford,2015,2019,Asian/Pacific Islander (includes Hispanic),
42,Pennsylvania,42015,Bradford,2015,2019,Black (includes Hispanic),
42,Pennsylvania,42015,Bradford,2015,2019,Hispanic (all races),
42,Pennsylvania,42015,Bradford,2015,2019,American Indian/Alaskan Native (includes Hispanic),
42,Pennsylvania,42015,Bradford,2015,2019,White (includes Hispanic),7.7
42,Pennsylvania,42015,Bradford,2016,2020,Asian/Pacific Islander (includes Hispanic),
42,Pennsylvania,42015,Bradford,2016,2020,Black (includes Hispanic),
42,Pennsylvania,42015,Bradford,2016,2020,Hispanic (all races),
42,Pennsylvania,42015,Bradford,2016,2020,American Indian/Alaskan Native (includes Hispanic),
42,Pennsylvania,42015,Bradford,2016,2020,White (includes Hispanic),8.3
42,Pennsylvania,42017,Bucks,2011,2015,Asian/Pacific Islander (includes Hispanic),5.7
42,Pennsylvania,42017,Bucks,2011,2015,Black (includes Hispanic),10.5
42,Pennsylvania,42017,Bucks,2011,2015,Hispanic (all races),10.4
42,Pennsylvania,42017,Bucks,2011,2015,American Indian/Alaskan Native (includes Hispanic),
42,Pennsylvania,42017,Bucks,2011,2015,White (includes Hispanic),6.9
42,Pennsylvania,42017,Bucks,2012,2016,Asian/Pacific Islander (includes Hispanic),5.5
42,Pennsylvania,42017,Bucks,2012,2016,Black (includes Hispanic),9.9
42,Pennsylvania,42017,Bucks,2012,2016,Hispanic (all races),10.4
42,Pennsylvania,42017,Bucks,2012,2016,American Indian/Alaskan Native (includes Hispanic),
42,Pennsylvania,42017,Bucks,2012,2016,White (includes Hispanic),6.9
42,Pennsylvania,42017,Bucks,2013,2017,Asian/Pacific Islander (includes Hispanic),5.1
42,Pennsylvania,42017,Bucks,2013,2017,Black (includes Hispanic),10.1
42,Pennsylvania,42017,Bucks,2013,2017,Hispanic (all races),10.7
42,Pennsylvania,42017,Bucks,2013,2017,American Indian/Alaskan Native (includes Hispanic),
42,Pennsylvania,42017,Bucks,2013,2017,White (includes Hispanic),7.0
42,Pennsylvania,42017,Bucks,2014,2018,Asian/Pacific Islander (includes Hispanic),4.9
42,Pennsylvania,42017,Bucks,2014,2018,Black (includes Hispanic),9.5
42,Pennsylvania,42017,Bucks,2014,2018,Hispanic (all races),10.7
42,Pennsylvania,42017,Bucks,2014,2018,American Indian/Alaskan Native (includes Hispanic),
42,Pennsylvania,42017,Bucks,2014,2018,White (includes Hispanic),7.1
42,Pennsylvania,42017,Bucks,2015,2019,Asian/Pacific Islander (includes Hispanic),5.5
42,Pennsylvania,42017,Bucks,2015,2019,Black (includes Hispanic),9.3
42,Pennsylvania,42017,Bucks,2015,2019,Hispanic (all races),10.5
42,Pennsylvania,42017,Bucks,2015,2019,American Indian/Alaskan Native (includes Hispanic),
42,Pennsylvania,42017,Bucks,2015,2019,White (includes Hispanic),7.0
42,Pennsylvania,42017,Bucks,2016,2020,Asian/Pacific Islander (includes Hispanic),6.0
42,Pennsylvania,42017,Bucks,2016,2020,Black (includes Hispanic),9.3
42,Pennsylvania,42017,Bucks,2016,2020,Hispanic (all races),10.3
42,Pennsylvania,42017,Bucks,2016,2020,American Indian/Alaskan Native (includes Hispanic),
42,Pennsylvania,42017,Bucks,2016,2020,White (includes Hispanic),6.8
42,Pennsylvania,42019,Butler,2011,2015,Asian/Pacific Islander (includes Hispanic),
42,Pennsylvania,42019,Butler,2011,2015,Black (includes Hispanic),8.9
42,Pennsylvania,42019,Butler,2011,2015,Hispanic (all races),
42,Pennsylvania,42019,Butler,2011,2015,American Indian/Alaskan Native (includes Hispanic),
42,Pennsylvania,42019,Butler,2011,2015,White (includes Hispanic),6.4
42,Pennsylvania,42019,Butler,2012,2016,Asian/Pacific Islander (includes Hispanic),
42,Pennsylvania,42019,Butler,2012,2016,Black (includes Hispanic),9.0
42,Pennsylvania,42019,Butler,2012,2016,Hispanic (all races),
42,Pennsylvania,42019,Butler,2012,2016,American Indian/Alaskan Native (includes Hispanic),
42,Pennsylvania,42019,Butler,2012,2016,White (includes Hispanic),6.5
42,Pennsylvania,42019,Butler,2013,2017,Asian/Pacific Islander (includes Hispanic),
42,Pennsylvania,42019,Butler,2013,2017,Black (includes Hispanic),9.9
42,Pennsylvania,42019,Butler,2013,2017,Hispanic (all races),
42,Pennsylvania,42019,Butler,2013,2017,American Indian/Alaskan Native (includes Hispanic),
42,Pennsylvania,42019,Butler,2013,2017,White (includes Hispanic),6.5
42,Pennsylvania,42019,Butler,2014,2018,Asian/Pacific Islander (includes Hispanic),
42,Pennsylvania,42019,Butler,2014,2018,Black (includes Hispanic),8.7
42,Pennsylvania,42019,Butler,2014,2018,Hispanic (all races),
42,Pennsylvania,42019,Butler,2014,2018,American Indian/Alaskan Native (includes Hispanic),
42,Pennsylvania,42019,Butler,2014,2018,White (includes Hispanic),6.7
42,Pennsylvania,42019,Butler,2015,2019,Asian/Pacific Islander (includes Hispanic),
42,Pennsylvania,42019,Butler,2015,2019,Black (includes Hispanic),7.8
42,Pennsylvania,42019,Butler,2015,2019,Hispanic (all races),
42,Pennsylvania,42019,Butler,2015,2019,American Indian/Alaskan Native (includes Hispanic),
42,Pennsylvania,42019,Butler,2015,2019,White (includes Hispanic),6.3
42,Pennsylvania,42019,Butler,2016,2020,Asian/Pacific Islander (includes Hispanic),
42,Pennsylvania,42019,Butler,2016,2020,Black (includes Hispanic),7.2
42,Pennsylvania,42019,Butler,2016,2020,Hispanic (all races),
42,Pennsylvania,42019,Butler,2016,2020,American Indian/Alaskan Native (includes Hispanic),
42,Pennsylvania,42019,Butler,2016,2020,White (includes Hispanic),6.1
42,Pennsylvania,42021,Cambria,2011,2015,Asian/Pacific Islander (includes Hispanic),
42,Pennsylvania,42021,Cambria,2011,2015,Black (includes Hispanic),
42,Pennsylvania,42021,Cambria,2011,2015,Hispanic (all races),
42,Pennsylvania,42021,Cambria,2011,2015,American Indian/Alaskan Native (includes Hispanic),
42,Pennsylvania,42021,Cambria,2011,2015,White (includes Hispanic),7.8
42,Pennsylvania,42021,Cambria,2012,2016,Asian/Pacific Islander (includes Hispanic),
42,Pennsylvania,42021,Cambria,2012,2016,Black (includes Hispanic),
42,Pennsylvania,42021,Cambria,2012,2016,Hispanic (all races),
42,Pennsylvania,42021,Cambria,2012,2016,American Indian/Alaskan Native (includes Hispanic),
42,Pennsylvania,42021,Cambria,2012,2016,White (includes Hispanic),6.7
42,Pennsylvania,42021,Cambria,2013,2017,Asian/Pacific Islander (includes Hispanic),
42,Pennsylvania,42021,Cambria,2013,2017,Black (includes Hispanic),
42,Pennsylvania,42021,Cambria,2013,2017,Hispanic (all races),
42,Pennsylvania,42021,Cambria,2013,2017,American Indian/Alaskan Native (includes Hispanic),
42,Pennsylvania,42021,Cambria,2013,2017,White (includes Hispanic),6.5
42,Pennsylvania,42021,Cambria,2014,2018,Asian/Pacific Islander (includes Hispanic),
42,Pennsylvania,42021,Cambria,2014,2018,Black (includes Hispanic),
42,Pennsylvania,42021,Cambria,2014,2018,Hispanic (all races),
42,Pennsylvania,42021,Cambria,2014,2018,American Indian/Alaskan Native (includes Hispanic),
42,Pennsylvania,42021,Cambria,2014,2018,White (includes Hispanic),6.3
42,Pennsylvania,42021,Cambria,2015,2019,Asian/Pacific Islander (includes Hispanic),
42,Pennsylvania,42021,Cambria,2015,2019,Black (includes Hispanic),
42,Pennsylvania,42021,Cambria,2015,2019,Hispanic (all races),
42,Pennsylvania,42021,Cambria,2015,2019,American Indian/Alaskan Native (includes Hispanic),
42,Pennsylvania,42021,Cambria,2015,2019,White (includes Hispanic),6.9
42,Pennsylvania,42021,Cambria,2016,2020,Asian/Pacific Islander (includes Hispanic),
42,Pennsylvania,42021,Cambria,2016,2020,Black (includes Hispanic),
42,Pennsylvania,42021,Cambria,2016,2020,Hispanic (all races),
42,Pennsylvania,42021,Cambria,2016,2020,American Indian/Alaskan Native (includes Hispanic),
42,Pennsylvania,42021,Cambria,2016,2020,White (includes Hispanic),6.4
42,Pennsylvania,42023,Cameron,2011,2015,Asian/Pacific Islander (includes Hispanic),
42,Pennsylvania,42023,Cameron,2011,2015,Black (includes Hispanic),
42,Pennsylvania,42023,Cameron,2011,2015,Hispanic (all races),
42,Pennsylvania,42023,Cameron,2011,2015,American Indian/Alaskan Native (includes Hispanic),
42,Pennsylvania,42023,Cameron,2011,2015,White (includes Hispanic),8.1
42,Pennsylvania,42023,Cameron,2012,2016,Asian/Pacific Islander (includes Hispanic),
42,Pennsylvania,42023,Cameron,2012,2016,Black (includes Hispanic),
42,Pennsylvania,42023,Cameron,2012,2016,Hispanic (all races),
42,Pennsylvania,42023,Cameron,2012,2016,American Indian/Alaskan Native (includes Hispanic),
42,Pennsylvania,42023,Cameron,2012,2016,White (includes Hispanic),7.2
42,Pennsylvania,42023,Cameron,2013,2017,Asian/Pacific Islander (includes Hispanic),
42,Pennsylvania,42023,Cameron,2013,2017,Black (includes Hispanic),
42,Pennsylvania,42023,Cameron,2013,2017,Hispanic (all races),
42,Pennsylvania,42023,Cameron,2013,2017,American Indian/Alaskan Native (includes Hispanic),
42,Pennsylvania,42023,Cameron,2013,2017,White (includes Hispanic),8.2
42,Pennsylvania,42023,Cameron,2014,2018,Asian/Pacific Islander (includes Hispanic),
42,Pennsylvania,42023,Cameron,2014,2018,Black (includes Hispanic),
42,Pennsylvania,42023,Cameron,2014,2018,Hispanic (all races),
42,Pennsylvania,42023,Cameron,2014,2018,American Indian/Alaskan Native (includes Hispanic),
42,Pennsylvania,42023,Cameron,2014,2018,White (includes Hispanic),7.0
42,Pennsylvania,42023,Cameron,2015,2019,Asian/Pacific Islander (includes Hispanic),
42,Pennsylvania,42023,Cameron,2015,2019,Black (includes Hispanic),
42,Pennsylvania,42023,Cameron,2015,2019,Hispanic (all races),
42,Pennsylvania,42023,Cameron,2015,2019,American Indian/Alaskan Native (includes Hispanic),
42,Pennsylvania,42023,Cameron,2015,2019,White (includes Hispanic),7.4
42,Pennsylvania,42023,Cameron,2016,2020,Asian/Pacific Islander (includes Hispanic),
42,Pennsylvania,42023,Cameron,2016,2020,Black (includes Hispanic),
42,Pennsylvania,42023,Cameron,2016,2020,Hispanic (all races),
42,Pennsylvania,42023,Cameron,2016,2020,American Indian/Alaskan Native (includes Hispanic),
42,Pennsylvania,42023,Cameron,2016,2020,White (includes Hispanic),7.7
42,Pennsylvania,42025,Carbon,2011,2015,Asian/Pacific Islander (includes Hispanic),
42,Pennsylvania,42025,Carbon,2011,2015,Black (includes Hispanic),9.2
42,Pennsylvania,42025,Carbon,2011,2015,Hispanic (all races),12.6
42,Pennsylvania,42025,Carbon,2011,2015,American Indian/Alaskan Native (includes Hispanic),
42,Pennsylvania,42025,Carbon,2011,2015,White (includes Hispanic),9.3
42,Pennsylvania,42025,Carbon,2012,2016,Asian/Pacific Islander (includes Hispanic),
42,Pennsylvania,42025,Carbon,2012,2016,Black (includes Hispanic),11.1
42,Pennsylvania,42025,Carbon,2012,2016,Hispanic (all races),13.7
42,Pennsylvania,42025,Carbon,2012,2016,American Indian/Alaskan Native (includes Hispanic),
42,Pennsylvania,42025,Carbon,2012,2016,White (includes Hispanic),8.9
42,Pennsylvania,42025,Carbon,2013,2017,Asian/Pacific Islander (includes Hispanic),
42,Pennsylvania,42025,Carbon,2013,2017,Black (includes Hispanic),11.5
42,Pennsylvania,42025,Carbon,2013,2017,Hispanic (all races),14.4
42,Pennsylvania,42025,Carbon,2013,2017,American Indian/Alaskan Native (includes Hispanic),
42,Pennsylvania,42025,Carbon,2013,2017,White (includes Hispanic),8.6
42,Pennsylvania,42025,Carbon,2014,2018,Asian/Pacific Islander (includes Hispanic),
42,Pennsylvania,42025,Carbon,2014,2018,Black (includes Hispanic),9.8
42,Pennsylvania,42025,Carbon,2014,2018,Hispanic (all races),13.1
42,Pennsylvania,42025,Carbon,2014,2018,American Indian/Alaskan Native (includes Hispanic),
42,Pennsylvania,42025,Carbon,2014,2018,White (includes Hispanic),8.3
42,Pennsylvania,42025,Carbon,2015,2019,Asian/Pacific Islander (includes Hispanic),
42,Pennsylvania,42025,Carbon,2015,2019,Black (includes Hispanic),10.2
42,Pennsylvania,42025,Carbon,2015,2019,Hispanic (all races),12.1
42,Pennsylvania,42025,Carbon,2015,2019,American Indian/Alaskan Native (includes Hispanic),
42,Pennsylvania,42025,Carbon,2015,2019,White (includes Hispanic),8.3
42,Pennsylvania,42025,Carbon,2016,2020,Asian/Pacific Islander (includes Hispanic),
42,Pennsylvania,42025,Carbon,2016,2020,Black (includes Hispanic),10.3
42,Pennsylvania,42025,Carbon,2016,2020,Hispanic (all races),11.5
42,Pennsylvania,42025,Carbon,2016,2020,American Indian/Alaskan Native (includes Hispanic),
42,Pennsylvania,42025,Carbon,2016,2020,White (includes Hispanic),7.5
42,Pennsylvania,42027,Centre,2011,2015,Asian/Pacific Islander (includes Hispanic),
42,Pennsylvania,42027,Centre,2011,2015,Black (includes Hispanic),
42,Pennsylvania,42027,Centre,2011,2015,Hispanic (all races),
42,Pennsylvania,42027,Centre,2011,2015,American Indian/Alaskan Native (includes Hispanic),
42,Pennsylvania,42027,Centre,2011,2015,White (includes Hispanic),6.5
42,Pennsylvania,42027,Centre,2012,2016,Asian/Pacific Islander (includes Hispanic),
42,Pennsylvania,42027,Centre,2012,2016,Black (includes Hispanic),
42,Pennsylvania,42027,Centre,2012,2016,Hispanic (all races),
42,Pennsylvania,42027,Centre,2012,2016,American Indian/Alaskan Native (includes Hispanic),
42,Pennsylvania,42027,Centre,2012,2016,White (includes Hispanic),6.3
42,Pennsylvania,42027,Centre,2013,2017,Asian/Pacific Islander (includes Hispanic),
42,Pennsylvania,42027,Centre,2013,2017,Black (includes Hispanic),
42,Pennsylvania,42027,Centre,2013,2017,Hispanic (all races),
42,Pennsylvania,42027,Centre,2013,2017,American Indian/Alaskan Native (includes Hispanic),
42,Pennsylvania,42027,Centre,2013,2017,White (includes Hispanic),6.2
42,Pennsylvania,42027,Centre,2014,2018,Asian/Pacific Islander (includes Hispanic),
42,Pennsylvania,42027,Centre,2014,2018,Black (includes Hispanic),
42,Pennsylvania,42027,Centre,2014,2018,Hispanic (all races),
42,Pennsylvania,42027,Centre,2014,2018,American Indian/Alaskan Native (includes Hispanic),
42,Pennsylvania,42027,Centre,2014,2018,White (includes Hispanic),5.7
42,Pennsylvania,42027,Centre,2015,2019,Asian/Pacific Islander (includes Hispanic),
42,Pennsylvania,42027,Centre,2015,2019,Black (includes Hispanic),
42,Pennsylvania,42027,Centre,2015,2019,Hispanic (all races),
42,Pennsylvania,42027,Centre,2015,2019,American Indian/Alaskan Native (includes Hispanic),
42,Pennsylvania,42027,Centre,2015,2019,White (includes Hispanic),5.4
42,Pennsylvania,42027,Centre,2016,2020,Asian/Pacific Islander (includes Hispanic),
42,Pennsylvania,42027,Centre,2016,2020,Black (includes Hispanic),
42,Pennsylvania,42027,Centre,2016,2020,Hispanic (all races),
42,Pennsylvania,42027,Centre,2016,2020,American Indian/Alaskan Native (includes Hispanic),
42,Pennsylvania,42027,Centre,2016,2020,White (includes Hispanic),5.4
42,Pennsylvania,42029,Chester,2011,2015,Asian/Pacific Islander (includes Hispanic),6.1
42,Pennsylvania,42029,Chester,2011,2015,Black (includes Hispanic),9.2
42,Pennsylvania,42029,Chester,2011,2015,Hispanic (all races),8.8
42,Pennsylvania,42029,Chester,2011,2015,American Indian/Alaskan Native (includes Hispanic),
42,Pennsylvania,42029,Chester,2011,2015,White (includes Hispanic),6.3
42,Pennsylvania,42029,Chester,2012,2016,Asian/Pacific Islander (includes Hispanic),4.6
42,Pennsylvania,42029,Chester,2012,2016,Black (includes Hispanic),9.2
42,Pennsylvania,42029,Chester,2012,2016,Hispanic (all races),8.8
42,Pennsylvania,42029,Chester,2012,2016,American Indian/Alaskan Native (includes Hispanic),
42,Pennsylvania,42029,Chester,2012,2016,White (includes Hispanic),6.2
42,Pennsylvania,42029,Chester,2013,2017,Asian/Pacific Islander (includes Hispanic),5.6
42,Pennsylvania,42029,Chester,2013,2017,Black (includes Hispanic),8.2
42,Pennsylvania,42029,Chester,2013,2017,Hispanic (all races),8.1
42,Pennsylvania,42029,Chester,2013,2017,American Indian/Alaskan Native (includes Hispanic),
42,Pennsylvania,42029,Chester,2013,2017,White (includes Hispanic),5.9
42,Pennsylvania,42029,Chester,2014,2018,Asian/Pacific Islander (includes Hispanic),4.7
42,Pennsylvania,42029,Chester,2014,2018,Black (includes Hispanic),7.9
42,Pennsylvania,42029,Chester,2014,2018,Hispanic (all races),9.5
42,Pennsylvania,42029,Chester,2014,2018,American Indian/Alaskan Native (includes Hispanic),
42,Pennsylvania,42029,Chester,2014,2018,White (includes Hispanic),6.2
42,Pennsylvania,42029,Chester,2015,2019,Asian/Pacific Islander (includes Hispanic),5.2
42,Pennsylvania,42029,Chester,2015,2019,Black (includes Hispanic),8.1
42,Pennsylvania,42029,Chester,2015,2019,Hispanic (all races),9.0
42,Pennsylvania,42029,Chester,2015,2019,American Indian/Alaskan Native (includes Hispanic),
42,Pennsylvania,42029,Chester,2015,2019,White (includes Hispanic),6.2
42,Pennsylvania,42029,Chester,2016,2020,Asian/Pacific Islander (includes Hispanic),5.1
42,Pennsylvania,42029,Chester,2016,2020,Black (includes Hispanic),7.4
42,Pennsylvania,42029,Chester,2016,2020,Hispanic (all races),9.3
42,Pennsylvania,42029,Chester,2016,2020,American Indian/Alaskan Native (includes Hispanic),
42,Pennsylvania,42029,Chester,2016,2020,White (includes Hispanic),6.1
42,Pennsylvania,42031,Clarion,2011,2015,Asian/Pacific Islander (includes Hispanic),
42,Pennsylvania,42031,Clarion,2011,2015,Black (includes Hispanic),
42,Pennsylvania,42031,Clarion,2011,2015,Hispanic (all races),
42,Pennsylvania,42031,Clarion,2011,2015,American Indian/Alaskan Native (includes Hispanic),
42,Pennsylvania,42031,Clarion,2011,2015,White (includes Hispanic),5.0
42,Pennsylvania,42031,Clarion,2012,2016,Asian/Pacific Islander (includes Hispanic),
42,Pennsylvania,42031,Clarion,2012,2016,Black (includes Hispanic),
42,Pennsylvania,42031,Clarion,2012,2016,Hispanic (all races),
42,Pennsylvania,42031,Clarion,2012,2016,American Indian/Alaskan Native (includes Hispanic),
42,Pennsylvania,42031,Clarion,2012,2016,White (includes Hispanic),5.5
42,Pennsylvania,42031,Clarion,2013,2017,Asian/Pacific Islander (includes Hispanic),
42,Pennsylvania,42031,Clarion,2013,2017,Black (includes Hispanic),
42,Pennsylvania,42031,Clarion,2013,2017,Hispanic (all races),
42,Pennsylvania,42031,Clarion,2013,2017,American Indian/Alaskan Native (includes Hispanic),
42,Pennsylvania,42031,Clarion,2013,2017,White (includes Hispanic),5.0
42,Pennsylvania,42031,Clarion,2014,2018,Asian/Pacific Islander (includes Hispanic),
42,Pennsylvania,42031,Clarion,2014,2018,Black (includes Hispanic),
42,Pennsylvania,42031,Clarion,2014,2018,Hispanic (all races),
42,Pennsylvania,42031,Clarion,2014,2018,American Indian/Alaskan Native (includes Hispanic),
42,Pennsylvania,42031,Clarion,2014,2018,White (includes Hispanic),5.4
42,Pennsylvania,42031,Clarion,2015,2019,Asian/Pacific Islander (includes Hispanic),
42,Pennsylvania,42031,Clarion,2015,2019,Black (includes Hispanic),
42,Pennsylvania,42031,Clarion,2015,2019,Hispanic (all races),
42,Pennsylvania,42031,Clarion,2015,2019,American Indian/Alaskan Native (includes Hispanic),
42,Pennsylvania,42031,Clarion,2015,2019,White (includes Hispanic),4.9
42,Pennsylvania,42031,Clarion,2016,2020,Asian/Pacific Islander (includes Hispanic),
42,Pennsylvania,42031,Clarion,2016,2020,Black (includes Hispanic),
42,Pennsylvania,42031,Clarion,2016,2020,Hispanic (all races),
42,Pennsylvania,42031,Clarion,2016,2020,American Indian/Alaskan Native (includes Hispanic),
42,Pennsylvania,42031,Clarion,2016,2020,White (includes Hispanic),5.5
42,Pennsylvania,42033,Clearfield,2011,2015,Asian/Pacific Islander (includes Hispanic),
42,Pennsylvania,42033,Clearfield,2011,2015,Black (includes Hispanic),
42,Pennsylvania,42033,Clearfield,2011,2015,Hispanic (all races),
42,Pennsylvania,42033,Clearfield,2011,2015,American Indian/Alaskan Native (includes Hispanic),
42,Pennsylvania,42033,Clearfield,2011,2015,White (includes Hispanic),7.2
42,Pennsylvania,42033,Clearfield,2012,2016,Asian/Pacific Islander (includes Hispanic),
42,Pennsylvania,42033,Clearfield,2012,2016,Black (includes Hispanic),
42,Pennsylvania,42033,Clearfield,2012,2016,Hispanic (all races),
42,Pennsylvania,42033,Clearfield,2012,2016,American Indian/Alaskan Native (includes Hispanic),
42,Pennsylvania,42033,Clearfield,2012,2016,White (includes Hispanic),6.7
42,Pennsylvania,42033,Clearfield,2013,2017,Asian/Pacific Islander (includes Hispanic),
42,Pennsylvania,42033,Clearfield,2013,2017,Black (includes Hispanic),
42,Pennsylvania,42033,Clearfield,2013,2017,Hispanic (all races),
42,Pennsylvania,42033,Clearfield,2013,2017,American Indian/Alaskan Native (includes Hispanic),
42,Pennsylvania,42033,Clearfield,2013,2017,White (includes Hispanic),6.6
42,Pennsylvania,42033,Clearfield,2014,2018,Asian/Pacific Islander (includes Hispanic),
42,Pennsylvania,42033,Clearfield,2014,2018,Black (includes Hispanic),
42,Pennsylvania,42033,Clearfield,2014,2018,Hispanic (all races),
42,Pennsylvania,42033,Clearfield,2014,2018,American Indian/Alaskan Native (includes Hispanic),
42,Pennsylvania,42033,Clearfield,2014,2018,White (includes Hispanic),6.4
42,Pennsylvania,42033,Clearfield,2015,2019,Asian/Pacific Islander (includes Hispanic),
42,Pennsylvania,42033,Clearfield,2015,2019,Black (includes Hispanic),
42,Pennsylvania,42033,Clearfield,2015,2019,Hispanic (all races),
42,Pennsylvania,42033,Clearfield,2015,2019,American Indian/Alaskan Native (includes Hispanic),
42,Pennsylvania,42033,Clearfield,2015,2019,White (includes Hispanic),6.4
42,Pennsylvania,42033,Clearfield,2016,2020,Asian/Pacific Islander (includes Hispanic),
42,Pennsylvania,42033,Clearfield,2016,2020,Black (includes Hispanic),
42,Pennsylvania,42033,Clearfield,2016,2020,Hispanic (all races),
42,Pennsylvania,42033,Clearfield,2016,2020,American Indian/Alaskan Native (includes Hispanic),
42,Pennsylvania,42033,Clearfield,2016,2020,White (includes Hispanic),5.9
42,Pennsylvania,42035,Clinton,2011,2015,Asian/Pacific Islander (includes Hispanic),
42,Pennsylvania,42035,Clinton,2011,2015,Black (includes Hispanic),
42,Pennsylvania,42035,Clinton,2011,2015,Hispanic (all races),
42,Pennsylvania,42035,Clinton,2011,2015,American Indian/Alaskan Native (includes Hispanic),
42,Pennsylvania,42035,Clinton,2011,2015,White (includes Hispanic),5.6
42,Pennsylvania,42035,Clinton,2012,2016,Asian/Pacific Islander (includes Hispanic),
42,Pennsylvania,42035,Clinton,2012,2016,Black (includes Hispanic),
42,Pennsylvania,42035,Clinton,2012,2016,Hispanic (all races),
42,Pennsylvania,42035,Clinton,2012,2016,American Indian/Alaskan Native (includes Hispanic),
42,Pennsylvania,42035,Clinton,2012,2016,White (includes Hispanic),5.6
42,Pennsylvania,42035,Clinton,2013,2017,Asian/Pacific Islander (includes Hispanic),
42,Pennsylvania,42035,Clinton,2013,2017,Black (includes Hispanic),
42,Pennsylvania,42035,Clinton,2013,2017,Hispanic (all races),
42,Pennsylvania,42035,Clinton,2013,2017,American Indian/Alaskan Native (includes Hispanic),
42,Pennsylvania,42035,Clinton,2013,2017,White (includes Hispanic),5.6
42,Pennsylvania,42035,Clinton,2014,2018,Asian/Pacific Islander (includes Hispanic),
42,Pennsylvania,42035,Clinton,2014,2018,Black (includes Hispanic),
42,Pennsylvania,42035,Clinton,2014,2018,Hispanic (all races),
42,Pennsylvania,42035,Clinton,2014,2018,American Indian/Alaskan Native (includes Hispanic),
42,Pennsylvania,42035,Clinton,2014,2018,White (includes Hispanic),5.7
42,Pennsylvania,42035,Clinton,2015,2019,Asian/Pacific Islander (includes Hispanic),
42,Pennsylvania,42035,Clinton,2015,2019,Black (includes Hispanic),
42,Pennsylvania,42035,Clinton,2015,2019,Hispanic (all races),
42,Pennsylvania,42035,Clinton,2015,2019,American Indian/Alaskan Native (includes Hispanic),
42,Pennsylvania,42035,Clinton,2015,2019,White (includes Hispanic),6.3
42,Pennsylvania,42035,Clinton,2016,2020,Asian/Pacific Islander (includes Hispanic),
42,Pennsylvania,42035,Clinton,2016,2020,Black (includes Hispanic),
42,Pennsylvania,42035,Clinton,2016,2020,Hispanic (all races),
42,Pennsylvania,42035,Clinton,2016,2020,American Indian/Alaskan Native (includes Hispanic),
42,Pennsylvania,42035,Clinton,2016,2020,White (includes Hispanic),6.9
42,Pennsylvania,42037,Columbia,2011,2015,Asian/Pacific Islander (includes Hispanic),
42,Pennsylvania,42037,Columbia,2011,2015,Black (includes Hispanic),
42,Pennsylvania,42037,Columbia,2011,2015,Hispanic (all races),
42,Pennsylvania,42037,Columbia,2011,2015,American Indian/Alaskan Native (includes Hispanic),
42,Pennsylvania,42037,Columbia,2011,2015,White (includes Hispanic),9.7
42,Pennsylvania,42037,Columbia,2012,2016,Asian/Pacific Islander (includes Hispanic),
42,Pennsylvania,42037,Columbia,2012,2016,Black (includes Hispanic),
42,Pennsylvania,42037,Columbia,2012,2016,Hispanic (all races),
42,Pennsylvania,42037,Columbia,2012,2016,American Indian/Alaskan Native (includes Hispanic),
42,Pennsylvania,42037,Columbia,2012,2016,White (includes Hispanic),9.2
42,Pennsylvania,42037,Columbia,2013,2017,Asian/Pacific Islander (includes Hispanic),
42,Pennsylvania,42037,Columbia,2013,2017,Black (includes Hispanic),
42,Pennsylvania,42037,Columbia,2013,2017,Hispanic (all races),
42,Pennsylvania,42037,Columbia,2013,2017,American Indian/Alaskan Native (includes Hispanic),
42,Pennsylvania,42037,Columbia,2013,2017,White (includes Hispanic),8.5
42,Pennsylvania,42037,Columbia,2014,2018,Asian/Pacific Islander (includes Hispanic),
42,Pennsylvania,42037,Columbia,2014,2018,Black (includes Hispanic),
42,Pennsylvania,42037,Columbia,2014,2018,Hispanic (all races),
42,Pennsylvania,42037,Columbia,2014,2018,American Indian/Alaskan Native (includes Hispanic),
42,Pennsylvania,42037,Columbia,2014,2018,White (includes Hispanic),8.9
42,Pennsylvania,42037,Columbia,2015,2019,Asian/Pacific Islander (includes Hispanic),
42,Pennsylvania,42037,Columbia,2015,2019,Black (includes Hispanic),
42,Pennsylvania,42037,Columbia,2015,2019,Hispanic (all races),
42,Pennsylvania,42037,Columbia,2015,2019,American Indian/Alaskan Native (includes Hispanic),
42,Pennsylvania,42037,Columbia,2015,2019,White (includes Hispanic),8.9
42,Pennsylvania,42037,Columbia,2016,2020,Asian/Pacific Islander (includes Hispanic),
42,Pennsylvania,42037,Columbia,2016,2020,Black (includes Hispanic),
42,Pennsylvania,42037,Columbia,2016,2020,Hispanic (all races),
42,Pennsylvania,42037,Columbia,2016,2020,American Indian/Alaskan Native (includes Hispanic),
42,Pennsylvania,42037,Columbia,2016,2020,White (includes Hispanic),9.0
42,Pennsylvania,42039,Crawford,2011,2015,Asian/Pacific Islander (includes Hispanic),
42,Pennsylvania,42039,Crawford,2011,2015,Black (includes Hispanic),
42,Pennsylvania,42039,Crawford,2011,2015,Hispanic (all races),
42,Pennsylvania,42039,Crawford,2011,2015,American Indian/Alaskan Native (includes Hispanic),
42,Pennsylvania,42039,Crawford,2011,2015,White (includes Hispanic),7.5
42,Pennsylvania,42039,Crawford,2012,2016,Asian/Pacific Islander (includes Hispanic),
42,Pennsylvania,42039,Crawford,2012,2016,Black (includes Hispanic),
42,Pennsylvania,42039,Crawford,2012,2016,Hispanic (all races),
42,Pennsylvania,42039,Crawford,2012,2016,American Indian/Alaskan Native (includes Hispanic),
42,Pennsylvania,42039,Crawford,2012,2016,White (includes Hispanic),7.7
42,Pennsylvania,42039,Crawford,2013,2017,Asian/Pacific Islander (includes Hispanic),
42,Pennsylvania,42039,Crawford,2013,2017,Black (includes Hispanic),
42,Pennsylvania,42039,Crawford,2013,2017,Hispanic (all races),
42,Pennsylvania,42039,Crawford,2013,2017,American Indian/Alaskan Native (includes Hispanic),
42,Pennsylvania,42039,Crawford,2013,2017,White (includes Hispanic),8.9
42,Pennsylvania,42039,Crawford,2014,2018,Asian/Pacific Islander (includes Hispanic),
42,Pennsylvania,42039,Crawford,2014,2018,Black (includes Hispanic),
42,Pennsylvania,42039,Crawford,2014,2018,Hispanic (all races),
42,Pennsylvania,42039,Crawford,2014,2018,American Indian/Alaskan Native (includes Hispanic),
42,Pennsylvania,42039,Crawford,2014,2018,White (includes Hispanic),9.2
42,Pennsylvania,42039,Crawford,2015,2019,Asian/Pacific Islander (includes Hispanic),
42,Pennsylvania,42039,Crawford,2015,2019,Black (includes Hispanic),
42,Pennsylvania,42039,Crawford,2015,2019,Hispanic (all races),
42,Pennsylvania,42039,Crawford,2015,2019,American Indian/Alaskan Native (includes Hispanic),
42,Pennsylvania,42039,Crawford,2015,2019,White (includes Hispanic),9.5
42,Pennsylvania,42039,Crawford,2016,2020,Asian/Pacific Islander (includes Hispanic),
42,Pennsylvania,42039,Crawford,2016,2020,Black (includes Hispanic),
42,Pennsylvania,42039,Crawford,2016,2020,Hispanic (all races),
42,Pennsylvania,42039,Crawford,2016,2020,American Indian/Alaskan Native (includes Hispanic),
42,Pennsylvania,42039,Crawford,2016,2020,White (includes Hispanic),9.2
42,Pennsylvania,42041,Cumberland,2011,2015,Asian/Pacific Islander (includes Hispanic),
42,Pennsylvania,42041,Cumberland,2011,2015,Black (includes Hispanic),
42,Pennsylvania,42041,Cumberland,2011,2015,Hispanic (all races),18.5
42,Pennsylvania,42041,Cumberland,2011,2015,American Indian/Alaskan Native (includes Hispanic),
42,Pennsylvania,42041,Cumberland,2011,2015,White (includes Hispanic),5.5
42,Pennsylvania,42041,Cumberland,2012,2016,Asian/Pacific Islander (includes Hispanic),
42,Pennsylvania,42041,Cumberland,2012,2016,Black (includes Hispanic),7.6
42,Pennsylvania,42041,Cumberland,2012,2016,Hispanic (all races),19.8
42,Pennsylvania,42041,Cumberland,2012,2016,American Indian/Alaskan Native (includes Hispanic),
42,Pennsylvania,42041,Cumberland,2012,2016,White (includes Hispanic),5.6
42,Pennsylvania,42041,Cumberland,2013,2017,Asian/Pacific Islander (includes Hispanic),
42,Pennsylvania,42041,Cumberland,2013,2017,Black (includes Hispanic),
42,Pennsylvania,42041,Cumberland,2013,2017,Hispanic (all races),22.6
42,Pennsylvania,42041,Cumberland,2013,2017,American Indian/Alaskan Native (includes Hispanic),
42,Pennsylvania,42041,Cumberland,2013,2017,White (includes Hispanic),5.9
42,Pennsylvania,42041,Cumberland,2014,2018,Asian/Pacific Islander (includes Hispanic),
42,Pennsylvania,42041,Cumberland,2014,2018,Black (includes Hispanic),7.5
42,Pennsylvania,42041,Cumberland,2014,2018,Hispanic (all races),22.8
42,Pennsylvania,42041,Cumberland,2014,2018,American Indian/Alaskan Native (includes Hispanic),
42,Pennsylvania,42041,Cumberland,2014,2018,White (includes Hispanic),6.4
42,Pennsylvania,42041,Cumberland,2015,2019,Asian/Pacific Islander (includes Hispanic),
42,Pennsylvania,42041,Cumberland,2015,2019,Black (includes Hispanic),7.9
42,Pennsylvania,42041,Cumberland,2015,2019,Hispanic (all races),16.5
42,Pennsylvania,42041,Cumberland,2015,2019,American Indian/Alaskan Native (includes Hispanic),
42,Pennsylvania,42041,Cumberland,2015,2019,White (includes Hispanic),6.7
42,Pennsylvania,42041,Cumberland,2016,2020,Asian/Pacific Islander (includes Hispanic),
42,Pennsylvania,42041,Cumberland,2016,2020,Black (includes Hispanic),7.5
42,Pennsylvania,42041,Cumberland,2016,2020,Hispanic (all races),16.1
42,Pennsylvania,42041,Cumberland,2016,2020,American Indian/Alaskan Native (includes Hispanic),
42,Pennsylvania,42041,Cumberland,2016,2020,White (includes Hispanic),6.6
42,Pennsylvania,42043,Dauphin,2011,2015,Asian/Pacific Islander (includes Hispanic),
42,Pennsylvania,42043,Dauphin,2011,2015,Black (includes Hispanic),8.2
42,Pennsylvania,42043,Dauphin,2011,2015,Hispanic (all races),13.4
42,Pennsylvania,42043,Dauphin,2011,2015,American Indian/Alaskan Native (includes Hispanic),
42,Pennsylvania,42043,Dauphin,2011,2015,White (includes Hispanic),6.5
42,Pennsylvania,42043,Dauphin,2012,2016,Asian/Pacific Islander (includes Hispanic),
42,Pennsylvania,42043,Dauphin,2012,2016,Black (includes Hispanic),9.2
42,Pennsylvania,42043,Dauphin,2012,2016,Hispanic (all races),14.9
42,Pennsylvania,42043,Dauphin,2012,2016,American Indian/Alaskan Native (includes Hispanic),
42,Pennsylvania,42043,Dauphin,2012,2016,White (includes Hispanic),6.1
42,Pennsylvania,42043,Dauphin,2013,2017,Asian/Pacific Islander (includes Hispanic),
42,Pennsylvania,42043,Dauphin,2013,2017,Black (includes Hispanic),7.6
42,Pennsylvania,42043,Dauphin,2013,2017,Hispanic (all races),15.2
42,Pennsylvania,42043,Dauphin,2013,2017,American Indian/Alaskan Native (includes Hispanic),
42,Pennsylvania,42043,Dauphin,2013,2017,White (includes Hispanic),6.0
42,Pennsylvania,42043,Dauphin,2014,2018,Asian/Pacific Islander (includes Hispanic),
42,Pennsylvania,42043,Dauphin,2014,2018,Black (includes Hispanic),8.6
42,Pennsylvania,42043,Dauphin,2014,2018,Hispanic (all races),17.4
42,Pennsylvania,42043,Dauphin,2014,2018,American Indian/Alaskan Native (includes Hispanic),
42,Pennsylvania,42043,Dauphin,2014,2018,White (includes Hispanic),6.3
42,Pennsylvania,42043,Dauphin,2015,2019,Asian/Pacific Islander (includes Hispanic),
42,Pennsylvania,42043,Dauphin,2015,2019,Black (includes Hispanic),9.9
42,Pennsylvania,42043,Dauphin,2015,2019,Hispanic (all races),14.5
42,Pennsylvania,42043,Dauphin,2015,2019,American Indian/Alaskan Native (includes Hispanic),
42,Pennsylvania,42043,Dauphin,2015,2019,White (includes Hispanic),6.4
42,Pennsylvania,42043,Dauphin,2016,2020,Asian/Pacific Islander (includes Hispanic),
42,Pennsylvania,42043,Dauphin,2016,2020,Black (includes Hispanic),10.7
42,Pennsylvania,42043,Dauphin,2016,2020,Hispanic (all races),15.7
42,Pennsylvania,42043,Dauphin,2016,2020,American Indian/Alaskan Native (includes Hispanic),
42,Pennsylvania,42043,Dauphin,2016,2020,White (includes Hispanic),6.3
42,Pennsylvania,42045,Delaware,2011,2015,Asian/Pacific Islander (includes Hispanic),6.9
42,Pennsylvania,42045,Delaware,2011,2015,Black (includes Hispanic),10.9
42,Pennsylvania,42045,Delaware,2011,2015,Hispanic (all races),10.1
42,Pennsylvania,42045,Delaware,2011,2015,American Indian/Alaskan Native (includes Hispanic),
42,Pennsylvania,42045,Delaware,2011,2015,White (includes Hispanic),7.1
42,Pennsylvania,42045,Delaware,2012,2016,Asian/Pacific Islander (includes Hispanic),6.6
42,Pennsylvania,42045,Delaware,2012,2016,Black (includes Hispanic),10.2
42,Pennsylvania,42045,Delaware,2012,2016,Hispanic (all races),10.1
42,Pennsylvania,42045,Delaware,2012,2016,American Indian/Alaskan Native (includes Hispanic),
42,Pennsylvania,42045,Delaware,2012,2016,White (includes Hispanic),7.2
42,Pennsylvania,42045,Delaware,2013,2017,Asian/Pacific Islander (includes Hispanic),6.2
42,Pennsylvania,42045,Delaware,2013,2017,Black (includes Hispanic),10.1
42,Pennsylvania,42045,Delaware,2013,2017,Hispanic (all races),9.3
42,Pennsylvania,42045,Delaware,2013,2017,American Indian/Alaskan Native (includes Hispanic),
42,Pennsylvania,42045,Delaware,2013,2017,White (includes Hispanic),7.0
42,Pennsylvania,42045,Delaware,2014,2018,Asian/Pacific Islander (includes Hispanic),5.2
42,Pennsylvania,42045,Delaware,2014,2018,Black (includes Hispanic),9.3
42,Pennsylvania,42045,Delaware,2014,2018,Hispanic (all races),9.5
42,Pennsylvania,42045,Delaware,2014,2018,American Indian/Alaskan Native (includes Hispanic),
42,Pennsylvania,42045,Delaware,2014,2018,White (includes Hispanic),7.3
42,Pennsylvania,42045,Delaware,2015,2019,Asian/Pacific Islander (includes Hispanic),5.5
42,Pennsylvania,42045,Delaware,2015,2019,Black (includes Hispanic),8.9
42,Pennsylvania,42045,Delaware,2015,2019,Hispanic (all races),10.3
42,Pennsylvania,42045,Delaware,2015,2019,American Indian/Alaskan Native (includes Hispanic),
42,Pennsylvania,42045,Delaware,2015,2019,White (includes Hispanic),7.0
42,Pennsylvania,42045,Delaware,2016,2020,Asian/Pacific Islander (includes Hispanic),6.1
42,Pennsylvania,42045,Delaware,2016,2020,Black (includes Hispanic),8.7
42,Pennsylvania,42045,Delaware,2016,2020,Hispanic (all races),10.1
42,Pennsylvania,42045,Delaware,2016,2020,American Indian/Alaskan Native (includes Hispanic),
42,Pennsylvania,42045,Delaware,2016,2020,White (includes Hispanic),6.9
42,Pennsylvania,42047,Elk,2011,2015,Asian/Pacific Islander (includes Hispanic),
42,Pennsylvania,42047,Elk,2011,2015,Black (includes Hispanic),
42,Pennsylvania,42047,Elk,2011,2015,Hispanic (all races),
42,Pennsylvania,42047,Elk,2011,2015,American Indian/Alaskan Native (includes Hispanic),
42,Pennsylvania,42047,Elk,2011,2015,White (includes Hispanic),9.0
42,Pennsylvania,42047,Elk,2012,2016,Asian/Pacific Islander (includes Hispanic),
42,Pennsylvania,42047,Elk,2012,2016,Black (includes Hispanic),
42,Pennsylvania,42047,Elk,2012,2016,Hispanic (all races),
42,Pennsylvania,42047,Elk,2012,2016,American Indian/Alaskan Native (includes Hispanic),
42,Pennsylvania,42047,Elk,2012,2016,White (includes Hispanic),8.7
42,Pennsylvania,42047,Elk,2013,2017,Asian/Pacific Islander (includes Hispanic),
42,Pennsylvania,42047,Elk,2013,2017,Black (includes Hispanic),
42,Pennsylvania,42047,Elk,2013,2017,Hispanic (all races),
42,Pennsylvania,42047,Elk,2013,2017,American Indian/Alaskan Native (includes Hispanic),
42,Pennsylvania,42047,Elk,2013,2017,White (includes Hispanic),10.1
42,Pennsylvania,42047,Elk,2014,2018,Asian/Pacific Islander (includes Hispanic),
42,Pennsylvania,42047,Elk,2014,2018,Black (includes Hispanic),
42,Pennsylvania,42047,Elk,2014,2018,Hispanic (all races),
42,Pennsylvania,42047,Elk,2014,2018,American Indian/Alaskan Native (includes Hispanic),
42,Pennsylvania,42047,Elk,2014,2018,White (includes Hispanic),8.2
42,Pennsylvania,42047,Elk,2015,2019,Asian/Pacific Islander (includes Hispanic),
42,Pennsylvania,42047,Elk,2015,2019,Black (includes Hispanic),
42,Pennsylvania,42047,Elk,2015,2019,Hispanic (all races),
42,Pennsylvania,42047,Elk,2015,2019,American Indian/Alaskan Native (includes Hispanic),
42,Pennsylvania,42047,Elk,2015,2019,White (includes Hispanic),8.6
42,Pennsylvania,42047,Elk,2016,2020,Asian/Pacific Islander (includes Hispanic),
42,Pennsylvania,42047,Elk,2016,2020,Black (includes Hispanic),
42,Pennsylvania,42047,Elk,2016,2020,Hispanic (all races),
42,Pennsylvania,42047,Elk,2016,2020,American Indian/Alaskan Native (includes Hispanic),
42,Pennsylvania,42047,Elk,2016,2020,White (includes Hispanic),8.0
42,Pennsylvania,42049,Erie,2011,2015,Asian/Pacific Islander (includes Hispanic),
42,Pennsylvania,42049,Erie,2011,2015,Black (includes Hispanic),
42,Pennsylvania,42049,Erie,2011,2015,Hispanic (all races),
42,Pennsylvania,42049,Erie,2011,2015,American Indian/Alaskan Native (includes Hispanic),
42,Pennsylvania,42049,Erie,2011,2015,White (includes Hispanic),7.7
42,Pennsylvania,42049,Erie,2012,2016,Asian/Pacific Islander (includes Hispanic),
42,Pennsylvania,42049,Erie,2012,2016,Black (includes Hispanic),
42,Pennsylvania,42049,Erie,2012,2016,Hispanic (all races),
42,Pennsylvania,42049,Erie,2012,2016,American Indian/Alaskan Native (includes Hispanic),
42,Pennsylvania,42049,Erie,2012,2016,White (includes Hispanic),8.0
42,Pennsylvania,42049,Erie,2013,2017,Asian/Pacific Islander (includes Hispanic),
42,Pennsylvania,42049,Erie,2013,2017,Black (includes Hispanic),
42,Pennsylvania,42049,Erie,2013,2017,Hispanic (all races),
42,Pennsylvania,42049,Erie,2013,2017,American Indian/Alaskan Native (includes Hispanic),
42,Pennsylvania,42049,Erie,2013,2017,White (includes Hispanic),9.6
42,Pennsylvania,42049,Erie,2014,2018,Asian/Pacific Islander (includes Hispanic),
42,Pennsylvania,42049,Erie,2014,2018,Black (includes Hispanic),
42,Pennsylvania,42049,Erie,2014,2018,Hispanic (all races),
42,Pennsylvania,42049,Erie,2014,2018,American Indian/Alaskan Native (includes Hispanic),
42,Pennsylvania,42049,Erie,2014,2018,White (includes Hispanic),9.9
42,Pennsylvania,42049,Erie,2015,2019,Asian/Pacific Islander (includes Hispanic),
42,Pennsylvania,42049,Erie,2015,2019,Black (includes Hispanic),
42,Pennsylvania,42049,Erie,2015,2019,Hispanic (all races),
42,Pennsylvania,42049,Erie,2015,2019,American Indian/Alaskan Native (includes Hispanic),
42,Pennsylvania,42049,Erie,2015,2019,White (includes Hispanic),10.4
42,Pennsylvania,42049,Erie,2016,2020,Asian/Pacific Islander (includes Hispanic),
42,Pennsylvania,42049,Erie,2016,2020,Black (includes Hispanic),
42,Pennsylvania,42049,Erie,2016,2020,Hispanic (all races),
42,Pennsylvania,42049,Erie,2016,2020,American Indian/Alaskan Native (includes Hispanic),
42,Pennsylvania,42049,Erie,2016,2020,White (includes Hispanic),9.7
42,Pennsylvania,42051,Fayette,2011,2015,Asian/Pacific Islander (includes Hispanic),
42,Pennsylvania,42051,Fayette,2011,2015,Black (includes Hispanic),
42,Pennsylvania,42051,Fayette,2011,2015,Hispanic (all races),
42,Pennsylvania,42051,Fayette,2011,2015,American Indian/Alaskan Native (includes Hispanic),
42,Pennsylvania,42051,Fayette,2011,2015,White (includes Hispanic),8.9
42,Pennsylvania,42051,Fayette,2012,2016,Asian/Pacific Islander (includes Hispanic),
42,Pennsylvania,42051,Fayette,2012,2016,Black (includes Hispanic),
42,Pennsylvania,42051,Fayette,2012,2016,Hispanic (all races),
42,Pennsylvania,42051,Fayette,2012,2016,American Indian/Alaskan Native (includes Hispanic),
42,Pennsylvania,42051,Fayette,2012,2016,White (includes Hispanic),8.3
42,Pennsylvania,42051,Fayette,2013,2017,Asian/Pacific Islander (includes Hispanic),
42,Pennsylvania,42051,Fayette,2013,2017,Black (includes Hispanic),
42,Pennsylvania,42051,Fayette,2013,2017,Hispanic (all races),
42,Pennsylvania,42051,Fayette,2013,2017,American Indian/Alaskan Native (includes Hispanic),
42,Pennsylvania,42051,Fayette,2013,2017,White (includes Hispanic),8.1
42,Pennsylvania,42051,Fayette,2014,2018,Asian/Pacific Islander (includes Hispanic),
42,Pennsylvania,42051,Fayette,2014,2018,Black (includes Hispanic),
42,Pennsylvania,42051,Fayette,2014,2018,Hispanic (all races),
42,Pennsylvania,42051,Fayette,2014,2018,American Indian/Alaskan Native (includes Hispanic),
42,Pennsylvania,42051,Fayette,2014,2018,White (includes Hispanic),7.5
42,Pennsylvania,42051,Fayette,2015,2019,Asian/Pacific Islander (includes Hispanic),
42,Pennsylvania,42051,Fayette,2015,2019,Black (includes Hispanic),
42,Pennsylvania,42051,Fayette,2015,2019,Hispanic (all races),
42,Pennsylvania,42051,Fayette,2015,2019,American Indian/Alaskan Native (includes Hispanic),
42,Pennsylvania,42051,Fayette,2015,2019,White (includes Hispanic),7.5
42,Pennsylvania,42051,Fayette,2016,2020,Asian/Pacific Islander (includes Hispanic),
42,Pennsylvania,42051,Fayette,2016,2020,Black (includes Hispanic),
42,Pennsylvania,42051,Fayette,2016,2020,Hispanic (all races),
42,Pennsylvania,42051,Fayette,2016,2020,American Indian/Alaskan Native (includes Hispanic),
42,Pennsylvania,42051,Fayette,2016,2020,White (includes Hispanic),7.1
42,Pennsylvania,42053,Forest,2011,2015,Asian/Pacific Islander (includes Hispanic),
42,Pennsylvania,42053,Forest,2011,2015,Black (includes Hispanic),
42,Pennsylvania,42053,Forest,2011,2015,Hispanic (all races),
42,Pennsylvania,42053,Forest,2011,2015,American Indian/Alaskan Native (includes Hispanic),
42,Pennsylvania,42053,Forest,2011,2015,White (includes Hispanic),6.2
42,Pennsylvania,42053,Forest,2012,2016,Asian/Pacific Islander (includes Hispanic),
42,Pennsylvania,42053,Forest,2012,2016,Black (includes Hispanic),
42,Pennsylvania,42053,Forest,2012,2016,Hispanic (all races),
42,Pennsylvania,42053,Forest,2012,2016,American Indian/Alaskan Native (includes Hispanic),
42,Pennsylvania,42053,Forest,2012,2016,White (includes Hispanic),7.6
42,Pennsylvania,42053,Forest,2013,2017,Asian/Pacific Islander (includes Hispanic),
42,Pennsylvania,42053,Forest,2013,2017,Black (includes Hispanic),
42,Pennsylvania,42053,Forest,2013,2017,Hispanic (all races),
42,Pennsylvania,42053,Forest,2013,2017,American Indian/Alaskan Native (includes Hispanic),
42,Pennsylvania,42053,Forest,2013,2017,White (includes Hispanic),8.4
42,Pennsylvania,42053,Forest,2014,2018,Asian/Pacific Islander (includes Hispanic),
42,Pennsylvania,42053,Forest,2014,2018,Black (includes Hispanic),
42,Pennsylvania,42053,Forest,2014,2018,Hispanic (all races),
42,Pennsylvania,42053,Forest,2014,2018,American Indian/Alaskan Native (includes Hispanic),
42,Pennsylvania,42053,Forest,2014,2018,White (includes Hispanic),7.1
42,Pennsylvania,42053,Forest,2015,2019,Asian/Pacific Islander (includes Hispanic),
42,Pennsylvania,42053,Forest,2015,2019,Black (includes Hispanic),
42,Pennsylvania,42053,Forest,2015,2019,Hispanic (all races),
42,Pennsylvania,42053,Forest,2015,2019,American Indian/Alaskan Native (includes Hispanic),
42,Pennsylvania,42053,Forest,2015,2019,White (includes Hispanic),7.6
42,Pennsylvania,42053,Forest,2016,2020,Asian/Pacific Islander (includes Hispanic),
42,Pennsylvania,42053,Forest,2016,2020,Black (includes Hispanic),
42,Pennsylvania,42053,Forest,2016,2020,Hispanic (all races),
42,Pennsylvania,42053,Forest,2016,2020,American Indian/Alaskan Native (includes Hispanic),
42,Pennsylvania,42053,Forest,2016,2020,White (includes Hispanic),7.0
42,Pennsylvania,42055,Franklin,2011,2015,Asian/Pacific Islander (includes Hispanic),
42,Pennsylvania,42055,Franklin,2011,2015,Black (includes Hispanic),
42,Pennsylvania,42055,Franklin,2011,2015,Hispanic (all races),
42,Pennsylvania,42055,Franklin,2011,2015,American Indian/Alaskan Native (includes Hispanic),
42,Pennsylvania,42055,Franklin,2011,2015,White (includes Hispanic),6.6
42,Pennsylvania,42055,Franklin,2012,2016,Asian/Pacific Islander (includes Hispanic),
42,Pennsylvania,42055,Franklin,2012,2016,Black (includes Hispanic),
42,Pennsylvania,42055,Franklin,2012,2016,Hispanic (all races),
42,Pennsylvania,42055,Franklin,2012,2016,American Indian/Alaskan Native (includes Hispanic),
42,Pennsylvania,42055,Franklin,2012,2016,White (includes Hispanic),7.0
42,Pennsylvania,42055,Franklin,2013,2017,Asian/Pacific Islander (includes Hispanic),
42,Pennsylvania,42055,Franklin,2013,2017,Black (includes Hispanic),
42,Pennsylvania,42055,Franklin,2013,2017,Hispanic (all races),
42,Pennsylvania,42055,Franklin,2013,2017,American Indian/Alaskan Native (includes Hispanic),
42,Pennsylvania,42055,Franklin,2013,2017,White (includes Hispanic),7.2
42,Pennsylvania,42055,Franklin,2014,2018,Asian/Pacific Islander (includes Hispanic),
42,Pennsylvania,42055,Franklin,2014,2018,Black (includes Hispanic),
42,Pennsylvania,42055,Franklin,2014,2018,Hispanic (all races),
42,Pennsylvania,42055,Franklin,2014,2018,American Indian/Alaskan Native (includes Hispanic),
42,Pennsylvania,42055,Franklin,2014,2018,White (includes Hispanic),7.4
42,Pennsylvania,42055,Franklin,2015,2019,Asian/Pacific Islander (includes Hispanic),
42,Pennsylvania,42055,Franklin,2015,2019,Black (includes Hispanic),
42,Pennsylvania,42055,Franklin,2015,2019,Hispanic (all races),
42,Pennsylvania,42055,Franklin,2015,2019,American Indian/Alaskan Native (includes Hispanic),
42,Pennsylvania,42055,Franklin,2015,2019,White (includes Hispanic),7.2
42,Pennsylvania,42055,Franklin,2016,2020,Asian/Pacific Islander (includes Hispanic),
42,Pennsylvania,42055,Franklin,2016,2020,Black (includes Hispanic),
42,Pennsylvania,42055,Franklin,2016,2020,Hispanic (all races),
42,Pennsylvania,42055,Franklin,2016,2020,American Indian/Alaskan Native (includes Hispanic),
42,Pennsylvania,42055,Franklin,2016,2020,White (includes Hispanic),7.2
42,Pennsylvania,42057,Fulton,2011,2015,Asian/Pacific Islander (includes Hispanic),
42,Pennsylvania,42057,Fulton,2011,2015,Black (includes Hispanic),
42,Pennsylvania,42057,Fulton,2011,2015,Hispanic (all races),
42,Pennsylvania,42057,Fulton,2011,2015,American Indian/Alaskan Native (includes Hispanic),
42,Pennsylvania,42057,Fulton,2011,2015,White (includes Hispanic),7.4
42,Pennsylvania,42057,Fulton,2012,2016,Asian/Pacific Islander (includes Hispanic),
42,Pennsylvania,42057,Fulton,2012,2016,Black (includes Hispanic),
42,Pennsylvania,42057,Fulton,2012,2016,Hispanic (all races),
42,Pennsylvania,42057,Fulton,2012,2016,American Indian/Alaskan Native (includes Hispanic),
42,Pennsylvania,42057,Fulton,2012,2016,White (includes Hispanic),7.8
42,Pennsylvania,42057,Fulton,2013,2017,Asian/Pacific Islander (includes Hispanic),
42,Pennsylvania,42057,Fulton,2013,2017,Black (includes Hispanic),
42,Pennsylvania,42057,Fulton,2013,2017,Hispanic (all races),
42,Pennsylvania,42057,Fulton,2013,2017,American Indian/Alaskan Native (includes Hispanic),
42,Pennsylvania,42057,Fulton,2013,2017,White (includes Hispanic),7.3
42,Pennsylvania,42057,Fulton,2014,2018,Asian/Pacific Islander (includes Hispanic),
42,Pennsylvania,42057,Fulton,2014,2018,Black (includes Hispanic),
42,Pennsylvania,42057,Fulton,2014,2018,Hispanic (all races),
42,Pennsylvania,42057,Fulton,2014,2018,American Indian/Alaskan Native (includes Hispanic),
42,Pennsylvania,42057,Fulton,2014,2018,White (includes Hispanic),7.3
42,Pennsylvania,42057,Fulton,2015,2019,Asian/Pacific Islander (includes Hispanic),
42,Pennsylvania,42057,Fulton,2015,2019,Black (includes Hispanic),
42,Pennsylvania,42057,Fulton,2015,2019,Hispanic (all races),
42,Pennsylvania,42057,Fulton,2015,2019,American Indian/Alaskan Native (includes Hispanic),
42,Pennsylvania,42057,Fulton,2015,2019,White (includes Hispanic),6.8
42,Pennsylvania,42057,Fulton,2016,2020,Asian/Pacific Islander (includes Hispanic),
42,Pennsylvania,42057,Fulton,2016,2020,Black (includes Hispanic),
42,Pennsylvania,42057,Fulton,2016,2020,Hispanic (all races),
42,Pennsylvania,42057,Fulton,2016,2020,American Indian/Alaskan Native (includes Hispanic),
42,Pennsylvania,42057,Fulton,2016,2020,White (includes Hispanic),7.3
42,Pennsylvania,42059,Greene,2011,2015,Asian/Pacific Islander (includes Hispanic),
42,Pennsylvania,42059,Greene,2011,2015,Black (includes Hispanic),
42,Pennsylvania,42059,Greene,2011,2015,Hispanic (all races),
42,Pennsylvania,42059,Greene,2011,2015,American Indian/Alaskan Native (includes Hispanic),
42,Pennsylvania,42059,Greene,2011,2015,White (includes Hispanic),9.6
42,Pennsylvania,42059,Greene,2012,2016,Asian/Pacific Islander (includes Hispanic),
42,Pennsylvania,42059,Greene,2012,2016,Black (includes Hispanic),
42,Pennsylvania,42059,Greene,2012,2016,Hispanic (all races),
42,Pennsylvania,42059,Greene,2012,2016,American Indian/Alaskan Native (includes Hispanic),
42,Pennsylvania,42059,Greene,2012,2016,White (includes Hispanic),9.3
42,Pennsylvania,42059,Greene,2013,2017,Asian/Pacific Islander (includes Hispanic),
42,Pennsylvania,42059,Greene,2013,2017,Black (includes Hispanic),
42,Pennsylvania,42059,Greene,2013,2017,Hispanic (all races),
42,Pennsylvania,42059,Greene,2013,2017,American Indian/Alaskan Native (includes Hispanic),
42,Pennsylvania,42059,Greene,2013,2017,White (includes Hispanic),9.1
42,Pennsylvania,42059,Greene,2014,2018,Asian/Pacific Islander (includes Hispanic),
42,Pennsylvania,42059,Greene,2014,2018,Black (includes Hispanic),
42,Pennsylvania,42059,Greene,2014,2018,Hispanic (all races),
42,Pennsylvania,42059,Greene,2014,2018,American Indian/Alaskan Native (includes Hispanic),
42,Pennsylvania,42059,Greene,2014,2018,White (includes Hispanic),8.2
42,Pennsylvania,42059,Greene,2015,2019,Asian/Pacific Islander (includes Hispanic),
42,Pennsylvania,42059,Greene,2015,2019,Black (includes Hispanic),
42,Pennsylvania,42059,Greene,2015,2019,Hispanic (all races),
42,Pennsylvania,42059,Greene,2015,2019,American Indian/Alaskan Native (includes Hispanic),
42,Pennsylvania,42059,Greene,2015,2019,White (includes Hispanic),7.9
42,Pennsylvania,42059,Greene,2016,2020,Asian/Pacific Islander (includes Hispanic),
42,Pennsylvania,42059,Greene,2016,2020,Black (includes Hispanic),
42,Pennsylvania,42059,Greene,2016,2020,Hispanic (all races),
42,Pennsylvania,42059,Greene,2016,2020,American Indian/Alaskan Native (includes Hispanic),
42,Pennsylvania,42059,Greene,2016,2020,White (includes Hispanic),7.7
42,Pennsylvania,42061,Huntingdon,2011,2015,Asian/Pacific Islander (includes Hispanic),
42,Pennsylvania,42061,Huntingdon,2011,2015,Black (includes Hispanic),
42,Pennsylvania,42061,Huntingdon,2011,2015,Hispanic (all races),
42,Pennsylvania,42061,Huntingdon,2011,2015,American Indian/Alaskan Native (includes Hispanic),
42,Pennsylvania,42061,Huntingdon,2011,2015,White (includes Hispanic),5.5
42,Pennsylvania,42061,Huntingdon,2012,2016,Asian/Pacific Islander (includes Hispanic),
42,Pennsylvania,42061,Huntingdon,2012,2016,Black (includes Hispanic),
42,Pennsylvania,42061,Huntingdon,2012,2016,Hispanic (all races),
42,Pennsylvania,42061,Huntingdon,2012,2016,American Indian/Alaskan Native (includes Hispanic),
42,Pennsylvania,42061,Huntingdon,2012,2016,White (includes Hispanic),6.5
42,Pennsylvania,42061,Huntingdon,2013,2017,Asian/Pacific Islander (includes Hispanic),
42,Pennsylvania,42061,Huntingdon,2013,2017,Black (includes Hispanic),
42,Pennsylvania,42061,Huntingdon,2013,2017,Hispanic (all races),
42,Pennsylvania,42061,Huntingdon,2013,2017,American Indian/Alaskan Native (includes Hispanic),
42,Pennsylvania,42061,Huntingdon,2013,2017,White (includes Hispanic),6.3
42,Pennsylvania,42061,Huntingdon,2014,2018,Asian/Pacific Islander (includes Hispanic),
42,Pennsylvania,42061,Huntingdon,2014,2018,Black (includes Hispanic),
42,Pennsylvania,42061,Huntingdon,2014,2018,Hispanic (all races),
42,Pennsylvania,42061,Huntingdon,2014,2018,American Indian/Alaskan Native (includes Hispanic),
42,Pennsylvania,42061,Huntingdon,2014,2018,White (includes Hispanic),6.3
42,Pennsylvania,42061,Huntingdon,2015,2019,Asian/Pacific Islander (includes Hispanic),
42,Pennsylvania,42061,Huntingdon,2015,2019,Black (includes Hispanic),
42,Pennsylvania,42061,Huntingdon,2015,2019,Hispanic (all races),
42,Pennsylvania,42061,Huntingdon,2015,2019,American Indian/Alaskan Native (includes Hispanic),
42,Pennsylvania,42061,Huntingdon,2015,2019,White (includes Hispanic),6.0
42,Pennsylvania,42061,Huntingdon,2016,2020,Asian/Pacific Islander (includes Hispanic),
42,Pennsylvania,42061,Huntingdon,2016,2020,Black (includes Hispanic),
42,Pennsylvania,42061,Huntingdon,2016,2020,Hispanic (all races),
42,Pennsylvania,42061,Huntingdon,2016,2020,American Indian/Alaskan Native (includes Hispanic),
42,Pennsylvania,42061,Huntingdon,2016,2020,White (includes Hispanic),5.9
42,Pennsylvania,42063,Indiana,2011,2015,Asian/Pacific Islander (includes Hispanic),
42,Pennsylvania,42063,Indiana,2011,2015,Black (includes Hispanic),
42,Pennsylvania,42063,Indiana,2011,2015,Hispanic (all races),
42,Pennsylvania,42063,Indiana,2011,2015,American Indian/Alaskan Native (includes Hispanic),
42,Pennsylvania,42063,Indiana,2011,2015,White (includes Hispanic),8.4
42,Pennsylvania,42063,Indiana,2012,2016,Asian/Pacific Islander (includes Hispanic),
42,Pennsylvania,42063,Indiana,2012,2016,Black (includes Hispanic),
42,Pennsylvania,42063,Indiana,2012,2016,Hispanic (all races),
42,Pennsylvania,42063,Indiana,2012,2016,American Indian/Alaskan Native (includes Hispanic),
42,Pennsylvania,42063,Indiana,2012,2016,White (includes Hispanic),7.8
42,Pennsylvania,42063,Indiana,2013,2017,Asian/Pacific Islander (includes Hispanic),
42,Pennsylvania,42063,Indiana,2013,2017,Black (includes Hispanic),
42,Pennsylvania,42063,Indiana,2013,2017,Hispanic (all races),
42,Pennsylvania,42063,Indiana,2013,2017,American Indian/Alaskan Native (includes Hispanic),
42,Pennsylvania,42063,Indiana,2013,2017,White (includes Hispanic),7.4
42,Pennsylvania,42063,Indiana,2014,2018,Asian/Pacific Islander (includes Hispanic),
42,Pennsylvania,42063,Indiana,2014,2018,Black (includes Hispanic),
42,Pennsylvania,42063,Indiana,2014,2018,Hispanic (all races),
42,Pennsylvania,42063,Indiana,2014,2018,American Indian/Alaskan Native (includes Hispanic),
42,Pennsylvania,42063,Indiana,2014,2018,White (includes Hispanic),7.2
42,Pennsylvania,42063,Indiana,2015,2019,Asian/Pacific Islander (includes Hispanic),
42,Pennsylvania,42063,Indiana,2015,2019,Black (includes Hispanic),
42,Pennsylvania,42063,Indiana,2015,2019,Hispanic (all races),
42,Pennsylvania,42063,Indiana,2015,2019,American Indian/Alaskan Native (includes Hispanic),
42,Pennsylvania,42063,Indiana,2015,2019,White (includes Hispanic),7.5
42,Pennsylvania,42063,Indiana,2016,2020,Asian/Pacific Islander (includes Hispanic),
42,Pennsylvania,42063,Indiana,2016,2020,Black (includes Hispanic),
42,Pennsylvania,42063,Indiana,2016,2020,Hispanic (all races),
42,Pennsylvania,42063,Indiana,2016,2020,American Indian/Alaskan Native (includes Hispanic),
42,Pennsylvania,42063,Indiana,2016,2020,White (includes Hispanic),6.9
42,Pennsylvania,42065,Jefferson,2011,2015,Asian/Pacific Islander (includes Hispanic),
42,Pennsylvania,42065,Jefferson,2011,2015,Black (includes Hispanic),
42,Pennsylvania,42065,Jefferson,2011,2015,Hispanic (all races),
42,Pennsylvania,42065,Jefferson,2011,2015,American Indian/Alaskan Native (includes Hispanic),
42,Pennsylvania,42065,Jefferson,2011,2015,White (includes Hispanic),8.5
42,Pennsylvania,42065,Jefferson,2012,2016,Asian/Pacific Islander (includes Hispanic),
42,Pennsylvania,42065,Jefferson,2012,2016,Black (includes Hispanic),
42,Pennsylvania,42065,Jefferson,2012,2016,Hispanic (all races),
42,Pennsylvania,42065,Jefferson,2012,2016,American Indian/Alaskan Native (includes Hispanic),
42,Pennsylvania,42065,Jefferson,2012,2016,White (includes Hispanic),8.7
42,Pennsylvania,42065,Jefferson,2013,2017,Asian/Pacific Islander (includes Hispanic),
42,Pennsylvania,42065,Jefferson,2013,2017,Black (includes Hispanic),
42,Pennsylvania,42065,Jefferson,2013,2017,Hispanic (all races),
42,Pennsylvania,42065,Jefferson,2013,2017,American Indian/Alaskan Native (includes Hispanic),
42,Pennsylvania,42065,Jefferson,2013,2017,White (includes Hispanic),8.1
42,Pennsylvania,42065,Jefferson,2014,2018,Asian/Pacific Islander (includes Hispanic),
42,Pennsylvania,42065,Jefferson,2014,2018,Black (includes Hispanic),
42,Pennsylvania,42065,Jefferson,2014,2018,Hispanic (all races),
42,Pennsylvania,42065,Jefferson,2014,2018,American Indian/Alaskan Native (includes Hispanic),
42,Pennsylvania,42065,Jefferson,2014,2018,White (includes Hispanic),7.5
42,Pennsylvania,42065,Jefferson,2015,2019,Asian/Pacific Islander (includes Hispanic),
42,Pennsylvania,42065,Jefferson,2015,2019,Black (includes Hispanic),
42,Pennsylvania,42065,Jefferson,2015,2019,Hispanic (all races),
42,Pennsylvania,42065,Jefferson,2015,2019,American Indian/Alaskan Native (includes Hispanic),
42,Pennsylvania,42065,Jefferson,2015,2019,White (includes Hispanic),6.7
42,Pennsylvania,42065,Jefferson,2016,2020,Asian/Pacific Islander (includes Hispanic),
42,Pennsylvania,42065,Jefferson,2016,2020,Black (includes Hispanic),
42,Pennsylvania,42065,Jefferson,2016,2020,Hispanic (all races),
42,Pennsylvania,42065,Jefferson,2016,2020,American Indian/Alaskan Native (includes Hispanic),
42,Pennsylvania,42065,Jefferson,2016,2020,White (includes Hispanic),5.9
42,Pennsylvania,42067,Juniata,2011,2015,Asian/Pacific Islander (includes Hispanic),
42,Pennsylvania,42067,Juniata,2011,2015,Black (includes Hispanic),
42,Pennsylvania,42067,Juniata,2011,2015,Hispanic (all races),
42,Pennsylvania,42067,Juniata,2011,2015,American Indian/Alaskan Native (includes Hispanic),
42,Pennsylvania,42067,Juniata,2011,2015,White (includes Hispanic),6.9
42,Pennsylvania,42067,Juniata,2012,2016,Asian/Pacific Islander (includes Hispanic),
42,Pennsylvania,42067,Juniata,2012,2016,Black (includes Hispanic),
42,Pennsylvania,42067,Juniata,2012,2016,Hispanic (all races),
42,Pennsylvania,42067,Juniata,2012,2016,American Indian/Alaskan Native (includes Hispanic),
42,Pennsylvania,42067,Juniata,2012,2016,White (includes Hispanic),7.2
42,Pennsylvania,42067,Juniata,2013,2017,Asian/Pacific Islander (includes Hispanic),
42,Pennsylvania,42067,Juniata,2013,2017,Black (includes Hispanic),
42,Pennsylvania,42067,Juniata,2013,2017,Hispanic (all races),
42,Pennsylvania,42067,Juniata,2013,2017,American Indian/Alaskan Native (includes Hispanic),
42,Pennsylvania,42067,Juniata,2013,2017,White (includes Hispanic),7.0
42,Pennsylvania,42067,Juniata,2014,2018,Asian/Pacific Islander (includes Hispanic),
42,Pennsylvania,42067,Juniata,2014,2018,Black (includes Hispanic),
42,Pennsylvania,42067,Juniata,2014,2018,Hispanic (all races),
42,Pennsylvania,42067,Juniata,2014,2018,American Indian/Alaskan Native (includes Hispanic),
42,Pennsylvania,42067,Juniata,2014,2018,White (includes Hispanic),7.6
42,Pennsylvania,42067,Juniata,2015,2019,Asian/Pacific Islander (includes Hispanic),
42,Pennsylvania,42067,Juniata,2015,2019,Black (includes Hispanic),
42,Pennsylvania,42067,Juniata,2015,2019,Hispanic (all races),
42,Pennsylvania,42067,Juniata,2015,2019,American Indian/Alaskan Native (includes Hispanic),
42,Pennsylvania,42067,Juniata,2015,2019,White (includes Hispanic),7.4
42,Pennsylvania,42067,Juniata,2016,2020,Asian/Pacific Islander (includes Hispanic),
42,Pennsylvania,42067,Juniata,2016,2020,Black (includes Hispanic),
42,Pennsylvania,42067,Juniata,2016,2020,Hispanic (all races),
42,Pennsylvania,42067,Juniata,2016,2020,American Indian/Alaskan Native (includes Hispanic),
42,Pennsylvania,42067,Juniata,2016,2020,White (includes Hispanic),7.4
42,Pennsylvania,42069,Lackawanna,2011,2015,Asian/Pacific Islander (includes Hispanic),
42,Pennsylvania,42069,Lackawanna,2011,2015,Black (includes Hispanic),
42,Pennsylvania,42069,Lackawanna,2011,2015,Hispanic (all races),
42,Pennsylvania,42069,Lackawanna,2011,2015,American Indian/Alaskan Native (includes Hispanic),
42,Pennsylvania,42069,Lackawanna,2011,2015,White (includes Hispanic),9.6
42,Pennsylvania,42069,Lackawanna,2012,2016,Asian/Pacific Islander (includes Hispanic),
42,Pennsylvania,42069,Lackawanna,2012,2016,Black (includes Hispanic),
42,Pennsylvania,42069,Lackawanna,2012,2016,Hispanic (all races),
42,Pennsylvania,42069,Lackawanna,2012,2016,American Indian/Alaskan Native (includes Hispanic),
42,Pennsylvania,42069,Lackawanna,2012,2016,White (includes Hispanic),9.9
42,Pennsylvania,42069,Lackawanna,2013,2017,Asian/Pacific Islander (includes Hispanic),
42,Pennsylvania,42069,Lackawanna,2013,2017,Black (includes Hispanic),
42,Pennsylvania,42069,Lackawanna,2013,2017,Hispanic (all races),
42,Pennsylvania,42069,Lackawanna,2013,2017,American Indian/Alaskan Native (includes Hispanic),
42,Pennsylvania,42069,Lackawanna,2013,2017,White (includes Hispanic),10.0
42,Pennsylvania,42069,Lackawanna,2014,2018,Asian/Pacific Islander (includes Hispanic),
42,Pennsylvania,42069,Lackawanna,2014,2018,Black (includes Hispanic),
42,Pennsylvania,42069,Lackawanna,2014,2018,Hispanic (all races),
42,Pennsylvania,42069,Lackawanna,2014,2018,American Indian/Alaskan Native (includes Hispanic),
42,Pennsylvania,42069,Lackawanna,2014,2018,White (includes Hispanic),10.1
42,Pennsylvania,42069,Lackawanna,2015,2019,Asian/Pacific Islander (includes Hispanic),
42,Pennsylvania,42069,Lackawanna,2015,2019,Black (includes Hispanic),
42,Pennsylvania,42069,Lackawanna,2015,2019,Hispanic (all races),
42,Pennsylvania,42069,Lackawanna,2015,2019,American Indian/Alaskan Native (includes Hispanic),
42,Pennsylvania,42069,Lackawanna,2015,2019,White (includes Hispanic),10.4
42,Pennsylvania,42069,Lackawanna,2016,2020,Asian/Pacific Islander (includes Hispanic),
42,Pennsylvania,42069,Lackawanna,2016,2020,Black (includes Hispanic),
42,Pennsylvania,42069,Lackawanna,2016,2020,Hispanic (all races),
42,Pennsylvania,42069,Lackawanna,2016,2020,American Indian/Alaskan Native (includes Hispanic),
42,Pennsylvania,42069,Lackawanna,2016,2020,White (includes Hispanic),9.9
42,Pennsylvania,42071,Lancaster,2011,2015,Asian/Pacific Islander (includes Hispanic),
42,Pennsylvania,42071,Lancaster,2011,2015,Black (includes Hispanic),8.4
42,Pennsylvania,42071,Lancaster,2011,2015,Hispanic (all races),13.3
42,Pennsylvania,42071,Lancaster,2011,2015,American Indian/Alaskan Native (includes Hispanic),
42,Pennsylvania,42071,Lancaster,2011,2015,White (includes Hispanic),5.9
42,Pennsylvania,42071,Lancaster,2012,2016,Asian/Pacific Islander (includes Hispanic),
42,Pennsylvania,42071,Lancaster,2012,2016,Black (includes Hispanic),7.9
42,Pennsylvania,42071,Lancaster,2012,2016,Hispanic (all races),13.9
42,Pennsylvania,42071,Lancaster,2012,2016,American Indian/Alaskan Native (includes Hispanic),
42,Pennsylvania,42071,Lancaster,2012,2016,White (includes Hispanic),5.5
42,Pennsylvania,42071,Lancaster,2013,2017,Asian/Pacific Islander (includes Hispanic),
42,Pennsylvania,42071,Lancaster,2013,2017,Black (includes Hispanic),6.5
42,Pennsylvania,42071,Lancaster,2013,2017,Hispanic (all races),13.4
42,Pennsylvania,42071,Lancaster,2013,2017,American Indian/Alaskan Native (includes Hispanic),
42,Pennsylvania,42071,Lancaster,2013,2017,White (includes Hispanic),5.6
42,Pennsylvania,42071,Lancaster,2014,2018,Asian/Pacific Islander (includes Hispanic),
42,Pennsylvania,42071,Lancaster,2014,2018,Black (includes Hispanic),6.5
42,Pennsylvania,42071,Lancaster,2014,2018,Hispanic (all races),15.1
42,Pennsylvania,42071,Lancaster,2014,2018,American Indian/Alaskan Native (includes Hispanic),
42,Pennsylvania,42071,Lancaster,2014,2018,White (includes Hispanic),5.9
42,Pennsylvania,42071,Lancaster,2015,2019,Asian/Pacific Islander (includes Hispanic),
42,Pennsylvania,42071,Lancaster,2015,2019,Black (includes Hispanic),7.9
42,Pennsylvania,42071,Lancaster,2015,2019,Hispanic (all races),12.6
42,Pennsylvania,42071,Lancaster,2015,2019,American Indian/Alaskan Native (includes Hispanic),
42,Pennsylvania,42071,Lancaster,2015,2019,White (includes Hispanic),6.2
42,Pennsylvania,42071,Lancaster,2016,2020,Asian/Pacific Islander (includes Hispanic),
42,Pennsylvania,42071,Lancaster,2016,2020,Black (includes Hispanic),7.7
42,Pennsylvania,42071,Lancaster,2016,2020,Hispanic (all races),12.4
42,Pennsylvania,42071,Lancaster,2016,2020,American Indian/Alaskan Native (includes Hispanic),
42,Pennsylvania,42071,Lancaster,2016,2020,White (includes Hispanic),5.9
42,Pennsylvania,42073,Lawrence,2011,2015,Asian/Pacific Islander (includes Hispanic),
42,Pennsylvania,42073,Lawrence,2011,2015,Black (includes Hispanic),
42,Pennsylvania,42073,Lawrence,2011,2015,Hispanic (all races),
42,Pennsylvania,42073,Lawrence,2011,2015,American Indian/Alaskan Native (includes Hispanic),
42,Pennsylvania,42073,Lawrence,2011,2015,White (includes Hispanic),7.2
42,Pennsylvania,42073,Lawrence,2012,2016,Asian/Pacific Islander (includes Hispanic),
42,Pennsylvania,42073,Lawrence,2012,2016,Black (includes Hispanic),10.2
42,Pennsylvania,42073,Lawrence,2012,2016,Hispanic (all races),
42,Pennsylvania,42073,Lawrence,2012,2016,American Indian/Alaskan Native (includes Hispanic),
42,Pennsylvania,42073,Lawrence,2012,2016,White (includes Hispanic),6.7
42,Pennsylvania,42073,Lawrence,2013,2017,Asian/Pacific Islander (includes Hispanic),
42,Pennsylvania,42073,Lawrence,2013,2017,Black (includes Hispanic),12.3
42,Pennsylvania,42073,Lawrence,2013,2017,Hispanic (all races),
42,Pennsylvania,42073,Lawrence,2013,2017,American Indian/Alaskan Native (includes Hispanic),
42,Pennsylvania,42073,Lawrence,2013,2017,White (includes Hispanic),6.8
42,Pennsylvania,42073,Lawrence,2014,2018,Asian/Pacific Islander (includes Hispanic),
42,Pennsylvania,42073,Lawrence,2014,2018,Black (includes Hispanic),12.4
42,Pennsylvania,42073,Lawrence,2014,2018,Hispanic (all races),
42,Pennsylvania,42073,Lawrence,2014,2018,American Indian/Alaskan Native (includes Hispanic),
42,Pennsylvania,42073,Lawrence,2014,2018,White (includes Hispanic),6.7
42,Pennsylvania,42073,Lawrence,2015,2019,Asian/Pacific Islander (includes Hispanic),
42,Pennsylvania,42073,Lawrence,2015,2019,Black (includes Hispanic),12.6
42,Pennsylvania,42073,Lawrence,2015,2019,Hispanic (all races),
42,Pennsylvania,42073,Lawrence,2015,2019,American Indian/Alaskan Native (includes Hispanic),
42,Pennsylvania,42073,Lawrence,2015,2019,White (includes Hispanic),6.4
42,Pennsylvania,42073,Lawrence,2016,2020,Asian/Pacific Islander (includes Hispanic),
42,Pennsylvania,42073,Lawrence,2016,2020,Black (includes Hispanic),
42,Pennsylvania,42073,Lawrence,2016,2020,Hispanic (all races),
42,Pennsylvania,42073,Lawrence,2016,2020,American Indian/Alaskan Native (includes Hispanic),
42,Pennsylvania,42073,Lawrence,2016,2020,White (includes Hispanic),6.2
42,Pennsylvania,42075,Lebanon,2011,2015,Asian/Pacific Islander (includes Hispanic),
42,Pennsylvania,42075,Lebanon,2011,2015,Black (includes Hispanic),8.0
42,Pennsylvania,42075,Lebanon,2011,2015,Hispanic (all races),13.1
42,Pennsylvania,42075,Lebanon,2011,2015,American Indian/Alaskan Native (includes Hispanic),
42,Pennsylvania,42075,Lebanon,2011,2015,White (includes Hispanic),7.1
42,Pennsylvania,42075,Lebanon,2012,2016,Asian/Pacific Islander (includes Hispanic),
42,Pennsylvania,42075,Lebanon,2012,2016,Black (includes Hispanic),9.0
42,Pennsylvania,42075,Lebanon,2012,2016,Hispanic (all races),12.8
42,Pennsylvania,42075,Lebanon,2012,2016,American Indian/Alaskan Native (includes Hispanic),
42,Pennsylvania,42075,Lebanon,2012,2016,White (includes Hispanic),6.5
42,Pennsylvania,42075,Lebanon,2013,2017,Asian/Pacific Islander (includes Hispanic),
42,Pennsylvania,42075,Lebanon,2013,2017,Black (includes Hispanic),7.1
42,Pennsylvania,42075,Lebanon,2013,2017,Hispanic (all races),12.1
42,Pennsylvania,42075,Lebanon,2013,2017,American Indian/Alaskan Native (includes Hispanic),
42,Pennsylvania,42075,Lebanon,2013,2017,White (includes Hispanic),6.1
42,Pennsylvania,42075,Lebanon,2014,2018,Asian/Pacific Islander (includes Hispanic),
42,Pennsylvania,42075,Lebanon,2014,2018,Black (includes Hispanic),8.9
42,Pennsylvania,42075,Lebanon,2014,2018,Hispanic (all races),13.6
42,Pennsylvania,42075,Lebanon,2014,2018,American Indian/Alaskan Native (includes Hispanic),
42,Pennsylvania,42075,Lebanon,2014,2018,White (includes Hispanic),6.3
42,Pennsylvania,42075,Lebanon,2015,2019,Asian/Pacific Islander (includes Hispanic),
42,Pennsylvania,42075,Lebanon,2015,2019,Black (includes Hispanic),10.7
42,Pennsylvania,42075,Lebanon,2015,2019,Hispanic (all races),11.2
42,Pennsylvania,42075,Lebanon,2015,2019,American Indian/Alaskan Native (includes Hispanic),
42,Pennsylvania,42075,Lebanon,2015,2019,White (includes Hispanic),6.3
42,Pennsylvania,42075,Lebanon,2016,2020,Asian/Pacific Islander (includes Hispanic),
42,Pennsylvania,42075,Lebanon,2016,2020,Black (includes Hispanic),10.6
42,Pennsylvania,42075,Lebanon,2016,2020,Hispanic (all races),12.0
42,Pennsylvania,42075,Lebanon,2016,2020,American Indian/Alaskan Native (includes Hispanic),
42,Pennsylvania,42075,Lebanon,2016,2020,White (includes Hispanic),6.1
42,Pennsylvania,42077,Lehigh,2011,2015,Asian/Pacific Islander (includes Hispanic),6.4
42,Pennsylvania,42077,Lehigh,2011,2015,Black (includes Hispanic),7.0
42,Pennsylvania,42077,Lehigh,2011,2015,Hispanic (all races),10.2
42,Pennsylvania,42077,Lehigh,2011,2015,American Indian/Alaskan Native (includes Hispanic),
42,Pennsylvania,42077,Lehigh,2011,2015,White (includes Hispanic),6.5
42,Pennsylvania,42077,Lehigh,2012,2016,Asian/Pacific Islander (includes Hispanic),
42,Pennsylvania,42077,Lehigh,2012,2016,Black (includes Hispanic),7.9
42,Pennsylvania,42077,Lehigh,2012,2016,Hispanic (all races),10.0
42,Pennsylvania,42077,Lehigh,2012,2016,American Indian/Alaskan Native (includes Hispanic),
42,Pennsylvania,42077,Lehigh,2012,2016,White (includes Hispanic),6.4
42,Pennsylvania,42077,Lehigh,2013,2017,Asian/Pacific Islander (includes Hispanic),
42,Pennsylvania,42077,Lehigh,2013,2017,Black (includes Hispanic),7.4
42,Pennsylvania,42077,Lehigh,2013,2017,Hispanic (all races),11.1
42,Pennsylvania,42077,Lehigh,2013,2017,American Indian/Alaskan Native (includes Hispanic),
42,Pennsylvania,42077,Lehigh,2013,2017,White (includes Hispanic),6.3
42,Pennsylvania,42077,Lehigh,2014,2018,Asian/Pacific Islander (includes Hispanic),
42,Pennsylvania,42077,Lehigh,2014,2018,Black (includes Hispanic),7.5
42,Pennsylvania,42077,Lehigh,2014,2018,Hispanic (all races),11.0
42,Pennsylvania,42077,Lehigh,2014,2018,American Indian/Alaskan Native (includes Hispanic),
42,Pennsylvania,42077,Lehigh,2014,2018,White (includes Hispanic),6.3
42,Pennsylvania,42077,Lehigh,2015,2019,Asian/Pacific Islander (includes Hispanic),
42,Pennsylvania,42077,Lehigh,2015,2019,Black (includes Hispanic),8.4
42,Pennsylvania,42077,Lehigh,2015,2019,Hispanic (all races),10.2
42,Pennsylvania,42077,Lehigh,2015,2019,American Indian/Alaskan Native (includes Hispanic),
42,Pennsylvania,42077,Lehigh,2015,2019,White (includes Hispanic),6.3
42,Pennsylvania,42077,Lehigh,2016,2020,Asian/Pacific Islander (includes Hispanic),5.2
42,Pennsylvania,42077,Lehigh,2016,2020,Black (includes Hispanic),7.7
42,Pennsylvania,42077,Lehigh,2016,2020,Hispanic (all races),10.1
42,Pennsylvania,42077,Lehigh,2016,2020,American Indian/Alaskan Native (includes Hispanic),
42,Pennsylvania,42077,Lehigh,2016,2020,White (includes Hispanic),6.0
42,Pennsylvania,42079,Luzerne,2011,2015,Asian/Pacific Islander (includes Hispanic),
42,Pennsylvania,42079,Luzerne,2011,2015,Black (includes Hispanic),
42,Pennsylvania,42079,Luzerne,2011,2015,Hispanic (all races),
42,Pennsylvania,42079,Luzerne,2011,2015,American Indian/Alaskan Native (includes Hispanic),
42,Pennsylvania,42079,Luzerne,2011,2015,White (includes Hispanic),9.7
42,Pennsylvania,42079,Luzerne,2012,2016,Asian/Pacific Islander (includes Hispanic),
42,Pennsylvania,42079,Luzerne,2012,2016,Black (includes Hispanic),
42,Pennsylvania,42079,Luzerne,2012,2016,Hispanic (all races),
42,Pennsylvania,42079,Luzerne,2012,2016,American Indian/Alaskan Native (includes Hispanic),
42,Pennsylvania,42079,Luzerne,2012,2016,White (includes Hispanic),9.5
42,Pennsylvania,42079,Luzerne,2013,2017,Asian/Pacific Islander (includes Hispanic),
42,Pennsylvania,42079,Luzerne,2013,2017,Black (includes Hispanic),
42,Pennsylvania,42079,Luzerne,2013,2017,Hispanic (all races),
42,Pennsylvania,42079,Luzerne,2013,2017,American Indian/Alaskan Native (includes Hispanic),
42,Pennsylvania,42079,Luzerne,2013,2017,White (includes Hispanic),9.3
42,Pennsylvania,42079,Luzerne,2014,2018,Asian/Pacific Islander (includes Hispanic),
42,Pennsylvania,42079,Luzerne,2014,2018,Black (includes Hispanic),
42,Pennsylvania,42079,Luzerne,2014,2018,Hispanic (all races),
42,Pennsylvania,42079,Luzerne,2014,2018,American Indian/Alaskan Native (includes Hispanic),
42,Pennsylvania,42079,Luzerne,2014,2018,White (includes Hispanic),9.4
42,Pennsylvania,42079,Luzerne,2015,2019,Asian/Pacific Islander (includes Hispanic),
42,Pennsylvania,42079,Luzerne,2015,2019,Black (includes Hispanic),
42,Pennsylvania,42079,Luzerne,2015,2019,Hispanic (all races),
42,Pennsylvania,42079,Luzerne,2015,2019,American Indian/Alaskan Native (includes Hispanic),
42,Pennsylvania,42079,Luzerne,2015,2019,White (includes Hispanic),9.7
42,Pennsylvania,42079,Luzerne,2016,2020,Asian/Pacific Islander (includes Hispanic),
42,Pennsylvania,42079,Luzerne,2016,2020,Black (includes Hispanic),
42,Pennsylvania,42079,Luzerne,2016,2020,Hispanic (all races),
42,Pennsylvania,42079,Luzerne,2016,2020,American Indian/Alaskan Native (includes Hispanic),
42,Pennsylvania,42079,Luzerne,2016,2020,White (includes Hispanic),9.3
42,Pennsylvania,42081,Lycoming,2011,2015,Asian/Pacific Islander (includes Hispanic),
42,Pennsylvania,42081,Lycoming,2011,2015,Black (includes Hispanic),
42,Pennsylvania,42081,Lycoming,2011,2015,Hispanic (all races),
42,Pennsylvania,42081,Lycoming,2011,2015,American Indian/Alaskan Native (includes Hispanic),
42,Pennsylvania,42081,Lycoming,2011,2015,White (includes Hispanic),7.5
42,Pennsylvania,42081,Lycoming,2012,2016,Asian/Pacific Islander (includes Hispanic),
42,Pennsylvania,42081,Lycoming,2012,2016,Black (includes Hispanic),
42,Pennsylvania,42081,Lycoming,2012,2016,Hispanic (all races),
42,Pennsylvania,42081,Lycoming,2012,2016,American Indian/Alaskan Native (includes Hispanic),
42,Pennsylvania,42081,Lycoming,2012,2016,White (includes Hispanic),6.9
42,Pennsylvania,42081,Lycoming,2013,2017,Asian/Pacific Islander (includes Hispanic),
42,Pennsylvania,42081,Lycoming,2013,2017,Black (includes Hispanic),
42,Pennsylvania,42081,Lycoming,2013,2017,Hispanic (all races),
42,Pennsylvania,42081,Lycoming,2013,2017,American Indian/Alaskan Native (includes Hispanic),
42,Pennsylvania,42081,Lycoming,2013,2017,White (includes Hispanic),6.9
42,Pennsylvania,42081,Lycoming,2014,2018,Asian/Pacific Islander (includes Hispanic),
42,Pennsylvania,42081,Lycoming,2014,2018,Black (includes Hispanic),
42,Pennsylvania,42081,Lycoming,2014,2018,Hispanic (all races),
42,Pennsylvania,42081,Lycoming,2014,2018,American Indian/Alaskan Native (includes Hispanic),
42,Pennsylvania,42081,Lycoming,2014,2018,White (includes Hispanic),7.1
42,Pennsylvania,42081,Lycoming,2015,2019,Asian/Pacific Islander (includes Hispanic),
42,Pennsylvania,42081,Lycoming,2015,2019,Black (includes Hispanic),
42,Pennsylvania,42081,Lycoming,2015,2019,Hispanic (all races),
42,Pennsylvania,42081,Lycoming,2015,2019,American Indian/Alaskan Native (includes Hispanic),
42,Pennsylvania,42081,Lycoming,2015,2019,White (includes Hispanic),7.7
42,Pennsylvania,42081,Lycoming,2016,2020,Asian/Pacific Islander (includes Hispanic),
42,Pennsylvania,42081,Lycoming,2016,2020,Black (includes Hispanic),
42,Pennsylvania,42081,Lycoming,2016,2020,Hispanic (all races),
42,Pennsylvania,42081,Lycoming,2016,2020,American Indian/Alaskan Native (includes Hispanic),
42,Pennsylvania,42081,Lycoming,2016,2020,White (includes Hispanic),8.8
42,Pennsylvania,42083,McKean,2011,2015,Asian/Pacific Islander (includes Hispanic),
42,Pennsylvania,42083,McKean,2011,2015,Black (includes Hispanic),
42,Pennsylvania,42083,McKean,2011,2015,Hispanic (all races),
42,Pennsylvania,42083,McKean,2011,2015,American Indian/Alaskan Native (includes Hispanic),
42,Pennsylvania,42083,McKean,2011,2015,White (includes Hispanic),9.2
42,Pennsylvania,42083,McKean,2012,2016,Asian/Pacific Islander (includes Hispanic),
42,Pennsylvania,42083,McKean,2012,2016,Black (includes Hispanic),
42,Pennsylvania,42083,McKean,2012,2016,Hispanic (all races),
42,Pennsylvania,42083,McKean,2012,2016,American Indian/Alaskan Native (includes Hispanic),
42,Pennsylvania,42083,McKean,2012,2016,White (includes Hispanic),10.4
42,Pennsylvania,42083,McKean,2013,2017,Asian/Pacific Islander (includes Hispanic),
42,Pennsylvania,42083,McKean,2013,2017,Black (includes Hispanic),
42,Pennsylvania,42083,McKean,2013,2017,Hispanic (all races),
42,Pennsylvania,42083,McKean,2013,2017,American Indian/Alaskan Native (includes Hispanic),
42,Pennsylvania,42083,McKean,2013,2017,White (includes Hispanic),12.4
42,Pennsylvania,42083,McKean,2014,2018,Asian/Pacific Islander (includes Hispanic),
42,Pennsylvania,42083,McKean,2014,2018,Black (includes Hispanic),
42,Pennsylvania,42083,McKean,2014,2018,Hispanic (all races),
42,Pennsylvania,42083,McKean,2014,2018,American Indian/Alaskan Native (includes Hispanic),
42,Pennsylvania,42083,McKean,2014,2018,White (includes Hispanic),10.3
42,Pennsylvania,42083,McKean,2015,2019,Asian/Pacific Islander (includes Hispanic),
42,Pennsylvania,42083,McKean,2015,2019,Black (includes Hispanic),
42,Pennsylvania,42083,McKean,2015,2019,Hispanic (all races),
42,Pennsylvania,42083,McKean,2015,2019,American Indian/Alaskan Native (includes Hispanic),
42,Pennsylvania,42083,McKean,2015,2019,White (includes Hispanic),10.3
42,Pennsylvania,42083,McKean,2016,2020,Asian/Pacific Islander (includes Hispanic),
42,Pennsylvania,42083,McKean,2016,2020,Black (includes Hispanic),
42,Pennsylvania,42083,McKean,2016,2020,Hispanic (all races),
42,Pennsylvania,42083,McKean,2016,2020,American Indian/Alaskan Native (includes Hispanic),
42,Pennsylvania,42083,McKean,2016,2020,White (includes Hispanic),9.4
42,Pennsylvania,42085,Mercer,2011,2015,Asian/Pacific Islander (includes Hispanic),
42,Pennsylvania,42085,Mercer,2011,2015,Black (includes Hispanic),
42,Pennsylvania,42085,Mercer,2011,2015,Hispanic (all races),
42,Pennsylvania,42085,Mercer,2011,2015,American Indian/Alaskan Native (includes Hispanic),
42,Pennsylvania,42085,Mercer,2011,2015,White (includes Hispanic),6.9
42,Pennsylvania,42085,Mercer,2012,2016,Asian/Pacific Islander (includes Hispanic),
42,Pennsylvania,42085,Mercer,2012,2016,Black (includes Hispanic),
42,Pennsylvania,42085,Mercer,2012,2016,Hispanic (all races),
42,Pennsylvania,42085,Mercer,2012,2016,American Indian/Alaskan Native (includes Hispanic),
42,Pennsylvania,42085,Mercer,2012,2016,White (includes Hispanic),6.5
42,Pennsylvania,42085,Mercer,2013,2017,Asian/Pacific Islander (includes Hispanic),
42,Pennsylvania,42085,Mercer,2013,2017,Black (includes Hispanic),
42,Pennsylvania,42085,Mercer,2013,2017,Hispanic (all races),
42,Pennsylvania,42085,Mercer,2013,2017,American Indian/Alaskan Native (includes Hispanic),
42,Pennsylvania,42085,Mercer,2013,2017,White (includes Hispanic),6.6
42,Pennsylvania,42085,Mercer,2014,2018,Asian/Pacific Islander (includes Hispanic),
42,Pennsylvania,42085,Mercer,2014,2018,Black (includes Hispanic),9.8
42,Pennsylvania,42085,Mercer,2014,2018,Hispanic (all races),
42,Pennsylvania,42085,Mercer,2014,2018,American Indian/Alaskan Native (includes Hispanic),
42,Pennsylvania,42085,Mercer,2014,2018,White (includes Hispanic),6.7
42,Pennsylvania,42085,Mercer,2015,2019,Asian/Pacific Islander (includes Hispanic),
42,Pennsylvania,42085,Mercer,2015,2019,Black (includes Hispanic),9.2
42,Pennsylvania,42085,Mercer,2015,2019,Hispanic (all races),
42,Pennsylvania,42085,Mercer,2015,2019,American Indian/Alaskan Native (includes Hispanic),
42,Pennsylvania,42085,Mercer,2015,2019,White (includes Hispanic),6.7
42,Pennsylvania,42085,Mercer,2016,2020,Asian/Pacific Islander (includes Hispanic),
42,Pennsylvania,42085,Mercer,2016,2020,Black (includes Hispanic),
42,Pennsylvania,42085,Mercer,2016,2020,Hispanic (all races),
42,Pennsylvania,42085,Mercer,2016,2020,American Indian/Alaskan Native (includes Hispanic),
42,Pennsylvania,42085,Mercer,2016,2020,White (includes Hispanic),6.7
42,Pennsylvania,42087,Mifflin,2011,2015,Asian/Pacific Islander (includes Hispanic),
42,Pennsylvania,42087,Mifflin,2011,2015,Black (includes Hispanic),
42,Pennsylvania,42087,Mifflin,2011,2015,Hispanic (all races),
42,Pennsylvania,42087,Mifflin,2011,2015,American Indian/Alaskan Native (includes Hispanic),
42,Pennsylvania,42087,Mifflin,2011,2015,White (includes Hispanic),6.4
42,Pennsylvania,42087,Mifflin,2012,2016,Asian/Pacific Islander (includes Hispanic),
42,Pennsylvania,42087,Mifflin,2012,2016,Black (includes Hispanic),
42,Pennsylvania,42087,Mifflin,2012,2016,Hispanic (all races),
42,Pennsylvania,42087,Mifflin,2012,2016,American Indian/Alaskan Native (includes Hispanic),
42,Pennsylvania,42087,Mifflin,2012,2016,White (includes Hispanic),6.8
42,Pennsylvania,42087,Mifflin,2013,2017,Asian/Pacific Islander (includes Hispanic),
42,Pennsylvania,42087,Mifflin,2013,2017,Black (includes Hispanic),
42,Pennsylvania,42087,Mifflin,2013,2017,Hispanic (all races),
42,Pennsylvania,42087,Mifflin,2013,2017,American Indian/Alaskan Native (includes Hispanic),
42,Pennsylvania,42087,Mifflin,2013,2017,White (includes Hispanic),6.7
42,Pennsylvania,42087,Mifflin,2014,2018,Asian/Pacific Islander (includes Hispanic),
42,Pennsylvania,42087,Mifflin,2014,2018,Black (includes Hispanic),
42,Pennsylvania,42087,Mifflin,2014,2018,Hispanic (all races),
42,Pennsylvania,42087,Mifflin,2014,2018,American Indian/Alaskan Native (includes Hispanic),
42,Pennsylvania,42087,Mifflin,2014,2018,White (includes Hispanic),6.9
42,Pennsylvania,42087,Mifflin,2015,2019,Asian/Pacific Islander (includes Hispanic),
42,Pennsylvania,42087,Mifflin,2015,2019,Black (includes Hispanic),
42,Pennsylvania,42087,Mifflin,2015,2019,Hispanic (all races),
42,Pennsylvania,42087,Mifflin,2015,2019,American Indian/Alaskan Native (includes Hispanic),
42,Pennsylvania,42087,Mifflin,2015,2019,White (includes Hispanic),5.5
42,Pennsylvania,42087,Mifflin,2016,2020,Asian/Pacific Islander (includes Hispanic),
42,Pennsylvania,42087,Mifflin,2016,2020,Black (includes Hispanic),
42,Pennsylvania,42087,Mifflin,2016,2020,Hispanic (all races),
42,Pennsylvania,42087,Mifflin,2016,2020,American Indian/Alaskan Native (includes Hispanic),
42,Pennsylvania,42087,Mifflin,2016,2020,White (includes Hispanic),5.5
42,Pennsylvania,42089,Monroe,2011,2015,Asian/Pacific Islander (includes Hispanic),
42,Pennsylvania,42089,Monroe,2011,2015,Black (includes Hispanic),
42,Pennsylvania,42089,Monroe,2011,2015,Hispanic (all races),12.1
42,Pennsylvania,42089,Monroe,2011,2015,American Indian/Alaskan Native (includes Hispanic),
42,Pennsylvania,42089,Monroe,2011,2015,White (includes Hispanic),8.5
42,Pennsylvania,42089,Monroe,2012,2016,Asian/Pacific Islander (includes Hispanic),
42,Pennsylvania,42089,Monroe,2012,2016,Black (includes Hispanic),
42,Pennsylvania,42089,Monroe,2012,2016,Hispanic (all races),12.8
42,Pennsylvania,42089,Monroe,2012,2016,American Indian/Alaskan Native (includes Hispanic),
42,Pennsylvania,42089,Monroe,2012,2016,White (includes Hispanic),8.8
42,Pennsylvania,42089,Monroe,2013,2017,Asian/Pacific Islander (includes Hispanic),
42,Pennsylvania,42089,Monroe,2013,2017,Black (includes Hispanic),
42,Pennsylvania,42089,Monroe,2013,2017,Hispanic (all races),10.2
42,Pennsylvania,42089,Monroe,2013,2017,American Indian/Alaskan Native (includes Hispanic),
42,Pennsylvania,42089,Monroe,2013,2017,White (includes Hispanic),8.8
42,Pennsylvania,42089,Monroe,2014,2018,Asian/Pacific Islander (includes Hispanic),
42,Pennsylvania,42089,Monroe,2014,2018,Black (includes Hispanic),
42,Pennsylvania,42089,Monroe,2014,2018,Hispanic (all races),9.8
42,Pennsylvania,42089,Monroe,2014,2018,American Indian/Alaskan Native (includes Hispanic),
42,Pennsylvania,42089,Monroe,2014,2018,White (includes Hispanic),9.1
42,Pennsylvania,42089,Monroe,2015,2019,Asian/Pacific Islander (includes Hispanic),
42,Pennsylvania,42089,Monroe,2015,2019,Black (includes Hispanic),
42,Pennsylvania,42089,Monroe,2015,2019,Hispanic (all races),8.9
42,Pennsylvania,42089,Monroe,2015,2019,American Indian/Alaskan Native (includes Hispanic),
42,Pennsylvania,42089,Monroe,2015,2019,White (includes Hispanic),9.2
42,Pennsylvania,42089,Monroe,2016,2020,Asian/Pacific Islander (includes Hispanic),
42,Pennsylvania,42089,Monroe,2016,2020,Black (includes Hispanic),
42,Pennsylvania,42089,Monroe,2016,2020,Hispanic (all races),7.6
42,Pennsylvania,42089,Monroe,2016,2020,American Indian/Alaskan Native (includes Hispanic),
42,Pennsylvania,42089,Monroe,2016,2020,White (includes Hispanic),8.2
42,Pennsylvania,42091,Montgomery,2011,2015,Asian/Pacific Islander (includes Hispanic),6.8
42,Pennsylvania,42091,Montgomery,2011,2015,Black (includes Hispanic),11.0
42,Pennsylvania,42091,Montgomery,2011,2015,Hispanic (all races),10.7
42,Pennsylvania,42091,Montgomery,2011,2015,American Indian/Alaskan Native (includes Hispanic),
42,Pennsylvania,42091,Montgomery,2011,2015,White (includes Hispanic),6.8
42,Pennsylvania,42091,Montgomery,2012,2016,Asian/Pacific Islander (includes Hispanic),6.5
42,Pennsylvania,42091,Montgomery,2012,2016,Black (includes Hispanic),10.4
42,Pennsylvania,42091,Montgomery,2012,2016,Hispanic (all races),10.5
42,Pennsylvania,42091,Montgomery,2012,2016,American Indian/Alaskan Native (includes Hispanic),
42,Pennsylvania,42091,Montgomery,2012,2016,White (includes Hispanic),6.8
42,Pennsylvania,42091,Montgomery,2013,2017,Asian/Pacific Islander (includes Hispanic),6.2
42,Pennsylvania,42091,Montgomery,2013,2017,Black (includes Hispanic),10.2
42,Pennsylvania,42091,Montgomery,2013,2017,Hispanic (all races),10.7
42,Pennsylvania,42091,Montgomery,2013,2017,American Indian/Alaskan Native (includes Hispanic),
42,Pennsylvania,42091,Montgomery,2013,2017,White (includes Hispanic),6.6
42,Pennsylvania,42091,Montgomery,2014,2018,Asian/Pacific Islander (includes Hispanic),5.0
42,Pennsylvania,42091,Montgomery,2014,2018,Black (includes Hispanic),9.4
42,Pennsylvania,42091,Montgomery,2014,2018,Hispanic (all races),11.1
42,Pennsylvania,42091,Montgomery,2014,2018,American Indian/Alaskan Native (includes Hispanic),
42,Pennsylvania,42091,Montgomery,2014,2018,White (includes Hispanic),6.7
42,Pennsylvania,42091,Montgomery,2015,2019,Asian/Pacific Islander (includes Hispanic),5.3
42,Pennsylvania,42091,Montgomery,2015,2019,Black (includes Hispanic),9.4
42,Pennsylvania,42091,Montgomery,2015,2019,Hispanic (all races),10.7
42,Pennsylvania,42091,Montgomery,2015,2019,American Indian/Alaskan Native (includes Hispanic),
42,Pennsylvania,42091,Montgomery,2015,2019,White (includes Hispanic),6.7
42,Pennsylvania,42091,Montgomery,2016,2020,Asian/Pacific Islander (includes Hispanic),6.0
42,Pennsylvania,42091,Montgomery,2016,2020,Black (includes Hispanic),9.2
42,Pennsylvania,42091,Montgomery,2016,2020,Hispanic (all races),10.4
42,Pennsylvania,42091,Montgomery,2016,2020,American Indian/Alaskan Native (includes Hispanic),
42,Pennsylvania,42091,Montgomery,2016,2020,White (includes Hispanic),6.5
42,Pennsylvania,42093,Montour,2011,2015,Asian/Pacific Islander (includes Hispanic),
42,Pennsylvania,42093,Montour,2011,2015,Black (includes Hispanic),
42,Pennsylvania,42093,Montour,2011,2015,Hispanic (all races),
42,Pennsylvania,42093,Montour,2011,2015,American Indian/Alaskan Native (includes Hispanic),
42,Pennsylvania,42093,Montour,2011,2015,White (includes Hispanic),8.0
42,Pennsylvania,42093,Montour,2012,2016,Asian/Pacific Islander (includes Hispanic),
42,Pennsylvania,42093,Montour,2012,2016,Black (includes Hispanic),
42,Pennsylvania,42093,Montour,2012,2016,Hispanic (all races),
42,Pennsylvania,42093,Montour,2012,2016,American Indian/Alaskan Native (includes Hispanic),
42,Pennsylvania,42093,Montour,2012,2016,White (includes Hispanic),7.3
42,Pennsylvania,42093,Montour,2013,2017,Asian/Pacific Islander (includes Hispanic),
42,Pennsylvania,42093,Montour,2013,2017,Black (includes Hispanic),
42,Pennsylvania,42093,Montour,2013,2017,Hispanic (all races),
42,Pennsylvania,42093,Montour,2013,2017,American Indian/Alaskan Native (includes Hispanic),
42,Pennsylvania,42093,Montour,2013,2017,White (includes Hispanic),7.1
42,Pennsylvania,42093,Montour,2014,2018,Asian/Pacific Islander (includes Hispanic),
42,Pennsylvania,42093,Montour,2014,2018,Black (includes Hispanic),
42,Pennsylvania,42093,Montour,2014,2018,Hispanic (all races),
42,Pennsylvania,42093,Montour,2014,2018,American Indian/Alaskan Native (includes Hispanic),
42,Pennsylvania,42093,Montour,2014,2018,White (includes Hispanic),7.6
42,Pennsylvania,42093,Montour,2015,2019,Asian/Pacific Islander (includes Hispanic),
42,Pennsylvania,42093,Montour,2015,2019,Black (includes Hispanic),
42,Pennsylvania,42093,Montour,2015,2019,Hispanic (all races),
42,Pennsylvania,42093,Montour,2015,2019,American Indian/Alaskan Native (includes Hispanic),
42,Pennsylvania,42093,Montour,2015,2019,White (includes Hispanic),8.3
42,Pennsylvania,42093,Montour,2016,2020,Asian/Pacific Islander (includes Hispanic),
42,Pennsylvania,42093,Montour,2016,2020,Black (includes Hispanic),
42,Pennsylvania,42093,Montour,2016,2020,Hispanic (all races),
42,Pennsylvania,42093,Montour,2016,2020,American Indian/Alaskan Native (includes Hispanic),
42,Pennsylvania,42093,Montour,2016,2020,White (includes Hispanic),8.8
42,Pennsylvania,42095,Northampton,2011,2015,Asian/Pacific Islander (includes Hispanic),
42,Pennsylvania,42095,Northampton,2011,2015,Black (includes Hispanic),7.0
42,Pennsylvania,42095,Northampton,2011,2015,Hispanic (all races),10.5
42,Pennsylvania,42095,Northampton,2011,2015,American Indian/Alaskan Native (includes Hispanic),
42,Pennsylvania,42095,Northampton,2011,2015,White (includes Hispanic),7.1
42,Pennsylvania,42095,Northampton,2012,2016,Asian/Pacific Islander (includes Hispanic),
42,Pennsylvania,42095,Northampton,2012,2016,Black (includes Hispanic),8.3
42,Pennsylvania,42095,Northampton,2012,2016,Hispanic (all races),10.3
42,Pennsylvania,42095,Northampton,2012,2016,American Indian/Alaskan Native (includes Hispanic),
42,Pennsylvania,42095,Northampton,2012,2016,White (includes Hispanic),7.0
42,Pennsylvania,42095,Northampton,2013,2017,Asian/Pacific Islander (includes Hispanic),
42,Pennsylvania,42095,Northampton,2013,2017,Black (includes Hispanic),8.7
42,Pennsylvania,42095,Northampton,2013,2017,Hispanic (all races),11.9
42,Pennsylvania,42095,Northampton,2013,2017,American Indian/Alaskan Native (includes Hispanic),
42,Pennsylvania,42095,Northampton,2013,2017,White (includes Hispanic),6.9
42,Pennsylvania,42095,Northampton,2014,2018,Asian/Pacific Islander (includes Hispanic),
42,Pennsylvania,42095,Northampton,2014,2018,Black (includes Hispanic),7.7
42,Pennsylvania,42095,Northampton,2014,2018,Hispanic (all races),10.6
42,Pennsylvania,42095,Northampton,2014,2018,American Indian/Alaskan Native (includes Hispanic),
42,Pennsylvania,42095,Northampton,2014,2018,White (includes Hispanic),6.7
42,Pennsylvania,42095,Northampton,2015,2019,Asian/Pacific Islander (includes Hispanic),
42,Pennsylvania,42095,Northampton,2015,2019,Black (includes Hispanic),8.4
42,Pennsylvania,42095,Northampton,2015,2019,Hispanic (all races),10.2
42,Pennsylvania,42095,Northampton,2015,2019,American Indian/Alaskan Native (includes Hispanic),
42,Pennsylvania,42095,Northampton,2015,2019,White (includes Hispanic),7.0
42,Pennsylvania,42095,Northampton,2016,2020,Asian/Pacific Islander (includes Hispanic),
42,Pennsylvania,42095,Northampton,2016,2020,Black (includes Hispanic),8.9
42,Pennsylvania,42095,Northampton,2016,2020,Hispanic (all races),10.2
42,Pennsylvania,42095,Northampton,2016,2020,American Indian/Alaskan Native (includes Hispanic),
42,Pennsylvania,42095,Northampton,2016,2020,White (includes Hispanic),6.4
42,Pennsylvania,42097,Northumberland,2011,2015,Asian/Pacific Islander (includes Hispanic),
42,Pennsylvania,42097,Northumberland,2011,2015,Black (includes Hispanic),
42,Pennsylvania,42097,Northumberland,2011,2015,Hispanic (all races),
42,Pennsylvania,42097,Northumberland,2011,2015,American Indian/Alaskan Native (includes Hispanic),
42,Pennsylvania,42097,Northumberland,2011,2015,White (includes Hispanic),7.7
42,Pennsylvania,42097,Northumberland,2012,2016,Asian/Pacific Islander (includes Hispanic),
42,Pennsylvania,42097,Northumberland,2012,2016,Black (includes Hispanic),
42,Pennsylvania,42097,Northumberland,2012,2016,Hispanic (all races),
42,Pennsylvania,42097,Northumberland,2012,2016,American Indian/Alaskan Native (includes Hispanic),
42,Pennsylvania,42097,Northumberland,2012,2016,White (includes Hispanic),6.9
42,Pennsylvania,42097,Northumberland,2013,2017,Asian/Pacific Islander (includes Hispanic),
42,Pennsylvania,42097,Northumberland,2013,2017,Black (includes Hispanic),
42,Pennsylvania,42097,Northumberland,2013,2017,Hispanic (all races),
42,Pennsylvania,42097,Northumberland,2013,2017,American Indian/Alaskan Native (includes Hispanic),
42,Pennsylvania,42097,Northumberland,2013,2017,White (includes Hispanic),6.8
42,Pennsylvania,42097,Northumberland,2014,2018,Asian/Pacific Islander (includes Hispanic),
42,Pennsylvania,42097,Northumberland,2014,2018,Black (includes Hispanic),11.8
42,Pennsylvania,42097,Northumberland,2014,2018,Hispanic (all races),
42,Pennsylvania,42097,Northumberland,2014,2018,American Indian/Alaskan Native (includes Hispanic),
42,Pennsylvania,42097,Northumberland,2014,2018,White (includes Hispanic),7.3
42,Pennsylvania,42097,Northumberland,2015,2019,Asian/Pacific Islander (includes Hispanic),
42,Pennsylvania,42097,Northumberland,2015,2019,Black (includes Hispanic),12.5
42,Pennsylvania,42097,Northumberland,2015,2019,Hispanic (all races),
42,Pennsylvania,42097,Northumberland,2015,2019,American Indian/Alaskan Native (includes Hispanic),
42,Pennsylvania,42097,Northumberland,2015,2019,White (includes Hispanic),7.5
42,Pennsylvania,42097,Northumberland,2016,2020,Asian/Pacific Islander (includes Hispanic),
42,Pennsylvania,42097,Northumberland,2016,2020,Black (includes Hispanic),11.7
42,Pennsylvania,42097,Northumberland,2016,2020,Hispanic (all races),
42,Pennsylvania,42097,Northumberland,2016,2020,American Indian/Alaskan Native (includes Hispanic),
42,Pennsylvania,42097,Northumberland,2016,2020,White (includes Hispanic),7.7
42,Pennsylvania,42099,Perry,2011,2015,Asian/Pacific Islander (includes Hispanic),
42,Pennsylvania,42099,Perry,2011,2015,Black (includes Hispanic),
42,Pennsylvania,42099,Perry,2011,2015,Hispanic (all races),
42,Pennsylvania,42099,Perry,2011,2015,American Indian/Alaskan Native (includes Hispanic),
42,Pennsylvania,42099,Perry,2011,2015,White (includes Hispanic),6.0
42,Pennsylvania,42099,Perry,2012,2016,Asian/Pacific Islander (includes Hispanic),
42,Pennsylvania,42099,Perry,2012,2016,Black (includes Hispanic),
42,Pennsylvania,42099,Perry,2012,2016,Hispanic (all races),
42,Pennsylvania,42099,Perry,2012,2016,American Indian/Alaskan Native (includes Hispanic),
42,Pennsylvania,42099,Perry,2012,2016,White (includes Hispanic),6.4
42,Pennsylvania,42099,Perry,2013,2017,Asian/Pacific Islander (includes Hispanic),
42,Pennsylvania,42099,Perry,2013,2017,Black (includes Hispanic),
42,Pennsylvania,42099,Perry,2013,2017,Hispanic (all races),
42,Pennsylvania,42099,Perry,2013,2017,American Indian/Alaskan Native (includes Hispanic),
42,Pennsylvania,42099,Perry,2013,2017,White (includes Hispanic),6.9
42,Pennsylvania,42099,Perry,2014,2018,Asian/Pacific Islander (includes Hispanic),
42,Pennsylvania,42099,Perry,2014,2018,Black (includes Hispanic),
42,Pennsylvania,42099,Perry,2014,2018,Hispanic (all races),
42,Pennsylvania,42099,Perry,2014,2018,American Indian/Alaskan Native (includes Hispanic),
42,Pennsylvania,42099,Perry,2014,2018,White (includes Hispanic),7.9
42,Pennsylvania,42099,Perry,2015,2019,Asian/Pacific Islander (includes Hispanic),
42,Pennsylvania,42099,Perry,2015,2019,Black (includes Hispanic),10.3
42,Pennsylvania,42099,Perry,2015,2019,Hispanic (all races),
42,Pennsylvania,42099,Perry,2015,2019,American Indian/Alaskan Native (includes Hispanic),
42,Pennsylvania,42099,Perry,2015,2019,White (includes Hispanic),8.2
42,Pennsylvania,42099,Perry,2016,2020,Asian/Pacific Islander (includes Hispanic),
42,Pennsylvania,42099,Perry,2016,2020,Black (includes Hispanic),
42,Pennsylvania,42099,Perry,2016,2020,Hispanic (all races),
42,Pennsylvania,42099,Perry,2016,2020,American Indian/Alaskan Native (includes Hispanic),
42,Pennsylvania,42099,Perry,2016,2020,White (includes Hispanic),8.3
42,Pennsylvania,42101,Philadelphia,2011,2015,Asian/Pacific Islander (includes Hispanic),7.2
42,Pennsylvania,42101,Philadelphia,2011,2015,Black (includes Hispanic),10.7
42,Pennsylvania,42101,Philadelphia,2011,2015,Hispanic (all races),9.8
42,Pennsylvania,42101,Philadelphia,2011,2015,American Indian/Alaskan Native (includes Hispanic),
42,Pennsylvania,42101,Philadelphia,2011,2015,White (includes Hispanic),6.9
42,Pennsylvania,42101,Philadelphia,2012,2016,Asian/Pacific Islander (includes Hispanic),6.4
42,Pennsylvania,42101,Philadelphia,2012,2016,Black (includes Hispanic),10.0
42,Pennsylvania,42101,Philadelphia,2012,2016,Hispanic (all races),8.9
42,Pennsylvania,42101,Philadelphia,2012,2016,American Indian/Alaskan Native (includes Hispanic),
42,Pennsylvania,42101,Philadelphia,2012,2016,White (includes Hispanic),7.0
42,Pennsylvania,42101,Philadelphia,2013,2017,Asian/Pacific Islander (includes Hispanic),6.1
42,Pennsylvania,42101,Philadelphia,2013,2017,Black (includes Hispanic),10.0
42,Pennsylvania,42101,Philadelphia,2013,2017,Hispanic (all races),8.8
42,Pennsylvania,42101,Philadelphia,2013,2017,American Indian/Alaskan Native (includes Hispanic),
42,Pennsylvania,42101,Philadelphia,2013,2017,White (includes Hispanic),6.9
42,Pennsylvania,42101,Philadelphia,2014,2018,Asian/Pacific Islander (includes Hispanic),5.9
42,Pennsylvania,42101,Philadelphia,2014,2018,Black (includes Hispanic),9.4
42,Pennsylvania,42101,Philadelphia,2014,2018,Hispanic (all races),9.3
42,Pennsylvania,42101,Philadelphia,2014,2018,American Indian/Alaskan Native (includes Hispanic),
42,Pennsylvania,42101,Philadelphia,2014,2018,White (includes Hispanic),7.0
42,Pennsylvania,42101,Philadelphia,2015,2019,Asian/Pacific Islander (includes Hispanic),6.1
42,Pennsylvania,42101,Philadelphia,2015,2019,Black (includes Hispanic),9.0
42,Pennsylvania,42101,Philadelphia,2015,2019,Hispanic (all races),10.0
42,Pennsylvania,42101,Philadelphia,2015,2019,American Indian/Alaskan Native (includes Hispanic),
42,Pennsylvania,42101,Philadelphia,2015,2019,White (includes Hispanic),7.0
42,Pennsylvania,42101,Philadelphia,2016,2020,Asian/Pacific Islander (includes Hispanic),6.6
42,Pennsylvania,42101,Philadelphia,2016,2020,Black (includes Hispanic),8.9
42,Pennsylvania,42101,Philadelphia,2016,2020,Hispanic (all races),9.5
42,Pennsylvania,42101,Philadelphia,2016,2020,American Indian/Alaskan Native (includes Hispanic),
42,Pennsylvania,42101,Philadelphia,2016,2020,White (includes Hispanic),6.9
42,Pennsylvania,42103,Pike,2011,2015,Asian/Pacific Islander (includes Hispanic),
42,Pennsylvania,42103,Pike,2011,2015,Black (includes Hispanic),
42,Pennsylvania,42103,Pike,2011,2015,Hispanic (all races),9.6
42,Pennsylvania,42103,Pike,2011,2015,American Indian/Alaskan Native (includes Hispanic),
42,Pennsylvania,42103,Pike,2011,2015,White (includes Hispanic),8.2
42,Pennsylvania,42103,Pike,2012,2016,Asian/Pacific Islander (includes Hispanic),
42,Pennsylvania,42103,Pike,2012,2016,Black (includes Hispanic),7.8
42,Pennsylvania,42103,Pike,2012,2016,Hispanic (all races),10.7
42,Pennsylvania,42103,Pike,2012,2016,American Indian/Alaskan Native (includes Hispanic),
42,Pennsylvania,42103,Pike,2012,2016,White (includes Hispanic),8.3
42,Pennsylvania,42103,Pike,2013,2017,Asian/Pacific Islander (includes Hispanic),
42,Pennsylvania,42103,Pike,2013,2017,Black (includes Hispanic),9.8
42,Pennsylvania,42103,Pike,2013,2017,Hispanic (all races),12.0
42,Pennsylvania,42103,Pike,2013,2017,American Indian/Alaskan Native (includes Hispanic),
42,Pennsylvania,42103,Pike,2013,2017,White (includes Hispanic),8.7
42,Pennsylvania,42103,Pike,2014,2018,Asian/Pacific Islander (includes Hispanic),
42,Pennsylvania,42103,Pike,2014,2018,Black (includes Hispanic),8.9
42,Pennsylvania,42103,Pike,2014,2018,Hispanic (all races),11.6
42,Pennsylvania,42103,Pike,2014,2018,American Indian/Alaskan Native (includes Hispanic),
42,Pennsylvania,42103,Pike,2014,2018,White (includes Hispanic),8.7
42,Pennsylvania,42103,Pike,2015,2019,Asian/Pacific Islander (includes Hispanic),
42,Pennsylvania,42103,Pike,2015,2019,Black (includes Hispanic),9.4
42,Pennsylvania,42103,Pike,2015,2019,Hispanic (all races),11.5
42,Pennsylvania,42103,Pike,2015,2019,American Indian/Alaskan Native (includes Hispanic),
42,Pennsylvania,42103,Pike,2015,2019,White (includes Hispanic),8.9
42,Pennsylvania,42103,Pike,2016,2020,Asian/Pacific Islander (includes Hispanic),
42,Pennsylvania,42103,Pike,2016,2020,Black (includes Hispanic),8.2
42,Pennsylvania,42103,Pike,2016,2020,Hispanic (all races),9.5
42,Pennsylvania,42103,Pike,2016,2020,American Indian/Alaskan Native (includes Hispanic),
42,Pennsylvania,42103,Pike,2016,2020,White (includes Hispanic),8.1
42,Pennsylvania,42105,Potter,2011,2015,Asian/Pacific Islander (includes Hispanic),
42,Pennsylvania,42105,Potter,2011,2015,Black (includes Hispanic),
42,Pennsylvania,42105,Potter,2011,2015,Hispanic (all races),
42,Pennsylvania,42105,Potter,2011,2015,American Indian/Alaskan Native (includes Hispanic),
42,Pennsylvania,42105,Potter,2011,2015,White (includes Hispanic),6.3
42,Pennsylvania,42105,Potter,2012,2016,Asian/Pacific Islander (includes Hispanic),
42,Pennsylvania,42105,Potter,2012,2016,Black (includes Hispanic),
42,Pennsylvania,42105,Potter,2012,2016,Hispanic (all races),
42,Pennsylvania,42105,Potter,2012,2016,American Indian/Alaskan Native (includes Hispanic),
42,Pennsylvania,42105,Potter,2012,2016,White (includes Hispanic),5.7
42,Pennsylvania,42105,Potter,2013,2017,Asian/Pacific Islander (includes Hispanic),
42,Pennsylvania,42105,Potter,2013,2017,Black (includes Hispanic),
42,Pennsylvania,42105,Potter,2013,2017,Hispanic (all races),
42,Pennsylvania,42105,Potter,2013,2017,American Indian/Alaskan Native (includes Hispanic),
42,Pennsylvania,42105,Potter,2013,2017,White (includes Hispanic),6.6
42,Pennsylvania,42105,Potter,2014,2018,Asian/Pacific Islander (includes Hispanic),
42,Pennsylvania,42105,Potter,2014,2018,Black (includes Hispanic),
42,Pennsylvania,42105,Potter,2014,2018,Hispanic (all races),
42,Pennsylvania,42105,Potter,2014,2018,American Indian/Alaskan Native (includes Hispanic),
42,Pennsylvania,42105,Potter,2014,2018,White (includes Hispanic),6.8
42,Pennsylvania,42105,Potter,2015,2019,Asian/Pacific Islander (includes Hispanic),
42,Pennsylvania,42105,Potter,2015,2019,Black (includes Hispanic),
42,Pennsylvania,42105,Potter,2015,2019,Hispanic (all races),
42,Pennsylvania,42105,Potter,2015,2019,American Indian/Alaskan Native (includes Hispanic),
42,Pennsylvania,42105,Potter,2015,2019,White (includes Hispanic),7.5
42,Pennsylvania,42105,Potter,2016,2020,Asian/Pacific Islander (includes Hispanic),
42,Pennsylvania,42105,Potter,2016,2020,Black (includes Hispanic),
42,Pennsylvania,42105,Potter,2016,2020,Hispanic (all races),
42,Pennsylvania,42105,Potter,2016,2020,American Indian/Alaskan Native (includes Hispanic),
42,Pennsylvania,42105,Potter,2016,2020,White (includes Hispanic),8.6
42,Pennsylvania,42107,Schuylkill,2011,2015,Asian/Pacific Islander (includes Hispanic),
42,Pennsylvania,42107,Schuylkill,2011,2015,Black (includes Hispanic),7.4
42,Pennsylvania,42107,Schuylkill,2011,2015,Hispanic (all races),14.3
42,Pennsylvania,42107,Schuylkill,2011,2015,American Indian/Alaskan Native (includes Hispanic),
42,Pennsylvania,42107,Schuylkill,2011,2015,White (includes Hispanic),8.6
42,Pennsylvania,42107,Schuylkill,2012,2016,Asian/Pacific Islander (includes Hispanic),
42,Pennsylvania,42107,Schuylkill,2012,2016,Black (includes Hispanic),9.4
42,Pennsylvania,42107,Schuylkill,2012,2016,Hispanic (all races),14.9
42,Pennsylvania,42107,Schuylkill,2012,2016,American Indian/Alaskan Native (includes Hispanic),
42,Pennsylvania,42107,Schuylkill,2012,2016,White (includes Hispanic),8.1
42,Pennsylvania,42107,Schuylkill,2013,2017,Asian/Pacific Islander (includes Hispanic),
42,Pennsylvania,42107,Schuylkill,2013,2017,Black (includes Hispanic),8.9
42,Pennsylvania,42107,Schuylkill,2013,2017,Hispanic (all races),16.3
42,Pennsylvania,42107,Schuylkill,2013,2017,American Indian/Alaskan Native (includes Hispanic),
42,Pennsylvania,42107,Schuylkill,2013,2017,White (includes Hispanic),7.8
42,Pennsylvania,42107,Schuylkill,2014,2018,Asian/Pacific Islander (includes Hispanic),
42,Pennsylvania,42107,Schuylkill,2014,2018,Black (includes Hispanic),10.3
42,Pennsylvania,42107,Schuylkill,2014,2018,Hispanic (all races),15.5
42,Pennsylvania,42107,Schuylkill,2014,2018,American Indian/Alaskan Native (includes Hispanic),
42,Pennsylvania,42107,Schuylkill,2014,2018,White (includes Hispanic),7.8
42,Pennsylvania,42107,Schuylkill,2015,2019,Asian/Pacific Islander (includes Hispanic),
42,Pennsylvania,42107,Schuylkill,2015,2019,Black (includes Hispanic),10.9
42,Pennsylvania,42107,Schuylkill,2015,2019,Hispanic (all races),12.2
42,Pennsylvania,42107,Schuylkill,2015,2019,American Indian/Alaskan Native (includes Hispanic),
42,Pennsylvania,42107,Schuylkill,2015,2019,White (includes Hispanic),7.5
42,Pennsylvania,42107,Schuylkill,2016,2020,Asian/Pacific Islander (includes Hispanic),
42,Pennsylvania,42107,Schuylkill,2016,2020,Black (includes Hispanic),10.5
42,Pennsylvania,42107,Schuylkill,2016,2020,Hispanic (all races),11.4
42,Pennsylvania,42107,Schuylkill,2016,2020,American Indian/Alaskan Native (includes Hispanic),
42,Pennsylvania,42107,Schuylkill,2016,2020,White (includes Hispanic),7.2
42,Pennsylvania,42109,Snyder,2011,2015,Asian/Pacific Islander (includes Hispanic),
42,Pennsylvania,42109,Snyder,2011,2015,Black (includes Hispanic),
42,Pennsylvania,42109,Snyder,2011,2015,Hispanic (all races),
42,Pennsylvania,42109,Snyder,2011,2015,American Indian/Alaskan Native (includes Hispanic),
42,Pennsylvania,42109,Snyder,2011,2015,White (includes Hispanic),8.2
42,Pennsylvania,42109,Snyder,2012,2016,Asian/Pacific Islander (includes Hispanic),
42,Pennsylvania,42109,Snyder,2012,2016,Black (includes Hispanic),
42,Pennsylvania,42109,Snyder,2012,2016,Hispanic (all races),
42,Pennsylvania,42109,Snyder,2012,2016,American Indian/Alaskan Native (includes Hispanic),
42,Pennsylvania,42109,Snyder,2012,2016,White (includes Hispanic),7.6
42,Pennsylvania,42109,Snyder,2013,2017,Asian/Pacific Islander (includes Hispanic),
42,Pennsylvania,42109,Snyder,2013,2017,Black (includes Hispanic),
42,Pennsylvania,42109,Snyder,2013,2017,Hispanic (all races),
42,Pennsylvania,42109,Snyder,2013,2017,American Indian/Alaskan Native (includes Hispanic),
42,Pennsylvania,42109,Snyder,2013,2017,White (includes Hispanic),7.3
42,Pennsylvania,42109,Snyder,2014,2018,Asian/Pacific Islander (includes Hispanic),
42,Pennsylvania,42109,Snyder,2014,2018,Black (includes Hispanic),
42,Pennsylvania,42109,Snyder,2014,2018,Hispanic (all races),
42,Pennsylvania,42109,Snyder,2014,2018,American Indian/Alaskan Native (includes Hispanic),
42,Pennsylvania,42109,Snyder,2014,2018,White (includes Hispanic),8.1
42,Pennsylvania,42109,Snyder,2015,2019,Asian/Pacific Islander (includes Hispanic),
42,Pennsylvania,42109,Snyder,2015,2019,Black (includes Hispanic),
42,Pennsylvania,42109,Snyder,2015,2019,Hispanic (all races),
42,Pennsylvania,42109,Snyder,2015,2019,American Indian/Alaskan Native (includes Hispanic),
42,Pennsylvania,42109,Snyder,2015,2019,White (includes Hispanic),7.2
42,Pennsylvania,42109,Snyder,2016,2020,Asian/Pacific Islander (includes Hispanic),
42,Pennsylvania,42109,Snyder,2016,2020,Black (includes Hispanic),
42,Pennsylvania,42109,Snyder,2016,2020,Hispanic (all races),
42,Pennsylvania,42109,Snyder,2016,2020,American Indian/Alaskan Native (includes Hispanic),
42,Pennsylvania,42109,Snyder,2016,2020,White (includes Hispanic),7.8
42,Pennsylvania,42111,Somerset,2011,2015,Asian/Pacific Islander (includes Hispanic),
42,Pennsylvania,42111,Somerset,2011,2015,Black (includes Hispanic),
42,Pennsylvania,42111,Somerset,2011,2015,Hispanic (all races),
42,Pennsylvania,42111,Somerset,2011,2015,American Indian/Alaskan Native (includes Hispanic),
42,Pennsylvania,42111,Somerset,2011,2015,White (includes Hispanic),8.1
42,Pennsylvania,42111,Somerset,2012,2016,Asian/Pacific Islander (includes Hispanic),
42,Pennsylvania,42111,Somerset,2012,2016,Black (includes Hispanic),
42,Pennsylvania,42111,Somerset,2012,2016,Hispanic (all races),
42,Pennsylvania,42111,Somerset,2012,2016,American Indian/Alaskan Native (includes Hispanic),
42,Pennsylvania,42111,Somerset,2012,2016,White (includes Hispanic),7.4
42,Pennsylvania,42111,Somerset,2013,2017,Asian/Pacific Islander (includes Hispanic),
42,Pennsylvania,42111,Somerset,2013,2017,Black (includes Hispanic),
42,Pennsylvania,42111,Somerset,2013,2017,Hispanic (all races),
42,Pennsylvania,42111,Somerset,2013,2017,American Indian/Alaskan Native (includes Hispanic),
42,Pennsylvania,42111,Somerset,2013,2017,White (includes Hispanic),7.4
42,Pennsylvania,42111,Somerset,2014,2018,Asian/Pacific Islander (includes Hispanic),
42,Pennsylvania,42111,Somerset,2014,2018,Black (includes Hispanic),
42,Pennsylvania,42111,Somerset,2014,2018,Hispanic (all races),
42,Pennsylvania,42111,Somerset,2014,2018,American Indian/Alaskan Native (includes Hispanic),
42,Pennsylvania,42111,Somerset,2014,2018,White (includes Hispanic),7.0
42,Pennsylvania,42111,Somerset,2015,2019,Asian/Pacific Islander (includes Hispanic),
42,Pennsylvania,42111,Somerset,2015,2019,Black (includes Hispanic),
42,Pennsylvania,42111,Somerset,2015,2019,Hispanic (all races),
42,Pennsylvania,42111,Somerset,2015,2019,American Indian/Alaskan Native (includes Hispanic),
42,Pennsylvania,42111,Somerset,2015,2019,White (includes Hispanic),7.8
42,Pennsylvania,42111,Somerset,2016,2020,Asian/Pacific Islander (includes Hispanic),
42,Pennsylvania,42111,Somerset,2016,2020,Black (includes Hispanic),
42,Pennsylvania,42111,Somerset,2016,2020,Hispanic (all races),
42,Pennsylvania,42111,Somerset,2016,2020,American Indian/Alaskan Native (includes Hispanic),
42,Pennsylvania,42111,Somerset,2016,2020,White (includes Hispanic),7.5
42,Pennsylvania,42113,Sullivan,2011,2015,Asian/Pacific Islander (includes Hispanic),
42,Pennsylvania,42113,Sullivan,2011,2015,Black (includes Hispanic),
42,Pennsylvania,42113,Sullivan,2011,2015,Hispanic (all races),
42,Pennsylvania,42113,Sullivan,2011,2015,American Indian/Alaskan Native (includes Hispanic),
42,Pennsylvania,42113,Sullivan,2011,2015,White (includes Hispanic),9.7
42,Pennsylvania,42113,Sullivan,2012,2016,Asian/Pacific Islander (includes Hispanic),
42,Pennsylvania,42113,Sullivan,2012,2016,Black (includes Hispanic),
42,Pennsylvania,42113,Sullivan,2012,2016,Hispanic (all races),
42,Pennsylvania,42113,Sullivan,2012,2016,American Indian/Alaskan Native (includes Hispanic),
42,Pennsylvania,42113,Sullivan,2012,2016,White (includes Hispanic),9.2
42,Pennsylvania,42113,Sullivan,2013,2017,Asian/Pacific Islander (includes Hispanic),
42,Pennsylvania,42113,Sullivan,2013,2017,Black (includes Hispanic),
42,Pennsylvania,42113,Sullivan,2013,2017,Hispanic (all races),
42,Pennsylvania,42113,Sullivan,2013,2017,American Indian/Alaskan Native (includes Hispanic),
42,Pennsylvania,42113,Sullivan,2013,2017,White (includes Hispanic),9.0
42,Pennsylvania,42113,Sullivan,2014,2018,Asian/Pacific Islander (includes Hispanic),
42,Pennsylvania,42113,Sullivan,2014,2018,Black (includes Hispanic),
42,Pennsylvania,42113,Sullivan,2014,2018,Hispanic (all races),
42,Pennsylvania,42113,Sullivan,2014,2018,American Indian/Alaskan Native (includes Hispanic),
42,Pennsylvania,42113,Sullivan,2014,2018,White (includes Hispanic),9.2
42,Pennsylvania,42113,Sullivan,2015,2019,Asian/Pacific Islander (includes Hispanic),
42,Pennsylvania,42113,Sullivan,2015,2019,Black (includes Hispanic),
42,Pennsylvania,42113,Sullivan,2015,2019,Hispanic (all races),
42,Pennsylvania,42113,Sullivan,2015,2019,American Indian/Alaskan Native (includes Hispanic),
42,Pennsylvania,42113,Sullivan,2015,2019,White (includes Hispanic),9.5
42,Pennsylvania,42113,Sullivan,2016,2020,Asian/Pacific Islander (includes Hispanic),
42,Pennsylvania,42113,Sullivan,2016,2020,Black (includes Hispanic),
42,Pennsylvania,42113,Sullivan,2016,2020,Hispanic (all races),
42,Pennsylvania,42113,Sullivan,2016,2020,American Indian/Alaskan Native (includes Hispanic),
42,Pennsylvania,42113,Sullivan,2016,2020,White (includes Hispanic),9.6
42,Pennsylvania,42115,Susquehanna,2011,2015,Asian/Pacific Islander (includes Hispanic),
42,Pennsylvania,42115,Susquehanna,2011,2015,Black (includes Hispanic),
42,Pennsylvania,42115,Susquehanna,2011,2015,Hispanic (all races),
42,Pennsylvania,42115,Susquehanna,2011,2015,American Indian/Alaskan Native (includes Hispanic),
42,Pennsylvania,42115,Susquehanna,2011,2015,White (includes Hispanic),7.6
42,Pennsylvania,42115,Susquehanna,2012,2016,Asian/Pacific Islander (includes Hispanic),
42,Pennsylvania,42115,Susquehanna,2012,2016,Black (includes Hispanic),
42,Pennsylvania,42115,Susquehanna,2012,2016,Hispanic (all races),
42,Pennsylvania,42115,Susquehanna,2012,2016,American Indian/Alaskan Native (includes Hispanic),
42,Pennsylvania,42115,Susquehanna,2012,2016,White (includes Hispanic),8.4
42,Pennsylvania,42115,Susquehanna,2013,2017,Asian/Pacific Islander (includes Hispanic),
42,Pennsylvania,42115,Susquehanna,2013,2017,Black (includes Hispanic),
42,Pennsylvania,42115,Susquehanna,2013,2017,Hispanic (all races),
42,Pennsylvania,42115,Susquehanna,2013,2017,American Indian/Alaskan Native (includes Hispanic),
42,Pennsylvania,42115,Susquehanna,2013,2017,White (includes Hispanic),9.4
42,Pennsylvania,42115,Susquehanna,2014,2018,Asian/Pacific Islander (includes Hispanic),
42,Pennsylvania,42115,Susquehanna,2014,2018,Black (includes Hispanic),
42,Pennsylvania,42115,Susquehanna,2014,2018,Hispanic (all races),
42,Pennsylvania,42115,Susquehanna,2014,2018,American Indian/Alaskan Native (includes Hispanic),
42,Pennsylvania,42115,Susquehanna,2014,2018,White (includes Hispanic),9.5
42,Pennsylvania,42115,Susquehanna,2015,2019,Asian/Pacific Islander (includes Hispanic),
42,Pennsylvania,42115,Susquehanna,2015,2019,Black (includes Hispanic),
42,Pennsylvania,42115,Susquehanna,2015,2019,Hispanic (all races),
42,Pennsylvania,42115,Susquehanna,2015,2019,American Indian/Alaskan Native (includes Hispanic),
42,Pennsylvania,42115,Susquehanna,2015,2019,White (includes Hispanic),9.9
42,Pennsylvania,42115,Susquehanna,2016,2020,Asian/Pacific Islander (includes Hispanic),
42,Pennsylvania,42115,Susquehanna,2016,2020,Black (includes Hispanic),
42,Pennsylvania,42115,Susquehanna,2016,2020,Hispanic (all races),
42,Pennsylvania,42115,Susquehanna,2016,2020,American Indian/Alaskan Native (includes Hispanic),
42,Pennsylvania,42115,Susquehanna,2016,2020,White (includes Hispanic),9.6
42,Pennsylvania,42117,Tioga,2011,2015,Asian/Pacific Islander (includes Hispanic),
42,Pennsylvania,42117,Tioga,2011,2015,Black (includes Hispanic),
42,Pennsylvania,42117,Tioga,2011,2015,Hispanic (all races),
42,Pennsylvania,42117,Tioga,2011,2015,American Indian/Alaskan Native (includes Hispanic),
42,Pennsylvania,42117,Tioga,2011,2015,White (includes Hispanic),6.6
42,Pennsylvania,42117,Tioga,2012,2016,Asian/Pacific Islander (includes Hispanic),
42,Pennsylvania,42117,Tioga,2012,2016,Black (includes Hispanic),
42,Pennsylvania,42117,Tioga,2012,2016,Hispanic (all races),
42,Pennsylvania,42117,Tioga,2012,2016,American Indian/Alaskan Native (includes Hispanic),
42,Pennsylvania,42117,Tioga,2012,2016,White (includes Hispanic),6.9
42,Pennsylvania,42117,Tioga,2013,2017,Asian/Pacific Islander (includes Hispanic),
42,Pennsylvania,42117,Tioga,2013,2017,Black (includes Hispanic),
42,Pennsylvania,42117,Tioga,2013,2017,Hispanic (all races),
42,Pennsylvania,42117,Tioga,2013,2017,American Indian/Alaskan Native (includes Hispanic),
42,Pennsylvania,42117,Tioga,2013,2017,White (includes Hispanic),7.3
42,Pennsylvania,42117,Tioga,2014,2018,Asian/Pacific Islander (includes Hispanic),
42,Pennsylvania,42117,Tioga,2014,2018,Black (includes Hispanic),
42,Pennsylvania,42117,Tioga,2014,2018,Hispanic (all races),
42,Pennsylvania,42117,Tioga,2014,2018,American Indian/Alaskan Native (includes Hispanic),
42,Pennsylvania,42117,Tioga,2014,2018,White (includes Hispanic),7.3
42,Pennsylvania,42117,Tioga,2015,2019,Asian/Pacific Islander (includes Hispanic),
42,Pennsylvania,42117,Tioga,2015,2019,Black (includes Hispanic),
42,Pennsylvania,42117,Tioga,2015,2019,Hispanic (all races),
42,Pennsylvania,42117,Tioga,2015,2019,American Indian/Alaskan Native (includes Hispanic),
42,Pennsylvania,42117,Tioga,2015,2019,White (includes Hispanic),7.3
42,Pennsylvania,42117,Tioga,2016,2020,Asian/Pacific Islander (includes Hispanic),
42,Pennsylvania,42117,Tioga,2016,2020,Black (includes Hispanic),
42,Pennsylvania,42117,Tioga,2016,2020,Hispanic (all races),
42,Pennsylvania,42117,Tioga,2016,2020,American Indian/Alaskan Native (includes Hispanic),
42,Pennsylvania,42117,Tioga,2016,2020,White (includes Hispanic),8.0
42,Pennsylvania,42119,Union,2011,2015,Asian/Pacific Islander (includes Hispanic),
42,Pennsylvania,42119,Union,2011,2015,Black (includes Hispanic),
42,Pennsylvania,42119,Union,2011,2015,Hispanic (all races),
42,Pennsylvania,42119,Union,2011,2015,American Indian/Alaskan Native (includes Hispanic),
42,Pennsylvania,42119,Union,2011,2015,White (includes Hispanic),6.1
42,Pennsylvania,42119,Union,2012,2016,Asian/Pacific Islander (includes Hispanic),
42,Pennsylvania,42119,Union,2012,2016,Black (includes Hispanic),
42,Pennsylvania,42119,Union,2012,2016,Hispanic (all races),
42,Pennsylvania,42119,Union,2012,2016,American Indian/Alaskan Native (includes Hispanic),
42,Pennsylvania,42119,Union,2012,2016,White (includes Hispanic),6.1
42,Pennsylvania,42119,Union,2013,2017,Asian/Pacific Islander (includes Hispanic),
42,Pennsylvania,42119,Union,2013,2017,Black (includes Hispanic),
42,Pennsylvania,42119,Union,2013,2017,Hispanic (all races),
42,Pennsylvania,42119,Union,2013,2017,American Indian/Alaskan Native (includes Hispanic),
42,Pennsylvania,42119,Union,2013,2017,White (includes Hispanic),5.9
42,Pennsylvania,42119,Union,2014,2018,Asian/Pacific Islander (includes Hispanic),
42,Pennsylvania,42119,Union,2014,2018,Black (includes Hispanic),
42,Pennsylvania,42119,Union,2014,2018,Hispanic (all races),
42,Pennsylvania,42119,Union,2014,2018,American Indian/Alaskan Native (includes Hispanic),
42,Pennsylvania,42119,Union,2014,2018,White (includes Hispanic),6.4
42,Pennsylvania,42119,Union,2015,2019,Asian/Pacific Islander (includes Hispanic),
42,Pennsylvania,42119,Union,2015,2019,Black (includes Hispanic),
42,Pennsylvania,42119,Union,2015,2019,Hispanic (all races),
42,Pennsylvania,42119,Union,2015,2019,American Indian/Alaskan Native (includes Hispanic),
42,Pennsylvania,42119,Union,2015,2019,White (includes Hispanic),6.6
42,Pennsylvania,42119,Union,2016,2020,Asian/Pacific Islander (includes Hispanic),
42,Pennsylvania,42119,Union,2016,2020,Black (includes Hispanic),
42,Pennsylvania,42119,Union,2016,2020,Hispanic (all races),
42,Pennsylvania,42119,Union,2016,2020,American Indian/Alaskan Native (includes Hispanic),
42,Pennsylvania,42119,Union,2016,2020,White (includes Hispanic),7.2
42,Pennsylvania,42121,Venango,2011,2015,Asian/Pacific Islander (includes Hispanic),
42,Pennsylvania,42121,Venango,2011,2015,Black (includes Hispanic),
42,Pennsylvania,42121,Venango,2011,2015,Hispanic (all races),
42,Pennsylvania,42121,Venango,2011,2015,American Indian/Alaskan Native (includes Hispanic),
42,Pennsylvania,42121,Venango,2011,2015,White (includes Hispanic),6.8
42,Pennsylvania,42121,Venango,2012,2016,Asian/Pacific Islander (includes Hispanic),
42,Pennsylvania,42121,Venango,2012,2016,Black (includes Hispanic),
42,Pennsylvania,42121,Venango,2012,2016,Hispanic (all races),
42,Pennsylvania,42121,Venango,2012,2016,American Indian/Alaskan Native (includes Hispanic),
42,Pennsylvania,42121,Venango,2012,2016,White (includes Hispanic),6.7
42,Pennsylvania,42121,Venango,2013,2017,Asian/Pacific Islander (includes Hispanic),
42,Pennsylvania,42121,Venango,2013,2017,Black (includes Hispanic),
42,Pennsylvania,42121,Venango,2013,2017,Hispanic (all races),
42,Pennsylvania,42121,Venango,2013,2017,American Indian/Alaskan Native (includes Hispanic),
42,Pennsylvania,42121,Venango,2013,2017,White (includes Hispanic),6.9
42,Pennsylvania,42121,Venango,2014,2018,Asian/Pacific Islander (includes Hispanic),
42,Pennsylvania,42121,Venango,2014,2018,Black (includes Hispanic),
42,Pennsylvania,42121,Venango,2014,2018,Hispanic (all races),
42,Pennsylvania,42121,Venango,2014,2018,American Indian/Alaskan Native (includes Hispanic),
42,Pennsylvania,42121,Venango,2014,2018,White (includes Hispanic),7.0
42,Pennsylvania,42121,Venango,2015,2019,Asian/Pacific Islander (includes Hispanic),
42,Pennsylvania,42121,Venango,2015,2019,Black (includes Hispanic),
42,Pennsylvania,42121,Venango,2015,2019,Hispanic (all races),
42,Pennsylvania,42121,Venango,2015,2019,American Indian/Alaskan Native (includes Hispanic),
42,Pennsylvania,42121,Venango,2015,2019,White (includes Hispanic),6.6
42,Pennsylvania,42121,Venango,2016,2020,Asian/Pacific Islander (includes Hispanic),
42,Pennsylvania,42121,Venango,2016,2020,Black (includes Hispanic),
42,Pennsylvania,42121,Venango,2016,2020,Hispanic (all races),
42,Pennsylvania,42121,Venango,2016,2020,American Indian/Alaskan Native (includes Hispanic),
42,Pennsylvania,42121,Venango,2016,2020,White (includes Hispanic),6.4
42,Pennsylvania,42123,Warren,2011,2015,Asian/Pacific Islander (includes Hispanic),
42,Pennsylvania,42123,Warren,2011,2015,Black (includes Hispanic),
42,Pennsylvania,42123,Warren,2011,2015,Hispanic (all races),
42,Pennsylvania,42123,Warren,2011,2015,American Indian/Alaskan Native (includes Hispanic),
42,Pennsylvania,42123,Warren,2011,2015,White (includes Hispanic),8.0
42,Pennsylvania,42123,Warren,2012,2016,Asian/Pacific Islander (includes Hispanic),
42,Pennsylvania,42123,Warren,2012,2016,Black (includes Hispanic),
42,Pennsylvania,42123,Warren,2012,2016,Hispanic (all races),
42,Pennsylvania,42123,Warren,2012,2016,American Indian/Alaskan Native (includes Hispanic),
42,Pennsylvania,42123,Warren,2012,2016,White (includes Hispanic),8.7
42,Pennsylvania,42123,Warren,2013,2017,Asian/Pacific Islander (includes Hispanic),
42,Pennsylvania,42123,Warren,2013,2017,Black (includes Hispanic),
42,Pennsylvania,42123,Warren,2013,2017,Hispanic (all races),
42,Pennsylvania,42123,Warren,2013,2017,American Indian/Alaskan Native (includes Hispanic),
42,Pennsylvania,42123,Warren,2013,2017,White (includes Hispanic),10.0
42,Pennsylvania,42123,Warren,2014,2018,Asian/Pacific Islander (includes Hispanic),
42,Pennsylvania,42123,Warren,2014,2018,Black (includes Hispanic),
42,Pennsylvania,42123,Warren,2014,2018,Hispanic (all races),
42,Pennsylvania,42123,Warren,2014,2018,American Indian/Alaskan Native (includes Hispanic),
42,Pennsylvania,42123,Warren,2014,2018,White (includes Hispanic),9.8
42,Pennsylvania,42123,Warren,2015,2019,Asian/Pacific Islander (includes Hispanic),
42,Pennsylvania,42123,Warren,2015,2019,Black (includes Hispanic),
42,Pennsylvania,42123,Warren,2015,2019,Hispanic (all races),
42,Pennsylvania,42123,Warren,2015,2019,American Indian/Alaskan Native (includes Hispanic),
42,Pennsylvania,42123,Warren,2015,2019,White (includes Hispanic),9.5
42,Pennsylvania,42123,Warren,2016,2020,Asian/Pacific Islander (includes Hispanic),
42,Pennsylvania,42123,Warren,2016,2020,Black (includes Hispanic),
42,Pennsylvania,42123,Warren,2016,2020,Hispanic (all races),
42,Pennsylvania,42123,Warren,2016,2020,American Indian/Alaskan Native (includes Hispanic),
42,Pennsylvania,42123,Warren,2016,2020,White (includes Hispanic),8.8
42,Pennsylvania,42125,Washington,2011,2015,Asian/Pacific Islander (includes Hispanic),
42,Pennsylvania,42125,Washington,2011,2015,Black (includes Hispanic),8.0
42,Pennsylvania,42125,Washington,2011,2015,Hispanic (all races),
42,Pennsylvania,42125,Washington,2011,2015,American Indian/Alaskan Native (includes Hispanic),
42,Pennsylvania,42125,Washington,2011,2015,White (includes Hispanic),7.4
42,Pennsylvania,42125,Washington,2012,2016,Asian/Pacific Islander (includes Hispanic),
42,Pennsylvania,42125,Washington,2012,2016,Black (includes Hispanic),7.9
42,Pennsylvania,42125,Washington,2012,2016,Hispanic (all races),
42,Pennsylvania,42125,Washington,2012,2016,American Indian/Alaskan Native (includes Hispanic),
42,Pennsylvania,42125,Washington,2012,2016,White (includes Hispanic),7.4
42,Pennsylvania,42125,Washington,2013,2017,Asian/Pacific Islander (includes Hispanic),
42,Pennsylvania,42125,Washington,2013,2017,Black (includes Hispanic),9.3
42,Pennsylvania,42125,Washington,2013,2017,Hispanic (all races),
42,Pennsylvania,42125,Washington,2013,2017,American Indian/Alaskan Native (includes Hispanic),
42,Pennsylvania,42125,Washington,2013,2017,White (includes Hispanic),7.4
42,Pennsylvania,42125,Washington,2014,2018,Asian/Pacific Islander (includes Hispanic),
42,Pennsylvania,42125,Washington,2014,2018,Black (includes Hispanic),8.3
42,Pennsylvania,42125,Washington,2014,2018,Hispanic (all races),
42,Pennsylvania,42125,Washington,2014,2018,American Indian/Alaskan Native (includes Hispanic),
42,Pennsylvania,42125,Washington,2014,2018,White (includes Hispanic),7.3
42,Pennsylvania,42125,Washington,2015,2019,Asian/Pacific Islander (includes Hispanic),
42,Pennsylvania,42125,Washington,2015,2019,Black (includes Hispanic),7.5
42,Pennsylvania,42125,Washington,2015,2019,Hispanic (all races),
42,Pennsylvania,42125,Washington,2015,2019,American Indian/Alaskan Native (includes Hispanic),
42,Pennsylvania,42125,Washington,2015,2019,White (includes Hispanic),7.3
42,Pennsylvania,42125,Washington,2016,2020,Asian/Pacific Islander (includes Hispanic),
42,Pennsylvania,42125,Washington,2016,2020,Black (includes Hispanic),7.0
42,Pennsylvania,42125,Washington,2016,2020,Hispanic (all races),
42,Pennsylvania,42125,Washington,2016,2020,American Indian/Alaskan Native (includes Hispanic),
42,Pennsylvania,42125,Washington,2016,2020,White (includes Hispanic),6.8
42,Pennsylvania,42127,Wayne,2011,2015,Asian/Pacific Islander (includes Hispanic),
42,Pennsylvania,42127,Wayne,2011,2015,Black (includes Hispanic),
42,Pennsylvania,42127,Wayne,2011,2015,Hispanic (all races),
42,Pennsylvania,42127,Wayne,2011,2015,American Indian/Alaskan Native (includes Hispanic),
42,Pennsylvania,42127,Wayne,2011,2015,White (includes Hispanic),7.5
42,Pennsylvania,42127,Wayne,2012,2016,Asian/Pacific Islander (includes Hispanic),
42,Pennsylvania,42127,Wayne,2012,2016,Black (includes Hispanic),
42,Pennsylvania,42127,Wayne,2012,2016,Hispanic (all races),
42,Pennsylvania,42127,Wayne,2012,2016,American Indian/Alaskan Native (includes Hispanic),
42,Pennsylvania,42127,Wayne,2012,2016,White (includes Hispanic),8.1
42,Pennsylvania,42127,Wayne,2013,2017,Asian/Pacific Islander (includes Hispanic),
42,Pennsylvania,42127,Wayne,2013,2017,Black (includes Hispanic),
42,Pennsylvania,42127,Wayne,2013,2017,Hispanic (all races),
42,Pennsylvania,42127,Wayne,2013,2017,American Indian/Alaskan Native (includes Hispanic),
42,Pennsylvania,42127,Wayne,2013,2017,White (includes Hispanic),8.5
42,Pennsylvania,42127,Wayne,2014,2018,Asian/Pacific Islander (includes Hispanic),
42,Pennsylvania,42127,Wayne,2014,2018,Black (includes Hispanic),
42,Pennsylvania,42127,Wayne,2014,2018,Hispanic (all races),
42,Pennsylvania,42127,Wayne,2014,2018,American Indian/Alaskan Native (includes Hispanic),
42,Pennsylvania,42127,Wayne,2014,2018,White (includes Hispanic),8.9
42,Pennsylvania,42127,Wayne,2015,2019,Asian/Pacific Islander (includes Hispanic),
42,Pennsylvania,42127,Wayne,2015,2019,Black (includes Hispanic),
42,Pennsylvania,42127,Wayne,2015,2019,Hispanic (all races),
42,Pennsylvania,42127,Wayne,2015,2019,American Indian/Alaskan Native (includes Hispanic),
42,Pennsylvania,42127,Wayne,2015,2019,White (includes Hispanic),9.6
42,Pennsylvania,42127,Wayne,2016,2020,Asian/Pacific Islander (includes Hispanic),
42,Pennsylvania,42127,Wayne,2016,2020,Black (includes Hispanic),
42,Pennsylvania,42127,Wayne,2016,2020,Hispanic (all races),
42,Pennsylvania,42127,Wayne,2016,2020,American Indian/Alaskan Native (includes Hispanic),
42,Pennsylvania,42127,Wayne,2016,2020,White (includes Hispanic),9.1
42,Pennsylvania,42129,Westmoreland,2011,2015,Asian/Pacific Islander (includes Hispanic),
42,Pennsylvania,42129,Westmoreland,2011,2015,Black (includes Hispanic),7.5
42,Pennsylvania,42129,Westmoreland,2011,2015,Hispanic (all races),
42,Pennsylvania,42129,Westmoreland,2011,2015,American Indian/Alaskan Native (includes Hispanic),
42,Pennsylvania,42129,Westmoreland,2011,2015,White (includes Hispanic),7.6
42,Pennsylvania,42129,Westmoreland,2012,2016,Asian/Pacific Islander (includes Hispanic),
42,Pennsylvania,42129,Westmoreland,2012,2016,Black (includes Hispanic),7.6
42,Pennsylvania,42129,Westmoreland,2012,2016,Hispanic (all races),
42,Pennsylvania,42129,Westmoreland,2012,2016,American Indian/Alaskan Native (includes Hispanic),
42,Pennsylvania,42129,Westmoreland,2012,2016,White (includes Hispanic),7.6
42,Pennsylvania,42129,Westmoreland,2013,2017,Asian/Pacific Islander (includes Hispanic),
42,Pennsylvania,42129,Westmoreland,2013,2017,Black (includes Hispanic),8.5
42,Pennsylvania,42129,Westmoreland,2013,2017,Hispanic (all races),
42,Pennsylvania,42129,Westmoreland,2013,2017,American Indian/Alaskan Native (includes Hispanic),
42,Pennsylvania,42129,Westmoreland,2013,2017,White (includes Hispanic),7.5
42,Pennsylvania,42129,Westmoreland,2014,2018,Asian/Pacific Islander (includes Hispanic),
42,Pennsylvania,42129,Westmoreland,2014,2018,Black (includes Hispanic),7.8
42,Pennsylvania,42129,Westmoreland,2014,2018,Hispanic (all races),
42,Pennsylvania,42129,Westmoreland,2014,2018,American Indian/Alaskan Native (includes Hispanic),
42,Pennsylvania,42129,Westmoreland,2014,2018,White (includes Hispanic),7.2
42,Pennsylvania,42129,Westmoreland,2015,2019,Asian/Pacific Islander (includes Hispanic),
42,Pennsylvania,42129,Westmoreland,2015,2019,Black (includes Hispanic),6.7
42,Pennsylvania,42129,Westmoreland,2015,2019,Hispanic (all races),
42,Pennsylvania,42129,Westmoreland,2015,2019,American Indian/Alaskan Native (includes Hispanic),
42,Pennsylvania,42129,Westmoreland,2015,2019,White (includes Hispanic),7.2
42,Pennsylvania,42129,Westmoreland,2016,2020,Asian/Pacific Islander (includes Hispanic),
42,Pennsylvania,42129,Westmoreland,2016,2020,Black (includes Hispanic),6.4
42,Pennsylvania,42129,Westmoreland,2016,2020,Hispanic (all races),
42,Pennsylvania,42129,Westmoreland,2016,2020,American Indian/Alaskan Native (includes Hispanic),
42,Pennsylvania,42129,Westmoreland,2016,2020,White (includes Hispanic),6.8
42,Pennsylvania,42131,Wyoming,2011,2015,Asian/Pacific Islander (includes Hispanic),
42,Pennsylvania,42131,Wyoming,2011,2015,Black (includes Hispanic),
42,Pennsylvania,42131,Wyoming,2011,2015,Hispanic (all races),
42,Pennsylvania,42131,Wyoming,2011,2015,American Indian/Alaskan Native (includes Hispanic),
42,Pennsylvania,42131,Wyoming,2011,2015,White (includes Hispanic),10.0
42,Pennsylvania,42131,Wyoming,2012,2016,Asian/Pacific Islander (includes Hispanic),
42,Pennsylvania,42131,Wyoming,2012,2016,Black (includes Hispanic),
42,Pennsylvania,42131,Wyoming,2012,2016,Hispanic (all races),
42,Pennsylvania,42131,Wyoming,2012,2016,American Indian/Alaskan Native (includes Hispanic),
42,Pennsylvania,42131,Wyoming,2012,2016,White (includes Hispanic),10.6
42,Pennsylvania,42131,Wyoming,2013,2017,Asian/Pacific Islander (includes Hispanic),
42,Pennsylvania,42131,Wyoming,2013,2017,Black (includes Hispanic),
42,Pennsylvania,42131,Wyoming,2013,2017,Hispanic (all races),
42,Pennsylvania,42131,Wyoming,2013,2017,American Indian/Alaskan Native (includes Hispanic),
42,Pennsylvania,42131,Wyoming,2013,2017,White (includes Hispanic),10.7
42,Pennsylvania,42131,Wyoming,2014,2018,Asian/Pacific Islander (includes Hispanic),
42,Pennsylvania,42131,Wyoming,2014,2018,Black (includes Hispanic),
42,Pennsylvania,42131,Wyoming,2014,2018,Hispanic (all races),
42,Pennsylvania,42131,Wyoming,2014,2018,American Indian/Alaskan Native (includes Hispanic),
42,Pennsylvania,42131,Wyoming,2014,2018,White (includes Hispanic),11.0
42,Pennsylvania,42131,Wyoming,2015,2019,Asian/Pacific Islander (includes Hispanic),
42,Pennsylvania,42131,Wyoming,2015,2019,Black (includes Hispanic),
42,Pennsylvania,42131,Wyoming,2015,2019,Hispanic (all races),
42,Pennsylvania,42131,Wyoming,2015,2019,American Indian/Alaskan Native (includes Hispanic),
42,Pennsylvania,42131,Wyoming,2015,2019,White (includes Hispanic),10.7
42,Pennsylvania,42131,Wyoming,2016,2020,Asian/Pacific Islander (includes Hispanic),
42,Pennsylvania,42131,Wyoming,2016,2020,Black (includes Hispanic),
42,Pennsylvania,42131,Wyoming,2016,2020,Hispanic (all races),
42,Pennsylvania,42131,Wyoming,2016,2020,American Indian/Alaskan Native (includes Hispanic),
42,Pennsylvania,42131,Wyoming,2016,2020,White (includes Hispanic),10.3
42,Pennsylvania,42133,York,2011,2015,Asian/Pacific Islander (includes Hispanic),
42,Pennsylvania,42133,York,2011,2015,Black (includes Hispanic),7.6
42,Pennsylvania,42133,York,2011,2015,Hispanic (all races),11.7
42,Pennsylvania,42133,York,2011,2015,American Indian/Alaskan Native (includes Hispanic),
42,Pennsylvania,42133,York,2011,2015,White (includes Hispanic),5.9
42,Pennsylvania,42133,York,2012,2016,Asian/Pacific Islander (includes Hispanic),
42,Pennsylvania,42133,York,2012,2016,Black (includes Hispanic),6.7
42,Pennsylvania,42133,York,2012,2016,Hispanic (all races),12.3
42,Pennsylvania,42133,York,2012,2016,American Indian/Alaskan Native (includes Hispanic),
42,Pennsylvania,42133,York,2012,2016,White (includes Hispanic),5.7
42,Pennsylvania,42133,York,2013,2017,Asian/Pacific Islander (includes Hispanic),
42,Pennsylvania,42133,York,2013,2017,Black (includes Hispanic),5.3
42,Pennsylvania,42133,York,2013,2017,Hispanic (all races),13.1
42,Pennsylvania,42133,York,2013,2017,American Indian/Alaskan Native (includes Hispanic),
42,Pennsylvania,42133,York,2013,2017,White (includes Hispanic),5.9
42,Pennsylvania,42133,York,2014,2018,Asian/Pacific Islander (includes Hispanic),
42,Pennsylvania,42133,York,2014,2018,Black (includes Hispanic),5.8
42,Pennsylvania,42133,York,2014,2018,Hispanic (all races),14.3
42,Pennsylvania,42133,York,2014,2018,American Indian/Alaskan Native (includes Hispanic),
42,Pennsylvania,42133,York,2014,2018,White (includes Hispanic),6.1
42,Pennsylvania,42133,York,2015,2019,Asian/Pacific Islander (includes Hispanic),
42,Pennsylvania,42133,York,2015,2019,Black (includes Hispanic),6.3
42,Pennsylvania,42133,York,2015,2019,Hispanic (all races),11.5
42,Pennsylvania,42133,York,2015,2019,American Indian/Alaskan Native (includes Hispanic),
42,Pennsylvania,42133,York,2015,2019,White (includes Hispanic),6.3
42,Pennsylvania,42133,York,2016,2020,Asian/Pacific Islander (includes Hispanic),
42,Pennsylvania,42133,York,2016,2020,Black (includes Hispanic),6.6
42,Pennsylvania,42133,York,2016,2020,Hispanic (all races),12.8
42,Pennsylvania,42133,York,2016,2020,American Indian/Alaskan Native (includes Hispanic),
42,Pennsylvania,42133,York,2016,2020,White (includes Hispanic),6.2
44,Rhode Island,44001,Bristol,2011,2015,Asian/Pacific Islander (includes Hispanic),
44,Rhode Island,44001,Bristol,2011,2015,Black (includes Hispanic),
44,Rhode Island,44001,Bristol,2011,2015,Hispanic (all races),11.8
44,Rhode Island,44001,Bristol,2011,2015,American Indian/Alaskan Native (includes Hispanic),
44,Rhode Island,44001,Bristol,2011,2015,White (includes Hispanic),6.4
44,Rhode Island,44001,Bristol,2012,2016,Asian/Pacific Islander (includes Hispanic),
44,Rhode Island,44001,Bristol,2012,2016,Black (includes Hispanic),
44,Rhode Island,44001,Bristol,2012,2016,Hispanic (all races),11.1
44,Rhode Island,44001,Bristol,2012,2016,American Indian/Alaskan Native (includes Hispanic),
44,Rhode Island,44001,Bristol,2012,2016,White (includes Hispanic),6.4
44,Rhode Island,44001,Bristol,2013,2017,Asian/Pacific Islander (includes Hispanic),
44,Rhode Island,44001,Bristol,2013,2017,Black (includes Hispanic),
44,Rhode Island,44001,Bristol,2013,2017,Hispanic (all races),12.2
44,Rhode Island,44001,Bristol,2013,2017,American Indian/Alaskan Native (includes Hispanic),
44,Rhode Island,44001,Bristol,2013,2017,White (includes Hispanic),6.2
44,Rhode Island,44001,Bristol,2014,2018,Asian/Pacific Islander (includes Hispanic),
44,Rhode Island,44001,Bristol,2014,2018,Black (includes Hispanic),7.0
44,Rhode Island,44001,Bristol,2014,2018,Hispanic (all races),11.2
44,Rhode Island,44001,Bristol,2014,2018,American Indian/Alaskan Native (includes Hispanic),
44,Rhode Island,44001,Bristol,2014,2018,White (includes Hispanic),6.2
44,Rhode Island,44001,Bristol,2015,2019,Asian/Pacific Islander (includes Hispanic),
44,Rhode Island,44001,Bristol,2015,2019,Black (includes Hispanic),6.4
44,Rhode Island,44001,Bristol,2015,2019,Hispanic (all races),8.7
44,Rhode Island,44001,Bristol,2015,2019,American Indian/Alaskan Native (includes Hispanic),
44,Rhode Island,44001,Bristol,2015,2019,White (includes Hispanic),6.1
44,Rhode Island,44001,Bristol,2016,2020,Asian/Pacific Islander (includes Hispanic),
44,Rhode Island,44001,Bristol,2016,2020,Black (includes Hispanic),6.1
44,Rhode Island,44001,Bristol,2016,2020,Hispanic (all races),8.3
44,Rhode Island,44001,Bristol,2016,2020,American Indian/Alaskan Native (includes Hispanic),
44,Rhode Island,44001,Bristol,2016,2020,White (includes Hispanic),6.3
44,Rhode Island,44003,Kent,2011,2015,Asian/Pacific Islander (includes Hispanic),
44,Rhode Island,44003,Kent,2011,2015,Black (includes Hispanic),
44,Rhode Island,44003,Kent,2011,2015,Hispanic (all races),9.8
44,Rhode Island,44003,Kent,2011,2015,American Indian/Alaskan Native (includes Hispanic),
44,Rhode Island,44003,Kent,2011,2015,White (includes Hispanic),7.2
44,Rhode Island,44003,Kent,2012,2016,Asian/Pacific Islander (includes Hispanic),
44,Rhode Island,44003,Kent,2012,2016,Black (includes Hispanic),
44,Rhode Island,44003,Kent,2012,2016,Hispanic (all races),10.4
44,Rhode Island,44003,Kent,2012,2016,American Indian/Alaskan Native (includes Hispanic),
44,Rhode Island,44003,Kent,2012,2016,White (includes Hispanic),7.3
44,Rhode Island,44003,Kent,2013,2017,Asian/Pacific Islander (includes Hispanic),
44,Rhode Island,44003,Kent,2013,2017,Black (includes Hispanic),
44,Rhode Island,44003,Kent,2013,2017,Hispanic (all races),10.7
44,Rhode Island,44003,Kent,2013,2017,American Indian/Alaskan Native (includes Hispanic),
44,Rhode Island,44003,Kent,2013,2017,White (includes Hispanic),7.0
44,Rhode Island,44003,Kent,2014,2018,Asian/Pacific Islander (includes Hispanic),
44,Rhode Island,44003,Kent,2014,2018,Black (includes Hispanic),8.7
44,Rhode Island,44003,Kent,2014,2018,Hispanic (all races),10.4
44,Rhode Island,44003,Kent,2014,2018,American Indian/Alaskan Native (includes Hispanic),
44,Rhode Island,44003,Kent,2014,2018,White (includes Hispanic),6.9
44,Rhode Island,44003,Kent,2015,2019,Asian/Pacific Islander (includes Hispanic),
44,Rhode Island,44003,Kent,2015,2019,Black (includes Hispanic),8.7
44,Rhode Island,44003,Kent,2015,2019,Hispanic (all races),8.2
44,Rhode Island,44003,Kent,2015,2019,American Indian/Alaskan Native (includes Hispanic),
44,Rhode Island,44003,Kent,2015,2019,White (includes Hispanic),6.4
44,Rhode Island,44003,Kent,2016,2020,Asian/Pacific Islander (includes Hispanic),
44,Rhode Island,44003,Kent,2016,2020,Black (includes Hispanic),8.4
44,Rhode Island,44003,Kent,2016,2020,Hispanic (all races),8.0
44,Rhode Island,44003,Kent,2016,2020,American Indian/Alaskan Native (includes Hispanic),
44,Rhode Island,44003,Kent,2016,2020,White (includes Hispanic),6.1
44,Rhode Island,44005,Newport,2011,2015,Asian/Pacific Islander (includes Hispanic),
44,Rhode Island,44005,Newport,2011,2015,Black (includes Hispanic),
44,Rhode Island,44005,Newport,2011,2015,Hispanic (all races),
44,Rhode Island,44005,Newport,2011,2015,American Indian/Alaskan Native (includes Hispanic),
44,Rhode Island,44005,Newport,2011,2015,White (includes Hispanic),5.4
44,Rhode Island,44005,Newport,2012,2016,Asian/Pacific Islander (includes Hispanic),
44,Rhode Island,44005,Newport,2012,2016,Black (includes Hispanic),
44,Rhode Island,44005,Newport,2012,2016,Hispanic (all races),
44,Rhode Island,44005,Newport,2012,2016,American Indian/Alaskan Native (includes Hispanic),
44,Rhode Island,44005,Newport,2012,2016,White (includes Hispanic),5.5
44,Rhode Island,44005,Newport,2013,2017,Asian/Pacific Islander (includes Hispanic),
44,Rhode Island,44005,Newport,2013,2017,Black (includes Hispanic),
44,Rhode Island,44005,Newport,2013,2017,Hispanic (all races),
44,Rhode Island,44005,Newport,2013,2017,American Indian/Alaskan Native (includes Hispanic),
44,Rhode Island,44005,Newport,2013,2017,White (includes Hispanic),5.2
44,Rhode Island,44005,Newport,2014,2018,Asian/Pacific Islander (includes Hispanic),
44,Rhode Island,44005,Newport,2014,2018,Black (includes Hispanic),
44,Rhode Island,44005,Newport,2014,2018,Hispanic (all races),
44,Rhode Island,44005,Newport,2014,2018,American Indian/Alaskan Native (includes Hispanic),
44,Rhode Island,44005,Newport,2014,2018,White (includes Hispanic),5.2
44,Rhode Island,44005,Newport,2015,2019,Asian/Pacific Islander (includes Hispanic),
44,Rhode Island,44005,Newport,2015,2019,Black (includes Hispanic),
44,Rhode Island,44005,Newport,2015,2019,Hispanic (all races),
44,Rhode Island,44005,Newport,2015,2019,American Indian/Alaskan Native (includes Hispanic),
44,Rhode Island,44005,Newport,2015,2019,White (includes Hispanic),5.9
44,Rhode Island,44005,Newport,2016,2020,Asian/Pacific Islander (includes Hispanic),
44,Rhode Island,44005,Newport,2016,2020,Black (includes Hispanic),
44,Rhode Island,44005,Newport,2016,2020,Hispanic (all races),
44,Rhode Island,44005,Newport,2016,2020,American Indian/Alaskan Native (includes Hispanic),
44,Rhode Island,44005,Newport,2016,2020,White (includes Hispanic),5.9
44,Rhode Island,44007,Providence,2011,2015,Asian/Pacific Islander (includes Hispanic),5.8
44,Rhode Island,44007,Providence,2011,2015,Black (includes Hispanic),4.9
44,Rhode Island,44007,Providence,2011,2015,Hispanic (all races),10.1
44,Rhode Island,44007,Providence,2011,2015,American Indian/Alaskan Native (includes Hispanic),
44,Rhode Island,44007,Providence,2011,2015,White (includes Hispanic),5.6
44,Rhode Island,44007,Providence,2012,2016,Asian/Pacific Islander (includes Hispanic),6.1
44,Rhode Island,44007,Providence,2012,2016,Black (includes Hispanic),5.3
44,Rhode Island,44007,Providence,2012,2016,Hispanic (all races),9.5
44,Rhode Island,44007,Providence,2012,2016,American Indian/Alaskan Native (includes Hispanic),
44,Rhode Island,44007,Providence,2012,2016,White (includes Hispanic),5.9
44,Rhode Island,44007,Providence,2013,2017,Asian/Pacific Islander (includes Hispanic),5.5
44,Rhode Island,44007,Providence,2013,2017,Black (includes Hispanic),5.8
44,Rhode Island,44007,Providence,2013,2017,Hispanic (all races),10.1
44,Rhode Island,44007,Providence,2013,2017,American Indian/Alaskan Native (includes Hispanic),
44,Rhode Island,44007,Providence,2013,2017,White (includes Hispanic),5.9
44,Rhode Island,44007,Providence,2014,2018,Asian/Pacific Islander (includes Hispanic),6.7
44,Rhode Island,44007,Providence,2014,2018,Black (includes Hispanic),7.0
44,Rhode Island,44007,Providence,2014,2018,Hispanic (all races),9.3
44,Rhode Island,44007,Providence,2014,2018,American Indian/Alaskan Native (includes Hispanic),
44,Rhode Island,44007,Providence,2014,2018,White (includes Hispanic),6.0
44,Rhode Island,44007,Providence,2015,2019,Asian/Pacific Islander (includes Hispanic),5.2
44,Rhode Island,44007,Providence,2015,2019,Black (includes Hispanic),6.8
44,Rhode Island,44007,Providence,2015,2019,Hispanic (all races),8.5
44,Rhode Island,44007,Providence,2015,2019,American Indian/Alaskan Native (includes Hispanic),
44,Rhode Island,44007,Providence,2015,2019,White (includes Hispanic),5.7
44,Rhode Island,44007,Providence,2016,2020,Asian/Pacific Islander (includes Hispanic),4.6
44,Rhode Island,44007,Providence,2016,2020,Black (includes Hispanic),6.6
44,Rhode Island,44007,Providence,2016,2020,Hispanic (all races),7.7
44,Rhode Island,44007,Providence,2016,2020,American Indian/Alaskan Native (includes Hispanic),
44,Rhode Island,44007,Providence,2016,2020,White (includes Hispanic),5.8
44,Rhode Island,44009,Washington,2011,2015,Asian/Pacific Islander (includes Hispanic),
44,Rhode Island,44009,Washington,2011,2015,Black (includes Hispanic),7.9
44,Rhode Island,44009,Washington,2011,2015,Hispanic (all races),9.9
44,Rhode Island,44009,Washington,2011,2015,American Indian/Alaskan Native (includes Hispanic),
44,Rhode Island,44009,Washington,2011,2015,White (includes Hispanic),7.0
44,Rhode Island,44009,Washington,2012,2016,Asian/Pacific Islander (includes Hispanic),
44,Rhode Island,44009,Washington,2012,2016,Black (includes Hispanic),7.3
44,Rhode Island,44009,Washington,2012,2016,Hispanic (all races),11.2
44,Rhode Island,44009,Washington,2012,2016,American Indian/Alaskan Native (includes Hispanic),
44,Rhode Island,44009,Washington,2012,2016,White (includes Hispanic),7.0
44,Rhode Island,44009,Washington,2013,2017,Asian/Pacific Islander (includes Hispanic),
44,Rhode Island,44009,Washington,2013,2017,Black (includes Hispanic),8.3
44,Rhode Island,44009,Washington,2013,2017,Hispanic (all races),11.0
44,Rhode Island,44009,Washington,2013,2017,American Indian/Alaskan Native (includes Hispanic),
44,Rhode Island,44009,Washington,2013,2017,White (includes Hispanic),6.9
44,Rhode Island,44009,Washington,2014,2018,Asian/Pacific Islander (includes Hispanic),
44,Rhode Island,44009,Washington,2014,2018,Black (includes Hispanic),8.7
44,Rhode Island,44009,Washington,2014,2018,Hispanic (all races),9.9
44,Rhode Island,44009,Washington,2014,2018,American Indian/Alaskan Native (includes Hispanic),
44,Rhode Island,44009,Washington,2014,2018,White (includes Hispanic),6.6
44,Rhode Island,44009,Washington,2015,2019,Asian/Pacific Islander (includes Hispanic),
44,Rhode Island,44009,Washington,2015,2019,Black (includes Hispanic),9.4
44,Rhode Island,44009,Washington,2015,2019,Hispanic (all races),9.6
44,Rhode Island,44009,Washington,2015,2019,American Indian/Alaskan Native (includes Hispanic),
44,Rhode Island,44009,Washington,2015,2019,White (includes Hispanic),6.4
44,Rhode Island,44009,Washington,2016,2020,Asian/Pacific Islander (includes Hispanic),
44,Rhode Island,44009,Washington,2016,2020,Black (includes Hispanic),7.0
44,Rhode Island,44009,Washington,2016,2020,Hispanic (all races),9.5
44,Rhode Island,44009,Washington,2016,2020,American Indian/Alaskan Native (includes Hispanic),
44,Rhode Island,44009,Washington,2016,2020,White (includes Hispanic),5.5
45,South Carolina,45001,Abbeville,2011,2015,Asian/Pacific Islander (includes Hispanic),
45,South Carolina,45001,Abbeville,2011,2015,Black (includes Hispanic),9.3
45,South Carolina,45001,Abbeville,2011,2015,Hispanic (all races),
45,South Carolina,45001,Abbeville,2011,2015,American Indian/Alaskan Native (includes Hispanic),
45,South Carolina,45001,Abbeville,2011,2015,White (includes Hispanic),6.2
45,South Carolina,45001,Abbeville,2012,2016,Asian/Pacific Islander (includes Hispanic),
45,South Carolina,45001,Abbeville,2012,2016,Black (includes Hispanic),9.5
45,South Carolina,45001,Abbeville,2012,2016,Hispanic (all races),
45,South Carolina,45001,Abbeville,2012,2016,American Indian/Alaskan Native (includes Hispanic),
45,South Carolina,45001,Abbeville,2012,2016,White (includes Hispanic),6.7
45,South Carolina,45001,Abbeville,2013,2017,Asian/Pacific Islander (includes Hispanic),
45,South Carolina,45001,Abbeville,2013,2017,Black (includes Hispanic),10.1
45,South Carolina,45001,Abbeville,2013,2017,Hispanic (all races),
45,South Carolina,45001,Abbeville,2013,2017,American Indian/Alaskan Native (includes Hispanic),
45,South Carolina,45001,Abbeville,2013,2017,White (includes Hispanic),7.5
45,South Carolina,45001,Abbeville,2014,2018,Asian/Pacific Islander (includes Hispanic),
45,South Carolina,45001,Abbeville,2014,2018,Black (includes Hispanic),10.3
45,South Carolina,45001,Abbeville,2014,2018,Hispanic (all races),
45,South Carolina,45001,Abbeville,2014,2018,American Indian/Alaskan Native (includes Hispanic),
45,South Carolina,45001,Abbeville,2014,2018,White (includes Hispanic),7.9
45,South Carolina,45001,Abbeville,2015,2019,Asian/Pacific Islander (includes Hispanic),
45,South Carolina,45001,Abbeville,2015,2019,Black (includes Hispanic),11.0
45,South Carolina,45001,Abbeville,2015,2019,Hispanic (all races),
45,South Carolina,45001,Abbeville,2015,2019,American Indian/Alaskan Native (includes Hispanic),
45,South Carolina,45001,Abbeville,2015,2019,White (includes Hispanic),8.1
45,South Carolina,45001,Abbeville,2016,2020,Asian/Pacific Islander (includes Hispanic),
45,South Carolina,45001,Abbeville,2016,2020,Black (includes Hispanic),8.8
45,South Carolina,45001,Abbeville,2016,2020,Hispanic (all races),
45,South Carolina,45001,Abbeville,2016,2020,American Indian/Alaskan Native (includes Hispanic),
45,South Carolina,45001,Abbeville,2016,2020,White (includes Hispanic),8.6
45,South Carolina,45003,Aiken,2011,2015,Asian/Pacific Islander (includes Hispanic),
45,South Carolina,45003,Aiken,2011,2015,Black (includes Hispanic),9.8
45,South Carolina,45003,Aiken,2011,2015,Hispanic (all races),
45,South Carolina,45003,Aiken,2011,2015,American Indian/Alaskan Native (includes Hispanic),
45,South Carolina,45003,Aiken,2011,2015,White (includes Hispanic),7.3
45,South Carolina,45003,Aiken,2012,2016,Asian/Pacific Islander (includes Hispanic),
45,South Carolina,45003,Aiken,2012,2016,Black (includes Hispanic),9.8
45,South Carolina,45003,Aiken,2012,2016,Hispanic (all races),
45,South Carolina,45003,Aiken,2012,2016,American Indian/Alaskan Native (includes Hispanic),
45,South Carolina,45003,Aiken,2012,2016,White (includes Hispanic),7.1
45,South Carolina,45003,Aiken,2013,2017,Asian/Pacific Islander (includes Hispanic),
45,South Carolina,45003,Aiken,2013,2017,Black (includes Hispanic),9.0
45,South Carolina,45003,Aiken,2013,2017,Hispanic (all races),
45,South Carolina,45003,Aiken,2013,2017,American Indian/Alaskan Native (includes Hispanic),
45,South Carolina,45003,Aiken,2013,2017,White (includes Hispanic),7.2
45,South Carolina,45003,Aiken,2014,2018,Asian/Pacific Islander (includes Hispanic),
45,South Carolina,45003,Aiken,2014,2018,Black (includes Hispanic),9.3
45,South Carolina,45003,Aiken,2014,2018,Hispanic (all races),
45,South Carolina,45003,Aiken,2014,2018,American Indian/Alaskan Native (includes Hispanic),
45,South Carolina,45003,Aiken,2014,2018,White (includes Hispanic),7.8
45,South Carolina,45003,Aiken,2015,2019,Asian/Pacific Islander (includes Hispanic),
45,South Carolina,45003,Aiken,2015,2019,Black (includes Hispanic),9.7
45,South Carolina,45003,Aiken,2015,2019,Hispanic (all races),
45,South Carolina,45003,Aiken,2015,2019,American Indian/Alaskan Native (includes Hispanic),
45,South Carolina,45003,Aiken,2015,2019,White (includes Hispanic),8.2
45,South Carolina,45003,Aiken,2016,2020,Asian/Pacific Islander (includes Hispanic),
45,South Carolina,45003,Aiken,2016,2020,Black (includes Hispanic),8.8
45,South Carolina,45003,Aiken,2016,2020,Hispanic (all races),
45,South Carolina,45003,Aiken,2016,2020,American Indian/Alaskan Native (includes Hispanic),
45,South Carolina,45003,Aiken,2016,2020,White (includes Hispanic),8.6
45,South Carolina,45005,Allendale,2011,2015,Asian/Pacific Islander (includes Hispanic),
45,South Carolina,45005,Allendale,2011,2015,Black (includes Hispanic),12.0
45,South Carolina,45005,Allendale,2011,2015,Hispanic (all races),
45,South Carolina,45005,Allendale,2011,2015,American Indian/Alaskan Native (includes Hispanic),
45,South Carolina,45005,Allendale,2011,2015,White (includes Hispanic),
45,South Carolina,45005,Allendale,2012,2016,Asian/Pacific Islander (includes Hispanic),
45,South Carolina,45005,Allendale,2012,2016,Black (includes Hispanic),13.2
45,South Carolina,45005,Allendale,2012,2016,Hispanic (all races),
45,South Carolina,45005,Allendale,2012,2016,American Indian/Alaskan Native (includes Hispanic),
45,South Carolina,45005,Allendale,2012,2016,White (includes Hispanic),
45,South Carolina,45005,Allendale,2013,2017,Asian/Pacific Islander (includes Hispanic),
45,South Carolina,45005,Allendale,2013,2017,Black (includes Hispanic),10.9
45,South Carolina,45005,Allendale,2013,2017,Hispanic (all races),
45,South Carolina,45005,Allendale,2013,2017,American Indian/Alaskan Native (includes Hispanic),
45,South Carolina,45005,Allendale,2013,2017,White (includes Hispanic),
45,South Carolina,45005,Allendale,2014,2018,Asian/Pacific Islander (includes Hispanic),
45,South Carolina,45005,Allendale,2014,2018,Black (includes Hispanic),10.3
45,South Carolina,45005,Allendale,2014,2018,Hispanic (all races),
45,South Carolina,45005,Allendale,2014,2018,American Indian/Alaskan Native (includes Hispanic),
45,South Carolina,45005,Allendale,2014,2018,White (includes Hispanic),10.3
45,South Carolina,45005,Allendale,2015,2019,Asian/Pacific Islander (includes Hispanic),
45,South Carolina,45005,Allendale,2015,2019,Black (includes Hispanic),10.5
45,South Carolina,45005,Allendale,2015,2019,Hispanic (all races),
45,South Carolina,45005,Allendale,2015,2019,American Indian/Alaskan Native (includes Hispanic),
45,South Carolina,45005,Allendale,2015,2019,White (includes Hispanic),11.3
45,South Carolina,45005,Allendale,2016,2020,Asian/Pacific Islander (includes Hispanic),
45,South Carolina,45005,Allendale,2016,2020,Black (includes Hispanic),12.5
45,South Carolina,45005,Allendale,2016,2020,Hispanic (all races),
45,South Carolina,45005,Allendale,2016,2020,American Indian/Alaskan Native (includes Hispanic),
45,South Carolina,45005,Allendale,2016,2020,White (includes Hispanic),12.2
45,South Carolina,45007,Anderson,2011,2015,Asian/Pacific Islander (includes Hispanic),
45,South Carolina,45007,Anderson,2011,2015,Black (includes Hispanic),9.1
45,South Carolina,45007,Anderson,2011,2015,Hispanic (all races),
45,South Carolina,45007,Anderson,2011,2015,American Indian/Alaskan Native (includes Hispanic),
45,South Carolina,45007,Anderson,2011,2015,White (includes Hispanic),6.5
45,South Carolina,45007,Anderson,2012,2016,Asian/Pacific Islander (includes Hispanic),
45,South Carolina,45007,Anderson,2012,2016,Black (includes Hispanic),9.4
45,South Carolina,45007,Anderson,2012,2016,Hispanic (all races),
45,South Carolina,45007,Anderson,2012,2016,American Indian/Alaskan Native (includes Hispanic),
45,South Carolina,45007,Anderson,2012,2016,White (includes Hispanic),6.9
45,South Carolina,45007,Anderson,2013,2017,Asian/Pacific Islander (includes Hispanic),
45,South Carolina,45007,Anderson,2013,2017,Black (includes Hispanic),10.6
45,South Carolina,45007,Anderson,2013,2017,Hispanic (all races),
45,South Carolina,45007,Anderson,2013,2017,American Indian/Alaskan Native (includes Hispanic),
45,South Carolina,45007,Anderson,2013,2017,White (includes Hispanic),7.9
45,South Carolina,45007,Anderson,2014,2018,Asian/Pacific Islander (includes Hispanic),
45,South Carolina,45007,Anderson,2014,2018,Black (includes Hispanic),10.2
45,South Carolina,45007,Anderson,2014,2018,Hispanic (all races),
45,South Carolina,45007,Anderson,2014,2018,American Indian/Alaskan Native (includes Hispanic),
45,South Carolina,45007,Anderson,2014,2018,White (includes Hispanic),8.3
45,South Carolina,45007,Anderson,2015,2019,Asian/Pacific Islander (includes Hispanic),
45,South Carolina,45007,Anderson,2015,2019,Black (includes Hispanic),10.0
45,South Carolina,45007,Anderson,2015,2019,Hispanic (all races),
45,South Carolina,45007,Anderson,2015,2019,American Indian/Alaskan Native (includes Hispanic),
45,South Carolina,45007,Anderson,2015,2019,White (includes Hispanic),8.4
45,South Carolina,45007,Anderson,2016,2020,Asian/Pacific Islander (includes Hispanic),
45,South Carolina,45007,Anderson,2016,2020,Black (includes Hispanic),8.5
45,South Carolina,45007,Anderson,2016,2020,Hispanic (all races),
45,South Carolina,45007,Anderson,2016,2020,American Indian/Alaskan Native (includes Hispanic),
45,South Carolina,45007,Anderson,2016,2020,White (includes Hispanic),8.9
45,South Carolina,45009,Bamberg,2011,2015,Asian/Pacific Islander (includes Hispanic),
45,South Carolina,45009,Bamberg,2011,2015,Black (includes Hispanic),9.1
45,South Carolina,45009,Bamberg,2011,2015,Hispanic (all races),
45,South Carolina,45009,Bamberg,2011,2015,American Indian/Alaskan Native (includes Hispanic),
45,South Carolina,45009,Bamberg,2011,2015,White (includes Hispanic),8.9
45,South Carolina,45009,Bamberg,2012,2016,Asian/Pacific Islander (includes Hispanic),
45,South Carolina,45009,Bamberg,2012,2016,Black (includes Hispanic),9.7
45,South Carolina,45009,Bamberg,2012,2016,Hispanic (all races),
45,South Carolina,45009,Bamberg,2012,2016,American Indian/Alaskan Native (includes Hispanic),
45,South Carolina,45009,Bamberg,2012,2016,White (includes Hispanic),9.2
45,South Carolina,45009,Bamberg,2013,2017,Asian/Pacific Islander (includes Hispanic),
45,South Carolina,45009,Bamberg,2013,2017,Black (includes Hispanic),9.0
45,South Carolina,45009,Bamberg,2013,2017,Hispanic (all races),
45,South Carolina,45009,Bamberg,2013,2017,American Indian/Alaskan Native (includes Hispanic),
45,South Carolina,45009,Bamberg,2013,2017,White (includes Hispanic),8.7
45,South Carolina,45009,Bamberg,2014,2018,Asian/Pacific Islander (includes Hispanic),
45,South Carolina,45009,Bamberg,2014,2018,Black (includes Hispanic),9.1
45,South Carolina,45009,Bamberg,2014,2018,Hispanic (all races),
45,South Carolina,45009,Bamberg,2014,2018,American Indian/Alaskan Native (includes Hispanic),
45,South Carolina,45009,Bamberg,2014,2018,White (includes Hispanic),11.1
45,South Carolina,45009,Bamberg,2015,2019,Asian/Pacific Islander (includes Hispanic),
45,South Carolina,45009,Bamberg,2015,2019,Black (includes Hispanic),8.9
45,South Carolina,45009,Bamberg,2015,2019,Hispanic (all races),
45,South Carolina,45009,Bamberg,2015,2019,American Indian/Alaskan Native (includes Hispanic),
45,South Carolina,45009,Bamberg,2015,2019,White (includes Hispanic),11.5
45,South Carolina,45009,Bamberg,2016,2020,Asian/Pacific Islander (includes Hispanic),
45,South Carolina,45009,Bamberg,2016,2020,Black (includes Hispanic),9.4
45,South Carolina,45009,Bamberg,2016,2020,Hispanic (all races),
45,South Carolina,45009,Bamberg,2016,2020,American Indian/Alaskan Native (includes Hispanic),
45,South Carolina,45009,Bamberg,2016,2020,White (includes Hispanic),10.4
45,South Carolina,45011,Barnwell,2011,2015,Asian/Pacific Islander (includes Hispanic),
45,South Carolina,45011,Barnwell,2011,2015,Black (includes Hispanic),10.7
45,South Carolina,45011,Barnwell,2011,2015,Hispanic (all races),
45,South Carolina,45011,Barnwell,2011,2015,American Indian/Alaskan Native (includes Hispanic),
45,South Carolina,45011,Barnwell,2011,2015,White (includes Hispanic),8.4
45,South Carolina,45011,Barnwell,2012,2016,Asian/Pacific Islander (includes Hispanic),
45,South Carolina,45011,Barnwell,2012,2016,Black (includes Hispanic),9.8
45,South Carolina,45011,Barnwell,2012,2016,Hispanic (all races),
45,South Carolina,45011,Barnwell,2012,2016,American Indian/Alaskan Native (includes Hispanic),
45,South Carolina,45011,Barnwell,2012,2016,White (includes Hispanic),8.1
45,South Carolina,45011,Barnwell,2013,2017,Asian/Pacific Islander (includes Hispanic),
45,South Carolina,45011,Barnwell,2013,2017,Black (includes Hispanic),9.5
45,South Carolina,45011,Barnwell,2013,2017,Hispanic (all races),
45,South Carolina,45011,Barnwell,2013,2017,American Indian/Alaskan Native (includes Hispanic),
45,South Carolina,45011,Barnwell,2013,2017,White (includes Hispanic),7.9
45,South Carolina,45011,Barnwell,2014,2018,Asian/Pacific Islander (includes Hispanic),
45,South Carolina,45011,Barnwell,2014,2018,Black (includes Hispanic),10.3
45,South Carolina,45011,Barnwell,2014,2018,Hispanic (all races),
45,South Carolina,45011,Barnwell,2014,2018,American Indian/Alaskan Native (includes Hispanic),
45,South Carolina,45011,Barnwell,2014,2018,White (includes Hispanic),8.0
45,South Carolina,45011,Barnwell,2015,2019,Asian/Pacific Islander (includes Hispanic),
45,South Carolina,45011,Barnwell,2015,2019,Black (includes Hispanic),10.2
45,South Carolina,45011,Barnwell,2015,2019,Hispanic (all races),
45,South Carolina,45011,Barnwell,2015,2019,American Indian/Alaskan Native (includes Hispanic),
45,South Carolina,45011,Barnwell,2015,2019,White (includes Hispanic),8.3
45,South Carolina,45011,Barnwell,2016,2020,Asian/Pacific Islander (includes Hispanic),
45,South Carolina,45011,Barnwell,2016,2020,Black (includes Hispanic),9.2
45,South Carolina,45011,Barnwell,2016,2020,Hispanic (all races),
45,South Carolina,45011,Barnwell,2016,2020,American Indian/Alaskan Native (includes Hispanic),
45,South Carolina,45011,Barnwell,2016,2020,White (includes Hispanic),9.5
45,South Carolina,45013,Beaufort,2011,2015,Asian/Pacific Islander (includes Hispanic),
45,South Carolina,45013,Beaufort,2011,2015,Black (includes Hispanic),
45,South Carolina,45013,Beaufort,2011,2015,Hispanic (all races),
45,South Carolina,45013,Beaufort,2011,2015,American Indian/Alaskan Native (includes Hispanic),
45,South Carolina,45013,Beaufort,2011,2015,White (includes Hispanic),10.3
45,South Carolina,45013,Beaufort,2012,2016,Asian/Pacific Islander (includes Hispanic),
45,South Carolina,45013,Beaufort,2012,2016,Black (includes Hispanic),11.2
45,South Carolina,45013,Beaufort,2012,2016,Hispanic (all races),
45,South Carolina,45013,Beaufort,2012,2016,American Indian/Alaskan Native (includes Hispanic),
45,South Carolina,45013,Beaufort,2012,2016,White (includes Hispanic),9.8
45,South Carolina,45013,Beaufort,2013,2017,Asian/Pacific Islander (includes Hispanic),
45,South Carolina,45013,Beaufort,2013,2017,Black (includes Hispanic),12.1
45,South Carolina,45013,Beaufort,2013,2017,Hispanic (all races),
45,South Carolina,45013,Beaufort,2013,2017,American Indian/Alaskan Native (includes Hispanic),
45,South Carolina,45013,Beaufort,2013,2017,White (includes Hispanic),8.4
45,South Carolina,45013,Beaufort,2014,2018,Asian/Pacific Islander (includes Hispanic),
45,South Carolina,45013,Beaufort,2014,2018,Black (includes Hispanic),12.0
45,South Carolina,45013,Beaufort,2014,2018,Hispanic (all races),
45,South Carolina,45013,Beaufort,2014,2018,American Indian/Alaskan Native (includes Hispanic),
45,South Carolina,45013,Beaufort,2014,2018,White (includes Hispanic),8.1
45,South Carolina,45013,Beaufort,2015,2019,Asian/Pacific Islander (includes Hispanic),
45,South Carolina,45013,Beaufort,2015,2019,Black (includes Hispanic),10.0
45,South Carolina,45013,Beaufort,2015,2019,Hispanic (all races),
45,South Carolina,45013,Beaufort,2015,2019,American Indian/Alaskan Native (includes Hispanic),
45,South Carolina,45013,Beaufort,2015,2019,White (includes Hispanic),6.2
45,South Carolina,45013,Beaufort,2016,2020,Asian/Pacific Islander (includes Hispanic),
45,South Carolina,45013,Beaufort,2016,2020,Black (includes Hispanic),
45,South Carolina,45013,Beaufort,2016,2020,Hispanic (all races),
45,South Carolina,45013,Beaufort,2016,2020,American Indian/Alaskan Native (includes Hispanic),
45,South Carolina,45013,Beaufort,2016,2020,White (includes Hispanic),6.6
45,South Carolina,45015,Berkeley,2011,2015,Asian/Pacific Islander (includes Hispanic),
45,South Carolina,45015,Berkeley,2011,2015,Black (includes Hispanic),9.5
45,South Carolina,45015,Berkeley,2011,2015,Hispanic (all races),
45,South Carolina,45015,Berkeley,2011,2015,American Indian/Alaskan Native (includes Hispanic),
45,South Carolina,45015,Berkeley,2011,2015,White (includes Hispanic),6.8
45,South Carolina,45015,Berkeley,2012,2016,Asian/Pacific Islander (includes Hispanic),
45,South Carolina,45015,Berkeley,2012,2016,Black (includes Hispanic),9.4
45,South Carolina,45015,Berkeley,2012,2016,Hispanic (all races),
45,South Carolina,45015,Berkeley,2012,2016,American Indian/Alaskan Native (includes Hispanic),
45,South Carolina,45015,Berkeley,2012,2016,White (includes Hispanic),7.0
45,South Carolina,45015,Berkeley,2013,2017,Asian/Pacific Islander (includes Hispanic),
45,South Carolina,45015,Berkeley,2013,2017,Black (includes Hispanic),9.4
45,South Carolina,45015,Berkeley,2013,2017,Hispanic (all races),
45,South Carolina,45015,Berkeley,2013,2017,American Indian/Alaskan Native (includes Hispanic),
45,South Carolina,45015,Berkeley,2013,2017,White (includes Hispanic),6.9
45,South Carolina,45015,Berkeley,2014,2018,Asian/Pacific Islander (includes Hispanic),
45,South Carolina,45015,Berkeley,2014,2018,Black (includes Hispanic),9.6
45,South Carolina,45015,Berkeley,2014,2018,Hispanic (all races),
45,South Carolina,45015,Berkeley,2014,2018,American Indian/Alaskan Native (includes Hispanic),
45,South Carolina,45015,Berkeley,2014,2018,White (includes Hispanic),6.9
45,South Carolina,45015,Berkeley,2015,2019,Asian/Pacific Islander (includes Hispanic),
45,South Carolina,45015,Berkeley,2015,2019,Black (includes Hispanic),9.7
45,South Carolina,45015,Berkeley,2015,2019,Hispanic (all races),
45,South Carolina,45015,Berkeley,2015,2019,American Indian/Alaskan Native (includes Hispanic),
45,South Carolina,45015,Berkeley,2015,2019,White (includes Hispanic),7.0
45,South Carolina,45015,Berkeley,2016,2020,Asian/Pacific Islander (includes Hispanic),
45,South Carolina,45015,Berkeley,2016,2020,Black (includes Hispanic),9.4
45,South Carolina,45015,Berkeley,2016,2020,Hispanic (all races),
45,South Carolina,45015,Berkeley,2016,2020,American Indian/Alaskan Native (includes Hispanic),
45,South Carolina,45015,Berkeley,2016,2020,White (includes Hispanic),6.4
45,South Carolina,45017,Calhoun,2011,2015,Asian/Pacific Islander (includes Hispanic),
45,South Carolina,45017,Calhoun,2011,2015,Black (includes Hispanic),7.8
45,South Carolina,45017,Calhoun,2011,2015,Hispanic (all races),
45,South Carolina,45017,Calhoun,2011,2015,American Indian/Alaskan Native (includes Hispanic),
45,South Carolina,45017,Calhoun,2011,2015,White (includes Hispanic),7.6
45,South Carolina,45017,Calhoun,2012,2016,Asian/Pacific Islander (includes Hispanic),
45,South Carolina,45017,Calhoun,2012,2016,Black (includes Hispanic),7.5
45,South Carolina,45017,Calhoun,2012,2016,Hispanic (all races),
45,South Carolina,45017,Calhoun,2012,2016,American Indian/Alaskan Native (includes Hispanic),
45,South Carolina,45017,Calhoun,2012,2016,White (includes Hispanic),7.4
45,South Carolina,45017,Calhoun,2013,2017,Asian/Pacific Islander (includes Hispanic),
45,South Carolina,45017,Calhoun,2013,2017,Black (includes Hispanic),7.8
45,South Carolina,45017,Calhoun,2013,2017,Hispanic (all races),
45,South Carolina,45017,Calhoun,2013,2017,American Indian/Alaskan Native (includes Hispanic),
45,South Carolina,45017,Calhoun,2013,2017,White (includes Hispanic),7.3
45,South Carolina,45017,Calhoun,2014,2018,Asian/Pacific Islander (includes Hispanic),
45,South Carolina,45017,Calhoun,2014,2018,Black (includes Hispanic),7.9
45,South Carolina,45017,Calhoun,2014,2018,Hispanic (all races),
45,South Carolina,45017,Calhoun,2014,2018,American Indian/Alaskan Native (includes Hispanic),
45,South Carolina,45017,Calhoun,2014,2018,White (includes Hispanic),7.5
45,South Carolina,45017,Calhoun,2015,2019,Asian/Pacific Islander (includes Hispanic),
45,South Carolina,45017,Calhoun,2015,2019,Black (includes Hispanic),7.9
45,South Carolina,45017,Calhoun,2015,2019,Hispanic (all races),
45,South Carolina,45017,Calhoun,2015,2019,American Indian/Alaskan Native (includes Hispanic),
45,South Carolina,45017,Calhoun,2015,2019,White (includes Hispanic),7.3
45,South Carolina,45017,Calhoun,2016,2020,Asian/Pacific Islander (includes Hispanic),
45,South Carolina,45017,Calhoun,2016,2020,Black (includes Hispanic),6.8
45,South Carolina,45017,Calhoun,2016,2020,Hispanic (all races),
45,South Carolina,45017,Calhoun,2016,2020,American Indian/Alaskan Native (includes Hispanic),
45,South Carolina,45017,Calhoun,2016,2020,White (includes Hispanic),7.3
45,South Carolina,45019,Charleston,2011,2015,Asian/Pacific Islander (includes Hispanic),
45,South Carolina,45019,Charleston,2011,2015,Black (includes Hispanic),8.8
45,South Carolina,45019,Charleston,2011,2015,Hispanic (all races),
45,South Carolina,45019,Charleston,2011,2015,American Indian/Alaskan Native (includes Hispanic),
45,South Carolina,45019,Charleston,2011,2015,White (includes Hispanic),6.6
45,South Carolina,45019,Charleston,2012,2016,Asian/Pacific Islander (includes Hispanic),
45,South Carolina,45019,Charleston,2012,2016,Black (includes Hispanic),8.8
45,South Carolina,45019,Charleston,2012,2016,Hispanic (all races),
45,South Carolina,45019,Charleston,2012,2016,American Indian/Alaskan Native (includes Hispanic),
45,South Carolina,45019,Charleston,2012,2016,White (includes Hispanic),6.8
45,South Carolina,45019,Charleston,2013,2017,Asian/Pacific Islander (includes Hispanic),
45,South Carolina,45019,Charleston,2013,2017,Black (includes Hispanic),9.1
45,South Carolina,45019,Charleston,2013,2017,Hispanic (all races),
45,South Carolina,45019,Charleston,2013,2017,American Indian/Alaskan Native (includes Hispanic),
45,South Carolina,45019,Charleston,2013,2017,White (includes Hispanic),6.8
45,South Carolina,45019,Charleston,2014,2018,Asian/Pacific Islander (includes Hispanic),
45,South Carolina,45019,Charleston,2014,2018,Black (includes Hispanic),9.1
45,South Carolina,45019,Charleston,2014,2018,Hispanic (all races),
45,South Carolina,45019,Charleston,2014,2018,American Indian/Alaskan Native (includes Hispanic),
45,South Carolina,45019,Charleston,2014,2018,White (includes Hispanic),7.0
45,South Carolina,45019,Charleston,2015,2019,Asian/Pacific Islander (includes Hispanic),
45,South Carolina,45019,Charleston,2015,2019,Black (includes Hispanic),9.4
45,South Carolina,45019,Charleston,2015,2019,Hispanic (all races),18.3
45,South Carolina,45019,Charleston,2015,2019,American Indian/Alaskan Native (includes Hispanic),
45,South Carolina,45019,Charleston,2015,2019,White (includes Hispanic),7.3
45,South Carolina,45019,Charleston,2016,2020,Asian/Pacific Islander (includes Hispanic),
45,South Carolina,45019,Charleston,2016,2020,Black (includes Hispanic),9.4
45,South Carolina,45019,Charleston,2016,2020,Hispanic (all races),
45,South Carolina,45019,Charleston,2016,2020,American Indian/Alaskan Native (includes Hispanic),
45,South Carolina,45019,Charleston,2016,2020,White (includes Hispanic),6.7
45,South Carolina,45021,Cherokee,2011,2015,Asian/Pacific Islander (includes Hispanic),
45,South Carolina,45021,Cherokee,2011,2015,Black (includes Hispanic),9.6
45,South Carolina,45021,Cherokee,2011,2015,Hispanic (all races),
45,South Carolina,45021,Cherokee,2011,2015,American Indian/Alaskan Native (includes Hispanic),
45,South Carolina,45021,Cherokee,2011,2015,White (includes Hispanic),8.5
45,South Carolina,45021,Cherokee,2012,2016,Asian/Pacific Islander (includes Hispanic),
45,South Carolina,45021,Cherokee,2012,2016,Black (includes Hispanic),8.7
45,South Carolina,45021,Cherokee,2012,2016,Hispanic (all races),
45,South Carolina,45021,Cherokee,2012,2016,American Indian/Alaskan Native (includes Hispanic),
45,South Carolina,45021,Cherokee,2012,2016,White (includes Hispanic),8.4
45,South Carolina,45021,Cherokee,2013,2017,Asian/Pacific Islander (includes Hispanic),
45,South Carolina,45021,Cherokee,2013,2017,Black (includes Hispanic),7.6
45,South Carolina,45021,Cherokee,2013,2017,Hispanic (all races),
45,South Carolina,45021,Cherokee,2013,2017,American Indian/Alaskan Native (includes Hispanic),
45,South Carolina,45021,Cherokee,2013,2017,White (includes Hispanic),8.4
45,South Carolina,45021,Cherokee,2014,2018,Asian/Pacific Islander (includes Hispanic),
45,South Carolina,45021,Cherokee,2014,2018,Black (includes Hispanic),7.6
45,South Carolina,45021,Cherokee,2014,2018,Hispanic (all races),
45,South Carolina,45021,Cherokee,2014,2018,American Indian/Alaskan Native (includes Hispanic),
45,South Carolina,45021,Cherokee,2014,2018,White (includes Hispanic),8.3
45,South Carolina,45021,Cherokee,2015,2019,Asian/Pacific Islander (includes Hispanic),
45,South Carolina,45021,Cherokee,2015,2019,Black (includes Hispanic),5.3
45,South Carolina,45021,Cherokee,2015,2019,Hispanic (all races),
45,South Carolina,45021,Cherokee,2015,2019,American Indian/Alaskan Native (includes Hispanic),
45,South Carolina,45021,Cherokee,2015,2019,White (includes Hispanic),7.9
45,South Carolina,45021,Cherokee,2016,2020,Asian/Pacific Islander (includes Hispanic),
45,South Carolina,45021,Cherokee,2016,2020,Black (includes Hispanic),6.4
45,South Carolina,45021,Cherokee,2016,2020,Hispanic (all races),
45,South Carolina,45021,Cherokee,2016,2020,American Indian/Alaskan Native (includes Hispanic),
45,South Carolina,45021,Cherokee,2016,2020,White (includes Hispanic),7.5
45,South Carolina,45023,Chester,2011,2015,Asian/Pacific Islander (includes Hispanic),
45,South Carolina,45023,Chester,2011,2015,Black (includes Hispanic),
45,South Carolina,45023,Chester,2011,2015,Hispanic (all races),
45,South Carolina,45023,Chester,2011,2015,American Indian/Alaskan Native (includes Hispanic),
45,South Carolina,45023,Chester,2011,2015,White (includes Hispanic),7.4
45,South Carolina,45023,Chester,2012,2016,Asian/Pacific Islander (includes Hispanic),
45,South Carolina,45023,Chester,2012,2016,Black (includes Hispanic),
45,South Carolina,45023,Chester,2012,2016,Hispanic (all races),
45,South Carolina,45023,Chester,2012,2016,American Indian/Alaskan Native (includes Hispanic),
45,South Carolina,45023,Chester,2012,2016,White (includes Hispanic),7.5
45,South Carolina,45023,Chester,2013,2017,Asian/Pacific Islander (includes Hispanic),
45,South Carolina,45023,Chester,2013,2017,Black (includes Hispanic),
45,South Carolina,45023,Chester,2013,2017,Hispanic (all races),
45,South Carolina,45023,Chester,2013,2017,American Indian/Alaskan Native (includes Hispanic),
45,South Carolina,45023,Chester,2013,2017,White (includes Hispanic),8.2
45,South Carolina,45023,Chester,2014,2018,Asian/Pacific Islander (includes Hispanic),
45,South Carolina,45023,Chester,2014,2018,Black (includes Hispanic),6.4
45,South Carolina,45023,Chester,2014,2018,Hispanic (all races),
45,South Carolina,45023,Chester,2014,2018,American Indian/Alaskan Native (includes Hispanic),
45,South Carolina,45023,Chester,2014,2018,White (includes Hispanic),7.8
45,South Carolina,45023,Chester,2015,2019,Asian/Pacific Islander (includes Hispanic),
45,South Carolina,45023,Chester,2015,2019,Black (includes Hispanic),7.6
45,South Carolina,45023,Chester,2015,2019,Hispanic (all races),
45,South Carolina,45023,Chester,2015,2019,American Indian/Alaskan Native (includes Hispanic),
45,South Carolina,45023,Chester,2015,2019,White (includes Hispanic),7.4
45,South Carolina,45023,Chester,2016,2020,Asian/Pacific Islander (includes Hispanic),
45,South Carolina,45023,Chester,2016,2020,Black (includes Hispanic),8.3
45,South Carolina,45023,Chester,2016,2020,Hispanic (all races),
45,South Carolina,45023,Chester,2016,2020,American Indian/Alaskan Native (includes Hispanic),
45,South Carolina,45023,Chester,2016,2020,White (includes Hispanic),7.6
45,South Carolina,45025,Chesterfield,2011,2015,Asian/Pacific Islander (includes Hispanic),
45,South Carolina,45025,Chesterfield,2011,2015,Black (includes Hispanic),6.7
45,South Carolina,45025,Chesterfield,2011,2015,Hispanic (all races),
45,South Carolina,45025,Chesterfield,2011,2015,American Indian/Alaskan Native (includes Hispanic),
45,South Carolina,45025,Chesterfield,2011,2015,White (includes Hispanic),6.4
45,South Carolina,45025,Chesterfield,2012,2016,Asian/Pacific Islander (includes Hispanic),
45,South Carolina,45025,Chesterfield,2012,2016,Black (includes Hispanic),5.9
45,South Carolina,45025,Chesterfield,2012,2016,Hispanic (all races),
45,South Carolina,45025,Chesterfield,2012,2016,American Indian/Alaskan Native (includes Hispanic),
45,South Carolina,45025,Chesterfield,2012,2016,White (includes Hispanic),6.6
45,South Carolina,45025,Chesterfield,2013,2017,Asian/Pacific Islander (includes Hispanic),
45,South Carolina,45025,Chesterfield,2013,2017,Black (includes Hispanic),5.0
45,South Carolina,45025,Chesterfield,2013,2017,Hispanic (all races),
45,South Carolina,45025,Chesterfield,2013,2017,American Indian/Alaskan Native (includes Hispanic),
45,South Carolina,45025,Chesterfield,2013,2017,White (includes Hispanic),7.2
45,South Carolina,45025,Chesterfield,2014,2018,Asian/Pacific Islander (includes Hispanic),
45,South Carolina,45025,Chesterfield,2014,2018,Black (includes Hispanic),5.0
45,South Carolina,45025,Chesterfield,2014,2018,Hispanic (all races),
45,South Carolina,45025,Chesterfield,2014,2018,American Indian/Alaskan Native (includes Hispanic),
45,South Carolina,45025,Chesterfield,2014,2018,White (includes Hispanic),7.0
45,South Carolina,45025,Chesterfield,2015,2019,Asian/Pacific Islander (includes Hispanic),
45,South Carolina,45025,Chesterfield,2015,2019,Black (includes Hispanic),5.7
45,South Carolina,45025,Chesterfield,2015,2019,Hispanic (all races),
45,South Carolina,45025,Chesterfield,2015,2019,American Indian/Alaskan Native (includes Hispanic),
45,South Carolina,45025,Chesterfield,2015,2019,White (includes Hispanic),7.2
45,South Carolina,45025,Chesterfield,2016,2020,Asian/Pacific Islander (includes Hispanic),
45,South Carolina,45025,Chesterfield,2016,2020,Black (includes Hispanic),6.8
45,South Carolina,45025,Chesterfield,2016,2020,Hispanic (all races),
45,South Carolina,45025,Chesterfield,2016,2020,American Indian/Alaskan Native (includes Hispanic),
45,South Carolina,45025,Chesterfield,2016,2020,White (includes Hispanic),7.4
45,South Carolina,45027,Clarendon,2011,2015,Asian/Pacific Islander (includes Hispanic),
45,South Carolina,45027,Clarendon,2011,2015,Black (includes Hispanic),10.6
45,South Carolina,45027,Clarendon,2011,2015,Hispanic (all races),
45,South Carolina,45027,Clarendon,2011,2015,American Indian/Alaskan Native (includes Hispanic),
45,South Carolina,45027,Clarendon,2011,2015,White (includes Hispanic),7.7
45,South Carolina,45027,Clarendon,2012,2016,Asian/Pacific Islander (includes Hispanic),
45,South Carolina,45027,Clarendon,2012,2016,Black (includes Hispanic),10.8
45,South Carolina,45027,Clarendon,2012,2016,Hispanic (all races),
45,South Carolina,45027,Clarendon,2012,2016,American Indian/Alaskan Native (includes Hispanic),
45,South Carolina,45027,Clarendon,2012,2016,White (includes Hispanic),8.1
45,South Carolina,45027,Clarendon,2013,2017,Asian/Pacific Islander (includes Hispanic),
45,South Carolina,45027,Clarendon,2013,2017,Black (includes Hispanic),10.0
45,South Carolina,45027,Clarendon,2013,2017,Hispanic (all races),
45,South Carolina,45027,Clarendon,2013,2017,American Indian/Alaskan Native (includes Hispanic),
45,South Carolina,45027,Clarendon,2013,2017,White (includes Hispanic),8.3
45,South Carolina,45027,Clarendon,2014,2018,Asian/Pacific Islander (includes Hispanic),
45,South Carolina,45027,Clarendon,2014,2018,Black (includes Hispanic),10.0
45,South Carolina,45027,Clarendon,2014,2018,Hispanic (all races),
45,South Carolina,45027,Clarendon,2014,2018,American Indian/Alaskan Native (includes Hispanic),
45,South Carolina,45027,Clarendon,2014,2018,White (includes Hispanic),7.8
45,South Carolina,45027,Clarendon,2015,2019,Asian/Pacific Islander (includes Hispanic),
45,South Carolina,45027,Clarendon,2015,2019,Black (includes Hispanic),9.3
45,South Carolina,45027,Clarendon,2015,2019,Hispanic (all races),
45,South Carolina,45027,Clarendon,2015,2019,American Indian/Alaskan Native (includes Hispanic),
45,South Carolina,45027,Clarendon,2015,2019,White (includes Hispanic),7.7
45,South Carolina,45027,Clarendon,2016,2020,Asian/Pacific Islander (includes Hispanic),
45,South Carolina,45027,Clarendon,2016,2020,Black (includes Hispanic),7.7
45,South Carolina,45027,Clarendon,2016,2020,Hispanic (all races),
45,South Carolina,45027,Clarendon,2016,2020,American Indian/Alaskan Native (includes Hispanic),
45,South Carolina,45027,Clarendon,2016,2020,White (includes Hispanic),7.6
45,South Carolina,45029,Colleton,2011,2015,Asian/Pacific Islander (includes Hispanic),
45,South Carolina,45029,Colleton,2011,2015,Black (includes Hispanic),8.0
45,South Carolina,45029,Colleton,2011,2015,Hispanic (all races),
45,South Carolina,45029,Colleton,2011,2015,American Indian/Alaskan Native (includes Hispanic),
45,South Carolina,45029,Colleton,2011,2015,White (includes Hispanic),7.3
45,South Carolina,45029,Colleton,2012,2016,Asian/Pacific Islander (includes Hispanic),
45,South Carolina,45029,Colleton,2012,2016,Black (includes Hispanic),8.7
45,South Carolina,45029,Colleton,2012,2016,Hispanic (all races),
45,South Carolina,45029,Colleton,2012,2016,American Indian/Alaskan Native (includes Hispanic),
45,South Carolina,45029,Colleton,2012,2016,White (includes Hispanic),7.4
45,South Carolina,45029,Colleton,2013,2017,Asian/Pacific Islander (includes Hispanic),
45,South Carolina,45029,Colleton,2013,2017,Black (includes Hispanic),9.7
45,South Carolina,45029,Colleton,2013,2017,Hispanic (all races),
45,South Carolina,45029,Colleton,2013,2017,American Indian/Alaskan Native (includes Hispanic),
45,South Carolina,45029,Colleton,2013,2017,White (includes Hispanic),6.6
45,South Carolina,45029,Colleton,2014,2018,Asian/Pacific Islander (includes Hispanic),
45,South Carolina,45029,Colleton,2014,2018,Black (includes Hispanic),9.3
45,South Carolina,45029,Colleton,2014,2018,Hispanic (all races),
45,South Carolina,45029,Colleton,2014,2018,American Indian/Alaskan Native (includes Hispanic),
45,South Carolina,45029,Colleton,2014,2018,White (includes Hispanic),7.0
45,South Carolina,45029,Colleton,2015,2019,Asian/Pacific Islander (includes Hispanic),
45,South Carolina,45029,Colleton,2015,2019,Black (includes Hispanic),9.2
45,South Carolina,45029,Colleton,2015,2019,Hispanic (all races),
45,South Carolina,45029,Colleton,2015,2019,American Indian/Alaskan Native (includes Hispanic),
45,South Carolina,45029,Colleton,2015,2019,White (includes Hispanic),6.5
45,South Carolina,45029,Colleton,2016,2020,Asian/Pacific Islander (includes Hispanic),
45,South Carolina,45029,Colleton,2016,2020,Black (includes Hispanic),9.3
45,South Carolina,45029,Colleton,2016,2020,Hispanic (all races),
45,South Carolina,45029,Colleton,2016,2020,American Indian/Alaskan Native (includes Hispanic),
45,South Carolina,45029,Colleton,2016,2020,White (includes Hispanic),6.0
45,South Carolina,45031,Darlington,2011,2015,Asian/Pacific Islander (includes Hispanic),
45,South Carolina,45031,Darlington,2011,2015,Black (includes Hispanic),10.3
45,South Carolina,45031,Darlington,2011,2015,Hispanic (all races),
45,South Carolina,45031,Darlington,2011,2015,American Indian/Alaskan Native (includes Hispanic),
45,South Carolina,45031,Darlington,2011,2015,White (includes Hispanic),7.4
45,South Carolina,45031,Darlington,2012,2016,Asian/Pacific Islander (includes Hispanic),
45,South Carolina,45031,Darlington,2012,2016,Black (includes Hispanic),10.1
45,South Carolina,45031,Darlington,2012,2016,Hispanic (all races),
45,South Carolina,45031,Darlington,2012,2016,American Indian/Alaskan Native (includes Hispanic),
45,South Carolina,45031,Darlington,2012,2016,White (includes Hispanic),7.6
45,South Carolina,45031,Darlington,2013,2017,Asian/Pacific Islander (includes Hispanic),
45,South Carolina,45031,Darlington,2013,2017,Black (includes Hispanic),8.6
45,South Carolina,45031,Darlington,2013,2017,Hispanic (all races),
45,South Carolina,45031,Darlington,2013,2017,American Indian/Alaskan Native (includes Hispanic),
45,South Carolina,45031,Darlington,2013,2017,White (includes Hispanic),7.5
45,South Carolina,45031,Darlington,2014,2018,Asian/Pacific Islander (includes Hispanic),
45,South Carolina,45031,Darlington,2014,2018,Black (includes Hispanic),7.4
45,South Carolina,45031,Darlington,2014,2018,Hispanic (all races),
45,South Carolina,45031,Darlington,2014,2018,American Indian/Alaskan Native (includes Hispanic),
45,South Carolina,45031,Darlington,2014,2018,White (includes Hispanic),8.3
45,South Carolina,45031,Darlington,2015,2019,Asian/Pacific Islander (includes Hispanic),
45,South Carolina,45031,Darlington,2015,2019,Black (includes Hispanic),6.3
45,South Carolina,45031,Darlington,2015,2019,Hispanic (all races),
45,South Carolina,45031,Darlington,2015,2019,American Indian/Alaskan Native (includes Hispanic),
45,South Carolina,45031,Darlington,2015,2019,White (includes Hispanic),9.4
45,South Carolina,45031,Darlington,2016,2020,Asian/Pacific Islander (includes Hispanic),
45,South Carolina,45031,Darlington,2016,2020,Black (includes Hispanic),5.4
45,South Carolina,45031,Darlington,2016,2020,Hispanic (all races),
45,South Carolina,45031,Darlington,2016,2020,American Indian/Alaskan Native (includes Hispanic),
45,South Carolina,45031,Darlington,2016,2020,White (includes Hispanic),8.7
45,South Carolina,45033,Dillon,2011,2015,Asian/Pacific Islander (includes Hispanic),
45,South Carolina,45033,Dillon,2011,2015,Black (includes Hispanic),10.9
45,South Carolina,45033,Dillon,2011,2015,Hispanic (all races),
45,South Carolina,45033,Dillon,2011,2015,American Indian/Alaskan Native (includes Hispanic),
45,South Carolina,45033,Dillon,2011,2015,White (includes Hispanic),8.4
45,South Carolina,45033,Dillon,2012,2016,Asian/Pacific Islander (includes Hispanic),
45,South Carolina,45033,Dillon,2012,2016,Black (includes Hispanic),12.1
45,South Carolina,45033,Dillon,2012,2016,Hispanic (all races),
45,South Carolina,45033,Dillon,2012,2016,American Indian/Alaskan Native (includes Hispanic),
45,South Carolina,45033,Dillon,2012,2016,White (includes Hispanic),8.6
45,South Carolina,45033,Dillon,2013,2017,Asian/Pacific Islander (includes Hispanic),
45,South Carolina,45033,Dillon,2013,2017,Black (includes Hispanic),12.0
45,South Carolina,45033,Dillon,2013,2017,Hispanic (all races),
45,South Carolina,45033,Dillon,2013,2017,American Indian/Alaskan Native (includes Hispanic),
45,South Carolina,45033,Dillon,2013,2017,White (includes Hispanic),8.7
45,South Carolina,45033,Dillon,2014,2018,Asian/Pacific Islander (includes Hispanic),
45,South Carolina,45033,Dillon,2014,2018,Black (includes Hispanic),11.1
45,South Carolina,45033,Dillon,2014,2018,Hispanic (all races),
45,South Carolina,45033,Dillon,2014,2018,American Indian/Alaskan Native (includes Hispanic),
45,South Carolina,45033,Dillon,2014,2018,White (includes Hispanic),7.7
45,South Carolina,45033,Dillon,2015,2019,Asian/Pacific Islander (includes Hispanic),
45,South Carolina,45033,Dillon,2015,2019,Black (includes Hispanic),10.0
45,South Carolina,45033,Dillon,2015,2019,Hispanic (all races),
45,South Carolina,45033,Dillon,2015,2019,American Indian/Alaskan Native (includes Hispanic),
45,South Carolina,45033,Dillon,2015,2019,White (includes Hispanic),9.1
45,South Carolina,45033,Dillon,2016,2020,Asian/Pacific Islander (includes Hispanic),
45,South Carolina,45033,Dillon,2016,2020,Black (includes Hispanic),8.1
45,South Carolina,45033,Dillon,2016,2020,Hispanic (all races),
45,South Carolina,45033,Dillon,2016,2020,American Indian/Alaskan Native (includes Hispanic),
45,South Carolina,45033,Dillon,2016,2020,White (includes Hispanic),9.6
45,South Carolina,45035,Dorchester,2011,2015,Asian/Pacific Islander (includes Hispanic),
45,South Carolina,45035,Dorchester,2011,2015,Black (includes Hispanic),8.2
45,South Carolina,45035,Dorchester,2011,2015,Hispanic (all races),
45,South Carolina,45035,Dorchester,2011,2015,American Indian/Alaskan Native (includes Hispanic),
45,South Carolina,45035,Dorchester,2011,2015,White (includes Hispanic),6.8
45,South Carolina,45035,Dorchester,2012,2016,Asian/Pacific Islander (includes Hispanic),
45,South Carolina,45035,Dorchester,2012,2016,Black (includes Hispanic),7.9
45,South Carolina,45035,Dorchester,2012,2016,Hispanic (all races),
45,South Carolina,45035,Dorchester,2012,2016,American Indian/Alaskan Native (includes Hispanic),
45,South Carolina,45035,Dorchester,2012,2016,White (includes Hispanic),7.1
45,South Carolina,45035,Dorchester,2013,2017,Asian/Pacific Islander (includes Hispanic),
45,South Carolina,45035,Dorchester,2013,2017,Black (includes Hispanic),8.3
45,South Carolina,45035,Dorchester,2013,2017,Hispanic (all races),
45,South Carolina,45035,Dorchester,2013,2017,American Indian/Alaskan Native (includes Hispanic),
45,South Carolina,45035,Dorchester,2013,2017,White (includes Hispanic),6.9
45,South Carolina,45035,Dorchester,2014,2018,Asian/Pacific Islander (includes Hispanic),
45,South Carolina,45035,Dorchester,2014,2018,Black (includes Hispanic),8.8
45,South Carolina,45035,Dorchester,2014,2018,Hispanic (all races),
45,South Carolina,45035,Dorchester,2014,2018,American Indian/Alaskan Native (includes Hispanic),
45,South Carolina,45035,Dorchester,2014,2018,White (includes Hispanic),7.2
45,South Carolina,45035,Dorchester,2015,2019,Asian/Pacific Islander (includes Hispanic),
45,South Carolina,45035,Dorchester,2015,2019,Black (includes Hispanic),9.3
45,South Carolina,45035,Dorchester,2015,2019,Hispanic (all races),18.4
45,South Carolina,45035,Dorchester,2015,2019,American Indian/Alaskan Native (includes Hispanic),
45,South Carolina,45035,Dorchester,2015,2019,White (includes Hispanic),7.3
45,South Carolina,45035,Dorchester,2016,2020,Asian/Pacific Islander (includes Hispanic),
45,South Carolina,45035,Dorchester,2016,2020,Black (includes Hispanic),9.5
45,South Carolina,45035,Dorchester,2016,2020,Hispanic (all races),
45,South Carolina,45035,Dorchester,2016,2020,American Indian/Alaskan Native (includes Hispanic),
45,South Carolina,45035,Dorchester,2016,2020,White (includes Hispanic),6.5
45,South Carolina,45037,Edgefield,2011,2015,Asian/Pacific Islander (includes Hispanic),
45,South Carolina,45037,Edgefield,2011,2015,Black (includes Hispanic),9.7
45,South Carolina,45037,Edgefield,2011,2015,Hispanic (all races),
45,South Carolina,45037,Edgefield,2011,2015,American Indian/Alaskan Native (includes Hispanic),
45,South Carolina,45037,Edgefield,2011,2015,White (includes Hispanic),8.0
45,South Carolina,45037,Edgefield,2012,2016,Asian/Pacific Islander (includes Hispanic),
45,South Carolina,45037,Edgefield,2012,2016,Black (includes Hispanic),9.5
45,South Carolina,45037,Edgefield,2012,2016,Hispanic (all races),
45,South Carolina,45037,Edgefield,2012,2016,American Indian/Alaskan Native (includes Hispanic),
45,South Carolina,45037,Edgefield,2012,2016,White (includes Hispanic),7.5
45,South Carolina,45037,Edgefield,2013,2017,Asian/Pacific Islander (includes Hispanic),
45,South Carolina,45037,Edgefield,2013,2017,Black (includes Hispanic),8.7
45,South Carolina,45037,Edgefield,2013,2017,Hispanic (all races),
45,South Carolina,45037,Edgefield,2013,2017,American Indian/Alaskan Native (includes Hispanic),
45,South Carolina,45037,Edgefield,2013,2017,White (includes Hispanic),7.3
45,South Carolina,45037,Edgefield,2014,2018,Asian/Pacific Islander (includes Hispanic),
45,South Carolina,45037,Edgefield,2014,2018,Black (includes Hispanic),9.1
45,South Carolina,45037,Edgefield,2014,2018,Hispanic (all races),
45,South Carolina,45037,Edgefield,2014,2018,American Indian/Alaskan Native (includes Hispanic),
45,South Carolina,45037,Edgefield,2014,2018,White (includes Hispanic),7.7
45,South Carolina,45037,Edgefield,2015,2019,Asian/Pacific Islander (includes Hispanic),
45,South Carolina,45037,Edgefield,2015,2019,Black (includes Hispanic),10.1
45,South Carolina,45037,Edgefield,2015,2019,Hispanic (all races),
45,South Carolina,45037,Edgefield,2015,2019,American Indian/Alaskan Native (includes Hispanic),
45,South Carolina,45037,Edgefield,2015,2019,White (includes Hispanic),8.1
45,South Carolina,45037,Edgefield,2016,2020,Asian/Pacific Islander (includes Hispanic),
45,South Carolina,45037,Edgefield,2016,2020,Black (includes Hispanic),9.6
45,South Carolina,45037,Edgefield,2016,2020,Hispanic (all races),
45,South Carolina,45037,Edgefield,2016,2020,American Indian/Alaskan Native (includes Hispanic),
45,South Carolina,45037,Edgefield,2016,2020,White (includes Hispanic),8.3
45,South Carolina,45039,Fairfield,2011,2015,Asian/Pacific Islander (includes Hispanic),
45,South Carolina,45039,Fairfield,2011,2015,Black (includes Hispanic),6.2
45,South Carolina,45039,Fairfield,2011,2015,Hispanic (all races),
45,South Carolina,45039,Fairfield,2011,2015,American Indian/Alaskan Native (includes Hispanic),
45,South Carolina,45039,Fairfield,2011,2015,White (includes Hispanic),7.4
45,South Carolina,45039,Fairfield,2012,2016,Asian/Pacific Islander (includes Hispanic),
45,South Carolina,45039,Fairfield,2012,2016,Black (includes Hispanic),5.9
45,South Carolina,45039,Fairfield,2012,2016,Hispanic (all races),
45,South Carolina,45039,Fairfield,2012,2016,American Indian/Alaskan Native (includes Hispanic),
45,South Carolina,45039,Fairfield,2012,2016,White (includes Hispanic),6.4
45,South Carolina,45039,Fairfield,2013,2017,Asian/Pacific Islander (includes Hispanic),
45,South Carolina,45039,Fairfield,2013,2017,Black (includes Hispanic),5.9
45,South Carolina,45039,Fairfield,2013,2017,Hispanic (all races),
45,South Carolina,45039,Fairfield,2013,2017,American Indian/Alaskan Native (includes Hispanic),
45,South Carolina,45039,Fairfield,2013,2017,White (includes Hispanic),6.4
45,South Carolina,45039,Fairfield,2014,2018,Asian/Pacific Islander (includes Hispanic),
45,South Carolina,45039,Fairfield,2014,2018,Black (includes Hispanic),6.2
45,South Carolina,45039,Fairfield,2014,2018,Hispanic (all races),
45,South Carolina,45039,Fairfield,2014,2018,American Indian/Alaskan Native (includes Hispanic),
45,South Carolina,45039,Fairfield,2014,2018,White (includes Hispanic),6.1
45,South Carolina,45039,Fairfield,2015,2019,Asian/Pacific Islander (includes Hispanic),
45,South Carolina,45039,Fairfield,2015,2019,Black (includes Hispanic),6.8
45,South Carolina,45039,Fairfield,2015,2019,Hispanic (all races),
45,South Carolina,45039,Fairfield,2015,2019,American Indian/Alaskan Native (includes Hispanic),
45,South Carolina,45039,Fairfield,2015,2019,White (includes Hispanic),6.6
45,South Carolina,45039,Fairfield,2016,2020,Asian/Pacific Islander (includes Hispanic),
45,South Carolina,45039,Fairfield,2016,2020,Black (includes Hispanic),6.9
45,South Carolina,45039,Fairfield,2016,2020,Hispanic (all races),
45,South Carolina,45039,Fairfield,2016,2020,American Indian/Alaskan Native (includes Hispanic),
45,South Carolina,45039,Fairfield,2016,2020,White (includes Hispanic),7.3
45,South Carolina,45041,Florence,2011,2015,Asian/Pacific Islander (includes Hispanic),
45,South Carolina,45041,Florence,2011,2015,Black (includes Hispanic),10.6
45,South Carolina,45041,Florence,2011,2015,Hispanic (all races),
45,South Carolina,45041,Florence,2011,2015,American Indian/Alaskan Native (includes Hispanic),
45,South Carolina,45041,Florence,2011,2015,White (includes Hispanic),7.0
45,South Carolina,45041,Florence,2012,2016,Asian/Pacific Islander (includes Hispanic),
45,South Carolina,45041,Florence,2012,2016,Black (includes Hispanic),10.7
45,South Carolina,45041,Florence,2012,2016,Hispanic (all races),
45,South Carolina,45041,Florence,2012,2016,American Indian/Alaskan Native (includes Hispanic),
45,South Carolina,45041,Florence,2012,2016,White (includes Hispanic),8.3
45,South Carolina,45041,Florence,2013,2017,Asian/Pacific Islander (includes Hispanic),
45,South Carolina,45041,Florence,2013,2017,Black (includes Hispanic),10.9
45,South Carolina,45041,Florence,2013,2017,Hispanic (all races),
45,South Carolina,45041,Florence,2013,2017,American Indian/Alaskan Native (includes Hispanic),
45,South Carolina,45041,Florence,2013,2017,White (includes Hispanic),8.0
45,South Carolina,45041,Florence,2014,2018,Asian/Pacific Islander (includes Hispanic),
45,South Carolina,45041,Florence,2014,2018,Black (includes Hispanic),9.6
45,South Carolina,45041,Florence,2014,2018,Hispanic (all races),
45,South Carolina,45041,Florence,2014,2018,American Indian/Alaskan Native (includes Hispanic),
45,South Carolina,45041,Florence,2014,2018,White (includes Hispanic),8.5
45,South Carolina,45041,Florence,2015,2019,Asian/Pacific Islander (includes Hispanic),
45,South Carolina,45041,Florence,2015,2019,Black (includes Hispanic),9.0
45,South Carolina,45041,Florence,2015,2019,Hispanic (all races),
45,South Carolina,45041,Florence,2015,2019,American Indian/Alaskan Native (includes Hispanic),
45,South Carolina,45041,Florence,2015,2019,White (includes Hispanic),8.7
45,South Carolina,45041,Florence,2016,2020,Asian/Pacific Islander (includes Hispanic),
45,South Carolina,45041,Florence,2016,2020,Black (includes Hispanic),7.6
45,South Carolina,45041,Florence,2016,2020,Hispanic (all races),
45,South Carolina,45041,Florence,2016,2020,American Indian/Alaskan Native (includes Hispanic),
45,South Carolina,45041,Florence,2016,2020,White (includes Hispanic),9.4
45,South Carolina,45043,Georgetown,2011,2015,Asian/Pacific Islander (includes Hispanic),
45,South Carolina,45043,Georgetown,2011,2015,Black (includes Hispanic),10.0
45,South Carolina,45043,Georgetown,2011,2015,Hispanic (all races),
45,South Carolina,45043,Georgetown,2011,2015,American Indian/Alaskan Native (includes Hispanic),
45,South Carolina,45043,Georgetown,2011,2015,White (includes Hispanic),7.3
45,South Carolina,45043,Georgetown,2012,2016,Asian/Pacific Islander (includes Hispanic),
45,South Carolina,45043,Georgetown,2012,2016,Black (includes Hispanic),10.4
45,South Carolina,45043,Georgetown,2012,2016,Hispanic (all races),
45,South Carolina,45043,Georgetown,2012,2016,American Indian/Alaskan Native (includes Hispanic),
45,South Carolina,45043,Georgetown,2012,2016,White (includes Hispanic),7.3
45,South Carolina,45043,Georgetown,2013,2017,Asian/Pacific Islander (includes Hispanic),
45,South Carolina,45043,Georgetown,2013,2017,Black (includes Hispanic),10.4
45,South Carolina,45043,Georgetown,2013,2017,Hispanic (all races),
45,South Carolina,45043,Georgetown,2013,2017,American Indian/Alaskan Native (includes Hispanic),
45,South Carolina,45043,Georgetown,2013,2017,White (includes Hispanic),7.4
45,South Carolina,45043,Georgetown,2014,2018,Asian/Pacific Islander (includes Hispanic),
45,South Carolina,45043,Georgetown,2014,2018,Black (includes Hispanic),10.8
45,South Carolina,45043,Georgetown,2014,2018,Hispanic (all races),
45,South Carolina,45043,Georgetown,2014,2018,American Indian/Alaskan Native (includes Hispanic),
45,South Carolina,45043,Georgetown,2014,2018,White (includes Hispanic),6.7
45,South Carolina,45043,Georgetown,2015,2019,Asian/Pacific Islander (includes Hispanic),
45,South Carolina,45043,Georgetown,2015,2019,Black (includes Hispanic),10.7
45,South Carolina,45043,Georgetown,2015,2019,Hispanic (all races),17.4
45,South Carolina,45043,Georgetown,2015,2019,American Indian/Alaskan Native (includes Hispanic),
45,South Carolina,45043,Georgetown,2015,2019,White (includes Hispanic),7.6
45,South Carolina,45043,Georgetown,2016,2020,Asian/Pacific Islander (includes Hispanic),
45,South Carolina,45043,Georgetown,2016,2020,Black (includes Hispanic),10.1
45,South Carolina,45043,Georgetown,2016,2020,Hispanic (all races),16.2
45,South Carolina,45043,Georgetown,2016,2020,American Indian/Alaskan Native (includes Hispanic),
45,South Carolina,45043,Georgetown,2016,2020,White (includes Hispanic),7.5
45,South Carolina,45045,Greenville,2011,2015,Asian/Pacific Islander (includes Hispanic),
45,South Carolina,45045,Greenville,2011,2015,Black (includes Hispanic),10.0
45,South Carolina,45045,Greenville,2011,2015,Hispanic (all races),
45,South Carolina,45045,Greenville,2011,2015,American Indian/Alaskan Native (includes Hispanic),
45,South Carolina,45045,Greenville,2011,2015,White (includes Hispanic),7.0
45,South Carolina,45045,Greenville,2012,2016,Asian/Pacific Islander (includes Hispanic),
45,South Carolina,45045,Greenville,2012,2016,Black (includes Hispanic),9.7
45,South Carolina,45045,Greenville,2012,2016,Hispanic (all races),
45,South Carolina,45045,Greenville,2012,2016,American Indian/Alaskan Native (includes Hispanic),
45,South Carolina,45045,Greenville,2012,2016,White (includes Hispanic),7.1
45,South Carolina,45045,Greenville,2013,2017,Asian/Pacific Islander (includes Hispanic),
45,South Carolina,45045,Greenville,2013,2017,Black (includes Hispanic),9.8
45,South Carolina,45045,Greenville,2013,2017,Hispanic (all races),
45,South Carolina,45045,Greenville,2013,2017,American Indian/Alaskan Native (includes Hispanic),
45,South Carolina,45045,Greenville,2013,2017,White (includes Hispanic),7.6
45,South Carolina,45045,Greenville,2014,2018,Asian/Pacific Islander (includes Hispanic),
45,South Carolina,45045,Greenville,2014,2018,Black (includes Hispanic),9.7
45,South Carolina,45045,Greenville,2014,2018,Hispanic (all races),
45,South Carolina,45045,Greenville,2014,2018,American Indian/Alaskan Native (includes Hispanic),
45,South Carolina,45045,Greenville,2014,2018,White (includes Hispanic),7.9
45,South Carolina,45045,Greenville,2015,2019,Asian/Pacific Islander (includes Hispanic),
45,South Carolina,45045,Greenville,2015,2019,Black (includes Hispanic),8.4
45,South Carolina,45045,Greenville,2015,2019,Hispanic (all races),
45,South Carolina,45045,Greenville,2015,2019,American Indian/Alaskan Native (includes Hispanic),
45,South Carolina,45045,Greenville,2015,2019,White (includes Hispanic),7.8
45,South Carolina,45045,Greenville,2016,2020,Asian/Pacific Islander (includes Hispanic),
45,South Carolina,45045,Greenville,2016,2020,Black (includes Hispanic),7.6
45,South Carolina,45045,Greenville,2016,2020,Hispanic (all races),9.6
45,South Carolina,45045,Greenville,2016,2020,American Indian/Alaskan Native (includes Hispanic),
45,South Carolina,45045,Greenville,2016,2020,White (includes Hispanic),8.0
45,South Carolina,45047,Greenwood,2011,2015,Asian/Pacific Islander (includes Hispanic),
45,South Carolina,45047,Greenwood,2011,2015,Black (includes Hispanic),9.2
45,South Carolina,45047,Greenwood,2011,2015,Hispanic (all races),
45,South Carolina,45047,Greenwood,2011,2015,American Indian/Alaskan Native (includes Hispanic),
45,South Carolina,45047,Greenwood,2011,2015,White (includes Hispanic),4.8
45,South Carolina,45047,Greenwood,2012,2016,Asian/Pacific Islander (includes Hispanic),
45,South Carolina,45047,Greenwood,2012,2016,Black (includes Hispanic),10.4
45,South Carolina,45047,Greenwood,2012,2016,Hispanic (all races),
45,South Carolina,45047,Greenwood,2012,2016,American Indian/Alaskan Native (includes Hispanic),
45,South Carolina,45047,Greenwood,2012,2016,White (includes Hispanic),6.3
45,South Carolina,45047,Greenwood,2013,2017,Asian/Pacific Islander (includes Hispanic),
45,South Carolina,45047,Greenwood,2013,2017,Black (includes Hispanic),
45,South Carolina,45047,Greenwood,2013,2017,Hispanic (all races),
45,South Carolina,45047,Greenwood,2013,2017,American Indian/Alaskan Native (includes Hispanic),
45,South Carolina,45047,Greenwood,2013,2017,White (includes Hispanic),6.4
45,South Carolina,45047,Greenwood,2014,2018,Asian/Pacific Islander (includes Hispanic),
45,South Carolina,45047,Greenwood,2014,2018,Black (includes Hispanic),8.7
45,South Carolina,45047,Greenwood,2014,2018,Hispanic (all races),
45,South Carolina,45047,Greenwood,2014,2018,American Indian/Alaskan Native (includes Hispanic),
45,South Carolina,45047,Greenwood,2014,2018,White (includes Hispanic),8.3
45,South Carolina,45047,Greenwood,2015,2019,Asian/Pacific Islander (includes Hispanic),
45,South Carolina,45047,Greenwood,2015,2019,Black (includes Hispanic),11.7
45,South Carolina,45047,Greenwood,2015,2019,Hispanic (all races),
45,South Carolina,45047,Greenwood,2015,2019,American Indian/Alaskan Native (includes Hispanic),
45,South Carolina,45047,Greenwood,2015,2019,White (includes Hispanic),9.0
45,South Carolina,45047,Greenwood,2016,2020,Asian/Pacific Islander (includes Hispanic),
45,South Carolina,45047,Greenwood,2016,2020,Black (includes Hispanic),9.6
45,South Carolina,45047,Greenwood,2016,2020,Hispanic (all races),
45,South Carolina,45047,Greenwood,2016,2020,American Indian/Alaskan Native (includes Hispanic),
45,South Carolina,45047,Greenwood,2016,2020,White (includes Hispanic),9.9
45,South Carolina,45049,Hampton,2011,2015,Asian/Pacific Islander (includes Hispanic),
45,South Carolina,45049,Hampton,2011,2015,Black (includes Hispanic),8.4
45,South Carolina,45049,Hampton,2011,2015,Hispanic (all races),
45,South Carolina,45049,Hampton,2011,2015,American Indian/Alaskan Native (includes Hispanic),
45,South Carolina,45049,Hampton,2011,2015,White (includes Hispanic),9.6
45,South Carolina,45049,Hampton,2012,2016,Asian/Pacific Islander (includes Hispanic),
45,South Carolina,45049,Hampton,2012,2016,Black (includes Hispanic),10.9
45,South Carolina,45049,Hampton,2012,2016,Hispanic (all races),
45,South Carolina,45049,Hampton,2012,2016,American Indian/Alaskan Native (includes Hispanic),
45,South Carolina,45049,Hampton,2012,2016,White (includes Hispanic),9.1
45,South Carolina,45049,Hampton,2013,2017,Asian/Pacific Islander (includes Hispanic),
45,South Carolina,45049,Hampton,2013,2017,Black (includes Hispanic),11.4
45,South Carolina,45049,Hampton,2013,2017,Hispanic (all races),
45,South Carolina,45049,Hampton,2013,2017,American Indian/Alaskan Native (includes Hispanic),
45,South Carolina,45049,Hampton,2013,2017,White (includes Hispanic),8.3
45,South Carolina,45049,Hampton,2014,2018,Asian/Pacific Islander (includes Hispanic),
45,South Carolina,45049,Hampton,2014,2018,Black (includes Hispanic),10.6
45,South Carolina,45049,Hampton,2014,2018,Hispanic (all races),
45,South Carolina,45049,Hampton,2014,2018,American Indian/Alaskan Native (includes Hispanic),
45,South Carolina,45049,Hampton,2014,2018,White (includes Hispanic),8.8
45,South Carolina,45049,Hampton,2015,2019,Asian/Pacific Islander (includes Hispanic),
45,South Carolina,45049,Hampton,2015,2019,Black (includes Hispanic),9.8
45,South Carolina,45049,Hampton,2015,2019,Hispanic (all races),
45,South Carolina,45049,Hampton,2015,2019,American Indian/Alaskan Native (includes Hispanic),
45,South Carolina,45049,Hampton,2015,2019,White (includes Hispanic),7.1
45,South Carolina,45049,Hampton,2016,2020,Asian/Pacific Islander (includes Hispanic),
45,South Carolina,45049,Hampton,2016,2020,Black (includes Hispanic),10.1
45,South Carolina,45049,Hampton,2016,2020,Hispanic (all races),
45,South Carolina,45049,Hampton,2016,2020,American Indian/Alaskan Native (includes Hispanic),
45,South Carolina,45049,Hampton,2016,2020,White (includes Hispanic),7.3
45,South Carolina,45051,Horry,2011,2015,Asian/Pacific Islander (includes Hispanic),
45,South Carolina,45051,Horry,2011,2015,Black (includes Hispanic),9.8
45,South Carolina,45051,Horry,2011,2015,Hispanic (all races),
45,South Carolina,45051,Horry,2011,2015,American Indian/Alaskan Native (includes Hispanic),
45,South Carolina,45051,Horry,2011,2015,White (includes Hispanic),8.5
45,South Carolina,45051,Horry,2012,2016,Asian/Pacific Islander (includes Hispanic),
45,South Carolina,45051,Horry,2012,2016,Black (includes Hispanic),11.6
45,South Carolina,45051,Horry,2012,2016,Hispanic (all races),
45,South Carolina,45051,Horry,2012,2016,American Indian/Alaskan Native (includes Hispanic),
45,South Carolina,45051,Horry,2012,2016,White (includes Hispanic),8.5
45,South Carolina,45051,Horry,2013,2017,Asian/Pacific Islander (includes Hispanic),
45,South Carolina,45051,Horry,2013,2017,Black (includes Hispanic),12.5
45,South Carolina,45051,Horry,2013,2017,Hispanic (all races),
45,South Carolina,45051,Horry,2013,2017,American Indian/Alaskan Native (includes Hispanic),
45,South Carolina,45051,Horry,2013,2017,White (includes Hispanic),9.2
45,South Carolina,45051,Horry,2014,2018,Asian/Pacific Islander (includes Hispanic),
45,South Carolina,45051,Horry,2014,2018,Black (includes Hispanic),11.7
45,South Carolina,45051,Horry,2014,2018,Hispanic (all races),
45,South Carolina,45051,Horry,2014,2018,American Indian/Alaskan Native (includes Hispanic),
45,South Carolina,45051,Horry,2014,2018,White (includes Hispanic),8.2
45,South Carolina,45051,Horry,2015,2019,Asian/Pacific Islander (includes Hispanic),
45,South Carolina,45051,Horry,2015,2019,Black (includes Hispanic),11.3
45,South Carolina,45051,Horry,2015,2019,Hispanic (all races),
45,South Carolina,45051,Horry,2015,2019,American Indian/Alaskan Native (includes Hispanic),
45,South Carolina,45051,Horry,2015,2019,White (includes Hispanic),9.0
45,South Carolina,45051,Horry,2016,2020,Asian/Pacific Islander (includes Hispanic),
45,South Carolina,45051,Horry,2016,2020,Black (includes Hispanic),9.8
45,South Carolina,45051,Horry,2016,2020,Hispanic (all races),
45,South Carolina,45051,Horry,2016,2020,American Indian/Alaskan Native (includes Hispanic),
45,South Carolina,45051,Horry,2016,2020,White (includes Hispanic),9.8
45,South Carolina,45053,Jasper,2011,2015,Asian/Pacific Islander (includes Hispanic),
45,South Carolina,45053,Jasper,2011,2015,Black (includes Hispanic),9.5
45,South Carolina,45053,Jasper,2011,2015,Hispanic (all races),
45,South Carolina,45053,Jasper,2011,2015,American Indian/Alaskan Native (includes Hispanic),
45,South Carolina,45053,Jasper,2011,2015,White (includes Hispanic),7.9
45,South Carolina,45053,Jasper,2012,2016,Asian/Pacific Islander (includes Hispanic),
45,South Carolina,45053,Jasper,2012,2016,Black (includes Hispanic),10.4
45,South Carolina,45053,Jasper,2012,2016,Hispanic (all races),
45,South Carolina,45053,Jasper,2012,2016,American Indian/Alaskan Native (includes Hispanic),
45,South Carolina,45053,Jasper,2012,2016,White (includes Hispanic),8.4
45,South Carolina,45053,Jasper,2013,2017,Asian/Pacific Islander (includes Hispanic),
45,South Carolina,45053,Jasper,2013,2017,Black (includes Hispanic),9.6
45,South Carolina,45053,Jasper,2013,2017,Hispanic (all races),
45,South Carolina,45053,Jasper,2013,2017,American Indian/Alaskan Native (includes Hispanic),
45,South Carolina,45053,Jasper,2013,2017,White (includes Hispanic),7.9
45,South Carolina,45053,Jasper,2014,2018,Asian/Pacific Islander (includes Hispanic),
45,South Carolina,45053,Jasper,2014,2018,Black (includes Hispanic),9.1
45,South Carolina,45053,Jasper,2014,2018,Hispanic (all races),
45,South Carolina,45053,Jasper,2014,2018,American Indian/Alaskan Native (includes Hispanic),
45,South Carolina,45053,Jasper,2014,2018,White (includes Hispanic),8.3
45,South Carolina,45053,Jasper,2015,2019,Asian/Pacific Islander (includes Hispanic),
45,South Carolina,45053,Jasper,2015,2019,Black (includes Hispanic),7.8
45,South Carolina,45053,Jasper,2015,2019,Hispanic (all races),
45,South Carolina,45053,Jasper,2015,2019,American Indian/Alaskan Native (includes Hispanic),
45,South Carolina,45053,Jasper,2015,2019,White (includes Hispanic),7.0
45,South Carolina,45053,Jasper,2016,2020,Asian/Pacific Islander (includes Hispanic),
45,South Carolina,45053,Jasper,2016,2020,Black (includes Hispanic),6.4
45,South Carolina,45053,Jasper,2016,2020,Hispanic (all races),
45,South Carolina,45053,Jasper,2016,2020,American Indian/Alaskan Native (includes Hispanic),
45,South Carolina,45053,Jasper,2016,2020,White (includes Hispanic),7.8
45,South Carolina,45055,Kershaw,2011,2015,Asian/Pacific Islander (includes Hispanic),
45,South Carolina,45055,Kershaw,2011,2015,Black (includes Hispanic),7.1
45,South Carolina,45055,Kershaw,2011,2015,Hispanic (all races),
45,South Carolina,45055,Kershaw,2011,2015,American Indian/Alaskan Native (includes Hispanic),
45,South Carolina,45055,Kershaw,2011,2015,White (includes Hispanic),8.1
45,South Carolina,45055,Kershaw,2012,2016,Asian/Pacific Islander (includes Hispanic),
45,South Carolina,45055,Kershaw,2012,2016,Black (includes Hispanic),6.6
45,South Carolina,45055,Kershaw,2012,2016,Hispanic (all races),
45,South Carolina,45055,Kershaw,2012,2016,American Indian/Alaskan Native (includes Hispanic),
45,South Carolina,45055,Kershaw,2012,2016,White (includes Hispanic),7.7
45,South Carolina,45055,Kershaw,2013,2017,Asian/Pacific Islander (includes Hispanic),
45,South Carolina,45055,Kershaw,2013,2017,Black (includes Hispanic),6.7
45,South Carolina,45055,Kershaw,2013,2017,Hispanic (all races),
45,South Carolina,45055,Kershaw,2013,2017,American Indian/Alaskan Native (includes Hispanic),
45,South Carolina,45055,Kershaw,2013,2017,White (includes Hispanic),7.7
45,South Carolina,45055,Kershaw,2014,2018,Asian/Pacific Islander (includes Hispanic),
45,South Carolina,45055,Kershaw,2014,2018,Black (includes Hispanic),6.7
45,South Carolina,45055,Kershaw,2014,2018,Hispanic (all races),
45,South Carolina,45055,Kershaw,2014,2018,American Indian/Alaskan Native (includes Hispanic),
45,South Carolina,45055,Kershaw,2014,2018,White (includes Hispanic),7.3
45,South Carolina,45055,Kershaw,2015,2019,Asian/Pacific Islander (includes Hispanic),
45,South Carolina,45055,Kershaw,2015,2019,Black (includes Hispanic),6.6
45,South Carolina,45055,Kershaw,2015,2019,Hispanic (all races),
45,South Carolina,45055,Kershaw,2015,2019,American Indian/Alaskan Native (includes Hispanic),
45,South Carolina,45055,Kershaw,2015,2019,White (includes Hispanic),7.8
45,South Carolina,45055,Kershaw,2016,2020,Asian/Pacific Islander (includes Hispanic),
45,South Carolina,45055,Kershaw,2016,2020,Black (includes Hispanic),6.5
45,South Carolina,45055,Kershaw,2016,2020,Hispanic (all races),
45,South Carolina,45055,Kershaw,2016,2020,American Indian/Alaskan Native (includes Hispanic),
45,South Carolina,45055,Kershaw,2016,2020,White (includes Hispanic),8.4
45,South Carolina,45057,Lancaster,2011,2015,Asian/Pacific Islander (includes Hispanic),
45,South Carolina,45057,Lancaster,2011,2015,Black (includes Hispanic),7.4
45,South Carolina,45057,Lancaster,2011,2015,Hispanic (all races),12.5
45,South Carolina,45057,Lancaster,2011,2015,American Indian/Alaskan Native (includes Hispanic),
45,South Carolina,45057,Lancaster,2011,2015,White (includes Hispanic),6.2
45,South Carolina,45057,Lancaster,2012,2016,Asian/Pacific Islander (includes Hispanic),
45,South Carolina,45057,Lancaster,2012,2016,Black (includes Hispanic),7.1
45,South Carolina,45057,Lancaster,2012,2016,Hispanic (all races),9.4
45,South Carolina,45057,Lancaster,2012,2016,American Indian/Alaskan Native (includes Hispanic),
45,South Carolina,45057,Lancaster,2012,2016,White (includes Hispanic),5.9
45,South Carolina,45057,Lancaster,2013,2017,Asian/Pacific Islander (includes Hispanic),
45,South Carolina,45057,Lancaster,2013,2017,Black (includes Hispanic),7.2
45,South Carolina,45057,Lancaster,2013,2017,Hispanic (all races),9.6
45,South Carolina,45057,Lancaster,2013,2017,American Indian/Alaskan Native (includes Hispanic),
45,South Carolina,45057,Lancaster,2013,2017,White (includes Hispanic),6.4
45,South Carolina,45057,Lancaster,2014,2018,Asian/Pacific Islander (includes Hispanic),
45,South Carolina,45057,Lancaster,2014,2018,Black (includes Hispanic),7.4
45,South Carolina,45057,Lancaster,2014,2018,Hispanic (all races),10.4
45,South Carolina,45057,Lancaster,2014,2018,American Indian/Alaskan Native (includes Hispanic),
45,South Carolina,45057,Lancaster,2014,2018,White (includes Hispanic),6.6
45,South Carolina,45057,Lancaster,2015,2019,Asian/Pacific Islander (includes Hispanic),
45,South Carolina,45057,Lancaster,2015,2019,Black (includes Hispanic),7.3
45,South Carolina,45057,Lancaster,2015,2019,Hispanic (all races),10.9
45,South Carolina,45057,Lancaster,2015,2019,American Indian/Alaskan Native (includes Hispanic),
45,South Carolina,45057,Lancaster,2015,2019,White (includes Hispanic),6.7
45,South Carolina,45057,Lancaster,2016,2020,Asian/Pacific Islander (includes Hispanic),
45,South Carolina,45057,Lancaster,2016,2020,Black (includes Hispanic),7.2
45,South Carolina,45057,Lancaster,2016,2020,Hispanic (all races),10.9
45,South Carolina,45057,Lancaster,2016,2020,American Indian/Alaskan Native (includes Hispanic),
45,South Carolina,45057,Lancaster,2016,2020,White (includes Hispanic),6.7
45,South Carolina,45059,Laurens,2011,2015,Asian/Pacific Islander (includes Hispanic),
45,South Carolina,45059,Laurens,2011,2015,Black (includes Hispanic),9.4
45,South Carolina,45059,Laurens,2011,2015,Hispanic (all races),
45,South Carolina,45059,Laurens,2011,2015,American Indian/Alaskan Native (includes Hispanic),
45,South Carolina,45059,Laurens,2011,2015,White (includes Hispanic),6.8
45,South Carolina,45059,Laurens,2012,2016,Asian/Pacific Islander (includes Hispanic),
45,South Carolina,45059,Laurens,2012,2016,Black (includes Hispanic),9.4
45,South Carolina,45059,Laurens,2012,2016,Hispanic (all races),
45,South Carolina,45059,Laurens,2012,2016,American Indian/Alaskan Native (includes Hispanic),
45,South Carolina,45059,Laurens,2012,2016,White (includes Hispanic),6.8
45,South Carolina,45059,Laurens,2013,2017,Asian/Pacific Islander (includes Hispanic),
45,South Carolina,45059,Laurens,2013,2017,Black (includes Hispanic),9.3
45,South Carolina,45059,Laurens,2013,2017,Hispanic (all races),
45,South Carolina,45059,Laurens,2013,2017,American Indian/Alaskan Native (includes Hispanic),
45,South Carolina,45059,Laurens,2013,2017,White (includes Hispanic),7.2
45,South Carolina,45059,Laurens,2014,2018,Asian/Pacific Islander (includes Hispanic),
45,South Carolina,45059,Laurens,2014,2018,Black (includes Hispanic),9.4
45,South Carolina,45059,Laurens,2014,2018,Hispanic (all races),
45,South Carolina,45059,Laurens,2014,2018,American Indian/Alaskan Native (includes Hispanic),
45,South Carolina,45059,Laurens,2014,2018,White (includes Hispanic),7.7
45,South Carolina,45059,Laurens,2015,2019,Asian/Pacific Islander (includes Hispanic),
45,South Carolina,45059,Laurens,2015,2019,Black (includes Hispanic),8.8
45,South Carolina,45059,Laurens,2015,2019,Hispanic (all races),
45,South Carolina,45059,Laurens,2015,2019,American Indian/Alaskan Native (includes Hispanic),
45,South Carolina,45059,Laurens,2015,2019,White (includes Hispanic),7.9
45,South Carolina,45059,Laurens,2016,2020,Asian/Pacific Islander (includes Hispanic),
45,South Carolina,45059,Laurens,2016,2020,Black (includes Hispanic),8.0
45,South Carolina,45059,Laurens,2016,2020,Hispanic (all races),11.1
45,South Carolina,45059,Laurens,2016,2020,American Indian/Alaskan Native (includes Hispanic),
45,South Carolina,45059,Laurens,2016,2020,White (includes Hispanic),8.3
45,South Carolina,45061,Lee,2011,2015,Asian/Pacific Islander (includes Hispanic),
45,South Carolina,45061,Lee,2011,2015,Black (includes Hispanic),10.2
45,South Carolina,45061,Lee,2011,2015,Hispanic (all races),
45,South Carolina,45061,Lee,2011,2015,American Indian/Alaskan Native (includes Hispanic),
45,South Carolina,45061,Lee,2011,2015,White (includes Hispanic),7.3
45,South Carolina,45061,Lee,2012,2016,Asian/Pacific Islander (includes Hispanic),
45,South Carolina,45061,Lee,2012,2016,Black (includes Hispanic),10.2
45,South Carolina,45061,Lee,2012,2016,Hispanic (all races),
45,South Carolina,45061,Lee,2012,2016,American Indian/Alaskan Native (includes Hispanic),
45,South Carolina,45061,Lee,2012,2016,White (includes Hispanic),7.6
45,South Carolina,45061,Lee,2013,2017,Asian/Pacific Islander (includes Hispanic),
45,South Carolina,45061,Lee,2013,2017,Black (includes Hispanic),9.7
45,South Carolina,45061,Lee,2013,2017,Hispanic (all races),
45,South Carolina,45061,Lee,2013,2017,American Indian/Alaskan Native (includes Hispanic),
45,South Carolina,45061,Lee,2013,2017,White (includes Hispanic),7.4
45,South Carolina,45061,Lee,2014,2018,Asian/Pacific Islander (includes Hispanic),
45,South Carolina,45061,Lee,2014,2018,Black (includes Hispanic),8.1
45,South Carolina,45061,Lee,2014,2018,Hispanic (all races),
45,South Carolina,45061,Lee,2014,2018,American Indian/Alaskan Native (includes Hispanic),
45,South Carolina,45061,Lee,2014,2018,White (includes Hispanic),8.5
45,South Carolina,45061,Lee,2015,2019,Asian/Pacific Islander (includes Hispanic),
45,South Carolina,45061,Lee,2015,2019,Black (includes Hispanic),6.6
45,South Carolina,45061,Lee,2015,2019,Hispanic (all races),
45,South Carolina,45061,Lee,2015,2019,American Indian/Alaskan Native (includes Hispanic),
45,South Carolina,45061,Lee,2015,2019,White (includes Hispanic),9.0
45,South Carolina,45061,Lee,2016,2020,Asian/Pacific Islander (includes Hispanic),
45,South Carolina,45061,Lee,2016,2020,Black (includes Hispanic),5.4
45,South Carolina,45061,Lee,2016,2020,Hispanic (all races),
45,South Carolina,45061,Lee,2016,2020,American Indian/Alaskan Native (includes Hispanic),
45,South Carolina,45061,Lee,2016,2020,White (includes Hispanic),9.7
45,South Carolina,45063,Lexington,2011,2015,Asian/Pacific Islander (includes Hispanic),
45,South Carolina,45063,Lexington,2011,2015,Black (includes Hispanic),7.9
45,South Carolina,45063,Lexington,2011,2015,Hispanic (all races),
45,South Carolina,45063,Lexington,2011,2015,American Indian/Alaskan Native (includes Hispanic),
45,South Carolina,45063,Lexington,2011,2015,White (includes Hispanic),7.0
45,South Carolina,45063,Lexington,2012,2016,Asian/Pacific Islander (includes Hispanic),
45,South Carolina,45063,Lexington,2012,2016,Black (includes Hispanic),7.4
45,South Carolina,45063,Lexington,2012,2016,Hispanic (all races),
45,South Carolina,45063,Lexington,2012,2016,American Indian/Alaskan Native (includes Hispanic),
45,South Carolina,45063,Lexington,2012,2016,White (includes Hispanic),6.6
45,South Carolina,45063,Lexington,2013,2017,Asian/Pacific Islander (includes Hispanic),
45,South Carolina,45063,Lexington,2013,2017,Black (includes Hispanic),7.6
45,South Carolina,45063,Lexington,2013,2017,Hispanic (all races),
45,South Carolina,45063,Lexington,2013,2017,American Indian/Alaskan Native (includes Hispanic),
45,South Carolina,45063,Lexington,2013,2017,White (includes Hispanic),6.6
45,South Carolina,45063,Lexington,2014,2018,Asian/Pacific Islander (includes Hispanic),
45,South Carolina,45063,Lexington,2014,2018,Black (includes Hispanic),7.7
45,South Carolina,45063,Lexington,2014,2018,Hispanic (all races),
45,South Carolina,45063,Lexington,2014,2018,American Indian/Alaskan Native (includes Hispanic),
45,South Carolina,45063,Lexington,2014,2018,White (includes Hispanic),6.8
45,South Carolina,45063,Lexington,2015,2019,Asian/Pacific Islander (includes Hispanic),
45,South Carolina,45063,Lexington,2015,2019,Black (includes Hispanic),7.9
45,South Carolina,45063,Lexington,2015,2019,Hispanic (all races),
45,South Carolina,45063,Lexington,2015,2019,American Indian/Alaskan Native (includes Hispanic),
45,South Carolina,45063,Lexington,2015,2019,White (includes Hispanic),7.0
45,South Carolina,45063,Lexington,2016,2020,Asian/Pacific Islander (includes Hispanic),
45,South Carolina,45063,Lexington,2016,2020,Black (includes Hispanic),6.6
45,South Carolina,45063,Lexington,2016,2020,Hispanic (all races),
45,South Carolina,45063,Lexington,2016,2020,American Indian/Alaskan Native (includes Hispanic),
45,South Carolina,45063,Lexington,2016,2020,White (includes Hispanic),7.1
45,South Carolina,45067,Marion,2011,2015,Asian/Pacific Islander (includes Hispanic),
45,South Carolina,45067,Marion,2011,2015,Black (includes Hispanic),11.7
45,South Carolina,45067,Marion,2011,2015,Hispanic (all races),
45,South Carolina,45067,Marion,2011,2015,American Indian/Alaskan Native (includes Hispanic),
45,South Carolina,45067,Marion,2011,2015,White (includes Hispanic),8.0
45,South Carolina,45067,Marion,2012,2016,Asian/Pacific Islander (includes Hispanic),
45,South Carolina,45067,Marion,2012,2016,Black (includes Hispanic),12.8
45,South Carolina,45067,Marion,2012,2016,Hispanic (all races),
45,South Carolina,45067,Marion,2012,2016,American Indian/Alaskan Native (includes Hispanic),
45,South Carolina,45067,Marion,2012,2016,White (includes Hispanic),7.7
45,South Carolina,45067,Marion,2013,2017,Asian/Pacific Islander (includes Hispanic),
45,South Carolina,45067,Marion,2013,2017,Black (includes Hispanic),12.7
45,South Carolina,45067,Marion,2013,2017,Hispanic (all races),
45,South Carolina,45067,Marion,2013,2017,American Indian/Alaskan Native (includes Hispanic),
45,South Carolina,45067,Marion,2013,2017,White (includes Hispanic),7.8
45,South Carolina,45067,Marion,2014,2018,Asian/Pacific Islander (includes Hispanic),
45,South Carolina,45067,Marion,2014,2018,Black (includes Hispanic),11.7
45,South Carolina,45067,Marion,2014,2018,Hispanic (all races),
45,South Carolina,45067,Marion,2014,2018,American Indian/Alaskan Native (includes Hispanic),
45,South Carolina,45067,Marion,2014,2018,White (includes Hispanic),7.2
45,South Carolina,45067,Marion,2015,2019,Asian/Pacific Islander (includes Hispanic),
45,South Carolina,45067,Marion,2015,2019,Black (includes Hispanic),11.0
45,South Carolina,45067,Marion,2015,2019,Hispanic (all races),
45,South Carolina,45067,Marion,2015,2019,American Indian/Alaskan Native (includes Hispanic),
45,South Carolina,45067,Marion,2015,2019,White (includes Hispanic),8.4
45,South Carolina,45067,Marion,2016,2020,Asian/Pacific Islander (includes Hispanic),
45,South Carolina,45067,Marion,2016,2020,Black (includes Hispanic),8.9
45,South Carolina,45067,Marion,2016,2020,Hispanic (all races),
45,South Carolina,45067,Marion,2016,2020,American Indian/Alaskan Native (includes Hispanic),
45,South Carolina,45067,Marion,2016,2020,White (includes Hispanic),9.0
45,South Carolina,45069,Marlboro,2011,2015,Asian/Pacific Islander (includes Hispanic),
45,South Carolina,45069,Marlboro,2011,2015,Black (includes Hispanic),9.6
45,South Carolina,45069,Marlboro,2011,2015,Hispanic (all races),
45,South Carolina,45069,Marlboro,2011,2015,American Indian/Alaskan Native (includes Hispanic),
45,South Carolina,45069,Marlboro,2011,2015,White (includes Hispanic),7.5
45,South Carolina,45069,Marlboro,2012,2016,Asian/Pacific Islander (includes Hispanic),
45,South Carolina,45069,Marlboro,2012,2016,Black (includes Hispanic),10.6
45,South Carolina,45069,Marlboro,2012,2016,Hispanic (all races),
45,South Carolina,45069,Marlboro,2012,2016,American Indian/Alaskan Native (includes Hispanic),
45,South Carolina,45069,Marlboro,2012,2016,White (includes Hispanic),8.0
45,South Carolina,45069,Marlboro,2013,2017,Asian/Pacific Islander (includes Hispanic),
45,South Carolina,45069,Marlboro,2013,2017,Black (includes Hispanic),10.6
45,South Carolina,45069,Marlboro,2013,2017,Hispanic (all races),
45,South Carolina,45069,Marlboro,2013,2017,American Indian/Alaskan Native (includes Hispanic),
45,South Carolina,45069,Marlboro,2013,2017,White (includes Hispanic),8.6
45,South Carolina,45069,Marlboro,2014,2018,Asian/Pacific Islander (includes Hispanic),
45,South Carolina,45069,Marlboro,2014,2018,Black (includes Hispanic),8.7
45,South Carolina,45069,Marlboro,2014,2018,Hispanic (all races),
45,South Carolina,45069,Marlboro,2014,2018,American Indian/Alaskan Native (includes Hispanic),
45,South Carolina,45069,Marlboro,2014,2018,White (includes Hispanic),7.9
45,South Carolina,45069,Marlboro,2015,2019,Asian/Pacific Islander (includes Hispanic),
45,South Carolina,45069,Marlboro,2015,2019,Black (includes Hispanic),8.7
45,South Carolina,45069,Marlboro,2015,2019,Hispanic (all races),
45,South Carolina,45069,Marlboro,2015,2019,American Indian/Alaskan Native (includes Hispanic),
45,South Carolina,45069,Marlboro,2015,2019,White (includes Hispanic),8.8
45,South Carolina,45069,Marlboro,2016,2020,Asian/Pacific Islander (includes Hispanic),
45,South Carolina,45069,Marlboro,2016,2020,Black (includes Hispanic),7.6
45,South Carolina,45069,Marlboro,2016,2020,Hispanic (all races),
45,South Carolina,45069,Marlboro,2016,2020,American Indian/Alaskan Native (includes Hispanic),11.0
45,South Carolina,45069,Marlboro,2016,2020,White (includes Hispanic),9.6
45,South Carolina,45065,McCormick,2011,2015,Asian/Pacific Islander (includes Hispanic),
45,South Carolina,45065,McCormick,2011,2015,Black (includes Hispanic),
45,South Carolina,45065,McCormick,2011,2015,Hispanic (all races),
45,South Carolina,45065,McCormick,2011,2015,American Indian/Alaskan Native (includes Hispanic),
45,South Carolina,45065,McCormick,2011,2015,White (includes Hispanic),7.0
45,South Carolina,45065,McCormick,2012,2016,Asian/Pacific Islander (includes Hispanic),
45,South Carolina,45065,McCormick,2012,2016,Black (includes Hispanic),
45,South Carolina,45065,McCormick,2012,2016,Hispanic (all races),
45,South Carolina,45065,McCormick,2012,2016,American Indian/Alaskan Native (includes Hispanic),
45,South Carolina,45065,McCormick,2012,2016,White (includes Hispanic),7.7
45,South Carolina,45065,McCormick,2013,2017,Asian/Pacific Islander (includes Hispanic),
45,South Carolina,45065,McCormick,2013,2017,Black (includes Hispanic),
45,South Carolina,45065,McCormick,2013,2017,Hispanic (all races),
45,South Carolina,45065,McCormick,2013,2017,American Indian/Alaskan Native (includes Hispanic),
45,South Carolina,45065,McCormick,2013,2017,White (includes Hispanic),7.8
45,South Carolina,45065,McCormick,2014,2018,Asian/Pacific Islander (includes Hispanic),
45,South Carolina,45065,McCormick,2014,2018,Black (includes Hispanic),8.7
45,South Carolina,45065,McCormick,2014,2018,Hispanic (all races),
45,South Carolina,45065,McCormick,2014,2018,American Indian/Alaskan Native (includes Hispanic),
45,South Carolina,45065,McCormick,2014,2018,White (includes Hispanic),7.9
45,South Carolina,45065,McCormick,2015,2019,Asian/Pacific Islander (includes Hispanic),
45,South Carolina,45065,McCormick,2015,2019,Black (includes Hispanic),11.1
45,South Carolina,45065,McCormick,2015,2019,Hispanic (all races),
45,South Carolina,45065,McCormick,2015,2019,American Indian/Alaskan Native (includes Hispanic),
45,South Carolina,45065,McCormick,2015,2019,White (includes Hispanic),6.7
45,South Carolina,45065,McCormick,2016,2020,Asian/Pacific Islander (includes Hispanic),
45,South Carolina,45065,McCormick,2016,2020,Black (includes Hispanic),10.1
45,South Carolina,45065,McCormick,2016,2020,Hispanic (all races),
45,South Carolina,45065,McCormick,2016,2020,American Indian/Alaskan Native (includes Hispanic),
45,South Carolina,45065,McCormick,2016,2020,White (includes Hispanic),7.5
45,South Carolina,45071,Newberry,2011,2015,Asian/Pacific Islander (includes Hispanic),
45,South Carolina,45071,Newberry,2011,2015,Black (includes Hispanic),6.9
45,South Carolina,45071,Newberry,2011,2015,Hispanic (all races),
45,South Carolina,45071,Newberry,2011,2015,American Indian/Alaskan Native (includes Hispanic),
45,South Carolina,45071,Newberry,2011,2015,White (includes Hispanic),6.5
45,South Carolina,45071,Newberry,2012,2016,Asian/Pacific Islander (includes Hispanic),
45,South Carolina,45071,Newberry,2012,2016,Black (includes Hispanic),7.1
45,South Carolina,45071,Newberry,2012,2016,Hispanic (all races),
45,South Carolina,45071,Newberry,2012,2016,American Indian/Alaskan Native (includes Hispanic),
45,South Carolina,45071,Newberry,2012,2016,White (includes Hispanic),6.1
45,South Carolina,45071,Newberry,2013,2017,Asian/Pacific Islander (includes Hispanic),
45,South Carolina,45071,Newberry,2013,2017,Black (includes Hispanic),7.1
45,South Carolina,45071,Newberry,2013,2017,Hispanic (all races),
45,South Carolina,45071,Newberry,2013,2017,American Indian/Alaskan Native (includes Hispanic),
45,South Carolina,45071,Newberry,2013,2017,White (includes Hispanic),6.3
45,South Carolina,45071,Newberry,2014,2018,Asian/Pacific Islander (includes Hispanic),
45,South Carolina,45071,Newberry,2014,2018,Black (includes Hispanic),7.1
45,South Carolina,45071,Newberry,2014,2018,Hispanic (all races),
45,South Carolina,45071,Newberry,2014,2018,American Indian/Alaskan Native (includes Hispanic),
45,South Carolina,45071,Newberry,2014,2018,White (includes Hispanic),6.6
45,South Carolina,45071,Newberry,2015,2019,Asian/Pacific Islander (includes Hispanic),
45,South Carolina,45071,Newberry,2015,2019,Black (includes Hispanic),8.1
45,South Carolina,45071,Newberry,2015,2019,Hispanic (all races),
45,South Carolina,45071,Newberry,2015,2019,American Indian/Alaskan Native (includes Hispanic),
45,South Carolina,45071,Newberry,2015,2019,White (includes Hispanic),7.1
45,South Carolina,45071,Newberry,2016,2020,Asian/Pacific Islander (includes Hispanic),
45,South Carolina,45071,Newberry,2016,2020,Black (includes Hispanic),7.1
45,South Carolina,45071,Newberry,2016,2020,Hispanic (all races),
45,South Carolina,45071,Newberry,2016,2020,American Indian/Alaskan Native (includes Hispanic),
45,South Carolina,45071,Newberry,2016,2020,White (includes Hispanic),7.3
45,South Carolina,45073,Oconee,2011,2015,Asian/Pacific Islander (includes Hispanic),
45,South Carolina,45073,Oconee,2011,2015,Black (includes Hispanic),
45,South Carolina,45073,Oconee,2011,2015,Hispanic (all races),
45,South Carolina,45073,Oconee,2011,2015,American Indian/Alaskan Native (includes Hispanic),
45,South Carolina,45073,Oconee,2011,2015,White (includes Hispanic),7.1
45,South Carolina,45073,Oconee,2012,2016,Asian/Pacific Islander (includes Hispanic),
45,South Carolina,45073,Oconee,2012,2016,Black (includes Hispanic),
45,South Carolina,45073,Oconee,2012,2016,Hispanic (all races),
45,South Carolina,45073,Oconee,2012,2016,American Indian/Alaskan Native (includes Hispanic),
45,South Carolina,45073,Oconee,2012,2016,White (includes Hispanic),7.8
45,South Carolina,45073,Oconee,2013,2017,Asian/Pacific Islander (includes Hispanic),
45,South Carolina,45073,Oconee,2013,2017,Black (includes Hispanic),
45,South Carolina,45073,Oconee,2013,2017,Hispanic (all races),
45,South Carolina,45073,Oconee,2013,2017,American Indian/Alaskan Native (includes Hispanic),
45,South Carolina,45073,Oconee,2013,2017,White (includes Hispanic),8.4
45,South Carolina,45073,Oconee,2014,2018,Asian/Pacific Islander (includes Hispanic),
45,South Carolina,45073,Oconee,2014,2018,Black (includes Hispanic),
45,South Carolina,45073,Oconee,2014,2018,Hispanic (all races),
45,South Carolina,45073,Oconee,2014,2018,American Indian/Alaskan Native (includes Hispanic),
45,South Carolina,45073,Oconee,2014,2018,White (includes Hispanic),8.9
45,South Carolina,45073,Oconee,2015,2019,Asian/Pacific Islander (includes Hispanic),
45,South Carolina,45073,Oconee,2015,2019,Black (includes Hispanic),
45,South Carolina,45073,Oconee,2015,2019,Hispanic (all races),
45,South Carolina,45073,Oconee,2015,2019,American Indian/Alaskan Native (includes Hispanic),
45,South Carolina,45073,Oconee,2015,2019,White (includes Hispanic),9.5
45,South Carolina,45073,Oconee,2016,2020,Asian/Pacific Islander (includes Hispanic),
45,South Carolina,45073,Oconee,2016,2020,Black (includes Hispanic),
45,South Carolina,45073,Oconee,2016,2020,Hispanic (all races),
45,South Carolina,45073,Oconee,2016,2020,American Indian/Alaskan Native (includes Hispanic),
45,South Carolina,45073,Oconee,2016,2020,White (includes Hispanic),9.7
45,South Carolina,45075,Orangeburg,2011,2015,Asian/Pacific Islander (includes Hispanic),
45,South Carolina,45075,Orangeburg,2011,2015,Black (includes Hispanic),9.5
45,South Carolina,45075,Orangeburg,2011,2015,Hispanic (all races),
45,South Carolina,45075,Orangeburg,2011,2015,American Indian/Alaskan Native (includes Hispanic),
45,South Carolina,45075,Orangeburg,2011,2015,White (includes Hispanic),7.4
45,South Carolina,45075,Orangeburg,2012,2016,Asian/Pacific Islander (includes Hispanic),
45,South Carolina,45075,Orangeburg,2012,2016,Black (includes Hispanic),9.4
45,South Carolina,45075,Orangeburg,2012,2016,Hispanic (all races),
45,South Carolina,45075,Orangeburg,2012,2016,American Indian/Alaskan Native (includes Hispanic),
45,South Carolina,45075,Orangeburg,2012,2016,White (includes Hispanic),7.5
45,South Carolina,45075,Orangeburg,2013,2017,Asian/Pacific Islander (includes Hispanic),
45,South Carolina,45075,Orangeburg,2013,2017,Black (includes Hispanic),9.0
45,South Carolina,45075,Orangeburg,2013,2017,Hispanic (all races),
45,South Carolina,45075,Orangeburg,2013,2017,American Indian/Alaskan Native (includes Hispanic),
45,South Carolina,45075,Orangeburg,2013,2017,White (includes Hispanic),7.7
45,South Carolina,45075,Orangeburg,2014,2018,Asian/Pacific Islander (includes Hispanic),
45,South Carolina,45075,Orangeburg,2014,2018,Black (includes Hispanic),9.2
45,South Carolina,45075,Orangeburg,2014,2018,Hispanic (all races),16.2
45,South Carolina,45075,Orangeburg,2014,2018,American Indian/Alaskan Native (includes Hispanic),
45,South Carolina,45075,Orangeburg,2014,2018,White (includes Hispanic),8.1
45,South Carolina,45075,Orangeburg,2015,2019,Asian/Pacific Islander (includes Hispanic),
45,South Carolina,45075,Orangeburg,2015,2019,Black (includes Hispanic),9.2
45,South Carolina,45075,Orangeburg,2015,2019,Hispanic (all races),18.1
45,South Carolina,45075,Orangeburg,2015,2019,American Indian/Alaskan Native (includes Hispanic),
45,South Carolina,45075,Orangeburg,2015,2019,White (includes Hispanic),8.0
45,South Carolina,45075,Orangeburg,2016,2020,Asian/Pacific Islander (includes Hispanic),
45,South Carolina,45075,Orangeburg,2016,2020,Black (includes Hispanic),8.2
45,South Carolina,45075,Orangeburg,2016,2020,Hispanic (all races),18.9
45,South Carolina,45075,Orangeburg,2016,2020,American Indian/Alaskan Native (includes Hispanic),
45,South Carolina,45075,Orangeburg,2016,2020,White (includes Hispanic),7.6
45,South Carolina,45077,Pickens,2011,2015,Asian/Pacific Islander (includes Hispanic),
45,South Carolina,45077,Pickens,2011,2015,Black (includes Hispanic),9.3
45,South Carolina,45077,Pickens,2011,2015,Hispanic (all races),
45,South Carolina,45077,Pickens,2011,2015,American Indian/Alaskan Native (includes Hispanic),
45,South Carolina,45077,Pickens,2011,2015,White (includes Hispanic),6.0
45,South Carolina,45077,Pickens,2012,2016,Asian/Pacific Islander (includes Hispanic),
45,South Carolina,45077,Pickens,2012,2016,Black (includes Hispanic),9.1
45,South Carolina,45077,Pickens,2012,2016,Hispanic (all races),
45,South Carolina,45077,Pickens,2012,2016,American Indian/Alaskan Native (includes Hispanic),
45,South Carolina,45077,Pickens,2012,2016,White (includes Hispanic),6.4
45,South Carolina,45077,Pickens,2013,2017,Asian/Pacific Islander (includes Hispanic),
45,South Carolina,45077,Pickens,2013,2017,Black (includes Hispanic),10.9
45,South Carolina,45077,Pickens,2013,2017,Hispanic (all races),
45,South Carolina,45077,Pickens,2013,2017,American Indian/Alaskan Native (includes Hispanic),
45,South Carolina,45077,Pickens,2013,2017,White (includes Hispanic),7.4
45,South Carolina,45077,Pickens,2014,2018,Asian/Pacific Islander (includes Hispanic),
45,South Carolina,45077,Pickens,2014,2018,Black (includes Hispanic),10.6
45,South Carolina,45077,Pickens,2014,2018,Hispanic (all races),
45,South Carolina,45077,Pickens,2014,2018,American Indian/Alaskan Native (includes Hispanic),
45,South Carolina,45077,Pickens,2014,2018,White (includes Hispanic),7.8
45,South Carolina,45077,Pickens,2015,2019,Asian/Pacific Islander (includes Hispanic),
45,South Carolina,45077,Pickens,2015,2019,Black (includes Hispanic),9.5
45,South Carolina,45077,Pickens,2015,2019,Hispanic (all races),
45,South Carolina,45077,Pickens,2015,2019,American Indian/Alaskan Native (includes Hispanic),
45,South Carolina,45077,Pickens,2015,2019,White (includes Hispanic),7.9
45,South Carolina,45077,Pickens,2016,2020,Asian/Pacific Islander (includes Hispanic),
45,South Carolina,45077,Pickens,2016,2020,Black (includes Hispanic),7.6
45,South Carolina,45077,Pickens,2016,2020,Hispanic (all races),
45,South Carolina,45077,Pickens,2016,2020,American Indian/Alaskan Native (includes Hispanic),
45,South Carolina,45077,Pickens,2016,2020,White (includes Hispanic),8.2
45,South Carolina,45079,Richland,2011,2015,Asian/Pacific Islander (includes Hispanic),
45,South Carolina,45079,Richland,2011,2015,Black (includes Hispanic),7.3
45,South Carolina,45079,Richland,2011,2015,Hispanic (all races),
45,South Carolina,45079,Richland,2011,2015,American Indian/Alaskan Native (includes Hispanic),
45,South Carolina,45079,Richland,2011,2015,White (includes Hispanic),7.1
45,South Carolina,45079,Richland,2012,2016,Asian/Pacific Islander (includes Hispanic),
45,South Carolina,45079,Richland,2012,2016,Black (includes Hispanic),7.1
45,South Carolina,45079,Richland,2012,2016,Hispanic (all races),
45,South Carolina,45079,Richland,2012,2016,American Indian/Alaskan Native (includes Hispanic),
45,South Carolina,45079,Richland,2012,2016,White (includes Hispanic),6.9
45,South Carolina,45079,Richland,2013,2017,Asian/Pacific Islander (includes Hispanic),
45,South Carolina,45079,Richland,2013,2017,Black (includes Hispanic),7.2
45,South Carolina,45079,Richland,2013,2017,Hispanic (all races),
45,South Carolina,45079,Richland,2013,2017,American Indian/Alaskan Native (includes Hispanic),
45,South Carolina,45079,Richland,2013,2017,White (includes Hispanic),6.9
45,South Carolina,45079,Richland,2014,2018,Asian/Pacific Islander (includes Hispanic),
45,South Carolina,45079,Richland,2014,2018,Black (includes Hispanic),7.0
45,South Carolina,45079,Richland,2014,2018,Hispanic (all races),
45,South Carolina,45079,Richland,2014,2018,American Indian/Alaskan Native (includes Hispanic),
45,South Carolina,45079,Richland,2014,2018,White (includes Hispanic),7.1
45,South Carolina,45079,Richland,2015,2019,Asian/Pacific Islander (includes Hispanic),
45,South Carolina,45079,Richland,2015,2019,Black (includes Hispanic),6.9
45,South Carolina,45079,Richland,2015,2019,Hispanic (all races),
45,South Carolina,45079,Richland,2015,2019,American Indian/Alaskan Native (includes Hispanic),
45,South Carolina,45079,Richland,2015,2019,White (includes Hispanic),7.3
45,South Carolina,45079,Richland,2016,2020,Asian/Pacific Islander (includes Hispanic),
45,South Carolina,45079,Richland,2016,2020,Black (includes Hispanic),5.8
45,South Carolina,45079,Richland,2016,2020,Hispanic (all races),
45,South Carolina,45079,Richland,2016,2020,American Indian/Alaskan Native (includes Hispanic),
45,South Carolina,45079,Richland,2016,2020,White (includes Hispanic),7.4
45,South Carolina,45081,Saluda,2011,2015,Asian/Pacific Islander (includes Hispanic),
45,South Carolina,45081,Saluda,2011,2015,Black (includes Hispanic),8.9
45,South Carolina,45081,Saluda,2011,2015,Hispanic (all races),
45,South Carolina,45081,Saluda,2011,2015,American Indian/Alaskan Native (includes Hispanic),
45,South Carolina,45081,Saluda,2011,2015,White (includes Hispanic),5.7
45,South Carolina,45081,Saluda,2012,2016,Asian/Pacific Islander (includes Hispanic),
45,South Carolina,45081,Saluda,2012,2016,Black (includes Hispanic),8.9
45,South Carolina,45081,Saluda,2012,2016,Hispanic (all races),
45,South Carolina,45081,Saluda,2012,2016,American Indian/Alaskan Native (includes Hispanic),
45,South Carolina,45081,Saluda,2012,2016,White (includes Hispanic),6.0
45,South Carolina,45081,Saluda,2013,2017,Asian/Pacific Islander (includes Hispanic),
45,South Carolina,45081,Saluda,2013,2017,Black (includes Hispanic),9.3
45,South Carolina,45081,Saluda,2013,2017,Hispanic (all races),
45,South Carolina,45081,Saluda,2013,2017,American Indian/Alaskan Native (includes Hispanic),
45,South Carolina,45081,Saluda,2013,2017,White (includes Hispanic),6.2
45,South Carolina,45081,Saluda,2014,2018,Asian/Pacific Islander (includes Hispanic),
45,South Carolina,45081,Saluda,2014,2018,Black (includes Hispanic),9.6
45,South Carolina,45081,Saluda,2014,2018,Hispanic (all races),
45,South Carolina,45081,Saluda,2014,2018,American Indian/Alaskan Native (includes Hispanic),
45,South Carolina,45081,Saluda,2014,2018,White (includes Hispanic),6.7
45,South Carolina,45081,Saluda,2015,2019,Asian/Pacific Islander (includes Hispanic),
45,South Carolina,45081,Saluda,2015,2019,Black (includes Hispanic),10.8
45,South Carolina,45081,Saluda,2015,2019,Hispanic (all races),
45,South Carolina,45081,Saluda,2015,2019,American Indian/Alaskan Native (includes Hispanic),
45,South Carolina,45081,Saluda,2015,2019,White (includes Hispanic),6.8
45,South Carolina,45081,Saluda,2016,2020,Asian/Pacific Islander (includes Hispanic),
45,South Carolina,45081,Saluda,2016,2020,Black (includes Hispanic),7.9
45,South Carolina,45081,Saluda,2016,2020,Hispanic (all races),
45,South Carolina,45081,Saluda,2016,2020,American Indian/Alaskan Native (includes Hispanic),
45,South Carolina,45081,Saluda,2016,2020,White (includes Hispanic),7.4
45,South Carolina,45083,Spartanburg,2011,2015,Asian/Pacific Islander (includes Hispanic),
45,South Carolina,45083,Spartanburg,2011,2015,Black (includes Hispanic),10.4
45,South Carolina,45083,Spartanburg,2011,2015,Hispanic (all races),
45,South Carolina,45083,Spartanburg,2011,2015,American Indian/Alaskan Native (includes Hispanic),
45,South Carolina,45083,Spartanburg,2011,2015,White (includes Hispanic),7.6
45,South Carolina,45083,Spartanburg,2012,2016,Asian/Pacific Islander (includes Hispanic),
45,South Carolina,45083,Spartanburg,2012,2016,Black (includes Hispanic),9.8
45,South Carolina,45083,Spartanburg,2012,2016,Hispanic (all races),
45,South Carolina,45083,Spartanburg,2012,2016,American Indian/Alaskan Native (includes Hispanic),
45,South Carolina,45083,Spartanburg,2012,2016,White (includes Hispanic),7.1
45,South Carolina,45083,Spartanburg,2013,2017,Asian/Pacific Islander (includes Hispanic),
45,South Carolina,45083,Spartanburg,2013,2017,Black (includes Hispanic),9.9
45,South Carolina,45083,Spartanburg,2013,2017,Hispanic (all races),
45,South Carolina,45083,Spartanburg,2013,2017,American Indian/Alaskan Native (includes Hispanic),
45,South Carolina,45083,Spartanburg,2013,2017,White (includes Hispanic),7.3
45,South Carolina,45083,Spartanburg,2014,2018,Asian/Pacific Islander (includes Hispanic),
45,South Carolina,45083,Spartanburg,2014,2018,Black (includes Hispanic),9.6
45,South Carolina,45083,Spartanburg,2014,2018,Hispanic (all races),
45,South Carolina,45083,Spartanburg,2014,2018,American Indian/Alaskan Native (includes Hispanic),
45,South Carolina,45083,Spartanburg,2014,2018,White (includes Hispanic),7.2
45,South Carolina,45083,Spartanburg,2015,2019,Asian/Pacific Islander (includes Hispanic),
45,South Carolina,45083,Spartanburg,2015,2019,Black (includes Hispanic),8.2
45,South Carolina,45083,Spartanburg,2015,2019,Hispanic (all races),
45,South Carolina,45083,Spartanburg,2015,2019,American Indian/Alaskan Native (includes Hispanic),
45,South Carolina,45083,Spartanburg,2015,2019,White (includes Hispanic),7.2
45,South Carolina,45083,Spartanburg,2016,2020,Asian/Pacific Islander (includes Hispanic),
45,South Carolina,45083,Spartanburg,2016,2020,Black (includes Hispanic),7.9
45,South Carolina,45083,Spartanburg,2016,2020,Hispanic (all races),
45,South Carolina,45083,Spartanburg,2016,2020,American Indian/Alaskan Native (includes Hispanic),
45,South Carolina,45083,Spartanburg,2016,2020,White (includes Hispanic),7.6
45,South Carolina,45085,Sumter,2011,2015,Asian/Pacific Islander (includes Hispanic),
45,South Carolina,45085,Sumter,2011,2015,Black (includes Hispanic),8.4
45,South Carolina,45085,Sumter,2011,2015,Hispanic (all races),
45,South Carolina,45085,Sumter,2011,2015,American Indian/Alaskan Native (includes Hispanic),
45,South Carolina,45085,Sumter,2011,2015,White (includes Hispanic),8.1
45,South Carolina,45085,Sumter,2012,2016,Asian/Pacific Islander (includes Hispanic),
45,South Carolina,45085,Sumter,2012,2016,Black (includes Hispanic),8.1
45,South Carolina,45085,Sumter,2012,2016,Hispanic (all races),
45,South Carolina,45085,Sumter,2012,2016,American Indian/Alaskan Native (includes Hispanic),
45,South Carolina,45085,Sumter,2012,2016,White (includes Hispanic),7.6
45,South Carolina,45085,Sumter,2013,2017,Asian/Pacific Islander (includes Hispanic),
45,South Carolina,45085,Sumter,2013,2017,Black (includes Hispanic),8.0
45,South Carolina,45085,Sumter,2013,2017,Hispanic (all races),
45,South Carolina,45085,Sumter,2013,2017,American Indian/Alaskan Native (includes Hispanic),
45,South Carolina,45085,Sumter,2013,2017,White (includes Hispanic),7.0
45,South Carolina,45085,Sumter,2014,2018,Asian/Pacific Islander (includes Hispanic),
45,South Carolina,45085,Sumter,2014,2018,Black (includes Hispanic),7.4
45,South Carolina,45085,Sumter,2014,2018,Hispanic (all races),
45,South Carolina,45085,Sumter,2014,2018,American Indian/Alaskan Native (includes Hispanic),
45,South Carolina,45085,Sumter,2014,2018,White (includes Hispanic),7.4
45,South Carolina,45085,Sumter,2015,2019,Asian/Pacific Islander (includes Hispanic),
45,South Carolina,45085,Sumter,2015,2019,Black (includes Hispanic),6.8
45,South Carolina,45085,Sumter,2015,2019,Hispanic (all races),
45,South Carolina,45085,Sumter,2015,2019,American Indian/Alaskan Native (includes Hispanic),
45,South Carolina,45085,Sumter,2015,2019,White (includes Hispanic),7.5
45,South Carolina,45085,Sumter,2016,2020,Asian/Pacific Islander (includes Hispanic),
45,South Carolina,45085,Sumter,2016,2020,Black (includes Hispanic),5.9
45,South Carolina,45085,Sumter,2016,2020,Hispanic (all races),
45,South Carolina,45085,Sumter,2016,2020,American Indian/Alaskan Native (includes Hispanic),
45,South Carolina,45085,Sumter,2016,2020,White (includes Hispanic),7.3
45,South Carolina,45087,Union,2011,2015,Asian/Pacific Islander (includes Hispanic),
45,South Carolina,45087,Union,2011,2015,Black (includes Hispanic),9.5
45,South Carolina,45087,Union,2011,2015,Hispanic (all races),
45,South Carolina,45087,Union,2011,2015,American Indian/Alaskan Native (includes Hispanic),
45,South Carolina,45087,Union,2011,2015,White (includes Hispanic),8.4
45,South Carolina,45087,Union,2012,2016,Asian/Pacific Islander (includes Hispanic),
45,South Carolina,45087,Union,2012,2016,Black (includes Hispanic),9.3
45,South Carolina,45087,Union,2012,2016,Hispanic (all races),
45,South Carolina,45087,Union,2012,2016,American Indian/Alaskan Native (includes Hispanic),
45,South Carolina,45087,Union,2012,2016,White (includes Hispanic),8.1
45,South Carolina,45087,Union,2013,2017,Asian/Pacific Islander (includes Hispanic),
45,South Carolina,45087,Union,2013,2017,Black (includes Hispanic),7.9
45,South Carolina,45087,Union,2013,2017,Hispanic (all races),
45,South Carolina,45087,Union,2013,2017,American Indian/Alaskan Native (includes Hispanic),
45,South Carolina,45087,Union,2013,2017,White (includes Hispanic),8.0
45,South Carolina,45087,Union,2014,2018,Asian/Pacific Islander (includes Hispanic),
45,South Carolina,45087,Union,2014,2018,Black (includes Hispanic),7.5
45,South Carolina,45087,Union,2014,2018,Hispanic (all races),
45,South Carolina,45087,Union,2014,2018,American Indian/Alaskan Native (includes Hispanic),
45,South Carolina,45087,Union,2014,2018,White (includes Hispanic),8.1
45,South Carolina,45087,Union,2015,2019,Asian/Pacific Islander (includes Hispanic),
45,South Carolina,45087,Union,2015,2019,Black (includes Hispanic),7.3
45,South Carolina,45087,Union,2015,2019,Hispanic (all races),
45,South Carolina,45087,Union,2015,2019,American Indian/Alaskan Native (includes Hispanic),
45,South Carolina,45087,Union,2015,2019,White (includes Hispanic),8.1
45,South Carolina,45087,Union,2016,2020,Asian/Pacific Islander (includes Hispanic),
45,South Carolina,45087,Union,2016,2020,Black (includes Hispanic),7.6
45,South Carolina,45087,Union,2016,2020,Hispanic (all races),
45,South Carolina,45087,Union,2016,2020,American Indian/Alaskan Native (includes Hispanic),
45,South Carolina,45087,Union,2016,2020,White (includes Hispanic),8.0
45,South Carolina,45089,Williamsburg,2011,2015,Asian/Pacific Islander (includes Hispanic),
45,South Carolina,45089,Williamsburg,2011,2015,Black (includes Hispanic),11.2
45,South Carolina,45089,Williamsburg,2011,2015,Hispanic (all races),
45,South Carolina,45089,Williamsburg,2011,2015,American Indian/Alaskan Native (includes Hispanic),
45,South Carolina,45089,Williamsburg,2011,2015,White (includes Hispanic),6.9
45,South Carolina,45089,Williamsburg,2012,2016,Asian/Pacific Islander (includes Hispanic),
45,South Carolina,45089,Williamsburg,2012,2016,Black (includes Hispanic),11.9
45,South Carolina,45089,Williamsburg,2012,2016,Hispanic (all races),
45,South Carolina,45089,Williamsburg,2012,2016,American Indian/Alaskan Native (includes Hispanic),
45,South Carolina,45089,Williamsburg,2012,2016,White (includes Hispanic),6.8
45,South Carolina,45089,Williamsburg,2013,2017,Asian/Pacific Islander (includes Hispanic),
45,South Carolina,45089,Williamsburg,2013,2017,Black (includes Hispanic),11.1
45,South Carolina,45089,Williamsburg,2013,2017,Hispanic (all races),
45,South Carolina,45089,Williamsburg,2013,2017,American Indian/Alaskan Native (includes Hispanic),
45,South Carolina,45089,Williamsburg,2013,2017,White (includes Hispanic),7.3
45,South Carolina,45089,Williamsburg,2014,2018,Asian/Pacific Islander (includes Hispanic),
45,South Carolina,45089,Williamsburg,2014,2018,Black (includes Hispanic),10.8
45,South Carolina,45089,Williamsburg,2014,2018,Hispanic (all races),
45,South Carolina,45089,Williamsburg,2014,2018,American Indian/Alaskan Native (includes Hispanic),
45,South Carolina,45089,Williamsburg,2014,2018,White (includes Hispanic),6.4
45,South Carolina,45089,Williamsburg,2015,2019,Asian/Pacific Islander (includes Hispanic),
45,South Carolina,45089,Williamsburg,2015,2019,Black (includes Hispanic),10.2
45,South Carolina,45089,Williamsburg,2015,2019,Hispanic (all races),
45,South Carolina,45089,Williamsburg,2015,2019,American Indian/Alaskan Native (includes Hispanic),
45,South Carolina,45089,Williamsburg,2015,2019,White (includes Hispanic),6.8
45,South Carolina,45089,Williamsburg,2016,2020,Asian/Pacific Islander (includes Hispanic),
45,South Carolina,45089,Williamsburg,2016,2020,Black (includes Hispanic),8.0
45,South Carolina,45089,Williamsburg,2016,2020,Hispanic (all races),
45,South Carolina,45089,Williamsburg,2016,2020,American Indian/Alaskan Native (includes Hispanic),
45,South Carolina,45089,Williamsburg,2016,2020,White (includes Hispanic),6.7
45,South Carolina,45091,York,2011,2015,Asian/Pacific Islander (includes Hispanic),
45,South Carolina,45091,York,2011,2015,Black (includes Hispanic),7.9
45,South Carolina,45091,York,2011,2015,Hispanic (all races),11.5
45,South Carolina,45091,York,2011,2015,American Indian/Alaskan Native (includes Hispanic),
45,South Carolina,45091,York,2011,2015,White (includes Hispanic),6.7
45,South Carolina,45091,York,2012,2016,Asian/Pacific Islander (includes Hispanic),
45,South Carolina,45091,York,2012,2016,Black (includes Hispanic),7.5
45,South Carolina,45091,York,2012,2016,Hispanic (all races),9.2
45,South Carolina,45091,York,2012,2016,American Indian/Alaskan Native (includes Hispanic),
45,South Carolina,45091,York,2012,2016,White (includes Hispanic),6.6
45,South Carolina,45091,York,2013,2017,Asian/Pacific Islander (includes Hispanic),
45,South Carolina,45091,York,2013,2017,Black (includes Hispanic),7.7
45,South Carolina,45091,York,2013,2017,Hispanic (all races),9.5
45,South Carolina,45091,York,2013,2017,American Indian/Alaskan Native (includes Hispanic),
45,South Carolina,45091,York,2013,2017,White (includes Hispanic),6.8
45,South Carolina,45091,York,2014,2018,Asian/Pacific Islander (includes Hispanic),
45,South Carolina,45091,York,2014,2018,Black (includes Hispanic),7.7
45,South Carolina,45091,York,2014,2018,Hispanic (all races),11.3
45,South Carolina,45091,York,2014,2018,American Indian/Alaskan Native (includes Hispanic),
45,South Carolina,45091,York,2014,2018,White (includes Hispanic),7.1
45,South Carolina,45091,York,2015,2019,Asian/Pacific Islander (includes Hispanic),
45,South Carolina,45091,York,2015,2019,Black (includes Hispanic),7.4
45,South Carolina,45091,York,2015,2019,Hispanic (all races),12.8
45,South Carolina,45091,York,2015,2019,American Indian/Alaskan Native (includes Hispanic),
45,South Carolina,45091,York,2015,2019,White (includes Hispanic),7.4
45,South Carolina,45091,York,2016,2020,Asian/Pacific Islander (includes Hispanic),
45,South Carolina,45091,York,2016,2020,Black (includes Hispanic),7.3
45,South Carolina,45091,York,2016,2020,Hispanic (all races),13.1
45,South Carolina,45091,York,2016,2020,American Indian/Alaskan Native (includes Hispanic),
45,South Carolina,45091,York,2016,2020,White (includes Hispanic),7.7
46,South Dakota,46003,Aurora,2011,2015,Asian/Pacific Islander (includes Hispanic),
46,South Dakota,46003,Aurora,2011,2015,Black (includes Hispanic),
46,South Dakota,46003,Aurora,2011,2015,Hispanic (all races),
46,South Dakota,46003,Aurora,2011,2015,American Indian/Alaskan Native (includes Hispanic),
46,South Dakota,46003,Aurora,2011,2015,White (includes Hispanic),
46,South Dakota,46003,Aurora,2012,2016,Asian/Pacific Islander (includes Hispanic),
46,South Dakota,46003,Aurora,2012,2016,Black (includes Hispanic),
46,South Dakota,46003,Aurora,2012,2016,Hispanic (all races),
46,South Dakota,46003,Aurora,2012,2016,American Indian/Alaskan Native (includes Hispanic),
46,South Dakota,46003,Aurora,2012,2016,White (includes Hispanic),
46,South Dakota,46003,Aurora,2013,2017,Asian/Pacific Islander (includes Hispanic),
46,South Dakota,46003,Aurora,2013,2017,Black (includes Hispanic),
46,South Dakota,46003,Aurora,2013,2017,Hispanic (all races),
46,South Dakota,46003,Aurora,2013,2017,American Indian/Alaskan Native (includes Hispanic),
46,South Dakota,46003,Aurora,2013,2017,White (includes Hispanic),
46,South Dakota,46003,Aurora,2014,2018,Asian/Pacific Islander (includes Hispanic),
46,South Dakota,46003,Aurora,2014,2018,Black (includes Hispanic),
46,South Dakota,46003,Aurora,2014,2018,Hispanic (all races),
46,South Dakota,46003,Aurora,2014,2018,American Indian/Alaskan Native (includes Hispanic),
46,South Dakota,46003,Aurora,2014,2018,White (includes Hispanic),
46,South Dakota,46003,Aurora,2015,2019,Asian/Pacific Islander (includes Hispanic),
46,South Dakota,46003,Aurora,2015,2019,Black (includes Hispanic),
46,South Dakota,46003,Aurora,2015,2019,Hispanic (all races),
46,South Dakota,46003,Aurora,2015,2019,American Indian/Alaskan Native (includes Hispanic),
46,South Dakota,46003,Aurora,2015,2019,White (includes Hispanic),
46,South Dakota,46003,Aurora,2016,2020,Asian/Pacific Islander (includes Hispanic),
46,South Dakota,46003,Aurora,2016,2020,Black (includes Hispanic),
46,South Dakota,46003,Aurora,2016,2020,Hispanic (all races),
46,South Dakota,46003,Aurora,2016,2020,American Indian/Alaskan Native (includes Hispanic),
46,South Dakota,46003,Aurora,2016,2020,White (includes Hispanic),
46,South Dakota,46005,Beadle,2011,2015,Asian/Pacific Islander (includes Hispanic),
46,South Dakota,46005,Beadle,2011,2015,Black (includes Hispanic),
46,South Dakota,46005,Beadle,2011,2015,Hispanic (all races),
46,South Dakota,46005,Beadle,2011,2015,American Indian/Alaskan Native (includes Hispanic),
46,South Dakota,46005,Beadle,2011,2015,White (includes Hispanic),
46,South Dakota,46005,Beadle,2012,2016,Asian/Pacific Islander (includes Hispanic),
46,South Dakota,46005,Beadle,2012,2016,Black (includes Hispanic),
46,South Dakota,46005,Beadle,2012,2016,Hispanic (all races),
46,South Dakota,46005,Beadle,2012,2016,American Indian/Alaskan Native (includes Hispanic),
46,South Dakota,46005,Beadle,2012,2016,White (includes Hispanic),
46,South Dakota,46005,Beadle,2013,2017,Asian/Pacific Islander (includes Hispanic),
46,South Dakota,46005,Beadle,2013,2017,Black (includes Hispanic),
46,South Dakota,46005,Beadle,2013,2017,Hispanic (all races),
46,South Dakota,46005,Beadle,2013,2017,American Indian/Alaskan Native (includes Hispanic),
46,South Dakota,46005,Beadle,2013,2017,White (includes Hispanic),
46,South Dakota,46005,Beadle,2014,2018,Asian/Pacific Islander (includes Hispanic),
46,South Dakota,46005,Beadle,2014,2018,Black (includes Hispanic),
46,South Dakota,46005,Beadle,2014,2018,Hispanic (all races),
46,South Dakota,46005,Beadle,2014,2018,American Indian/Alaskan Native (includes Hispanic),
46,South Dakota,46005,Beadle,2014,2018,White (includes Hispanic),
46,South Dakota,46005,Beadle,2015,2019,Asian/Pacific Islander (includes Hispanic),
46,South Dakota,46005,Beadle,2015,2019,Black (includes Hispanic),
46,South Dakota,46005,Beadle,2015,2019,Hispanic (all races),
46,South Dakota,46005,Beadle,2015,2019,American Indian/Alaskan Native (includes Hispanic),
46,South Dakota,46005,Beadle,2015,2019,White (includes Hispanic),
46,South Dakota,46005,Beadle,2016,2020,Asian/Pacific Islander (includes Hispanic),
46,South Dakota,46005,Beadle,2016,2020,Black (includes Hispanic),
46,South Dakota,46005,Beadle,2016,2020,Hispanic (all races),
46,South Dakota,46005,Beadle,2016,2020,American Indian/Alaskan Native (includes Hispanic),
46,South Dakota,46005,Beadle,2016,2020,White (includes Hispanic),
46,South Dakota,46007,Bennett,2011,2015,Asian/Pacific Islander (includes Hispanic),
46,South Dakota,46007,Bennett,2011,2015,Black (includes Hispanic),
46,South Dakota,46007,Bennett,2011,2015,Hispanic (all races),
46,South Dakota,46007,Bennett,2011,2015,American Indian/Alaskan Native (includes Hispanic),
46,South Dakota,46007,Bennett,2011,2015,White (includes Hispanic),
46,South Dakota,46007,Bennett,2012,2016,Asian/Pacific Islander (includes Hispanic),
46,South Dakota,46007,Bennett,2012,2016,Black (includes Hispanic),
46,South Dakota,46007,Bennett,2012,2016,Hispanic (all races),
46,South Dakota,46007,Bennett,2012,2016,American Indian/Alaskan Native (includes Hispanic),
46,South Dakota,46007,Bennett,2012,2016,White (includes Hispanic),
46,South Dakota,46007,Bennett,2013,2017,Asian/Pacific Islander (includes Hispanic),
46,South Dakota,46007,Bennett,2013,2017,Black (includes Hispanic),
46,South Dakota,46007,Bennett,2013,2017,Hispanic (all races),
46,South Dakota,46007,Bennett,2013,2017,American Indian/Alaskan Native (includes Hispanic),
46,South Dakota,46007,Bennett,2013,2017,White (includes Hispanic),
46,South Dakota,46007,Bennett,2014,2018,Asian/Pacific Islander (includes Hispanic),
46,South Dakota,46007,Bennett,2014,2018,Black (includes Hispanic),
46,South Dakota,46007,Bennett,2014,2018,Hispanic (all races),
46,South Dakota,46007,Bennett,2014,2018,American Indian/Alaskan Native (includes Hispanic),
46,South Dakota,46007,Bennett,2014,2018,White (includes Hispanic),
46,South Dakota,46007,Bennett,2015,2019,Asian/Pacific Islander (includes Hispanic),
46,South Dakota,46007,Bennett,2015,2019,Black (includes Hispanic),
46,South Dakota,46007,Bennett,2015,2019,Hispanic (all races),
46,South Dakota,46007,Bennett,2015,2019,American Indian/Alaskan Native (includes Hispanic),
46,South Dakota,46007,Bennett,2015,2019,White (includes Hispanic),
46,South Dakota,46007,Bennett,2016,2020,Asian/Pacific Islander (includes Hispanic),
46,South Dakota,46007,Bennett,2016,2020,Black (includes Hispanic),
46,South Dakota,46007,Bennett,2016,2020,Hispanic (all races),
46,South Dakota,46007,Bennett,2016,2020,American Indian/Alaskan Native (includes Hispanic),
46,South Dakota,46007,Bennett,2016,2020,White (includes Hispanic),
46,South Dakota,46009,Bon Homme,2011,2015,Asian/Pacific Islander (includes Hispanic),
46,South Dakota,46009,Bon Homme,2011,2015,Black (includes Hispanic),
46,South Dakota,46009,Bon Homme,2011,2015,Hispanic (all races),
46,South Dakota,46009,Bon Homme,2011,2015,American Indian/Alaskan Native (includes Hispanic),
46,South Dakota,46009,Bon Homme,2011,2015,White (includes Hispanic),
46,South Dakota,46009,Bon Homme,2012,2016,Asian/Pacific Islander (includes Hispanic),
46,South Dakota,46009,Bon Homme,2012,2016,Black (includes Hispanic),
46,South Dakota,46009,Bon Homme,2012,2016,Hispanic (all races),
46,South Dakota,46009,Bon Homme,2012,2016,American Indian/Alaskan Native (includes Hispanic),
46,South Dakota,46009,Bon Homme,2012,2016,White (includes Hispanic),
46,South Dakota,46009,Bon Homme,2013,2017,Asian/Pacific Islander (includes Hispanic),
46,South Dakota,46009,Bon Homme,2013,2017,Black (includes Hispanic),
46,South Dakota,46009,Bon Homme,2013,2017,Hispanic (all races),
46,South Dakota,46009,Bon Homme,2013,2017,American Indian/Alaskan Native (includes Hispanic),
46,South Dakota,46009,Bon Homme,2013,2017,White (includes Hispanic),
46,South Dakota,46009,Bon Homme,2014,2018,Asian/Pacific Islander (includes Hispanic),
46,South Dakota,46009,Bon Homme,2014,2018,Black (includes Hispanic),
46,South Dakota,46009,Bon Homme,2014,2018,Hispanic (all races),
46,South Dakota,46009,Bon Homme,2014,2018,American Indian/Alaskan Native (includes Hispanic),
46,South Dakota,46009,Bon Homme,2014,2018,White (includes Hispanic),
46,South Dakota,46009,Bon Homme,2015,2019,Asian/Pacific Islander (includes Hispanic),
46,South Dakota,46009,Bon Homme,2015,2019,Black (includes Hispanic),
46,South Dakota,46009,Bon Homme,2015,2019,Hispanic (all races),
46,South Dakota,46009,Bon Homme,2015,2019,American Indian/Alaskan Native (includes Hispanic),
46,South Dakota,46009,Bon Homme,2015,2019,White (includes Hispanic),
46,South Dakota,46009,Bon Homme,2016,2020,Asian/Pacific Islander (includes Hispanic),
46,South Dakota,46009,Bon Homme,2016,2020,Black (includes Hispanic),
46,South Dakota,46009,Bon Homme,2016,2020,Hispanic (all races),
46,South Dakota,46009,Bon Homme,2016,2020,American Indian/Alaskan Native (includes Hispanic),
46,South Dakota,46009,Bon Homme,2016,2020,White (includes Hispanic),
46,South Dakota,46011,Brookings,2011,2015,Asian/Pacific Islander (includes Hispanic),
46,South Dakota,46011,Brookings,2011,2015,Black (includes Hispanic),
46,South Dakota,46011,Brookings,2011,2015,Hispanic (all races),
46,South Dakota,46011,Brookings,2011,2015,American Indian/Alaskan Native (includes Hispanic),
46,South Dakota,46011,Brookings,2011,2015,White (includes Hispanic),
46,South Dakota,46011,Brookings,2012,2016,Asian/Pacific Islander (includes Hispanic),
46,South Dakota,46011,Brookings,2012,2016,Black (includes Hispanic),
46,South Dakota,46011,Brookings,2012,2016,Hispanic (all races),
46,South Dakota,46011,Brookings,2012,2016,American Indian/Alaskan Native (includes Hispanic),
46,South Dakota,46011,Brookings,2012,2016,White (includes Hispanic),
46,South Dakota,46011,Brookings,2013,2017,Asian/Pacific Islander (includes Hispanic),
46,South Dakota,46011,Brookings,2013,2017,Black (includes Hispanic),
46,South Dakota,46011,Brookings,2013,2017,Hispanic (all races),
46,South Dakota,46011,Brookings,2013,2017,American Indian/Alaskan Native (includes Hispanic),
46,South Dakota,46011,Brookings,2013,2017,White (includes Hispanic),
46,South Dakota,46011,Brookings,2014,2018,Asian/Pacific Islander (includes Hispanic),
46,South Dakota,46011,Brookings,2014,2018,Black (includes Hispanic),
46,South Dakota,46011,Brookings,2014,2018,Hispanic (all races),
46,South Dakota,46011,Brookings,2014,2018,American Indian/Alaskan Native (includes Hispanic),
46,South Dakota,46011,Brookings,2014,2018,White (includes Hispanic),
46,South Dakota,46011,Brookings,2015,2019,Asian/Pacific Islander (includes Hispanic),
46,South Dakota,46011,Brookings,2015,2019,Black (includes Hispanic),
46,South Dakota,46011,Brookings,2015,2019,Hispanic (all races),
46,South Dakota,46011,Brookings,2015,2019,American Indian/Alaskan Native (includes Hispanic),
46,South Dakota,46011,Brookings,2015,2019,White (includes Hispanic),
46,South Dakota,46011,Brookings,2016,2020,Asian/Pacific Islander (includes Hispanic),
46,South Dakota,46011,Brookings,2016,2020,Black (includes Hispanic),
46,South Dakota,46011,Brookings,2016,2020,Hispanic (all races),
46,South Dakota,46011,Brookings,2016,2020,American Indian/Alaskan Native (includes Hispanic),
46,South Dakota,46011,Brookings,2016,2020,White (includes Hispanic),
46,South Dakota,46013,Brown,2011,2015,Asian/Pacific Islander (includes Hispanic),
46,South Dakota,46013,Brown,2011,2015,Black (includes Hispanic),
46,South Dakota,46013,Brown,2011,2015,Hispanic (all races),
46,South Dakota,46013,Brown,2011,2015,American Indian/Alaskan Native (includes Hispanic),
46,South Dakota,46013,Brown,2011,2015,White (includes Hispanic),
46,South Dakota,46013,Brown,2012,2016,Asian/Pacific Islander (includes Hispanic),
46,South Dakota,46013,Brown,2012,2016,Black (includes Hispanic),
46,South Dakota,46013,Brown,2012,2016,Hispanic (all races),
46,South Dakota,46013,Brown,2012,2016,American Indian/Alaskan Native (includes Hispanic),
46,South Dakota,46013,Brown,2012,2016,White (includes Hispanic),
46,South Dakota,46013,Brown,2013,2017,Asian/Pacific Islander (includes Hispanic),
46,South Dakota,46013,Brown,2013,2017,Black (includes Hispanic),
46,South Dakota,46013,Brown,2013,2017,Hispanic (all races),
46,South Dakota,46013,Brown,2013,2017,American Indian/Alaskan Native (includes Hispanic),
46,South Dakota,46013,Brown,2013,2017,White (includes Hispanic),
46,South Dakota,46013,Brown,2014,2018,Asian/Pacific Islander (includes Hispanic),
46,South Dakota,46013,Brown,2014,2018,Black (includes Hispanic),
46,South Dakota,46013,Brown,2014,2018,Hispanic (all races),
46,South Dakota,46013,Brown,2014,2018,American Indian/Alaskan Native (includes Hispanic),
46,South Dakota,46013,Brown,2014,2018,White (includes Hispanic),10.1
46,South Dakota,46013,Brown,2015,2019,Asian/Pacific Islander (includes Hispanic),
46,South Dakota,46013,Brown,2015,2019,Black (includes Hispanic),
46,South Dakota,46013,Brown,2015,2019,Hispanic (all races),
46,South Dakota,46013,Brown,2015,2019,American Indian/Alaskan Native (includes Hispanic),
46,South Dakota,46013,Brown,2015,2019,White (includes Hispanic),11.1
46,South Dakota,46013,Brown,2016,2020,Asian/Pacific Islander (includes Hispanic),
46,South Dakota,46013,Brown,2016,2020,Black (includes Hispanic),
46,South Dakota,46013,Brown,2016,2020,Hispanic (all races),
46,South Dakota,46013,Brown,2016,2020,American Indian/Alaskan Native (includes Hispanic),
46,South Dakota,46013,Brown,2016,2020,White (includes Hispanic),9.5
46,South Dakota,46015,Brule,2011,2015,Asian/Pacific Islander (includes Hispanic),
46,South Dakota,46015,Brule,2011,2015,Black (includes Hispanic),
46,South Dakota,46015,Brule,2011,2015,Hispanic (all races),
46,South Dakota,46015,Brule,2011,2015,American Indian/Alaskan Native (includes Hispanic),
46,South Dakota,46015,Brule,2011,2015,White (includes Hispanic),
46,South Dakota,46015,Brule,2012,2016,Asian/Pacific Islander (includes Hispanic),
46,South Dakota,46015,Brule,2012,2016,Black (includes Hispanic),
46,South Dakota,46015,Brule,2012,2016,Hispanic (all races),
46,South Dakota,46015,Brule,2012,2016,American Indian/Alaskan Native (includes Hispanic),
46,South Dakota,46015,Brule,2012,2016,White (includes Hispanic),
46,South Dakota,46015,Brule,2013,2017,Asian/Pacific Islander (includes Hispanic),
46,South Dakota,46015,Brule,2013,2017,Black (includes Hispanic),
46,South Dakota,46015,Brule,2013,2017,Hispanic (all races),
46,South Dakota,46015,Brule,2013,2017,American Indian/Alaskan Native (includes Hispanic),
46,South Dakota,46015,Brule,2013,2017,White (includes Hispanic),
46,South Dakota,46015,Brule,2014,2018,Asian/Pacific Islander (includes Hispanic),
46,South Dakota,46015,Brule,2014,2018,Black (includes Hispanic),
46,South Dakota,46015,Brule,2014,2018,Hispanic (all races),
46,South Dakota,46015,Brule,2014,2018,American Indian/Alaskan Native (includes Hispanic),
46,South Dakota,46015,Brule,2014,2018,White (includes Hispanic),
46,South Dakota,46015,Brule,2015,2019,Asian/Pacific Islander (includes Hispanic),
46,South Dakota,46015,Brule,2015,2019,Black (includes Hispanic),
46,South Dakota,46015,Brule,2015,2019,Hispanic (all races),
46,South Dakota,46015,Brule,2015,2019,American Indian/Alaskan Native (includes Hispanic),
46,South Dakota,46015,Brule,2015,2019,White (includes Hispanic),
46,South Dakota,46015,Brule,2016,2020,Asian/Pacific Islander (includes Hispanic),
46,South Dakota,46015,Brule,2016,2020,Black (includes Hispanic),
46,South Dakota,46015,Brule,2016,2020,Hispanic (all races),
46,South Dakota,46015,Brule,2016,2020,American Indian/Alaskan Native (includes Hispanic),
46,South Dakota,46015,Brule,2016,2020,White (includes Hispanic),
46,South Dakota,46017,Buffalo,2011,2015,Asian/Pacific Islander (includes Hispanic),
46,South Dakota,46017,Buffalo,2011,2015,Black (includes Hispanic),
46,South Dakota,46017,Buffalo,2011,2015,Hispanic (all races),
46,South Dakota,46017,Buffalo,2011,2015,American Indian/Alaskan Native (includes Hispanic),
46,South Dakota,46017,Buffalo,2011,2015,White (includes Hispanic),
46,South Dakota,46017,Buffalo,2012,2016,Asian/Pacific Islander (includes Hispanic),
46,South Dakota,46017,Buffalo,2012,2016,Black (includes Hispanic),
46,South Dakota,46017,Buffalo,2012,2016,Hispanic (all races),
46,South Dakota,46017,Buffalo,2012,2016,American Indian/Alaskan Native (includes Hispanic),
46,South Dakota,46017,Buffalo,2012,2016,White (includes Hispanic),
46,South Dakota,46017,Buffalo,2013,2017,Asian/Pacific Islander (includes Hispanic),
46,South Dakota,46017,Buffalo,2013,2017,Black (includes Hispanic),
46,South Dakota,46017,Buffalo,2013,2017,Hispanic (all races),
46,South Dakota,46017,Buffalo,2013,2017,American Indian/Alaskan Native (includes Hispanic),
46,South Dakota,46017,Buffalo,2013,2017,White (includes Hispanic),
46,South Dakota,46017,Buffalo,2014,2018,Asian/Pacific Islander (includes Hispanic),
46,South Dakota,46017,Buffalo,2014,2018,Black (includes Hispanic),
46,South Dakota,46017,Buffalo,2014,2018,Hispanic (all races),
46,South Dakota,46017,Buffalo,2014,2018,American Indian/Alaskan Native (includes Hispanic),
46,South Dakota,46017,Buffalo,2014,2018,White (includes Hispanic),
46,South Dakota,46017,Buffalo,2015,2019,Asian/Pacific Islander (includes Hispanic),
46,South Dakota,46017,Buffalo,2015,2019,Black (includes Hispanic),
46,South Dakota,46017,Buffalo,2015,2019,Hispanic (all races),
46,South Dakota,46017,Buffalo,2015,2019,American Indian/Alaskan Native (includes Hispanic),
46,South Dakota,46017,Buffalo,2015,2019,White (includes Hispanic),
46,South Dakota,46017,Buffalo,2016,2020,Asian/Pacific Islander (includes Hispanic),
46,South Dakota,46017,Buffalo,2016,2020,Black (includes Hispanic),
46,South Dakota,46017,Buffalo,2016,2020,Hispanic (all races),
46,South Dakota,46017,Buffalo,2016,2020,American Indian/Alaskan Native (includes Hispanic),
46,South Dakota,46017,Buffalo,2016,2020,White (includes Hispanic),
46,South Dakota,46019,Butte,2011,2015,Asian/Pacific Islander (includes Hispanic),
46,South Dakota,46019,Butte,2011,2015,Black (includes Hispanic),
46,South Dakota,46019,Butte,2011,2015,Hispanic (all races),
46,South Dakota,46019,Butte,2011,2015,American Indian/Alaskan Native (includes Hispanic),
46,South Dakota,46019,Butte,2011,2015,White (includes Hispanic),
46,South Dakota,46019,Butte,2012,2016,Asian/Pacific Islander (includes Hispanic),
46,South Dakota,46019,Butte,2012,2016,Black (includes Hispanic),
46,South Dakota,46019,Butte,2012,2016,Hispanic (all races),
46,South Dakota,46019,Butte,2012,2016,American Indian/Alaskan Native (includes Hispanic),
46,South Dakota,46019,Butte,2012,2016,White (includes Hispanic),
46,South Dakota,46019,Butte,2013,2017,Asian/Pacific Islander (includes Hispanic),
46,South Dakota,46019,Butte,2013,2017,Black (includes Hispanic),
46,South Dakota,46019,Butte,2013,2017,Hispanic (all races),
46,South Dakota,46019,Butte,2013,2017,American Indian/Alaskan Native (includes Hispanic),
46,South Dakota,46019,Butte,2013,2017,White (includes Hispanic),
46,South Dakota,46019,Butte,2014,2018,Asian/Pacific Islander (includes Hispanic),
46,South Dakota,46019,Butte,2014,2018,Black (includes Hispanic),
46,South Dakota,46019,Butte,2014,2018,Hispanic (all races),
46,South Dakota,46019,Butte,2014,2018,American Indian/Alaskan Native (includes Hispanic),
46,South Dakota,46019,Butte,2014,2018,White (includes Hispanic),
46,South Dakota,46019,Butte,2015,2019,Asian/Pacific Islander (includes Hispanic),
46,South Dakota,46019,Butte,2015,2019,Black (includes Hispanic),
46,South Dakota,46019,Butte,2015,2019,Hispanic (all races),
46,South Dakota,46019,Butte,2015,2019,American Indian/Alaskan Native (includes Hispanic),
46,South Dakota,46019,Butte,2015,2019,White (includes Hispanic),
46,South Dakota,46019,Butte,2016,2020,Asian/Pacific Islander (includes Hispanic),
46,South Dakota,46019,Butte,2016,2020,Black (includes Hispanic),
46,South Dakota,46019,Butte,2016,2020,Hispanic (all races),
46,South Dakota,46019,Butte,2016,2020,American Indian/Alaskan Native (includes Hispanic),
46,South Dakota,46019,Butte,2016,2020,White (includes Hispanic),
46,South Dakota,46021,Campbell,2011,2015,Asian/Pacific Islander (includes Hispanic),
46,South Dakota,46021,Campbell,2011,2015,Black (includes Hispanic),
46,South Dakota,46021,Campbell,2011,2015,Hispanic (all races),
46,South Dakota,46021,Campbell,2011,2015,American Indian/Alaskan Native (includes Hispanic),
46,South Dakota,46021,Campbell,2011,2015,White (includes Hispanic),
46,South Dakota,46021,Campbell,2012,2016,Asian/Pacific Islander (includes Hispanic),
46,South Dakota,46021,Campbell,2012,2016,Black (includes Hispanic),
46,South Dakota,46021,Campbell,2012,2016,Hispanic (all races),
46,South Dakota,46021,Campbell,2012,2016,American Indian/Alaskan Native (includes Hispanic),
46,South Dakota,46021,Campbell,2012,2016,White (includes Hispanic),
46,South Dakota,46021,Campbell,2013,2017,Asian/Pacific Islander (includes Hispanic),
46,South Dakota,46021,Campbell,2013,2017,Black (includes Hispanic),
46,South Dakota,46021,Campbell,2013,2017,Hispanic (all races),
46,South Dakota,46021,Campbell,2013,2017,American Indian/Alaskan Native (includes Hispanic),
46,South Dakota,46021,Campbell,2013,2017,White (includes Hispanic),
46,South Dakota,46021,Campbell,2014,2018,Asian/Pacific Islander (includes Hispanic),
46,South Dakota,46021,Campbell,2014,2018,Black (includes Hispanic),
46,South Dakota,46021,Campbell,2014,2018,Hispanic (all races),
46,South Dakota,46021,Campbell,2014,2018,American Indian/Alaskan Native (includes Hispanic),
46,South Dakota,46021,Campbell,2014,2018,White (includes Hispanic),
46,South Dakota,46021,Campbell,2015,2019,Asian/Pacific Islander (includes Hispanic),
46,South Dakota,46021,Campbell,2015,2019,Black (includes Hispanic),
46,South Dakota,46021,Campbell,2015,2019,Hispanic (all races),
46,South Dakota,46021,Campbell,2015,2019,American Indian/Alaskan Native (includes Hispanic),
46,South Dakota,46021,Campbell,2015,2019,White (includes Hispanic),
46,South Dakota,46021,Campbell,2016,2020,Asian/Pacific Islander (includes Hispanic),
46,South Dakota,46021,Campbell,2016,2020,Black (includes Hispanic),
46,South Dakota,46021,Campbell,2016,2020,Hispanic (all races),
46,South Dakota,46021,Campbell,2016,2020,American Indian/Alaskan Native (includes Hispanic),
46,South Dakota,46021,Campbell,2016,2020,White (includes Hispanic),
46,South Dakota,46023,Charles Mix,2011,2015,Asian/Pacific Islander (includes Hispanic),
46,South Dakota,46023,Charles Mix,2011,2015,Black (includes Hispanic),
46,South Dakota,46023,Charles Mix,2011,2015,Hispanic (all races),
46,South Dakota,46023,Charles Mix,2011,2015,American Indian/Alaskan Native (includes Hispanic),
46,South Dakota,46023,Charles Mix,2011,2015,White (includes Hispanic),
46,South Dakota,46023,Charles Mix,2012,2016,Asian/Pacific Islander (includes Hispanic),
46,South Dakota,46023,Charles Mix,2012,2016,Black (includes Hispanic),
46,South Dakota,46023,Charles Mix,2012,2016,Hispanic (all races),
46,South Dakota,46023,Charles Mix,2012,2016,American Indian/Alaskan Native (includes Hispanic),
46,South Dakota,46023,Charles Mix,2012,2016,White (includes Hispanic),
46,South Dakota,46023,Charles Mix,2013,2017,Asian/Pacific Islander (includes Hispanic),
46,South Dakota,46023,Charles Mix,2013,2017,Black (includes Hispanic),
46,South Dakota,46023,Charles Mix,2013,2017,Hispanic (all races),
46,South Dakota,46023,Charles Mix,2013,2017,American Indian/Alaskan Native (includes Hispanic),
46,South Dakota,46023,Charles Mix,2013,2017,White (includes Hispanic),
46,South Dakota,46023,Charles Mix,2014,2018,Asian/Pacific Islander (includes Hispanic),
46,South Dakota,46023,Charles Mix,2014,2018,Black (includes Hispanic),
46,South Dakota,46023,Charles Mix,2014,2018,Hispanic (all races),
46,South Dakota,46023,Charles Mix,2014,2018,American Indian/Alaskan Native (includes Hispanic),
46,South Dakota,46023,Charles Mix,2014,2018,White (includes Hispanic),
46,South Dakota,46023,Charles Mix,2015,2019,Asian/Pacific Islander (includes Hispanic),
46,South Dakota,46023,Charles Mix,2015,2019,Black (includes Hispanic),
46,South Dakota,46023,Charles Mix,2015,2019,Hispanic (all races),
46,South Dakota,46023,Charles Mix,2015,2019,American Indian/Alaskan Native (includes Hispanic),
46,South Dakota,46023,Charles Mix,2015,2019,White (includes Hispanic),
46,South Dakota,46023,Charles Mix,2016,2020,Asian/Pacific Islander (includes Hispanic),
46,South Dakota,46023,Charles Mix,2016,2020,Black (includes Hispanic),
46,South Dakota,46023,Charles Mix,2016,2020,Hispanic (all races),
46,South Dakota,46023,Charles Mix,2016,2020,American Indian/Alaskan Native (includes Hispanic),
46,South Dakota,46023,Charles Mix,2016,2020,White (includes Hispanic),
46,South Dakota,46025,Clark,2011,2015,Asian/Pacific Islander (includes Hispanic),
46,South Dakota,46025,Clark,2011,2015,Black (includes Hispanic),
46,South Dakota,46025,Clark,2011,2015,Hispanic (all races),
46,South Dakota,46025,Clark,2011,2015,American Indian/Alaskan Native (includes Hispanic),
46,South Dakota,46025,Clark,2011,2015,White (includes Hispanic),
46,South Dakota,46025,Clark,2012,2016,Asian/Pacific Islander (includes Hispanic),
46,South Dakota,46025,Clark,2012,2016,Black (includes Hispanic),
46,South Dakota,46025,Clark,2012,2016,Hispanic (all races),
46,South Dakota,46025,Clark,2012,2016,American Indian/Alaskan Native (includes Hispanic),
46,South Dakota,46025,Clark,2012,2016,White (includes Hispanic),
46,South Dakota,46025,Clark,2013,2017,Asian/Pacific Islander (includes Hispanic),
46,South Dakota,46025,Clark,2013,2017,Black (includes Hispanic),
46,South Dakota,46025,Clark,2013,2017,Hispanic (all races),
46,South Dakota,46025,Clark,2013,2017,American Indian/Alaskan Native (includes Hispanic),
46,South Dakota,46025,Clark,2013,2017,White (includes Hispanic),
46,South Dakota,46025,Clark,2014,2018,Asian/Pacific Islander (includes Hispanic),
46,South Dakota,46025,Clark,2014,2018,Black (includes Hispanic),
46,South Dakota,46025,Clark,2014,2018,Hispanic (all races),
46,South Dakota,46025,Clark,2014,2018,American Indian/Alaskan Native (includes Hispanic),
46,South Dakota,46025,Clark,2014,2018,White (includes Hispanic),
46,South Dakota,46025,Clark,2015,2019,Asian/Pacific Islander (includes Hispanic),
46,South Dakota,46025,Clark,2015,2019,Black (includes Hispanic),
46,South Dakota,46025,Clark,2015,2019,Hispanic (all races),
46,South Dakota,46025,Clark,2015,2019,American Indian/Alaskan Native (includes Hispanic),
46,South Dakota,46025,Clark,2015,2019,White (includes Hispanic),
46,South Dakota,46025,Clark,2016,2020,Asian/Pacific Islander (includes Hispanic),
46,South Dakota,46025,Clark,2016,2020,Black (includes Hispanic),
46,South Dakota,46025,Clark,2016,2020,Hispanic (all races),
46,South Dakota,46025,Clark,2016,2020,American Indian/Alaskan Native (includes Hispanic),
46,South Dakota,46025,Clark,2016,2020,White (includes Hispanic),
46,South Dakota,46027,Clay,2011,2015,Asian/Pacific Islander (includes Hispanic),
46,South Dakota,46027,Clay,2011,2015,Black (includes Hispanic),
46,South Dakota,46027,Clay,2011,2015,Hispanic (all races),
46,South Dakota,46027,Clay,2011,2015,American Indian/Alaskan Native (includes Hispanic),
46,South Dakota,46027,Clay,2011,2015,White (includes Hispanic),6.0
46,South Dakota,46027,Clay,2012,2016,Asian/Pacific Islander (includes Hispanic),
46,South Dakota,46027,Clay,2012,2016,Black (includes Hispanic),
46,South Dakota,46027,Clay,2012,2016,Hispanic (all races),
46,South Dakota,46027,Clay,2012,2016,American Indian/Alaskan Native (includes Hispanic),
46,South Dakota,46027,Clay,2012,2016,White (includes Hispanic),6.1
46,South Dakota,46027,Clay,2013,2017,Asian/Pacific Islander (includes Hispanic),
46,South Dakota,46027,Clay,2013,2017,Black (includes Hispanic),
46,South Dakota,46027,Clay,2013,2017,Hispanic (all races),
46,South Dakota,46027,Clay,2013,2017,American Indian/Alaskan Native (includes Hispanic),
46,South Dakota,46027,Clay,2013,2017,White (includes Hispanic),
46,South Dakota,46027,Clay,2014,2018,Asian/Pacific Islander (includes Hispanic),
46,South Dakota,46027,Clay,2014,2018,Black (includes Hispanic),
46,South Dakota,46027,Clay,2014,2018,Hispanic (all races),
46,South Dakota,46027,Clay,2014,2018,American Indian/Alaskan Native (includes Hispanic),
46,South Dakota,46027,Clay,2014,2018,White (includes Hispanic),
46,South Dakota,46027,Clay,2015,2019,Asian/Pacific Islander (includes Hispanic),
46,South Dakota,46027,Clay,2015,2019,Black (includes Hispanic),
46,South Dakota,46027,Clay,2015,2019,Hispanic (all races),
46,South Dakota,46027,Clay,2015,2019,American Indian/Alaskan Native (includes Hispanic),
46,South Dakota,46027,Clay,2015,2019,White (includes Hispanic),
46,South Dakota,46027,Clay,2016,2020,Asian/Pacific Islander (includes Hispanic),
46,South Dakota,46027,Clay,2016,2020,Black (includes Hispanic),
46,South Dakota,46027,Clay,2016,2020,Hispanic (all races),
46,South Dakota,46027,Clay,2016,2020,American Indian/Alaskan Native (includes Hispanic),
46,South Dakota,46027,Clay,2016,2020,White (includes Hispanic),
46,South Dakota,46029,Codington,2011,2015,Asian/Pacific Islander (includes Hispanic),
46,South Dakota,46029,Codington,2011,2015,Black (includes Hispanic),
46,South Dakota,46029,Codington,2011,2015,Hispanic (all races),
46,South Dakota,46029,Codington,2011,2015,American Indian/Alaskan Native (includes Hispanic),
46,South Dakota,46029,Codington,2011,2015,White (includes Hispanic),
46,South Dakota,46029,Codington,2012,2016,Asian/Pacific Islander (includes Hispanic),
46,South Dakota,46029,Codington,2012,2016,Black (includes Hispanic),
46,South Dakota,46029,Codington,2012,2016,Hispanic (all races),
46,South Dakota,46029,Codington,2012,2016,American Indian/Alaskan Native (includes Hispanic),
46,South Dakota,46029,Codington,2012,2016,White (includes Hispanic),
46,South Dakota,46029,Codington,2013,2017,Asian/Pacific Islander (includes Hispanic),
46,South Dakota,46029,Codington,2013,2017,Black (includes Hispanic),
46,South Dakota,46029,Codington,2013,2017,Hispanic (all races),
46,South Dakota,46029,Codington,2013,2017,American Indian/Alaskan Native (includes Hispanic),
46,South Dakota,46029,Codington,2013,2017,White (includes Hispanic),
46,South Dakota,46029,Codington,2014,2018,Asian/Pacific Islander (includes Hispanic),
46,South Dakota,46029,Codington,2014,2018,Black (includes Hispanic),
46,South Dakota,46029,Codington,2014,2018,Hispanic (all races),
46,South Dakota,46029,Codington,2014,2018,American Indian/Alaskan Native (includes Hispanic),
46,South Dakota,46029,Codington,2014,2018,White (includes Hispanic),
46,South Dakota,46029,Codington,2015,2019,Asian/Pacific Islander (includes Hispanic),
46,South Dakota,46029,Codington,2015,2019,Black (includes Hispanic),
46,South Dakota,46029,Codington,2015,2019,Hispanic (all races),
46,South Dakota,46029,Codington,2015,2019,American Indian/Alaskan Native (includes Hispanic),
46,South Dakota,46029,Codington,2015,2019,White (includes Hispanic),
46,South Dakota,46029,Codington,2016,2020,Asian/Pacific Islander (includes Hispanic),
46,South Dakota,46029,Codington,2016,2020,Black (includes Hispanic),
46,South Dakota,46029,Codington,2016,2020,Hispanic (all races),
46,South Dakota,46029,Codington,2016,2020,American Indian/Alaskan Native (includes Hispanic),
46,South Dakota,46029,Codington,2016,2020,White (includes Hispanic),
46,South Dakota,46031,Corson,2011,2015,Asian/Pacific Islander (includes Hispanic),
46,South Dakota,46031,Corson,2011,2015,Black (includes Hispanic),
46,South Dakota,46031,Corson,2011,2015,Hispanic (all races),
46,South Dakota,46031,Corson,2011,2015,American Indian/Alaskan Native (includes Hispanic),
46,South Dakota,46031,Corson,2011,2015,White (includes Hispanic),
46,South Dakota,46031,Corson,2012,2016,Asian/Pacific Islander (includes Hispanic),
46,South Dakota,46031,Corson,2012,2016,Black (includes Hispanic),
46,South Dakota,46031,Corson,2012,2016,Hispanic (all races),
46,South Dakota,46031,Corson,2012,2016,American Indian/Alaskan Native (includes Hispanic),
46,South Dakota,46031,Corson,2012,2016,White (includes Hispanic),
46,South Dakota,46031,Corson,2013,2017,Asian/Pacific Islander (includes Hispanic),
46,South Dakota,46031,Corson,2013,2017,Black (includes Hispanic),
46,South Dakota,46031,Corson,2013,2017,Hispanic (all races),
46,South Dakota,46031,Corson,2013,2017,American Indian/Alaskan Native (includes Hispanic),
46,South Dakota,46031,Corson,2013,2017,White (includes Hispanic),
46,South Dakota,46031,Corson,2014,2018,Asian/Pacific Islander (includes Hispanic),
46,South Dakota,46031,Corson,2014,2018,Black (includes Hispanic),
46,South Dakota,46031,Corson,2014,2018,Hispanic (all races),
46,South Dakota,46031,Corson,2014,2018,American Indian/Alaskan Native (includes Hispanic),
46,South Dakota,46031,Corson,2014,2018,White (includes Hispanic),
46,South Dakota,46031,Corson,2015,2019,Asian/Pacific Islander (includes Hispanic),
46,South Dakota,46031,Corson,2015,2019,Black (includes Hispanic),
46,South Dakota,46031,Corson,2015,2019,Hispanic (all races),
46,South Dakota,46031,Corson,2015,2019,American Indian/Alaskan Native (includes Hispanic),
46,South Dakota,46031,Corson,2015,2019,White (includes Hispanic),
46,South Dakota,46031,Corson,2016,2020,Asian/Pacific Islander (includes Hispanic),
46,South Dakota,46031,Corson,2016,2020,Black (includes Hispanic),
46,South Dakota,46031,Corson,2016,2020,Hispanic (all races),
46,South Dakota,46031,Corson,2016,2020,American Indian/Alaskan Native (includes Hispanic),
46,South Dakota,46031,Corson,2016,2020,White (includes Hispanic),
46,South Dakota,46033,Custer,2011,2015,Asian/Pacific Islander (includes Hispanic),
46,South Dakota,46033,Custer,2011,2015,Black (includes Hispanic),
46,South Dakota,46033,Custer,2011,2015,Hispanic (all races),
46,South Dakota,46033,Custer,2011,2015,American Indian/Alaskan Native (includes Hispanic),
46,South Dakota,46033,Custer,2011,2015,White (includes Hispanic),6.0
46,South Dakota,46033,Custer,2012,2016,Asian/Pacific Islander (includes Hispanic),
46,South Dakota,46033,Custer,2012,2016,Black (includes Hispanic),
46,South Dakota,46033,Custer,2012,2016,Hispanic (all races),
46,South Dakota,46033,Custer,2012,2016,American Indian/Alaskan Native (includes Hispanic),
46,South Dakota,46033,Custer,2012,2016,White (includes Hispanic),5.9
46,South Dakota,46033,Custer,2013,2017,Asian/Pacific Islander (includes Hispanic),
46,South Dakota,46033,Custer,2013,2017,Black (includes Hispanic),
46,South Dakota,46033,Custer,2013,2017,Hispanic (all races),
46,South Dakota,46033,Custer,2013,2017,American Indian/Alaskan Native (includes Hispanic),
46,South Dakota,46033,Custer,2013,2017,White (includes Hispanic),7.4
46,South Dakota,46033,Custer,2014,2018,Asian/Pacific Islander (includes Hispanic),
46,South Dakota,46033,Custer,2014,2018,Black (includes Hispanic),
46,South Dakota,46033,Custer,2014,2018,Hispanic (all races),
46,South Dakota,46033,Custer,2014,2018,American Indian/Alaskan Native (includes Hispanic),
46,South Dakota,46033,Custer,2014,2018,White (includes Hispanic),8.4
46,South Dakota,46033,Custer,2015,2019,Asian/Pacific Islander (includes Hispanic),
46,South Dakota,46033,Custer,2015,2019,Black (includes Hispanic),
46,South Dakota,46033,Custer,2015,2019,Hispanic (all races),
46,South Dakota,46033,Custer,2015,2019,American Indian/Alaskan Native (includes Hispanic),
46,South Dakota,46033,Custer,2015,2019,White (includes Hispanic),7.6
46,South Dakota,46033,Custer,2016,2020,Asian/Pacific Islander (includes Hispanic),
46,South Dakota,46033,Custer,2016,2020,Black (includes Hispanic),
46,South Dakota,46033,Custer,2016,2020,Hispanic (all races),
46,South Dakota,46033,Custer,2016,2020,American Indian/Alaskan Native (includes Hispanic),
46,South Dakota,46033,Custer,2016,2020,White (includes Hispanic),7.7
46,South Dakota,46035,Davison,2011,2015,Asian/Pacific Islander (includes Hispanic),
46,South Dakota,46035,Davison,2011,2015,Black (includes Hispanic),
46,South Dakota,46035,Davison,2011,2015,Hispanic (all races),
46,South Dakota,46035,Davison,2011,2015,American Indian/Alaskan Native (includes Hispanic),
46,South Dakota,46035,Davison,2011,2015,White (includes Hispanic),
46,South Dakota,46035,Davison,2012,2016,Asian/Pacific Islander (includes Hispanic),
46,South Dakota,46035,Davison,2012,2016,Black (includes Hispanic),
46,South Dakota,46035,Davison,2012,2016,Hispanic (all races),
46,South Dakota,46035,Davison,2012,2016,American Indian/Alaskan Native (includes Hispanic),
46,South Dakota,46035,Davison,2012,2016,White (includes Hispanic),
46,South Dakota,46035,Davison,2013,2017,Asian/Pacific Islander (includes Hispanic),
46,South Dakota,46035,Davison,2013,2017,Black (includes Hispanic),
46,South Dakota,46035,Davison,2013,2017,Hispanic (all races),
46,South Dakota,46035,Davison,2013,2017,American Indian/Alaskan Native (includes Hispanic),
46,South Dakota,46035,Davison,2013,2017,White (includes Hispanic),
46,South Dakota,46035,Davison,2014,2018,Asian/Pacific Islander (includes Hispanic),
46,South Dakota,46035,Davison,2014,2018,Black (includes Hispanic),
46,South Dakota,46035,Davison,2014,2018,Hispanic (all races),
46,South Dakota,46035,Davison,2014,2018,American Indian/Alaskan Native (includes Hispanic),
46,South Dakota,46035,Davison,2014,2018,White (includes Hispanic),
46,South Dakota,46035,Davison,2015,2019,Asian/Pacific Islander (includes Hispanic),
46,South Dakota,46035,Davison,2015,2019,Black (includes Hispanic),
46,South Dakota,46035,Davison,2015,2019,Hispanic (all races),
46,South Dakota,46035,Davison,2015,2019,American Indian/Alaskan Native (includes Hispanic),
46,South Dakota,46035,Davison,2015,2019,White (includes Hispanic),
46,South Dakota,46035,Davison,2016,2020,Asian/Pacific Islander (includes Hispanic),
46,South Dakota,46035,Davison,2016,2020,Black (includes Hispanic),
46,South Dakota,46035,Davison,2016,2020,Hispanic (all races),
46,South Dakota,46035,Davison,2016,2020,American Indian/Alaskan Native (includes Hispanic),
46,South Dakota,46035,Davison,2016,2020,White (includes Hispanic),
46,South Dakota,46037,Day,2011,2015,Asian/Pacific Islander (includes Hispanic),
46,South Dakota,46037,Day,2011,2015,Black (includes Hispanic),
46,South Dakota,46037,Day,2011,2015,Hispanic (all races),
46,South Dakota,46037,Day,2011,2015,American Indian/Alaskan Native (includes Hispanic),
46,South Dakota,46037,Day,2011,2015,White (includes Hispanic),
46,South Dakota,46037,Day,2012,2016,Asian/Pacific Islander (includes Hispanic),
46,South Dakota,46037,Day,2012,2016,Black (includes Hispanic),
46,South Dakota,46037,Day,2012,2016,Hispanic (all races),
46,South Dakota,46037,Day,2012,2016,American Indian/Alaskan Native (includes Hispanic),
46,South Dakota,46037,Day,2012,2016,White (includes Hispanic),
46,South Dakota,46037,Day,2013,2017,Asian/Pacific Islander (includes Hispanic),
46,South Dakota,46037,Day,2013,2017,Black (includes Hispanic),
46,South Dakota,46037,Day,2013,2017,Hispanic (all races),
46,South Dakota,46037,Day,2013,2017,American Indian/Alaskan Native (includes Hispanic),
46,South Dakota,46037,Day,2013,2017,White (includes Hispanic),6.7
46,South Dakota,46037,Day,2014,2018,Asian/Pacific Islander (includes Hispanic),
46,South Dakota,46037,Day,2014,2018,Black (includes Hispanic),
46,South Dakota,46037,Day,2014,2018,Hispanic (all races),
46,South Dakota,46037,Day,2014,2018,American Indian/Alaskan Native (includes Hispanic),
46,South Dakota,46037,Day,2014,2018,White (includes Hispanic),6.7
46,South Dakota,46037,Day,2015,2019,Asian/Pacific Islander (includes Hispanic),
46,South Dakota,46037,Day,2015,2019,Black (includes Hispanic),
46,South Dakota,46037,Day,2015,2019,Hispanic (all races),
46,South Dakota,46037,Day,2015,2019,American Indian/Alaskan Native (includes Hispanic),
46,South Dakota,46037,Day,2015,2019,White (includes Hispanic),7.0
46,South Dakota,46037,Day,2016,2020,Asian/Pacific Islander (includes Hispanic),
46,South Dakota,46037,Day,2016,2020,Black (includes Hispanic),
46,South Dakota,46037,Day,2016,2020,Hispanic (all races),
46,South Dakota,46037,Day,2016,2020,American Indian/Alaskan Native (includes Hispanic),
46,South Dakota,46037,Day,2016,2020,White (includes Hispanic),6.8
46,South Dakota,46039,Deuel,2011,2015,Asian/Pacific Islander (includes Hispanic),
46,South Dakota,46039,Deuel,2011,2015,Black (includes Hispanic),
46,South Dakota,46039,Deuel,2011,2015,Hispanic (all races),
46,South Dakota,46039,Deuel,2011,2015,American Indian/Alaskan Native (includes Hispanic),
46,South Dakota,46039,Deuel,2011,2015,White (includes Hispanic),
46,South Dakota,46039,Deuel,2012,2016,Asian/Pacific Islander (includes Hispanic),
46,South Dakota,46039,Deuel,2012,2016,Black (includes Hispanic),
46,South Dakota,46039,Deuel,2012,2016,Hispanic (all races),
46,South Dakota,46039,Deuel,2012,2016,American Indian/Alaskan Native (includes Hispanic),
46,South Dakota,46039,Deuel,2012,2016,White (includes Hispanic),
46,South Dakota,46039,Deuel,2013,2017,Asian/Pacific Islander (includes Hispanic),
46,South Dakota,46039,Deuel,2013,2017,Black (includes Hispanic),
46,South Dakota,46039,Deuel,2013,2017,Hispanic (all races),
46,South Dakota,46039,Deuel,2013,2017,American Indian/Alaskan Native (includes Hispanic),
46,South Dakota,46039,Deuel,2013,2017,White (includes Hispanic),7.8
46,South Dakota,46039,Deuel,2014,2018,Asian/Pacific Islander (includes Hispanic),
46,South Dakota,46039,Deuel,2014,2018,Black (includes Hispanic),
46,South Dakota,46039,Deuel,2014,2018,Hispanic (all races),
46,South Dakota,46039,Deuel,2014,2018,American Indian/Alaskan Native (includes Hispanic),
46,South Dakota,46039,Deuel,2014,2018,White (includes Hispanic),
46,South Dakota,46039,Deuel,2015,2019,Asian/Pacific Islander (includes Hispanic),
46,South Dakota,46039,Deuel,2015,2019,Black (includes Hispanic),
46,South Dakota,46039,Deuel,2015,2019,Hispanic (all races),
46,South Dakota,46039,Deuel,2015,2019,American Indian/Alaskan Native (includes Hispanic),
46,South Dakota,46039,Deuel,2015,2019,White (includes Hispanic),
46,South Dakota,46039,Deuel,2016,2020,Asian/Pacific Islander (includes Hispanic),
46,South Dakota,46039,Deuel,2016,2020,Black (includes Hispanic),
46,South Dakota,46039,Deuel,2016,2020,Hispanic (all races),
46,South Dakota,46039,Deuel,2016,2020,American Indian/Alaskan Native (includes Hispanic),
46,South Dakota,46039,Deuel,2016,2020,White (includes Hispanic),
46,South Dakota,46041,Dewey,2011,2015,Asian/Pacific Islander (includes Hispanic),
46,South Dakota,46041,Dewey,2011,2015,Black (includes Hispanic),
46,South Dakota,46041,Dewey,2011,2015,Hispanic (all races),
46,South Dakota,46041,Dewey,2011,2015,American Indian/Alaskan Native (includes Hispanic),
46,South Dakota,46041,Dewey,2011,2015,White (includes Hispanic),
46,South Dakota,46041,Dewey,2012,2016,Asian/Pacific Islander (includes Hispanic),
46,South Dakota,46041,Dewey,2012,2016,Black (includes Hispanic),
46,South Dakota,46041,Dewey,2012,2016,Hispanic (all races),
46,South Dakota,46041,Dewey,2012,2016,American Indian/Alaskan Native (includes Hispanic),
46,South Dakota,46041,Dewey,2012,2016,White (includes Hispanic),
46,South Dakota,46041,Dewey,2013,2017,Asian/Pacific Islander (includes Hispanic),
46,South Dakota,46041,Dewey,2013,2017,Black (includes Hispanic),
46,South Dakota,46041,Dewey,2013,2017,Hispanic (all races),
46,South Dakota,46041,Dewey,2013,2017,American Indian/Alaskan Native (includes Hispanic),
46,South Dakota,46041,Dewey,2013,2017,White (includes Hispanic),
46,South Dakota,46041,Dewey,2014,2018,Asian/Pacific Islander (includes Hispanic),
46,South Dakota,46041,Dewey,2014,2018,Black (includes Hispanic),
46,South Dakota,46041,Dewey,2014,2018,Hispanic (all races),
46,South Dakota,46041,Dewey,2014,2018,American Indian/Alaskan Native (includes Hispanic),
46,South Dakota,46041,Dewey,2014,2018,White (includes Hispanic),
46,South Dakota,46041,Dewey,2015,2019,Asian/Pacific Islander (includes Hispanic),
46,South Dakota,46041,Dewey,2015,2019,Black (includes Hispanic),
46,South Dakota,46041,Dewey,2015,2019,Hispanic (all races),
46,South Dakota,46041,Dewey,2015,2019,American Indian/Alaskan Native (includes Hispanic),
46,South Dakota,46041,Dewey,2015,2019,White (includes Hispanic),
46,South Dakota,46041,Dewey,2016,2020,Asian/Pacific Islander (includes Hispanic),
46,South Dakota,46041,Dewey,2016,2020,Black (includes Hispanic),
46,South Dakota,46041,Dewey,2016,2020,Hispanic (all races),
46,South Dakota,46041,Dewey,2016,2020,American Indian/Alaskan Native (includes Hispanic),
46,South Dakota,46041,Dewey,2016,2020,White (includes Hispanic),
46,South Dakota,46043,Douglas,2011,2015,Asian/Pacific Islander (includes Hispanic),
46,South Dakota,46043,Douglas,2011,2015,Black (includes Hispanic),
46,South Dakota,46043,Douglas,2011,2015,Hispanic (all races),
46,South Dakota,46043,Douglas,2011,2015,American Indian/Alaskan Native (includes Hispanic),
46,South Dakota,46043,Douglas,2011,2015,White (includes Hispanic),
46,South Dakota,46043,Douglas,2012,2016,Asian/Pacific Islander (includes Hispanic),
46,South Dakota,46043,Douglas,2012,2016,Black (includes Hispanic),
46,South Dakota,46043,Douglas,2012,2016,Hispanic (all races),
46,South Dakota,46043,Douglas,2012,2016,American Indian/Alaskan Native (includes Hispanic),
46,South Dakota,46043,Douglas,2012,2016,White (includes Hispanic),
46,South Dakota,46043,Douglas,2013,2017,Asian/Pacific Islander (includes Hispanic),
46,South Dakota,46043,Douglas,2013,2017,Black (includes Hispanic),
46,South Dakota,46043,Douglas,2013,2017,Hispanic (all races),
46,South Dakota,46043,Douglas,2013,2017,American Indian/Alaskan Native (includes Hispanic),
46,South Dakota,46043,Douglas,2013,2017,White (includes Hispanic),
46,South Dakota,46043,Douglas,2014,2018,Asian/Pacific Islander (includes Hispanic),
46,South Dakota,46043,Douglas,2014,2018,Black (includes Hispanic),
46,South Dakota,46043,Douglas,2014,2018,Hispanic (all races),
46,South Dakota,46043,Douglas,2014,2018,American Indian/Alaskan Native (includes Hispanic),
46,South Dakota,46043,Douglas,2014,2018,White (includes Hispanic),
46,South Dakota,46043,Douglas,2015,2019,Asian/Pacific Islander (includes Hispanic),
46,South Dakota,46043,Douglas,2015,2019,Black (includes Hispanic),
46,South Dakota,46043,Douglas,2015,2019,Hispanic (all races),
46,South Dakota,46043,Douglas,2015,2019,American Indian/Alaskan Native (includes Hispanic),
46,South Dakota,46043,Douglas,2015,2019,White (includes Hispanic),
46,South Dakota,46043,Douglas,2016,2020,Asian/Pacific Islander (includes Hispanic),
46,South Dakota,46043,Douglas,2016,2020,Black (includes Hispanic),
46,South Dakota,46043,Douglas,2016,2020,Hispanic (all races),
46,South Dakota,46043,Douglas,2016,2020,American Indian/Alaskan Native (includes Hispanic),
46,South Dakota,46043,Douglas,2016,2020,White (includes Hispanic),
46,South Dakota,46045,Edmunds,2011,2015,Asian/Pacific Islander (includes Hispanic),
46,South Dakota,46045,Edmunds,2011,2015,Black (includes Hispanic),
46,South Dakota,46045,Edmunds,2011,2015,Hispanic (all races),
46,South Dakota,46045,Edmunds,2011,2015,American Indian/Alaskan Native (includes Hispanic),
46,South Dakota,46045,Edmunds,2011,2015,White (includes Hispanic),
46,South Dakota,46045,Edmunds,2012,2016,Asian/Pacific Islander (includes Hispanic),
46,South Dakota,46045,Edmunds,2012,2016,Black (includes Hispanic),
46,South Dakota,46045,Edmunds,2012,2016,Hispanic (all races),
46,South Dakota,46045,Edmunds,2012,2016,American Indian/Alaskan Native (includes Hispanic),
46,South Dakota,46045,Edmunds,2012,2016,White (includes Hispanic),
46,South Dakota,46045,Edmunds,2013,2017,Asian/Pacific Islander (includes Hispanic),
46,South Dakota,46045,Edmunds,2013,2017,Black (includes Hispanic),
46,South Dakota,46045,Edmunds,2013,2017,Hispanic (all races),
46,South Dakota,46045,Edmunds,2013,2017,American Indian/Alaskan Native (includes Hispanic),
46,South Dakota,46045,Edmunds,2013,2017,White (includes Hispanic),
46,South Dakota,46045,Edmunds,2014,2018,Asian/Pacific Islander (includes Hispanic),
46,South Dakota,46045,Edmunds,2014,2018,Black (includes Hispanic),
46,South Dakota,46045,Edmunds,2014,2018,Hispanic (all races),
46,South Dakota,46045,Edmunds,2014,2018,American Indian/Alaskan Native (includes Hispanic),
46,South Dakota,46045,Edmunds,2014,2018,White (includes Hispanic),
46,South Dakota,46045,Edmunds,2015,2019,Asian/Pacific Islander (includes Hispanic),
46,South Dakota,46045,Edmunds,2015,2019,Black (includes Hispanic),
46,South Dakota,46045,Edmunds,2015,2019,Hispanic (all races),
46,South Dakota,46045,Edmunds,2015,2019,American Indian/Alaskan Native (includes Hispanic),
46,South Dakota,46045,Edmunds,2015,2019,White (includes Hispanic),
46,South Dakota,46045,Edmunds,2016,2020,Asian/Pacific Islander (includes Hispanic),
46,South Dakota,46045,Edmunds,2016,2020,Black (includes Hispanic),
46,South Dakota,46045,Edmunds,2016,2020,Hispanic (all races),
46,South Dakota,46045,Edmunds,2016,2020,American Indian/Alaskan Native (includes Hispanic),
46,South Dakota,46045,Edmunds,2016,2020,White (includes Hispanic),
46,South Dakota,46047,Fall River,2011,2015,Asian/Pacific Islander (includes Hispanic),
46,South Dakota,46047,Fall River,2011,2015,Black (includes Hispanic),
46,South Dakota,46047,Fall River,2011,2015,Hispanic (all races),
46,South Dakota,46047,Fall River,2011,2015,American Indian/Alaskan Native (includes Hispanic),
46,South Dakota,46047,Fall River,2011,2015,White (includes Hispanic),
46,South Dakota,46047,Fall River,2012,2016,Asian/Pacific Islander (includes Hispanic),
46,South Dakota,46047,Fall River,2012,2016,Black (includes Hispanic),
46,South Dakota,46047,Fall River,2012,2016,Hispanic (all races),
46,South Dakota,46047,Fall River,2012,2016,American Indian/Alaskan Native (includes Hispanic),
46,South Dakota,46047,Fall River,2012,2016,White (includes Hispanic),
46,South Dakota,46047,Fall River,2013,2017,Asian/Pacific Islander (includes Hispanic),
46,South Dakota,46047,Fall River,2013,2017,Black (includes Hispanic),
46,South Dakota,46047,Fall River,2013,2017,Hispanic (all races),
46,South Dakota,46047,Fall River,2013,2017,American Indian/Alaskan Native (includes Hispanic),
46,South Dakota,46047,Fall River,2013,2017,White (includes Hispanic),
46,South Dakota,46047,Fall River,2014,2018,Asian/Pacific Islander (includes Hispanic),
46,South Dakota,46047,Fall River,2014,2018,Black (includes Hispanic),
46,South Dakota,46047,Fall River,2014,2018,Hispanic (all races),
46,South Dakota,46047,Fall River,2014,2018,American Indian/Alaskan Native (includes Hispanic),
46,South Dakota,46047,Fall River,2014,2018,White (includes Hispanic),
46,South Dakota,46047,Fall River,2015,2019,Asian/Pacific Islander (includes Hispanic),
46,South Dakota,46047,Fall River,2015,2019,Black (includes Hispanic),
46,South Dakota,46047,Fall River,2015,2019,Hispanic (all races),
46,South Dakota,46047,Fall River,2015,2019,American Indian/Alaskan Native (includes Hispanic),
46,South Dakota,46047,Fall River,2015,2019,White (includes Hispanic),
46,South Dakota,46047,Fall River,2016,2020,Asian/Pacific Islander (includes Hispanic),
46,South Dakota,46047,Fall River,2016,2020,Black (includes Hispanic),
46,South Dakota,46047,Fall River,2016,2020,Hispanic (all races),
46,South Dakota,46047,Fall River,2016,2020,American Indian/Alaskan Native (includes Hispanic),
46,South Dakota,46047,Fall River,2016,2020,White (includes Hispanic),
46,South Dakota,46049,Faulk,2011,2015,Asian/Pacific Islander (includes Hispanic),
46,South Dakota,46049,Faulk,2011,2015,Black (includes Hispanic),
46,South Dakota,46049,Faulk,2011,2015,Hispanic (all races),
46,South Dakota,46049,Faulk,2011,2015,American Indian/Alaskan Native (includes Hispanic),
46,South Dakota,46049,Faulk,2011,2015,White (includes Hispanic),
46,South Dakota,46049,Faulk,2012,2016,Asian/Pacific Islander (includes Hispanic),
46,South Dakota,46049,Faulk,2012,2016,Black (includes Hispanic),
46,South Dakota,46049,Faulk,2012,2016,Hispanic (all races),
46,South Dakota,46049,Faulk,2012,2016,American Indian/Alaskan Native (includes Hispanic),
46,South Dakota,46049,Faulk,2012,2016,White (includes Hispanic),
46,South Dakota,46049,Faulk,2013,2017,Asian/Pacific Islander (includes Hispanic),
46,South Dakota,46049,Faulk,2013,2017,Black (includes Hispanic),
46,South Dakota,46049,Faulk,2013,2017,Hispanic (all races),
46,South Dakota,46049,Faulk,2013,2017,American Indian/Alaskan Native (includes Hispanic),
46,South Dakota,46049,Faulk,2013,2017,White (includes Hispanic),
46,South Dakota,46049,Faulk,2014,2018,Asian/Pacific Islander (includes Hispanic),
46,South Dakota,46049,Faulk,2014,2018,Black (includes Hispanic),
46,South Dakota,46049,Faulk,2014,2018,Hispanic (all races),
46,South Dakota,46049,Faulk,2014,2018,American Indian/Alaskan Native (includes Hispanic),
46,South Dakota,46049,Faulk,2014,2018,White (includes Hispanic),
46,South Dakota,46049,Faulk,2015,2019,Asian/Pacific Islander (includes Hispanic),
46,South Dakota,46049,Faulk,2015,2019,Black (includes Hispanic),
46,South Dakota,46049,Faulk,2015,2019,Hispanic (all races),
46,South Dakota,46049,Faulk,2015,2019,American Indian/Alaskan Native (includes Hispanic),
46,South Dakota,46049,Faulk,2015,2019,White (includes Hispanic),
46,South Dakota,46049,Faulk,2016,2020,Asian/Pacific Islander (includes Hispanic),
46,South Dakota,46049,Faulk,2016,2020,Black (includes Hispanic),
46,South Dakota,46049,Faulk,2016,2020,Hispanic (all races),
46,South Dakota,46049,Faulk,2016,2020,American Indian/Alaskan Native (includes Hispanic),
46,South Dakota,46049,Faulk,2016,2020,White (includes Hispanic),
46,South Dakota,46051,Grant,2011,2015,Asian/Pacific Islander (includes Hispanic),
46,South Dakota,46051,Grant,2011,2015,Black (includes Hispanic),
46,South Dakota,46051,Grant,2011,2015,Hispanic (all races),
46,South Dakota,46051,Grant,2011,2015,American Indian/Alaskan Native (includes Hispanic),
46,South Dakota,46051,Grant,2011,2015,White (includes Hispanic),
46,South Dakota,46051,Grant,2012,2016,Asian/Pacific Islander (includes Hispanic),
46,South Dakota,46051,Grant,2012,2016,Black (includes Hispanic),
46,South Dakota,46051,Grant,2012,2016,Hispanic (all races),
46,South Dakota,46051,Grant,2012,2016,American Indian/Alaskan Native (includes Hispanic),
46,South Dakota,46051,Grant,2012,2016,White (includes Hispanic),
46,South Dakota,46051,Grant,2013,2017,Asian/Pacific Islander (includes Hispanic),
46,South Dakota,46051,Grant,2013,2017,Black (includes Hispanic),
46,South Dakota,46051,Grant,2013,2017,Hispanic (all races),
46,South Dakota,46051,Grant,2013,2017,American Indian/Alaskan Native (includes Hispanic),
46,South Dakota,46051,Grant,2013,2017,White (includes Hispanic),
46,South Dakota,46051,Grant,2014,2018,Asian/Pacific Islander (includes Hispanic),
46,South Dakota,46051,Grant,2014,2018,Black (includes Hispanic),
46,South Dakota,46051,Grant,2014,2018,Hispanic (all races),
46,South Dakota,46051,Grant,2014,2018,American Indian/Alaskan Native (includes Hispanic),
46,South Dakota,46051,Grant,2014,2018,White (includes Hispanic),
46,South Dakota,46051,Grant,2015,2019,Asian/Pacific Islander (includes Hispanic),
46,South Dakota,46051,Grant,2015,2019,Black (includes Hispanic),
46,South Dakota,46051,Grant,2015,2019,Hispanic (all races),
46,South Dakota,46051,Grant,2015,2019,American Indian/Alaskan Native (includes Hispanic),
46,South Dakota,46051,Grant,2015,2019,White (includes Hispanic),
46,South Dakota,46051,Grant,2016,2020,Asian/Pacific Islander (includes Hispanic),
46,South Dakota,46051,Grant,2016,2020,Black (includes Hispanic),
46,South Dakota,46051,Grant,2016,2020,Hispanic (all races),
46,South Dakota,46051,Grant,2016,2020,American Indian/Alaskan Native (includes Hispanic),
46,South Dakota,46051,Grant,2016,2020,White (includes Hispanic),
46,South Dakota,46053,Gregory,2011,2015,Asian/Pacific Islander (includes Hispanic),
46,South Dakota,46053,Gregory,2011,2015,Black (includes Hispanic),
46,South Dakota,46053,Gregory,2011,2015,Hispanic (all races),
46,South Dakota,46053,Gregory,2011,2015,American Indian/Alaskan Native (includes Hispanic),
46,South Dakota,46053,Gregory,2011,2015,White (includes Hispanic),
46,South Dakota,46053,Gregory,2012,2016,Asian/Pacific Islander (includes Hispanic),
46,South Dakota,46053,Gregory,2012,2016,Black (includes Hispanic),
46,South Dakota,46053,Gregory,2012,2016,Hispanic (all races),
46,South Dakota,46053,Gregory,2012,2016,American Indian/Alaskan Native (includes Hispanic),
46,South Dakota,46053,Gregory,2012,2016,White (includes Hispanic),
46,South Dakota,46053,Gregory,2013,2017,Asian/Pacific Islander (includes Hispanic),
46,South Dakota,46053,Gregory,2013,2017,Black (includes Hispanic),
46,South Dakota,46053,Gregory,2013,2017,Hispanic (all races),
46,South Dakota,46053,Gregory,2013,2017,American Indian/Alaskan Native (includes Hispanic),
46,South Dakota,46053,Gregory,2013,2017,White (includes Hispanic),
46,South Dakota,46053,Gregory,2014,2018,Asian/Pacific Islander (includes Hispanic),
46,South Dakota,46053,Gregory,2014,2018,Black (includes Hispanic),
46,South Dakota,46053,Gregory,2014,2018,Hispanic (all races),
46,South Dakota,46053,Gregory,2014,2018,American Indian/Alaskan Native (includes Hispanic),
46,South Dakota,46053,Gregory,2014,2018,White (includes Hispanic),
46,South Dakota,46053,Gregory,2015,2019,Asian/Pacific Islander (includes Hispanic),
46,South Dakota,46053,Gregory,2015,2019,Black (includes Hispanic),
46,South Dakota,46053,Gregory,2015,2019,Hispanic (all races),
46,South Dakota,46053,Gregory,2015,2019,American Indian/Alaskan Native (includes Hispanic),
46,South Dakota,46053,Gregory,2015,2019,White (includes Hispanic),
46,South Dakota,46053,Gregory,2016,2020,Asian/Pacific Islander (includes Hispanic),
46,South Dakota,46053,Gregory,2016,2020,Black (includes Hispanic),
46,South Dakota,46053,Gregory,2016,2020,Hispanic (all races),
46,South Dakota,46053,Gregory,2016,2020,American Indian/Alaskan Native (includes Hispanic),
46,South Dakota,46053,Gregory,2016,2020,White (includes Hispanic),
46,South Dakota,46055,Haakon,2011,2015,Asian/Pacific Islander (includes Hispanic),
46,South Dakota,46055,Haakon,2011,2015,Black (includes Hispanic),
46,South Dakota,46055,Haakon,2011,2015,Hispanic (all races),
46,South Dakota,46055,Haakon,2011,2015,American Indian/Alaskan Native (includes Hispanic),
46,South Dakota,46055,Haakon,2011,2015,White (includes Hispanic),6.2
46,South Dakota,46055,Haakon,2012,2016,Asian/Pacific Islander (includes Hispanic),
46,South Dakota,46055,Haakon,2012,2016,Black (includes Hispanic),
46,South Dakota,46055,Haakon,2012,2016,Hispanic (all races),
46,South Dakota,46055,Haakon,2012,2016,American Indian/Alaskan Native (includes Hispanic),
46,South Dakota,46055,Haakon,2012,2016,White (includes Hispanic),5.9
46,South Dakota,46055,Haakon,2013,2017,Asian/Pacific Islander (includes Hispanic),
46,South Dakota,46055,Haakon,2013,2017,Black (includes Hispanic),
46,South Dakota,46055,Haakon,2013,2017,Hispanic (all races),
46,South Dakota,46055,Haakon,2013,2017,American Indian/Alaskan Native (includes Hispanic),
46,South Dakota,46055,Haakon,2013,2017,White (includes Hispanic),7.8
46,South Dakota,46055,Haakon,2014,2018,Asian/Pacific Islander (includes Hispanic),
46,South Dakota,46055,Haakon,2014,2018,Black (includes Hispanic),
46,South Dakota,46055,Haakon,2014,2018,Hispanic (all races),
46,South Dakota,46055,Haakon,2014,2018,American Indian/Alaskan Native (includes Hispanic),
46,South Dakota,46055,Haakon,2014,2018,White (includes Hispanic),8.9
46,South Dakota,46055,Haakon,2015,2019,Asian/Pacific Islander (includes Hispanic),
46,South Dakota,46055,Haakon,2015,2019,Black (includes Hispanic),
46,South Dakota,46055,Haakon,2015,2019,Hispanic (all races),
46,South Dakota,46055,Haakon,2015,2019,American Indian/Alaskan Native (includes Hispanic),
46,South Dakota,46055,Haakon,2015,2019,White (includes Hispanic),8.1
46,South Dakota,46055,Haakon,2016,2020,Asian/Pacific Islander (includes Hispanic),
46,South Dakota,46055,Haakon,2016,2020,Black (includes Hispanic),
46,South Dakota,46055,Haakon,2016,2020,Hispanic (all races),
46,South Dakota,46055,Haakon,2016,2020,American Indian/Alaskan Native (includes Hispanic),
46,South Dakota,46055,Haakon,2016,2020,White (includes Hispanic),8.5
46,South Dakota,46057,Hamlin,2011,2015,Asian/Pacific Islander (includes Hispanic),
46,South Dakota,46057,Hamlin,2011,2015,Black (includes Hispanic),
46,South Dakota,46057,Hamlin,2011,2015,Hispanic (all races),
46,South Dakota,46057,Hamlin,2011,2015,American Indian/Alaskan Native (includes Hispanic),
46,South Dakota,46057,Hamlin,2011,2015,White (includes Hispanic),
46,South Dakota,46057,Hamlin,2012,2016,Asian/Pacific Islander (includes Hispanic),
46,South Dakota,46057,Hamlin,2012,2016,Black (includes Hispanic),
46,South Dakota,46057,Hamlin,2012,2016,Hispanic (all races),
46,South Dakota,46057,Hamlin,2012,2016,American Indian/Alaskan Native (includes Hispanic),
46,South Dakota,46057,Hamlin,2012,2016,White (includes Hispanic),
46,South Dakota,46057,Hamlin,2013,2017,Asian/Pacific Islander (includes Hispanic),
46,South Dakota,46057,Hamlin,2013,2017,Black (includes Hispanic),
46,South Dakota,46057,Hamlin,2013,2017,Hispanic (all races),
46,South Dakota,46057,Hamlin,2013,2017,American Indian/Alaskan Native (includes Hispanic),
46,South Dakota,46057,Hamlin,2013,2017,White (includes Hispanic),
46,South Dakota,46057,Hamlin,2014,2018,Asian/Pacific Islander (includes Hispanic),
46,South Dakota,46057,Hamlin,2014,2018,Black (includes Hispanic),
46,South Dakota,46057,Hamlin,2014,2018,Hispanic (all races),
46,South Dakota,46057,Hamlin,2014,2018,American Indian/Alaskan Native (includes Hispanic),
46,South Dakota,46057,Hamlin,2014,2018,White (includes Hispanic),
46,South Dakota,46057,Hamlin,2015,2019,Asian/Pacific Islander (includes Hispanic),
46,South Dakota,46057,Hamlin,2015,2019,Black (includes Hispanic),
46,South Dakota,46057,Hamlin,2015,2019,Hispanic (all races),
46,South Dakota,46057,Hamlin,2015,2019,American Indian/Alaskan Native (includes Hispanic),
46,South Dakota,46057,Hamlin,2015,2019,White (includes Hispanic),
46,South Dakota,46057,Hamlin,2016,2020,Asian/Pacific Islander (includes Hispanic),
46,South Dakota,46057,Hamlin,2016,2020,Black (includes Hispanic),
46,South Dakota,46057,Hamlin,2016,2020,Hispanic (all races),
46,South Dakota,46057,Hamlin,2016,2020,American Indian/Alaskan Native (includes Hispanic),
46,South Dakota,46057,Hamlin,2016,2020,White (includes Hispanic),
46,South Dakota,46059,Hand,2011,2015,Asian/Pacific Islander (includes Hispanic),
46,South Dakota,46059,Hand,2011,2015,Black (includes Hispanic),
46,South Dakota,46059,Hand,2011,2015,Hispanic (all races),
46,South Dakota,46059,Hand,2011,2015,American Indian/Alaskan Native (includes Hispanic),
46,South Dakota,46059,Hand,2011,2015,White (includes Hispanic),
46,South Dakota,46059,Hand,2012,2016,Asian/Pacific Islander (includes Hispanic),
46,South Dakota,46059,Hand,2012,2016,Black (includes Hispanic),
46,South Dakota,46059,Hand,2012,2016,Hispanic (all races),
46,South Dakota,46059,Hand,2012,2016,American Indian/Alaskan Native (includes Hispanic),
46,South Dakota,46059,Hand,2012,2016,White (includes Hispanic),
46,South Dakota,46059,Hand,2013,2017,Asian/Pacific Islander (includes Hispanic),
46,South Dakota,46059,Hand,2013,2017,Black (includes Hispanic),
46,South Dakota,46059,Hand,2013,2017,Hispanic (all races),
46,South Dakota,46059,Hand,2013,2017,American Indian/Alaskan Native (includes Hispanic),
46,South Dakota,46059,Hand,2013,2017,White (includes Hispanic),
46,South Dakota,46059,Hand,2014,2018,Asian/Pacific Islander (includes Hispanic),
46,South Dakota,46059,Hand,2014,2018,Black (includes Hispanic),
46,South Dakota,46059,Hand,2014,2018,Hispanic (all races),
46,South Dakota,46059,Hand,2014,2018,American Indian/Alaskan Native (includes Hispanic),
46,South Dakota,46059,Hand,2014,2018,White (includes Hispanic),
46,South Dakota,46059,Hand,2015,2019,Asian/Pacific Islander (includes Hispanic),
46,South Dakota,46059,Hand,2015,2019,Black (includes Hispanic),
46,South Dakota,46059,Hand,2015,2019,Hispanic (all races),
46,South Dakota,46059,Hand,2015,2019,American Indian/Alaskan Native (includes Hispanic),
46,South Dakota,46059,Hand,2015,2019,White (includes Hispanic),
46,South Dakota,46059,Hand,2016,2020,Asian/Pacific Islander (includes Hispanic),
46,South Dakota,46059,Hand,2016,2020,Black (includes Hispanic),
46,South Dakota,46059,Hand,2016,2020,Hispanic (all races),
46,South Dakota,46059,Hand,2016,2020,American Indian/Alaskan Native (includes Hispanic),
46,South Dakota,46059,Hand,2016,2020,White (includes Hispanic),
46,South Dakota,46061,Hanson,2011,2015,Asian/Pacific Islander (includes Hispanic),
46,South Dakota,46061,Hanson,2011,2015,Black (includes Hispanic),
46,South Dakota,46061,Hanson,2011,2015,Hispanic (all races),
46,South Dakota,46061,Hanson,2011,2015,American Indian/Alaskan Native (includes Hispanic),
46,South Dakota,46061,Hanson,2011,2015,White (includes Hispanic),
46,South Dakota,46061,Hanson,2012,2016,Asian/Pacific Islander (includes Hispanic),
46,South Dakota,46061,Hanson,2012,2016,Black (includes Hispanic),
46,South Dakota,46061,Hanson,2012,2016,Hispanic (all races),
46,South Dakota,46061,Hanson,2012,2016,American Indian/Alaskan Native (includes Hispanic),
46,South Dakota,46061,Hanson,2012,2016,White (includes Hispanic),
46,South Dakota,46061,Hanson,2013,2017,Asian/Pacific Islander (includes Hispanic),
46,South Dakota,46061,Hanson,2013,2017,Black (includes Hispanic),
46,South Dakota,46061,Hanson,2013,2017,Hispanic (all races),
46,South Dakota,46061,Hanson,2013,2017,American Indian/Alaskan Native (includes Hispanic),
46,South Dakota,46061,Hanson,2013,2017,White (includes Hispanic),
46,South Dakota,46061,Hanson,2014,2018,Asian/Pacific Islander (includes Hispanic),
46,South Dakota,46061,Hanson,2014,2018,Black (includes Hispanic),
46,South Dakota,46061,Hanson,2014,2018,Hispanic (all races),
46,South Dakota,46061,Hanson,2014,2018,American Indian/Alaskan Native (includes Hispanic),
46,South Dakota,46061,Hanson,2014,2018,White (includes Hispanic),
46,South Dakota,46061,Hanson,2015,2019,Asian/Pacific Islander (includes Hispanic),
46,South Dakota,46061,Hanson,2015,2019,Black (includes Hispanic),
46,South Dakota,46061,Hanson,2015,2019,Hispanic (all races),
46,South Dakota,46061,Hanson,2015,2019,American Indian/Alaskan Native (includes Hispanic),
46,South Dakota,46061,Hanson,2015,2019,White (includes Hispanic),
46,South Dakota,46061,Hanson,2016,2020,Asian/Pacific Islander (includes Hispanic),
46,South Dakota,46061,Hanson,2016,2020,Black (includes Hispanic),
46,South Dakota,46061,Hanson,2016,2020,Hispanic (all races),
46,South Dakota,46061,Hanson,2016,2020,American Indian/Alaskan Native (includes Hispanic),
46,South Dakota,46061,Hanson,2016,2020,White (includes Hispanic),
46,South Dakota,46063,Harding,2011,2015,Asian/Pacific Islander (includes Hispanic),
46,South Dakota,46063,Harding,2011,2015,Black (includes Hispanic),
46,South Dakota,46063,Harding,2011,2015,Hispanic (all races),
46,South Dakota,46063,Harding,2011,2015,American Indian/Alaskan Native (includes Hispanic),
46,South Dakota,46063,Harding,2011,2015,White (includes Hispanic),
46,South Dakota,46063,Harding,2012,2016,Asian/Pacific Islander (includes Hispanic),
46,South Dakota,46063,Harding,2012,2016,Black (includes Hispanic),
46,South Dakota,46063,Harding,2012,2016,Hispanic (all races),
46,South Dakota,46063,Harding,2012,2016,American Indian/Alaskan Native (includes Hispanic),
46,South Dakota,46063,Harding,2012,2016,White (includes Hispanic),
46,South Dakota,46063,Harding,2013,2017,Asian/Pacific Islander (includes Hispanic),
46,South Dakota,46063,Harding,2013,2017,Black (includes Hispanic),
46,South Dakota,46063,Harding,2013,2017,Hispanic (all races),
46,South Dakota,46063,Harding,2013,2017,American Indian/Alaskan Native (includes Hispanic),
46,South Dakota,46063,Harding,2013,2017,White (includes Hispanic),
46,South Dakota,46063,Harding,2014,2018,Asian/Pacific Islander (includes Hispanic),
46,South Dakota,46063,Harding,2014,2018,Black (includes Hispanic),
46,South Dakota,46063,Harding,2014,2018,Hispanic (all races),
46,South Dakota,46063,Harding,2014,2018,American Indian/Alaskan Native (includes Hispanic),
46,South Dakota,46063,Harding,2014,2018,White (includes Hispanic),
46,South Dakota,46063,Harding,2015,2019,Asian/Pacific Islander (includes Hispanic),
46,South Dakota,46063,Harding,2015,2019,Black (includes Hispanic),
46,South Dakota,46063,Harding,2015,2019,Hispanic (all races),
46,South Dakota,46063,Harding,2015,2019,American Indian/Alaskan Native (includes Hispanic),
46,South Dakota,46063,Harding,2015,2019,White (includes Hispanic),
46,South Dakota,46063,Harding,2016,2020,Asian/Pacific Islander (includes Hispanic),
46,South Dakota,46063,Harding,2016,2020,Black (includes Hispanic),
46,South Dakota,46063,Harding,2016,2020,Hispanic (all races),
46,South Dakota,46063,Harding,2016,2020,American Indian/Alaskan Native (includes Hispanic),
46,South Dakota,46063,Harding,2016,2020,White (includes Hispanic),
46,South Dakota,46065,Hughes,2011,2015,Asian/Pacific Islander (includes Hispanic),
46,South Dakota,46065,Hughes,2011,2015,Black (includes Hispanic),
46,South Dakota,46065,Hughes,2011,2015,Hispanic (all races),
46,South Dakota,46065,Hughes,2011,2015,American Indian/Alaskan Native (includes Hispanic),
46,South Dakota,46065,Hughes,2011,2015,White (includes Hispanic),
46,South Dakota,46065,Hughes,2012,2016,Asian/Pacific Islander (includes Hispanic),
46,South Dakota,46065,Hughes,2012,2016,Black (includes Hispanic),
46,South Dakota,46065,Hughes,2012,2016,Hispanic (all races),
46,South Dakota,46065,Hughes,2012,2016,American Indian/Alaskan Native (includes Hispanic),
46,South Dakota,46065,Hughes,2012,2016,White (includes Hispanic),
46,South Dakota,46065,Hughes,2013,2017,Asian/Pacific Islander (includes Hispanic),
46,South Dakota,46065,Hughes,2013,2017,Black (includes Hispanic),
46,South Dakota,46065,Hughes,2013,2017,Hispanic (all races),
46,South Dakota,46065,Hughes,2013,2017,American Indian/Alaskan Native (includes Hispanic),
46,South Dakota,46065,Hughes,2013,2017,White (includes Hispanic),
46,South Dakota,46065,Hughes,2014,2018,Asian/Pacific Islander (includes Hispanic),
46,South Dakota,46065,Hughes,2014,2018,Black (includes Hispanic),
46,South Dakota,46065,Hughes,2014,2018,Hispanic (all races),
46,South Dakota,46065,Hughes,2014,2018,American Indian/Alaskan Native (includes Hispanic),
46,South Dakota,46065,Hughes,2014,2018,White (includes Hispanic),
46,South Dakota,46065,Hughes,2015,2019,Asian/Pacific Islander (includes Hispanic),
46,South Dakota,46065,Hughes,2015,2019,Black (includes Hispanic),
46,South Dakota,46065,Hughes,2015,2019,Hispanic (all races),
46,South Dakota,46065,Hughes,2015,2019,American Indian/Alaskan Native (includes Hispanic),
46,South Dakota,46065,Hughes,2015,2019,White (includes Hispanic),
46,South Dakota,46065,Hughes,2016,2020,Asian/Pacific Islander (includes Hispanic),
46,South Dakota,46065,Hughes,2016,2020,Black (includes Hispanic),
46,South Dakota,46065,Hughes,2016,2020,Hispanic (all races),
46,South Dakota,46065,Hughes,2016,2020,American Indian/Alaskan Native (includes Hispanic),
46,South Dakota,46065,Hughes,2016,2020,White (includes Hispanic),
46,South Dakota,46067,Hutchinson,2011,2015,Asian/Pacific Islander (includes Hispanic),
46,South Dakota,46067,Hutchinson,2011,2015,Black (includes Hispanic),
46,South Dakota,46067,Hutchinson,2011,2015,Hispanic (all races),
46,South Dakota,46067,Hutchinson,2011,2015,American Indian/Alaskan Native (includes Hispanic),
46,South Dakota,46067,Hutchinson,2011,2015,White (includes Hispanic),
46,South Dakota,46067,Hutchinson,2012,2016,Asian/Pacific Islander (includes Hispanic),
46,South Dakota,46067,Hutchinson,2012,2016,Black (includes Hispanic),
46,South Dakota,46067,Hutchinson,2012,2016,Hispanic (all races),
46,South Dakota,46067,Hutchinson,2012,2016,American Indian/Alaskan Native (includes Hispanic),
46,South Dakota,46067,Hutchinson,2012,2016,White (includes Hispanic),
46,South Dakota,46067,Hutchinson,2013,2017,Asian/Pacific Islander (includes Hispanic),
46,South Dakota,46067,Hutchinson,2013,2017,Black (includes Hispanic),
46,South Dakota,46067,Hutchinson,2013,2017,Hispanic (all races),
46,South Dakota,46067,Hutchinson,2013,2017,American Indian/Alaskan Native (includes Hispanic),
46,South Dakota,46067,Hutchinson,2013,2017,White (includes Hispanic),
46,South Dakota,46067,Hutchinson,2014,2018,Asian/Pacific Islander (includes Hispanic),
46,South Dakota,46067,Hutchinson,2014,2018,Black (includes Hispanic),
46,South Dakota,46067,Hutchinson,2014,2018,Hispanic (all races),
46,South Dakota,46067,Hutchinson,2014,2018,American Indian/Alaskan Native (includes Hispanic),
46,South Dakota,46067,Hutchinson,2014,2018,White (includes Hispanic),
46,South Dakota,46067,Hutchinson,2015,2019,Asian/Pacific Islander (includes Hispanic),
46,South Dakota,46067,Hutchinson,2015,2019,Black (includes Hispanic),
46,South Dakota,46067,Hutchinson,2015,2019,Hispanic (all races),
46,South Dakota,46067,Hutchinson,2015,2019,American Indian/Alaskan Native (includes Hispanic),
46,South Dakota,46067,Hutchinson,2015,2019,White (includes Hispanic),
46,South Dakota,46067,Hutchinson,2016,2020,Asian/Pacific Islander (includes Hispanic),
46,South Dakota,46067,Hutchinson,2016,2020,Black (includes Hispanic),
46,South Dakota,46067,Hutchinson,2016,2020,Hispanic (all races),
46,South Dakota,46067,Hutchinson,2016,2020,American Indian/Alaskan Native (includes Hispanic),
46,South Dakota,46067,Hutchinson,2016,2020,White (includes Hispanic),
46,South Dakota,46069,Hyde,2011,2015,Asian/Pacific Islander (includes Hispanic),
46,South Dakota,46069,Hyde,2011,2015,Black (includes Hispanic),
46,South Dakota,46069,Hyde,2011,2015,Hispanic (all races),
46,South Dakota,46069,Hyde,2011,2015,American Indian/Alaskan Native (includes Hispanic),
46,South Dakota,46069,Hyde,2011,2015,White (includes Hispanic),
46,South Dakota,46069,Hyde,2012,2016,Asian/Pacific Islander (includes Hispanic),
46,South Dakota,46069,Hyde,2012,2016,Black (includes Hispanic),
46,South Dakota,46069,Hyde,2012,2016,Hispanic (all races),
46,South Dakota,46069,Hyde,2012,2016,American Indian/Alaskan Native (includes Hispanic),
46,South Dakota,46069,Hyde,2012,2016,White (includes Hispanic),
46,South Dakota,46069,Hyde,2013,2017,Asian/Pacific Islander (includes Hispanic),
46,South Dakota,46069,Hyde,2013,2017,Black (includes Hispanic),
46,South Dakota,46069,Hyde,2013,2017,Hispanic (all races),
46,South Dakota,46069,Hyde,2013,2017,American Indian/Alaskan Native (includes Hispanic),
46,South Dakota,46069,Hyde,2013,2017,White (includes Hispanic),
46,South Dakota,46069,Hyde,2014,2018,Asian/Pacific Islander (includes Hispanic),
46,South Dakota,46069,Hyde,2014,2018,Black (includes Hispanic),
46,South Dakota,46069,Hyde,2014,2018,Hispanic (all races),
46,South Dakota,46069,Hyde,2014,2018,American Indian/Alaskan Native (includes Hispanic),
46,South Dakota,46069,Hyde,2014,2018,White (includes Hispanic),
46,South Dakota,46069,Hyde,2015,2019,Asian/Pacific Islander (includes Hispanic),
46,South Dakota,46069,Hyde,2015,2019,Black (includes Hispanic),
46,South Dakota,46069,Hyde,2015,2019,Hispanic (all races),
46,South Dakota,46069,Hyde,2015,2019,American Indian/Alaskan Native (includes Hispanic),
46,South Dakota,46069,Hyde,2015,2019,White (includes Hispanic),
46,South Dakota,46069,Hyde,2016,2020,Asian/Pacific Islander (includes Hispanic),
46,South Dakota,46069,Hyde,2016,2020,Black (includes Hispanic),
46,South Dakota,46069,Hyde,2016,2020,Hispanic (all races),
46,South Dakota,46069,Hyde,2016,2020,American Indian/Alaskan Native (includes Hispanic),
46,South Dakota,46069,Hyde,2016,2020,White (includes Hispanic),
46,South Dakota,46071,Jackson,2011,2015,Asian/Pacific Islander (includes Hispanic),
46,South Dakota,46071,Jackson,2011,2015,Black (includes Hispanic),
46,South Dakota,46071,Jackson,2011,2015,Hispanic (all races),
46,South Dakota,46071,Jackson,2011,2015,American Indian/Alaskan Native (includes Hispanic),
46,South Dakota,46071,Jackson,2011,2015,White (includes Hispanic),6.4
46,South Dakota,46071,Jackson,2012,2016,Asian/Pacific Islander (includes Hispanic),
46,South Dakota,46071,Jackson,2012,2016,Black (includes Hispanic),
46,South Dakota,46071,Jackson,2012,2016,Hispanic (all races),
46,South Dakota,46071,Jackson,2012,2016,American Indian/Alaskan Native (includes Hispanic),
46,South Dakota,46071,Jackson,2012,2016,White (includes Hispanic),
46,South Dakota,46071,Jackson,2013,2017,Asian/Pacific Islander (includes Hispanic),
46,South Dakota,46071,Jackson,2013,2017,Black (includes Hispanic),
46,South Dakota,46071,Jackson,2013,2017,Hispanic (all races),
46,South Dakota,46071,Jackson,2013,2017,American Indian/Alaskan Native (includes Hispanic),
46,South Dakota,46071,Jackson,2013,2017,White (includes Hispanic),8.3
46,South Dakota,46071,Jackson,2014,2018,Asian/Pacific Islander (includes Hispanic),
46,South Dakota,46071,Jackson,2014,2018,Black (includes Hispanic),
46,South Dakota,46071,Jackson,2014,2018,Hispanic (all races),
46,South Dakota,46071,Jackson,2014,2018,American Indian/Alaskan Native (includes Hispanic),
46,South Dakota,46071,Jackson,2014,2018,White (includes Hispanic),10.2
46,South Dakota,46071,Jackson,2015,2019,Asian/Pacific Islander (includes Hispanic),
46,South Dakota,46071,Jackson,2015,2019,Black (includes Hispanic),
46,South Dakota,46071,Jackson,2015,2019,Hispanic (all races),
46,South Dakota,46071,Jackson,2015,2019,American Indian/Alaskan Native (includes Hispanic),
46,South Dakota,46071,Jackson,2015,2019,White (includes Hispanic),9.4
46,South Dakota,46071,Jackson,2016,2020,Asian/Pacific Islander (includes Hispanic),
46,South Dakota,46071,Jackson,2016,2020,Black (includes Hispanic),
46,South Dakota,46071,Jackson,2016,2020,Hispanic (all races),
46,South Dakota,46071,Jackson,2016,2020,American Indian/Alaskan Native (includes Hispanic),
46,South Dakota,46071,Jackson,2016,2020,White (includes Hispanic),10.2
46,South Dakota,46073,Jerauld,2011,2015,Asian/Pacific Islander (includes Hispanic),
46,South Dakota,46073,Jerauld,2011,2015,Black (includes Hispanic),
46,South Dakota,46073,Jerauld,2011,2015,Hispanic (all races),
46,South Dakota,46073,Jerauld,2011,2015,American Indian/Alaskan Native (includes Hispanic),
46,South Dakota,46073,Jerauld,2011,2015,White (includes Hispanic),
46,South Dakota,46073,Jerauld,2012,2016,Asian/Pacific Islander (includes Hispanic),
46,South Dakota,46073,Jerauld,2012,2016,Black (includes Hispanic),
46,South Dakota,46073,Jerauld,2012,2016,Hispanic (all races),
46,South Dakota,46073,Jerauld,2012,2016,American Indian/Alaskan Native (includes Hispanic),
46,South Dakota,46073,Jerauld,2012,2016,White (includes Hispanic),
46,South Dakota,46073,Jerauld,2013,2017,Asian/Pacific Islander (includes Hispanic),
46,South Dakota,46073,Jerauld,2013,2017,Black (includes Hispanic),
46,South Dakota,46073,Jerauld,2013,2017,Hispanic (all races),
46,South Dakota,46073,Jerauld,2013,2017,American Indian/Alaskan Native (includes Hispanic),
46,South Dakota,46073,Jerauld,2013,2017,White (includes Hispanic),
46,South Dakota,46073,Jerauld,2014,2018,Asian/Pacific Islander (includes Hispanic),
46,South Dakota,46073,Jerauld,2014,2018,Black (includes Hispanic),
46,South Dakota,46073,Jerauld,2014,2018,Hispanic (all races),
46,South Dakota,46073,Jerauld,2014,2018,American Indian/Alaskan Native (includes Hispanic),
46,South Dakota,46073,Jerauld,2014,2018,White (includes Hispanic),
46,South Dakota,46073,Jerauld,2015,2019,Asian/Pacific Islander (includes Hispanic),
46,South Dakota,46073,Jerauld,2015,2019,Black (includes Hispanic),
46,South Dakota,46073,Jerauld,2015,2019,Hispanic (all races),
46,South Dakota,46073,Jerauld,2015,2019,American Indian/Alaskan Native (includes Hispanic),
46,South Dakota,46073,Jerauld,2015,2019,White (includes Hispanic),
46,South Dakota,46073,Jerauld,2016,2020,Asian/Pacific Islander (includes Hispanic),
46,South Dakota,46073,Jerauld,2016,2020,Black (includes Hispanic),
46,South Dakota,46073,Jerauld,2016,2020,Hispanic (all races),
46,South Dakota,46073,Jerauld,2016,2020,American Indian/Alaskan Native (includes Hispanic),
46,South Dakota,46073,Jerauld,2016,2020,White (includes Hispanic),
46,South Dakota,46075,Jones,2011,2015,Asian/Pacific Islander (includes Hispanic),
46,South Dakota,46075,Jones,2011,2015,Black (includes Hispanic),
46,South Dakota,46075,Jones,2011,2015,Hispanic (all races),
46,South Dakota,46075,Jones,2011,2015,American Indian/Alaskan Native (includes Hispanic),
46,South Dakota,46075,Jones,2011,2015,White (includes Hispanic),
46,South Dakota,46075,Jones,2012,2016,Asian/Pacific Islander (includes Hispanic),
46,South Dakota,46075,Jones,2012,2016,Black (includes Hispanic),
46,South Dakota,46075,Jones,2012,2016,Hispanic (all races),
46,South Dakota,46075,Jones,2012,2016,American Indian/Alaskan Native (includes Hispanic),
46,South Dakota,46075,Jones,2012,2016,White (includes Hispanic),
46,South Dakota,46075,Jones,2013,2017,Asian/Pacific Islander (includes Hispanic),
46,South Dakota,46075,Jones,2013,2017,Black (includes Hispanic),
46,South Dakota,46075,Jones,2013,2017,Hispanic (all races),
46,South Dakota,46075,Jones,2013,2017,American Indian/Alaskan Native (includes Hispanic),
46,South Dakota,46075,Jones,2013,2017,White (includes Hispanic),
46,South Dakota,46075,Jones,2014,2018,Asian/Pacific Islander (includes Hispanic),
46,South Dakota,46075,Jones,2014,2018,Black (includes Hispanic),
46,South Dakota,46075,Jones,2014,2018,Hispanic (all races),
46,South Dakota,46075,Jones,2014,2018,American Indian/Alaskan Native (includes Hispanic),
46,South Dakota,46075,Jones,2014,2018,White (includes Hispanic),
46,South Dakota,46075,Jones,2015,2019,Asian/Pacific Islander (includes Hispanic),
46,South Dakota,46075,Jones,2015,2019,Black (includes Hispanic),
46,South Dakota,46075,Jones,2015,2019,Hispanic (all races),
46,South Dakota,46075,Jones,2015,2019,American Indian/Alaskan Native (includes Hispanic),
46,South Dakota,46075,Jones,2015,2019,White (includes Hispanic),
46,South Dakota,46075,Jones,2016,2020,Asian/Pacific Islander (includes Hispanic),
46,South Dakota,46075,Jones,2016,2020,Black (includes Hispanic),
46,South Dakota,46075,Jones,2016,2020,Hispanic (all races),
46,South Dakota,46075,Jones,2016,2020,American Indian/Alaskan Native (includes Hispanic),
46,South Dakota,46075,Jones,2016,2020,White (includes Hispanic),
46,South Dakota,46077,Kingsbury,2011,2015,Asian/Pacific Islander (includes Hispanic),
46,South Dakota,46077,Kingsbury,2011,2015,Black (includes Hispanic),
46,South Dakota,46077,Kingsbury,2011,2015,Hispanic (all races),
46,South Dakota,46077,Kingsbury,2011,2015,American Indian/Alaskan Native (includes Hispanic),
46,South Dakota,46077,Kingsbury,2011,2015,White (includes Hispanic),
46,South Dakota,46077,Kingsbury,2012,2016,Asian/Pacific Islander (includes Hispanic),
46,South Dakota,46077,Kingsbury,2012,2016,Black (includes Hispanic),
46,South Dakota,46077,Kingsbury,2012,2016,Hispanic (all races),
46,South Dakota,46077,Kingsbury,2012,2016,American Indian/Alaskan Native (includes Hispanic),
46,South Dakota,46077,Kingsbury,2012,2016,White (includes Hispanic),
46,South Dakota,46077,Kingsbury,2013,2017,Asian/Pacific Islander (includes Hispanic),
46,South Dakota,46077,Kingsbury,2013,2017,Black (includes Hispanic),
46,South Dakota,46077,Kingsbury,2013,2017,Hispanic (all races),
46,South Dakota,46077,Kingsbury,2013,2017,American Indian/Alaskan Native (includes Hispanic),
46,South Dakota,46077,Kingsbury,2013,2017,White (includes Hispanic),
46,South Dakota,46077,Kingsbury,2014,2018,Asian/Pacific Islander (includes Hispanic),
46,South Dakota,46077,Kingsbury,2014,2018,Black (includes Hispanic),
46,South Dakota,46077,Kingsbury,2014,2018,Hispanic (all races),
46,South Dakota,46077,Kingsbury,2014,2018,American Indian/Alaskan Native (includes Hispanic),
46,South Dakota,46077,Kingsbury,2014,2018,White (includes Hispanic),
46,South Dakota,46077,Kingsbury,2015,2019,Asian/Pacific Islander (includes Hispanic),
46,South Dakota,46077,Kingsbury,2015,2019,Black (includes Hispanic),
46,South Dakota,46077,Kingsbury,2015,2019,Hispanic (all races),
46,South Dakota,46077,Kingsbury,2015,2019,American Indian/Alaskan Native (includes Hispanic),
46,South Dakota,46077,Kingsbury,2015,2019,White (includes Hispanic),
46,South Dakota,46077,Kingsbury,2016,2020,Asian/Pacific Islander (includes Hispanic),
46,South Dakota,46077,Kingsbury,2016,2020,Black (includes Hispanic),
46,South Dakota,46077,Kingsbury,2016,2020,Hispanic (all races),
46,South Dakota,46077,Kingsbury,2016,2020,American Indian/Alaskan Native (includes Hispanic),
46,South Dakota,46077,Kingsbury,2016,2020,White (includes Hispanic),
46,South Dakota,46079,Lake,2011,2015,Asian/Pacific Islander (includes Hispanic),
46,South Dakota,46079,Lake,2011,2015,Black (includes Hispanic),
46,South Dakota,46079,Lake,2011,2015,Hispanic (all races),
46,South Dakota,46079,Lake,2011,2015,American Indian/Alaskan Native (includes Hispanic),
46,South Dakota,46079,Lake,2011,2015,White (includes Hispanic),5.8
46,South Dakota,46079,Lake,2012,2016,Asian/Pacific Islander (includes Hispanic),
46,South Dakota,46079,Lake,2012,2016,Black (includes Hispanic),
46,South Dakota,46079,Lake,2012,2016,Hispanic (all races),
46,South Dakota,46079,Lake,2012,2016,American Indian/Alaskan Native (includes Hispanic),
46,South Dakota,46079,Lake,2012,2016,White (includes Hispanic),5.5
46,South Dakota,46079,Lake,2013,2017,Asian/Pacific Islander (includes Hispanic),
46,South Dakota,46079,Lake,2013,2017,Black (includes Hispanic),
46,South Dakota,46079,Lake,2013,2017,Hispanic (all races),
46,South Dakota,46079,Lake,2013,2017,American Indian/Alaskan Native (includes Hispanic),
46,South Dakota,46079,Lake,2013,2017,White (includes Hispanic),5.8
46,South Dakota,46079,Lake,2014,2018,Asian/Pacific Islander (includes Hispanic),
46,South Dakota,46079,Lake,2014,2018,Black (includes Hispanic),
46,South Dakota,46079,Lake,2014,2018,Hispanic (all races),
46,South Dakota,46079,Lake,2014,2018,American Indian/Alaskan Native (includes Hispanic),
46,South Dakota,46079,Lake,2014,2018,White (includes Hispanic),5.4
46,South Dakota,46079,Lake,2015,2019,Asian/Pacific Islander (includes Hispanic),
46,South Dakota,46079,Lake,2015,2019,Black (includes Hispanic),
46,South Dakota,46079,Lake,2015,2019,Hispanic (all races),
46,South Dakota,46079,Lake,2015,2019,American Indian/Alaskan Native (includes Hispanic),
46,South Dakota,46079,Lake,2015,2019,White (includes Hispanic),4.7
46,South Dakota,46079,Lake,2016,2020,Asian/Pacific Islander (includes Hispanic),
46,South Dakota,46079,Lake,2016,2020,Black (includes Hispanic),
46,South Dakota,46079,Lake,2016,2020,Hispanic (all races),
46,South Dakota,46079,Lake,2016,2020,American Indian/Alaskan Native (includes Hispanic),
46,South Dakota,46079,Lake,2016,2020,White (includes Hispanic),4.8
46,South Dakota,46081,Lawrence,2011,2015,Asian/Pacific Islander (includes Hispanic),
46,South Dakota,46081,Lawrence,2011,2015,Black (includes Hispanic),
46,South Dakota,46081,Lawrence,2011,2015,Hispanic (all races),
46,South Dakota,46081,Lawrence,2011,2015,American Indian/Alaskan Native (includes Hispanic),
46,South Dakota,46081,Lawrence,2011,2015,White (includes Hispanic),6.3
46,South Dakota,46081,Lawrence,2012,2016,Asian/Pacific Islander (includes Hispanic),
46,South Dakota,46081,Lawrence,2012,2016,Black (includes Hispanic),
46,South Dakota,46081,Lawrence,2012,2016,Hispanic (all races),
46,South Dakota,46081,Lawrence,2012,2016,American Indian/Alaskan Native (includes Hispanic),
46,South Dakota,46081,Lawrence,2012,2016,White (includes Hispanic),5.8
46,South Dakota,46081,Lawrence,2013,2017,Asian/Pacific Islander (includes Hispanic),
46,South Dakota,46081,Lawrence,2013,2017,Black (includes Hispanic),
46,South Dakota,46081,Lawrence,2013,2017,Hispanic (all races),
46,South Dakota,46081,Lawrence,2013,2017,American Indian/Alaskan Native (includes Hispanic),
46,South Dakota,46081,Lawrence,2013,2017,White (includes Hispanic),7.7
46,South Dakota,46081,Lawrence,2014,2018,Asian/Pacific Islander (includes Hispanic),
46,South Dakota,46081,Lawrence,2014,2018,Black (includes Hispanic),
46,South Dakota,46081,Lawrence,2014,2018,Hispanic (all races),
46,South Dakota,46081,Lawrence,2014,2018,American Indian/Alaskan Native (includes Hispanic),
46,South Dakota,46081,Lawrence,2014,2018,White (includes Hispanic),8.7
46,South Dakota,46081,Lawrence,2015,2019,Asian/Pacific Islander (includes Hispanic),
46,South Dakota,46081,Lawrence,2015,2019,Black (includes Hispanic),
46,South Dakota,46081,Lawrence,2015,2019,Hispanic (all races),
46,South Dakota,46081,Lawrence,2015,2019,American Indian/Alaskan Native (includes Hispanic),
46,South Dakota,46081,Lawrence,2015,2019,White (includes Hispanic),7.6
46,South Dakota,46081,Lawrence,2016,2020,Asian/Pacific Islander (includes Hispanic),
46,South Dakota,46081,Lawrence,2016,2020,Black (includes Hispanic),
46,South Dakota,46081,Lawrence,2016,2020,Hispanic (all races),
46,South Dakota,46081,Lawrence,2016,2020,American Indian/Alaskan Native (includes Hispanic),
46,South Dakota,46081,Lawrence,2016,2020,White (includes Hispanic),7.5
46,South Dakota,46083,Lincoln,2011,2015,Asian/Pacific Islander (includes Hispanic),
46,South Dakota,46083,Lincoln,2011,2015,Black (includes Hispanic),
46,South Dakota,46083,Lincoln,2011,2015,Hispanic (all races),
46,South Dakota,46083,Lincoln,2011,2015,American Indian/Alaskan Native (includes Hispanic),
46,South Dakota,46083,Lincoln,2011,2015,White (includes Hispanic),5.6
46,South Dakota,46083,Lincoln,2012,2016,Asian/Pacific Islander (includes Hispanic),
46,South Dakota,46083,Lincoln,2012,2016,Black (includes Hispanic),
46,South Dakota,46083,Lincoln,2012,2016,Hispanic (all races),
46,South Dakota,46083,Lincoln,2012,2016,American Indian/Alaskan Native (includes Hispanic),
46,South Dakota,46083,Lincoln,2012,2016,White (includes Hispanic),4.9
46,South Dakota,46083,Lincoln,2013,2017,Asian/Pacific Islander (includes Hispanic),
46,South Dakota,46083,Lincoln,2013,2017,Black (includes Hispanic),
46,South Dakota,46083,Lincoln,2013,2017,Hispanic (all races),
46,South Dakota,46083,Lincoln,2013,2017,American Indian/Alaskan Native (includes Hispanic),
46,South Dakota,46083,Lincoln,2013,2017,White (includes Hispanic),4.5
46,South Dakota,46083,Lincoln,2014,2018,Asian/Pacific Islander (includes Hispanic),
46,South Dakota,46083,Lincoln,2014,2018,Black (includes Hispanic),
46,South Dakota,46083,Lincoln,2014,2018,Hispanic (all races),
46,South Dakota,46083,Lincoln,2014,2018,American Indian/Alaskan Native (includes Hispanic),
46,South Dakota,46083,Lincoln,2014,2018,White (includes Hispanic),4.2
46,South Dakota,46083,Lincoln,2015,2019,Asian/Pacific Islander (includes Hispanic),
46,South Dakota,46083,Lincoln,2015,2019,Black (includes Hispanic),
46,South Dakota,46083,Lincoln,2015,2019,Hispanic (all races),
46,South Dakota,46083,Lincoln,2015,2019,American Indian/Alaskan Native (includes Hispanic),
46,South Dakota,46083,Lincoln,2015,2019,White (includes Hispanic),3.5
46,South Dakota,46083,Lincoln,2016,2020,Asian/Pacific Islander (includes Hispanic),
46,South Dakota,46083,Lincoln,2016,2020,Black (includes Hispanic),
46,South Dakota,46083,Lincoln,2016,2020,Hispanic (all races),
46,South Dakota,46083,Lincoln,2016,2020,American Indian/Alaskan Native (includes Hispanic),
46,South Dakota,46083,Lincoln,2016,2020,White (includes Hispanic),3.3
46,South Dakota,46085,Lyman,2011,2015,Asian/Pacific Islander (includes Hispanic),
46,South Dakota,46085,Lyman,2011,2015,Black (includes Hispanic),
46,South Dakota,46085,Lyman,2011,2015,Hispanic (all races),
46,South Dakota,46085,Lyman,2011,2015,American Indian/Alaskan Native (includes Hispanic),
46,South Dakota,46085,Lyman,2011,2015,White (includes Hispanic),
46,South Dakota,46085,Lyman,2012,2016,Asian/Pacific Islander (includes Hispanic),
46,South Dakota,46085,Lyman,2012,2016,Black (includes Hispanic),
46,South Dakota,46085,Lyman,2012,2016,Hispanic (all races),
46,South Dakota,46085,Lyman,2012,2016,American Indian/Alaskan Native (includes Hispanic),
46,South Dakota,46085,Lyman,2012,2016,White (includes Hispanic),
46,South Dakota,46085,Lyman,2013,2017,Asian/Pacific Islander (includes Hispanic),
46,South Dakota,46085,Lyman,2013,2017,Black (includes Hispanic),
46,South Dakota,46085,Lyman,2013,2017,Hispanic (all races),
46,South Dakota,46085,Lyman,2013,2017,American Indian/Alaskan Native (includes Hispanic),
46,South Dakota,46085,Lyman,2013,2017,White (includes Hispanic),
46,South Dakota,46085,Lyman,2014,2018,Asian/Pacific Islander (includes Hispanic),
46,South Dakota,46085,Lyman,2014,2018,Black (includes Hispanic),
46,South Dakota,46085,Lyman,2014,2018,Hispanic (all races),
46,South Dakota,46085,Lyman,2014,2018,American Indian/Alaskan Native (includes Hispanic),
46,South Dakota,46085,Lyman,2014,2018,White (includes Hispanic),
46,South Dakota,46085,Lyman,2015,2019,Asian/Pacific Islander (includes Hispanic),
46,South Dakota,46085,Lyman,2015,2019,Black (includes Hispanic),
46,South Dakota,46085,Lyman,2015,2019,Hispanic (all races),
46,South Dakota,46085,Lyman,2015,2019,American Indian/Alaskan Native (includes Hispanic),
46,South Dakota,46085,Lyman,2015,2019,White (includes Hispanic),
46,South Dakota,46085,Lyman,2016,2020,Asian/Pacific Islander (includes Hispanic),
46,South Dakota,46085,Lyman,2016,2020,Black (includes Hispanic),
46,South Dakota,46085,Lyman,2016,2020,Hispanic (all races),
46,South Dakota,46085,Lyman,2016,2020,American Indian/Alaskan Native (includes Hispanic),
46,South Dakota,46085,Lyman,2016,2020,White (includes Hispanic),
46,South Dakota,46091,Marshall,2011,2015,Asian/Pacific Islander (includes Hispanic),
46,South Dakota,46091,Marshall,2011,2015,Black (includes Hispanic),
46,South Dakota,46091,Marshall,2011,2015,Hispanic (all races),
46,South Dakota,46091,Marshall,2011,2015,American Indian/Alaskan Native (includes Hispanic),
46,South Dakota,46091,Marshall,2011,2015,White (includes Hispanic),
46,South Dakota,46091,Marshall,2012,2016,Asian/Pacific Islander (includes Hispanic),
46,South Dakota,46091,Marshall,2012,2016,Black (includes Hispanic),
46,South Dakota,46091,Marshall,2012,2016,Hispanic (all races),
46,South Dakota,46091,Marshall,2012,2016,American Indian/Alaskan Native (includes Hispanic),
46,South Dakota,46091,Marshall,2012,2016,White (includes Hispanic),
46,South Dakota,46091,Marshall,2013,2017,Asian/Pacific Islander (includes Hispanic),
46,South Dakota,46091,Marshall,2013,2017,Black (includes Hispanic),
46,South Dakota,46091,Marshall,2013,2017,Hispanic (all races),
46,South Dakota,46091,Marshall,2013,2017,American Indian/Alaskan Native (includes Hispanic),
46,South Dakota,46091,Marshall,2013,2017,White (includes Hispanic),
46,South Dakota,46091,Marshall,2014,2018,Asian/Pacific Islander (includes Hispanic),
46,South Dakota,46091,Marshall,2014,2018,Black (includes Hispanic),
46,South Dakota,46091,Marshall,2014,2018,Hispanic (all races),
46,South Dakota,46091,Marshall,2014,2018,American Indian/Alaskan Native (includes Hispanic),
46,South Dakota,46091,Marshall,2014,2018,White (includes Hispanic),
46,South Dakota,46091,Marshall,2015,2019,Asian/Pacific Islander (includes Hispanic),
46,South Dakota,46091,Marshall,2015,2019,Black (includes Hispanic),
46,South Dakota,46091,Marshall,2015,2019,Hispanic (all races),
46,South Dakota,46091,Marshall,2015,2019,American Indian/Alaskan Native (includes Hispanic),
46,South Dakota,46091,Marshall,2015,2019,White (includes Hispanic),
46,South Dakota,46091,Marshall,2016,2020,Asian/Pacific Islander (includes Hispanic),
46,South Dakota,46091,Marshall,2016,2020,Black (includes Hispanic),
46,South Dakota,46091,Marshall,2016,2020,Hispanic (all races),
46,South Dakota,46091,Marshall,2016,2020,American Indian/Alaskan Native (includes Hispanic),
46,South Dakota,46091,Marshall,2016,2020,White (includes Hispanic),8.6
46,South Dakota,46087,McCook,2011,2015,Asian/Pacific Islander (includes Hispanic),
46,South Dakota,46087,McCook,2011,2015,Black (includes Hispanic),
46,South Dakota,46087,McCook,2011,2015,Hispanic (all races),
46,South Dakota,46087,McCook,2011,2015,American Indian/Alaskan Native (includes Hispanic),
46,South Dakota,46087,McCook,2011,2015,White (includes Hispanic),5.6
46,South Dakota,46087,McCook,2012,2016,Asian/Pacific Islander (includes Hispanic),
46,South Dakota,46087,McCook,2012,2016,Black (includes Hispanic),
46,South Dakota,46087,McCook,2012,2016,Hispanic (all races),
46,South Dakota,46087,McCook,2012,2016,American Indian/Alaskan Native (includes Hispanic),
46,South Dakota,46087,McCook,2012,2016,White (includes Hispanic),4.8
46,South Dakota,46087,McCook,2013,2017,Asian/Pacific Islander (includes Hispanic),
46,South Dakota,46087,McCook,2013,2017,Black (includes Hispanic),
46,South Dakota,46087,McCook,2013,2017,Hispanic (all races),
46,South Dakota,46087,McCook,2013,2017,American Indian/Alaskan Native (includes Hispanic),
46,South Dakota,46087,McCook,2013,2017,White (includes Hispanic),4.7
46,South Dakota,46087,McCook,2014,2018,Asian/Pacific Islander (includes Hispanic),
46,South Dakota,46087,McCook,2014,2018,Black (includes Hispanic),
46,South Dakota,46087,McCook,2014,2018,Hispanic (all races),
46,South Dakota,46087,McCook,2014,2018,American Indian/Alaskan Native (includes Hispanic),
46,South Dakota,46087,McCook,2014,2018,White (includes Hispanic),4.3
46,South Dakota,46087,McCook,2015,2019,Asian/Pacific Islander (includes Hispanic),
46,South Dakota,46087,McCook,2015,2019,Black (includes Hispanic),
46,South Dakota,46087,McCook,2015,2019,Hispanic (all races),
46,South Dakota,46087,McCook,2015,2019,American Indian/Alaskan Native (includes Hispanic),
46,South Dakota,46087,McCook,2015,2019,White (includes Hispanic),4.2
46,South Dakota,46087,McCook,2016,2020,Asian/Pacific Islander (includes Hispanic),
46,South Dakota,46087,McCook,2016,2020,Black (includes Hispanic),
46,South Dakota,46087,McCook,2016,2020,Hispanic (all races),
46,South Dakota,46087,McCook,2016,2020,American Indian/Alaskan Native (includes Hispanic),
46,South Dakota,46087,McCook,2016,2020,White (includes Hispanic),3.8
46,South Dakota,46089,McPherson,2011,2015,Asian/Pacific Islander (includes Hispanic),
46,South Dakota,46089,McPherson,2011,2015,Black (includes Hispanic),
46,South Dakota,46089,McPherson,2011,2015,Hispanic (all races),
46,South Dakota,46089,McPherson,2011,2015,American Indian/Alaskan Native (includes Hispanic),
46,South Dakota,46089,McPherson,2011,2015,White (includes Hispanic),
46,South Dakota,46089,McPherson,2012,2016,Asian/Pacific Islander (includes Hispanic),
46,South Dakota,46089,McPherson,2012,2016,Black (includes Hispanic),
46,South Dakota,46089,McPherson,2012,2016,Hispanic (all races),
46,South Dakota,46089,McPherson,2012,2016,American Indian/Alaskan Native (includes Hispanic),
46,South Dakota,46089,McPherson,2012,2016,White (includes Hispanic),
46,South Dakota,46089,McPherson,2013,2017,Asian/Pacific Islander (includes Hispanic),
46,South Dakota,46089,McPherson,2013,2017,Black (includes Hispanic),
46,South Dakota,46089,McPherson,2013,2017,Hispanic (all races),
46,South Dakota,46089,McPherson,2013,2017,American Indian/Alaskan Native (includes Hispanic),
46,South Dakota,46089,McPherson,2013,2017,White (includes Hispanic),
46,South Dakota,46089,McPherson,2014,2018,Asian/Pacific Islander (includes Hispanic),
46,South Dakota,46089,McPherson,2014,2018,Black (includes Hispanic),
46,South Dakota,46089,McPherson,2014,2018,Hispanic (all races),
46,South Dakota,46089,McPherson,2014,2018,American Indian/Alaskan Native (includes Hispanic),
46,South Dakota,46089,McPherson,2014,2018,White (includes Hispanic),
46,South Dakota,46089,McPherson,2015,2019,Asian/Pacific Islander (includes Hispanic),
46,South Dakota,46089,McPherson,2015,2019,Black (includes Hispanic),
46,South Dakota,46089,McPherson,2015,2019,Hispanic (all races),
46,South Dakota,46089,McPherson,2015,2019,American Indian/Alaskan Native (includes Hispanic),
46,South Dakota,46089,McPherson,2015,2019,White (includes Hispanic),
46,South Dakota,46089,McPherson,2016,2020,Asian/Pacific Islander (includes Hispanic),
46,South Dakota,46089,McPherson,2016,2020,Black (includes Hispanic),
46,South Dakota,46089,McPherson,2016,2020,Hispanic (all races),
46,South Dakota,46089,McPherson,2016,2020,American Indian/Alaskan Native (includes Hispanic),
46,South Dakota,46089,McPherson,2016,2020,White (includes Hispanic),
46,South Dakota,46093,Meade,2011,2015,Asian/Pacific Islander (includes Hispanic),
46,South Dakota,46093,Meade,2011,2015,Black (includes Hispanic),
46,South Dakota,46093,Meade,2011,2015,Hispanic (all races),
46,South Dakota,46093,Meade,2011,2015,American Indian/Alaskan Native (includes Hispanic),
46,South Dakota,46093,Meade,2011,2015,White (includes Hispanic),6.4
46,South Dakota,46093,Meade,2012,2016,Asian/Pacific Islander (includes Hispanic),
46,South Dakota,46093,Meade,2012,2016,Black (includes Hispanic),
46,South Dakota,46093,Meade,2012,2016,Hispanic (all races),
46,South Dakota,46093,Meade,2012,2016,American Indian/Alaskan Native (includes Hispanic),
46,South Dakota,46093,Meade,2012,2016,White (includes Hispanic),6.1
46,South Dakota,46093,Meade,2013,2017,Asian/Pacific Islander (includes Hispanic),
46,South Dakota,46093,Meade,2013,2017,Black (includes Hispanic),
46,South Dakota,46093,Meade,2013,2017,Hispanic (all races),
46,South Dakota,46093,Meade,2013,2017,American Indian/Alaskan Native (includes Hispanic),
46,South Dakota,46093,Meade,2013,2017,White (includes Hispanic),8.3
46,South Dakota,46093,Meade,2014,2018,Asian/Pacific Islander (includes Hispanic),
46,South Dakota,46093,Meade,2014,2018,Black (includes Hispanic),
46,South Dakota,46093,Meade,2014,2018,Hispanic (all races),
46,South Dakota,46093,Meade,2014,2018,American Indian/Alaskan Native (includes Hispanic),
46,South Dakota,46093,Meade,2014,2018,White (includes Hispanic),9.4
46,South Dakota,46093,Meade,2015,2019,Asian/Pacific Islander (includes Hispanic),
46,South Dakota,46093,Meade,2015,2019,Black (includes Hispanic),
46,South Dakota,46093,Meade,2015,2019,Hispanic (all races),
46,South Dakota,46093,Meade,2015,2019,American Indian/Alaskan Native (includes Hispanic),
46,South Dakota,46093,Meade,2015,2019,White (includes Hispanic),8.4
46,South Dakota,46093,Meade,2016,2020,Asian/Pacific Islander (includes Hispanic),
46,South Dakota,46093,Meade,2016,2020,Black (includes Hispanic),
46,South Dakota,46093,Meade,2016,2020,Hispanic (all races),
46,South Dakota,46093,Meade,2016,2020,American Indian/Alaskan Native (includes Hispanic),
46,South Dakota,46093,Meade,2016,2020,White (includes Hispanic),8.2
46,South Dakota,46095,Mellette,2011,2015,Asian/Pacific Islander (includes Hispanic),
46,South Dakota,46095,Mellette,2011,2015,Black (includes Hispanic),
46,South Dakota,46095,Mellette,2011,2015,Hispanic (all races),
46,South Dakota,46095,Mellette,2011,2015,American Indian/Alaskan Native (includes Hispanic),
46,South Dakota,46095,Mellette,2011,2015,White (includes Hispanic),
46,South Dakota,46095,Mellette,2012,2016,Asian/Pacific Islander (includes Hispanic),
46,South Dakota,46095,Mellette,2012,2016,Black (includes Hispanic),
46,South Dakota,46095,Mellette,2012,2016,Hispanic (all races),
46,South Dakota,46095,Mellette,2012,2016,American Indian/Alaskan Native (includes Hispanic),
46,South Dakota,46095,Mellette,2012,2016,White (includes Hispanic),
46,South Dakota,46095,Mellette,2013,2017,Asian/Pacific Islander (includes Hispanic),
46,South Dakota,46095,Mellette,2013,2017,Black (includes Hispanic),
46,South Dakota,46095,Mellette,2013,2017,Hispanic (all races),
46,South Dakota,46095,Mellette,2013,2017,American Indian/Alaskan Native (includes Hispanic),
46,South Dakota,46095,Mellette,2013,2017,White (includes Hispanic),
46,South Dakota,46095,Mellette,2014,2018,Asian/Pacific Islander (includes Hispanic),
46,South Dakota,46095,Mellette,2014,2018,Black (includes Hispanic),
46,South Dakota,46095,Mellette,2014,2018,Hispanic (all races),
46,South Dakota,46095,Mellette,2014,2018,American Indian/Alaskan Native (includes Hispanic),
46,South Dakota,46095,Mellette,2014,2018,White (includes Hispanic),
46,South Dakota,46095,Mellette,2015,2019,Asian/Pacific Islander (includes Hispanic),
46,South Dakota,46095,Mellette,2015,2019,Black (includes Hispanic),
46,South Dakota,46095,Mellette,2015,2019,Hispanic (all races),
46,South Dakota,46095,Mellette,2015,2019,American Indian/Alaskan Native (includes Hispanic),
46,South Dakota,46095,Mellette,2015,2019,White (includes Hispanic),
46,South Dakota,46095,Mellette,2016,2020,Asian/Pacific Islander (includes Hispanic),
46,South Dakota,46095,Mellette,2016,2020,Black (includes Hispanic),
46,South Dakota,46095,Mellette,2016,2020,Hispanic (all races),
46,South Dakota,46095,Mellette,2016,2020,American Indian/Alaskan Native (includes Hispanic),
46,South Dakota,46095,Mellette,2016,2020,White (includes Hispanic),
46,South Dakota,46097,Miner,2011,2015,Asian/Pacific Islander (includes Hispanic),
46,South Dakota,46097,Miner,2011,2015,Black (includes Hispanic),
46,South Dakota,46097,Miner,2011,2015,Hispanic (all races),
46,South Dakota,46097,Miner,2011,2015,American Indian/Alaskan Native (includes Hispanic),
46,South Dakota,46097,Miner,2011,2015,White (includes Hispanic),
46,South Dakota,46097,Miner,2012,2016,Asian/Pacific Islander (includes Hispanic),
46,South Dakota,46097,Miner,2012,2016,Black (includes Hispanic),
46,South Dakota,46097,Miner,2012,2016,Hispanic (all races),
46,South Dakota,46097,Miner,2012,2016,American Indian/Alaskan Native (includes Hispanic),
46,South Dakota,46097,Miner,2012,2016,White (includes Hispanic),
46,South Dakota,46097,Miner,2013,2017,Asian/Pacific Islander (includes Hispanic),
46,South Dakota,46097,Miner,2013,2017,Black (includes Hispanic),
46,South Dakota,46097,Miner,2013,2017,Hispanic (all races),
46,South Dakota,46097,Miner,2013,2017,American Indian/Alaskan Native (includes Hispanic),
46,South Dakota,46097,Miner,2013,2017,White (includes Hispanic),
46,South Dakota,46097,Miner,2014,2018,Asian/Pacific Islander (includes Hispanic),
46,South Dakota,46097,Miner,2014,2018,Black (includes Hispanic),
46,South Dakota,46097,Miner,2014,2018,Hispanic (all races),
46,South Dakota,46097,Miner,2014,2018,American Indian/Alaskan Native (includes Hispanic),
46,South Dakota,46097,Miner,2014,2018,White (includes Hispanic),
46,South Dakota,46097,Miner,2015,2019,Asian/Pacific Islander (includes Hispanic),
46,South Dakota,46097,Miner,2015,2019,Black (includes Hispanic),
46,South Dakota,46097,Miner,2015,2019,Hispanic (all races),
46,South Dakota,46097,Miner,2015,2019,American Indian/Alaskan Native (includes Hispanic),
46,South Dakota,46097,Miner,2015,2019,White (includes Hispanic),
46,South Dakota,46097,Miner,2016,2020,Asian/Pacific Islander (includes Hispanic),
46,South Dakota,46097,Miner,2016,2020,Black (includes Hispanic),
46,South Dakota,46097,Miner,2016,2020,Hispanic (all races),
46,South Dakota,46097,Miner,2016,2020,American Indian/Alaskan Native (includes Hispanic),
46,South Dakota,46097,Miner,2016,2020,White (includes Hispanic),
46,South Dakota,46099,Minnehaha,2011,2015,Asian/Pacific Islander (includes Hispanic),
46,South Dakota,46099,Minnehaha,2011,2015,Black (includes Hispanic),
46,South Dakota,46099,Minnehaha,2011,2015,Hispanic (all races),
46,South Dakota,46099,Minnehaha,2011,2015,American Indian/Alaskan Native (includes Hispanic),
46,South Dakota,46099,Minnehaha,2011,2015,White (includes Hispanic),5.2
46,South Dakota,46099,Minnehaha,2012,2016,Asian/Pacific Islander (includes Hispanic),
46,South Dakota,46099,Minnehaha,2012,2016,Black (includes Hispanic),
46,South Dakota,46099,Minnehaha,2012,2016,Hispanic (all races),
46,South Dakota,46099,Minnehaha,2012,2016,American Indian/Alaskan Native (includes Hispanic),
46,South Dakota,46099,Minnehaha,2012,2016,White (includes Hispanic),4.5
46,South Dakota,46099,Minnehaha,2013,2017,Asian/Pacific Islander (includes Hispanic),
46,South Dakota,46099,Minnehaha,2013,2017,Black (includes Hispanic),
46,South Dakota,46099,Minnehaha,2013,2017,Hispanic (all races),
46,South Dakota,46099,Minnehaha,2013,2017,American Indian/Alaskan Native (includes Hispanic),
46,South Dakota,46099,Minnehaha,2013,2017,White (includes Hispanic),4.5
46,South Dakota,46099,Minnehaha,2014,2018,Asian/Pacific Islander (includes Hispanic),
46,South Dakota,46099,Minnehaha,2014,2018,Black (includes Hispanic),
46,South Dakota,46099,Minnehaha,2014,2018,Hispanic (all races),
46,South Dakota,46099,Minnehaha,2014,2018,American Indian/Alaskan Native (includes Hispanic),
46,South Dakota,46099,Minnehaha,2014,2018,White (includes Hispanic),4.5
46,South Dakota,46099,Minnehaha,2015,2019,Asian/Pacific Islander (includes Hispanic),
46,South Dakota,46099,Minnehaha,2015,2019,Black (includes Hispanic),
46,South Dakota,46099,Minnehaha,2015,2019,Hispanic (all races),
46,South Dakota,46099,Minnehaha,2015,2019,American Indian/Alaskan Native (includes Hispanic),
46,South Dakota,46099,Minnehaha,2015,2019,White (includes Hispanic),4.2
46,South Dakota,46099,Minnehaha,2016,2020,Asian/Pacific Islander (includes Hispanic),
46,South Dakota,46099,Minnehaha,2016,2020,Black (includes Hispanic),
46,South Dakota,46099,Minnehaha,2016,2020,Hispanic (all races),
46,South Dakota,46099,Minnehaha,2016,2020,American Indian/Alaskan Native (includes Hispanic),
46,South Dakota,46099,Minnehaha,2016,2020,White (includes Hispanic),4.3
46,South Dakota,46101,Moody,2011,2015,Asian/Pacific Islander (includes Hispanic),
46,South Dakota,46101,Moody,2011,2015,Black (includes Hispanic),
46,South Dakota,46101,Moody,2011,2015,Hispanic (all races),
46,South Dakota,46101,Moody,2011,2015,American Indian/Alaskan Native (includes Hispanic),
46,South Dakota,46101,Moody,2011,2015,White (includes Hispanic),5.5
46,South Dakota,46101,Moody,2012,2016,Asian/Pacific Islander (includes Hispanic),
46,South Dakota,46101,Moody,2012,2016,Black (includes Hispanic),
46,South Dakota,46101,Moody,2012,2016,Hispanic (all races),
46,South Dakota,46101,Moody,2012,2016,American Indian/Alaskan Native (includes Hispanic),
46,South Dakota,46101,Moody,2012,2016,White (includes Hispanic),5.2
46,South Dakota,46101,Moody,2013,2017,Asian/Pacific Islander (includes Hispanic),
46,South Dakota,46101,Moody,2013,2017,Black (includes Hispanic),
46,South Dakota,46101,Moody,2013,2017,Hispanic (all races),
46,South Dakota,46101,Moody,2013,2017,American Indian/Alaskan Native (includes Hispanic),
46,South Dakota,46101,Moody,2013,2017,White (includes Hispanic),6.0
46,South Dakota,46101,Moody,2014,2018,Asian/Pacific Islander (includes Hispanic),
46,South Dakota,46101,Moody,2014,2018,Black (includes Hispanic),
46,South Dakota,46101,Moody,2014,2018,Hispanic (all races),
46,South Dakota,46101,Moody,2014,2018,American Indian/Alaskan Native (includes Hispanic),
46,South Dakota,46101,Moody,2014,2018,White (includes Hispanic),5.7
46,South Dakota,46101,Moody,2015,2019,Asian/Pacific Islander (includes Hispanic),
46,South Dakota,46101,Moody,2015,2019,Black (includes Hispanic),
46,South Dakota,46101,Moody,2015,2019,Hispanic (all races),
46,South Dakota,46101,Moody,2015,2019,American Indian/Alaskan Native (includes Hispanic),
46,South Dakota,46101,Moody,2015,2019,White (includes Hispanic),5.5
46,South Dakota,46101,Moody,2016,2020,Asian/Pacific Islander (includes Hispanic),
46,South Dakota,46101,Moody,2016,2020,Black (includes Hispanic),
46,South Dakota,46101,Moody,2016,2020,Hispanic (all races),
46,South Dakota,46101,Moody,2016,2020,American Indian/Alaskan Native (includes Hispanic),
46,South Dakota,46101,Moody,2016,2020,White (includes Hispanic),5.7
46,South Dakota,46103,Pennington,2011,2015,Asian/Pacific Islander (includes Hispanic),
46,South Dakota,46103,Pennington,2011,2015,Black (includes Hispanic),
46,South Dakota,46103,Pennington,2011,2015,Hispanic (all races),
46,South Dakota,46103,Pennington,2011,2015,American Indian/Alaskan Native (includes Hispanic),
46,South Dakota,46103,Pennington,2011,2015,White (includes Hispanic),6.2
46,South Dakota,46103,Pennington,2012,2016,Asian/Pacific Islander (includes Hispanic),
46,South Dakota,46103,Pennington,2012,2016,Black (includes Hispanic),
46,South Dakota,46103,Pennington,2012,2016,Hispanic (all races),
46,South Dakota,46103,Pennington,2012,2016,American Indian/Alaskan Native (includes Hispanic),
46,South Dakota,46103,Pennington,2012,2016,White (includes Hispanic),6.1
46,South Dakota,46103,Pennington,2013,2017,Asian/Pacific Islander (includes Hispanic),
46,South Dakota,46103,Pennington,2013,2017,Black (includes Hispanic),
46,South Dakota,46103,Pennington,2013,2017,Hispanic (all races),
46,South Dakota,46103,Pennington,2013,2017,American Indian/Alaskan Native (includes Hispanic),
46,South Dakota,46103,Pennington,2013,2017,White (includes Hispanic),8.2
46,South Dakota,46103,Pennington,2014,2018,Asian/Pacific Islander (includes Hispanic),
46,South Dakota,46103,Pennington,2014,2018,Black (includes Hispanic),
46,South Dakota,46103,Pennington,2014,2018,Hispanic (all races),
46,South Dakota,46103,Pennington,2014,2018,American Indian/Alaskan Native (includes Hispanic),
46,South Dakota,46103,Pennington,2014,2018,White (includes Hispanic),9.4
46,South Dakota,46103,Pennington,2015,2019,Asian/Pacific Islander (includes Hispanic),
46,South Dakota,46103,Pennington,2015,2019,Black (includes Hispanic),
46,South Dakota,46103,Pennington,2015,2019,Hispanic (all races),
46,South Dakota,46103,Pennington,2015,2019,American Indian/Alaskan Native (includes Hispanic),
46,South Dakota,46103,Pennington,2015,2019,White (includes Hispanic),8.4
46,South Dakota,46103,Pennington,2016,2020,Asian/Pacific Islander (includes Hispanic),
46,South Dakota,46103,Pennington,2016,2020,Black (includes Hispanic),
46,South Dakota,46103,Pennington,2016,2020,Hispanic (all races),
46,South Dakota,46103,Pennington,2016,2020,American Indian/Alaskan Native (includes Hispanic),
46,South Dakota,46103,Pennington,2016,2020,White (includes Hispanic),8.4
46,South Dakota,46105,Perkins,2011,2015,Asian/Pacific Islander (includes Hispanic),
46,South Dakota,46105,Perkins,2011,2015,Black (includes Hispanic),
46,South Dakota,46105,Perkins,2011,2015,Hispanic (all races),
46,South Dakota,46105,Perkins,2011,2015,American Indian/Alaskan Native (includes Hispanic),
46,South Dakota,46105,Perkins,2011,2015,White (includes Hispanic),
46,South Dakota,46105,Perkins,2012,2016,Asian/Pacific Islander (includes Hispanic),
46,South Dakota,46105,Perkins,2012,2016,Black (includes Hispanic),
46,South Dakota,46105,Perkins,2012,2016,Hispanic (all races),
46,South Dakota,46105,Perkins,2012,2016,American Indian/Alaskan Native (includes Hispanic),
46,South Dakota,46105,Perkins,2012,2016,White (includes Hispanic),
46,South Dakota,46105,Perkins,2013,2017,Asian/Pacific Islander (includes Hispanic),
46,South Dakota,46105,Perkins,2013,2017,Black (includes Hispanic),
46,South Dakota,46105,Perkins,2013,2017,Hispanic (all races),
46,South Dakota,46105,Perkins,2013,2017,American Indian/Alaskan Native (includes Hispanic),
46,South Dakota,46105,Perkins,2013,2017,White (includes Hispanic),
46,South Dakota,46105,Perkins,2014,2018,Asian/Pacific Islander (includes Hispanic),
46,South Dakota,46105,Perkins,2014,2018,Black (includes Hispanic),
46,South Dakota,46105,Perkins,2014,2018,Hispanic (all races),
46,South Dakota,46105,Perkins,2014,2018,American Indian/Alaskan Native (includes Hispanic),
46,South Dakota,46105,Perkins,2014,2018,White (includes Hispanic),
46,South Dakota,46105,Perkins,2015,2019,Asian/Pacific Islander (includes Hispanic),
46,South Dakota,46105,Perkins,2015,2019,Black (includes Hispanic),
46,South Dakota,46105,Perkins,2015,2019,Hispanic (all races),
46,South Dakota,46105,Perkins,2015,2019,American Indian/Alaskan Native (includes Hispanic),
46,South Dakota,46105,Perkins,2015,2019,White (includes Hispanic),
46,South Dakota,46105,Perkins,2016,2020,Asian/Pacific Islander (includes Hispanic),
46,South Dakota,46105,Perkins,2016,2020,Black (includes Hispanic),
46,South Dakota,46105,Perkins,2016,2020,Hispanic (all races),
46,South Dakota,46105,Perkins,2016,2020,American Indian/Alaskan Native (includes Hispanic),
46,South Dakota,46105,Perkins,2016,2020,White (includes Hispanic),
46,South Dakota,46107,Potter,2011,2015,Asian/Pacific Islander (includes Hispanic),
46,South Dakota,46107,Potter,2011,2015,Black (includes Hispanic),
46,South Dakota,46107,Potter,2011,2015,Hispanic (all races),
46,South Dakota,46107,Potter,2011,2015,American Indian/Alaskan Native (includes Hispanic),
46,South Dakota,46107,Potter,2011,2015,White (includes Hispanic),
46,South Dakota,46107,Potter,2012,2016,Asian/Pacific Islander (includes Hispanic),
46,South Dakota,46107,Potter,2012,2016,Black (includes Hispanic),
46,South Dakota,46107,Potter,2012,2016,Hispanic (all races),
46,South Dakota,46107,Potter,2012,2016,American Indian/Alaskan Native (includes Hispanic),
46,South Dakota,46107,Potter,2012,2016,White (includes Hispanic),
46,South Dakota,46107,Potter,2013,2017,Asian/Pacific Islander (includes Hispanic),
46,South Dakota,46107,Potter,2013,2017,Black (includes Hispanic),
46,South Dakota,46107,Potter,2013,2017,Hispanic (all races),
46,South Dakota,46107,Potter,2013,2017,American Indian/Alaskan Native (includes Hispanic),
46,South Dakota,46107,Potter,2013,2017,White (includes Hispanic),
46,South Dakota,46107,Potter,2014,2018,Asian/Pacific Islander (includes Hispanic),
46,South Dakota,46107,Potter,2014,2018,Black (includes Hispanic),
46,South Dakota,46107,Potter,2014,2018,Hispanic (all races),
46,South Dakota,46107,Potter,2014,2018,American Indian/Alaskan Native (includes Hispanic),
46,South Dakota,46107,Potter,2014,2018,White (includes Hispanic),
46,South Dakota,46107,Potter,2015,2019,Asian/Pacific Islander (includes Hispanic),
46,South Dakota,46107,Potter,2015,2019,Black (includes Hispanic),
46,South Dakota,46107,Potter,2015,2019,Hispanic (all races),
46,South Dakota,46107,Potter,2015,2019,American Indian/Alaskan Native (includes Hispanic),
46,South Dakota,46107,Potter,2015,2019,White (includes Hispanic),
46,South Dakota,46107,Potter,2016,2020,Asian/Pacific Islander (includes Hispanic),
46,South Dakota,46107,Potter,2016,2020,Black (includes Hispanic),
46,South Dakota,46107,Potter,2016,2020,Hispanic (all races),
46,South Dakota,46107,Potter,2016,2020,American Indian/Alaskan Native (includes Hispanic),
46,South Dakota,46107,Potter,2016,2020,White (includes Hispanic),
46,South Dakota,46109,Roberts,2011,2015,Asian/Pacific Islander (includes Hispanic),
46,South Dakota,46109,Roberts,2011,2015,Black (includes Hispanic),
46,South Dakota,46109,Roberts,2011,2015,Hispanic (all races),
46,South Dakota,46109,Roberts,2011,2015,American Indian/Alaskan Native (includes Hispanic),
46,South Dakota,46109,Roberts,2011,2015,White (includes Hispanic),
46,South Dakota,46109,Roberts,2012,2016,Asian/Pacific Islander (includes Hispanic),
46,South Dakota,46109,Roberts,2012,2016,Black (includes Hispanic),
46,South Dakota,46109,Roberts,2012,2016,Hispanic (all races),
46,South Dakota,46109,Roberts,2012,2016,American Indian/Alaskan Native (includes Hispanic),
46,South Dakota,46109,Roberts,2012,2016,White (includes Hispanic),
46,South Dakota,46109,Roberts,2013,2017,Asian/Pacific Islander (includes Hispanic),
46,South Dakota,46109,Roberts,2013,2017,Black (includes Hispanic),
46,South Dakota,46109,Roberts,2013,2017,Hispanic (all races),
46,South Dakota,46109,Roberts,2013,2017,American Indian/Alaskan Native (includes Hispanic),
46,South Dakota,46109,Roberts,2013,2017,White (includes Hispanic),
46,South Dakota,46109,Roberts,2014,2018,Asian/Pacific Islander (includes Hispanic),
46,South Dakota,46109,Roberts,2014,2018,Black (includes Hispanic),
46,South Dakota,46109,Roberts,2014,2018,Hispanic (all races),
46,South Dakota,46109,Roberts,2014,2018,American Indian/Alaskan Native (includes Hispanic),
46,South Dakota,46109,Roberts,2014,2018,White (includes Hispanic),
46,South Dakota,46109,Roberts,2015,2019,Asian/Pacific Islander (includes Hispanic),
46,South Dakota,46109,Roberts,2015,2019,Black (includes Hispanic),
46,South Dakota,46109,Roberts,2015,2019,Hispanic (all races),
46,South Dakota,46109,Roberts,2015,2019,American Indian/Alaskan Native (includes Hispanic),
46,South Dakota,46109,Roberts,2015,2019,White (includes Hispanic),
46,South Dakota,46109,Roberts,2016,2020,Asian/Pacific Islander (includes Hispanic),
46,South Dakota,46109,Roberts,2016,2020,Black (includes Hispanic),
46,South Dakota,46109,Roberts,2016,2020,Hispanic (all races),
46,South Dakota,46109,Roberts,2016,2020,American Indian/Alaskan Native (includes Hispanic),
46,South Dakota,46109,Roberts,2016,2020,White (includes Hispanic),
46,South Dakota,46111,Sanborn,2011,2015,Asian/Pacific Islander (includes Hispanic),
46,South Dakota,46111,Sanborn,2011,2015,Black (includes Hispanic),
46,South Dakota,46111,Sanborn,2011,2015,Hispanic (all races),
46,South Dakota,46111,Sanborn,2011,2015,American Indian/Alaskan Native (includes Hispanic),
46,South Dakota,46111,Sanborn,2011,2015,White (includes Hispanic),
46,South Dakota,46111,Sanborn,2012,2016,Asian/Pacific Islander (includes Hispanic),
46,South Dakota,46111,Sanborn,2012,2016,Black (includes Hispanic),
46,South Dakota,46111,Sanborn,2012,2016,Hispanic (all races),
46,South Dakota,46111,Sanborn,2012,2016,American Indian/Alaskan Native (includes Hispanic),
46,South Dakota,46111,Sanborn,2012,2016,White (includes Hispanic),
46,South Dakota,46111,Sanborn,2013,2017,Asian/Pacific Islander (includes Hispanic),
46,South Dakota,46111,Sanborn,2013,2017,Black (includes Hispanic),
46,South Dakota,46111,Sanborn,2013,2017,Hispanic (all races),
46,South Dakota,46111,Sanborn,2013,2017,American Indian/Alaskan Native (includes Hispanic),
46,South Dakota,46111,Sanborn,2013,2017,White (includes Hispanic),
46,South Dakota,46111,Sanborn,2014,2018,Asian/Pacific Islander (includes Hispanic),
46,South Dakota,46111,Sanborn,2014,2018,Black (includes Hispanic),
46,South Dakota,46111,Sanborn,2014,2018,Hispanic (all races),
46,South Dakota,46111,Sanborn,2014,2018,American Indian/Alaskan Native (includes Hispanic),
46,South Dakota,46111,Sanborn,2014,2018,White (includes Hispanic),
46,South Dakota,46111,Sanborn,2015,2019,Asian/Pacific Islander (includes Hispanic),
46,South Dakota,46111,Sanborn,2015,2019,Black (includes Hispanic),
46,South Dakota,46111,Sanborn,2015,2019,Hispanic (all races),
46,South Dakota,46111,Sanborn,2015,2019,American Indian/Alaskan Native (includes Hispanic),
46,South Dakota,46111,Sanborn,2015,2019,White (includes Hispanic),
46,South Dakota,46111,Sanborn,2016,2020,Asian/Pacific Islander (includes Hispanic),
46,South Dakota,46111,Sanborn,2016,2020,Black (includes Hispanic),
46,South Dakota,46111,Sanborn,2016,2020,Hispanic (all races),
46,South Dakota,46111,Sanborn,2016,2020,American Indian/Alaskan Native (includes Hispanic),
46,South Dakota,46111,Sanborn,2016,2020,White (includes Hispanic),
46,South Dakota,46113,Shannon,2011,2015,Asian/Pacific Islander (includes Hispanic),
46,South Dakota,46113,Shannon,2011,2015,Black (includes Hispanic),
46,South Dakota,46113,Shannon,2011,2015,Hispanic (all races),
46,South Dakota,46113,Shannon,2011,2015,American Indian/Alaskan Native (includes Hispanic),
46,South Dakota,46113,Shannon,2011,2015,White (includes Hispanic),6.5
46,South Dakota,46113,Shannon,2012,2016,Asian/Pacific Islander (includes Hispanic),
46,South Dakota,46113,Shannon,2012,2016,Black (includes Hispanic),
46,South Dakota,46113,Shannon,2012,2016,Hispanic (all races),
46,South Dakota,46113,Shannon,2012,2016,American Indian/Alaskan Native (includes Hispanic),
46,South Dakota,46113,Shannon,2012,2016,White (includes Hispanic),6.2
46,South Dakota,46113,Shannon,2013,2017,Asian/Pacific Islander (includes Hispanic),
46,South Dakota,46113,Shannon,2013,2017,Black (includes Hispanic),
46,South Dakota,46113,Shannon,2013,2017,Hispanic (all races),
46,South Dakota,46113,Shannon,2013,2017,American Indian/Alaskan Native (includes Hispanic),
46,South Dakota,46113,Shannon,2013,2017,White (includes Hispanic),8.5
46,South Dakota,46113,Shannon,2014,2018,Asian/Pacific Islander (includes Hispanic),
46,South Dakota,46113,Shannon,2014,2018,Black (includes Hispanic),
46,South Dakota,46113,Shannon,2014,2018,Hispanic (all races),
46,South Dakota,46113,Shannon,2014,2018,American Indian/Alaskan Native (includes Hispanic),
46,South Dakota,46113,Shannon,2014,2018,White (includes Hispanic),9.4
46,South Dakota,46113,Shannon,2015,2019,Asian/Pacific Islander (includes Hispanic),
46,South Dakota,46113,Shannon,2015,2019,Black (includes Hispanic),
46,South Dakota,46113,Shannon,2015,2019,Hispanic (all races),
46,South Dakota,46113,Shannon,2015,2019,American Indian/Alaskan Native (includes Hispanic),
46,South Dakota,46113,Shannon,2015,2019,White (includes Hispanic),8.6
46,South Dakota,46113,Shannon,2016,2020,Asian/Pacific Islander (includes Hispanic),
46,South Dakota,46113,Shannon,2016,2020,Black (includes Hispanic),
46,South Dakota,46113,Shannon,2016,2020,Hispanic (all races),
46,South Dakota,46113,Shannon,2016,2020,American Indian/Alaskan Native (includes Hispanic),
46,South Dakota,46113,Shannon,2016,2020,White (includes Hispanic),8.7
46,South Dakota,46115,Spink,2011,2015,Asian/Pacific Islander (includes Hispanic),
46,South Dakota,46115,Spink,2011,2015,Black (includes Hispanic),
46,South Dakota,46115,Spink,2011,2015,Hispanic (all races),
46,South Dakota,46115,Spink,2011,2015,American Indian/Alaskan Native (includes Hispanic),
46,South Dakota,46115,Spink,2011,2015,White (includes Hispanic),
46,South Dakota,46115,Spink,2012,2016,Asian/Pacific Islander (includes Hispanic),
46,South Dakota,46115,Spink,2012,2016,Black (includes Hispanic),
46,South Dakota,46115,Spink,2012,2016,Hispanic (all races),
46,South Dakota,46115,Spink,2012,2016,American Indian/Alaskan Native (includes Hispanic),
46,South Dakota,46115,Spink,2012,2016,White (includes Hispanic),
46,South Dakota,46115,Spink,2013,2017,Asian/Pacific Islander (includes Hispanic),
46,South Dakota,46115,Spink,2013,2017,Black (includes Hispanic),
46,South Dakota,46115,Spink,2013,2017,Hispanic (all races),
46,South Dakota,46115,Spink,2013,2017,American Indian/Alaskan Native (includes Hispanic),
46,South Dakota,46115,Spink,2013,2017,White (includes Hispanic),10.6
46,South Dakota,46115,Spink,2014,2018,Asian/Pacific Islander (includes Hispanic),
46,South Dakota,46115,Spink,2014,2018,Black (includes Hispanic),
46,South Dakota,46115,Spink,2014,2018,Hispanic (all races),
46,South Dakota,46115,Spink,2014,2018,American Indian/Alaskan Native (includes Hispanic),
46,South Dakota,46115,Spink,2014,2018,White (includes Hispanic),10.3
46,South Dakota,46115,Spink,2015,2019,Asian/Pacific Islander (includes Hispanic),
46,South Dakota,46115,Spink,2015,2019,Black (includes Hispanic),
46,South Dakota,46115,Spink,2015,2019,Hispanic (all races),
46,South Dakota,46115,Spink,2015,2019,American Indian/Alaskan Native (includes Hispanic),
46,South Dakota,46115,Spink,2015,2019,White (includes Hispanic),9.9
46,South Dakota,46115,Spink,2016,2020,Asian/Pacific Islander (includes Hispanic),
46,South Dakota,46115,Spink,2016,2020,Black (includes Hispanic),
46,South Dakota,46115,Spink,2016,2020,Hispanic (all races),
46,South Dakota,46115,Spink,2016,2020,American Indian/Alaskan Native (includes Hispanic),
46,South Dakota,46115,Spink,2016,2020,White (includes Hispanic),10.9
46,South Dakota,46117,Stanley,2011,2015,Asian/Pacific Islander (includes Hispanic),
46,South Dakota,46117,Stanley,2011,2015,Black (includes Hispanic),
46,South Dakota,46117,Stanley,2011,2015,Hispanic (all races),
46,South Dakota,46117,Stanley,2011,2015,American Indian/Alaskan Native (includes Hispanic),
46,South Dakota,46117,Stanley,2011,2015,White (includes Hispanic),
46,South Dakota,46117,Stanley,2012,2016,Asian/Pacific Islander (includes Hispanic),
46,South Dakota,46117,Stanley,2012,2016,Black (includes Hispanic),
46,South Dakota,46117,Stanley,2012,2016,Hispanic (all races),
46,South Dakota,46117,Stanley,2012,2016,American Indian/Alaskan Native (includes Hispanic),
46,South Dakota,46117,Stanley,2012,2016,White (includes Hispanic),
46,South Dakota,46117,Stanley,2013,2017,Asian/Pacific Islander (includes Hispanic),
46,South Dakota,46117,Stanley,2013,2017,Black (includes Hispanic),
46,South Dakota,46117,Stanley,2013,2017,Hispanic (all races),
46,South Dakota,46117,Stanley,2013,2017,American Indian/Alaskan Native (includes Hispanic),
46,South Dakota,46117,Stanley,2013,2017,White (includes Hispanic),
46,South Dakota,46117,Stanley,2014,2018,Asian/Pacific Islander (includes Hispanic),
46,South Dakota,46117,Stanley,2014,2018,Black (includes Hispanic),
46,South Dakota,46117,Stanley,2014,2018,Hispanic (all races),
46,South Dakota,46117,Stanley,2014,2018,American Indian/Alaskan Native (includes Hispanic),
46,South Dakota,46117,Stanley,2014,2018,White (includes Hispanic),
46,South Dakota,46117,Stanley,2015,2019,Asian/Pacific Islander (includes Hispanic),
46,South Dakota,46117,Stanley,2015,2019,Black (includes Hispanic),
46,South Dakota,46117,Stanley,2015,2019,Hispanic (all races),
46,South Dakota,46117,Stanley,2015,2019,American Indian/Alaskan Native (includes Hispanic),
46,South Dakota,46117,Stanley,2015,2019,White (includes Hispanic),
46,South Dakota,46117,Stanley,2016,2020,Asian/Pacific Islander (includes Hispanic),
46,South Dakota,46117,Stanley,2016,2020,Black (includes Hispanic),
46,South Dakota,46117,Stanley,2016,2020,Hispanic (all races),
46,South Dakota,46117,Stanley,2016,2020,American Indian/Alaskan Native (includes Hispanic),
46,South Dakota,46117,Stanley,2016,2020,White (includes Hispanic),
46,South Dakota,46119,Sully,2011,2015,Asian/Pacific Islander (includes Hispanic),
46,South Dakota,46119,Sully,2011,2015,Black (includes Hispanic),
46,South Dakota,46119,Sully,2011,2015,Hispanic (all races),
46,South Dakota,46119,Sully,2011,2015,American Indian/Alaskan Native (includes Hispanic),
46,South Dakota,46119,Sully,2011,2015,White (includes Hispanic),
46,South Dakota,46119,Sully,2012,2016,Asian/Pacific Islander (includes Hispanic),
46,South Dakota,46119,Sully,2012,2016,Black (includes Hispanic),
46,South Dakota,46119,Sully,2012,2016,Hispanic (all races),
46,South Dakota,46119,Sully,2012,2016,American Indian/Alaskan Native (includes Hispanic),
46,South Dakota,46119,Sully,2012,2016,White (includes Hispanic),
46,South Dakota,46119,Sully,2013,2017,Asian/Pacific Islander (includes Hispanic),
46,South Dakota,46119,Sully,2013,2017,Black (includes Hispanic),
46,South Dakota,46119,Sully,2013,2017,Hispanic (all races),
46,South Dakota,46119,Sully,2013,2017,American Indian/Alaskan Native (includes Hispanic),
46,South Dakota,46119,Sully,2013,2017,White (includes Hispanic),
46,South Dakota,46119,Sully,2014,2018,Asian/Pacific Islander (includes Hispanic),
46,South Dakota,46119,Sully,2014,2018,Black (includes Hispanic),
46,South Dakota,46119,Sully,2014,2018,Hispanic (all races),
46,South Dakota,46119,Sully,2014,2018,American Indian/Alaskan Native (includes Hispanic),
46,South Dakota,46119,Sully,2014,2018,White (includes Hispanic),
46,South Dakota,46119,Sully,2015,2019,Asian/Pacific Islander (includes Hispanic),
46,South Dakota,46119,Sully,2015,2019,Black (includes Hispanic),
46,South Dakota,46119,Sully,2015,2019,Hispanic (all races),
46,South Dakota,46119,Sully,2015,2019,American Indian/Alaskan Native (includes Hispanic),
46,South Dakota,46119,Sully,2015,2019,White (includes Hispanic),
46,South Dakota,46119,Sully,2016,2020,Asian/Pacific Islander (includes Hispanic),
46,South Dakota,46119,Sully,2016,2020,Black (includes Hispanic),
46,South Dakota,46119,Sully,2016,2020,Hispanic (all races),
46,South Dakota,46119,Sully,2016,2020,American Indian/Alaskan Native (includes Hispanic),
46,South Dakota,46119,Sully,2016,2020,White (includes Hispanic),
46,South Dakota,46121,Todd,2011,2015,Asian/Pacific Islander (includes Hispanic),
46,South Dakota,46121,Todd,2011,2015,Black (includes Hispanic),
46,South Dakota,46121,Todd,2011,2015,Hispanic (all races),
46,South Dakota,46121,Todd,2011,2015,American Indian/Alaskan Native (includes Hispanic),
46,South Dakota,46121,Todd,2011,2015,White (includes Hispanic),
46,South Dakota,46121,Todd,2012,2016,Asian/Pacific Islander (includes Hispanic),
46,South Dakota,46121,Todd,2012,2016,Black (includes Hispanic),
46,South Dakota,46121,Todd,2012,2016,Hispanic (all races),
46,South Dakota,46121,Todd,2012,2016,American Indian/Alaskan Native (includes Hispanic),
46,South Dakota,46121,Todd,2012,2016,White (includes Hispanic),
46,South Dakota,46121,Todd,2013,2017,Asian/Pacific Islander (includes Hispanic),
46,South Dakota,46121,Todd,2013,2017,Black (includes Hispanic),
46,South Dakota,46121,Todd,2013,2017,Hispanic (all races),
46,South Dakota,46121,Todd,2013,2017,American Indian/Alaskan Native (includes Hispanic),
46,South Dakota,46121,Todd,2013,2017,White (includes Hispanic),
46,South Dakota,46121,Todd,2014,2018,Asian/Pacific Islander (includes Hispanic),
46,South Dakota,46121,Todd,2014,2018,Black (includes Hispanic),
46,South Dakota,46121,Todd,2014,2018,Hispanic (all races),
46,South Dakota,46121,Todd,2014,2018,American Indian/Alaskan Native (includes Hispanic),
46,South Dakota,46121,Todd,2014,2018,White (includes Hispanic),
46,South Dakota,46121,Todd,2015,2019,Asian/Pacific Islander (includes Hispanic),
46,South Dakota,46121,Todd,2015,2019,Black (includes Hispanic),
46,South Dakota,46121,Todd,2015,2019,Hispanic (all races),
46,South Dakota,46121,Todd,2015,2019,American Indian/Alaskan Native (includes Hispanic),
46,South Dakota,46121,Todd,2015,2019,White (includes Hispanic),
46,South Dakota,46121,Todd,2016,2020,Asian/Pacific Islander (includes Hispanic),
46,South Dakota,46121,Todd,2016,2020,Black (includes Hispanic),
46,South Dakota,46121,Todd,2016,2020,Hispanic (all races),
46,South Dakota,46121,Todd,2016,2020,American Indian/Alaskan Native (includes Hispanic),
46,South Dakota,46121,Todd,2016,2020,White (includes Hispanic),
46,South Dakota,46123,Tripp,2011,2015,Asian/Pacific Islander (includes Hispanic),
46,South Dakota,46123,Tripp,2011,2015,Black (includes Hispanic),
46,South Dakota,46123,Tripp,2011,2015,Hispanic (all races),
46,South Dakota,46123,Tripp,2011,2015,American Indian/Alaskan Native (includes Hispanic),
46,South Dakota,46123,Tripp,2011,2015,White (includes Hispanic),
46,South Dakota,46123,Tripp,2012,2016,Asian/Pacific Islander (includes Hispanic),
46,South Dakota,46123,Tripp,2012,2016,Black (includes Hispanic),
46,South Dakota,46123,Tripp,2012,2016,Hispanic (all races),
46,South Dakota,46123,Tripp,2012,2016,American Indian/Alaskan Native (includes Hispanic),
46,South Dakota,46123,Tripp,2012,2016,White (includes Hispanic),
46,South Dakota,46123,Tripp,2013,2017,Asian/Pacific Islander (includes Hispanic),
46,South Dakota,46123,Tripp,2013,2017,Black (includes Hispanic),
46,South Dakota,46123,Tripp,2013,2017,Hispanic (all races),
46,South Dakota,46123,Tripp,2013,2017,American Indian/Alaskan Native (includes Hispanic),
46,South Dakota,46123,Tripp,2013,2017,White (includes Hispanic),
46,South Dakota,46123,Tripp,2014,2018,Asian/Pacific Islander (includes Hispanic),
46,South Dakota,46123,Tripp,2014,2018,Black (includes Hispanic),
46,South Dakota,46123,Tripp,2014,2018,Hispanic (all races),
46,South Dakota,46123,Tripp,2014,2018,American Indian/Alaskan Native (includes Hispanic),
46,South Dakota,46123,Tripp,2014,2018,White (includes Hispanic),
46,South Dakota,46123,Tripp,2015,2019,Asian/Pacific Islander (includes Hispanic),
46,South Dakota,46123,Tripp,2015,2019,Black (includes Hispanic),
46,South Dakota,46123,Tripp,2015,2019,Hispanic (all races),
46,South Dakota,46123,Tripp,2015,2019,American Indian/Alaskan Native (includes Hispanic),
46,South Dakota,46123,Tripp,2015,2019,White (includes Hispanic),
46,South Dakota,46123,Tripp,2016,2020,Asian/Pacific Islander (includes Hispanic),
46,South Dakota,46123,Tripp,2016,2020,Black (includes Hispanic),
46,South Dakota,46123,Tripp,2016,2020,Hispanic (all races),
46,South Dakota,46123,Tripp,2016,2020,American Indian/Alaskan Native (includes Hispanic),
46,South Dakota,46123,Tripp,2016,2020,White (includes Hispanic),
46,South Dakota,46125,Turner,2011,2015,Asian/Pacific Islander (includes Hispanic),
46,South Dakota,46125,Turner,2011,2015,Black (includes Hispanic),
46,South Dakota,46125,Turner,2011,2015,Hispanic (all races),
46,South Dakota,46125,Turner,2011,2015,American Indian/Alaskan Native (includes Hispanic),
46,South Dakota,46125,Turner,2011,2015,White (includes Hispanic),5.7
46,South Dakota,46125,Turner,2012,2016,Asian/Pacific Islander (includes Hispanic),
46,South Dakota,46125,Turner,2012,2016,Black (includes Hispanic),
46,South Dakota,46125,Turner,2012,2016,Hispanic (all races),
46,South Dakota,46125,Turner,2012,2016,American Indian/Alaskan Native (includes Hispanic),
46,South Dakota,46125,Turner,2012,2016,White (includes Hispanic),5.2
46,South Dakota,46125,Turner,2013,2017,Asian/Pacific Islander (includes Hispanic),
46,South Dakota,46125,Turner,2013,2017,Black (includes Hispanic),
46,South Dakota,46125,Turner,2013,2017,Hispanic (all races),
46,South Dakota,46125,Turner,2013,2017,American Indian/Alaskan Native (includes Hispanic),
46,South Dakota,46125,Turner,2013,2017,White (includes Hispanic),4.8
46,South Dakota,46125,Turner,2014,2018,Asian/Pacific Islander (includes Hispanic),
46,South Dakota,46125,Turner,2014,2018,Black (includes Hispanic),
46,South Dakota,46125,Turner,2014,2018,Hispanic (all races),
46,South Dakota,46125,Turner,2014,2018,American Indian/Alaskan Native (includes Hispanic),
46,South Dakota,46125,Turner,2014,2018,White (includes Hispanic),4.5
46,South Dakota,46125,Turner,2015,2019,Asian/Pacific Islander (includes Hispanic),
46,South Dakota,46125,Turner,2015,2019,Black (includes Hispanic),
46,South Dakota,46125,Turner,2015,2019,Hispanic (all races),
46,South Dakota,46125,Turner,2015,2019,American Indian/Alaskan Native (includes Hispanic),
46,South Dakota,46125,Turner,2015,2019,White (includes Hispanic),4.0
46,South Dakota,46125,Turner,2016,2020,Asian/Pacific Islander (includes Hispanic),
46,South Dakota,46125,Turner,2016,2020,Black (includes Hispanic),
46,South Dakota,46125,Turner,2016,2020,Hispanic (all races),
46,South Dakota,46125,Turner,2016,2020,American Indian/Alaskan Native (includes Hispanic),
46,South Dakota,46125,Turner,2016,2020,White (includes Hispanic),3.7
46,South Dakota,46127,Union,2011,2015,Asian/Pacific Islander (includes Hispanic),
46,South Dakota,46127,Union,2011,2015,Black (includes Hispanic),
46,South Dakota,46127,Union,2011,2015,Hispanic (all races),
46,South Dakota,46127,Union,2011,2015,American Indian/Alaskan Native (includes Hispanic),
46,South Dakota,46127,Union,2011,2015,White (includes Hispanic),6.9
46,South Dakota,46127,Union,2012,2016,Asian/Pacific Islander (includes Hispanic),
46,South Dakota,46127,Union,2012,2016,Black (includes Hispanic),
46,South Dakota,46127,Union,2012,2016,Hispanic (all races),
46,South Dakota,46127,Union,2012,2016,American Indian/Alaskan Native (includes Hispanic),
46,South Dakota,46127,Union,2012,2016,White (includes Hispanic),7.0
46,South Dakota,46127,Union,2013,2017,Asian/Pacific Islander (includes Hispanic),
46,South Dakota,46127,Union,2013,2017,Black (includes Hispanic),
46,South Dakota,46127,Union,2013,2017,Hispanic (all races),
46,South Dakota,46127,Union,2013,2017,American Indian/Alaskan Native (includes Hispanic),
46,South Dakota,46127,Union,2013,2017,White (includes Hispanic),7.3
46,South Dakota,46127,Union,2014,2018,Asian/Pacific Islander (includes Hispanic),
46,South Dakota,46127,Union,2014,2018,Black (includes Hispanic),
46,South Dakota,46127,Union,2014,2018,Hispanic (all races),
46,South Dakota,46127,Union,2014,2018,American Indian/Alaskan Native (includes Hispanic),
46,South Dakota,46127,Union,2014,2018,White (includes Hispanic),7.6
46,South Dakota,46127,Union,2015,2019,Asian/Pacific Islander (includes Hispanic),
46,South Dakota,46127,Union,2015,2019,Black (includes Hispanic),
46,South Dakota,46127,Union,2015,2019,Hispanic (all races),
46,South Dakota,46127,Union,2015,2019,American Indian/Alaskan Native (includes Hispanic),
46,South Dakota,46127,Union,2015,2019,White (includes Hispanic),7.1
46,South Dakota,46127,Union,2016,2020,Asian/Pacific Islander (includes Hispanic),
46,South Dakota,46127,Union,2016,2020,Black (includes Hispanic),
46,South Dakota,46127,Union,2016,2020,Hispanic (all races),
46,South Dakota,46127,Union,2016,2020,American Indian/Alaskan Native (includes Hispanic),
46,South Dakota,46127,Union,2016,2020,White (includes Hispanic),6.2
46,South Dakota,46129,Walworth,2011,2015,Asian/Pacific Islander (includes Hispanic),
46,South Dakota,46129,Walworth,2011,2015,Black (includes Hispanic),
46,South Dakota,46129,Walworth,2011,2015,Hispanic (all races),
46,South Dakota,46129,Walworth,2011,2015,American Indian/Alaskan Native (includes Hispanic),
46,South Dakota,46129,Walworth,2011,2015,White (includes Hispanic),
46,South Dakota,46129,Walworth,2012,2016,Asian/Pacific Islander (includes Hispanic),
46,South Dakota,46129,Walworth,2012,2016,Black (includes Hispanic),
46,South Dakota,46129,Walworth,2012,2016,Hispanic (all races),
46,South Dakota,46129,Walworth,2012,2016,American Indian/Alaskan Native (includes Hispanic),
46,South Dakota,46129,Walworth,2012,2016,White (includes Hispanic),
46,South Dakota,46129,Walworth,2013,2017,Asian/Pacific Islander (includes Hispanic),
46,South Dakota,46129,Walworth,2013,2017,Black (includes Hispanic),
46,South Dakota,46129,Walworth,2013,2017,Hispanic (all races),
46,South Dakota,46129,Walworth,2013,2017,American Indian/Alaskan Native (includes Hispanic),
46,South Dakota,46129,Walworth,2013,2017,White (includes Hispanic),
46,South Dakota,46129,Walworth,2014,2018,Asian/Pacific Islander (includes Hispanic),
46,South Dakota,46129,Walworth,2014,2018,Black (includes Hispanic),
46,South Dakota,46129,Walworth,2014,2018,Hispanic (all races),
46,South Dakota,46129,Walworth,2014,2018,American Indian/Alaskan Native (includes Hispanic),
46,South Dakota,46129,Walworth,2014,2018,White (includes Hispanic),
46,South Dakota,46129,Walworth,2015,2019,Asian/Pacific Islander (includes Hispanic),
46,South Dakota,46129,Walworth,2015,2019,Black (includes Hispanic),
46,South Dakota,46129,Walworth,2015,2019,Hispanic (all races),
46,South Dakota,46129,Walworth,2015,2019,American Indian/Alaskan Native (includes Hispanic),
46,South Dakota,46129,Walworth,2015,2019,White (includes Hispanic),
46,South Dakota,46129,Walworth,2016,2020,Asian/Pacific Islander (includes Hispanic),
46,South Dakota,46129,Walworth,2016,2020,Black (includes Hispanic),
46,South Dakota,46129,Walworth,2016,2020,Hispanic (all races),
46,South Dakota,46129,Walworth,2016,2020,American Indian/Alaskan Native (includes Hispanic),
46,South Dakota,46129,Walworth,2016,2020,White (includes Hispanic),
46,South Dakota,46135,Yankton,2011,2015,Asian/Pacific Islander (includes Hispanic),
46,South Dakota,46135,Yankton,2011,2015,Black (includes Hispanic),
46,South Dakota,46135,Yankton,2011,2015,Hispanic (all races),
46,South Dakota,46135,Yankton,2011,2015,American Indian/Alaskan Native (includes Hispanic),
46,South Dakota,46135,Yankton,2011,2015,White (includes Hispanic),
46,South Dakota,46135,Yankton,2012,2016,Asian/Pacific Islander (includes Hispanic),
46,South Dakota,46135,Yankton,2012,2016,Black (includes Hispanic),
46,South Dakota,46135,Yankton,2012,2016,Hispanic (all races),
46,South Dakota,46135,Yankton,2012,2016,American Indian/Alaskan Native (includes Hispanic),
46,South Dakota,46135,Yankton,2012,2016,White (includes Hispanic),
46,South Dakota,46135,Yankton,2013,2017,Asian/Pacific Islander (includes Hispanic),
46,South Dakota,46135,Yankton,2013,2017,Black (includes Hispanic),
46,South Dakota,46135,Yankton,2013,2017,Hispanic (all races),
46,South Dakota,46135,Yankton,2013,2017,American Indian/Alaskan Native (includes Hispanic),
46,South Dakota,46135,Yankton,2013,2017,White (includes Hispanic),
46,South Dakota,46135,Yankton,2014,2018,Asian/Pacific Islander (includes Hispanic),
46,South Dakota,46135,Yankton,2014,2018,Black (includes Hispanic),
46,South Dakota,46135,Yankton,2014,2018,Hispanic (all races),
46,South Dakota,46135,Yankton,2014,2018,American Indian/Alaskan Native (includes Hispanic),
46,South Dakota,46135,Yankton,2014,2018,White (includes Hispanic),
46,South Dakota,46135,Yankton,2015,2019,Asian/Pacific Islander (includes Hispanic),
46,South Dakota,46135,Yankton,2015,2019,Black (includes Hispanic),
46,South Dakota,46135,Yankton,2015,2019,Hispanic (all races),
46,South Dakota,46135,Yankton,2015,2019,American Indian/Alaskan Native (includes Hispanic),
46,South Dakota,46135,Yankton,2015,2019,White (includes Hispanic),
46,South Dakota,46135,Yankton,2016,2020,Asian/Pacific Islander (includes Hispanic),
46,South Dakota,46135,Yankton,2016,2020,Black (includes Hispanic),
46,South Dakota,46135,Yankton,2016,2020,Hispanic (all races),
46,South Dakota,46135,Yankton,2016,2020,American Indian/Alaskan Native (includes Hispanic),
46,South Dakota,46135,Yankton,2016,2020,White (includes Hispanic),
46,South Dakota,46137,Ziebach,2011,2015,Asian/Pacific Islander (includes Hispanic),
46,South Dakota,46137,Ziebach,2011,2015,Black (includes Hispanic),
46,South Dakota,46137,Ziebach,2011,2015,Hispanic (all races),
46,South Dakota,46137,Ziebach,2011,2015,American Indian/Alaskan Native (includes Hispanic),
46,South Dakota,46137,Ziebach,2011,2015,White (includes Hispanic),
46,South Dakota,46137,Ziebach,2012,2016,Asian/Pacific Islander (includes Hispanic),
46,South Dakota,46137,Ziebach,2012,2016,Black (includes Hispanic),
46,South Dakota,46137,Ziebach,2012,2016,Hispanic (all races),
46,South Dakota,46137,Ziebach,2012,2016,American Indian/Alaskan Native (includes Hispanic),
46,South Dakota,46137,Ziebach,2012,2016,White (includes Hispanic),
46,South Dakota,46137,Ziebach,2013,2017,Asian/Pacific Islander (includes Hispanic),
46,South Dakota,46137,Ziebach,2013,2017,Black (includes Hispanic),
46,South Dakota,46137,Ziebach,2013,2017,Hispanic (all races),
46,South Dakota,46137,Ziebach,2013,2017,American Indian/Alaskan Native (includes Hispanic),
46,South Dakota,46137,Ziebach,2013,2017,White (includes Hispanic),
46,South Dakota,46137,Ziebach,2014,2018,Asian/Pacific Islander (includes Hispanic),
46,South Dakota,46137,Ziebach,2014,2018,Black (includes Hispanic),
46,South Dakota,46137,Ziebach,2014,2018,Hispanic (all races),
46,South Dakota,46137,Ziebach,2014,2018,American Indian/Alaskan Native (includes Hispanic),
46,South Dakota,46137,Ziebach,2014,2018,White (includes Hispanic),
46,South Dakota,46137,Ziebach,2015,2019,Asian/Pacific Islander (includes Hispanic),
46,South Dakota,46137,Ziebach,2015,2019,Black (includes Hispanic),
46,South Dakota,46137,Ziebach,2015,2019,Hispanic (all races),
46,South Dakota,46137,Ziebach,2015,2019,American Indian/Alaskan Native (includes Hispanic),
46,South Dakota,46137,Ziebach,2015,2019,White (includes Hispanic),
46,South Dakota,46137,Ziebach,2016,2020,Asian/Pacific Islander (includes Hispanic),
46,South Dakota,46137,Ziebach,2016,2020,Black (includes Hispanic),
46,South Dakota,46137,Ziebach,2016,2020,Hispanic (all races),
46,South Dakota,46137,Ziebach,2016,2020,American Indian/Alaskan Native (includes Hispanic),
46,South Dakota,46137,Ziebach,2016,2020,White (includes Hispanic),
47,Tennessee,47001,Anderson,2011,2015,Asian/Pacific Islander (includes Hispanic),
47,Tennessee,47001,Anderson,2011,2015,Black (includes Hispanic),
47,Tennessee,47001,Anderson,2011,2015,Hispanic (all races),
47,Tennessee,47001,Anderson,2011,2015,American Indian/Alaskan Native (includes Hispanic),
47,Tennessee,47001,Anderson,2011,2015,White (includes Hispanic),7.6
47,Tennessee,47001,Anderson,2012,2016,Asian/Pacific Islander (includes Hispanic),
47,Tennessee,47001,Anderson,2012,2016,Black (includes Hispanic),
47,Tennessee,47001,Anderson,2012,2016,Hispanic (all races),
47,Tennessee,47001,Anderson,2012,2016,American Indian/Alaskan Native (includes Hispanic),
47,Tennessee,47001,Anderson,2012,2016,White (includes Hispanic),7.8
47,Tennessee,47001,Anderson,2013,2017,Asian/Pacific Islander (includes Hispanic),
47,Tennessee,47001,Anderson,2013,2017,Black (includes Hispanic),
47,Tennessee,47001,Anderson,2013,2017,Hispanic (all races),
47,Tennessee,47001,Anderson,2013,2017,American Indian/Alaskan Native (includes Hispanic),
47,Tennessee,47001,Anderson,2013,2017,White (includes Hispanic),8.0
47,Tennessee,47001,Anderson,2014,2018,Asian/Pacific Islander (includes Hispanic),
47,Tennessee,47001,Anderson,2014,2018,Black (includes Hispanic),
47,Tennessee,47001,Anderson,2014,2018,Hispanic (all races),
47,Tennessee,47001,Anderson,2014,2018,American Indian/Alaskan Native (includes Hispanic),
47,Tennessee,47001,Anderson,2014,2018,White (includes Hispanic),7.9
47,Tennessee,47001,Anderson,2015,2019,Asian/Pacific Islander (includes Hispanic),
47,Tennessee,47001,Anderson,2015,2019,Black (includes Hispanic),
47,Tennessee,47001,Anderson,2015,2019,Hispanic (all races),
47,Tennessee,47001,Anderson,2015,2019,American Indian/Alaskan Native (includes Hispanic),
47,Tennessee,47001,Anderson,2015,2019,White (includes Hispanic),7.8
47,Tennessee,47001,Anderson,2016,2020,Asian/Pacific Islander (includes Hispanic),
47,Tennessee,47001,Anderson,2016,2020,Black (includes Hispanic),
47,Tennessee,47001,Anderson,2016,2020,Hispanic (all races),
47,Tennessee,47001,Anderson,2016,2020,American Indian/Alaskan Native (includes Hispanic),
47,Tennessee,47001,Anderson,2016,2020,White (includes Hispanic),7.3
47,Tennessee,47003,Bedford,2011,2015,Asian/Pacific Islander (includes Hispanic),
47,Tennessee,47003,Bedford,2011,2015,Black (includes Hispanic),
47,Tennessee,47003,Bedford,2011,2015,Hispanic (all races),
47,Tennessee,47003,Bedford,2011,2015,American Indian/Alaskan Native (includes Hispanic),
47,Tennessee,47003,Bedford,2011,2015,White (includes Hispanic),9.7
47,Tennessee,47003,Bedford,2012,2016,Asian/Pacific Islander (includes Hispanic),
47,Tennessee,47003,Bedford,2012,2016,Black (includes Hispanic),
47,Tennessee,47003,Bedford,2012,2016,Hispanic (all races),
47,Tennessee,47003,Bedford,2012,2016,American Indian/Alaskan Native (includes Hispanic),
47,Tennessee,47003,Bedford,2012,2016,White (includes Hispanic),10.5
47,Tennessee,47003,Bedford,2013,2017,Asian/Pacific Islander (includes Hispanic),
47,Tennessee,47003,Bedford,2013,2017,Black (includes Hispanic),
47,Tennessee,47003,Bedford,2013,2017,Hispanic (all races),
47,Tennessee,47003,Bedford,2013,2017,American Indian/Alaskan Native (includes Hispanic),
47,Tennessee,47003,Bedford,2013,2017,White (includes Hispanic),10.0
47,Tennessee,47003,Bedford,2014,2018,Asian/Pacific Islander (includes Hispanic),
47,Tennessee,47003,Bedford,2014,2018,Black (includes Hispanic),
47,Tennessee,47003,Bedford,2014,2018,Hispanic (all races),
47,Tennessee,47003,Bedford,2014,2018,American Indian/Alaskan Native (includes Hispanic),
47,Tennessee,47003,Bedford,2014,2018,White (includes Hispanic),9.7
47,Tennessee,47003,Bedford,2015,2019,Asian/Pacific Islander (includes Hispanic),
47,Tennessee,47003,Bedford,2015,2019,Black (includes Hispanic),
47,Tennessee,47003,Bedford,2015,2019,Hispanic (all races),
47,Tennessee,47003,Bedford,2015,2019,American Indian/Alaskan Native (includes Hispanic),
47,Tennessee,47003,Bedford,2015,2019,White (includes Hispanic),8.5
47,Tennessee,47003,Bedford,2016,2020,Asian/Pacific Islander (includes Hispanic),
47,Tennessee,47003,Bedford,2016,2020,Black (includes Hispanic),
47,Tennessee,47003,Bedford,2016,2020,Hispanic (all races),
47,Tennessee,47003,Bedford,2016,2020,American Indian/Alaskan Native (includes Hispanic),
47,Tennessee,47003,Bedford,2016,2020,White (includes Hispanic),8.0
47,Tennessee,47005,Benton,2011,2015,Asian/Pacific Islander (includes Hispanic),
47,Tennessee,47005,Benton,2011,2015,Black (includes Hispanic),
47,Tennessee,47005,Benton,2011,2015,Hispanic (all races),
47,Tennessee,47005,Benton,2011,2015,American Indian/Alaskan Native (includes Hispanic),
47,Tennessee,47005,Benton,2011,2015,White (includes Hispanic),11.7
47,Tennessee,47005,Benton,2012,2016,Asian/Pacific Islander (includes Hispanic),
47,Tennessee,47005,Benton,2012,2016,Black (includes Hispanic),
47,Tennessee,47005,Benton,2012,2016,Hispanic (all races),
47,Tennessee,47005,Benton,2012,2016,American Indian/Alaskan Native (includes Hispanic),
47,Tennessee,47005,Benton,2012,2016,White (includes Hispanic),13.1
47,Tennessee,47005,Benton,2013,2017,Asian/Pacific Islander (includes Hispanic),
47,Tennessee,47005,Benton,2013,2017,Black (includes Hispanic),
47,Tennessee,47005,Benton,2013,2017,Hispanic (all races),
47,Tennessee,47005,Benton,2013,2017,American Indian/Alaskan Native (includes Hispanic),
47,Tennessee,47005,Benton,2013,2017,White (includes Hispanic),11.8
47,Tennessee,47005,Benton,2014,2018,Asian/Pacific Islander (includes Hispanic),
47,Tennessee,47005,Benton,2014,2018,Black (includes Hispanic),
47,Tennessee,47005,Benton,2014,2018,Hispanic (all races),
47,Tennessee,47005,Benton,2014,2018,American Indian/Alaskan Native (includes Hispanic),
47,Tennessee,47005,Benton,2014,2018,White (includes Hispanic),13.8
47,Tennessee,47005,Benton,2015,2019,Asian/Pacific Islander (includes Hispanic),
47,Tennessee,47005,Benton,2015,2019,Black (includes Hispanic),
47,Tennessee,47005,Benton,2015,2019,Hispanic (all races),
47,Tennessee,47005,Benton,2015,2019,American Indian/Alaskan Native (includes Hispanic),
47,Tennessee,47005,Benton,2015,2019,White (includes Hispanic),13.0
47,Tennessee,47005,Benton,2016,2020,Asian/Pacific Islander (includes Hispanic),
47,Tennessee,47005,Benton,2016,2020,Black (includes Hispanic),
47,Tennessee,47005,Benton,2016,2020,Hispanic (all races),
47,Tennessee,47005,Benton,2016,2020,American Indian/Alaskan Native (includes Hispanic),
47,Tennessee,47005,Benton,2016,2020,White (includes Hispanic),11.8
47,Tennessee,47007,Bledsoe,2011,2015,Asian/Pacific Islander (includes Hispanic),
47,Tennessee,47007,Bledsoe,2011,2015,Black (includes Hispanic),9.0
47,Tennessee,47007,Bledsoe,2011,2015,Hispanic (all races),
47,Tennessee,47007,Bledsoe,2011,2015,American Indian/Alaskan Native (includes Hispanic),
47,Tennessee,47007,Bledsoe,2011,2015,White (includes Hispanic),8.1
47,Tennessee,47007,Bledsoe,2012,2016,Asian/Pacific Islander (includes Hispanic),
47,Tennessee,47007,Bledsoe,2012,2016,Black (includes Hispanic),
47,Tennessee,47007,Bledsoe,2012,2016,Hispanic (all races),
47,Tennessee,47007,Bledsoe,2012,2016,American Indian/Alaskan Native (includes Hispanic),
47,Tennessee,47007,Bledsoe,2012,2016,White (includes Hispanic),7.9
47,Tennessee,47007,Bledsoe,2013,2017,Asian/Pacific Islander (includes Hispanic),
47,Tennessee,47007,Bledsoe,2013,2017,Black (includes Hispanic),
47,Tennessee,47007,Bledsoe,2013,2017,Hispanic (all races),
47,Tennessee,47007,Bledsoe,2013,2017,American Indian/Alaskan Native (includes Hispanic),
47,Tennessee,47007,Bledsoe,2013,2017,White (includes Hispanic),7.9
47,Tennessee,47007,Bledsoe,2014,2018,Asian/Pacific Islander (includes Hispanic),
47,Tennessee,47007,Bledsoe,2014,2018,Black (includes Hispanic),
47,Tennessee,47007,Bledsoe,2014,2018,Hispanic (all races),
47,Tennessee,47007,Bledsoe,2014,2018,American Indian/Alaskan Native (includes Hispanic),
47,Tennessee,47007,Bledsoe,2014,2018,White (includes Hispanic),7.8
47,Tennessee,47007,Bledsoe,2015,2019,Asian/Pacific Islander (includes Hispanic),
47,Tennessee,47007,Bledsoe,2015,2019,Black (includes Hispanic),
47,Tennessee,47007,Bledsoe,2015,2019,Hispanic (all races),
47,Tennessee,47007,Bledsoe,2015,2019,American Indian/Alaskan Native (includes Hispanic),
47,Tennessee,47007,Bledsoe,2015,2019,White (includes Hispanic),8.1
47,Tennessee,47007,Bledsoe,2016,2020,Asian/Pacific Islander (includes Hispanic),
47,Tennessee,47007,Bledsoe,2016,2020,Black (includes Hispanic),
47,Tennessee,47007,Bledsoe,2016,2020,Hispanic (all races),
47,Tennessee,47007,Bledsoe,2016,2020,American Indian/Alaskan Native (includes Hispanic),
47,Tennessee,47007,Bledsoe,2016,2020,White (includes Hispanic),9.4
47,Tennessee,47009,Blount,2011,2015,Asian/Pacific Islander (includes Hispanic),
47,Tennessee,47009,Blount,2011,2015,Black (includes Hispanic),
47,Tennessee,47009,Blount,2011,2015,Hispanic (all races),
47,Tennessee,47009,Blount,2011,2015,American Indian/Alaskan Native (includes Hispanic),
47,Tennessee,47009,Blount,2011,2015,White (includes Hispanic),7.5
47,Tennessee,47009,Blount,2012,2016,Asian/Pacific Islander (includes Hispanic),
47,Tennessee,47009,Blount,2012,2016,Black (includes Hispanic),
47,Tennessee,47009,Blount,2012,2016,Hispanic (all races),
47,Tennessee,47009,Blount,2012,2016,American Indian/Alaskan Native (includes Hispanic),
47,Tennessee,47009,Blount,2012,2016,White (includes Hispanic),7.5
47,Tennessee,47009,Blount,2013,2017,Asian/Pacific Islander (includes Hispanic),
47,Tennessee,47009,Blount,2013,2017,Black (includes Hispanic),
47,Tennessee,47009,Blount,2013,2017,Hispanic (all races),
47,Tennessee,47009,Blount,2013,2017,American Indian/Alaskan Native (includes Hispanic),
47,Tennessee,47009,Blount,2013,2017,White (includes Hispanic),7.8
47,Tennessee,47009,Blount,2014,2018,Asian/Pacific Islander (includes Hispanic),
47,Tennessee,47009,Blount,2014,2018,Black (includes Hispanic),
47,Tennessee,47009,Blount,2014,2018,Hispanic (all races),
47,Tennessee,47009,Blount,2014,2018,American Indian/Alaskan Native (includes Hispanic),
47,Tennessee,47009,Blount,2014,2018,White (includes Hispanic),7.9
47,Tennessee,47009,Blount,2015,2019,Asian/Pacific Islander (includes Hispanic),
47,Tennessee,47009,Blount,2015,2019,Black (includes Hispanic),
47,Tennessee,47009,Blount,2015,2019,Hispanic (all races),
47,Tennessee,47009,Blount,2015,2019,American Indian/Alaskan Native (includes Hispanic),
47,Tennessee,47009,Blount,2015,2019,White (includes Hispanic),8.0
47,Tennessee,47009,Blount,2016,2020,Asian/Pacific Islander (includes Hispanic),
47,Tennessee,47009,Blount,2016,2020,Black (includes Hispanic),
47,Tennessee,47009,Blount,2016,2020,Hispanic (all races),
47,Tennessee,47009,Blount,2016,2020,American Indian/Alaskan Native (includes Hispanic),
47,Tennessee,47009,Blount,2016,2020,White (includes Hispanic),7.4
47,Tennessee,47011,Bradley,2011,2015,Asian/Pacific Islander (includes Hispanic),
47,Tennessee,47011,Bradley,2011,2015,Black (includes Hispanic),10.6
47,Tennessee,47011,Bradley,2011,2015,Hispanic (all races),
47,Tennessee,47011,Bradley,2011,2015,American Indian/Alaskan Native (includes Hispanic),
47,Tennessee,47011,Bradley,2011,2015,White (includes Hispanic),7.9
47,Tennessee,47011,Bradley,2012,2016,Asian/Pacific Islander (includes Hispanic),
47,Tennessee,47011,Bradley,2012,2016,Black (includes Hispanic),9.7
47,Tennessee,47011,Bradley,2012,2016,Hispanic (all races),
47,Tennessee,47011,Bradley,2012,2016,American Indian/Alaskan Native (includes Hispanic),
47,Tennessee,47011,Bradley,2012,2016,White (includes Hispanic),8.0
47,Tennessee,47011,Bradley,2013,2017,Asian/Pacific Islander (includes Hispanic),
47,Tennessee,47011,Bradley,2013,2017,Black (includes Hispanic),
47,Tennessee,47011,Bradley,2013,2017,Hispanic (all races),
47,Tennessee,47011,Bradley,2013,2017,American Indian/Alaskan Native (includes Hispanic),
47,Tennessee,47011,Bradley,2013,2017,White (includes Hispanic),8.0
47,Tennessee,47011,Bradley,2014,2018,Asian/Pacific Islander (includes Hispanic),
47,Tennessee,47011,Bradley,2014,2018,Black (includes Hispanic),
47,Tennessee,47011,Bradley,2014,2018,Hispanic (all races),
47,Tennessee,47011,Bradley,2014,2018,American Indian/Alaskan Native (includes Hispanic),
47,Tennessee,47011,Bradley,2014,2018,White (includes Hispanic),8.4
47,Tennessee,47011,Bradley,2015,2019,Asian/Pacific Islander (includes Hispanic),
47,Tennessee,47011,Bradley,2015,2019,Black (includes Hispanic),
47,Tennessee,47011,Bradley,2015,2019,Hispanic (all races),
47,Tennessee,47011,Bradley,2015,2019,American Indian/Alaskan Native (includes Hispanic),
47,Tennessee,47011,Bradley,2015,2019,White (includes Hispanic),8.5
47,Tennessee,47011,Bradley,2016,2020,Asian/Pacific Islander (includes Hispanic),
47,Tennessee,47011,Bradley,2016,2020,Black (includes Hispanic),
47,Tennessee,47011,Bradley,2016,2020,Hispanic (all races),
47,Tennessee,47011,Bradley,2016,2020,American Indian/Alaskan Native (includes Hispanic),
47,Tennessee,47011,Bradley,2016,2020,White (includes Hispanic),8.3
47,Tennessee,47013,Campbell,2011,2015,Asian/Pacific Islander (includes Hispanic),
47,Tennessee,47013,Campbell,2011,2015,Black (includes Hispanic),
47,Tennessee,47013,Campbell,2011,2015,Hispanic (all races),
47,Tennessee,47013,Campbell,2011,2015,American Indian/Alaskan Native (includes Hispanic),
47,Tennessee,47013,Campbell,2011,2015,White (includes Hispanic),11.8
47,Tennessee,47013,Campbell,2012,2016,Asian/Pacific Islander (includes Hispanic),
47,Tennessee,47013,Campbell,2012,2016,Black (includes Hispanic),
47,Tennessee,47013,Campbell,2012,2016,Hispanic (all races),
47,Tennessee,47013,Campbell,2012,2016,American Indian/Alaskan Native (includes Hispanic),
47,Tennessee,47013,Campbell,2012,2016,White (includes Hispanic),11.5
47,Tennessee,47013,Campbell,2013,2017,Asian/Pacific Islander (includes Hispanic),
47,Tennessee,47013,Campbell,2013,2017,Black (includes Hispanic),
47,Tennessee,47013,Campbell,2013,2017,Hispanic (all races),
47,Tennessee,47013,Campbell,2013,2017,American Indian/Alaskan Native (includes Hispanic),
47,Tennessee,47013,Campbell,2013,2017,White (includes Hispanic),11.5
47,Tennessee,47013,Campbell,2014,2018,Asian/Pacific Islander (includes Hispanic),
47,Tennessee,47013,Campbell,2014,2018,Black (includes Hispanic),
47,Tennessee,47013,Campbell,2014,2018,Hispanic (all races),
47,Tennessee,47013,Campbell,2014,2018,American Indian/Alaskan Native (includes Hispanic),
47,Tennessee,47013,Campbell,2014,2018,White (includes Hispanic),12.0
47,Tennessee,47013,Campbell,2015,2019,Asian/Pacific Islander (includes Hispanic),
47,Tennessee,47013,Campbell,2015,2019,Black (includes Hispanic),
47,Tennessee,47013,Campbell,2015,2019,Hispanic (all races),
47,Tennessee,47013,Campbell,2015,2019,American Indian/Alaskan Native (includes Hispanic),
47,Tennessee,47013,Campbell,2015,2019,White (includes Hispanic),11.7
47,Tennessee,47013,Campbell,2016,2020,Asian/Pacific Islander (includes Hispanic),
47,Tennessee,47013,Campbell,2016,2020,Black (includes Hispanic),
47,Tennessee,47013,Campbell,2016,2020,Hispanic (all races),
47,Tennessee,47013,Campbell,2016,2020,American Indian/Alaskan Native (includes Hispanic),
47,Tennessee,47013,Campbell,2016,2020,White (includes Hispanic),10.9
47,Tennessee,47015,Cannon,2011,2015,Asian/Pacific Islander (includes Hispanic),
47,Tennessee,47015,Cannon,2011,2015,Black (includes Hispanic),
47,Tennessee,47015,Cannon,2011,2015,Hispanic (all races),
47,Tennessee,47015,Cannon,2011,2015,American Indian/Alaskan Native (includes Hispanic),
47,Tennessee,47015,Cannon,2011,2015,White (includes Hispanic),9.1
47,Tennessee,47015,Cannon,2012,2016,Asian/Pacific Islander (includes Hispanic),
47,Tennessee,47015,Cannon,2012,2016,Black (includes Hispanic),
47,Tennessee,47015,Cannon,2012,2016,Hispanic (all races),
47,Tennessee,47015,Cannon,2012,2016,American Indian/Alaskan Native (includes Hispanic),
47,Tennessee,47015,Cannon,2012,2016,White (includes Hispanic),9.4
47,Tennessee,47015,Cannon,2013,2017,Asian/Pacific Islander (includes Hispanic),
47,Tennessee,47015,Cannon,2013,2017,Black (includes Hispanic),
47,Tennessee,47015,Cannon,2013,2017,Hispanic (all races),
47,Tennessee,47015,Cannon,2013,2017,American Indian/Alaskan Native (includes Hispanic),
47,Tennessee,47015,Cannon,2013,2017,White (includes Hispanic),9.4
47,Tennessee,47015,Cannon,2014,2018,Asian/Pacific Islander (includes Hispanic),
47,Tennessee,47015,Cannon,2014,2018,Black (includes Hispanic),
47,Tennessee,47015,Cannon,2014,2018,Hispanic (all races),
47,Tennessee,47015,Cannon,2014,2018,American Indian/Alaskan Native (includes Hispanic),
47,Tennessee,47015,Cannon,2014,2018,White (includes Hispanic),9.0
47,Tennessee,47015,Cannon,2015,2019,Asian/Pacific Islander (includes Hispanic),
47,Tennessee,47015,Cannon,2015,2019,Black (includes Hispanic),
47,Tennessee,47015,Cannon,2015,2019,Hispanic (all races),
47,Tennessee,47015,Cannon,2015,2019,American Indian/Alaskan Native (includes Hispanic),
47,Tennessee,47015,Cannon,2015,2019,White (includes Hispanic),8.3
47,Tennessee,47015,Cannon,2016,2020,Asian/Pacific Islander (includes Hispanic),
47,Tennessee,47015,Cannon,2016,2020,Black (includes Hispanic),
47,Tennessee,47015,Cannon,2016,2020,Hispanic (all races),
47,Tennessee,47015,Cannon,2016,2020,American Indian/Alaskan Native (includes Hispanic),
47,Tennessee,47015,Cannon,2016,2020,White (includes Hispanic),7.6
47,Tennessee,47017,Carroll,2011,2015,Asian/Pacific Islander (includes Hispanic),
47,Tennessee,47017,Carroll,2011,2015,Black (includes Hispanic),
47,Tennessee,47017,Carroll,2011,2015,Hispanic (all races),
47,Tennessee,47017,Carroll,2011,2015,American Indian/Alaskan Native (includes Hispanic),
47,Tennessee,47017,Carroll,2011,2015,White (includes Hispanic),10.6
47,Tennessee,47017,Carroll,2012,2016,Asian/Pacific Islander (includes Hispanic),
47,Tennessee,47017,Carroll,2012,2016,Black (includes Hispanic),
47,Tennessee,47017,Carroll,2012,2016,Hispanic (all races),
47,Tennessee,47017,Carroll,2012,2016,American Indian/Alaskan Native (includes Hispanic),
47,Tennessee,47017,Carroll,2012,2016,White (includes Hispanic),11.2
47,Tennessee,47017,Carroll,2013,2017,Asian/Pacific Islander (includes Hispanic),
47,Tennessee,47017,Carroll,2013,2017,Black (includes Hispanic),
47,Tennessee,47017,Carroll,2013,2017,Hispanic (all races),
47,Tennessee,47017,Carroll,2013,2017,American Indian/Alaskan Native (includes Hispanic),
47,Tennessee,47017,Carroll,2013,2017,White (includes Hispanic),9.3
47,Tennessee,47017,Carroll,2014,2018,Asian/Pacific Islander (includes Hispanic),
47,Tennessee,47017,Carroll,2014,2018,Black (includes Hispanic),
47,Tennessee,47017,Carroll,2014,2018,Hispanic (all races),
47,Tennessee,47017,Carroll,2014,2018,American Indian/Alaskan Native (includes Hispanic),
47,Tennessee,47017,Carroll,2014,2018,White (includes Hispanic),10.1
47,Tennessee,47017,Carroll,2015,2019,Asian/Pacific Islander (includes Hispanic),
47,Tennessee,47017,Carroll,2015,2019,Black (includes Hispanic),
47,Tennessee,47017,Carroll,2015,2019,Hispanic (all races),
47,Tennessee,47017,Carroll,2015,2019,American Indian/Alaskan Native (includes Hispanic),
47,Tennessee,47017,Carroll,2015,2019,White (includes Hispanic),9.1
47,Tennessee,47017,Carroll,2016,2020,Asian/Pacific Islander (includes Hispanic),
47,Tennessee,47017,Carroll,2016,2020,Black (includes Hispanic),
47,Tennessee,47017,Carroll,2016,2020,Hispanic (all races),
47,Tennessee,47017,Carroll,2016,2020,American Indian/Alaskan Native (includes Hispanic),
47,Tennessee,47017,Carroll,2016,2020,White (includes Hispanic),8.9
47,Tennessee,47019,Carter,2011,2015,Asian/Pacific Islander (includes Hispanic),
47,Tennessee,47019,Carter,2011,2015,Black (includes Hispanic),
47,Tennessee,47019,Carter,2011,2015,Hispanic (all races),
47,Tennessee,47019,Carter,2011,2015,American Indian/Alaskan Native (includes Hispanic),
47,Tennessee,47019,Carter,2011,2015,White (includes Hispanic),8.2
47,Tennessee,47019,Carter,2012,2016,Asian/Pacific Islander (includes Hispanic),
47,Tennessee,47019,Carter,2012,2016,Black (includes Hispanic),
47,Tennessee,47019,Carter,2012,2016,Hispanic (all races),
47,Tennessee,47019,Carter,2012,2016,American Indian/Alaskan Native (includes Hispanic),
47,Tennessee,47019,Carter,2012,2016,White (includes Hispanic),8.3
47,Tennessee,47019,Carter,2013,2017,Asian/Pacific Islander (includes Hispanic),
47,Tennessee,47019,Carter,2013,2017,Black (includes Hispanic),
47,Tennessee,47019,Carter,2013,2017,Hispanic (all races),
47,Tennessee,47019,Carter,2013,2017,American Indian/Alaskan Native (includes Hispanic),
47,Tennessee,47019,Carter,2013,2017,White (includes Hispanic),9.0
47,Tennessee,47019,Carter,2014,2018,Asian/Pacific Islander (includes Hispanic),
47,Tennessee,47019,Carter,2014,2018,Black (includes Hispanic),
47,Tennessee,47019,Carter,2014,2018,Hispanic (all races),
47,Tennessee,47019,Carter,2014,2018,American Indian/Alaskan Native (includes Hispanic),
47,Tennessee,47019,Carter,2014,2018,White (includes Hispanic),9.0
47,Tennessee,47019,Carter,2015,2019,Asian/Pacific Islander (includes Hispanic),
47,Tennessee,47019,Carter,2015,2019,Black (includes Hispanic),
47,Tennessee,47019,Carter,2015,2019,Hispanic (all races),
47,Tennessee,47019,Carter,2015,2019,American Indian/Alaskan Native (includes Hispanic),
47,Tennessee,47019,Carter,2015,2019,White (includes Hispanic),8.4
47,Tennessee,47019,Carter,2016,2020,Asian/Pacific Islander (includes Hispanic),
47,Tennessee,47019,Carter,2016,2020,Black (includes Hispanic),
47,Tennessee,47019,Carter,2016,2020,Hispanic (all races),
47,Tennessee,47019,Carter,2016,2020,American Indian/Alaskan Native (includes Hispanic),
47,Tennessee,47019,Carter,2016,2020,White (includes Hispanic),7.6
47,Tennessee,47021,Cheatham,2011,2015,Asian/Pacific Islander (includes Hispanic),
47,Tennessee,47021,Cheatham,2011,2015,Black (includes Hispanic),6.1
47,Tennessee,47021,Cheatham,2011,2015,Hispanic (all races),
47,Tennessee,47021,Cheatham,2011,2015,American Indian/Alaskan Native (includes Hispanic),
47,Tennessee,47021,Cheatham,2011,2015,White (includes Hispanic),7.0
47,Tennessee,47021,Cheatham,2012,2016,Asian/Pacific Islander (includes Hispanic),
47,Tennessee,47021,Cheatham,2012,2016,Black (includes Hispanic),7.2
47,Tennessee,47021,Cheatham,2012,2016,Hispanic (all races),
47,Tennessee,47021,Cheatham,2012,2016,American Indian/Alaskan Native (includes Hispanic),
47,Tennessee,47021,Cheatham,2012,2016,White (includes Hispanic),6.6
47,Tennessee,47021,Cheatham,2013,2017,Asian/Pacific Islander (includes Hispanic),
47,Tennessee,47021,Cheatham,2013,2017,Black (includes Hispanic),7.2
47,Tennessee,47021,Cheatham,2013,2017,Hispanic (all races),
47,Tennessee,47021,Cheatham,2013,2017,American Indian/Alaskan Native (includes Hispanic),
47,Tennessee,47021,Cheatham,2013,2017,White (includes Hispanic),6.5
47,Tennessee,47021,Cheatham,2014,2018,Asian/Pacific Islander (includes Hispanic),
47,Tennessee,47021,Cheatham,2014,2018,Black (includes Hispanic),6.5
47,Tennessee,47021,Cheatham,2014,2018,Hispanic (all races),13.1
47,Tennessee,47021,Cheatham,2014,2018,American Indian/Alaskan Native (includes Hispanic),
47,Tennessee,47021,Cheatham,2014,2018,White (includes Hispanic),6.6
47,Tennessee,47021,Cheatham,2015,2019,Asian/Pacific Islander (includes Hispanic),
47,Tennessee,47021,Cheatham,2015,2019,Black (includes Hispanic),6.9
47,Tennessee,47021,Cheatham,2015,2019,Hispanic (all races),11.8
47,Tennessee,47021,Cheatham,2015,2019,American Indian/Alaskan Native (includes Hispanic),
47,Tennessee,47021,Cheatham,2015,2019,White (includes Hispanic),6.3
47,Tennessee,47021,Cheatham,2016,2020,Asian/Pacific Islander (includes Hispanic),
47,Tennessee,47021,Cheatham,2016,2020,Black (includes Hispanic),7.1
47,Tennessee,47021,Cheatham,2016,2020,Hispanic (all races),12.2
47,Tennessee,47021,Cheatham,2016,2020,American Indian/Alaskan Native (includes Hispanic),
47,Tennessee,47021,Cheatham,2016,2020,White (includes Hispanic),6.4
47,Tennessee,47023,Chester,2011,2015,Asian/Pacific Islander (includes Hispanic),
47,Tennessee,47023,Chester,2011,2015,Black (includes Hispanic),
47,Tennessee,47023,Chester,2011,2015,Hispanic (all races),
47,Tennessee,47023,Chester,2011,2015,American Indian/Alaskan Native (includes Hispanic),
47,Tennessee,47023,Chester,2011,2015,White (includes Hispanic),9.4
47,Tennessee,47023,Chester,2012,2016,Asian/Pacific Islander (includes Hispanic),
47,Tennessee,47023,Chester,2012,2016,Black (includes Hispanic),
47,Tennessee,47023,Chester,2012,2016,Hispanic (all races),
47,Tennessee,47023,Chester,2012,2016,American Indian/Alaskan Native (includes Hispanic),
47,Tennessee,47023,Chester,2012,2016,White (includes Hispanic),8.3
47,Tennessee,47023,Chester,2013,2017,Asian/Pacific Islander (includes Hispanic),
47,Tennessee,47023,Chester,2013,2017,Black (includes Hispanic),
47,Tennessee,47023,Chester,2013,2017,Hispanic (all races),
47,Tennessee,47023,Chester,2013,2017,American Indian/Alaskan Native (includes Hispanic),
47,Tennessee,47023,Chester,2013,2017,White (includes Hispanic),8.0
47,Tennessee,47023,Chester,2014,2018,Asian/Pacific Islander (includes Hispanic),
47,Tennessee,47023,Chester,2014,2018,Black (includes Hispanic),
47,Tennessee,47023,Chester,2014,2018,Hispanic (all races),
47,Tennessee,47023,Chester,2014,2018,American Indian/Alaskan Native (includes Hispanic),
47,Tennessee,47023,Chester,2014,2018,White (includes Hispanic),8.9
47,Tennessee,47023,Chester,2015,2019,Asian/Pacific Islander (includes Hispanic),
47,Tennessee,47023,Chester,2015,2019,Black (includes Hispanic),
47,Tennessee,47023,Chester,2015,2019,Hispanic (all races),
47,Tennessee,47023,Chester,2015,2019,American Indian/Alaskan Native (includes Hispanic),
47,Tennessee,47023,Chester,2015,2019,White (includes Hispanic),9.9
47,Tennessee,47023,Chester,2016,2020,Asian/Pacific Islander (includes Hispanic),
47,Tennessee,47023,Chester,2016,2020,Black (includes Hispanic),
47,Tennessee,47023,Chester,2016,2020,Hispanic (all races),
47,Tennessee,47023,Chester,2016,2020,American Indian/Alaskan Native (includes Hispanic),
47,Tennessee,47023,Chester,2016,2020,White (includes Hispanic),10.6
47,Tennessee,47025,Claiborne,2011,2015,Asian/Pacific Islander (includes Hispanic),
47,Tennessee,47025,Claiborne,2011,2015,Black (includes Hispanic),
47,Tennessee,47025,Claiborne,2011,2015,Hispanic (all races),
47,Tennessee,47025,Claiborne,2011,2015,American Indian/Alaskan Native (includes Hispanic),
47,Tennessee,47025,Claiborne,2011,2015,White (includes Hispanic),11.0
47,Tennessee,47025,Claiborne,2012,2016,Asian/Pacific Islander (includes Hispanic),
47,Tennessee,47025,Claiborne,2012,2016,Black (includes Hispanic),
47,Tennessee,47025,Claiborne,2012,2016,Hispanic (all races),
47,Tennessee,47025,Claiborne,2012,2016,American Indian/Alaskan Native (includes Hispanic),
47,Tennessee,47025,Claiborne,2012,2016,White (includes Hispanic),11.0
47,Tennessee,47025,Claiborne,2013,2017,Asian/Pacific Islander (includes Hispanic),
47,Tennessee,47025,Claiborne,2013,2017,Black (includes Hispanic),
47,Tennessee,47025,Claiborne,2013,2017,Hispanic (all races),
47,Tennessee,47025,Claiborne,2013,2017,American Indian/Alaskan Native (includes Hispanic),
47,Tennessee,47025,Claiborne,2013,2017,White (includes Hispanic),10.5
47,Tennessee,47025,Claiborne,2014,2018,Asian/Pacific Islander (includes Hispanic),
47,Tennessee,47025,Claiborne,2014,2018,Black (includes Hispanic),
47,Tennessee,47025,Claiborne,2014,2018,Hispanic (all races),
47,Tennessee,47025,Claiborne,2014,2018,American Indian/Alaskan Native (includes Hispanic),
47,Tennessee,47025,Claiborne,2014,2018,White (includes Hispanic),11.4
47,Tennessee,47025,Claiborne,2015,2019,Asian/Pacific Islander (includes Hispanic),
47,Tennessee,47025,Claiborne,2015,2019,Black (includes Hispanic),
47,Tennessee,47025,Claiborne,2015,2019,Hispanic (all races),
47,Tennessee,47025,Claiborne,2015,2019,American Indian/Alaskan Native (includes Hispanic),
47,Tennessee,47025,Claiborne,2015,2019,White (includes Hispanic),10.2
47,Tennessee,47025,Claiborne,2016,2020,Asian/Pacific Islander (includes Hispanic),
47,Tennessee,47025,Claiborne,2016,2020,Black (includes Hispanic),
47,Tennessee,47025,Claiborne,2016,2020,Hispanic (all races),
47,Tennessee,47025,Claiborne,2016,2020,American Indian/Alaskan Native (includes Hispanic),
47,Tennessee,47025,Claiborne,2016,2020,White (includes Hispanic),10.6
47,Tennessee,47027,Clay,2011,2015,Asian/Pacific Islander (includes Hispanic),
47,Tennessee,47027,Clay,2011,2015,Black (includes Hispanic),
47,Tennessee,47027,Clay,2011,2015,Hispanic (all races),
47,Tennessee,47027,Clay,2011,2015,American Indian/Alaskan Native (includes Hispanic),
47,Tennessee,47027,Clay,2011,2015,White (includes Hispanic),9.8
47,Tennessee,47027,Clay,2012,2016,Asian/Pacific Islander (includes Hispanic),
47,Tennessee,47027,Clay,2012,2016,Black (includes Hispanic),
47,Tennessee,47027,Clay,2012,2016,Hispanic (all races),
47,Tennessee,47027,Clay,2012,2016,American Indian/Alaskan Native (includes Hispanic),
47,Tennessee,47027,Clay,2012,2016,White (includes Hispanic),12.6
47,Tennessee,47027,Clay,2013,2017,Asian/Pacific Islander (includes Hispanic),
47,Tennessee,47027,Clay,2013,2017,Black (includes Hispanic),
47,Tennessee,47027,Clay,2013,2017,Hispanic (all races),
47,Tennessee,47027,Clay,2013,2017,American Indian/Alaskan Native (includes Hispanic),
47,Tennessee,47027,Clay,2013,2017,White (includes Hispanic),11.8
47,Tennessee,47027,Clay,2014,2018,Asian/Pacific Islander (includes Hispanic),
47,Tennessee,47027,Clay,2014,2018,Black (includes Hispanic),
47,Tennessee,47027,Clay,2014,2018,Hispanic (all races),
47,Tennessee,47027,Clay,2014,2018,American Indian/Alaskan Native (includes Hispanic),
47,Tennessee,47027,Clay,2014,2018,White (includes Hispanic),10.6
47,Tennessee,47027,Clay,2015,2019,Asian/Pacific Islander (includes Hispanic),
47,Tennessee,47027,Clay,2015,2019,Black (includes Hispanic),
47,Tennessee,47027,Clay,2015,2019,Hispanic (all races),
47,Tennessee,47027,Clay,2015,2019,American Indian/Alaskan Native (includes Hispanic),
47,Tennessee,47027,Clay,2015,2019,White (includes Hispanic),13.0
47,Tennessee,47027,Clay,2016,2020,Asian/Pacific Islander (includes Hispanic),
47,Tennessee,47027,Clay,2016,2020,Black (includes Hispanic),
47,Tennessee,47027,Clay,2016,2020,Hispanic (all races),
47,Tennessee,47027,Clay,2016,2020,American Indian/Alaskan Native (includes Hispanic),
47,Tennessee,47027,Clay,2016,2020,White (includes Hispanic),10.9
47,Tennessee,47029,Cocke,2011,2015,Asian/Pacific Islander (includes Hispanic),
47,Tennessee,47029,Cocke,2011,2015,Black (includes Hispanic),
47,Tennessee,47029,Cocke,2011,2015,Hispanic (all races),
47,Tennessee,47029,Cocke,2011,2015,American Indian/Alaskan Native (includes Hispanic),
47,Tennessee,47029,Cocke,2011,2015,White (includes Hispanic),8.4
47,Tennessee,47029,Cocke,2012,2016,Asian/Pacific Islander (includes Hispanic),
47,Tennessee,47029,Cocke,2012,2016,Black (includes Hispanic),
47,Tennessee,47029,Cocke,2012,2016,Hispanic (all races),
47,Tennessee,47029,Cocke,2012,2016,American Indian/Alaskan Native (includes Hispanic),
47,Tennessee,47029,Cocke,2012,2016,White (includes Hispanic),8.4
47,Tennessee,47029,Cocke,2013,2017,Asian/Pacific Islander (includes Hispanic),
47,Tennessee,47029,Cocke,2013,2017,Black (includes Hispanic),
47,Tennessee,47029,Cocke,2013,2017,Hispanic (all races),
47,Tennessee,47029,Cocke,2013,2017,American Indian/Alaskan Native (includes Hispanic),
47,Tennessee,47029,Cocke,2013,2017,White (includes Hispanic),8.8
47,Tennessee,47029,Cocke,2014,2018,Asian/Pacific Islander (includes Hispanic),
47,Tennessee,47029,Cocke,2014,2018,Black (includes Hispanic),
47,Tennessee,47029,Cocke,2014,2018,Hispanic (all races),
47,Tennessee,47029,Cocke,2014,2018,American Indian/Alaskan Native (includes Hispanic),
47,Tennessee,47029,Cocke,2014,2018,White (includes Hispanic),9.4
47,Tennessee,47029,Cocke,2015,2019,Asian/Pacific Islander (includes Hispanic),
47,Tennessee,47029,Cocke,2015,2019,Black (includes Hispanic),
47,Tennessee,47029,Cocke,2015,2019,Hispanic (all races),
47,Tennessee,47029,Cocke,2015,2019,American Indian/Alaskan Native (includes Hispanic),
47,Tennessee,47029,Cocke,2015,2019,White (includes Hispanic),9.1
47,Tennessee,47029,Cocke,2016,2020,Asian/Pacific Islander (includes Hispanic),
47,Tennessee,47029,Cocke,2016,2020,Black (includes Hispanic),
47,Tennessee,47029,Cocke,2016,2020,Hispanic (all races),
47,Tennessee,47029,Cocke,2016,2020,American Indian/Alaskan Native (includes Hispanic),
47,Tennessee,47029,Cocke,2016,2020,White (includes Hispanic),8.6
47,Tennessee,47031,Coffee,2011,2015,Asian/Pacific Islander (includes Hispanic),
47,Tennessee,47031,Coffee,2011,2015,Black (includes Hispanic),
47,Tennessee,47031,Coffee,2011,2015,Hispanic (all races),
47,Tennessee,47031,Coffee,2011,2015,American Indian/Alaskan Native (includes Hispanic),
47,Tennessee,47031,Coffee,2011,2015,White (includes Hispanic),8.7
47,Tennessee,47031,Coffee,2012,2016,Asian/Pacific Islander (includes Hispanic),
47,Tennessee,47031,Coffee,2012,2016,Black (includes Hispanic),
47,Tennessee,47031,Coffee,2012,2016,Hispanic (all races),
47,Tennessee,47031,Coffee,2012,2016,American Indian/Alaskan Native (includes Hispanic),
47,Tennessee,47031,Coffee,2012,2016,White (includes Hispanic),9.6
47,Tennessee,47031,Coffee,2013,2017,Asian/Pacific Islander (includes Hispanic),
47,Tennessee,47031,Coffee,2013,2017,Black (includes Hispanic),
47,Tennessee,47031,Coffee,2013,2017,Hispanic (all races),
47,Tennessee,47031,Coffee,2013,2017,American Indian/Alaskan Native (includes Hispanic),
47,Tennessee,47031,Coffee,2013,2017,White (includes Hispanic),9.5
47,Tennessee,47031,Coffee,2014,2018,Asian/Pacific Islander (includes Hispanic),
47,Tennessee,47031,Coffee,2014,2018,Black (includes Hispanic),
47,Tennessee,47031,Coffee,2014,2018,Hispanic (all races),
47,Tennessee,47031,Coffee,2014,2018,American Indian/Alaskan Native (includes Hispanic),
47,Tennessee,47031,Coffee,2014,2018,White (includes Hispanic),9.7
47,Tennessee,47031,Coffee,2015,2019,Asian/Pacific Islander (includes Hispanic),
47,Tennessee,47031,Coffee,2015,2019,Black (includes Hispanic),
47,Tennessee,47031,Coffee,2015,2019,Hispanic (all races),
47,Tennessee,47031,Coffee,2015,2019,American Indian/Alaskan Native (includes Hispanic),
47,Tennessee,47031,Coffee,2015,2019,White (includes Hispanic),8.6
47,Tennessee,47031,Coffee,2016,2020,Asian/Pacific Islander (includes Hispanic),
47,Tennessee,47031,Coffee,2016,2020,Black (includes Hispanic),
47,Tennessee,47031,Coffee,2016,2020,Hispanic (all races),
47,Tennessee,47031,Coffee,2016,2020,American Indian/Alaskan Native (includes Hispanic),
47,Tennessee,47031,Coffee,2016,2020,White (includes Hispanic),8.2
47,Tennessee,47033,Crockett,2011,2015,Asian/Pacific Islander (includes Hispanic),
47,Tennessee,47033,Crockett,2011,2015,Black (includes Hispanic),11.5
47,Tennessee,47033,Crockett,2011,2015,Hispanic (all races),
47,Tennessee,47033,Crockett,2011,2015,American Indian/Alaskan Native (includes Hispanic),
47,Tennessee,47033,Crockett,2011,2015,White (includes Hispanic),10.0
47,Tennessee,47033,Crockett,2012,2016,Asian/Pacific Islander (includes Hispanic),
47,Tennessee,47033,Crockett,2012,2016,Black (includes Hispanic),10.7
47,Tennessee,47033,Crockett,2012,2016,Hispanic (all races),
47,Tennessee,47033,Crockett,2012,2016,American Indian/Alaskan Native (includes Hispanic),
47,Tennessee,47033,Crockett,2012,2016,White (includes Hispanic),9.1
47,Tennessee,47033,Crockett,2013,2017,Asian/Pacific Islander (includes Hispanic),
47,Tennessee,47033,Crockett,2013,2017,Black (includes Hispanic),11.4
47,Tennessee,47033,Crockett,2013,2017,Hispanic (all races),
47,Tennessee,47033,Crockett,2013,2017,American Indian/Alaskan Native (includes Hispanic),
47,Tennessee,47033,Crockett,2013,2017,White (includes Hispanic),9.8
47,Tennessee,47033,Crockett,2014,2018,Asian/Pacific Islander (includes Hispanic),
47,Tennessee,47033,Crockett,2014,2018,Black (includes Hispanic),10.3
47,Tennessee,47033,Crockett,2014,2018,Hispanic (all races),
47,Tennessee,47033,Crockett,2014,2018,American Indian/Alaskan Native (includes Hispanic),
47,Tennessee,47033,Crockett,2014,2018,White (includes Hispanic),11.6
47,Tennessee,47033,Crockett,2015,2019,Asian/Pacific Islander (includes Hispanic),
47,Tennessee,47033,Crockett,2015,2019,Black (includes Hispanic),
47,Tennessee,47033,Crockett,2015,2019,Hispanic (all races),
47,Tennessee,47033,Crockett,2015,2019,American Indian/Alaskan Native (includes Hispanic),
47,Tennessee,47033,Crockett,2015,2019,White (includes Hispanic),11.0
47,Tennessee,47033,Crockett,2016,2020,Asian/Pacific Islander (includes Hispanic),
47,Tennessee,47033,Crockett,2016,2020,Black (includes Hispanic),
47,Tennessee,47033,Crockett,2016,2020,Hispanic (all races),
47,Tennessee,47033,Crockett,2016,2020,American Indian/Alaskan Native (includes Hispanic),
47,Tennessee,47033,Crockett,2016,2020,White (includes Hispanic),11.3
47,Tennessee,47035,Cumberland,2011,2015,Asian/Pacific Islander (includes Hispanic),
47,Tennessee,47035,Cumberland,2011,2015,Black (includes Hispanic),
47,Tennessee,47035,Cumberland,2011,2015,Hispanic (all races),
47,Tennessee,47035,Cumberland,2011,2015,American Indian/Alaskan Native (includes Hispanic),
47,Tennessee,47035,Cumberland,2011,2015,White (includes Hispanic),9.1
47,Tennessee,47035,Cumberland,2012,2016,Asian/Pacific Islander (includes Hispanic),
47,Tennessee,47035,Cumberland,2012,2016,Black (includes Hispanic),
47,Tennessee,47035,Cumberland,2012,2016,Hispanic (all races),
47,Tennessee,47035,Cumberland,2012,2016,American Indian/Alaskan Native (includes Hispanic),
47,Tennessee,47035,Cumberland,2012,2016,White (includes Hispanic),9.7
47,Tennessee,47035,Cumberland,2013,2017,Asian/Pacific Islander (includes Hispanic),
47,Tennessee,47035,Cumberland,2013,2017,Black (includes Hispanic),
47,Tennessee,47035,Cumberland,2013,2017,Hispanic (all races),
47,Tennessee,47035,Cumberland,2013,2017,American Indian/Alaskan Native (includes Hispanic),
47,Tennessee,47035,Cumberland,2013,2017,White (includes Hispanic),9.4
47,Tennessee,47035,Cumberland,2014,2018,Asian/Pacific Islander (includes Hispanic),
47,Tennessee,47035,Cumberland,2014,2018,Black (includes Hispanic),
47,Tennessee,47035,Cumberland,2014,2018,Hispanic (all races),
47,Tennessee,47035,Cumberland,2014,2018,American Indian/Alaskan Native (includes Hispanic),
47,Tennessee,47035,Cumberland,2014,2018,White (includes Hispanic),7.9
47,Tennessee,47035,Cumberland,2015,2019,Asian/Pacific Islander (includes Hispanic),
47,Tennessee,47035,Cumberland,2015,2019,Black (includes Hispanic),
47,Tennessee,47035,Cumberland,2015,2019,Hispanic (all races),
47,Tennessee,47035,Cumberland,2015,2019,American Indian/Alaskan Native (includes Hispanic),
47,Tennessee,47035,Cumberland,2015,2019,White (includes Hispanic),6.7
47,Tennessee,47035,Cumberland,2016,2020,Asian/Pacific Islander (includes Hispanic),
47,Tennessee,47035,Cumberland,2016,2020,Black (includes Hispanic),
47,Tennessee,47035,Cumberland,2016,2020,Hispanic (all races),
47,Tennessee,47035,Cumberland,2016,2020,American Indian/Alaskan Native (includes Hispanic),
47,Tennessee,47035,Cumberland,2016,2020,White (includes Hispanic),8.1
47,Tennessee,47037,Davidson,2011,2015,Asian/Pacific Islander (includes Hispanic),
47,Tennessee,47037,Davidson,2011,2015,Black (includes Hispanic),6.0
47,Tennessee,47037,Davidson,2011,2015,Hispanic (all races),11.9
47,Tennessee,47037,Davidson,2011,2015,American Indian/Alaskan Native (includes Hispanic),
47,Tennessee,47037,Davidson,2011,2015,White (includes Hispanic),7.7
47,Tennessee,47037,Davidson,2012,2016,Asian/Pacific Islander (includes Hispanic),
47,Tennessee,47037,Davidson,2012,2016,Black (includes Hispanic),7.2
47,Tennessee,47037,Davidson,2012,2016,Hispanic (all races),13.4
47,Tennessee,47037,Davidson,2012,2016,American Indian/Alaskan Native (includes Hispanic),
47,Tennessee,47037,Davidson,2012,2016,White (includes Hispanic),7.8
47,Tennessee,47037,Davidson,2013,2017,Asian/Pacific Islander (includes Hispanic),
47,Tennessee,47037,Davidson,2013,2017,Black (includes Hispanic),7.3
47,Tennessee,47037,Davidson,2013,2017,Hispanic (all races),10.8
47,Tennessee,47037,Davidson,2013,2017,American Indian/Alaskan Native (includes Hispanic),
47,Tennessee,47037,Davidson,2013,2017,White (includes Hispanic),7.6
47,Tennessee,47037,Davidson,2014,2018,Asian/Pacific Islander (includes Hispanic),
47,Tennessee,47037,Davidson,2014,2018,Black (includes Hispanic),6.6
47,Tennessee,47037,Davidson,2014,2018,Hispanic (all races),11.1
47,Tennessee,47037,Davidson,2014,2018,American Indian/Alaskan Native (includes Hispanic),
47,Tennessee,47037,Davidson,2014,2018,White (includes Hispanic),7.2
47,Tennessee,47037,Davidson,2015,2019,Asian/Pacific Islander (includes Hispanic),
47,Tennessee,47037,Davidson,2015,2019,Black (includes Hispanic),7.2
47,Tennessee,47037,Davidson,2015,2019,Hispanic (all races),8.8
47,Tennessee,47037,Davidson,2015,2019,American Indian/Alaskan Native (includes Hispanic),
47,Tennessee,47037,Davidson,2015,2019,White (includes Hispanic),6.7
47,Tennessee,47037,Davidson,2016,2020,Asian/Pacific Islander (includes Hispanic),
47,Tennessee,47037,Davidson,2016,2020,Black (includes Hispanic),7.0
47,Tennessee,47037,Davidson,2016,2020,Hispanic (all races),10.9
47,Tennessee,47037,Davidson,2016,2020,American Indian/Alaskan Native (includes Hispanic),
47,Tennessee,47037,Davidson,2016,2020,White (includes Hispanic),6.4
47,Tennessee,47039,Decatur,2011,2015,Asian/Pacific Islander (includes Hispanic),
47,Tennessee,47039,Decatur,2011,2015,Black (includes Hispanic),
47,Tennessee,47039,Decatur,2011,2015,Hispanic (all races),
47,Tennessee,47039,Decatur,2011,2015,American Indian/Alaskan Native (includes Hispanic),
47,Tennessee,47039,Decatur,2011,2015,White (includes Hispanic),11.7
47,Tennessee,47039,Decatur,2012,2016,Asian/Pacific Islander (includes Hispanic),
47,Tennessee,47039,Decatur,2012,2016,Black (includes Hispanic),
47,Tennessee,47039,Decatur,2012,2016,Hispanic (all races),
47,Tennessee,47039,Decatur,2012,2016,American Indian/Alaskan Native (includes Hispanic),
47,Tennessee,47039,Decatur,2012,2016,White (includes Hispanic),13.4
47,Tennessee,47039,Decatur,2013,2017,Asian/Pacific Islander (includes Hispanic),
47,Tennessee,47039,Decatur,2013,2017,Black (includes Hispanic),
47,Tennessee,47039,Decatur,2013,2017,Hispanic (all races),
47,Tennessee,47039,Decatur,2013,2017,American Indian/Alaskan Native (includes Hispanic),
47,Tennessee,47039,Decatur,2013,2017,White (includes Hispanic),11.0
47,Tennessee,47039,Decatur,2014,2018,Asian/Pacific Islander (includes Hispanic),
47,Tennessee,47039,Decatur,2014,2018,Black (includes Hispanic),
47,Tennessee,47039,Decatur,2014,2018,Hispanic (all races),
47,Tennessee,47039,Decatur,2014,2018,American Indian/Alaskan Native (includes Hispanic),
47,Tennessee,47039,Decatur,2014,2018,White (includes Hispanic),10.6
47,Tennessee,47039,Decatur,2015,2019,Asian/Pacific Islander (includes Hispanic),
47,Tennessee,47039,Decatur,2015,2019,Black (includes Hispanic),
47,Tennessee,47039,Decatur,2015,2019,Hispanic (all races),
47,Tennessee,47039,Decatur,2015,2019,American Indian/Alaskan Native (includes Hispanic),
47,Tennessee,47039,Decatur,2015,2019,White (includes Hispanic),9.7
47,Tennessee,47039,Decatur,2016,2020,Asian/Pacific Islander (includes Hispanic),
47,Tennessee,47039,Decatur,2016,2020,Black (includes Hispanic),
47,Tennessee,47039,Decatur,2016,2020,Hispanic (all races),
47,Tennessee,47039,Decatur,2016,2020,American Indian/Alaskan Native (includes Hispanic),
47,Tennessee,47039,Decatur,2016,2020,White (includes Hispanic),9.7
47,Tennessee,47041,DeKalb,2011,2015,Asian/Pacific Islander (includes Hispanic),
47,Tennessee,47041,DeKalb,2011,2015,Black (includes Hispanic),
47,Tennessee,47041,DeKalb,2011,2015,Hispanic (all races),
47,Tennessee,47041,DeKalb,2011,2015,American Indian/Alaskan Native (includes Hispanic),
47,Tennessee,47041,DeKalb,2011,2015,White (includes Hispanic),9.2
47,Tennessee,47041,DeKalb,2012,2016,Asian/Pacific Islander (includes Hispanic),
47,Tennessee,47041,DeKalb,2012,2016,Black (includes Hispanic),
47,Tennessee,47041,DeKalb,2012,2016,Hispanic (all races),
47,Tennessee,47041,DeKalb,2012,2016,American Indian/Alaskan Native (includes Hispanic),
47,Tennessee,47041,DeKalb,2012,2016,White (includes Hispanic),8.7
47,Tennessee,47041,DeKalb,2013,2017,Asian/Pacific Islander (includes Hispanic),
47,Tennessee,47041,DeKalb,2013,2017,Black (includes Hispanic),
47,Tennessee,47041,DeKalb,2013,2017,Hispanic (all races),
47,Tennessee,47041,DeKalb,2013,2017,American Indian/Alaskan Native (includes Hispanic),
47,Tennessee,47041,DeKalb,2013,2017,White (includes Hispanic),8.6
47,Tennessee,47041,DeKalb,2014,2018,Asian/Pacific Islander (includes Hispanic),
47,Tennessee,47041,DeKalb,2014,2018,Black (includes Hispanic),
47,Tennessee,47041,DeKalb,2014,2018,Hispanic (all races),
47,Tennessee,47041,DeKalb,2014,2018,American Indian/Alaskan Native (includes Hispanic),
47,Tennessee,47041,DeKalb,2014,2018,White (includes Hispanic),8.1
47,Tennessee,47041,DeKalb,2015,2019,Asian/Pacific Islander (includes Hispanic),
47,Tennessee,47041,DeKalb,2015,2019,Black (includes Hispanic),
47,Tennessee,47041,DeKalb,2015,2019,Hispanic (all races),
47,Tennessee,47041,DeKalb,2015,2019,American Indian/Alaskan Native (includes Hispanic),
47,Tennessee,47041,DeKalb,2015,2019,White (includes Hispanic),7.8
47,Tennessee,47041,DeKalb,2016,2020,Asian/Pacific Islander (includes Hispanic),
47,Tennessee,47041,DeKalb,2016,2020,Black (includes Hispanic),
47,Tennessee,47041,DeKalb,2016,2020,Hispanic (all races),
47,Tennessee,47041,DeKalb,2016,2020,American Indian/Alaskan Native (includes Hispanic),
47,Tennessee,47041,DeKalb,2016,2020,White (includes Hispanic),6.7
47,Tennessee,47043,Dickson,2011,2015,Asian/Pacific Islander (includes Hispanic),
47,Tennessee,47043,Dickson,2011,2015,Black (includes Hispanic),
47,Tennessee,47043,Dickson,2011,2015,Hispanic (all races),
47,Tennessee,47043,Dickson,2011,2015,American Indian/Alaskan Native (includes Hispanic),
47,Tennessee,47043,Dickson,2011,2015,White (includes Hispanic),7.4
47,Tennessee,47043,Dickson,2012,2016,Asian/Pacific Islander (includes Hispanic),
47,Tennessee,47043,Dickson,2012,2016,Black (includes Hispanic),
47,Tennessee,47043,Dickson,2012,2016,Hispanic (all races),
47,Tennessee,47043,Dickson,2012,2016,American Indian/Alaskan Native (includes Hispanic),
47,Tennessee,47043,Dickson,2012,2016,White (includes Hispanic),6.8
47,Tennessee,47043,Dickson,2013,2017,Asian/Pacific Islander (includes Hispanic),
47,Tennessee,47043,Dickson,2013,2017,Black (includes Hispanic),
47,Tennessee,47043,Dickson,2013,2017,Hispanic (all races),
47,Tennessee,47043,Dickson,2013,2017,American Indian/Alaskan Native (includes Hispanic),
47,Tennessee,47043,Dickson,2013,2017,White (includes Hispanic),6.6
47,Tennessee,47043,Dickson,2014,2018,Asian/Pacific Islander (includes Hispanic),
47,Tennessee,47043,Dickson,2014,2018,Black (includes Hispanic),
47,Tennessee,47043,Dickson,2014,2018,Hispanic (all races),
47,Tennessee,47043,Dickson,2014,2018,American Indian/Alaskan Native (includes Hispanic),
47,Tennessee,47043,Dickson,2014,2018,White (includes Hispanic),7.3
47,Tennessee,47043,Dickson,2015,2019,Asian/Pacific Islander (includes Hispanic),
47,Tennessee,47043,Dickson,2015,2019,Black (includes Hispanic),
47,Tennessee,47043,Dickson,2015,2019,Hispanic (all races),
47,Tennessee,47043,Dickson,2015,2019,American Indian/Alaskan Native (includes Hispanic),
47,Tennessee,47043,Dickson,2015,2019,White (includes Hispanic),7.6
47,Tennessee,47043,Dickson,2016,2020,Asian/Pacific Islander (includes Hispanic),
47,Tennessee,47043,Dickson,2016,2020,Black (includes Hispanic),
47,Tennessee,47043,Dickson,2016,2020,Hispanic (all races),
47,Tennessee,47043,Dickson,2016,2020,American Indian/Alaskan Native (includes Hispanic),
47,Tennessee,47043,Dickson,2016,2020,White (includes Hispanic),7.8
47,Tennessee,47045,Dyer,2011,2015,Asian/Pacific Islander (includes Hispanic),
47,Tennessee,47045,Dyer,2011,2015,Black (includes Hispanic),
47,Tennessee,47045,Dyer,2011,2015,Hispanic (all races),
47,Tennessee,47045,Dyer,2011,2015,American Indian/Alaskan Native (includes Hispanic),
47,Tennessee,47045,Dyer,2011,2015,White (includes Hispanic),11.0
47,Tennessee,47045,Dyer,2012,2016,Asian/Pacific Islander (includes Hispanic),
47,Tennessee,47045,Dyer,2012,2016,Black (includes Hispanic),
47,Tennessee,47045,Dyer,2012,2016,Hispanic (all races),
47,Tennessee,47045,Dyer,2012,2016,American Indian/Alaskan Native (includes Hispanic),
47,Tennessee,47045,Dyer,2012,2016,White (includes Hispanic),11.7
47,Tennessee,47045,Dyer,2013,2017,Asian/Pacific Islander (includes Hispanic),
47,Tennessee,47045,Dyer,2013,2017,Black (includes Hispanic),
47,Tennessee,47045,Dyer,2013,2017,Hispanic (all races),
47,Tennessee,47045,Dyer,2013,2017,American Indian/Alaskan Native (includes Hispanic),
47,Tennessee,47045,Dyer,2013,2017,White (includes Hispanic),11.9
47,Tennessee,47045,Dyer,2014,2018,Asian/Pacific Islander (includes Hispanic),
47,Tennessee,47045,Dyer,2014,2018,Black (includes Hispanic),
47,Tennessee,47045,Dyer,2014,2018,Hispanic (all races),
47,Tennessee,47045,Dyer,2014,2018,American Indian/Alaskan Native (includes Hispanic),
47,Tennessee,47045,Dyer,2014,2018,White (includes Hispanic),13.3
47,Tennessee,47045,Dyer,2015,2019,Asian/Pacific Islander (includes Hispanic),
47,Tennessee,47045,Dyer,2015,2019,Black (includes Hispanic),
47,Tennessee,47045,Dyer,2015,2019,Hispanic (all races),
47,Tennessee,47045,Dyer,2015,2019,American Indian/Alaskan Native (includes Hispanic),
47,Tennessee,47045,Dyer,2015,2019,White (includes Hispanic),13.6
47,Tennessee,47045,Dyer,2016,2020,Asian/Pacific Islander (includes Hispanic),
47,Tennessee,47045,Dyer,2016,2020,Black (includes Hispanic),
47,Tennessee,47045,Dyer,2016,2020,Hispanic (all races),
47,Tennessee,47045,Dyer,2016,2020,American Indian/Alaskan Native (includes Hispanic),
47,Tennessee,47045,Dyer,2016,2020,White (includes Hispanic),14.2
47,Tennessee,47047,Fayette,2011,2015,Asian/Pacific Islander (includes Hispanic),
47,Tennessee,47047,Fayette,2011,2015,Black (includes Hispanic),13.4
47,Tennessee,47047,Fayette,2011,2015,Hispanic (all races),
47,Tennessee,47047,Fayette,2011,2015,American Indian/Alaskan Native (includes Hispanic),
47,Tennessee,47047,Fayette,2011,2015,White (includes Hispanic),7.6
47,Tennessee,47047,Fayette,2012,2016,Asian/Pacific Islander (includes Hispanic),
47,Tennessee,47047,Fayette,2012,2016,Black (includes Hispanic),12.7
47,Tennessee,47047,Fayette,2012,2016,Hispanic (all races),
47,Tennessee,47047,Fayette,2012,2016,American Indian/Alaskan Native (includes Hispanic),
47,Tennessee,47047,Fayette,2012,2016,White (includes Hispanic),7.9
47,Tennessee,47047,Fayette,2013,2017,Asian/Pacific Islander (includes Hispanic),
47,Tennessee,47047,Fayette,2013,2017,Black (includes Hispanic),12.3
47,Tennessee,47047,Fayette,2013,2017,Hispanic (all races),
47,Tennessee,47047,Fayette,2013,2017,American Indian/Alaskan Native (includes Hispanic),
47,Tennessee,47047,Fayette,2013,2017,White (includes Hispanic),7.3
47,Tennessee,47047,Fayette,2014,2018,Asian/Pacific Islander (includes Hispanic),
47,Tennessee,47047,Fayette,2014,2018,Black (includes Hispanic),11.9
47,Tennessee,47047,Fayette,2014,2018,Hispanic (all races),
47,Tennessee,47047,Fayette,2014,2018,American Indian/Alaskan Native (includes Hispanic),
47,Tennessee,47047,Fayette,2014,2018,White (includes Hispanic),7.7
47,Tennessee,47047,Fayette,2015,2019,Asian/Pacific Islander (includes Hispanic),
47,Tennessee,47047,Fayette,2015,2019,Black (includes Hispanic),11.0
47,Tennessee,47047,Fayette,2015,2019,Hispanic (all races),
47,Tennessee,47047,Fayette,2015,2019,American Indian/Alaskan Native (includes Hispanic),
47,Tennessee,47047,Fayette,2015,2019,White (includes Hispanic),7.3
47,Tennessee,47047,Fayette,2016,2020,Asian/Pacific Islander (includes Hispanic),
47,Tennessee,47047,Fayette,2016,2020,Black (includes Hispanic),10.1
47,Tennessee,47047,Fayette,2016,2020,Hispanic (all races),
47,Tennessee,47047,Fayette,2016,2020,American Indian/Alaskan Native (includes Hispanic),
47,Tennessee,47047,Fayette,2016,2020,White (includes Hispanic),7.0
47,Tennessee,47049,Fentress,2011,2015,Asian/Pacific Islander (includes Hispanic),
47,Tennessee,47049,Fentress,2011,2015,Black (includes Hispanic),
47,Tennessee,47049,Fentress,2011,2015,Hispanic (all races),
47,Tennessee,47049,Fentress,2011,2015,American Indian/Alaskan Native (includes Hispanic),
47,Tennessee,47049,Fentress,2011,2015,White (includes Hispanic),11.1
47,Tennessee,47049,Fentress,2012,2016,Asian/Pacific Islander (includes Hispanic),
47,Tennessee,47049,Fentress,2012,2016,Black (includes Hispanic),
47,Tennessee,47049,Fentress,2012,2016,Hispanic (all races),
47,Tennessee,47049,Fentress,2012,2016,American Indian/Alaskan Native (includes Hispanic),
47,Tennessee,47049,Fentress,2012,2016,White (includes Hispanic),11.0
47,Tennessee,47049,Fentress,2013,2017,Asian/Pacific Islander (includes Hispanic),
47,Tennessee,47049,Fentress,2013,2017,Black (includes Hispanic),
47,Tennessee,47049,Fentress,2013,2017,Hispanic (all races),
47,Tennessee,47049,Fentress,2013,2017,American Indian/Alaskan Native (includes Hispanic),
47,Tennessee,47049,Fentress,2013,2017,White (includes Hispanic),10.8
47,Tennessee,47049,Fentress,2014,2018,Asian/Pacific Islander (includes Hispanic),
47,Tennessee,47049,Fentress,2014,2018,Black (includes Hispanic),
47,Tennessee,47049,Fentress,2014,2018,Hispanic (all races),
47,Tennessee,47049,Fentress,2014,2018,American Indian/Alaskan Native (includes Hispanic),
47,Tennessee,47049,Fentress,2014,2018,White (includes Hispanic),8.8
47,Tennessee,47049,Fentress,2015,2019,Asian/Pacific Islander (includes Hispanic),
47,Tennessee,47049,Fentress,2015,2019,Black (includes Hispanic),
47,Tennessee,47049,Fentress,2015,2019,Hispanic (all races),
47,Tennessee,47049,Fentress,2015,2019,American Indian/Alaskan Native (includes Hispanic),
47,Tennessee,47049,Fentress,2015,2019,White (includes Hispanic),7.3
47,Tennessee,47049,Fentress,2016,2020,Asian/Pacific Islander (includes Hispanic),
47,Tennessee,47049,Fentress,2016,2020,Black (includes Hispanic),
47,Tennessee,47049,Fentress,2016,2020,Hispanic (all races),
47,Tennessee,47049,Fentress,2016,2020,American Indian/Alaskan Native (includes Hispanic),
47,Tennessee,47049,Fentress,2016,2020,White (includes Hispanic),8.3
47,Tennessee,47051,Franklin,2011,2015,Asian/Pacific Islander (includes Hispanic),
47,Tennessee,47051,Franklin,2011,2015,Black (includes Hispanic),
47,Tennessee,47051,Franklin,2011,2015,Hispanic (all races),
47,Tennessee,47051,Franklin,2011,2015,American Indian/Alaskan Native (includes Hispanic),
47,Tennessee,47051,Franklin,2011,2015,White (includes Hispanic),8.2
47,Tennessee,47051,Franklin,2012,2016,Asian/Pacific Islander (includes Hispanic),
47,Tennessee,47051,Franklin,2012,2016,Black (includes Hispanic),9.9
47,Tennessee,47051,Franklin,2012,2016,Hispanic (all races),
47,Tennessee,47051,Franklin,2012,2016,American Indian/Alaskan Native (includes Hispanic),
47,Tennessee,47051,Franklin,2012,2016,White (includes Hispanic),8.8
47,Tennessee,47051,Franklin,2013,2017,Asian/Pacific Islander (includes Hispanic),
47,Tennessee,47051,Franklin,2013,2017,Black (includes Hispanic),10.9
47,Tennessee,47051,Franklin,2013,2017,Hispanic (all races),
47,Tennessee,47051,Franklin,2013,2017,American Indian/Alaskan Native (includes Hispanic),
47,Tennessee,47051,Franklin,2013,2017,White (includes Hispanic),8.4
47,Tennessee,47051,Franklin,2014,2018,Asian/Pacific Islander (includes Hispanic),
47,Tennessee,47051,Franklin,2014,2018,Black (includes Hispanic),11.3
47,Tennessee,47051,Franklin,2014,2018,Hispanic (all races),
47,Tennessee,47051,Franklin,2014,2018,American Indian/Alaskan Native (includes Hispanic),
47,Tennessee,47051,Franklin,2014,2018,White (includes Hispanic),8.6
47,Tennessee,47051,Franklin,2015,2019,Asian/Pacific Islander (includes Hispanic),
47,Tennessee,47051,Franklin,2015,2019,Black (includes Hispanic),9.4
47,Tennessee,47051,Franklin,2015,2019,Hispanic (all races),
47,Tennessee,47051,Franklin,2015,2019,American Indian/Alaskan Native (includes Hispanic),
47,Tennessee,47051,Franklin,2015,2019,White (includes Hispanic),7.8
47,Tennessee,47051,Franklin,2016,2020,Asian/Pacific Islander (includes Hispanic),
47,Tennessee,47051,Franklin,2016,2020,Black (includes Hispanic),7.5
47,Tennessee,47051,Franklin,2016,2020,Hispanic (all races),
47,Tennessee,47051,Franklin,2016,2020,American Indian/Alaskan Native (includes Hispanic),
47,Tennessee,47051,Franklin,2016,2020,White (includes Hispanic),7.8
47,Tennessee,47053,Gibson,2011,2015,Asian/Pacific Islander (includes Hispanic),
47,Tennessee,47053,Gibson,2011,2015,Black (includes Hispanic),
47,Tennessee,47053,Gibson,2011,2015,Hispanic (all races),
47,Tennessee,47053,Gibson,2011,2015,American Indian/Alaskan Native (includes Hispanic),
47,Tennessee,47053,Gibson,2011,2015,White (includes Hispanic),10.4
47,Tennessee,47053,Gibson,2012,2016,Asian/Pacific Islander (includes Hispanic),
47,Tennessee,47053,Gibson,2012,2016,Black (includes Hispanic),
47,Tennessee,47053,Gibson,2012,2016,Hispanic (all races),
47,Tennessee,47053,Gibson,2012,2016,American Indian/Alaskan Native (includes Hispanic),
47,Tennessee,47053,Gibson,2012,2016,White (includes Hispanic),10.5
47,Tennessee,47053,Gibson,2013,2017,Asian/Pacific Islander (includes Hispanic),
47,Tennessee,47053,Gibson,2013,2017,Black (includes Hispanic),
47,Tennessee,47053,Gibson,2013,2017,Hispanic (all races),
47,Tennessee,47053,Gibson,2013,2017,American Indian/Alaskan Native (includes Hispanic),
47,Tennessee,47053,Gibson,2013,2017,White (includes Hispanic),9.7
47,Tennessee,47053,Gibson,2014,2018,Asian/Pacific Islander (includes Hispanic),
47,Tennessee,47053,Gibson,2014,2018,Black (includes Hispanic),
47,Tennessee,47053,Gibson,2014,2018,Hispanic (all races),
47,Tennessee,47053,Gibson,2014,2018,American Indian/Alaskan Native (includes Hispanic),
47,Tennessee,47053,Gibson,2014,2018,White (includes Hispanic),9.8
47,Tennessee,47053,Gibson,2015,2019,Asian/Pacific Islander (includes Hispanic),
47,Tennessee,47053,Gibson,2015,2019,Black (includes Hispanic),
47,Tennessee,47053,Gibson,2015,2019,Hispanic (all races),
47,Tennessee,47053,Gibson,2015,2019,American Indian/Alaskan Native (includes Hispanic),
47,Tennessee,47053,Gibson,2015,2019,White (includes Hispanic),8.7
47,Tennessee,47053,Gibson,2016,2020,Asian/Pacific Islander (includes Hispanic),
47,Tennessee,47053,Gibson,2016,2020,Black (includes Hispanic),
47,Tennessee,47053,Gibson,2016,2020,Hispanic (all races),
47,Tennessee,47053,Gibson,2016,2020,American Indian/Alaskan Native (includes Hispanic),
47,Tennessee,47053,Gibson,2016,2020,White (includes Hispanic),8.5
47,Tennessee,47055,Giles,2011,2015,Asian/Pacific Islander (includes Hispanic),
47,Tennessee,47055,Giles,2011,2015,Black (includes Hispanic),
47,Tennessee,47055,Giles,2011,2015,Hispanic (all races),
47,Tennessee,47055,Giles,2011,2015,American Indian/Alaskan Native (includes Hispanic),
47,Tennessee,47055,Giles,2011,2015,White (includes Hispanic),8.5
47,Tennessee,47055,Giles,2012,2016,Asian/Pacific Islander (includes Hispanic),
47,Tennessee,47055,Giles,2012,2016,Black (includes Hispanic),
47,Tennessee,47055,Giles,2012,2016,Hispanic (all races),
47,Tennessee,47055,Giles,2012,2016,American Indian/Alaskan Native (includes Hispanic),
47,Tennessee,47055,Giles,2012,2016,White (includes Hispanic),8.6
47,Tennessee,47055,Giles,2013,2017,Asian/Pacific Islander (includes Hispanic),
47,Tennessee,47055,Giles,2013,2017,Black (includes Hispanic),
47,Tennessee,47055,Giles,2013,2017,Hispanic (all races),
47,Tennessee,47055,Giles,2013,2017,American Indian/Alaskan Native (includes Hispanic),
47,Tennessee,47055,Giles,2013,2017,White (includes Hispanic),9.0
47,Tennessee,47055,Giles,2014,2018,Asian/Pacific Islander (includes Hispanic),
47,Tennessee,47055,Giles,2014,2018,Black (includes Hispanic),
47,Tennessee,47055,Giles,2014,2018,Hispanic (all races),
47,Tennessee,47055,Giles,2014,2018,American Indian/Alaskan Native (includes Hispanic),
47,Tennessee,47055,Giles,2014,2018,White (includes Hispanic),9.0
47,Tennessee,47055,Giles,2015,2019,Asian/Pacific Islander (includes Hispanic),
47,Tennessee,47055,Giles,2015,2019,Black (includes Hispanic),
47,Tennessee,47055,Giles,2015,2019,Hispanic (all races),
47,Tennessee,47055,Giles,2015,2019,American Indian/Alaskan Native (includes Hispanic),
47,Tennessee,47055,Giles,2015,2019,White (includes Hispanic),8.5
47,Tennessee,47055,Giles,2016,2020,Asian/Pacific Islander (includes Hispanic),
47,Tennessee,47055,Giles,2016,2020,Black (includes Hispanic),
47,Tennessee,47055,Giles,2016,2020,Hispanic (all races),
47,Tennessee,47055,Giles,2016,2020,American Indian/Alaskan Native (includes Hispanic),
47,Tennessee,47055,Giles,2016,2020,White (includes Hispanic),8.3
47,Tennessee,47057,Grainger,2011,2015,Asian/Pacific Islander (includes Hispanic),
47,Tennessee,47057,Grainger,2011,2015,Black (includes Hispanic),
47,Tennessee,47057,Grainger,2011,2015,Hispanic (all races),
47,Tennessee,47057,Grainger,2011,2015,American Indian/Alaskan Native (includes Hispanic),
47,Tennessee,47057,Grainger,2011,2015,White (includes Hispanic),8.0
47,Tennessee,47057,Grainger,2012,2016,Asian/Pacific Islander (includes Hispanic),
47,Tennessee,47057,Grainger,2012,2016,Black (includes Hispanic),
47,Tennessee,47057,Grainger,2012,2016,Hispanic (all races),
47,Tennessee,47057,Grainger,2012,2016,American Indian/Alaskan Native (includes Hispanic),
47,Tennessee,47057,Grainger,2012,2016,White (includes Hispanic),7.6
47,Tennessee,47057,Grainger,2013,2017,Asian/Pacific Islander (includes Hispanic),
47,Tennessee,47057,Grainger,2013,2017,Black (includes Hispanic),
47,Tennessee,47057,Grainger,2013,2017,Hispanic (all races),
47,Tennessee,47057,Grainger,2013,2017,American Indian/Alaskan Native (includes Hispanic),
47,Tennessee,47057,Grainger,2013,2017,White (includes Hispanic),8.0
47,Tennessee,47057,Grainger,2014,2018,Asian/Pacific Islander (includes Hispanic),
47,Tennessee,47057,Grainger,2014,2018,Black (includes Hispanic),
47,Tennessee,47057,Grainger,2014,2018,Hispanic (all races),
47,Tennessee,47057,Grainger,2014,2018,American Indian/Alaskan Native (includes Hispanic),
47,Tennessee,47057,Grainger,2014,2018,White (includes Hispanic),7.9
47,Tennessee,47057,Grainger,2015,2019,Asian/Pacific Islander (includes Hispanic),
47,Tennessee,47057,Grainger,2015,2019,Black (includes Hispanic),
47,Tennessee,47057,Grainger,2015,2019,Hispanic (all races),
47,Tennessee,47057,Grainger,2015,2019,American Indian/Alaskan Native (includes Hispanic),
47,Tennessee,47057,Grainger,2015,2019,White (includes Hispanic),7.7
47,Tennessee,47057,Grainger,2016,2020,Asian/Pacific Islander (includes Hispanic),
47,Tennessee,47057,Grainger,2016,2020,Black (includes Hispanic),
47,Tennessee,47057,Grainger,2016,2020,Hispanic (all races),
47,Tennessee,47057,Grainger,2016,2020,American Indian/Alaskan Native (includes Hispanic),
47,Tennessee,47057,Grainger,2016,2020,White (includes Hispanic),7.3
47,Tennessee,47059,Greene,2011,2015,Asian/Pacific Islander (includes Hispanic),
47,Tennessee,47059,Greene,2011,2015,Black (includes Hispanic),
47,Tennessee,47059,Greene,2011,2015,Hispanic (all races),
47,Tennessee,47059,Greene,2011,2015,American Indian/Alaskan Native (includes Hispanic),
47,Tennessee,47059,Greene,2011,2015,White (includes Hispanic),8.4
47,Tennessee,47059,Greene,2012,2016,Asian/Pacific Islander (includes Hispanic),
47,Tennessee,47059,Greene,2012,2016,Black (includes Hispanic),
47,Tennessee,47059,Greene,2012,2016,Hispanic (all races),
47,Tennessee,47059,Greene,2012,2016,American Indian/Alaskan Native (includes Hispanic),
47,Tennessee,47059,Greene,2012,2016,White (includes Hispanic),8.7
47,Tennessee,47059,Greene,2013,2017,Asian/Pacific Islander (includes Hispanic),
47,Tennessee,47059,Greene,2013,2017,Black (includes Hispanic),
47,Tennessee,47059,Greene,2013,2017,Hispanic (all races),
47,Tennessee,47059,Greene,2013,2017,American Indian/Alaskan Native (includes Hispanic),
47,Tennessee,47059,Greene,2013,2017,White (includes Hispanic),9.4
47,Tennessee,47059,Greene,2014,2018,Asian/Pacific Islander (includes Hispanic),
47,Tennessee,47059,Greene,2014,2018,Black (includes Hispanic),
47,Tennessee,47059,Greene,2014,2018,Hispanic (all races),
47,Tennessee,47059,Greene,2014,2018,American Indian/Alaskan Native (includes Hispanic),
47,Tennessee,47059,Greene,2014,2018,White (includes Hispanic),9.3
47,Tennessee,47059,Greene,2015,2019,Asian/Pacific Islander (includes Hispanic),
47,Tennessee,47059,Greene,2015,2019,Black (includes Hispanic),
47,Tennessee,47059,Greene,2015,2019,Hispanic (all races),
47,Tennessee,47059,Greene,2015,2019,American Indian/Alaskan Native (includes Hispanic),
47,Tennessee,47059,Greene,2015,2019,White (includes Hispanic),8.6
47,Tennessee,47059,Greene,2016,2020,Asian/Pacific Islander (includes Hispanic),
47,Tennessee,47059,Greene,2016,2020,Black (includes Hispanic),
47,Tennessee,47059,Greene,2016,2020,Hispanic (all races),
47,Tennessee,47059,Greene,2016,2020,American Indian/Alaskan Native (includes Hispanic),
47,Tennessee,47059,Greene,2016,2020,White (includes Hispanic),7.5
47,Tennessee,47061,Grundy,2011,2015,Asian/Pacific Islander (includes Hispanic),
47,Tennessee,47061,Grundy,2011,2015,Black (includes Hispanic),
47,Tennessee,47061,Grundy,2011,2015,Hispanic (all races),
47,Tennessee,47061,Grundy,2011,2015,American Indian/Alaskan Native (includes Hispanic),
47,Tennessee,47061,Grundy,2011,2015,White (includes Hispanic),7.4
47,Tennessee,47061,Grundy,2012,2016,Asian/Pacific Islander (includes Hispanic),
47,Tennessee,47061,Grundy,2012,2016,Black (includes Hispanic),
47,Tennessee,47061,Grundy,2012,2016,Hispanic (all races),
47,Tennessee,47061,Grundy,2012,2016,American Indian/Alaskan Native (includes Hispanic),
47,Tennessee,47061,Grundy,2012,2016,White (includes Hispanic),8.0
47,Tennessee,47061,Grundy,2013,2017,Asian/Pacific Islander (includes Hispanic),
47,Tennessee,47061,Grundy,2013,2017,Black (includes Hispanic),
47,Tennessee,47061,Grundy,2013,2017,Hispanic (all races),
47,Tennessee,47061,Grundy,2013,2017,American Indian/Alaskan Native (includes Hispanic),
47,Tennessee,47061,Grundy,2013,2017,White (includes Hispanic),7.9
47,Tennessee,47061,Grundy,2014,2018,Asian/Pacific Islander (includes Hispanic),
47,Tennessee,47061,Grundy,2014,2018,Black (includes Hispanic),
47,Tennessee,47061,Grundy,2014,2018,Hispanic (all races),
47,Tennessee,47061,Grundy,2014,2018,American Indian/Alaskan Native (includes Hispanic),
47,Tennessee,47061,Grundy,2014,2018,White (includes Hispanic),8.1
47,Tennessee,47061,Grundy,2015,2019,Asian/Pacific Islander (includes Hispanic),
47,Tennessee,47061,Grundy,2015,2019,Black (includes Hispanic),
47,Tennessee,47061,Grundy,2015,2019,Hispanic (all races),
47,Tennessee,47061,Grundy,2015,2019,American Indian/Alaskan Native (includes Hispanic),
47,Tennessee,47061,Grundy,2015,2019,White (includes Hispanic),7.5
47,Tennessee,47061,Grundy,2016,2020,Asian/Pacific Islander (includes Hispanic),
47,Tennessee,47061,Grundy,2016,2020,Black (includes Hispanic),
47,Tennessee,47061,Grundy,2016,2020,Hispanic (all races),
47,Tennessee,47061,Grundy,2016,2020,American Indian/Alaskan Native (includes Hispanic),
47,Tennessee,47061,Grundy,2016,2020,White (includes Hispanic),8.5
47,Tennessee,47063,Hamblen,2011,2015,Asian/Pacific Islander (includes Hispanic),
47,Tennessee,47063,Hamblen,2011,2015,Black (includes Hispanic),
47,Tennessee,47063,Hamblen,2011,2015,Hispanic (all races),
47,Tennessee,47063,Hamblen,2011,2015,American Indian/Alaskan Native (includes Hispanic),
47,Tennessee,47063,Hamblen,2011,2015,White (includes Hispanic),8.0
47,Tennessee,47063,Hamblen,2012,2016,Asian/Pacific Islander (includes Hispanic),
47,Tennessee,47063,Hamblen,2012,2016,Black (includes Hispanic),
47,Tennessee,47063,Hamblen,2012,2016,Hispanic (all races),
47,Tennessee,47063,Hamblen,2012,2016,American Indian/Alaskan Native (includes Hispanic),
47,Tennessee,47063,Hamblen,2012,2016,White (includes Hispanic),8.3
47,Tennessee,47063,Hamblen,2013,2017,Asian/Pacific Islander (includes Hispanic),
47,Tennessee,47063,Hamblen,2013,2017,Black (includes Hispanic),
47,Tennessee,47063,Hamblen,2013,2017,Hispanic (all races),
47,Tennessee,47063,Hamblen,2013,2017,American Indian/Alaskan Native (includes Hispanic),
47,Tennessee,47063,Hamblen,2013,2017,White (includes Hispanic),9.4
47,Tennessee,47063,Hamblen,2014,2018,Asian/Pacific Islander (includes Hispanic),
47,Tennessee,47063,Hamblen,2014,2018,Black (includes Hispanic),
47,Tennessee,47063,Hamblen,2014,2018,Hispanic (all races),
47,Tennessee,47063,Hamblen,2014,2018,American Indian/Alaskan Native (includes Hispanic),
47,Tennessee,47063,Hamblen,2014,2018,White (includes Hispanic),9.4
47,Tennessee,47063,Hamblen,2015,2019,Asian/Pacific Islander (includes Hispanic),
47,Tennessee,47063,Hamblen,2015,2019,Black (includes Hispanic),
47,Tennessee,47063,Hamblen,2015,2019,Hispanic (all races),
47,Tennessee,47063,Hamblen,2015,2019,American Indian/Alaskan Native (includes Hispanic),
47,Tennessee,47063,Hamblen,2015,2019,White (includes Hispanic),9.1
47,Tennessee,47063,Hamblen,2016,2020,Asian/Pacific Islander (includes Hispanic),
47,Tennessee,47063,Hamblen,2016,2020,Black (includes Hispanic),
47,Tennessee,47063,Hamblen,2016,2020,Hispanic (all races),
47,Tennessee,47063,Hamblen,2016,2020,American Indian/Alaskan Native (includes Hispanic),
47,Tennessee,47063,Hamblen,2016,2020,White (includes Hispanic),8.6
47,Tennessee,47065,Hamilton,2011,2015,Asian/Pacific Islander (includes Hispanic),
47,Tennessee,47065,Hamilton,2011,2015,Black (includes Hispanic),10.1
47,Tennessee,47065,Hamilton,2011,2015,Hispanic (all races),
47,Tennessee,47065,Hamilton,2011,2015,American Indian/Alaskan Native (includes Hispanic),
47,Tennessee,47065,Hamilton,2011,2015,White (includes Hispanic),8.1
47,Tennessee,47065,Hamilton,2012,2016,Asian/Pacific Islander (includes Hispanic),
47,Tennessee,47065,Hamilton,2012,2016,Black (includes Hispanic),9.2
47,Tennessee,47065,Hamilton,2012,2016,Hispanic (all races),
47,Tennessee,47065,Hamilton,2012,2016,American Indian/Alaskan Native (includes Hispanic),
47,Tennessee,47065,Hamilton,2012,2016,White (includes Hispanic),8.1
47,Tennessee,47065,Hamilton,2013,2017,Asian/Pacific Islander (includes Hispanic),
47,Tennessee,47065,Hamilton,2013,2017,Black (includes Hispanic),
47,Tennessee,47065,Hamilton,2013,2017,Hispanic (all races),
47,Tennessee,47065,Hamilton,2013,2017,American Indian/Alaskan Native (includes Hispanic),
47,Tennessee,47065,Hamilton,2013,2017,White (includes Hispanic),8.1
47,Tennessee,47065,Hamilton,2014,2018,Asian/Pacific Islander (includes Hispanic),
47,Tennessee,47065,Hamilton,2014,2018,Black (includes Hispanic),
47,Tennessee,47065,Hamilton,2014,2018,Hispanic (all races),
47,Tennessee,47065,Hamilton,2014,2018,American Indian/Alaskan Native (includes Hispanic),
47,Tennessee,47065,Hamilton,2014,2018,White (includes Hispanic),7.7
47,Tennessee,47065,Hamilton,2015,2019,Asian/Pacific Islander (includes Hispanic),
47,Tennessee,47065,Hamilton,2015,2019,Black (includes Hispanic),
47,Tennessee,47065,Hamilton,2015,2019,Hispanic (all races),
47,Tennessee,47065,Hamilton,2015,2019,American Indian/Alaskan Native (includes Hispanic),
47,Tennessee,47065,Hamilton,2015,2019,White (includes Hispanic),8.4
47,Tennessee,47065,Hamilton,2016,2020,Asian/Pacific Islander (includes Hispanic),
47,Tennessee,47065,Hamilton,2016,2020,Black (includes Hispanic),
47,Tennessee,47065,Hamilton,2016,2020,Hispanic (all races),
47,Tennessee,47065,Hamilton,2016,2020,American Indian/Alaskan Native (includes Hispanic),
47,Tennessee,47065,Hamilton,2016,2020,White (includes Hispanic),8.1
47,Tennessee,47067,Hancock,2011,2015,Asian/Pacific Islander (includes Hispanic),
47,Tennessee,47067,Hancock,2011,2015,Black (includes Hispanic),
47,Tennessee,47067,Hancock,2011,2015,Hispanic (all races),
47,Tennessee,47067,Hancock,2011,2015,American Indian/Alaskan Native (includes Hispanic),
47,Tennessee,47067,Hancock,2011,2015,White (includes Hispanic),10.3
47,Tennessee,47067,Hancock,2012,2016,Asian/Pacific Islander (includes Hispanic),
47,Tennessee,47067,Hancock,2012,2016,Black (includes Hispanic),
47,Tennessee,47067,Hancock,2012,2016,Hispanic (all races),
47,Tennessee,47067,Hancock,2012,2016,American Indian/Alaskan Native (includes Hispanic),
47,Tennessee,47067,Hancock,2012,2016,White (includes Hispanic),9.6
47,Tennessee,47067,Hancock,2013,2017,Asian/Pacific Islander (includes Hispanic),
47,Tennessee,47067,Hancock,2013,2017,Black (includes Hispanic),
47,Tennessee,47067,Hancock,2013,2017,Hispanic (all races),
47,Tennessee,47067,Hancock,2013,2017,American Indian/Alaskan Native (includes Hispanic),
47,Tennessee,47067,Hancock,2013,2017,White (includes Hispanic),10.3
47,Tennessee,47067,Hancock,2014,2018,Asian/Pacific Islander (includes Hispanic),
47,Tennessee,47067,Hancock,2014,2018,Black (includes Hispanic),
47,Tennessee,47067,Hancock,2014,2018,Hispanic (all races),
47,Tennessee,47067,Hancock,2014,2018,American Indian/Alaskan Native (includes Hispanic),
47,Tennessee,47067,Hancock,2014,2018,White (includes Hispanic),10.4
47,Tennessee,47067,Hancock,2015,2019,Asian/Pacific Islander (includes Hispanic),
47,Tennessee,47067,Hancock,2015,2019,Black (includes Hispanic),
47,Tennessee,47067,Hancock,2015,2019,Hispanic (all races),
47,Tennessee,47067,Hancock,2015,2019,American Indian/Alaskan Native (includes Hispanic),
47,Tennessee,47067,Hancock,2015,2019,White (includes Hispanic),9.3
47,Tennessee,47067,Hancock,2016,2020,Asian/Pacific Islander (includes Hispanic),
47,Tennessee,47067,Hancock,2016,2020,Black (includes Hispanic),
47,Tennessee,47067,Hancock,2016,2020,Hispanic (all races),
47,Tennessee,47067,Hancock,2016,2020,American Indian/Alaskan Native (includes Hispanic),
47,Tennessee,47067,Hancock,2016,2020,White (includes Hispanic),8.9
47,Tennessee,47069,Hardeman,2011,2015,Asian/Pacific Islander (includes Hispanic),
47,Tennessee,47069,Hardeman,2011,2015,Black (includes Hispanic),11.6
47,Tennessee,47069,Hardeman,2011,2015,Hispanic (all races),
47,Tennessee,47069,Hardeman,2011,2015,American Indian/Alaskan Native (includes Hispanic),
47,Tennessee,47069,Hardeman,2011,2015,White (includes Hispanic),10.9
47,Tennessee,47069,Hardeman,2012,2016,Asian/Pacific Islander (includes Hispanic),
47,Tennessee,47069,Hardeman,2012,2016,Black (includes Hispanic),10.3
47,Tennessee,47069,Hardeman,2012,2016,Hispanic (all races),
47,Tennessee,47069,Hardeman,2012,2016,American Indian/Alaskan Native (includes Hispanic),
47,Tennessee,47069,Hardeman,2012,2016,White (includes Hispanic),9.7
47,Tennessee,47069,Hardeman,2013,2017,Asian/Pacific Islander (includes Hispanic),
47,Tennessee,47069,Hardeman,2013,2017,Black (includes Hispanic),9.3
47,Tennessee,47069,Hardeman,2013,2017,Hispanic (all races),
47,Tennessee,47069,Hardeman,2013,2017,American Indian/Alaskan Native (includes Hispanic),
47,Tennessee,47069,Hardeman,2013,2017,White (includes Hispanic),8.6
47,Tennessee,47069,Hardeman,2014,2018,Asian/Pacific Islander (includes Hispanic),
47,Tennessee,47069,Hardeman,2014,2018,Black (includes Hispanic),9.7
47,Tennessee,47069,Hardeman,2014,2018,Hispanic (all races),
47,Tennessee,47069,Hardeman,2014,2018,American Indian/Alaskan Native (includes Hispanic),
47,Tennessee,47069,Hardeman,2014,2018,White (includes Hispanic),9.6
47,Tennessee,47069,Hardeman,2015,2019,Asian/Pacific Islander (includes Hispanic),
47,Tennessee,47069,Hardeman,2015,2019,Black (includes Hispanic),8.2
47,Tennessee,47069,Hardeman,2015,2019,Hispanic (all races),
47,Tennessee,47069,Hardeman,2015,2019,American Indian/Alaskan Native (includes Hispanic),
47,Tennessee,47069,Hardeman,2015,2019,White (includes Hispanic),9.1
47,Tennessee,47069,Hardeman,2016,2020,Asian/Pacific Islander (includes Hispanic),
47,Tennessee,47069,Hardeman,2016,2020,Black (includes Hispanic),7.5
47,Tennessee,47069,Hardeman,2016,2020,Hispanic (all races),
47,Tennessee,47069,Hardeman,2016,2020,American Indian/Alaskan Native (includes Hispanic),
47,Tennessee,47069,Hardeman,2016,2020,White (includes Hispanic),8.4
47,Tennessee,47071,Hardin,2011,2015,Asian/Pacific Islander (includes Hispanic),
47,Tennessee,47071,Hardin,2011,2015,Black (includes Hispanic),
47,Tennessee,47071,Hardin,2011,2015,Hispanic (all races),
47,Tennessee,47071,Hardin,2011,2015,American Indian/Alaskan Native (includes Hispanic),
47,Tennessee,47071,Hardin,2011,2015,White (includes Hispanic),9.4
47,Tennessee,47071,Hardin,2012,2016,Asian/Pacific Islander (includes Hispanic),
47,Tennessee,47071,Hardin,2012,2016,Black (includes Hispanic),
47,Tennessee,47071,Hardin,2012,2016,Hispanic (all races),
47,Tennessee,47071,Hardin,2012,2016,American Indian/Alaskan Native (includes Hispanic),
47,Tennessee,47071,Hardin,2012,2016,White (includes Hispanic),9.2
47,Tennessee,47071,Hardin,2013,2017,Asian/Pacific Islander (includes Hispanic),
47,Tennessee,47071,Hardin,2013,2017,Black (includes Hispanic),
47,Tennessee,47071,Hardin,2013,2017,Hispanic (all races),
47,Tennessee,47071,Hardin,2013,2017,American Indian/Alaskan Native (includes Hispanic),
47,Tennessee,47071,Hardin,2013,2017,White (includes Hispanic),9.7
47,Tennessee,47071,Hardin,2014,2018,Asian/Pacific Islander (includes Hispanic),
47,Tennessee,47071,Hardin,2014,2018,Black (includes Hispanic),
47,Tennessee,47071,Hardin,2014,2018,Hispanic (all races),
47,Tennessee,47071,Hardin,2014,2018,American Indian/Alaskan Native (includes Hispanic),
47,Tennessee,47071,Hardin,2014,2018,White (includes Hispanic),9.1
47,Tennessee,47071,Hardin,2015,2019,Asian/Pacific Islander (includes Hispanic),
47,Tennessee,47071,Hardin,2015,2019,Black (includes Hispanic),
47,Tennessee,47071,Hardin,2015,2019,Hispanic (all races),
47,Tennessee,47071,Hardin,2015,2019,American Indian/Alaskan Native (includes Hispanic),
47,Tennessee,47071,Hardin,2015,2019,White (includes Hispanic),9.3
47,Tennessee,47071,Hardin,2016,2020,Asian/Pacific Islander (includes Hispanic),
47,Tennessee,47071,Hardin,2016,2020,Black (includes Hispanic),
47,Tennessee,47071,Hardin,2016,2020,Hispanic (all races),
47,Tennessee,47071,Hardin,2016,2020,American Indian/Alaskan Native (includes Hispanic),
47,Tennessee,47071,Hardin,2016,2020,White (includes Hispanic),9.3
47,Tennessee,47073,Hawkins,2011,2015,Asian/Pacific Islander (includes Hispanic),
47,Tennessee,47073,Hawkins,2011,2015,Black (includes Hispanic),
47,Tennessee,47073,Hawkins,2011,2015,Hispanic (all races),
47,Tennessee,47073,Hawkins,2011,2015,American Indian/Alaskan Native (includes Hispanic),
47,Tennessee,47073,Hawkins,2011,2015,White (includes Hispanic),7.8
47,Tennessee,47073,Hawkins,2012,2016,Asian/Pacific Islander (includes Hispanic),
47,Tennessee,47073,Hawkins,2012,2016,Black (includes Hispanic),
47,Tennessee,47073,Hawkins,2012,2016,Hispanic (all races),
47,Tennessee,47073,Hawkins,2012,2016,American Indian/Alaskan Native (includes Hispanic),
47,Tennessee,47073,Hawkins,2012,2016,White (includes Hispanic),8.3
47,Tennessee,47073,Hawkins,2013,2017,Asian/Pacific Islander (includes Hispanic),
47,Tennessee,47073,Hawkins,2013,2017,Black (includes Hispanic),
47,Tennessee,47073,Hawkins,2013,2017,Hispanic (all races),
47,Tennessee,47073,Hawkins,2013,2017,American Indian/Alaskan Native (includes Hispanic),
47,Tennessee,47073,Hawkins,2013,2017,White (includes Hispanic),8.9
47,Tennessee,47073,Hawkins,2014,2018,Asian/Pacific Islander (includes Hispanic),
47,Tennessee,47073,Hawkins,2014,2018,Black (includes Hispanic),
47,Tennessee,47073,Hawkins,2014,2018,Hispanic (all races),
47,Tennessee,47073,Hawkins,2014,2018,American Indian/Alaskan Native (includes Hispanic),
47,Tennessee,47073,Hawkins,2014,2018,White (includes Hispanic),9.1
47,Tennessee,47073,Hawkins,2015,2019,Asian/Pacific Islander (includes Hispanic),
47,Tennessee,47073,Hawkins,2015,2019,Black (includes Hispanic),
47,Tennessee,47073,Hawkins,2015,2019,Hispanic (all races),
47,Tennessee,47073,Hawkins,2015,2019,American Indian/Alaskan Native (includes Hispanic),
47,Tennessee,47073,Hawkins,2015,2019,White (includes Hispanic),8.4
47,Tennessee,47073,Hawkins,2016,2020,Asian/Pacific Islander (includes Hispanic),
47,Tennessee,47073,Hawkins,2016,2020,Black (includes Hispanic),
47,Tennessee,47073,Hawkins,2016,2020,Hispanic (all races),
47,Tennessee,47073,Hawkins,2016,2020,American Indian/Alaskan Native (includes Hispanic),
47,Tennessee,47073,Hawkins,2016,2020,White (includes Hispanic),7.8
47,Tennessee,47075,Haywood,2011,2015,Asian/Pacific Islander (includes Hispanic),
47,Tennessee,47075,Haywood,2011,2015,Black (includes Hispanic),13.0
47,Tennessee,47075,Haywood,2011,2015,Hispanic (all races),
47,Tennessee,47075,Haywood,2011,2015,American Indian/Alaskan Native (includes Hispanic),
47,Tennessee,47075,Haywood,2011,2015,White (includes Hispanic),10.5
47,Tennessee,47075,Haywood,2012,2016,Asian/Pacific Islander (includes Hispanic),
47,Tennessee,47075,Haywood,2012,2016,Black (includes Hispanic),11.0
47,Tennessee,47075,Haywood,2012,2016,Hispanic (all races),
47,Tennessee,47075,Haywood,2012,2016,American Indian/Alaskan Native (includes Hispanic),
47,Tennessee,47075,Haywood,2012,2016,White (includes Hispanic),10.4
47,Tennessee,47075,Haywood,2013,2017,Asian/Pacific Islander (includes Hispanic),
47,Tennessee,47075,Haywood,2013,2017,Black (includes Hispanic),11.2
47,Tennessee,47075,Haywood,2013,2017,Hispanic (all races),
47,Tennessee,47075,Haywood,2013,2017,American Indian/Alaskan Native (includes Hispanic),
47,Tennessee,47075,Haywood,2013,2017,White (includes Hispanic),10.3
47,Tennessee,47075,Haywood,2014,2018,Asian/Pacific Islander (includes Hispanic),
47,Tennessee,47075,Haywood,2014,2018,Black (includes Hispanic),10.6
47,Tennessee,47075,Haywood,2014,2018,Hispanic (all races),
47,Tennessee,47075,Haywood,2014,2018,American Indian/Alaskan Native (includes Hispanic),
47,Tennessee,47075,Haywood,2014,2018,White (includes Hispanic),11.4
47,Tennessee,47075,Haywood,2015,2019,Asian/Pacific Islander (includes Hispanic),
47,Tennessee,47075,Haywood,2015,2019,Black (includes Hispanic),9.1
47,Tennessee,47075,Haywood,2015,2019,Hispanic (all races),
47,Tennessee,47075,Haywood,2015,2019,American Indian/Alaskan Native (includes Hispanic),
47,Tennessee,47075,Haywood,2015,2019,White (includes Hispanic),9.3
47,Tennessee,47075,Haywood,2016,2020,Asian/Pacific Islander (includes Hispanic),
47,Tennessee,47075,Haywood,2016,2020,Black (includes Hispanic),8.5
47,Tennessee,47075,Haywood,2016,2020,Hispanic (all races),
47,Tennessee,47075,Haywood,2016,2020,American Indian/Alaskan Native (includes Hispanic),
47,Tennessee,47075,Haywood,2016,2020,White (includes Hispanic),9.0
47,Tennessee,47077,Henderson,2011,2015,Asian/Pacific Islander (includes Hispanic),
47,Tennessee,47077,Henderson,2011,2015,Black (includes Hispanic),
47,Tennessee,47077,Henderson,2011,2015,Hispanic (all races),
47,Tennessee,47077,Henderson,2011,2015,American Indian/Alaskan Native (includes Hispanic),
47,Tennessee,47077,Henderson,2011,2015,White (includes Hispanic),9.0
47,Tennessee,47077,Henderson,2012,2016,Asian/Pacific Islander (includes Hispanic),
47,Tennessee,47077,Henderson,2012,2016,Black (includes Hispanic),
47,Tennessee,47077,Henderson,2012,2016,Hispanic (all races),
47,Tennessee,47077,Henderson,2012,2016,American Indian/Alaskan Native (includes Hispanic),
47,Tennessee,47077,Henderson,2012,2016,White (includes Hispanic),9.3
47,Tennessee,47077,Henderson,2013,2017,Asian/Pacific Islander (includes Hispanic),
47,Tennessee,47077,Henderson,2013,2017,Black (includes Hispanic),
47,Tennessee,47077,Henderson,2013,2017,Hispanic (all races),
47,Tennessee,47077,Henderson,2013,2017,American Indian/Alaskan Native (includes Hispanic),
47,Tennessee,47077,Henderson,2013,2017,White (includes Hispanic),7.0
47,Tennessee,47077,Henderson,2014,2018,Asian/Pacific Islander (includes Hispanic),
47,Tennessee,47077,Henderson,2014,2018,Black (includes Hispanic),
47,Tennessee,47077,Henderson,2014,2018,Hispanic (all races),
47,Tennessee,47077,Henderson,2014,2018,American Indian/Alaskan Native (includes Hispanic),
47,Tennessee,47077,Henderson,2014,2018,White (includes Hispanic),8.4
47,Tennessee,47077,Henderson,2015,2019,Asian/Pacific Islander (includes Hispanic),
47,Tennessee,47077,Henderson,2015,2019,Black (includes Hispanic),
47,Tennessee,47077,Henderson,2015,2019,Hispanic (all races),
47,Tennessee,47077,Henderson,2015,2019,American Indian/Alaskan Native (includes Hispanic),
47,Tennessee,47077,Henderson,2015,2019,White (includes Hispanic),8.1
47,Tennessee,47077,Henderson,2016,2020,Asian/Pacific Islander (includes Hispanic),
47,Tennessee,47077,Henderson,2016,2020,Black (includes Hispanic),
47,Tennessee,47077,Henderson,2016,2020,Hispanic (all races),
47,Tennessee,47077,Henderson,2016,2020,American Indian/Alaskan Native (includes Hispanic),
47,Tennessee,47077,Henderson,2016,2020,White (includes Hispanic),8.7
47,Tennessee,47079,Henry,2011,2015,Asian/Pacific Islander (includes Hispanic),
47,Tennessee,47079,Henry,2011,2015,Black (includes Hispanic),
47,Tennessee,47079,Henry,2011,2015,Hispanic (all races),
47,Tennessee,47079,Henry,2011,2015,American Indian/Alaskan Native (includes Hispanic),
47,Tennessee,47079,Henry,2011,2015,White (includes Hispanic),14.1
47,Tennessee,47079,Henry,2012,2016,Asian/Pacific Islander (includes Hispanic),
47,Tennessee,47079,Henry,2012,2016,Black (includes Hispanic),
47,Tennessee,47079,Henry,2012,2016,Hispanic (all races),
47,Tennessee,47079,Henry,2012,2016,American Indian/Alaskan Native (includes Hispanic),
47,Tennessee,47079,Henry,2012,2016,White (includes Hispanic),13.7
47,Tennessee,47079,Henry,2013,2017,Asian/Pacific Islander (includes Hispanic),
47,Tennessee,47079,Henry,2013,2017,Black (includes Hispanic),
47,Tennessee,47079,Henry,2013,2017,Hispanic (all races),
47,Tennessee,47079,Henry,2013,2017,American Indian/Alaskan Native (includes Hispanic),
47,Tennessee,47079,Henry,2013,2017,White (includes Hispanic),11.1
47,Tennessee,47079,Henry,2014,2018,Asian/Pacific Islander (includes Hispanic),
47,Tennessee,47079,Henry,2014,2018,Black (includes Hispanic),
47,Tennessee,47079,Henry,2014,2018,Hispanic (all races),
47,Tennessee,47079,Henry,2014,2018,American Indian/Alaskan Native (includes Hispanic),
47,Tennessee,47079,Henry,2014,2018,White (includes Hispanic),11.1
47,Tennessee,47079,Henry,2015,2019,Asian/Pacific Islander (includes Hispanic),
47,Tennessee,47079,Henry,2015,2019,Black (includes Hispanic),
47,Tennessee,47079,Henry,2015,2019,Hispanic (all races),
47,Tennessee,47079,Henry,2015,2019,American Indian/Alaskan Native (includes Hispanic),
47,Tennessee,47079,Henry,2015,2019,White (includes Hispanic),9.5
47,Tennessee,47079,Henry,2016,2020,Asian/Pacific Islander (includes Hispanic),
47,Tennessee,47079,Henry,2016,2020,Black (includes Hispanic),
47,Tennessee,47079,Henry,2016,2020,Hispanic (all races),
47,Tennessee,47079,Henry,2016,2020,American Indian/Alaskan Native (includes Hispanic),
47,Tennessee,47079,Henry,2016,2020,White (includes Hispanic),8.5
47,Tennessee,47081,Hickman,2011,2015,Asian/Pacific Islander (includes Hispanic),
47,Tennessee,47081,Hickman,2011,2015,Black (includes Hispanic),
47,Tennessee,47081,Hickman,2011,2015,Hispanic (all races),
47,Tennessee,47081,Hickman,2011,2015,American Indian/Alaskan Native (includes Hispanic),
47,Tennessee,47081,Hickman,2011,2015,White (includes Hispanic),5.8
47,Tennessee,47081,Hickman,2012,2016,Asian/Pacific Islander (includes Hispanic),
47,Tennessee,47081,Hickman,2012,2016,Black (includes Hispanic),
47,Tennessee,47081,Hickman,2012,2016,Hispanic (all races),
47,Tennessee,47081,Hickman,2012,2016,American Indian/Alaskan Native (includes Hispanic),
47,Tennessee,47081,Hickman,2012,2016,White (includes Hispanic),5.8
47,Tennessee,47081,Hickman,2013,2017,Asian/Pacific Islander (includes Hispanic),
47,Tennessee,47081,Hickman,2013,2017,Black (includes Hispanic),
47,Tennessee,47081,Hickman,2013,2017,Hispanic (all races),
47,Tennessee,47081,Hickman,2013,2017,American Indian/Alaskan Native (includes Hispanic),
47,Tennessee,47081,Hickman,2013,2017,White (includes Hispanic),6.4
47,Tennessee,47081,Hickman,2014,2018,Asian/Pacific Islander (includes Hispanic),
47,Tennessee,47081,Hickman,2014,2018,Black (includes Hispanic),
47,Tennessee,47081,Hickman,2014,2018,Hispanic (all races),
47,Tennessee,47081,Hickman,2014,2018,American Indian/Alaskan Native (includes Hispanic),
47,Tennessee,47081,Hickman,2014,2018,White (includes Hispanic),7.8
47,Tennessee,47081,Hickman,2015,2019,Asian/Pacific Islander (includes Hispanic),
47,Tennessee,47081,Hickman,2015,2019,Black (includes Hispanic),
47,Tennessee,47081,Hickman,2015,2019,Hispanic (all races),
47,Tennessee,47081,Hickman,2015,2019,American Indian/Alaskan Native (includes Hispanic),
47,Tennessee,47081,Hickman,2015,2019,White (includes Hispanic),8.4
47,Tennessee,47081,Hickman,2016,2020,Asian/Pacific Islander (includes Hispanic),
47,Tennessee,47081,Hickman,2016,2020,Black (includes Hispanic),
47,Tennessee,47081,Hickman,2016,2020,Hispanic (all races),
47,Tennessee,47081,Hickman,2016,2020,American Indian/Alaskan Native (includes Hispanic),
47,Tennessee,47081,Hickman,2016,2020,White (includes Hispanic),8.5
47,Tennessee,47083,Houston,2011,2015,Asian/Pacific Islander (includes Hispanic),
47,Tennessee,47083,Houston,2011,2015,Black (includes Hispanic),
47,Tennessee,47083,Houston,2011,2015,Hispanic (all races),
47,Tennessee,47083,Houston,2011,2015,American Indian/Alaskan Native (includes Hispanic),
47,Tennessee,47083,Houston,2011,2015,White (includes Hispanic),9.1
47,Tennessee,47083,Houston,2012,2016,Asian/Pacific Islander (includes Hispanic),
47,Tennessee,47083,Houston,2012,2016,Black (includes Hispanic),
47,Tennessee,47083,Houston,2012,2016,Hispanic (all races),
47,Tennessee,47083,Houston,2012,2016,American Indian/Alaskan Native (includes Hispanic),
47,Tennessee,47083,Houston,2012,2016,White (includes Hispanic),8.7
47,Tennessee,47083,Houston,2013,2017,Asian/Pacific Islander (includes Hispanic),
47,Tennessee,47083,Houston,2013,2017,Black (includes Hispanic),
47,Tennessee,47083,Houston,2013,2017,Hispanic (all races),
47,Tennessee,47083,Houston,2013,2017,American Indian/Alaskan Native (includes Hispanic),
47,Tennessee,47083,Houston,2013,2017,White (includes Hispanic),9.3
47,Tennessee,47083,Houston,2014,2018,Asian/Pacific Islander (includes Hispanic),
47,Tennessee,47083,Houston,2014,2018,Black (includes Hispanic),
47,Tennessee,47083,Houston,2014,2018,Hispanic (all races),
47,Tennessee,47083,Houston,2014,2018,American Indian/Alaskan Native (includes Hispanic),
47,Tennessee,47083,Houston,2014,2018,White (includes Hispanic),9.9
47,Tennessee,47083,Houston,2015,2019,Asian/Pacific Islander (includes Hispanic),
47,Tennessee,47083,Houston,2015,2019,Black (includes Hispanic),
47,Tennessee,47083,Houston,2015,2019,Hispanic (all races),
47,Tennessee,47083,Houston,2015,2019,American Indian/Alaskan Native (includes Hispanic),
47,Tennessee,47083,Houston,2015,2019,White (includes Hispanic),10.3
47,Tennessee,47083,Houston,2016,2020,Asian/Pacific Islander (includes Hispanic),
47,Tennessee,47083,Houston,2016,2020,Black (includes Hispanic),
47,Tennessee,47083,Houston,2016,2020,Hispanic (all races),
47,Tennessee,47083,Houston,2016,2020,American Indian/Alaskan Native (includes Hispanic),
47,Tennessee,47083,Houston,2016,2020,White (includes Hispanic),10.2
47,Tennessee,47085,Humphreys,2011,2015,Asian/Pacific Islander (includes Hispanic),
47,Tennessee,47085,Humphreys,2011,2015,Black (includes Hispanic),
47,Tennessee,47085,Humphreys,2011,2015,Hispanic (all races),
47,Tennessee,47085,Humphreys,2011,2015,American Indian/Alaskan Native (includes Hispanic),
47,Tennessee,47085,Humphreys,2011,2015,White (includes Hispanic),7.8
47,Tennessee,47085,Humphreys,2012,2016,Asian/Pacific Islander (includes Hispanic),
47,Tennessee,47085,Humphreys,2012,2016,Black (includes Hispanic),
47,Tennessee,47085,Humphreys,2012,2016,Hispanic (all races),
47,Tennessee,47085,Humphreys,2012,2016,American Indian/Alaskan Native (includes Hispanic),
47,Tennessee,47085,Humphreys,2012,2016,White (includes Hispanic),8.2
47,Tennessee,47085,Humphreys,2013,2017,Asian/Pacific Islander (includes Hispanic),
47,Tennessee,47085,Humphreys,2013,2017,Black (includes Hispanic),
47,Tennessee,47085,Humphreys,2013,2017,Hispanic (all races),
47,Tennessee,47085,Humphreys,2013,2017,American Indian/Alaskan Native (includes Hispanic),
47,Tennessee,47085,Humphreys,2013,2017,White (includes Hispanic),9.0
47,Tennessee,47085,Humphreys,2014,2018,Asian/Pacific Islander (includes Hispanic),
47,Tennessee,47085,Humphreys,2014,2018,Black (includes Hispanic),
47,Tennessee,47085,Humphreys,2014,2018,Hispanic (all races),
47,Tennessee,47085,Humphreys,2014,2018,American Indian/Alaskan Native (includes Hispanic),
47,Tennessee,47085,Humphreys,2014,2018,White (includes Hispanic),12.1
47,Tennessee,47085,Humphreys,2015,2019,Asian/Pacific Islander (includes Hispanic),
47,Tennessee,47085,Humphreys,2015,2019,Black (includes Hispanic),
47,Tennessee,47085,Humphreys,2015,2019,Hispanic (all races),
47,Tennessee,47085,Humphreys,2015,2019,American Indian/Alaskan Native (includes Hispanic),
47,Tennessee,47085,Humphreys,2015,2019,White (includes Hispanic),13.5
47,Tennessee,47085,Humphreys,2016,2020,Asian/Pacific Islander (includes Hispanic),
47,Tennessee,47085,Humphreys,2016,2020,Black (includes Hispanic),
47,Tennessee,47085,Humphreys,2016,2020,Hispanic (all races),
47,Tennessee,47085,Humphreys,2016,2020,American Indian/Alaskan Native (includes Hispanic),
47,Tennessee,47085,Humphreys,2016,2020,White (includes Hispanic),15.4
47,Tennessee,47087,Jackson,2011,2015,Asian/Pacific Islander (includes Hispanic),
47,Tennessee,47087,Jackson,2011,2015,Black (includes Hispanic),
47,Tennessee,47087,Jackson,2011,2015,Hispanic (all races),
47,Tennessee,47087,Jackson,2011,2015,American Indian/Alaskan Native (includes Hispanic),
47,Tennessee,47087,Jackson,2011,2015,White (includes Hispanic),10.8
47,Tennessee,47087,Jackson,2012,2016,Asian/Pacific Islander (includes Hispanic),
47,Tennessee,47087,Jackson,2012,2016,Black (includes Hispanic),
47,Tennessee,47087,Jackson,2012,2016,Hispanic (all races),
47,Tennessee,47087,Jackson,2012,2016,American Indian/Alaskan Native (includes Hispanic),
47,Tennessee,47087,Jackson,2012,2016,White (includes Hispanic),11.7
47,Tennessee,47087,Jackson,2013,2017,Asian/Pacific Islander (includes Hispanic),
47,Tennessee,47087,Jackson,2013,2017,Black (includes Hispanic),
47,Tennessee,47087,Jackson,2013,2017,Hispanic (all races),
47,Tennessee,47087,Jackson,2013,2017,American Indian/Alaskan Native (includes Hispanic),
47,Tennessee,47087,Jackson,2013,2017,White (includes Hispanic),10.4
47,Tennessee,47087,Jackson,2014,2018,Asian/Pacific Islander (includes Hispanic),
47,Tennessee,47087,Jackson,2014,2018,Black (includes Hispanic),
47,Tennessee,47087,Jackson,2014,2018,Hispanic (all races),
47,Tennessee,47087,Jackson,2014,2018,American Indian/Alaskan Native (includes Hispanic),
47,Tennessee,47087,Jackson,2014,2018,White (includes Hispanic),8.8
47,Tennessee,47087,Jackson,2015,2019,Asian/Pacific Islander (includes Hispanic),
47,Tennessee,47087,Jackson,2015,2019,Black (includes Hispanic),
47,Tennessee,47087,Jackson,2015,2019,Hispanic (all races),
47,Tennessee,47087,Jackson,2015,2019,American Indian/Alaskan Native (includes Hispanic),
47,Tennessee,47087,Jackson,2015,2019,White (includes Hispanic),8.0
47,Tennessee,47087,Jackson,2016,2020,Asian/Pacific Islander (includes Hispanic),
47,Tennessee,47087,Jackson,2016,2020,Black (includes Hispanic),
47,Tennessee,47087,Jackson,2016,2020,Hispanic (all races),
47,Tennessee,47087,Jackson,2016,2020,American Indian/Alaskan Native (includes Hispanic),
47,Tennessee,47087,Jackson,2016,2020,White (includes Hispanic),7.1
47,Tennessee,47089,Jefferson,2011,2015,Asian/Pacific Islander (includes Hispanic),
47,Tennessee,47089,Jefferson,2011,2015,Black (includes Hispanic),
47,Tennessee,47089,Jefferson,2011,2015,Hispanic (all races),
47,Tennessee,47089,Jefferson,2011,2015,American Indian/Alaskan Native (includes Hispanic),
47,Tennessee,47089,Jefferson,2011,2015,White (includes Hispanic),7.7
47,Tennessee,47089,Jefferson,2012,2016,Asian/Pacific Islander (includes Hispanic),
47,Tennessee,47089,Jefferson,2012,2016,Black (includes Hispanic),
47,Tennessee,47089,Jefferson,2012,2016,Hispanic (all races),
47,Tennessee,47089,Jefferson,2012,2016,American Indian/Alaskan Native (includes Hispanic),
47,Tennessee,47089,Jefferson,2012,2016,White (includes Hispanic),7.2
47,Tennessee,47089,Jefferson,2013,2017,Asian/Pacific Islander (includes Hispanic),
47,Tennessee,47089,Jefferson,2013,2017,Black (includes Hispanic),
47,Tennessee,47089,Jefferson,2013,2017,Hispanic (all races),
47,Tennessee,47089,Jefferson,2013,2017,American Indian/Alaskan Native (includes Hispanic),
47,Tennessee,47089,Jefferson,2013,2017,White (includes Hispanic),7.6
47,Tennessee,47089,Jefferson,2014,2018,Asian/Pacific Islander (includes Hispanic),
47,Tennessee,47089,Jefferson,2014,2018,Black (includes Hispanic),
47,Tennessee,47089,Jefferson,2014,2018,Hispanic (all races),
47,Tennessee,47089,Jefferson,2014,2018,American Indian/Alaskan Native (includes Hispanic),
47,Tennessee,47089,Jefferson,2014,2018,White (includes Hispanic),7.5
47,Tennessee,47089,Jefferson,2015,2019,Asian/Pacific Islander (includes Hispanic),
47,Tennessee,47089,Jefferson,2015,2019,Black (includes Hispanic),
47,Tennessee,47089,Jefferson,2015,2019,Hispanic (all races),
47,Tennessee,47089,Jefferson,2015,2019,American Indian/Alaskan Native (includes Hispanic),
47,Tennessee,47089,Jefferson,2015,2019,White (includes Hispanic),7.4
47,Tennessee,47089,Jefferson,2016,2020,Asian/Pacific Islander (includes Hispanic),
47,Tennessee,47089,Jefferson,2016,2020,Black (includes Hispanic),
47,Tennessee,47089,Jefferson,2016,2020,Hispanic (all races),
47,Tennessee,47089,Jefferson,2016,2020,American Indian/Alaskan Native (includes Hispanic),
47,Tennessee,47089,Jefferson,2016,2020,White (includes Hispanic),7.1
47,Tennessee,47091,Johnson,2011,2015,Asian/Pacific Islander (includes Hispanic),
47,Tennessee,47091,Johnson,2011,2015,Black (includes Hispanic),
47,Tennessee,47091,Johnson,2011,2015,Hispanic (all races),
47,Tennessee,47091,Johnson,2011,2015,American Indian/Alaskan Native (includes Hispanic),
47,Tennessee,47091,Johnson,2011,2015,White (includes Hispanic),6.7
47,Tennessee,47091,Johnson,2012,2016,Asian/Pacific Islander (includes Hispanic),
47,Tennessee,47091,Johnson,2012,2016,Black (includes Hispanic),
47,Tennessee,47091,Johnson,2012,2016,Hispanic (all races),
47,Tennessee,47091,Johnson,2012,2016,American Indian/Alaskan Native (includes Hispanic),
47,Tennessee,47091,Johnson,2012,2016,White (includes Hispanic),6.7
47,Tennessee,47091,Johnson,2013,2017,Asian/Pacific Islander (includes Hispanic),
47,Tennessee,47091,Johnson,2013,2017,Black (includes Hispanic),
47,Tennessee,47091,Johnson,2013,2017,Hispanic (all races),
47,Tennessee,47091,Johnson,2013,2017,American Indian/Alaskan Native (includes Hispanic),
47,Tennessee,47091,Johnson,2013,2017,White (includes Hispanic),7.2
47,Tennessee,47091,Johnson,2014,2018,Asian/Pacific Islander (includes Hispanic),
47,Tennessee,47091,Johnson,2014,2018,Black (includes Hispanic),
47,Tennessee,47091,Johnson,2014,2018,Hispanic (all races),
47,Tennessee,47091,Johnson,2014,2018,American Indian/Alaskan Native (includes Hispanic),
47,Tennessee,47091,Johnson,2014,2018,White (includes Hispanic),7.4
47,Tennessee,47091,Johnson,2015,2019,Asian/Pacific Islander (includes Hispanic),
47,Tennessee,47091,Johnson,2015,2019,Black (includes Hispanic),
47,Tennessee,47091,Johnson,2015,2019,Hispanic (all races),
47,Tennessee,47091,Johnson,2015,2019,American Indian/Alaskan Native (includes Hispanic),
47,Tennessee,47091,Johnson,2015,2019,White (includes Hispanic),7.8
47,Tennessee,47091,Johnson,2016,2020,Asian/Pacific Islander (includes Hispanic),
47,Tennessee,47091,Johnson,2016,2020,Black (includes Hispanic),
47,Tennessee,47091,Johnson,2016,2020,Hispanic (all races),
47,Tennessee,47091,Johnson,2016,2020,American Indian/Alaskan Native (includes Hispanic),
47,Tennessee,47091,Johnson,2016,2020,White (includes Hispanic),7.4
47,Tennessee,47093,Knox,2011,2015,Asian/Pacific Islander (includes Hispanic),
47,Tennessee,47093,Knox,2011,2015,Black (includes Hispanic),
47,Tennessee,47093,Knox,2011,2015,Hispanic (all races),
47,Tennessee,47093,Knox,2011,2015,American Indian/Alaskan Native (includes Hispanic),
47,Tennessee,47093,Knox,2011,2015,White (includes Hispanic),7.5
47,Tennessee,47093,Knox,2012,2016,Asian/Pacific Islander (includes Hispanic),
47,Tennessee,47093,Knox,2012,2016,Black (includes Hispanic),
47,Tennessee,47093,Knox,2012,2016,Hispanic (all races),
47,Tennessee,47093,Knox,2012,2016,American Indian/Alaskan Native (includes Hispanic),
47,Tennessee,47093,Knox,2012,2016,White (includes Hispanic),7.4
47,Tennessee,47093,Knox,2013,2017,Asian/Pacific Islander (includes Hispanic),
47,Tennessee,47093,Knox,2013,2017,Black (includes Hispanic),
47,Tennessee,47093,Knox,2013,2017,Hispanic (all races),
47,Tennessee,47093,Knox,2013,2017,American Indian/Alaskan Native (includes Hispanic),
47,Tennessee,47093,Knox,2013,2017,White (includes Hispanic),7.9
47,Tennessee,47093,Knox,2014,2018,Asian/Pacific Islander (includes Hispanic),
47,Tennessee,47093,Knox,2014,2018,Black (includes Hispanic),
47,Tennessee,47093,Knox,2014,2018,Hispanic (all races),
47,Tennessee,47093,Knox,2014,2018,American Indian/Alaskan Native (includes Hispanic),
47,Tennessee,47093,Knox,2014,2018,White (includes Hispanic),8.1
47,Tennessee,47093,Knox,2015,2019,Asian/Pacific Islander (includes Hispanic),
47,Tennessee,47093,Knox,2015,2019,Black (includes Hispanic),
47,Tennessee,47093,Knox,2015,2019,Hispanic (all races),
47,Tennessee,47093,Knox,2015,2019,American Indian/Alaskan Native (includes Hispanic),
47,Tennessee,47093,Knox,2015,2019,White (includes Hispanic),8.2
47,Tennessee,47093,Knox,2016,2020,Asian/Pacific Islander (includes Hispanic),
47,Tennessee,47093,Knox,2016,2020,Black (includes Hispanic),
47,Tennessee,47093,Knox,2016,2020,Hispanic (all races),
47,Tennessee,47093,Knox,2016,2020,American Indian/Alaskan Native (includes Hispanic),
47,Tennessee,47093,Knox,2016,2020,White (includes Hispanic),8.0
47,Tennessee,47095,Lake,2011,2015,Asian/Pacific Islander (includes Hispanic),
47,Tennessee,47095,Lake,2011,2015,Black (includes Hispanic),
47,Tennessee,47095,Lake,2011,2015,Hispanic (all races),
47,Tennessee,47095,Lake,2011,2015,American Indian/Alaskan Native (includes Hispanic),
47,Tennessee,47095,Lake,2011,2015,White (includes Hispanic),9.8
47,Tennessee,47095,Lake,2012,2016,Asian/Pacific Islander (includes Hispanic),
47,Tennessee,47095,Lake,2012,2016,Black (includes Hispanic),
47,Tennessee,47095,Lake,2012,2016,Hispanic (all races),
47,Tennessee,47095,Lake,2012,2016,American Indian/Alaskan Native (includes Hispanic),
47,Tennessee,47095,Lake,2012,2016,White (includes Hispanic),11.0
47,Tennessee,47095,Lake,2013,2017,Asian/Pacific Islander (includes Hispanic),
47,Tennessee,47095,Lake,2013,2017,Black (includes Hispanic),
47,Tennessee,47095,Lake,2013,2017,Hispanic (all races),
47,Tennessee,47095,Lake,2013,2017,American Indian/Alaskan Native (includes Hispanic),
47,Tennessee,47095,Lake,2013,2017,White (includes Hispanic),9.7
47,Tennessee,47095,Lake,2014,2018,Asian/Pacific Islander (includes Hispanic),
47,Tennessee,47095,Lake,2014,2018,Black (includes Hispanic),
47,Tennessee,47095,Lake,2014,2018,Hispanic (all races),
47,Tennessee,47095,Lake,2014,2018,American Indian/Alaskan Native (includes Hispanic),
47,Tennessee,47095,Lake,2014,2018,White (includes Hispanic),9.4
47,Tennessee,47095,Lake,2015,2019,Asian/Pacific Islander (includes Hispanic),
47,Tennessee,47095,Lake,2015,2019,Black (includes Hispanic),
47,Tennessee,47095,Lake,2015,2019,Hispanic (all races),
47,Tennessee,47095,Lake,2015,2019,American Indian/Alaskan Native (includes Hispanic),
47,Tennessee,47095,Lake,2015,2019,White (includes Hispanic),10.1
47,Tennessee,47095,Lake,2016,2020,Asian/Pacific Islander (includes Hispanic),
47,Tennessee,47095,Lake,2016,2020,Black (includes Hispanic),
47,Tennessee,47095,Lake,2016,2020,Hispanic (all races),
47,Tennessee,47095,Lake,2016,2020,American Indian/Alaskan Native (includes Hispanic),
47,Tennessee,47095,Lake,2016,2020,White (includes Hispanic),10.2
47,Tennessee,47097,Lauderdale,2011,2015,Asian/Pacific Islander (includes Hispanic),
47,Tennessee,47097,Lauderdale,2011,2015,Black (includes Hispanic),13.5
47,Tennessee,47097,Lauderdale,2011,2015,Hispanic (all races),
47,Tennessee,47097,Lauderdale,2011,2015,American Indian/Alaskan Native (includes Hispanic),
47,Tennessee,47097,Lauderdale,2011,2015,White (includes Hispanic),9.9
47,Tennessee,47097,Lauderdale,2012,2016,Asian/Pacific Islander (includes Hispanic),
47,Tennessee,47097,Lauderdale,2012,2016,Black (includes Hispanic),
47,Tennessee,47097,Lauderdale,2012,2016,Hispanic (all races),
47,Tennessee,47097,Lauderdale,2012,2016,American Indian/Alaskan Native (includes Hispanic),
47,Tennessee,47097,Lauderdale,2012,2016,White (includes Hispanic),9.9
47,Tennessee,47097,Lauderdale,2013,2017,Asian/Pacific Islander (includes Hispanic),
47,Tennessee,47097,Lauderdale,2013,2017,Black (includes Hispanic),
47,Tennessee,47097,Lauderdale,2013,2017,Hispanic (all races),
47,Tennessee,47097,Lauderdale,2013,2017,American Indian/Alaskan Native (includes Hispanic),
47,Tennessee,47097,Lauderdale,2013,2017,White (includes Hispanic),10.3
47,Tennessee,47097,Lauderdale,2014,2018,Asian/Pacific Islander (includes Hispanic),
47,Tennessee,47097,Lauderdale,2014,2018,Black (includes Hispanic),
47,Tennessee,47097,Lauderdale,2014,2018,Hispanic (all races),
47,Tennessee,47097,Lauderdale,2014,2018,American Indian/Alaskan Native (includes Hispanic),
47,Tennessee,47097,Lauderdale,2014,2018,White (includes Hispanic),12.1
47,Tennessee,47097,Lauderdale,2015,2019,Asian/Pacific Islander (includes Hispanic),
47,Tennessee,47097,Lauderdale,2015,2019,Black (includes Hispanic),
47,Tennessee,47097,Lauderdale,2015,2019,Hispanic (all races),
47,Tennessee,47097,Lauderdale,2015,2019,American Indian/Alaskan Native (includes Hispanic),
47,Tennessee,47097,Lauderdale,2015,2019,White (includes Hispanic),11.4
47,Tennessee,47097,Lauderdale,2016,2020,Asian/Pacific Islander (includes Hispanic),
47,Tennessee,47097,Lauderdale,2016,2020,Black (includes Hispanic),
47,Tennessee,47097,Lauderdale,2016,2020,Hispanic (all races),
47,Tennessee,47097,Lauderdale,2016,2020,American Indian/Alaskan Native (includes Hispanic),
47,Tennessee,47097,Lauderdale,2016,2020,White (includes Hispanic),12.4
47,Tennessee,47099,Lawrence,2011,2015,Asian/Pacific Islander (includes Hispanic),
47,Tennessee,47099,Lawrence,2011,2015,Black (includes Hispanic),
47,Tennessee,47099,Lawrence,2011,2015,Hispanic (all races),
47,Tennessee,47099,Lawrence,2011,2015,American Indian/Alaskan Native (includes Hispanic),
47,Tennessee,47099,Lawrence,2011,2015,White (includes Hispanic),8.5
47,Tennessee,47099,Lawrence,2012,2016,Asian/Pacific Islander (includes Hispanic),
47,Tennessee,47099,Lawrence,2012,2016,Black (includes Hispanic),
47,Tennessee,47099,Lawrence,2012,2016,Hispanic (all races),
47,Tennessee,47099,Lawrence,2012,2016,American Indian/Alaskan Native (includes Hispanic),
47,Tennessee,47099,Lawrence,2012,2016,White (includes Hispanic),8.5
47,Tennessee,47099,Lawrence,2013,2017,Asian/Pacific Islander (includes Hispanic),
47,Tennessee,47099,Lawrence,2013,2017,Black (includes Hispanic),
47,Tennessee,47099,Lawrence,2013,2017,Hispanic (all races),
47,Tennessee,47099,Lawrence,2013,2017,American Indian/Alaskan Native (includes Hispanic),
47,Tennessee,47099,Lawrence,2013,2017,White (includes Hispanic),9.5
47,Tennessee,47099,Lawrence,2014,2018,Asian/Pacific Islander (includes Hispanic),
47,Tennessee,47099,Lawrence,2014,2018,Black (includes Hispanic),
47,Tennessee,47099,Lawrence,2014,2018,Hispanic (all races),
47,Tennessee,47099,Lawrence,2014,2018,American Indian/Alaskan Native (includes Hispanic),
47,Tennessee,47099,Lawrence,2014,2018,White (includes Hispanic),9.4
47,Tennessee,47099,Lawrence,2015,2019,Asian/Pacific Islander (includes Hispanic),
47,Tennessee,47099,Lawrence,2015,2019,Black (includes Hispanic),
47,Tennessee,47099,Lawrence,2015,2019,Hispanic (all races),
47,Tennessee,47099,Lawrence,2015,2019,American Indian/Alaskan Native (includes Hispanic),
47,Tennessee,47099,Lawrence,2015,2019,White (includes Hispanic),8.8
47,Tennessee,47099,Lawrence,2016,2020,Asian/Pacific Islander (includes Hispanic),
47,Tennessee,47099,Lawrence,2016,2020,Black (includes Hispanic),
47,Tennessee,47099,Lawrence,2016,2020,Hispanic (all races),
47,Tennessee,47099,Lawrence,2016,2020,American Indian/Alaskan Native (includes Hispanic),
47,Tennessee,47099,Lawrence,2016,2020,White (includes Hispanic),8.4
47,Tennessee,47101,Lewis,2011,2015,Asian/Pacific Islander (includes Hispanic),
47,Tennessee,47101,Lewis,2011,2015,Black (includes Hispanic),
47,Tennessee,47101,Lewis,2011,2015,Hispanic (all races),
47,Tennessee,47101,Lewis,2011,2015,American Indian/Alaskan Native (includes Hispanic),
47,Tennessee,47101,Lewis,2011,2015,White (includes Hispanic),9.4
47,Tennessee,47101,Lewis,2012,2016,Asian/Pacific Islander (includes Hispanic),
47,Tennessee,47101,Lewis,2012,2016,Black (includes Hispanic),
47,Tennessee,47101,Lewis,2012,2016,Hispanic (all races),
47,Tennessee,47101,Lewis,2012,2016,American Indian/Alaskan Native (includes Hispanic),
47,Tennessee,47101,Lewis,2012,2016,White (includes Hispanic),9.3
47,Tennessee,47101,Lewis,2013,2017,Asian/Pacific Islander (includes Hispanic),
47,Tennessee,47101,Lewis,2013,2017,Black (includes Hispanic),
47,Tennessee,47101,Lewis,2013,2017,Hispanic (all races),
47,Tennessee,47101,Lewis,2013,2017,American Indian/Alaskan Native (includes Hispanic),
47,Tennessee,47101,Lewis,2013,2017,White (includes Hispanic),9.9
47,Tennessee,47101,Lewis,2014,2018,Asian/Pacific Islander (includes Hispanic),
47,Tennessee,47101,Lewis,2014,2018,Black (includes Hispanic),
47,Tennessee,47101,Lewis,2014,2018,Hispanic (all races),
47,Tennessee,47101,Lewis,2014,2018,American Indian/Alaskan Native (includes Hispanic),
47,Tennessee,47101,Lewis,2014,2018,White (includes Hispanic),11.2
47,Tennessee,47101,Lewis,2015,2019,Asian/Pacific Islander (includes Hispanic),
47,Tennessee,47101,Lewis,2015,2019,Black (includes Hispanic),
47,Tennessee,47101,Lewis,2015,2019,Hispanic (all races),
47,Tennessee,47101,Lewis,2015,2019,American Indian/Alaskan Native (includes Hispanic),
47,Tennessee,47101,Lewis,2015,2019,White (includes Hispanic),10.7
47,Tennessee,47101,Lewis,2016,2020,Asian/Pacific Islander (includes Hispanic),
47,Tennessee,47101,Lewis,2016,2020,Black (includes Hispanic),
47,Tennessee,47101,Lewis,2016,2020,Hispanic (all races),
47,Tennessee,47101,Lewis,2016,2020,American Indian/Alaskan Native (includes Hispanic),
47,Tennessee,47101,Lewis,2016,2020,White (includes Hispanic),11.1
47,Tennessee,47103,Lincoln,2011,2015,Asian/Pacific Islander (includes Hispanic),
47,Tennessee,47103,Lincoln,2011,2015,Black (includes Hispanic),7.4
47,Tennessee,47103,Lincoln,2011,2015,Hispanic (all races),
47,Tennessee,47103,Lincoln,2011,2015,American Indian/Alaskan Native (includes Hispanic),
47,Tennessee,47103,Lincoln,2011,2015,White (includes Hispanic),8.7
47,Tennessee,47103,Lincoln,2012,2016,Asian/Pacific Islander (includes Hispanic),
47,Tennessee,47103,Lincoln,2012,2016,Black (includes Hispanic),9.7
47,Tennessee,47103,Lincoln,2012,2016,Hispanic (all races),
47,Tennessee,47103,Lincoln,2012,2016,American Indian/Alaskan Native (includes Hispanic),
47,Tennessee,47103,Lincoln,2012,2016,White (includes Hispanic),9.4
47,Tennessee,47103,Lincoln,2013,2017,Asian/Pacific Islander (includes Hispanic),
47,Tennessee,47103,Lincoln,2013,2017,Black (includes Hispanic),10.7
47,Tennessee,47103,Lincoln,2013,2017,Hispanic (all races),
47,Tennessee,47103,Lincoln,2013,2017,American Indian/Alaskan Native (includes Hispanic),
47,Tennessee,47103,Lincoln,2013,2017,White (includes Hispanic),8.8
47,Tennessee,47103,Lincoln,2014,2018,Asian/Pacific Islander (includes Hispanic),
47,Tennessee,47103,Lincoln,2014,2018,Black (includes Hispanic),10.9
47,Tennessee,47103,Lincoln,2014,2018,Hispanic (all races),
47,Tennessee,47103,Lincoln,2014,2018,American Indian/Alaskan Native (includes Hispanic),
47,Tennessee,47103,Lincoln,2014,2018,White (includes Hispanic),9.0
47,Tennessee,47103,Lincoln,2015,2019,Asian/Pacific Islander (includes Hispanic),
47,Tennessee,47103,Lincoln,2015,2019,Black (includes Hispanic),9.6
47,Tennessee,47103,Lincoln,2015,2019,Hispanic (all races),
47,Tennessee,47103,Lincoln,2015,2019,American Indian/Alaskan Native (includes Hispanic),
47,Tennessee,47103,Lincoln,2015,2019,White (includes Hispanic),8.0
47,Tennessee,47103,Lincoln,2016,2020,Asian/Pacific Islander (includes Hispanic),
47,Tennessee,47103,Lincoln,2016,2020,Black (includes Hispanic),7.4
47,Tennessee,47103,Lincoln,2016,2020,Hispanic (all races),
47,Tennessee,47103,Lincoln,2016,2020,American Indian/Alaskan Native (includes Hispanic),
47,Tennessee,47103,Lincoln,2016,2020,White (includes Hispanic),7.5
47,Tennessee,47105,Loudon,2011,2015,Asian/Pacific Islander (includes Hispanic),
47,Tennessee,47105,Loudon,2011,2015,Black (includes Hispanic),
47,Tennessee,47105,Loudon,2011,2015,Hispanic (all races),
47,Tennessee,47105,Loudon,2011,2015,American Indian/Alaskan Native (includes Hispanic),
47,Tennessee,47105,Loudon,2011,2015,White (includes Hispanic),7.1
47,Tennessee,47105,Loudon,2012,2016,Asian/Pacific Islander (includes Hispanic),
47,Tennessee,47105,Loudon,2012,2016,Black (includes Hispanic),
47,Tennessee,47105,Loudon,2012,2016,Hispanic (all races),
47,Tennessee,47105,Loudon,2012,2016,American Indian/Alaskan Native (includes Hispanic),
47,Tennessee,47105,Loudon,2012,2016,White (includes Hispanic),7.7
47,Tennessee,47105,Loudon,2013,2017,Asian/Pacific Islander (includes Hispanic),
47,Tennessee,47105,Loudon,2013,2017,Black (includes Hispanic),
47,Tennessee,47105,Loudon,2013,2017,Hispanic (all races),
47,Tennessee,47105,Loudon,2013,2017,American Indian/Alaskan Native (includes Hispanic),
47,Tennessee,47105,Loudon,2013,2017,White (includes Hispanic),7.9
47,Tennessee,47105,Loudon,2014,2018,Asian/Pacific Islander (includes Hispanic),
47,Tennessee,47105,Loudon,2014,2018,Black (includes Hispanic),
47,Tennessee,47105,Loudon,2014,2018,Hispanic (all races),
47,Tennessee,47105,Loudon,2014,2018,American Indian/Alaskan Native (includes Hispanic),
47,Tennessee,47105,Loudon,2014,2018,White (includes Hispanic),7.9
47,Tennessee,47105,Loudon,2015,2019,Asian/Pacific Islander (includes Hispanic),
47,Tennessee,47105,Loudon,2015,2019,Black (includes Hispanic),
47,Tennessee,47105,Loudon,2015,2019,Hispanic (all races),
47,Tennessee,47105,Loudon,2015,2019,American Indian/Alaskan Native (includes Hispanic),
47,Tennessee,47105,Loudon,2015,2019,White (includes Hispanic),7.7
47,Tennessee,47105,Loudon,2016,2020,Asian/Pacific Islander (includes Hispanic),
47,Tennessee,47105,Loudon,2016,2020,Black (includes Hispanic),
47,Tennessee,47105,Loudon,2016,2020,Hispanic (all races),
47,Tennessee,47105,Loudon,2016,2020,American Indian/Alaskan Native (includes Hispanic),
47,Tennessee,47105,Loudon,2016,2020,White (includes Hispanic),7.3
47,Tennessee,47111,Macon,2011,2015,Asian/Pacific Islander (includes Hispanic),
47,Tennessee,47111,Macon,2011,2015,Black (includes Hispanic),
47,Tennessee,47111,Macon,2011,2015,Hispanic (all races),
47,Tennessee,47111,Macon,2011,2015,American Indian/Alaskan Native (includes Hispanic),
47,Tennessee,47111,Macon,2011,2015,White (includes Hispanic),8.6
47,Tennessee,47111,Macon,2012,2016,Asian/Pacific Islander (includes Hispanic),
47,Tennessee,47111,Macon,2012,2016,Black (includes Hispanic),
47,Tennessee,47111,Macon,2012,2016,Hispanic (all races),
47,Tennessee,47111,Macon,2012,2016,American Indian/Alaskan Native (includes Hispanic),
47,Tennessee,47111,Macon,2012,2016,White (includes Hispanic),9.7
47,Tennessee,47111,Macon,2013,2017,Asian/Pacific Islander (includes Hispanic),
47,Tennessee,47111,Macon,2013,2017,Black (includes Hispanic),
47,Tennessee,47111,Macon,2013,2017,Hispanic (all races),
47,Tennessee,47111,Macon,2013,2017,American Indian/Alaskan Native (includes Hispanic),
47,Tennessee,47111,Macon,2013,2017,White (includes Hispanic),10.8
47,Tennessee,47111,Macon,2014,2018,Asian/Pacific Islander (includes Hispanic),
47,Tennessee,47111,Macon,2014,2018,Black (includes Hispanic),
47,Tennessee,47111,Macon,2014,2018,Hispanic (all races),
47,Tennessee,47111,Macon,2014,2018,American Indian/Alaskan Native (includes Hispanic),
47,Tennessee,47111,Macon,2014,2018,White (includes Hispanic),9.5
47,Tennessee,47111,Macon,2015,2019,Asian/Pacific Islander (includes Hispanic),
47,Tennessee,47111,Macon,2015,2019,Black (includes Hispanic),
47,Tennessee,47111,Macon,2015,2019,Hispanic (all races),
47,Tennessee,47111,Macon,2015,2019,American Indian/Alaskan Native (includes Hispanic),
47,Tennessee,47111,Macon,2015,2019,White (includes Hispanic),10.7
47,Tennessee,47111,Macon,2016,2020,Asian/Pacific Islander (includes Hispanic),
47,Tennessee,47111,Macon,2016,2020,Black (includes Hispanic),
47,Tennessee,47111,Macon,2016,2020,Hispanic (all races),
47,Tennessee,47111,Macon,2016,2020,American Indian/Alaskan Native (includes Hispanic),
47,Tennessee,47111,Macon,2016,2020,White (includes Hispanic),10.1
47,Tennessee,47113,Madison,2011,2015,Asian/Pacific Islander (includes Hispanic),
47,Tennessee,47113,Madison,2011,2015,Black (includes Hispanic),
47,Tennessee,47113,Madison,2011,2015,Hispanic (all races),
47,Tennessee,47113,Madison,2011,2015,American Indian/Alaskan Native (includes Hispanic),
47,Tennessee,47113,Madison,2011,2015,White (includes Hispanic),10.2
47,Tennessee,47113,Madison,2012,2016,Asian/Pacific Islander (includes Hispanic),
47,Tennessee,47113,Madison,2012,2016,Black (includes Hispanic),
47,Tennessee,47113,Madison,2012,2016,Hispanic (all races),
47,Tennessee,47113,Madison,2012,2016,American Indian/Alaskan Native (includes Hispanic),
47,Tennessee,47113,Madison,2012,2016,White (includes Hispanic),10.6
47,Tennessee,47113,Madison,2013,2017,Asian/Pacific Islander (includes Hispanic),
47,Tennessee,47113,Madison,2013,2017,Black (includes Hispanic),
47,Tennessee,47113,Madison,2013,2017,Hispanic (all races),
47,Tennessee,47113,Madison,2013,2017,American Indian/Alaskan Native (includes Hispanic),
47,Tennessee,47113,Madison,2013,2017,White (includes Hispanic),9.4
47,Tennessee,47113,Madison,2014,2018,Asian/Pacific Islander (includes Hispanic),
47,Tennessee,47113,Madison,2014,2018,Black (includes Hispanic),
47,Tennessee,47113,Madison,2014,2018,Hispanic (all races),
47,Tennessee,47113,Madison,2014,2018,American Indian/Alaskan Native (includes Hispanic),
47,Tennessee,47113,Madison,2014,2018,White (includes Hispanic),10.1
47,Tennessee,47113,Madison,2015,2019,Asian/Pacific Islander (includes Hispanic),
47,Tennessee,47113,Madison,2015,2019,Black (includes Hispanic),
47,Tennessee,47113,Madison,2015,2019,Hispanic (all races),
47,Tennessee,47113,Madison,2015,2019,American Indian/Alaskan Native (includes Hispanic),
47,Tennessee,47113,Madison,2015,2019,White (includes Hispanic),9.5
47,Tennessee,47113,Madison,2016,2020,Asian/Pacific Islander (includes Hispanic),
47,Tennessee,47113,Madison,2016,2020,Black (includes Hispanic),
47,Tennessee,47113,Madison,2016,2020,Hispanic (all races),
47,Tennessee,47113,Madison,2016,2020,American Indian/Alaskan Native (includes Hispanic),
47,Tennessee,47113,Madison,2016,2020,White (includes Hispanic),10.1
47,Tennessee,47115,Marion,2011,2015,Asian/Pacific Islander (includes Hispanic),
47,Tennessee,47115,Marion,2011,2015,Black (includes Hispanic),8.5
47,Tennessee,47115,Marion,2011,2015,Hispanic (all races),
47,Tennessee,47115,Marion,2011,2015,American Indian/Alaskan Native (includes Hispanic),
47,Tennessee,47115,Marion,2011,2015,White (includes Hispanic),7.6
47,Tennessee,47115,Marion,2012,2016,Asian/Pacific Islander (includes Hispanic),
47,Tennessee,47115,Marion,2012,2016,Black (includes Hispanic),
47,Tennessee,47115,Marion,2012,2016,Hispanic (all races),
47,Tennessee,47115,Marion,2012,2016,American Indian/Alaskan Native (includes Hispanic),
47,Tennessee,47115,Marion,2012,2016,White (includes Hispanic),7.3
47,Tennessee,47115,Marion,2013,2017,Asian/Pacific Islander (includes Hispanic),
47,Tennessee,47115,Marion,2013,2017,Black (includes Hispanic),
47,Tennessee,47115,Marion,2013,2017,Hispanic (all races),
47,Tennessee,47115,Marion,2013,2017,American Indian/Alaskan Native (includes Hispanic),
47,Tennessee,47115,Marion,2013,2017,White (includes Hispanic),6.9
47,Tennessee,47115,Marion,2014,2018,Asian/Pacific Islander (includes Hispanic),
47,Tennessee,47115,Marion,2014,2018,Black (includes Hispanic),
47,Tennessee,47115,Marion,2014,2018,Hispanic (all races),
47,Tennessee,47115,Marion,2014,2018,American Indian/Alaskan Native (includes Hispanic),
47,Tennessee,47115,Marion,2014,2018,White (includes Hispanic),7.4
47,Tennessee,47115,Marion,2015,2019,Asian/Pacific Islander (includes Hispanic),
47,Tennessee,47115,Marion,2015,2019,Black (includes Hispanic),
47,Tennessee,47115,Marion,2015,2019,Hispanic (all races),
47,Tennessee,47115,Marion,2015,2019,American Indian/Alaskan Native (includes Hispanic),
47,Tennessee,47115,Marion,2015,2019,White (includes Hispanic),7.9
47,Tennessee,47115,Marion,2016,2020,Asian/Pacific Islander (includes Hispanic),
47,Tennessee,47115,Marion,2016,2020,Black (includes Hispanic),
47,Tennessee,47115,Marion,2016,2020,Hispanic (all races),
47,Tennessee,47115,Marion,2016,2020,American Indian/Alaskan Native (includes Hispanic),
47,Tennessee,47115,Marion,2016,2020,White (includes Hispanic),8.5
47,Tennessee,47117,Marshall,2011,2015,Asian/Pacific Islander (includes Hispanic),
47,Tennessee,47117,Marshall,2011,2015,Black (includes Hispanic),
47,Tennessee,47117,Marshall,2011,2015,Hispanic (all races),
47,Tennessee,47117,Marshall,2011,2015,American Indian/Alaskan Native (includes Hispanic),
47,Tennessee,47117,Marshall,2011,2015,White (includes Hispanic),8.0
47,Tennessee,47117,Marshall,2012,2016,Asian/Pacific Islander (includes Hispanic),
47,Tennessee,47117,Marshall,2012,2016,Black (includes Hispanic),
47,Tennessee,47117,Marshall,2012,2016,Hispanic (all races),
47,Tennessee,47117,Marshall,2012,2016,American Indian/Alaskan Native (includes Hispanic),
47,Tennessee,47117,Marshall,2012,2016,White (includes Hispanic),8.6
47,Tennessee,47117,Marshall,2013,2017,Asian/Pacific Islander (includes Hispanic),
47,Tennessee,47117,Marshall,2013,2017,Black (includes Hispanic),
47,Tennessee,47117,Marshall,2013,2017,Hispanic (all races),
47,Tennessee,47117,Marshall,2013,2017,American Indian/Alaskan Native (includes Hispanic),
47,Tennessee,47117,Marshall,2013,2017,White (includes Hispanic),8.2
47,Tennessee,47117,Marshall,2014,2018,Asian/Pacific Islander (includes Hispanic),
47,Tennessee,47117,Marshall,2014,2018,Black (includes Hispanic),
47,Tennessee,47117,Marshall,2014,2018,Hispanic (all races),
47,Tennessee,47117,Marshall,2014,2018,American Indian/Alaskan Native (includes Hispanic),
47,Tennessee,47117,Marshall,2014,2018,White (includes Hispanic),8.5
47,Tennessee,47117,Marshall,2015,2019,Asian/Pacific Islander (includes Hispanic),
47,Tennessee,47117,Marshall,2015,2019,Black (includes Hispanic),
47,Tennessee,47117,Marshall,2015,2019,Hispanic (all races),
47,Tennessee,47117,Marshall,2015,2019,American Indian/Alaskan Native (includes Hispanic),
47,Tennessee,47117,Marshall,2015,2019,White (includes Hispanic),7.8
47,Tennessee,47117,Marshall,2016,2020,Asian/Pacific Islander (includes Hispanic),
47,Tennessee,47117,Marshall,2016,2020,Black (includes Hispanic),
47,Tennessee,47117,Marshall,2016,2020,Hispanic (all races),
47,Tennessee,47117,Marshall,2016,2020,American Indian/Alaskan Native (includes Hispanic),
47,Tennessee,47117,Marshall,2016,2020,White (includes Hispanic),7.0
47,Tennessee,47119,Maury,2011,2015,Asian/Pacific Islander (includes Hispanic),
47,Tennessee,47119,Maury,2011,2015,Black (includes Hispanic),
47,Tennessee,47119,Maury,2011,2015,Hispanic (all races),
47,Tennessee,47119,Maury,2011,2015,American Indian/Alaskan Native (includes Hispanic),
47,Tennessee,47119,Maury,2011,2015,White (includes Hispanic),7.3
47,Tennessee,47119,Maury,2012,2016,Asian/Pacific Islander (includes Hispanic),
47,Tennessee,47119,Maury,2012,2016,Black (includes Hispanic),
47,Tennessee,47119,Maury,2012,2016,Hispanic (all races),
47,Tennessee,47119,Maury,2012,2016,American Indian/Alaskan Native (includes Hispanic),
47,Tennessee,47119,Maury,2012,2016,White (includes Hispanic),7.2
47,Tennessee,47119,Maury,2013,2017,Asian/Pacific Islander (includes Hispanic),
47,Tennessee,47119,Maury,2013,2017,Black (includes Hispanic),
47,Tennessee,47119,Maury,2013,2017,Hispanic (all races),
47,Tennessee,47119,Maury,2013,2017,American Indian/Alaskan Native (includes Hispanic),
47,Tennessee,47119,Maury,2013,2017,White (includes Hispanic),6.9
47,Tennessee,47119,Maury,2014,2018,Asian/Pacific Islander (includes Hispanic),
47,Tennessee,47119,Maury,2014,2018,Black (includes Hispanic),
47,Tennessee,47119,Maury,2014,2018,Hispanic (all races),
47,Tennessee,47119,Maury,2014,2018,American Indian/Alaskan Native (includes Hispanic),
47,Tennessee,47119,Maury,2014,2018,White (includes Hispanic),8.0
47,Tennessee,47119,Maury,2015,2019,Asian/Pacific Islander (includes Hispanic),
47,Tennessee,47119,Maury,2015,2019,Black (includes Hispanic),
47,Tennessee,47119,Maury,2015,2019,Hispanic (all races),
47,Tennessee,47119,Maury,2015,2019,American Indian/Alaskan Native (includes Hispanic),
47,Tennessee,47119,Maury,2015,2019,White (includes Hispanic),7.9
47,Tennessee,47119,Maury,2016,2020,Asian/Pacific Islander (includes Hispanic),
47,Tennessee,47119,Maury,2016,2020,Black (includes Hispanic),
47,Tennessee,47119,Maury,2016,2020,Hispanic (all races),
47,Tennessee,47119,Maury,2016,2020,American Indian/Alaskan Native (includes Hispanic),
47,Tennessee,47119,Maury,2016,2020,White (includes Hispanic),7.5
47,Tennessee,47107,McMinn,2011,2015,Asian/Pacific Islander (includes Hispanic),
47,Tennessee,47107,McMinn,2011,2015,Black (includes Hispanic),
47,Tennessee,47107,McMinn,2011,2015,Hispanic (all races),
47,Tennessee,47107,McMinn,2011,2015,American Indian/Alaskan Native (includes Hispanic),
47,Tennessee,47107,McMinn,2011,2015,White (includes Hispanic),7.9
47,Tennessee,47107,McMinn,2012,2016,Asian/Pacific Islander (includes Hispanic),
47,Tennessee,47107,McMinn,2012,2016,Black (includes Hispanic),
47,Tennessee,47107,McMinn,2012,2016,Hispanic (all races),
47,Tennessee,47107,McMinn,2012,2016,American Indian/Alaskan Native (includes Hispanic),
47,Tennessee,47107,McMinn,2012,2016,White (includes Hispanic),9.5
47,Tennessee,47107,McMinn,2013,2017,Asian/Pacific Islander (includes Hispanic),
47,Tennessee,47107,McMinn,2013,2017,Black (includes Hispanic),
47,Tennessee,47107,McMinn,2013,2017,Hispanic (all races),
47,Tennessee,47107,McMinn,2013,2017,American Indian/Alaskan Native (includes Hispanic),
47,Tennessee,47107,McMinn,2013,2017,White (includes Hispanic),9.2
47,Tennessee,47107,McMinn,2014,2018,Asian/Pacific Islander (includes Hispanic),
47,Tennessee,47107,McMinn,2014,2018,Black (includes Hispanic),
47,Tennessee,47107,McMinn,2014,2018,Hispanic (all races),
47,Tennessee,47107,McMinn,2014,2018,American Indian/Alaskan Native (includes Hispanic),
47,Tennessee,47107,McMinn,2014,2018,White (includes Hispanic),9.2
47,Tennessee,47107,McMinn,2015,2019,Asian/Pacific Islander (includes Hispanic),
47,Tennessee,47107,McMinn,2015,2019,Black (includes Hispanic),
47,Tennessee,47107,McMinn,2015,2019,Hispanic (all races),
47,Tennessee,47107,McMinn,2015,2019,American Indian/Alaskan Native (includes Hispanic),
47,Tennessee,47107,McMinn,2015,2019,White (includes Hispanic),8.2
47,Tennessee,47107,McMinn,2016,2020,Asian/Pacific Islander (includes Hispanic),
47,Tennessee,47107,McMinn,2016,2020,Black (includes Hispanic),
47,Tennessee,47107,McMinn,2016,2020,Hispanic (all races),
47,Tennessee,47107,McMinn,2016,2020,American Indian/Alaskan Native (includes Hispanic),
47,Tennessee,47107,McMinn,2016,2020,White (includes Hispanic),7.8
47,Tennessee,47109,McNairy,2011,2015,Asian/Pacific Islander (includes Hispanic),
47,Tennessee,47109,McNairy,2011,2015,Black (includes Hispanic),
47,Tennessee,47109,McNairy,2011,2015,Hispanic (all races),
47,Tennessee,47109,McNairy,2011,2015,American Indian/Alaskan Native (includes Hispanic),
47,Tennessee,47109,McNairy,2011,2015,White (includes Hispanic),13.4
47,Tennessee,47109,McNairy,2012,2016,Asian/Pacific Islander (includes Hispanic),
47,Tennessee,47109,McNairy,2012,2016,Black (includes Hispanic),
47,Tennessee,47109,McNairy,2012,2016,Hispanic (all races),
47,Tennessee,47109,McNairy,2012,2016,American Indian/Alaskan Native (includes Hispanic),
47,Tennessee,47109,McNairy,2012,2016,White (includes Hispanic),11.7
47,Tennessee,47109,McNairy,2013,2017,Asian/Pacific Islander (includes Hispanic),
47,Tennessee,47109,McNairy,2013,2017,Black (includes Hispanic),
47,Tennessee,47109,McNairy,2013,2017,Hispanic (all races),
47,Tennessee,47109,McNairy,2013,2017,American Indian/Alaskan Native (includes Hispanic),
47,Tennessee,47109,McNairy,2013,2017,White (includes Hispanic),11.8
47,Tennessee,47109,McNairy,2014,2018,Asian/Pacific Islander (includes Hispanic),
47,Tennessee,47109,McNairy,2014,2018,Black (includes Hispanic),
47,Tennessee,47109,McNairy,2014,2018,Hispanic (all races),
47,Tennessee,47109,McNairy,2014,2018,American Indian/Alaskan Native (includes Hispanic),
47,Tennessee,47109,McNairy,2014,2018,White (includes Hispanic),10.5
47,Tennessee,47109,McNairy,2015,2019,Asian/Pacific Islander (includes Hispanic),
47,Tennessee,47109,McNairy,2015,2019,Black (includes Hispanic),
47,Tennessee,47109,McNairy,2015,2019,Hispanic (all races),
47,Tennessee,47109,McNairy,2015,2019,American Indian/Alaskan Native (includes Hispanic),
47,Tennessee,47109,McNairy,2015,2019,White (includes Hispanic),11.7
47,Tennessee,47109,McNairy,2016,2020,Asian/Pacific Islander (includes Hispanic),
47,Tennessee,47109,McNairy,2016,2020,Black (includes Hispanic),
47,Tennessee,47109,McNairy,2016,2020,Hispanic (all races),
47,Tennessee,47109,McNairy,2016,2020,American Indian/Alaskan Native (includes Hispanic),
47,Tennessee,47109,McNairy,2016,2020,White (includes Hispanic),11.1
47,Tennessee,47121,Meigs,2011,2015,Asian/Pacific Islander (includes Hispanic),
47,Tennessee,47121,Meigs,2011,2015,Black (includes Hispanic),10.3
47,Tennessee,47121,Meigs,2011,2015,Hispanic (all races),
47,Tennessee,47121,Meigs,2011,2015,American Indian/Alaskan Native (includes Hispanic),
47,Tennessee,47121,Meigs,2011,2015,White (includes Hispanic),6.9
47,Tennessee,47121,Meigs,2012,2016,Asian/Pacific Islander (includes Hispanic),
47,Tennessee,47121,Meigs,2012,2016,Black (includes Hispanic),9.5
47,Tennessee,47121,Meigs,2012,2016,Hispanic (all races),
47,Tennessee,47121,Meigs,2012,2016,American Indian/Alaskan Native (includes Hispanic),
47,Tennessee,47121,Meigs,2012,2016,White (includes Hispanic),7.8
47,Tennessee,47121,Meigs,2013,2017,Asian/Pacific Islander (includes Hispanic),
47,Tennessee,47121,Meigs,2013,2017,Black (includes Hispanic),
47,Tennessee,47121,Meigs,2013,2017,Hispanic (all races),
47,Tennessee,47121,Meigs,2013,2017,American Indian/Alaskan Native (includes Hispanic),
47,Tennessee,47121,Meigs,2013,2017,White (includes Hispanic),7.4
47,Tennessee,47121,Meigs,2014,2018,Asian/Pacific Islander (includes Hispanic),
47,Tennessee,47121,Meigs,2014,2018,Black (includes Hispanic),
47,Tennessee,47121,Meigs,2014,2018,Hispanic (all races),
47,Tennessee,47121,Meigs,2014,2018,American Indian/Alaskan Native (includes Hispanic),
47,Tennessee,47121,Meigs,2014,2018,White (includes Hispanic),7.6
47,Tennessee,47121,Meigs,2015,2019,Asian/Pacific Islander (includes Hispanic),
47,Tennessee,47121,Meigs,2015,2019,Black (includes Hispanic),
47,Tennessee,47121,Meigs,2015,2019,Hispanic (all races),
47,Tennessee,47121,Meigs,2015,2019,American Indian/Alaskan Native (includes Hispanic),
47,Tennessee,47121,Meigs,2015,2019,White (includes Hispanic),7.9
47,Tennessee,47121,Meigs,2016,2020,Asian/Pacific Islander (includes Hispanic),
47,Tennessee,47121,Meigs,2016,2020,Black (includes Hispanic),
47,Tennessee,47121,Meigs,2016,2020,Hispanic (all races),
47,Tennessee,47121,Meigs,2016,2020,American Indian/Alaskan Native (includes Hispanic),
47,Tennessee,47121,Meigs,2016,2020,White (includes Hispanic),8.1
47,Tennessee,47123,Monroe,2011,2015,Asian/Pacific Islander (includes Hispanic),
47,Tennessee,47123,Monroe,2011,2015,Black (includes Hispanic),
47,Tennessee,47123,Monroe,2011,2015,Hispanic (all races),
47,Tennessee,47123,Monroe,2011,2015,American Indian/Alaskan Native (includes Hispanic),
47,Tennessee,47123,Monroe,2011,2015,White (includes Hispanic),8.4
47,Tennessee,47123,Monroe,2012,2016,Asian/Pacific Islander (includes Hispanic),
47,Tennessee,47123,Monroe,2012,2016,Black (includes Hispanic),
47,Tennessee,47123,Monroe,2012,2016,Hispanic (all races),
47,Tennessee,47123,Monroe,2012,2016,American Indian/Alaskan Native (includes Hispanic),
47,Tennessee,47123,Monroe,2012,2016,White (includes Hispanic),9.3
47,Tennessee,47123,Monroe,2013,2017,Asian/Pacific Islander (includes Hispanic),
47,Tennessee,47123,Monroe,2013,2017,Black (includes Hispanic),
47,Tennessee,47123,Monroe,2013,2017,Hispanic (all races),
47,Tennessee,47123,Monroe,2013,2017,American Indian/Alaskan Native (includes Hispanic),
47,Tennessee,47123,Monroe,2013,2017,White (includes Hispanic),9.2
47,Tennessee,47123,Monroe,2014,2018,Asian/Pacific Islander (includes Hispanic),
47,Tennessee,47123,Monroe,2014,2018,Black (includes Hispanic),
47,Tennessee,47123,Monroe,2014,2018,Hispanic (all races),
47,Tennessee,47123,Monroe,2014,2018,American Indian/Alaskan Native (includes Hispanic),
47,Tennessee,47123,Monroe,2014,2018,White (includes Hispanic),9.7
47,Tennessee,47123,Monroe,2015,2019,Asian/Pacific Islander (includes Hispanic),
47,Tennessee,47123,Monroe,2015,2019,Black (includes Hispanic),
47,Tennessee,47123,Monroe,2015,2019,Hispanic (all races),
47,Tennessee,47123,Monroe,2015,2019,American Indian/Alaskan Native (includes Hispanic),
47,Tennessee,47123,Monroe,2015,2019,White (includes Hispanic),8.9
47,Tennessee,47123,Monroe,2016,2020,Asian/Pacific Islander (includes Hispanic),
47,Tennessee,47123,Monroe,2016,2020,Black (includes Hispanic),
47,Tennessee,47123,Monroe,2016,2020,Hispanic (all races),
47,Tennessee,47123,Monroe,2016,2020,American Indian/Alaskan Native (includes Hispanic),
47,Tennessee,47123,Monroe,2016,2020,White (includes Hispanic),8.4
47,Tennessee,47125,Montgomery,2011,2015,Asian/Pacific Islander (includes Hispanic),
47,Tennessee,47125,Montgomery,2011,2015,Black (includes Hispanic),
47,Tennessee,47125,Montgomery,2011,2015,Hispanic (all races),
47,Tennessee,47125,Montgomery,2011,2015,American Indian/Alaskan Native (includes Hispanic),
47,Tennessee,47125,Montgomery,2011,2015,White (includes Hispanic),9.8
47,Tennessee,47125,Montgomery,2012,2016,Asian/Pacific Islander (includes Hispanic),
47,Tennessee,47125,Montgomery,2012,2016,Black (includes Hispanic),
47,Tennessee,47125,Montgomery,2012,2016,Hispanic (all races),
47,Tennessee,47125,Montgomery,2012,2016,American Indian/Alaskan Native (includes Hispanic),
47,Tennessee,47125,Montgomery,2012,2016,White (includes Hispanic),9.1
47,Tennessee,47125,Montgomery,2013,2017,Asian/Pacific Islander (includes Hispanic),
47,Tennessee,47125,Montgomery,2013,2017,Black (includes Hispanic),
47,Tennessee,47125,Montgomery,2013,2017,Hispanic (all races),
47,Tennessee,47125,Montgomery,2013,2017,American Indian/Alaskan Native (includes Hispanic),
47,Tennessee,47125,Montgomery,2013,2017,White (includes Hispanic),9.4
47,Tennessee,47125,Montgomery,2014,2018,Asian/Pacific Islander (includes Hispanic),
47,Tennessee,47125,Montgomery,2014,2018,Black (includes Hispanic),
47,Tennessee,47125,Montgomery,2014,2018,Hispanic (all races),
47,Tennessee,47125,Montgomery,2014,2018,American Indian/Alaskan Native (includes Hispanic),
47,Tennessee,47125,Montgomery,2014,2018,White (includes Hispanic),8.9
47,Tennessee,47125,Montgomery,2015,2019,Asian/Pacific Islander (includes Hispanic),
47,Tennessee,47125,Montgomery,2015,2019,Black (includes Hispanic),
47,Tennessee,47125,Montgomery,2015,2019,Hispanic (all races),
47,Tennessee,47125,Montgomery,2015,2019,American Indian/Alaskan Native (includes Hispanic),
47,Tennessee,47125,Montgomery,2015,2019,White (includes Hispanic),8.4
47,Tennessee,47125,Montgomery,2016,2020,Asian/Pacific Islander (includes Hispanic),
47,Tennessee,47125,Montgomery,2016,2020,Black (includes Hispanic),
47,Tennessee,47125,Montgomery,2016,2020,Hispanic (all races),
47,Tennessee,47125,Montgomery,2016,2020,American Indian/Alaskan Native (includes Hispanic),
47,Tennessee,47125,Montgomery,2016,2020,White (includes Hispanic),9.2
47,Tennessee,47127,Moore,2011,2015,Asian/Pacific Islander (includes Hispanic),
47,Tennessee,47127,Moore,2011,2015,Black (includes Hispanic),
47,Tennessee,47127,Moore,2011,2015,Hispanic (all races),
47,Tennessee,47127,Moore,2011,2015,American Indian/Alaskan Native (includes Hispanic),
47,Tennessee,47127,Moore,2011,2015,White (includes Hispanic),8.8
47,Tennessee,47127,Moore,2012,2016,Asian/Pacific Islander (includes Hispanic),
47,Tennessee,47127,Moore,2012,2016,Black (includes Hispanic),
47,Tennessee,47127,Moore,2012,2016,Hispanic (all races),
47,Tennessee,47127,Moore,2012,2016,American Indian/Alaskan Native (includes Hispanic),
47,Tennessee,47127,Moore,2012,2016,White (includes Hispanic),10.5
47,Tennessee,47127,Moore,2013,2017,Asian/Pacific Islander (includes Hispanic),
47,Tennessee,47127,Moore,2013,2017,Black (includes Hispanic),
47,Tennessee,47127,Moore,2013,2017,Hispanic (all races),
47,Tennessee,47127,Moore,2013,2017,American Indian/Alaskan Native (includes Hispanic),
47,Tennessee,47127,Moore,2013,2017,White (includes Hispanic),10.3
47,Tennessee,47127,Moore,2014,2018,Asian/Pacific Islander (includes Hispanic),
47,Tennessee,47127,Moore,2014,2018,Black (includes Hispanic),
47,Tennessee,47127,Moore,2014,2018,Hispanic (all races),
47,Tennessee,47127,Moore,2014,2018,American Indian/Alaskan Native (includes Hispanic),
47,Tennessee,47127,Moore,2014,2018,White (includes Hispanic),10.8
47,Tennessee,47127,Moore,2015,2019,Asian/Pacific Islander (includes Hispanic),
47,Tennessee,47127,Moore,2015,2019,Black (includes Hispanic),
47,Tennessee,47127,Moore,2015,2019,Hispanic (all races),
47,Tennessee,47127,Moore,2015,2019,American Indian/Alaskan Native (includes Hispanic),
47,Tennessee,47127,Moore,2015,2019,White (includes Hispanic),9.7
47,Tennessee,47127,Moore,2016,2020,Asian/Pacific Islander (includes Hispanic),
47,Tennessee,47127,Moore,2016,2020,Black (includes Hispanic),
47,Tennessee,47127,Moore,2016,2020,Hispanic (all races),
47,Tennessee,47127,Moore,2016,2020,American Indian/Alaskan Native (includes Hispanic),
47,Tennessee,47127,Moore,2016,2020,White (includes Hispanic),9.3
47,Tennessee,47129,Morgan,2011,2015,Asian/Pacific Islander (includes Hispanic),
47,Tennessee,47129,Morgan,2011,2015,Black (includes Hispanic),
47,Tennessee,47129,Morgan,2011,2015,Hispanic (all races),
47,Tennessee,47129,Morgan,2011,2015,American Indian/Alaskan Native (includes Hispanic),
47,Tennessee,47129,Morgan,2011,2015,White (includes Hispanic),8.3
47,Tennessee,47129,Morgan,2012,2016,Asian/Pacific Islander (includes Hispanic),
47,Tennessee,47129,Morgan,2012,2016,Black (includes Hispanic),
47,Tennessee,47129,Morgan,2012,2016,Hispanic (all races),
47,Tennessee,47129,Morgan,2012,2016,American Indian/Alaskan Native (includes Hispanic),
47,Tennessee,47129,Morgan,2012,2016,White (includes Hispanic),8.8
47,Tennessee,47129,Morgan,2013,2017,Asian/Pacific Islander (includes Hispanic),
47,Tennessee,47129,Morgan,2013,2017,Black (includes Hispanic),
47,Tennessee,47129,Morgan,2013,2017,Hispanic (all races),
47,Tennessee,47129,Morgan,2013,2017,American Indian/Alaskan Native (includes Hispanic),
47,Tennessee,47129,Morgan,2013,2017,White (includes Hispanic),9.1
47,Tennessee,47129,Morgan,2014,2018,Asian/Pacific Islander (includes Hispanic),
47,Tennessee,47129,Morgan,2014,2018,Black (includes Hispanic),
47,Tennessee,47129,Morgan,2014,2018,Hispanic (all races),
47,Tennessee,47129,Morgan,2014,2018,American Indian/Alaskan Native (includes Hispanic),
47,Tennessee,47129,Morgan,2014,2018,White (includes Hispanic),8.9
47,Tennessee,47129,Morgan,2015,2019,Asian/Pacific Islander (includes Hispanic),
47,Tennessee,47129,Morgan,2015,2019,Black (includes Hispanic),
47,Tennessee,47129,Morgan,2015,2019,Hispanic (all races),
47,Tennessee,47129,Morgan,2015,2019,American Indian/Alaskan Native (includes Hispanic),
47,Tennessee,47129,Morgan,2015,2019,White (includes Hispanic),8.5
47,Tennessee,47129,Morgan,2016,2020,Asian/Pacific Islander (includes Hispanic),
47,Tennessee,47129,Morgan,2016,2020,Black (includes Hispanic),
47,Tennessee,47129,Morgan,2016,2020,Hispanic (all races),
47,Tennessee,47129,Morgan,2016,2020,American Indian/Alaskan Native (includes Hispanic),
47,Tennessee,47129,Morgan,2016,2020,White (includes Hispanic),9.6
47,Tennessee,47131,Obion,2011,2015,Asian/Pacific Islander (includes Hispanic),
47,Tennessee,47131,Obion,2011,2015,Black (includes Hispanic),
47,Tennessee,47131,Obion,2011,2015,Hispanic (all races),
47,Tennessee,47131,Obion,2011,2015,American Indian/Alaskan Native (includes Hispanic),
47,Tennessee,47131,Obion,2011,2015,White (includes Hispanic),9.0
47,Tennessee,47131,Obion,2012,2016,Asian/Pacific Islander (includes Hispanic),
47,Tennessee,47131,Obion,2012,2016,Black (includes Hispanic),
47,Tennessee,47131,Obion,2012,2016,Hispanic (all races),
47,Tennessee,47131,Obion,2012,2016,American Indian/Alaskan Native (includes Hispanic),
47,Tennessee,47131,Obion,2012,2016,White (includes Hispanic),9.5
47,Tennessee,47131,Obion,2013,2017,Asian/Pacific Islander (includes Hispanic),
47,Tennessee,47131,Obion,2013,2017,Black (includes Hispanic),
47,Tennessee,47131,Obion,2013,2017,Hispanic (all races),
47,Tennessee,47131,Obion,2013,2017,American Indian/Alaskan Native (includes Hispanic),
47,Tennessee,47131,Obion,2013,2017,White (includes Hispanic),9.9
47,Tennessee,47131,Obion,2014,2018,Asian/Pacific Islander (includes Hispanic),
47,Tennessee,47131,Obion,2014,2018,Black (includes Hispanic),
47,Tennessee,47131,Obion,2014,2018,Hispanic (all races),
47,Tennessee,47131,Obion,2014,2018,American Indian/Alaskan Native (includes Hispanic),
47,Tennessee,47131,Obion,2014,2018,White (includes Hispanic),8.5
47,Tennessee,47131,Obion,2015,2019,Asian/Pacific Islander (includes Hispanic),
47,Tennessee,47131,Obion,2015,2019,Black (includes Hispanic),
47,Tennessee,47131,Obion,2015,2019,Hispanic (all races),
47,Tennessee,47131,Obion,2015,2019,American Indian/Alaskan Native (includes Hispanic),
47,Tennessee,47131,Obion,2015,2019,White (includes Hispanic),9.3
47,Tennessee,47131,Obion,2016,2020,Asian/Pacific Islander (includes Hispanic),
47,Tennessee,47131,Obion,2016,2020,Black (includes Hispanic),
47,Tennessee,47131,Obion,2016,2020,Hispanic (all races),
47,Tennessee,47131,Obion,2016,2020,American Indian/Alaskan Native (includes Hispanic),
47,Tennessee,47131,Obion,2016,2020,White (includes Hispanic),8.9
47,Tennessee,47133,Overton,2011,2015,Asian/Pacific Islander (includes Hispanic),
47,Tennessee,47133,Overton,2011,2015,Black (includes Hispanic),
47,Tennessee,47133,Overton,2011,2015,Hispanic (all races),
47,Tennessee,47133,Overton,2011,2015,American Indian/Alaskan Native (includes Hispanic),
47,Tennessee,47133,Overton,2011,2015,White (includes Hispanic),11.0
47,Tennessee,47133,Overton,2012,2016,Asian/Pacific Islander (includes Hispanic),
47,Tennessee,47133,Overton,2012,2016,Black (includes Hispanic),
47,Tennessee,47133,Overton,2012,2016,Hispanic (all races),
47,Tennessee,47133,Overton,2012,2016,American Indian/Alaskan Native (includes Hispanic),
47,Tennessee,47133,Overton,2012,2016,White (includes Hispanic),11.0
47,Tennessee,47133,Overton,2013,2017,Asian/Pacific Islander (includes Hispanic),
47,Tennessee,47133,Overton,2013,2017,Black (includes Hispanic),
47,Tennessee,47133,Overton,2013,2017,Hispanic (all races),
47,Tennessee,47133,Overton,2013,2017,American Indian/Alaskan Native (includes Hispanic),
47,Tennessee,47133,Overton,2013,2017,White (includes Hispanic),9.1
47,Tennessee,47133,Overton,2014,2018,Asian/Pacific Islander (includes Hispanic),
47,Tennessee,47133,Overton,2014,2018,Black (includes Hispanic),
47,Tennessee,47133,Overton,2014,2018,Hispanic (all races),
47,Tennessee,47133,Overton,2014,2018,American Indian/Alaskan Native (includes Hispanic),
47,Tennessee,47133,Overton,2014,2018,White (includes Hispanic),6.3
47,Tennessee,47133,Overton,2015,2019,Asian/Pacific Islander (includes Hispanic),
47,Tennessee,47133,Overton,2015,2019,Black (includes Hispanic),
47,Tennessee,47133,Overton,2015,2019,Hispanic (all races),
47,Tennessee,47133,Overton,2015,2019,American Indian/Alaskan Native (includes Hispanic),
47,Tennessee,47133,Overton,2015,2019,White (includes Hispanic),4.7
47,Tennessee,47133,Overton,2016,2020,Asian/Pacific Islander (includes Hispanic),
47,Tennessee,47133,Overton,2016,2020,Black (includes Hispanic),
47,Tennessee,47133,Overton,2016,2020,Hispanic (all races),
47,Tennessee,47133,Overton,2016,2020,American Indian/Alaskan Native (includes Hispanic),
47,Tennessee,47133,Overton,2016,2020,White (includes Hispanic),5.0
47,Tennessee,47135,Perry,2011,2015,Asian/Pacific Islander (includes Hispanic),
47,Tennessee,47135,Perry,2011,2015,Black (includes Hispanic),
47,Tennessee,47135,Perry,2011,2015,Hispanic (all races),
47,Tennessee,47135,Perry,2011,2015,American Indian/Alaskan Native (includes Hispanic),
47,Tennessee,47135,Perry,2011,2015,White (includes Hispanic),10.8
47,Tennessee,47135,Perry,2012,2016,Asian/Pacific Islander (includes Hispanic),
47,Tennessee,47135,Perry,2012,2016,Black (includes Hispanic),
47,Tennessee,47135,Perry,2012,2016,Hispanic (all races),
47,Tennessee,47135,Perry,2012,2016,American Indian/Alaskan Native (includes Hispanic),
47,Tennessee,47135,Perry,2012,2016,White (includes Hispanic),12.4
47,Tennessee,47135,Perry,2013,2017,Asian/Pacific Islander (includes Hispanic),
47,Tennessee,47135,Perry,2013,2017,Black (includes Hispanic),
47,Tennessee,47135,Perry,2013,2017,Hispanic (all races),
47,Tennessee,47135,Perry,2013,2017,American Indian/Alaskan Native (includes Hispanic),
47,Tennessee,47135,Perry,2013,2017,White (includes Hispanic),11.4
47,Tennessee,47135,Perry,2014,2018,Asian/Pacific Islander (includes Hispanic),
47,Tennessee,47135,Perry,2014,2018,Black (includes Hispanic),
47,Tennessee,47135,Perry,2014,2018,Hispanic (all races),
47,Tennessee,47135,Perry,2014,2018,American Indian/Alaskan Native (includes Hispanic),
47,Tennessee,47135,Perry,2014,2018,White (includes Hispanic),13.6
47,Tennessee,47135,Perry,2015,2019,Asian/Pacific Islander (includes Hispanic),
47,Tennessee,47135,Perry,2015,2019,Black (includes Hispanic),
47,Tennessee,47135,Perry,2015,2019,Hispanic (all races),
47,Tennessee,47135,Perry,2015,2019,American Indian/Alaskan Native (includes Hispanic),
47,Tennessee,47135,Perry,2015,2019,White (includes Hispanic),14.3
47,Tennessee,47135,Perry,2016,2020,Asian/Pacific Islander (includes Hispanic),
47,Tennessee,47135,Perry,2016,2020,Black (includes Hispanic),
47,Tennessee,47135,Perry,2016,2020,Hispanic (all races),
47,Tennessee,47135,Perry,2016,2020,American Indian/Alaskan Native (includes Hispanic),
47,Tennessee,47135,Perry,2016,2020,White (includes Hispanic),15.6
47,Tennessee,47137,Pickett,2011,2015,Asian/Pacific Islander (includes Hispanic),
47,Tennessee,47137,Pickett,2011,2015,Black (includes Hispanic),
47,Tennessee,47137,Pickett,2011,2015,Hispanic (all races),
47,Tennessee,47137,Pickett,2011,2015,American Indian/Alaskan Native (includes Hispanic),
47,Tennessee,47137,Pickett,2011,2015,White (includes Hispanic),10.6
47,Tennessee,47137,Pickett,2012,2016,Asian/Pacific Islander (includes Hispanic),
47,Tennessee,47137,Pickett,2012,2016,Black (includes Hispanic),
47,Tennessee,47137,Pickett,2012,2016,Hispanic (all races),
47,Tennessee,47137,Pickett,2012,2016,American Indian/Alaskan Native (includes Hispanic),
47,Tennessee,47137,Pickett,2012,2016,White (includes Hispanic),11.0
47,Tennessee,47137,Pickett,2013,2017,Asian/Pacific Islander (includes Hispanic),
47,Tennessee,47137,Pickett,2013,2017,Black (includes Hispanic),
47,Tennessee,47137,Pickett,2013,2017,Hispanic (all races),
47,Tennessee,47137,Pickett,2013,2017,American Indian/Alaskan Native (includes Hispanic),
47,Tennessee,47137,Pickett,2013,2017,White (includes Hispanic),9.5
47,Tennessee,47137,Pickett,2014,2018,Asian/Pacific Islander (includes Hispanic),
47,Tennessee,47137,Pickett,2014,2018,Black (includes Hispanic),
47,Tennessee,47137,Pickett,2014,2018,Hispanic (all races),
47,Tennessee,47137,Pickett,2014,2018,American Indian/Alaskan Native (includes Hispanic),
47,Tennessee,47137,Pickett,2014,2018,White (includes Hispanic),7.2
47,Tennessee,47137,Pickett,2015,2019,Asian/Pacific Islander (includes Hispanic),
47,Tennessee,47137,Pickett,2015,2019,Black (includes Hispanic),
47,Tennessee,47137,Pickett,2015,2019,Hispanic (all races),
47,Tennessee,47137,Pickett,2015,2019,American Indian/Alaskan Native (includes Hispanic),
47,Tennessee,47137,Pickett,2015,2019,White (includes Hispanic),7.7
47,Tennessee,47137,Pickett,2016,2020,Asian/Pacific Islander (includes Hispanic),
47,Tennessee,47137,Pickett,2016,2020,Black (includes Hispanic),
47,Tennessee,47137,Pickett,2016,2020,Hispanic (all races),
47,Tennessee,47137,Pickett,2016,2020,American Indian/Alaskan Native (includes Hispanic),
47,Tennessee,47137,Pickett,2016,2020,White (includes Hispanic),7.7
47,Tennessee,47139,Polk,2011,2015,Asian/Pacific Islander (includes Hispanic),
47,Tennessee,47139,Polk,2011,2015,Black (includes Hispanic),
47,Tennessee,47139,Polk,2011,2015,Hispanic (all races),
47,Tennessee,47139,Polk,2011,2015,American Indian/Alaskan Native (includes Hispanic),
47,Tennessee,47139,Polk,2011,2015,White (includes Hispanic),9.2
47,Tennessee,47139,Polk,2012,2016,Asian/Pacific Islander (includes Hispanic),
47,Tennessee,47139,Polk,2012,2016,Black (includes Hispanic),
47,Tennessee,47139,Polk,2012,2016,Hispanic (all races),
47,Tennessee,47139,Polk,2012,2016,American Indian/Alaskan Native (includes Hispanic),
47,Tennessee,47139,Polk,2012,2016,White (includes Hispanic),10.0
47,Tennessee,47139,Polk,2013,2017,Asian/Pacific Islander (includes Hispanic),
47,Tennessee,47139,Polk,2013,2017,Black (includes Hispanic),
47,Tennessee,47139,Polk,2013,2017,Hispanic (all races),
47,Tennessee,47139,Polk,2013,2017,American Indian/Alaskan Native (includes Hispanic),
47,Tennessee,47139,Polk,2013,2017,White (includes Hispanic),9.5
47,Tennessee,47139,Polk,2014,2018,Asian/Pacific Islander (includes Hispanic),
47,Tennessee,47139,Polk,2014,2018,Black (includes Hispanic),
47,Tennessee,47139,Polk,2014,2018,Hispanic (all races),
47,Tennessee,47139,Polk,2014,2018,American Indian/Alaskan Native (includes Hispanic),
47,Tennessee,47139,Polk,2014,2018,White (includes Hispanic),10.1
47,Tennessee,47139,Polk,2015,2019,Asian/Pacific Islander (includes Hispanic),
47,Tennessee,47139,Polk,2015,2019,Black (includes Hispanic),
47,Tennessee,47139,Polk,2015,2019,Hispanic (all races),
47,Tennessee,47139,Polk,2015,2019,American Indian/Alaskan Native (includes Hispanic),
47,Tennessee,47139,Polk,2015,2019,White (includes Hispanic),8.3
47,Tennessee,47139,Polk,2016,2020,Asian/Pacific Islander (includes Hispanic),
47,Tennessee,47139,Polk,2016,2020,Black (includes Hispanic),
47,Tennessee,47139,Polk,2016,2020,Hispanic (all races),
47,Tennessee,47139,Polk,2016,2020,American Indian/Alaskan Native (includes Hispanic),
47,Tennessee,47139,Polk,2016,2020,White (includes Hispanic),8.1
47,Tennessee,47141,Putnam,2011,2015,Asian/Pacific Islander (includes Hispanic),
47,Tennessee,47141,Putnam,2011,2015,Black (includes Hispanic),
47,Tennessee,47141,Putnam,2011,2015,Hispanic (all races),
47,Tennessee,47141,Putnam,2011,2015,American Indian/Alaskan Native (includes Hispanic),
47,Tennessee,47141,Putnam,2011,2015,White (includes Hispanic),9.4
47,Tennessee,47141,Putnam,2012,2016,Asian/Pacific Islander (includes Hispanic),
47,Tennessee,47141,Putnam,2012,2016,Black (includes Hispanic),
47,Tennessee,47141,Putnam,2012,2016,Hispanic (all races),
47,Tennessee,47141,Putnam,2012,2016,American Indian/Alaskan Native (includes Hispanic),
47,Tennessee,47141,Putnam,2012,2016,White (includes Hispanic),9.1
47,Tennessee,47141,Putnam,2013,2017,Asian/Pacific Islander (includes Hispanic),
47,Tennessee,47141,Putnam,2013,2017,Black (includes Hispanic),
47,Tennessee,47141,Putnam,2013,2017,Hispanic (all races),
47,Tennessee,47141,Putnam,2013,2017,American Indian/Alaskan Native (includes Hispanic),
47,Tennessee,47141,Putnam,2013,2017,White (includes Hispanic),8.9
47,Tennessee,47141,Putnam,2014,2018,Asian/Pacific Islander (includes Hispanic),
47,Tennessee,47141,Putnam,2014,2018,Black (includes Hispanic),
47,Tennessee,47141,Putnam,2014,2018,Hispanic (all races),
47,Tennessee,47141,Putnam,2014,2018,American Indian/Alaskan Native (includes Hispanic),
47,Tennessee,47141,Putnam,2014,2018,White (includes Hispanic),7.3
47,Tennessee,47141,Putnam,2015,2019,Asian/Pacific Islander (includes Hispanic),
47,Tennessee,47141,Putnam,2015,2019,Black (includes Hispanic),
47,Tennessee,47141,Putnam,2015,2019,Hispanic (all races),
47,Tennessee,47141,Putnam,2015,2019,American Indian/Alaskan Native (includes Hispanic),
47,Tennessee,47141,Putnam,2015,2019,White (includes Hispanic),6.4
47,Tennessee,47141,Putnam,2016,2020,Asian/Pacific Islander (includes Hispanic),
47,Tennessee,47141,Putnam,2016,2020,Black (includes Hispanic),
47,Tennessee,47141,Putnam,2016,2020,Hispanic (all races),
47,Tennessee,47141,Putnam,2016,2020,American Indian/Alaskan Native (includes Hispanic),
47,Tennessee,47141,Putnam,2016,2020,White (includes Hispanic),7.5
47,Tennessee,47143,Rhea,2011,2015,Asian/Pacific Islander (includes Hispanic),
47,Tennessee,47143,Rhea,2011,2015,Black (includes Hispanic),8.8
47,Tennessee,47143,Rhea,2011,2015,Hispanic (all races),
47,Tennessee,47143,Rhea,2011,2015,American Indian/Alaskan Native (includes Hispanic),
47,Tennessee,47143,Rhea,2011,2015,White (includes Hispanic),7.2
47,Tennessee,47143,Rhea,2012,2016,Asian/Pacific Islander (includes Hispanic),
47,Tennessee,47143,Rhea,2012,2016,Black (includes Hispanic),
47,Tennessee,47143,Rhea,2012,2016,Hispanic (all races),
47,Tennessee,47143,Rhea,2012,2016,American Indian/Alaskan Native (includes Hispanic),
47,Tennessee,47143,Rhea,2012,2016,White (includes Hispanic),7.2
47,Tennessee,47143,Rhea,2013,2017,Asian/Pacific Islander (includes Hispanic),
47,Tennessee,47143,Rhea,2013,2017,Black (includes Hispanic),
47,Tennessee,47143,Rhea,2013,2017,Hispanic (all races),
47,Tennessee,47143,Rhea,2013,2017,American Indian/Alaskan Native (includes Hispanic),
47,Tennessee,47143,Rhea,2013,2017,White (includes Hispanic),7.1
47,Tennessee,47143,Rhea,2014,2018,Asian/Pacific Islander (includes Hispanic),
47,Tennessee,47143,Rhea,2014,2018,Black (includes Hispanic),
47,Tennessee,47143,Rhea,2014,2018,Hispanic (all races),
47,Tennessee,47143,Rhea,2014,2018,American Indian/Alaskan Native (includes Hispanic),
47,Tennessee,47143,Rhea,2014,2018,White (includes Hispanic),7.1
47,Tennessee,47143,Rhea,2015,2019,Asian/Pacific Islander (includes Hispanic),
47,Tennessee,47143,Rhea,2015,2019,Black (includes Hispanic),
47,Tennessee,47143,Rhea,2015,2019,Hispanic (all races),
47,Tennessee,47143,Rhea,2015,2019,American Indian/Alaskan Native (includes Hispanic),
47,Tennessee,47143,Rhea,2015,2019,White (includes Hispanic),7.3
47,Tennessee,47143,Rhea,2016,2020,Asian/Pacific Islander (includes Hispanic),
47,Tennessee,47143,Rhea,2016,2020,Black (includes Hispanic),
47,Tennessee,47143,Rhea,2016,2020,Hispanic (all races),
47,Tennessee,47143,Rhea,2016,2020,American Indian/Alaskan Native (includes Hispanic),
47,Tennessee,47143,Rhea,2016,2020,White (includes Hispanic),8.7
47,Tennessee,47145,Roane,2011,2015,Asian/Pacific Islander (includes Hispanic),
47,Tennessee,47145,Roane,2011,2015,Black (includes Hispanic),
47,Tennessee,47145,Roane,2011,2015,Hispanic (all races),
47,Tennessee,47145,Roane,2011,2015,American Indian/Alaskan Native (includes Hispanic),
47,Tennessee,47145,Roane,2011,2015,White (includes Hispanic),7.2
47,Tennessee,47145,Roane,2012,2016,Asian/Pacific Islander (includes Hispanic),
47,Tennessee,47145,Roane,2012,2016,Black (includes Hispanic),
47,Tennessee,47145,Roane,2012,2016,Hispanic (all races),
47,Tennessee,47145,Roane,2012,2016,American Indian/Alaskan Native (includes Hispanic),
47,Tennessee,47145,Roane,2012,2016,White (includes Hispanic),7.9
47,Tennessee,47145,Roane,2013,2017,Asian/Pacific Islander (includes Hispanic),
47,Tennessee,47145,Roane,2013,2017,Black (includes Hispanic),
47,Tennessee,47145,Roane,2013,2017,Hispanic (all races),
47,Tennessee,47145,Roane,2013,2017,American Indian/Alaskan Native (includes Hispanic),
47,Tennessee,47145,Roane,2013,2017,White (includes Hispanic),8.3
47,Tennessee,47145,Roane,2014,2018,Asian/Pacific Islander (includes Hispanic),
47,Tennessee,47145,Roane,2014,2018,Black (includes Hispanic),
47,Tennessee,47145,Roane,2014,2018,Hispanic (all races),
47,Tennessee,47145,Roane,2014,2018,American Indian/Alaskan Native (includes Hispanic),
47,Tennessee,47145,Roane,2014,2018,White (includes Hispanic),7.8
47,Tennessee,47145,Roane,2015,2019,Asian/Pacific Islander (includes Hispanic),
47,Tennessee,47145,Roane,2015,2019,Black (includes Hispanic),
47,Tennessee,47145,Roane,2015,2019,Hispanic (all races),
47,Tennessee,47145,Roane,2015,2019,American Indian/Alaskan Native (includes Hispanic),
47,Tennessee,47145,Roane,2015,2019,White (includes Hispanic),8.0
47,Tennessee,47145,Roane,2016,2020,Asian/Pacific Islander (includes Hispanic),
47,Tennessee,47145,Roane,2016,2020,Black (includes Hispanic),
47,Tennessee,47145,Roane,2016,2020,Hispanic (all races),
47,Tennessee,47145,Roane,2016,2020,American Indian/Alaskan Native (includes Hispanic),
47,Tennessee,47145,Roane,2016,2020,White (includes Hispanic),7.9
47,Tennessee,47147,Robertson,2011,2015,Asian/Pacific Islander (includes Hispanic),
47,Tennessee,47147,Robertson,2011,2015,Black (includes Hispanic),6.4
47,Tennessee,47147,Robertson,2011,2015,Hispanic (all races),
47,Tennessee,47147,Robertson,2011,2015,American Indian/Alaskan Native (includes Hispanic),
47,Tennessee,47147,Robertson,2011,2015,White (includes Hispanic),8.2
47,Tennessee,47147,Robertson,2012,2016,Asian/Pacific Islander (includes Hispanic),
47,Tennessee,47147,Robertson,2012,2016,Black (includes Hispanic),7.5
47,Tennessee,47147,Robertson,2012,2016,Hispanic (all races),12.6
47,Tennessee,47147,Robertson,2012,2016,American Indian/Alaskan Native (includes Hispanic),
47,Tennessee,47147,Robertson,2012,2016,White (includes Hispanic),7.9
47,Tennessee,47147,Robertson,2013,2017,Asian/Pacific Islander (includes Hispanic),
47,Tennessee,47147,Robertson,2013,2017,Black (includes Hispanic),7.2
47,Tennessee,47147,Robertson,2013,2017,Hispanic (all races),
47,Tennessee,47147,Robertson,2013,2017,American Indian/Alaskan Native (includes Hispanic),
47,Tennessee,47147,Robertson,2013,2017,White (includes Hispanic),7.8
47,Tennessee,47147,Robertson,2014,2018,Asian/Pacific Islander (includes Hispanic),
47,Tennessee,47147,Robertson,2014,2018,Black (includes Hispanic),6.3
47,Tennessee,47147,Robertson,2014,2018,Hispanic (all races),14.1
47,Tennessee,47147,Robertson,2014,2018,American Indian/Alaskan Native (includes Hispanic),
47,Tennessee,47147,Robertson,2014,2018,White (includes Hispanic),7.5
47,Tennessee,47147,Robertson,2015,2019,Asian/Pacific Islander (includes Hispanic),
47,Tennessee,47147,Robertson,2015,2019,Black (includes Hispanic),7.2
47,Tennessee,47147,Robertson,2015,2019,Hispanic (all races),12.8
47,Tennessee,47147,Robertson,2015,2019,American Indian/Alaskan Native (includes Hispanic),
47,Tennessee,47147,Robertson,2015,2019,White (includes Hispanic),7.0
47,Tennessee,47147,Robertson,2016,2020,Asian/Pacific Islander (includes Hispanic),
47,Tennessee,47147,Robertson,2016,2020,Black (includes Hispanic),7.4
47,Tennessee,47147,Robertson,2016,2020,Hispanic (all races),13.7
47,Tennessee,47147,Robertson,2016,2020,American Indian/Alaskan Native (includes Hispanic),
47,Tennessee,47147,Robertson,2016,2020,White (includes Hispanic),7.3
47,Tennessee,47149,Rutherford,2011,2015,Asian/Pacific Islander (includes Hispanic),
47,Tennessee,47149,Rutherford,2011,2015,Black (includes Hispanic),5.8
47,Tennessee,47149,Rutherford,2011,2015,Hispanic (all races),13.1
47,Tennessee,47149,Rutherford,2011,2015,American Indian/Alaskan Native (includes Hispanic),
47,Tennessee,47149,Rutherford,2011,2015,White (includes Hispanic),7.7
47,Tennessee,47149,Rutherford,2012,2016,Asian/Pacific Islander (includes Hispanic),
47,Tennessee,47149,Rutherford,2012,2016,Black (includes Hispanic),6.8
47,Tennessee,47149,Rutherford,2012,2016,Hispanic (all races),14.6
47,Tennessee,47149,Rutherford,2012,2016,American Indian/Alaskan Native (includes Hispanic),
47,Tennessee,47149,Rutherford,2012,2016,White (includes Hispanic),7.8
47,Tennessee,47149,Rutherford,2013,2017,Asian/Pacific Islander (includes Hispanic),
47,Tennessee,47149,Rutherford,2013,2017,Black (includes Hispanic),7.4
47,Tennessee,47149,Rutherford,2013,2017,Hispanic (all races),11.2
47,Tennessee,47149,Rutherford,2013,2017,American Indian/Alaskan Native (includes Hispanic),
47,Tennessee,47149,Rutherford,2013,2017,White (includes Hispanic),7.5
47,Tennessee,47149,Rutherford,2014,2018,Asian/Pacific Islander (includes Hispanic),
47,Tennessee,47149,Rutherford,2014,2018,Black (includes Hispanic),7.0
47,Tennessee,47149,Rutherford,2014,2018,Hispanic (all races),12.1
47,Tennessee,47149,Rutherford,2014,2018,American Indian/Alaskan Native (includes Hispanic),
47,Tennessee,47149,Rutherford,2014,2018,White (includes Hispanic),7.7
47,Tennessee,47149,Rutherford,2015,2019,Asian/Pacific Islander (includes Hispanic),
47,Tennessee,47149,Rutherford,2015,2019,Black (includes Hispanic),7.2
47,Tennessee,47149,Rutherford,2015,2019,Hispanic (all races),10.0
47,Tennessee,47149,Rutherford,2015,2019,American Indian/Alaskan Native (includes Hispanic),
47,Tennessee,47149,Rutherford,2015,2019,White (includes Hispanic),6.9
47,Tennessee,47149,Rutherford,2016,2020,Asian/Pacific Islander (includes Hispanic),
47,Tennessee,47149,Rutherford,2016,2020,Black (includes Hispanic),6.4
47,Tennessee,47149,Rutherford,2016,2020,Hispanic (all races),11.3
47,Tennessee,47149,Rutherford,2016,2020,American Indian/Alaskan Native (includes Hispanic),
47,Tennessee,47149,Rutherford,2016,2020,White (includes Hispanic),6.4
47,Tennessee,47151,Scott,2011,2015,Asian/Pacific Islander (includes Hispanic),
47,Tennessee,47151,Scott,2011,2015,Black (includes Hispanic),
47,Tennessee,47151,Scott,2011,2015,Hispanic (all races),
47,Tennessee,47151,Scott,2011,2015,American Indian/Alaskan Native (includes Hispanic),
47,Tennessee,47151,Scott,2011,2015,White (includes Hispanic),10.8
47,Tennessee,47151,Scott,2012,2016,Asian/Pacific Islander (includes Hispanic),
47,Tennessee,47151,Scott,2012,2016,Black (includes Hispanic),
47,Tennessee,47151,Scott,2012,2016,Hispanic (all races),
47,Tennessee,47151,Scott,2012,2016,American Indian/Alaskan Native (includes Hispanic),
47,Tennessee,47151,Scott,2012,2016,White (includes Hispanic),11.0
47,Tennessee,47151,Scott,2013,2017,Asian/Pacific Islander (includes Hispanic),
47,Tennessee,47151,Scott,2013,2017,Black (includes Hispanic),
47,Tennessee,47151,Scott,2013,2017,Hispanic (all races),
47,Tennessee,47151,Scott,2013,2017,American Indian/Alaskan Native (includes Hispanic),
47,Tennessee,47151,Scott,2013,2017,White (includes Hispanic),10.3
47,Tennessee,47151,Scott,2014,2018,Asian/Pacific Islander (includes Hispanic),
47,Tennessee,47151,Scott,2014,2018,Black (includes Hispanic),
47,Tennessee,47151,Scott,2014,2018,Hispanic (all races),
47,Tennessee,47151,Scott,2014,2018,American Indian/Alaskan Native (includes Hispanic),
47,Tennessee,47151,Scott,2014,2018,White (includes Hispanic),9.9
47,Tennessee,47151,Scott,2015,2019,Asian/Pacific Islander (includes Hispanic),
47,Tennessee,47151,Scott,2015,2019,Black (includes Hispanic),
47,Tennessee,47151,Scott,2015,2019,Hispanic (all races),
47,Tennessee,47151,Scott,2015,2019,American Indian/Alaskan Native (includes Hispanic),
47,Tennessee,47151,Scott,2015,2019,White (includes Hispanic),9.3
47,Tennessee,47151,Scott,2016,2020,Asian/Pacific Islander (includes Hispanic),
47,Tennessee,47151,Scott,2016,2020,Black (includes Hispanic),
47,Tennessee,47151,Scott,2016,2020,Hispanic (all races),
47,Tennessee,47151,Scott,2016,2020,American Indian/Alaskan Native (includes Hispanic),
47,Tennessee,47151,Scott,2016,2020,White (includes Hispanic),8.7
47,Tennessee,47153,Sequatchie,2011,2015,Asian/Pacific Islander (includes Hispanic),
47,Tennessee,47153,Sequatchie,2011,2015,Black (includes Hispanic),9.4
47,Tennessee,47153,Sequatchie,2011,2015,Hispanic (all races),
47,Tennessee,47153,Sequatchie,2011,2015,American Indian/Alaskan Native (includes Hispanic),
47,Tennessee,47153,Sequatchie,2011,2015,White (includes Hispanic),7.8
47,Tennessee,47153,Sequatchie,2012,2016,Asian/Pacific Islander (includes Hispanic),
47,Tennessee,47153,Sequatchie,2012,2016,Black (includes Hispanic),
47,Tennessee,47153,Sequatchie,2012,2016,Hispanic (all races),
47,Tennessee,47153,Sequatchie,2012,2016,American Indian/Alaskan Native (includes Hispanic),
47,Tennessee,47153,Sequatchie,2012,2016,White (includes Hispanic),7.2
47,Tennessee,47153,Sequatchie,2013,2017,Asian/Pacific Islander (includes Hispanic),
47,Tennessee,47153,Sequatchie,2013,2017,Black (includes Hispanic),
47,Tennessee,47153,Sequatchie,2013,2017,Hispanic (all races),
47,Tennessee,47153,Sequatchie,2013,2017,American Indian/Alaskan Native (includes Hispanic),
47,Tennessee,47153,Sequatchie,2013,2017,White (includes Hispanic),6.8
47,Tennessee,47153,Sequatchie,2014,2018,Asian/Pacific Islander (includes Hispanic),
47,Tennessee,47153,Sequatchie,2014,2018,Black (includes Hispanic),
47,Tennessee,47153,Sequatchie,2014,2018,Hispanic (all races),
47,Tennessee,47153,Sequatchie,2014,2018,American Indian/Alaskan Native (includes Hispanic),
47,Tennessee,47153,Sequatchie,2014,2018,White (includes Hispanic),6.8
47,Tennessee,47153,Sequatchie,2015,2019,Asian/Pacific Islander (includes Hispanic),
47,Tennessee,47153,Sequatchie,2015,2019,Black (includes Hispanic),
47,Tennessee,47153,Sequatchie,2015,2019,Hispanic (all races),
47,Tennessee,47153,Sequatchie,2015,2019,American Indian/Alaskan Native (includes Hispanic),
47,Tennessee,47153,Sequatchie,2015,2019,White (includes Hispanic),7.0
47,Tennessee,47153,Sequatchie,2016,2020,Asian/Pacific Islander (includes Hispanic),
47,Tennessee,47153,Sequatchie,2016,2020,Black (includes Hispanic),
47,Tennessee,47153,Sequatchie,2016,2020,Hispanic (all races),
47,Tennessee,47153,Sequatchie,2016,2020,American Indian/Alaskan Native (includes Hispanic),
47,Tennessee,47153,Sequatchie,2016,2020,White (includes Hispanic),7.8
47,Tennessee,47155,Sevier,2011,2015,Asian/Pacific Islander (includes Hispanic),
47,Tennessee,47155,Sevier,2011,2015,Black (includes Hispanic),
47,Tennessee,47155,Sevier,2011,2015,Hispanic (all races),
47,Tennessee,47155,Sevier,2011,2015,American Indian/Alaskan Native (includes Hispanic),
47,Tennessee,47155,Sevier,2011,2015,White (includes Hispanic),7.7
47,Tennessee,47155,Sevier,2012,2016,Asian/Pacific Islander (includes Hispanic),
47,Tennessee,47155,Sevier,2012,2016,Black (includes Hispanic),
47,Tennessee,47155,Sevier,2012,2016,Hispanic (all races),
47,Tennessee,47155,Sevier,2012,2016,American Indian/Alaskan Native (includes Hispanic),
47,Tennessee,47155,Sevier,2012,2016,White (includes Hispanic),7.7
47,Tennessee,47155,Sevier,2013,2017,Asian/Pacific Islander (includes Hispanic),
47,Tennessee,47155,Sevier,2013,2017,Black (includes Hispanic),
47,Tennessee,47155,Sevier,2013,2017,Hispanic (all races),
47,Tennessee,47155,Sevier,2013,2017,American Indian/Alaskan Native (includes Hispanic),
47,Tennessee,47155,Sevier,2013,2017,White (includes Hispanic),8.2
47,Tennessee,47155,Sevier,2014,2018,Asian/Pacific Islander (includes Hispanic),
47,Tennessee,47155,Sevier,2014,2018,Black (includes Hispanic),
47,Tennessee,47155,Sevier,2014,2018,Hispanic (all races),
47,Tennessee,47155,Sevier,2014,2018,American Indian/Alaskan Native (includes Hispanic),
47,Tennessee,47155,Sevier,2014,2018,White (includes Hispanic),8.5
47,Tennessee,47155,Sevier,2015,2019,Asian/Pacific Islander (includes Hispanic),
47,Tennessee,47155,Sevier,2015,2019,Black (includes Hispanic),
47,Tennessee,47155,Sevier,2015,2019,Hispanic (all races),
47,Tennessee,47155,Sevier,2015,2019,American Indian/Alaskan Native (includes Hispanic),
47,Tennessee,47155,Sevier,2015,2019,White (includes Hispanic),8.6
47,Tennessee,47155,Sevier,2016,2020,Asian/Pacific Islander (includes Hispanic),
47,Tennessee,47155,Sevier,2016,2020,Black (includes Hispanic),
47,Tennessee,47155,Sevier,2016,2020,Hispanic (all races),
47,Tennessee,47155,Sevier,2016,2020,American Indian/Alaskan Native (includes Hispanic),
47,Tennessee,47155,Sevier,2016,2020,White (includes Hispanic),8.1
47,Tennessee,47157,Shelby,2011,2015,Asian/Pacific Islander (includes Hispanic),
47,Tennessee,47157,Shelby,2011,2015,Black (includes Hispanic),13.3
47,Tennessee,47157,Shelby,2011,2015,Hispanic (all races),
47,Tennessee,47157,Shelby,2011,2015,American Indian/Alaskan Native (includes Hispanic),
47,Tennessee,47157,Shelby,2011,2015,White (includes Hispanic),7.8
47,Tennessee,47157,Shelby,2012,2016,Asian/Pacific Islander (includes Hispanic),
47,Tennessee,47157,Shelby,2012,2016,Black (includes Hispanic),12.8
47,Tennessee,47157,Shelby,2012,2016,Hispanic (all races),
47,Tennessee,47157,Shelby,2012,2016,American Indian/Alaskan Native (includes Hispanic),
47,Tennessee,47157,Shelby,2012,2016,White (includes Hispanic),8.4
47,Tennessee,47157,Shelby,2013,2017,Asian/Pacific Islander (includes Hispanic),
47,Tennessee,47157,Shelby,2013,2017,Black (includes Hispanic),12.4
47,Tennessee,47157,Shelby,2013,2017,Hispanic (all races),
47,Tennessee,47157,Shelby,2013,2017,American Indian/Alaskan Native (includes Hispanic),
47,Tennessee,47157,Shelby,2013,2017,White (includes Hispanic),7.8
47,Tennessee,47157,Shelby,2014,2018,Asian/Pacific Islander (includes Hispanic),
47,Tennessee,47157,Shelby,2014,2018,Black (includes Hispanic),11.7
47,Tennessee,47157,Shelby,2014,2018,Hispanic (all races),
47,Tennessee,47157,Shelby,2014,2018,American Indian/Alaskan Native (includes Hispanic),
47,Tennessee,47157,Shelby,2014,2018,White (includes Hispanic),8.7
47,Tennessee,47157,Shelby,2015,2019,Asian/Pacific Islander (includes Hispanic),
47,Tennessee,47157,Shelby,2015,2019,Black (includes Hispanic),10.9
47,Tennessee,47157,Shelby,2015,2019,Hispanic (all races),
47,Tennessee,47157,Shelby,2015,2019,American Indian/Alaskan Native (includes Hispanic),
47,Tennessee,47157,Shelby,2015,2019,White (includes Hispanic),8.3
47,Tennessee,47157,Shelby,2016,2020,Asian/Pacific Islander (includes Hispanic),
47,Tennessee,47157,Shelby,2016,2020,Black (includes Hispanic),10.1
47,Tennessee,47157,Shelby,2016,2020,Hispanic (all races),
47,Tennessee,47157,Shelby,2016,2020,American Indian/Alaskan Native (includes Hispanic),
47,Tennessee,47157,Shelby,2016,2020,White (includes Hispanic),8.0
47,Tennessee,47159,Smith,2011,2015,Asian/Pacific Islander (includes Hispanic),
47,Tennessee,47159,Smith,2011,2015,Black (includes Hispanic),
47,Tennessee,47159,Smith,2011,2015,Hispanic (all races),
47,Tennessee,47159,Smith,2011,2015,American Indian/Alaskan Native (includes Hispanic),
47,Tennessee,47159,Smith,2011,2015,White (includes Hispanic),10.7
47,Tennessee,47159,Smith,2012,2016,Asian/Pacific Islander (includes Hispanic),
47,Tennessee,47159,Smith,2012,2016,Black (includes Hispanic),
47,Tennessee,47159,Smith,2012,2016,Hispanic (all races),
47,Tennessee,47159,Smith,2012,2016,American Indian/Alaskan Native (includes Hispanic),
47,Tennessee,47159,Smith,2012,2016,White (includes Hispanic),10.8
47,Tennessee,47159,Smith,2013,2017,Asian/Pacific Islander (includes Hispanic),
47,Tennessee,47159,Smith,2013,2017,Black (includes Hispanic),
47,Tennessee,47159,Smith,2013,2017,Hispanic (all races),
47,Tennessee,47159,Smith,2013,2017,American Indian/Alaskan Native (includes Hispanic),
47,Tennessee,47159,Smith,2013,2017,White (includes Hispanic),10.4
47,Tennessee,47159,Smith,2014,2018,Asian/Pacific Islander (includes Hispanic),
47,Tennessee,47159,Smith,2014,2018,Black (includes Hispanic),
47,Tennessee,47159,Smith,2014,2018,Hispanic (all races),
47,Tennessee,47159,Smith,2014,2018,American Indian/Alaskan Native (includes Hispanic),
47,Tennessee,47159,Smith,2014,2018,White (includes Hispanic),9.2
47,Tennessee,47159,Smith,2015,2019,Asian/Pacific Islander (includes Hispanic),
47,Tennessee,47159,Smith,2015,2019,Black (includes Hispanic),
47,Tennessee,47159,Smith,2015,2019,Hispanic (all races),
47,Tennessee,47159,Smith,2015,2019,American Indian/Alaskan Native (includes Hispanic),
47,Tennessee,47159,Smith,2015,2019,White (includes Hispanic),8.8
47,Tennessee,47159,Smith,2016,2020,Asian/Pacific Islander (includes Hispanic),
47,Tennessee,47159,Smith,2016,2020,Black (includes Hispanic),
47,Tennessee,47159,Smith,2016,2020,Hispanic (all races),
47,Tennessee,47159,Smith,2016,2020,American Indian/Alaskan Native (includes Hispanic),
47,Tennessee,47159,Smith,2016,2020,White (includes Hispanic),7.2
47,Tennessee,47161,Stewart,2011,2015,Asian/Pacific Islander (includes Hispanic),
47,Tennessee,47161,Stewart,2011,2015,Black (includes Hispanic),
47,Tennessee,47161,Stewart,2011,2015,Hispanic (all races),
47,Tennessee,47161,Stewart,2011,2015,American Indian/Alaskan Native (includes Hispanic),
47,Tennessee,47161,Stewart,2011,2015,White (includes Hispanic),11.4
47,Tennessee,47161,Stewart,2012,2016,Asian/Pacific Islander (includes Hispanic),
47,Tennessee,47161,Stewart,2012,2016,Black (includes Hispanic),
47,Tennessee,47161,Stewart,2012,2016,Hispanic (all races),
47,Tennessee,47161,Stewart,2012,2016,American Indian/Alaskan Native (includes Hispanic),
47,Tennessee,47161,Stewart,2012,2016,White (includes Hispanic),11.3
47,Tennessee,47161,Stewart,2013,2017,Asian/Pacific Islander (includes Hispanic),
47,Tennessee,47161,Stewart,2013,2017,Black (includes Hispanic),
47,Tennessee,47161,Stewart,2013,2017,Hispanic (all races),
47,Tennessee,47161,Stewart,2013,2017,American Indian/Alaskan Native (includes Hispanic),
47,Tennessee,47161,Stewart,2013,2017,White (includes Hispanic),10.7
47,Tennessee,47161,Stewart,2014,2018,Asian/Pacific Islander (includes Hispanic),
47,Tennessee,47161,Stewart,2014,2018,Black (includes Hispanic),
47,Tennessee,47161,Stewart,2014,2018,Hispanic (all races),
47,Tennessee,47161,Stewart,2014,2018,American Indian/Alaskan Native (includes Hispanic),
47,Tennessee,47161,Stewart,2014,2018,White (includes Hispanic),10.6
47,Tennessee,47161,Stewart,2015,2019,Asian/Pacific Islander (includes Hispanic),
47,Tennessee,47161,Stewart,2015,2019,Black (includes Hispanic),
47,Tennessee,47161,Stewart,2015,2019,Hispanic (all races),
47,Tennessee,47161,Stewart,2015,2019,American Indian/Alaskan Native (includes Hispanic),
47,Tennessee,47161,Stewart,2015,2019,White (includes Hispanic),10.2
47,Tennessee,47161,Stewart,2016,2020,Asian/Pacific Islander (includes Hispanic),
47,Tennessee,47161,Stewart,2016,2020,Black (includes Hispanic),
47,Tennessee,47161,Stewart,2016,2020,Hispanic (all races),
47,Tennessee,47161,Stewart,2016,2020,American Indian/Alaskan Native (includes Hispanic),
47,Tennessee,47161,Stewart,2016,2020,White (includes Hispanic),9.9
47,Tennessee,47163,Sullivan,2011,2015,Asian/Pacific Islander (includes Hispanic),
47,Tennessee,47163,Sullivan,2011,2015,Black (includes Hispanic),
47,Tennessee,47163,Sullivan,2011,2015,Hispanic (all races),
47,Tennessee,47163,Sullivan,2011,2015,American Indian/Alaskan Native (includes Hispanic),
47,Tennessee,47163,Sullivan,2011,2015,White (includes Hispanic),7.6
47,Tennessee,47163,Sullivan,2012,2016,Asian/Pacific Islander (includes Hispanic),
47,Tennessee,47163,Sullivan,2012,2016,Black (includes Hispanic),
47,Tennessee,47163,Sullivan,2012,2016,Hispanic (all races),
47,Tennessee,47163,Sullivan,2012,2016,American Indian/Alaskan Native (includes Hispanic),
47,Tennessee,47163,Sullivan,2012,2016,White (includes Hispanic),7.7
47,Tennessee,47163,Sullivan,2013,2017,Asian/Pacific Islander (includes Hispanic),
47,Tennessee,47163,Sullivan,2013,2017,Black (includes Hispanic),
47,Tennessee,47163,Sullivan,2013,2017,Hispanic (all races),
47,Tennessee,47163,Sullivan,2013,2017,American Indian/Alaskan Native (includes Hispanic),
47,Tennessee,47163,Sullivan,2013,2017,White (includes Hispanic),8.5
47,Tennessee,47163,Sullivan,2014,2018,Asian/Pacific Islander (includes Hispanic),
47,Tennessee,47163,Sullivan,2014,2018,Black (includes Hispanic),
47,Tennessee,47163,Sullivan,2014,2018,Hispanic (all races),
47,Tennessee,47163,Sullivan,2014,2018,American Indian/Alaskan Native (includes Hispanic),
47,Tennessee,47163,Sullivan,2014,2018,White (includes Hispanic),8.6
47,Tennessee,47163,Sullivan,2015,2019,Asian/Pacific Islander (includes Hispanic),
47,Tennessee,47163,Sullivan,2015,2019,Black (includes Hispanic),
47,Tennessee,47163,Sullivan,2015,2019,Hispanic (all races),
47,Tennessee,47163,Sullivan,2015,2019,American Indian/Alaskan Native (includes Hispanic),
47,Tennessee,47163,Sullivan,2015,2019,White (includes Hispanic),8.7
47,Tennessee,47163,Sullivan,2016,2020,Asian/Pacific Islander (includes Hispanic),
47,Tennessee,47163,Sullivan,2016,2020,Black (includes Hispanic),
47,Tennessee,47163,Sullivan,2016,2020,Hispanic (all races),
47,Tennessee,47163,Sullivan,2016,2020,American Indian/Alaskan Native (includes Hispanic),
47,Tennessee,47163,Sullivan,2016,2020,White (includes Hispanic),8.0
47,Tennessee,47165,Sumner,2011,2015,Asian/Pacific Islander (includes Hispanic),
47,Tennessee,47165,Sumner,2011,2015,Black (includes Hispanic),6.4
47,Tennessee,47165,Sumner,2011,2015,Hispanic (all races),
47,Tennessee,47165,Sumner,2011,2015,American Indian/Alaskan Native (includes Hispanic),
47,Tennessee,47165,Sumner,2011,2015,White (includes Hispanic),8.2
47,Tennessee,47165,Sumner,2012,2016,Asian/Pacific Islander (includes Hispanic),
47,Tennessee,47165,Sumner,2012,2016,Black (includes Hispanic),7.5
47,Tennessee,47165,Sumner,2012,2016,Hispanic (all races),15.9
47,Tennessee,47165,Sumner,2012,2016,American Indian/Alaskan Native (includes Hispanic),
47,Tennessee,47165,Sumner,2012,2016,White (includes Hispanic),8.2
47,Tennessee,47165,Sumner,2013,2017,Asian/Pacific Islander (includes Hispanic),
47,Tennessee,47165,Sumner,2013,2017,Black (includes Hispanic),7.4
47,Tennessee,47165,Sumner,2013,2017,Hispanic (all races),12.9
47,Tennessee,47165,Sumner,2013,2017,American Indian/Alaskan Native (includes Hispanic),
47,Tennessee,47165,Sumner,2013,2017,White (includes Hispanic),8.4
47,Tennessee,47165,Sumner,2014,2018,Asian/Pacific Islander (includes Hispanic),
47,Tennessee,47165,Sumner,2014,2018,Black (includes Hispanic),6.6
47,Tennessee,47165,Sumner,2014,2018,Hispanic (all races),13.6
47,Tennessee,47165,Sumner,2014,2018,American Indian/Alaskan Native (includes Hispanic),
47,Tennessee,47165,Sumner,2014,2018,White (includes Hispanic),7.9
47,Tennessee,47165,Sumner,2015,2019,Asian/Pacific Islander (includes Hispanic),
47,Tennessee,47165,Sumner,2015,2019,Black (includes Hispanic),7.9
47,Tennessee,47165,Sumner,2015,2019,Hispanic (all races),11.4
47,Tennessee,47165,Sumner,2015,2019,American Indian/Alaskan Native (includes Hispanic),
47,Tennessee,47165,Sumner,2015,2019,White (includes Hispanic),7.6
47,Tennessee,47165,Sumner,2016,2020,Asian/Pacific Islander (includes Hispanic),
47,Tennessee,47165,Sumner,2016,2020,Black (includes Hispanic),7.8
47,Tennessee,47165,Sumner,2016,2020,Hispanic (all races),11.6
47,Tennessee,47165,Sumner,2016,2020,American Indian/Alaskan Native (includes Hispanic),
47,Tennessee,47165,Sumner,2016,2020,White (includes Hispanic),7.3
47,Tennessee,47167,Tipton,2011,2015,Asian/Pacific Islander (includes Hispanic),
47,Tennessee,47167,Tipton,2011,2015,Black (includes Hispanic),13.5
47,Tennessee,47167,Tipton,2011,2015,Hispanic (all races),
47,Tennessee,47167,Tipton,2011,2015,American Indian/Alaskan Native (includes Hispanic),
47,Tennessee,47167,Tipton,2011,2015,White (includes Hispanic),7.8
47,Tennessee,47167,Tipton,2012,2016,Asian/Pacific Islander (includes Hispanic),
47,Tennessee,47167,Tipton,2012,2016,Black (includes Hispanic),13.0
47,Tennessee,47167,Tipton,2012,2016,Hispanic (all races),
47,Tennessee,47167,Tipton,2012,2016,American Indian/Alaskan Native (includes Hispanic),
47,Tennessee,47167,Tipton,2012,2016,White (includes Hispanic),8.0
47,Tennessee,47167,Tipton,2013,2017,Asian/Pacific Islander (includes Hispanic),
47,Tennessee,47167,Tipton,2013,2017,Black (includes Hispanic),12.4
47,Tennessee,47167,Tipton,2013,2017,Hispanic (all races),
47,Tennessee,47167,Tipton,2013,2017,American Indian/Alaskan Native (includes Hispanic),
47,Tennessee,47167,Tipton,2013,2017,White (includes Hispanic),7.3
47,Tennessee,47167,Tipton,2014,2018,Asian/Pacific Islander (includes Hispanic),
47,Tennessee,47167,Tipton,2014,2018,Black (includes Hispanic),11.9
47,Tennessee,47167,Tipton,2014,2018,Hispanic (all races),
47,Tennessee,47167,Tipton,2014,2018,American Indian/Alaskan Native (includes Hispanic),
47,Tennessee,47167,Tipton,2014,2018,White (includes Hispanic),8.4
47,Tennessee,47167,Tipton,2015,2019,Asian/Pacific Islander (includes Hispanic),
47,Tennessee,47167,Tipton,2015,2019,Black (includes Hispanic),11.0
47,Tennessee,47167,Tipton,2015,2019,Hispanic (all races),
47,Tennessee,47167,Tipton,2015,2019,American Indian/Alaskan Native (includes Hispanic),
47,Tennessee,47167,Tipton,2015,2019,White (includes Hispanic),8.0
47,Tennessee,47167,Tipton,2016,2020,Asian/Pacific Islander (includes Hispanic),
47,Tennessee,47167,Tipton,2016,2020,Black (includes Hispanic),10.4
47,Tennessee,47167,Tipton,2016,2020,Hispanic (all races),
47,Tennessee,47167,Tipton,2016,2020,American Indian/Alaskan Native (includes Hispanic),
47,Tennessee,47167,Tipton,2016,2020,White (includes Hispanic),7.9
47,Tennessee,47169,Trousdale,2011,2015,Asian/Pacific Islander (includes Hispanic),
47,Tennessee,47169,Trousdale,2011,2015,Black (includes Hispanic),
47,Tennessee,47169,Trousdale,2011,2015,Hispanic (all races),
47,Tennessee,47169,Trousdale,2011,2015,American Indian/Alaskan Native (includes Hispanic),
47,Tennessee,47169,Trousdale,2011,2015,White (includes Hispanic),9.4
47,Tennessee,47169,Trousdale,2012,2016,Asian/Pacific Islander (includes Hispanic),
47,Tennessee,47169,Trousdale,2012,2016,Black (includes Hispanic),
47,Tennessee,47169,Trousdale,2012,2016,Hispanic (all races),
47,Tennessee,47169,Trousdale,2012,2016,American Indian/Alaskan Native (includes Hispanic),
47,Tennessee,47169,Trousdale,2012,2016,White (includes Hispanic),9.9
47,Tennessee,47169,Trousdale,2013,2017,Asian/Pacific Islander (includes Hispanic),
47,Tennessee,47169,Trousdale,2013,2017,Black (includes Hispanic),
47,Tennessee,47169,Trousdale,2013,2017,Hispanic (all races),
47,Tennessee,47169,Trousdale,2013,2017,American Indian/Alaskan Native (includes Hispanic),
47,Tennessee,47169,Trousdale,2013,2017,White (includes Hispanic),10.3
47,Tennessee,47169,Trousdale,2014,2018,Asian/Pacific Islander (includes Hispanic),
47,Tennessee,47169,Trousdale,2014,2018,Black (includes Hispanic),
47,Tennessee,47169,Trousdale,2014,2018,Hispanic (all races),
47,Tennessee,47169,Trousdale,2014,2018,American Indian/Alaskan Native (includes Hispanic),
47,Tennessee,47169,Trousdale,2014,2018,White (includes Hispanic),9.2
47,Tennessee,47169,Trousdale,2015,2019,Asian/Pacific Islander (includes Hispanic),
47,Tennessee,47169,Trousdale,2015,2019,Black (includes Hispanic),
47,Tennessee,47169,Trousdale,2015,2019,Hispanic (all races),
47,Tennessee,47169,Trousdale,2015,2019,American Indian/Alaskan Native (includes Hispanic),
47,Tennessee,47169,Trousdale,2015,2019,White (includes Hispanic),9.5
47,Tennessee,47169,Trousdale,2016,2020,Asian/Pacific Islander (includes Hispanic),
47,Tennessee,47169,Trousdale,2016,2020,Black (includes Hispanic),
47,Tennessee,47169,Trousdale,2016,2020,Hispanic (all races),
47,Tennessee,47169,Trousdale,2016,2020,American Indian/Alaskan Native (includes Hispanic),
47,Tennessee,47169,Trousdale,2016,2020,White (includes Hispanic),8.3
47,Tennessee,47171,Unicoi,2011,2015,Asian/Pacific Islander (includes Hispanic),
47,Tennessee,47171,Unicoi,2011,2015,Black (includes Hispanic),
47,Tennessee,47171,Unicoi,2011,2015,Hispanic (all races),
47,Tennessee,47171,Unicoi,2011,2015,American Indian/Alaskan Native (includes Hispanic),
47,Tennessee,47171,Unicoi,2011,2015,White (includes Hispanic),8.7
47,Tennessee,47171,Unicoi,2012,2016,Asian/Pacific Islander (includes Hispanic),
47,Tennessee,47171,Unicoi,2012,2016,Black (includes Hispanic),
47,Tennessee,47171,Unicoi,2012,2016,Hispanic (all races),
47,Tennessee,47171,Unicoi,2012,2016,American Indian/Alaskan Native (includes Hispanic),
47,Tennessee,47171,Unicoi,2012,2016,White (includes Hispanic),8.5
47,Tennessee,47171,Unicoi,2013,2017,Asian/Pacific Islander (includes Hispanic),
47,Tennessee,47171,Unicoi,2013,2017,Black (includes Hispanic),
47,Tennessee,47171,Unicoi,2013,2017,Hispanic (all races),
47,Tennessee,47171,Unicoi,2013,2017,American Indian/Alaskan Native (includes Hispanic),
47,Tennessee,47171,Unicoi,2013,2017,White (includes Hispanic),9.4
47,Tennessee,47171,Unicoi,2014,2018,Asian/Pacific Islander (includes Hispanic),
47,Tennessee,47171,Unicoi,2014,2018,Black (includes Hispanic),
47,Tennessee,47171,Unicoi,2014,2018,Hispanic (all races),
47,Tennessee,47171,Unicoi,2014,2018,American Indian/Alaskan Native (includes Hispanic),
47,Tennessee,47171,Unicoi,2014,2018,White (includes Hispanic),9.5
47,Tennessee,47171,Unicoi,2015,2019,Asian/Pacific Islander (includes Hispanic),
47,Tennessee,47171,Unicoi,2015,2019,Black (includes Hispanic),
47,Tennessee,47171,Unicoi,2015,2019,Hispanic (all races),
47,Tennessee,47171,Unicoi,2015,2019,American Indian/Alaskan Native (includes Hispanic),
47,Tennessee,47171,Unicoi,2015,2019,White (includes Hispanic),8.5
47,Tennessee,47171,Unicoi,2016,2020,Asian/Pacific Islander (includes Hispanic),
47,Tennessee,47171,Unicoi,2016,2020,Black (includes Hispanic),
47,Tennessee,47171,Unicoi,2016,2020,Hispanic (all races),
47,Tennessee,47171,Unicoi,2016,2020,American Indian/Alaskan Native (includes Hispanic),
47,Tennessee,47171,Unicoi,2016,2020,White (includes Hispanic),7.5
47,Tennessee,47173,Union,2011,2015,Asian/Pacific Islander (includes Hispanic),
47,Tennessee,47173,Union,2011,2015,Black (includes Hispanic),
47,Tennessee,47173,Union,2011,2015,Hispanic (all races),
47,Tennessee,47173,Union,2011,2015,American Indian/Alaskan Native (includes Hispanic),
47,Tennessee,47173,Union,2011,2015,White (includes Hispanic),8.0
47,Tennessee,47173,Union,2012,2016,Asian/Pacific Islander (includes Hispanic),
47,Tennessee,47173,Union,2012,2016,Black (includes Hispanic),
47,Tennessee,47173,Union,2012,2016,Hispanic (all races),
47,Tennessee,47173,Union,2012,2016,American Indian/Alaskan Native (includes Hispanic),
47,Tennessee,47173,Union,2012,2016,White (includes Hispanic),7.7
47,Tennessee,47173,Union,2013,2017,Asian/Pacific Islander (includes Hispanic),
47,Tennessee,47173,Union,2013,2017,Black (includes Hispanic),
47,Tennessee,47173,Union,2013,2017,Hispanic (all races),
47,Tennessee,47173,Union,2013,2017,American Indian/Alaskan Native (includes Hispanic),
47,Tennessee,47173,Union,2013,2017,White (includes Hispanic),8.1
47,Tennessee,47173,Union,2014,2018,Asian/Pacific Islander (includes Hispanic),
47,Tennessee,47173,Union,2014,2018,Black (includes Hispanic),
47,Tennessee,47173,Union,2014,2018,Hispanic (all races),
47,Tennessee,47173,Union,2014,2018,American Indian/Alaskan Native (includes Hispanic),
47,Tennessee,47173,Union,2014,2018,White (includes Hispanic),8.1
47,Tennessee,47173,Union,2015,2019,Asian/Pacific Islander (includes Hispanic),
47,Tennessee,47173,Union,2015,2019,Black (includes Hispanic),
47,Tennessee,47173,Union,2015,2019,Hispanic (all races),
47,Tennessee,47173,Union,2015,2019,American Indian/Alaskan Native (includes Hispanic),
47,Tennessee,47173,Union,2015,2019,White (includes Hispanic),8.0
47,Tennessee,47173,Union,2016,2020,Asian/Pacific Islander (includes Hispanic),
47,Tennessee,47173,Union,2016,2020,Black (includes Hispanic),
47,Tennessee,47173,Union,2016,2020,Hispanic (all races),
47,Tennessee,47173,Union,2016,2020,American Indian/Alaskan Native (includes Hispanic),
47,Tennessee,47173,Union,2016,2020,White (includes Hispanic),7.6
47,Tennessee,47175,Van Buren,2011,2015,Asian/Pacific Islander (includes Hispanic),
47,Tennessee,47175,Van Buren,2011,2015,Black (includes Hispanic),
47,Tennessee,47175,Van Buren,2011,2015,Hispanic (all races),
47,Tennessee,47175,Van Buren,2011,2015,American Indian/Alaskan Native (includes Hispanic),
47,Tennessee,47175,Van Buren,2011,2015,White (includes Hispanic),8.5
47,Tennessee,47175,Van Buren,2012,2016,Asian/Pacific Islander (includes Hispanic),
47,Tennessee,47175,Van Buren,2012,2016,Black (includes Hispanic),
47,Tennessee,47175,Van Buren,2012,2016,Hispanic (all races),
47,Tennessee,47175,Van Buren,2012,2016,American Indian/Alaskan Native (includes Hispanic),
47,Tennessee,47175,Van Buren,2012,2016,White (includes Hispanic),7.7
47,Tennessee,47175,Van Buren,2013,2017,Asian/Pacific Islander (includes Hispanic),
47,Tennessee,47175,Van Buren,2013,2017,Black (includes Hispanic),
47,Tennessee,47175,Van Buren,2013,2017,Hispanic (all races),
47,Tennessee,47175,Van Buren,2013,2017,American Indian/Alaskan Native (includes Hispanic),
47,Tennessee,47175,Van Buren,2013,2017,White (includes Hispanic),8.9
47,Tennessee,47175,Van Buren,2014,2018,Asian/Pacific Islander (includes Hispanic),
47,Tennessee,47175,Van Buren,2014,2018,Black (includes Hispanic),
47,Tennessee,47175,Van Buren,2014,2018,Hispanic (all races),
47,Tennessee,47175,Van Buren,2014,2018,American Indian/Alaskan Native (includes Hispanic),
47,Tennessee,47175,Van Buren,2014,2018,White (includes Hispanic),9.0
47,Tennessee,47175,Van Buren,2015,2019,Asian/Pacific Islander (includes Hispanic),
47,Tennessee,47175,Van Buren,2015,2019,Black (includes Hispanic),
47,Tennessee,47175,Van Buren,2015,2019,Hispanic (all races),
47,Tennessee,47175,Van Buren,2015,2019,American Indian/Alaskan Native (includes Hispanic),
47,Tennessee,47175,Van Buren,2015,2019,White (includes Hispanic),8.4
47,Tennessee,47175,Van Buren,2016,2020,Asian/Pacific Islander (includes Hispanic),
47,Tennessee,47175,Van Buren,2016,2020,Black (includes Hispanic),
47,Tennessee,47175,Van Buren,2016,2020,Hispanic (all races),
47,Tennessee,47175,Van Buren,2016,2020,American Indian/Alaskan Native (includes Hispanic),
47,Tennessee,47175,Van Buren,2016,2020,White (includes Hispanic),10.9
47,Tennessee,47177,Warren,2011,2015,Asian/Pacific Islander (includes Hispanic),
47,Tennessee,47177,Warren,2011,2015,Black (includes Hispanic),
47,Tennessee,47177,Warren,2011,2015,Hispanic (all races),
47,Tennessee,47177,Warren,2011,2015,American Indian/Alaskan Native (includes Hispanic),
47,Tennessee,47177,Warren,2011,2015,White (includes Hispanic),8.0
47,Tennessee,47177,Warren,2012,2016,Asian/Pacific Islander (includes Hispanic),
47,Tennessee,47177,Warren,2012,2016,Black (includes Hispanic),
47,Tennessee,47177,Warren,2012,2016,Hispanic (all races),
47,Tennessee,47177,Warren,2012,2016,American Indian/Alaskan Native (includes Hispanic),
47,Tennessee,47177,Warren,2012,2016,White (includes Hispanic),7.7
47,Tennessee,47177,Warren,2013,2017,Asian/Pacific Islander (includes Hispanic),
47,Tennessee,47177,Warren,2013,2017,Black (includes Hispanic),
47,Tennessee,47177,Warren,2013,2017,Hispanic (all races),
47,Tennessee,47177,Warren,2013,2017,American Indian/Alaskan Native (includes Hispanic),
47,Tennessee,47177,Warren,2013,2017,White (includes Hispanic),7.7
47,Tennessee,47177,Warren,2014,2018,Asian/Pacific Islander (includes Hispanic),
47,Tennessee,47177,Warren,2014,2018,Black (includes Hispanic),
47,Tennessee,47177,Warren,2014,2018,Hispanic (all races),
47,Tennessee,47177,Warren,2014,2018,American Indian/Alaskan Native (includes Hispanic),
47,Tennessee,47177,Warren,2014,2018,White (includes Hispanic),8.8
47,Tennessee,47177,Warren,2015,2019,Asian/Pacific Islander (includes Hispanic),
47,Tennessee,47177,Warren,2015,2019,Black (includes Hispanic),
47,Tennessee,47177,Warren,2015,2019,Hispanic (all races),
47,Tennessee,47177,Warren,2015,2019,American Indian/Alaskan Native (includes Hispanic),
47,Tennessee,47177,Warren,2015,2019,White (includes Hispanic),8.6
47,Tennessee,47177,Warren,2016,2020,Asian/Pacific Islander (includes Hispanic),
47,Tennessee,47177,Warren,2016,2020,Black (includes Hispanic),
47,Tennessee,47177,Warren,2016,2020,Hispanic (all races),
47,Tennessee,47177,Warren,2016,2020,American Indian/Alaskan Native (includes Hispanic),
47,Tennessee,47177,Warren,2016,2020,White (includes Hispanic),8.8
47,Tennessee,47179,Washington,2011,2015,Asian/Pacific Islander (includes Hispanic),
47,Tennessee,47179,Washington,2011,2015,Black (includes Hispanic),
47,Tennessee,47179,Washington,2011,2015,Hispanic (all races),
47,Tennessee,47179,Washington,2011,2015,American Indian/Alaskan Native (includes Hispanic),
47,Tennessee,47179,Washington,2011,2015,White (includes Hispanic),8.1
47,Tennessee,47179,Washington,2012,2016,Asian/Pacific Islander (includes Hispanic),
47,Tennessee,47179,Washington,2012,2016,Black (includes Hispanic),
47,Tennessee,47179,Washington,2012,2016,Hispanic (all races),
47,Tennessee,47179,Washington,2012,2016,American Indian/Alaskan Native (includes Hispanic),
47,Tennessee,47179,Washington,2012,2016,White (includes Hispanic),8.6
47,Tennessee,47179,Washington,2013,2017,Asian/Pacific Islander (includes Hispanic),
47,Tennessee,47179,Washington,2013,2017,Black (includes Hispanic),
47,Tennessee,47179,Washington,2013,2017,Hispanic (all races),
47,Tennessee,47179,Washington,2013,2017,American Indian/Alaskan Native (includes Hispanic),
47,Tennessee,47179,Washington,2013,2017,White (includes Hispanic),9.7
47,Tennessee,47179,Washington,2014,2018,Asian/Pacific Islander (includes Hispanic),
47,Tennessee,47179,Washington,2014,2018,Black (includes Hispanic),
47,Tennessee,47179,Washington,2014,2018,Hispanic (all races),
47,Tennessee,47179,Washington,2014,2018,American Indian/Alaskan Native (includes Hispanic),
47,Tennessee,47179,Washington,2014,2018,White (includes Hispanic),9.9
47,Tennessee,47179,Washington,2015,2019,Asian/Pacific Islander (includes Hispanic),
47,Tennessee,47179,Washington,2015,2019,Black (includes Hispanic),
47,Tennessee,47179,Washington,2015,2019,Hispanic (all races),
47,Tennessee,47179,Washington,2015,2019,American Indian/Alaskan Native (includes Hispanic),
47,Tennessee,47179,Washington,2015,2019,White (includes Hispanic),9.5
47,Tennessee,47179,Washington,2016,2020,Asian/Pacific Islander (includes Hispanic),
47,Tennessee,47179,Washington,2016,2020,Black (includes Hispanic),
47,Tennessee,47179,Washington,2016,2020,Hispanic (all races),
47,Tennessee,47179,Washington,2016,2020,American Indian/Alaskan Native (includes Hispanic),
47,Tennessee,47179,Washington,2016,2020,White (includes Hispanic),8.3
47,Tennessee,47181,Wayne,2011,2015,Asian/Pacific Islander (includes Hispanic),
47,Tennessee,47181,Wayne,2011,2015,Black (includes Hispanic),
47,Tennessee,47181,Wayne,2011,2015,Hispanic (all races),
47,Tennessee,47181,Wayne,2011,2015,American Indian/Alaskan Native (includes Hispanic),
47,Tennessee,47181,Wayne,2011,2015,White (includes Hispanic),9.6
47,Tennessee,47181,Wayne,2012,2016,Asian/Pacific Islander (includes Hispanic),
47,Tennessee,47181,Wayne,2012,2016,Black (includes Hispanic),
47,Tennessee,47181,Wayne,2012,2016,Hispanic (all races),
47,Tennessee,47181,Wayne,2012,2016,American Indian/Alaskan Native (includes Hispanic),
47,Tennessee,47181,Wayne,2012,2016,White (includes Hispanic),9.6
47,Tennessee,47181,Wayne,2013,2017,Asian/Pacific Islander (includes Hispanic),
47,Tennessee,47181,Wayne,2013,2017,Black (includes Hispanic),
47,Tennessee,47181,Wayne,2013,2017,Hispanic (all races),
47,Tennessee,47181,Wayne,2013,2017,American Indian/Alaskan Native (includes Hispanic),
47,Tennessee,47181,Wayne,2013,2017,White (includes Hispanic),10.1
47,Tennessee,47181,Wayne,2014,2018,Asian/Pacific Islander (includes Hispanic),
47,Tennessee,47181,Wayne,2014,2018,Black (includes Hispanic),
47,Tennessee,47181,Wayne,2014,2018,Hispanic (all races),
47,Tennessee,47181,Wayne,2014,2018,American Indian/Alaskan Native (includes Hispanic),
47,Tennessee,47181,Wayne,2014,2018,White (includes Hispanic),8.0
47,Tennessee,47181,Wayne,2015,2019,Asian/Pacific Islander (includes Hispanic),
47,Tennessee,47181,Wayne,2015,2019,Black (includes Hispanic),
47,Tennessee,47181,Wayne,2015,2019,Hispanic (all races),
47,Tennessee,47181,Wayne,2015,2019,American Indian/Alaskan Native (includes Hispanic),
47,Tennessee,47181,Wayne,2015,2019,White (includes Hispanic),7.9
47,Tennessee,47181,Wayne,2016,2020,Asian/Pacific Islander (includes Hispanic),
47,Tennessee,47181,Wayne,2016,2020,Black (includes Hispanic),
47,Tennessee,47181,Wayne,2016,2020,Hispanic (all races),
47,Tennessee,47181,Wayne,2016,2020,American Indian/Alaskan Native (includes Hispanic),
47,Tennessee,47181,Wayne,2016,2020,White (includes Hispanic),7.7
47,Tennessee,47183,Weakley,2011,2015,Asian/Pacific Islander (includes Hispanic),
47,Tennessee,47183,Weakley,2011,2015,Black (includes Hispanic),
47,Tennessee,47183,Weakley,2011,2015,Hispanic (all races),
47,Tennessee,47183,Weakley,2011,2015,American Indian/Alaskan Native (includes Hispanic),
47,Tennessee,47183,Weakley,2011,2015,White (includes Hispanic),13.4
47,Tennessee,47183,Weakley,2012,2016,Asian/Pacific Islander (includes Hispanic),
47,Tennessee,47183,Weakley,2012,2016,Black (includes Hispanic),
47,Tennessee,47183,Weakley,2012,2016,Hispanic (all races),
47,Tennessee,47183,Weakley,2012,2016,American Indian/Alaskan Native (includes Hispanic),
47,Tennessee,47183,Weakley,2012,2016,White (includes Hispanic),13.1
47,Tennessee,47183,Weakley,2013,2017,Asian/Pacific Islander (includes Hispanic),
47,Tennessee,47183,Weakley,2013,2017,Black (includes Hispanic),
47,Tennessee,47183,Weakley,2013,2017,Hispanic (all races),
47,Tennessee,47183,Weakley,2013,2017,American Indian/Alaskan Native (includes Hispanic),
47,Tennessee,47183,Weakley,2013,2017,White (includes Hispanic),10.7
47,Tennessee,47183,Weakley,2014,2018,Asian/Pacific Islander (includes Hispanic),
47,Tennessee,47183,Weakley,2014,2018,Black (includes Hispanic),
47,Tennessee,47183,Weakley,2014,2018,Hispanic (all races),
47,Tennessee,47183,Weakley,2014,2018,American Indian/Alaskan Native (includes Hispanic),
47,Tennessee,47183,Weakley,2014,2018,White (includes Hispanic),10.3
47,Tennessee,47183,Weakley,2015,2019,Asian/Pacific Islander (includes Hispanic),
47,Tennessee,47183,Weakley,2015,2019,Black (includes Hispanic),
47,Tennessee,47183,Weakley,2015,2019,Hispanic (all races),
47,Tennessee,47183,Weakley,2015,2019,American Indian/Alaskan Native (includes Hispanic),
47,Tennessee,47183,Weakley,2015,2019,White (includes Hispanic),8.8
47,Tennessee,47183,Weakley,2016,2020,Asian/Pacific Islander (includes Hispanic),
47,Tennessee,47183,Weakley,2016,2020,Black (includes Hispanic),
47,Tennessee,47183,Weakley,2016,2020,Hispanic (all races),
47,Tennessee,47183,Weakley,2016,2020,American Indian/Alaskan Native (includes Hispanic),
47,Tennessee,47183,Weakley,2016,2020,White (includes Hispanic),7.3
47,Tennessee,47185,White,2011,2015,Asian/Pacific Islander (includes Hispanic),
47,Tennessee,47185,White,2011,2015,Black (includes Hispanic),
47,Tennessee,47185,White,2011,2015,Hispanic (all races),
47,Tennessee,47185,White,2011,2015,American Indian/Alaskan Native (includes Hispanic),
47,Tennessee,47185,White,2011,2015,White (includes Hispanic),8.9
47,Tennessee,47185,White,2012,2016,Asian/Pacific Islander (includes Hispanic),
47,Tennessee,47185,White,2012,2016,Black (includes Hispanic),
47,Tennessee,47185,White,2012,2016,Hispanic (all races),
47,Tennessee,47185,White,2012,2016,American Indian/Alaskan Native (includes Hispanic),
47,Tennessee,47185,White,2012,2016,White (includes Hispanic),8.4
47,Tennessee,47185,White,2013,2017,Asian/Pacific Islander (includes Hispanic),
47,Tennessee,47185,White,2013,2017,Black (includes Hispanic),
47,Tennessee,47185,White,2013,2017,Hispanic (all races),
47,Tennessee,47185,White,2013,2017,American Indian/Alaskan Native (includes Hispanic),
47,Tennessee,47185,White,2013,2017,White (includes Hispanic),8.7
47,Tennessee,47185,White,2014,2018,Asian/Pacific Islander (includes Hispanic),
47,Tennessee,47185,White,2014,2018,Black (includes Hispanic),
47,Tennessee,47185,White,2014,2018,Hispanic (all races),
47,Tennessee,47185,White,2014,2018,American Indian/Alaskan Native (includes Hispanic),
47,Tennessee,47185,White,2014,2018,White (includes Hispanic),8.2
47,Tennessee,47185,White,2015,2019,Asian/Pacific Islander (includes Hispanic),
47,Tennessee,47185,White,2015,2019,Black (includes Hispanic),
47,Tennessee,47185,White,2015,2019,Hispanic (all races),
47,Tennessee,47185,White,2015,2019,American Indian/Alaskan Native (includes Hispanic),
47,Tennessee,47185,White,2015,2019,White (includes Hispanic),7.4
47,Tennessee,47185,White,2016,2020,Asian/Pacific Islander (includes Hispanic),
47,Tennessee,47185,White,2016,2020,Black (includes Hispanic),
47,Tennessee,47185,White,2016,2020,Hispanic (all races),
47,Tennessee,47185,White,2016,2020,American Indian/Alaskan Native (includes Hispanic),
47,Tennessee,47185,White,2016,2020,White (includes Hispanic),8.4
47,Tennessee,47187,Williamson,2011,2015,Asian/Pacific Islander (includes Hispanic),
47,Tennessee,47187,Williamson,2011,2015,Black (includes Hispanic),5.6
47,Tennessee,47187,Williamson,2011,2015,Hispanic (all races),
47,Tennessee,47187,Williamson,2011,2015,American Indian/Alaskan Native (includes Hispanic),
47,Tennessee,47187,Williamson,2011,2015,White (includes Hispanic),7.0
47,Tennessee,47187,Williamson,2012,2016,Asian/Pacific Islander (includes Hispanic),
47,Tennessee,47187,Williamson,2012,2016,Black (includes Hispanic),6.9
47,Tennessee,47187,Williamson,2012,2016,Hispanic (all races),12.4
47,Tennessee,47187,Williamson,2012,2016,American Indian/Alaskan Native (includes Hispanic),
47,Tennessee,47187,Williamson,2012,2016,White (includes Hispanic),6.9
47,Tennessee,47187,Williamson,2013,2017,Asian/Pacific Islander (includes Hispanic),
47,Tennessee,47187,Williamson,2013,2017,Black (includes Hispanic),7.4
47,Tennessee,47187,Williamson,2013,2017,Hispanic (all races),12.5
47,Tennessee,47187,Williamson,2013,2017,American Indian/Alaskan Native (includes Hispanic),
47,Tennessee,47187,Williamson,2013,2017,White (includes Hispanic),6.8
47,Tennessee,47187,Williamson,2014,2018,Asian/Pacific Islander (includes Hispanic),
47,Tennessee,47187,Williamson,2014,2018,Black (includes Hispanic),7.0
47,Tennessee,47187,Williamson,2014,2018,Hispanic (all races),13.7
47,Tennessee,47187,Williamson,2014,2018,American Indian/Alaskan Native (includes Hispanic),
47,Tennessee,47187,Williamson,2014,2018,White (includes Hispanic),7.2
47,Tennessee,47187,Williamson,2015,2019,Asian/Pacific Islander (includes Hispanic),
47,Tennessee,47187,Williamson,2015,2019,Black (includes Hispanic),7.3
47,Tennessee,47187,Williamson,2015,2019,Hispanic (all races),11.2
47,Tennessee,47187,Williamson,2015,2019,American Indian/Alaskan Native (includes Hispanic),
47,Tennessee,47187,Williamson,2015,2019,White (includes Hispanic),6.6
47,Tennessee,47187,Williamson,2016,2020,Asian/Pacific Islander (includes Hispanic),
47,Tennessee,47187,Williamson,2016,2020,Black (includes Hispanic),6.4
47,Tennessee,47187,Williamson,2016,2020,Hispanic (all races),12.5
47,Tennessee,47187,Williamson,2016,2020,American Indian/Alaskan Native (includes Hispanic),
47,Tennessee,47187,Williamson,2016,2020,White (includes Hispanic),6.6
47,Tennessee,47189,Wilson,2011,2015,Asian/Pacific Islander (includes Hispanic),
47,Tennessee,47189,Wilson,2011,2015,Black (includes Hispanic),5.9
47,Tennessee,47189,Wilson,2011,2015,Hispanic (all races),12.8
47,Tennessee,47189,Wilson,2011,2015,American Indian/Alaskan Native (includes Hispanic),
47,Tennessee,47189,Wilson,2011,2015,White (includes Hispanic),7.9
47,Tennessee,47189,Wilson,2012,2016,Asian/Pacific Islander (includes Hispanic),
47,Tennessee,47189,Wilson,2012,2016,Black (includes Hispanic),7.0
47,Tennessee,47189,Wilson,2012,2016,Hispanic (all races),14.6
47,Tennessee,47189,Wilson,2012,2016,American Indian/Alaskan Native (includes Hispanic),
47,Tennessee,47189,Wilson,2012,2016,White (includes Hispanic),8.0
47,Tennessee,47189,Wilson,2013,2017,Asian/Pacific Islander (includes Hispanic),
47,Tennessee,47189,Wilson,2013,2017,Black (includes Hispanic),7.0
47,Tennessee,47189,Wilson,2013,2017,Hispanic (all races),11.6
47,Tennessee,47189,Wilson,2013,2017,American Indian/Alaskan Native (includes Hispanic),
47,Tennessee,47189,Wilson,2013,2017,White (includes Hispanic),7.9
47,Tennessee,47189,Wilson,2014,2018,Asian/Pacific Islander (includes Hispanic),
47,Tennessee,47189,Wilson,2014,2018,Black (includes Hispanic),6.3
47,Tennessee,47189,Wilson,2014,2018,Hispanic (all races),12.4
47,Tennessee,47189,Wilson,2014,2018,American Indian/Alaskan Native (includes Hispanic),
47,Tennessee,47189,Wilson,2014,2018,White (includes Hispanic),7.6
47,Tennessee,47189,Wilson,2015,2019,Asian/Pacific Islander (includes Hispanic),
47,Tennessee,47189,Wilson,2015,2019,Black (includes Hispanic),7.1
47,Tennessee,47189,Wilson,2015,2019,Hispanic (all races),10.1
47,Tennessee,47189,Wilson,2015,2019,American Indian/Alaskan Native (includes Hispanic),
47,Tennessee,47189,Wilson,2015,2019,White (includes Hispanic),7.1
47,Tennessee,47189,Wilson,2016,2020,Asian/Pacific Islander (includes Hispanic),
47,Tennessee,47189,Wilson,2016,2020,Black (includes Hispanic),6.6
47,Tennessee,47189,Wilson,2016,2020,Hispanic (all races),12.2
47,Tennessee,47189,Wilson,2016,2020,American Indian/Alaskan Native (includes Hispanic),
47,Tennessee,47189,Wilson,2016,2020,White (includes Hispanic),6.7
48,Texas,48001,Anderson,2011,2015,Asian/Pacific Islander (includes Hispanic),
48,Texas,48001,Anderson,2011,2015,Black (includes Hispanic),
48,Texas,48001,Anderson,2011,2015,Hispanic (all races),
48,Texas,48001,Anderson,2011,2015,American Indian/Alaskan Native (includes Hispanic),
48,Texas,48001,Anderson,2011,2015,White (includes Hispanic),11.8
48,Texas,48001,Anderson,2012,2016,Asian/Pacific Islander (includes Hispanic),
48,Texas,48001,Anderson,2012,2016,Black (includes Hispanic),
48,Texas,48001,Anderson,2012,2016,Hispanic (all races),
48,Texas,48001,Anderson,2012,2016,American Indian/Alaskan Native (includes Hispanic),
48,Texas,48001,Anderson,2012,2016,White (includes Hispanic),12.7
48,Texas,48001,Anderson,2013,2017,Asian/Pacific Islander (includes Hispanic),
48,Texas,48001,Anderson,2013,2017,Black (includes Hispanic),
48,Texas,48001,Anderson,2013,2017,Hispanic (all races),
48,Texas,48001,Anderson,2013,2017,American Indian/Alaskan Native (includes Hispanic),
48,Texas,48001,Anderson,2013,2017,White (includes Hispanic),13.5
48,Texas,48001,Anderson,2014,2018,Asian/Pacific Islander (includes Hispanic),
48,Texas,48001,Anderson,2014,2018,Black (includes Hispanic),
48,Texas,48001,Anderson,2014,2018,Hispanic (all races),
48,Texas,48001,Anderson,2014,2018,American Indian/Alaskan Native (includes Hispanic),
48,Texas,48001,Anderson,2014,2018,White (includes Hispanic),14.6
48,Texas,48001,Anderson,2015,2019,Asian/Pacific Islander (includes Hispanic),
48,Texas,48001,Anderson,2015,2019,Black (includes Hispanic),
48,Texas,48001,Anderson,2015,2019,Hispanic (all races),
48,Texas,48001,Anderson,2015,2019,American Indian/Alaskan Native (includes Hispanic),
48,Texas,48001,Anderson,2015,2019,White (includes Hispanic),13.9
48,Texas,48001,Anderson,2016,2020,Asian/Pacific Islander (includes Hispanic),
48,Texas,48001,Anderson,2016,2020,Black (includes Hispanic),
48,Texas,48001,Anderson,2016,2020,Hispanic (all races),
48,Texas,48001,Anderson,2016,2020,American Indian/Alaskan Native (includes Hispanic),
48,Texas,48001,Anderson,2016,2020,White (includes Hispanic),13.8
48,Texas,48003,Andrews,2011,2015,Asian/Pacific Islander (includes Hispanic),
48,Texas,48003,Andrews,2011,2015,Black (includes Hispanic),
48,Texas,48003,Andrews,2011,2015,Hispanic (all races),9.2
48,Texas,48003,Andrews,2011,2015,American Indian/Alaskan Native (includes Hispanic),
48,Texas,48003,Andrews,2011,2015,White (includes Hispanic),9.7
48,Texas,48003,Andrews,2012,2016,Asian/Pacific Islander (includes Hispanic),
48,Texas,48003,Andrews,2012,2016,Black (includes Hispanic),
48,Texas,48003,Andrews,2012,2016,Hispanic (all races),9.6
48,Texas,48003,Andrews,2012,2016,American Indian/Alaskan Native (includes Hispanic),
48,Texas,48003,Andrews,2012,2016,White (includes Hispanic),10.2
48,Texas,48003,Andrews,2013,2017,Asian/Pacific Islander (includes Hispanic),
48,Texas,48003,Andrews,2013,2017,Black (includes Hispanic),
48,Texas,48003,Andrews,2013,2017,Hispanic (all races),10.1
48,Texas,48003,Andrews,2013,2017,American Indian/Alaskan Native (includes Hispanic),
48,Texas,48003,Andrews,2013,2017,White (includes Hispanic),10.9
48,Texas,48003,Andrews,2014,2018,Asian/Pacific Islander (includes Hispanic),
48,Texas,48003,Andrews,2014,2018,Black (includes Hispanic),
48,Texas,48003,Andrews,2014,2018,Hispanic (all races),11.2
48,Texas,48003,Andrews,2014,2018,American Indian/Alaskan Native (includes Hispanic),
48,Texas,48003,Andrews,2014,2018,White (includes Hispanic),11.9
48,Texas,48003,Andrews,2015,2019,Asian/Pacific Islander (includes Hispanic),
48,Texas,48003,Andrews,2015,2019,Black (includes Hispanic),
48,Texas,48003,Andrews,2015,2019,Hispanic (all races),12.9
48,Texas,48003,Andrews,2015,2019,American Indian/Alaskan Native (includes Hispanic),
48,Texas,48003,Andrews,2015,2019,White (includes Hispanic),12.8
48,Texas,48003,Andrews,2016,2020,Asian/Pacific Islander (includes Hispanic),
48,Texas,48003,Andrews,2016,2020,Black (includes Hispanic),
48,Texas,48003,Andrews,2016,2020,Hispanic (all races),14.7
48,Texas,48003,Andrews,2016,2020,American Indian/Alaskan Native (includes Hispanic),
48,Texas,48003,Andrews,2016,2020,White (includes Hispanic),14.0
48,Texas,48005,Angelina,2011,2015,Asian/Pacific Islander (includes Hispanic),
48,Texas,48005,Angelina,2011,2015,Black (includes Hispanic),
48,Texas,48005,Angelina,2011,2015,Hispanic (all races),
48,Texas,48005,Angelina,2011,2015,American Indian/Alaskan Native (includes Hispanic),
48,Texas,48005,Angelina,2011,2015,White (includes Hispanic),11.6
48,Texas,48005,Angelina,2012,2016,Asian/Pacific Islander (includes Hispanic),
48,Texas,48005,Angelina,2012,2016,Black (includes Hispanic),
48,Texas,48005,Angelina,2012,2016,Hispanic (all races),
48,Texas,48005,Angelina,2012,2016,American Indian/Alaskan Native (includes Hispanic),
48,Texas,48005,Angelina,2012,2016,White (includes Hispanic),12.4
48,Texas,48005,Angelina,2013,2017,Asian/Pacific Islander (includes Hispanic),
48,Texas,48005,Angelina,2013,2017,Black (includes Hispanic),13.9
48,Texas,48005,Angelina,2013,2017,Hispanic (all races),24.9
48,Texas,48005,Angelina,2013,2017,American Indian/Alaskan Native (includes Hispanic),
48,Texas,48005,Angelina,2013,2017,White (includes Hispanic),15.3
48,Texas,48005,Angelina,2014,2018,Asian/Pacific Islander (includes Hispanic),
48,Texas,48005,Angelina,2014,2018,Black (includes Hispanic),14.0
48,Texas,48005,Angelina,2014,2018,Hispanic (all races),24.6
48,Texas,48005,Angelina,2014,2018,American Indian/Alaskan Native (includes Hispanic),
48,Texas,48005,Angelina,2014,2018,White (includes Hispanic),15.0
48,Texas,48005,Angelina,2015,2019,Asian/Pacific Islander (includes Hispanic),
48,Texas,48005,Angelina,2015,2019,Black (includes Hispanic),
48,Texas,48005,Angelina,2015,2019,Hispanic (all races),21.5
48,Texas,48005,Angelina,2015,2019,American Indian/Alaskan Native (includes Hispanic),
48,Texas,48005,Angelina,2015,2019,White (includes Hispanic),15.5
48,Texas,48005,Angelina,2016,2020,Asian/Pacific Islander (includes Hispanic),
48,Texas,48005,Angelina,2016,2020,Black (includes Hispanic),
48,Texas,48005,Angelina,2016,2020,Hispanic (all races),
48,Texas,48005,Angelina,2016,2020,American Indian/Alaskan Native (includes Hispanic),
48,Texas,48005,Angelina,2016,2020,White (includes Hispanic),13.9
48,Texas,48007,Aransas,2011,2015,Asian/Pacific Islander (includes Hispanic),
48,Texas,48007,Aransas,2011,2015,Black (includes Hispanic),
48,Texas,48007,Aransas,2011,2015,Hispanic (all races),9.7
48,Texas,48007,Aransas,2011,2015,American Indian/Alaskan Native (includes Hispanic),
48,Texas,48007,Aransas,2011,2015,White (includes Hispanic),10.4
48,Texas,48007,Aransas,2012,2016,Asian/Pacific Islander (includes Hispanic),
48,Texas,48007,Aransas,2012,2016,Black (includes Hispanic),
48,Texas,48007,Aransas,2012,2016,Hispanic (all races),10.0
48,Texas,48007,Aransas,2012,2016,American Indian/Alaskan Native (includes Hispanic),
48,Texas,48007,Aransas,2012,2016,White (includes Hispanic),10.5
48,Texas,48007,Aransas,2013,2017,Asian/Pacific Islander (includes Hispanic),
48,Texas,48007,Aransas,2013,2017,Black (includes Hispanic),
48,Texas,48007,Aransas,2013,2017,Hispanic (all races),10.5
48,Texas,48007,Aransas,2013,2017,American Indian/Alaskan Native (includes Hispanic),
48,Texas,48007,Aransas,2013,2017,White (includes Hispanic),11.0
48,Texas,48007,Aransas,2014,2018,Asian/Pacific Islander (includes Hispanic),
48,Texas,48007,Aransas,2014,2018,Black (includes Hispanic),
48,Texas,48007,Aransas,2014,2018,Hispanic (all races),9.2
48,Texas,48007,Aransas,2014,2018,American Indian/Alaskan Native (includes Hispanic),
48,Texas,48007,Aransas,2014,2018,White (includes Hispanic),10.1
48,Texas,48007,Aransas,2015,2019,Asian/Pacific Islander (includes Hispanic),
48,Texas,48007,Aransas,2015,2019,Black (includes Hispanic),
48,Texas,48007,Aransas,2015,2019,Hispanic (all races),8.9
48,Texas,48007,Aransas,2015,2019,American Indian/Alaskan Native (includes Hispanic),
48,Texas,48007,Aransas,2015,2019,White (includes Hispanic),10.1
48,Texas,48007,Aransas,2016,2020,Asian/Pacific Islander (includes Hispanic),
48,Texas,48007,Aransas,2016,2020,Black (includes Hispanic),
48,Texas,48007,Aransas,2016,2020,Hispanic (all races),9.1
48,Texas,48007,Aransas,2016,2020,American Indian/Alaskan Native (includes Hispanic),
48,Texas,48007,Aransas,2016,2020,White (includes Hispanic),10.2
48,Texas,48009,Archer,2011,2015,Asian/Pacific Islander (includes Hispanic),
48,Texas,48009,Archer,2011,2015,Black (includes Hispanic),
48,Texas,48009,Archer,2011,2015,Hispanic (all races),
48,Texas,48009,Archer,2011,2015,American Indian/Alaskan Native (includes Hispanic),
48,Texas,48009,Archer,2011,2015,White (includes Hispanic),9.5
48,Texas,48009,Archer,2012,2016,Asian/Pacific Islander (includes Hispanic),
48,Texas,48009,Archer,2012,2016,Black (includes Hispanic),
48,Texas,48009,Archer,2012,2016,Hispanic (all races),
48,Texas,48009,Archer,2012,2016,American Indian/Alaskan Native (includes Hispanic),
48,Texas,48009,Archer,2012,2016,White (includes Hispanic),11.8
48,Texas,48009,Archer,2013,2017,Asian/Pacific Islander (includes Hispanic),
48,Texas,48009,Archer,2013,2017,Black (includes Hispanic),
48,Texas,48009,Archer,2013,2017,Hispanic (all races),
48,Texas,48009,Archer,2013,2017,American Indian/Alaskan Native (includes Hispanic),
48,Texas,48009,Archer,2013,2017,White (includes Hispanic),13.7
48,Texas,48009,Archer,2014,2018,Asian/Pacific Islander (includes Hispanic),
48,Texas,48009,Archer,2014,2018,Black (includes Hispanic),
48,Texas,48009,Archer,2014,2018,Hispanic (all races),
48,Texas,48009,Archer,2014,2018,American Indian/Alaskan Native (includes Hispanic),
48,Texas,48009,Archer,2014,2018,White (includes Hispanic),16.1
48,Texas,48009,Archer,2015,2019,Asian/Pacific Islander (includes Hispanic),
48,Texas,48009,Archer,2015,2019,Black (includes Hispanic),
48,Texas,48009,Archer,2015,2019,Hispanic (all races),
48,Texas,48009,Archer,2015,2019,American Indian/Alaskan Native (includes Hispanic),
48,Texas,48009,Archer,2015,2019,White (includes Hispanic),17.5
48,Texas,48009,Archer,2016,2020,Asian/Pacific Islander (includes Hispanic),
48,Texas,48009,Archer,2016,2020,Black (includes Hispanic),
48,Texas,48009,Archer,2016,2020,Hispanic (all races),
48,Texas,48009,Archer,2016,2020,American Indian/Alaskan Native (includes Hispanic),
48,Texas,48009,Archer,2016,2020,White (includes Hispanic),17.5
48,Texas,48011,Armstrong,2011,2015,Asian/Pacific Islander (includes Hispanic),
48,Texas,48011,Armstrong,2011,2015,Black (includes Hispanic),
48,Texas,48011,Armstrong,2011,2015,Hispanic (all races),14.8
48,Texas,48011,Armstrong,2011,2015,American Indian/Alaskan Native (includes Hispanic),
48,Texas,48011,Armstrong,2011,2015,White (includes Hispanic),10.9
48,Texas,48011,Armstrong,2012,2016,Asian/Pacific Islander (includes Hispanic),
48,Texas,48011,Armstrong,2012,2016,Black (includes Hispanic),
48,Texas,48011,Armstrong,2012,2016,Hispanic (all races),14.7
48,Texas,48011,Armstrong,2012,2016,American Indian/Alaskan Native (includes Hispanic),
48,Texas,48011,Armstrong,2012,2016,White (includes Hispanic),11.3
48,Texas,48011,Armstrong,2013,2017,Asian/Pacific Islander (includes Hispanic),
48,Texas,48011,Armstrong,2013,2017,Black (includes Hispanic),
48,Texas,48011,Armstrong,2013,2017,Hispanic (all races),14.3
48,Texas,48011,Armstrong,2013,2017,American Indian/Alaskan Native (includes Hispanic),
48,Texas,48011,Armstrong,2013,2017,White (includes Hispanic),11.9
48,Texas,48011,Armstrong,2014,2018,Asian/Pacific Islander (includes Hispanic),
48,Texas,48011,Armstrong,2014,2018,Black (includes Hispanic),
48,Texas,48011,Armstrong,2014,2018,Hispanic (all races),11.5
48,Texas,48011,Armstrong,2014,2018,American Indian/Alaskan Native (includes Hispanic),
48,Texas,48011,Armstrong,2014,2018,White (includes Hispanic),10.6
48,Texas,48011,Armstrong,2015,2019,Asian/Pacific Islander (includes Hispanic),
48,Texas,48011,Armstrong,2015,2019,Black (includes Hispanic),
48,Texas,48011,Armstrong,2015,2019,Hispanic (all races),10.3
48,Texas,48011,Armstrong,2015,2019,American Indian/Alaskan Native (includes Hispanic),
48,Texas,48011,Armstrong,2015,2019,White (includes Hispanic),11.3
48,Texas,48011,Armstrong,2016,2020,Asian/Pacific Islander (includes Hispanic),
48,Texas,48011,Armstrong,2016,2020,Black (includes Hispanic),
48,Texas,48011,Armstrong,2016,2020,Hispanic (all races),12.5
48,Texas,48011,Armstrong,2016,2020,American Indian/Alaskan Native (includes Hispanic),
48,Texas,48011,Armstrong,2016,2020,White (includes Hispanic),12.8
48,Texas,48013,Atascosa,2011,2015,Asian/Pacific Islander (includes Hispanic),
48,Texas,48013,Atascosa,2011,2015,Black (includes Hispanic),7.6
48,Texas,48013,Atascosa,2011,2015,Hispanic (all races),11.4
48,Texas,48013,Atascosa,2011,2015,American Indian/Alaskan Native (includes Hispanic),
48,Texas,48013,Atascosa,2011,2015,White (includes Hispanic),11.2
48,Texas,48013,Atascosa,2012,2016,Asian/Pacific Islander (includes Hispanic),
48,Texas,48013,Atascosa,2012,2016,Black (includes Hispanic),8.0
48,Texas,48013,Atascosa,2012,2016,Hispanic (all races),11.3
48,Texas,48013,Atascosa,2012,2016,American Indian/Alaskan Native (includes Hispanic),
48,Texas,48013,Atascosa,2012,2016,White (includes Hispanic),11.3
48,Texas,48013,Atascosa,2013,2017,Asian/Pacific Islander (includes Hispanic),
48,Texas,48013,Atascosa,2013,2017,Black (includes Hispanic),9.6
48,Texas,48013,Atascosa,2013,2017,Hispanic (all races),11.7
48,Texas,48013,Atascosa,2013,2017,American Indian/Alaskan Native (includes Hispanic),
48,Texas,48013,Atascosa,2013,2017,White (includes Hispanic),11.5
48,Texas,48013,Atascosa,2014,2018,Asian/Pacific Islander (includes Hispanic),
48,Texas,48013,Atascosa,2014,2018,Black (includes Hispanic),9.7
48,Texas,48013,Atascosa,2014,2018,Hispanic (all races),11.5
48,Texas,48013,Atascosa,2014,2018,American Indian/Alaskan Native (includes Hispanic),
48,Texas,48013,Atascosa,2014,2018,White (includes Hispanic),11.3
48,Texas,48013,Atascosa,2015,2019,Asian/Pacific Islander (includes Hispanic),
48,Texas,48013,Atascosa,2015,2019,Black (includes Hispanic),8.8
48,Texas,48013,Atascosa,2015,2019,Hispanic (all races),11.7
48,Texas,48013,Atascosa,2015,2019,American Indian/Alaskan Native (includes Hispanic),
48,Texas,48013,Atascosa,2015,2019,White (includes Hispanic),11.4
48,Texas,48013,Atascosa,2016,2020,Asian/Pacific Islander (includes Hispanic),
48,Texas,48013,Atascosa,2016,2020,Black (includes Hispanic),9.1
48,Texas,48013,Atascosa,2016,2020,Hispanic (all races),12.5
48,Texas,48013,Atascosa,2016,2020,American Indian/Alaskan Native (includes Hispanic),
48,Texas,48013,Atascosa,2016,2020,White (includes Hispanic),11.4
48,Texas,48015,Austin,2011,2015,Asian/Pacific Islander (includes Hispanic),
48,Texas,48015,Austin,2011,2015,Black (includes Hispanic),7.8
48,Texas,48015,Austin,2011,2015,Hispanic (all races),9.4
48,Texas,48015,Austin,2011,2015,American Indian/Alaskan Native (includes Hispanic),
48,Texas,48015,Austin,2011,2015,White (includes Hispanic),7.2
48,Texas,48015,Austin,2012,2016,Asian/Pacific Islander (includes Hispanic),
48,Texas,48015,Austin,2012,2016,Black (includes Hispanic),7.6
48,Texas,48015,Austin,2012,2016,Hispanic (all races),9.3
48,Texas,48015,Austin,2012,2016,American Indian/Alaskan Native (includes Hispanic),
48,Texas,48015,Austin,2012,2016,White (includes Hispanic),7.7
48,Texas,48015,Austin,2013,2017,Asian/Pacific Islander (includes Hispanic),
48,Texas,48015,Austin,2013,2017,Black (includes Hispanic),7.3
48,Texas,48015,Austin,2013,2017,Hispanic (all races),9.9
48,Texas,48015,Austin,2013,2017,American Indian/Alaskan Native (includes Hispanic),
48,Texas,48015,Austin,2013,2017,White (includes Hispanic),8.3
48,Texas,48015,Austin,2014,2018,Asian/Pacific Islander (includes Hispanic),5.0
48,Texas,48015,Austin,2014,2018,Black (includes Hispanic),7.3
48,Texas,48015,Austin,2014,2018,Hispanic (all races),9.9
48,Texas,48015,Austin,2014,2018,American Indian/Alaskan Native (includes Hispanic),
48,Texas,48015,Austin,2014,2018,White (includes Hispanic),8.2
48,Texas,48015,Austin,2015,2019,Asian/Pacific Islander (includes Hispanic),5.1
48,Texas,48015,Austin,2015,2019,Black (includes Hispanic),5.8
48,Texas,48015,Austin,2015,2019,Hispanic (all races),8.8
48,Texas,48015,Austin,2015,2019,American Indian/Alaskan Native (includes Hispanic),
48,Texas,48015,Austin,2015,2019,White (includes Hispanic),7.9
48,Texas,48015,Austin,2016,2020,Asian/Pacific Islander (includes Hispanic),5.3
48,Texas,48015,Austin,2016,2020,Black (includes Hispanic),6.7
48,Texas,48015,Austin,2016,2020,Hispanic (all races),9.8
48,Texas,48015,Austin,2016,2020,American Indian/Alaskan Native (includes Hispanic),
48,Texas,48015,Austin,2016,2020,White (includes Hispanic),8.1
48,Texas,48017,Bailey,2011,2015,Asian/Pacific Islander (includes Hispanic),
48,Texas,48017,Bailey,2011,2015,Black (includes Hispanic),
48,Texas,48017,Bailey,2011,2015,Hispanic (all races),
48,Texas,48017,Bailey,2011,2015,American Indian/Alaskan Native (includes Hispanic),
48,Texas,48017,Bailey,2011,2015,White (includes Hispanic),6.7
48,Texas,48017,Bailey,2012,2016,Asian/Pacific Islander (includes Hispanic),
48,Texas,48017,Bailey,2012,2016,Black (includes Hispanic),
48,Texas,48017,Bailey,2012,2016,Hispanic (all races),
48,Texas,48017,Bailey,2012,2016,American Indian/Alaskan Native (includes Hispanic),
48,Texas,48017,Bailey,2012,2016,White (includes Hispanic),8.2
48,Texas,48017,Bailey,2013,2017,Asian/Pacific Islander (includes Hispanic),
48,Texas,48017,Bailey,2013,2017,Black (includes Hispanic),
48,Texas,48017,Bailey,2013,2017,Hispanic (all races),
48,Texas,48017,Bailey,2013,2017,American Indian/Alaskan Native (includes Hispanic),
48,Texas,48017,Bailey,2013,2017,White (includes Hispanic),8.9
48,Texas,48017,Bailey,2014,2018,Asian/Pacific Islander (includes Hispanic),
48,Texas,48017,Bailey,2014,2018,Black (includes Hispanic),
48,Texas,48017,Bailey,2014,2018,Hispanic (all races),
48,Texas,48017,Bailey,2014,2018,American Indian/Alaskan Native (includes Hispanic),
48,Texas,48017,Bailey,2014,2018,White (includes Hispanic),8.3
48,Texas,48017,Bailey,2015,2019,Asian/Pacific Islander (includes Hispanic),
48,Texas,48017,Bailey,2015,2019,Black (includes Hispanic),
48,Texas,48017,Bailey,2015,2019,Hispanic (all races),
48,Texas,48017,Bailey,2015,2019,American Indian/Alaskan Native (includes Hispanic),
48,Texas,48017,Bailey,2015,2019,White (includes Hispanic),8.9
48,Texas,48017,Bailey,2016,2020,Asian/Pacific Islander (includes Hispanic),
48,Texas,48017,Bailey,2016,2020,Black (includes Hispanic),
48,Texas,48017,Bailey,2016,2020,Hispanic (all races),
48,Texas,48017,Bailey,2016,2020,American Indian/Alaskan Native (includes Hispanic),
48,Texas,48017,Bailey,2016,2020,White (includes Hispanic),7.2
48,Texas,48019,Bandera,2011,2015,Asian/Pacific Islander (includes Hispanic),
48,Texas,48019,Bandera,2011,2015,Black (includes Hispanic),7.6
48,Texas,48019,Bandera,2011,2015,Hispanic (all races),11.4
48,Texas,48019,Bandera,2011,2015,American Indian/Alaskan Native (includes Hispanic),
48,Texas,48019,Bandera,2011,2015,White (includes Hispanic),11.1
48,Texas,48019,Bandera,2012,2016,Asian/Pacific Islander (includes Hispanic),
48,Texas,48019,Bandera,2012,2016,Black (includes Hispanic),8.0
48,Texas,48019,Bandera,2012,2016,Hispanic (all races),11.6
48,Texas,48019,Bandera,2012,2016,American Indian/Alaskan Native (includes Hispanic),
48,Texas,48019,Bandera,2012,2016,White (includes Hispanic),11.4
48,Texas,48019,Bandera,2013,2017,Asian/Pacific Islander (includes Hispanic),
48,Texas,48019,Bandera,2013,2017,Black (includes Hispanic),9.6
48,Texas,48019,Bandera,2013,2017,Hispanic (all races),12.0
48,Texas,48019,Bandera,2013,2017,American Indian/Alaskan Native (includes Hispanic),
48,Texas,48019,Bandera,2013,2017,White (includes Hispanic),11.5
48,Texas,48019,Bandera,2014,2018,Asian/Pacific Islander (includes Hispanic),
48,Texas,48019,Bandera,2014,2018,Black (includes Hispanic),9.7
48,Texas,48019,Bandera,2014,2018,Hispanic (all races),11.6
48,Texas,48019,Bandera,2014,2018,American Indian/Alaskan Native (includes Hispanic),
48,Texas,48019,Bandera,2014,2018,White (includes Hispanic),11.3
48,Texas,48019,Bandera,2015,2019,Asian/Pacific Islander (includes Hispanic),
48,Texas,48019,Bandera,2015,2019,Black (includes Hispanic),8.8
48,Texas,48019,Bandera,2015,2019,Hispanic (all races),11.6
48,Texas,48019,Bandera,2015,2019,American Indian/Alaskan Native (includes Hispanic),
48,Texas,48019,Bandera,2015,2019,White (includes Hispanic),11.2
48,Texas,48019,Bandera,2016,2020,Asian/Pacific Islander (includes Hispanic),
48,Texas,48019,Bandera,2016,2020,Black (includes Hispanic),9.4
48,Texas,48019,Bandera,2016,2020,Hispanic (all races),12.5
48,Texas,48019,Bandera,2016,2020,American Indian/Alaskan Native (includes Hispanic),
48,Texas,48019,Bandera,2016,2020,White (includes Hispanic),11.2
48,Texas,48021,Bastrop,2011,2015,Asian/Pacific Islander (includes Hispanic),
48,Texas,48021,Bastrop,2011,2015,Black (includes Hispanic),6.2
48,Texas,48021,Bastrop,2011,2015,Hispanic (all races),10.4
48,Texas,48021,Bastrop,2011,2015,American Indian/Alaskan Native (includes Hispanic),
48,Texas,48021,Bastrop,2011,2015,White (includes Hispanic),7.1
48,Texas,48021,Bastrop,2012,2016,Asian/Pacific Islander (includes Hispanic),
48,Texas,48021,Bastrop,2012,2016,Black (includes Hispanic),6.9
48,Texas,48021,Bastrop,2012,2016,Hispanic (all races),9.7
48,Texas,48021,Bastrop,2012,2016,American Indian/Alaskan Native (includes Hispanic),
48,Texas,48021,Bastrop,2012,2016,White (includes Hispanic),6.9
48,Texas,48021,Bastrop,2013,2017,Asian/Pacific Islander (includes Hispanic),
48,Texas,48021,Bastrop,2013,2017,Black (includes Hispanic),5.4
48,Texas,48021,Bastrop,2013,2017,Hispanic (all races),9.0
48,Texas,48021,Bastrop,2013,2017,American Indian/Alaskan Native (includes Hispanic),
48,Texas,48021,Bastrop,2013,2017,White (includes Hispanic),6.9
48,Texas,48021,Bastrop,2014,2018,Asian/Pacific Islander (includes Hispanic),
48,Texas,48021,Bastrop,2014,2018,Black (includes Hispanic),5.6
48,Texas,48021,Bastrop,2014,2018,Hispanic (all races),8.9
48,Texas,48021,Bastrop,2014,2018,American Indian/Alaskan Native (includes Hispanic),
48,Texas,48021,Bastrop,2014,2018,White (includes Hispanic),6.9
48,Texas,48021,Bastrop,2015,2019,Asian/Pacific Islander (includes Hispanic),
48,Texas,48021,Bastrop,2015,2019,Black (includes Hispanic),6.0
48,Texas,48021,Bastrop,2015,2019,Hispanic (all races),8.8
48,Texas,48021,Bastrop,2015,2019,American Indian/Alaskan Native (includes Hispanic),
48,Texas,48021,Bastrop,2015,2019,White (includes Hispanic),7.2
48,Texas,48021,Bastrop,2016,2020,Asian/Pacific Islander (includes Hispanic),
48,Texas,48021,Bastrop,2016,2020,Black (includes Hispanic),5.2
48,Texas,48021,Bastrop,2016,2020,Hispanic (all races),8.2
48,Texas,48021,Bastrop,2016,2020,American Indian/Alaskan Native (includes Hispanic),
48,Texas,48021,Bastrop,2016,2020,White (includes Hispanic),6.9
48,Texas,48023,Baylor,2011,2015,Asian/Pacific Islander (includes Hispanic),
48,Texas,48023,Baylor,2011,2015,Black (includes Hispanic),
48,Texas,48023,Baylor,2011,2015,Hispanic (all races),
48,Texas,48023,Baylor,2011,2015,American Indian/Alaskan Native (includes Hispanic),
48,Texas,48023,Baylor,2011,2015,White (includes Hispanic),10.3
48,Texas,48023,Baylor,2012,2016,Asian/Pacific Islander (includes Hispanic),
48,Texas,48023,Baylor,2012,2016,Black (includes Hispanic),
48,Texas,48023,Baylor,2012,2016,Hispanic (all races),
48,Texas,48023,Baylor,2012,2016,American Indian/Alaskan Native (includes Hispanic),
48,Texas,48023,Baylor,2012,2016,White (includes Hispanic),11.7
48,Texas,48023,Baylor,2013,2017,Asian/Pacific Islander (includes Hispanic),
48,Texas,48023,Baylor,2013,2017,Black (includes Hispanic),
48,Texas,48023,Baylor,2013,2017,Hispanic (all races),
48,Texas,48023,Baylor,2013,2017,American Indian/Alaskan Native (includes Hispanic),
48,Texas,48023,Baylor,2013,2017,White (includes Hispanic),13.2
48,Texas,48023,Baylor,2014,2018,Asian/Pacific Islander (includes Hispanic),
48,Texas,48023,Baylor,2014,2018,Black (includes Hispanic),
48,Texas,48023,Baylor,2014,2018,Hispanic (all races),
48,Texas,48023,Baylor,2014,2018,American Indian/Alaskan Native (includes Hispanic),
48,Texas,48023,Baylor,2014,2018,White (includes Hispanic),15.6
48,Texas,48023,Baylor,2015,2019,Asian/Pacific Islander (includes Hispanic),
48,Texas,48023,Baylor,2015,2019,Black (includes Hispanic),
48,Texas,48023,Baylor,2015,2019,Hispanic (all races),
48,Texas,48023,Baylor,2015,2019,American Indian/Alaskan Native (includes Hispanic),
48,Texas,48023,Baylor,2015,2019,White (includes Hispanic),17.3
48,Texas,48023,Baylor,2016,2020,Asian/Pacific Islander (includes Hispanic),
48,Texas,48023,Baylor,2016,2020,Black (includes Hispanic),
48,Texas,48023,Baylor,2016,2020,Hispanic (all races),
48,Texas,48023,Baylor,2016,2020,American Indian/Alaskan Native (includes Hispanic),
48,Texas,48023,Baylor,2016,2020,White (includes Hispanic),18.1
48,Texas,48025,Bee,2011,2015,Asian/Pacific Islander (includes Hispanic),
48,Texas,48025,Bee,2011,2015,Black (includes Hispanic),
48,Texas,48025,Bee,2011,2015,Hispanic (all races),
48,Texas,48025,Bee,2011,2015,American Indian/Alaskan Native (includes Hispanic),
48,Texas,48025,Bee,2011,2015,White (includes Hispanic),8.6
48,Texas,48025,Bee,2012,2016,Asian/Pacific Islander (includes Hispanic),
48,Texas,48025,Bee,2012,2016,Black (includes Hispanic),
48,Texas,48025,Bee,2012,2016,Hispanic (all races),
48,Texas,48025,Bee,2012,2016,American Indian/Alaskan Native (includes Hispanic),
48,Texas,48025,Bee,2012,2016,White (includes Hispanic),10.0
48,Texas,48025,Bee,2013,2017,Asian/Pacific Islander (includes Hispanic),
48,Texas,48025,Bee,2013,2017,Black (includes Hispanic),
48,Texas,48025,Bee,2013,2017,Hispanic (all races),12.6
48,Texas,48025,Bee,2013,2017,American Indian/Alaskan Native (includes Hispanic),
48,Texas,48025,Bee,2013,2017,White (includes Hispanic),10.7
48,Texas,48025,Bee,2014,2018,Asian/Pacific Islander (includes Hispanic),
48,Texas,48025,Bee,2014,2018,Black (includes Hispanic),
48,Texas,48025,Bee,2014,2018,Hispanic (all races),12.5
48,Texas,48025,Bee,2014,2018,American Indian/Alaskan Native (includes Hispanic),
48,Texas,48025,Bee,2014,2018,White (includes Hispanic),11.3
48,Texas,48025,Bee,2015,2019,Asian/Pacific Islander (includes Hispanic),
48,Texas,48025,Bee,2015,2019,Black (includes Hispanic),
48,Texas,48025,Bee,2015,2019,Hispanic (all races),14.5
48,Texas,48025,Bee,2015,2019,American Indian/Alaskan Native (includes Hispanic),
48,Texas,48025,Bee,2015,2019,White (includes Hispanic),13.2
48,Texas,48025,Bee,2016,2020,Asian/Pacific Islander (includes Hispanic),
48,Texas,48025,Bee,2016,2020,Black (includes Hispanic),
48,Texas,48025,Bee,2016,2020,Hispanic (all races),16.6
48,Texas,48025,Bee,2016,2020,American Indian/Alaskan Native (includes Hispanic),
48,Texas,48025,Bee,2016,2020,White (includes Hispanic),14.7
48,Texas,48027,Bell,2011,2015,Asian/Pacific Islander (includes Hispanic),
48,Texas,48027,Bell,2011,2015,Black (includes Hispanic),9.9
48,Texas,48027,Bell,2011,2015,Hispanic (all races),8.2
48,Texas,48027,Bell,2011,2015,American Indian/Alaskan Native (includes Hispanic),
48,Texas,48027,Bell,2011,2015,White (includes Hispanic),8.5
48,Texas,48027,Bell,2012,2016,Asian/Pacific Islander (includes Hispanic),
48,Texas,48027,Bell,2012,2016,Black (includes Hispanic),10.2
48,Texas,48027,Bell,2012,2016,Hispanic (all races),8.4
48,Texas,48027,Bell,2012,2016,American Indian/Alaskan Native (includes Hispanic),
48,Texas,48027,Bell,2012,2016,White (includes Hispanic),7.7
48,Texas,48027,Bell,2013,2017,Asian/Pacific Islander (includes Hispanic),
48,Texas,48027,Bell,2013,2017,Black (includes Hispanic),9.3
48,Texas,48027,Bell,2013,2017,Hispanic (all races),8.5
48,Texas,48027,Bell,2013,2017,American Indian/Alaskan Native (includes Hispanic),
48,Texas,48027,Bell,2013,2017,White (includes Hispanic),7.6
48,Texas,48027,Bell,2014,2018,Asian/Pacific Islander (includes Hispanic),
48,Texas,48027,Bell,2014,2018,Black (includes Hispanic),8.4
48,Texas,48027,Bell,2014,2018,Hispanic (all races),8.8
48,Texas,48027,Bell,2014,2018,American Indian/Alaskan Native (includes Hispanic),
48,Texas,48027,Bell,2014,2018,White (includes Hispanic),8.1
48,Texas,48027,Bell,2015,2019,Asian/Pacific Islander (includes Hispanic),
48,Texas,48027,Bell,2015,2019,Black (includes Hispanic),6.5
48,Texas,48027,Bell,2015,2019,Hispanic (all races),9.7
48,Texas,48027,Bell,2015,2019,American Indian/Alaskan Native (includes Hispanic),
48,Texas,48027,Bell,2015,2019,White (includes Hispanic),9.0
48,Texas,48027,Bell,2016,2020,Asian/Pacific Islander (includes Hispanic),
48,Texas,48027,Bell,2016,2020,Black (includes Hispanic),5.2
48,Texas,48027,Bell,2016,2020,Hispanic (all races),10.0
48,Texas,48027,Bell,2016,2020,American Indian/Alaskan Native (includes Hispanic),
48,Texas,48027,Bell,2016,2020,White (includes Hispanic),9.2
48,Texas,48029,Bexar,2011,2015,Asian/Pacific Islander (includes Hispanic),
48,Texas,48029,Bexar,2011,2015,Black (includes Hispanic),7.5
48,Texas,48029,Bexar,2011,2015,Hispanic (all races),11.4
48,Texas,48029,Bexar,2011,2015,American Indian/Alaskan Native (includes Hispanic),
48,Texas,48029,Bexar,2011,2015,White (includes Hispanic),10.9
48,Texas,48029,Bexar,2012,2016,Asian/Pacific Islander (includes Hispanic),
48,Texas,48029,Bexar,2012,2016,Black (includes Hispanic),7.8
48,Texas,48029,Bexar,2012,2016,Hispanic (all races),11.4
48,Texas,48029,Bexar,2012,2016,American Indian/Alaskan Native (includes Hispanic),
48,Texas,48029,Bexar,2012,2016,White (includes Hispanic),11.0
48,Texas,48029,Bexar,2013,2017,Asian/Pacific Islander (includes Hispanic),
48,Texas,48029,Bexar,2013,2017,Black (includes Hispanic),9.1
48,Texas,48029,Bexar,2013,2017,Hispanic (all races),11.8
48,Texas,48029,Bexar,2013,2017,American Indian/Alaskan Native (includes Hispanic),
48,Texas,48029,Bexar,2013,2017,White (includes Hispanic),11.2
48,Texas,48029,Bexar,2014,2018,Asian/Pacific Islander (includes Hispanic),
48,Texas,48029,Bexar,2014,2018,Black (includes Hispanic),9.0
48,Texas,48029,Bexar,2014,2018,Hispanic (all races),11.6
48,Texas,48029,Bexar,2014,2018,American Indian/Alaskan Native (includes Hispanic),
48,Texas,48029,Bexar,2014,2018,White (includes Hispanic),10.9
48,Texas,48029,Bexar,2015,2019,Asian/Pacific Islander (includes Hispanic),
48,Texas,48029,Bexar,2015,2019,Black (includes Hispanic),8.1
48,Texas,48029,Bexar,2015,2019,Hispanic (all races),11.5
48,Texas,48029,Bexar,2015,2019,American Indian/Alaskan Native (includes Hispanic),
48,Texas,48029,Bexar,2015,2019,White (includes Hispanic),10.8
48,Texas,48029,Bexar,2016,2020,Asian/Pacific Islander (includes Hispanic),
48,Texas,48029,Bexar,2016,2020,Black (includes Hispanic),8.3
48,Texas,48029,Bexar,2016,2020,Hispanic (all races),12.4
48,Texas,48029,Bexar,2016,2020,American Indian/Alaskan Native (includes Hispanic),
48,Texas,48029,Bexar,2016,2020,White (includes Hispanic),10.9
48,Texas,48031,Blanco,2011,2015,Asian/Pacific Islander (includes Hispanic),
48,Texas,48031,Blanco,2011,2015,Black (includes Hispanic),
48,Texas,48031,Blanco,2011,2015,Hispanic (all races),10.9
48,Texas,48031,Blanco,2011,2015,American Indian/Alaskan Native (includes Hispanic),
48,Texas,48031,Blanco,2011,2015,White (includes Hispanic),7.8
48,Texas,48031,Blanco,2012,2016,Asian/Pacific Islander (includes Hispanic),
48,Texas,48031,Blanco,2012,2016,Black (includes Hispanic),
48,Texas,48031,Blanco,2012,2016,Hispanic (all races),10.3
48,Texas,48031,Blanco,2012,2016,American Indian/Alaskan Native (includes Hispanic),
48,Texas,48031,Blanco,2012,2016,White (includes Hispanic),7.7
48,Texas,48031,Blanco,2013,2017,Asian/Pacific Islander (includes Hispanic),
48,Texas,48031,Blanco,2013,2017,Black (includes Hispanic),
48,Texas,48031,Blanco,2013,2017,Hispanic (all races),10.5
48,Texas,48031,Blanco,2013,2017,American Indian/Alaskan Native (includes Hispanic),
48,Texas,48031,Blanco,2013,2017,White (includes Hispanic),7.8
48,Texas,48031,Blanco,2014,2018,Asian/Pacific Islander (includes Hispanic),
48,Texas,48031,Blanco,2014,2018,Black (includes Hispanic),6.5
48,Texas,48031,Blanco,2014,2018,Hispanic (all races),10.5
48,Texas,48031,Blanco,2014,2018,American Indian/Alaskan Native (includes Hispanic),
48,Texas,48031,Blanco,2014,2018,White (includes Hispanic),7.7
48,Texas,48031,Blanco,2015,2019,Asian/Pacific Islander (includes Hispanic),
48,Texas,48031,Blanco,2015,2019,Black (includes Hispanic),7.4
48,Texas,48031,Blanco,2015,2019,Hispanic (all races),10.2
48,Texas,48031,Blanco,2015,2019,American Indian/Alaskan Native (includes Hispanic),
48,Texas,48031,Blanco,2015,2019,White (includes Hispanic),8.0
48,Texas,48031,Blanco,2016,2020,Asian/Pacific Islander (includes Hispanic),
48,Texas,48031,Blanco,2016,2020,Black (includes Hispanic),6.3
48,Texas,48031,Blanco,2016,2020,Hispanic (all races),9.5
48,Texas,48031,Blanco,2016,2020,American Indian/Alaskan Native (includes Hispanic),
48,Texas,48031,Blanco,2016,2020,White (includes Hispanic),7.4
48,Texas,48033,Borden,2011,2015,Asian/Pacific Islander (includes Hispanic),
48,Texas,48033,Borden,2011,2015,Black (includes Hispanic),
48,Texas,48033,Borden,2011,2015,Hispanic (all races),
48,Texas,48033,Borden,2011,2015,American Indian/Alaskan Native (includes Hispanic),
48,Texas,48033,Borden,2011,2015,White (includes Hispanic),11.7
48,Texas,48033,Borden,2012,2016,Asian/Pacific Islander (includes Hispanic),
48,Texas,48033,Borden,2012,2016,Black (includes Hispanic),
48,Texas,48033,Borden,2012,2016,Hispanic (all races),
48,Texas,48033,Borden,2012,2016,American Indian/Alaskan Native (includes Hispanic),
48,Texas,48033,Borden,2012,2016,White (includes Hispanic),14.3
48,Texas,48033,Borden,2013,2017,Asian/Pacific Islander (includes Hispanic),
48,Texas,48033,Borden,2013,2017,Black (includes Hispanic),
48,Texas,48033,Borden,2013,2017,Hispanic (all races),
48,Texas,48033,Borden,2013,2017,American Indian/Alaskan Native (includes Hispanic),
48,Texas,48033,Borden,2013,2017,White (includes Hispanic),12.8
48,Texas,48033,Borden,2014,2018,Asian/Pacific Islander (includes Hispanic),
48,Texas,48033,Borden,2014,2018,Black (includes Hispanic),
48,Texas,48033,Borden,2014,2018,Hispanic (all races),
48,Texas,48033,Borden,2014,2018,American Indian/Alaskan Native (includes Hispanic),
48,Texas,48033,Borden,2014,2018,White (includes Hispanic),12.6
48,Texas,48033,Borden,2015,2019,Asian/Pacific Islander (includes Hispanic),
48,Texas,48033,Borden,2015,2019,Black (includes Hispanic),
48,Texas,48033,Borden,2015,2019,Hispanic (all races),
48,Texas,48033,Borden,2015,2019,American Indian/Alaskan Native (includes Hispanic),
48,Texas,48033,Borden,2015,2019,White (includes Hispanic),14.1
48,Texas,48033,Borden,2016,2020,Asian/Pacific Islander (includes Hispanic),
48,Texas,48033,Borden,2016,2020,Black (includes Hispanic),
48,Texas,48033,Borden,2016,2020,Hispanic (all races),
48,Texas,48033,Borden,2016,2020,American Indian/Alaskan Native (includes Hispanic),
48,Texas,48033,Borden,2016,2020,White (includes Hispanic),14.7
48,Texas,48035,Bosque,2011,2015,Asian/Pacific Islander (includes Hispanic),
48,Texas,48035,Bosque,2011,2015,Black (includes Hispanic),14.3
48,Texas,48035,Bosque,2011,2015,Hispanic (all races),
48,Texas,48035,Bosque,2011,2015,American Indian/Alaskan Native (includes Hispanic),
48,Texas,48035,Bosque,2011,2015,White (includes Hispanic),8.1
48,Texas,48035,Bosque,2012,2016,Asian/Pacific Islander (includes Hispanic),
48,Texas,48035,Bosque,2012,2016,Black (includes Hispanic),
48,Texas,48035,Bosque,2012,2016,Hispanic (all races),
48,Texas,48035,Bosque,2012,2016,American Indian/Alaskan Native (includes Hispanic),
48,Texas,48035,Bosque,2012,2016,White (includes Hispanic),8.5
48,Texas,48035,Bosque,2013,2017,Asian/Pacific Islander (includes Hispanic),
48,Texas,48035,Bosque,2013,2017,Black (includes Hispanic),
48,Texas,48035,Bosque,2013,2017,Hispanic (all races),
48,Texas,48035,Bosque,2013,2017,American Indian/Alaskan Native (includes Hispanic),
48,Texas,48035,Bosque,2013,2017,White (includes Hispanic),8.6
48,Texas,48035,Bosque,2014,2018,Asian/Pacific Islander (includes Hispanic),
48,Texas,48035,Bosque,2014,2018,Black (includes Hispanic),
48,Texas,48035,Bosque,2014,2018,Hispanic (all races),9.0
48,Texas,48035,Bosque,2014,2018,American Indian/Alaskan Native (includes Hispanic),
48,Texas,48035,Bosque,2014,2018,White (includes Hispanic),9.7
48,Texas,48035,Bosque,2015,2019,Asian/Pacific Islander (includes Hispanic),
48,Texas,48035,Bosque,2015,2019,Black (includes Hispanic),
48,Texas,48035,Bosque,2015,2019,Hispanic (all races),12.7
48,Texas,48035,Bosque,2015,2019,American Indian/Alaskan Native (includes Hispanic),
48,Texas,48035,Bosque,2015,2019,White (includes Hispanic),10.9
48,Texas,48035,Bosque,2016,2020,Asian/Pacific Islander (includes Hispanic),
48,Texas,48035,Bosque,2016,2020,Black (includes Hispanic),
48,Texas,48035,Bosque,2016,2020,Hispanic (all races),13.4
48,Texas,48035,Bosque,2016,2020,American Indian/Alaskan Native (includes Hispanic),
48,Texas,48035,Bosque,2016,2020,White (includes Hispanic),11.5
48,Texas,48037,Bowie,2011,2015,Asian/Pacific Islander (includes Hispanic),
48,Texas,48037,Bowie,2011,2015,Black (includes Hispanic),13.5
48,Texas,48037,Bowie,2011,2015,Hispanic (all races),
48,Texas,48037,Bowie,2011,2015,American Indian/Alaskan Native (includes Hispanic),
48,Texas,48037,Bowie,2011,2015,White (includes Hispanic),12.2
48,Texas,48037,Bowie,2012,2016,Asian/Pacific Islander (includes Hispanic),
48,Texas,48037,Bowie,2012,2016,Black (includes Hispanic),
48,Texas,48037,Bowie,2012,2016,Hispanic (all races),
48,Texas,48037,Bowie,2012,2016,American Indian/Alaskan Native (includes Hispanic),
48,Texas,48037,Bowie,2012,2016,White (includes Hispanic),11.4
48,Texas,48037,Bowie,2013,2017,Asian/Pacific Islander (includes Hispanic),
48,Texas,48037,Bowie,2013,2017,Black (includes Hispanic),
48,Texas,48037,Bowie,2013,2017,Hispanic (all races),
48,Texas,48037,Bowie,2013,2017,American Indian/Alaskan Native (includes Hispanic),
48,Texas,48037,Bowie,2013,2017,White (includes Hispanic),11.6
48,Texas,48037,Bowie,2014,2018,Asian/Pacific Islander (includes Hispanic),
48,Texas,48037,Bowie,2014,2018,Black (includes Hispanic),
48,Texas,48037,Bowie,2014,2018,Hispanic (all races),
48,Texas,48037,Bowie,2014,2018,American Indian/Alaskan Native (includes Hispanic),
48,Texas,48037,Bowie,2014,2018,White (includes Hispanic),12.9
48,Texas,48037,Bowie,2015,2019,Asian/Pacific Islander (includes Hispanic),
48,Texas,48037,Bowie,2015,2019,Black (includes Hispanic),
48,Texas,48037,Bowie,2015,2019,Hispanic (all races),
48,Texas,48037,Bowie,2015,2019,American Indian/Alaskan Native (includes Hispanic),
48,Texas,48037,Bowie,2015,2019,White (includes Hispanic),14.5
48,Texas,48037,Bowie,2016,2020,Asian/Pacific Islander (includes Hispanic),
48,Texas,48037,Bowie,2016,2020,Black (includes Hispanic),
48,Texas,48037,Bowie,2016,2020,Hispanic (all races),
48,Texas,48037,Bowie,2016,2020,American Indian/Alaskan Native (includes Hispanic),
48,Texas,48037,Bowie,2016,2020,White (includes Hispanic),16.5
48,Texas,48039,Brazoria,2011,2015,Asian/Pacific Islander (includes Hispanic),4.8
48,Texas,48039,Brazoria,2011,2015,Black (includes Hispanic),11.3
48,Texas,48039,Brazoria,2011,2015,Hispanic (all races),13.5
48,Texas,48039,Brazoria,2011,2015,American Indian/Alaskan Native (includes Hispanic),
48,Texas,48039,Brazoria,2011,2015,White (includes Hispanic),10.5
48,Texas,48039,Brazoria,2012,2016,Asian/Pacific Islander (includes Hispanic),5.4
48,Texas,48039,Brazoria,2012,2016,Black (includes Hispanic),10.9
48,Texas,48039,Brazoria,2012,2016,Hispanic (all races),13.3
48,Texas,48039,Brazoria,2012,2016,American Indian/Alaskan Native (includes Hispanic),
48,Texas,48039,Brazoria,2012,2016,White (includes Hispanic),10.5
48,Texas,48039,Brazoria,2013,2017,Asian/Pacific Islander (includes Hispanic),5.7
48,Texas,48039,Brazoria,2013,2017,Black (includes Hispanic),9.4
48,Texas,48039,Brazoria,2013,2017,Hispanic (all races),13.1
48,Texas,48039,Brazoria,2013,2017,American Indian/Alaskan Native (includes Hispanic),
48,Texas,48039,Brazoria,2013,2017,White (includes Hispanic),10.3
48,Texas,48039,Brazoria,2014,2018,Asian/Pacific Islander (includes Hispanic),6.2
48,Texas,48039,Brazoria,2014,2018,Black (includes Hispanic),9.3
48,Texas,48039,Brazoria,2014,2018,Hispanic (all races),13.1
48,Texas,48039,Brazoria,2014,2018,American Indian/Alaskan Native (includes Hispanic),
48,Texas,48039,Brazoria,2014,2018,White (includes Hispanic),10.2
48,Texas,48039,Brazoria,2015,2019,Asian/Pacific Islander (includes Hispanic),6.5
48,Texas,48039,Brazoria,2015,2019,Black (includes Hispanic),9.2
48,Texas,48039,Brazoria,2015,2019,Hispanic (all races),12.4
48,Texas,48039,Brazoria,2015,2019,American Indian/Alaskan Native (includes Hispanic),
48,Texas,48039,Brazoria,2015,2019,White (includes Hispanic),10.0
48,Texas,48039,Brazoria,2016,2020,Asian/Pacific Islander (includes Hispanic),6.3
48,Texas,48039,Brazoria,2016,2020,Black (includes Hispanic),8.7
48,Texas,48039,Brazoria,2016,2020,Hispanic (all races),12.2
48,Texas,48039,Brazoria,2016,2020,American Indian/Alaskan Native (includes Hispanic),
48,Texas,48039,Brazoria,2016,2020,White (includes Hispanic),9.7
48,Texas,48041,Brazos,2011,2015,Asian/Pacific Islander (includes Hispanic),
48,Texas,48041,Brazos,2011,2015,Black (includes Hispanic),
48,Texas,48041,Brazos,2011,2015,Hispanic (all races),
48,Texas,48041,Brazos,2011,2015,American Indian/Alaskan Native (includes Hispanic),
48,Texas,48041,Brazos,2011,2015,White (includes Hispanic),8.0
48,Texas,48041,Brazos,2012,2016,Asian/Pacific Islander (includes Hispanic),
48,Texas,48041,Brazos,2012,2016,Black (includes Hispanic),
48,Texas,48041,Brazos,2012,2016,Hispanic (all races),15.7
48,Texas,48041,Brazos,2012,2016,American Indian/Alaskan Native (includes Hispanic),
48,Texas,48041,Brazos,2012,2016,White (includes Hispanic),8.9
48,Texas,48041,Brazos,2013,2017,Asian/Pacific Islander (includes Hispanic),
48,Texas,48041,Brazos,2013,2017,Black (includes Hispanic),
48,Texas,48041,Brazos,2013,2017,Hispanic (all races),17.2
48,Texas,48041,Brazos,2013,2017,American Indian/Alaskan Native (includes Hispanic),
48,Texas,48041,Brazos,2013,2017,White (includes Hispanic),10.5
48,Texas,48041,Brazos,2014,2018,Asian/Pacific Islander (includes Hispanic),
48,Texas,48041,Brazos,2014,2018,Black (includes Hispanic),
48,Texas,48041,Brazos,2014,2018,Hispanic (all races),16.0
48,Texas,48041,Brazos,2014,2018,American Indian/Alaskan Native (includes Hispanic),
48,Texas,48041,Brazos,2014,2018,White (includes Hispanic),10.8
48,Texas,48041,Brazos,2015,2019,Asian/Pacific Islander (includes Hispanic),
48,Texas,48041,Brazos,2015,2019,Black (includes Hispanic),
48,Texas,48041,Brazos,2015,2019,Hispanic (all races),13.9
48,Texas,48041,Brazos,2015,2019,American Indian/Alaskan Native (includes Hispanic),
48,Texas,48041,Brazos,2015,2019,White (includes Hispanic),9.5
48,Texas,48041,Brazos,2016,2020,Asian/Pacific Islander (includes Hispanic),
48,Texas,48041,Brazos,2016,2020,Black (includes Hispanic),
48,Texas,48041,Brazos,2016,2020,Hispanic (all races),
48,Texas,48041,Brazos,2016,2020,American Indian/Alaskan Native (includes Hispanic),
48,Texas,48041,Brazos,2016,2020,White (includes Hispanic),8.5
48,Texas,48043,Brewster,2011,2015,Asian/Pacific Islander (includes Hispanic),
48,Texas,48043,Brewster,2011,2015,Black (includes Hispanic),
48,Texas,48043,Brewster,2011,2015,Hispanic (all races),
48,Texas,48043,Brewster,2011,2015,American Indian/Alaskan Native (includes Hispanic),
48,Texas,48043,Brewster,2011,2015,White (includes Hispanic),
48,Texas,48043,Brewster,2012,2016,Asian/Pacific Islander (includes Hispanic),
48,Texas,48043,Brewster,2012,2016,Black (includes Hispanic),
48,Texas,48043,Brewster,2012,2016,Hispanic (all races),
48,Texas,48043,Brewster,2012,2016,American Indian/Alaskan Native (includes Hispanic),
48,Texas,48043,Brewster,2012,2016,White (includes Hispanic),
48,Texas,48043,Brewster,2013,2017,Asian/Pacific Islander (includes Hispanic),
48,Texas,48043,Brewster,2013,2017,Black (includes Hispanic),
48,Texas,48043,Brewster,2013,2017,Hispanic (all races),
48,Texas,48043,Brewster,2013,2017,American Indian/Alaskan Native (includes Hispanic),
48,Texas,48043,Brewster,2013,2017,White (includes Hispanic),
48,Texas,48043,Brewster,2014,2018,Asian/Pacific Islander (includes Hispanic),
48,Texas,48043,Brewster,2014,2018,Black (includes Hispanic),
48,Texas,48043,Brewster,2014,2018,Hispanic (all races),
48,Texas,48043,Brewster,2014,2018,American Indian/Alaskan Native (includes Hispanic),
48,Texas,48043,Brewster,2014,2018,White (includes Hispanic),
48,Texas,48043,Brewster,2015,2019,Asian/Pacific Islander (includes Hispanic),
48,Texas,48043,Brewster,2015,2019,Black (includes Hispanic),
48,Texas,48043,Brewster,2015,2019,Hispanic (all races),
48,Texas,48043,Brewster,2015,2019,American Indian/Alaskan Native (includes Hispanic),
48,Texas,48043,Brewster,2015,2019,White (includes Hispanic),
48,Texas,48043,Brewster,2016,2020,Asian/Pacific Islander (includes Hispanic),
48,Texas,48043,Brewster,2016,2020,Black (includes Hispanic),
48,Texas,48043,Brewster,2016,2020,Hispanic (all races),
48,Texas,48043,Brewster,2016,2020,American Indian/Alaskan Native (includes Hispanic),
48,Texas,48043,Brewster,2016,2020,White (includes Hispanic),
48,Texas,48045,Briscoe,2011,2015,Asian/Pacific Islander (includes Hispanic),
48,Texas,48045,Briscoe,2011,2015,Black (includes Hispanic),
48,Texas,48045,Briscoe,2011,2015,Hispanic (all races),
48,Texas,48045,Briscoe,2011,2015,American Indian/Alaskan Native (includes Hispanic),
48,Texas,48045,Briscoe,2011,2015,White (includes Hispanic),
48,Texas,48045,Briscoe,2012,2016,Asian/Pacific Islander (includes Hispanic),
48,Texas,48045,Briscoe,2012,2016,Black (includes Hispanic),
48,Texas,48045,Briscoe,2012,2016,Hispanic (all races),
48,Texas,48045,Briscoe,2012,2016,American Indian/Alaskan Native (includes Hispanic),
48,Texas,48045,Briscoe,2012,2016,White (includes Hispanic),
48,Texas,48045,Briscoe,2013,2017,Asian/Pacific Islander (includes Hispanic),
48,Texas,48045,Briscoe,2013,2017,Black (includes Hispanic),
48,Texas,48045,Briscoe,2013,2017,Hispanic (all races),
48,Texas,48045,Briscoe,2013,2017,American Indian/Alaskan Native (includes Hispanic),
48,Texas,48045,Briscoe,2013,2017,White (includes Hispanic),
48,Texas,48045,Briscoe,2014,2018,Asian/Pacific Islander (includes Hispanic),
48,Texas,48045,Briscoe,2014,2018,Black (includes Hispanic),
48,Texas,48045,Briscoe,2014,2018,Hispanic (all races),
48,Texas,48045,Briscoe,2014,2018,American Indian/Alaskan Native (includes Hispanic),
48,Texas,48045,Briscoe,2014,2018,White (includes Hispanic),
48,Texas,48045,Briscoe,2015,2019,Asian/Pacific Islander (includes Hispanic),
48,Texas,48045,Briscoe,2015,2019,Black (includes Hispanic),
48,Texas,48045,Briscoe,2015,2019,Hispanic (all races),
48,Texas,48045,Briscoe,2015,2019,American Indian/Alaskan Native (includes Hispanic),
48,Texas,48045,Briscoe,2015,2019,White (includes Hispanic),
48,Texas,48045,Briscoe,2016,2020,Asian/Pacific Islander (includes Hispanic),
48,Texas,48045,Briscoe,2016,2020,Black (includes Hispanic),
48,Texas,48045,Briscoe,2016,2020,Hispanic (all races),
48,Texas,48045,Briscoe,2016,2020,American Indian/Alaskan Native (includes Hispanic),
48,Texas,48045,Briscoe,2016,2020,White (includes Hispanic),
48,Texas,48047,Brooks,2011,2015,Asian/Pacific Islander (includes Hispanic),
48,Texas,48047,Brooks,2011,2015,Black (includes Hispanic),
48,Texas,48047,Brooks,2011,2015,Hispanic (all races),13.3
48,Texas,48047,Brooks,2011,2015,American Indian/Alaskan Native (includes Hispanic),
48,Texas,48047,Brooks,2011,2015,White (includes Hispanic),12.5
48,Texas,48047,Brooks,2012,2016,Asian/Pacific Islander (includes Hispanic),
48,Texas,48047,Brooks,2012,2016,Black (includes Hispanic),
48,Texas,48047,Brooks,2012,2016,Hispanic (all races),13.5
48,Texas,48047,Brooks,2012,2016,American Indian/Alaskan Native (includes Hispanic),
48,Texas,48047,Brooks,2012,2016,White (includes Hispanic),12.5
48,Texas,48047,Brooks,2013,2017,Asian/Pacific Islander (includes Hispanic),
48,Texas,48047,Brooks,2013,2017,Black (includes Hispanic),
48,Texas,48047,Brooks,2013,2017,Hispanic (all races),13.9
48,Texas,48047,Brooks,2013,2017,American Indian/Alaskan Native (includes Hispanic),
48,Texas,48047,Brooks,2013,2017,White (includes Hispanic),13.1
48,Texas,48047,Brooks,2014,2018,Asian/Pacific Islander (includes Hispanic),
48,Texas,48047,Brooks,2014,2018,Black (includes Hispanic),
48,Texas,48047,Brooks,2014,2018,Hispanic (all races),14.7
48,Texas,48047,Brooks,2014,2018,American Indian/Alaskan Native (includes Hispanic),
48,Texas,48047,Brooks,2014,2018,White (includes Hispanic),13.9
48,Texas,48047,Brooks,2015,2019,Asian/Pacific Islander (includes Hispanic),
48,Texas,48047,Brooks,2015,2019,Black (includes Hispanic),
48,Texas,48047,Brooks,2015,2019,Hispanic (all races),15.6
48,Texas,48047,Brooks,2015,2019,American Indian/Alaskan Native (includes Hispanic),
48,Texas,48047,Brooks,2015,2019,White (includes Hispanic),14.9
48,Texas,48047,Brooks,2016,2020,Asian/Pacific Islander (includes Hispanic),
48,Texas,48047,Brooks,2016,2020,Black (includes Hispanic),
48,Texas,48047,Brooks,2016,2020,Hispanic (all races),14.0
48,Texas,48047,Brooks,2016,2020,American Indian/Alaskan Native (includes Hispanic),
48,Texas,48047,Brooks,2016,2020,White (includes Hispanic),13.5
48,Texas,48049,Brown,2011,2015,Asian/Pacific Islander (includes Hispanic),
48,Texas,48049,Brown,2011,2015,Black (includes Hispanic),
48,Texas,48049,Brown,2011,2015,Hispanic (all races),
48,Texas,48049,Brown,2011,2015,American Indian/Alaskan Native (includes Hispanic),
48,Texas,48049,Brown,2011,2015,White (includes Hispanic),13.9
48,Texas,48049,Brown,2012,2016,Asian/Pacific Islander (includes Hispanic),
48,Texas,48049,Brown,2012,2016,Black (includes Hispanic),
48,Texas,48049,Brown,2012,2016,Hispanic (all races),
48,Texas,48049,Brown,2012,2016,American Indian/Alaskan Native (includes Hispanic),
48,Texas,48049,Brown,2012,2016,White (includes Hispanic),12.5
48,Texas,48049,Brown,2013,2017,Asian/Pacific Islander (includes Hispanic),
48,Texas,48049,Brown,2013,2017,Black (includes Hispanic),
48,Texas,48049,Brown,2013,2017,Hispanic (all races),
48,Texas,48049,Brown,2013,2017,American Indian/Alaskan Native (includes Hispanic),
48,Texas,48049,Brown,2013,2017,White (includes Hispanic),14.2
48,Texas,48049,Brown,2014,2018,Asian/Pacific Islander (includes Hispanic),
48,Texas,48049,Brown,2014,2018,Black (includes Hispanic),
48,Texas,48049,Brown,2014,2018,Hispanic (all races),
48,Texas,48049,Brown,2014,2018,American Indian/Alaskan Native (includes Hispanic),
48,Texas,48049,Brown,2014,2018,White (includes Hispanic),13.0
48,Texas,48049,Brown,2015,2019,Asian/Pacific Islander (includes Hispanic),
48,Texas,48049,Brown,2015,2019,Black (includes Hispanic),
48,Texas,48049,Brown,2015,2019,Hispanic (all races),
48,Texas,48049,Brown,2015,2019,American Indian/Alaskan Native (includes Hispanic),
48,Texas,48049,Brown,2015,2019,White (includes Hispanic),12.0
48,Texas,48049,Brown,2016,2020,Asian/Pacific Islander (includes Hispanic),
48,Texas,48049,Brown,2016,2020,Black (includes Hispanic),
48,Texas,48049,Brown,2016,2020,Hispanic (all races),
48,Texas,48049,Brown,2016,2020,American Indian/Alaskan Native (includes Hispanic),
48,Texas,48049,Brown,2016,2020,White (includes Hispanic),10.7
48,Texas,48051,Burleson,2011,2015,Asian/Pacific Islander (includes Hispanic),
48,Texas,48051,Burleson,2011,2015,Black (includes Hispanic),
48,Texas,48051,Burleson,2011,2015,Hispanic (all races),
48,Texas,48051,Burleson,2011,2015,American Indian/Alaskan Native (includes Hispanic),
48,Texas,48051,Burleson,2011,2015,White (includes Hispanic),7.9
48,Texas,48051,Burleson,2012,2016,Asian/Pacific Islander (includes Hispanic),
48,Texas,48051,Burleson,2012,2016,Black (includes Hispanic),
48,Texas,48051,Burleson,2012,2016,Hispanic (all races),
48,Texas,48051,Burleson,2012,2016,American Indian/Alaskan Native (includes Hispanic),
48,Texas,48051,Burleson,2012,2016,White (includes Hispanic),8.5
48,Texas,48051,Burleson,2013,2017,Asian/Pacific Islander (includes Hispanic),
48,Texas,48051,Burleson,2013,2017,Black (includes Hispanic),
48,Texas,48051,Burleson,2013,2017,Hispanic (all races),16.4
48,Texas,48051,Burleson,2013,2017,American Indian/Alaskan Native (includes Hispanic),
48,Texas,48051,Burleson,2013,2017,White (includes Hispanic),10.7
48,Texas,48051,Burleson,2014,2018,Asian/Pacific Islander (includes Hispanic),
48,Texas,48051,Burleson,2014,2018,Black (includes Hispanic),
48,Texas,48051,Burleson,2014,2018,Hispanic (all races),15.2
48,Texas,48051,Burleson,2014,2018,American Indian/Alaskan Native (includes Hispanic),
48,Texas,48051,Burleson,2014,2018,White (includes Hispanic),10.7
48,Texas,48051,Burleson,2015,2019,Asian/Pacific Islander (includes Hispanic),
48,Texas,48051,Burleson,2015,2019,Black (includes Hispanic),
48,Texas,48051,Burleson,2015,2019,Hispanic (all races),14.6
48,Texas,48051,Burleson,2015,2019,American Indian/Alaskan Native (includes Hispanic),
48,Texas,48051,Burleson,2015,2019,White (includes Hispanic),9.2
48,Texas,48051,Burleson,2016,2020,Asian/Pacific Islander (includes Hispanic),
48,Texas,48051,Burleson,2016,2020,Black (includes Hispanic),
48,Texas,48051,Burleson,2016,2020,Hispanic (all races),
48,Texas,48051,Burleson,2016,2020,American Indian/Alaskan Native (includes Hispanic),
48,Texas,48051,Burleson,2016,2020,White (includes Hispanic),7.9
48,Texas,48053,Burnet,2011,2015,Asian/Pacific Islander (includes Hispanic),
48,Texas,48053,Burnet,2011,2015,Black (includes Hispanic),6.5
48,Texas,48053,Burnet,2011,2015,Hispanic (all races),10.3
48,Texas,48053,Burnet,2011,2015,American Indian/Alaskan Native (includes Hispanic),
48,Texas,48053,Burnet,2011,2015,White (includes Hispanic),8.2
48,Texas,48053,Burnet,2012,2016,Asian/Pacific Islander (includes Hispanic),
48,Texas,48053,Burnet,2012,2016,Black (includes Hispanic),7.6
48,Texas,48053,Burnet,2012,2016,Hispanic (all races),9.7
48,Texas,48053,Burnet,2012,2016,American Indian/Alaskan Native (includes Hispanic),
48,Texas,48053,Burnet,2012,2016,White (includes Hispanic),7.6
48,Texas,48053,Burnet,2013,2017,Asian/Pacific Islander (includes Hispanic),
48,Texas,48053,Burnet,2013,2017,Black (includes Hispanic),6.8
48,Texas,48053,Burnet,2013,2017,Hispanic (all races),9.7
48,Texas,48053,Burnet,2013,2017,American Indian/Alaskan Native (includes Hispanic),
48,Texas,48053,Burnet,2013,2017,White (includes Hispanic),7.6
48,Texas,48053,Burnet,2014,2018,Asian/Pacific Islander (includes Hispanic),5.4
48,Texas,48053,Burnet,2014,2018,Black (includes Hispanic),6.7
48,Texas,48053,Burnet,2014,2018,Hispanic (all races),9.7
48,Texas,48053,Burnet,2014,2018,American Indian/Alaskan Native (includes Hispanic),
48,Texas,48053,Burnet,2014,2018,White (includes Hispanic),7.6
48,Texas,48053,Burnet,2015,2019,Asian/Pacific Islander (includes Hispanic),5.4
48,Texas,48053,Burnet,2015,2019,Black (includes Hispanic),7.5
48,Texas,48053,Burnet,2015,2019,Hispanic (all races),9.5
48,Texas,48053,Burnet,2015,2019,American Indian/Alaskan Native (includes Hispanic),
48,Texas,48053,Burnet,2015,2019,White (includes Hispanic),8.0
48,Texas,48053,Burnet,2016,2020,Asian/Pacific Islander (includes Hispanic),5.4
48,Texas,48053,Burnet,2016,2020,Black (includes Hispanic),6.1
48,Texas,48053,Burnet,2016,2020,Hispanic (all races),9.2
48,Texas,48053,Burnet,2016,2020,American Indian/Alaskan Native (includes Hispanic),
48,Texas,48053,Burnet,2016,2020,White (includes Hispanic),7.6
48,Texas,48055,Caldwell,2011,2015,Asian/Pacific Islander (includes Hispanic),
48,Texas,48055,Caldwell,2011,2015,Black (includes Hispanic),6.7
48,Texas,48055,Caldwell,2011,2015,Hispanic (all races),11.1
48,Texas,48055,Caldwell,2011,2015,American Indian/Alaskan Native (includes Hispanic),
48,Texas,48055,Caldwell,2011,2015,White (includes Hispanic),8.1
48,Texas,48055,Caldwell,2012,2016,Asian/Pacific Islander (includes Hispanic),
48,Texas,48055,Caldwell,2012,2016,Black (includes Hispanic),7.5
48,Texas,48055,Caldwell,2012,2016,Hispanic (all races),10.5
48,Texas,48055,Caldwell,2012,2016,American Indian/Alaskan Native (includes Hispanic),
48,Texas,48055,Caldwell,2012,2016,White (includes Hispanic),8.2
48,Texas,48055,Caldwell,2013,2017,Asian/Pacific Islander (includes Hispanic),
48,Texas,48055,Caldwell,2013,2017,Black (includes Hispanic),5.6
48,Texas,48055,Caldwell,2013,2017,Hispanic (all races),9.6
48,Texas,48055,Caldwell,2013,2017,American Indian/Alaskan Native (includes Hispanic),
48,Texas,48055,Caldwell,2013,2017,White (includes Hispanic),8.0
48,Texas,48055,Caldwell,2014,2018,Asian/Pacific Islander (includes Hispanic),
48,Texas,48055,Caldwell,2014,2018,Black (includes Hispanic),6.6
48,Texas,48055,Caldwell,2014,2018,Hispanic (all races),9.4
48,Texas,48055,Caldwell,2014,2018,American Indian/Alaskan Native (includes Hispanic),
48,Texas,48055,Caldwell,2014,2018,White (includes Hispanic),7.6
48,Texas,48055,Caldwell,2015,2019,Asian/Pacific Islander (includes Hispanic),
48,Texas,48055,Caldwell,2015,2019,Black (includes Hispanic),7.0
48,Texas,48055,Caldwell,2015,2019,Hispanic (all races),9.3
48,Texas,48055,Caldwell,2015,2019,American Indian/Alaskan Native (includes Hispanic),
48,Texas,48055,Caldwell,2015,2019,White (includes Hispanic),7.9
48,Texas,48055,Caldwell,2016,2020,Asian/Pacific Islander (includes Hispanic),
48,Texas,48055,Caldwell,2016,2020,Black (includes Hispanic),6.2
48,Texas,48055,Caldwell,2016,2020,Hispanic (all races),8.6
48,Texas,48055,Caldwell,2016,2020,American Indian/Alaskan Native (includes Hispanic),
48,Texas,48055,Caldwell,2016,2020,White (includes Hispanic),7.4
48,Texas,48057,Calhoun,2011,2015,Asian/Pacific Islander (includes Hispanic),
48,Texas,48057,Calhoun,2011,2015,Black (includes Hispanic),
48,Texas,48057,Calhoun,2011,2015,Hispanic (all races),16.8
48,Texas,48057,Calhoun,2011,2015,American Indian/Alaskan Native (includes Hispanic),
48,Texas,48057,Calhoun,2011,2015,White (includes Hispanic),13.4
48,Texas,48057,Calhoun,2012,2016,Asian/Pacific Islander (includes Hispanic),
48,Texas,48057,Calhoun,2012,2016,Black (includes Hispanic),
48,Texas,48057,Calhoun,2012,2016,Hispanic (all races),15.7
48,Texas,48057,Calhoun,2012,2016,American Indian/Alaskan Native (includes Hispanic),
48,Texas,48057,Calhoun,2012,2016,White (includes Hispanic),13.1
48,Texas,48057,Calhoun,2013,2017,Asian/Pacific Islander (includes Hispanic),
48,Texas,48057,Calhoun,2013,2017,Black (includes Hispanic),
48,Texas,48057,Calhoun,2013,2017,Hispanic (all races),17.1
48,Texas,48057,Calhoun,2013,2017,American Indian/Alaskan Native (includes Hispanic),
48,Texas,48057,Calhoun,2013,2017,White (includes Hispanic),12.9
48,Texas,48057,Calhoun,2014,2018,Asian/Pacific Islander (includes Hispanic),
48,Texas,48057,Calhoun,2014,2018,Black (includes Hispanic),
48,Texas,48057,Calhoun,2014,2018,Hispanic (all races),16.8
48,Texas,48057,Calhoun,2014,2018,American Indian/Alaskan Native (includes Hispanic),
48,Texas,48057,Calhoun,2014,2018,White (includes Hispanic),12.8
48,Texas,48057,Calhoun,2015,2019,Asian/Pacific Islander (includes Hispanic),
48,Texas,48057,Calhoun,2015,2019,Black (includes Hispanic),
48,Texas,48057,Calhoun,2015,2019,Hispanic (all races),15.3
48,Texas,48057,Calhoun,2015,2019,American Indian/Alaskan Native (includes Hispanic),
48,Texas,48057,Calhoun,2015,2019,White (includes Hispanic),12.6
48,Texas,48057,Calhoun,2016,2020,Asian/Pacific Islander (includes Hispanic),
48,Texas,48057,Calhoun,2016,2020,Black (includes Hispanic),
48,Texas,48057,Calhoun,2016,2020,Hispanic (all races),15.5
48,Texas,48057,Calhoun,2016,2020,American Indian/Alaskan Native (includes Hispanic),
48,Texas,48057,Calhoun,2016,2020,White (includes Hispanic),13.1
48,Texas,48059,Callahan,2011,2015,Asian/Pacific Islander (includes Hispanic),
48,Texas,48059,Callahan,2011,2015,Black (includes Hispanic),
48,Texas,48059,Callahan,2011,2015,Hispanic (all races),
48,Texas,48059,Callahan,2011,2015,American Indian/Alaskan Native (includes Hispanic),
48,Texas,48059,Callahan,2011,2015,White (includes Hispanic),11.8
48,Texas,48059,Callahan,2012,2016,Asian/Pacific Islander (includes Hispanic),
48,Texas,48059,Callahan,2012,2016,Black (includes Hispanic),
48,Texas,48059,Callahan,2012,2016,Hispanic (all races),
48,Texas,48059,Callahan,2012,2016,American Indian/Alaskan Native (includes Hispanic),
48,Texas,48059,Callahan,2012,2016,White (includes Hispanic),10.4
48,Texas,48059,Callahan,2013,2017,Asian/Pacific Islander (includes Hispanic),
48,Texas,48059,Callahan,2013,2017,Black (includes Hispanic),
48,Texas,48059,Callahan,2013,2017,Hispanic (all races),
48,Texas,48059,Callahan,2013,2017,American Indian/Alaskan Native (includes Hispanic),
48,Texas,48059,Callahan,2013,2017,White (includes Hispanic),10.3
48,Texas,48059,Callahan,2014,2018,Asian/Pacific Islander (includes Hispanic),
48,Texas,48059,Callahan,2014,2018,Black (includes Hispanic),
48,Texas,48059,Callahan,2014,2018,Hispanic (all races),
48,Texas,48059,Callahan,2014,2018,American Indian/Alaskan Native (includes Hispanic),
48,Texas,48059,Callahan,2014,2018,White (includes Hispanic),9.8
48,Texas,48059,Callahan,2015,2019,Asian/Pacific Islander (includes Hispanic),
48,Texas,48059,Callahan,2015,2019,Black (includes Hispanic),
48,Texas,48059,Callahan,2015,2019,Hispanic (all races),
48,Texas,48059,Callahan,2015,2019,American Indian/Alaskan Native (includes Hispanic),
48,Texas,48059,Callahan,2015,2019,White (includes Hispanic),8.7
48,Texas,48059,Callahan,2016,2020,Asian/Pacific Islander (includes Hispanic),
48,Texas,48059,Callahan,2016,2020,Black (includes Hispanic),
48,Texas,48059,Callahan,2016,2020,Hispanic (all races),
48,Texas,48059,Callahan,2016,2020,American Indian/Alaskan Native (includes Hispanic),
48,Texas,48059,Callahan,2016,2020,White (includes Hispanic),9.7
48,Texas,48061,Cameron,2011,2015,Asian/Pacific Islander (includes Hispanic),
48,Texas,48061,Cameron,2011,2015,Black (includes Hispanic),
48,Texas,48061,Cameron,2011,2015,Hispanic (all races),13.6
48,Texas,48061,Cameron,2011,2015,American Indian/Alaskan Native (includes Hispanic),
48,Texas,48061,Cameron,2011,2015,White (includes Hispanic),12.8
48,Texas,48061,Cameron,2012,2016,Asian/Pacific Islander (includes Hispanic),
48,Texas,48061,Cameron,2012,2016,Black (includes Hispanic),
48,Texas,48061,Cameron,2012,2016,Hispanic (all races),13.4
48,Texas,48061,Cameron,2012,2016,American Indian/Alaskan Native (includes Hispanic),
48,Texas,48061,Cameron,2012,2016,White (includes Hispanic),12.7
48,Texas,48061,Cameron,2013,2017,Asian/Pacific Islander (includes Hispanic),
48,Texas,48061,Cameron,2013,2017,Black (includes Hispanic),
48,Texas,48061,Cameron,2013,2017,Hispanic (all races),13.4
48,Texas,48061,Cameron,2013,2017,American Indian/Alaskan Native (includes Hispanic),
48,Texas,48061,Cameron,2013,2017,White (includes Hispanic),12.7
48,Texas,48061,Cameron,2014,2018,Asian/Pacific Islander (includes Hispanic),
48,Texas,48061,Cameron,2014,2018,Black (includes Hispanic),
48,Texas,48061,Cameron,2014,2018,Hispanic (all races),13.7
48,Texas,48061,Cameron,2014,2018,American Indian/Alaskan Native (includes Hispanic),
48,Texas,48061,Cameron,2014,2018,White (includes Hispanic),13.0
48,Texas,48061,Cameron,2015,2019,Asian/Pacific Islander (includes Hispanic),
48,Texas,48061,Cameron,2015,2019,Black (includes Hispanic),
48,Texas,48061,Cameron,2015,2019,Hispanic (all races),14.2
48,Texas,48061,Cameron,2015,2019,American Indian/Alaskan Native (includes Hispanic),
48,Texas,48061,Cameron,2015,2019,White (includes Hispanic),13.6
48,Texas,48061,Cameron,2016,2020,Asian/Pacific Islander (includes Hispanic),
48,Texas,48061,Cameron,2016,2020,Black (includes Hispanic),
48,Texas,48061,Cameron,2016,2020,Hispanic (all races),12.7
48,Texas,48061,Cameron,2016,2020,American Indian/Alaskan Native (includes Hispanic),
48,Texas,48061,Cameron,2016,2020,White (includes Hispanic),12.3
48,Texas,48063,Camp,2011,2015,Asian/Pacific Islander (includes Hispanic),
48,Texas,48063,Camp,2011,2015,Black (includes Hispanic),
48,Texas,48063,Camp,2011,2015,Hispanic (all races),
48,Texas,48063,Camp,2011,2015,American Indian/Alaskan Native (includes Hispanic),
48,Texas,48063,Camp,2011,2015,White (includes Hispanic),6.2
48,Texas,48063,Camp,2012,2016,Asian/Pacific Islander (includes Hispanic),
48,Texas,48063,Camp,2012,2016,Black (includes Hispanic),
48,Texas,48063,Camp,2012,2016,Hispanic (all races),
48,Texas,48063,Camp,2012,2016,American Indian/Alaskan Native (includes Hispanic),
48,Texas,48063,Camp,2012,2016,White (includes Hispanic),5.7
48,Texas,48063,Camp,2013,2017,Asian/Pacific Islander (includes Hispanic),
48,Texas,48063,Camp,2013,2017,Black (includes Hispanic),
48,Texas,48063,Camp,2013,2017,Hispanic (all races),
48,Texas,48063,Camp,2013,2017,American Indian/Alaskan Native (includes Hispanic),
48,Texas,48063,Camp,2013,2017,White (includes Hispanic),5.0
48,Texas,48063,Camp,2014,2018,Asian/Pacific Islander (includes Hispanic),
48,Texas,48063,Camp,2014,2018,Black (includes Hispanic),
48,Texas,48063,Camp,2014,2018,Hispanic (all races),
48,Texas,48063,Camp,2014,2018,American Indian/Alaskan Native (includes Hispanic),
48,Texas,48063,Camp,2014,2018,White (includes Hispanic),7.3
48,Texas,48063,Camp,2015,2019,Asian/Pacific Islander (includes Hispanic),
48,Texas,48063,Camp,2015,2019,Black (includes Hispanic),
48,Texas,48063,Camp,2015,2019,Hispanic (all races),
48,Texas,48063,Camp,2015,2019,American Indian/Alaskan Native (includes Hispanic),
48,Texas,48063,Camp,2015,2019,White (includes Hispanic),6.6
48,Texas,48063,Camp,2016,2020,Asian/Pacific Islander (includes Hispanic),
48,Texas,48063,Camp,2016,2020,Black (includes Hispanic),
48,Texas,48063,Camp,2016,2020,Hispanic (all races),
48,Texas,48063,Camp,2016,2020,American Indian/Alaskan Native (includes Hispanic),
48,Texas,48063,Camp,2016,2020,White (includes Hispanic),9.0
48,Texas,48065,Carson,2011,2015,Asian/Pacific Islander (includes Hispanic),
48,Texas,48065,Carson,2011,2015,Black (includes Hispanic),
48,Texas,48065,Carson,2011,2015,Hispanic (all races),14.4
48,Texas,48065,Carson,2011,2015,American Indian/Alaskan Native (includes Hispanic),
48,Texas,48065,Carson,2011,2015,White (includes Hispanic),11.0
48,Texas,48065,Carson,2012,2016,Asian/Pacific Islander (includes Hispanic),
48,Texas,48065,Carson,2012,2016,Black (includes Hispanic),
48,Texas,48065,Carson,2012,2016,Hispanic (all races),13.6
48,Texas,48065,Carson,2012,2016,American Indian/Alaskan Native (includes Hispanic),
48,Texas,48065,Carson,2012,2016,White (includes Hispanic),11.5
48,Texas,48065,Carson,2013,2017,Asian/Pacific Islander (includes Hispanic),
48,Texas,48065,Carson,2013,2017,Black (includes Hispanic),
48,Texas,48065,Carson,2013,2017,Hispanic (all races),14.6
48,Texas,48065,Carson,2013,2017,American Indian/Alaskan Native (includes Hispanic),
48,Texas,48065,Carson,2013,2017,White (includes Hispanic),12.4
48,Texas,48065,Carson,2014,2018,Asian/Pacific Islander (includes Hispanic),
48,Texas,48065,Carson,2014,2018,Black (includes Hispanic),
48,Texas,48065,Carson,2014,2018,Hispanic (all races),11.6
48,Texas,48065,Carson,2014,2018,American Indian/Alaskan Native (includes Hispanic),
48,Texas,48065,Carson,2014,2018,White (includes Hispanic),11.2
48,Texas,48065,Carson,2015,2019,Asian/Pacific Islander (includes Hispanic),
48,Texas,48065,Carson,2015,2019,Black (includes Hispanic),
48,Texas,48065,Carson,2015,2019,Hispanic (all races),10.5
48,Texas,48065,Carson,2015,2019,American Indian/Alaskan Native (includes Hispanic),
48,Texas,48065,Carson,2015,2019,White (includes Hispanic),12.0
48,Texas,48065,Carson,2016,2020,Asian/Pacific Islander (includes Hispanic),
48,Texas,48065,Carson,2016,2020,Black (includes Hispanic),
48,Texas,48065,Carson,2016,2020,Hispanic (all races),13.5
48,Texas,48065,Carson,2016,2020,American Indian/Alaskan Native (includes Hispanic),
48,Texas,48065,Carson,2016,2020,White (includes Hispanic),13.7
48,Texas,48067,Cass,2011,2015,Asian/Pacific Islander (includes Hispanic),
48,Texas,48067,Cass,2011,2015,Black (includes Hispanic),12.8
48,Texas,48067,Cass,2011,2015,Hispanic (all races),
48,Texas,48067,Cass,2011,2015,American Indian/Alaskan Native (includes Hispanic),
48,Texas,48067,Cass,2011,2015,White (includes Hispanic),12.1
48,Texas,48067,Cass,2012,2016,Asian/Pacific Islander (includes Hispanic),
48,Texas,48067,Cass,2012,2016,Black (includes Hispanic),12.0
48,Texas,48067,Cass,2012,2016,Hispanic (all races),
48,Texas,48067,Cass,2012,2016,American Indian/Alaskan Native (includes Hispanic),
48,Texas,48067,Cass,2012,2016,White (includes Hispanic),10.9
48,Texas,48067,Cass,2013,2017,Asian/Pacific Islander (includes Hispanic),
48,Texas,48067,Cass,2013,2017,Black (includes Hispanic),12.0
48,Texas,48067,Cass,2013,2017,Hispanic (all races),
48,Texas,48067,Cass,2013,2017,American Indian/Alaskan Native (includes Hispanic),
48,Texas,48067,Cass,2013,2017,White (includes Hispanic),11.1
48,Texas,48067,Cass,2014,2018,Asian/Pacific Islander (includes Hispanic),
48,Texas,48067,Cass,2014,2018,Black (includes Hispanic),11.0
48,Texas,48067,Cass,2014,2018,Hispanic (all races),
48,Texas,48067,Cass,2014,2018,American Indian/Alaskan Native (includes Hispanic),
48,Texas,48067,Cass,2014,2018,White (includes Hispanic),12.1
48,Texas,48067,Cass,2015,2019,Asian/Pacific Islander (includes Hispanic),
48,Texas,48067,Cass,2015,2019,Black (includes Hispanic),11.6
48,Texas,48067,Cass,2015,2019,Hispanic (all races),
48,Texas,48067,Cass,2015,2019,American Indian/Alaskan Native (includes Hispanic),
48,Texas,48067,Cass,2015,2019,White (includes Hispanic),12.3
48,Texas,48067,Cass,2016,2020,Asian/Pacific Islander (includes Hispanic),
48,Texas,48067,Cass,2016,2020,Black (includes Hispanic),11.6
48,Texas,48067,Cass,2016,2020,Hispanic (all races),
48,Texas,48067,Cass,2016,2020,American Indian/Alaskan Native (includes Hispanic),
48,Texas,48067,Cass,2016,2020,White (includes Hispanic),12.2
48,Texas,48069,Castro,2011,2015,Asian/Pacific Islander (includes Hispanic),
48,Texas,48069,Castro,2011,2015,Black (includes Hispanic),
48,Texas,48069,Castro,2011,2015,Hispanic (all races),
48,Texas,48069,Castro,2011,2015,American Indian/Alaskan Native (includes Hispanic),
48,Texas,48069,Castro,2011,2015,White (includes Hispanic),9.0
48,Texas,48069,Castro,2012,2016,Asian/Pacific Islander (includes Hispanic),
48,Texas,48069,Castro,2012,2016,Black (includes Hispanic),
48,Texas,48069,Castro,2012,2016,Hispanic (all races),10.6
48,Texas,48069,Castro,2012,2016,American Indian/Alaskan Native (includes Hispanic),
48,Texas,48069,Castro,2012,2016,White (includes Hispanic),9.2
48,Texas,48069,Castro,2013,2017,Asian/Pacific Islander (includes Hispanic),
48,Texas,48069,Castro,2013,2017,Black (includes Hispanic),
48,Texas,48069,Castro,2013,2017,Hispanic (all races),
48,Texas,48069,Castro,2013,2017,American Indian/Alaskan Native (includes Hispanic),
48,Texas,48069,Castro,2013,2017,White (includes Hispanic),9.3
48,Texas,48069,Castro,2014,2018,Asian/Pacific Islander (includes Hispanic),
48,Texas,48069,Castro,2014,2018,Black (includes Hispanic),
48,Texas,48069,Castro,2014,2018,Hispanic (all races),11.2
48,Texas,48069,Castro,2014,2018,American Indian/Alaskan Native (includes Hispanic),
48,Texas,48069,Castro,2014,2018,White (includes Hispanic),9.0
48,Texas,48069,Castro,2015,2019,Asian/Pacific Islander (includes Hispanic),
48,Texas,48069,Castro,2015,2019,Black (includes Hispanic),
48,Texas,48069,Castro,2015,2019,Hispanic (all races),13.0
48,Texas,48069,Castro,2015,2019,American Indian/Alaskan Native (includes Hispanic),
48,Texas,48069,Castro,2015,2019,White (includes Hispanic),10.5
48,Texas,48069,Castro,2016,2020,Asian/Pacific Islander (includes Hispanic),
48,Texas,48069,Castro,2016,2020,Black (includes Hispanic),
48,Texas,48069,Castro,2016,2020,Hispanic (all races),10.8
48,Texas,48069,Castro,2016,2020,American Indian/Alaskan Native (includes Hispanic),
48,Texas,48069,Castro,2016,2020,White (includes Hispanic),10.1
48,Texas,48071,Chambers,2011,2015,Asian/Pacific Islander (includes Hispanic),5.5
48,Texas,48071,Chambers,2011,2015,Black (includes Hispanic),11.9
48,Texas,48071,Chambers,2011,2015,Hispanic (all races),14.1
48,Texas,48071,Chambers,2011,2015,American Indian/Alaskan Native (includes Hispanic),
48,Texas,48071,Chambers,2011,2015,White (includes Hispanic),10.9
48,Texas,48071,Chambers,2012,2016,Asian/Pacific Islander (includes Hispanic),5.7
48,Texas,48071,Chambers,2012,2016,Black (includes Hispanic),11.6
48,Texas,48071,Chambers,2012,2016,Hispanic (all races),13.9
48,Texas,48071,Chambers,2012,2016,American Indian/Alaskan Native (includes Hispanic),
48,Texas,48071,Chambers,2012,2016,White (includes Hispanic),11.0
48,Texas,48071,Chambers,2013,2017,Asian/Pacific Islander (includes Hispanic),6.0
48,Texas,48071,Chambers,2013,2017,Black (includes Hispanic),10.3
48,Texas,48071,Chambers,2013,2017,Hispanic (all races),13.8
48,Texas,48071,Chambers,2013,2017,American Indian/Alaskan Native (includes Hispanic),
48,Texas,48071,Chambers,2013,2017,White (includes Hispanic),10.8
48,Texas,48071,Chambers,2014,2018,Asian/Pacific Islander (includes Hispanic),6.7
48,Texas,48071,Chambers,2014,2018,Black (includes Hispanic),10.1
48,Texas,48071,Chambers,2014,2018,Hispanic (all races),13.7
48,Texas,48071,Chambers,2014,2018,American Indian/Alaskan Native (includes Hispanic),
48,Texas,48071,Chambers,2014,2018,White (includes Hispanic),10.7
48,Texas,48071,Chambers,2015,2019,Asian/Pacific Islander (includes Hispanic),7.1
48,Texas,48071,Chambers,2015,2019,Black (includes Hispanic),10.2
48,Texas,48071,Chambers,2015,2019,Hispanic (all races),13.0
48,Texas,48071,Chambers,2015,2019,American Indian/Alaskan Native (includes Hispanic),
48,Texas,48071,Chambers,2015,2019,White (includes Hispanic),10.5
48,Texas,48071,Chambers,2016,2020,Asian/Pacific Islander (includes Hispanic),7.0
48,Texas,48071,Chambers,2016,2020,Black (includes Hispanic),9.6
48,Texas,48071,Chambers,2016,2020,Hispanic (all races),12.6
48,Texas,48071,Chambers,2016,2020,American Indian/Alaskan Native (includes Hispanic),
48,Texas,48071,Chambers,2016,2020,White (includes Hispanic),10.1
48,Texas,48073,Cherokee,2011,2015,Asian/Pacific Islander (includes Hispanic),
48,Texas,48073,Cherokee,2011,2015,Black (includes Hispanic),8.2
48,Texas,48073,Cherokee,2011,2015,Hispanic (all races),
48,Texas,48073,Cherokee,2011,2015,American Indian/Alaskan Native (includes Hispanic),
48,Texas,48073,Cherokee,2011,2015,White (includes Hispanic),11.0
48,Texas,48073,Cherokee,2012,2016,Asian/Pacific Islander (includes Hispanic),
48,Texas,48073,Cherokee,2012,2016,Black (includes Hispanic),9.8
48,Texas,48073,Cherokee,2012,2016,Hispanic (all races),13.3
48,Texas,48073,Cherokee,2012,2016,American Indian/Alaskan Native (includes Hispanic),
48,Texas,48073,Cherokee,2012,2016,White (includes Hispanic),11.2
48,Texas,48073,Cherokee,2013,2017,Asian/Pacific Islander (includes Hispanic),
48,Texas,48073,Cherokee,2013,2017,Black (includes Hispanic),8.9
48,Texas,48073,Cherokee,2013,2017,Hispanic (all races),17.3
48,Texas,48073,Cherokee,2013,2017,American Indian/Alaskan Native (includes Hispanic),
48,Texas,48073,Cherokee,2013,2017,White (includes Hispanic),12.0
48,Texas,48073,Cherokee,2014,2018,Asian/Pacific Islander (includes Hispanic),
48,Texas,48073,Cherokee,2014,2018,Black (includes Hispanic),9.2
48,Texas,48073,Cherokee,2014,2018,Hispanic (all races),17.5
48,Texas,48073,Cherokee,2014,2018,American Indian/Alaskan Native (includes Hispanic),
48,Texas,48073,Cherokee,2014,2018,White (includes Hispanic),12.0
48,Texas,48073,Cherokee,2015,2019,Asian/Pacific Islander (includes Hispanic),
48,Texas,48073,Cherokee,2015,2019,Black (includes Hispanic),11.3
48,Texas,48073,Cherokee,2015,2019,Hispanic (all races),15.3
48,Texas,48073,Cherokee,2015,2019,American Indian/Alaskan Native (includes Hispanic),
48,Texas,48073,Cherokee,2015,2019,White (includes Hispanic),11.6
48,Texas,48073,Cherokee,2016,2020,Asian/Pacific Islander (includes Hispanic),
48,Texas,48073,Cherokee,2016,2020,Black (includes Hispanic),11.7
48,Texas,48073,Cherokee,2016,2020,Hispanic (all races),12.7
48,Texas,48073,Cherokee,2016,2020,American Indian/Alaskan Native (includes Hispanic),
48,Texas,48073,Cherokee,2016,2020,White (includes Hispanic),10.5
48,Texas,48075,Childress,2011,2015,Asian/Pacific Islander (includes Hispanic),
48,Texas,48075,Childress,2011,2015,Black (includes Hispanic),
48,Texas,48075,Childress,2011,2015,Hispanic (all races),
48,Texas,48075,Childress,2011,2015,American Indian/Alaskan Native (includes Hispanic),
48,Texas,48075,Childress,2011,2015,White (includes Hispanic),
48,Texas,48075,Childress,2012,2016,Asian/Pacific Islander (includes Hispanic),
48,Texas,48075,Childress,2012,2016,Black (includes Hispanic),
48,Texas,48075,Childress,2012,2016,Hispanic (all races),
48,Texas,48075,Childress,2012,2016,American Indian/Alaskan Native (includes Hispanic),
48,Texas,48075,Childress,2012,2016,White (includes Hispanic),
48,Texas,48075,Childress,2013,2017,Asian/Pacific Islander (includes Hispanic),
48,Texas,48075,Childress,2013,2017,Black (includes Hispanic),
48,Texas,48075,Childress,2013,2017,Hispanic (all races),
48,Texas,48075,Childress,2013,2017,American Indian/Alaskan Native (includes Hispanic),
48,Texas,48075,Childress,2013,2017,White (includes Hispanic),
48,Texas,48075,Childress,2014,2018,Asian/Pacific Islander (includes Hispanic),
48,Texas,48075,Childress,2014,2018,Black (includes Hispanic),
48,Texas,48075,Childress,2014,2018,Hispanic (all races),
48,Texas,48075,Childress,2014,2018,American Indian/Alaskan Native (includes Hispanic),
48,Texas,48075,Childress,2014,2018,White (includes Hispanic),
48,Texas,48075,Childress,2015,2019,Asian/Pacific Islander (includes Hispanic),
48,Texas,48075,Childress,2015,2019,Black (includes Hispanic),
48,Texas,48075,Childress,2015,2019,Hispanic (all races),
48,Texas,48075,Childress,2015,2019,American Indian/Alaskan Native (includes Hispanic),
48,Texas,48075,Childress,2015,2019,White (includes Hispanic),
48,Texas,48075,Childress,2016,2020,Asian/Pacific Islander (includes Hispanic),
48,Texas,48075,Childress,2016,2020,Black (includes Hispanic),
48,Texas,48075,Childress,2016,2020,Hispanic (all races),
48,Texas,48075,Childress,2016,2020,American Indian/Alaskan Native (includes Hispanic),
48,Texas,48075,Childress,2016,2020,White (includes Hispanic),
48,Texas,48077,Clay,2011,2015,Asian/Pacific Islander (includes Hispanic),
48,Texas,48077,Clay,2011,2015,Black (includes Hispanic),
48,Texas,48077,Clay,2011,2015,Hispanic (all races),
48,Texas,48077,Clay,2011,2015,American Indian/Alaskan Native (includes Hispanic),
48,Texas,48077,Clay,2011,2015,White (includes Hispanic),8.0
48,Texas,48077,Clay,2012,2016,Asian/Pacific Islander (includes Hispanic),
48,Texas,48077,Clay,2012,2016,Black (includes Hispanic),
48,Texas,48077,Clay,2012,2016,Hispanic (all races),
48,Texas,48077,Clay,2012,2016,American Indian/Alaskan Native (includes Hispanic),
48,Texas,48077,Clay,2012,2016,White (includes Hispanic),9.6
48,Texas,48077,Clay,2013,2017,Asian/Pacific Islander (includes Hispanic),
48,Texas,48077,Clay,2013,2017,Black (includes Hispanic),
48,Texas,48077,Clay,2013,2017,Hispanic (all races),
48,Texas,48077,Clay,2013,2017,American Indian/Alaskan Native (includes Hispanic),
48,Texas,48077,Clay,2013,2017,White (includes Hispanic),10.8
48,Texas,48077,Clay,2014,2018,Asian/Pacific Islander (includes Hispanic),
48,Texas,48077,Clay,2014,2018,Black (includes Hispanic),
48,Texas,48077,Clay,2014,2018,Hispanic (all races),
48,Texas,48077,Clay,2014,2018,American Indian/Alaskan Native (includes Hispanic),
48,Texas,48077,Clay,2014,2018,White (includes Hispanic),13.1
48,Texas,48077,Clay,2015,2019,Asian/Pacific Islander (includes Hispanic),
48,Texas,48077,Clay,2015,2019,Black (includes Hispanic),
48,Texas,48077,Clay,2015,2019,Hispanic (all races),
48,Texas,48077,Clay,2015,2019,American Indian/Alaskan Native (includes Hispanic),
48,Texas,48077,Clay,2015,2019,White (includes Hispanic),15.6
48,Texas,48077,Clay,2016,2020,Asian/Pacific Islander (includes Hispanic),
48,Texas,48077,Clay,2016,2020,Black (includes Hispanic),
48,Texas,48077,Clay,2016,2020,Hispanic (all races),
48,Texas,48077,Clay,2016,2020,American Indian/Alaskan Native (includes Hispanic),
48,Texas,48077,Clay,2016,2020,White (includes Hispanic),15.8
48,Texas,48079,Cochran,2011,2015,Asian/Pacific Islander (includes Hispanic),
48,Texas,48079,Cochran,2011,2015,Black (includes Hispanic),
48,Texas,48079,Cochran,2011,2015,Hispanic (all races),10.7
48,Texas,48079,Cochran,2011,2015,American Indian/Alaskan Native (includes Hispanic),
48,Texas,48079,Cochran,2011,2015,White (includes Hispanic),10.6
48,Texas,48079,Cochran,2012,2016,Asian/Pacific Islander (includes Hispanic),
48,Texas,48079,Cochran,2012,2016,Black (includes Hispanic),
48,Texas,48079,Cochran,2012,2016,Hispanic (all races),
48,Texas,48079,Cochran,2012,2016,American Indian/Alaskan Native (includes Hispanic),
48,Texas,48079,Cochran,2012,2016,White (includes Hispanic),9.0
48,Texas,48079,Cochran,2013,2017,Asian/Pacific Islander (includes Hispanic),
48,Texas,48079,Cochran,2013,2017,Black (includes Hispanic),
48,Texas,48079,Cochran,2013,2017,Hispanic (all races),
48,Texas,48079,Cochran,2013,2017,American Indian/Alaskan Native (includes Hispanic),
48,Texas,48079,Cochran,2013,2017,White (includes Hispanic),9.9
48,Texas,48079,Cochran,2014,2018,Asian/Pacific Islander (includes Hispanic),
48,Texas,48079,Cochran,2014,2018,Black (includes Hispanic),
48,Texas,48079,Cochran,2014,2018,Hispanic (all races),
48,Texas,48079,Cochran,2014,2018,American Indian/Alaskan Native (includes Hispanic),
48,Texas,48079,Cochran,2014,2018,White (includes Hispanic),9.8
48,Texas,48079,Cochran,2015,2019,Asian/Pacific Islander (includes Hispanic),
48,Texas,48079,Cochran,2015,2019,Black (includes Hispanic),
48,Texas,48079,Cochran,2015,2019,Hispanic (all races),10.4
48,Texas,48079,Cochran,2015,2019,American Indian/Alaskan Native (includes Hispanic),
48,Texas,48079,Cochran,2015,2019,White (includes Hispanic),11.2
48,Texas,48079,Cochran,2016,2020,Asian/Pacific Islander (includes Hispanic),
48,Texas,48079,Cochran,2016,2020,Black (includes Hispanic),
48,Texas,48079,Cochran,2016,2020,Hispanic (all races),12.1
48,Texas,48079,Cochran,2016,2020,American Indian/Alaskan Native (includes Hispanic),
48,Texas,48079,Cochran,2016,2020,White (includes Hispanic),11.5
48,Texas,48081,Coke,2011,2015,Asian/Pacific Islander (includes Hispanic),
48,Texas,48081,Coke,2011,2015,Black (includes Hispanic),
48,Texas,48081,Coke,2011,2015,Hispanic (all races),
48,Texas,48081,Coke,2011,2015,American Indian/Alaskan Native (includes Hispanic),
48,Texas,48081,Coke,2011,2015,White (includes Hispanic),9.1
48,Texas,48081,Coke,2012,2016,Asian/Pacific Islander (includes Hispanic),
48,Texas,48081,Coke,2012,2016,Black (includes Hispanic),
48,Texas,48081,Coke,2012,2016,Hispanic (all races),
48,Texas,48081,Coke,2012,2016,American Indian/Alaskan Native (includes Hispanic),
48,Texas,48081,Coke,2012,2016,White (includes Hispanic),10.2
48,Texas,48081,Coke,2013,2017,Asian/Pacific Islander (includes Hispanic),
48,Texas,48081,Coke,2013,2017,Black (includes Hispanic),
48,Texas,48081,Coke,2013,2017,Hispanic (all races),16.3
48,Texas,48081,Coke,2013,2017,American Indian/Alaskan Native (includes Hispanic),
48,Texas,48081,Coke,2013,2017,White (includes Hispanic),11.9
48,Texas,48081,Coke,2014,2018,Asian/Pacific Islander (includes Hispanic),
48,Texas,48081,Coke,2014,2018,Black (includes Hispanic),
48,Texas,48081,Coke,2014,2018,Hispanic (all races),15.9
48,Texas,48081,Coke,2014,2018,American Indian/Alaskan Native (includes Hispanic),
48,Texas,48081,Coke,2014,2018,White (includes Hispanic),11.1
48,Texas,48081,Coke,2015,2019,Asian/Pacific Islander (includes Hispanic),
48,Texas,48081,Coke,2015,2019,Black (includes Hispanic),
48,Texas,48081,Coke,2015,2019,Hispanic (all races),17.4
48,Texas,48081,Coke,2015,2019,American Indian/Alaskan Native (includes Hispanic),
48,Texas,48081,Coke,2015,2019,White (includes Hispanic),12.1
48,Texas,48081,Coke,2016,2020,Asian/Pacific Islander (includes Hispanic),
48,Texas,48081,Coke,2016,2020,Black (includes Hispanic),
48,Texas,48081,Coke,2016,2020,Hispanic (all races),17.4
48,Texas,48081,Coke,2016,2020,American Indian/Alaskan Native (includes Hispanic),
48,Texas,48081,Coke,2016,2020,White (includes Hispanic),12.5
48,Texas,48083,Coleman,2011,2015,Asian/Pacific Islander (includes Hispanic),
48,Texas,48083,Coleman,2011,2015,Black (includes Hispanic),
48,Texas,48083,Coleman,2011,2015,Hispanic (all races),
48,Texas,48083,Coleman,2011,2015,American Indian/Alaskan Native (includes Hispanic),
48,Texas,48083,Coleman,2011,2015,White (includes Hispanic),12.5
48,Texas,48083,Coleman,2012,2016,Asian/Pacific Islander (includes Hispanic),
48,Texas,48083,Coleman,2012,2016,Black (includes Hispanic),
48,Texas,48083,Coleman,2012,2016,Hispanic (all races),
48,Texas,48083,Coleman,2012,2016,American Indian/Alaskan Native (includes Hispanic),
48,Texas,48083,Coleman,2012,2016,White (includes Hispanic),11.4
48,Texas,48083,Coleman,2013,2017,Asian/Pacific Islander (includes Hispanic),
48,Texas,48083,Coleman,2013,2017,Black (includes Hispanic),
48,Texas,48083,Coleman,2013,2017,Hispanic (all races),
48,Texas,48083,Coleman,2013,2017,American Indian/Alaskan Native (includes Hispanic),
48,Texas,48083,Coleman,2013,2017,White (includes Hispanic),11.4
48,Texas,48083,Coleman,2014,2018,Asian/Pacific Islander (includes Hispanic),
48,Texas,48083,Coleman,2014,2018,Black (includes Hispanic),
48,Texas,48083,Coleman,2014,2018,Hispanic (all races),
48,Texas,48083,Coleman,2014,2018,American Indian/Alaskan Native (includes Hispanic),
48,Texas,48083,Coleman,2014,2018,White (includes Hispanic),10.4
48,Texas,48083,Coleman,2015,2019,Asian/Pacific Islander (includes Hispanic),
48,Texas,48083,Coleman,2015,2019,Black (includes Hispanic),
48,Texas,48083,Coleman,2015,2019,Hispanic (all races),
48,Texas,48083,Coleman,2015,2019,American Indian/Alaskan Native (includes Hispanic),
48,Texas,48083,Coleman,2015,2019,White (includes Hispanic),8.9
48,Texas,48083,Coleman,2016,2020,Asian/Pacific Islander (includes Hispanic),
48,Texas,48083,Coleman,2016,2020,Black (includes Hispanic),
48,Texas,48083,Coleman,2016,2020,Hispanic (all races),
48,Texas,48083,Coleman,2016,2020,American Indian/Alaskan Native (includes Hispanic),
48,Texas,48083,Coleman,2016,2020,White (includes Hispanic),9.5
48,Texas,48085,Collin,2011,2015,Asian/Pacific Islander (includes Hispanic),4.0
48,Texas,48085,Collin,2011,2015,Black (includes Hispanic),9.8
48,Texas,48085,Collin,2011,2015,Hispanic (all races),11.8
48,Texas,48085,Collin,2011,2015,American Indian/Alaskan Native (includes Hispanic),
48,Texas,48085,Collin,2011,2015,White (includes Hispanic),8.0
48,Texas,48085,Collin,2012,2016,Asian/Pacific Islander (includes Hispanic),4.7
48,Texas,48085,Collin,2012,2016,Black (includes Hispanic),9.5
48,Texas,48085,Collin,2012,2016,Hispanic (all races),11.1
48,Texas,48085,Collin,2012,2016,American Indian/Alaskan Native (includes Hispanic),
48,Texas,48085,Collin,2012,2016,White (includes Hispanic),7.8
48,Texas,48085,Collin,2013,2017,Asian/Pacific Islander (includes Hispanic),4.2
48,Texas,48085,Collin,2013,2017,Black (includes Hispanic),9.5
48,Texas,48085,Collin,2013,2017,Hispanic (all races),10.7
48,Texas,48085,Collin,2013,2017,American Indian/Alaskan Native (includes Hispanic),
48,Texas,48085,Collin,2013,2017,White (includes Hispanic),7.7
48,Texas,48085,Collin,2014,2018,Asian/Pacific Islander (includes Hispanic),4.6
48,Texas,48085,Collin,2014,2018,Black (includes Hispanic),9.4
48,Texas,48085,Collin,2014,2018,Hispanic (all races),10.1
48,Texas,48085,Collin,2014,2018,American Indian/Alaskan Native (includes Hispanic),
48,Texas,48085,Collin,2014,2018,White (includes Hispanic),7.5
48,Texas,48085,Collin,2015,2019,Asian/Pacific Islander (includes Hispanic),4.8
48,Texas,48085,Collin,2015,2019,Black (includes Hispanic),9.0
48,Texas,48085,Collin,2015,2019,Hispanic (all races),10.6
48,Texas,48085,Collin,2015,2019,American Indian/Alaskan Native (includes Hispanic),
48,Texas,48085,Collin,2015,2019,White (includes Hispanic),7.8
48,Texas,48085,Collin,2016,2020,Asian/Pacific Islander (includes Hispanic),4.8
48,Texas,48085,Collin,2016,2020,Black (includes Hispanic),8.6
48,Texas,48085,Collin,2016,2020,Hispanic (all races),10.7
48,Texas,48085,Collin,2016,2020,American Indian/Alaskan Native (includes Hispanic),
48,Texas,48085,Collin,2016,2020,White (includes Hispanic),7.8
48,Texas,48087,Collingsworth,2011,2015,Asian/Pacific Islander (includes Hispanic),
48,Texas,48087,Collingsworth,2011,2015,Black (includes Hispanic),
48,Texas,48087,Collingsworth,2011,2015,Hispanic (all races),
48,Texas,48087,Collingsworth,2011,2015,American Indian/Alaskan Native (includes Hispanic),
48,Texas,48087,Collingsworth,2011,2015,White (includes Hispanic),13.9
48,Texas,48087,Collingsworth,2012,2016,Asian/Pacific Islander (includes Hispanic),
48,Texas,48087,Collingsworth,2012,2016,Black (includes Hispanic),
48,Texas,48087,Collingsworth,2012,2016,Hispanic (all races),
48,Texas,48087,Collingsworth,2012,2016,American Indian/Alaskan Native (includes Hispanic),
48,Texas,48087,Collingsworth,2012,2016,White (includes Hispanic),13.7
48,Texas,48087,Collingsworth,2013,2017,Asian/Pacific Islander (includes Hispanic),
48,Texas,48087,Collingsworth,2013,2017,Black (includes Hispanic),
48,Texas,48087,Collingsworth,2013,2017,Hispanic (all races),
48,Texas,48087,Collingsworth,2013,2017,American Indian/Alaskan Native (includes Hispanic),
48,Texas,48087,Collingsworth,2013,2017,White (includes Hispanic),14.1
48,Texas,48087,Collingsworth,2014,2018,Asian/Pacific Islander (includes Hispanic),
48,Texas,48087,Collingsworth,2014,2018,Black (includes Hispanic),
48,Texas,48087,Collingsworth,2014,2018,Hispanic (all races),
48,Texas,48087,Collingsworth,2014,2018,American Indian/Alaskan Native (includes Hispanic),
48,Texas,48087,Collingsworth,2014,2018,White (includes Hispanic),14.5
48,Texas,48087,Collingsworth,2015,2019,Asian/Pacific Islander (includes Hispanic),
48,Texas,48087,Collingsworth,2015,2019,Black (includes Hispanic),
48,Texas,48087,Collingsworth,2015,2019,Hispanic (all races),
48,Texas,48087,Collingsworth,2015,2019,American Indian/Alaskan Native (includes Hispanic),
48,Texas,48087,Collingsworth,2015,2019,White (includes Hispanic),14.3
48,Texas,48087,Collingsworth,2016,2020,Asian/Pacific Islander (includes Hispanic),
48,Texas,48087,Collingsworth,2016,2020,Black (includes Hispanic),
48,Texas,48087,Collingsworth,2016,2020,Hispanic (all races),
48,Texas,48087,Collingsworth,2016,2020,American Indian/Alaskan Native (includes Hispanic),
48,Texas,48087,Collingsworth,2016,2020,White (includes Hispanic),12.0
48,Texas,48089,Colorado,2011,2015,Asian/Pacific Islander (includes Hispanic),
48,Texas,48089,Colorado,2011,2015,Black (includes Hispanic),
48,Texas,48089,Colorado,2011,2015,Hispanic (all races),
48,Texas,48089,Colorado,2011,2015,American Indian/Alaskan Native (includes Hispanic),
48,Texas,48089,Colorado,2011,2015,White (includes Hispanic),7.3
48,Texas,48089,Colorado,2012,2016,Asian/Pacific Islander (includes Hispanic),
48,Texas,48089,Colorado,2012,2016,Black (includes Hispanic),
48,Texas,48089,Colorado,2012,2016,Hispanic (all races),
48,Texas,48089,Colorado,2012,2016,American Indian/Alaskan Native (includes Hispanic),
48,Texas,48089,Colorado,2012,2016,White (includes Hispanic),10.0
48,Texas,48089,Colorado,2013,2017,Asian/Pacific Islander (includes Hispanic),
48,Texas,48089,Colorado,2013,2017,Black (includes Hispanic),
48,Texas,48089,Colorado,2013,2017,Hispanic (all races),
48,Texas,48089,Colorado,2013,2017,American Indian/Alaskan Native (includes Hispanic),
48,Texas,48089,Colorado,2013,2017,White (includes Hispanic),9.9
48,Texas,48089,Colorado,2014,2018,Asian/Pacific Islander (includes Hispanic),
48,Texas,48089,Colorado,2014,2018,Black (includes Hispanic),
48,Texas,48089,Colorado,2014,2018,Hispanic (all races),
48,Texas,48089,Colorado,2014,2018,American Indian/Alaskan Native (includes Hispanic),
48,Texas,48089,Colorado,2014,2018,White (includes Hispanic),12.3
48,Texas,48089,Colorado,2015,2019,Asian/Pacific Islander (includes Hispanic),
48,Texas,48089,Colorado,2015,2019,Black (includes Hispanic),
48,Texas,48089,Colorado,2015,2019,Hispanic (all races),
48,Texas,48089,Colorado,2015,2019,American Indian/Alaskan Native (includes Hispanic),
48,Texas,48089,Colorado,2015,2019,White (includes Hispanic),12.1
48,Texas,48089,Colorado,2016,2020,Asian/Pacific Islander (includes Hispanic),
48,Texas,48089,Colorado,2016,2020,Black (includes Hispanic),
48,Texas,48089,Colorado,2016,2020,Hispanic (all races),
48,Texas,48089,Colorado,2016,2020,American Indian/Alaskan Native (includes Hispanic),
48,Texas,48089,Colorado,2016,2020,White (includes Hispanic),12.2
48,Texas,48091,Comal,2011,2015,Asian/Pacific Islander (includes Hispanic),
48,Texas,48091,Comal,2011,2015,Black (includes Hispanic),7.6
48,Texas,48091,Comal,2011,2015,Hispanic (all races),11.4
48,Texas,48091,Comal,2011,2015,American Indian/Alaskan Native (includes Hispanic),
48,Texas,48091,Comal,2011,2015,White (includes Hispanic),10.7
48,Texas,48091,Comal,2012,2016,Asian/Pacific Islander (includes Hispanic),
48,Texas,48091,Comal,2012,2016,Black (includes Hispanic),7.9
48,Texas,48091,Comal,2012,2016,Hispanic (all races),11.5
48,Texas,48091,Comal,2012,2016,American Indian/Alaskan Native (includes Hispanic),
48,Texas,48091,Comal,2012,2016,White (includes Hispanic),11.0
48,Texas,48091,Comal,2013,2017,Asian/Pacific Islander (includes Hispanic),
48,Texas,48091,Comal,2013,2017,Black (includes Hispanic),8.9
48,Texas,48091,Comal,2013,2017,Hispanic (all races),11.8
48,Texas,48091,Comal,2013,2017,American Indian/Alaskan Native (includes Hispanic),
48,Texas,48091,Comal,2013,2017,White (includes Hispanic),11.0
48,Texas,48091,Comal,2014,2018,Asian/Pacific Islander (includes Hispanic),
48,Texas,48091,Comal,2014,2018,Black (includes Hispanic),9.3
48,Texas,48091,Comal,2014,2018,Hispanic (all races),11.5
48,Texas,48091,Comal,2014,2018,American Indian/Alaskan Native (includes Hispanic),
48,Texas,48091,Comal,2014,2018,White (includes Hispanic),10.7
48,Texas,48091,Comal,2015,2019,Asian/Pacific Islander (includes Hispanic),
48,Texas,48091,Comal,2015,2019,Black (includes Hispanic),8.4
48,Texas,48091,Comal,2015,2019,Hispanic (all races),11.4
48,Texas,48091,Comal,2015,2019,American Indian/Alaskan Native (includes Hispanic),
48,Texas,48091,Comal,2015,2019,White (includes Hispanic),10.7
48,Texas,48091,Comal,2016,2020,Asian/Pacific Islander (includes Hispanic),
48,Texas,48091,Comal,2016,2020,Black (includes Hispanic),8.6
48,Texas,48091,Comal,2016,2020,Hispanic (all races),12.2
48,Texas,48091,Comal,2016,2020,American Indian/Alaskan Native (includes Hispanic),
48,Texas,48091,Comal,2016,2020,White (includes Hispanic),10.8
48,Texas,48093,Comanche,2011,2015,Asian/Pacific Islander (includes Hispanic),
48,Texas,48093,Comanche,2011,2015,Black (includes Hispanic),
48,Texas,48093,Comanche,2011,2015,Hispanic (all races),
48,Texas,48093,Comanche,2011,2015,American Indian/Alaskan Native (includes Hispanic),
48,Texas,48093,Comanche,2011,2015,White (includes Hispanic),10.4
48,Texas,48093,Comanche,2012,2016,Asian/Pacific Islander (includes Hispanic),
48,Texas,48093,Comanche,2012,2016,Black (includes Hispanic),
48,Texas,48093,Comanche,2012,2016,Hispanic (all races),
48,Texas,48093,Comanche,2012,2016,American Indian/Alaskan Native (includes Hispanic),
48,Texas,48093,Comanche,2012,2016,White (includes Hispanic),9.6
48,Texas,48093,Comanche,2013,2017,Asian/Pacific Islander (includes Hispanic),
48,Texas,48093,Comanche,2013,2017,Black (includes Hispanic),
48,Texas,48093,Comanche,2013,2017,Hispanic (all races),
48,Texas,48093,Comanche,2013,2017,American Indian/Alaskan Native (includes Hispanic),
48,Texas,48093,Comanche,2013,2017,White (includes Hispanic),10.0
48,Texas,48093,Comanche,2014,2018,Asian/Pacific Islander (includes Hispanic),
48,Texas,48093,Comanche,2014,2018,Black (includes Hispanic),
48,Texas,48093,Comanche,2014,2018,Hispanic (all races),
48,Texas,48093,Comanche,2014,2018,American Indian/Alaskan Native (includes Hispanic),
48,Texas,48093,Comanche,2014,2018,White (includes Hispanic),10.4
48,Texas,48093,Comanche,2015,2019,Asian/Pacific Islander (includes Hispanic),
48,Texas,48093,Comanche,2015,2019,Black (includes Hispanic),
48,Texas,48093,Comanche,2015,2019,Hispanic (all races),
48,Texas,48093,Comanche,2015,2019,American Indian/Alaskan Native (includes Hispanic),
48,Texas,48093,Comanche,2015,2019,White (includes Hispanic),11.3
48,Texas,48093,Comanche,2016,2020,Asian/Pacific Islander (includes Hispanic),
48,Texas,48093,Comanche,2016,2020,Black (includes Hispanic),
48,Texas,48093,Comanche,2016,2020,Hispanic (all races),
48,Texas,48093,Comanche,2016,2020,American Indian/Alaskan Native (includes Hispanic),
48,Texas,48093,Comanche,2016,2020,White (includes Hispanic),11.2
48,Texas,48095,Concho,2011,2015,Asian/Pacific Islander (includes Hispanic),
48,Texas,48095,Concho,2011,2015,Black (includes Hispanic),
48,Texas,48095,Concho,2011,2015,Hispanic (all races),
48,Texas,48095,Concho,2011,2015,American Indian/Alaskan Native (includes Hispanic),
48,Texas,48095,Concho,2011,2015,White (includes Hispanic),11.1
48,Texas,48095,Concho,2012,2016,Asian/Pacific Islander (includes Hispanic),
48,Texas,48095,Concho,2012,2016,Black (includes Hispanic),
48,Texas,48095,Concho,2012,2016,Hispanic (all races),
48,Texas,48095,Concho,2012,2016,American Indian/Alaskan Native (includes Hispanic),
48,Texas,48095,Concho,2012,2016,White (includes Hispanic),11.6
48,Texas,48095,Concho,2013,2017,Asian/Pacific Islander (includes Hispanic),
48,Texas,48095,Concho,2013,2017,Black (includes Hispanic),
48,Texas,48095,Concho,2013,2017,Hispanic (all races),
48,Texas,48095,Concho,2013,2017,American Indian/Alaskan Native (includes Hispanic),
48,Texas,48095,Concho,2013,2017,White (includes Hispanic),13.1
48,Texas,48095,Concho,2014,2018,Asian/Pacific Islander (includes Hispanic),
48,Texas,48095,Concho,2014,2018,Black (includes Hispanic),
48,Texas,48095,Concho,2014,2018,Hispanic (all races),15.5
48,Texas,48095,Concho,2014,2018,American Indian/Alaskan Native (includes Hispanic),
48,Texas,48095,Concho,2014,2018,White (includes Hispanic),12.6
48,Texas,48095,Concho,2015,2019,Asian/Pacific Islander (includes Hispanic),
48,Texas,48095,Concho,2015,2019,Black (includes Hispanic),
48,Texas,48095,Concho,2015,2019,Hispanic (all races),15.7
48,Texas,48095,Concho,2015,2019,American Indian/Alaskan Native (includes Hispanic),
48,Texas,48095,Concho,2015,2019,White (includes Hispanic),12.3
48,Texas,48095,Concho,2016,2020,Asian/Pacific Islander (includes Hispanic),
48,Texas,48095,Concho,2016,2020,Black (includes Hispanic),
48,Texas,48095,Concho,2016,2020,Hispanic (all races),14.8
48,Texas,48095,Concho,2016,2020,American Indian/Alaskan Native (includes Hispanic),
48,Texas,48095,Concho,2016,2020,White (includes Hispanic),11.7
48,Texas,48097,Cooke,2011,2015,Asian/Pacific Islander (includes Hispanic),
48,Texas,48097,Cooke,2011,2015,Black (includes Hispanic),
48,Texas,48097,Cooke,2011,2015,Hispanic (all races),
48,Texas,48097,Cooke,2011,2015,American Indian/Alaskan Native (includes Hispanic),
48,Texas,48097,Cooke,2011,2015,White (includes Hispanic),7.3
48,Texas,48097,Cooke,2012,2016,Asian/Pacific Islander (includes Hispanic),
48,Texas,48097,Cooke,2012,2016,Black (includes Hispanic),10.9
48,Texas,48097,Cooke,2012,2016,Hispanic (all races),5.5
48,Texas,48097,Cooke,2012,2016,American Indian/Alaskan Native (includes Hispanic),
48,Texas,48097,Cooke,2012,2016,White (includes Hispanic),7.2
48,Texas,48097,Cooke,2013,2017,Asian/Pacific Islander (includes Hispanic),
48,Texas,48097,Cooke,2013,2017,Black (includes Hispanic),9.0
48,Texas,48097,Cooke,2013,2017,Hispanic (all races),5.6
48,Texas,48097,Cooke,2013,2017,American Indian/Alaskan Native (includes Hispanic),
48,Texas,48097,Cooke,2013,2017,White (includes Hispanic),6.5
48,Texas,48097,Cooke,2014,2018,Asian/Pacific Islander (includes Hispanic),
48,Texas,48097,Cooke,2014,2018,Black (includes Hispanic),
48,Texas,48097,Cooke,2014,2018,Hispanic (all races),6.7
48,Texas,48097,Cooke,2014,2018,American Indian/Alaskan Native (includes Hispanic),
48,Texas,48097,Cooke,2014,2018,White (includes Hispanic),6.4
48,Texas,48097,Cooke,2015,2019,Asian/Pacific Islander (includes Hispanic),
48,Texas,48097,Cooke,2015,2019,Black (includes Hispanic),
48,Texas,48097,Cooke,2015,2019,Hispanic (all races),6.8
48,Texas,48097,Cooke,2015,2019,American Indian/Alaskan Native (includes Hispanic),
48,Texas,48097,Cooke,2015,2019,White (includes Hispanic),6.5
48,Texas,48097,Cooke,2016,2020,Asian/Pacific Islander (includes Hispanic),
48,Texas,48097,Cooke,2016,2020,Black (includes Hispanic),
48,Texas,48097,Cooke,2016,2020,Hispanic (all races),8.9
48,Texas,48097,Cooke,2016,2020,American Indian/Alaskan Native (includes Hispanic),
48,Texas,48097,Cooke,2016,2020,White (includes Hispanic),6.9
48,Texas,48099,Coryell,2011,2015,Asian/Pacific Islander (includes Hispanic),
48,Texas,48099,Coryell,2011,2015,Black (includes Hispanic),10.8
48,Texas,48099,Coryell,2011,2015,Hispanic (all races),8.9
48,Texas,48099,Coryell,2011,2015,American Indian/Alaskan Native (includes Hispanic),
48,Texas,48099,Coryell,2011,2015,White (includes Hispanic),10.0
48,Texas,48099,Coryell,2012,2016,Asian/Pacific Islander (includes Hispanic),
48,Texas,48099,Coryell,2012,2016,Black (includes Hispanic),11.8
48,Texas,48099,Coryell,2012,2016,Hispanic (all races),9.4
48,Texas,48099,Coryell,2012,2016,American Indian/Alaskan Native (includes Hispanic),
48,Texas,48099,Coryell,2012,2016,White (includes Hispanic),9.1
48,Texas,48099,Coryell,2013,2017,Asian/Pacific Islander (includes Hispanic),
48,Texas,48099,Coryell,2013,2017,Black (includes Hispanic),11.3
48,Texas,48099,Coryell,2013,2017,Hispanic (all races),9.7
48,Texas,48099,Coryell,2013,2017,American Indian/Alaskan Native (includes Hispanic),
48,Texas,48099,Coryell,2013,2017,White (includes Hispanic),9.2
48,Texas,48099,Coryell,2014,2018,Asian/Pacific Islander (includes Hispanic),
48,Texas,48099,Coryell,2014,2018,Black (includes Hispanic),10.9
48,Texas,48099,Coryell,2014,2018,Hispanic (all races),11.0
48,Texas,48099,Coryell,2014,2018,American Indian/Alaskan Native (includes Hispanic),
48,Texas,48099,Coryell,2014,2018,White (includes Hispanic),9.9
48,Texas,48099,Coryell,2015,2019,Asian/Pacific Islander (includes Hispanic),
48,Texas,48099,Coryell,2015,2019,Black (includes Hispanic),8.9
48,Texas,48099,Coryell,2015,2019,Hispanic (all races),11.6
48,Texas,48099,Coryell,2015,2019,American Indian/Alaskan Native (includes Hispanic),
48,Texas,48099,Coryell,2015,2019,White (includes Hispanic),11.2
48,Texas,48099,Coryell,2016,2020,Asian/Pacific Islander (includes Hispanic),
48,Texas,48099,Coryell,2016,2020,Black (includes Hispanic),7.1
48,Texas,48099,Coryell,2016,2020,Hispanic (all races),12.3
48,Texas,48099,Coryell,2016,2020,American Indian/Alaskan Native (includes Hispanic),
48,Texas,48099,Coryell,2016,2020,White (includes Hispanic),11.9
48,Texas,48101,Cottle,2011,2015,Asian/Pacific Islander (includes Hispanic),
48,Texas,48101,Cottle,2011,2015,Black (includes Hispanic),
48,Texas,48101,Cottle,2011,2015,Hispanic (all races),
48,Texas,48101,Cottle,2011,2015,American Indian/Alaskan Native (includes Hispanic),
48,Texas,48101,Cottle,2011,2015,White (includes Hispanic),
48,Texas,48101,Cottle,2012,2016,Asian/Pacific Islander (includes Hispanic),
48,Texas,48101,Cottle,2012,2016,Black (includes Hispanic),
48,Texas,48101,Cottle,2012,2016,Hispanic (all races),
48,Texas,48101,Cottle,2012,2016,American Indian/Alaskan Native (includes Hispanic),
48,Texas,48101,Cottle,2012,2016,White (includes Hispanic),
48,Texas,48101,Cottle,2013,2017,Asian/Pacific Islander (includes Hispanic),
48,Texas,48101,Cottle,2013,2017,Black (includes Hispanic),
48,Texas,48101,Cottle,2013,2017,Hispanic (all races),
48,Texas,48101,Cottle,2013,2017,American Indian/Alaskan Native (includes Hispanic),
48,Texas,48101,Cottle,2013,2017,White (includes Hispanic),
48,Texas,48101,Cottle,2014,2018,Asian/Pacific Islander (includes Hispanic),
48,Texas,48101,Cottle,2014,2018,Black (includes Hispanic),
48,Texas,48101,Cottle,2014,2018,Hispanic (all races),
48,Texas,48101,Cottle,2014,2018,American Indian/Alaskan Native (includes Hispanic),
48,Texas,48101,Cottle,2014,2018,White (includes Hispanic),
48,Texas,48101,Cottle,2015,2019,Asian/Pacific Islander (includes Hispanic),
48,Texas,48101,Cottle,2015,2019,Black (includes Hispanic),
48,Texas,48101,Cottle,2015,2019,Hispanic (all races),
48,Texas,48101,Cottle,2015,2019,American Indian/Alaskan Native (includes Hispanic),
48,Texas,48101,Cottle,2015,2019,White (includes Hispanic),
48,Texas,48101,Cottle,2016,2020,Asian/Pacific Islander (includes Hispanic),
48,Texas,48101,Cottle,2016,2020,Black (includes Hispanic),
48,Texas,48101,Cottle,2016,2020,Hispanic (all races),
48,Texas,48101,Cottle,2016,2020,American Indian/Alaskan Native (includes Hispanic),
48,Texas,48101,Cottle,2016,2020,White (includes Hispanic),
48,Texas,48103,Crane,2011,2015,Asian/Pacific Islander (includes Hispanic),
48,Texas,48103,Crane,2011,2015,Black (includes Hispanic),
48,Texas,48103,Crane,2011,2015,Hispanic (all races),
48,Texas,48103,Crane,2011,2015,American Indian/Alaskan Native (includes Hispanic),
48,Texas,48103,Crane,2011,2015,White (includes Hispanic),8.4
48,Texas,48103,Crane,2012,2016,Asian/Pacific Islander (includes Hispanic),
48,Texas,48103,Crane,2012,2016,Black (includes Hispanic),
48,Texas,48103,Crane,2012,2016,Hispanic (all races),8.8
48,Texas,48103,Crane,2012,2016,American Indian/Alaskan Native (includes Hispanic),
48,Texas,48103,Crane,2012,2016,White (includes Hispanic),9.8
48,Texas,48103,Crane,2013,2017,Asian/Pacific Islander (includes Hispanic),
48,Texas,48103,Crane,2013,2017,Black (includes Hispanic),
48,Texas,48103,Crane,2013,2017,Hispanic (all races),10.2
48,Texas,48103,Crane,2013,2017,American Indian/Alaskan Native (includes Hispanic),
48,Texas,48103,Crane,2013,2017,White (includes Hispanic),10.3
48,Texas,48103,Crane,2014,2018,Asian/Pacific Islander (includes Hispanic),
48,Texas,48103,Crane,2014,2018,Black (includes Hispanic),
48,Texas,48103,Crane,2014,2018,Hispanic (all races),12.0
48,Texas,48103,Crane,2014,2018,American Indian/Alaskan Native (includes Hispanic),
48,Texas,48103,Crane,2014,2018,White (includes Hispanic),12.0
48,Texas,48103,Crane,2015,2019,Asian/Pacific Islander (includes Hispanic),
48,Texas,48103,Crane,2015,2019,Black (includes Hispanic),
48,Texas,48103,Crane,2015,2019,Hispanic (all races),15.0
48,Texas,48103,Crane,2015,2019,American Indian/Alaskan Native (includes Hispanic),
48,Texas,48103,Crane,2015,2019,White (includes Hispanic),13.5
48,Texas,48103,Crane,2016,2020,Asian/Pacific Islander (includes Hispanic),
48,Texas,48103,Crane,2016,2020,Black (includes Hispanic),
48,Texas,48103,Crane,2016,2020,Hispanic (all races),16.1
48,Texas,48103,Crane,2016,2020,American Indian/Alaskan Native (includes Hispanic),
48,Texas,48103,Crane,2016,2020,White (includes Hispanic),15.0
48,Texas,48105,Crockett,2011,2015,Asian/Pacific Islander (includes Hispanic),
48,Texas,48105,Crockett,2011,2015,Black (includes Hispanic),
48,Texas,48105,Crockett,2011,2015,Hispanic (all races),15.4
48,Texas,48105,Crockett,2011,2015,American Indian/Alaskan Native (includes Hispanic),
48,Texas,48105,Crockett,2011,2015,White (includes Hispanic),11.2
48,Texas,48105,Crockett,2012,2016,Asian/Pacific Islander (includes Hispanic),
48,Texas,48105,Crockett,2012,2016,Black (includes Hispanic),
48,Texas,48105,Crockett,2012,2016,Hispanic (all races),16.5
48,Texas,48105,Crockett,2012,2016,American Indian/Alaskan Native (includes Hispanic),
48,Texas,48105,Crockett,2012,2016,White (includes Hispanic),12.3
48,Texas,48105,Crockett,2013,2017,Asian/Pacific Islander (includes Hispanic),
48,Texas,48105,Crockett,2013,2017,Black (includes Hispanic),
48,Texas,48105,Crockett,2013,2017,Hispanic (all races),11.5
48,Texas,48105,Crockett,2013,2017,American Indian/Alaskan Native (includes Hispanic),
48,Texas,48105,Crockett,2013,2017,White (includes Hispanic),8.5
48,Texas,48105,Crockett,2014,2018,Asian/Pacific Islander (includes Hispanic),
48,Texas,48105,Crockett,2014,2018,Black (includes Hispanic),
48,Texas,48105,Crockett,2014,2018,Hispanic (all races),
48,Texas,48105,Crockett,2014,2018,American Indian/Alaskan Native (includes Hispanic),
48,Texas,48105,Crockett,2014,2018,White (includes Hispanic),8.6
48,Texas,48105,Crockett,2015,2019,Asian/Pacific Islander (includes Hispanic),
48,Texas,48105,Crockett,2015,2019,Black (includes Hispanic),
48,Texas,48105,Crockett,2015,2019,Hispanic (all races),12.2
48,Texas,48105,Crockett,2015,2019,American Indian/Alaskan Native (includes Hispanic),
48,Texas,48105,Crockett,2015,2019,White (includes Hispanic),10.5
48,Texas,48105,Crockett,2016,2020,Asian/Pacific Islander (includes Hispanic),
48,Texas,48105,Crockett,2016,2020,Black (includes Hispanic),
48,Texas,48105,Crockett,2016,2020,Hispanic (all races),
48,Texas,48105,Crockett,2016,2020,American Indian/Alaskan Native (includes Hispanic),
48,Texas,48105,Crockett,2016,2020,White (includes Hispanic),9.6
48,Texas,48107,Crosby,2011,2015,Asian/Pacific Islander (includes Hispanic),
48,Texas,48107,Crosby,2011,2015,Black (includes Hispanic),
48,Texas,48107,Crosby,2011,2015,Hispanic (all races),16.9
48,Texas,48107,Crosby,2011,2015,American Indian/Alaskan Native (includes Hispanic),
48,Texas,48107,Crosby,2011,2015,White (includes Hispanic),10.4
48,Texas,48107,Crosby,2012,2016,Asian/Pacific Islander (includes Hispanic),
48,Texas,48107,Crosby,2012,2016,Black (includes Hispanic),
48,Texas,48107,Crosby,2012,2016,Hispanic (all races),17.9
48,Texas,48107,Crosby,2012,2016,American Indian/Alaskan Native (includes Hispanic),
48,Texas,48107,Crosby,2012,2016,White (includes Hispanic),11.9
48,Texas,48107,Crosby,2013,2017,Asian/Pacific Islander (includes Hispanic),
48,Texas,48107,Crosby,2013,2017,Black (includes Hispanic),
48,Texas,48107,Crosby,2013,2017,Hispanic (all races),17.4
48,Texas,48107,Crosby,2013,2017,American Indian/Alaskan Native (includes Hispanic),
48,Texas,48107,Crosby,2013,2017,White (includes Hispanic),12.0
48,Texas,48107,Crosby,2014,2018,Asian/Pacific Islander (includes Hispanic),
48,Texas,48107,Crosby,2014,2018,Black (includes Hispanic),
48,Texas,48107,Crosby,2014,2018,Hispanic (all races),17.1
48,Texas,48107,Crosby,2014,2018,American Indian/Alaskan Native (includes Hispanic),
48,Texas,48107,Crosby,2014,2018,White (includes Hispanic),12.0
48,Texas,48107,Crosby,2015,2019,Asian/Pacific Islander (includes Hispanic),
48,Texas,48107,Crosby,2015,2019,Black (includes Hispanic),
48,Texas,48107,Crosby,2015,2019,Hispanic (all races),15.3
48,Texas,48107,Crosby,2015,2019,American Indian/Alaskan Native (includes Hispanic),
48,Texas,48107,Crosby,2015,2019,White (includes Hispanic),11.9
48,Texas,48107,Crosby,2016,2020,Asian/Pacific Islander (includes Hispanic),
48,Texas,48107,Crosby,2016,2020,Black (includes Hispanic),
48,Texas,48107,Crosby,2016,2020,Hispanic (all races),15.7
48,Texas,48107,Crosby,2016,2020,American Indian/Alaskan Native (includes Hispanic),
48,Texas,48107,Crosby,2016,2020,White (includes Hispanic),12.0
48,Texas,48109,Culberson,2011,2015,Asian/Pacific Islander (includes Hispanic),
48,Texas,48109,Culberson,2011,2015,Black (includes Hispanic),
48,Texas,48109,Culberson,2011,2015,Hispanic (all races),
48,Texas,48109,Culberson,2011,2015,American Indian/Alaskan Native (includes Hispanic),
48,Texas,48109,Culberson,2011,2015,White (includes Hispanic),11.0
48,Texas,48109,Culberson,2012,2016,Asian/Pacific Islander (includes Hispanic),
48,Texas,48109,Culberson,2012,2016,Black (includes Hispanic),
48,Texas,48109,Culberson,2012,2016,Hispanic (all races),
48,Texas,48109,Culberson,2012,2016,American Indian/Alaskan Native (includes Hispanic),
48,Texas,48109,Culberson,2012,2016,White (includes Hispanic),11.4
48,Texas,48109,Culberson,2013,2017,Asian/Pacific Islander (includes Hispanic),
48,Texas,48109,Culberson,2013,2017,Black (includes Hispanic),
48,Texas,48109,Culberson,2013,2017,Hispanic (all races),
48,Texas,48109,Culberson,2013,2017,American Indian/Alaskan Native (includes Hispanic),
48,Texas,48109,Culberson,2013,2017,White (includes Hispanic),9.1
48,Texas,48109,Culberson,2014,2018,Asian/Pacific Islander (includes Hispanic),
48,Texas,48109,Culberson,2014,2018,Black (includes Hispanic),
48,Texas,48109,Culberson,2014,2018,Hispanic (all races),12.4
48,Texas,48109,Culberson,2014,2018,American Indian/Alaskan Native (includes Hispanic),
48,Texas,48109,Culberson,2014,2018,White (includes Hispanic),10.3
48,Texas,48109,Culberson,2015,2019,Asian/Pacific Islander (includes Hispanic),
48,Texas,48109,Culberson,2015,2019,Black (includes Hispanic),
48,Texas,48109,Culberson,2015,2019,Hispanic (all races),12.0
48,Texas,48109,Culberson,2015,2019,American Indian/Alaskan Native (includes Hispanic),
48,Texas,48109,Culberson,2015,2019,White (includes Hispanic),9.8
48,Texas,48109,Culberson,2016,2020,Asian/Pacific Islander (includes Hispanic),
48,Texas,48109,Culberson,2016,2020,Black (includes Hispanic),
48,Texas,48109,Culberson,2016,2020,Hispanic (all races),16.8
48,Texas,48109,Culberson,2016,2020,American Indian/Alaskan Native (includes Hispanic),
48,Texas,48109,Culberson,2016,2020,White (includes Hispanic),10.9
48,Texas,48111,Dallam,2011,2015,Asian/Pacific Islander (includes Hispanic),
48,Texas,48111,Dallam,2011,2015,Black (includes Hispanic),
48,Texas,48111,Dallam,2011,2015,Hispanic (all races),
48,Texas,48111,Dallam,2011,2015,American Indian/Alaskan Native (includes Hispanic),
48,Texas,48111,Dallam,2011,2015,White (includes Hispanic),
48,Texas,48111,Dallam,2012,2016,Asian/Pacific Islander (includes Hispanic),
48,Texas,48111,Dallam,2012,2016,Black (includes Hispanic),
48,Texas,48111,Dallam,2012,2016,Hispanic (all races),
48,Texas,48111,Dallam,2012,2016,American Indian/Alaskan Native (includes Hispanic),
48,Texas,48111,Dallam,2012,2016,White (includes Hispanic),
48,Texas,48111,Dallam,2013,2017,Asian/Pacific Islander (includes Hispanic),
48,Texas,48111,Dallam,2013,2017,Black (includes Hispanic),
48,Texas,48111,Dallam,2013,2017,Hispanic (all races),
48,Texas,48111,Dallam,2013,2017,American Indian/Alaskan Native (includes Hispanic),
48,Texas,48111,Dallam,2013,2017,White (includes Hispanic),
48,Texas,48111,Dallam,2014,2018,Asian/Pacific Islander (includes Hispanic),
48,Texas,48111,Dallam,2014,2018,Black (includes Hispanic),
48,Texas,48111,Dallam,2014,2018,Hispanic (all races),
48,Texas,48111,Dallam,2014,2018,American Indian/Alaskan Native (includes Hispanic),
48,Texas,48111,Dallam,2014,2018,White (includes Hispanic),
48,Texas,48111,Dallam,2015,2019,Asian/Pacific Islander (includes Hispanic),
48,Texas,48111,Dallam,2015,2019,Black (includes Hispanic),
48,Texas,48111,Dallam,2015,2019,Hispanic (all races),
48,Texas,48111,Dallam,2015,2019,American Indian/Alaskan Native (includes Hispanic),
48,Texas,48111,Dallam,2015,2019,White (includes Hispanic),
48,Texas,48111,Dallam,2016,2020,Asian/Pacific Islander (includes Hispanic),
48,Texas,48111,Dallam,2016,2020,Black (includes Hispanic),
48,Texas,48111,Dallam,2016,2020,Hispanic (all races),
48,Texas,48111,Dallam,2016,2020,American Indian/Alaskan Native (includes Hispanic),
48,Texas,48111,Dallam,2016,2020,White (includes Hispanic),
48,Texas,48113,Dallas,2011,2015,Asian/Pacific Islander (includes Hispanic),5.2
48,Texas,48113,Dallas,2011,2015,Black (includes Hispanic),9.2
48,Texas,48113,Dallas,2011,2015,Hispanic (all races),11.6
48,Texas,48113,Dallas,2011,2015,American Indian/Alaskan Native (includes Hispanic),
48,Texas,48113,Dallas,2011,2015,White (includes Hispanic),8.2
48,Texas,48113,Dallas,2012,2016,Asian/Pacific Islander (includes Hispanic),5.5
48,Texas,48113,Dallas,2012,2016,Black (includes Hispanic),9.4
48,Texas,48113,Dallas,2012,2016,Hispanic (all races),11.1
48,Texas,48113,Dallas,2012,2016,American Indian/Alaskan Native (includes Hispanic),
48,Texas,48113,Dallas,2012,2016,White (includes Hispanic),8.1
48,Texas,48113,Dallas,2013,2017,Asian/Pacific Islander (includes Hispanic),5.5
48,Texas,48113,Dallas,2013,2017,Black (includes Hispanic),9.7
48,Texas,48113,Dallas,2013,2017,Hispanic (all races),10.7
48,Texas,48113,Dallas,2013,2017,American Indian/Alaskan Native (includes Hispanic),
48,Texas,48113,Dallas,2013,2017,White (includes Hispanic),7.9
48,Texas,48113,Dallas,2014,2018,Asian/Pacific Islander (includes Hispanic),5.3
48,Texas,48113,Dallas,2014,2018,Black (includes Hispanic),9.5
48,Texas,48113,Dallas,2014,2018,Hispanic (all races),10.3
48,Texas,48113,Dallas,2014,2018,American Indian/Alaskan Native (includes Hispanic),
48,Texas,48113,Dallas,2014,2018,White (includes Hispanic),8.1
48,Texas,48113,Dallas,2015,2019,Asian/Pacific Islander (includes Hispanic),5.8
48,Texas,48113,Dallas,2015,2019,Black (includes Hispanic),9.1
48,Texas,48113,Dallas,2015,2019,Hispanic (all races),10.7
48,Texas,48113,Dallas,2015,2019,American Indian/Alaskan Native (includes Hispanic),
48,Texas,48113,Dallas,2015,2019,White (includes Hispanic),8.3
48,Texas,48113,Dallas,2016,2020,Asian/Pacific Islander (includes Hispanic),5.8
48,Texas,48113,Dallas,2016,2020,Black (includes Hispanic),8.8
48,Texas,48113,Dallas,2016,2020,Hispanic (all races),11.1
48,Texas,48113,Dallas,2016,2020,American Indian/Alaskan Native (includes Hispanic),
48,Texas,48113,Dallas,2016,2020,White (includes Hispanic),8.3
48,Texas,48115,Dawson,2011,2015,Asian/Pacific Islander (includes Hispanic),
48,Texas,48115,Dawson,2011,2015,Black (includes Hispanic),
48,Texas,48115,Dawson,2011,2015,Hispanic (all races),
48,Texas,48115,Dawson,2011,2015,American Indian/Alaskan Native (includes Hispanic),
48,Texas,48115,Dawson,2011,2015,White (includes Hispanic),
48,Texas,48115,Dawson,2012,2016,Asian/Pacific Islander (includes Hispanic),
48,Texas,48115,Dawson,2012,2016,Black (includes Hispanic),
48,Texas,48115,Dawson,2012,2016,Hispanic (all races),
48,Texas,48115,Dawson,2012,2016,American Indian/Alaskan Native (includes Hispanic),
48,Texas,48115,Dawson,2012,2016,White (includes Hispanic),
48,Texas,48115,Dawson,2013,2017,Asian/Pacific Islander (includes Hispanic),
48,Texas,48115,Dawson,2013,2017,Black (includes Hispanic),
48,Texas,48115,Dawson,2013,2017,Hispanic (all races),
48,Texas,48115,Dawson,2013,2017,American Indian/Alaskan Native (includes Hispanic),
48,Texas,48115,Dawson,2013,2017,White (includes Hispanic),
48,Texas,48115,Dawson,2014,2018,Asian/Pacific Islander (includes Hispanic),
48,Texas,48115,Dawson,2014,2018,Black (includes Hispanic),
48,Texas,48115,Dawson,2014,2018,Hispanic (all races),
48,Texas,48115,Dawson,2014,2018,American Indian/Alaskan Native (includes Hispanic),
48,Texas,48115,Dawson,2014,2018,White (includes Hispanic),9.6
48,Texas,48115,Dawson,2015,2019,Asian/Pacific Islander (includes Hispanic),
48,Texas,48115,Dawson,2015,2019,Black (includes Hispanic),
48,Texas,48115,Dawson,2015,2019,Hispanic (all races),
48,Texas,48115,Dawson,2015,2019,American Indian/Alaskan Native (includes Hispanic),
48,Texas,48115,Dawson,2015,2019,White (includes Hispanic),11.6
48,Texas,48115,Dawson,2016,2020,Asian/Pacific Islander (includes Hispanic),
48,Texas,48115,Dawson,2016,2020,Black (includes Hispanic),
48,Texas,48115,Dawson,2016,2020,Hispanic (all races),
48,Texas,48115,Dawson,2016,2020,American Indian/Alaskan Native (includes Hispanic),
48,Texas,48115,Dawson,2016,2020,White (includes Hispanic),12.2
48,Texas,48117,Deaf Smith,2011,2015,Asian/Pacific Islander (includes Hispanic),
48,Texas,48117,Deaf Smith,2011,2015,Black (includes Hispanic),
48,Texas,48117,Deaf Smith,2011,2015,Hispanic (all races),12.9
48,Texas,48117,Deaf Smith,2011,2015,American Indian/Alaskan Native (includes Hispanic),
48,Texas,48117,Deaf Smith,2011,2015,White (includes Hispanic),10.1
48,Texas,48117,Deaf Smith,2012,2016,Asian/Pacific Islander (includes Hispanic),
48,Texas,48117,Deaf Smith,2012,2016,Black (includes Hispanic),
48,Texas,48117,Deaf Smith,2012,2016,Hispanic (all races),13.6
48,Texas,48117,Deaf Smith,2012,2016,American Indian/Alaskan Native (includes Hispanic),
48,Texas,48117,Deaf Smith,2012,2016,White (includes Hispanic),11.1
48,Texas,48117,Deaf Smith,2013,2017,Asian/Pacific Islander (includes Hispanic),
48,Texas,48117,Deaf Smith,2013,2017,Black (includes Hispanic),
48,Texas,48117,Deaf Smith,2013,2017,Hispanic (all races),12.2
48,Texas,48117,Deaf Smith,2013,2017,American Indian/Alaskan Native (includes Hispanic),
48,Texas,48117,Deaf Smith,2013,2017,White (includes Hispanic),11.1
48,Texas,48117,Deaf Smith,2014,2018,Asian/Pacific Islander (includes Hispanic),
48,Texas,48117,Deaf Smith,2014,2018,Black (includes Hispanic),
48,Texas,48117,Deaf Smith,2014,2018,Hispanic (all races),9.8
48,Texas,48117,Deaf Smith,2014,2018,American Indian/Alaskan Native (includes Hispanic),
48,Texas,48117,Deaf Smith,2014,2018,White (includes Hispanic),9.2
48,Texas,48117,Deaf Smith,2015,2019,Asian/Pacific Islander (includes Hispanic),
48,Texas,48117,Deaf Smith,2015,2019,Black (includes Hispanic),
48,Texas,48117,Deaf Smith,2015,2019,Hispanic (all races),9.3
48,Texas,48117,Deaf Smith,2015,2019,American Indian/Alaskan Native (includes Hispanic),
48,Texas,48117,Deaf Smith,2015,2019,White (includes Hispanic),9.8
48,Texas,48117,Deaf Smith,2016,2020,Asian/Pacific Islander (includes Hispanic),
48,Texas,48117,Deaf Smith,2016,2020,Black (includes Hispanic),
48,Texas,48117,Deaf Smith,2016,2020,Hispanic (all races),10.5
48,Texas,48117,Deaf Smith,2016,2020,American Indian/Alaskan Native (includes Hispanic),
48,Texas,48117,Deaf Smith,2016,2020,White (includes Hispanic),11.3
48,Texas,48119,Delta,2011,2015,Asian/Pacific Islander (includes Hispanic),
48,Texas,48119,Delta,2011,2015,Black (includes Hispanic),
48,Texas,48119,Delta,2011,2015,Hispanic (all races),
48,Texas,48119,Delta,2011,2015,American Indian/Alaskan Native (includes Hispanic),
48,Texas,48119,Delta,2011,2015,White (includes Hispanic),8.8
48,Texas,48119,Delta,2012,2016,Asian/Pacific Islander (includes Hispanic),
48,Texas,48119,Delta,2012,2016,Black (includes Hispanic),
48,Texas,48119,Delta,2012,2016,Hispanic (all races),
48,Texas,48119,Delta,2012,2016,American Indian/Alaskan Native (includes Hispanic),
48,Texas,48119,Delta,2012,2016,White (includes Hispanic),9.2
48,Texas,48119,Delta,2013,2017,Asian/Pacific Islander (includes Hispanic),
48,Texas,48119,Delta,2013,2017,Black (includes Hispanic),
48,Texas,48119,Delta,2013,2017,Hispanic (all races),
48,Texas,48119,Delta,2013,2017,American Indian/Alaskan Native (includes Hispanic),
48,Texas,48119,Delta,2013,2017,White (includes Hispanic),10.9
48,Texas,48119,Delta,2014,2018,Asian/Pacific Islander (includes Hispanic),
48,Texas,48119,Delta,2014,2018,Black (includes Hispanic),
48,Texas,48119,Delta,2014,2018,Hispanic (all races),
48,Texas,48119,Delta,2014,2018,American Indian/Alaskan Native (includes Hispanic),
48,Texas,48119,Delta,2014,2018,White (includes Hispanic),10.4
48,Texas,48119,Delta,2015,2019,Asian/Pacific Islander (includes Hispanic),
48,Texas,48119,Delta,2015,2019,Black (includes Hispanic),
48,Texas,48119,Delta,2015,2019,Hispanic (all races),
48,Texas,48119,Delta,2015,2019,American Indian/Alaskan Native (includes Hispanic),
48,Texas,48119,Delta,2015,2019,White (includes Hispanic),12.5
48,Texas,48119,Delta,2016,2020,Asian/Pacific Islander (includes Hispanic),
48,Texas,48119,Delta,2016,2020,Black (includes Hispanic),
48,Texas,48119,Delta,2016,2020,Hispanic (all races),
48,Texas,48119,Delta,2016,2020,American Indian/Alaskan Native (includes Hispanic),
48,Texas,48119,Delta,2016,2020,White (includes Hispanic),11.0
48,Texas,48121,Denton,2011,2015,Asian/Pacific Islander (includes Hispanic),5.3
48,Texas,48121,Denton,2011,2015,Black (includes Hispanic),9.3
48,Texas,48121,Denton,2011,2015,Hispanic (all races),11.9
48,Texas,48121,Denton,2011,2015,American Indian/Alaskan Native (includes Hispanic),
48,Texas,48121,Denton,2011,2015,White (includes Hispanic),8.2
48,Texas,48121,Denton,2012,2016,Asian/Pacific Islander (includes Hispanic),5.6
48,Texas,48121,Denton,2012,2016,Black (includes Hispanic),9.6
48,Texas,48121,Denton,2012,2016,Hispanic (all races),11.2
48,Texas,48121,Denton,2012,2016,American Indian/Alaskan Native (includes Hispanic),
48,Texas,48121,Denton,2012,2016,White (includes Hispanic),8.1
48,Texas,48121,Denton,2013,2017,Asian/Pacific Islander (includes Hispanic),5.7
48,Texas,48121,Denton,2013,2017,Black (includes Hispanic),9.8
48,Texas,48121,Denton,2013,2017,Hispanic (all races),10.8
48,Texas,48121,Denton,2013,2017,American Indian/Alaskan Native (includes Hispanic),
48,Texas,48121,Denton,2013,2017,White (includes Hispanic),7.8
48,Texas,48121,Denton,2014,2018,Asian/Pacific Islander (includes Hispanic),5.5
48,Texas,48121,Denton,2014,2018,Black (includes Hispanic),9.6
48,Texas,48121,Denton,2014,2018,Hispanic (all races),10.3
48,Texas,48121,Denton,2014,2018,American Indian/Alaskan Native (includes Hispanic),
48,Texas,48121,Denton,2014,2018,White (includes Hispanic),7.9
48,Texas,48121,Denton,2015,2019,Asian/Pacific Islander (includes Hispanic),6.0
48,Texas,48121,Denton,2015,2019,Black (includes Hispanic),9.2
48,Texas,48121,Denton,2015,2019,Hispanic (all races),10.6
48,Texas,48121,Denton,2015,2019,American Indian/Alaskan Native (includes Hispanic),
48,Texas,48121,Denton,2015,2019,White (includes Hispanic),8.2
48,Texas,48121,Denton,2016,2020,Asian/Pacific Islander (includes Hispanic),5.8
48,Texas,48121,Denton,2016,2020,Black (includes Hispanic),8.9
48,Texas,48121,Denton,2016,2020,Hispanic (all races),11.0
48,Texas,48121,Denton,2016,2020,American Indian/Alaskan Native (includes Hispanic),
48,Texas,48121,Denton,2016,2020,White (includes Hispanic),8.3
48,Texas,48123,DeWitt,2011,2015,Asian/Pacific Islander (includes Hispanic),
48,Texas,48123,DeWitt,2011,2015,Black (includes Hispanic),
48,Texas,48123,DeWitt,2011,2015,Hispanic (all races),16.1
48,Texas,48123,DeWitt,2011,2015,American Indian/Alaskan Native (includes Hispanic),
48,Texas,48123,DeWitt,2011,2015,White (includes Hispanic),12.0
48,Texas,48123,DeWitt,2012,2016,Asian/Pacific Islander (includes Hispanic),
48,Texas,48123,DeWitt,2012,2016,Black (includes Hispanic),
48,Texas,48123,DeWitt,2012,2016,Hispanic (all races),13.9
48,Texas,48123,DeWitt,2012,2016,American Indian/Alaskan Native (includes Hispanic),
48,Texas,48123,DeWitt,2012,2016,White (includes Hispanic),10.4
48,Texas,48123,DeWitt,2013,2017,Asian/Pacific Islander (includes Hispanic),
48,Texas,48123,DeWitt,2013,2017,Black (includes Hispanic),
48,Texas,48123,DeWitt,2013,2017,Hispanic (all races),14.5
48,Texas,48123,DeWitt,2013,2017,American Indian/Alaskan Native (includes Hispanic),
48,Texas,48123,DeWitt,2013,2017,White (includes Hispanic),9.5
48,Texas,48123,DeWitt,2014,2018,Asian/Pacific Islander (includes Hispanic),
48,Texas,48123,DeWitt,2014,2018,Black (includes Hispanic),
48,Texas,48123,DeWitt,2014,2018,Hispanic (all races),11.7
48,Texas,48123,DeWitt,2014,2018,American Indian/Alaskan Native (includes Hispanic),
48,Texas,48123,DeWitt,2014,2018,White (includes Hispanic),9.6
48,Texas,48123,DeWitt,2015,2019,Asian/Pacific Islander (includes Hispanic),
48,Texas,48123,DeWitt,2015,2019,Black (includes Hispanic),
48,Texas,48123,DeWitt,2015,2019,Hispanic (all races),12.7
48,Texas,48123,DeWitt,2015,2019,American Indian/Alaskan Native (includes Hispanic),
48,Texas,48123,DeWitt,2015,2019,White (includes Hispanic),10.3
48,Texas,48123,DeWitt,2016,2020,Asian/Pacific Islander (includes Hispanic),
48,Texas,48123,DeWitt,2016,2020,Black (includes Hispanic),
48,Texas,48123,DeWitt,2016,2020,Hispanic (all races),12.7
48,Texas,48123,DeWitt,2016,2020,American Indian/Alaskan Native (includes Hispanic),
48,Texas,48123,DeWitt,2016,2020,White (includes Hispanic),10.8
48,Texas,48125,Dickens,2011,2015,Asian/Pacific Islander (includes Hispanic),
48,Texas,48125,Dickens,2011,2015,Black (includes Hispanic),
48,Texas,48125,Dickens,2011,2015,Hispanic (all races),
48,Texas,48125,Dickens,2011,2015,American Indian/Alaskan Native (includes Hispanic),
48,Texas,48125,Dickens,2011,2015,White (includes Hispanic),
48,Texas,48125,Dickens,2012,2016,Asian/Pacific Islander (includes Hispanic),
48,Texas,48125,Dickens,2012,2016,Black (includes Hispanic),
48,Texas,48125,Dickens,2012,2016,Hispanic (all races),
48,Texas,48125,Dickens,2012,2016,American Indian/Alaskan Native (includes Hispanic),
48,Texas,48125,Dickens,2012,2016,White (includes Hispanic),
48,Texas,48125,Dickens,2013,2017,Asian/Pacific Islander (includes Hispanic),
48,Texas,48125,Dickens,2013,2017,Black (includes Hispanic),
48,Texas,48125,Dickens,2013,2017,Hispanic (all races),
48,Texas,48125,Dickens,2013,2017,American Indian/Alaskan Native (includes Hispanic),
48,Texas,48125,Dickens,2013,2017,White (includes Hispanic),
48,Texas,48125,Dickens,2014,2018,Asian/Pacific Islander (includes Hispanic),
48,Texas,48125,Dickens,2014,2018,Black (includes Hispanic),
48,Texas,48125,Dickens,2014,2018,Hispanic (all races),
48,Texas,48125,Dickens,2014,2018,American Indian/Alaskan Native (includes Hispanic),
48,Texas,48125,Dickens,2014,2018,White (includes Hispanic),
48,Texas,48125,Dickens,2015,2019,Asian/Pacific Islander (includes Hispanic),
48,Texas,48125,Dickens,2015,2019,Black (includes Hispanic),
48,Texas,48125,Dickens,2015,2019,Hispanic (all races),
48,Texas,48125,Dickens,2015,2019,American Indian/Alaskan Native (includes Hispanic),
48,Texas,48125,Dickens,2015,2019,White (includes Hispanic),
48,Texas,48125,Dickens,2016,2020,Asian/Pacific Islander (includes Hispanic),
48,Texas,48125,Dickens,2016,2020,Black (includes Hispanic),
48,Texas,48125,Dickens,2016,2020,Hispanic (all races),
48,Texas,48125,Dickens,2016,2020,American Indian/Alaskan Native (includes Hispanic),
48,Texas,48125,Dickens,2016,2020,White (includes Hispanic),
48,Texas,48127,Dimmit,2011,2015,Asian/Pacific Islander (includes Hispanic),
48,Texas,48127,Dimmit,2011,2015,Black (includes Hispanic),
48,Texas,48127,Dimmit,2011,2015,Hispanic (all races),13.1
48,Texas,48127,Dimmit,2011,2015,American Indian/Alaskan Native (includes Hispanic),
48,Texas,48127,Dimmit,2011,2015,White (includes Hispanic),13.5
48,Texas,48127,Dimmit,2012,2016,Asian/Pacific Islander (includes Hispanic),
48,Texas,48127,Dimmit,2012,2016,Black (includes Hispanic),
48,Texas,48127,Dimmit,2012,2016,Hispanic (all races),12.9
48,Texas,48127,Dimmit,2012,2016,American Indian/Alaskan Native (includes Hispanic),
48,Texas,48127,Dimmit,2012,2016,White (includes Hispanic),13.0
48,Texas,48127,Dimmit,2013,2017,Asian/Pacific Islander (includes Hispanic),
48,Texas,48127,Dimmit,2013,2017,Black (includes Hispanic),
48,Texas,48127,Dimmit,2013,2017,Hispanic (all races),12.4
48,Texas,48127,Dimmit,2013,2017,American Indian/Alaskan Native (includes Hispanic),
48,Texas,48127,Dimmit,2013,2017,White (includes Hispanic),12.4
48,Texas,48127,Dimmit,2014,2018,Asian/Pacific Islander (includes Hispanic),
48,Texas,48127,Dimmit,2014,2018,Black (includes Hispanic),
48,Texas,48127,Dimmit,2014,2018,Hispanic (all races),12.7
48,Texas,48127,Dimmit,2014,2018,American Indian/Alaskan Native (includes Hispanic),
48,Texas,48127,Dimmit,2014,2018,White (includes Hispanic),12.6
48,Texas,48127,Dimmit,2015,2019,Asian/Pacific Islander (includes Hispanic),
48,Texas,48127,Dimmit,2015,2019,Black (includes Hispanic),
48,Texas,48127,Dimmit,2015,2019,Hispanic (all races),14.0
48,Texas,48127,Dimmit,2015,2019,American Indian/Alaskan Native (includes Hispanic),
48,Texas,48127,Dimmit,2015,2019,White (includes Hispanic),13.9
48,Texas,48127,Dimmit,2016,2020,Asian/Pacific Islander (includes Hispanic),
48,Texas,48127,Dimmit,2016,2020,Black (includes Hispanic),
48,Texas,48127,Dimmit,2016,2020,Hispanic (all races),12.0
48,Texas,48127,Dimmit,2016,2020,American Indian/Alaskan Native (includes Hispanic),
48,Texas,48127,Dimmit,2016,2020,White (includes Hispanic),11.9
48,Texas,48129,Donley,2011,2015,Asian/Pacific Islander (includes Hispanic),
48,Texas,48129,Donley,2011,2015,Black (includes Hispanic),
48,Texas,48129,Donley,2011,2015,Hispanic (all races),
48,Texas,48129,Donley,2011,2015,American Indian/Alaskan Native (includes Hispanic),
48,Texas,48129,Donley,2011,2015,White (includes Hispanic),
48,Texas,48129,Donley,2012,2016,Asian/Pacific Islander (includes Hispanic),
48,Texas,48129,Donley,2012,2016,Black (includes Hispanic),
48,Texas,48129,Donley,2012,2016,Hispanic (all races),
48,Texas,48129,Donley,2012,2016,American Indian/Alaskan Native (includes Hispanic),
48,Texas,48129,Donley,2012,2016,White (includes Hispanic),
48,Texas,48129,Donley,2013,2017,Asian/Pacific Islander (includes Hispanic),
48,Texas,48129,Donley,2013,2017,Black (includes Hispanic),
48,Texas,48129,Donley,2013,2017,Hispanic (all races),
48,Texas,48129,Donley,2013,2017,American Indian/Alaskan Native (includes Hispanic),
48,Texas,48129,Donley,2013,2017,White (includes Hispanic),
48,Texas,48129,Donley,2014,2018,Asian/Pacific Islander (includes Hispanic),
48,Texas,48129,Donley,2014,2018,Black (includes Hispanic),
48,Texas,48129,Donley,2014,2018,Hispanic (all races),
48,Texas,48129,Donley,2014,2018,American Indian/Alaskan Native (includes Hispanic),
48,Texas,48129,Donley,2014,2018,White (includes Hispanic),
48,Texas,48129,Donley,2015,2019,Asian/Pacific Islander (includes Hispanic),
48,Texas,48129,Donley,2015,2019,Black (includes Hispanic),
48,Texas,48129,Donley,2015,2019,Hispanic (all races),
48,Texas,48129,Donley,2015,2019,American Indian/Alaskan Native (includes Hispanic),
48,Texas,48129,Donley,2015,2019,White (includes Hispanic),
48,Texas,48129,Donley,2016,2020,Asian/Pacific Islander (includes Hispanic),
48,Texas,48129,Donley,2016,2020,Black (includes Hispanic),
48,Texas,48129,Donley,2016,2020,Hispanic (all races),
48,Texas,48129,Donley,2016,2020,American Indian/Alaskan Native (includes Hispanic),
48,Texas,48129,Donley,2016,2020,White (includes Hispanic),
48,Texas,48131,Duval,2011,2015,Asian/Pacific Islander (includes Hispanic),
48,Texas,48131,Duval,2011,2015,Black (includes Hispanic),
48,Texas,48131,Duval,2011,2015,Hispanic (all races),11.2
48,Texas,48131,Duval,2011,2015,American Indian/Alaskan Native (includes Hispanic),
48,Texas,48131,Duval,2011,2015,White (includes Hispanic),11.4
48,Texas,48131,Duval,2012,2016,Asian/Pacific Islander (includes Hispanic),
48,Texas,48131,Duval,2012,2016,Black (includes Hispanic),
48,Texas,48131,Duval,2012,2016,Hispanic (all races),12.1
48,Texas,48131,Duval,2012,2016,American Indian/Alaskan Native (includes Hispanic),
48,Texas,48131,Duval,2012,2016,White (includes Hispanic),11.8
48,Texas,48131,Duval,2013,2017,Asian/Pacific Islander (includes Hispanic),
48,Texas,48131,Duval,2013,2017,Black (includes Hispanic),
48,Texas,48131,Duval,2013,2017,Hispanic (all races),12.4
48,Texas,48131,Duval,2013,2017,American Indian/Alaskan Native (includes Hispanic),
48,Texas,48131,Duval,2013,2017,White (includes Hispanic),12.2
48,Texas,48131,Duval,2014,2018,Asian/Pacific Islander (includes Hispanic),
48,Texas,48131,Duval,2014,2018,Black (includes Hispanic),
48,Texas,48131,Duval,2014,2018,Hispanic (all races),11.8
48,Texas,48131,Duval,2014,2018,American Indian/Alaskan Native (includes Hispanic),
48,Texas,48131,Duval,2014,2018,White (includes Hispanic),11.8
48,Texas,48131,Duval,2015,2019,Asian/Pacific Islander (includes Hispanic),
48,Texas,48131,Duval,2015,2019,Black (includes Hispanic),
48,Texas,48131,Duval,2015,2019,Hispanic (all races),13.2
48,Texas,48131,Duval,2015,2019,American Indian/Alaskan Native (includes Hispanic),
48,Texas,48131,Duval,2015,2019,White (includes Hispanic),13.0
48,Texas,48131,Duval,2016,2020,Asian/Pacific Islander (includes Hispanic),
48,Texas,48131,Duval,2016,2020,Black (includes Hispanic),
48,Texas,48131,Duval,2016,2020,Hispanic (all races),11.8
48,Texas,48131,Duval,2016,2020,American Indian/Alaskan Native (includes Hispanic),
48,Texas,48131,Duval,2016,2020,White (includes Hispanic),11.7
48,Texas,48133,Eastland,2011,2015,Asian/Pacific Islander (includes Hispanic),
48,Texas,48133,Eastland,2011,2015,Black (includes Hispanic),
48,Texas,48133,Eastland,2011,2015,Hispanic (all races),
48,Texas,48133,Eastland,2011,2015,American Indian/Alaskan Native (includes Hispanic),
48,Texas,48133,Eastland,2011,2015,White (includes Hispanic),10.4
48,Texas,48133,Eastland,2012,2016,Asian/Pacific Islander (includes Hispanic),
48,Texas,48133,Eastland,2012,2016,Black (includes Hispanic),
48,Texas,48133,Eastland,2012,2016,Hispanic (all races),
48,Texas,48133,Eastland,2012,2016,American Indian/Alaskan Native (includes Hispanic),
48,Texas,48133,Eastland,2012,2016,White (includes Hispanic),9.7
48,Texas,48133,Eastland,2013,2017,Asian/Pacific Islander (includes Hispanic),
48,Texas,48133,Eastland,2013,2017,Black (includes Hispanic),
48,Texas,48133,Eastland,2013,2017,Hispanic (all races),
48,Texas,48133,Eastland,2013,2017,American Indian/Alaskan Native (includes Hispanic),
48,Texas,48133,Eastland,2013,2017,White (includes Hispanic),10.1
48,Texas,48133,Eastland,2014,2018,Asian/Pacific Islander (includes Hispanic),
48,Texas,48133,Eastland,2014,2018,Black (includes Hispanic),
48,Texas,48133,Eastland,2014,2018,Hispanic (all races),
48,Texas,48133,Eastland,2014,2018,American Indian/Alaskan Native (includes Hispanic),
48,Texas,48133,Eastland,2014,2018,White (includes Hispanic),10.6
48,Texas,48133,Eastland,2015,2019,Asian/Pacific Islander (includes Hispanic),
48,Texas,48133,Eastland,2015,2019,Black (includes Hispanic),
48,Texas,48133,Eastland,2015,2019,Hispanic (all races),
48,Texas,48133,Eastland,2015,2019,American Indian/Alaskan Native (includes Hispanic),
48,Texas,48133,Eastland,2015,2019,White (includes Hispanic),9.8
48,Texas,48133,Eastland,2016,2020,Asian/Pacific Islander (includes Hispanic),
48,Texas,48133,Eastland,2016,2020,Black (includes Hispanic),
48,Texas,48133,Eastland,2016,2020,Hispanic (all races),
48,Texas,48133,Eastland,2016,2020,American Indian/Alaskan Native (includes Hispanic),
48,Texas,48133,Eastland,2016,2020,White (includes Hispanic),9.7
48,Texas,48135,Ector,2011,2015,Asian/Pacific Islander (includes Hispanic),
48,Texas,48135,Ector,2011,2015,Black (includes Hispanic),
48,Texas,48135,Ector,2011,2015,Hispanic (all races),8.3
48,Texas,48135,Ector,2011,2015,American Indian/Alaskan Native (includes Hispanic),
48,Texas,48135,Ector,2011,2015,White (includes Hispanic),9.0
48,Texas,48135,Ector,2012,2016,Asian/Pacific Islander (includes Hispanic),
48,Texas,48135,Ector,2012,2016,Black (includes Hispanic),
48,Texas,48135,Ector,2012,2016,Hispanic (all races),9.2
48,Texas,48135,Ector,2012,2016,American Indian/Alaskan Native (includes Hispanic),
48,Texas,48135,Ector,2012,2016,White (includes Hispanic),10.0
48,Texas,48135,Ector,2013,2017,Asian/Pacific Islander (includes Hispanic),
48,Texas,48135,Ector,2013,2017,Black (includes Hispanic),
48,Texas,48135,Ector,2013,2017,Hispanic (all races),10.6
48,Texas,48135,Ector,2013,2017,American Indian/Alaskan Native (includes Hispanic),
48,Texas,48135,Ector,2013,2017,White (includes Hispanic),11.0
48,Texas,48135,Ector,2014,2018,Asian/Pacific Islander (includes Hispanic),
48,Texas,48135,Ector,2014,2018,Black (includes Hispanic),
48,Texas,48135,Ector,2014,2018,Hispanic (all races),11.8
48,Texas,48135,Ector,2014,2018,American Indian/Alaskan Native (includes Hispanic),
48,Texas,48135,Ector,2014,2018,White (includes Hispanic),12.2
48,Texas,48135,Ector,2015,2019,Asian/Pacific Islander (includes Hispanic),
48,Texas,48135,Ector,2015,2019,Black (includes Hispanic),
48,Texas,48135,Ector,2015,2019,Hispanic (all races),13.3
48,Texas,48135,Ector,2015,2019,American Indian/Alaskan Native (includes Hispanic),
48,Texas,48135,Ector,2015,2019,White (includes Hispanic),13.1
48,Texas,48135,Ector,2016,2020,Asian/Pacific Islander (includes Hispanic),
48,Texas,48135,Ector,2016,2020,Black (includes Hispanic),
48,Texas,48135,Ector,2016,2020,Hispanic (all races),14.5
48,Texas,48135,Ector,2016,2020,American Indian/Alaskan Native (includes Hispanic),
48,Texas,48135,Ector,2016,2020,White (includes Hispanic),14.2
48,Texas,48137,Edwards,2011,2015,Asian/Pacific Islander (includes Hispanic),
48,Texas,48137,Edwards,2011,2015,Black (includes Hispanic),
48,Texas,48137,Edwards,2011,2015,Hispanic (all races),15.6
48,Texas,48137,Edwards,2011,2015,American Indian/Alaskan Native (includes Hispanic),
48,Texas,48137,Edwards,2011,2015,White (includes Hispanic),11.0
48,Texas,48137,Edwards,2012,2016,Asian/Pacific Islander (includes Hispanic),
48,Texas,48137,Edwards,2012,2016,Black (includes Hispanic),
48,Texas,48137,Edwards,2012,2016,Hispanic (all races),15.5
48,Texas,48137,Edwards,2012,2016,American Indian/Alaskan Native (includes Hispanic),
48,Texas,48137,Edwards,2012,2016,White (includes Hispanic),12.2
48,Texas,48137,Edwards,2013,2017,Asian/Pacific Islander (includes Hispanic),
48,Texas,48137,Edwards,2013,2017,Black (includes Hispanic),
48,Texas,48137,Edwards,2013,2017,Hispanic (all races),13.1
48,Texas,48137,Edwards,2013,2017,American Indian/Alaskan Native (includes Hispanic),
48,Texas,48137,Edwards,2013,2017,White (includes Hispanic),9.5
48,Texas,48137,Edwards,2014,2018,Asian/Pacific Islander (includes Hispanic),
48,Texas,48137,Edwards,2014,2018,Black (includes Hispanic),
48,Texas,48137,Edwards,2014,2018,Hispanic (all races),12.3
48,Texas,48137,Edwards,2014,2018,American Indian/Alaskan Native (includes Hispanic),
48,Texas,48137,Edwards,2014,2018,White (includes Hispanic),9.5
48,Texas,48137,Edwards,2015,2019,Asian/Pacific Islander (includes Hispanic),
48,Texas,48137,Edwards,2015,2019,Black (includes Hispanic),
48,Texas,48137,Edwards,2015,2019,Hispanic (all races),11.1
48,Texas,48137,Edwards,2015,2019,American Indian/Alaskan Native (includes Hispanic),
48,Texas,48137,Edwards,2015,2019,White (includes Hispanic),9.7
48,Texas,48137,Edwards,2016,2020,Asian/Pacific Islander (includes Hispanic),
48,Texas,48137,Edwards,2016,2020,Black (includes Hispanic),
48,Texas,48137,Edwards,2016,2020,Hispanic (all races),11.3
48,Texas,48137,Edwards,2016,2020,American Indian/Alaskan Native (includes Hispanic),
48,Texas,48137,Edwards,2016,2020,White (includes Hispanic),9.7
48,Texas,48141,El Paso,2011,2015,Asian/Pacific Islander (includes Hispanic),
48,Texas,48141,El Paso,2011,2015,Black (includes Hispanic),
48,Texas,48141,El Paso,2011,2015,Hispanic (all races),10.8
48,Texas,48141,El Paso,2011,2015,American Indian/Alaskan Native (includes Hispanic),
48,Texas,48141,El Paso,2011,2015,White (includes Hispanic),10.1
48,Texas,48141,El Paso,2012,2016,Asian/Pacific Islander (includes Hispanic),
48,Texas,48141,El Paso,2012,2016,Black (includes Hispanic),
48,Texas,48141,El Paso,2012,2016,Hispanic (all races),10.9
48,Texas,48141,El Paso,2012,2016,American Indian/Alaskan Native (includes Hispanic),
48,Texas,48141,El Paso,2012,2016,White (includes Hispanic),10.5
48,Texas,48141,El Paso,2013,2017,Asian/Pacific Islander (includes Hispanic),
48,Texas,48141,El Paso,2013,2017,Black (includes Hispanic),
48,Texas,48141,El Paso,2013,2017,Hispanic (all races),10.6
48,Texas,48141,El Paso,2013,2017,American Indian/Alaskan Native (includes Hispanic),
48,Texas,48141,El Paso,2013,2017,White (includes Hispanic),10.1
48,Texas,48141,El Paso,2014,2018,Asian/Pacific Islander (includes Hispanic),
48,Texas,48141,El Paso,2014,2018,Black (includes Hispanic),
48,Texas,48141,El Paso,2014,2018,Hispanic (all races),11.0
48,Texas,48141,El Paso,2014,2018,American Indian/Alaskan Native (includes Hispanic),
48,Texas,48141,El Paso,2014,2018,White (includes Hispanic),10.6
48,Texas,48141,El Paso,2015,2019,Asian/Pacific Islander (includes Hispanic),
48,Texas,48141,El Paso,2015,2019,Black (includes Hispanic),
48,Texas,48141,El Paso,2015,2019,Hispanic (all races),11.1
48,Texas,48141,El Paso,2015,2019,American Indian/Alaskan Native (includes Hispanic),
48,Texas,48141,El Paso,2015,2019,White (includes Hispanic),10.8
48,Texas,48141,El Paso,2016,2020,Asian/Pacific Islander (includes Hispanic),
48,Texas,48141,El Paso,2016,2020,Black (includes Hispanic),
48,Texas,48141,El Paso,2016,2020,Hispanic (all races),11.5
48,Texas,48141,El Paso,2016,2020,American Indian/Alaskan Native (includes Hispanic),
48,Texas,48141,El Paso,2016,2020,White (includes Hispanic),11.2
48,Texas,48139,Ellis,2011,2015,Asian/Pacific Islander (includes Hispanic),6.4
48,Texas,48139,Ellis,2011,2015,Black (includes Hispanic),9.6
48,Texas,48139,Ellis,2011,2015,Hispanic (all races),12.3
48,Texas,48139,Ellis,2011,2015,American Indian/Alaskan Native (includes Hispanic),
48,Texas,48139,Ellis,2011,2015,White (includes Hispanic),9.4
48,Texas,48139,Ellis,2012,2016,Asian/Pacific Islander (includes Hispanic),6.3
48,Texas,48139,Ellis,2012,2016,Black (includes Hispanic),9.8
48,Texas,48139,Ellis,2012,2016,Hispanic (all races),11.7
48,Texas,48139,Ellis,2012,2016,American Indian/Alaskan Native (includes Hispanic),
48,Texas,48139,Ellis,2012,2016,White (includes Hispanic),9.4
48,Texas,48139,Ellis,2013,2017,Asian/Pacific Islander (includes Hispanic),6.6
48,Texas,48139,Ellis,2013,2017,Black (includes Hispanic),10.0
48,Texas,48139,Ellis,2013,2017,Hispanic (all races),11.5
48,Texas,48139,Ellis,2013,2017,American Indian/Alaskan Native (includes Hispanic),
48,Texas,48139,Ellis,2013,2017,White (includes Hispanic),9.3
48,Texas,48139,Ellis,2014,2018,Asian/Pacific Islander (includes Hispanic),6.3
48,Texas,48139,Ellis,2014,2018,Black (includes Hispanic),10.2
48,Texas,48139,Ellis,2014,2018,Hispanic (all races),11.1
48,Texas,48139,Ellis,2014,2018,American Indian/Alaskan Native (includes Hispanic),
48,Texas,48139,Ellis,2014,2018,White (includes Hispanic),9.4
48,Texas,48139,Ellis,2015,2019,Asian/Pacific Islander (includes Hispanic),6.9
48,Texas,48139,Ellis,2015,2019,Black (includes Hispanic),9.8
48,Texas,48139,Ellis,2015,2019,Hispanic (all races),11.7
48,Texas,48139,Ellis,2015,2019,American Indian/Alaskan Native (includes Hispanic),
48,Texas,48139,Ellis,2015,2019,White (includes Hispanic),9.6
48,Texas,48139,Ellis,2016,2020,Asian/Pacific Islander (includes Hispanic),7.0
48,Texas,48139,Ellis,2016,2020,Black (includes Hispanic),9.6
48,Texas,48139,Ellis,2016,2020,Hispanic (all races),11.9
48,Texas,48139,Ellis,2016,2020,American Indian/Alaskan Native (includes Hispanic),
48,Texas,48139,Ellis,2016,2020,White (includes Hispanic),9.5
48,Texas,48143,Erath,2011,2015,Asian/Pacific Islander (includes Hispanic),
48,Texas,48143,Erath,2011,2015,Black (includes Hispanic),
48,Texas,48143,Erath,2011,2015,Hispanic (all races),
48,Texas,48143,Erath,2011,2015,American Indian/Alaskan Native (includes Hispanic),
48,Texas,48143,Erath,2011,2015,White (includes Hispanic),9.5
48,Texas,48143,Erath,2012,2016,Asian/Pacific Islander (includes Hispanic),
48,Texas,48143,Erath,2012,2016,Black (includes Hispanic),
48,Texas,48143,Erath,2012,2016,Hispanic (all races),
48,Texas,48143,Erath,2012,2016,American Indian/Alaskan Native (includes Hispanic),
48,Texas,48143,Erath,2012,2016,White (includes Hispanic),9.0
48,Texas,48143,Erath,2013,2017,Asian/Pacific Islander (includes Hispanic),
48,Texas,48143,Erath,2013,2017,Black (includes Hispanic),
48,Texas,48143,Erath,2013,2017,Hispanic (all races),
48,Texas,48143,Erath,2013,2017,American Indian/Alaskan Native (includes Hispanic),
48,Texas,48143,Erath,2013,2017,White (includes Hispanic),11.0
48,Texas,48143,Erath,2014,2018,Asian/Pacific Islander (includes Hispanic),
48,Texas,48143,Erath,2014,2018,Black (includes Hispanic),
48,Texas,48143,Erath,2014,2018,Hispanic (all races),
48,Texas,48143,Erath,2014,2018,American Indian/Alaskan Native (includes Hispanic),
48,Texas,48143,Erath,2014,2018,White (includes Hispanic),12.1
48,Texas,48143,Erath,2015,2019,Asian/Pacific Islander (includes Hispanic),
48,Texas,48143,Erath,2015,2019,Black (includes Hispanic),
48,Texas,48143,Erath,2015,2019,Hispanic (all races),
48,Texas,48143,Erath,2015,2019,American Indian/Alaskan Native (includes Hispanic),
48,Texas,48143,Erath,2015,2019,White (includes Hispanic),12.4
48,Texas,48143,Erath,2016,2020,Asian/Pacific Islander (includes Hispanic),
48,Texas,48143,Erath,2016,2020,Black (includes Hispanic),
48,Texas,48143,Erath,2016,2020,Hispanic (all races),
48,Texas,48143,Erath,2016,2020,American Indian/Alaskan Native (includes Hispanic),
48,Texas,48143,Erath,2016,2020,White (includes Hispanic),13.0
48,Texas,48145,Falls,2011,2015,Asian/Pacific Islander (includes Hispanic),
48,Texas,48145,Falls,2011,2015,Black (includes Hispanic),11.9
48,Texas,48145,Falls,2011,2015,Hispanic (all races),10.1
48,Texas,48145,Falls,2011,2015,American Indian/Alaskan Native (includes Hispanic),
48,Texas,48145,Falls,2011,2015,White (includes Hispanic),10.0
48,Texas,48145,Falls,2012,2016,Asian/Pacific Islander (includes Hispanic),
48,Texas,48145,Falls,2012,2016,Black (includes Hispanic),12.6
48,Texas,48145,Falls,2012,2016,Hispanic (all races),10.4
48,Texas,48145,Falls,2012,2016,American Indian/Alaskan Native (includes Hispanic),
48,Texas,48145,Falls,2012,2016,White (includes Hispanic),9.1
48,Texas,48145,Falls,2013,2017,Asian/Pacific Islander (includes Hispanic),
48,Texas,48145,Falls,2013,2017,Black (includes Hispanic),12.3
48,Texas,48145,Falls,2013,2017,Hispanic (all races),11.7
48,Texas,48145,Falls,2013,2017,American Indian/Alaskan Native (includes Hispanic),
48,Texas,48145,Falls,2013,2017,White (includes Hispanic),9.8
48,Texas,48145,Falls,2014,2018,Asian/Pacific Islander (includes Hispanic),
48,Texas,48145,Falls,2014,2018,Black (includes Hispanic),11.3
48,Texas,48145,Falls,2014,2018,Hispanic (all races),12.5
48,Texas,48145,Falls,2014,2018,American Indian/Alaskan Native (includes Hispanic),
48,Texas,48145,Falls,2014,2018,White (includes Hispanic),10.4
48,Texas,48145,Falls,2015,2019,Asian/Pacific Islander (includes Hispanic),
48,Texas,48145,Falls,2015,2019,Black (includes Hispanic),9.5
48,Texas,48145,Falls,2015,2019,Hispanic (all races),12.6
48,Texas,48145,Falls,2015,2019,American Indian/Alaskan Native (includes Hispanic),
48,Texas,48145,Falls,2015,2019,White (includes Hispanic),11.2
48,Texas,48145,Falls,2016,2020,Asian/Pacific Islander (includes Hispanic),
48,Texas,48145,Falls,2016,2020,Black (includes Hispanic),7.1
48,Texas,48145,Falls,2016,2020,Hispanic (all races),12.2
48,Texas,48145,Falls,2016,2020,American Indian/Alaskan Native (includes Hispanic),
48,Texas,48145,Falls,2016,2020,White (includes Hispanic),11.2
48,Texas,48147,Fannin,2011,2015,Asian/Pacific Islander (includes Hispanic),
48,Texas,48147,Fannin,2011,2015,Black (includes Hispanic),7.9
48,Texas,48147,Fannin,2011,2015,Hispanic (all races),8.7
48,Texas,48147,Fannin,2011,2015,American Indian/Alaskan Native (includes Hispanic),
48,Texas,48147,Fannin,2011,2015,White (includes Hispanic),6.5
48,Texas,48147,Fannin,2012,2016,Asian/Pacific Islander (includes Hispanic),
48,Texas,48147,Fannin,2012,2016,Black (includes Hispanic),
48,Texas,48147,Fannin,2012,2016,Hispanic (all races),6.8
48,Texas,48147,Fannin,2012,2016,American Indian/Alaskan Native (includes Hispanic),
48,Texas,48147,Fannin,2012,2016,White (includes Hispanic),6.3
48,Texas,48147,Fannin,2013,2017,Asian/Pacific Islander (includes Hispanic),
48,Texas,48147,Fannin,2013,2017,Black (includes Hispanic),6.5
48,Texas,48147,Fannin,2013,2017,Hispanic (all races),5.8
48,Texas,48147,Fannin,2013,2017,American Indian/Alaskan Native (includes Hispanic),
48,Texas,48147,Fannin,2013,2017,White (includes Hispanic),6.1
48,Texas,48147,Fannin,2014,2018,Asian/Pacific Islander (includes Hispanic),
48,Texas,48147,Fannin,2014,2018,Black (includes Hispanic),
48,Texas,48147,Fannin,2014,2018,Hispanic (all races),4.5
48,Texas,48147,Fannin,2014,2018,American Indian/Alaskan Native (includes Hispanic),
48,Texas,48147,Fannin,2014,2018,White (includes Hispanic),6.2
48,Texas,48147,Fannin,2015,2019,Asian/Pacific Islander (includes Hispanic),
48,Texas,48147,Fannin,2015,2019,Black (includes Hispanic),
48,Texas,48147,Fannin,2015,2019,Hispanic (all races),
48,Texas,48147,Fannin,2015,2019,American Indian/Alaskan Native (includes Hispanic),
48,Texas,48147,Fannin,2015,2019,White (includes Hispanic),6.4
48,Texas,48147,Fannin,2016,2020,Asian/Pacific Islander (includes Hispanic),
48,Texas,48147,Fannin,2016,2020,Black (includes Hispanic),
48,Texas,48147,Fannin,2016,2020,Hispanic (all races),4.7
48,Texas,48147,Fannin,2016,2020,American Indian/Alaskan Native (includes Hispanic),
48,Texas,48147,Fannin,2016,2020,White (includes Hispanic),6.3
48,Texas,48149,Fayette,2011,2015,Asian/Pacific Islander (includes Hispanic),
48,Texas,48149,Fayette,2011,2015,Black (includes Hispanic),
48,Texas,48149,Fayette,2011,2015,Hispanic (all races),11.0
48,Texas,48149,Fayette,2011,2015,American Indian/Alaskan Native (includes Hispanic),
48,Texas,48149,Fayette,2011,2015,White (includes Hispanic),6.0
48,Texas,48149,Fayette,2012,2016,Asian/Pacific Islander (includes Hispanic),
48,Texas,48149,Fayette,2012,2016,Black (includes Hispanic),
48,Texas,48149,Fayette,2012,2016,Hispanic (all races),12.3
48,Texas,48149,Fayette,2012,2016,American Indian/Alaskan Native (includes Hispanic),
48,Texas,48149,Fayette,2012,2016,White (includes Hispanic),7.5
48,Texas,48149,Fayette,2013,2017,Asian/Pacific Islander (includes Hispanic),
48,Texas,48149,Fayette,2013,2017,Black (includes Hispanic),
48,Texas,48149,Fayette,2013,2017,Hispanic (all races),9.3
48,Texas,48149,Fayette,2013,2017,American Indian/Alaskan Native (includes Hispanic),
48,Texas,48149,Fayette,2013,2017,White (includes Hispanic),7.3
48,Texas,48149,Fayette,2014,2018,Asian/Pacific Islander (includes Hispanic),
48,Texas,48149,Fayette,2014,2018,Black (includes Hispanic),
48,Texas,48149,Fayette,2014,2018,Hispanic (all races),
48,Texas,48149,Fayette,2014,2018,American Indian/Alaskan Native (includes Hispanic),
48,Texas,48149,Fayette,2014,2018,White (includes Hispanic),8.0
48,Texas,48149,Fayette,2015,2019,Asian/Pacific Islander (includes Hispanic),
48,Texas,48149,Fayette,2015,2019,Black (includes Hispanic),
48,Texas,48149,Fayette,2015,2019,Hispanic (all races),
48,Texas,48149,Fayette,2015,2019,American Indian/Alaskan Native (includes Hispanic),
48,Texas,48149,Fayette,2015,2019,White (includes Hispanic),7.4
48,Texas,48149,Fayette,2016,2020,Asian/Pacific Islander (includes Hispanic),
48,Texas,48149,Fayette,2016,2020,Black (includes Hispanic),
48,Texas,48149,Fayette,2016,2020,Hispanic (all races),
48,Texas,48149,Fayette,2016,2020,American Indian/Alaskan Native (includes Hispanic),
48,Texas,48149,Fayette,2016,2020,White (includes Hispanic),7.9
48,Texas,48151,Fisher,2011,2015,Asian/Pacific Islander (includes Hispanic),
48,Texas,48151,Fisher,2011,2015,Black (includes Hispanic),
48,Texas,48151,Fisher,2011,2015,Hispanic (all races),
48,Texas,48151,Fisher,2011,2015,American Indian/Alaskan Native (includes Hispanic),
48,Texas,48151,Fisher,2011,2015,White (includes Hispanic),10.7
48,Texas,48151,Fisher,2012,2016,Asian/Pacific Islander (includes Hispanic),
48,Texas,48151,Fisher,2012,2016,Black (includes Hispanic),
48,Texas,48151,Fisher,2012,2016,Hispanic (all races),
48,Texas,48151,Fisher,2012,2016,American Indian/Alaskan Native (includes Hispanic),
48,Texas,48151,Fisher,2012,2016,White (includes Hispanic),9.9
48,Texas,48151,Fisher,2013,2017,Asian/Pacific Islander (includes Hispanic),
48,Texas,48151,Fisher,2013,2017,Black (includes Hispanic),
48,Texas,48151,Fisher,2013,2017,Hispanic (all races),
48,Texas,48151,Fisher,2013,2017,American Indian/Alaskan Native (includes Hispanic),
48,Texas,48151,Fisher,2013,2017,White (includes Hispanic),9.9
48,Texas,48151,Fisher,2014,2018,Asian/Pacific Islander (includes Hispanic),
48,Texas,48151,Fisher,2014,2018,Black (includes Hispanic),
48,Texas,48151,Fisher,2014,2018,Hispanic (all races),
48,Texas,48151,Fisher,2014,2018,American Indian/Alaskan Native (includes Hispanic),
48,Texas,48151,Fisher,2014,2018,White (includes Hispanic),10.2
48,Texas,48151,Fisher,2015,2019,Asian/Pacific Islander (includes Hispanic),
48,Texas,48151,Fisher,2015,2019,Black (includes Hispanic),
48,Texas,48151,Fisher,2015,2019,Hispanic (all races),17.6
48,Texas,48151,Fisher,2015,2019,American Indian/Alaskan Native (includes Hispanic),
48,Texas,48151,Fisher,2015,2019,White (includes Hispanic),11.0
48,Texas,48151,Fisher,2016,2020,Asian/Pacific Islander (includes Hispanic),
48,Texas,48151,Fisher,2016,2020,Black (includes Hispanic),
48,Texas,48151,Fisher,2016,2020,Hispanic (all races),18.6
48,Texas,48151,Fisher,2016,2020,American Indian/Alaskan Native (includes Hispanic),
48,Texas,48151,Fisher,2016,2020,White (includes Hispanic),13.1
48,Texas,48153,Floyd,2011,2015,Asian/Pacific Islander (includes Hispanic),
48,Texas,48153,Floyd,2011,2015,Black (includes Hispanic),
48,Texas,48153,Floyd,2011,2015,Hispanic (all races),16.8
48,Texas,48153,Floyd,2011,2015,American Indian/Alaskan Native (includes Hispanic),
48,Texas,48153,Floyd,2011,2015,White (includes Hispanic),10.1
48,Texas,48153,Floyd,2012,2016,Asian/Pacific Islander (includes Hispanic),
48,Texas,48153,Floyd,2012,2016,Black (includes Hispanic),
48,Texas,48153,Floyd,2012,2016,Hispanic (all races),17.4
48,Texas,48153,Floyd,2012,2016,American Indian/Alaskan Native (includes Hispanic),
48,Texas,48153,Floyd,2012,2016,White (includes Hispanic),11.4
48,Texas,48153,Floyd,2013,2017,Asian/Pacific Islander (includes Hispanic),
48,Texas,48153,Floyd,2013,2017,Black (includes Hispanic),
48,Texas,48153,Floyd,2013,2017,Hispanic (all races),16.9
48,Texas,48153,Floyd,2013,2017,American Indian/Alaskan Native (includes Hispanic),
48,Texas,48153,Floyd,2013,2017,White (includes Hispanic),11.7
48,Texas,48153,Floyd,2014,2018,Asian/Pacific Islander (includes Hispanic),
48,Texas,48153,Floyd,2014,2018,Black (includes Hispanic),
48,Texas,48153,Floyd,2014,2018,Hispanic (all races),16.6
48,Texas,48153,Floyd,2014,2018,American Indian/Alaskan Native (includes Hispanic),
48,Texas,48153,Floyd,2014,2018,White (includes Hispanic),11.5
48,Texas,48153,Floyd,2015,2019,Asian/Pacific Islander (includes Hispanic),
48,Texas,48153,Floyd,2015,2019,Black (includes Hispanic),
48,Texas,48153,Floyd,2015,2019,Hispanic (all races),14.6
48,Texas,48153,Floyd,2015,2019,American Indian/Alaskan Native (includes Hispanic),
48,Texas,48153,Floyd,2015,2019,White (includes Hispanic),11.2
48,Texas,48153,Floyd,2016,2020,Asian/Pacific Islander (includes Hispanic),
48,Texas,48153,Floyd,2016,2020,Black (includes Hispanic),
48,Texas,48153,Floyd,2016,2020,Hispanic (all races),15.1
48,Texas,48153,Floyd,2016,2020,American Indian/Alaskan Native (includes Hispanic),
48,Texas,48153,Floyd,2016,2020,White (includes Hispanic),11.5
48,Texas,48155,Foard,2011,2015,Asian/Pacific Islander (includes Hispanic),
48,Texas,48155,Foard,2011,2015,Black (includes Hispanic),
48,Texas,48155,Foard,2011,2015,Hispanic (all races),
48,Texas,48155,Foard,2011,2015,American Indian/Alaskan Native (includes Hispanic),
48,Texas,48155,Foard,2011,2015,White (includes Hispanic),
48,Texas,48155,Foard,2012,2016,Asian/Pacific Islander (includes Hispanic),
48,Texas,48155,Foard,2012,2016,Black (includes Hispanic),
48,Texas,48155,Foard,2012,2016,Hispanic (all races),
48,Texas,48155,Foard,2012,2016,American Indian/Alaskan Native (includes Hispanic),
48,Texas,48155,Foard,2012,2016,White (includes Hispanic),
48,Texas,48155,Foard,2013,2017,Asian/Pacific Islander (includes Hispanic),
48,Texas,48155,Foard,2013,2017,Black (includes Hispanic),
48,Texas,48155,Foard,2013,2017,Hispanic (all races),
48,Texas,48155,Foard,2013,2017,American Indian/Alaskan Native (includes Hispanic),
48,Texas,48155,Foard,2013,2017,White (includes Hispanic),
48,Texas,48155,Foard,2014,2018,Asian/Pacific Islander (includes Hispanic),
48,Texas,48155,Foard,2014,2018,Black (includes Hispanic),
48,Texas,48155,Foard,2014,2018,Hispanic (all races),
48,Texas,48155,Foard,2014,2018,American Indian/Alaskan Native (includes Hispanic),
48,Texas,48155,Foard,2014,2018,White (includes Hispanic),
48,Texas,48155,Foard,2015,2019,Asian/Pacific Islander (includes Hispanic),
48,Texas,48155,Foard,2015,2019,Black (includes Hispanic),
48,Texas,48155,Foard,2015,2019,Hispanic (all races),
48,Texas,48155,Foard,2015,2019,American Indian/Alaskan Native (includes Hispanic),
48,Texas,48155,Foard,2015,2019,White (includes Hispanic),
48,Texas,48155,Foard,2016,2020,Asian/Pacific Islander (includes Hispanic),
48,Texas,48155,Foard,2016,2020,Black (includes Hispanic),
48,Texas,48155,Foard,2016,2020,Hispanic (all races),
48,Texas,48155,Foard,2016,2020,American Indian/Alaskan Native (includes Hispanic),
48,Texas,48155,Foard,2016,2020,White (includes Hispanic),
48,Texas,48157,Fort Bend,2011,2015,Asian/Pacific Islander (includes Hispanic),4.8
48,Texas,48157,Fort Bend,2011,2015,Black (includes Hispanic),11.4
48,Texas,48157,Fort Bend,2011,2015,Hispanic (all races),13.7
48,Texas,48157,Fort Bend,2011,2015,American Indian/Alaskan Native (includes Hispanic),
48,Texas,48157,Fort Bend,2011,2015,White (includes Hispanic),10.5
48,Texas,48157,Fort Bend,2012,2016,Asian/Pacific Islander (includes Hispanic),5.5
48,Texas,48157,Fort Bend,2012,2016,Black (includes Hispanic),11.0
48,Texas,48157,Fort Bend,2012,2016,Hispanic (all races),13.5
48,Texas,48157,Fort Bend,2012,2016,American Indian/Alaskan Native (includes Hispanic),
48,Texas,48157,Fort Bend,2012,2016,White (includes Hispanic),10.6
48,Texas,48157,Fort Bend,2013,2017,Asian/Pacific Islander (includes Hispanic),5.6
48,Texas,48157,Fort Bend,2013,2017,Black (includes Hispanic),9.5
48,Texas,48157,Fort Bend,2013,2017,Hispanic (all races),13.4
48,Texas,48157,Fort Bend,2013,2017,American Indian/Alaskan Native (includes Hispanic),
48,Texas,48157,Fort Bend,2013,2017,White (includes Hispanic),10.5
48,Texas,48157,Fort Bend,2014,2018,Asian/Pacific Islander (includes Hispanic),6.0
48,Texas,48157,Fort Bend,2014,2018,Black (includes Hispanic),9.3
48,Texas,48157,Fort Bend,2014,2018,Hispanic (all races),13.3
48,Texas,48157,Fort Bend,2014,2018,American Indian/Alaskan Native (includes Hispanic),
48,Texas,48157,Fort Bend,2014,2018,White (includes Hispanic),10.3
48,Texas,48157,Fort Bend,2015,2019,Asian/Pacific Islander (includes Hispanic),6.4
48,Texas,48157,Fort Bend,2015,2019,Black (includes Hispanic),9.2
48,Texas,48157,Fort Bend,2015,2019,Hispanic (all races),12.5
48,Texas,48157,Fort Bend,2015,2019,American Indian/Alaskan Native (includes Hispanic),
48,Texas,48157,Fort Bend,2015,2019,White (includes Hispanic),10.0
48,Texas,48157,Fort Bend,2016,2020,Asian/Pacific Islander (includes Hispanic),6.1
48,Texas,48157,Fort Bend,2016,2020,Black (includes Hispanic),8.7
48,Texas,48157,Fort Bend,2016,2020,Hispanic (all races),12.3
48,Texas,48157,Fort Bend,2016,2020,American Indian/Alaskan Native (includes Hispanic),
48,Texas,48157,Fort Bend,2016,2020,White (includes Hispanic),9.8
48,Texas,48159,Franklin,2011,2015,Asian/Pacific Islander (includes Hispanic),
48,Texas,48159,Franklin,2011,2015,Black (includes Hispanic),
48,Texas,48159,Franklin,2011,2015,Hispanic (all races),
48,Texas,48159,Franklin,2011,2015,American Indian/Alaskan Native (includes Hispanic),
48,Texas,48159,Franklin,2011,2015,White (includes Hispanic),7.6
48,Texas,48159,Franklin,2012,2016,Asian/Pacific Islander (includes Hispanic),
48,Texas,48159,Franklin,2012,2016,Black (includes Hispanic),
48,Texas,48159,Franklin,2012,2016,Hispanic (all races),
48,Texas,48159,Franklin,2012,2016,American Indian/Alaskan Native (includes Hispanic),
48,Texas,48159,Franklin,2012,2016,White (includes Hispanic),8.1
48,Texas,48159,Franklin,2013,2017,Asian/Pacific Islander (includes Hispanic),
48,Texas,48159,Franklin,2013,2017,Black (includes Hispanic),
48,Texas,48159,Franklin,2013,2017,Hispanic (all races),
48,Texas,48159,Franklin,2013,2017,American Indian/Alaskan Native (includes Hispanic),
48,Texas,48159,Franklin,2013,2017,White (includes Hispanic),7.4
48,Texas,48159,Franklin,2014,2018,Asian/Pacific Islander (includes Hispanic),
48,Texas,48159,Franklin,2014,2018,Black (includes Hispanic),
48,Texas,48159,Franklin,2014,2018,Hispanic (all races),
48,Texas,48159,Franklin,2014,2018,American Indian/Alaskan Native (includes Hispanic),
48,Texas,48159,Franklin,2014,2018,White (includes Hispanic),9.1
48,Texas,48159,Franklin,2015,2019,Asian/Pacific Islander (includes Hispanic),
48,Texas,48159,Franklin,2015,2019,Black (includes Hispanic),
48,Texas,48159,Franklin,2015,2019,Hispanic (all races),
48,Texas,48159,Franklin,2015,2019,American Indian/Alaskan Native (includes Hispanic),
48,Texas,48159,Franklin,2015,2019,White (includes Hispanic),10.7
48,Texas,48159,Franklin,2016,2020,Asian/Pacific Islander (includes Hispanic),
48,Texas,48159,Franklin,2016,2020,Black (includes Hispanic),
48,Texas,48159,Franklin,2016,2020,Hispanic (all races),
48,Texas,48159,Franklin,2016,2020,American Indian/Alaskan Native (includes Hispanic),
48,Texas,48159,Franklin,2016,2020,White (includes Hispanic),10.5
48,Texas,48161,Freestone,2011,2015,Asian/Pacific Islander (includes Hispanic),
48,Texas,48161,Freestone,2011,2015,Black (includes Hispanic),
48,Texas,48161,Freestone,2011,2015,Hispanic (all races),
48,Texas,48161,Freestone,2011,2015,American Indian/Alaskan Native (includes Hispanic),
48,Texas,48161,Freestone,2011,2015,White (includes Hispanic),13.1
48,Texas,48161,Freestone,2012,2016,Asian/Pacific Islander (includes Hispanic),
48,Texas,48161,Freestone,2012,2016,Black (includes Hispanic),
48,Texas,48161,Freestone,2012,2016,Hispanic (all races),
48,Texas,48161,Freestone,2012,2016,American Indian/Alaskan Native (includes Hispanic),
48,Texas,48161,Freestone,2012,2016,White (includes Hispanic),13.5
48,Texas,48161,Freestone,2013,2017,Asian/Pacific Islander (includes Hispanic),
48,Texas,48161,Freestone,2013,2017,Black (includes Hispanic),
48,Texas,48161,Freestone,2013,2017,Hispanic (all races),
48,Texas,48161,Freestone,2013,2017,American Indian/Alaskan Native (includes Hispanic),
48,Texas,48161,Freestone,2013,2017,White (includes Hispanic),12.9
48,Texas,48161,Freestone,2014,2018,Asian/Pacific Islander (includes Hispanic),
48,Texas,48161,Freestone,2014,2018,Black (includes Hispanic),
48,Texas,48161,Freestone,2014,2018,Hispanic (all races),
48,Texas,48161,Freestone,2014,2018,American Indian/Alaskan Native (includes Hispanic),
48,Texas,48161,Freestone,2014,2018,White (includes Hispanic),13.1
48,Texas,48161,Freestone,2015,2019,Asian/Pacific Islander (includes Hispanic),
48,Texas,48161,Freestone,2015,2019,Black (includes Hispanic),
48,Texas,48161,Freestone,2015,2019,Hispanic (all races),
48,Texas,48161,Freestone,2015,2019,American Indian/Alaskan Native (includes Hispanic),
48,Texas,48161,Freestone,2015,2019,White (includes Hispanic),12.1
48,Texas,48161,Freestone,2016,2020,Asian/Pacific Islander (includes Hispanic),
48,Texas,48161,Freestone,2016,2020,Black (includes Hispanic),
48,Texas,48161,Freestone,2016,2020,Hispanic (all races),
48,Texas,48161,Freestone,2016,2020,American Indian/Alaskan Native (includes Hispanic),
48,Texas,48161,Freestone,2016,2020,White (includes Hispanic),12.7
48,Texas,48163,Frio,2011,2015,Asian/Pacific Islander (includes Hispanic),
48,Texas,48163,Frio,2011,2015,Black (includes Hispanic),
48,Texas,48163,Frio,2011,2015,Hispanic (all races),12.3
48,Texas,48163,Frio,2011,2015,American Indian/Alaskan Native (includes Hispanic),
48,Texas,48163,Frio,2011,2015,White (includes Hispanic),13.1
48,Texas,48163,Frio,2012,2016,Asian/Pacific Islander (includes Hispanic),
48,Texas,48163,Frio,2012,2016,Black (includes Hispanic),
48,Texas,48163,Frio,2012,2016,Hispanic (all races),10.3
48,Texas,48163,Frio,2012,2016,American Indian/Alaskan Native (includes Hispanic),
48,Texas,48163,Frio,2012,2016,White (includes Hispanic),12.4
48,Texas,48163,Frio,2013,2017,Asian/Pacific Islander (includes Hispanic),
48,Texas,48163,Frio,2013,2017,Black (includes Hispanic),
48,Texas,48163,Frio,2013,2017,Hispanic (all races),10.6
48,Texas,48163,Frio,2013,2017,American Indian/Alaskan Native (includes Hispanic),
48,Texas,48163,Frio,2013,2017,White (includes Hispanic),11.5
48,Texas,48163,Frio,2014,2018,Asian/Pacific Islander (includes Hispanic),
48,Texas,48163,Frio,2014,2018,Black (includes Hispanic),
48,Texas,48163,Frio,2014,2018,Hispanic (all races),12.7
48,Texas,48163,Frio,2014,2018,American Indian/Alaskan Native (includes Hispanic),
48,Texas,48163,Frio,2014,2018,White (includes Hispanic),12.5
48,Texas,48163,Frio,2015,2019,Asian/Pacific Islander (includes Hispanic),
48,Texas,48163,Frio,2015,2019,Black (includes Hispanic),
48,Texas,48163,Frio,2015,2019,Hispanic (all races),14.5
48,Texas,48163,Frio,2015,2019,American Indian/Alaskan Native (includes Hispanic),
48,Texas,48163,Frio,2015,2019,White (includes Hispanic),13.5
48,Texas,48163,Frio,2016,2020,Asian/Pacific Islander (includes Hispanic),
48,Texas,48163,Frio,2016,2020,Black (includes Hispanic),
48,Texas,48163,Frio,2016,2020,Hispanic (all races),13.4
48,Texas,48163,Frio,2016,2020,American Indian/Alaskan Native (includes Hispanic),
48,Texas,48163,Frio,2016,2020,White (includes Hispanic),12.7
48,Texas,48165,Gaines,2011,2015,Asian/Pacific Islander (includes Hispanic),
48,Texas,48165,Gaines,2011,2015,Black (includes Hispanic),
48,Texas,48165,Gaines,2011,2015,Hispanic (all races),
48,Texas,48165,Gaines,2011,2015,American Indian/Alaskan Native (includes Hispanic),
48,Texas,48165,Gaines,2011,2015,White (includes Hispanic),9.4
48,Texas,48165,Gaines,2012,2016,Asian/Pacific Islander (includes Hispanic),
48,Texas,48165,Gaines,2012,2016,Black (includes Hispanic),
48,Texas,48165,Gaines,2012,2016,Hispanic (all races),
48,Texas,48165,Gaines,2012,2016,American Indian/Alaskan Native (includes Hispanic),
48,Texas,48165,Gaines,2012,2016,White (includes Hispanic),8.2
48,Texas,48165,Gaines,2013,2017,Asian/Pacific Islander (includes Hispanic),
48,Texas,48165,Gaines,2013,2017,Black (includes Hispanic),
48,Texas,48165,Gaines,2013,2017,Hispanic (all races),
48,Texas,48165,Gaines,2013,2017,American Indian/Alaskan Native (includes Hispanic),
48,Texas,48165,Gaines,2013,2017,White (includes Hispanic),9.1
48,Texas,48165,Gaines,2014,2018,Asian/Pacific Islander (includes Hispanic),
48,Texas,48165,Gaines,2014,2018,Black (includes Hispanic),
48,Texas,48165,Gaines,2014,2018,Hispanic (all races),
48,Texas,48165,Gaines,2014,2018,American Indian/Alaskan Native (includes Hispanic),
48,Texas,48165,Gaines,2014,2018,White (includes Hispanic),9.4
48,Texas,48165,Gaines,2015,2019,Asian/Pacific Islander (includes Hispanic),
48,Texas,48165,Gaines,2015,2019,Black (includes Hispanic),
48,Texas,48165,Gaines,2015,2019,Hispanic (all races),11.9
48,Texas,48165,Gaines,2015,2019,American Indian/Alaskan Native (includes Hispanic),
48,Texas,48165,Gaines,2015,2019,White (includes Hispanic),10.2
48,Texas,48165,Gaines,2016,2020,Asian/Pacific Islander (includes Hispanic),
48,Texas,48165,Gaines,2016,2020,Black (includes Hispanic),
48,Texas,48165,Gaines,2016,2020,Hispanic (all races),13.7
48,Texas,48165,Gaines,2016,2020,American Indian/Alaskan Native (includes Hispanic),
48,Texas,48165,Gaines,2016,2020,White (includes Hispanic),11.8
48,Texas,48167,Galveston,2011,2015,Asian/Pacific Islander (includes Hispanic),5.4
48,Texas,48167,Galveston,2011,2015,Black (includes Hispanic),12.1
48,Texas,48167,Galveston,2011,2015,Hispanic (all races),13.9
48,Texas,48167,Galveston,2011,2015,American Indian/Alaskan Native (includes Hispanic),
48,Texas,48167,Galveston,2011,2015,White (includes Hispanic),10.8
48,Texas,48167,Galveston,2012,2016,Asian/Pacific Islander (includes Hispanic),5.8
48,Texas,48167,Galveston,2012,2016,Black (includes Hispanic),11.7
48,Texas,48167,Galveston,2012,2016,Hispanic (all races),13.7
48,Texas,48167,Galveston,2012,2016,American Indian/Alaskan Native (includes Hispanic),
48,Texas,48167,Galveston,2012,2016,White (includes Hispanic),10.8
48,Texas,48167,Galveston,2013,2017,Asian/Pacific Islander (includes Hispanic),6.2
48,Texas,48167,Galveston,2013,2017,Black (includes Hispanic),10.1
48,Texas,48167,Galveston,2013,2017,Hispanic (all races),13.6
48,Texas,48167,Galveston,2013,2017,American Indian/Alaskan Native (includes Hispanic),
48,Texas,48167,Galveston,2013,2017,White (includes Hispanic),10.5
48,Texas,48167,Galveston,2014,2018,Asian/Pacific Islander (includes Hispanic),6.7
48,Texas,48167,Galveston,2014,2018,Black (includes Hispanic),10.0
48,Texas,48167,Galveston,2014,2018,Hispanic (all races),13.5
48,Texas,48167,Galveston,2014,2018,American Indian/Alaskan Native (includes Hispanic),
48,Texas,48167,Galveston,2014,2018,White (includes Hispanic),10.4
48,Texas,48167,Galveston,2015,2019,Asian/Pacific Islander (includes Hispanic),7.0
48,Texas,48167,Galveston,2015,2019,Black (includes Hispanic),10.0
48,Texas,48167,Galveston,2015,2019,Hispanic (all races),12.8
48,Texas,48167,Galveston,2015,2019,American Indian/Alaskan Native (includes Hispanic),
48,Texas,48167,Galveston,2015,2019,White (includes Hispanic),10.2
48,Texas,48167,Galveston,2016,2020,Asian/Pacific Islander (includes Hispanic),6.7
48,Texas,48167,Galveston,2016,2020,Black (includes Hispanic),9.3
48,Texas,48167,Galveston,2016,2020,Hispanic (all races),12.5
48,Texas,48167,Galveston,2016,2020,American Indian/Alaskan Native (includes Hispanic),
48,Texas,48167,Galveston,2016,2020,White (includes Hispanic),10.0
48,Texas,48169,Garza,2011,2015,Asian/Pacific Islander (includes Hispanic),
48,Texas,48169,Garza,2011,2015,Black (includes Hispanic),
48,Texas,48169,Garza,2011,2015,Hispanic (all races),18.4
48,Texas,48169,Garza,2011,2015,American Indian/Alaskan Native (includes Hispanic),
48,Texas,48169,Garza,2011,2015,White (includes Hispanic),10.9
48,Texas,48169,Garza,2012,2016,Asian/Pacific Islander (includes Hispanic),
48,Texas,48169,Garza,2012,2016,Black (includes Hispanic),
48,Texas,48169,Garza,2012,2016,Hispanic (all races),19.4
48,Texas,48169,Garza,2012,2016,American Indian/Alaskan Native (includes Hispanic),
48,Texas,48169,Garza,2012,2016,White (includes Hispanic),12.4
48,Texas,48169,Garza,2013,2017,Asian/Pacific Islander (includes Hispanic),
48,Texas,48169,Garza,2013,2017,Black (includes Hispanic),
48,Texas,48169,Garza,2013,2017,Hispanic (all races),18.7
48,Texas,48169,Garza,2013,2017,American Indian/Alaskan Native (includes Hispanic),
48,Texas,48169,Garza,2013,2017,White (includes Hispanic),12.3
48,Texas,48169,Garza,2014,2018,Asian/Pacific Islander (includes Hispanic),
48,Texas,48169,Garza,2014,2018,Black (includes Hispanic),
48,Texas,48169,Garza,2014,2018,Hispanic (all races),18.3
48,Texas,48169,Garza,2014,2018,American Indian/Alaskan Native (includes Hispanic),
48,Texas,48169,Garza,2014,2018,White (includes Hispanic),12.3
48,Texas,48169,Garza,2015,2019,Asian/Pacific Islander (includes Hispanic),
48,Texas,48169,Garza,2015,2019,Black (includes Hispanic),
48,Texas,48169,Garza,2015,2019,Hispanic (all races),15.5
48,Texas,48169,Garza,2015,2019,American Indian/Alaskan Native (includes Hispanic),
48,Texas,48169,Garza,2015,2019,White (includes Hispanic),11.8
48,Texas,48169,Garza,2016,2020,Asian/Pacific Islander (includes Hispanic),
48,Texas,48169,Garza,2016,2020,Black (includes Hispanic),
48,Texas,48169,Garza,2016,2020,Hispanic (all races),16.5
48,Texas,48169,Garza,2016,2020,American Indian/Alaskan Native (includes Hispanic),
48,Texas,48169,Garza,2016,2020,White (includes Hispanic),12.6
48,Texas,48171,Gillespie,2011,2015,Asian/Pacific Islander (includes Hispanic),
48,Texas,48171,Gillespie,2011,2015,Black (includes Hispanic),
48,Texas,48171,Gillespie,2011,2015,Hispanic (all races),
48,Texas,48171,Gillespie,2011,2015,American Indian/Alaskan Native (includes Hispanic),
48,Texas,48171,Gillespie,2011,2015,White (includes Hispanic),7.3
48,Texas,48171,Gillespie,2012,2016,Asian/Pacific Islander (includes Hispanic),
48,Texas,48171,Gillespie,2012,2016,Black (includes Hispanic),
48,Texas,48171,Gillespie,2012,2016,Hispanic (all races),
48,Texas,48171,Gillespie,2012,2016,American Indian/Alaskan Native (includes Hispanic),
48,Texas,48171,Gillespie,2012,2016,White (includes Hispanic),8.0
48,Texas,48171,Gillespie,2013,2017,Asian/Pacific Islander (includes Hispanic),
48,Texas,48171,Gillespie,2013,2017,Black (includes Hispanic),
48,Texas,48171,Gillespie,2013,2017,Hispanic (all races),
48,Texas,48171,Gillespie,2013,2017,American Indian/Alaskan Native (includes Hispanic),
48,Texas,48171,Gillespie,2013,2017,White (includes Hispanic),7.5
48,Texas,48171,Gillespie,2014,2018,Asian/Pacific Islander (includes Hispanic),
48,Texas,48171,Gillespie,2014,2018,Black (includes Hispanic),
48,Texas,48171,Gillespie,2014,2018,Hispanic (all races),
48,Texas,48171,Gillespie,2014,2018,American Indian/Alaskan Native (includes Hispanic),
48,Texas,48171,Gillespie,2014,2018,White (includes Hispanic),8.9
48,Texas,48171,Gillespie,2015,2019,Asian/Pacific Islander (includes Hispanic),
48,Texas,48171,Gillespie,2015,2019,Black (includes Hispanic),
48,Texas,48171,Gillespie,2015,2019,Hispanic (all races),
48,Texas,48171,Gillespie,2015,2019,American Indian/Alaskan Native (includes Hispanic),
48,Texas,48171,Gillespie,2015,2019,White (includes Hispanic),8.8
48,Texas,48171,Gillespie,2016,2020,Asian/Pacific Islander (includes Hispanic),
48,Texas,48171,Gillespie,2016,2020,Black (includes Hispanic),
48,Texas,48171,Gillespie,2016,2020,Hispanic (all races),
48,Texas,48171,Gillespie,2016,2020,American Indian/Alaskan Native (includes Hispanic),
48,Texas,48171,Gillespie,2016,2020,White (includes Hispanic),9.2
48,Texas,48173,Glasscock,2011,2015,Asian/Pacific Islander (includes Hispanic),
48,Texas,48173,Glasscock,2011,2015,Black (includes Hispanic),
48,Texas,48173,Glasscock,2011,2015,Hispanic (all races),
48,Texas,48173,Glasscock,2011,2015,American Indian/Alaskan Native (includes Hispanic),
48,Texas,48173,Glasscock,2011,2015,White (includes Hispanic),9.0
48,Texas,48173,Glasscock,2012,2016,Asian/Pacific Islander (includes Hispanic),
48,Texas,48173,Glasscock,2012,2016,Black (includes Hispanic),
48,Texas,48173,Glasscock,2012,2016,Hispanic (all races),
48,Texas,48173,Glasscock,2012,2016,American Indian/Alaskan Native (includes Hispanic),
48,Texas,48173,Glasscock,2012,2016,White (includes Hispanic),9.2
48,Texas,48173,Glasscock,2013,2017,Asian/Pacific Islander (includes Hispanic),
48,Texas,48173,Glasscock,2013,2017,Black (includes Hispanic),
48,Texas,48173,Glasscock,2013,2017,Hispanic (all races),
48,Texas,48173,Glasscock,2013,2017,American Indian/Alaskan Native (includes Hispanic),
48,Texas,48173,Glasscock,2013,2017,White (includes Hispanic),10.3
48,Texas,48173,Glasscock,2014,2018,Asian/Pacific Islander (includes Hispanic),
48,Texas,48173,Glasscock,2014,2018,Black (includes Hispanic),
48,Texas,48173,Glasscock,2014,2018,Hispanic (all races),9.8
48,Texas,48173,Glasscock,2014,2018,American Indian/Alaskan Native (includes Hispanic),
48,Texas,48173,Glasscock,2014,2018,White (includes Hispanic),11.2
48,Texas,48173,Glasscock,2015,2019,Asian/Pacific Islander (includes Hispanic),
48,Texas,48173,Glasscock,2015,2019,Black (includes Hispanic),
48,Texas,48173,Glasscock,2015,2019,Hispanic (all races),9.8
48,Texas,48173,Glasscock,2015,2019,American Indian/Alaskan Native (includes Hispanic),
48,Texas,48173,Glasscock,2015,2019,White (includes Hispanic),11.8
48,Texas,48173,Glasscock,2016,2020,Asian/Pacific Islander (includes Hispanic),
48,Texas,48173,Glasscock,2016,2020,Black (includes Hispanic),
48,Texas,48173,Glasscock,2016,2020,Hispanic (all races),11.4
48,Texas,48173,Glasscock,2016,2020,American Indian/Alaskan Native (includes Hispanic),
48,Texas,48173,Glasscock,2016,2020,White (includes Hispanic),13.0
48,Texas,48175,Goliad,2011,2015,Asian/Pacific Islander (includes Hispanic),
48,Texas,48175,Goliad,2011,2015,Black (includes Hispanic),
48,Texas,48175,Goliad,2011,2015,Hispanic (all races),14.3
48,Texas,48175,Goliad,2011,2015,American Indian/Alaskan Native (includes Hispanic),
48,Texas,48175,Goliad,2011,2015,White (includes Hispanic),12.2
48,Texas,48175,Goliad,2012,2016,Asian/Pacific Islander (includes Hispanic),
48,Texas,48175,Goliad,2012,2016,Black (includes Hispanic),
48,Texas,48175,Goliad,2012,2016,Hispanic (all races),12.6
48,Texas,48175,Goliad,2012,2016,American Indian/Alaskan Native (includes Hispanic),
48,Texas,48175,Goliad,2012,2016,White (includes Hispanic),11.1
48,Texas,48175,Goliad,2013,2017,Asian/Pacific Islander (includes Hispanic),
48,Texas,48175,Goliad,2013,2017,Black (includes Hispanic),
48,Texas,48175,Goliad,2013,2017,Hispanic (all races),14.3
48,Texas,48175,Goliad,2013,2017,American Indian/Alaskan Native (includes Hispanic),
48,Texas,48175,Goliad,2013,2017,White (includes Hispanic),10.7
48,Texas,48175,Goliad,2014,2018,Asian/Pacific Islander (includes Hispanic),
48,Texas,48175,Goliad,2014,2018,Black (includes Hispanic),
48,Texas,48175,Goliad,2014,2018,Hispanic (all races),12.2
48,Texas,48175,Goliad,2014,2018,American Indian/Alaskan Native (includes Hispanic),
48,Texas,48175,Goliad,2014,2018,White (includes Hispanic),10.7
48,Texas,48175,Goliad,2015,2019,Asian/Pacific Islander (includes Hispanic),
48,Texas,48175,Goliad,2015,2019,Black (includes Hispanic),
48,Texas,48175,Goliad,2015,2019,Hispanic (all races),13.6
48,Texas,48175,Goliad,2015,2019,American Indian/Alaskan Native (includes Hispanic),
48,Texas,48175,Goliad,2015,2019,White (includes Hispanic),11.6
48,Texas,48175,Goliad,2016,2020,Asian/Pacific Islander (includes Hispanic),
48,Texas,48175,Goliad,2016,2020,Black (includes Hispanic),
48,Texas,48175,Goliad,2016,2020,Hispanic (all races),15.6
48,Texas,48175,Goliad,2016,2020,American Indian/Alaskan Native (includes Hispanic),
48,Texas,48175,Goliad,2016,2020,White (includes Hispanic),13.2
48,Texas,48177,Gonzales,2011,2015,Asian/Pacific Islander (includes Hispanic),
48,Texas,48177,Gonzales,2011,2015,Black (includes Hispanic),
48,Texas,48177,Gonzales,2011,2015,Hispanic (all races),12.5
48,Texas,48177,Gonzales,2011,2015,American Indian/Alaskan Native (includes Hispanic),
48,Texas,48177,Gonzales,2011,2015,White (includes Hispanic),10.5
48,Texas,48177,Gonzales,2012,2016,Asian/Pacific Islander (includes Hispanic),
48,Texas,48177,Gonzales,2012,2016,Black (includes Hispanic),
48,Texas,48177,Gonzales,2012,2016,Hispanic (all races),11.1
48,Texas,48177,Gonzales,2012,2016,American Indian/Alaskan Native (includes Hispanic),
48,Texas,48177,Gonzales,2012,2016,White (includes Hispanic),10.4
48,Texas,48177,Gonzales,2013,2017,Asian/Pacific Islander (includes Hispanic),
48,Texas,48177,Gonzales,2013,2017,Black (includes Hispanic),
48,Texas,48177,Gonzales,2013,2017,Hispanic (all races),9.5
48,Texas,48177,Gonzales,2013,2017,American Indian/Alaskan Native (includes Hispanic),
48,Texas,48177,Gonzales,2013,2017,White (includes Hispanic),9.5
48,Texas,48177,Gonzales,2014,2018,Asian/Pacific Islander (includes Hispanic),
48,Texas,48177,Gonzales,2014,2018,Black (includes Hispanic),
48,Texas,48177,Gonzales,2014,2018,Hispanic (all races),8.5
48,Texas,48177,Gonzales,2014,2018,American Indian/Alaskan Native (includes Hispanic),
48,Texas,48177,Gonzales,2014,2018,White (includes Hispanic),8.9
48,Texas,48177,Gonzales,2015,2019,Asian/Pacific Islander (includes Hispanic),
48,Texas,48177,Gonzales,2015,2019,Black (includes Hispanic),
48,Texas,48177,Gonzales,2015,2019,Hispanic (all races),7.8
48,Texas,48177,Gonzales,2015,2019,American Indian/Alaskan Native (includes Hispanic),
48,Texas,48177,Gonzales,2015,2019,White (includes Hispanic),9.1
48,Texas,48177,Gonzales,2016,2020,Asian/Pacific Islander (includes Hispanic),
48,Texas,48177,Gonzales,2016,2020,Black (includes Hispanic),
48,Texas,48177,Gonzales,2016,2020,Hispanic (all races),7.6
48,Texas,48177,Gonzales,2016,2020,American Indian/Alaskan Native (includes Hispanic),
48,Texas,48177,Gonzales,2016,2020,White (includes Hispanic),9.2
48,Texas,48179,Gray,2011,2015,Asian/Pacific Islander (includes Hispanic),
48,Texas,48179,Gray,2011,2015,Black (includes Hispanic),
48,Texas,48179,Gray,2011,2015,Hispanic (all races),
48,Texas,48179,Gray,2011,2015,American Indian/Alaskan Native (includes Hispanic),
48,Texas,48179,Gray,2011,2015,White (includes Hispanic),
48,Texas,48179,Gray,2012,2016,Asian/Pacific Islander (includes Hispanic),
48,Texas,48179,Gray,2012,2016,Black (includes Hispanic),
48,Texas,48179,Gray,2012,2016,Hispanic (all races),
48,Texas,48179,Gray,2012,2016,American Indian/Alaskan Native (includes Hispanic),
48,Texas,48179,Gray,2012,2016,White (includes Hispanic),
48,Texas,48179,Gray,2013,2017,Asian/Pacific Islander (includes Hispanic),
48,Texas,48179,Gray,2013,2017,Black (includes Hispanic),
48,Texas,48179,Gray,2013,2017,Hispanic (all races),
48,Texas,48179,Gray,2013,2017,American Indian/Alaskan Native (includes Hispanic),
48,Texas,48179,Gray,2013,2017,White (includes Hispanic),
48,Texas,48179,Gray,2014,2018,Asian/Pacific Islander (includes Hispanic),
48,Texas,48179,Gray,2014,2018,Black (includes Hispanic),
48,Texas,48179,Gray,2014,2018,Hispanic (all races),
48,Texas,48179,Gray,2014,2018,American Indian/Alaskan Native (includes Hispanic),
48,Texas,48179,Gray,2014,2018,White (includes Hispanic),
48,Texas,48179,Gray,2015,2019,Asian/Pacific Islander (includes Hispanic),
48,Texas,48179,Gray,2015,2019,Black (includes Hispanic),
48,Texas,48179,Gray,2015,2019,Hispanic (all races),
48,Texas,48179,Gray,2015,2019,American Indian/Alaskan Native (includes Hispanic),
48,Texas,48179,Gray,2015,2019,White (includes Hispanic),
48,Texas,48179,Gray,2016,2020,Asian/Pacific Islander (includes Hispanic),
48,Texas,48179,Gray,2016,2020,Black (includes Hispanic),
48,Texas,48179,Gray,2016,2020,Hispanic (all races),
48,Texas,48179,Gray,2016,2020,American Indian/Alaskan Native (includes Hispanic),
48,Texas,48179,Gray,2016,2020,White (includes Hispanic),
48,Texas,48181,Grayson,2011,2015,Asian/Pacific Islander (includes Hispanic),
48,Texas,48181,Grayson,2011,2015,Black (includes Hispanic),8.5
48,Texas,48181,Grayson,2011,2015,Hispanic (all races),7.0
48,Texas,48181,Grayson,2011,2015,American Indian/Alaskan Native (includes Hispanic),
48,Texas,48181,Grayson,2011,2015,White (includes Hispanic),6.4
48,Texas,48181,Grayson,2012,2016,Asian/Pacific Islander (includes Hispanic),5.0
48,Texas,48181,Grayson,2012,2016,Black (includes Hispanic),8.2
48,Texas,48181,Grayson,2012,2016,Hispanic (all races),6.7
48,Texas,48181,Grayson,2012,2016,American Indian/Alaskan Native (includes Hispanic),
48,Texas,48181,Grayson,2012,2016,White (includes Hispanic),6.3
48,Texas,48181,Grayson,2013,2017,Asian/Pacific Islander (includes Hispanic),4.7
48,Texas,48181,Grayson,2013,2017,Black (includes Hispanic),7.3
48,Texas,48181,Grayson,2013,2017,Hispanic (all races),6.0
48,Texas,48181,Grayson,2013,2017,American Indian/Alaskan Native (includes Hispanic),
48,Texas,48181,Grayson,2013,2017,White (includes Hispanic),5.8
48,Texas,48181,Grayson,2014,2018,Asian/Pacific Islander (includes Hispanic),4.5
48,Texas,48181,Grayson,2014,2018,Black (includes Hispanic),5.9
48,Texas,48181,Grayson,2014,2018,Hispanic (all races),6.0
48,Texas,48181,Grayson,2014,2018,American Indian/Alaskan Native (includes Hispanic),
48,Texas,48181,Grayson,2014,2018,White (includes Hispanic),6.0
48,Texas,48181,Grayson,2015,2019,Asian/Pacific Islander (includes Hispanic),4.8
48,Texas,48181,Grayson,2015,2019,Black (includes Hispanic),5.8
48,Texas,48181,Grayson,2015,2019,Hispanic (all races),5.7
48,Texas,48181,Grayson,2015,2019,American Indian/Alaskan Native (includes Hispanic),
48,Texas,48181,Grayson,2015,2019,White (includes Hispanic),6.0
48,Texas,48181,Grayson,2016,2020,Asian/Pacific Islander (includes Hispanic),4.6
48,Texas,48181,Grayson,2016,2020,Black (includes Hispanic),4.7
48,Texas,48181,Grayson,2016,2020,Hispanic (all races),7.3
48,Texas,48181,Grayson,2016,2020,American Indian/Alaskan Native (includes Hispanic),
48,Texas,48181,Grayson,2016,2020,White (includes Hispanic),6.3
48,Texas,48183,Gregg,2011,2015,Asian/Pacific Islander (includes Hispanic),
48,Texas,48183,Gregg,2011,2015,Black (includes Hispanic),8.0
48,Texas,48183,Gregg,2011,2015,Hispanic (all races),
48,Texas,48183,Gregg,2011,2015,American Indian/Alaskan Native (includes Hispanic),
48,Texas,48183,Gregg,2011,2015,White (includes Hispanic),7.8
48,Texas,48183,Gregg,2012,2016,Asian/Pacific Islander (includes Hispanic),
48,Texas,48183,Gregg,2012,2016,Black (includes Hispanic),9.8
48,Texas,48183,Gregg,2012,2016,Hispanic (all races),
48,Texas,48183,Gregg,2012,2016,American Indian/Alaskan Native (includes Hispanic),
48,Texas,48183,Gregg,2012,2016,White (includes Hispanic),7.1
48,Texas,48183,Gregg,2013,2017,Asian/Pacific Islander (includes Hispanic),
48,Texas,48183,Gregg,2013,2017,Black (includes Hispanic),8.5
48,Texas,48183,Gregg,2013,2017,Hispanic (all races),
48,Texas,48183,Gregg,2013,2017,American Indian/Alaskan Native (includes Hispanic),
48,Texas,48183,Gregg,2013,2017,White (includes Hispanic),7.7
48,Texas,48183,Gregg,2014,2018,Asian/Pacific Islander (includes Hispanic),
48,Texas,48183,Gregg,2014,2018,Black (includes Hispanic),8.6
48,Texas,48183,Gregg,2014,2018,Hispanic (all races),
48,Texas,48183,Gregg,2014,2018,American Indian/Alaskan Native (includes Hispanic),
48,Texas,48183,Gregg,2014,2018,White (includes Hispanic),8.4
48,Texas,48183,Gregg,2015,2019,Asian/Pacific Islander (includes Hispanic),
48,Texas,48183,Gregg,2015,2019,Black (includes Hispanic),9.9
48,Texas,48183,Gregg,2015,2019,Hispanic (all races),
48,Texas,48183,Gregg,2015,2019,American Indian/Alaskan Native (includes Hispanic),
48,Texas,48183,Gregg,2015,2019,White (includes Hispanic),8.5
48,Texas,48183,Gregg,2016,2020,Asian/Pacific Islander (includes Hispanic),
48,Texas,48183,Gregg,2016,2020,Black (includes Hispanic),10.4
48,Texas,48183,Gregg,2016,2020,Hispanic (all races),
48,Texas,48183,Gregg,2016,2020,American Indian/Alaskan Native (includes Hispanic),
48,Texas,48183,Gregg,2016,2020,White (includes Hispanic),9.0
48,Texas,48185,Grimes,2011,2015,Asian/Pacific Islander (includes Hispanic),
48,Texas,48185,Grimes,2011,2015,Black (includes Hispanic),
48,Texas,48185,Grimes,2011,2015,Hispanic (all races),9.4
48,Texas,48185,Grimes,2011,2015,American Indian/Alaskan Native (includes Hispanic),
48,Texas,48185,Grimes,2011,2015,White (includes Hispanic),7.4
48,Texas,48185,Grimes,2012,2016,Asian/Pacific Islander (includes Hispanic),
48,Texas,48185,Grimes,2012,2016,Black (includes Hispanic),
48,Texas,48185,Grimes,2012,2016,Hispanic (all races),10.9
48,Texas,48185,Grimes,2012,2016,American Indian/Alaskan Native (includes Hispanic),
48,Texas,48185,Grimes,2012,2016,White (includes Hispanic),7.7
48,Texas,48185,Grimes,2013,2017,Asian/Pacific Islander (includes Hispanic),
48,Texas,48185,Grimes,2013,2017,Black (includes Hispanic),
48,Texas,48185,Grimes,2013,2017,Hispanic (all races),12.6
48,Texas,48185,Grimes,2013,2017,American Indian/Alaskan Native (includes Hispanic),
48,Texas,48185,Grimes,2013,2017,White (includes Hispanic),8.5
48,Texas,48185,Grimes,2014,2018,Asian/Pacific Islander (includes Hispanic),
48,Texas,48185,Grimes,2014,2018,Black (includes Hispanic),
48,Texas,48185,Grimes,2014,2018,Hispanic (all races),12.9
48,Texas,48185,Grimes,2014,2018,American Indian/Alaskan Native (includes Hispanic),
48,Texas,48185,Grimes,2014,2018,White (includes Hispanic),9.2
48,Texas,48185,Grimes,2015,2019,Asian/Pacific Islander (includes Hispanic),
48,Texas,48185,Grimes,2015,2019,Black (includes Hispanic),
48,Texas,48185,Grimes,2015,2019,Hispanic (all races),12.9
48,Texas,48185,Grimes,2015,2019,American Indian/Alaskan Native (includes Hispanic),
48,Texas,48185,Grimes,2015,2019,White (includes Hispanic),8.8
48,Texas,48185,Grimes,2016,2020,Asian/Pacific Islander (includes Hispanic),
48,Texas,48185,Grimes,2016,2020,Black (includes Hispanic),7.7
48,Texas,48185,Grimes,2016,2020,Hispanic (all races),11.0
48,Texas,48185,Grimes,2016,2020,American Indian/Alaskan Native (includes Hispanic),
48,Texas,48185,Grimes,2016,2020,White (includes Hispanic),8.2
48,Texas,48187,Guadalupe,2011,2015,Asian/Pacific Islander (includes Hispanic),
48,Texas,48187,Guadalupe,2011,2015,Black (includes Hispanic),7.9
48,Texas,48187,Guadalupe,2011,2015,Hispanic (all races),11.5
48,Texas,48187,Guadalupe,2011,2015,American Indian/Alaskan Native (includes Hispanic),
48,Texas,48187,Guadalupe,2011,2015,White (includes Hispanic),10.8
48,Texas,48187,Guadalupe,2012,2016,Asian/Pacific Islander (includes Hispanic),
48,Texas,48187,Guadalupe,2012,2016,Black (includes Hispanic),8.1
48,Texas,48187,Guadalupe,2012,2016,Hispanic (all races),11.5
48,Texas,48187,Guadalupe,2012,2016,American Indian/Alaskan Native (includes Hispanic),
48,Texas,48187,Guadalupe,2012,2016,White (includes Hispanic),11.0
48,Texas,48187,Guadalupe,2013,2017,Asian/Pacific Islander (includes Hispanic),
48,Texas,48187,Guadalupe,2013,2017,Black (includes Hispanic),9.2
48,Texas,48187,Guadalupe,2013,2017,Hispanic (all races),11.7
48,Texas,48187,Guadalupe,2013,2017,American Indian/Alaskan Native (includes Hispanic),
48,Texas,48187,Guadalupe,2013,2017,White (includes Hispanic),11.0
48,Texas,48187,Guadalupe,2014,2018,Asian/Pacific Islander (includes Hispanic),
48,Texas,48187,Guadalupe,2014,2018,Black (includes Hispanic),9.0
48,Texas,48187,Guadalupe,2014,2018,Hispanic (all races),11.3
48,Texas,48187,Guadalupe,2014,2018,American Indian/Alaskan Native (includes Hispanic),
48,Texas,48187,Guadalupe,2014,2018,White (includes Hispanic),10.7
48,Texas,48187,Guadalupe,2015,2019,Asian/Pacific Islander (includes Hispanic),
48,Texas,48187,Guadalupe,2015,2019,Black (includes Hispanic),8.2
48,Texas,48187,Guadalupe,2015,2019,Hispanic (all races),11.2
48,Texas,48187,Guadalupe,2015,2019,American Indian/Alaskan Native (includes Hispanic),
48,Texas,48187,Guadalupe,2015,2019,White (includes Hispanic),10.7
48,Texas,48187,Guadalupe,2016,2020,Asian/Pacific Islander (includes Hispanic),
48,Texas,48187,Guadalupe,2016,2020,Black (includes Hispanic),8.4
48,Texas,48187,Guadalupe,2016,2020,Hispanic (all races),11.9
48,Texas,48187,Guadalupe,2016,2020,American Indian/Alaskan Native (includes Hispanic),
48,Texas,48187,Guadalupe,2016,2020,White (includes Hispanic),10.7
48,Texas,48189,Hale,2011,2015,Asian/Pacific Islander (includes Hispanic),
48,Texas,48189,Hale,2011,2015,Black (includes Hispanic),
48,Texas,48189,Hale,2011,2015,Hispanic (all races),15.9
48,Texas,48189,Hale,2011,2015,American Indian/Alaskan Native (includes Hispanic),
48,Texas,48189,Hale,2011,2015,White (includes Hispanic),10.0
48,Texas,48189,Hale,2012,2016,Asian/Pacific Islander (includes Hispanic),
48,Texas,48189,Hale,2012,2016,Black (includes Hispanic),
48,Texas,48189,Hale,2012,2016,Hispanic (all races),16.1
48,Texas,48189,Hale,2012,2016,American Indian/Alaskan Native (includes Hispanic),
48,Texas,48189,Hale,2012,2016,White (includes Hispanic),11.0
48,Texas,48189,Hale,2013,2017,Asian/Pacific Islander (includes Hispanic),
48,Texas,48189,Hale,2013,2017,Black (includes Hispanic),
48,Texas,48189,Hale,2013,2017,Hispanic (all races),16.1
48,Texas,48189,Hale,2013,2017,American Indian/Alaskan Native (includes Hispanic),
48,Texas,48189,Hale,2013,2017,White (includes Hispanic),11.4
48,Texas,48189,Hale,2014,2018,Asian/Pacific Islander (includes Hispanic),
48,Texas,48189,Hale,2014,2018,Black (includes Hispanic),
48,Texas,48189,Hale,2014,2018,Hispanic (all races),16.2
48,Texas,48189,Hale,2014,2018,American Indian/Alaskan Native (includes Hispanic),
48,Texas,48189,Hale,2014,2018,White (includes Hispanic),11.1
48,Texas,48189,Hale,2015,2019,Asian/Pacific Islander (includes Hispanic),
48,Texas,48189,Hale,2015,2019,Black (includes Hispanic),
48,Texas,48189,Hale,2015,2019,Hispanic (all races),14.8
48,Texas,48189,Hale,2015,2019,American Indian/Alaskan Native (includes Hispanic),
48,Texas,48189,Hale,2015,2019,White (includes Hispanic),11.3
48,Texas,48189,Hale,2016,2020,Asian/Pacific Islander (includes Hispanic),
48,Texas,48189,Hale,2016,2020,Black (includes Hispanic),
48,Texas,48189,Hale,2016,2020,Hispanic (all races),14.8
48,Texas,48189,Hale,2016,2020,American Indian/Alaskan Native (includes Hispanic),
48,Texas,48189,Hale,2016,2020,White (includes Hispanic),11.3
48,Texas,48191,Hall,2011,2015,Asian/Pacific Islander (includes Hispanic),
48,Texas,48191,Hall,2011,2015,Black (includes Hispanic),
48,Texas,48191,Hall,2011,2015,Hispanic (all races),
48,Texas,48191,Hall,2011,2015,American Indian/Alaskan Native (includes Hispanic),
48,Texas,48191,Hall,2011,2015,White (includes Hispanic),
48,Texas,48191,Hall,2012,2016,Asian/Pacific Islander (includes Hispanic),
48,Texas,48191,Hall,2012,2016,Black (includes Hispanic),
48,Texas,48191,Hall,2012,2016,Hispanic (all races),
48,Texas,48191,Hall,2012,2016,American Indian/Alaskan Native (includes Hispanic),
48,Texas,48191,Hall,2012,2016,White (includes Hispanic),
48,Texas,48191,Hall,2013,2017,Asian/Pacific Islander (includes Hispanic),
48,Texas,48191,Hall,2013,2017,Black (includes Hispanic),
48,Texas,48191,Hall,2013,2017,Hispanic (all races),
48,Texas,48191,Hall,2013,2017,American Indian/Alaskan Native (includes Hispanic),
48,Texas,48191,Hall,2013,2017,White (includes Hispanic),
48,Texas,48191,Hall,2014,2018,Asian/Pacific Islander (includes Hispanic),
48,Texas,48191,Hall,2014,2018,Black (includes Hispanic),
48,Texas,48191,Hall,2014,2018,Hispanic (all races),
48,Texas,48191,Hall,2014,2018,American Indian/Alaskan Native (includes Hispanic),
48,Texas,48191,Hall,2014,2018,White (includes Hispanic),
48,Texas,48191,Hall,2015,2019,Asian/Pacific Islander (includes Hispanic),
48,Texas,48191,Hall,2015,2019,Black (includes Hispanic),
48,Texas,48191,Hall,2015,2019,Hispanic (all races),
48,Texas,48191,Hall,2015,2019,American Indian/Alaskan Native (includes Hispanic),
48,Texas,48191,Hall,2015,2019,White (includes Hispanic),
48,Texas,48191,Hall,2016,2020,Asian/Pacific Islander (includes Hispanic),
48,Texas,48191,Hall,2016,2020,Black (includes Hispanic),
48,Texas,48191,Hall,2016,2020,Hispanic (all races),
48,Texas,48191,Hall,2016,2020,American Indian/Alaskan Native (includes Hispanic),
48,Texas,48191,Hall,2016,2020,White (includes Hispanic),
48,Texas,48193,Hamilton,2011,2015,Asian/Pacific Islander (includes Hispanic),
48,Texas,48193,Hamilton,2011,2015,Black (includes Hispanic),
48,Texas,48193,Hamilton,2011,2015,Hispanic (all races),
48,Texas,48193,Hamilton,2011,2015,American Indian/Alaskan Native (includes Hispanic),
48,Texas,48193,Hamilton,2011,2015,White (includes Hispanic),10.6
48,Texas,48193,Hamilton,2012,2016,Asian/Pacific Islander (includes Hispanic),
48,Texas,48193,Hamilton,2012,2016,Black (includes Hispanic),
48,Texas,48193,Hamilton,2012,2016,Hispanic (all races),
48,Texas,48193,Hamilton,2012,2016,American Indian/Alaskan Native (includes Hispanic),
48,Texas,48193,Hamilton,2012,2016,White (includes Hispanic),10.4
48,Texas,48193,Hamilton,2013,2017,Asian/Pacific Islander (includes Hispanic),
48,Texas,48193,Hamilton,2013,2017,Black (includes Hispanic),
48,Texas,48193,Hamilton,2013,2017,Hispanic (all races),
48,Texas,48193,Hamilton,2013,2017,American Indian/Alaskan Native (includes Hispanic),
48,Texas,48193,Hamilton,2013,2017,White (includes Hispanic),11.1
48,Texas,48193,Hamilton,2014,2018,Asian/Pacific Islander (includes Hispanic),
48,Texas,48193,Hamilton,2014,2018,Black (includes Hispanic),
48,Texas,48193,Hamilton,2014,2018,Hispanic (all races),
48,Texas,48193,Hamilton,2014,2018,American Indian/Alaskan Native (includes Hispanic),
48,Texas,48193,Hamilton,2014,2018,White (includes Hispanic),11.6
48,Texas,48193,Hamilton,2015,2019,Asian/Pacific Islander (includes Hispanic),
48,Texas,48193,Hamilton,2015,2019,Black (includes Hispanic),
48,Texas,48193,Hamilton,2015,2019,Hispanic (all races),
48,Texas,48193,Hamilton,2015,2019,American Indian/Alaskan Native (includes Hispanic),
48,Texas,48193,Hamilton,2015,2019,White (includes Hispanic),14.7
48,Texas,48193,Hamilton,2016,2020,Asian/Pacific Islander (includes Hispanic),
48,Texas,48193,Hamilton,2016,2020,Black (includes Hispanic),
48,Texas,48193,Hamilton,2016,2020,Hispanic (all races),
48,Texas,48193,Hamilton,2016,2020,American Indian/Alaskan Native (includes Hispanic),
48,Texas,48193,Hamilton,2016,2020,White (includes Hispanic),15.5
48,Texas,48195,Hansford,2011,2015,Asian/Pacific Islander (includes Hispanic),
48,Texas,48195,Hansford,2011,2015,Black (includes Hispanic),
48,Texas,48195,Hansford,2011,2015,Hispanic (all races),
48,Texas,48195,Hansford,2011,2015,American Indian/Alaskan Native (includes Hispanic),
48,Texas,48195,Hansford,2011,2015,White (includes Hispanic),13.2
48,Texas,48195,Hansford,2012,2016,Asian/Pacific Islander (includes Hispanic),
48,Texas,48195,Hansford,2012,2016,Black (includes Hispanic),
48,Texas,48195,Hansford,2012,2016,Hispanic (all races),
48,Texas,48195,Hansford,2012,2016,American Indian/Alaskan Native (includes Hispanic),
48,Texas,48195,Hansford,2012,2016,White (includes Hispanic),12.4
48,Texas,48195,Hansford,2013,2017,Asian/Pacific Islander (includes Hispanic),
48,Texas,48195,Hansford,2013,2017,Black (includes Hispanic),
48,Texas,48195,Hansford,2013,2017,Hispanic (all races),
48,Texas,48195,Hansford,2013,2017,American Indian/Alaskan Native (includes Hispanic),
48,Texas,48195,Hansford,2013,2017,White (includes Hispanic),13.6
48,Texas,48195,Hansford,2014,2018,Asian/Pacific Islander (includes Hispanic),
48,Texas,48195,Hansford,2014,2018,Black (includes Hispanic),
48,Texas,48195,Hansford,2014,2018,Hispanic (all races),
48,Texas,48195,Hansford,2014,2018,American Indian/Alaskan Native (includes Hispanic),
48,Texas,48195,Hansford,2014,2018,White (includes Hispanic),15.8
48,Texas,48195,Hansford,2015,2019,Asian/Pacific Islander (includes Hispanic),
48,Texas,48195,Hansford,2015,2019,Black (includes Hispanic),
48,Texas,48195,Hansford,2015,2019,Hispanic (all races),
48,Texas,48195,Hansford,2015,2019,American Indian/Alaskan Native (includes Hispanic),
48,Texas,48195,Hansford,2015,2019,White (includes Hispanic),14.8
48,Texas,48195,Hansford,2016,2020,Asian/Pacific Islander (includes Hispanic),
48,Texas,48195,Hansford,2016,2020,Black (includes Hispanic),
48,Texas,48195,Hansford,2016,2020,Hispanic (all races),
48,Texas,48195,Hansford,2016,2020,American Indian/Alaskan Native (includes Hispanic),
48,Texas,48195,Hansford,2016,2020,White (includes Hispanic),15.7
48,Texas,48197,Hardeman,2011,2015,Asian/Pacific Islander (includes Hispanic),
48,Texas,48197,Hardeman,2011,2015,Black (includes Hispanic),
48,Texas,48197,Hardeman,2011,2015,Hispanic (all races),
48,Texas,48197,Hardeman,2011,2015,American Indian/Alaskan Native (includes Hispanic),
48,Texas,48197,Hardeman,2011,2015,White (includes Hispanic),
48,Texas,48197,Hardeman,2012,2016,Asian/Pacific Islander (includes Hispanic),
48,Texas,48197,Hardeman,2012,2016,Black (includes Hispanic),
48,Texas,48197,Hardeman,2012,2016,Hispanic (all races),
48,Texas,48197,Hardeman,2012,2016,American Indian/Alaskan Native (includes Hispanic),
48,Texas,48197,Hardeman,2012,2016,White (includes Hispanic),
48,Texas,48197,Hardeman,2013,2017,Asian/Pacific Islander (includes Hispanic),
48,Texas,48197,Hardeman,2013,2017,Black (includes Hispanic),
48,Texas,48197,Hardeman,2013,2017,Hispanic (all races),
48,Texas,48197,Hardeman,2013,2017,American Indian/Alaskan Native (includes Hispanic),
48,Texas,48197,Hardeman,2013,2017,White (includes Hispanic),
48,Texas,48197,Hardeman,2014,2018,Asian/Pacific Islander (includes Hispanic),
48,Texas,48197,Hardeman,2014,2018,Black (includes Hispanic),
48,Texas,48197,Hardeman,2014,2018,Hispanic (all races),
48,Texas,48197,Hardeman,2014,2018,American Indian/Alaskan Native (includes Hispanic),
48,Texas,48197,Hardeman,2014,2018,White (includes Hispanic),
48,Texas,48197,Hardeman,2015,2019,Asian/Pacific Islander (includes Hispanic),
48,Texas,48197,Hardeman,2015,2019,Black (includes Hispanic),
48,Texas,48197,Hardeman,2015,2019,Hispanic (all races),
48,Texas,48197,Hardeman,2015,2019,American Indian/Alaskan Native (includes Hispanic),
48,Texas,48197,Hardeman,2015,2019,White (includes Hispanic),
48,Texas,48197,Hardeman,2016,2020,Asian/Pacific Islander (includes Hispanic),
48,Texas,48197,Hardeman,2016,2020,Black (includes Hispanic),
48,Texas,48197,Hardeman,2016,2020,Hispanic (all races),
48,Texas,48197,Hardeman,2016,2020,American Indian/Alaskan Native (includes Hispanic),
48,Texas,48197,Hardeman,2016,2020,White (includes Hispanic),
48,Texas,48199,Hardin,2011,2015,Asian/Pacific Islander (includes Hispanic),
48,Texas,48199,Hardin,2011,2015,Black (includes Hispanic),7.7
48,Texas,48199,Hardin,2011,2015,Hispanic (all races),
48,Texas,48199,Hardin,2011,2015,American Indian/Alaskan Native (includes Hispanic),
48,Texas,48199,Hardin,2011,2015,White (includes Hispanic),9.4
48,Texas,48199,Hardin,2012,2016,Asian/Pacific Islander (includes Hispanic),
48,Texas,48199,Hardin,2012,2016,Black (includes Hispanic),9.3
48,Texas,48199,Hardin,2012,2016,Hispanic (all races),
48,Texas,48199,Hardin,2012,2016,American Indian/Alaskan Native (includes Hispanic),
48,Texas,48199,Hardin,2012,2016,White (includes Hispanic),9.5
48,Texas,48199,Hardin,2013,2017,Asian/Pacific Islander (includes Hispanic),
48,Texas,48199,Hardin,2013,2017,Black (includes Hispanic),10.5
48,Texas,48199,Hardin,2013,2017,Hispanic (all races),
48,Texas,48199,Hardin,2013,2017,American Indian/Alaskan Native (includes Hispanic),
48,Texas,48199,Hardin,2013,2017,White (includes Hispanic),11.5
48,Texas,48199,Hardin,2014,2018,Asian/Pacific Islander (includes Hispanic),
48,Texas,48199,Hardin,2014,2018,Black (includes Hispanic),10.0
48,Texas,48199,Hardin,2014,2018,Hispanic (all races),12.9
48,Texas,48199,Hardin,2014,2018,American Indian/Alaskan Native (includes Hispanic),
48,Texas,48199,Hardin,2014,2018,White (includes Hispanic),12.7
48,Texas,48199,Hardin,2015,2019,Asian/Pacific Islander (includes Hispanic),
48,Texas,48199,Hardin,2015,2019,Black (includes Hispanic),10.3
48,Texas,48199,Hardin,2015,2019,Hispanic (all races),15.0
48,Texas,48199,Hardin,2015,2019,American Indian/Alaskan Native (includes Hispanic),
48,Texas,48199,Hardin,2015,2019,White (includes Hispanic),13.0
48,Texas,48199,Hardin,2016,2020,Asian/Pacific Islander (includes Hispanic),
48,Texas,48199,Hardin,2016,2020,Black (includes Hispanic),11.7
48,Texas,48199,Hardin,2016,2020,Hispanic (all races),14.0
48,Texas,48199,Hardin,2016,2020,American Indian/Alaskan Native (includes Hispanic),
48,Texas,48199,Hardin,2016,2020,White (includes Hispanic),13.4
48,Texas,48201,Harris,2011,2015,Asian/Pacific Islander (includes Hispanic),4.9
48,Texas,48201,Harris,2011,2015,Black (includes Hispanic),11.3
48,Texas,48201,Harris,2011,2015,Hispanic (all races),13.2
48,Texas,48201,Harris,2011,2015,American Indian/Alaskan Native (includes Hispanic),
48,Texas,48201,Harris,2011,2015,White (includes Hispanic),10.2
48,Texas,48201,Harris,2012,2016,Asian/Pacific Islander (includes Hispanic),5.4
48,Texas,48201,Harris,2012,2016,Black (includes Hispanic),10.9
48,Texas,48201,Harris,2012,2016,Hispanic (all races),13.1
48,Texas,48201,Harris,2012,2016,American Indian/Alaskan Native (includes Hispanic),
48,Texas,48201,Harris,2012,2016,White (includes Hispanic),10.2
48,Texas,48201,Harris,2013,2017,Asian/Pacific Islander (includes Hispanic),5.9
48,Texas,48201,Harris,2013,2017,Black (includes Hispanic),9.4
48,Texas,48201,Harris,2013,2017,Hispanic (all races),13.0
48,Texas,48201,Harris,2013,2017,American Indian/Alaskan Native (includes Hispanic),
48,Texas,48201,Harris,2013,2017,White (includes Hispanic),10.1
48,Texas,48201,Harris,2014,2018,Asian/Pacific Islander (includes Hispanic),6.3
48,Texas,48201,Harris,2014,2018,Black (includes Hispanic),9.3
48,Texas,48201,Harris,2014,2018,Hispanic (all races),13.0
48,Texas,48201,Harris,2014,2018,American Indian/Alaskan Native (includes Hispanic),
48,Texas,48201,Harris,2014,2018,White (includes Hispanic),10.1
48,Texas,48201,Harris,2015,2019,Asian/Pacific Islander (includes Hispanic),6.5
48,Texas,48201,Harris,2015,2019,Black (includes Hispanic),9.2
48,Texas,48201,Harris,2015,2019,Hispanic (all races),12.3
48,Texas,48201,Harris,2015,2019,American Indian/Alaskan Native (includes Hispanic),
48,Texas,48201,Harris,2015,2019,White (includes Hispanic),9.8
48,Texas,48201,Harris,2016,2020,Asian/Pacific Islander (includes Hispanic),6.3
48,Texas,48201,Harris,2016,2020,Black (includes Hispanic),8.7
48,Texas,48201,Harris,2016,2020,Hispanic (all races),12.1
48,Texas,48201,Harris,2016,2020,American Indian/Alaskan Native (includes Hispanic),
48,Texas,48201,Harris,2016,2020,White (includes Hispanic),9.6
48,Texas,48203,Harrison,2011,2015,Asian/Pacific Islander (includes Hispanic),
48,Texas,48203,Harrison,2011,2015,Black (includes Hispanic),11.7
48,Texas,48203,Harrison,2011,2015,Hispanic (all races),
48,Texas,48203,Harrison,2011,2015,American Indian/Alaskan Native (includes Hispanic),
48,Texas,48203,Harrison,2011,2015,White (includes Hispanic),8.8
48,Texas,48203,Harrison,2012,2016,Asian/Pacific Islander (includes Hispanic),
48,Texas,48203,Harrison,2012,2016,Black (includes Hispanic),11.1
48,Texas,48203,Harrison,2012,2016,Hispanic (all races),
48,Texas,48203,Harrison,2012,2016,American Indian/Alaskan Native (includes Hispanic),
48,Texas,48203,Harrison,2012,2016,White (includes Hispanic),7.9
48,Texas,48203,Harrison,2013,2017,Asian/Pacific Islander (includes Hispanic),
48,Texas,48203,Harrison,2013,2017,Black (includes Hispanic),11.3
48,Texas,48203,Harrison,2013,2017,Hispanic (all races),
48,Texas,48203,Harrison,2013,2017,American Indian/Alaskan Native (includes Hispanic),
48,Texas,48203,Harrison,2013,2017,White (includes Hispanic),8.2
48,Texas,48203,Harrison,2014,2018,Asian/Pacific Islander (includes Hispanic),
48,Texas,48203,Harrison,2014,2018,Black (includes Hispanic),9.6
48,Texas,48203,Harrison,2014,2018,Hispanic (all races),
48,Texas,48203,Harrison,2014,2018,American Indian/Alaskan Native (includes Hispanic),
48,Texas,48203,Harrison,2014,2018,White (includes Hispanic),9.7
48,Texas,48203,Harrison,2015,2019,Asian/Pacific Islander (includes Hispanic),
48,Texas,48203,Harrison,2015,2019,Black (includes Hispanic),9.9
48,Texas,48203,Harrison,2015,2019,Hispanic (all races),
48,Texas,48203,Harrison,2015,2019,American Indian/Alaskan Native (includes Hispanic),
48,Texas,48203,Harrison,2015,2019,White (includes Hispanic),9.4
48,Texas,48203,Harrison,2016,2020,Asian/Pacific Islander (includes Hispanic),
48,Texas,48203,Harrison,2016,2020,Black (includes Hispanic),9.8
48,Texas,48203,Harrison,2016,2020,Hispanic (all races),
48,Texas,48203,Harrison,2016,2020,American Indian/Alaskan Native (includes Hispanic),
48,Texas,48203,Harrison,2016,2020,White (includes Hispanic),9.1
48,Texas,48205,Hartley,2011,2015,Asian/Pacific Islander (includes Hispanic),
48,Texas,48205,Hartley,2011,2015,Black (includes Hispanic),
48,Texas,48205,Hartley,2011,2015,Hispanic (all races),
48,Texas,48205,Hartley,2011,2015,American Indian/Alaskan Native (includes Hispanic),
48,Texas,48205,Hartley,2011,2015,White (includes Hispanic),
48,Texas,48205,Hartley,2012,2016,Asian/Pacific Islander (includes Hispanic),
48,Texas,48205,Hartley,2012,2016,Black (includes Hispanic),
48,Texas,48205,Hartley,2012,2016,Hispanic (all races),
48,Texas,48205,Hartley,2012,2016,American Indian/Alaskan Native (includes Hispanic),
48,Texas,48205,Hartley,2012,2016,White (includes Hispanic),
48,Texas,48205,Hartley,2013,2017,Asian/Pacific Islander (includes Hispanic),
48,Texas,48205,Hartley,2013,2017,Black (includes Hispanic),
48,Texas,48205,Hartley,2013,2017,Hispanic (all races),
48,Texas,48205,Hartley,2013,2017,American Indian/Alaskan Native (includes Hispanic),
48,Texas,48205,Hartley,2013,2017,White (includes Hispanic),
48,Texas,48205,Hartley,2014,2018,Asian/Pacific Islander (includes Hispanic),
48,Texas,48205,Hartley,2014,2018,Black (includes Hispanic),
48,Texas,48205,Hartley,2014,2018,Hispanic (all races),
48,Texas,48205,Hartley,2014,2018,American Indian/Alaskan Native (includes Hispanic),
48,Texas,48205,Hartley,2014,2018,White (includes Hispanic),
48,Texas,48205,Hartley,2015,2019,Asian/Pacific Islander (includes Hispanic),
48,Texas,48205,Hartley,2015,2019,Black (includes Hispanic),
48,Texas,48205,Hartley,2015,2019,Hispanic (all races),
48,Texas,48205,Hartley,2015,2019,American Indian/Alaskan Native (includes Hispanic),
48,Texas,48205,Hartley,2015,2019,White (includes Hispanic),
48,Texas,48205,Hartley,2016,2020,Asian/Pacific Islander (includes Hispanic),
48,Texas,48205,Hartley,2016,2020,Black (includes Hispanic),
48,Texas,48205,Hartley,2016,2020,Hispanic (all races),
48,Texas,48205,Hartley,2016,2020,American Indian/Alaskan Native (includes Hispanic),
48,Texas,48205,Hartley,2016,2020,White (includes Hispanic),
48,Texas,48207,Haskell,2011,2015,Asian/Pacific Islander (includes Hispanic),
48,Texas,48207,Haskell,2011,2015,Black (includes Hispanic),
48,Texas,48207,Haskell,2011,2015,Hispanic (all races),
48,Texas,48207,Haskell,2011,2015,American Indian/Alaskan Native (includes Hispanic),
48,Texas,48207,Haskell,2011,2015,White (includes Hispanic),
48,Texas,48207,Haskell,2012,2016,Asian/Pacific Islander (includes Hispanic),
48,Texas,48207,Haskell,2012,2016,Black (includes Hispanic),
48,Texas,48207,Haskell,2012,2016,Hispanic (all races),
48,Texas,48207,Haskell,2012,2016,American Indian/Alaskan Native (includes Hispanic),
48,Texas,48207,Haskell,2012,2016,White (includes Hispanic),
48,Texas,48207,Haskell,2013,2017,Asian/Pacific Islander (includes Hispanic),
48,Texas,48207,Haskell,2013,2017,Black (includes Hispanic),
48,Texas,48207,Haskell,2013,2017,Hispanic (all races),
48,Texas,48207,Haskell,2013,2017,American Indian/Alaskan Native (includes Hispanic),
48,Texas,48207,Haskell,2013,2017,White (includes Hispanic),
48,Texas,48207,Haskell,2014,2018,Asian/Pacific Islander (includes Hispanic),
48,Texas,48207,Haskell,2014,2018,Black (includes Hispanic),
48,Texas,48207,Haskell,2014,2018,Hispanic (all races),
48,Texas,48207,Haskell,2014,2018,American Indian/Alaskan Native (includes Hispanic),
48,Texas,48207,Haskell,2014,2018,White (includes Hispanic),
48,Texas,48207,Haskell,2015,2019,Asian/Pacific Islander (includes Hispanic),
48,Texas,48207,Haskell,2015,2019,Black (includes Hispanic),
48,Texas,48207,Haskell,2015,2019,Hispanic (all races),
48,Texas,48207,Haskell,2015,2019,American Indian/Alaskan Native (includes Hispanic),
48,Texas,48207,Haskell,2015,2019,White (includes Hispanic),
48,Texas,48207,Haskell,2016,2020,Asian/Pacific Islander (includes Hispanic),
48,Texas,48207,Haskell,2016,2020,Black (includes Hispanic),
48,Texas,48207,Haskell,2016,2020,Hispanic (all races),
48,Texas,48207,Haskell,2016,2020,American Indian/Alaskan Native (includes Hispanic),
48,Texas,48207,Haskell,2016,2020,White (includes Hispanic),
48,Texas,48209,Hays,2011,2015,Asian/Pacific Islander (includes Hispanic),
48,Texas,48209,Hays,2011,2015,Black (includes Hispanic),
48,Texas,48209,Hays,2011,2015,Hispanic (all races),11.2
48,Texas,48209,Hays,2011,2015,American Indian/Alaskan Native (includes Hispanic),
48,Texas,48209,Hays,2011,2015,White (includes Hispanic),8.2
48,Texas,48209,Hays,2012,2016,Asian/Pacific Islander (includes Hispanic),
48,Texas,48209,Hays,2012,2016,Black (includes Hispanic),6.9
48,Texas,48209,Hays,2012,2016,Hispanic (all races),10.4
48,Texas,48209,Hays,2012,2016,American Indian/Alaskan Native (includes Hispanic),
48,Texas,48209,Hays,2012,2016,White (includes Hispanic),8.1
48,Texas,48209,Hays,2013,2017,Asian/Pacific Islander (includes Hispanic),
48,Texas,48209,Hays,2013,2017,Black (includes Hispanic),
48,Texas,48209,Hays,2013,2017,Hispanic (all races),10.0
48,Texas,48209,Hays,2013,2017,American Indian/Alaskan Native (includes Hispanic),
48,Texas,48209,Hays,2013,2017,White (includes Hispanic),8.1
48,Texas,48209,Hays,2014,2018,Asian/Pacific Islander (includes Hispanic),
48,Texas,48209,Hays,2014,2018,Black (includes Hispanic),6.1
48,Texas,48209,Hays,2014,2018,Hispanic (all races),10.0
48,Texas,48209,Hays,2014,2018,American Indian/Alaskan Native (includes Hispanic),
48,Texas,48209,Hays,2014,2018,White (includes Hispanic),7.9
48,Texas,48209,Hays,2015,2019,Asian/Pacific Islander (includes Hispanic),
48,Texas,48209,Hays,2015,2019,Black (includes Hispanic),6.9
48,Texas,48209,Hays,2015,2019,Hispanic (all races),9.6
48,Texas,48209,Hays,2015,2019,American Indian/Alaskan Native (includes Hispanic),
48,Texas,48209,Hays,2015,2019,White (includes Hispanic),8.0
48,Texas,48209,Hays,2016,2020,Asian/Pacific Islander (includes Hispanic),
48,Texas,48209,Hays,2016,2020,Black (includes Hispanic),5.9
48,Texas,48209,Hays,2016,2020,Hispanic (all races),9.0
48,Texas,48209,Hays,2016,2020,American Indian/Alaskan Native (includes Hispanic),
48,Texas,48209,Hays,2016,2020,White (includes Hispanic),7.5
48,Texas,48211,Hemphill,2011,2015,Asian/Pacific Islander (includes Hispanic),
48,Texas,48211,Hemphill,2011,2015,Black (includes Hispanic),
48,Texas,48211,Hemphill,2011,2015,Hispanic (all races),
48,Texas,48211,Hemphill,2011,2015,American Indian/Alaskan Native (includes Hispanic),
48,Texas,48211,Hemphill,2011,2015,White (includes Hispanic),
48,Texas,48211,Hemphill,2012,2016,Asian/Pacific Islander (includes Hispanic),
48,Texas,48211,Hemphill,2012,2016,Black (includes Hispanic),
48,Texas,48211,Hemphill,2012,2016,Hispanic (all races),
48,Texas,48211,Hemphill,2012,2016,American Indian/Alaskan Native (includes Hispanic),
48,Texas,48211,Hemphill,2012,2016,White (includes Hispanic),
48,Texas,48211,Hemphill,2013,2017,Asian/Pacific Islander (includes Hispanic),
48,Texas,48211,Hemphill,2013,2017,Black (includes Hispanic),
48,Texas,48211,Hemphill,2013,2017,Hispanic (all races),
48,Texas,48211,Hemphill,2013,2017,American Indian/Alaskan Native (includes Hispanic),
48,Texas,48211,Hemphill,2013,2017,White (includes Hispanic),
48,Texas,48211,Hemphill,2014,2018,Asian/Pacific Islander (includes Hispanic),
48,Texas,48211,Hemphill,2014,2018,Black (includes Hispanic),
48,Texas,48211,Hemphill,2014,2018,Hispanic (all races),
48,Texas,48211,Hemphill,2014,2018,American Indian/Alaskan Native (includes Hispanic),
48,Texas,48211,Hemphill,2014,2018,White (includes Hispanic),
48,Texas,48211,Hemphill,2015,2019,Asian/Pacific Islander (includes Hispanic),
48,Texas,48211,Hemphill,2015,2019,Black (includes Hispanic),
48,Texas,48211,Hemphill,2015,2019,Hispanic (all races),
48,Texas,48211,Hemphill,2015,2019,American Indian/Alaskan Native (includes Hispanic),
48,Texas,48211,Hemphill,2015,2019,White (includes Hispanic),
48,Texas,48211,Hemphill,2016,2020,Asian/Pacific Islander (includes Hispanic),
48,Texas,48211,Hemphill,2016,2020,Black (includes Hispanic),
48,Texas,48211,Hemphill,2016,2020,Hispanic (all races),
48,Texas,48211,Hemphill,2016,2020,American Indian/Alaskan Native (includes Hispanic),
48,Texas,48211,Hemphill,2016,2020,White (includes Hispanic),
48,Texas,48213,Henderson,2011,2015,Asian/Pacific Islander (includes Hispanic),
48,Texas,48213,Henderson,2011,2015,Black (includes Hispanic),6.9
48,Texas,48213,Henderson,2011,2015,Hispanic (all races),7.0
48,Texas,48213,Henderson,2011,2015,American Indian/Alaskan Native (includes Hispanic),
48,Texas,48213,Henderson,2011,2015,White (includes Hispanic),10.3
48,Texas,48213,Henderson,2012,2016,Asian/Pacific Islander (includes Hispanic),
48,Texas,48213,Henderson,2012,2016,Black (includes Hispanic),8.5
48,Texas,48213,Henderson,2012,2016,Hispanic (all races),7.6
48,Texas,48213,Henderson,2012,2016,American Indian/Alaskan Native (includes Hispanic),
48,Texas,48213,Henderson,2012,2016,White (includes Hispanic),10.4
48,Texas,48213,Henderson,2013,2017,Asian/Pacific Islander (includes Hispanic),
48,Texas,48213,Henderson,2013,2017,Black (includes Hispanic),7.0
48,Texas,48213,Henderson,2013,2017,Hispanic (all races),9.3
48,Texas,48213,Henderson,2013,2017,American Indian/Alaskan Native (includes Hispanic),
48,Texas,48213,Henderson,2013,2017,White (includes Hispanic),10.6
48,Texas,48213,Henderson,2014,2018,Asian/Pacific Islander (includes Hispanic),
48,Texas,48213,Henderson,2014,2018,Black (includes Hispanic),8.3
48,Texas,48213,Henderson,2014,2018,Hispanic (all races),10.0
48,Texas,48213,Henderson,2014,2018,American Indian/Alaskan Native (includes Hispanic),
48,Texas,48213,Henderson,2014,2018,White (includes Hispanic),11.0
48,Texas,48213,Henderson,2015,2019,Asian/Pacific Islander (includes Hispanic),
48,Texas,48213,Henderson,2015,2019,Black (includes Hispanic),9.3
48,Texas,48213,Henderson,2015,2019,Hispanic (all races),8.5
48,Texas,48213,Henderson,2015,2019,American Indian/Alaskan Native (includes Hispanic),
48,Texas,48213,Henderson,2015,2019,White (includes Hispanic),10.4
48,Texas,48213,Henderson,2016,2020,Asian/Pacific Islander (includes Hispanic),
48,Texas,48213,Henderson,2016,2020,Black (includes Hispanic),9.4
48,Texas,48213,Henderson,2016,2020,Hispanic (all races),9.2
48,Texas,48213,Henderson,2016,2020,American Indian/Alaskan Native (includes Hispanic),
48,Texas,48213,Henderson,2016,2020,White (includes Hispanic),10.3
48,Texas,48215,Hidalgo,2011,2015,Asian/Pacific Islander (includes Hispanic),
48,Texas,48215,Hidalgo,2011,2015,Black (includes Hispanic),
48,Texas,48215,Hidalgo,2011,2015,Hispanic (all races),13.7
48,Texas,48215,Hidalgo,2011,2015,American Indian/Alaskan Native (includes Hispanic),
48,Texas,48215,Hidalgo,2011,2015,White (includes Hispanic),12.9
48,Texas,48215,Hidalgo,2012,2016,Asian/Pacific Islander (includes Hispanic),
48,Texas,48215,Hidalgo,2012,2016,Black (includes Hispanic),
48,Texas,48215,Hidalgo,2012,2016,Hispanic (all races),13.5
48,Texas,48215,Hidalgo,2012,2016,American Indian/Alaskan Native (includes Hispanic),
48,Texas,48215,Hidalgo,2012,2016,White (includes Hispanic),12.8
48,Texas,48215,Hidalgo,2013,2017,Asian/Pacific Islander (includes Hispanic),
48,Texas,48215,Hidalgo,2013,2017,Black (includes Hispanic),
48,Texas,48215,Hidalgo,2013,2017,Hispanic (all races),13.5
48,Texas,48215,Hidalgo,2013,2017,American Indian/Alaskan Native (includes Hispanic),
48,Texas,48215,Hidalgo,2013,2017,White (includes Hispanic),12.8
48,Texas,48215,Hidalgo,2014,2018,Asian/Pacific Islander (includes Hispanic),
48,Texas,48215,Hidalgo,2014,2018,Black (includes Hispanic),
48,Texas,48215,Hidalgo,2014,2018,Hispanic (all races),13.9
48,Texas,48215,Hidalgo,2014,2018,American Indian/Alaskan Native (includes Hispanic),
48,Texas,48215,Hidalgo,2014,2018,White (includes Hispanic),13.2
48,Texas,48215,Hidalgo,2015,2019,Asian/Pacific Islander (includes Hispanic),
48,Texas,48215,Hidalgo,2015,2019,Black (includes Hispanic),
48,Texas,48215,Hidalgo,2015,2019,Hispanic (all races),14.3
48,Texas,48215,Hidalgo,2015,2019,American Indian/Alaskan Native (includes Hispanic),
48,Texas,48215,Hidalgo,2015,2019,White (includes Hispanic),13.7
48,Texas,48215,Hidalgo,2016,2020,Asian/Pacific Islander (includes Hispanic),
48,Texas,48215,Hidalgo,2016,2020,Black (includes Hispanic),
48,Texas,48215,Hidalgo,2016,2020,Hispanic (all races),12.8
48,Texas,48215,Hidalgo,2016,2020,American Indian/Alaskan Native (includes Hispanic),
48,Texas,48215,Hidalgo,2016,2020,White (includes Hispanic),12.3
48,Texas,48217,Hill,2011,2015,Asian/Pacific Islander (includes Hispanic),
48,Texas,48217,Hill,2011,2015,Black (includes Hispanic),13.8
48,Texas,48217,Hill,2011,2015,Hispanic (all races),6.5
48,Texas,48217,Hill,2011,2015,American Indian/Alaskan Native (includes Hispanic),
48,Texas,48217,Hill,2011,2015,White (includes Hispanic),8.7
48,Texas,48217,Hill,2012,2016,Asian/Pacific Islander (includes Hispanic),
48,Texas,48217,Hill,2012,2016,Black (includes Hispanic),11.7
48,Texas,48217,Hill,2012,2016,Hispanic (all races),7.0
48,Texas,48217,Hill,2012,2016,American Indian/Alaskan Native (includes Hispanic),
48,Texas,48217,Hill,2012,2016,White (includes Hispanic),9.4
48,Texas,48217,Hill,2013,2017,Asian/Pacific Islander (includes Hispanic),
48,Texas,48217,Hill,2013,2017,Black (includes Hispanic),10.8
48,Texas,48217,Hill,2013,2017,Hispanic (all races),7.5
48,Texas,48217,Hill,2013,2017,American Indian/Alaskan Native (includes Hispanic),
48,Texas,48217,Hill,2013,2017,White (includes Hispanic),9.9
48,Texas,48217,Hill,2014,2018,Asian/Pacific Islander (includes Hispanic),
48,Texas,48217,Hill,2014,2018,Black (includes Hispanic),10.2
48,Texas,48217,Hill,2014,2018,Hispanic (all races),9.4
48,Texas,48217,Hill,2014,2018,American Indian/Alaskan Native (includes Hispanic),
48,Texas,48217,Hill,2014,2018,White (includes Hispanic),10.7
48,Texas,48217,Hill,2015,2019,Asian/Pacific Islander (includes Hispanic),
48,Texas,48217,Hill,2015,2019,Black (includes Hispanic),
48,Texas,48217,Hill,2015,2019,Hispanic (all races),12.1
48,Texas,48217,Hill,2015,2019,American Indian/Alaskan Native (includes Hispanic),
48,Texas,48217,Hill,2015,2019,White (includes Hispanic),11.0
48,Texas,48217,Hill,2016,2020,Asian/Pacific Islander (includes Hispanic),
48,Texas,48217,Hill,2016,2020,Black (includes Hispanic),
48,Texas,48217,Hill,2016,2020,Hispanic (all races),12.2
48,Texas,48217,Hill,2016,2020,American Indian/Alaskan Native (includes Hispanic),
48,Texas,48217,Hill,2016,2020,White (includes Hispanic),11.1
48,Texas,48219,Hockley,2011,2015,Asian/Pacific Islander (includes Hispanic),
48,Texas,48219,Hockley,2011,2015,Black (includes Hispanic),
48,Texas,48219,Hockley,2011,2015,Hispanic (all races),16.2
48,Texas,48219,Hockley,2011,2015,American Indian/Alaskan Native (includes Hispanic),
48,Texas,48219,Hockley,2011,2015,White (includes Hispanic),10.4
48,Texas,48219,Hockley,2012,2016,Asian/Pacific Islander (includes Hispanic),
48,Texas,48219,Hockley,2012,2016,Black (includes Hispanic),
48,Texas,48219,Hockley,2012,2016,Hispanic (all races),16.4
48,Texas,48219,Hockley,2012,2016,American Indian/Alaskan Native (includes Hispanic),
48,Texas,48219,Hockley,2012,2016,White (includes Hispanic),11.2
48,Texas,48219,Hockley,2013,2017,Asian/Pacific Islander (includes Hispanic),
48,Texas,48219,Hockley,2013,2017,Black (includes Hispanic),
48,Texas,48219,Hockley,2013,2017,Hispanic (all races),17.0
48,Texas,48219,Hockley,2013,2017,American Indian/Alaskan Native (includes Hispanic),
48,Texas,48219,Hockley,2013,2017,White (includes Hispanic),11.8
48,Texas,48219,Hockley,2014,2018,Asian/Pacific Islander (includes Hispanic),
48,Texas,48219,Hockley,2014,2018,Black (includes Hispanic),
48,Texas,48219,Hockley,2014,2018,Hispanic (all races),16.5
48,Texas,48219,Hockley,2014,2018,American Indian/Alaskan Native (includes Hispanic),
48,Texas,48219,Hockley,2014,2018,White (includes Hispanic),11.4
48,Texas,48219,Hockley,2015,2019,Asian/Pacific Islander (includes Hispanic),
48,Texas,48219,Hockley,2015,2019,Black (includes Hispanic),
48,Texas,48219,Hockley,2015,2019,Hispanic (all races),14.9
48,Texas,48219,Hockley,2015,2019,American Indian/Alaskan Native (includes Hispanic),
48,Texas,48219,Hockley,2015,2019,White (includes Hispanic),11.5
48,Texas,48219,Hockley,2016,2020,Asian/Pacific Islander (includes Hispanic),
48,Texas,48219,Hockley,2016,2020,Black (includes Hispanic),
48,Texas,48219,Hockley,2016,2020,Hispanic (all races),15.3
48,Texas,48219,Hockley,2016,2020,American Indian/Alaskan Native (includes Hispanic),
48,Texas,48219,Hockley,2016,2020,White (includes Hispanic),11.4
48,Texas,48221,Hood,2011,2015,Asian/Pacific Islander (includes Hispanic),
48,Texas,48221,Hood,2011,2015,Black (includes Hispanic),
48,Texas,48221,Hood,2011,2015,Hispanic (all races),
48,Texas,48221,Hood,2011,2015,American Indian/Alaskan Native (includes Hispanic),
48,Texas,48221,Hood,2011,2015,White (includes Hispanic),8.9
48,Texas,48221,Hood,2012,2016,Asian/Pacific Islander (includes Hispanic),
48,Texas,48221,Hood,2012,2016,Black (includes Hispanic),
48,Texas,48221,Hood,2012,2016,Hispanic (all races),
48,Texas,48221,Hood,2012,2016,American Indian/Alaskan Native (includes Hispanic),
48,Texas,48221,Hood,2012,2016,White (includes Hispanic),9.4
48,Texas,48221,Hood,2013,2017,Asian/Pacific Islander (includes Hispanic),
48,Texas,48221,Hood,2013,2017,Black (includes Hispanic),
48,Texas,48221,Hood,2013,2017,Hispanic (all races),
48,Texas,48221,Hood,2013,2017,American Indian/Alaskan Native (includes Hispanic),
48,Texas,48221,Hood,2013,2017,White (includes Hispanic),9.8
48,Texas,48221,Hood,2014,2018,Asian/Pacific Islander (includes Hispanic),
48,Texas,48221,Hood,2014,2018,Black (includes Hispanic),
48,Texas,48221,Hood,2014,2018,Hispanic (all races),
48,Texas,48221,Hood,2014,2018,American Indian/Alaskan Native (includes Hispanic),
48,Texas,48221,Hood,2014,2018,White (includes Hispanic),10.4
48,Texas,48221,Hood,2015,2019,Asian/Pacific Islander (includes Hispanic),
48,Texas,48221,Hood,2015,2019,Black (includes Hispanic),
48,Texas,48221,Hood,2015,2019,Hispanic (all races),
48,Texas,48221,Hood,2015,2019,American Indian/Alaskan Native (includes Hispanic),
48,Texas,48221,Hood,2015,2019,White (includes Hispanic),9.6
48,Texas,48221,Hood,2016,2020,Asian/Pacific Islander (includes Hispanic),
48,Texas,48221,Hood,2016,2020,Black (includes Hispanic),
48,Texas,48221,Hood,2016,2020,Hispanic (all races),12.0
48,Texas,48221,Hood,2016,2020,American Indian/Alaskan Native (includes Hispanic),
48,Texas,48221,Hood,2016,2020,White (includes Hispanic),10.6
48,Texas,48223,Hopkins,2011,2015,Asian/Pacific Islander (includes Hispanic),
48,Texas,48223,Hopkins,2011,2015,Black (includes Hispanic),
48,Texas,48223,Hopkins,2011,2015,Hispanic (all races),
48,Texas,48223,Hopkins,2011,2015,American Indian/Alaskan Native (includes Hispanic),
48,Texas,48223,Hopkins,2011,2015,White (includes Hispanic),8.5
48,Texas,48223,Hopkins,2012,2016,Asian/Pacific Islander (includes Hispanic),
48,Texas,48223,Hopkins,2012,2016,Black (includes Hispanic),
48,Texas,48223,Hopkins,2012,2016,Hispanic (all races),
48,Texas,48223,Hopkins,2012,2016,American Indian/Alaskan Native (includes Hispanic),
48,Texas,48223,Hopkins,2012,2016,White (includes Hispanic),8.1
48,Texas,48223,Hopkins,2013,2017,Asian/Pacific Islander (includes Hispanic),
48,Texas,48223,Hopkins,2013,2017,Black (includes Hispanic),
48,Texas,48223,Hopkins,2013,2017,Hispanic (all races),
48,Texas,48223,Hopkins,2013,2017,American Indian/Alaskan Native (includes Hispanic),
48,Texas,48223,Hopkins,2013,2017,White (includes Hispanic),9.8
48,Texas,48223,Hopkins,2014,2018,Asian/Pacific Islander (includes Hispanic),
48,Texas,48223,Hopkins,2014,2018,Black (includes Hispanic),
48,Texas,48223,Hopkins,2014,2018,Hispanic (all races),
48,Texas,48223,Hopkins,2014,2018,American Indian/Alaskan Native (includes Hispanic),
48,Texas,48223,Hopkins,2014,2018,White (includes Hispanic),9.1
48,Texas,48223,Hopkins,2015,2019,Asian/Pacific Islander (includes Hispanic),
48,Texas,48223,Hopkins,2015,2019,Black (includes Hispanic),
48,Texas,48223,Hopkins,2015,2019,Hispanic (all races),
48,Texas,48223,Hopkins,2015,2019,American Indian/Alaskan Native (includes Hispanic),
48,Texas,48223,Hopkins,2015,2019,White (includes Hispanic),10.1
48,Texas,48223,Hopkins,2016,2020,Asian/Pacific Islander (includes Hispanic),
48,Texas,48223,Hopkins,2016,2020,Black (includes Hispanic),
48,Texas,48223,Hopkins,2016,2020,Hispanic (all races),
48,Texas,48223,Hopkins,2016,2020,American Indian/Alaskan Native (includes Hispanic),
48,Texas,48223,Hopkins,2016,2020,White (includes Hispanic),8.2
48,Texas,48225,Houston,2011,2015,Asian/Pacific Islander (includes Hispanic),
48,Texas,48225,Houston,2011,2015,Black (includes Hispanic),
48,Texas,48225,Houston,2011,2015,Hispanic (all races),
48,Texas,48225,Houston,2011,2015,American Indian/Alaskan Native (includes Hispanic),
48,Texas,48225,Houston,2011,2015,White (includes Hispanic),12.5
48,Texas,48225,Houston,2012,2016,Asian/Pacific Islander (includes Hispanic),
48,Texas,48225,Houston,2012,2016,Black (includes Hispanic),
48,Texas,48225,Houston,2012,2016,Hispanic (all races),
48,Texas,48225,Houston,2012,2016,American Indian/Alaskan Native (includes Hispanic),
48,Texas,48225,Houston,2012,2016,White (includes Hispanic),14.1
48,Texas,48225,Houston,2013,2017,Asian/Pacific Islander (includes Hispanic),
48,Texas,48225,Houston,2013,2017,Black (includes Hispanic),
48,Texas,48225,Houston,2013,2017,Hispanic (all races),25.6
48,Texas,48225,Houston,2013,2017,American Indian/Alaskan Native (includes Hispanic),
48,Texas,48225,Houston,2013,2017,White (includes Hispanic),14.6
48,Texas,48225,Houston,2014,2018,Asian/Pacific Islander (includes Hispanic),
48,Texas,48225,Houston,2014,2018,Black (includes Hispanic),
48,Texas,48225,Houston,2014,2018,Hispanic (all races),27.0
48,Texas,48225,Houston,2014,2018,American Indian/Alaskan Native (includes Hispanic),
48,Texas,48225,Houston,2014,2018,White (includes Hispanic),14.8
48,Texas,48225,Houston,2015,2019,Asian/Pacific Islander (includes Hispanic),
48,Texas,48225,Houston,2015,2019,Black (includes Hispanic),
48,Texas,48225,Houston,2015,2019,Hispanic (all races),24.4
48,Texas,48225,Houston,2015,2019,American Indian/Alaskan Native (includes Hispanic),
48,Texas,48225,Houston,2015,2019,White (includes Hispanic),15.1
48,Texas,48225,Houston,2016,2020,Asian/Pacific Islander (includes Hispanic),
48,Texas,48225,Houston,2016,2020,Black (includes Hispanic),
48,Texas,48225,Houston,2016,2020,Hispanic (all races),20.5
48,Texas,48225,Houston,2016,2020,American Indian/Alaskan Native (includes Hispanic),
48,Texas,48225,Houston,2016,2020,White (includes Hispanic),13.8
48,Texas,48227,Howard,2011,2015,Asian/Pacific Islander (includes Hispanic),
48,Texas,48227,Howard,2011,2015,Black (includes Hispanic),
48,Texas,48227,Howard,2011,2015,Hispanic (all races),
48,Texas,48227,Howard,2011,2015,American Indian/Alaskan Native (includes Hispanic),
48,Texas,48227,Howard,2011,2015,White (includes Hispanic),
48,Texas,48227,Howard,2012,2016,Asian/Pacific Islander (includes Hispanic),
48,Texas,48227,Howard,2012,2016,Black (includes Hispanic),
48,Texas,48227,Howard,2012,2016,Hispanic (all races),
48,Texas,48227,Howard,2012,2016,American Indian/Alaskan Native (includes Hispanic),
48,Texas,48227,Howard,2012,2016,White (includes Hispanic),13.9
48,Texas,48227,Howard,2013,2017,Asian/Pacific Islander (includes Hispanic),
48,Texas,48227,Howard,2013,2017,Black (includes Hispanic),
48,Texas,48227,Howard,2013,2017,Hispanic (all races),
48,Texas,48227,Howard,2013,2017,American Indian/Alaskan Native (includes Hispanic),
48,Texas,48227,Howard,2013,2017,White (includes Hispanic),
48,Texas,48227,Howard,2014,2018,Asian/Pacific Islander (includes Hispanic),
48,Texas,48227,Howard,2014,2018,Black (includes Hispanic),
48,Texas,48227,Howard,2014,2018,Hispanic (all races),
48,Texas,48227,Howard,2014,2018,American Indian/Alaskan Native (includes Hispanic),
48,Texas,48227,Howard,2014,2018,White (includes Hispanic),
48,Texas,48227,Howard,2015,2019,Asian/Pacific Islander (includes Hispanic),
48,Texas,48227,Howard,2015,2019,Black (includes Hispanic),
48,Texas,48227,Howard,2015,2019,Hispanic (all races),
48,Texas,48227,Howard,2015,2019,American Indian/Alaskan Native (includes Hispanic),
48,Texas,48227,Howard,2015,2019,White (includes Hispanic),13.2
48,Texas,48227,Howard,2016,2020,Asian/Pacific Islander (includes Hispanic),
48,Texas,48227,Howard,2016,2020,Black (includes Hispanic),
48,Texas,48227,Howard,2016,2020,Hispanic (all races),
48,Texas,48227,Howard,2016,2020,American Indian/Alaskan Native (includes Hispanic),
48,Texas,48227,Howard,2016,2020,White (includes Hispanic),13.2
48,Texas,48229,Hudspeth,2011,2015,Asian/Pacific Islander (includes Hispanic),
48,Texas,48229,Hudspeth,2011,2015,Black (includes Hispanic),
48,Texas,48229,Hudspeth,2011,2015,Hispanic (all races),11.0
48,Texas,48229,Hudspeth,2011,2015,American Indian/Alaskan Native (includes Hispanic),
48,Texas,48229,Hudspeth,2011,2015,White (includes Hispanic),10.5
48,Texas,48229,Hudspeth,2012,2016,Asian/Pacific Islander (includes Hispanic),
48,Texas,48229,Hudspeth,2012,2016,Black (includes Hispanic),
48,Texas,48229,Hudspeth,2012,2016,Hispanic (all races),10.8
48,Texas,48229,Hudspeth,2012,2016,American Indian/Alaskan Native (includes Hispanic),
48,Texas,48229,Hudspeth,2012,2016,White (includes Hispanic),10.7
48,Texas,48229,Hudspeth,2013,2017,Asian/Pacific Islander (includes Hispanic),
48,Texas,48229,Hudspeth,2013,2017,Black (includes Hispanic),
48,Texas,48229,Hudspeth,2013,2017,Hispanic (all races),10.6
48,Texas,48229,Hudspeth,2013,2017,American Indian/Alaskan Native (includes Hispanic),
48,Texas,48229,Hudspeth,2013,2017,White (includes Hispanic),10.2
48,Texas,48229,Hudspeth,2014,2018,Asian/Pacific Islander (includes Hispanic),
48,Texas,48229,Hudspeth,2014,2018,Black (includes Hispanic),
48,Texas,48229,Hudspeth,2014,2018,Hispanic (all races),10.8
48,Texas,48229,Hudspeth,2014,2018,American Indian/Alaskan Native (includes Hispanic),
48,Texas,48229,Hudspeth,2014,2018,White (includes Hispanic),10.6
48,Texas,48229,Hudspeth,2015,2019,Asian/Pacific Islander (includes Hispanic),
48,Texas,48229,Hudspeth,2015,2019,Black (includes Hispanic),
48,Texas,48229,Hudspeth,2015,2019,Hispanic (all races),10.9
48,Texas,48229,Hudspeth,2015,2019,American Indian/Alaskan Native (includes Hispanic),
48,Texas,48229,Hudspeth,2015,2019,White (includes Hispanic),10.8
48,Texas,48229,Hudspeth,2016,2020,Asian/Pacific Islander (includes Hispanic),
48,Texas,48229,Hudspeth,2016,2020,Black (includes Hispanic),
48,Texas,48229,Hudspeth,2016,2020,Hispanic (all races),11.5
48,Texas,48229,Hudspeth,2016,2020,American Indian/Alaskan Native (includes Hispanic),
48,Texas,48229,Hudspeth,2016,2020,White (includes Hispanic),11.3
48,Texas,48231,Hunt,2011,2015,Asian/Pacific Islander (includes Hispanic),
48,Texas,48231,Hunt,2011,2015,Black (includes Hispanic),
48,Texas,48231,Hunt,2011,2015,Hispanic (all races),8.8
48,Texas,48231,Hunt,2011,2015,American Indian/Alaskan Native (includes Hispanic),
48,Texas,48231,Hunt,2011,2015,White (includes Hispanic),6.2
48,Texas,48231,Hunt,2012,2016,Asian/Pacific Islander (includes Hispanic),
48,Texas,48231,Hunt,2012,2016,Black (includes Hispanic),
48,Texas,48231,Hunt,2012,2016,Hispanic (all races),7.1
48,Texas,48231,Hunt,2012,2016,American Indian/Alaskan Native (includes Hispanic),
48,Texas,48231,Hunt,2012,2016,White (includes Hispanic),6.1
48,Texas,48231,Hunt,2013,2017,Asian/Pacific Islander (includes Hispanic),
48,Texas,48231,Hunt,2013,2017,Black (includes Hispanic),6.4
48,Texas,48231,Hunt,2013,2017,Hispanic (all races),6.1
48,Texas,48231,Hunt,2013,2017,American Indian/Alaskan Native (includes Hispanic),
48,Texas,48231,Hunt,2013,2017,White (includes Hispanic),6.1
48,Texas,48231,Hunt,2014,2018,Asian/Pacific Islander (includes Hispanic),
48,Texas,48231,Hunt,2014,2018,Black (includes Hispanic),6.0
48,Texas,48231,Hunt,2014,2018,Hispanic (all races),4.8
48,Texas,48231,Hunt,2014,2018,American Indian/Alaskan Native (includes Hispanic),
48,Texas,48231,Hunt,2014,2018,White (includes Hispanic),6.2
48,Texas,48231,Hunt,2015,2019,Asian/Pacific Islander (includes Hispanic),
48,Texas,48231,Hunt,2015,2019,Black (includes Hispanic),5.8
48,Texas,48231,Hunt,2015,2019,Hispanic (all races),
48,Texas,48231,Hunt,2015,2019,American Indian/Alaskan Native (includes Hispanic),
48,Texas,48231,Hunt,2015,2019,White (includes Hispanic),6.4
48,Texas,48231,Hunt,2016,2020,Asian/Pacific Islander (includes Hispanic),
48,Texas,48231,Hunt,2016,2020,Black (includes Hispanic),4.6
48,Texas,48231,Hunt,2016,2020,Hispanic (all races),5.0
48,Texas,48231,Hunt,2016,2020,American Indian/Alaskan Native (includes Hispanic),
48,Texas,48231,Hunt,2016,2020,White (includes Hispanic),6.4
48,Texas,48233,Hutchinson,2011,2015,Asian/Pacific Islander (includes Hispanic),
48,Texas,48233,Hutchinson,2011,2015,Black (includes Hispanic),
48,Texas,48233,Hutchinson,2011,2015,Hispanic (all races),
48,Texas,48233,Hutchinson,2011,2015,American Indian/Alaskan Native (includes Hispanic),
48,Texas,48233,Hutchinson,2011,2015,White (includes Hispanic),
48,Texas,48233,Hutchinson,2012,2016,Asian/Pacific Islander (includes Hispanic),
48,Texas,48233,Hutchinson,2012,2016,Black (includes Hispanic),
48,Texas,48233,Hutchinson,2012,2016,Hispanic (all races),
48,Texas,48233,Hutchinson,2012,2016,American Indian/Alaskan Native (includes Hispanic),
48,Texas,48233,Hutchinson,2012,2016,White (includes Hispanic),
48,Texas,48233,Hutchinson,2013,2017,Asian/Pacific Islander (includes Hispanic),
48,Texas,48233,Hutchinson,2013,2017,Black (includes Hispanic),
48,Texas,48233,Hutchinson,2013,2017,Hispanic (all races),
48,Texas,48233,Hutchinson,2013,2017,American Indian/Alaskan Native (includes Hispanic),
48,Texas,48233,Hutchinson,2013,2017,White (includes Hispanic),
48,Texas,48233,Hutchinson,2014,2018,Asian/Pacific Islander (includes Hispanic),
48,Texas,48233,Hutchinson,2014,2018,Black (includes Hispanic),
48,Texas,48233,Hutchinson,2014,2018,Hispanic (all races),
48,Texas,48233,Hutchinson,2014,2018,American Indian/Alaskan Native (includes Hispanic),
48,Texas,48233,Hutchinson,2014,2018,White (includes Hispanic),
48,Texas,48233,Hutchinson,2015,2019,Asian/Pacific Islander (includes Hispanic),
48,Texas,48233,Hutchinson,2015,2019,Black (includes Hispanic),
48,Texas,48233,Hutchinson,2015,2019,Hispanic (all races),
48,Texas,48233,Hutchinson,2015,2019,American Indian/Alaskan Native (includes Hispanic),
48,Texas,48233,Hutchinson,2015,2019,White (includes Hispanic),
48,Texas,48233,Hutchinson,2016,2020,Asian/Pacific Islander (includes Hispanic),
48,Texas,48233,Hutchinson,2016,2020,Black (includes Hispanic),
48,Texas,48233,Hutchinson,2016,2020,Hispanic (all races),
48,Texas,48233,Hutchinson,2016,2020,American Indian/Alaskan Native (includes Hispanic),
48,Texas,48233,Hutchinson,2016,2020,White (includes Hispanic),16.2
48,Texas,48235,Irion,2011,2015,Asian/Pacific Islander (includes Hispanic),
48,Texas,48235,Irion,2011,2015,Black (includes Hispanic),
48,Texas,48235,Irion,2011,2015,Hispanic (all races),
48,Texas,48235,Irion,2011,2015,American Indian/Alaskan Native (includes Hispanic),
48,Texas,48235,Irion,2011,2015,White (includes Hispanic),9.1
48,Texas,48235,Irion,2012,2016,Asian/Pacific Islander (includes Hispanic),
48,Texas,48235,Irion,2012,2016,Black (includes Hispanic),
48,Texas,48235,Irion,2012,2016,Hispanic (all races),
48,Texas,48235,Irion,2012,2016,American Indian/Alaskan Native (includes Hispanic),
48,Texas,48235,Irion,2012,2016,White (includes Hispanic),9.5
48,Texas,48235,Irion,2013,2017,Asian/Pacific Islander (includes Hispanic),
48,Texas,48235,Irion,2013,2017,Black (includes Hispanic),
48,Texas,48235,Irion,2013,2017,Hispanic (all races),
48,Texas,48235,Irion,2013,2017,American Indian/Alaskan Native (includes Hispanic),
48,Texas,48235,Irion,2013,2017,White (includes Hispanic),10.8
48,Texas,48235,Irion,2014,2018,Asian/Pacific Islander (includes Hispanic),
48,Texas,48235,Irion,2014,2018,Black (includes Hispanic),
48,Texas,48235,Irion,2014,2018,Hispanic (all races),
48,Texas,48235,Irion,2014,2018,American Indian/Alaskan Native (includes Hispanic),
48,Texas,48235,Irion,2014,2018,White (includes Hispanic),10.5
48,Texas,48235,Irion,2015,2019,Asian/Pacific Islander (includes Hispanic),
48,Texas,48235,Irion,2015,2019,Black (includes Hispanic),
48,Texas,48235,Irion,2015,2019,Hispanic (all races),
48,Texas,48235,Irion,2015,2019,American Indian/Alaskan Native (includes Hispanic),
48,Texas,48235,Irion,2015,2019,White (includes Hispanic),10.9
48,Texas,48235,Irion,2016,2020,Asian/Pacific Islander (includes Hispanic),
48,Texas,48235,Irion,2016,2020,Black (includes Hispanic),
48,Texas,48235,Irion,2016,2020,Hispanic (all races),
48,Texas,48235,Irion,2016,2020,American Indian/Alaskan Native (includes Hispanic),
48,Texas,48235,Irion,2016,2020,White (includes Hispanic),11.1
48,Texas,48237,Jack,2011,2015,Asian/Pacific Islander (includes Hispanic),
48,Texas,48237,Jack,2011,2015,Black (includes Hispanic),
48,Texas,48237,Jack,2011,2015,Hispanic (all races),
48,Texas,48237,Jack,2011,2015,American Indian/Alaskan Native (includes Hispanic),
48,Texas,48237,Jack,2011,2015,White (includes Hispanic),7.7
48,Texas,48237,Jack,2012,2016,Asian/Pacific Islander (includes Hispanic),
48,Texas,48237,Jack,2012,2016,Black (includes Hispanic),
48,Texas,48237,Jack,2012,2016,Hispanic (all races),
48,Texas,48237,Jack,2012,2016,American Indian/Alaskan Native (includes Hispanic),
48,Texas,48237,Jack,2012,2016,White (includes Hispanic),8.5
48,Texas,48237,Jack,2013,2017,Asian/Pacific Islander (includes Hispanic),
48,Texas,48237,Jack,2013,2017,Black (includes Hispanic),
48,Texas,48237,Jack,2013,2017,Hispanic (all races),
48,Texas,48237,Jack,2013,2017,American Indian/Alaskan Native (includes Hispanic),
48,Texas,48237,Jack,2013,2017,White (includes Hispanic),9.5
48,Texas,48237,Jack,2014,2018,Asian/Pacific Islander (includes Hispanic),
48,Texas,48237,Jack,2014,2018,Black (includes Hispanic),
48,Texas,48237,Jack,2014,2018,Hispanic (all races),
48,Texas,48237,Jack,2014,2018,American Indian/Alaskan Native (includes Hispanic),
48,Texas,48237,Jack,2014,2018,White (includes Hispanic),10.1
48,Texas,48237,Jack,2015,2019,Asian/Pacific Islander (includes Hispanic),
48,Texas,48237,Jack,2015,2019,Black (includes Hispanic),
48,Texas,48237,Jack,2015,2019,Hispanic (all races),
48,Texas,48237,Jack,2015,2019,American Indian/Alaskan Native (includes Hispanic),
48,Texas,48237,Jack,2015,2019,White (includes Hispanic),10.3
48,Texas,48237,Jack,2016,2020,Asian/Pacific Islander (includes Hispanic),
48,Texas,48237,Jack,2016,2020,Black (includes Hispanic),
48,Texas,48237,Jack,2016,2020,Hispanic (all races),
48,Texas,48237,Jack,2016,2020,American Indian/Alaskan Native (includes Hispanic),
48,Texas,48237,Jack,2016,2020,White (includes Hispanic),10.5
48,Texas,48239,Jackson,2011,2015,Asian/Pacific Islander (includes Hispanic),
48,Texas,48239,Jackson,2011,2015,Black (includes Hispanic),
48,Texas,48239,Jackson,2011,2015,Hispanic (all races),15.1
48,Texas,48239,Jackson,2011,2015,American Indian/Alaskan Native (includes Hispanic),
48,Texas,48239,Jackson,2011,2015,White (includes Hispanic),11.2
48,Texas,48239,Jackson,2012,2016,Asian/Pacific Islander (includes Hispanic),
48,Texas,48239,Jackson,2012,2016,Black (includes Hispanic),
48,Texas,48239,Jackson,2012,2016,Hispanic (all races),15.1
48,Texas,48239,Jackson,2012,2016,American Indian/Alaskan Native (includes Hispanic),
48,Texas,48239,Jackson,2012,2016,White (includes Hispanic),12.0
48,Texas,48239,Jackson,2013,2017,Asian/Pacific Islander (includes Hispanic),
48,Texas,48239,Jackson,2013,2017,Black (includes Hispanic),
48,Texas,48239,Jackson,2013,2017,Hispanic (all races),17.3
48,Texas,48239,Jackson,2013,2017,American Indian/Alaskan Native (includes Hispanic),
48,Texas,48239,Jackson,2013,2017,White (includes Hispanic),12.0
48,Texas,48239,Jackson,2014,2018,Asian/Pacific Islander (includes Hispanic),
48,Texas,48239,Jackson,2014,2018,Black (includes Hispanic),
48,Texas,48239,Jackson,2014,2018,Hispanic (all races),19.0
48,Texas,48239,Jackson,2014,2018,American Indian/Alaskan Native (includes Hispanic),
48,Texas,48239,Jackson,2014,2018,White (includes Hispanic),13.9
48,Texas,48239,Jackson,2015,2019,Asian/Pacific Islander (includes Hispanic),
48,Texas,48239,Jackson,2015,2019,Black (includes Hispanic),
48,Texas,48239,Jackson,2015,2019,Hispanic (all races),17.7
48,Texas,48239,Jackson,2015,2019,American Indian/Alaskan Native (includes Hispanic),
48,Texas,48239,Jackson,2015,2019,White (includes Hispanic),13.5
48,Texas,48239,Jackson,2016,2020,Asian/Pacific Islander (includes Hispanic),
48,Texas,48239,Jackson,2016,2020,Black (includes Hispanic),
48,Texas,48239,Jackson,2016,2020,Hispanic (all races),18.0
48,Texas,48239,Jackson,2016,2020,American Indian/Alaskan Native (includes Hispanic),
48,Texas,48239,Jackson,2016,2020,White (includes Hispanic),13.2
48,Texas,48241,Jasper,2011,2015,Asian/Pacific Islander (includes Hispanic),
48,Texas,48241,Jasper,2011,2015,Black (includes Hispanic),
48,Texas,48241,Jasper,2011,2015,Hispanic (all races),
48,Texas,48241,Jasper,2011,2015,American Indian/Alaskan Native (includes Hispanic),
48,Texas,48241,Jasper,2011,2015,White (includes Hispanic),14.0
48,Texas,48241,Jasper,2012,2016,Asian/Pacific Islander (includes Hispanic),
48,Texas,48241,Jasper,2012,2016,Black (includes Hispanic),
48,Texas,48241,Jasper,2012,2016,Hispanic (all races),
48,Texas,48241,Jasper,2012,2016,American Indian/Alaskan Native (includes Hispanic),
48,Texas,48241,Jasper,2012,2016,White (includes Hispanic),14.5
48,Texas,48241,Jasper,2013,2017,Asian/Pacific Islander (includes Hispanic),
48,Texas,48241,Jasper,2013,2017,Black (includes Hispanic),
48,Texas,48241,Jasper,2013,2017,Hispanic (all races),
48,Texas,48241,Jasper,2013,2017,American Indian/Alaskan Native (includes Hispanic),
48,Texas,48241,Jasper,2013,2017,White (includes Hispanic),15.2
48,Texas,48241,Jasper,2014,2018,Asian/Pacific Islander (includes Hispanic),
48,Texas,48241,Jasper,2014,2018,Black (includes Hispanic),
48,Texas,48241,Jasper,2014,2018,Hispanic (all races),
48,Texas,48241,Jasper,2014,2018,American Indian/Alaskan Native (includes Hispanic),
48,Texas,48241,Jasper,2014,2018,White (includes Hispanic),14.2
48,Texas,48241,Jasper,2015,2019,Asian/Pacific Islander (includes Hispanic),
48,Texas,48241,Jasper,2015,2019,Black (includes Hispanic),
48,Texas,48241,Jasper,2015,2019,Hispanic (all races),
48,Texas,48241,Jasper,2015,2019,American Indian/Alaskan Native (includes Hispanic),
48,Texas,48241,Jasper,2015,2019,White (includes Hispanic),13.5
48,Texas,48241,Jasper,2016,2020,Asian/Pacific Islander (includes Hispanic),
48,Texas,48241,Jasper,2016,2020,Black (includes Hispanic),
48,Texas,48241,Jasper,2016,2020,Hispanic (all races),
48,Texas,48241,Jasper,2016,2020,American Indian/Alaskan Native (includes Hispanic),
48,Texas,48241,Jasper,2016,2020,White (includes Hispanic),13.7
48,Texas,48243,Jeff Davis,2011,2015,Asian/Pacific Islander (includes Hispanic),
48,Texas,48243,Jeff Davis,2011,2015,Black (includes Hispanic),
48,Texas,48243,Jeff Davis,2011,2015,Hispanic (all races),
48,Texas,48243,Jeff Davis,2011,2015,American Indian/Alaskan Native (includes Hispanic),
48,Texas,48243,Jeff Davis,2011,2015,White (includes Hispanic),
48,Texas,48243,Jeff Davis,2012,2016,Asian/Pacific Islander (includes Hispanic),
48,Texas,48243,Jeff Davis,2012,2016,Black (includes Hispanic),
48,Texas,48243,Jeff Davis,2012,2016,Hispanic (all races),
48,Texas,48243,Jeff Davis,2012,2016,American Indian/Alaskan Native (includes Hispanic),
48,Texas,48243,Jeff Davis,2012,2016,White (includes Hispanic),
48,Texas,48243,Jeff Davis,2013,2017,Asian/Pacific Islander (includes Hispanic),
48,Texas,48243,Jeff Davis,2013,2017,Black (includes Hispanic),
48,Texas,48243,Jeff Davis,2013,2017,Hispanic (all races),
48,Texas,48243,Jeff Davis,2013,2017,American Indian/Alaskan Native (includes Hispanic),
48,Texas,48243,Jeff Davis,2013,2017,White (includes Hispanic),
48,Texas,48243,Jeff Davis,2014,2018,Asian/Pacific Islander (includes Hispanic),
48,Texas,48243,Jeff Davis,2014,2018,Black (includes Hispanic),
48,Texas,48243,Jeff Davis,2014,2018,Hispanic (all races),
48,Texas,48243,Jeff Davis,2014,2018,American Indian/Alaskan Native (includes Hispanic),
48,Texas,48243,Jeff Davis,2014,2018,White (includes Hispanic),
48,Texas,48243,Jeff Davis,2015,2019,Asian/Pacific Islander (includes Hispanic),
48,Texas,48243,Jeff Davis,2015,2019,Black (includes Hispanic),
48,Texas,48243,Jeff Davis,2015,2019,Hispanic (all races),
48,Texas,48243,Jeff Davis,2015,2019,American Indian/Alaskan Native (includes Hispanic),
48,Texas,48243,Jeff Davis,2015,2019,White (includes Hispanic),
48,Texas,48243,Jeff Davis,2016,2020,Asian/Pacific Islander (includes Hispanic),
48,Texas,48243,Jeff Davis,2016,2020,Black (includes Hispanic),
48,Texas,48243,Jeff Davis,2016,2020,Hispanic (all races),
48,Texas,48243,Jeff Davis,2016,2020,American Indian/Alaskan Native (includes Hispanic),
48,Texas,48243,Jeff Davis,2016,2020,White (includes Hispanic),
48,Texas,48245,Jefferson,2011,2015,Asian/Pacific Islander (includes Hispanic),
48,Texas,48245,Jefferson,2011,2015,Black (includes Hispanic),7.7
48,Texas,48245,Jefferson,2011,2015,Hispanic (all races),
48,Texas,48245,Jefferson,2011,2015,American Indian/Alaskan Native (includes Hispanic),
48,Texas,48245,Jefferson,2011,2015,White (includes Hispanic),9.4
48,Texas,48245,Jefferson,2012,2016,Asian/Pacific Islander (includes Hispanic),
48,Texas,48245,Jefferson,2012,2016,Black (includes Hispanic),7.7
48,Texas,48245,Jefferson,2012,2016,Hispanic (all races),
48,Texas,48245,Jefferson,2012,2016,American Indian/Alaskan Native (includes Hispanic),
48,Texas,48245,Jefferson,2012,2016,White (includes Hispanic),9.6
48,Texas,48245,Jefferson,2013,2017,Asian/Pacific Islander (includes Hispanic),
48,Texas,48245,Jefferson,2013,2017,Black (includes Hispanic),8.4
48,Texas,48245,Jefferson,2013,2017,Hispanic (all races),
48,Texas,48245,Jefferson,2013,2017,American Indian/Alaskan Native (includes Hispanic),
48,Texas,48245,Jefferson,2013,2017,White (includes Hispanic),10.6
48,Texas,48245,Jefferson,2014,2018,Asian/Pacific Islander (includes Hispanic),
48,Texas,48245,Jefferson,2014,2018,Black (includes Hispanic),8.1
48,Texas,48245,Jefferson,2014,2018,Hispanic (all races),13.1
48,Texas,48245,Jefferson,2014,2018,American Indian/Alaskan Native (includes Hispanic),
48,Texas,48245,Jefferson,2014,2018,White (includes Hispanic),11.3
48,Texas,48245,Jefferson,2015,2019,Asian/Pacific Islander (includes Hispanic),
48,Texas,48245,Jefferson,2015,2019,Black (includes Hispanic),8.5
48,Texas,48245,Jefferson,2015,2019,Hispanic (all races),15.9
48,Texas,48245,Jefferson,2015,2019,American Indian/Alaskan Native (includes Hispanic),
48,Texas,48245,Jefferson,2015,2019,White (includes Hispanic),11.8
48,Texas,48245,Jefferson,2016,2020,Asian/Pacific Islander (includes Hispanic),
48,Texas,48245,Jefferson,2016,2020,Black (includes Hispanic),9.9
48,Texas,48245,Jefferson,2016,2020,Hispanic (all races),14.8
48,Texas,48245,Jefferson,2016,2020,American Indian/Alaskan Native (includes Hispanic),
48,Texas,48245,Jefferson,2016,2020,White (includes Hispanic),12.0
48,Texas,48247,Jim Hogg,2011,2015,Asian/Pacific Islander (includes Hispanic),
48,Texas,48247,Jim Hogg,2011,2015,Black (includes Hispanic),
48,Texas,48247,Jim Hogg,2011,2015,Hispanic (all races),12.7
48,Texas,48247,Jim Hogg,2011,2015,American Indian/Alaskan Native (includes Hispanic),
48,Texas,48247,Jim Hogg,2011,2015,White (includes Hispanic),12.7
48,Texas,48247,Jim Hogg,2012,2016,Asian/Pacific Islander (includes Hispanic),
48,Texas,48247,Jim Hogg,2012,2016,Black (includes Hispanic),
48,Texas,48247,Jim Hogg,2012,2016,Hispanic (all races),13.3
48,Texas,48247,Jim Hogg,2012,2016,American Indian/Alaskan Native (includes Hispanic),
48,Texas,48247,Jim Hogg,2012,2016,White (includes Hispanic),13.1
48,Texas,48247,Jim Hogg,2013,2017,Asian/Pacific Islander (includes Hispanic),
48,Texas,48247,Jim Hogg,2013,2017,Black (includes Hispanic),
48,Texas,48247,Jim Hogg,2013,2017,Hispanic (all races),13.1
48,Texas,48247,Jim Hogg,2013,2017,American Indian/Alaskan Native (includes Hispanic),
48,Texas,48247,Jim Hogg,2013,2017,White (includes Hispanic),13.1
48,Texas,48247,Jim Hogg,2014,2018,Asian/Pacific Islander (includes Hispanic),
48,Texas,48247,Jim Hogg,2014,2018,Black (includes Hispanic),
48,Texas,48247,Jim Hogg,2014,2018,Hispanic (all races),13.0
48,Texas,48247,Jim Hogg,2014,2018,American Indian/Alaskan Native (includes Hispanic),
48,Texas,48247,Jim Hogg,2014,2018,White (includes Hispanic),13.0
48,Texas,48247,Jim Hogg,2015,2019,Asian/Pacific Islander (includes Hispanic),
48,Texas,48247,Jim Hogg,2015,2019,Black (includes Hispanic),
48,Texas,48247,Jim Hogg,2015,2019,Hispanic (all races),13.6
48,Texas,48247,Jim Hogg,2015,2019,American Indian/Alaskan Native (includes Hispanic),
48,Texas,48247,Jim Hogg,2015,2019,White (includes Hispanic),13.4
48,Texas,48247,Jim Hogg,2016,2020,Asian/Pacific Islander (includes Hispanic),
48,Texas,48247,Jim Hogg,2016,2020,Black (includes Hispanic),
48,Texas,48247,Jim Hogg,2016,2020,Hispanic (all races),11.4
48,Texas,48247,Jim Hogg,2016,2020,American Indian/Alaskan Native (includes Hispanic),
48,Texas,48247,Jim Hogg,2016,2020,White (includes Hispanic),11.3
48,Texas,48249,Jim Wells,2011,2015,Asian/Pacific Islander (includes Hispanic),
48,Texas,48249,Jim Wells,2011,2015,Black (includes Hispanic),
48,Texas,48249,Jim Wells,2011,2015,Hispanic (all races),9.1
48,Texas,48249,Jim Wells,2011,2015,American Indian/Alaskan Native (includes Hispanic),
48,Texas,48249,Jim Wells,2011,2015,White (includes Hispanic),9.8
48,Texas,48249,Jim Wells,2012,2016,Asian/Pacific Islander (includes Hispanic),
48,Texas,48249,Jim Wells,2012,2016,Black (includes Hispanic),
48,Texas,48249,Jim Wells,2012,2016,Hispanic (all races),10.2
48,Texas,48249,Jim Wells,2012,2016,American Indian/Alaskan Native (includes Hispanic),
48,Texas,48249,Jim Wells,2012,2016,White (includes Hispanic),10.3
48,Texas,48249,Jim Wells,2013,2017,Asian/Pacific Islander (includes Hispanic),
48,Texas,48249,Jim Wells,2013,2017,Black (includes Hispanic),
48,Texas,48249,Jim Wells,2013,2017,Hispanic (all races),11.0
48,Texas,48249,Jim Wells,2013,2017,American Indian/Alaskan Native (includes Hispanic),
48,Texas,48249,Jim Wells,2013,2017,White (includes Hispanic),11.0
48,Texas,48249,Jim Wells,2014,2018,Asian/Pacific Islander (includes Hispanic),
48,Texas,48249,Jim Wells,2014,2018,Black (includes Hispanic),
48,Texas,48249,Jim Wells,2014,2018,Hispanic (all races),10.2
48,Texas,48249,Jim Wells,2014,2018,American Indian/Alaskan Native (includes Hispanic),
48,Texas,48249,Jim Wells,2014,2018,White (includes Hispanic),10.8
48,Texas,48249,Jim Wells,2015,2019,Asian/Pacific Islander (includes Hispanic),
48,Texas,48249,Jim Wells,2015,2019,Black (includes Hispanic),
48,Texas,48249,Jim Wells,2015,2019,Hispanic (all races),10.7
48,Texas,48249,Jim Wells,2015,2019,American Indian/Alaskan Native (includes Hispanic),
48,Texas,48249,Jim Wells,2015,2019,White (includes Hispanic),11.5
48,Texas,48249,Jim Wells,2016,2020,Asian/Pacific Islander (includes Hispanic),
48,Texas,48249,Jim Wells,2016,2020,Black (includes Hispanic),
48,Texas,48249,Jim Wells,2016,2020,Hispanic (all races),11.3
48,Texas,48249,Jim Wells,2016,2020,American Indian/Alaskan Native (includes Hispanic),
48,Texas,48249,Jim Wells,2016,2020,White (includes Hispanic),11.7
48,Texas,48251,Johnson,2011,2015,Asian/Pacific Islander (includes Hispanic),9.3
48,Texas,48251,Johnson,2011,2015,Black (includes Hispanic),8.2
48,Texas,48251,Johnson,2011,2015,Hispanic (all races),10.8
48,Texas,48251,Johnson,2011,2015,American Indian/Alaskan Native (includes Hispanic),
48,Texas,48251,Johnson,2011,2015,White (includes Hispanic),8.6
48,Texas,48251,Johnson,2012,2016,Asian/Pacific Islander (includes Hispanic),9.0
48,Texas,48251,Johnson,2012,2016,Black (includes Hispanic),9.1
48,Texas,48251,Johnson,2012,2016,Hispanic (all races),10.5
48,Texas,48251,Johnson,2012,2016,American Indian/Alaskan Native (includes Hispanic),
48,Texas,48251,Johnson,2012,2016,White (includes Hispanic),9.0
48,Texas,48251,Johnson,2013,2017,Asian/Pacific Islander (includes Hispanic),10.6
48,Texas,48251,Johnson,2013,2017,Black (includes Hispanic),9.7
48,Texas,48251,Johnson,2013,2017,Hispanic (all races),10.5
48,Texas,48251,Johnson,2013,2017,American Indian/Alaskan Native (includes Hispanic),
48,Texas,48251,Johnson,2013,2017,White (includes Hispanic),9.0
48,Texas,48251,Johnson,2014,2018,Asian/Pacific Islander (includes Hispanic),8.8
48,Texas,48251,Johnson,2014,2018,Black (includes Hispanic),9.6
48,Texas,48251,Johnson,2014,2018,Hispanic (all races),10.7
48,Texas,48251,Johnson,2014,2018,American Indian/Alaskan Native (includes Hispanic),
48,Texas,48251,Johnson,2014,2018,White (includes Hispanic),9.6
48,Texas,48251,Johnson,2015,2019,Asian/Pacific Islander (includes Hispanic),10.2
48,Texas,48251,Johnson,2015,2019,Black (includes Hispanic),9.2
48,Texas,48251,Johnson,2015,2019,Hispanic (all races),11.0
48,Texas,48251,Johnson,2015,2019,American Indian/Alaskan Native (includes Hispanic),
48,Texas,48251,Johnson,2015,2019,White (includes Hispanic),9.6
48,Texas,48251,Johnson,2016,2020,Asian/Pacific Islander (includes Hispanic),8.5
48,Texas,48251,Johnson,2016,2020,Black (includes Hispanic),9.0
48,Texas,48251,Johnson,2016,2020,Hispanic (all races),11.9
48,Texas,48251,Johnson,2016,2020,American Indian/Alaskan Native (includes Hispanic),
48,Texas,48251,Johnson,2016,2020,White (includes Hispanic),9.8
48,Texas,48253,Jones,2011,2015,Asian/Pacific Islander (includes Hispanic),
48,Texas,48253,Jones,2011,2015,Black (includes Hispanic),
48,Texas,48253,Jones,2011,2015,Hispanic (all races),
48,Texas,48253,Jones,2011,2015,American Indian/Alaskan Native (includes Hispanic),
48,Texas,48253,Jones,2011,2015,White (includes Hispanic),11.2
48,Texas,48253,Jones,2012,2016,Asian/Pacific Islander (includes Hispanic),
48,Texas,48253,Jones,2012,2016,Black (includes Hispanic),
48,Texas,48253,Jones,2012,2016,Hispanic (all races),
48,Texas,48253,Jones,2012,2016,American Indian/Alaskan Native (includes Hispanic),
48,Texas,48253,Jones,2012,2016,White (includes Hispanic),8.9
48,Texas,48253,Jones,2013,2017,Asian/Pacific Islander (includes Hispanic),
48,Texas,48253,Jones,2013,2017,Black (includes Hispanic),
48,Texas,48253,Jones,2013,2017,Hispanic (all races),
48,Texas,48253,Jones,2013,2017,American Indian/Alaskan Native (includes Hispanic),
48,Texas,48253,Jones,2013,2017,White (includes Hispanic),8.7
48,Texas,48253,Jones,2014,2018,Asian/Pacific Islander (includes Hispanic),
48,Texas,48253,Jones,2014,2018,Black (includes Hispanic),
48,Texas,48253,Jones,2014,2018,Hispanic (all races),
48,Texas,48253,Jones,2014,2018,American Indian/Alaskan Native (includes Hispanic),
48,Texas,48253,Jones,2014,2018,White (includes Hispanic),8.9
48,Texas,48253,Jones,2015,2019,Asian/Pacific Islander (includes Hispanic),
48,Texas,48253,Jones,2015,2019,Black (includes Hispanic),
48,Texas,48253,Jones,2015,2019,Hispanic (all races),
48,Texas,48253,Jones,2015,2019,American Indian/Alaskan Native (includes Hispanic),
48,Texas,48253,Jones,2015,2019,White (includes Hispanic),9.4
48,Texas,48253,Jones,2016,2020,Asian/Pacific Islander (includes Hispanic),
48,Texas,48253,Jones,2016,2020,Black (includes Hispanic),
48,Texas,48253,Jones,2016,2020,Hispanic (all races),18.7
48,Texas,48253,Jones,2016,2020,American Indian/Alaskan Native (includes Hispanic),
48,Texas,48253,Jones,2016,2020,White (includes Hispanic),11.9
48,Texas,48255,Karnes,2011,2015,Asian/Pacific Islander (includes Hispanic),
48,Texas,48255,Karnes,2011,2015,Black (includes Hispanic),
48,Texas,48255,Karnes,2011,2015,Hispanic (all races),9.4
48,Texas,48255,Karnes,2011,2015,American Indian/Alaskan Native (includes Hispanic),
48,Texas,48255,Karnes,2011,2015,White (includes Hispanic),9.9
48,Texas,48255,Karnes,2012,2016,Asian/Pacific Islander (includes Hispanic),
48,Texas,48255,Karnes,2012,2016,Black (includes Hispanic),
48,Texas,48255,Karnes,2012,2016,Hispanic (all races),8.8
48,Texas,48255,Karnes,2012,2016,American Indian/Alaskan Native (includes Hispanic),
48,Texas,48255,Karnes,2012,2016,White (includes Hispanic),9.3
48,Texas,48255,Karnes,2013,2017,Asian/Pacific Islander (includes Hispanic),
48,Texas,48255,Karnes,2013,2017,Black (includes Hispanic),
48,Texas,48255,Karnes,2013,2017,Hispanic (all races),10.2
48,Texas,48255,Karnes,2013,2017,American Indian/Alaskan Native (includes Hispanic),
48,Texas,48255,Karnes,2013,2017,White (includes Hispanic),9.7
48,Texas,48255,Karnes,2014,2018,Asian/Pacific Islander (includes Hispanic),
48,Texas,48255,Karnes,2014,2018,Black (includes Hispanic),
48,Texas,48255,Karnes,2014,2018,Hispanic (all races),9.8
48,Texas,48255,Karnes,2014,2018,American Indian/Alaskan Native (includes Hispanic),
48,Texas,48255,Karnes,2014,2018,White (includes Hispanic),9.0
48,Texas,48255,Karnes,2015,2019,Asian/Pacific Islander (includes Hispanic),
48,Texas,48255,Karnes,2015,2019,Black (includes Hispanic),
48,Texas,48255,Karnes,2015,2019,Hispanic (all races),11.7
48,Texas,48255,Karnes,2015,2019,American Indian/Alaskan Native (includes Hispanic),
48,Texas,48255,Karnes,2015,2019,White (includes Hispanic),10.8
48,Texas,48255,Karnes,2016,2020,Asian/Pacific Islander (includes Hispanic),
48,Texas,48255,Karnes,2016,2020,Black (includes Hispanic),
48,Texas,48255,Karnes,2016,2020,Hispanic (all races),12.2
48,Texas,48255,Karnes,2016,2020,American Indian/Alaskan Native (includes Hispanic),
48,Texas,48255,Karnes,2016,2020,White (includes Hispanic),11.7
48,Texas,48257,Kaufman,2011,2015,Asian/Pacific Islander (includes Hispanic),
48,Texas,48257,Kaufman,2011,2015,Black (includes Hispanic),10.2
48,Texas,48257,Kaufman,2011,2015,Hispanic (all races),12.6
48,Texas,48257,Kaufman,2011,2015,American Indian/Alaskan Native (includes Hispanic),
48,Texas,48257,Kaufman,2011,2015,White (includes Hispanic),9.7
48,Texas,48257,Kaufman,2012,2016,Asian/Pacific Islander (includes Hispanic),4.4
48,Texas,48257,Kaufman,2012,2016,Black (includes Hispanic),9.7
48,Texas,48257,Kaufman,2012,2016,Hispanic (all races),12.0
48,Texas,48257,Kaufman,2012,2016,American Indian/Alaskan Native (includes Hispanic),
48,Texas,48257,Kaufman,2012,2016,White (includes Hispanic),9.6
48,Texas,48257,Kaufman,2013,2017,Asian/Pacific Islander (includes Hispanic),
48,Texas,48257,Kaufman,2013,2017,Black (includes Hispanic),9.9
48,Texas,48257,Kaufman,2013,2017,Hispanic (all races),11.8
48,Texas,48257,Kaufman,2013,2017,American Indian/Alaskan Native (includes Hispanic),
48,Texas,48257,Kaufman,2013,2017,White (includes Hispanic),9.7
48,Texas,48257,Kaufman,2014,2018,Asian/Pacific Islander (includes Hispanic),4.5
48,Texas,48257,Kaufman,2014,2018,Black (includes Hispanic),10.2
48,Texas,48257,Kaufman,2014,2018,Hispanic (all races),11.2
48,Texas,48257,Kaufman,2014,2018,American Indian/Alaskan Native (includes Hispanic),
48,Texas,48257,Kaufman,2014,2018,White (includes Hispanic),9.5
48,Texas,48257,Kaufman,2015,2019,Asian/Pacific Islander (includes Hispanic),4.6
48,Texas,48257,Kaufman,2015,2019,Black (includes Hispanic),9.9
48,Texas,48257,Kaufman,2015,2019,Hispanic (all races),11.9
48,Texas,48257,Kaufman,2015,2019,American Indian/Alaskan Native (includes Hispanic),
48,Texas,48257,Kaufman,2015,2019,White (includes Hispanic),9.7
48,Texas,48257,Kaufman,2016,2020,Asian/Pacific Islander (includes Hispanic),5.5
48,Texas,48257,Kaufman,2016,2020,Black (includes Hispanic),9.8
48,Texas,48257,Kaufman,2016,2020,Hispanic (all races),11.8
48,Texas,48257,Kaufman,2016,2020,American Indian/Alaskan Native (includes Hispanic),
48,Texas,48257,Kaufman,2016,2020,White (includes Hispanic),9.5
48,Texas,48259,Kendall,2011,2015,Asian/Pacific Islander (includes Hispanic),
48,Texas,48259,Kendall,2011,2015,Black (includes Hispanic),7.5
48,Texas,48259,Kendall,2011,2015,Hispanic (all races),11.4
48,Texas,48259,Kendall,2011,2015,American Indian/Alaskan Native (includes Hispanic),
48,Texas,48259,Kendall,2011,2015,White (includes Hispanic),10.8
48,Texas,48259,Kendall,2012,2016,Asian/Pacific Islander (includes Hispanic),
48,Texas,48259,Kendall,2012,2016,Black (includes Hispanic),7.9
48,Texas,48259,Kendall,2012,2016,Hispanic (all races),11.6
48,Texas,48259,Kendall,2012,2016,American Indian/Alaskan Native (includes Hispanic),
48,Texas,48259,Kendall,2012,2016,White (includes Hispanic),10.9
48,Texas,48259,Kendall,2013,2017,Asian/Pacific Islander (includes Hispanic),
48,Texas,48259,Kendall,2013,2017,Black (includes Hispanic),9.5
48,Texas,48259,Kendall,2013,2017,Hispanic (all races),12.0
48,Texas,48259,Kendall,2013,2017,American Indian/Alaskan Native (includes Hispanic),
48,Texas,48259,Kendall,2013,2017,White (includes Hispanic),11.1
48,Texas,48259,Kendall,2014,2018,Asian/Pacific Islander (includes Hispanic),
48,Texas,48259,Kendall,2014,2018,Black (includes Hispanic),9.5
48,Texas,48259,Kendall,2014,2018,Hispanic (all races),11.7
48,Texas,48259,Kendall,2014,2018,American Indian/Alaskan Native (includes Hispanic),
48,Texas,48259,Kendall,2014,2018,White (includes Hispanic),11.0
48,Texas,48259,Kendall,2015,2019,Asian/Pacific Islander (includes Hispanic),
48,Texas,48259,Kendall,2015,2019,Black (includes Hispanic),8.7
48,Texas,48259,Kendall,2015,2019,Hispanic (all races),11.6
48,Texas,48259,Kendall,2015,2019,American Indian/Alaskan Native (includes Hispanic),
48,Texas,48259,Kendall,2015,2019,White (includes Hispanic),10.8
48,Texas,48259,Kendall,2016,2020,Asian/Pacific Islander (includes Hispanic),
48,Texas,48259,Kendall,2016,2020,Black (includes Hispanic),9.3
48,Texas,48259,Kendall,2016,2020,Hispanic (all races),12.6
48,Texas,48259,Kendall,2016,2020,American Indian/Alaskan Native (includes Hispanic),
48,Texas,48259,Kendall,2016,2020,White (includes Hispanic),11.0
48,Texas,48261,Kenedy,2011,2015,Asian/Pacific Islander (includes Hispanic),
48,Texas,48261,Kenedy,2011,2015,Black (includes Hispanic),
48,Texas,48261,Kenedy,2011,2015,Hispanic (all races),13.3
48,Texas,48261,Kenedy,2011,2015,American Indian/Alaskan Native (includes Hispanic),
48,Texas,48261,Kenedy,2011,2015,White (includes Hispanic),12.5
48,Texas,48261,Kenedy,2012,2016,Asian/Pacific Islander (includes Hispanic),
48,Texas,48261,Kenedy,2012,2016,Black (includes Hispanic),
48,Texas,48261,Kenedy,2012,2016,Hispanic (all races),13.5
48,Texas,48261,Kenedy,2012,2016,American Indian/Alaskan Native (includes Hispanic),
48,Texas,48261,Kenedy,2012,2016,White (includes Hispanic),12.6
48,Texas,48261,Kenedy,2013,2017,Asian/Pacific Islander (includes Hispanic),
48,Texas,48261,Kenedy,2013,2017,Black (includes Hispanic),
48,Texas,48261,Kenedy,2013,2017,Hispanic (all races),13.9
48,Texas,48261,Kenedy,2013,2017,American Indian/Alaskan Native (includes Hispanic),
48,Texas,48261,Kenedy,2013,2017,White (includes Hispanic),13.2
48,Texas,48261,Kenedy,2014,2018,Asian/Pacific Islander (includes Hispanic),
48,Texas,48261,Kenedy,2014,2018,Black (includes Hispanic),
48,Texas,48261,Kenedy,2014,2018,Hispanic (all races),14.7
48,Texas,48261,Kenedy,2014,2018,American Indian/Alaskan Native (includes Hispanic),
48,Texas,48261,Kenedy,2014,2018,White (includes Hispanic),14.0
48,Texas,48261,Kenedy,2015,2019,Asian/Pacific Islander (includes Hispanic),
48,Texas,48261,Kenedy,2015,2019,Black (includes Hispanic),
48,Texas,48261,Kenedy,2015,2019,Hispanic (all races),15.6
48,Texas,48261,Kenedy,2015,2019,American Indian/Alaskan Native (includes Hispanic),
48,Texas,48261,Kenedy,2015,2019,White (includes Hispanic),15.0
48,Texas,48261,Kenedy,2016,2020,Asian/Pacific Islander (includes Hispanic),
48,Texas,48261,Kenedy,2016,2020,Black (includes Hispanic),
48,Texas,48261,Kenedy,2016,2020,Hispanic (all races),13.7
48,Texas,48261,Kenedy,2016,2020,American Indian/Alaskan Native (includes Hispanic),
48,Texas,48261,Kenedy,2016,2020,White (includes Hispanic),13.2
48,Texas,48263,Kent,2011,2015,Asian/Pacific Islander (includes Hispanic),
48,Texas,48263,Kent,2011,2015,Black (includes Hispanic),
48,Texas,48263,Kent,2011,2015,Hispanic (all races),
48,Texas,48263,Kent,2011,2015,American Indian/Alaskan Native (includes Hispanic),
48,Texas,48263,Kent,2011,2015,White (includes Hispanic),
48,Texas,48263,Kent,2012,2016,Asian/Pacific Islander (includes Hispanic),
48,Texas,48263,Kent,2012,2016,Black (includes Hispanic),
48,Texas,48263,Kent,2012,2016,Hispanic (all races),
48,Texas,48263,Kent,2012,2016,American Indian/Alaskan Native (includes Hispanic),
48,Texas,48263,Kent,2012,2016,White (includes Hispanic),
48,Texas,48263,Kent,2013,2017,Asian/Pacific Islander (includes Hispanic),
48,Texas,48263,Kent,2013,2017,Black (includes Hispanic),
48,Texas,48263,Kent,2013,2017,Hispanic (all races),
48,Texas,48263,Kent,2013,2017,American Indian/Alaskan Native (includes Hispanic),
48,Texas,48263,Kent,2013,2017,White (includes Hispanic),
48,Texas,48263,Kent,2014,2018,Asian/Pacific Islander (includes Hispanic),
48,Texas,48263,Kent,2014,2018,Black (includes Hispanic),
48,Texas,48263,Kent,2014,2018,Hispanic (all races),
48,Texas,48263,Kent,2014,2018,American Indian/Alaskan Native (includes Hispanic),
48,Texas,48263,Kent,2014,2018,White (includes Hispanic),
48,Texas,48263,Kent,2015,2019,Asian/Pacific Islander (includes Hispanic),
48,Texas,48263,Kent,2015,2019,Black (includes Hispanic),
48,Texas,48263,Kent,2015,2019,Hispanic (all races),
48,Texas,48263,Kent,2015,2019,American Indian/Alaskan Native (includes Hispanic),
48,Texas,48263,Kent,2015,2019,White (includes Hispanic),
48,Texas,48263,Kent,2016,2020,Asian/Pacific Islander (includes Hispanic),
48,Texas,48263,Kent,2016,2020,Black (includes Hispanic),
48,Texas,48263,Kent,2016,2020,Hispanic (all races),
48,Texas,48263,Kent,2016,2020,American Indian/Alaskan Native (includes Hispanic),
48,Texas,48263,Kent,2016,2020,White (includes Hispanic),
48,Texas,48265,Kerr,2011,2015,Asian/Pacific Islander (includes Hispanic),
48,Texas,48265,Kerr,2011,2015,Black (includes Hispanic),
48,Texas,48265,Kerr,2011,2015,Hispanic (all races),
48,Texas,48265,Kerr,2011,2015,American Indian/Alaskan Native (includes Hispanic),
48,Texas,48265,Kerr,2011,2015,White (includes Hispanic),8.2
48,Texas,48265,Kerr,2012,2016,Asian/Pacific Islander (includes Hispanic),
48,Texas,48265,Kerr,2012,2016,Black (includes Hispanic),
48,Texas,48265,Kerr,2012,2016,Hispanic (all races),
48,Texas,48265,Kerr,2012,2016,American Indian/Alaskan Native (includes Hispanic),
48,Texas,48265,Kerr,2012,2016,White (includes Hispanic),8.8
48,Texas,48265,Kerr,2013,2017,Asian/Pacific Islander (includes Hispanic),
48,Texas,48265,Kerr,2013,2017,Black (includes Hispanic),
48,Texas,48265,Kerr,2013,2017,Hispanic (all races),
48,Texas,48265,Kerr,2013,2017,American Indian/Alaskan Native (includes Hispanic),
48,Texas,48265,Kerr,2013,2017,White (includes Hispanic),7.3
48,Texas,48265,Kerr,2014,2018,Asian/Pacific Islander (includes Hispanic),
48,Texas,48265,Kerr,2014,2018,Black (includes Hispanic),
48,Texas,48265,Kerr,2014,2018,Hispanic (all races),
48,Texas,48265,Kerr,2014,2018,American Indian/Alaskan Native (includes Hispanic),
48,Texas,48265,Kerr,2014,2018,White (includes Hispanic),7.9
48,Texas,48265,Kerr,2015,2019,Asian/Pacific Islander (includes Hispanic),
48,Texas,48265,Kerr,2015,2019,Black (includes Hispanic),
48,Texas,48265,Kerr,2015,2019,Hispanic (all races),
48,Texas,48265,Kerr,2015,2019,American Indian/Alaskan Native (includes Hispanic),
48,Texas,48265,Kerr,2015,2019,White (includes Hispanic),7.8
48,Texas,48265,Kerr,2016,2020,Asian/Pacific Islander (includes Hispanic),
48,Texas,48265,Kerr,2016,2020,Black (includes Hispanic),
48,Texas,48265,Kerr,2016,2020,Hispanic (all races),
48,Texas,48265,Kerr,2016,2020,American Indian/Alaskan Native (includes Hispanic),
48,Texas,48265,Kerr,2016,2020,White (includes Hispanic),8.5
48,Texas,48267,Kimble,2011,2015,Asian/Pacific Islander (includes Hispanic),
48,Texas,48267,Kimble,2011,2015,Black (includes Hispanic),
48,Texas,48267,Kimble,2011,2015,Hispanic (all races),
48,Texas,48267,Kimble,2011,2015,American Indian/Alaskan Native (includes Hispanic),
48,Texas,48267,Kimble,2011,2015,White (includes Hispanic),7.5
48,Texas,48267,Kimble,2012,2016,Asian/Pacific Islander (includes Hispanic),
48,Texas,48267,Kimble,2012,2016,Black (includes Hispanic),
48,Texas,48267,Kimble,2012,2016,Hispanic (all races),
48,Texas,48267,Kimble,2012,2016,American Indian/Alaskan Native (includes Hispanic),
48,Texas,48267,Kimble,2012,2016,White (includes Hispanic),8.8
48,Texas,48267,Kimble,2013,2017,Asian/Pacific Islander (includes Hispanic),
48,Texas,48267,Kimble,2013,2017,Black (includes Hispanic),
48,Texas,48267,Kimble,2013,2017,Hispanic (all races),
48,Texas,48267,Kimble,2013,2017,American Indian/Alaskan Native (includes Hispanic),
48,Texas,48267,Kimble,2013,2017,White (includes Hispanic),7.8
48,Texas,48267,Kimble,2014,2018,Asian/Pacific Islander (includes Hispanic),
48,Texas,48267,Kimble,2014,2018,Black (includes Hispanic),
48,Texas,48267,Kimble,2014,2018,Hispanic (all races),
48,Texas,48267,Kimble,2014,2018,American Indian/Alaskan Native (includes Hispanic),
48,Texas,48267,Kimble,2014,2018,White (includes Hispanic),9.2
48,Texas,48267,Kimble,2015,2019,Asian/Pacific Islander (includes Hispanic),
48,Texas,48267,Kimble,2015,2019,Black (includes Hispanic),
48,Texas,48267,Kimble,2015,2019,Hispanic (all races),
48,Texas,48267,Kimble,2015,2019,American Indian/Alaskan Native (includes Hispanic),
48,Texas,48267,Kimble,2015,2019,White (includes Hispanic),9.1
48,Texas,48267,Kimble,2016,2020,Asian/Pacific Islander (includes Hispanic),
48,Texas,48267,Kimble,2016,2020,Black (includes Hispanic),
48,Texas,48267,Kimble,2016,2020,Hispanic (all races),
48,Texas,48267,Kimble,2016,2020,American Indian/Alaskan Native (includes Hispanic),
48,Texas,48267,Kimble,2016,2020,White (includes Hispanic),9.2
48,Texas,48269,King,2011,2015,Asian/Pacific Islander (includes Hispanic),
48,Texas,48269,King,2011,2015,Black (includes Hispanic),
48,Texas,48269,King,2011,2015,Hispanic (all races),
48,Texas,48269,King,2011,2015,American Indian/Alaskan Native (includes Hispanic),
48,Texas,48269,King,2011,2015,White (includes Hispanic),
48,Texas,48269,King,2012,2016,Asian/Pacific Islander (includes Hispanic),
48,Texas,48269,King,2012,2016,Black (includes Hispanic),
48,Texas,48269,King,2012,2016,Hispanic (all races),
48,Texas,48269,King,2012,2016,American Indian/Alaskan Native (includes Hispanic),
48,Texas,48269,King,2012,2016,White (includes Hispanic),
48,Texas,48269,King,2013,2017,Asian/Pacific Islander (includes Hispanic),
48,Texas,48269,King,2013,2017,Black (includes Hispanic),
48,Texas,48269,King,2013,2017,Hispanic (all races),
48,Texas,48269,King,2013,2017,American Indian/Alaskan Native (includes Hispanic),
48,Texas,48269,King,2013,2017,White (includes Hispanic),
48,Texas,48269,King,2014,2018,Asian/Pacific Islander (includes Hispanic),
48,Texas,48269,King,2014,2018,Black (includes Hispanic),
48,Texas,48269,King,2014,2018,Hispanic (all races),
48,Texas,48269,King,2014,2018,American Indian/Alaskan Native (includes Hispanic),
48,Texas,48269,King,2014,2018,White (includes Hispanic),
48,Texas,48269,King,2015,2019,Asian/Pacific Islander (includes Hispanic),
48,Texas,48269,King,2015,2019,Black (includes Hispanic),
48,Texas,48269,King,2015,2019,Hispanic (all races),
48,Texas,48269,King,2015,2019,American Indian/Alaskan Native (includes Hispanic),
48,Texas,48269,King,2015,2019,White (includes Hispanic),
48,Texas,48269,King,2016,2020,Asian/Pacific Islander (includes Hispanic),
48,Texas,48269,King,2016,2020,Black (includes Hispanic),
48,Texas,48269,King,2016,2020,Hispanic (all races),
48,Texas,48269,King,2016,2020,American Indian/Alaskan Native (includes Hispanic),
48,Texas,48269,King,2016,2020,White (includes Hispanic),
48,Texas,48271,Kinney,2011,2015,Asian/Pacific Islander (includes Hispanic),
48,Texas,48271,Kinney,2011,2015,Black (includes Hispanic),
48,Texas,48271,Kinney,2011,2015,Hispanic (all races),16.9
48,Texas,48271,Kinney,2011,2015,American Indian/Alaskan Native (includes Hispanic),
48,Texas,48271,Kinney,2011,2015,White (includes Hispanic),14.9
48,Texas,48271,Kinney,2012,2016,Asian/Pacific Islander (includes Hispanic),
48,Texas,48271,Kinney,2012,2016,Black (includes Hispanic),
48,Texas,48271,Kinney,2012,2016,Hispanic (all races),15.7
48,Texas,48271,Kinney,2012,2016,American Indian/Alaskan Native (includes Hispanic),
48,Texas,48271,Kinney,2012,2016,White (includes Hispanic),14.8
48,Texas,48271,Kinney,2013,2017,Asian/Pacific Islander (includes Hispanic),
48,Texas,48271,Kinney,2013,2017,Black (includes Hispanic),
48,Texas,48271,Kinney,2013,2017,Hispanic (all races),13.3
48,Texas,48271,Kinney,2013,2017,American Indian/Alaskan Native (includes Hispanic),
48,Texas,48271,Kinney,2013,2017,White (includes Hispanic),12.7
48,Texas,48271,Kinney,2014,2018,Asian/Pacific Islander (includes Hispanic),
48,Texas,48271,Kinney,2014,2018,Black (includes Hispanic),
48,Texas,48271,Kinney,2014,2018,Hispanic (all races),13.0
48,Texas,48271,Kinney,2014,2018,American Indian/Alaskan Native (includes Hispanic),
48,Texas,48271,Kinney,2014,2018,White (includes Hispanic),12.6
48,Texas,48271,Kinney,2015,2019,Asian/Pacific Islander (includes Hispanic),
48,Texas,48271,Kinney,2015,2019,Black (includes Hispanic),
48,Texas,48271,Kinney,2015,2019,Hispanic (all races),13.8
48,Texas,48271,Kinney,2015,2019,American Indian/Alaskan Native (includes Hispanic),
48,Texas,48271,Kinney,2015,2019,White (includes Hispanic),13.8
48,Texas,48271,Kinney,2016,2020,Asian/Pacific Islander (includes Hispanic),
48,Texas,48271,Kinney,2016,2020,Black (includes Hispanic),
48,Texas,48271,Kinney,2016,2020,Hispanic (all races),11.4
48,Texas,48271,Kinney,2016,2020,American Indian/Alaskan Native (includes Hispanic),
48,Texas,48271,Kinney,2016,2020,White (includes Hispanic),12.1
48,Texas,48273,Kleberg,2011,2015,Asian/Pacific Islander (includes Hispanic),
48,Texas,48273,Kleberg,2011,2015,Black (includes Hispanic),
48,Texas,48273,Kleberg,2011,2015,Hispanic (all races),9.3
48,Texas,48273,Kleberg,2011,2015,American Indian/Alaskan Native (includes Hispanic),
48,Texas,48273,Kleberg,2011,2015,White (includes Hispanic),9.8
48,Texas,48273,Kleberg,2012,2016,Asian/Pacific Islander (includes Hispanic),
48,Texas,48273,Kleberg,2012,2016,Black (includes Hispanic),
48,Texas,48273,Kleberg,2012,2016,Hispanic (all races),10.0
48,Texas,48273,Kleberg,2012,2016,American Indian/Alaskan Native (includes Hispanic),
48,Texas,48273,Kleberg,2012,2016,White (includes Hispanic),10.2
48,Texas,48273,Kleberg,2013,2017,Asian/Pacific Islander (includes Hispanic),
48,Texas,48273,Kleberg,2013,2017,Black (includes Hispanic),
48,Texas,48273,Kleberg,2013,2017,Hispanic (all races),10.7
48,Texas,48273,Kleberg,2013,2017,American Indian/Alaskan Native (includes Hispanic),
48,Texas,48273,Kleberg,2013,2017,White (includes Hispanic),11.0
48,Texas,48273,Kleberg,2014,2018,Asian/Pacific Islander (includes Hispanic),
48,Texas,48273,Kleberg,2014,2018,Black (includes Hispanic),
48,Texas,48273,Kleberg,2014,2018,Hispanic (all races),9.7
48,Texas,48273,Kleberg,2014,2018,American Indian/Alaskan Native (includes Hispanic),
48,Texas,48273,Kleberg,2014,2018,White (includes Hispanic),10.5
48,Texas,48273,Kleberg,2015,2019,Asian/Pacific Islander (includes Hispanic),
48,Texas,48273,Kleberg,2015,2019,Black (includes Hispanic),
48,Texas,48273,Kleberg,2015,2019,Hispanic (all races),9.8
48,Texas,48273,Kleberg,2015,2019,American Indian/Alaskan Native (includes Hispanic),
48,Texas,48273,Kleberg,2015,2019,White (includes Hispanic),10.7
48,Texas,48273,Kleberg,2016,2020,Asian/Pacific Islander (includes Hispanic),
48,Texas,48273,Kleberg,2016,2020,Black (includes Hispanic),
48,Texas,48273,Kleberg,2016,2020,Hispanic (all races),10.4
48,Texas,48273,Kleberg,2016,2020,American Indian/Alaskan Native (includes Hispanic),
48,Texas,48273,Kleberg,2016,2020,White (includes Hispanic),10.9
48,Texas,48275,Knox,2011,2015,Asian/Pacific Islander (includes Hispanic),
48,Texas,48275,Knox,2011,2015,Black (includes Hispanic),
48,Texas,48275,Knox,2011,2015,Hispanic (all races),
48,Texas,48275,Knox,2011,2015,American Indian/Alaskan Native (includes Hispanic),
48,Texas,48275,Knox,2011,2015,White (includes Hispanic),
48,Texas,48275,Knox,2012,2016,Asian/Pacific Islander (includes Hispanic),
48,Texas,48275,Knox,2012,2016,Black (includes Hispanic),
48,Texas,48275,Knox,2012,2016,Hispanic (all races),
48,Texas,48275,Knox,2012,2016,American Indian/Alaskan Native (includes Hispanic),
48,Texas,48275,Knox,2012,2016,White (includes Hispanic),
48,Texas,48275,Knox,2013,2017,Asian/Pacific Islander (includes Hispanic),
48,Texas,48275,Knox,2013,2017,Black (includes Hispanic),
48,Texas,48275,Knox,2013,2017,Hispanic (all races),
48,Texas,48275,Knox,2013,2017,American Indian/Alaskan Native (includes Hispanic),
48,Texas,48275,Knox,2013,2017,White (includes Hispanic),
48,Texas,48275,Knox,2014,2018,Asian/Pacific Islander (includes Hispanic),
48,Texas,48275,Knox,2014,2018,Black (includes Hispanic),
48,Texas,48275,Knox,2014,2018,Hispanic (all races),
48,Texas,48275,Knox,2014,2018,American Indian/Alaskan Native (includes Hispanic),
48,Texas,48275,Knox,2014,2018,White (includes Hispanic),
48,Texas,48275,Knox,2015,2019,Asian/Pacific Islander (includes Hispanic),
48,Texas,48275,Knox,2015,2019,Black (includes Hispanic),
48,Texas,48275,Knox,2015,2019,Hispanic (all races),
48,Texas,48275,Knox,2015,2019,American Indian/Alaskan Native (includes Hispanic),
48,Texas,48275,Knox,2015,2019,White (includes Hispanic),
48,Texas,48275,Knox,2016,2020,Asian/Pacific Islander (includes Hispanic),
48,Texas,48275,Knox,2016,2020,Black (includes Hispanic),
48,Texas,48275,Knox,2016,2020,Hispanic (all races),
48,Texas,48275,Knox,2016,2020,American Indian/Alaskan Native (includes Hispanic),
48,Texas,48275,Knox,2016,2020,White (includes Hispanic),
48,Texas,48283,La Salle,2011,2015,Asian/Pacific Islander (includes Hispanic),
48,Texas,48283,La Salle,2011,2015,Black (includes Hispanic),
48,Texas,48283,La Salle,2011,2015,Hispanic (all races),12.2
48,Texas,48283,La Salle,2011,2015,American Indian/Alaskan Native (includes Hispanic),
48,Texas,48283,La Salle,2011,2015,White (includes Hispanic),12.5
48,Texas,48283,La Salle,2012,2016,Asian/Pacific Islander (includes Hispanic),
48,Texas,48283,La Salle,2012,2016,Black (includes Hispanic),
48,Texas,48283,La Salle,2012,2016,Hispanic (all races),12.4
48,Texas,48283,La Salle,2012,2016,American Indian/Alaskan Native (includes Hispanic),
48,Texas,48283,La Salle,2012,2016,White (includes Hispanic),12.4
48,Texas,48283,La Salle,2013,2017,Asian/Pacific Islander (includes Hispanic),
48,Texas,48283,La Salle,2013,2017,Black (includes Hispanic),
48,Texas,48283,La Salle,2013,2017,Hispanic (all races),12.3
48,Texas,48283,La Salle,2013,2017,American Indian/Alaskan Native (includes Hispanic),
48,Texas,48283,La Salle,2013,2017,White (includes Hispanic),12.0
48,Texas,48283,La Salle,2014,2018,Asian/Pacific Islander (includes Hispanic),
48,Texas,48283,La Salle,2014,2018,Black (includes Hispanic),
48,Texas,48283,La Salle,2014,2018,Hispanic (all races),12.4
48,Texas,48283,La Salle,2014,2018,American Indian/Alaskan Native (includes Hispanic),
48,Texas,48283,La Salle,2014,2018,White (includes Hispanic),11.9
48,Texas,48283,La Salle,2015,2019,Asian/Pacific Islander (includes Hispanic),
48,Texas,48283,La Salle,2015,2019,Black (includes Hispanic),
48,Texas,48283,La Salle,2015,2019,Hispanic (all races),13.6
48,Texas,48283,La Salle,2015,2019,American Indian/Alaskan Native (includes Hispanic),
48,Texas,48283,La Salle,2015,2019,White (includes Hispanic),13.0
48,Texas,48283,La Salle,2016,2020,Asian/Pacific Islander (includes Hispanic),
48,Texas,48283,La Salle,2016,2020,Black (includes Hispanic),
48,Texas,48283,La Salle,2016,2020,Hispanic (all races),11.8
48,Texas,48283,La Salle,2016,2020,American Indian/Alaskan Native (includes Hispanic),
48,Texas,48283,La Salle,2016,2020,White (includes Hispanic),11.3
48,Texas,48277,Lamar,2011,2015,Asian/Pacific Islander (includes Hispanic),
48,Texas,48277,Lamar,2011,2015,Black (includes Hispanic),
48,Texas,48277,Lamar,2011,2015,Hispanic (all races),
48,Texas,48277,Lamar,2011,2015,American Indian/Alaskan Native (includes Hispanic),
48,Texas,48277,Lamar,2011,2015,White (includes Hispanic),10.2
48,Texas,48277,Lamar,2012,2016,Asian/Pacific Islander (includes Hispanic),
48,Texas,48277,Lamar,2012,2016,Black (includes Hispanic),
48,Texas,48277,Lamar,2012,2016,Hispanic (all races),
48,Texas,48277,Lamar,2012,2016,American Indian/Alaskan Native (includes Hispanic),
48,Texas,48277,Lamar,2012,2016,White (includes Hispanic),11.5
48,Texas,48277,Lamar,2013,2017,Asian/Pacific Islander (includes Hispanic),
48,Texas,48277,Lamar,2013,2017,Black (includes Hispanic),
48,Texas,48277,Lamar,2013,2017,Hispanic (all races),
48,Texas,48277,Lamar,2013,2017,American Indian/Alaskan Native (includes Hispanic),
48,Texas,48277,Lamar,2013,2017,White (includes Hispanic),11.5
48,Texas,48277,Lamar,2014,2018,Asian/Pacific Islander (includes Hispanic),
48,Texas,48277,Lamar,2014,2018,Black (includes Hispanic),
48,Texas,48277,Lamar,2014,2018,Hispanic (all races),
48,Texas,48277,Lamar,2014,2018,American Indian/Alaskan Native (includes Hispanic),
48,Texas,48277,Lamar,2014,2018,White (includes Hispanic),12.5
48,Texas,48277,Lamar,2015,2019,Asian/Pacific Islander (includes Hispanic),
48,Texas,48277,Lamar,2015,2019,Black (includes Hispanic),
48,Texas,48277,Lamar,2015,2019,Hispanic (all races),
48,Texas,48277,Lamar,2015,2019,American Indian/Alaskan Native (includes Hispanic),
48,Texas,48277,Lamar,2015,2019,White (includes Hispanic),14.4
48,Texas,48277,Lamar,2016,2020,Asian/Pacific Islander (includes Hispanic),
48,Texas,48277,Lamar,2016,2020,Black (includes Hispanic),
48,Texas,48277,Lamar,2016,2020,Hispanic (all races),
48,Texas,48277,Lamar,2016,2020,American Indian/Alaskan Native (includes Hispanic),
48,Texas,48277,Lamar,2016,2020,White (includes Hispanic),13.9
48,Texas,48279,Lamb,2011,2015,Asian/Pacific Islander (includes Hispanic),
48,Texas,48279,Lamb,2011,2015,Black (includes Hispanic),
48,Texas,48279,Lamb,2011,2015,Hispanic (all races),16.1
48,Texas,48279,Lamb,2011,2015,American Indian/Alaskan Native (includes Hispanic),
48,Texas,48279,Lamb,2011,2015,White (includes Hispanic),10.3
48,Texas,48279,Lamb,2012,2016,Asian/Pacific Islander (includes Hispanic),
48,Texas,48279,Lamb,2012,2016,Black (includes Hispanic),
48,Texas,48279,Lamb,2012,2016,Hispanic (all races),16.2
48,Texas,48279,Lamb,2012,2016,American Indian/Alaskan Native (includes Hispanic),
48,Texas,48279,Lamb,2012,2016,White (includes Hispanic),11.1
48,Texas,48279,Lamb,2013,2017,Asian/Pacific Islander (includes Hispanic),
48,Texas,48279,Lamb,2013,2017,Black (includes Hispanic),
48,Texas,48279,Lamb,2013,2017,Hispanic (all races),16.5
48,Texas,48279,Lamb,2013,2017,American Indian/Alaskan Native (includes Hispanic),
48,Texas,48279,Lamb,2013,2017,White (includes Hispanic),11.6
48,Texas,48279,Lamb,2014,2018,Asian/Pacific Islander (includes Hispanic),
48,Texas,48279,Lamb,2014,2018,Black (includes Hispanic),
48,Texas,48279,Lamb,2014,2018,Hispanic (all races),16.2
48,Texas,48279,Lamb,2014,2018,American Indian/Alaskan Native (includes Hispanic),
48,Texas,48279,Lamb,2014,2018,White (includes Hispanic),11.3
48,Texas,48279,Lamb,2015,2019,Asian/Pacific Islander (includes Hispanic),
48,Texas,48279,Lamb,2015,2019,Black (includes Hispanic),
48,Texas,48279,Lamb,2015,2019,Hispanic (all races),14.6
48,Texas,48279,Lamb,2015,2019,American Indian/Alaskan Native (includes Hispanic),
48,Texas,48279,Lamb,2015,2019,White (includes Hispanic),11.4
48,Texas,48279,Lamb,2016,2020,Asian/Pacific Islander (includes Hispanic),
48,Texas,48279,Lamb,2016,2020,Black (includes Hispanic),
48,Texas,48279,Lamb,2016,2020,Hispanic (all races),14.6
48,Texas,48279,Lamb,2016,2020,American Indian/Alaskan Native (includes Hispanic),
48,Texas,48279,Lamb,2016,2020,White (includes Hispanic),11.3
48,Texas,48281,Lampasas,2011,2015,Asian/Pacific Islander (includes Hispanic),
48,Texas,48281,Lampasas,2011,2015,Black (includes Hispanic),9.0
48,Texas,48281,Lampasas,2011,2015,Hispanic (all races),8.8
48,Texas,48281,Lampasas,2011,2015,American Indian/Alaskan Native (includes Hispanic),
48,Texas,48281,Lampasas,2011,2015,White (includes Hispanic),12.3
48,Texas,48281,Lampasas,2012,2016,Asian/Pacific Islander (includes Hispanic),
48,Texas,48281,Lampasas,2012,2016,Black (includes Hispanic),10.3
48,Texas,48281,Lampasas,2012,2016,Hispanic (all races),9.7
48,Texas,48281,Lampasas,2012,2016,American Indian/Alaskan Native (includes Hispanic),
48,Texas,48281,Lampasas,2012,2016,White (includes Hispanic),10.7
48,Texas,48281,Lampasas,2013,2017,Asian/Pacific Islander (includes Hispanic),
48,Texas,48281,Lampasas,2013,2017,Black (includes Hispanic),9.2
48,Texas,48281,Lampasas,2013,2017,Hispanic (all races),10.1
48,Texas,48281,Lampasas,2013,2017,American Indian/Alaskan Native (includes Hispanic),
48,Texas,48281,Lampasas,2013,2017,White (includes Hispanic),10.4
48,Texas,48281,Lampasas,2014,2018,Asian/Pacific Islander (includes Hispanic),
48,Texas,48281,Lampasas,2014,2018,Black (includes Hispanic),9.7
48,Texas,48281,Lampasas,2014,2018,Hispanic (all races),11.5
48,Texas,48281,Lampasas,2014,2018,American Indian/Alaskan Native (includes Hispanic),
48,Texas,48281,Lampasas,2014,2018,White (includes Hispanic),10.3
48,Texas,48281,Lampasas,2015,2019,Asian/Pacific Islander (includes Hispanic),
48,Texas,48281,Lampasas,2015,2019,Black (includes Hispanic),9.9
48,Texas,48281,Lampasas,2015,2019,Hispanic (all races),11.1
48,Texas,48281,Lampasas,2015,2019,American Indian/Alaskan Native (includes Hispanic),
48,Texas,48281,Lampasas,2015,2019,White (includes Hispanic),11.3
48,Texas,48281,Lampasas,2016,2020,Asian/Pacific Islander (includes Hispanic),
48,Texas,48281,Lampasas,2016,2020,Black (includes Hispanic),8.0
48,Texas,48281,Lampasas,2016,2020,Hispanic (all races),13.0
48,Texas,48281,Lampasas,2016,2020,American Indian/Alaskan Native (includes Hispanic),
48,Texas,48281,Lampasas,2016,2020,White (includes Hispanic),11.8
48,Texas,48285,Lavaca,2011,2015,Asian/Pacific Islander (includes Hispanic),
48,Texas,48285,Lavaca,2011,2015,Black (includes Hispanic),
48,Texas,48285,Lavaca,2011,2015,Hispanic (all races),16.7
48,Texas,48285,Lavaca,2011,2015,American Indian/Alaskan Native (includes Hispanic),
48,Texas,48285,Lavaca,2011,2015,White (includes Hispanic),10.9
48,Texas,48285,Lavaca,2012,2016,Asian/Pacific Islander (includes Hispanic),
48,Texas,48285,Lavaca,2012,2016,Black (includes Hispanic),
48,Texas,48285,Lavaca,2012,2016,Hispanic (all races),15.9
48,Texas,48285,Lavaca,2012,2016,American Indian/Alaskan Native (includes Hispanic),
48,Texas,48285,Lavaca,2012,2016,White (includes Hispanic),11.3
48,Texas,48285,Lavaca,2013,2017,Asian/Pacific Islander (includes Hispanic),
48,Texas,48285,Lavaca,2013,2017,Black (includes Hispanic),
48,Texas,48285,Lavaca,2013,2017,Hispanic (all races),15.9
48,Texas,48285,Lavaca,2013,2017,American Indian/Alaskan Native (includes Hispanic),
48,Texas,48285,Lavaca,2013,2017,White (includes Hispanic),10.3
48,Texas,48285,Lavaca,2014,2018,Asian/Pacific Islander (includes Hispanic),
48,Texas,48285,Lavaca,2014,2018,Black (includes Hispanic),
48,Texas,48285,Lavaca,2014,2018,Hispanic (all races),15.1
48,Texas,48285,Lavaca,2014,2018,American Indian/Alaskan Native (includes Hispanic),
48,Texas,48285,Lavaca,2014,2018,White (includes Hispanic),11.4
48,Texas,48285,Lavaca,2015,2019,Asian/Pacific Islander (includes Hispanic),
48,Texas,48285,Lavaca,2015,2019,Black (includes Hispanic),
48,Texas,48285,Lavaca,2015,2019,Hispanic (all races),13.0
48,Texas,48285,Lavaca,2015,2019,American Indian/Alaskan Native (includes Hispanic),
48,Texas,48285,Lavaca,2015,2019,White (includes Hispanic),11.3
48,Texas,48285,Lavaca,2016,2020,Asian/Pacific Islander (includes Hispanic),
48,Texas,48285,Lavaca,2016,2020,Black (includes Hispanic),
48,Texas,48285,Lavaca,2016,2020,Hispanic (all races),15.4
48,Texas,48285,Lavaca,2016,2020,American Indian/Alaskan Native (includes Hispanic),
48,Texas,48285,Lavaca,2016,2020,White (includes Hispanic),12.8
48,Texas,48287,Lee,2011,2015,Asian/Pacific Islander (includes Hispanic),
48,Texas,48287,Lee,2011,2015,Black (includes Hispanic),
48,Texas,48287,Lee,2011,2015,Hispanic (all races),7.6
48,Texas,48287,Lee,2011,2015,American Indian/Alaskan Native (includes Hispanic),
48,Texas,48287,Lee,2011,2015,White (includes Hispanic),6.4
48,Texas,48287,Lee,2012,2016,Asian/Pacific Islander (includes Hispanic),
48,Texas,48287,Lee,2012,2016,Black (includes Hispanic),
48,Texas,48287,Lee,2012,2016,Hispanic (all races),6.9
48,Texas,48287,Lee,2012,2016,American Indian/Alaskan Native (includes Hispanic),
48,Texas,48287,Lee,2012,2016,White (includes Hispanic),6.2
48,Texas,48287,Lee,2013,2017,Asian/Pacific Islander (includes Hispanic),
48,Texas,48287,Lee,2013,2017,Black (includes Hispanic),
48,Texas,48287,Lee,2013,2017,Hispanic (all races),6.1
48,Texas,48287,Lee,2013,2017,American Indian/Alaskan Native (includes Hispanic),
48,Texas,48287,Lee,2013,2017,White (includes Hispanic),6.0
48,Texas,48287,Lee,2014,2018,Asian/Pacific Islander (includes Hispanic),
48,Texas,48287,Lee,2014,2018,Black (includes Hispanic),
48,Texas,48287,Lee,2014,2018,Hispanic (all races),5.4
48,Texas,48287,Lee,2014,2018,American Indian/Alaskan Native (includes Hispanic),
48,Texas,48287,Lee,2014,2018,White (includes Hispanic),6.3
48,Texas,48287,Lee,2015,2019,Asian/Pacific Islander (includes Hispanic),
48,Texas,48287,Lee,2015,2019,Black (includes Hispanic),
48,Texas,48287,Lee,2015,2019,Hispanic (all races),6.0
48,Texas,48287,Lee,2015,2019,American Indian/Alaskan Native (includes Hispanic),
48,Texas,48287,Lee,2015,2019,White (includes Hispanic),6.7
48,Texas,48287,Lee,2016,2020,Asian/Pacific Islander (includes Hispanic),
48,Texas,48287,Lee,2016,2020,Black (includes Hispanic),
48,Texas,48287,Lee,2016,2020,Hispanic (all races),6.3
48,Texas,48287,Lee,2016,2020,American Indian/Alaskan Native (includes Hispanic),
48,Texas,48287,Lee,2016,2020,White (includes Hispanic),6.7
48,Texas,48289,Leon,2011,2015,Asian/Pacific Islander (includes Hispanic),
48,Texas,48289,Leon,2011,2015,Black (includes Hispanic),
48,Texas,48289,Leon,2011,2015,Hispanic (all races),15.7
48,Texas,48289,Leon,2011,2015,American Indian/Alaskan Native (includes Hispanic),
48,Texas,48289,Leon,2011,2015,White (includes Hispanic),9.2
48,Texas,48289,Leon,2012,2016,Asian/Pacific Islander (includes Hispanic),
48,Texas,48289,Leon,2012,2016,Black (includes Hispanic),
48,Texas,48289,Leon,2012,2016,Hispanic (all races),15.8
48,Texas,48289,Leon,2012,2016,American Indian/Alaskan Native (includes Hispanic),
48,Texas,48289,Leon,2012,2016,White (includes Hispanic),10.1
48,Texas,48289,Leon,2013,2017,Asian/Pacific Islander (includes Hispanic),
48,Texas,48289,Leon,2013,2017,Black (includes Hispanic),
48,Texas,48289,Leon,2013,2017,Hispanic (all races),18.3
48,Texas,48289,Leon,2013,2017,American Indian/Alaskan Native (includes Hispanic),
48,Texas,48289,Leon,2013,2017,White (includes Hispanic),11.6
48,Texas,48289,Leon,2014,2018,Asian/Pacific Islander (includes Hispanic),
48,Texas,48289,Leon,2014,2018,Black (includes Hispanic),
48,Texas,48289,Leon,2014,2018,Hispanic (all races),17.0
48,Texas,48289,Leon,2014,2018,American Indian/Alaskan Native (includes Hispanic),
48,Texas,48289,Leon,2014,2018,White (includes Hispanic),11.6
48,Texas,48289,Leon,2015,2019,Asian/Pacific Islander (includes Hispanic),
48,Texas,48289,Leon,2015,2019,Black (includes Hispanic),
48,Texas,48289,Leon,2015,2019,Hispanic (all races),14.9
48,Texas,48289,Leon,2015,2019,American Indian/Alaskan Native (includes Hispanic),
48,Texas,48289,Leon,2015,2019,White (includes Hispanic),11.1
48,Texas,48289,Leon,2016,2020,Asian/Pacific Islander (includes Hispanic),
48,Texas,48289,Leon,2016,2020,Black (includes Hispanic),
48,Texas,48289,Leon,2016,2020,Hispanic (all races),
48,Texas,48289,Leon,2016,2020,American Indian/Alaskan Native (includes Hispanic),
48,Texas,48289,Leon,2016,2020,White (includes Hispanic),10.4
48,Texas,48291,Liberty,2011,2015,Asian/Pacific Islander (includes Hispanic),5.6
48,Texas,48291,Liberty,2011,2015,Black (includes Hispanic),11.9
48,Texas,48291,Liberty,2011,2015,Hispanic (all races),14.0
48,Texas,48291,Liberty,2011,2015,American Indian/Alaskan Native (includes Hispanic),
48,Texas,48291,Liberty,2011,2015,White (includes Hispanic),10.7
48,Texas,48291,Liberty,2012,2016,Asian/Pacific Islander (includes Hispanic),5.7
48,Texas,48291,Liberty,2012,2016,Black (includes Hispanic),11.6
48,Texas,48291,Liberty,2012,2016,Hispanic (all races),13.9
48,Texas,48291,Liberty,2012,2016,American Indian/Alaskan Native (includes Hispanic),
48,Texas,48291,Liberty,2012,2016,White (includes Hispanic),10.8
48,Texas,48291,Liberty,2013,2017,Asian/Pacific Islander (includes Hispanic),6.0
48,Texas,48291,Liberty,2013,2017,Black (includes Hispanic),10.4
48,Texas,48291,Liberty,2013,2017,Hispanic (all races),13.7
48,Texas,48291,Liberty,2013,2017,American Indian/Alaskan Native (includes Hispanic),
48,Texas,48291,Liberty,2013,2017,White (includes Hispanic),10.8
48,Texas,48291,Liberty,2014,2018,Asian/Pacific Islander (includes Hispanic),6.6
48,Texas,48291,Liberty,2014,2018,Black (includes Hispanic),10.2
48,Texas,48291,Liberty,2014,2018,Hispanic (all races),13.7
48,Texas,48291,Liberty,2014,2018,American Indian/Alaskan Native (includes Hispanic),
48,Texas,48291,Liberty,2014,2018,White (includes Hispanic),10.8
48,Texas,48291,Liberty,2015,2019,Asian/Pacific Islander (includes Hispanic),6.9
48,Texas,48291,Liberty,2015,2019,Black (includes Hispanic),10.2
48,Texas,48291,Liberty,2015,2019,Hispanic (all races),13.0
48,Texas,48291,Liberty,2015,2019,American Indian/Alaskan Native (includes Hispanic),
48,Texas,48291,Liberty,2015,2019,White (includes Hispanic),10.3
48,Texas,48291,Liberty,2016,2020,Asian/Pacific Islander (includes Hispanic),6.7
48,Texas,48291,Liberty,2016,2020,Black (includes Hispanic),9.6
48,Texas,48291,Liberty,2016,2020,Hispanic (all races),12.5
48,Texas,48291,Liberty,2016,2020,American Indian/Alaskan Native (includes Hispanic),
48,Texas,48291,Liberty,2016,2020,White (includes Hispanic),9.9
48,Texas,48293,Limestone,2011,2015,Asian/Pacific Islander (includes Hispanic),
48,Texas,48293,Limestone,2011,2015,Black (includes Hispanic),16.2
48,Texas,48293,Limestone,2011,2015,Hispanic (all races),
48,Texas,48293,Limestone,2011,2015,American Indian/Alaskan Native (includes Hispanic),
48,Texas,48293,Limestone,2011,2015,White (includes Hispanic),9.5
48,Texas,48293,Limestone,2012,2016,Asian/Pacific Islander (includes Hispanic),
48,Texas,48293,Limestone,2012,2016,Black (includes Hispanic),14.2
48,Texas,48293,Limestone,2012,2016,Hispanic (all races),10.3
48,Texas,48293,Limestone,2012,2016,American Indian/Alaskan Native (includes Hispanic),
48,Texas,48293,Limestone,2012,2016,White (includes Hispanic),10.1
48,Texas,48293,Limestone,2013,2017,Asian/Pacific Islander (includes Hispanic),
48,Texas,48293,Limestone,2013,2017,Black (includes Hispanic),13.5
48,Texas,48293,Limestone,2013,2017,Hispanic (all races),11.7
48,Texas,48293,Limestone,2013,2017,American Indian/Alaskan Native (includes Hispanic),
48,Texas,48293,Limestone,2013,2017,White (includes Hispanic),10.4
48,Texas,48293,Limestone,2014,2018,Asian/Pacific Islander (includes Hispanic),
48,Texas,48293,Limestone,2014,2018,Black (includes Hispanic),12.4
48,Texas,48293,Limestone,2014,2018,Hispanic (all races),12.4
48,Texas,48293,Limestone,2014,2018,American Indian/Alaskan Native (includes Hispanic),
48,Texas,48293,Limestone,2014,2018,White (includes Hispanic),11.0
48,Texas,48293,Limestone,2015,2019,Asian/Pacific Islander (includes Hispanic),
48,Texas,48293,Limestone,2015,2019,Black (includes Hispanic),
48,Texas,48293,Limestone,2015,2019,Hispanic (all races),14.7
48,Texas,48293,Limestone,2015,2019,American Indian/Alaskan Native (includes Hispanic),
48,Texas,48293,Limestone,2015,2019,White (includes Hispanic),11.7
48,Texas,48293,Limestone,2016,2020,Asian/Pacific Islander (includes Hispanic),
48,Texas,48293,Limestone,2016,2020,Black (includes Hispanic),
48,Texas,48293,Limestone,2016,2020,Hispanic (all races),11.8
48,Texas,48293,Limestone,2016,2020,American Indian/Alaskan Native (includes Hispanic),
48,Texas,48293,Limestone,2016,2020,White (includes Hispanic),11.5
48,Texas,48295,Lipscomb,2011,2015,Asian/Pacific Islander (includes Hispanic),
48,Texas,48295,Lipscomb,2011,2015,Black (includes Hispanic),
48,Texas,48295,Lipscomb,2011,2015,Hispanic (all races),
48,Texas,48295,Lipscomb,2011,2015,American Indian/Alaskan Native (includes Hispanic),
48,Texas,48295,Lipscomb,2011,2015,White (includes Hispanic),
48,Texas,48295,Lipscomb,2012,2016,Asian/Pacific Islander (includes Hispanic),
48,Texas,48295,Lipscomb,2012,2016,Black (includes Hispanic),
48,Texas,48295,Lipscomb,2012,2016,Hispanic (all races),
48,Texas,48295,Lipscomb,2012,2016,American Indian/Alaskan Native (includes Hispanic),
48,Texas,48295,Lipscomb,2012,2016,White (includes Hispanic),
48,Texas,48295,Lipscomb,2013,2017,Asian/Pacific Islander (includes Hispanic),
48,Texas,48295,Lipscomb,2013,2017,Black (includes Hispanic),
48,Texas,48295,Lipscomb,2013,2017,Hispanic (all races),
48,Texas,48295,Lipscomb,2013,2017,American Indian/Alaskan Native (includes Hispanic),
48,Texas,48295,Lipscomb,2013,2017,White (includes Hispanic),
48,Texas,48295,Lipscomb,2014,2018,Asian/Pacific Islander (includes Hispanic),
48,Texas,48295,Lipscomb,2014,2018,Black (includes Hispanic),
48,Texas,48295,Lipscomb,2014,2018,Hispanic (all races),
48,Texas,48295,Lipscomb,2014,2018,American Indian/Alaskan Native (includes Hispanic),
48,Texas,48295,Lipscomb,2014,2018,White (includes Hispanic),
48,Texas,48295,Lipscomb,2015,2019,Asian/Pacific Islander (includes Hispanic),
48,Texas,48295,Lipscomb,2015,2019,Black (includes Hispanic),
48,Texas,48295,Lipscomb,2015,2019,Hispanic (all races),
48,Texas,48295,Lipscomb,2015,2019,American Indian/Alaskan Native (includes Hispanic),
48,Texas,48295,Lipscomb,2015,2019,White (includes Hispanic),
48,Texas,48295,Lipscomb,2016,2020,Asian/Pacific Islander (includes Hispanic),
48,Texas,48295,Lipscomb,2016,2020,Black (includes Hispanic),
48,Texas,48295,Lipscomb,2016,2020,Hispanic (all races),
48,Texas,48295,Lipscomb,2016,2020,American Indian/Alaskan Native (includes Hispanic),
48,Texas,48295,Lipscomb,2016,2020,White (includes Hispanic),
48,Texas,48297,Live Oak,2011,2015,Asian/Pacific Islander (includes Hispanic),
48,Texas,48297,Live Oak,2011,2015,Black (includes Hispanic),
48,Texas,48297,Live Oak,2011,2015,Hispanic (all races),8.3
48,Texas,48297,Live Oak,2011,2015,American Indian/Alaskan Native (includes Hispanic),
48,Texas,48297,Live Oak,2011,2015,White (includes Hispanic),9.2
48,Texas,48297,Live Oak,2012,2016,Asian/Pacific Islander (includes Hispanic),
48,Texas,48297,Live Oak,2012,2016,Black (includes Hispanic),
48,Texas,48297,Live Oak,2012,2016,Hispanic (all races),10.4
48,Texas,48297,Live Oak,2012,2016,American Indian/Alaskan Native (includes Hispanic),
48,Texas,48297,Live Oak,2012,2016,White (includes Hispanic),10.1
48,Texas,48297,Live Oak,2013,2017,Asian/Pacific Islander (includes Hispanic),
48,Texas,48297,Live Oak,2013,2017,Black (includes Hispanic),
48,Texas,48297,Live Oak,2013,2017,Hispanic (all races),12.6
48,Texas,48297,Live Oak,2013,2017,American Indian/Alaskan Native (includes Hispanic),
48,Texas,48297,Live Oak,2013,2017,White (includes Hispanic),11.1
48,Texas,48297,Live Oak,2014,2018,Asian/Pacific Islander (includes Hispanic),
48,Texas,48297,Live Oak,2014,2018,Black (includes Hispanic),
48,Texas,48297,Live Oak,2014,2018,Hispanic (all races),12.7
48,Texas,48297,Live Oak,2014,2018,American Indian/Alaskan Native (includes Hispanic),
48,Texas,48297,Live Oak,2014,2018,White (includes Hispanic),11.4
48,Texas,48297,Live Oak,2015,2019,Asian/Pacific Islander (includes Hispanic),
48,Texas,48297,Live Oak,2015,2019,Black (includes Hispanic),
48,Texas,48297,Live Oak,2015,2019,Hispanic (all races),15.5
48,Texas,48297,Live Oak,2015,2019,American Indian/Alaskan Native (includes Hispanic),
48,Texas,48297,Live Oak,2015,2019,White (includes Hispanic),13.7
48,Texas,48297,Live Oak,2016,2020,Asian/Pacific Islander (includes Hispanic),
48,Texas,48297,Live Oak,2016,2020,Black (includes Hispanic),
48,Texas,48297,Live Oak,2016,2020,Hispanic (all races),17.2
48,Texas,48297,Live Oak,2016,2020,American Indian/Alaskan Native (includes Hispanic),
48,Texas,48297,Live Oak,2016,2020,White (includes Hispanic),15.0
48,Texas,48299,Llano,2011,2015,Asian/Pacific Islander (includes Hispanic),
48,Texas,48299,Llano,2011,2015,Black (includes Hispanic),
48,Texas,48299,Llano,2011,2015,Hispanic (all races),
48,Texas,48299,Llano,2011,2015,American Indian/Alaskan Native (includes Hispanic),
48,Texas,48299,Llano,2011,2015,White (includes Hispanic),9.0
48,Texas,48299,Llano,2012,2016,Asian/Pacific Islander (includes Hispanic),
48,Texas,48299,Llano,2012,2016,Black (includes Hispanic),
48,Texas,48299,Llano,2012,2016,Hispanic (all races),
48,Texas,48299,Llano,2012,2016,American Indian/Alaskan Native (includes Hispanic),
48,Texas,48299,Llano,2012,2016,White (includes Hispanic),8.1
48,Texas,48299,Llano,2013,2017,Asian/Pacific Islander (includes Hispanic),
48,Texas,48299,Llano,2013,2017,Black (includes Hispanic),
48,Texas,48299,Llano,2013,2017,Hispanic (all races),
48,Texas,48299,Llano,2013,2017,American Indian/Alaskan Native (includes Hispanic),
48,Texas,48299,Llano,2013,2017,White (includes Hispanic),9.6
48,Texas,48299,Llano,2014,2018,Asian/Pacific Islander (includes Hispanic),
48,Texas,48299,Llano,2014,2018,Black (includes Hispanic),
48,Texas,48299,Llano,2014,2018,Hispanic (all races),
48,Texas,48299,Llano,2014,2018,American Indian/Alaskan Native (includes Hispanic),
48,Texas,48299,Llano,2014,2018,White (includes Hispanic),11.0
48,Texas,48299,Llano,2015,2019,Asian/Pacific Islander (includes Hispanic),
48,Texas,48299,Llano,2015,2019,Black (includes Hispanic),
48,Texas,48299,Llano,2015,2019,Hispanic (all races),
48,Texas,48299,Llano,2015,2019,American Indian/Alaskan Native (includes Hispanic),
48,Texas,48299,Llano,2015,2019,White (includes Hispanic),10.8
48,Texas,48299,Llano,2016,2020,Asian/Pacific Islander (includes Hispanic),
48,Texas,48299,Llano,2016,2020,Black (includes Hispanic),
48,Texas,48299,Llano,2016,2020,Hispanic (all races),
48,Texas,48299,Llano,2016,2020,American Indian/Alaskan Native (includes Hispanic),
48,Texas,48299,Llano,2016,2020,White (includes Hispanic),9.2
48,Texas,48301,Loving,2011,2015,Asian/Pacific Islander (includes Hispanic),
48,Texas,48301,Loving,2011,2015,Black (includes Hispanic),
48,Texas,48301,Loving,2011,2015,Hispanic (all races),10.7
48,Texas,48301,Loving,2011,2015,American Indian/Alaskan Native (includes Hispanic),
48,Texas,48301,Loving,2011,2015,White (includes Hispanic),12.1
48,Texas,48301,Loving,2012,2016,Asian/Pacific Islander (includes Hispanic),
48,Texas,48301,Loving,2012,2016,Black (includes Hispanic),
48,Texas,48301,Loving,2012,2016,Hispanic (all races),11.9
48,Texas,48301,Loving,2012,2016,American Indian/Alaskan Native (includes Hispanic),
48,Texas,48301,Loving,2012,2016,White (includes Hispanic),12.1
48,Texas,48301,Loving,2013,2017,Asian/Pacific Islander (includes Hispanic),
48,Texas,48301,Loving,2013,2017,Black (includes Hispanic),
48,Texas,48301,Loving,2013,2017,Hispanic (all races),
48,Texas,48301,Loving,2013,2017,American Indian/Alaskan Native (includes Hispanic),
48,Texas,48301,Loving,2013,2017,White (includes Hispanic),11.2
48,Texas,48301,Loving,2014,2018,Asian/Pacific Islander (includes Hispanic),
48,Texas,48301,Loving,2014,2018,Black (includes Hispanic),
48,Texas,48301,Loving,2014,2018,Hispanic (all races),10.6
48,Texas,48301,Loving,2014,2018,American Indian/Alaskan Native (includes Hispanic),
48,Texas,48301,Loving,2014,2018,White (includes Hispanic),11.9
48,Texas,48301,Loving,2015,2019,Asian/Pacific Islander (includes Hispanic),
48,Texas,48301,Loving,2015,2019,Black (includes Hispanic),
48,Texas,48301,Loving,2015,2019,Hispanic (all races),11.4
48,Texas,48301,Loving,2015,2019,American Indian/Alaskan Native (includes Hispanic),
48,Texas,48301,Loving,2015,2019,White (includes Hispanic),12.7
48,Texas,48301,Loving,2016,2020,Asian/Pacific Islander (includes Hispanic),
48,Texas,48301,Loving,2016,2020,Black (includes Hispanic),
48,Texas,48301,Loving,2016,2020,Hispanic (all races),14.8
48,Texas,48301,Loving,2016,2020,American Indian/Alaskan Native (includes Hispanic),
48,Texas,48301,Loving,2016,2020,White (includes Hispanic),13.4
48,Texas,48303,Lubbock,2011,2015,Asian/Pacific Islander (includes Hispanic),
48,Texas,48303,Lubbock,2011,2015,Black (includes Hispanic),
48,Texas,48303,Lubbock,2011,2015,Hispanic (all races),15.8
48,Texas,48303,Lubbock,2011,2015,American Indian/Alaskan Native (includes Hispanic),
48,Texas,48303,Lubbock,2011,2015,White (includes Hispanic),10.1
48,Texas,48303,Lubbock,2012,2016,Asian/Pacific Islander (includes Hispanic),
48,Texas,48303,Lubbock,2012,2016,Black (includes Hispanic),
48,Texas,48303,Lubbock,2012,2016,Hispanic (all races),16.0
48,Texas,48303,Lubbock,2012,2016,American Indian/Alaskan Native (includes Hispanic),
48,Texas,48303,Lubbock,2012,2016,White (includes Hispanic),11.1
48,Texas,48303,Lubbock,2013,2017,Asian/Pacific Islander (includes Hispanic),
48,Texas,48303,Lubbock,2013,2017,Black (includes Hispanic),
48,Texas,48303,Lubbock,2013,2017,Hispanic (all races),16.9
48,Texas,48303,Lubbock,2013,2017,American Indian/Alaskan Native (includes Hispanic),
48,Texas,48303,Lubbock,2013,2017,White (includes Hispanic),11.7
48,Texas,48303,Lubbock,2014,2018,Asian/Pacific Islander (includes Hispanic),
48,Texas,48303,Lubbock,2014,2018,Black (includes Hispanic),
48,Texas,48303,Lubbock,2014,2018,Hispanic (all races),16.7
48,Texas,48303,Lubbock,2014,2018,American Indian/Alaskan Native (includes Hispanic),
48,Texas,48303,Lubbock,2014,2018,White (includes Hispanic),11.2
48,Texas,48303,Lubbock,2015,2019,Asian/Pacific Islander (includes Hispanic),
48,Texas,48303,Lubbock,2015,2019,Black (includes Hispanic),
48,Texas,48303,Lubbock,2015,2019,Hispanic (all races),15.1
48,Texas,48303,Lubbock,2015,2019,American Indian/Alaskan Native (includes Hispanic),
48,Texas,48303,Lubbock,2015,2019,White (includes Hispanic),11.5
48,Texas,48303,Lubbock,2016,2020,Asian/Pacific Islander (includes Hispanic),
48,Texas,48303,Lubbock,2016,2020,Black (includes Hispanic),
48,Texas,48303,Lubbock,2016,2020,Hispanic (all races),15.1
48,Texas,48303,Lubbock,2016,2020,American Indian/Alaskan Native (includes Hispanic),
48,Texas,48303,Lubbock,2016,2020,White (includes Hispanic),11.4
48,Texas,48305,Lynn,2011,2015,Asian/Pacific Islander (includes Hispanic),
48,Texas,48305,Lynn,2011,2015,Black (includes Hispanic),
48,Texas,48305,Lynn,2011,2015,Hispanic (all races),18.0
48,Texas,48305,Lynn,2011,2015,American Indian/Alaskan Native (includes Hispanic),
48,Texas,48305,Lynn,2011,2015,White (includes Hispanic),10.9
48,Texas,48305,Lynn,2012,2016,Asian/Pacific Islander (includes Hispanic),
48,Texas,48305,Lynn,2012,2016,Black (includes Hispanic),
48,Texas,48305,Lynn,2012,2016,Hispanic (all races),18.1
48,Texas,48305,Lynn,2012,2016,American Indian/Alaskan Native (includes Hispanic),
48,Texas,48305,Lynn,2012,2016,White (includes Hispanic),12.2
48,Texas,48305,Lynn,2013,2017,Asian/Pacific Islander (includes Hispanic),
48,Texas,48305,Lynn,2013,2017,Black (includes Hispanic),
48,Texas,48305,Lynn,2013,2017,Hispanic (all races),18.3
48,Texas,48305,Lynn,2013,2017,American Indian/Alaskan Native (includes Hispanic),
48,Texas,48305,Lynn,2013,2017,White (includes Hispanic),12.4
48,Texas,48305,Lynn,2014,2018,Asian/Pacific Islander (includes Hispanic),
48,Texas,48305,Lynn,2014,2018,Black (includes Hispanic),
48,Texas,48305,Lynn,2014,2018,Hispanic (all races),17.2
48,Texas,48305,Lynn,2014,2018,American Indian/Alaskan Native (includes Hispanic),
48,Texas,48305,Lynn,2014,2018,White (includes Hispanic),11.3
48,Texas,48305,Lynn,2015,2019,Asian/Pacific Islander (includes Hispanic),
48,Texas,48305,Lynn,2015,2019,Black (includes Hispanic),
48,Texas,48305,Lynn,2015,2019,Hispanic (all races),14.7
48,Texas,48305,Lynn,2015,2019,American Indian/Alaskan Native (includes Hispanic),
48,Texas,48305,Lynn,2015,2019,White (includes Hispanic),11.1
48,Texas,48305,Lynn,2016,2020,Asian/Pacific Islander (includes Hispanic),
48,Texas,48305,Lynn,2016,2020,Black (includes Hispanic),
48,Texas,48305,Lynn,2016,2020,Hispanic (all races),14.9
48,Texas,48305,Lynn,2016,2020,American Indian/Alaskan Native (includes Hispanic),
48,Texas,48305,Lynn,2016,2020,White (includes Hispanic),11.4
48,Texas,48313,Madison,2011,2015,Asian/Pacific Islander (includes Hispanic),
48,Texas,48313,Madison,2011,2015,Black (includes Hispanic),
48,Texas,48313,Madison,2011,2015,Hispanic (all races),
48,Texas,48313,Madison,2011,2015,American Indian/Alaskan Native (includes Hispanic),
48,Texas,48313,Madison,2011,2015,White (includes Hispanic),7.6
48,Texas,48313,Madison,2012,2016,Asian/Pacific Islander (includes Hispanic),
48,Texas,48313,Madison,2012,2016,Black (includes Hispanic),
48,Texas,48313,Madison,2012,2016,Hispanic (all races),14.2
48,Texas,48313,Madison,2012,2016,American Indian/Alaskan Native (includes Hispanic),
48,Texas,48313,Madison,2012,2016,White (includes Hispanic),9.0
48,Texas,48313,Madison,2013,2017,Asian/Pacific Islander (includes Hispanic),
48,Texas,48313,Madison,2013,2017,Black (includes Hispanic),
48,Texas,48313,Madison,2013,2017,Hispanic (all races),16.2
48,Texas,48313,Madison,2013,2017,American Indian/Alaskan Native (includes Hispanic),
48,Texas,48313,Madison,2013,2017,White (includes Hispanic),10.4
48,Texas,48313,Madison,2014,2018,Asian/Pacific Islander (includes Hispanic),
48,Texas,48313,Madison,2014,2018,Black (includes Hispanic),
48,Texas,48313,Madison,2014,2018,Hispanic (all races),16.3
48,Texas,48313,Madison,2014,2018,American Indian/Alaskan Native (includes Hispanic),
48,Texas,48313,Madison,2014,2018,White (includes Hispanic),10.6
48,Texas,48313,Madison,2015,2019,Asian/Pacific Islander (includes Hispanic),
48,Texas,48313,Madison,2015,2019,Black (includes Hispanic),
48,Texas,48313,Madison,2015,2019,Hispanic (all races),16.0
48,Texas,48313,Madison,2015,2019,American Indian/Alaskan Native (includes Hispanic),
48,Texas,48313,Madison,2015,2019,White (includes Hispanic),10.7
48,Texas,48313,Madison,2016,2020,Asian/Pacific Islander (includes Hispanic),
48,Texas,48313,Madison,2016,2020,Black (includes Hispanic),
48,Texas,48313,Madison,2016,2020,Hispanic (all races),11.0
48,Texas,48313,Madison,2016,2020,American Indian/Alaskan Native (includes Hispanic),
48,Texas,48313,Madison,2016,2020,White (includes Hispanic),10.0
48,Texas,48315,Marion,2011,2015,Asian/Pacific Islander (includes Hispanic),
48,Texas,48315,Marion,2011,2015,Black (includes Hispanic),11.6
48,Texas,48315,Marion,2011,2015,Hispanic (all races),
48,Texas,48315,Marion,2011,2015,American Indian/Alaskan Native (includes Hispanic),
48,Texas,48315,Marion,2011,2015,White (includes Hispanic),8.6
48,Texas,48315,Marion,2012,2016,Asian/Pacific Islander (includes Hispanic),
48,Texas,48315,Marion,2012,2016,Black (includes Hispanic),11.1
48,Texas,48315,Marion,2012,2016,Hispanic (all races),
48,Texas,48315,Marion,2012,2016,American Indian/Alaskan Native (includes Hispanic),
48,Texas,48315,Marion,2012,2016,White (includes Hispanic),7.4
48,Texas,48315,Marion,2013,2017,Asian/Pacific Islander (includes Hispanic),
48,Texas,48315,Marion,2013,2017,Black (includes Hispanic),11.8
48,Texas,48315,Marion,2013,2017,Hispanic (all races),
48,Texas,48315,Marion,2013,2017,American Indian/Alaskan Native (includes Hispanic),
48,Texas,48315,Marion,2013,2017,White (includes Hispanic),8.9
48,Texas,48315,Marion,2014,2018,Asian/Pacific Islander (includes Hispanic),
48,Texas,48315,Marion,2014,2018,Black (includes Hispanic),10.0
48,Texas,48315,Marion,2014,2018,Hispanic (all races),
48,Texas,48315,Marion,2014,2018,American Indian/Alaskan Native (includes Hispanic),
48,Texas,48315,Marion,2014,2018,White (includes Hispanic),10.5
48,Texas,48315,Marion,2015,2019,Asian/Pacific Islander (includes Hispanic),
48,Texas,48315,Marion,2015,2019,Black (includes Hispanic),10.6
48,Texas,48315,Marion,2015,2019,Hispanic (all races),
48,Texas,48315,Marion,2015,2019,American Indian/Alaskan Native (includes Hispanic),
48,Texas,48315,Marion,2015,2019,White (includes Hispanic),10.0
48,Texas,48315,Marion,2016,2020,Asian/Pacific Islander (includes Hispanic),
48,Texas,48315,Marion,2016,2020,Black (includes Hispanic),10.1
48,Texas,48315,Marion,2016,2020,Hispanic (all races),
48,Texas,48315,Marion,2016,2020,American Indian/Alaskan Native (includes Hispanic),
48,Texas,48315,Marion,2016,2020,White (includes Hispanic),10.3
48,Texas,48317,Martin,2011,2015,Asian/Pacific Islander (includes Hispanic),
48,Texas,48317,Martin,2011,2015,Black (includes Hispanic),
48,Texas,48317,Martin,2011,2015,Hispanic (all races),9.3
48,Texas,48317,Martin,2011,2015,American Indian/Alaskan Native (includes Hispanic),
48,Texas,48317,Martin,2011,2015,White (includes Hispanic),8.4
48,Texas,48317,Martin,2012,2016,Asian/Pacific Islander (includes Hispanic),
48,Texas,48317,Martin,2012,2016,Black (includes Hispanic),
48,Texas,48317,Martin,2012,2016,Hispanic (all races),8.7
48,Texas,48317,Martin,2012,2016,American Indian/Alaskan Native (includes Hispanic),
48,Texas,48317,Martin,2012,2016,White (includes Hispanic),8.8
48,Texas,48317,Martin,2013,2017,Asian/Pacific Islander (includes Hispanic),
48,Texas,48317,Martin,2013,2017,Black (includes Hispanic),
48,Texas,48317,Martin,2013,2017,Hispanic (all races),10.1
48,Texas,48317,Martin,2013,2017,American Indian/Alaskan Native (includes Hispanic),
48,Texas,48317,Martin,2013,2017,White (includes Hispanic),10.2
48,Texas,48317,Martin,2014,2018,Asian/Pacific Islander (includes Hispanic),
48,Texas,48317,Martin,2014,2018,Black (includes Hispanic),
48,Texas,48317,Martin,2014,2018,Hispanic (all races),11.3
48,Texas,48317,Martin,2014,2018,American Indian/Alaskan Native (includes Hispanic),
48,Texas,48317,Martin,2014,2018,White (includes Hispanic),11.0
48,Texas,48317,Martin,2015,2019,Asian/Pacific Islander (includes Hispanic),
48,Texas,48317,Martin,2015,2019,Black (includes Hispanic),
48,Texas,48317,Martin,2015,2019,Hispanic (all races),11.6
48,Texas,48317,Martin,2015,2019,American Indian/Alaskan Native (includes Hispanic),
48,Texas,48317,Martin,2015,2019,White (includes Hispanic),11.7
48,Texas,48317,Martin,2016,2020,Asian/Pacific Islander (includes Hispanic),
48,Texas,48317,Martin,2016,2020,Black (includes Hispanic),
48,Texas,48317,Martin,2016,2020,Hispanic (all races),12.4
48,Texas,48317,Martin,2016,2020,American Indian/Alaskan Native (includes Hispanic),
48,Texas,48317,Martin,2016,2020,White (includes Hispanic),13.2
48,Texas,48319,Mason,2011,2015,Asian/Pacific Islander (includes Hispanic),
48,Texas,48319,Mason,2011,2015,Black (includes Hispanic),
48,Texas,48319,Mason,2011,2015,Hispanic (all races),
48,Texas,48319,Mason,2011,2015,American Indian/Alaskan Native (includes Hispanic),
48,Texas,48319,Mason,2011,2015,White (includes Hispanic),
48,Texas,48319,Mason,2012,2016,Asian/Pacific Islander (includes Hispanic),
48,Texas,48319,Mason,2012,2016,Black (includes Hispanic),
48,Texas,48319,Mason,2012,2016,Hispanic (all races),
48,Texas,48319,Mason,2012,2016,American Indian/Alaskan Native (includes Hispanic),
48,Texas,48319,Mason,2012,2016,White (includes Hispanic),
48,Texas,48319,Mason,2013,2017,Asian/Pacific Islander (includes Hispanic),
48,Texas,48319,Mason,2013,2017,Black (includes Hispanic),
48,Texas,48319,Mason,2013,2017,Hispanic (all races),
48,Texas,48319,Mason,2013,2017,American Indian/Alaskan Native (includes Hispanic),
48,Texas,48319,Mason,2013,2017,White (includes Hispanic),12.3
48,Texas,48319,Mason,2014,2018,Asian/Pacific Islander (includes Hispanic),
48,Texas,48319,Mason,2014,2018,Black (includes Hispanic),
48,Texas,48319,Mason,2014,2018,Hispanic (all races),
48,Texas,48319,Mason,2014,2018,American Indian/Alaskan Native (includes Hispanic),
48,Texas,48319,Mason,2014,2018,White (includes Hispanic),13.4
48,Texas,48319,Mason,2015,2019,Asian/Pacific Islander (includes Hispanic),
48,Texas,48319,Mason,2015,2019,Black (includes Hispanic),
48,Texas,48319,Mason,2015,2019,Hispanic (all races),
48,Texas,48319,Mason,2015,2019,American Indian/Alaskan Native (includes Hispanic),
48,Texas,48319,Mason,2015,2019,White (includes Hispanic),12.4
48,Texas,48319,Mason,2016,2020,Asian/Pacific Islander (includes Hispanic),
48,Texas,48319,Mason,2016,2020,Black (includes Hispanic),
48,Texas,48319,Mason,2016,2020,Hispanic (all races),
48,Texas,48319,Mason,2016,2020,American Indian/Alaskan Native (includes Hispanic),
48,Texas,48319,Mason,2016,2020,White (includes Hispanic),11.2
48,Texas,48321,Matagorda,2011,2015,Asian/Pacific Islander (includes Hispanic),
48,Texas,48321,Matagorda,2011,2015,Black (includes Hispanic),
48,Texas,48321,Matagorda,2011,2015,Hispanic (all races),8.6
48,Texas,48321,Matagorda,2011,2015,American Indian/Alaskan Native (includes Hispanic),
48,Texas,48321,Matagorda,2011,2015,White (includes Hispanic),7.8
48,Texas,48321,Matagorda,2012,2016,Asian/Pacific Islander (includes Hispanic),
48,Texas,48321,Matagorda,2012,2016,Black (includes Hispanic),
48,Texas,48321,Matagorda,2012,2016,Hispanic (all races),9.1
48,Texas,48321,Matagorda,2012,2016,American Indian/Alaskan Native (includes Hispanic),
48,Texas,48321,Matagorda,2012,2016,White (includes Hispanic),8.8
48,Texas,48321,Matagorda,2013,2017,Asian/Pacific Islander (includes Hispanic),
48,Texas,48321,Matagorda,2013,2017,Black (includes Hispanic),
48,Texas,48321,Matagorda,2013,2017,Hispanic (all races),10.5
48,Texas,48321,Matagorda,2013,2017,American Indian/Alaskan Native (includes Hispanic),
48,Texas,48321,Matagorda,2013,2017,White (includes Hispanic),8.9
48,Texas,48321,Matagorda,2014,2018,Asian/Pacific Islander (includes Hispanic),
48,Texas,48321,Matagorda,2014,2018,Black (includes Hispanic),
48,Texas,48321,Matagorda,2014,2018,Hispanic (all races),13.2
48,Texas,48321,Matagorda,2014,2018,American Indian/Alaskan Native (includes Hispanic),
48,Texas,48321,Matagorda,2014,2018,White (includes Hispanic),9.9
48,Texas,48321,Matagorda,2015,2019,Asian/Pacific Islander (includes Hispanic),
48,Texas,48321,Matagorda,2015,2019,Black (includes Hispanic),
48,Texas,48321,Matagorda,2015,2019,Hispanic (all races),12.1
48,Texas,48321,Matagorda,2015,2019,American Indian/Alaskan Native (includes Hispanic),
48,Texas,48321,Matagorda,2015,2019,White (includes Hispanic),10.7
48,Texas,48321,Matagorda,2016,2020,Asian/Pacific Islander (includes Hispanic),
48,Texas,48321,Matagorda,2016,2020,Black (includes Hispanic),
48,Texas,48321,Matagorda,2016,2020,Hispanic (all races),13.2
48,Texas,48321,Matagorda,2016,2020,American Indian/Alaskan Native (includes Hispanic),
48,Texas,48321,Matagorda,2016,2020,White (includes Hispanic),11.4
48,Texas,48323,Maverick,2011,2015,Asian/Pacific Islander (includes Hispanic),
48,Texas,48323,Maverick,2011,2015,Black (includes Hispanic),
48,Texas,48323,Maverick,2011,2015,Hispanic (all races),13.5
48,Texas,48323,Maverick,2011,2015,American Indian/Alaskan Native (includes Hispanic),
48,Texas,48323,Maverick,2011,2015,White (includes Hispanic),13.7
48,Texas,48323,Maverick,2012,2016,Asian/Pacific Islander (includes Hispanic),
48,Texas,48323,Maverick,2012,2016,Black (includes Hispanic),
48,Texas,48323,Maverick,2012,2016,Hispanic (all races),13.2
48,Texas,48323,Maverick,2012,2016,American Indian/Alaskan Native (includes Hispanic),
48,Texas,48323,Maverick,2012,2016,White (includes Hispanic),13.4
48,Texas,48323,Maverick,2013,2017,Asian/Pacific Islander (includes Hispanic),
48,Texas,48323,Maverick,2013,2017,Black (includes Hispanic),
48,Texas,48323,Maverick,2013,2017,Hispanic (all races),12.7
48,Texas,48323,Maverick,2013,2017,American Indian/Alaskan Native (includes Hispanic),
48,Texas,48323,Maverick,2013,2017,White (includes Hispanic),12.9
48,Texas,48323,Maverick,2014,2018,Asian/Pacific Islander (includes Hispanic),
48,Texas,48323,Maverick,2014,2018,Black (includes Hispanic),
48,Texas,48323,Maverick,2014,2018,Hispanic (all races),12.8
48,Texas,48323,Maverick,2014,2018,American Indian/Alaskan Native (includes Hispanic),
48,Texas,48323,Maverick,2014,2018,White (includes Hispanic),12.7
48,Texas,48323,Maverick,2015,2019,Asian/Pacific Islander (includes Hispanic),
48,Texas,48323,Maverick,2015,2019,Black (includes Hispanic),
48,Texas,48323,Maverick,2015,2019,Hispanic (all races),13.4
48,Texas,48323,Maverick,2015,2019,American Indian/Alaskan Native (includes Hispanic),
48,Texas,48323,Maverick,2015,2019,White (includes Hispanic),13.4
48,Texas,48323,Maverick,2016,2020,Asian/Pacific Islander (includes Hispanic),
48,Texas,48323,Maverick,2016,2020,Black (includes Hispanic),
48,Texas,48323,Maverick,2016,2020,Hispanic (all races),11.2
48,Texas,48323,Maverick,2016,2020,American Indian/Alaskan Native (includes Hispanic),
48,Texas,48323,Maverick,2016,2020,White (includes Hispanic),11.5
48,Texas,48307,McCulloch,2011,2015,Asian/Pacific Islander (includes Hispanic),
48,Texas,48307,McCulloch,2011,2015,Black (includes Hispanic),
48,Texas,48307,McCulloch,2011,2015,Hispanic (all races),
48,Texas,48307,McCulloch,2011,2015,American Indian/Alaskan Native (includes Hispanic),
48,Texas,48307,McCulloch,2011,2015,White (includes Hispanic),16.6
48,Texas,48307,McCulloch,2012,2016,Asian/Pacific Islander (includes Hispanic),
48,Texas,48307,McCulloch,2012,2016,Black (includes Hispanic),
48,Texas,48307,McCulloch,2012,2016,Hispanic (all races),
48,Texas,48307,McCulloch,2012,2016,American Indian/Alaskan Native (includes Hispanic),
48,Texas,48307,McCulloch,2012,2016,White (includes Hispanic),18.0
48,Texas,48307,McCulloch,2013,2017,Asian/Pacific Islander (includes Hispanic),
48,Texas,48307,McCulloch,2013,2017,Black (includes Hispanic),
48,Texas,48307,McCulloch,2013,2017,Hispanic (all races),
48,Texas,48307,McCulloch,2013,2017,American Indian/Alaskan Native (includes Hispanic),
48,Texas,48307,McCulloch,2013,2017,White (includes Hispanic),18.3
48,Texas,48307,McCulloch,2014,2018,Asian/Pacific Islander (includes Hispanic),
48,Texas,48307,McCulloch,2014,2018,Black (includes Hispanic),
48,Texas,48307,McCulloch,2014,2018,Hispanic (all races),
48,Texas,48307,McCulloch,2014,2018,American Indian/Alaskan Native (includes Hispanic),
48,Texas,48307,McCulloch,2014,2018,White (includes Hispanic),16.2
48,Texas,48307,McCulloch,2015,2019,Asian/Pacific Islander (includes Hispanic),
48,Texas,48307,McCulloch,2015,2019,Black (includes Hispanic),
48,Texas,48307,McCulloch,2015,2019,Hispanic (all races),
48,Texas,48307,McCulloch,2015,2019,American Indian/Alaskan Native (includes Hispanic),
48,Texas,48307,McCulloch,2015,2019,White (includes Hispanic),12.3
48,Texas,48307,McCulloch,2016,2020,Asian/Pacific Islander (includes Hispanic),
48,Texas,48307,McCulloch,2016,2020,Black (includes Hispanic),
48,Texas,48307,McCulloch,2016,2020,Hispanic (all races),
48,Texas,48307,McCulloch,2016,2020,American Indian/Alaskan Native (includes Hispanic),
48,Texas,48307,McCulloch,2016,2020,White (includes Hispanic),
48,Texas,48309,McLennan,2011,2015,Asian/Pacific Islander (includes Hispanic),
48,Texas,48309,McLennan,2011,2015,Black (includes Hispanic),12.0
48,Texas,48309,McLennan,2011,2015,Hispanic (all races),9.0
48,Texas,48309,McLennan,2011,2015,American Indian/Alaskan Native (includes Hispanic),
48,Texas,48309,McLennan,2011,2015,White (includes Hispanic),9.7
48,Texas,48309,McLennan,2012,2016,Asian/Pacific Islander (includes Hispanic),
48,Texas,48309,McLennan,2012,2016,Black (includes Hispanic),12.2
48,Texas,48309,McLennan,2012,2016,Hispanic (all races),9.5
48,Texas,48309,McLennan,2012,2016,American Indian/Alaskan Native (includes Hispanic),
48,Texas,48309,McLennan,2012,2016,White (includes Hispanic),9.2
48,Texas,48309,McLennan,2013,2017,Asian/Pacific Islander (includes Hispanic),
48,Texas,48309,McLennan,2013,2017,Black (includes Hispanic),11.4
48,Texas,48309,McLennan,2013,2017,Hispanic (all races),10.0
48,Texas,48309,McLennan,2013,2017,American Indian/Alaskan Native (includes Hispanic),
48,Texas,48309,McLennan,2013,2017,White (includes Hispanic),9.4
48,Texas,48309,McLennan,2014,2018,Asian/Pacific Islander (includes Hispanic),
48,Texas,48309,McLennan,2014,2018,Black (includes Hispanic),11.3
48,Texas,48309,McLennan,2014,2018,Hispanic (all races),11.9
48,Texas,48309,McLennan,2014,2018,American Indian/Alaskan Native (includes Hispanic),
48,Texas,48309,McLennan,2014,2018,White (includes Hispanic),10.2
48,Texas,48309,McLennan,2015,2019,Asian/Pacific Islander (includes Hispanic),
48,Texas,48309,McLennan,2015,2019,Black (includes Hispanic),9.1
48,Texas,48309,McLennan,2015,2019,Hispanic (all races),13.3
48,Texas,48309,McLennan,2015,2019,American Indian/Alaskan Native (includes Hispanic),
48,Texas,48309,McLennan,2015,2019,White (includes Hispanic),11.6
48,Texas,48309,McLennan,2016,2020,Asian/Pacific Islander (includes Hispanic),
48,Texas,48309,McLennan,2016,2020,Black (includes Hispanic),7.1
48,Texas,48309,McLennan,2016,2020,Hispanic (all races),13.1
48,Texas,48309,McLennan,2016,2020,American Indian/Alaskan Native (includes Hispanic),
48,Texas,48309,McLennan,2016,2020,White (includes Hispanic),11.8
48,Texas,48311,McMullen,2011,2015,Asian/Pacific Islander (includes Hispanic),
48,Texas,48311,McMullen,2011,2015,Black (includes Hispanic),
48,Texas,48311,McMullen,2011,2015,Hispanic (all races),11.2
48,Texas,48311,McMullen,2011,2015,American Indian/Alaskan Native (includes Hispanic),
48,Texas,48311,McMullen,2011,2015,White (includes Hispanic),11.5
48,Texas,48311,McMullen,2012,2016,Asian/Pacific Islander (includes Hispanic),
48,Texas,48311,McMullen,2012,2016,Black (includes Hispanic),
48,Texas,48311,McMullen,2012,2016,Hispanic (all races),11.9
48,Texas,48311,McMullen,2012,2016,American Indian/Alaskan Native (includes Hispanic),
48,Texas,48311,McMullen,2012,2016,White (includes Hispanic),11.9
48,Texas,48311,McMullen,2013,2017,Asian/Pacific Islander (includes Hispanic),
48,Texas,48311,McMullen,2013,2017,Black (includes Hispanic),
48,Texas,48311,McMullen,2013,2017,Hispanic (all races),12.1
48,Texas,48311,McMullen,2013,2017,American Indian/Alaskan Native (includes Hispanic),
48,Texas,48311,McMullen,2013,2017,White (includes Hispanic),11.8
48,Texas,48311,McMullen,2014,2018,Asian/Pacific Islander (includes Hispanic),
48,Texas,48311,McMullen,2014,2018,Black (includes Hispanic),
48,Texas,48311,McMullen,2014,2018,Hispanic (all races),11.7
48,Texas,48311,McMullen,2014,2018,American Indian/Alaskan Native (includes Hispanic),
48,Texas,48311,McMullen,2014,2018,White (includes Hispanic),11.4
48,Texas,48311,McMullen,2015,2019,Asian/Pacific Islander (includes Hispanic),
48,Texas,48311,McMullen,2015,2019,Black (includes Hispanic),
48,Texas,48311,McMullen,2015,2019,Hispanic (all races),12.7
48,Texas,48311,McMullen,2015,2019,American Indian/Alaskan Native (includes Hispanic),
48,Texas,48311,McMullen,2015,2019,White (includes Hispanic),12.4
48,Texas,48311,McMullen,2016,2020,Asian/Pacific Islander (includes Hispanic),
48,Texas,48311,McMullen,2016,2020,Black (includes Hispanic),
48,Texas,48311,McMullen,2016,2020,Hispanic (all races),11.1
48,Texas,48311,McMullen,2016,2020,American Indian/Alaskan Native (includes Hispanic),
48,Texas,48311,McMullen,2016,2020,White (includes Hispanic),10.8
48,Texas,48325,Medina,2011,2015,Asian/Pacific Islander (includes Hispanic),
48,Texas,48325,Medina,2011,2015,Black (includes Hispanic),7.7
48,Texas,48325,Medina,2011,2015,Hispanic (all races),11.4
48,Texas,48325,Medina,2011,2015,American Indian/Alaskan Native (includes Hispanic),
48,Texas,48325,Medina,2011,2015,White (includes Hispanic),11.3
48,Texas,48325,Medina,2012,2016,Asian/Pacific Islander (includes Hispanic),
48,Texas,48325,Medina,2012,2016,Black (includes Hispanic),8.0
48,Texas,48325,Medina,2012,2016,Hispanic (all races),11.5
48,Texas,48325,Medina,2012,2016,American Indian/Alaskan Native (includes Hispanic),
48,Texas,48325,Medina,2012,2016,White (includes Hispanic),11.4
48,Texas,48325,Medina,2013,2017,Asian/Pacific Islander (includes Hispanic),
48,Texas,48325,Medina,2013,2017,Black (includes Hispanic),9.6
48,Texas,48325,Medina,2013,2017,Hispanic (all races),11.8
48,Texas,48325,Medina,2013,2017,American Indian/Alaskan Native (includes Hispanic),
48,Texas,48325,Medina,2013,2017,White (includes Hispanic),11.7
48,Texas,48325,Medina,2014,2018,Asian/Pacific Islander (includes Hispanic),
48,Texas,48325,Medina,2014,2018,Black (includes Hispanic),9.7
48,Texas,48325,Medina,2014,2018,Hispanic (all races),11.7
48,Texas,48325,Medina,2014,2018,American Indian/Alaskan Native (includes Hispanic),
48,Texas,48325,Medina,2014,2018,White (includes Hispanic),11.4
48,Texas,48325,Medina,2015,2019,Asian/Pacific Islander (includes Hispanic),
48,Texas,48325,Medina,2015,2019,Black (includes Hispanic),8.8
48,Texas,48325,Medina,2015,2019,Hispanic (all races),11.9
48,Texas,48325,Medina,2015,2019,American Indian/Alaskan Native (includes Hispanic),
48,Texas,48325,Medina,2015,2019,White (includes Hispanic),11.5
48,Texas,48325,Medina,2016,2020,Asian/Pacific Islander (includes Hispanic),
48,Texas,48325,Medina,2016,2020,Black (includes Hispanic),9.1
48,Texas,48325,Medina,2016,2020,Hispanic (all races),12.6
48,Texas,48325,Medina,2016,2020,American Indian/Alaskan Native (includes Hispanic),
48,Texas,48325,Medina,2016,2020,White (includes Hispanic),11.5
48,Texas,48327,Menard,2011,2015,Asian/Pacific Islander (includes Hispanic),
48,Texas,48327,Menard,2011,2015,Black (includes Hispanic),
48,Texas,48327,Menard,2011,2015,Hispanic (all races),
48,Texas,48327,Menard,2011,2015,American Indian/Alaskan Native (includes Hispanic),
48,Texas,48327,Menard,2011,2015,White (includes Hispanic),9.4
48,Texas,48327,Menard,2012,2016,Asian/Pacific Islander (includes Hispanic),
48,Texas,48327,Menard,2012,2016,Black (includes Hispanic),
48,Texas,48327,Menard,2012,2016,Hispanic (all races),
48,Texas,48327,Menard,2012,2016,American Indian/Alaskan Native (includes Hispanic),
48,Texas,48327,Menard,2012,2016,White (includes Hispanic),10.3
48,Texas,48327,Menard,2013,2017,Asian/Pacific Islander (includes Hispanic),
48,Texas,48327,Menard,2013,2017,Black (includes Hispanic),
48,Texas,48327,Menard,2013,2017,Hispanic (all races),
48,Texas,48327,Menard,2013,2017,American Indian/Alaskan Native (includes Hispanic),
48,Texas,48327,Menard,2013,2017,White (includes Hispanic),12.1
48,Texas,48327,Menard,2014,2018,Asian/Pacific Islander (includes Hispanic),
48,Texas,48327,Menard,2014,2018,Black (includes Hispanic),
48,Texas,48327,Menard,2014,2018,Hispanic (all races),16.3
48,Texas,48327,Menard,2014,2018,American Indian/Alaskan Native (includes Hispanic),
48,Texas,48327,Menard,2014,2018,White (includes Hispanic),12.4
48,Texas,48327,Menard,2015,2019,Asian/Pacific Islander (includes Hispanic),
48,Texas,48327,Menard,2015,2019,Black (includes Hispanic),
48,Texas,48327,Menard,2015,2019,Hispanic (all races),16.5
48,Texas,48327,Menard,2015,2019,American Indian/Alaskan Native (includes Hispanic),
48,Texas,48327,Menard,2015,2019,White (includes Hispanic),12.4
48,Texas,48327,Menard,2016,2020,Asian/Pacific Islander (includes Hispanic),
48,Texas,48327,Menard,2016,2020,Black (includes Hispanic),
48,Texas,48327,Menard,2016,2020,Hispanic (all races),16.0
48,Texas,48327,Menard,2016,2020,American Indian/Alaskan Native (includes Hispanic),
48,Texas,48327,Menard,2016,2020,White (includes Hispanic),11.9
48,Texas,48329,Midland,2011,2015,Asian/Pacific Islander (includes Hispanic),
48,Texas,48329,Midland,2011,2015,Black (includes Hispanic),
48,Texas,48329,Midland,2011,2015,Hispanic (all races),8.1
48,Texas,48329,Midland,2011,2015,American Indian/Alaskan Native (includes Hispanic),
48,Texas,48329,Midland,2011,2015,White (includes Hispanic),9.1
48,Texas,48329,Midland,2012,2016,Asian/Pacific Islander (includes Hispanic),
48,Texas,48329,Midland,2012,2016,Black (includes Hispanic),
48,Texas,48329,Midland,2012,2016,Hispanic (all races),9.3
48,Texas,48329,Midland,2012,2016,American Indian/Alaskan Native (includes Hispanic),
48,Texas,48329,Midland,2012,2016,White (includes Hispanic),10.3
48,Texas,48329,Midland,2013,2017,Asian/Pacific Islander (includes Hispanic),
48,Texas,48329,Midland,2013,2017,Black (includes Hispanic),
48,Texas,48329,Midland,2013,2017,Hispanic (all races),10.1
48,Texas,48329,Midland,2013,2017,American Indian/Alaskan Native (includes Hispanic),
48,Texas,48329,Midland,2013,2017,White (includes Hispanic),10.9
48,Texas,48329,Midland,2014,2018,Asian/Pacific Islander (includes Hispanic),
48,Texas,48329,Midland,2014,2018,Black (includes Hispanic),
48,Texas,48329,Midland,2014,2018,Hispanic (all races),11.2
48,Texas,48329,Midland,2014,2018,American Indian/Alaskan Native (includes Hispanic),
48,Texas,48329,Midland,2014,2018,White (includes Hispanic),12.1
48,Texas,48329,Midland,2015,2019,Asian/Pacific Islander (includes Hispanic),
48,Texas,48329,Midland,2015,2019,Black (includes Hispanic),
48,Texas,48329,Midland,2015,2019,Hispanic (all races),12.9
48,Texas,48329,Midland,2015,2019,American Indian/Alaskan Native (includes Hispanic),
48,Texas,48329,Midland,2015,2019,White (includes Hispanic),12.7
48,Texas,48329,Midland,2016,2020,Asian/Pacific Islander (includes Hispanic),
48,Texas,48329,Midland,2016,2020,Black (includes Hispanic),
48,Texas,48329,Midland,2016,2020,Hispanic (all races),14.4
48,Texas,48329,Midland,2016,2020,American Indian/Alaskan Native (includes Hispanic),
48,Texas,48329,Midland,2016,2020,White (includes Hispanic),14.0
48,Texas,48331,Milam,2011,2015,Asian/Pacific Islander (includes Hispanic),
48,Texas,48331,Milam,2011,2015,Black (includes Hispanic),8.0
48,Texas,48331,Milam,2011,2015,Hispanic (all races),9.3
48,Texas,48331,Milam,2011,2015,American Indian/Alaskan Native (includes Hispanic),
48,Texas,48331,Milam,2011,2015,White (includes Hispanic),8.6
48,Texas,48331,Milam,2012,2016,Asian/Pacific Islander (includes Hispanic),
48,Texas,48331,Milam,2012,2016,Black (includes Hispanic),8.9
48,Texas,48331,Milam,2012,2016,Hispanic (all races),8.9
48,Texas,48331,Milam,2012,2016,American Indian/Alaskan Native (includes Hispanic),
48,Texas,48331,Milam,2012,2016,White (includes Hispanic),7.7
48,Texas,48331,Milam,2013,2017,Asian/Pacific Islander (includes Hispanic),
48,Texas,48331,Milam,2013,2017,Black (includes Hispanic),8.4
48,Texas,48331,Milam,2013,2017,Hispanic (all races),9.1
48,Texas,48331,Milam,2013,2017,American Indian/Alaskan Native (includes Hispanic),
48,Texas,48331,Milam,2013,2017,White (includes Hispanic),7.6
48,Texas,48331,Milam,2014,2018,Asian/Pacific Islander (includes Hispanic),
48,Texas,48331,Milam,2014,2018,Black (includes Hispanic),7.5
48,Texas,48331,Milam,2014,2018,Hispanic (all races),8.8
48,Texas,48331,Milam,2014,2018,American Indian/Alaskan Native (includes Hispanic),
48,Texas,48331,Milam,2014,2018,White (includes Hispanic),7.9
48,Texas,48331,Milam,2015,2019,Asian/Pacific Islander (includes Hispanic),
48,Texas,48331,Milam,2015,2019,Black (includes Hispanic),7.6
48,Texas,48331,Milam,2015,2019,Hispanic (all races),8.7
48,Texas,48331,Milam,2015,2019,American Indian/Alaskan Native (includes Hispanic),
48,Texas,48331,Milam,2015,2019,White (includes Hispanic),8.3
48,Texas,48331,Milam,2016,2020,Asian/Pacific Islander (includes Hispanic),
48,Texas,48331,Milam,2016,2020,Black (includes Hispanic),6.0
48,Texas,48331,Milam,2016,2020,Hispanic (all races),9.1
48,Texas,48331,Milam,2016,2020,American Indian/Alaskan Native (includes Hispanic),
48,Texas,48331,Milam,2016,2020,White (includes Hispanic),8.2
48,Texas,48333,Mills,2011,2015,Asian/Pacific Islander (includes Hispanic),
48,Texas,48333,Mills,2011,2015,Black (includes Hispanic),
48,Texas,48333,Mills,2011,2015,Hispanic (all races),
48,Texas,48333,Mills,2011,2015,American Indian/Alaskan Native (includes Hispanic),
48,Texas,48333,Mills,2011,2015,White (includes Hispanic),15.4
48,Texas,48333,Mills,2012,2016,Asian/Pacific Islander (includes Hispanic),
48,Texas,48333,Mills,2012,2016,Black (includes Hispanic),
48,Texas,48333,Mills,2012,2016,Hispanic (all races),
48,Texas,48333,Mills,2012,2016,American Indian/Alaskan Native (includes Hispanic),
48,Texas,48333,Mills,2012,2016,White (includes Hispanic),14.8
48,Texas,48333,Mills,2013,2017,Asian/Pacific Islander (includes Hispanic),
48,Texas,48333,Mills,2013,2017,Black (includes Hispanic),
48,Texas,48333,Mills,2013,2017,Hispanic (all races),
48,Texas,48333,Mills,2013,2017,American Indian/Alaskan Native (includes Hispanic),
48,Texas,48333,Mills,2013,2017,White (includes Hispanic),13.7
48,Texas,48333,Mills,2014,2018,Asian/Pacific Islander (includes Hispanic),
48,Texas,48333,Mills,2014,2018,Black (includes Hispanic),
48,Texas,48333,Mills,2014,2018,Hispanic (all races),
48,Texas,48333,Mills,2014,2018,American Indian/Alaskan Native (includes Hispanic),
48,Texas,48333,Mills,2014,2018,White (includes Hispanic),12.9
48,Texas,48333,Mills,2015,2019,Asian/Pacific Islander (includes Hispanic),
48,Texas,48333,Mills,2015,2019,Black (includes Hispanic),
48,Texas,48333,Mills,2015,2019,Hispanic (all races),
48,Texas,48333,Mills,2015,2019,American Indian/Alaskan Native (includes Hispanic),
48,Texas,48333,Mills,2015,2019,White (includes Hispanic),13.4
48,Texas,48333,Mills,2016,2020,Asian/Pacific Islander (includes Hispanic),
48,Texas,48333,Mills,2016,2020,Black (includes Hispanic),
48,Texas,48333,Mills,2016,2020,Hispanic (all races),
48,Texas,48333,Mills,2016,2020,American Indian/Alaskan Native (includes Hispanic),
48,Texas,48333,Mills,2016,2020,White (includes Hispanic),12.4
48,Texas,48335,Mitchell,2011,2015,Asian/Pacific Islander (includes Hispanic),
48,Texas,48335,Mitchell,2011,2015,Black (includes Hispanic),
48,Texas,48335,Mitchell,2011,2015,Hispanic (all races),
48,Texas,48335,Mitchell,2011,2015,American Indian/Alaskan Native (includes Hispanic),
48,Texas,48335,Mitchell,2011,2015,White (includes Hispanic),9.8
48,Texas,48335,Mitchell,2012,2016,Asian/Pacific Islander (includes Hispanic),
48,Texas,48335,Mitchell,2012,2016,Black (includes Hispanic),
48,Texas,48335,Mitchell,2012,2016,Hispanic (all races),
48,Texas,48335,Mitchell,2012,2016,American Indian/Alaskan Native (includes Hispanic),
48,Texas,48335,Mitchell,2012,2016,White (includes Hispanic),
48,Texas,48335,Mitchell,2013,2017,Asian/Pacific Islander (includes Hispanic),
48,Texas,48335,Mitchell,2013,2017,Black (includes Hispanic),
48,Texas,48335,Mitchell,2013,2017,Hispanic (all races),
48,Texas,48335,Mitchell,2013,2017,American Indian/Alaskan Native (includes Hispanic),
48,Texas,48335,Mitchell,2013,2017,White (includes Hispanic),
48,Texas,48335,Mitchell,2014,2018,Asian/Pacific Islander (includes Hispanic),
48,Texas,48335,Mitchell,2014,2018,Black (includes Hispanic),
48,Texas,48335,Mitchell,2014,2018,Hispanic (all races),
48,Texas,48335,Mitchell,2014,2018,American Indian/Alaskan Native (includes Hispanic),
48,Texas,48335,Mitchell,2014,2018,White (includes Hispanic),11.4
48,Texas,48335,Mitchell,2015,2019,Asian/Pacific Islander (includes Hispanic),
48,Texas,48335,Mitchell,2015,2019,Black (includes Hispanic),
48,Texas,48335,Mitchell,2015,2019,Hispanic (all races),
48,Texas,48335,Mitchell,2015,2019,American Indian/Alaskan Native (includes Hispanic),
48,Texas,48335,Mitchell,2015,2019,White (includes Hispanic),14.8
48,Texas,48335,Mitchell,2016,2020,Asian/Pacific Islander (includes Hispanic),
48,Texas,48335,Mitchell,2016,2020,Black (includes Hispanic),
48,Texas,48335,Mitchell,2016,2020,Hispanic (all races),
48,Texas,48335,Mitchell,2016,2020,American Indian/Alaskan Native (includes Hispanic),
48,Texas,48335,Mitchell,2016,2020,White (includes Hispanic),17.8
48,Texas,48337,Montague,2011,2015,Asian/Pacific Islander (includes Hispanic),
48,Texas,48337,Montague,2011,2015,Black (includes Hispanic),
48,Texas,48337,Montague,2011,2015,Hispanic (all races),
48,Texas,48337,Montague,2011,2015,American Indian/Alaskan Native (includes Hispanic),
48,Texas,48337,Montague,2011,2015,White (includes Hispanic),6.6
48,Texas,48337,Montague,2012,2016,Asian/Pacific Islander (includes Hispanic),
48,Texas,48337,Montague,2012,2016,Black (includes Hispanic),
48,Texas,48337,Montague,2012,2016,Hispanic (all races),
48,Texas,48337,Montague,2012,2016,American Indian/Alaskan Native (includes Hispanic),
48,Texas,48337,Montague,2012,2016,White (includes Hispanic),7.1
48,Texas,48337,Montague,2013,2017,Asian/Pacific Islander (includes Hispanic),
48,Texas,48337,Montague,2013,2017,Black (includes Hispanic),
48,Texas,48337,Montague,2013,2017,Hispanic (all races),
48,Texas,48337,Montague,2013,2017,American Indian/Alaskan Native (includes Hispanic),
48,Texas,48337,Montague,2013,2017,White (includes Hispanic),7.7
48,Texas,48337,Montague,2014,2018,Asian/Pacific Islander (includes Hispanic),
48,Texas,48337,Montague,2014,2018,Black (includes Hispanic),
48,Texas,48337,Montague,2014,2018,Hispanic (all races),
48,Texas,48337,Montague,2014,2018,American Indian/Alaskan Native (includes Hispanic),
48,Texas,48337,Montague,2014,2018,White (includes Hispanic),8.8
48,Texas,48337,Montague,2015,2019,Asian/Pacific Islander (includes Hispanic),
48,Texas,48337,Montague,2015,2019,Black (includes Hispanic),
48,Texas,48337,Montague,2015,2019,Hispanic (all races),
48,Texas,48337,Montague,2015,2019,American Indian/Alaskan Native (includes Hispanic),
48,Texas,48337,Montague,2015,2019,White (includes Hispanic),9.8
48,Texas,48337,Montague,2016,2020,Asian/Pacific Islander (includes Hispanic),
48,Texas,48337,Montague,2016,2020,Black (includes Hispanic),
48,Texas,48337,Montague,2016,2020,Hispanic (all races),
48,Texas,48337,Montague,2016,2020,American Indian/Alaskan Native (includes Hispanic),
48,Texas,48337,Montague,2016,2020,White (includes Hispanic),10.0
48,Texas,48339,Montgomery,2011,2015,Asian/Pacific Islander (includes Hispanic),5.5
48,Texas,48339,Montgomery,2011,2015,Black (includes Hispanic),12.4
48,Texas,48339,Montgomery,2011,2015,Hispanic (all races),14.1
48,Texas,48339,Montgomery,2011,2015,American Indian/Alaskan Native (includes Hispanic),
48,Texas,48339,Montgomery,2011,2015,White (includes Hispanic),10.8
48,Texas,48339,Montgomery,2012,2016,Asian/Pacific Islander (includes Hispanic),5.8
48,Texas,48339,Montgomery,2012,2016,Black (includes Hispanic),12.0
48,Texas,48339,Montgomery,2012,2016,Hispanic (all races),14.0
48,Texas,48339,Montgomery,2012,2016,American Indian/Alaskan Native (includes Hispanic),
48,Texas,48339,Montgomery,2012,2016,White (includes Hispanic),10.8
48,Texas,48339,Montgomery,2013,2017,Asian/Pacific Islander (includes Hispanic),6.3
48,Texas,48339,Montgomery,2013,2017,Black (includes Hispanic),10.6
48,Texas,48339,Montgomery,2013,2017,Hispanic (all races),13.8
48,Texas,48339,Montgomery,2013,2017,American Indian/Alaskan Native (includes Hispanic),
48,Texas,48339,Montgomery,2013,2017,White (includes Hispanic),10.7
48,Texas,48339,Montgomery,2014,2018,Asian/Pacific Islander (includes Hispanic),6.7
48,Texas,48339,Montgomery,2014,2018,Black (includes Hispanic),10.4
48,Texas,48339,Montgomery,2014,2018,Hispanic (all races),13.7
48,Texas,48339,Montgomery,2014,2018,American Indian/Alaskan Native (includes Hispanic),
48,Texas,48339,Montgomery,2014,2018,White (includes Hispanic),10.7
48,Texas,48339,Montgomery,2015,2019,Asian/Pacific Islander (includes Hispanic),7.0
48,Texas,48339,Montgomery,2015,2019,Black (includes Hispanic),10.3
48,Texas,48339,Montgomery,2015,2019,Hispanic (all races),13.0
48,Texas,48339,Montgomery,2015,2019,American Indian/Alaskan Native (includes Hispanic),
48,Texas,48339,Montgomery,2015,2019,White (includes Hispanic),10.3
48,Texas,48339,Montgomery,2016,2020,Asian/Pacific Islander (includes Hispanic),6.8
48,Texas,48339,Montgomery,2016,2020,Black (includes Hispanic),9.5
48,Texas,48339,Montgomery,2016,2020,Hispanic (all races),12.6
48,Texas,48339,Montgomery,2016,2020,American Indian/Alaskan Native (includes Hispanic),
48,Texas,48339,Montgomery,2016,2020,White (includes Hispanic),9.9
48,Texas,48341,Moore,2011,2015,Asian/Pacific Islander (includes Hispanic),
48,Texas,48341,Moore,2011,2015,Black (includes Hispanic),
48,Texas,48341,Moore,2011,2015,Hispanic (all races),16.4
48,Texas,48341,Moore,2011,2015,American Indian/Alaskan Native (includes Hispanic),
48,Texas,48341,Moore,2011,2015,White (includes Hispanic),12.0
48,Texas,48341,Moore,2012,2016,Asian/Pacific Islander (includes Hispanic),
48,Texas,48341,Moore,2012,2016,Black (includes Hispanic),
48,Texas,48341,Moore,2012,2016,Hispanic (all races),14.0
48,Texas,48341,Moore,2012,2016,American Indian/Alaskan Native (includes Hispanic),
48,Texas,48341,Moore,2012,2016,White (includes Hispanic),11.5
48,Texas,48341,Moore,2013,2017,Asian/Pacific Islander (includes Hispanic),
48,Texas,48341,Moore,2013,2017,Black (includes Hispanic),
48,Texas,48341,Moore,2013,2017,Hispanic (all races),17.9
48,Texas,48341,Moore,2013,2017,American Indian/Alaskan Native (includes Hispanic),
48,Texas,48341,Moore,2013,2017,White (includes Hispanic),13.6
48,Texas,48341,Moore,2014,2018,Asian/Pacific Islander (includes Hispanic),
48,Texas,48341,Moore,2014,2018,Black (includes Hispanic),
48,Texas,48341,Moore,2014,2018,Hispanic (all races),
48,Texas,48341,Moore,2014,2018,American Indian/Alaskan Native (includes Hispanic),
48,Texas,48341,Moore,2014,2018,White (includes Hispanic),11.6
48,Texas,48341,Moore,2015,2019,Asian/Pacific Islander (includes Hispanic),
48,Texas,48341,Moore,2015,2019,Black (includes Hispanic),
48,Texas,48341,Moore,2015,2019,Hispanic (all races),
48,Texas,48341,Moore,2015,2019,American Indian/Alaskan Native (includes Hispanic),
48,Texas,48341,Moore,2015,2019,White (includes Hispanic),11.5
48,Texas,48341,Moore,2016,2020,Asian/Pacific Islander (includes Hispanic),
48,Texas,48341,Moore,2016,2020,Black (includes Hispanic),
48,Texas,48341,Moore,2016,2020,Hispanic (all races),16.5
48,Texas,48341,Moore,2016,2020,American Indian/Alaskan Native (includes Hispanic),
48,Texas,48341,Moore,2016,2020,White (includes Hispanic),14.9
48,Texas,48343,Morris,2011,2015,Asian/Pacific Islander (includes Hispanic),
48,Texas,48343,Morris,2011,2015,Black (includes Hispanic),
48,Texas,48343,Morris,2011,2015,Hispanic (all races),
48,Texas,48343,Morris,2011,2015,American Indian/Alaskan Native (includes Hispanic),
48,Texas,48343,Morris,2011,2015,White (includes Hispanic),7.7
48,Texas,48343,Morris,2012,2016,Asian/Pacific Islander (includes Hispanic),
48,Texas,48343,Morris,2012,2016,Black (includes Hispanic),
48,Texas,48343,Morris,2012,2016,Hispanic (all races),
48,Texas,48343,Morris,2012,2016,American Indian/Alaskan Native (includes Hispanic),
48,Texas,48343,Morris,2012,2016,White (includes Hispanic),8.4
48,Texas,48343,Morris,2013,2017,Asian/Pacific Islander (includes Hispanic),
48,Texas,48343,Morris,2013,2017,Black (includes Hispanic),
48,Texas,48343,Morris,2013,2017,Hispanic (all races),
48,Texas,48343,Morris,2013,2017,American Indian/Alaskan Native (includes Hispanic),
48,Texas,48343,Morris,2013,2017,White (includes Hispanic),9.6
48,Texas,48343,Morris,2014,2018,Asian/Pacific Islander (includes Hispanic),
48,Texas,48343,Morris,2014,2018,Black (includes Hispanic),
48,Texas,48343,Morris,2014,2018,Hispanic (all races),
48,Texas,48343,Morris,2014,2018,American Indian/Alaskan Native (includes Hispanic),
48,Texas,48343,Morris,2014,2018,White (includes Hispanic),11.1
48,Texas,48343,Morris,2015,2019,Asian/Pacific Islander (includes Hispanic),
48,Texas,48343,Morris,2015,2019,Black (includes Hispanic),
48,Texas,48343,Morris,2015,2019,Hispanic (all races),
48,Texas,48343,Morris,2015,2019,American Indian/Alaskan Native (includes Hispanic),
48,Texas,48343,Morris,2015,2019,White (includes Hispanic),10.7
48,Texas,48343,Morris,2016,2020,Asian/Pacific Islander (includes Hispanic),
48,Texas,48343,Morris,2016,2020,Black (includes Hispanic),
48,Texas,48343,Morris,2016,2020,Hispanic (all races),
48,Texas,48343,Morris,2016,2020,American Indian/Alaskan Native (includes Hispanic),
48,Texas,48343,Morris,2016,2020,White (includes Hispanic),12.5
48,Texas,48345,Motley,2011,2015,Asian/Pacific Islander (includes Hispanic),
48,Texas,48345,Motley,2011,2015,Black (includes Hispanic),
48,Texas,48345,Motley,2011,2015,Hispanic (all races),
48,Texas,48345,Motley,2011,2015,American Indian/Alaskan Native (includes Hispanic),
48,Texas,48345,Motley,2011,2015,White (includes Hispanic),
48,Texas,48345,Motley,2012,2016,Asian/Pacific Islander (includes Hispanic),
48,Texas,48345,Motley,2012,2016,Black (includes Hispanic),
48,Texas,48345,Motley,2012,2016,Hispanic (all races),
48,Texas,48345,Motley,2012,2016,American Indian/Alaskan Native (includes Hispanic),
48,Texas,48345,Motley,2012,2016,White (includes Hispanic),
48,Texas,48345,Motley,2013,2017,Asian/Pacific Islander (includes Hispanic),
48,Texas,48345,Motley,2013,2017,Black (includes Hispanic),
48,Texas,48345,Motley,2013,2017,Hispanic (all races),
48,Texas,48345,Motley,2013,2017,American Indian/Alaskan Native (includes Hispanic),
48,Texas,48345,Motley,2013,2017,White (includes Hispanic),
48,Texas,48345,Motley,2014,2018,Asian/Pacific Islander (includes Hispanic),
48,Texas,48345,Motley,2014,2018,Black (includes Hispanic),
48,Texas,48345,Motley,2014,2018,Hispanic (all races),
48,Texas,48345,Motley,2014,2018,American Indian/Alaskan Native (includes Hispanic),
48,Texas,48345,Motley,2014,2018,White (includes Hispanic),
48,Texas,48345,Motley,2015,2019,Asian/Pacific Islander (includes Hispanic),
48,Texas,48345,Motley,2015,2019,Black (includes Hispanic),
48,Texas,48345,Motley,2015,2019,Hispanic (all races),
48,Texas,48345,Motley,2015,2019,American Indian/Alaskan Native (includes Hispanic),
48,Texas,48345,Motley,2015,2019,White (includes Hispanic),
48,Texas,48345,Motley,2016,2020,Asian/Pacific Islander (includes Hispanic),
48,Texas,48345,Motley,2016,2020,Black (includes Hispanic),
48,Texas,48345,Motley,2016,2020,Hispanic (all races),
48,Texas,48345,Motley,2016,2020,American Indian/Alaskan Native (includes Hispanic),
48,Texas,48345,Motley,2016,2020,White (includes Hispanic),
48,Texas,48347,Nacogdoches,2011,2015,Asian/Pacific Islander (includes Hispanic),
48,Texas,48347,Nacogdoches,2011,2015,Black (includes Hispanic),
48,Texas,48347,Nacogdoches,2011,2015,Hispanic (all races),
48,Texas,48347,Nacogdoches,2011,2015,American Indian/Alaskan Native (includes Hispanic),
48,Texas,48347,Nacogdoches,2011,2015,White (includes Hispanic),12.6
48,Texas,48347,Nacogdoches,2012,2016,Asian/Pacific Islander (includes Hispanic),
48,Texas,48347,Nacogdoches,2012,2016,Black (includes Hispanic),
48,Texas,48347,Nacogdoches,2012,2016,Hispanic (all races),
48,Texas,48347,Nacogdoches,2012,2016,American Indian/Alaskan Native (includes Hispanic),
48,Texas,48347,Nacogdoches,2012,2016,White (includes Hispanic),12.9
48,Texas,48347,Nacogdoches,2013,2017,Asian/Pacific Islander (includes Hispanic),
48,Texas,48347,Nacogdoches,2013,2017,Black (includes Hispanic),
48,Texas,48347,Nacogdoches,2013,2017,Hispanic (all races),25.4
48,Texas,48347,Nacogdoches,2013,2017,American Indian/Alaskan Native (includes Hispanic),
48,Texas,48347,Nacogdoches,2013,2017,White (includes Hispanic),14.6
48,Texas,48347,Nacogdoches,2014,2018,Asian/Pacific Islander (includes Hispanic),
48,Texas,48347,Nacogdoches,2014,2018,Black (includes Hispanic),
48,Texas,48347,Nacogdoches,2014,2018,Hispanic (all races),26.4
48,Texas,48347,Nacogdoches,2014,2018,American Indian/Alaskan Native (includes Hispanic),
48,Texas,48347,Nacogdoches,2014,2018,White (includes Hispanic),13.9
48,Texas,48347,Nacogdoches,2015,2019,Asian/Pacific Islander (includes Hispanic),
48,Texas,48347,Nacogdoches,2015,2019,Black (includes Hispanic),
48,Texas,48347,Nacogdoches,2015,2019,Hispanic (all races),24.0
48,Texas,48347,Nacogdoches,2015,2019,American Indian/Alaskan Native (includes Hispanic),
48,Texas,48347,Nacogdoches,2015,2019,White (includes Hispanic),13.9
48,Texas,48347,Nacogdoches,2016,2020,Asian/Pacific Islander (includes Hispanic),
48,Texas,48347,Nacogdoches,2016,2020,Black (includes Hispanic),
48,Texas,48347,Nacogdoches,2016,2020,Hispanic (all races),
48,Texas,48347,Nacogdoches,2016,2020,American Indian/Alaskan Native (includes Hispanic),
48,Texas,48347,Nacogdoches,2016,2020,White (includes Hispanic),11.5
48,Texas,48349,Navarro,2011,2015,Asian/Pacific Islander (includes Hispanic),
48,Texas,48349,Navarro,2011,2015,Black (includes Hispanic),
48,Texas,48349,Navarro,2011,2015,Hispanic (all races),
48,Texas,48349,Navarro,2011,2015,American Indian/Alaskan Native (includes Hispanic),
48,Texas,48349,Navarro,2011,2015,White (includes Hispanic),12.1
48,Texas,48349,Navarro,2012,2016,Asian/Pacific Islander (includes Hispanic),
48,Texas,48349,Navarro,2012,2016,Black (includes Hispanic),
48,Texas,48349,Navarro,2012,2016,Hispanic (all races),
48,Texas,48349,Navarro,2012,2016,American Indian/Alaskan Native (includes Hispanic),
48,Texas,48349,Navarro,2012,2016,White (includes Hispanic),12.8
48,Texas,48349,Navarro,2013,2017,Asian/Pacific Islander (includes Hispanic),
48,Texas,48349,Navarro,2013,2017,Black (includes Hispanic),
48,Texas,48349,Navarro,2013,2017,Hispanic (all races),
48,Texas,48349,Navarro,2013,2017,American Indian/Alaskan Native (includes Hispanic),
48,Texas,48349,Navarro,2013,2017,White (includes Hispanic),13.0
48,Texas,48349,Navarro,2014,2018,Asian/Pacific Islander (includes Hispanic),
48,Texas,48349,Navarro,2014,2018,Black (includes Hispanic),
48,Texas,48349,Navarro,2014,2018,Hispanic (all races),11.8
48,Texas,48349,Navarro,2014,2018,American Indian/Alaskan Native (includes Hispanic),
48,Texas,48349,Navarro,2014,2018,White (includes Hispanic),13.2
48,Texas,48349,Navarro,2015,2019,Asian/Pacific Islander (includes Hispanic),
48,Texas,48349,Navarro,2015,2019,Black (includes Hispanic),
48,Texas,48349,Navarro,2015,2019,Hispanic (all races),13.5
48,Texas,48349,Navarro,2015,2019,American Indian/Alaskan Native (includes Hispanic),
48,Texas,48349,Navarro,2015,2019,White (includes Hispanic),12.2
48,Texas,48349,Navarro,2016,2020,Asian/Pacific Islander (includes Hispanic),
48,Texas,48349,Navarro,2016,2020,Black (includes Hispanic),
48,Texas,48349,Navarro,2016,2020,Hispanic (all races),13.6
48,Texas,48349,Navarro,2016,2020,American Indian/Alaskan Native (includes Hispanic),
48,Texas,48349,Navarro,2016,2020,White (includes Hispanic),12.3
48,Texas,48351,Newton,2011,2015,Asian/Pacific Islander (includes Hispanic),
48,Texas,48351,Newton,2011,2015,Black (includes Hispanic),13.8
48,Texas,48351,Newton,2011,2015,Hispanic (all races),
48,Texas,48351,Newton,2011,2015,American Indian/Alaskan Native (includes Hispanic),
48,Texas,48351,Newton,2011,2015,White (includes Hispanic),11.1
48,Texas,48351,Newton,2012,2016,Asian/Pacific Islander (includes Hispanic),
48,Texas,48351,Newton,2012,2016,Black (includes Hispanic),15.4
48,Texas,48351,Newton,2012,2016,Hispanic (all races),
48,Texas,48351,Newton,2012,2016,American Indian/Alaskan Native (includes Hispanic),
48,Texas,48351,Newton,2012,2016,White (includes Hispanic),9.8
48,Texas,48351,Newton,2013,2017,Asian/Pacific Islander (includes Hispanic),
48,Texas,48351,Newton,2013,2017,Black (includes Hispanic),14.4
48,Texas,48351,Newton,2013,2017,Hispanic (all races),
48,Texas,48351,Newton,2013,2017,American Indian/Alaskan Native (includes Hispanic),
48,Texas,48351,Newton,2013,2017,White (includes Hispanic),9.6
48,Texas,48351,Newton,2014,2018,Asian/Pacific Islander (includes Hispanic),
48,Texas,48351,Newton,2014,2018,Black (includes Hispanic),14.1
48,Texas,48351,Newton,2014,2018,Hispanic (all races),
48,Texas,48351,Newton,2014,2018,American Indian/Alaskan Native (includes Hispanic),
48,Texas,48351,Newton,2014,2018,White (includes Hispanic),10.0
48,Texas,48351,Newton,2015,2019,Asian/Pacific Islander (includes Hispanic),
48,Texas,48351,Newton,2015,2019,Black (includes Hispanic),12.8
48,Texas,48351,Newton,2015,2019,Hispanic (all races),
48,Texas,48351,Newton,2015,2019,American Indian/Alaskan Native (includes Hispanic),
48,Texas,48351,Newton,2015,2019,White (includes Hispanic),10.2
48,Texas,48351,Newton,2016,2020,Asian/Pacific Islander (includes Hispanic),
48,Texas,48351,Newton,2016,2020,Black (includes Hispanic),14.4
48,Texas,48351,Newton,2016,2020,Hispanic (all races),
48,Texas,48351,Newton,2016,2020,American Indian/Alaskan Native (includes Hispanic),
48,Texas,48351,Newton,2016,2020,White (includes Hispanic),11.1
48,Texas,48353,Nolan,2011,2015,Asian/Pacific Islander (includes Hispanic),
48,Texas,48353,Nolan,2011,2015,Black (includes Hispanic),
48,Texas,48353,Nolan,2011,2015,Hispanic (all races),
48,Texas,48353,Nolan,2011,2015,American Indian/Alaskan Native (includes Hispanic),
48,Texas,48353,Nolan,2011,2015,White (includes Hispanic),10.2
48,Texas,48353,Nolan,2012,2016,Asian/Pacific Islander (includes Hispanic),
48,Texas,48353,Nolan,2012,2016,Black (includes Hispanic),
48,Texas,48353,Nolan,2012,2016,Hispanic (all races),
48,Texas,48353,Nolan,2012,2016,American Indian/Alaskan Native (includes Hispanic),
48,Texas,48353,Nolan,2012,2016,White (includes Hispanic),9.6
48,Texas,48353,Nolan,2013,2017,Asian/Pacific Islander (includes Hispanic),
48,Texas,48353,Nolan,2013,2017,Black (includes Hispanic),
48,Texas,48353,Nolan,2013,2017,Hispanic (all races),
48,Texas,48353,Nolan,2013,2017,American Indian/Alaskan Native (includes Hispanic),
48,Texas,48353,Nolan,2013,2017,White (includes Hispanic),9.7
48,Texas,48353,Nolan,2014,2018,Asian/Pacific Islander (includes Hispanic),
48,Texas,48353,Nolan,2014,2018,Black (includes Hispanic),
48,Texas,48353,Nolan,2014,2018,Hispanic (all races),
48,Texas,48353,Nolan,2014,2018,American Indian/Alaskan Native (includes Hispanic),
48,Texas,48353,Nolan,2014,2018,White (includes Hispanic),9.6
48,Texas,48353,Nolan,2015,2019,Asian/Pacific Islander (includes Hispanic),
48,Texas,48353,Nolan,2015,2019,Black (includes Hispanic),
48,Texas,48353,Nolan,2015,2019,Hispanic (all races),17.1
48,Texas,48353,Nolan,2015,2019,American Indian/Alaskan Native (includes Hispanic),
48,Texas,48353,Nolan,2015,2019,White (includes Hispanic),10.4
48,Texas,48353,Nolan,2016,2020,Asian/Pacific Islander (includes Hispanic),
48,Texas,48353,Nolan,2016,2020,Black (includes Hispanic),
48,Texas,48353,Nolan,2016,2020,Hispanic (all races),19.6
48,Texas,48353,Nolan,2016,2020,American Indian/Alaskan Native (includes Hispanic),
48,Texas,48353,Nolan,2016,2020,White (includes Hispanic),13.0
48,Texas,48355,Nueces,2011,2015,Asian/Pacific Islander (includes Hispanic),
48,Texas,48355,Nueces,2011,2015,Black (includes Hispanic),
48,Texas,48355,Nueces,2011,2015,Hispanic (all races),9.5
48,Texas,48355,Nueces,2011,2015,American Indian/Alaskan Native (includes Hispanic),
48,Texas,48355,Nueces,2011,2015,White (includes Hispanic),10.2
48,Texas,48355,Nueces,2012,2016,Asian/Pacific Islander (includes Hispanic),
48,Texas,48355,Nueces,2012,2016,Black (includes Hispanic),
48,Texas,48355,Nueces,2012,2016,Hispanic (all races),10.3
48,Texas,48355,Nueces,2012,2016,American Indian/Alaskan Native (includes Hispanic),
48,Texas,48355,Nueces,2012,2016,White (includes Hispanic),10.5
48,Texas,48355,Nueces,2013,2017,Asian/Pacific Islander (includes Hispanic),
48,Texas,48355,Nueces,2013,2017,Black (includes Hispanic),
48,Texas,48355,Nueces,2013,2017,Hispanic (all races),11.0
48,Texas,48355,Nueces,2013,2017,American Indian/Alaskan Native (includes Hispanic),
48,Texas,48355,Nueces,2013,2017,White (includes Hispanic),11.1
48,Texas,48355,Nueces,2014,2018,Asian/Pacific Islander (includes Hispanic),
48,Texas,48355,Nueces,2014,2018,Black (includes Hispanic),
48,Texas,48355,Nueces,2014,2018,Hispanic (all races),10.2
48,Texas,48355,Nueces,2014,2018,American Indian/Alaskan Native (includes Hispanic),
48,Texas,48355,Nueces,2014,2018,White (includes Hispanic),10.6
48,Texas,48355,Nueces,2015,2019,Asian/Pacific Islander (includes Hispanic),
48,Texas,48355,Nueces,2015,2019,Black (includes Hispanic),
48,Texas,48355,Nueces,2015,2019,Hispanic (all races),10.3
48,Texas,48355,Nueces,2015,2019,American Indian/Alaskan Native (includes Hispanic),
48,Texas,48355,Nueces,2015,2019,White (includes Hispanic),11.1
48,Texas,48355,Nueces,2016,2020,Asian/Pacific Islander (includes Hispanic),
48,Texas,48355,Nueces,2016,2020,Black (includes Hispanic),
48,Texas,48355,Nueces,2016,2020,Hispanic (all races),10.9
48,Texas,48355,Nueces,2016,2020,American Indian/Alaskan Native (includes Hispanic),
48,Texas,48355,Nueces,2016,2020,White (includes Hispanic),11.4
48,Texas,48357,Ochiltree,2011,2015,Asian/Pacific Islander (includes Hispanic),
48,Texas,48357,Ochiltree,2011,2015,Black (includes Hispanic),
48,Texas,48357,Ochiltree,2011,2015,Hispanic (all races),
48,Texas,48357,Ochiltree,2011,2015,American Indian/Alaskan Native (includes Hispanic),
48,Texas,48357,Ochiltree,2011,2015,White (includes Hispanic),
48,Texas,48357,Ochiltree,2012,2016,Asian/Pacific Islander (includes Hispanic),
48,Texas,48357,Ochiltree,2012,2016,Black (includes Hispanic),
48,Texas,48357,Ochiltree,2012,2016,Hispanic (all races),
48,Texas,48357,Ochiltree,2012,2016,American Indian/Alaskan Native (includes Hispanic),
48,Texas,48357,Ochiltree,2012,2016,White (includes Hispanic),
48,Texas,48357,Ochiltree,2013,2017,Asian/Pacific Islander (includes Hispanic),
48,Texas,48357,Ochiltree,2013,2017,Black (includes Hispanic),
48,Texas,48357,Ochiltree,2013,2017,Hispanic (all races),
48,Texas,48357,Ochiltree,2013,2017,American Indian/Alaskan Native (includes Hispanic),
48,Texas,48357,Ochiltree,2013,2017,White (includes Hispanic),
48,Texas,48357,Ochiltree,2014,2018,Asian/Pacific Islander (includes Hispanic),
48,Texas,48357,Ochiltree,2014,2018,Black (includes Hispanic),
48,Texas,48357,Ochiltree,2014,2018,Hispanic (all races),
48,Texas,48357,Ochiltree,2014,2018,American Indian/Alaskan Native (includes Hispanic),
48,Texas,48357,Ochiltree,2014,2018,White (includes Hispanic),19.2
48,Texas,48357,Ochiltree,2015,2019,Asian/Pacific Islander (includes Hispanic),
48,Texas,48357,Ochiltree,2015,2019,Black (includes Hispanic),
48,Texas,48357,Ochiltree,2015,2019,Hispanic (all races),
48,Texas,48357,Ochiltree,2015,2019,American Indian/Alaskan Native (includes Hispanic),
48,Texas,48357,Ochiltree,2015,2019,White (includes Hispanic),
48,Texas,48357,Ochiltree,2016,2020,Asian/Pacific Islander (includes Hispanic),
48,Texas,48357,Ochiltree,2016,2020,Black (includes Hispanic),
48,Texas,48357,Ochiltree,2016,2020,Hispanic (all races),
48,Texas,48357,Ochiltree,2016,2020,American Indian/Alaskan Native (includes Hispanic),
48,Texas,48357,Ochiltree,2016,2020,White (includes Hispanic),
48,Texas,48359,Oldham,2011,2015,Asian/Pacific Islander (includes Hispanic),
48,Texas,48359,Oldham,2011,2015,Black (includes Hispanic),
48,Texas,48359,Oldham,2011,2015,Hispanic (all races),14.9
48,Texas,48359,Oldham,2011,2015,American Indian/Alaskan Native (includes Hispanic),
48,Texas,48359,Oldham,2011,2015,White (includes Hispanic),11.7
48,Texas,48359,Oldham,2012,2016,Asian/Pacific Islander (includes Hispanic),
48,Texas,48359,Oldham,2012,2016,Black (includes Hispanic),
48,Texas,48359,Oldham,2012,2016,Hispanic (all races),15.3
48,Texas,48359,Oldham,2012,2016,American Indian/Alaskan Native (includes Hispanic),
48,Texas,48359,Oldham,2012,2016,White (includes Hispanic),11.9
48,Texas,48359,Oldham,2013,2017,Asian/Pacific Islander (includes Hispanic),
48,Texas,48359,Oldham,2013,2017,Black (includes Hispanic),
48,Texas,48359,Oldham,2013,2017,Hispanic (all races),14.5
48,Texas,48359,Oldham,2013,2017,American Indian/Alaskan Native (includes Hispanic),
48,Texas,48359,Oldham,2013,2017,White (includes Hispanic),12.0
48,Texas,48359,Oldham,2014,2018,Asian/Pacific Islander (includes Hispanic),
48,Texas,48359,Oldham,2014,2018,Black (includes Hispanic),
48,Texas,48359,Oldham,2014,2018,Hispanic (all races),10.9
48,Texas,48359,Oldham,2014,2018,American Indian/Alaskan Native (includes Hispanic),
48,Texas,48359,Oldham,2014,2018,White (includes Hispanic),9.7
48,Texas,48359,Oldham,2015,2019,Asian/Pacific Islander (includes Hispanic),
48,Texas,48359,Oldham,2015,2019,Black (includes Hispanic),
48,Texas,48359,Oldham,2015,2019,Hispanic (all races),10.2
48,Texas,48359,Oldham,2015,2019,American Indian/Alaskan Native (includes Hispanic),
48,Texas,48359,Oldham,2015,2019,White (includes Hispanic),10.0
48,Texas,48359,Oldham,2016,2020,Asian/Pacific Islander (includes Hispanic),
48,Texas,48359,Oldham,2016,2020,Black (includes Hispanic),
48,Texas,48359,Oldham,2016,2020,Hispanic (all races),12.9
48,Texas,48359,Oldham,2016,2020,American Indian/Alaskan Native (includes Hispanic),
48,Texas,48359,Oldham,2016,2020,White (includes Hispanic),12.2
48,Texas,48361,Orange,2011,2015,Asian/Pacific Islander (includes Hispanic),
48,Texas,48361,Orange,2011,2015,Black (includes Hispanic),11.1
48,Texas,48361,Orange,2011,2015,Hispanic (all races),
48,Texas,48361,Orange,2011,2015,American Indian/Alaskan Native (includes Hispanic),
48,Texas,48361,Orange,2011,2015,White (includes Hispanic),9.1
48,Texas,48361,Orange,2012,2016,Asian/Pacific Islander (includes Hispanic),
48,Texas,48361,Orange,2012,2016,Black (includes Hispanic),12.1
48,Texas,48361,Orange,2012,2016,Hispanic (all races),
48,Texas,48361,Orange,2012,2016,American Indian/Alaskan Native (includes Hispanic),
48,Texas,48361,Orange,2012,2016,White (includes Hispanic),9.4
48,Texas,48361,Orange,2013,2017,Asian/Pacific Islander (includes Hispanic),
48,Texas,48361,Orange,2013,2017,Black (includes Hispanic),12.1
48,Texas,48361,Orange,2013,2017,Hispanic (all races),
48,Texas,48361,Orange,2013,2017,American Indian/Alaskan Native (includes Hispanic),
48,Texas,48361,Orange,2013,2017,White (includes Hispanic),10.2
48,Texas,48361,Orange,2014,2018,Asian/Pacific Islander (includes Hispanic),
48,Texas,48361,Orange,2014,2018,Black (includes Hispanic),11.7
48,Texas,48361,Orange,2014,2018,Hispanic (all races),
48,Texas,48361,Orange,2014,2018,American Indian/Alaskan Native (includes Hispanic),
48,Texas,48361,Orange,2014,2018,White (includes Hispanic),10.8
48,Texas,48361,Orange,2015,2019,Asian/Pacific Islander (includes Hispanic),
48,Texas,48361,Orange,2015,2019,Black (includes Hispanic),11.3
48,Texas,48361,Orange,2015,2019,Hispanic (all races),
48,Texas,48361,Orange,2015,2019,American Indian/Alaskan Native (includes Hispanic),
48,Texas,48361,Orange,2015,2019,White (includes Hispanic),11.0
48,Texas,48361,Orange,2016,2020,Asian/Pacific Islander (includes Hispanic),
48,Texas,48361,Orange,2016,2020,Black (includes Hispanic),12.8
48,Texas,48361,Orange,2016,2020,Hispanic (all races),
48,Texas,48361,Orange,2016,2020,American Indian/Alaskan Native (includes Hispanic),
48,Texas,48361,Orange,2016,2020,White (includes Hispanic),11.6
48,Texas,48363,Palo Pinto,2011,2015,Asian/Pacific Islander (includes Hispanic),
48,Texas,48363,Palo Pinto,2011,2015,Black (includes Hispanic),
48,Texas,48363,Palo Pinto,2011,2015,Hispanic (all races),
48,Texas,48363,Palo Pinto,2011,2015,American Indian/Alaskan Native (includes Hispanic),
48,Texas,48363,Palo Pinto,2011,2015,White (includes Hispanic),9.0
48,Texas,48363,Palo Pinto,2012,2016,Asian/Pacific Islander (includes Hispanic),
48,Texas,48363,Palo Pinto,2012,2016,Black (includes Hispanic),
48,Texas,48363,Palo Pinto,2012,2016,Hispanic (all races),
48,Texas,48363,Palo Pinto,2012,2016,American Indian/Alaskan Native (includes Hispanic),
48,Texas,48363,Palo Pinto,2012,2016,White (includes Hispanic),9.6
48,Texas,48363,Palo Pinto,2013,2017,Asian/Pacific Islander (includes Hispanic),
48,Texas,48363,Palo Pinto,2013,2017,Black (includes Hispanic),
48,Texas,48363,Palo Pinto,2013,2017,Hispanic (all races),
48,Texas,48363,Palo Pinto,2013,2017,American Indian/Alaskan Native (includes Hispanic),
48,Texas,48363,Palo Pinto,2013,2017,White (includes Hispanic),11.1
48,Texas,48363,Palo Pinto,2014,2018,Asian/Pacific Islander (includes Hispanic),
48,Texas,48363,Palo Pinto,2014,2018,Black (includes Hispanic),
48,Texas,48363,Palo Pinto,2014,2018,Hispanic (all races),
48,Texas,48363,Palo Pinto,2014,2018,American Indian/Alaskan Native (includes Hispanic),
48,Texas,48363,Palo Pinto,2014,2018,White (includes Hispanic),12.0
48,Texas,48363,Palo Pinto,2015,2019,Asian/Pacific Islander (includes Hispanic),
48,Texas,48363,Palo Pinto,2015,2019,Black (includes Hispanic),
48,Texas,48363,Palo Pinto,2015,2019,Hispanic (all races),
48,Texas,48363,Palo Pinto,2015,2019,American Indian/Alaskan Native (includes Hispanic),
48,Texas,48363,Palo Pinto,2015,2019,White (includes Hispanic),10.7
48,Texas,48363,Palo Pinto,2016,2020,Asian/Pacific Islander (includes Hispanic),
48,Texas,48363,Palo Pinto,2016,2020,Black (includes Hispanic),
48,Texas,48363,Palo Pinto,2016,2020,Hispanic (all races),
48,Texas,48363,Palo Pinto,2016,2020,American Indian/Alaskan Native (includes Hispanic),
48,Texas,48363,Palo Pinto,2016,2020,White (includes Hispanic),11.8
48,Texas,48365,Panola,2011,2015,Asian/Pacific Islander (includes Hispanic),
48,Texas,48365,Panola,2011,2015,Black (includes Hispanic),13.8
48,Texas,48365,Panola,2011,2015,Hispanic (all races),
48,Texas,48365,Panola,2011,2015,American Indian/Alaskan Native (includes Hispanic),
48,Texas,48365,Panola,2011,2015,White (includes Hispanic),11.3
48,Texas,48365,Panola,2012,2016,Asian/Pacific Islander (includes Hispanic),
48,Texas,48365,Panola,2012,2016,Black (includes Hispanic),12.6
48,Texas,48365,Panola,2012,2016,Hispanic (all races),
48,Texas,48365,Panola,2012,2016,American Indian/Alaskan Native (includes Hispanic),
48,Texas,48365,Panola,2012,2016,White (includes Hispanic),10.0
48,Texas,48365,Panola,2013,2017,Asian/Pacific Islander (includes Hispanic),
48,Texas,48365,Panola,2013,2017,Black (includes Hispanic),13.3
48,Texas,48365,Panola,2013,2017,Hispanic (all races),
48,Texas,48365,Panola,2013,2017,American Indian/Alaskan Native (includes Hispanic),
48,Texas,48365,Panola,2013,2017,White (includes Hispanic),10.1
48,Texas,48365,Panola,2014,2018,Asian/Pacific Islander (includes Hispanic),
48,Texas,48365,Panola,2014,2018,Black (includes Hispanic),10.9
48,Texas,48365,Panola,2014,2018,Hispanic (all races),
48,Texas,48365,Panola,2014,2018,American Indian/Alaskan Native (includes Hispanic),
48,Texas,48365,Panola,2014,2018,White (includes Hispanic),11.5
48,Texas,48365,Panola,2015,2019,Asian/Pacific Islander (includes Hispanic),
48,Texas,48365,Panola,2015,2019,Black (includes Hispanic),12.2
48,Texas,48365,Panola,2015,2019,Hispanic (all races),
48,Texas,48365,Panola,2015,2019,American Indian/Alaskan Native (includes Hispanic),
48,Texas,48365,Panola,2015,2019,White (includes Hispanic),10.3
48,Texas,48365,Panola,2016,2020,Asian/Pacific Islander (includes Hispanic),
48,Texas,48365,Panola,2016,2020,Black (includes Hispanic),11.0
48,Texas,48365,Panola,2016,2020,Hispanic (all races),
48,Texas,48365,Panola,2016,2020,American Indian/Alaskan Native (includes Hispanic),
48,Texas,48365,Panola,2016,2020,White (includes Hispanic),8.7
48,Texas,48367,Parker,2011,2015,Asian/Pacific Islander (includes Hispanic),9.4
48,Texas,48367,Parker,2011,2015,Black (includes Hispanic),8.0
48,Texas,48367,Parker,2011,2015,Hispanic (all races),11.1
48,Texas,48367,Parker,2011,2015,American Indian/Alaskan Native (includes Hispanic),
48,Texas,48367,Parker,2011,2015,White (includes Hispanic),8.5
48,Texas,48367,Parker,2012,2016,Asian/Pacific Islander (includes Hispanic),9.1
48,Texas,48367,Parker,2012,2016,Black (includes Hispanic),9.4
48,Texas,48367,Parker,2012,2016,Hispanic (all races),10.7
48,Texas,48367,Parker,2012,2016,American Indian/Alaskan Native (includes Hispanic),
48,Texas,48367,Parker,2012,2016,White (includes Hispanic),8.7
48,Texas,48367,Parker,2013,2017,Asian/Pacific Islander (includes Hispanic),10.8
48,Texas,48367,Parker,2013,2017,Black (includes Hispanic),10.0
48,Texas,48367,Parker,2013,2017,Hispanic (all races),10.8
48,Texas,48367,Parker,2013,2017,American Indian/Alaskan Native (includes Hispanic),
48,Texas,48367,Parker,2013,2017,White (includes Hispanic),8.6
48,Texas,48367,Parker,2014,2018,Asian/Pacific Islander (includes Hispanic),9.2
48,Texas,48367,Parker,2014,2018,Black (includes Hispanic),9.7
48,Texas,48367,Parker,2014,2018,Hispanic (all races),10.4
48,Texas,48367,Parker,2014,2018,American Indian/Alaskan Native (includes Hispanic),
48,Texas,48367,Parker,2014,2018,White (includes Hispanic),9.2
48,Texas,48367,Parker,2015,2019,Asian/Pacific Islander (includes Hispanic),10.8
48,Texas,48367,Parker,2015,2019,Black (includes Hispanic),9.3
48,Texas,48367,Parker,2015,2019,Hispanic (all races),10.6
48,Texas,48367,Parker,2015,2019,American Indian/Alaskan Native (includes Hispanic),
48,Texas,48367,Parker,2015,2019,White (includes Hispanic),9.2
48,Texas,48367,Parker,2016,2020,Asian/Pacific Islander (includes Hispanic),9.1
48,Texas,48367,Parker,2016,2020,Black (includes Hispanic),9.1
48,Texas,48367,Parker,2016,2020,Hispanic (all races),11.6
48,Texas,48367,Parker,2016,2020,American Indian/Alaskan Native (includes Hispanic),
48,Texas,48367,Parker,2016,2020,White (includes Hispanic),9.5
48,Texas,48369,Parmer,2011,2015,Asian/Pacific Islander (includes Hispanic),
48,Texas,48369,Parmer,2011,2015,Black (includes Hispanic),
48,Texas,48369,Parmer,2011,2015,Hispanic (all races),
48,Texas,48369,Parmer,2011,2015,American Indian/Alaskan Native (includes Hispanic),
48,Texas,48369,Parmer,2011,2015,White (includes Hispanic),7.8
48,Texas,48369,Parmer,2012,2016,Asian/Pacific Islander (includes Hispanic),
48,Texas,48369,Parmer,2012,2016,Black (includes Hispanic),
48,Texas,48369,Parmer,2012,2016,Hispanic (all races),
48,Texas,48369,Parmer,2012,2016,American Indian/Alaskan Native (includes Hispanic),
48,Texas,48369,Parmer,2012,2016,White (includes Hispanic),9.0
48,Texas,48369,Parmer,2013,2017,Asian/Pacific Islander (includes Hispanic),
48,Texas,48369,Parmer,2013,2017,Black (includes Hispanic),
48,Texas,48369,Parmer,2013,2017,Hispanic (all races),
48,Texas,48369,Parmer,2013,2017,American Indian/Alaskan Native (includes Hispanic),
48,Texas,48369,Parmer,2013,2017,White (includes Hispanic),8.9
48,Texas,48369,Parmer,2014,2018,Asian/Pacific Islander (includes Hispanic),
48,Texas,48369,Parmer,2014,2018,Black (includes Hispanic),
48,Texas,48369,Parmer,2014,2018,Hispanic (all races),
48,Texas,48369,Parmer,2014,2018,American Indian/Alaskan Native (includes Hispanic),
48,Texas,48369,Parmer,2014,2018,White (includes Hispanic),
48,Texas,48369,Parmer,2015,2019,Asian/Pacific Islander (includes Hispanic),
48,Texas,48369,Parmer,2015,2019,Black (includes Hispanic),
48,Texas,48369,Parmer,2015,2019,Hispanic (all races),
48,Texas,48369,Parmer,2015,2019,American Indian/Alaskan Native (includes Hispanic),
48,Texas,48369,Parmer,2015,2019,White (includes Hispanic),9.1
48,Texas,48369,Parmer,2016,2020,Asian/Pacific Islander (includes Hispanic),
48,Texas,48369,Parmer,2016,2020,Black (includes Hispanic),
48,Texas,48369,Parmer,2016,2020,Hispanic (all races),
48,Texas,48369,Parmer,2016,2020,American Indian/Alaskan Native (includes Hispanic),
48,Texas,48369,Parmer,2016,2020,White (includes Hispanic),
48,Texas,48371,Pecos,2011,2015,Asian/Pacific Islander (includes Hispanic),
48,Texas,48371,Pecos,2011,2015,Black (includes Hispanic),
48,Texas,48371,Pecos,2011,2015,Hispanic (all races),
48,Texas,48371,Pecos,2011,2015,American Indian/Alaskan Native (includes Hispanic),
48,Texas,48371,Pecos,2011,2015,White (includes Hispanic),
48,Texas,48371,Pecos,2012,2016,Asian/Pacific Islander (includes Hispanic),
48,Texas,48371,Pecos,2012,2016,Black (includes Hispanic),
48,Texas,48371,Pecos,2012,2016,Hispanic (all races),
48,Texas,48371,Pecos,2012,2016,American Indian/Alaskan Native (includes Hispanic),
48,Texas,48371,Pecos,2012,2016,White (includes Hispanic),
48,Texas,48371,Pecos,2013,2017,Asian/Pacific Islander (includes Hispanic),
48,Texas,48371,Pecos,2013,2017,Black (includes Hispanic),
48,Texas,48371,Pecos,2013,2017,Hispanic (all races),
48,Texas,48371,Pecos,2013,2017,American Indian/Alaskan Native (includes Hispanic),
48,Texas,48371,Pecos,2013,2017,White (includes Hispanic),
48,Texas,48371,Pecos,2014,2018,Asian/Pacific Islander (includes Hispanic),
48,Texas,48371,Pecos,2014,2018,Black (includes Hispanic),
48,Texas,48371,Pecos,2014,2018,Hispanic (all races),
48,Texas,48371,Pecos,2014,2018,American Indian/Alaskan Native (includes Hispanic),
48,Texas,48371,Pecos,2014,2018,White (includes Hispanic),
48,Texas,48371,Pecos,2015,2019,Asian/Pacific Islander (includes Hispanic),
48,Texas,48371,Pecos,2015,2019,Black (includes Hispanic),
48,Texas,48371,Pecos,2015,2019,Hispanic (all races),
48,Texas,48371,Pecos,2015,2019,American Indian/Alaskan Native (includes Hispanic),
48,Texas,48371,Pecos,2015,2019,White (includes Hispanic),
48,Texas,48371,Pecos,2016,2020,Asian/Pacific Islander (includes Hispanic),
48,Texas,48371,Pecos,2016,2020,Black (includes Hispanic),
48,Texas,48371,Pecos,2016,2020,Hispanic (all races),
48,Texas,48371,Pecos,2016,2020,American Indian/Alaskan Native (includes Hispanic),
48,Texas,48371,Pecos,2016,2020,White (includes Hispanic),14.6
48,Texas,48373,Polk,2011,2015,Asian/Pacific Islander (includes Hispanic),
48,Texas,48373,Polk,2011,2015,Black (includes Hispanic),
48,Texas,48373,Polk,2011,2015,Hispanic (all races),
48,Texas,48373,Polk,2011,2015,American Indian/Alaskan Native (includes Hispanic),
48,Texas,48373,Polk,2011,2015,White (includes Hispanic),12.5
48,Texas,48373,Polk,2012,2016,Asian/Pacific Islander (includes Hispanic),
48,Texas,48373,Polk,2012,2016,Black (includes Hispanic),
48,Texas,48373,Polk,2012,2016,Hispanic (all races),
48,Texas,48373,Polk,2012,2016,American Indian/Alaskan Native (includes Hispanic),
48,Texas,48373,Polk,2012,2016,White (includes Hispanic),12.7
48,Texas,48373,Polk,2013,2017,Asian/Pacific Islander (includes Hispanic),
48,Texas,48373,Polk,2013,2017,Black (includes Hispanic),
48,Texas,48373,Polk,2013,2017,Hispanic (all races),
48,Texas,48373,Polk,2013,2017,American Indian/Alaskan Native (includes Hispanic),
48,Texas,48373,Polk,2013,2017,White (includes Hispanic),15.2
48,Texas,48373,Polk,2014,2018,Asian/Pacific Islander (includes Hispanic),
48,Texas,48373,Polk,2014,2018,Black (includes Hispanic),
48,Texas,48373,Polk,2014,2018,Hispanic (all races),23.5
48,Texas,48373,Polk,2014,2018,American Indian/Alaskan Native (includes Hispanic),
48,Texas,48373,Polk,2014,2018,White (includes Hispanic),14.5
48,Texas,48373,Polk,2015,2019,Asian/Pacific Islander (includes Hispanic),
48,Texas,48373,Polk,2015,2019,Black (includes Hispanic),
48,Texas,48373,Polk,2015,2019,Hispanic (all races),24.7
48,Texas,48373,Polk,2015,2019,American Indian/Alaskan Native (includes Hispanic),
48,Texas,48373,Polk,2015,2019,White (includes Hispanic),15.2
48,Texas,48373,Polk,2016,2020,Asian/Pacific Islander (includes Hispanic),
48,Texas,48373,Polk,2016,2020,Black (includes Hispanic),
48,Texas,48373,Polk,2016,2020,Hispanic (all races),22.9
48,Texas,48373,Polk,2016,2020,American Indian/Alaskan Native (includes Hispanic),
48,Texas,48373,Polk,2016,2020,White (includes Hispanic),14.2
48,Texas,48375,Potter,2011,2015,Asian/Pacific Islander (includes Hispanic),
48,Texas,48375,Potter,2011,2015,Black (includes Hispanic),
48,Texas,48375,Potter,2011,2015,Hispanic (all races),15.3
48,Texas,48375,Potter,2011,2015,American Indian/Alaskan Native (includes Hispanic),
48,Texas,48375,Potter,2011,2015,White (includes Hispanic),11.5
48,Texas,48375,Potter,2012,2016,Asian/Pacific Islander (includes Hispanic),
48,Texas,48375,Potter,2012,2016,Black (includes Hispanic),
48,Texas,48375,Potter,2012,2016,Hispanic (all races),14.5
48,Texas,48375,Potter,2012,2016,American Indian/Alaskan Native (includes Hispanic),
48,Texas,48375,Potter,2012,2016,White (includes Hispanic),11.3
48,Texas,48375,Potter,2013,2017,Asian/Pacific Islander (includes Hispanic),
48,Texas,48375,Potter,2013,2017,Black (includes Hispanic),
48,Texas,48375,Potter,2013,2017,Hispanic (all races),13.1
48,Texas,48375,Potter,2013,2017,American Indian/Alaskan Native (includes Hispanic),
48,Texas,48375,Potter,2013,2017,White (includes Hispanic),11.5
48,Texas,48375,Potter,2014,2018,Asian/Pacific Islander (includes Hispanic),
48,Texas,48375,Potter,2014,2018,Black (includes Hispanic),
48,Texas,48375,Potter,2014,2018,Hispanic (all races),9.8
48,Texas,48375,Potter,2014,2018,American Indian/Alaskan Native (includes Hispanic),
48,Texas,48375,Potter,2014,2018,White (includes Hispanic),9.5
48,Texas,48375,Potter,2015,2019,Asian/Pacific Islander (includes Hispanic),
48,Texas,48375,Potter,2015,2019,Black (includes Hispanic),
48,Texas,48375,Potter,2015,2019,Hispanic (all races),8.9
48,Texas,48375,Potter,2015,2019,American Indian/Alaskan Native (includes Hispanic),
48,Texas,48375,Potter,2015,2019,White (includes Hispanic),10.0
48,Texas,48375,Potter,2016,2020,Asian/Pacific Islander (includes Hispanic),
48,Texas,48375,Potter,2016,2020,Black (includes Hispanic),
48,Texas,48375,Potter,2016,2020,Hispanic (all races),11.8
48,Texas,48375,Potter,2016,2020,American Indian/Alaskan Native (includes Hispanic),
48,Texas,48375,Potter,2016,2020,White (includes Hispanic),12.1
48,Texas,48377,Presidio,2011,2015,Asian/Pacific Islander (includes Hispanic),
48,Texas,48377,Presidio,2011,2015,Black (includes Hispanic),
48,Texas,48377,Presidio,2011,2015,Hispanic (all races),
48,Texas,48377,Presidio,2011,2015,American Indian/Alaskan Native (includes Hispanic),
48,Texas,48377,Presidio,2011,2015,White (includes Hispanic),
48,Texas,48377,Presidio,2012,2016,Asian/Pacific Islander (includes Hispanic),
48,Texas,48377,Presidio,2012,2016,Black (includes Hispanic),
48,Texas,48377,Presidio,2012,2016,Hispanic (all races),
48,Texas,48377,Presidio,2012,2016,American Indian/Alaskan Native (includes Hispanic),
48,Texas,48377,Presidio,2012,2016,White (includes Hispanic),
48,Texas,48377,Presidio,2013,2017,Asian/Pacific Islander (includes Hispanic),
48,Texas,48377,Presidio,2013,2017,Black (includes Hispanic),
48,Texas,48377,Presidio,2013,2017,Hispanic (all races),
48,Texas,48377,Presidio,2013,2017,American Indian/Alaskan Native (includes Hispanic),
48,Texas,48377,Presidio,2013,2017,White (includes Hispanic),
48,Texas,48377,Presidio,2014,2018,Asian/Pacific Islander (includes Hispanic),
48,Texas,48377,Presidio,2014,2018,Black (includes Hispanic),
48,Texas,48377,Presidio,2014,2018,Hispanic (all races),
48,Texas,48377,Presidio,2014,2018,American Indian/Alaskan Native (includes Hispanic),
48,Texas,48377,Presidio,2014,2018,White (includes Hispanic),
48,Texas,48377,Presidio,2015,2019,Asian/Pacific Islander (includes Hispanic),
48,Texas,48377,Presidio,2015,2019,Black (includes Hispanic),
48,Texas,48377,Presidio,2015,2019,Hispanic (all races),
48,Texas,48377,Presidio,2015,2019,American Indian/Alaskan Native (includes Hispanic),
48,Texas,48377,Presidio,2015,2019,White (includes Hispanic),
48,Texas,48377,Presidio,2016,2020,Asian/Pacific Islander (includes Hispanic),
48,Texas,48377,Presidio,2016,2020,Black (includes Hispanic),
48,Texas,48377,Presidio,2016,2020,Hispanic (all races),
48,Texas,48377,Presidio,2016,2020,American Indian/Alaskan Native (includes Hispanic),
48,Texas,48377,Presidio,2016,2020,White (includes Hispanic),
48,Texas,48379,Rains,2011,2015,Asian/Pacific Islander (includes Hispanic),
48,Texas,48379,Rains,2011,2015,Black (includes Hispanic),
48,Texas,48379,Rains,2011,2015,Hispanic (all races),
48,Texas,48379,Rains,2011,2015,American Indian/Alaskan Native (includes Hispanic),
48,Texas,48379,Rains,2011,2015,White (includes Hispanic),8.4
48,Texas,48379,Rains,2012,2016,Asian/Pacific Islander (includes Hispanic),
48,Texas,48379,Rains,2012,2016,Black (includes Hispanic),
48,Texas,48379,Rains,2012,2016,Hispanic (all races),
48,Texas,48379,Rains,2012,2016,American Indian/Alaskan Native (includes Hispanic),
48,Texas,48379,Rains,2012,2016,White (includes Hispanic),8.5
48,Texas,48379,Rains,2013,2017,Asian/Pacific Islander (includes Hispanic),
48,Texas,48379,Rains,2013,2017,Black (includes Hispanic),
48,Texas,48379,Rains,2013,2017,Hispanic (all races),
48,Texas,48379,Rains,2013,2017,American Indian/Alaskan Native (includes Hispanic),
48,Texas,48379,Rains,2013,2017,White (includes Hispanic),9.7
48,Texas,48379,Rains,2014,2018,Asian/Pacific Islander (includes Hispanic),
48,Texas,48379,Rains,2014,2018,Black (includes Hispanic),
48,Texas,48379,Rains,2014,2018,Hispanic (all races),
48,Texas,48379,Rains,2014,2018,American Indian/Alaskan Native (includes Hispanic),
48,Texas,48379,Rains,2014,2018,White (includes Hispanic),9.4
48,Texas,48379,Rains,2015,2019,Asian/Pacific Islander (includes Hispanic),
48,Texas,48379,Rains,2015,2019,Black (includes Hispanic),
48,Texas,48379,Rains,2015,2019,Hispanic (all races),
48,Texas,48379,Rains,2015,2019,American Indian/Alaskan Native (includes Hispanic),
48,Texas,48379,Rains,2015,2019,White (includes Hispanic),10.2
48,Texas,48379,Rains,2016,2020,Asian/Pacific Islander (includes Hispanic),
48,Texas,48379,Rains,2016,2020,Black (includes Hispanic),
48,Texas,48379,Rains,2016,2020,Hispanic (all races),
48,Texas,48379,Rains,2016,2020,American Indian/Alaskan Native (includes Hispanic),
48,Texas,48379,Rains,2016,2020,White (includes Hispanic),9.0
48,Texas,48381,Randall,2011,2015,Asian/Pacific Islander (includes Hispanic),
48,Texas,48381,Randall,2011,2015,Black (includes Hispanic),
48,Texas,48381,Randall,2011,2015,Hispanic (all races),15.1
48,Texas,48381,Randall,2011,2015,American Indian/Alaskan Native (includes Hispanic),
48,Texas,48381,Randall,2011,2015,White (includes Hispanic),10.9
48,Texas,48381,Randall,2012,2016,Asian/Pacific Islander (includes Hispanic),
48,Texas,48381,Randall,2012,2016,Black (includes Hispanic),
48,Texas,48381,Randall,2012,2016,Hispanic (all races),14.3
48,Texas,48381,Randall,2012,2016,American Indian/Alaskan Native (includes Hispanic),
48,Texas,48381,Randall,2012,2016,White (includes Hispanic),10.9
48,Texas,48381,Randall,2013,2017,Asian/Pacific Islander (includes Hispanic),
48,Texas,48381,Randall,2013,2017,Black (includes Hispanic),
48,Texas,48381,Randall,2013,2017,Hispanic (all races),12.5
48,Texas,48381,Randall,2013,2017,American Indian/Alaskan Native (includes Hispanic),
48,Texas,48381,Randall,2013,2017,White (includes Hispanic),11.0
48,Texas,48381,Randall,2014,2018,Asian/Pacific Islander (includes Hispanic),
48,Texas,48381,Randall,2014,2018,Black (includes Hispanic),
48,Texas,48381,Randall,2014,2018,Hispanic (all races),10.2
48,Texas,48381,Randall,2014,2018,American Indian/Alaskan Native (includes Hispanic),
48,Texas,48381,Randall,2014,2018,White (includes Hispanic),9.4
48,Texas,48381,Randall,2015,2019,Asian/Pacific Islander (includes Hispanic),
48,Texas,48381,Randall,2015,2019,Black (includes Hispanic),
48,Texas,48381,Randall,2015,2019,Hispanic (all races),9.9
48,Texas,48381,Randall,2015,2019,American Indian/Alaskan Native (includes Hispanic),
48,Texas,48381,Randall,2015,2019,White (includes Hispanic),10.3
48,Texas,48381,Randall,2016,2020,Asian/Pacific Islander (includes Hispanic),
48,Texas,48381,Randall,2016,2020,Black (includes Hispanic),
48,Texas,48381,Randall,2016,2020,Hispanic (all races),11.8
48,Texas,48381,Randall,2016,2020,American Indian/Alaskan Native (includes Hispanic),
48,Texas,48381,Randall,2016,2020,White (includes Hispanic),12.2
48,Texas,48383,Reagan,2011,2015,Asian/Pacific Islander (includes Hispanic),
48,Texas,48383,Reagan,2011,2015,Black (includes Hispanic),
48,Texas,48383,Reagan,2011,2015,Hispanic (all races),10.9
48,Texas,48383,Reagan,2011,2015,American Indian/Alaskan Native (includes Hispanic),
48,Texas,48383,Reagan,2011,2015,White (includes Hispanic),9.0
48,Texas,48383,Reagan,2012,2016,Asian/Pacific Islander (includes Hispanic),
48,Texas,48383,Reagan,2012,2016,Black (includes Hispanic),
48,Texas,48383,Reagan,2012,2016,Hispanic (all races),9.3
48,Texas,48383,Reagan,2012,2016,American Indian/Alaskan Native (includes Hispanic),
48,Texas,48383,Reagan,2012,2016,White (includes Hispanic),9.8
48,Texas,48383,Reagan,2013,2017,Asian/Pacific Islander (includes Hispanic),
48,Texas,48383,Reagan,2013,2017,Black (includes Hispanic),
48,Texas,48383,Reagan,2013,2017,Hispanic (all races),11.0
48,Texas,48383,Reagan,2013,2017,American Indian/Alaskan Native (includes Hispanic),
48,Texas,48383,Reagan,2013,2017,White (includes Hispanic),11.4
48,Texas,48383,Reagan,2014,2018,Asian/Pacific Islander (includes Hispanic),
48,Texas,48383,Reagan,2014,2018,Black (includes Hispanic),
48,Texas,48383,Reagan,2014,2018,Hispanic (all races),11.6
48,Texas,48383,Reagan,2014,2018,American Indian/Alaskan Native (includes Hispanic),
48,Texas,48383,Reagan,2014,2018,White (includes Hispanic),11.6
48,Texas,48383,Reagan,2015,2019,Asian/Pacific Islander (includes Hispanic),
48,Texas,48383,Reagan,2015,2019,Black (includes Hispanic),
48,Texas,48383,Reagan,2015,2019,Hispanic (all races),12.1
48,Texas,48383,Reagan,2015,2019,American Indian/Alaskan Native (includes Hispanic),
48,Texas,48383,Reagan,2015,2019,White (includes Hispanic),11.8
48,Texas,48383,Reagan,2016,2020,Asian/Pacific Islander (includes Hispanic),
48,Texas,48383,Reagan,2016,2020,Black (includes Hispanic),
48,Texas,48383,Reagan,2016,2020,Hispanic (all races),13.1
48,Texas,48383,Reagan,2016,2020,American Indian/Alaskan Native (includes Hispanic),
48,Texas,48383,Reagan,2016,2020,White (includes Hispanic),12.7
48,Texas,48385,Real,2011,2015,Asian/Pacific Islander (includes Hispanic),
48,Texas,48385,Real,2011,2015,Black (includes Hispanic),
48,Texas,48385,Real,2011,2015,Hispanic (all races),
48,Texas,48385,Real,2011,2015,American Indian/Alaskan Native (includes Hispanic),
48,Texas,48385,Real,2011,2015,White (includes Hispanic),10.1
48,Texas,48385,Real,2012,2016,Asian/Pacific Islander (includes Hispanic),
48,Texas,48385,Real,2012,2016,Black (includes Hispanic),
48,Texas,48385,Real,2012,2016,Hispanic (all races),
48,Texas,48385,Real,2012,2016,American Indian/Alaskan Native (includes Hispanic),
48,Texas,48385,Real,2012,2016,White (includes Hispanic),10.2
48,Texas,48385,Real,2013,2017,Asian/Pacific Islander (includes Hispanic),
48,Texas,48385,Real,2013,2017,Black (includes Hispanic),
48,Texas,48385,Real,2013,2017,Hispanic (all races),
48,Texas,48385,Real,2013,2017,American Indian/Alaskan Native (includes Hispanic),
48,Texas,48385,Real,2013,2017,White (includes Hispanic),9.4
48,Texas,48385,Real,2014,2018,Asian/Pacific Islander (includes Hispanic),
48,Texas,48385,Real,2014,2018,Black (includes Hispanic),
48,Texas,48385,Real,2014,2018,Hispanic (all races),
48,Texas,48385,Real,2014,2018,American Indian/Alaskan Native (includes Hispanic),
48,Texas,48385,Real,2014,2018,White (includes Hispanic),8.9
48,Texas,48385,Real,2015,2019,Asian/Pacific Islander (includes Hispanic),
48,Texas,48385,Real,2015,2019,Black (includes Hispanic),
48,Texas,48385,Real,2015,2019,Hispanic (all races),
48,Texas,48385,Real,2015,2019,American Indian/Alaskan Native (includes Hispanic),
48,Texas,48385,Real,2015,2019,White (includes Hispanic),9.0
48,Texas,48385,Real,2016,2020,Asian/Pacific Islander (includes Hispanic),
48,Texas,48385,Real,2016,2020,Black (includes Hispanic),
48,Texas,48385,Real,2016,2020,Hispanic (all races),
48,Texas,48385,Real,2016,2020,American Indian/Alaskan Native (includes Hispanic),
48,Texas,48385,Real,2016,2020,White (includes Hispanic),9.8
48,Texas,48387,Red River,2011,2015,Asian/Pacific Islander (includes Hispanic),
48,Texas,48387,Red River,2011,2015,Black (includes Hispanic),
48,Texas,48387,Red River,2011,2015,Hispanic (all races),
48,Texas,48387,Red River,2011,2015,American Indian/Alaskan Native (includes Hispanic),
48,Texas,48387,Red River,2011,2015,White (includes Hispanic),11.3
48,Texas,48387,Red River,2012,2016,Asian/Pacific Islander (includes Hispanic),
48,Texas,48387,Red River,2012,2016,Black (includes Hispanic),
48,Texas,48387,Red River,2012,2016,Hispanic (all races),
48,Texas,48387,Red River,2012,2016,American Indian/Alaskan Native (includes Hispanic),
48,Texas,48387,Red River,2012,2016,White (includes Hispanic),11.8
48,Texas,48387,Red River,2013,2017,Asian/Pacific Islander (includes Hispanic),
48,Texas,48387,Red River,2013,2017,Black (includes Hispanic),
48,Texas,48387,Red River,2013,2017,Hispanic (all races),
48,Texas,48387,Red River,2013,2017,American Indian/Alaskan Native (includes Hispanic),
48,Texas,48387,Red River,2013,2017,White (includes Hispanic),10.9
48,Texas,48387,Red River,2014,2018,Asian/Pacific Islander (includes Hispanic),
48,Texas,48387,Red River,2014,2018,Black (includes Hispanic),
48,Texas,48387,Red River,2014,2018,Hispanic (all races),
48,Texas,48387,Red River,2014,2018,American Indian/Alaskan Native (includes Hispanic),
48,Texas,48387,Red River,2014,2018,White (includes Hispanic),12.9
48,Texas,48387,Red River,2015,2019,Asian/Pacific Islander (includes Hispanic),
48,Texas,48387,Red River,2015,2019,Black (includes Hispanic),
48,Texas,48387,Red River,2015,2019,Hispanic (all races),
48,Texas,48387,Red River,2015,2019,American Indian/Alaskan Native (includes Hispanic),
48,Texas,48387,Red River,2015,2019,White (includes Hispanic),12.7
48,Texas,48387,Red River,2016,2020,Asian/Pacific Islander (includes Hispanic),
48,Texas,48387,Red River,2016,2020,Black (includes Hispanic),
48,Texas,48387,Red River,2016,2020,Hispanic (all races),
48,Texas,48387,Red River,2016,2020,American Indian/Alaskan Native (includes Hispanic),
48,Texas,48387,Red River,2016,2020,White (includes Hispanic),13.5
48,Texas,48389,Reeves,2011,2015,Asian/Pacific Islander (includes Hispanic),
48,Texas,48389,Reeves,2011,2015,Black (includes Hispanic),
48,Texas,48389,Reeves,2011,2015,Hispanic (all races),
48,Texas,48389,Reeves,2011,2015,American Indian/Alaskan Native (includes Hispanic),
48,Texas,48389,Reeves,2011,2015,White (includes Hispanic),
48,Texas,48389,Reeves,2012,2016,Asian/Pacific Islander (includes Hispanic),
48,Texas,48389,Reeves,2012,2016,Black (includes Hispanic),
48,Texas,48389,Reeves,2012,2016,Hispanic (all races),
48,Texas,48389,Reeves,2012,2016,American Indian/Alaskan Native (includes Hispanic),
48,Texas,48389,Reeves,2012,2016,White (includes Hispanic),11.1
48,Texas,48389,Reeves,2013,2017,Asian/Pacific Islander (includes Hispanic),
48,Texas,48389,Reeves,2013,2017,Black (includes Hispanic),
48,Texas,48389,Reeves,2013,2017,Hispanic (all races),
48,Texas,48389,Reeves,2013,2017,American Indian/Alaskan Native (includes Hispanic),
48,Texas,48389,Reeves,2013,2017,White (includes Hispanic),
48,Texas,48389,Reeves,2014,2018,Asian/Pacific Islander (includes Hispanic),
48,Texas,48389,Reeves,2014,2018,Black (includes Hispanic),
48,Texas,48389,Reeves,2014,2018,Hispanic (all races),
48,Texas,48389,Reeves,2014,2018,American Indian/Alaskan Native (includes Hispanic),
48,Texas,48389,Reeves,2014,2018,White (includes Hispanic),11.2
48,Texas,48389,Reeves,2015,2019,Asian/Pacific Islander (includes Hispanic),
48,Texas,48389,Reeves,2015,2019,Black (includes Hispanic),
48,Texas,48389,Reeves,2015,2019,Hispanic (all races),
48,Texas,48389,Reeves,2015,2019,American Indian/Alaskan Native (includes Hispanic),
48,Texas,48389,Reeves,2015,2019,White (includes Hispanic),11.9
48,Texas,48389,Reeves,2016,2020,Asian/Pacific Islander (includes Hispanic),
48,Texas,48389,Reeves,2016,2020,Black (includes Hispanic),
48,Texas,48389,Reeves,2016,2020,Hispanic (all races),15.6
48,Texas,48389,Reeves,2016,2020,American Indian/Alaskan Native (includes Hispanic),
48,Texas,48389,Reeves,2016,2020,White (includes Hispanic),12.6
48,Texas,48391,Refugio,2011,2015,Asian/Pacific Islander (includes Hispanic),
48,Texas,48391,Refugio,2011,2015,Black (includes Hispanic),
48,Texas,48391,Refugio,2011,2015,Hispanic (all races),12.3
48,Texas,48391,Refugio,2011,2015,American Indian/Alaskan Native (includes Hispanic),
48,Texas,48391,Refugio,2011,2015,White (includes Hispanic),11.8
48,Texas,48391,Refugio,2012,2016,Asian/Pacific Islander (includes Hispanic),
48,Texas,48391,Refugio,2012,2016,Black (includes Hispanic),
48,Texas,48391,Refugio,2012,2016,Hispanic (all races),13.0
48,Texas,48391,Refugio,2012,2016,American Indian/Alaskan Native (includes Hispanic),
48,Texas,48391,Refugio,2012,2016,White (includes Hispanic),11.7
48,Texas,48391,Refugio,2013,2017,Asian/Pacific Islander (includes Hispanic),
48,Texas,48391,Refugio,2013,2017,Black (includes Hispanic),
48,Texas,48391,Refugio,2013,2017,Hispanic (all races),14.7
48,Texas,48391,Refugio,2013,2017,American Indian/Alaskan Native (includes Hispanic),
48,Texas,48391,Refugio,2013,2017,White (includes Hispanic),11.8
48,Texas,48391,Refugio,2014,2018,Asian/Pacific Islander (includes Hispanic),
48,Texas,48391,Refugio,2014,2018,Black (includes Hispanic),
48,Texas,48391,Refugio,2014,2018,Hispanic (all races),14.1
48,Texas,48391,Refugio,2014,2018,American Indian/Alaskan Native (includes Hispanic),
48,Texas,48391,Refugio,2014,2018,White (includes Hispanic),11.6
48,Texas,48391,Refugio,2015,2019,Asian/Pacific Islander (includes Hispanic),
48,Texas,48391,Refugio,2015,2019,Black (includes Hispanic),
48,Texas,48391,Refugio,2015,2019,Hispanic (all races),15.4
48,Texas,48391,Refugio,2015,2019,American Indian/Alaskan Native (includes Hispanic),
48,Texas,48391,Refugio,2015,2019,White (includes Hispanic),12.8
48,Texas,48391,Refugio,2016,2020,Asian/Pacific Islander (includes Hispanic),
48,Texas,48391,Refugio,2016,2020,Black (includes Hispanic),
48,Texas,48391,Refugio,2016,2020,Hispanic (all races),16.1
48,Texas,48391,Refugio,2016,2020,American Indian/Alaskan Native (includes Hispanic),
48,Texas,48391,Refugio,2016,2020,White (includes Hispanic),13.7
48,Texas,48393,Roberts,2011,2015,Asian/Pacific Islander (includes Hispanic),
48,Texas,48393,Roberts,2011,2015,Black (includes Hispanic),
48,Texas,48393,Roberts,2011,2015,Hispanic (all races),
48,Texas,48393,Roberts,2011,2015,American Indian/Alaskan Native (includes Hispanic),
48,Texas,48393,Roberts,2011,2015,White (includes Hispanic),
48,Texas,48393,Roberts,2012,2016,Asian/Pacific Islander (includes Hispanic),
48,Texas,48393,Roberts,2012,2016,Black (includes Hispanic),
48,Texas,48393,Roberts,2012,2016,Hispanic (all races),
48,Texas,48393,Roberts,2012,2016,American Indian/Alaskan Native (includes Hispanic),
48,Texas,48393,Roberts,2012,2016,White (includes Hispanic),
48,Texas,48393,Roberts,2013,2017,Asian/Pacific Islander (includes Hispanic),
48,Texas,48393,Roberts,2013,2017,Black (includes Hispanic),
48,Texas,48393,Roberts,2013,2017,Hispanic (all races),
48,Texas,48393,Roberts,2013,2017,American Indian/Alaskan Native (includes Hispanic),
48,Texas,48393,Roberts,2013,2017,White (includes Hispanic),13.1
48,Texas,48393,Roberts,2014,2018,Asian/Pacific Islander (includes Hispanic),
48,Texas,48393,Roberts,2014,2018,Black (includes Hispanic),
48,Texas,48393,Roberts,2014,2018,Hispanic (all races),
48,Texas,48393,Roberts,2014,2018,American Indian/Alaskan Native (includes Hispanic),
48,Texas,48393,Roberts,2014,2018,White (includes Hispanic),17.3
48,Texas,48393,Roberts,2015,2019,Asian/Pacific Islander (includes Hispanic),
48,Texas,48393,Roberts,2015,2019,Black (includes Hispanic),
48,Texas,48393,Roberts,2015,2019,Hispanic (all races),
48,Texas,48393,Roberts,2015,2019,American Indian/Alaskan Native (includes Hispanic),
48,Texas,48393,Roberts,2015,2019,White (includes Hispanic),18.1
48,Texas,48393,Roberts,2016,2020,Asian/Pacific Islander (includes Hispanic),
48,Texas,48393,Roberts,2016,2020,Black (includes Hispanic),
48,Texas,48393,Roberts,2016,2020,Hispanic (all races),
48,Texas,48393,Roberts,2016,2020,American Indian/Alaskan Native (includes Hispanic),
48,Texas,48393,Roberts,2016,2020,White (includes Hispanic),16.6
48,Texas,48395,Robertson,2011,2015,Asian/Pacific Islander (includes Hispanic),
48,Texas,48395,Robertson,2011,2015,Black (includes Hispanic),
48,Texas,48395,Robertson,2011,2015,Hispanic (all races),
48,Texas,48395,Robertson,2011,2015,American Indian/Alaskan Native (includes Hispanic),
48,Texas,48395,Robertson,2011,2015,White (includes Hispanic),8.9
48,Texas,48395,Robertson,2012,2016,Asian/Pacific Islander (includes Hispanic),
48,Texas,48395,Robertson,2012,2016,Black (includes Hispanic),
48,Texas,48395,Robertson,2012,2016,Hispanic (all races),15.0
48,Texas,48395,Robertson,2012,2016,American Indian/Alaskan Native (includes Hispanic),
48,Texas,48395,Robertson,2012,2016,White (includes Hispanic),10.1
48,Texas,48395,Robertson,2013,2017,Asian/Pacific Islander (includes Hispanic),
48,Texas,48395,Robertson,2013,2017,Black (includes Hispanic),
48,Texas,48395,Robertson,2013,2017,Hispanic (all races),16.5
48,Texas,48395,Robertson,2013,2017,American Indian/Alaskan Native (includes Hispanic),
48,Texas,48395,Robertson,2013,2017,White (includes Hispanic),12.0
48,Texas,48395,Robertson,2014,2018,Asian/Pacific Islander (includes Hispanic),
48,Texas,48395,Robertson,2014,2018,Black (includes Hispanic),
48,Texas,48395,Robertson,2014,2018,Hispanic (all races),16.2
48,Texas,48395,Robertson,2014,2018,American Indian/Alaskan Native (includes Hispanic),
48,Texas,48395,Robertson,2014,2018,White (includes Hispanic),12.2
48,Texas,48395,Robertson,2015,2019,Asian/Pacific Islander (includes Hispanic),
48,Texas,48395,Robertson,2015,2019,Black (includes Hispanic),
48,Texas,48395,Robertson,2015,2019,Hispanic (all races),16.2
48,Texas,48395,Robertson,2015,2019,American Indian/Alaskan Native (includes Hispanic),
48,Texas,48395,Robertson,2015,2019,White (includes Hispanic),11.2
48,Texas,48395,Robertson,2016,2020,Asian/Pacific Islander (includes Hispanic),
48,Texas,48395,Robertson,2016,2020,Black (includes Hispanic),
48,Texas,48395,Robertson,2016,2020,Hispanic (all races),11.1
48,Texas,48395,Robertson,2016,2020,American Indian/Alaskan Native (includes Hispanic),
48,Texas,48395,Robertson,2016,2020,White (includes Hispanic),9.5
48,Texas,48397,Rockwall,2011,2015,Asian/Pacific Islander (includes Hispanic),3.4
48,Texas,48397,Rockwall,2011,2015,Black (includes Hispanic),9.8
48,Texas,48397,Rockwall,2011,2015,Hispanic (all races),12.5
48,Texas,48397,Rockwall,2011,2015,American Indian/Alaskan Native (includes Hispanic),
48,Texas,48397,Rockwall,2011,2015,White (includes Hispanic),8.3
48,Texas,48397,Rockwall,2012,2016,Asian/Pacific Islander (includes Hispanic),4.3
48,Texas,48397,Rockwall,2012,2016,Black (includes Hispanic),9.4
48,Texas,48397,Rockwall,2012,2016,Hispanic (all races),11.7
48,Texas,48397,Rockwall,2012,2016,American Indian/Alaskan Native (includes Hispanic),
48,Texas,48397,Rockwall,2012,2016,White (includes Hispanic),8.1
48,Texas,48397,Rockwall,2013,2017,Asian/Pacific Islander (includes Hispanic),3.7
48,Texas,48397,Rockwall,2013,2017,Black (includes Hispanic),9.7
48,Texas,48397,Rockwall,2013,2017,Hispanic (all races),11.2
48,Texas,48397,Rockwall,2013,2017,American Indian/Alaskan Native (includes Hispanic),
48,Texas,48397,Rockwall,2013,2017,White (includes Hispanic),8.1
48,Texas,48397,Rockwall,2014,2018,Asian/Pacific Islander (includes Hispanic),4.1
48,Texas,48397,Rockwall,2014,2018,Black (includes Hispanic),9.8
48,Texas,48397,Rockwall,2014,2018,Hispanic (all races),10.3
48,Texas,48397,Rockwall,2014,2018,American Indian/Alaskan Native (includes Hispanic),
48,Texas,48397,Rockwall,2014,2018,White (includes Hispanic),7.9
48,Texas,48397,Rockwall,2015,2019,Asian/Pacific Islander (includes Hispanic),4.1
48,Texas,48397,Rockwall,2015,2019,Black (includes Hispanic),9.4
48,Texas,48397,Rockwall,2015,2019,Hispanic (all races),10.8
48,Texas,48397,Rockwall,2015,2019,American Indian/Alaskan Native (includes Hispanic),
48,Texas,48397,Rockwall,2015,2019,White (includes Hispanic),8.2
48,Texas,48397,Rockwall,2016,2020,Asian/Pacific Islander (includes Hispanic),4.6
48,Texas,48397,Rockwall,2016,2020,Black (includes Hispanic),9.1
48,Texas,48397,Rockwall,2016,2020,Hispanic (all races),10.7
48,Texas,48397,Rockwall,2016,2020,American Indian/Alaskan Native (includes Hispanic),
48,Texas,48397,Rockwall,2016,2020,White (includes Hispanic),8.0
48,Texas,48399,Runnels,2011,2015,Asian/Pacific Islander (includes Hispanic),
48,Texas,48399,Runnels,2011,2015,Black (includes Hispanic),
48,Texas,48399,Runnels,2011,2015,Hispanic (all races),11.2
48,Texas,48399,Runnels,2011,2015,American Indian/Alaskan Native (includes Hispanic),
48,Texas,48399,Runnels,2011,2015,White (includes Hispanic),10.3
48,Texas,48399,Runnels,2012,2016,Asian/Pacific Islander (includes Hispanic),
48,Texas,48399,Runnels,2012,2016,Black (includes Hispanic),
48,Texas,48399,Runnels,2012,2016,Hispanic (all races),
48,Texas,48399,Runnels,2012,2016,American Indian/Alaskan Native (includes Hispanic),
48,Texas,48399,Runnels,2012,2016,White (includes Hispanic),9.5
48,Texas,48399,Runnels,2013,2017,Asian/Pacific Islander (includes Hispanic),
48,Texas,48399,Runnels,2013,2017,Black (includes Hispanic),
48,Texas,48399,Runnels,2013,2017,Hispanic (all races),12.1
48,Texas,48399,Runnels,2013,2017,American Indian/Alaskan Native (includes Hispanic),
48,Texas,48399,Runnels,2013,2017,White (includes Hispanic),10.8
48,Texas,48399,Runnels,2014,2018,Asian/Pacific Islander (includes Hispanic),
48,Texas,48399,Runnels,2014,2018,Black (includes Hispanic),
48,Texas,48399,Runnels,2014,2018,Hispanic (all races),13.9
48,Texas,48399,Runnels,2014,2018,American Indian/Alaskan Native (includes Hispanic),
48,Texas,48399,Runnels,2014,2018,White (includes Hispanic),10.5
48,Texas,48399,Runnels,2015,2019,Asian/Pacific Islander (includes Hispanic),
48,Texas,48399,Runnels,2015,2019,Black (includes Hispanic),
48,Texas,48399,Runnels,2015,2019,Hispanic (all races),16.3
48,Texas,48399,Runnels,2015,2019,American Indian/Alaskan Native (includes Hispanic),
48,Texas,48399,Runnels,2015,2019,White (includes Hispanic),10.8
48,Texas,48399,Runnels,2016,2020,Asian/Pacific Islander (includes Hispanic),
48,Texas,48399,Runnels,2016,2020,Black (includes Hispanic),
48,Texas,48399,Runnels,2016,2020,Hispanic (all races),16.4
48,Texas,48399,Runnels,2016,2020,American Indian/Alaskan Native (includes Hispanic),
48,Texas,48399,Runnels,2016,2020,White (includes Hispanic),11.7
48,Texas,48401,Rusk,2011,2015,Asian/Pacific Islander (includes Hispanic),
48,Texas,48401,Rusk,2011,2015,Black (includes Hispanic),8.4
48,Texas,48401,Rusk,2011,2015,Hispanic (all races),
48,Texas,48401,Rusk,2011,2015,American Indian/Alaskan Native (includes Hispanic),
48,Texas,48401,Rusk,2011,2015,White (includes Hispanic),8.3
48,Texas,48401,Rusk,2012,2016,Asian/Pacific Islander (includes Hispanic),
48,Texas,48401,Rusk,2012,2016,Black (includes Hispanic),9.1
48,Texas,48401,Rusk,2012,2016,Hispanic (all races),
48,Texas,48401,Rusk,2012,2016,American Indian/Alaskan Native (includes Hispanic),
48,Texas,48401,Rusk,2012,2016,White (includes Hispanic),7.6
48,Texas,48401,Rusk,2013,2017,Asian/Pacific Islander (includes Hispanic),
48,Texas,48401,Rusk,2013,2017,Black (includes Hispanic),8.1
48,Texas,48401,Rusk,2013,2017,Hispanic (all races),
48,Texas,48401,Rusk,2013,2017,American Indian/Alaskan Native (includes Hispanic),
48,Texas,48401,Rusk,2013,2017,White (includes Hispanic),8.6
48,Texas,48401,Rusk,2014,2018,Asian/Pacific Islander (includes Hispanic),
48,Texas,48401,Rusk,2014,2018,Black (includes Hispanic),8.2
48,Texas,48401,Rusk,2014,2018,Hispanic (all races),
48,Texas,48401,Rusk,2014,2018,American Indian/Alaskan Native (includes Hispanic),
48,Texas,48401,Rusk,2014,2018,White (includes Hispanic),9.5
48,Texas,48401,Rusk,2015,2019,Asian/Pacific Islander (includes Hispanic),
48,Texas,48401,Rusk,2015,2019,Black (includes Hispanic),9.9
48,Texas,48401,Rusk,2015,2019,Hispanic (all races),8.8
48,Texas,48401,Rusk,2015,2019,American Indian/Alaskan Native (includes Hispanic),
48,Texas,48401,Rusk,2015,2019,White (includes Hispanic),9.8
48,Texas,48401,Rusk,2016,2020,Asian/Pacific Islander (includes Hispanic),
48,Texas,48401,Rusk,2016,2020,Black (includes Hispanic),10.1
48,Texas,48401,Rusk,2016,2020,Hispanic (all races),9.3
48,Texas,48401,Rusk,2016,2020,American Indian/Alaskan Native (includes Hispanic),
48,Texas,48401,Rusk,2016,2020,White (includes Hispanic),9.5
48,Texas,48403,Sabine,2011,2015,Asian/Pacific Islander (includes Hispanic),
48,Texas,48403,Sabine,2011,2015,Black (includes Hispanic),
48,Texas,48403,Sabine,2011,2015,Hispanic (all races),
48,Texas,48403,Sabine,2011,2015,American Indian/Alaskan Native (includes Hispanic),
48,Texas,48403,Sabine,2011,2015,White (includes Hispanic),12.7
48,Texas,48403,Sabine,2012,2016,Asian/Pacific Islander (includes Hispanic),
48,Texas,48403,Sabine,2012,2016,Black (includes Hispanic),
48,Texas,48403,Sabine,2012,2016,Hispanic (all races),
48,Texas,48403,Sabine,2012,2016,American Indian/Alaskan Native (includes Hispanic),
48,Texas,48403,Sabine,2012,2016,White (includes Hispanic),14.5
48,Texas,48403,Sabine,2013,2017,Asian/Pacific Islander (includes Hispanic),
48,Texas,48403,Sabine,2013,2017,Black (includes Hispanic),
48,Texas,48403,Sabine,2013,2017,Hispanic (all races),
48,Texas,48403,Sabine,2013,2017,American Indian/Alaskan Native (includes Hispanic),
48,Texas,48403,Sabine,2013,2017,White (includes Hispanic),14.8
48,Texas,48403,Sabine,2014,2018,Asian/Pacific Islander (includes Hispanic),
48,Texas,48403,Sabine,2014,2018,Black (includes Hispanic),
48,Texas,48403,Sabine,2014,2018,Hispanic (all races),
48,Texas,48403,Sabine,2014,2018,American Indian/Alaskan Native (includes Hispanic),
48,Texas,48403,Sabine,2014,2018,White (includes Hispanic),14.6
48,Texas,48403,Sabine,2015,2019,Asian/Pacific Islander (includes Hispanic),
48,Texas,48403,Sabine,2015,2019,Black (includes Hispanic),
48,Texas,48403,Sabine,2015,2019,Hispanic (all races),
48,Texas,48403,Sabine,2015,2019,American Indian/Alaskan Native (includes Hispanic),
48,Texas,48403,Sabine,2015,2019,White (includes Hispanic),15.5
48,Texas,48403,Sabine,2016,2020,Asian/Pacific Islander (includes Hispanic),
48,Texas,48403,Sabine,2016,2020,Black (includes Hispanic),
48,Texas,48403,Sabine,2016,2020,Hispanic (all races),
48,Texas,48403,Sabine,2016,2020,American Indian/Alaskan Native (includes Hispanic),
48,Texas,48403,Sabine,2016,2020,White (includes Hispanic),15.9
48,Texas,48405,San Augustine,2011,2015,Asian/Pacific Islander (includes Hispanic),
48,Texas,48405,San Augustine,2011,2015,Black (includes Hispanic),
48,Texas,48405,San Augustine,2011,2015,Hispanic (all races),
48,Texas,48405,San Augustine,2011,2015,American Indian/Alaskan Native (includes Hispanic),
48,Texas,48405,San Augustine,2011,2015,White (includes Hispanic),13.3
48,Texas,48405,San Augustine,2012,2016,Asian/Pacific Islander (includes Hispanic),
48,Texas,48405,San Augustine,2012,2016,Black (includes Hispanic),
48,Texas,48405,San Augustine,2012,2016,Hispanic (all races),
48,Texas,48405,San Augustine,2012,2016,American Indian/Alaskan Native (includes Hispanic),
48,Texas,48405,San Augustine,2012,2016,White (includes Hispanic),13.9
48,Texas,48405,San Augustine,2013,2017,Asian/Pacific Islander (includes Hispanic),
48,Texas,48405,San Augustine,2013,2017,Black (includes Hispanic),
48,Texas,48405,San Augustine,2013,2017,Hispanic (all races),
48,Texas,48405,San Augustine,2013,2017,American Indian/Alaskan Native (includes Hispanic),
48,Texas,48405,San Augustine,2013,2017,White (includes Hispanic),15.2
48,Texas,48405,San Augustine,2014,2018,Asian/Pacific Islander (includes Hispanic),
48,Texas,48405,San Augustine,2014,2018,Black (includes Hispanic),
48,Texas,48405,San Augustine,2014,2018,Hispanic (all races),
48,Texas,48405,San Augustine,2014,2018,American Indian/Alaskan Native (includes Hispanic),
48,Texas,48405,San Augustine,2014,2018,White (includes Hispanic),14.6
48,Texas,48405,San Augustine,2015,2019,Asian/Pacific Islander (includes Hispanic),
48,Texas,48405,San Augustine,2015,2019,Black (includes Hispanic),
48,Texas,48405,San Augustine,2015,2019,Hispanic (all races),
48,Texas,48405,San Augustine,2015,2019,American Indian/Alaskan Native (includes Hispanic),
48,Texas,48405,San Augustine,2015,2019,White (includes Hispanic),14.4
48,Texas,48405,San Augustine,2016,2020,Asian/Pacific Islander (includes Hispanic),
48,Texas,48405,San Augustine,2016,2020,Black (includes Hispanic),
48,Texas,48405,San Augustine,2016,2020,Hispanic (all races),
48,Texas,48405,San Augustine,2016,2020,American Indian/Alaskan Native (includes Hispanic),
48,Texas,48405,San Augustine,2016,2020,White (includes Hispanic),12.8
48,Texas,48407,San Jacinto,2011,2015,Asian/Pacific Islander (includes Hispanic),
48,Texas,48407,San Jacinto,2011,2015,Black (includes Hispanic),
48,Texas,48407,San Jacinto,2011,2015,Hispanic (all races),8.7
48,Texas,48407,San Jacinto,2011,2015,American Indian/Alaskan Native (includes Hispanic),
48,Texas,48407,San Jacinto,2011,2015,White (includes Hispanic),8.6
48,Texas,48407,San Jacinto,2012,2016,Asian/Pacific Islander (includes Hispanic),
48,Texas,48407,San Jacinto,2012,2016,Black (includes Hispanic),
48,Texas,48407,San Jacinto,2012,2016,Hispanic (all races),8.8
48,Texas,48407,San Jacinto,2012,2016,American Indian/Alaskan Native (includes Hispanic),
48,Texas,48407,San Jacinto,2012,2016,White (includes Hispanic),8.6
48,Texas,48407,San Jacinto,2013,2017,Asian/Pacific Islander (includes Hispanic),
48,Texas,48407,San Jacinto,2013,2017,Black (includes Hispanic),
48,Texas,48407,San Jacinto,2013,2017,Hispanic (all races),10.1
48,Texas,48407,San Jacinto,2013,2017,American Indian/Alaskan Native (includes Hispanic),
48,Texas,48407,San Jacinto,2013,2017,White (includes Hispanic),9.4
48,Texas,48407,San Jacinto,2014,2018,Asian/Pacific Islander (includes Hispanic),
48,Texas,48407,San Jacinto,2014,2018,Black (includes Hispanic),
48,Texas,48407,San Jacinto,2014,2018,Hispanic (all races),11.8
48,Texas,48407,San Jacinto,2014,2018,American Indian/Alaskan Native (includes Hispanic),
48,Texas,48407,San Jacinto,2014,2018,White (includes Hispanic),10.2
48,Texas,48407,San Jacinto,2015,2019,Asian/Pacific Islander (includes Hispanic),
48,Texas,48407,San Jacinto,2015,2019,Black (includes Hispanic),
48,Texas,48407,San Jacinto,2015,2019,Hispanic (all races),11.8
48,Texas,48407,San Jacinto,2015,2019,American Indian/Alaskan Native (includes Hispanic),
48,Texas,48407,San Jacinto,2015,2019,White (includes Hispanic),10.1
48,Texas,48407,San Jacinto,2016,2020,Asian/Pacific Islander (includes Hispanic),
48,Texas,48407,San Jacinto,2016,2020,Black (includes Hispanic),
48,Texas,48407,San Jacinto,2016,2020,Hispanic (all races),11.3
48,Texas,48407,San Jacinto,2016,2020,American Indian/Alaskan Native (includes Hispanic),
48,Texas,48407,San Jacinto,2016,2020,White (includes Hispanic),9.5
48,Texas,48409,San Patricio,2011,2015,Asian/Pacific Islander (includes Hispanic),
48,Texas,48409,San Patricio,2011,2015,Black (includes Hispanic),
48,Texas,48409,San Patricio,2011,2015,Hispanic (all races),9.5
48,Texas,48409,San Patricio,2011,2015,American Indian/Alaskan Native (includes Hispanic),
48,Texas,48409,San Patricio,2011,2015,White (includes Hispanic),10.1
48,Texas,48409,San Patricio,2012,2016,Asian/Pacific Islander (includes Hispanic),
48,Texas,48409,San Patricio,2012,2016,Black (includes Hispanic),
48,Texas,48409,San Patricio,2012,2016,Hispanic (all races),10.3
48,Texas,48409,San Patricio,2012,2016,American Indian/Alaskan Native (includes Hispanic),
48,Texas,48409,San Patricio,2012,2016,White (includes Hispanic),10.4
48,Texas,48409,San Patricio,2013,2017,Asian/Pacific Islander (includes Hispanic),
48,Texas,48409,San Patricio,2013,2017,Black (includes Hispanic),
48,Texas,48409,San Patricio,2013,2017,Hispanic (all races),11.0
48,Texas,48409,San Patricio,2013,2017,American Indian/Alaskan Native (includes Hispanic),
48,Texas,48409,San Patricio,2013,2017,White (includes Hispanic),11.1
48,Texas,48409,San Patricio,2014,2018,Asian/Pacific Islander (includes Hispanic),
48,Texas,48409,San Patricio,2014,2018,Black (includes Hispanic),
48,Texas,48409,San Patricio,2014,2018,Hispanic (all races),9.8
48,Texas,48409,San Patricio,2014,2018,American Indian/Alaskan Native (includes Hispanic),
48,Texas,48409,San Patricio,2014,2018,White (includes Hispanic),10.5
48,Texas,48409,San Patricio,2015,2019,Asian/Pacific Islander (includes Hispanic),
48,Texas,48409,San Patricio,2015,2019,Black (includes Hispanic),
48,Texas,48409,San Patricio,2015,2019,Hispanic (all races),10.0
48,Texas,48409,San Patricio,2015,2019,American Indian/Alaskan Native (includes Hispanic),
48,Texas,48409,San Patricio,2015,2019,White (includes Hispanic),11.1
48,Texas,48409,San Patricio,2016,2020,Asian/Pacific Islander (includes Hispanic),
48,Texas,48409,San Patricio,2016,2020,Black (includes Hispanic),
48,Texas,48409,San Patricio,2016,2020,Hispanic (all races),11.1
48,Texas,48409,San Patricio,2016,2020,American Indian/Alaskan Native (includes Hispanic),
48,Texas,48409,San Patricio,2016,2020,White (includes Hispanic),11.7
48,Texas,48411,San Saba,2011,2015,Asian/Pacific Islander (includes Hispanic),
48,Texas,48411,San Saba,2011,2015,Black (includes Hispanic),
48,Texas,48411,San Saba,2011,2015,Hispanic (all races),
48,Texas,48411,San Saba,2011,2015,American Indian/Alaskan Native (includes Hispanic),
48,Texas,48411,San Saba,2011,2015,White (includes Hispanic),13.1
48,Texas,48411,San Saba,2012,2016,Asian/Pacific Islander (includes Hispanic),
48,Texas,48411,San Saba,2012,2016,Black (includes Hispanic),
48,Texas,48411,San Saba,2012,2016,Hispanic (all races),
48,Texas,48411,San Saba,2012,2016,American Indian/Alaskan Native (includes Hispanic),
48,Texas,48411,San Saba,2012,2016,White (includes Hispanic),13.4
48,Texas,48411,San Saba,2013,2017,Asian/Pacific Islander (includes Hispanic),
48,Texas,48411,San Saba,2013,2017,Black (includes Hispanic),
48,Texas,48411,San Saba,2013,2017,Hispanic (all races),
48,Texas,48411,San Saba,2013,2017,American Indian/Alaskan Native (includes Hispanic),
48,Texas,48411,San Saba,2013,2017,White (includes Hispanic),12.8
48,Texas,48411,San Saba,2014,2018,Asian/Pacific Islander (includes Hispanic),
48,Texas,48411,San Saba,2014,2018,Black (includes Hispanic),
48,Texas,48411,San Saba,2014,2018,Hispanic (all races),
48,Texas,48411,San Saba,2014,2018,American Indian/Alaskan Native (includes Hispanic),
48,Texas,48411,San Saba,2014,2018,White (includes Hispanic),11.7
48,Texas,48411,San Saba,2015,2019,Asian/Pacific Islander (includes Hispanic),
48,Texas,48411,San Saba,2015,2019,Black (includes Hispanic),
48,Texas,48411,San Saba,2015,2019,Hispanic (all races),
48,Texas,48411,San Saba,2015,2019,American Indian/Alaskan Native (includes Hispanic),
48,Texas,48411,San Saba,2015,2019,White (includes Hispanic),11.4
48,Texas,48411,San Saba,2016,2020,Asian/Pacific Islander (includes Hispanic),
48,Texas,48411,San Saba,2016,2020,Black (includes Hispanic),
48,Texas,48411,San Saba,2016,2020,Hispanic (all races),
48,Texas,48411,San Saba,2016,2020,American Indian/Alaskan Native (includes Hispanic),
48,Texas,48411,San Saba,2016,2020,White (includes Hispanic),10.2
48,Texas,48413,Schleicher,2011,2015,Asian/Pacific Islander (includes Hispanic),
48,Texas,48413,Schleicher,2011,2015,Black (includes Hispanic),
48,Texas,48413,Schleicher,2011,2015,Hispanic (all races),
48,Texas,48413,Schleicher,2011,2015,American Indian/Alaskan Native (includes Hispanic),
48,Texas,48413,Schleicher,2011,2015,White (includes Hispanic),9.1
48,Texas,48413,Schleicher,2012,2016,Asian/Pacific Islander (includes Hispanic),
48,Texas,48413,Schleicher,2012,2016,Black (includes Hispanic),
48,Texas,48413,Schleicher,2012,2016,Hispanic (all races),
48,Texas,48413,Schleicher,2012,2016,American Indian/Alaskan Native (includes Hispanic),
48,Texas,48413,Schleicher,2012,2016,White (includes Hispanic),9.9
48,Texas,48413,Schleicher,2013,2017,Asian/Pacific Islander (includes Hispanic),
48,Texas,48413,Schleicher,2013,2017,Black (includes Hispanic),
48,Texas,48413,Schleicher,2013,2017,Hispanic (all races),
48,Texas,48413,Schleicher,2013,2017,American Indian/Alaskan Native (includes Hispanic),
48,Texas,48413,Schleicher,2013,2017,White (includes Hispanic),11.1
48,Texas,48413,Schleicher,2014,2018,Asian/Pacific Islander (includes Hispanic),
48,Texas,48413,Schleicher,2014,2018,Black (includes Hispanic),
48,Texas,48413,Schleicher,2014,2018,Hispanic (all races),15.6
48,Texas,48413,Schleicher,2014,2018,American Indian/Alaskan Native (includes Hispanic),
48,Texas,48413,Schleicher,2014,2018,White (includes Hispanic),11.6
48,Texas,48413,Schleicher,2015,2019,Asian/Pacific Islander (includes Hispanic),
48,Texas,48413,Schleicher,2015,2019,Black (includes Hispanic),
48,Texas,48413,Schleicher,2015,2019,Hispanic (all races),16.8
48,Texas,48413,Schleicher,2015,2019,American Indian/Alaskan Native (includes Hispanic),
48,Texas,48413,Schleicher,2015,2019,White (includes Hispanic),12.0
48,Texas,48413,Schleicher,2016,2020,Asian/Pacific Islander (includes Hispanic),
48,Texas,48413,Schleicher,2016,2020,Black (includes Hispanic),
48,Texas,48413,Schleicher,2016,2020,Hispanic (all races),16.3
48,Texas,48413,Schleicher,2016,2020,American Indian/Alaskan Native (includes Hispanic),
48,Texas,48413,Schleicher,2016,2020,White (includes Hispanic),11.8
48,Texas,48415,Scurry,2011,2015,Asian/Pacific Islander (includes Hispanic),
48,Texas,48415,Scurry,2011,2015,Black (includes Hispanic),
48,Texas,48415,Scurry,2011,2015,Hispanic (all races),
48,Texas,48415,Scurry,2011,2015,American Indian/Alaskan Native (includes Hispanic),
48,Texas,48415,Scurry,2011,2015,White (includes Hispanic),
48,Texas,48415,Scurry,2012,2016,Asian/Pacific Islander (includes Hispanic),
48,Texas,48415,Scurry,2012,2016,Black (includes Hispanic),
48,Texas,48415,Scurry,2012,2016,Hispanic (all races),
48,Texas,48415,Scurry,2012,2016,American Indian/Alaskan Native (includes Hispanic),
48,Texas,48415,Scurry,2012,2016,White (includes Hispanic),
48,Texas,48415,Scurry,2013,2017,Asian/Pacific Islander (includes Hispanic),
48,Texas,48415,Scurry,2013,2017,Black (includes Hispanic),
48,Texas,48415,Scurry,2013,2017,Hispanic (all races),
48,Texas,48415,Scurry,2013,2017,American Indian/Alaskan Native (includes Hispanic),
48,Texas,48415,Scurry,2013,2017,White (includes Hispanic),
48,Texas,48415,Scurry,2014,2018,Asian/Pacific Islander (includes Hispanic),
48,Texas,48415,Scurry,2014,2018,Black (includes Hispanic),
48,Texas,48415,Scurry,2014,2018,Hispanic (all races),
48,Texas,48415,Scurry,2014,2018,American Indian/Alaskan Native (includes Hispanic),
48,Texas,48415,Scurry,2014,2018,White (includes Hispanic),
48,Texas,48415,Scurry,2015,2019,Asian/Pacific Islander (includes Hispanic),
48,Texas,48415,Scurry,2015,2019,Black (includes Hispanic),
48,Texas,48415,Scurry,2015,2019,Hispanic (all races),
48,Texas,48415,Scurry,2015,2019,American Indian/Alaskan Native (includes Hispanic),
48,Texas,48415,Scurry,2015,2019,White (includes Hispanic),
48,Texas,48415,Scurry,2016,2020,Asian/Pacific Islander (includes Hispanic),
48,Texas,48415,Scurry,2016,2020,Black (includes Hispanic),
48,Texas,48415,Scurry,2016,2020,Hispanic (all races),
48,Texas,48415,Scurry,2016,2020,American Indian/Alaskan Native (includes Hispanic),
48,Texas,48415,Scurry,2016,2020,White (includes Hispanic),19.3
48,Texas,48417,Shackelford,2011,2015,Asian/Pacific Islander (includes Hispanic),
48,Texas,48417,Shackelford,2011,2015,Black (includes Hispanic),
48,Texas,48417,Shackelford,2011,2015,Hispanic (all races),
48,Texas,48417,Shackelford,2011,2015,American Indian/Alaskan Native (includes Hispanic),
48,Texas,48417,Shackelford,2011,2015,White (includes Hispanic),10.6
48,Texas,48417,Shackelford,2012,2016,Asian/Pacific Islander (includes Hispanic),
48,Texas,48417,Shackelford,2012,2016,Black (includes Hispanic),
48,Texas,48417,Shackelford,2012,2016,Hispanic (all races),
48,Texas,48417,Shackelford,2012,2016,American Indian/Alaskan Native (includes Hispanic),
48,Texas,48417,Shackelford,2012,2016,White (includes Hispanic),
48,Texas,48417,Shackelford,2013,2017,Asian/Pacific Islander (includes Hispanic),
48,Texas,48417,Shackelford,2013,2017,Black (includes Hispanic),
48,Texas,48417,Shackelford,2013,2017,Hispanic (all races),
48,Texas,48417,Shackelford,2013,2017,American Indian/Alaskan Native (includes Hispanic),
48,Texas,48417,Shackelford,2013,2017,White (includes Hispanic),
48,Texas,48417,Shackelford,2014,2018,Asian/Pacific Islander (includes Hispanic),
48,Texas,48417,Shackelford,2014,2018,Black (includes Hispanic),
48,Texas,48417,Shackelford,2014,2018,Hispanic (all races),
48,Texas,48417,Shackelford,2014,2018,American Indian/Alaskan Native (includes Hispanic),
48,Texas,48417,Shackelford,2014,2018,White (includes Hispanic),
48,Texas,48417,Shackelford,2015,2019,Asian/Pacific Islander (includes Hispanic),
48,Texas,48417,Shackelford,2015,2019,Black (includes Hispanic),
48,Texas,48417,Shackelford,2015,2019,Hispanic (all races),
48,Texas,48417,Shackelford,2015,2019,American Indian/Alaskan Native (includes Hispanic),
48,Texas,48417,Shackelford,2015,2019,White (includes Hispanic),
48,Texas,48417,Shackelford,2016,2020,Asian/Pacific Islander (includes Hispanic),
48,Texas,48417,Shackelford,2016,2020,Black (includes Hispanic),
48,Texas,48417,Shackelford,2016,2020,Hispanic (all races),
48,Texas,48417,Shackelford,2016,2020,American Indian/Alaskan Native (includes Hispanic),
48,Texas,48417,Shackelford,2016,2020,White (includes Hispanic),
48,Texas,48419,Shelby,2011,2015,Asian/Pacific Islander (includes Hispanic),
48,Texas,48419,Shelby,2011,2015,Black (includes Hispanic),15.1
48,Texas,48419,Shelby,2011,2015,Hispanic (all races),
48,Texas,48419,Shelby,2011,2015,American Indian/Alaskan Native (includes Hispanic),
48,Texas,48419,Shelby,2011,2015,White (includes Hispanic),11.7
48,Texas,48419,Shelby,2012,2016,Asian/Pacific Islander (includes Hispanic),
48,Texas,48419,Shelby,2012,2016,Black (includes Hispanic),14.3
48,Texas,48419,Shelby,2012,2016,Hispanic (all races),
48,Texas,48419,Shelby,2012,2016,American Indian/Alaskan Native (includes Hispanic),
48,Texas,48419,Shelby,2012,2016,White (includes Hispanic),11.4
48,Texas,48419,Shelby,2013,2017,Asian/Pacific Islander (includes Hispanic),
48,Texas,48419,Shelby,2013,2017,Black (includes Hispanic),14.2
48,Texas,48419,Shelby,2013,2017,Hispanic (all races),
48,Texas,48419,Shelby,2013,2017,American Indian/Alaskan Native (includes Hispanic),
48,Texas,48419,Shelby,2013,2017,White (includes Hispanic),11.2
48,Texas,48419,Shelby,2014,2018,Asian/Pacific Islander (includes Hispanic),
48,Texas,48419,Shelby,2014,2018,Black (includes Hispanic),
48,Texas,48419,Shelby,2014,2018,Hispanic (all races),
48,Texas,48419,Shelby,2014,2018,American Indian/Alaskan Native (includes Hispanic),
48,Texas,48419,Shelby,2014,2018,White (includes Hispanic),11.3
48,Texas,48419,Shelby,2015,2019,Asian/Pacific Islander (includes Hispanic),
48,Texas,48419,Shelby,2015,2019,Black (includes Hispanic),
48,Texas,48419,Shelby,2015,2019,Hispanic (all races),
48,Texas,48419,Shelby,2015,2019,American Indian/Alaskan Native (includes Hispanic),
48,Texas,48419,Shelby,2015,2019,White (includes Hispanic),11.1
48,Texas,48419,Shelby,2016,2020,Asian/Pacific Islander (includes Hispanic),
48,Texas,48419,Shelby,2016,2020,Black (includes Hispanic),
48,Texas,48419,Shelby,2016,2020,Hispanic (all races),
48,Texas,48419,Shelby,2016,2020,American Indian/Alaskan Native (includes Hispanic),
48,Texas,48419,Shelby,2016,2020,White (includes Hispanic),9.6
48,Texas,48421,Sherman,2011,2015,Asian/Pacific Islander (includes Hispanic),
48,Texas,48421,Sherman,2011,2015,Black (includes Hispanic),
48,Texas,48421,Sherman,2011,2015,Hispanic (all races),
48,Texas,48421,Sherman,2011,2015,American Indian/Alaskan Native (includes Hispanic),
48,Texas,48421,Sherman,2011,2015,White (includes Hispanic),13.6
48,Texas,48421,Sherman,2012,2016,Asian/Pacific Islander (includes Hispanic),
48,Texas,48421,Sherman,2012,2016,Black (includes Hispanic),
48,Texas,48421,Sherman,2012,2016,Hispanic (all races),
48,Texas,48421,Sherman,2012,2016,American Indian/Alaskan Native (includes Hispanic),
48,Texas,48421,Sherman,2012,2016,White (includes Hispanic),12.9
48,Texas,48421,Sherman,2013,2017,Asian/Pacific Islander (includes Hispanic),
48,Texas,48421,Sherman,2013,2017,Black (includes Hispanic),
48,Texas,48421,Sherman,2013,2017,Hispanic (all races),
48,Texas,48421,Sherman,2013,2017,American Indian/Alaskan Native (includes Hispanic),
48,Texas,48421,Sherman,2013,2017,White (includes Hispanic),13.4
48,Texas,48421,Sherman,2014,2018,Asian/Pacific Islander (includes Hispanic),
48,Texas,48421,Sherman,2014,2018,Black (includes Hispanic),
48,Texas,48421,Sherman,2014,2018,Hispanic (all races),
48,Texas,48421,Sherman,2014,2018,American Indian/Alaskan Native (includes Hispanic),
48,Texas,48421,Sherman,2014,2018,White (includes Hispanic),13.4
48,Texas,48421,Sherman,2015,2019,Asian/Pacific Islander (includes Hispanic),
48,Texas,48421,Sherman,2015,2019,Black (includes Hispanic),
48,Texas,48421,Sherman,2015,2019,Hispanic (all races),
48,Texas,48421,Sherman,2015,2019,American Indian/Alaskan Native (includes Hispanic),
48,Texas,48421,Sherman,2015,2019,White (includes Hispanic),12.6
48,Texas,48421,Sherman,2016,2020,Asian/Pacific Islander (includes Hispanic),
48,Texas,48421,Sherman,2016,2020,Black (includes Hispanic),
48,Texas,48421,Sherman,2016,2020,Hispanic (all races),
48,Texas,48421,Sherman,2016,2020,American Indian/Alaskan Native (includes Hispanic),
48,Texas,48421,Sherman,2016,2020,White (includes Hispanic),14.2
48,Texas,48423,Smith,2011,2015,Asian/Pacific Islander (includes Hispanic),
48,Texas,48423,Smith,2011,2015,Black (includes Hispanic),
48,Texas,48423,Smith,2011,2015,Hispanic (all races),
48,Texas,48423,Smith,2011,2015,American Indian/Alaskan Native (includes Hispanic),
48,Texas,48423,Smith,2011,2015,White (includes Hispanic),9.0
48,Texas,48423,Smith,2012,2016,Asian/Pacific Islander (includes Hispanic),
48,Texas,48423,Smith,2012,2016,Black (includes Hispanic),8.7
48,Texas,48423,Smith,2012,2016,Hispanic (all races),
48,Texas,48423,Smith,2012,2016,American Indian/Alaskan Native (includes Hispanic),
48,Texas,48423,Smith,2012,2016,White (includes Hispanic),8.7
48,Texas,48423,Smith,2013,2017,Asian/Pacific Islander (includes Hispanic),
48,Texas,48423,Smith,2013,2017,Black (includes Hispanic),
48,Texas,48423,Smith,2013,2017,Hispanic (all races),
48,Texas,48423,Smith,2013,2017,American Indian/Alaskan Native (includes Hispanic),
48,Texas,48423,Smith,2013,2017,White (includes Hispanic),8.9
48,Texas,48423,Smith,2014,2018,Asian/Pacific Islander (includes Hispanic),
48,Texas,48423,Smith,2014,2018,Black (includes Hispanic),7.5
48,Texas,48423,Smith,2014,2018,Hispanic (all races),10.2
48,Texas,48423,Smith,2014,2018,American Indian/Alaskan Native (includes Hispanic),
48,Texas,48423,Smith,2014,2018,White (includes Hispanic),9.7
48,Texas,48423,Smith,2015,2019,Asian/Pacific Islander (includes Hispanic),
48,Texas,48423,Smith,2015,2019,Black (includes Hispanic),9.0
48,Texas,48423,Smith,2015,2019,Hispanic (all races),9.3
48,Texas,48423,Smith,2015,2019,American Indian/Alaskan Native (includes Hispanic),
48,Texas,48423,Smith,2015,2019,White (includes Hispanic),9.6
48,Texas,48423,Smith,2016,2020,Asian/Pacific Islander (includes Hispanic),
48,Texas,48423,Smith,2016,2020,Black (includes Hispanic),10.2
48,Texas,48423,Smith,2016,2020,Hispanic (all races),9.1
48,Texas,48423,Smith,2016,2020,American Indian/Alaskan Native (includes Hispanic),
48,Texas,48423,Smith,2016,2020,White (includes Hispanic),9.5
48,Texas,48425,Somervell,2011,2015,Asian/Pacific Islander (includes Hispanic),
48,Texas,48425,Somervell,2011,2015,Black (includes Hispanic),
48,Texas,48425,Somervell,2011,2015,Hispanic (all races),
48,Texas,48425,Somervell,2011,2015,American Indian/Alaskan Native (includes Hispanic),
48,Texas,48425,Somervell,2011,2015,White (includes Hispanic),8.8
48,Texas,48425,Somervell,2012,2016,Asian/Pacific Islander (includes Hispanic),
48,Texas,48425,Somervell,2012,2016,Black (includes Hispanic),
48,Texas,48425,Somervell,2012,2016,Hispanic (all races),
48,Texas,48425,Somervell,2012,2016,American Indian/Alaskan Native (includes Hispanic),
48,Texas,48425,Somervell,2012,2016,White (includes Hispanic),9.3
48,Texas,48425,Somervell,2013,2017,Asian/Pacific Islander (includes Hispanic),
48,Texas,48425,Somervell,2013,2017,Black (includes Hispanic),
48,Texas,48425,Somervell,2013,2017,Hispanic (all races),
48,Texas,48425,Somervell,2013,2017,American Indian/Alaskan Native (includes Hispanic),
48,Texas,48425,Somervell,2013,2017,White (includes Hispanic),9.8
48,Texas,48425,Somervell,2014,2018,Asian/Pacific Islander (includes Hispanic),
48,Texas,48425,Somervell,2014,2018,Black (includes Hispanic),
48,Texas,48425,Somervell,2014,2018,Hispanic (all races),
48,Texas,48425,Somervell,2014,2018,American Indian/Alaskan Native (includes Hispanic),
48,Texas,48425,Somervell,2014,2018,White (includes Hispanic),10.5
48,Texas,48425,Somervell,2015,2019,Asian/Pacific Islander (includes Hispanic),
48,Texas,48425,Somervell,2015,2019,Black (includes Hispanic),
48,Texas,48425,Somervell,2015,2019,Hispanic (all races),
48,Texas,48425,Somervell,2015,2019,American Indian/Alaskan Native (includes Hispanic),
48,Texas,48425,Somervell,2015,2019,White (includes Hispanic),10.7
48,Texas,48425,Somervell,2016,2020,Asian/Pacific Islander (includes Hispanic),
48,Texas,48425,Somervell,2016,2020,Black (includes Hispanic),
48,Texas,48425,Somervell,2016,2020,Hispanic (all races),
48,Texas,48425,Somervell,2016,2020,American Indian/Alaskan Native (includes Hispanic),
48,Texas,48425,Somervell,2016,2020,White (includes Hispanic),11.6
48,Texas,48427,Starr,2011,2015,Asian/Pacific Islander (includes Hispanic),
48,Texas,48427,Starr,2011,2015,Black (includes Hispanic),
48,Texas,48427,Starr,2011,2015,Hispanic (all races),13.7
48,Texas,48427,Starr,2011,2015,American Indian/Alaskan Native (includes Hispanic),
48,Texas,48427,Starr,2011,2015,White (includes Hispanic),12.8
48,Texas,48427,Starr,2012,2016,Asian/Pacific Islander (includes Hispanic),
48,Texas,48427,Starr,2012,2016,Black (includes Hispanic),
48,Texas,48427,Starr,2012,2016,Hispanic (all races),13.6
48,Texas,48427,Starr,2012,2016,American Indian/Alaskan Native (includes Hispanic),
48,Texas,48427,Starr,2012,2016,White (includes Hispanic),12.7
48,Texas,48427,Starr,2013,2017,Asian/Pacific Islander (includes Hispanic),
48,Texas,48427,Starr,2013,2017,Black (includes Hispanic),
48,Texas,48427,Starr,2013,2017,Hispanic (all races),13.8
48,Texas,48427,Starr,2013,2017,American Indian/Alaskan Native (includes Hispanic),
48,Texas,48427,Starr,2013,2017,White (includes Hispanic),13.1
48,Texas,48427,Starr,2014,2018,Asian/Pacific Islander (includes Hispanic),
48,Texas,48427,Starr,2014,2018,Black (includes Hispanic),
48,Texas,48427,Starr,2014,2018,Hispanic (all races),14.5
48,Texas,48427,Starr,2014,2018,American Indian/Alaskan Native (includes Hispanic),
48,Texas,48427,Starr,2014,2018,White (includes Hispanic),13.8
48,Texas,48427,Starr,2015,2019,Asian/Pacific Islander (includes Hispanic),
48,Texas,48427,Starr,2015,2019,Black (includes Hispanic),
48,Texas,48427,Starr,2015,2019,Hispanic (all races),15.5
48,Texas,48427,Starr,2015,2019,American Indian/Alaskan Native (includes Hispanic),
48,Texas,48427,Starr,2015,2019,White (includes Hispanic),14.8
48,Texas,48427,Starr,2016,2020,Asian/Pacific Islander (includes Hispanic),
48,Texas,48427,Starr,2016,2020,Black (includes Hispanic),
48,Texas,48427,Starr,2016,2020,Hispanic (all races),13.6
48,Texas,48427,Starr,2016,2020,American Indian/Alaskan Native (includes Hispanic),
48,Texas,48427,Starr,2016,2020,White (includes Hispanic),13.1
48,Texas,48429,Stephens,2011,2015,Asian/Pacific Islander (includes Hispanic),
48,Texas,48429,Stephens,2011,2015,Black (includes Hispanic),
48,Texas,48429,Stephens,2011,2015,Hispanic (all races),
48,Texas,48429,Stephens,2011,2015,American Indian/Alaskan Native (includes Hispanic),
48,Texas,48429,Stephens,2011,2015,White (includes Hispanic),
48,Texas,48429,Stephens,2012,2016,Asian/Pacific Islander (includes Hispanic),
48,Texas,48429,Stephens,2012,2016,Black (includes Hispanic),
48,Texas,48429,Stephens,2012,2016,Hispanic (all races),
48,Texas,48429,Stephens,2012,2016,American Indian/Alaskan Native (includes Hispanic),
48,Texas,48429,Stephens,2012,2016,White (includes Hispanic),
48,Texas,48429,Stephens,2013,2017,Asian/Pacific Islander (includes Hispanic),
48,Texas,48429,Stephens,2013,2017,Black (includes Hispanic),
48,Texas,48429,Stephens,2013,2017,Hispanic (all races),
48,Texas,48429,Stephens,2013,2017,American Indian/Alaskan Native (includes Hispanic),
48,Texas,48429,Stephens,2013,2017,White (includes Hispanic),10.4
48,Texas,48429,Stephens,2014,2018,Asian/Pacific Islander (includes Hispanic),
48,Texas,48429,Stephens,2014,2018,Black (includes Hispanic),
48,Texas,48429,Stephens,2014,2018,Hispanic (all races),
48,Texas,48429,Stephens,2014,2018,American Indian/Alaskan Native (includes Hispanic),
48,Texas,48429,Stephens,2014,2018,White (includes Hispanic),12.8
48,Texas,48429,Stephens,2015,2019,Asian/Pacific Islander (includes Hispanic),
48,Texas,48429,Stephens,2015,2019,Black (includes Hispanic),
48,Texas,48429,Stephens,2015,2019,Hispanic (all races),
48,Texas,48429,Stephens,2015,2019,American Indian/Alaskan Native (includes Hispanic),
48,Texas,48429,Stephens,2015,2019,White (includes Hispanic),11.5
48,Texas,48429,Stephens,2016,2020,Asian/Pacific Islander (includes Hispanic),
48,Texas,48429,Stephens,2016,2020,Black (includes Hispanic),
48,Texas,48429,Stephens,2016,2020,Hispanic (all races),
48,Texas,48429,Stephens,2016,2020,American Indian/Alaskan Native (includes Hispanic),
48,Texas,48429,Stephens,2016,2020,White (includes Hispanic),12.5
48,Texas,48431,Sterling,2011,2015,Asian/Pacific Islander (includes Hispanic),
48,Texas,48431,Sterling,2011,2015,Black (includes Hispanic),
48,Texas,48431,Sterling,2011,2015,Hispanic (all races),
48,Texas,48431,Sterling,2011,2015,American Indian/Alaskan Native (includes Hispanic),
48,Texas,48431,Sterling,2011,2015,White (includes Hispanic),9.3
48,Texas,48431,Sterling,2012,2016,Asian/Pacific Islander (includes Hispanic),
48,Texas,48431,Sterling,2012,2016,Black (includes Hispanic),
48,Texas,48431,Sterling,2012,2016,Hispanic (all races),
48,Texas,48431,Sterling,2012,2016,American Indian/Alaskan Native (includes Hispanic),
48,Texas,48431,Sterling,2012,2016,White (includes Hispanic),9.8
48,Texas,48431,Sterling,2013,2017,Asian/Pacific Islander (includes Hispanic),
48,Texas,48431,Sterling,2013,2017,Black (includes Hispanic),
48,Texas,48431,Sterling,2013,2017,Hispanic (all races),14.4
48,Texas,48431,Sterling,2013,2017,American Indian/Alaskan Native (includes Hispanic),
48,Texas,48431,Sterling,2013,2017,White (includes Hispanic),10.9
48,Texas,48431,Sterling,2014,2018,Asian/Pacific Islander (includes Hispanic),
48,Texas,48431,Sterling,2014,2018,Black (includes Hispanic),
48,Texas,48431,Sterling,2014,2018,Hispanic (all races),14.1
48,Texas,48431,Sterling,2014,2018,American Indian/Alaskan Native (includes Hispanic),
48,Texas,48431,Sterling,2014,2018,White (includes Hispanic),11.0
48,Texas,48431,Sterling,2015,2019,Asian/Pacific Islander (includes Hispanic),
48,Texas,48431,Sterling,2015,2019,Black (includes Hispanic),
48,Texas,48431,Sterling,2015,2019,Hispanic (all races),15.9
48,Texas,48431,Sterling,2015,2019,American Indian/Alaskan Native (includes Hispanic),
48,Texas,48431,Sterling,2015,2019,White (includes Hispanic),12.3
48,Texas,48431,Sterling,2016,2020,Asian/Pacific Islander (includes Hispanic),
48,Texas,48431,Sterling,2016,2020,Black (includes Hispanic),
48,Texas,48431,Sterling,2016,2020,Hispanic (all races),15.4
48,Texas,48431,Sterling,2016,2020,American Indian/Alaskan Native (includes Hispanic),
48,Texas,48431,Sterling,2016,2020,White (includes Hispanic),12.4
48,Texas,48433,Stonewall,2011,2015,Asian/Pacific Islander (includes Hispanic),
48,Texas,48433,Stonewall,2011,2015,Black (includes Hispanic),
48,Texas,48433,Stonewall,2011,2015,Hispanic (all races),
48,Texas,48433,Stonewall,2011,2015,American Indian/Alaskan Native (includes Hispanic),
48,Texas,48433,Stonewall,2011,2015,White (includes Hispanic),
48,Texas,48433,Stonewall,2012,2016,Asian/Pacific Islander (includes Hispanic),
48,Texas,48433,Stonewall,2012,2016,Black (includes Hispanic),
48,Texas,48433,Stonewall,2012,2016,Hispanic (all races),
48,Texas,48433,Stonewall,2012,2016,American Indian/Alaskan Native (includes Hispanic),
48,Texas,48433,Stonewall,2012,2016,White (includes Hispanic),
48,Texas,48433,Stonewall,2013,2017,Asian/Pacific Islander (includes Hispanic),
48,Texas,48433,Stonewall,2013,2017,Black (includes Hispanic),
48,Texas,48433,Stonewall,2013,2017,Hispanic (all races),
48,Texas,48433,Stonewall,2013,2017,American Indian/Alaskan Native (includes Hispanic),
48,Texas,48433,Stonewall,2013,2017,White (includes Hispanic),
48,Texas,48433,Stonewall,2014,2018,Asian/Pacific Islander (includes Hispanic),
48,Texas,48433,Stonewall,2014,2018,Black (includes Hispanic),
48,Texas,48433,Stonewall,2014,2018,Hispanic (all races),
48,Texas,48433,Stonewall,2014,2018,American Indian/Alaskan Native (includes Hispanic),
48,Texas,48433,Stonewall,2014,2018,White (includes Hispanic),
48,Texas,48433,Stonewall,2015,2019,Asian/Pacific Islander (includes Hispanic),
48,Texas,48433,Stonewall,2015,2019,Black (includes Hispanic),
48,Texas,48433,Stonewall,2015,2019,Hispanic (all races),
48,Texas,48433,Stonewall,2015,2019,American Indian/Alaskan Native (includes Hispanic),
48,Texas,48433,Stonewall,2015,2019,White (includes Hispanic),
48,Texas,48433,Stonewall,2016,2020,Asian/Pacific Islander (includes Hispanic),
48,Texas,48433,Stonewall,2016,2020,Black (includes Hispanic),
48,Texas,48433,Stonewall,2016,2020,Hispanic (all races),
48,Texas,48433,Stonewall,2016,2020,American Indian/Alaskan Native (includes Hispanic),
48,Texas,48433,Stonewall,2016,2020,White (includes Hispanic),
48,Texas,48435,Sutton,2011,2015,Asian/Pacific Islander (includes Hispanic),
48,Texas,48435,Sutton,2011,2015,Black (includes Hispanic),
48,Texas,48435,Sutton,2011,2015,Hispanic (all races),18.9
48,Texas,48435,Sutton,2011,2015,American Indian/Alaskan Native (includes Hispanic),
48,Texas,48435,Sutton,2011,2015,White (includes Hispanic),13.3
48,Texas,48435,Sutton,2012,2016,Asian/Pacific Islander (includes Hispanic),
48,Texas,48435,Sutton,2012,2016,Black (includes Hispanic),
48,Texas,48435,Sutton,2012,2016,Hispanic (all races),21.2
48,Texas,48435,Sutton,2012,2016,American Indian/Alaskan Native (includes Hispanic),
48,Texas,48435,Sutton,2012,2016,White (includes Hispanic),15.5
48,Texas,48435,Sutton,2013,2017,Asian/Pacific Islander (includes Hispanic),
48,Texas,48435,Sutton,2013,2017,Black (includes Hispanic),
48,Texas,48435,Sutton,2013,2017,Hispanic (all races),14.9
48,Texas,48435,Sutton,2013,2017,American Indian/Alaskan Native (includes Hispanic),
48,Texas,48435,Sutton,2013,2017,White (includes Hispanic),10.9
48,Texas,48435,Sutton,2014,2018,Asian/Pacific Islander (includes Hispanic),
48,Texas,48435,Sutton,2014,2018,Black (includes Hispanic),
48,Texas,48435,Sutton,2014,2018,Hispanic (all races),
48,Texas,48435,Sutton,2014,2018,American Indian/Alaskan Native (includes Hispanic),
48,Texas,48435,Sutton,2014,2018,White (includes Hispanic),11.3
48,Texas,48435,Sutton,2015,2019,Asian/Pacific Islander (includes Hispanic),
48,Texas,48435,Sutton,2015,2019,Black (includes Hispanic),
48,Texas,48435,Sutton,2015,2019,Hispanic (all races),
48,Texas,48435,Sutton,2015,2019,American Indian/Alaskan Native (includes Hispanic),
48,Texas,48435,Sutton,2015,2019,White (includes Hispanic),12.2
48,Texas,48435,Sutton,2016,2020,Asian/Pacific Islander (includes Hispanic),
48,Texas,48435,Sutton,2016,2020,Black (includes Hispanic),
48,Texas,48435,Sutton,2016,2020,Hispanic (all races),
48,Texas,48435,Sutton,2016,2020,American Indian/Alaskan Native (includes Hispanic),
48,Texas,48435,Sutton,2016,2020,White (includes Hispanic),11.2
48,Texas,48437,Swisher,2011,2015,Asian/Pacific Islander (includes Hispanic),
48,Texas,48437,Swisher,2011,2015,Black (includes Hispanic),
48,Texas,48437,Swisher,2011,2015,Hispanic (all races),
48,Texas,48437,Swisher,2011,2015,American Indian/Alaskan Native (includes Hispanic),
48,Texas,48437,Swisher,2011,2015,White (includes Hispanic),8.5
48,Texas,48437,Swisher,2012,2016,Asian/Pacific Islander (includes Hispanic),
48,Texas,48437,Swisher,2012,2016,Black (includes Hispanic),
48,Texas,48437,Swisher,2012,2016,Hispanic (all races),
48,Texas,48437,Swisher,2012,2016,American Indian/Alaskan Native (includes Hispanic),
48,Texas,48437,Swisher,2012,2016,White (includes Hispanic),8.7
48,Texas,48437,Swisher,2013,2017,Asian/Pacific Islander (includes Hispanic),
48,Texas,48437,Swisher,2013,2017,Black (includes Hispanic),
48,Texas,48437,Swisher,2013,2017,Hispanic (all races),
48,Texas,48437,Swisher,2013,2017,American Indian/Alaskan Native (includes Hispanic),
48,Texas,48437,Swisher,2013,2017,White (includes Hispanic),8.7
48,Texas,48437,Swisher,2014,2018,Asian/Pacific Islander (includes Hispanic),
48,Texas,48437,Swisher,2014,2018,Black (includes Hispanic),
48,Texas,48437,Swisher,2014,2018,Hispanic (all races),
48,Texas,48437,Swisher,2014,2018,American Indian/Alaskan Native (includes Hispanic),
48,Texas,48437,Swisher,2014,2018,White (includes Hispanic),8.5
48,Texas,48437,Swisher,2015,2019,Asian/Pacific Islander (includes Hispanic),
48,Texas,48437,Swisher,2015,2019,Black (includes Hispanic),
48,Texas,48437,Swisher,2015,2019,Hispanic (all races),14.4
48,Texas,48437,Swisher,2015,2019,American Indian/Alaskan Native (includes Hispanic),
48,Texas,48437,Swisher,2015,2019,White (includes Hispanic),10.7
48,Texas,48437,Swisher,2016,2020,Asian/Pacific Islander (includes Hispanic),
48,Texas,48437,Swisher,2016,2020,Black (includes Hispanic),
48,Texas,48437,Swisher,2016,2020,Hispanic (all races),
48,Texas,48437,Swisher,2016,2020,American Indian/Alaskan Native (includes Hispanic),
48,Texas,48437,Swisher,2016,2020,White (includes Hispanic),10.5
48,Texas,48439,Tarrant,2011,2015,Asian/Pacific Islander (includes Hispanic),6.4
48,Texas,48439,Tarrant,2011,2015,Black (includes Hispanic),9.5
48,Texas,48439,Tarrant,2011,2015,Hispanic (all races),11.8
48,Texas,48439,Tarrant,2011,2015,American Indian/Alaskan Native (includes Hispanic),
48,Texas,48439,Tarrant,2011,2015,White (includes Hispanic),8.7
48,Texas,48439,Tarrant,2012,2016,Asian/Pacific Islander (includes Hispanic),6.2
48,Texas,48439,Tarrant,2012,2016,Black (includes Hispanic),9.7
48,Texas,48439,Tarrant,2012,2016,Hispanic (all races),11.3
48,Texas,48439,Tarrant,2012,2016,American Indian/Alaskan Native (includes Hispanic),
48,Texas,48439,Tarrant,2012,2016,White (includes Hispanic),8.7
48,Texas,48439,Tarrant,2013,2017,Asian/Pacific Islander (includes Hispanic),6.4
48,Texas,48439,Tarrant,2013,2017,Black (includes Hispanic),9.9
48,Texas,48439,Tarrant,2013,2017,Hispanic (all races),11.1
48,Texas,48439,Tarrant,2013,2017,American Indian/Alaskan Native (includes Hispanic),
48,Texas,48439,Tarrant,2013,2017,White (includes Hispanic),8.6
48,Texas,48439,Tarrant,2014,2018,Asian/Pacific Islander (includes Hispanic),6.2
48,Texas,48439,Tarrant,2014,2018,Black (includes Hispanic),9.8
48,Texas,48439,Tarrant,2014,2018,Hispanic (all races),10.8
48,Texas,48439,Tarrant,2014,2018,American Indian/Alaskan Native (includes Hispanic),
48,Texas,48439,Tarrant,2014,2018,White (includes Hispanic),8.7
48,Texas,48439,Tarrant,2015,2019,Asian/Pacific Islander (includes Hispanic),7.0
48,Texas,48439,Tarrant,2015,2019,Black (includes Hispanic),9.4
48,Texas,48439,Tarrant,2015,2019,Hispanic (all races),11.4
48,Texas,48439,Tarrant,2015,2019,American Indian/Alaskan Native (includes Hispanic),
48,Texas,48439,Tarrant,2015,2019,White (includes Hispanic),9.0
48,Texas,48439,Tarrant,2016,2020,Asian/Pacific Islander (includes Hispanic),6.7
48,Texas,48439,Tarrant,2016,2020,Black (includes Hispanic),9.3
48,Texas,48439,Tarrant,2016,2020,Hispanic (all races),11.8
48,Texas,48439,Tarrant,2016,2020,American Indian/Alaskan Native (includes Hispanic),
48,Texas,48439,Tarrant,2016,2020,White (includes Hispanic),9.0
48,Texas,48441,Taylor,2011,2015,Asian/Pacific Islander (includes Hispanic),
48,Texas,48441,Taylor,2011,2015,Black (includes Hispanic),
48,Texas,48441,Taylor,2011,2015,Hispanic (all races),
48,Texas,48441,Taylor,2011,2015,American Indian/Alaskan Native (includes Hispanic),
48,Texas,48441,Taylor,2011,2015,White (includes Hispanic),11.3
48,Texas,48441,Taylor,2012,2016,Asian/Pacific Islander (includes Hispanic),
48,Texas,48441,Taylor,2012,2016,Black (includes Hispanic),
48,Texas,48441,Taylor,2012,2016,Hispanic (all races),
48,Texas,48441,Taylor,2012,2016,American Indian/Alaskan Native (includes Hispanic),
48,Texas,48441,Taylor,2012,2016,White (includes Hispanic),9.3
48,Texas,48441,Taylor,2013,2017,Asian/Pacific Islander (includes Hispanic),
48,Texas,48441,Taylor,2013,2017,Black (includes Hispanic),
48,Texas,48441,Taylor,2013,2017,Hispanic (all races),
48,Texas,48441,Taylor,2013,2017,American Indian/Alaskan Native (includes Hispanic),
48,Texas,48441,Taylor,2013,2017,White (includes Hispanic),9.5
48,Texas,48441,Taylor,2014,2018,Asian/Pacific Islander (includes Hispanic),
48,Texas,48441,Taylor,2014,2018,Black (includes Hispanic),
48,Texas,48441,Taylor,2014,2018,Hispanic (all races),
48,Texas,48441,Taylor,2014,2018,American Indian/Alaskan Native (includes Hispanic),
48,Texas,48441,Taylor,2014,2018,White (includes Hispanic),9.1
48,Texas,48441,Taylor,2015,2019,Asian/Pacific Islander (includes Hispanic),
48,Texas,48441,Taylor,2015,2019,Black (includes Hispanic),
48,Texas,48441,Taylor,2015,2019,Hispanic (all races),
48,Texas,48441,Taylor,2015,2019,American Indian/Alaskan Native (includes Hispanic),
48,Texas,48441,Taylor,2015,2019,White (includes Hispanic),9.4
48,Texas,48441,Taylor,2016,2020,Asian/Pacific Islander (includes Hispanic),
48,Texas,48441,Taylor,2016,2020,Black (includes Hispanic),
48,Texas,48441,Taylor,2016,2020,Hispanic (all races),
48,Texas,48441,Taylor,2016,2020,American Indian/Alaskan Native (includes Hispanic),
48,Texas,48441,Taylor,2016,2020,White (includes Hispanic),11.0
48,Texas,48443,Terrell,2011,2015,Asian/Pacific Islander (includes Hispanic),
48,Texas,48443,Terrell,2011,2015,Black (includes Hispanic),
48,Texas,48443,Terrell,2011,2015,Hispanic (all races),15.5
48,Texas,48443,Terrell,2011,2015,American Indian/Alaskan Native (includes Hispanic),
48,Texas,48443,Terrell,2011,2015,White (includes Hispanic),11.6
48,Texas,48443,Terrell,2012,2016,Asian/Pacific Islander (includes Hispanic),
48,Texas,48443,Terrell,2012,2016,Black (includes Hispanic),
48,Texas,48443,Terrell,2012,2016,Hispanic (all races),16.6
48,Texas,48443,Terrell,2012,2016,American Indian/Alaskan Native (includes Hispanic),
48,Texas,48443,Terrell,2012,2016,White (includes Hispanic),14.3
48,Texas,48443,Terrell,2013,2017,Asian/Pacific Islander (includes Hispanic),
48,Texas,48443,Terrell,2013,2017,Black (includes Hispanic),
48,Texas,48443,Terrell,2013,2017,Hispanic (all races),
48,Texas,48443,Terrell,2013,2017,American Indian/Alaskan Native (includes Hispanic),
48,Texas,48443,Terrell,2013,2017,White (includes Hispanic),10.5
48,Texas,48443,Terrell,2014,2018,Asian/Pacific Islander (includes Hispanic),
48,Texas,48443,Terrell,2014,2018,Black (includes Hispanic),
48,Texas,48443,Terrell,2014,2018,Hispanic (all races),
48,Texas,48443,Terrell,2014,2018,American Indian/Alaskan Native (includes Hispanic),
48,Texas,48443,Terrell,2014,2018,White (includes Hispanic),10.8
48,Texas,48443,Terrell,2015,2019,Asian/Pacific Islander (includes Hispanic),
48,Texas,48443,Terrell,2015,2019,Black (includes Hispanic),
48,Texas,48443,Terrell,2015,2019,Hispanic (all races),
48,Texas,48443,Terrell,2015,2019,American Indian/Alaskan Native (includes Hispanic),
48,Texas,48443,Terrell,2015,2019,White (includes Hispanic),12.8
48,Texas,48443,Terrell,2016,2020,Asian/Pacific Islander (includes Hispanic),
48,Texas,48443,Terrell,2016,2020,Black (includes Hispanic),
48,Texas,48443,Terrell,2016,2020,Hispanic (all races),
48,Texas,48443,Terrell,2016,2020,American Indian/Alaskan Native (includes Hispanic),
48,Texas,48443,Terrell,2016,2020,White (includes Hispanic),11.9
48,Texas,48445,Terry,2011,2015,Asian/Pacific Islander (includes Hispanic),
48,Texas,48445,Terry,2011,2015,Black (includes Hispanic),
48,Texas,48445,Terry,2011,2015,Hispanic (all races),17.4
48,Texas,48445,Terry,2011,2015,American Indian/Alaskan Native (includes Hispanic),
48,Texas,48445,Terry,2011,2015,White (includes Hispanic),10.5
48,Texas,48445,Terry,2012,2016,Asian/Pacific Islander (includes Hispanic),
48,Texas,48445,Terry,2012,2016,Black (includes Hispanic),
48,Texas,48445,Terry,2012,2016,Hispanic (all races),17.4
48,Texas,48445,Terry,2012,2016,American Indian/Alaskan Native (includes Hispanic),
48,Texas,48445,Terry,2012,2016,White (includes Hispanic),11.6
48,Texas,48445,Terry,2013,2017,Asian/Pacific Islander (includes Hispanic),
48,Texas,48445,Terry,2013,2017,Black (includes Hispanic),
48,Texas,48445,Terry,2013,2017,Hispanic (all races),17.7
48,Texas,48445,Terry,2013,2017,American Indian/Alaskan Native (includes Hispanic),
48,Texas,48445,Terry,2013,2017,White (includes Hispanic),12.0
48,Texas,48445,Terry,2014,2018,Asian/Pacific Islander (includes Hispanic),
48,Texas,48445,Terry,2014,2018,Black (includes Hispanic),
48,Texas,48445,Terry,2014,2018,Hispanic (all races),17.0
48,Texas,48445,Terry,2014,2018,American Indian/Alaskan Native (includes Hispanic),
48,Texas,48445,Terry,2014,2018,White (includes Hispanic),11.1
48,Texas,48445,Terry,2015,2019,Asian/Pacific Islander (includes Hispanic),
48,Texas,48445,Terry,2015,2019,Black (includes Hispanic),
48,Texas,48445,Terry,2015,2019,Hispanic (all races),14.8
48,Texas,48445,Terry,2015,2019,American Indian/Alaskan Native (includes Hispanic),
48,Texas,48445,Terry,2015,2019,White (includes Hispanic),11.0
48,Texas,48445,Terry,2016,2020,Asian/Pacific Islander (includes Hispanic),
48,Texas,48445,Terry,2016,2020,Black (includes Hispanic),
48,Texas,48445,Terry,2016,2020,Hispanic (all races),15.6
48,Texas,48445,Terry,2016,2020,American Indian/Alaskan Native (includes Hispanic),
48,Texas,48445,Terry,2016,2020,White (includes Hispanic),11.3
48,Texas,48447,Throckmorton,2011,2015,Asian/Pacific Islander (includes Hispanic),
48,Texas,48447,Throckmorton,2011,2015,Black (includes Hispanic),
48,Texas,48447,Throckmorton,2011,2015,Hispanic (all races),
48,Texas,48447,Throckmorton,2011,2015,American Indian/Alaskan Native (includes Hispanic),
48,Texas,48447,Throckmorton,2011,2015,White (includes Hispanic),
48,Texas,48447,Throckmorton,2012,2016,Asian/Pacific Islander (includes Hispanic),
48,Texas,48447,Throckmorton,2012,2016,Black (includes Hispanic),
48,Texas,48447,Throckmorton,2012,2016,Hispanic (all races),
48,Texas,48447,Throckmorton,2012,2016,American Indian/Alaskan Native (includes Hispanic),
48,Texas,48447,Throckmorton,2012,2016,White (includes Hispanic),
48,Texas,48447,Throckmorton,2013,2017,Asian/Pacific Islander (includes Hispanic),
48,Texas,48447,Throckmorton,2013,2017,Black (includes Hispanic),
48,Texas,48447,Throckmorton,2013,2017,Hispanic (all races),
48,Texas,48447,Throckmorton,2013,2017,American Indian/Alaskan Native (includes Hispanic),
48,Texas,48447,Throckmorton,2013,2017,White (includes Hispanic),
48,Texas,48447,Throckmorton,2014,2018,Asian/Pacific Islander (includes Hispanic),
48,Texas,48447,Throckmorton,2014,2018,Black (includes Hispanic),
48,Texas,48447,Throckmorton,2014,2018,Hispanic (all races),
48,Texas,48447,Throckmorton,2014,2018,American Indian/Alaskan Native (includes Hispanic),
48,Texas,48447,Throckmorton,2014,2018,White (includes Hispanic),
48,Texas,48447,Throckmorton,2015,2019,Asian/Pacific Islander (includes Hispanic),
48,Texas,48447,Throckmorton,2015,2019,Black (includes Hispanic),
48,Texas,48447,Throckmorton,2015,2019,Hispanic (all races),
48,Texas,48447,Throckmorton,2015,2019,American Indian/Alaskan Native (includes Hispanic),
48,Texas,48447,Throckmorton,2015,2019,White (includes Hispanic),
48,Texas,48447,Throckmorton,2016,2020,Asian/Pacific Islander (includes Hispanic),
48,Texas,48447,Throckmorton,2016,2020,Black (includes Hispanic),
48,Texas,48447,Throckmorton,2016,2020,Hispanic (all races),
48,Texas,48447,Throckmorton,2016,2020,American Indian/Alaskan Native (includes Hispanic),
48,Texas,48447,Throckmorton,2016,2020,White (includes Hispanic),
48,Texas,48449,Titus,2011,2015,Asian/Pacific Islander (includes Hispanic),
48,Texas,48449,Titus,2011,2015,Black (includes Hispanic),
48,Texas,48449,Titus,2011,2015,Hispanic (all races),
48,Texas,48449,Titus,2011,2015,American Indian/Alaskan Native (includes Hispanic),
48,Texas,48449,Titus,2011,2015,White (includes Hispanic),
48,Texas,48449,Titus,2012,2016,Asian/Pacific Islander (includes Hispanic),
48,Texas,48449,Titus,2012,2016,Black (includes Hispanic),
48,Texas,48449,Titus,2012,2016,Hispanic (all races),
48,Texas,48449,Titus,2012,2016,American Indian/Alaskan Native (includes Hispanic),
48,Texas,48449,Titus,2012,2016,White (includes Hispanic),
48,Texas,48449,Titus,2013,2017,Asian/Pacific Islander (includes Hispanic),
48,Texas,48449,Titus,2013,2017,Black (includes Hispanic),
48,Texas,48449,Titus,2013,2017,Hispanic (all races),
48,Texas,48449,Titus,2013,2017,American Indian/Alaskan Native (includes Hispanic),
48,Texas,48449,Titus,2013,2017,White (includes Hispanic),
48,Texas,48449,Titus,2014,2018,Asian/Pacific Islander (includes Hispanic),
48,Texas,48449,Titus,2014,2018,Black (includes Hispanic),
48,Texas,48449,Titus,2014,2018,Hispanic (all races),
48,Texas,48449,Titus,2014,2018,American Indian/Alaskan Native (includes Hispanic),
48,Texas,48449,Titus,2014,2018,White (includes Hispanic),10.5
48,Texas,48449,Titus,2015,2019,Asian/Pacific Islander (includes Hispanic),
48,Texas,48449,Titus,2015,2019,Black (includes Hispanic),
48,Texas,48449,Titus,2015,2019,Hispanic (all races),
48,Texas,48449,Titus,2015,2019,American Indian/Alaskan Native (includes Hispanic),
48,Texas,48449,Titus,2015,2019,White (includes Hispanic),
48,Texas,48449,Titus,2016,2020,Asian/Pacific Islander (includes Hispanic),
48,Texas,48449,Titus,2016,2020,Black (includes Hispanic),
48,Texas,48449,Titus,2016,2020,Hispanic (all races),
48,Texas,48449,Titus,2016,2020,American Indian/Alaskan Native (includes Hispanic),
48,Texas,48449,Titus,2016,2020,White (includes Hispanic),13.2
48,Texas,48451,Tom Green,2011,2015,Asian/Pacific Islander (includes Hispanic),
48,Texas,48451,Tom Green,2011,2015,Black (includes Hispanic),
48,Texas,48451,Tom Green,2011,2015,Hispanic (all races),
48,Texas,48451,Tom Green,2011,2015,American Indian/Alaskan Native (includes Hispanic),
48,Texas,48451,Tom Green,2011,2015,White (includes Hispanic),8.5
48,Texas,48451,Tom Green,2012,2016,Asian/Pacific Islander (includes Hispanic),
48,Texas,48451,Tom Green,2012,2016,Black (includes Hispanic),
48,Texas,48451,Tom Green,2012,2016,Hispanic (all races),
48,Texas,48451,Tom Green,2012,2016,American Indian/Alaskan Native (includes Hispanic),
48,Texas,48451,Tom Green,2012,2016,White (includes Hispanic),9.2
48,Texas,48451,Tom Green,2013,2017,Asian/Pacific Islander (includes Hispanic),
48,Texas,48451,Tom Green,2013,2017,Black (includes Hispanic),
48,Texas,48451,Tom Green,2013,2017,Hispanic (all races),
48,Texas,48451,Tom Green,2013,2017,American Indian/Alaskan Native (includes Hispanic),
48,Texas,48451,Tom Green,2013,2017,White (includes Hispanic),10.6
48,Texas,48451,Tom Green,2014,2018,Asian/Pacific Islander (includes Hispanic),
48,Texas,48451,Tom Green,2014,2018,Black (includes Hispanic),
48,Texas,48451,Tom Green,2014,2018,Hispanic (all races),
48,Texas,48451,Tom Green,2014,2018,American Indian/Alaskan Native (includes Hispanic),
48,Texas,48451,Tom Green,2014,2018,White (includes Hispanic),10.6
48,Texas,48451,Tom Green,2015,2019,Asian/Pacific Islander (includes Hispanic),
48,Texas,48451,Tom Green,2015,2019,Black (includes Hispanic),
48,Texas,48451,Tom Green,2015,2019,Hispanic (all races),14.8
48,Texas,48451,Tom Green,2015,2019,American Indian/Alaskan Native (includes Hispanic),
48,Texas,48451,Tom Green,2015,2019,White (includes Hispanic),11.1
48,Texas,48451,Tom Green,2016,2020,Asian/Pacific Islander (includes Hispanic),
48,Texas,48451,Tom Green,2016,2020,Black (includes Hispanic),
48,Texas,48451,Tom Green,2016,2020,Hispanic (all races),15.7
48,Texas,48451,Tom Green,2016,2020,American Indian/Alaskan Native (includes Hispanic),
48,Texas,48451,Tom Green,2016,2020,White (includes Hispanic),11.3
48,Texas,48453,Travis,2011,2015,Asian/Pacific Islander (includes Hispanic),
48,Texas,48453,Travis,2011,2015,Black (includes Hispanic),6.2
48,Texas,48453,Travis,2011,2015,Hispanic (all races),10.2
48,Texas,48453,Travis,2011,2015,American Indian/Alaskan Native (includes Hispanic),
48,Texas,48453,Travis,2011,2015,White (includes Hispanic),7.5
48,Texas,48453,Travis,2012,2016,Asian/Pacific Islander (includes Hispanic),
48,Texas,48453,Travis,2012,2016,Black (includes Hispanic),6.6
48,Texas,48453,Travis,2012,2016,Hispanic (all races),9.6
48,Texas,48453,Travis,2012,2016,American Indian/Alaskan Native (includes Hispanic),
48,Texas,48453,Travis,2012,2016,White (includes Hispanic),7.2
48,Texas,48453,Travis,2013,2017,Asian/Pacific Islander (includes Hispanic),
48,Texas,48453,Travis,2013,2017,Black (includes Hispanic),
48,Texas,48453,Travis,2013,2017,Hispanic (all races),9.1
48,Texas,48453,Travis,2013,2017,American Indian/Alaskan Native (includes Hispanic),
48,Texas,48453,Travis,2013,2017,White (includes Hispanic),7.2
48,Texas,48453,Travis,2014,2018,Asian/Pacific Islander (includes Hispanic),
48,Texas,48453,Travis,2014,2018,Black (includes Hispanic),5.1
48,Texas,48453,Travis,2014,2018,Hispanic (all races),8.7
48,Texas,48453,Travis,2014,2018,American Indian/Alaskan Native (includes Hispanic),
48,Texas,48453,Travis,2014,2018,White (includes Hispanic),7.2
48,Texas,48453,Travis,2015,2019,Asian/Pacific Islander (includes Hispanic),
48,Texas,48453,Travis,2015,2019,Black (includes Hispanic),5.7
48,Texas,48453,Travis,2015,2019,Hispanic (all races),8.8
48,Texas,48453,Travis,2015,2019,American Indian/Alaskan Native (includes Hispanic),
48,Texas,48453,Travis,2015,2019,White (includes Hispanic),7.6
48,Texas,48453,Travis,2016,2020,Asian/Pacific Islander (includes Hispanic),
48,Texas,48453,Travis,2016,2020,Black (includes Hispanic),4.9
48,Texas,48453,Travis,2016,2020,Hispanic (all races),8.0
48,Texas,48453,Travis,2016,2020,American Indian/Alaskan Native (includes Hispanic),
48,Texas,48453,Travis,2016,2020,White (includes Hispanic),7.1
48,Texas,48455,Trinity,2011,2015,Asian/Pacific Islander (includes Hispanic),
48,Texas,48455,Trinity,2011,2015,Black (includes Hispanic),
48,Texas,48455,Trinity,2011,2015,Hispanic (all races),
48,Texas,48455,Trinity,2011,2015,American Indian/Alaskan Native (includes Hispanic),
48,Texas,48455,Trinity,2011,2015,White (includes Hispanic),12.5
48,Texas,48455,Trinity,2012,2016,Asian/Pacific Islander (includes Hispanic),
48,Texas,48455,Trinity,2012,2016,Black (includes Hispanic),
48,Texas,48455,Trinity,2012,2016,Hispanic (all races),
48,Texas,48455,Trinity,2012,2016,American Indian/Alaskan Native (includes Hispanic),
48,Texas,48455,Trinity,2012,2016,White (includes Hispanic),13.7
48,Texas,48455,Trinity,2013,2017,Asian/Pacific Islander (includes Hispanic),
48,Texas,48455,Trinity,2013,2017,Black (includes Hispanic),
48,Texas,48455,Trinity,2013,2017,Hispanic (all races),
48,Texas,48455,Trinity,2013,2017,American Indian/Alaskan Native (includes Hispanic),
48,Texas,48455,Trinity,2013,2017,White (includes Hispanic),14.9
48,Texas,48455,Trinity,2014,2018,Asian/Pacific Islander (includes Hispanic),
48,Texas,48455,Trinity,2014,2018,Black (includes Hispanic),
48,Texas,48455,Trinity,2014,2018,Hispanic (all races),
48,Texas,48455,Trinity,2014,2018,American Indian/Alaskan Native (includes Hispanic),
48,Texas,48455,Trinity,2014,2018,White (includes Hispanic),13.8
48,Texas,48455,Trinity,2015,2019,Asian/Pacific Islander (includes Hispanic),
48,Texas,48455,Trinity,2015,2019,Black (includes Hispanic),
48,Texas,48455,Trinity,2015,2019,Hispanic (all races),
48,Texas,48455,Trinity,2015,2019,American Indian/Alaskan Native (includes Hispanic),
48,Texas,48455,Trinity,2015,2019,White (includes Hispanic),14.9
48,Texas,48455,Trinity,2016,2020,Asian/Pacific Islander (includes Hispanic),
48,Texas,48455,Trinity,2016,2020,Black (includes Hispanic),
48,Texas,48455,Trinity,2016,2020,Hispanic (all races),
48,Texas,48455,Trinity,2016,2020,American Indian/Alaskan Native (includes Hispanic),
48,Texas,48455,Trinity,2016,2020,White (includes Hispanic),14.2
48,Texas,48457,Tyler,2011,2015,Asian/Pacific Islander (includes Hispanic),
48,Texas,48457,Tyler,2011,2015,Black (includes Hispanic),
48,Texas,48457,Tyler,2011,2015,Hispanic (all races),
48,Texas,48457,Tyler,2011,2015,American Indian/Alaskan Native (includes Hispanic),
48,Texas,48457,Tyler,2011,2015,White (includes Hispanic),12.2
48,Texas,48457,Tyler,2012,2016,Asian/Pacific Islander (includes Hispanic),
48,Texas,48457,Tyler,2012,2016,Black (includes Hispanic),
48,Texas,48457,Tyler,2012,2016,Hispanic (all races),
48,Texas,48457,Tyler,2012,2016,American Indian/Alaskan Native (includes Hispanic),
48,Texas,48457,Tyler,2012,2016,White (includes Hispanic),12.9
48,Texas,48457,Tyler,2013,2017,Asian/Pacific Islander (includes Hispanic),
48,Texas,48457,Tyler,2013,2017,Black (includes Hispanic),
48,Texas,48457,Tyler,2013,2017,Hispanic (all races),
48,Texas,48457,Tyler,2013,2017,American Indian/Alaskan Native (includes Hispanic),
48,Texas,48457,Tyler,2013,2017,White (includes Hispanic),16.2
48,Texas,48457,Tyler,2014,2018,Asian/Pacific Islander (includes Hispanic),
48,Texas,48457,Tyler,2014,2018,Black (includes Hispanic),
48,Texas,48457,Tyler,2014,2018,Hispanic (all races),
48,Texas,48457,Tyler,2014,2018,American Indian/Alaskan Native (includes Hispanic),
48,Texas,48457,Tyler,2014,2018,White (includes Hispanic),15.4
48,Texas,48457,Tyler,2015,2019,Asian/Pacific Islander (includes Hispanic),
48,Texas,48457,Tyler,2015,2019,Black (includes Hispanic),
48,Texas,48457,Tyler,2015,2019,Hispanic (all races),
48,Texas,48457,Tyler,2015,2019,American Indian/Alaskan Native (includes Hispanic),
48,Texas,48457,Tyler,2015,2019,White (includes Hispanic),15.0
48,Texas,48457,Tyler,2016,2020,Asian/Pacific Islander (includes Hispanic),
48,Texas,48457,Tyler,2016,2020,Black (includes Hispanic),
48,Texas,48457,Tyler,2016,2020,Hispanic (all races),
48,Texas,48457,Tyler,2016,2020,American Indian/Alaskan Native (includes Hispanic),
48,Texas,48457,Tyler,2016,2020,White (includes Hispanic),14.4
48,Texas,48459,Upshur,2011,2015,Asian/Pacific Islander (includes Hispanic),
48,Texas,48459,Upshur,2011,2015,Black (includes Hispanic),
48,Texas,48459,Upshur,2011,2015,Hispanic (all races),
48,Texas,48459,Upshur,2011,2015,American Indian/Alaskan Native (includes Hispanic),
48,Texas,48459,Upshur,2011,2015,White (includes Hispanic),7.1
48,Texas,48459,Upshur,2012,2016,Asian/Pacific Islander (includes Hispanic),
48,Texas,48459,Upshur,2012,2016,Black (includes Hispanic),9.7
48,Texas,48459,Upshur,2012,2016,Hispanic (all races),
48,Texas,48459,Upshur,2012,2016,American Indian/Alaskan Native (includes Hispanic),
48,Texas,48459,Upshur,2012,2016,White (includes Hispanic),6.3
48,Texas,48459,Upshur,2013,2017,Asian/Pacific Islander (includes Hispanic),
48,Texas,48459,Upshur,2013,2017,Black (includes Hispanic),8.5
48,Texas,48459,Upshur,2013,2017,Hispanic (all races),
48,Texas,48459,Upshur,2013,2017,American Indian/Alaskan Native (includes Hispanic),
48,Texas,48459,Upshur,2013,2017,White (includes Hispanic),7.0
48,Texas,48459,Upshur,2014,2018,Asian/Pacific Islander (includes Hispanic),
48,Texas,48459,Upshur,2014,2018,Black (includes Hispanic),8.8
48,Texas,48459,Upshur,2014,2018,Hispanic (all races),
48,Texas,48459,Upshur,2014,2018,American Indian/Alaskan Native (includes Hispanic),
48,Texas,48459,Upshur,2014,2018,White (includes Hispanic),8.1
48,Texas,48459,Upshur,2015,2019,Asian/Pacific Islander (includes Hispanic),
48,Texas,48459,Upshur,2015,2019,Black (includes Hispanic),9.5
48,Texas,48459,Upshur,2015,2019,Hispanic (all races),
48,Texas,48459,Upshur,2015,2019,American Indian/Alaskan Native (includes Hispanic),
48,Texas,48459,Upshur,2015,2019,White (includes Hispanic),8.5
48,Texas,48459,Upshur,2016,2020,Asian/Pacific Islander (includes Hispanic),
48,Texas,48459,Upshur,2016,2020,Black (includes Hispanic),10.0
48,Texas,48459,Upshur,2016,2020,Hispanic (all races),
48,Texas,48459,Upshur,2016,2020,American Indian/Alaskan Native (includes Hispanic),
48,Texas,48459,Upshur,2016,2020,White (includes Hispanic),9.3
48,Texas,48461,Upton,2011,2015,Asian/Pacific Islander (includes Hispanic),
48,Texas,48461,Upton,2011,2015,Black (includes Hispanic),
48,Texas,48461,Upton,2011,2015,Hispanic (all races),8.3
48,Texas,48461,Upton,2011,2015,American Indian/Alaskan Native (includes Hispanic),
48,Texas,48461,Upton,2011,2015,White (includes Hispanic),9.3
48,Texas,48461,Upton,2012,2016,Asian/Pacific Islander (includes Hispanic),
48,Texas,48461,Upton,2012,2016,Black (includes Hispanic),
48,Texas,48461,Upton,2012,2016,Hispanic (all races),9.6
48,Texas,48461,Upton,2012,2016,American Indian/Alaskan Native (includes Hispanic),
48,Texas,48461,Upton,2012,2016,White (includes Hispanic),10.6
48,Texas,48461,Upton,2013,2017,Asian/Pacific Islander (includes Hispanic),
48,Texas,48461,Upton,2013,2017,Black (includes Hispanic),
48,Texas,48461,Upton,2013,2017,Hispanic (all races),10.9
48,Texas,48461,Upton,2013,2017,American Indian/Alaskan Native (includes Hispanic),
48,Texas,48461,Upton,2013,2017,White (includes Hispanic),11.3
48,Texas,48461,Upton,2014,2018,Asian/Pacific Islander (includes Hispanic),
48,Texas,48461,Upton,2014,2018,Black (includes Hispanic),
48,Texas,48461,Upton,2014,2018,Hispanic (all races),12.1
48,Texas,48461,Upton,2014,2018,American Indian/Alaskan Native (includes Hispanic),
48,Texas,48461,Upton,2014,2018,White (includes Hispanic),12.3
48,Texas,48461,Upton,2015,2019,Asian/Pacific Islander (includes Hispanic),
48,Texas,48461,Upton,2015,2019,Black (includes Hispanic),
48,Texas,48461,Upton,2015,2019,Hispanic (all races),13.5
48,Texas,48461,Upton,2015,2019,American Indian/Alaskan Native (includes Hispanic),
48,Texas,48461,Upton,2015,2019,White (includes Hispanic),13.0
48,Texas,48461,Upton,2016,2020,Asian/Pacific Islander (includes Hispanic),
48,Texas,48461,Upton,2016,2020,Black (includes Hispanic),
48,Texas,48461,Upton,2016,2020,Hispanic (all races),15.1
48,Texas,48461,Upton,2016,2020,American Indian/Alaskan Native (includes Hispanic),
48,Texas,48461,Upton,2016,2020,White (includes Hispanic),14.4
48,Texas,48463,Uvalde,2011,2015,Asian/Pacific Islander (includes Hispanic),
48,Texas,48463,Uvalde,2011,2015,Black (includes Hispanic),
48,Texas,48463,Uvalde,2011,2015,Hispanic (all races),13.5
48,Texas,48463,Uvalde,2011,2015,American Indian/Alaskan Native (includes Hispanic),
48,Texas,48463,Uvalde,2011,2015,White (includes Hispanic),13.2
48,Texas,48463,Uvalde,2012,2016,Asian/Pacific Islander (includes Hispanic),
48,Texas,48463,Uvalde,2012,2016,Black (includes Hispanic),
48,Texas,48463,Uvalde,2012,2016,Hispanic (all races),11.5
48,Texas,48463,Uvalde,2012,2016,American Indian/Alaskan Native (includes Hispanic),
48,Texas,48463,Uvalde,2012,2016,White (includes Hispanic),11.8
48,Texas,48463,Uvalde,2013,2017,Asian/Pacific Islander (includes Hispanic),
48,Texas,48463,Uvalde,2013,2017,Black (includes Hispanic),
48,Texas,48463,Uvalde,2013,2017,Hispanic (all races),11.5
48,Texas,48463,Uvalde,2013,2017,American Indian/Alaskan Native (includes Hispanic),
48,Texas,48463,Uvalde,2013,2017,White (includes Hispanic),12.0
48,Texas,48463,Uvalde,2014,2018,Asian/Pacific Islander (includes Hispanic),
48,Texas,48463,Uvalde,2014,2018,Black (includes Hispanic),
48,Texas,48463,Uvalde,2014,2018,Hispanic (all races),12.8
48,Texas,48463,Uvalde,2014,2018,American Indian/Alaskan Native (includes Hispanic),
48,Texas,48463,Uvalde,2014,2018,White (includes Hispanic),12.6
48,Texas,48463,Uvalde,2015,2019,Asian/Pacific Islander (includes Hispanic),
48,Texas,48463,Uvalde,2015,2019,Black (includes Hispanic),
48,Texas,48463,Uvalde,2015,2019,Hispanic (all races),14.6
48,Texas,48463,Uvalde,2015,2019,American Indian/Alaskan Native (includes Hispanic),
48,Texas,48463,Uvalde,2015,2019,White (includes Hispanic),13.7
48,Texas,48463,Uvalde,2016,2020,Asian/Pacific Islander (includes Hispanic),
48,Texas,48463,Uvalde,2016,2020,Black (includes Hispanic),
48,Texas,48463,Uvalde,2016,2020,Hispanic (all races),12.7
48,Texas,48463,Uvalde,2016,2020,American Indian/Alaskan Native (includes Hispanic),
48,Texas,48463,Uvalde,2016,2020,White (includes Hispanic),12.4
48,Texas,48465,Val Verde,2011,2015,Asian/Pacific Islander (includes Hispanic),
48,Texas,48465,Val Verde,2011,2015,Black (includes Hispanic),
48,Texas,48465,Val Verde,2011,2015,Hispanic (all races),19.3
48,Texas,48465,Val Verde,2011,2015,American Indian/Alaskan Native (includes Hispanic),
48,Texas,48465,Val Verde,2011,2015,White (includes Hispanic),14.2
48,Texas,48465,Val Verde,2012,2016,Asian/Pacific Islander (includes Hispanic),
48,Texas,48465,Val Verde,2012,2016,Black (includes Hispanic),
48,Texas,48465,Val Verde,2012,2016,Hispanic (all races),20.5
48,Texas,48465,Val Verde,2012,2016,American Indian/Alaskan Native (includes Hispanic),
48,Texas,48465,Val Verde,2012,2016,White (includes Hispanic),15.8
48,Texas,48465,Val Verde,2013,2017,Asian/Pacific Islander (includes Hispanic),
48,Texas,48465,Val Verde,2013,2017,Black (includes Hispanic),
48,Texas,48465,Val Verde,2013,2017,Hispanic (all races),
48,Texas,48465,Val Verde,2013,2017,American Indian/Alaskan Native (includes Hispanic),
48,Texas,48465,Val Verde,2013,2017,White (includes Hispanic),
48,Texas,48465,Val Verde,2014,2018,Asian/Pacific Islander (includes Hispanic),
48,Texas,48465,Val Verde,2014,2018,Black (includes Hispanic),
48,Texas,48465,Val Verde,2014,2018,Hispanic (all races),
48,Texas,48465,Val Verde,2014,2018,American Indian/Alaskan Native (includes Hispanic),
48,Texas,48465,Val Verde,2014,2018,White (includes Hispanic),
48,Texas,48465,Val Verde,2015,2019,Asian/Pacific Islander (includes Hispanic),
48,Texas,48465,Val Verde,2015,2019,Black (includes Hispanic),
48,Texas,48465,Val Verde,2015,2019,Hispanic (all races),
48,Texas,48465,Val Verde,2015,2019,American Indian/Alaskan Native (includes Hispanic),
48,Texas,48465,Val Verde,2015,2019,White (includes Hispanic),
48,Texas,48465,Val Verde,2016,2020,Asian/Pacific Islander (includes Hispanic),
48,Texas,48465,Val Verde,2016,2020,Black (includes Hispanic),
48,Texas,48465,Val Verde,2016,2020,Hispanic (all races),
48,Texas,48465,Val Verde,2016,2020,American Indian/Alaskan Native (includes Hispanic),
48,Texas,48465,Val Verde,2016,2020,White (includes Hispanic),
48,Texas,48467,Van Zandt,2011,2015,Asian/Pacific Islander (includes Hispanic),
48,Texas,48467,Van Zandt,2011,2015,Black (includes Hispanic),
48,Texas,48467,Van Zandt,2011,2015,Hispanic (all races),
48,Texas,48467,Van Zandt,2011,2015,American Indian/Alaskan Native (includes Hispanic),
48,Texas,48467,Van Zandt,2011,2015,White (includes Hispanic),9.6
48,Texas,48467,Van Zandt,2012,2016,Asian/Pacific Islander (includes Hispanic),
48,Texas,48467,Van Zandt,2012,2016,Black (includes Hispanic),
48,Texas,48467,Van Zandt,2012,2016,Hispanic (all races),
48,Texas,48467,Van Zandt,2012,2016,American Indian/Alaskan Native (includes Hispanic),
48,Texas,48467,Van Zandt,2012,2016,White (includes Hispanic),9.3
48,Texas,48467,Van Zandt,2013,2017,Asian/Pacific Islander (includes Hispanic),
48,Texas,48467,Van Zandt,2013,2017,Black (includes Hispanic),
48,Texas,48467,Van Zandt,2013,2017,Hispanic (all races),
48,Texas,48467,Van Zandt,2013,2017,American Indian/Alaskan Native (includes Hispanic),
48,Texas,48467,Van Zandt,2013,2017,White (includes Hispanic),9.5
48,Texas,48467,Van Zandt,2014,2018,Asian/Pacific Islander (includes Hispanic),
48,Texas,48467,Van Zandt,2014,2018,Black (includes Hispanic),
48,Texas,48467,Van Zandt,2014,2018,Hispanic (all races),
48,Texas,48467,Van Zandt,2014,2018,American Indian/Alaskan Native (includes Hispanic),
48,Texas,48467,Van Zandt,2014,2018,White (includes Hispanic),9.7
48,Texas,48467,Van Zandt,2015,2019,Asian/Pacific Islander (includes Hispanic),
48,Texas,48467,Van Zandt,2015,2019,Black (includes Hispanic),10.6
48,Texas,48467,Van Zandt,2015,2019,Hispanic (all races),
48,Texas,48467,Van Zandt,2015,2019,American Indian/Alaskan Native (includes Hispanic),
48,Texas,48467,Van Zandt,2015,2019,White (includes Hispanic),9.1
48,Texas,48467,Van Zandt,2016,2020,Asian/Pacific Islander (includes Hispanic),
48,Texas,48467,Van Zandt,2016,2020,Black (includes Hispanic),11.4
48,Texas,48467,Van Zandt,2016,2020,Hispanic (all races),
48,Texas,48467,Van Zandt,2016,2020,American Indian/Alaskan Native (includes Hispanic),
48,Texas,48467,Van Zandt,2016,2020,White (includes Hispanic),8.6
48,Texas,48469,Victoria,2011,2015,Asian/Pacific Islander (includes Hispanic),
48,Texas,48469,Victoria,2011,2015,Black (includes Hispanic),
48,Texas,48469,Victoria,2011,2015,Hispanic (all races),15.1
48,Texas,48469,Victoria,2011,2015,American Indian/Alaskan Native (includes Hispanic),
48,Texas,48469,Victoria,2011,2015,White (includes Hispanic),11.9
48,Texas,48469,Victoria,2012,2016,Asian/Pacific Islander (includes Hispanic),
48,Texas,48469,Victoria,2012,2016,Black (includes Hispanic),
48,Texas,48469,Victoria,2012,2016,Hispanic (all races),14.4
48,Texas,48469,Victoria,2012,2016,American Indian/Alaskan Native (includes Hispanic),
48,Texas,48469,Victoria,2012,2016,White (includes Hispanic),11.4
48,Texas,48469,Victoria,2013,2017,Asian/Pacific Islander (includes Hispanic),
48,Texas,48469,Victoria,2013,2017,Black (includes Hispanic),
48,Texas,48469,Victoria,2013,2017,Hispanic (all races),15.9
48,Texas,48469,Victoria,2013,2017,American Indian/Alaskan Native (includes Hispanic),
48,Texas,48469,Victoria,2013,2017,White (includes Hispanic),10.6
48,Texas,48469,Victoria,2014,2018,Asian/Pacific Islander (includes Hispanic),
48,Texas,48469,Victoria,2014,2018,Black (includes Hispanic),
48,Texas,48469,Victoria,2014,2018,Hispanic (all races),15.0
48,Texas,48469,Victoria,2014,2018,American Indian/Alaskan Native (includes Hispanic),
48,Texas,48469,Victoria,2014,2018,White (includes Hispanic),11.4
48,Texas,48469,Victoria,2015,2019,Asian/Pacific Islander (includes Hispanic),
48,Texas,48469,Victoria,2015,2019,Black (includes Hispanic),
48,Texas,48469,Victoria,2015,2019,Hispanic (all races),14.1
48,Texas,48469,Victoria,2015,2019,American Indian/Alaskan Native (includes Hispanic),
48,Texas,48469,Victoria,2015,2019,White (includes Hispanic),10.9
48,Texas,48469,Victoria,2016,2020,Asian/Pacific Islander (includes Hispanic),
48,Texas,48469,Victoria,2016,2020,Black (includes Hispanic),
48,Texas,48469,Victoria,2016,2020,Hispanic (all races),14.8
48,Texas,48469,Victoria,2016,2020,American Indian/Alaskan Native (includes Hispanic),
48,Texas,48469,Victoria,2016,2020,White (includes Hispanic),11.6
48,Texas,48471,Walker,2011,2015,Asian/Pacific Islander (includes Hispanic),
48,Texas,48471,Walker,2011,2015,Black (includes Hispanic),
48,Texas,48471,Walker,2011,2015,Hispanic (all races),7.8
48,Texas,48471,Walker,2011,2015,American Indian/Alaskan Native (includes Hispanic),
48,Texas,48471,Walker,2011,2015,White (includes Hispanic),8.4
48,Texas,48471,Walker,2012,2016,Asian/Pacific Islander (includes Hispanic),
48,Texas,48471,Walker,2012,2016,Black (includes Hispanic),
48,Texas,48471,Walker,2012,2016,Hispanic (all races),8.3
48,Texas,48471,Walker,2012,2016,American Indian/Alaskan Native (includes Hispanic),
48,Texas,48471,Walker,2012,2016,White (includes Hispanic),8.5
48,Texas,48471,Walker,2013,2017,Asian/Pacific Islander (includes Hispanic),
48,Texas,48471,Walker,2013,2017,Black (includes Hispanic),
48,Texas,48471,Walker,2013,2017,Hispanic (all races),9.3
48,Texas,48471,Walker,2013,2017,American Indian/Alaskan Native (includes Hispanic),
48,Texas,48471,Walker,2013,2017,White (includes Hispanic),8.8
48,Texas,48471,Walker,2014,2018,Asian/Pacific Islander (includes Hispanic),
48,Texas,48471,Walker,2014,2018,Black (includes Hispanic),
48,Texas,48471,Walker,2014,2018,Hispanic (all races),10.6
48,Texas,48471,Walker,2014,2018,American Indian/Alaskan Native (includes Hispanic),
48,Texas,48471,Walker,2014,2018,White (includes Hispanic),9.5
48,Texas,48471,Walker,2015,2019,Asian/Pacific Islander (includes Hispanic),
48,Texas,48471,Walker,2015,2019,Black (includes Hispanic),
48,Texas,48471,Walker,2015,2019,Hispanic (all races),10.6
48,Texas,48471,Walker,2015,2019,American Indian/Alaskan Native (includes Hispanic),
48,Texas,48471,Walker,2015,2019,White (includes Hispanic),8.9
48,Texas,48471,Walker,2016,2020,Asian/Pacific Islander (includes Hispanic),
48,Texas,48471,Walker,2016,2020,Black (includes Hispanic),
48,Texas,48471,Walker,2016,2020,Hispanic (all races),10.1
48,Texas,48471,Walker,2016,2020,American Indian/Alaskan Native (includes Hispanic),
48,Texas,48471,Walker,2016,2020,White (includes Hispanic),8.2
48,Texas,48473,Waller,2011,2015,Asian/Pacific Islander (includes Hispanic),4.9
48,Texas,48473,Waller,2011,2015,Black (includes Hispanic),11.6
48,Texas,48473,Waller,2011,2015,Hispanic (all races),13.7
48,Texas,48473,Waller,2011,2015,American Indian/Alaskan Native (includes Hispanic),
48,Texas,48473,Waller,2011,2015,White (includes Hispanic),10.4
48,Texas,48473,Waller,2012,2016,Asian/Pacific Islander (includes Hispanic),5.4
48,Texas,48473,Waller,2012,2016,Black (includes Hispanic),11.2
48,Texas,48473,Waller,2012,2016,Hispanic (all races),13.6
48,Texas,48473,Waller,2012,2016,American Indian/Alaskan Native (includes Hispanic),
48,Texas,48473,Waller,2012,2016,White (includes Hispanic),10.4
48,Texas,48473,Waller,2013,2017,Asian/Pacific Islander (includes Hispanic),5.7
48,Texas,48473,Waller,2013,2017,Black (includes Hispanic),9.9
48,Texas,48473,Waller,2013,2017,Hispanic (all races),13.4
48,Texas,48473,Waller,2013,2017,American Indian/Alaskan Native (includes Hispanic),
48,Texas,48473,Waller,2013,2017,White (includes Hispanic),10.4
48,Texas,48473,Waller,2014,2018,Asian/Pacific Islander (includes Hispanic),6.3
48,Texas,48473,Waller,2014,2018,Black (includes Hispanic),9.6
48,Texas,48473,Waller,2014,2018,Hispanic (all races),13.2
48,Texas,48473,Waller,2014,2018,American Indian/Alaskan Native (includes Hispanic),
48,Texas,48473,Waller,2014,2018,White (includes Hispanic),10.3
48,Texas,48473,Waller,2015,2019,Asian/Pacific Islander (includes Hispanic),6.5
48,Texas,48473,Waller,2015,2019,Black (includes Hispanic),9.4
48,Texas,48473,Waller,2015,2019,Hispanic (all races),12.4
48,Texas,48473,Waller,2015,2019,American Indian/Alaskan Native (includes Hispanic),
48,Texas,48473,Waller,2015,2019,White (includes Hispanic),9.7
48,Texas,48473,Waller,2016,2020,Asian/Pacific Islander (includes Hispanic),6.4
48,Texas,48473,Waller,2016,2020,Black (includes Hispanic),8.9
48,Texas,48473,Waller,2016,2020,Hispanic (all races),12.1
48,Texas,48473,Waller,2016,2020,American Indian/Alaskan Native (includes Hispanic),
48,Texas,48473,Waller,2016,2020,White (includes Hispanic),9.4
48,Texas,48475,Ward,2011,2015,Asian/Pacific Islander (includes Hispanic),
48,Texas,48475,Ward,2011,2015,Black (includes Hispanic),
48,Texas,48475,Ward,2011,2015,Hispanic (all races),8.1
48,Texas,48475,Ward,2011,2015,American Indian/Alaskan Native (includes Hispanic),
48,Texas,48475,Ward,2011,2015,White (includes Hispanic),10.0
48,Texas,48475,Ward,2012,2016,Asian/Pacific Islander (includes Hispanic),
48,Texas,48475,Ward,2012,2016,Black (includes Hispanic),
48,Texas,48475,Ward,2012,2016,Hispanic (all races),9.6
48,Texas,48475,Ward,2012,2016,American Indian/Alaskan Native (includes Hispanic),
48,Texas,48475,Ward,2012,2016,White (includes Hispanic),10.7
48,Texas,48475,Ward,2013,2017,Asian/Pacific Islander (includes Hispanic),
48,Texas,48475,Ward,2013,2017,Black (includes Hispanic),
48,Texas,48475,Ward,2013,2017,Hispanic (all races),9.7
48,Texas,48475,Ward,2013,2017,American Indian/Alaskan Native (includes Hispanic),
48,Texas,48475,Ward,2013,2017,White (includes Hispanic),10.2
48,Texas,48475,Ward,2014,2018,Asian/Pacific Islander (includes Hispanic),
48,Texas,48475,Ward,2014,2018,Black (includes Hispanic),
48,Texas,48475,Ward,2014,2018,Hispanic (all races),11.9
48,Texas,48475,Ward,2014,2018,American Indian/Alaskan Native (includes Hispanic),
48,Texas,48475,Ward,2014,2018,White (includes Hispanic),12.0
48,Texas,48475,Ward,2015,2019,Asian/Pacific Islander (includes Hispanic),
48,Texas,48475,Ward,2015,2019,Black (includes Hispanic),
48,Texas,48475,Ward,2015,2019,Hispanic (all races),14.6
48,Texas,48475,Ward,2015,2019,American Indian/Alaskan Native (includes Hispanic),
48,Texas,48475,Ward,2015,2019,White (includes Hispanic),13.7
48,Texas,48475,Ward,2016,2020,Asian/Pacific Islander (includes Hispanic),
48,Texas,48475,Ward,2016,2020,Black (includes Hispanic),
48,Texas,48475,Ward,2016,2020,Hispanic (all races),16.2
48,Texas,48475,Ward,2016,2020,American Indian/Alaskan Native (includes Hispanic),
48,Texas,48475,Ward,2016,2020,White (includes Hispanic),14.9
48,Texas,48477,Washington,2011,2015,Asian/Pacific Islander (includes Hispanic),
48,Texas,48477,Washington,2011,2015,Black (includes Hispanic),
48,Texas,48477,Washington,2011,2015,Hispanic (all races),
48,Texas,48477,Washington,2011,2015,American Indian/Alaskan Native (includes Hispanic),
48,Texas,48477,Washington,2011,2015,White (includes Hispanic),5.4
48,Texas,48477,Washington,2012,2016,Asian/Pacific Islander (includes Hispanic),
48,Texas,48477,Washington,2012,2016,Black (includes Hispanic),
48,Texas,48477,Washington,2012,2016,Hispanic (all races),11.7
48,Texas,48477,Washington,2012,2016,American Indian/Alaskan Native (includes Hispanic),
48,Texas,48477,Washington,2012,2016,White (includes Hispanic),6.7
48,Texas,48477,Washington,2013,2017,Asian/Pacific Islander (includes Hispanic),
48,Texas,48477,Washington,2013,2017,Black (includes Hispanic),
48,Texas,48477,Washington,2013,2017,Hispanic (all races),13.5
48,Texas,48477,Washington,2013,2017,American Indian/Alaskan Native (includes Hispanic),
48,Texas,48477,Washington,2013,2017,White (includes Hispanic),8.1
48,Texas,48477,Washington,2014,2018,Asian/Pacific Islander (includes Hispanic),
48,Texas,48477,Washington,2014,2018,Black (includes Hispanic),
48,Texas,48477,Washington,2014,2018,Hispanic (all races),12.2
48,Texas,48477,Washington,2014,2018,American Indian/Alaskan Native (includes Hispanic),
48,Texas,48477,Washington,2014,2018,White (includes Hispanic),8.7
48,Texas,48477,Washington,2015,2019,Asian/Pacific Islander (includes Hispanic),
48,Texas,48477,Washington,2015,2019,Black (includes Hispanic),
48,Texas,48477,Washington,2015,2019,Hispanic (all races),12.4
48,Texas,48477,Washington,2015,2019,American Indian/Alaskan Native (includes Hispanic),
48,Texas,48477,Washington,2015,2019,White (includes Hispanic),9.0
48,Texas,48477,Washington,2016,2020,Asian/Pacific Islander (includes Hispanic),
48,Texas,48477,Washington,2016,2020,Black (includes Hispanic),
48,Texas,48477,Washington,2016,2020,Hispanic (all races),9.5
48,Texas,48477,Washington,2016,2020,American Indian/Alaskan Native (includes Hispanic),
48,Texas,48477,Washington,2016,2020,White (includes Hispanic),8.6
48,Texas,48479,Webb,2011,2015,Asian/Pacific Islander (includes Hispanic),
48,Texas,48479,Webb,2011,2015,Black (includes Hispanic),
48,Texas,48479,Webb,2011,2015,Hispanic (all races),13.4
48,Texas,48479,Webb,2011,2015,American Indian/Alaskan Native (includes Hispanic),
48,Texas,48479,Webb,2011,2015,White (includes Hispanic),13.7
48,Texas,48479,Webb,2012,2016,Asian/Pacific Islander (includes Hispanic),
48,Texas,48479,Webb,2012,2016,Black (includes Hispanic),
48,Texas,48479,Webb,2012,2016,Hispanic (all races),13.3
48,Texas,48479,Webb,2012,2016,American Indian/Alaskan Native (includes Hispanic),
48,Texas,48479,Webb,2012,2016,White (includes Hispanic),13.4
48,Texas,48479,Webb,2013,2017,Asian/Pacific Islander (includes Hispanic),
48,Texas,48479,Webb,2013,2017,Black (includes Hispanic),
48,Texas,48479,Webb,2013,2017,Hispanic (all races),12.7
48,Texas,48479,Webb,2013,2017,American Indian/Alaskan Native (includes Hispanic),
48,Texas,48479,Webb,2013,2017,White (includes Hispanic),12.8
48,Texas,48479,Webb,2014,2018,Asian/Pacific Islander (includes Hispanic),
48,Texas,48479,Webb,2014,2018,Black (includes Hispanic),
48,Texas,48479,Webb,2014,2018,Hispanic (all races),12.6
48,Texas,48479,Webb,2014,2018,American Indian/Alaskan Native (includes Hispanic),
48,Texas,48479,Webb,2014,2018,White (includes Hispanic),12.6
48,Texas,48479,Webb,2015,2019,Asian/Pacific Islander (includes Hispanic),
48,Texas,48479,Webb,2015,2019,Black (includes Hispanic),
48,Texas,48479,Webb,2015,2019,Hispanic (all races),13.2
48,Texas,48479,Webb,2015,2019,American Indian/Alaskan Native (includes Hispanic),
48,Texas,48479,Webb,2015,2019,White (includes Hispanic),13.1
48,Texas,48479,Webb,2016,2020,Asian/Pacific Islander (includes Hispanic),
48,Texas,48479,Webb,2016,2020,Black (includes Hispanic),
48,Texas,48479,Webb,2016,2020,Hispanic (all races),10.8
48,Texas,48479,Webb,2016,2020,American Indian/Alaskan Native (includes Hispanic),
48,Texas,48479,Webb,2016,2020,White (includes Hispanic),10.9
48,Texas,48481,Wharton,2011,2015,Asian/Pacific Islander (includes Hispanic),
48,Texas,48481,Wharton,2011,2015,Black (includes Hispanic),7.0
48,Texas,48481,Wharton,2011,2015,Hispanic (all races),8.8
48,Texas,48481,Wharton,2011,2015,American Indian/Alaskan Native (includes Hispanic),
48,Texas,48481,Wharton,2011,2015,White (includes Hispanic),7.5
48,Texas,48481,Wharton,2012,2016,Asian/Pacific Islander (includes Hispanic),5.0
48,Texas,48481,Wharton,2012,2016,Black (includes Hispanic),6.2
48,Texas,48481,Wharton,2012,2016,Hispanic (all races),8.5
48,Texas,48481,Wharton,2012,2016,American Indian/Alaskan Native (includes Hispanic),
48,Texas,48481,Wharton,2012,2016,White (includes Hispanic),7.9
48,Texas,48481,Wharton,2013,2017,Asian/Pacific Islander (includes Hispanic),4.8
48,Texas,48481,Wharton,2013,2017,Black (includes Hispanic),5.3
48,Texas,48481,Wharton,2013,2017,Hispanic (all races),9.1
48,Texas,48481,Wharton,2013,2017,American Indian/Alaskan Native (includes Hispanic),
48,Texas,48481,Wharton,2013,2017,White (includes Hispanic),8.3
48,Texas,48481,Wharton,2014,2018,Asian/Pacific Islander (includes Hispanic),5.1
48,Texas,48481,Wharton,2014,2018,Black (includes Hispanic),5.4
48,Texas,48481,Wharton,2014,2018,Hispanic (all races),10.3
48,Texas,48481,Wharton,2014,2018,American Indian/Alaskan Native (includes Hispanic),
48,Texas,48481,Wharton,2014,2018,White (includes Hispanic),8.7
48,Texas,48481,Wharton,2015,2019,Asian/Pacific Islander (includes Hispanic),5.2
48,Texas,48481,Wharton,2015,2019,Black (includes Hispanic),4.7
48,Texas,48481,Wharton,2015,2019,Hispanic (all races),9.0
48,Texas,48481,Wharton,2015,2019,American Indian/Alaskan Native (includes Hispanic),
48,Texas,48481,Wharton,2015,2019,White (includes Hispanic),8.7
48,Texas,48481,Wharton,2016,2020,Asian/Pacific Islander (includes Hispanic),5.0
48,Texas,48481,Wharton,2016,2020,Black (includes Hispanic),5.1
48,Texas,48481,Wharton,2016,2020,Hispanic (all races),10.5
48,Texas,48481,Wharton,2016,2020,American Indian/Alaskan Native (includes Hispanic),
48,Texas,48481,Wharton,2016,2020,White (includes Hispanic),9.2
48,Texas,48483,Wheeler,2011,2015,Asian/Pacific Islander (includes Hispanic),
48,Texas,48483,Wheeler,2011,2015,Black (includes Hispanic),
48,Texas,48483,Wheeler,2011,2015,Hispanic (all races),
48,Texas,48483,Wheeler,2011,2015,American Indian/Alaskan Native (includes Hispanic),
48,Texas,48483,Wheeler,2011,2015,White (includes Hispanic),
48,Texas,48483,Wheeler,2012,2016,Asian/Pacific Islander (includes Hispanic),
48,Texas,48483,Wheeler,2012,2016,Black (includes Hispanic),
48,Texas,48483,Wheeler,2012,2016,Hispanic (all races),
48,Texas,48483,Wheeler,2012,2016,American Indian/Alaskan Native (includes Hispanic),
48,Texas,48483,Wheeler,2012,2016,White (includes Hispanic),13.0
48,Texas,48483,Wheeler,2013,2017,Asian/Pacific Islander (includes Hispanic),
48,Texas,48483,Wheeler,2013,2017,Black (includes Hispanic),
48,Texas,48483,Wheeler,2013,2017,Hispanic (all races),
48,Texas,48483,Wheeler,2013,2017,American Indian/Alaskan Native (includes Hispanic),
48,Texas,48483,Wheeler,2013,2017,White (includes Hispanic),14.0
48,Texas,48483,Wheeler,2014,2018,Asian/Pacific Islander (includes Hispanic),
48,Texas,48483,Wheeler,2014,2018,Black (includes Hispanic),
48,Texas,48483,Wheeler,2014,2018,Hispanic (all races),
48,Texas,48483,Wheeler,2014,2018,American Indian/Alaskan Native (includes Hispanic),
48,Texas,48483,Wheeler,2014,2018,White (includes Hispanic),14.7
48,Texas,48483,Wheeler,2015,2019,Asian/Pacific Islander (includes Hispanic),
48,Texas,48483,Wheeler,2015,2019,Black (includes Hispanic),
48,Texas,48483,Wheeler,2015,2019,Hispanic (all races),
48,Texas,48483,Wheeler,2015,2019,American Indian/Alaskan Native (includes Hispanic),
48,Texas,48483,Wheeler,2015,2019,White (includes Hispanic),14.6
48,Texas,48483,Wheeler,2016,2020,Asian/Pacific Islander (includes Hispanic),
48,Texas,48483,Wheeler,2016,2020,Black (includes Hispanic),
48,Texas,48483,Wheeler,2016,2020,Hispanic (all races),
48,Texas,48483,Wheeler,2016,2020,American Indian/Alaskan Native (includes Hispanic),
48,Texas,48483,Wheeler,2016,2020,White (includes Hispanic),
48,Texas,48485,Wichita,2011,2015,Asian/Pacific Islander (includes Hispanic),
48,Texas,48485,Wichita,2011,2015,Black (includes Hispanic),
48,Texas,48485,Wichita,2011,2015,Hispanic (all races),
48,Texas,48485,Wichita,2011,2015,American Indian/Alaskan Native (includes Hispanic),
48,Texas,48485,Wichita,2011,2015,White (includes Hispanic),10.1
48,Texas,48485,Wichita,2012,2016,Asian/Pacific Islander (includes Hispanic),
48,Texas,48485,Wichita,2012,2016,Black (includes Hispanic),
48,Texas,48485,Wichita,2012,2016,Hispanic (all races),
48,Texas,48485,Wichita,2012,2016,American Indian/Alaskan Native (includes Hispanic),
48,Texas,48485,Wichita,2012,2016,White (includes Hispanic),11.9
48,Texas,48485,Wichita,2013,2017,Asian/Pacific Islander (includes Hispanic),
48,Texas,48485,Wichita,2013,2017,Black (includes Hispanic),
48,Texas,48485,Wichita,2013,2017,Hispanic (all races),
48,Texas,48485,Wichita,2013,2017,American Indian/Alaskan Native (includes Hispanic),
48,Texas,48485,Wichita,2013,2017,White (includes Hispanic),13.1
48,Texas,48485,Wichita,2014,2018,Asian/Pacific Islander (includes Hispanic),
48,Texas,48485,Wichita,2014,2018,Black (includes Hispanic),
48,Texas,48485,Wichita,2014,2018,Hispanic (all races),
48,Texas,48485,Wichita,2014,2018,American Indian/Alaskan Native (includes Hispanic),
48,Texas,48485,Wichita,2014,2018,White (includes Hispanic),14.7
48,Texas,48485,Wichita,2015,2019,Asian/Pacific Islander (includes Hispanic),
48,Texas,48485,Wichita,2015,2019,Black (includes Hispanic),
48,Texas,48485,Wichita,2015,2019,Hispanic (all races),
48,Texas,48485,Wichita,2015,2019,American Indian/Alaskan Native (includes Hispanic),
48,Texas,48485,Wichita,2015,2019,White (includes Hispanic),16.1
48,Texas,48485,Wichita,2016,2020,Asian/Pacific Islander (includes Hispanic),
48,Texas,48485,Wichita,2016,2020,Black (includes Hispanic),
48,Texas,48485,Wichita,2016,2020,Hispanic (all races),
48,Texas,48485,Wichita,2016,2020,American Indian/Alaskan Native (includes Hispanic),
48,Texas,48485,Wichita,2016,2020,White (includes Hispanic),16.3
48,Texas,48487,Wilbarger,2011,2015,Asian/Pacific Islander (includes Hispanic),
48,Texas,48487,Wilbarger,2011,2015,Black (includes Hispanic),
48,Texas,48487,Wilbarger,2011,2015,Hispanic (all races),
48,Texas,48487,Wilbarger,2011,2015,American Indian/Alaskan Native (includes Hispanic),
48,Texas,48487,Wilbarger,2011,2015,White (includes Hispanic),10.2
48,Texas,48487,Wilbarger,2012,2016,Asian/Pacific Islander (includes Hispanic),
48,Texas,48487,Wilbarger,2012,2016,Black (includes Hispanic),
48,Texas,48487,Wilbarger,2012,2016,Hispanic (all races),
48,Texas,48487,Wilbarger,2012,2016,American Indian/Alaskan Native (includes Hispanic),
48,Texas,48487,Wilbarger,2012,2016,White (includes Hispanic),11.6
48,Texas,48487,Wilbarger,2013,2017,Asian/Pacific Islander (includes Hispanic),
48,Texas,48487,Wilbarger,2013,2017,Black (includes Hispanic),
48,Texas,48487,Wilbarger,2013,2017,Hispanic (all races),
48,Texas,48487,Wilbarger,2013,2017,American Indian/Alaskan Native (includes Hispanic),
48,Texas,48487,Wilbarger,2013,2017,White (includes Hispanic),12.2
48,Texas,48487,Wilbarger,2014,2018,Asian/Pacific Islander (includes Hispanic),
48,Texas,48487,Wilbarger,2014,2018,Black (includes Hispanic),
48,Texas,48487,Wilbarger,2014,2018,Hispanic (all races),
48,Texas,48487,Wilbarger,2014,2018,American Indian/Alaskan Native (includes Hispanic),
48,Texas,48487,Wilbarger,2014,2018,White (includes Hispanic),14.3
48,Texas,48487,Wilbarger,2015,2019,Asian/Pacific Islander (includes Hispanic),
48,Texas,48487,Wilbarger,2015,2019,Black (includes Hispanic),
48,Texas,48487,Wilbarger,2015,2019,Hispanic (all races),
48,Texas,48487,Wilbarger,2015,2019,American Indian/Alaskan Native (includes Hispanic),
48,Texas,48487,Wilbarger,2015,2019,White (includes Hispanic),15.4
48,Texas,48487,Wilbarger,2016,2020,Asian/Pacific Islander (includes Hispanic),
48,Texas,48487,Wilbarger,2016,2020,Black (includes Hispanic),
48,Texas,48487,Wilbarger,2016,2020,Hispanic (all races),
48,Texas,48487,Wilbarger,2016,2020,American Indian/Alaskan Native (includes Hispanic),
48,Texas,48487,Wilbarger,2016,2020,White (includes Hispanic),15.8
48,Texas,48489,Willacy,2011,2015,Asian/Pacific Islander (includes Hispanic),
48,Texas,48489,Willacy,2011,2015,Black (includes Hispanic),
48,Texas,48489,Willacy,2011,2015,Hispanic (all races),13.6
48,Texas,48489,Willacy,2011,2015,American Indian/Alaskan Native (includes Hispanic),
48,Texas,48489,Willacy,2011,2015,White (includes Hispanic),12.8
48,Texas,48489,Willacy,2012,2016,Asian/Pacific Islander (includes Hispanic),
48,Texas,48489,Willacy,2012,2016,Black (includes Hispanic),
48,Texas,48489,Willacy,2012,2016,Hispanic (all races),13.4
48,Texas,48489,Willacy,2012,2016,American Indian/Alaskan Native (includes Hispanic),
48,Texas,48489,Willacy,2012,2016,White (includes Hispanic),12.7
48,Texas,48489,Willacy,2013,2017,Asian/Pacific Islander (includes Hispanic),
48,Texas,48489,Willacy,2013,2017,Black (includes Hispanic),
48,Texas,48489,Willacy,2013,2017,Hispanic (all races),13.4
48,Texas,48489,Willacy,2013,2017,American Indian/Alaskan Native (includes Hispanic),
48,Texas,48489,Willacy,2013,2017,White (includes Hispanic),12.7
48,Texas,48489,Willacy,2014,2018,Asian/Pacific Islander (includes Hispanic),
48,Texas,48489,Willacy,2014,2018,Black (includes Hispanic),
48,Texas,48489,Willacy,2014,2018,Hispanic (all races),13.7
48,Texas,48489,Willacy,2014,2018,American Indian/Alaskan Native (includes Hispanic),
48,Texas,48489,Willacy,2014,2018,White (includes Hispanic),13.0
48,Texas,48489,Willacy,2015,2019,Asian/Pacific Islander (includes Hispanic),
48,Texas,48489,Willacy,2015,2019,Black (includes Hispanic),
48,Texas,48489,Willacy,2015,2019,Hispanic (all races),14.2
48,Texas,48489,Willacy,2015,2019,American Indian/Alaskan Native (includes Hispanic),
48,Texas,48489,Willacy,2015,2019,White (includes Hispanic),13.6
48,Texas,48489,Willacy,2016,2020,Asian/Pacific Islander (includes Hispanic),
48,Texas,48489,Willacy,2016,2020,Black (includes Hispanic),
48,Texas,48489,Willacy,2016,2020,Hispanic (all races),12.7
48,Texas,48489,Willacy,2016,2020,American Indian/Alaskan Native (includes Hispanic),
48,Texas,48489,Willacy,2016,2020,White (includes Hispanic),12.3
48,Texas,48491,Williamson,2011,2015,Asian/Pacific Islander (includes Hispanic),7.0
48,Texas,48491,Williamson,2011,2015,Black (includes Hispanic),6.5
48,Texas,48491,Williamson,2011,2015,Hispanic (all races),10.2
48,Texas,48491,Williamson,2011,2015,American Indian/Alaskan Native (includes Hispanic),
48,Texas,48491,Williamson,2011,2015,White (includes Hispanic),7.9
48,Texas,48491,Williamson,2012,2016,Asian/Pacific Islander (includes Hispanic),
48,Texas,48491,Williamson,2012,2016,Black (includes Hispanic),7.5
48,Texas,48491,Williamson,2012,2016,Hispanic (all races),9.4
48,Texas,48491,Williamson,2012,2016,American Indian/Alaskan Native (includes Hispanic),
48,Texas,48491,Williamson,2012,2016,White (includes Hispanic),7.4
48,Texas,48491,Williamson,2013,2017,Asian/Pacific Islander (includes Hispanic),6.2
48,Texas,48491,Williamson,2013,2017,Black (includes Hispanic),6.4
48,Texas,48491,Williamson,2013,2017,Hispanic (all races),9.3
48,Texas,48491,Williamson,2013,2017,American Indian/Alaskan Native (includes Hispanic),
48,Texas,48491,Williamson,2013,2017,White (includes Hispanic),7.4
48,Texas,48491,Williamson,2014,2018,Asian/Pacific Islander (includes Hispanic),6.0
48,Texas,48491,Williamson,2014,2018,Black (includes Hispanic),6.6
48,Texas,48491,Williamson,2014,2018,Hispanic (all races),9.3
48,Texas,48491,Williamson,2014,2018,American Indian/Alaskan Native (includes Hispanic),
48,Texas,48491,Williamson,2014,2018,White (includes Hispanic),7.4
48,Texas,48491,Williamson,2015,2019,Asian/Pacific Islander (includes Hispanic),5.4
48,Texas,48491,Williamson,2015,2019,Black (includes Hispanic),7.3
48,Texas,48491,Williamson,2015,2019,Hispanic (all races),9.2
48,Texas,48491,Williamson,2015,2019,American Indian/Alaskan Native (includes Hispanic),
48,Texas,48491,Williamson,2015,2019,White (includes Hispanic),7.8
48,Texas,48491,Williamson,2016,2020,Asian/Pacific Islander (includes Hispanic),5.4
48,Texas,48491,Williamson,2016,2020,Black (includes Hispanic),6.0
48,Texas,48491,Williamson,2016,2020,Hispanic (all races),9.0
48,Texas,48491,Williamson,2016,2020,American Indian/Alaskan Native (includes Hispanic),
48,Texas,48491,Williamson,2016,2020,White (includes Hispanic),7.5
48,Texas,48493,Wilson,2011,2015,Asian/Pacific Islander (includes Hispanic),
48,Texas,48493,Wilson,2011,2015,Black (includes Hispanic),7.5
48,Texas,48493,Wilson,2011,2015,Hispanic (all races),11.5
48,Texas,48493,Wilson,2011,2015,American Indian/Alaskan Native (includes Hispanic),
48,Texas,48493,Wilson,2011,2015,White (includes Hispanic),11.2
48,Texas,48493,Wilson,2012,2016,Asian/Pacific Islander (includes Hispanic),
48,Texas,48493,Wilson,2012,2016,Black (includes Hispanic),7.8
48,Texas,48493,Wilson,2012,2016,Hispanic (all races),11.5
48,Texas,48493,Wilson,2012,2016,American Indian/Alaskan Native (includes Hispanic),
48,Texas,48493,Wilson,2012,2016,White (includes Hispanic),11.3
48,Texas,48493,Wilson,2013,2017,Asian/Pacific Islander (includes Hispanic),
48,Texas,48493,Wilson,2013,2017,Black (includes Hispanic),9.2
48,Texas,48493,Wilson,2013,2017,Hispanic (all races),11.8
48,Texas,48493,Wilson,2013,2017,American Indian/Alaskan Native (includes Hispanic),
48,Texas,48493,Wilson,2013,2017,White (includes Hispanic),11.4
48,Texas,48493,Wilson,2014,2018,Asian/Pacific Islander (includes Hispanic),
48,Texas,48493,Wilson,2014,2018,Black (includes Hispanic),9.1
48,Texas,48493,Wilson,2014,2018,Hispanic (all races),11.4
48,Texas,48493,Wilson,2014,2018,American Indian/Alaskan Native (includes Hispanic),
48,Texas,48493,Wilson,2014,2018,White (includes Hispanic),11.1
48,Texas,48493,Wilson,2015,2019,Asian/Pacific Islander (includes Hispanic),
48,Texas,48493,Wilson,2015,2019,Black (includes Hispanic),8.3
48,Texas,48493,Wilson,2015,2019,Hispanic (all races),11.5
48,Texas,48493,Wilson,2015,2019,American Indian/Alaskan Native (includes Hispanic),
48,Texas,48493,Wilson,2015,2019,White (includes Hispanic),11.1
48,Texas,48493,Wilson,2016,2020,Asian/Pacific Islander (includes Hispanic),
48,Texas,48493,Wilson,2016,2020,Black (includes Hispanic),8.5
48,Texas,48493,Wilson,2016,2020,Hispanic (all races),12.3
48,Texas,48493,Wilson,2016,2020,American Indian/Alaskan Native (includes Hispanic),
48,Texas,48493,Wilson,2016,2020,White (includes Hispanic),11.2
48,Texas,48495,Winkler,2011,2015,Asian/Pacific Islander (includes Hispanic),
48,Texas,48495,Winkler,2011,2015,Black (includes Hispanic),
48,Texas,48495,Winkler,2011,2015,Hispanic (all races),8.6
48,Texas,48495,Winkler,2011,2015,American Indian/Alaskan Native (includes Hispanic),
48,Texas,48495,Winkler,2011,2015,White (includes Hispanic),10.0
48,Texas,48495,Winkler,2012,2016,Asian/Pacific Islander (includes Hispanic),
48,Texas,48495,Winkler,2012,2016,Black (includes Hispanic),
48,Texas,48495,Winkler,2012,2016,Hispanic (all races),9.9
48,Texas,48495,Winkler,2012,2016,American Indian/Alaskan Native (includes Hispanic),
48,Texas,48495,Winkler,2012,2016,White (includes Hispanic),10.3
48,Texas,48495,Winkler,2013,2017,Asian/Pacific Islander (includes Hispanic),
48,Texas,48495,Winkler,2013,2017,Black (includes Hispanic),
48,Texas,48495,Winkler,2013,2017,Hispanic (all races),10.3
48,Texas,48495,Winkler,2013,2017,American Indian/Alaskan Native (includes Hispanic),
48,Texas,48495,Winkler,2013,2017,White (includes Hispanic),10.9
48,Texas,48495,Winkler,2014,2018,Asian/Pacific Islander (includes Hispanic),
48,Texas,48495,Winkler,2014,2018,Black (includes Hispanic),
48,Texas,48495,Winkler,2014,2018,Hispanic (all races),11.3
48,Texas,48495,Winkler,2014,2018,American Indian/Alaskan Native (includes Hispanic),
48,Texas,48495,Winkler,2014,2018,White (includes Hispanic),12.2
48,Texas,48495,Winkler,2015,2019,Asian/Pacific Islander (includes Hispanic),
48,Texas,48495,Winkler,2015,2019,Black (includes Hispanic),
48,Texas,48495,Winkler,2015,2019,Hispanic (all races),13.8
48,Texas,48495,Winkler,2015,2019,American Indian/Alaskan Native (includes Hispanic),
48,Texas,48495,Winkler,2015,2019,White (includes Hispanic),13.6
48,Texas,48495,Winkler,2016,2020,Asian/Pacific Islander (includes Hispanic),
48,Texas,48495,Winkler,2016,2020,Black (includes Hispanic),
48,Texas,48495,Winkler,2016,2020,Hispanic (all races),15.2
48,Texas,48495,Winkler,2016,2020,American Indian/Alaskan Native (includes Hispanic),
48,Texas,48495,Winkler,2016,2020,White (includes Hispanic),14.7
48,Texas,48497,Wise,2011,2015,Asian/Pacific Islander (includes Hispanic),8.1
48,Texas,48497,Wise,2011,2015,Black (includes Hispanic),8.1
48,Texas,48497,Wise,2011,2015,Hispanic (all races),10.3
48,Texas,48497,Wise,2011,2015,American Indian/Alaskan Native (includes Hispanic),
48,Texas,48497,Wise,2011,2015,White (includes Hispanic),7.9
48,Texas,48497,Wise,2012,2016,Asian/Pacific Islander (includes Hispanic),7.4
48,Texas,48497,Wise,2012,2016,Black (includes Hispanic),9.5
48,Texas,48497,Wise,2012,2016,Hispanic (all races),10.1
48,Texas,48497,Wise,2012,2016,American Indian/Alaskan Native (includes Hispanic),
48,Texas,48497,Wise,2012,2016,White (includes Hispanic),8.1
48,Texas,48497,Wise,2013,2017,Asian/Pacific Islander (includes Hispanic),8.5
48,Texas,48497,Wise,2013,2017,Black (includes Hispanic),9.9
48,Texas,48497,Wise,2013,2017,Hispanic (all races),10.1
48,Texas,48497,Wise,2013,2017,American Indian/Alaskan Native (includes Hispanic),
48,Texas,48497,Wise,2013,2017,White (includes Hispanic),7.8
48,Texas,48497,Wise,2014,2018,Asian/Pacific Islander (includes Hispanic),7.3
48,Texas,48497,Wise,2014,2018,Black (includes Hispanic),9.1
48,Texas,48497,Wise,2014,2018,Hispanic (all races),10.1
48,Texas,48497,Wise,2014,2018,American Indian/Alaskan Native (includes Hispanic),
48,Texas,48497,Wise,2014,2018,White (includes Hispanic),8.2
48,Texas,48497,Wise,2015,2019,Asian/Pacific Islander (includes Hispanic),8.6
48,Texas,48497,Wise,2015,2019,Black (includes Hispanic),8.8
48,Texas,48497,Wise,2015,2019,Hispanic (all races),10.1
48,Texas,48497,Wise,2015,2019,American Indian/Alaskan Native (includes Hispanic),
48,Texas,48497,Wise,2015,2019,White (includes Hispanic),8.3
48,Texas,48497,Wise,2016,2020,Asian/Pacific Islander (includes Hispanic),7.7
48,Texas,48497,Wise,2016,2020,Black (includes Hispanic),8.6
48,Texas,48497,Wise,2016,2020,Hispanic (all races),11.2
48,Texas,48497,Wise,2016,2020,American Indian/Alaskan Native (includes Hispanic),
48,Texas,48497,Wise,2016,2020,White (includes Hispanic),8.5
48,Texas,48499,Wood,2011,2015,Asian/Pacific Islander (includes Hispanic),
48,Texas,48499,Wood,2011,2015,Black (includes Hispanic),
48,Texas,48499,Wood,2011,2015,Hispanic (all races),
48,Texas,48499,Wood,2011,2015,American Indian/Alaskan Native (includes Hispanic),
48,Texas,48499,Wood,2011,2015,White (includes Hispanic),7.9
48,Texas,48499,Wood,2012,2016,Asian/Pacific Islander (includes Hispanic),
48,Texas,48499,Wood,2012,2016,Black (includes Hispanic),
48,Texas,48499,Wood,2012,2016,Hispanic (all races),
48,Texas,48499,Wood,2012,2016,American Indian/Alaskan Native (includes Hispanic),
48,Texas,48499,Wood,2012,2016,White (includes Hispanic),7.6
48,Texas,48499,Wood,2013,2017,Asian/Pacific Islander (includes Hispanic),
48,Texas,48499,Wood,2013,2017,Black (includes Hispanic),
48,Texas,48499,Wood,2013,2017,Hispanic (all races),
48,Texas,48499,Wood,2013,2017,American Indian/Alaskan Native (includes Hispanic),
48,Texas,48499,Wood,2013,2017,White (includes Hispanic),7.6
48,Texas,48499,Wood,2014,2018,Asian/Pacific Islander (includes Hispanic),
48,Texas,48499,Wood,2014,2018,Black (includes Hispanic),
48,Texas,48499,Wood,2014,2018,Hispanic (all races),
48,Texas,48499,Wood,2014,2018,American Indian/Alaskan Native (includes Hispanic),
48,Texas,48499,Wood,2014,2018,White (includes Hispanic),7.6
48,Texas,48499,Wood,2015,2019,Asian/Pacific Islander (includes Hispanic),
48,Texas,48499,Wood,2015,2019,Black (includes Hispanic),
48,Texas,48499,Wood,2015,2019,Hispanic (all races),
48,Texas,48499,Wood,2015,2019,American Indian/Alaskan Native (includes Hispanic),
48,Texas,48499,Wood,2015,2019,White (includes Hispanic),8.3
48,Texas,48499,Wood,2016,2020,Asian/Pacific Islander (includes Hispanic),
48,Texas,48499,Wood,2016,2020,Black (includes Hispanic),
48,Texas,48499,Wood,2016,2020,Hispanic (all races),
48,Texas,48499,Wood,2016,2020,American Indian/Alaskan Native (includes Hispanic),
48,Texas,48499,Wood,2016,2020,White (includes Hispanic),8.5
48,Texas,48501,Yoakum,2011,2015,Asian/Pacific Islander (includes Hispanic),
48,Texas,48501,Yoakum,2011,2015,Black (includes Hispanic),
48,Texas,48501,Yoakum,2011,2015,Hispanic (all races),
48,Texas,48501,Yoakum,2011,2015,American Indian/Alaskan Native (includes Hispanic),
48,Texas,48501,Yoakum,2011,2015,White (includes Hispanic),9.4
48,Texas,48501,Yoakum,2012,2016,Asian/Pacific Islander (includes Hispanic),
48,Texas,48501,Yoakum,2012,2016,Black (includes Hispanic),
48,Texas,48501,Yoakum,2012,2016,Hispanic (all races),
48,Texas,48501,Yoakum,2012,2016,American Indian/Alaskan Native (includes Hispanic),
48,Texas,48501,Yoakum,2012,2016,White (includes Hispanic),7.6
48,Texas,48501,Yoakum,2013,2017,Asian/Pacific Islander (includes Hispanic),
48,Texas,48501,Yoakum,2013,2017,Black (includes Hispanic),
48,Texas,48501,Yoakum,2013,2017,Hispanic (all races),
48,Texas,48501,Yoakum,2013,2017,American Indian/Alaskan Native (includes Hispanic),
48,Texas,48501,Yoakum,2013,2017,White (includes Hispanic),8.7
48,Texas,48501,Yoakum,2014,2018,Asian/Pacific Islander (includes Hispanic),
48,Texas,48501,Yoakum,2014,2018,Black (includes Hispanic),
48,Texas,48501,Yoakum,2014,2018,Hispanic (all races),
48,Texas,48501,Yoakum,2014,2018,American Indian/Alaskan Native (includes Hispanic),
48,Texas,48501,Yoakum,2014,2018,White (includes Hispanic),8.9
48,Texas,48501,Yoakum,2015,2019,Asian/Pacific Islander (includes Hispanic),
48,Texas,48501,Yoakum,2015,2019,Black (includes Hispanic),
48,Texas,48501,Yoakum,2015,2019,Hispanic (all races),
48,Texas,48501,Yoakum,2015,2019,American Indian/Alaskan Native (includes Hispanic),
48,Texas,48501,Yoakum,2015,2019,White (includes Hispanic),10.2
48,Texas,48501,Yoakum,2016,2020,Asian/Pacific Islander (includes Hispanic),
48,Texas,48501,Yoakum,2016,2020,Black (includes Hispanic),
48,Texas,48501,Yoakum,2016,2020,Hispanic (all races),13.4
48,Texas,48501,Yoakum,2016,2020,American Indian/Alaskan Native (includes Hispanic),
48,Texas,48501,Yoakum,2016,2020,White (includes Hispanic),11.3
48,Texas,48503,Young,2011,2015,Asian/Pacific Islander (includes Hispanic),
48,Texas,48503,Young,2011,2015,Black (includes Hispanic),
48,Texas,48503,Young,2011,2015,Hispanic (all races),
48,Texas,48503,Young,2011,2015,American Indian/Alaskan Native (includes Hispanic),
48,Texas,48503,Young,2011,2015,White (includes Hispanic),9.3
48,Texas,48503,Young,2012,2016,Asian/Pacific Islander (includes Hispanic),
48,Texas,48503,Young,2012,2016,Black (includes Hispanic),
48,Texas,48503,Young,2012,2016,Hispanic (all races),
48,Texas,48503,Young,2012,2016,American Indian/Alaskan Native (includes Hispanic),
48,Texas,48503,Young,2012,2016,White (includes Hispanic),
48,Texas,48503,Young,2013,2017,Asian/Pacific Islander (includes Hispanic),
48,Texas,48503,Young,2013,2017,Black (includes Hispanic),
48,Texas,48503,Young,2013,2017,Hispanic (all races),
48,Texas,48503,Young,2013,2017,American Indian/Alaskan Native (includes Hispanic),
48,Texas,48503,Young,2013,2017,White (includes Hispanic),11.3
48,Texas,48503,Young,2014,2018,Asian/Pacific Islander (includes Hispanic),
48,Texas,48503,Young,2014,2018,Black (includes Hispanic),
48,Texas,48503,Young,2014,2018,Hispanic (all races),
48,Texas,48503,Young,2014,2018,American Indian/Alaskan Native (includes Hispanic),
48,Texas,48503,Young,2014,2018,White (includes Hispanic),12.9
48,Texas,48503,Young,2015,2019,Asian/Pacific Islander (includes Hispanic),
48,Texas,48503,Young,2015,2019,Black (includes Hispanic),
48,Texas,48503,Young,2015,2019,Hispanic (all races),
48,Texas,48503,Young,2015,2019,American Indian/Alaskan Native (includes Hispanic),
48,Texas,48503,Young,2015,2019,White (includes Hispanic),11.6
48,Texas,48503,Young,2016,2020,Asian/Pacific Islander (includes Hispanic),
48,Texas,48503,Young,2016,2020,Black (includes Hispanic),
48,Texas,48503,Young,2016,2020,Hispanic (all races),
48,Texas,48503,Young,2016,2020,American Indian/Alaskan Native (includes Hispanic),
48,Texas,48503,Young,2016,2020,White (includes Hispanic),11.8
48,Texas,48505,Zapata,2011,2015,Asian/Pacific Islander (includes Hispanic),
48,Texas,48505,Zapata,2011,2015,Black (includes Hispanic),
48,Texas,48505,Zapata,2011,2015,Hispanic (all races),12.7
48,Texas,48505,Zapata,2011,2015,American Indian/Alaskan Native (includes Hispanic),
48,Texas,48505,Zapata,2011,2015,White (includes Hispanic),12.7
48,Texas,48505,Zapata,2012,2016,Asian/Pacific Islander (includes Hispanic),
48,Texas,48505,Zapata,2012,2016,Black (includes Hispanic),
48,Texas,48505,Zapata,2012,2016,Hispanic (all races),13.2
48,Texas,48505,Zapata,2012,2016,American Indian/Alaskan Native (includes Hispanic),
48,Texas,48505,Zapata,2012,2016,White (includes Hispanic),13.2
48,Texas,48505,Zapata,2013,2017,Asian/Pacific Islander (includes Hispanic),
48,Texas,48505,Zapata,2013,2017,Black (includes Hispanic),
48,Texas,48505,Zapata,2013,2017,Hispanic (all races),13.1
48,Texas,48505,Zapata,2013,2017,American Indian/Alaskan Native (includes Hispanic),
48,Texas,48505,Zapata,2013,2017,White (includes Hispanic),13.0
48,Texas,48505,Zapata,2014,2018,Asian/Pacific Islander (includes Hispanic),
48,Texas,48505,Zapata,2014,2018,Black (includes Hispanic),
48,Texas,48505,Zapata,2014,2018,Hispanic (all races),13.1
48,Texas,48505,Zapata,2014,2018,American Indian/Alaskan Native (includes Hispanic),
48,Texas,48505,Zapata,2014,2018,White (includes Hispanic),13.0
48,Texas,48505,Zapata,2015,2019,Asian/Pacific Islander (includes Hispanic),
48,Texas,48505,Zapata,2015,2019,Black (includes Hispanic),
48,Texas,48505,Zapata,2015,2019,Hispanic (all races),13.3
48,Texas,48505,Zapata,2015,2019,American Indian/Alaskan Native (includes Hispanic),
48,Texas,48505,Zapata,2015,2019,White (includes Hispanic),13.1
48,Texas,48505,Zapata,2016,2020,Asian/Pacific Islander (includes Hispanic),
48,Texas,48505,Zapata,2016,2020,Black (includes Hispanic),
48,Texas,48505,Zapata,2016,2020,Hispanic (all races),11.3
48,Texas,48505,Zapata,2016,2020,American Indian/Alaskan Native (includes Hispanic),
48,Texas,48505,Zapata,2016,2020,White (includes Hispanic),11.1
48,Texas,48507,Zavala,2011,2015,Asian/Pacific Islander (includes Hispanic),
48,Texas,48507,Zavala,2011,2015,Black (includes Hispanic),
48,Texas,48507,Zavala,2011,2015,Hispanic (all races),15.8
48,Texas,48507,Zavala,2011,2015,American Indian/Alaskan Native (includes Hispanic),
48,Texas,48507,Zavala,2011,2015,White (includes Hispanic),15.4
48,Texas,48507,Zavala,2012,2016,Asian/Pacific Islander (includes Hispanic),
48,Texas,48507,Zavala,2012,2016,Black (includes Hispanic),
48,Texas,48507,Zavala,2012,2016,Hispanic (all races),12.9
48,Texas,48507,Zavala,2012,2016,American Indian/Alaskan Native (includes Hispanic),
48,Texas,48507,Zavala,2012,2016,White (includes Hispanic),13.7
48,Texas,48507,Zavala,2013,2017,Asian/Pacific Islander (includes Hispanic),
48,Texas,48507,Zavala,2013,2017,Black (includes Hispanic),
48,Texas,48507,Zavala,2013,2017,Hispanic (all races),12.0
48,Texas,48507,Zavala,2013,2017,American Indian/Alaskan Native (includes Hispanic),
48,Texas,48507,Zavala,2013,2017,White (includes Hispanic),12.9
48,Texas,48507,Zavala,2014,2018,Asian/Pacific Islander (includes Hispanic),
48,Texas,48507,Zavala,2014,2018,Black (includes Hispanic),
48,Texas,48507,Zavala,2014,2018,Hispanic (all races),13.9
48,Texas,48507,Zavala,2014,2018,American Indian/Alaskan Native (includes Hispanic),
48,Texas,48507,Zavala,2014,2018,White (includes Hispanic),14.2
48,Texas,48507,Zavala,2015,2019,Asian/Pacific Islander (includes Hispanic),
48,Texas,48507,Zavala,2015,2019,Black (includes Hispanic),
48,Texas,48507,Zavala,2015,2019,Hispanic (all races),15.3
48,Texas,48507,Zavala,2015,2019,American Indian/Alaskan Native (includes Hispanic),
48,Texas,48507,Zavala,2015,2019,White (includes Hispanic),15.1
48,Texas,48507,Zavala,2016,2020,Asian/Pacific Islander (includes Hispanic),
48,Texas,48507,Zavala,2016,2020,Black (includes Hispanic),
48,Texas,48507,Zavala,2016,2020,Hispanic (all races),13.2
48,Texas,48507,Zavala,2016,2020,American Indian/Alaskan Native (includes Hispanic),
48,Texas,48507,Zavala,2016,2020,White (includes Hispanic),13.5
49,Utah,49001,Beaver,2011,2015,Asian/Pacific Islander (includes Hispanic),
49,Utah,49001,Beaver,2011,2015,Black (includes Hispanic),
49,Utah,49001,Beaver,2011,2015,Hispanic (all races),
49,Utah,49001,Beaver,2011,2015,American Indian/Alaskan Native (includes Hispanic),
49,Utah,49001,Beaver,2011,2015,White (includes Hispanic),
49,Utah,49001,Beaver,2012,2016,Asian/Pacific Islander (includes Hispanic),
49,Utah,49001,Beaver,2012,2016,Black (includes Hispanic),
49,Utah,49001,Beaver,2012,2016,Hispanic (all races),
49,Utah,49001,Beaver,2012,2016,American Indian/Alaskan Native (includes Hispanic),
49,Utah,49001,Beaver,2012,2016,White (includes Hispanic),
49,Utah,49001,Beaver,2013,2017,Asian/Pacific Islander (includes Hispanic),
49,Utah,49001,Beaver,2013,2017,Black (includes Hispanic),
49,Utah,49001,Beaver,2013,2017,Hispanic (all races),
49,Utah,49001,Beaver,2013,2017,American Indian/Alaskan Native (includes Hispanic),
49,Utah,49001,Beaver,2013,2017,White (includes Hispanic),
49,Utah,49001,Beaver,2014,2018,Asian/Pacific Islander (includes Hispanic),
49,Utah,49001,Beaver,2014,2018,Black (includes Hispanic),
49,Utah,49001,Beaver,2014,2018,Hispanic (all races),
49,Utah,49001,Beaver,2014,2018,American Indian/Alaskan Native (includes Hispanic),
49,Utah,49001,Beaver,2014,2018,White (includes Hispanic),
49,Utah,49001,Beaver,2015,2019,Asian/Pacific Islander (includes Hispanic),
49,Utah,49001,Beaver,2015,2019,Black (includes Hispanic),
49,Utah,49001,Beaver,2015,2019,Hispanic (all races),
49,Utah,49001,Beaver,2015,2019,American Indian/Alaskan Native (includes Hispanic),
49,Utah,49001,Beaver,2015,2019,White (includes Hispanic),
49,Utah,49001,Beaver,2016,2020,Asian/Pacific Islander (includes Hispanic),
49,Utah,49001,Beaver,2016,2020,Black (includes Hispanic),
49,Utah,49001,Beaver,2016,2020,Hispanic (all races),
49,Utah,49001,Beaver,2016,2020,American Indian/Alaskan Native (includes Hispanic),
49,Utah,49001,Beaver,2016,2020,White (includes Hispanic),
49,Utah,49003,Box Elder,2011,2015,Asian/Pacific Islander (includes Hispanic),
49,Utah,49003,Box Elder,2011,2015,Black (includes Hispanic),
49,Utah,49003,Box Elder,2011,2015,Hispanic (all races),
49,Utah,49003,Box Elder,2011,2015,American Indian/Alaskan Native (includes Hispanic),
49,Utah,49003,Box Elder,2011,2015,White (includes Hispanic),5.5
49,Utah,49003,Box Elder,2012,2016,Asian/Pacific Islander (includes Hispanic),
49,Utah,49003,Box Elder,2012,2016,Black (includes Hispanic),
49,Utah,49003,Box Elder,2012,2016,Hispanic (all races),
49,Utah,49003,Box Elder,2012,2016,American Indian/Alaskan Native (includes Hispanic),
49,Utah,49003,Box Elder,2012,2016,White (includes Hispanic),5.4
49,Utah,49003,Box Elder,2013,2017,Asian/Pacific Islander (includes Hispanic),
49,Utah,49003,Box Elder,2013,2017,Black (includes Hispanic),
49,Utah,49003,Box Elder,2013,2017,Hispanic (all races),
49,Utah,49003,Box Elder,2013,2017,American Indian/Alaskan Native (includes Hispanic),
49,Utah,49003,Box Elder,2013,2017,White (includes Hispanic),5.9
49,Utah,49003,Box Elder,2014,2018,Asian/Pacific Islander (includes Hispanic),
49,Utah,49003,Box Elder,2014,2018,Black (includes Hispanic),
49,Utah,49003,Box Elder,2014,2018,Hispanic (all races),
49,Utah,49003,Box Elder,2014,2018,American Indian/Alaskan Native (includes Hispanic),
49,Utah,49003,Box Elder,2014,2018,White (includes Hispanic),5.8
49,Utah,49003,Box Elder,2015,2019,Asian/Pacific Islander (includes Hispanic),
49,Utah,49003,Box Elder,2015,2019,Black (includes Hispanic),
49,Utah,49003,Box Elder,2015,2019,Hispanic (all races),
49,Utah,49003,Box Elder,2015,2019,American Indian/Alaskan Native (includes Hispanic),
49,Utah,49003,Box Elder,2015,2019,White (includes Hispanic),5.6
49,Utah,49003,Box Elder,2016,2020,Asian/Pacific Islander (includes Hispanic),
49,Utah,49003,Box Elder,2016,2020,Black (includes Hispanic),
49,Utah,49003,Box Elder,2016,2020,Hispanic (all races),
49,Utah,49003,Box Elder,2016,2020,American Indian/Alaskan Native (includes Hispanic),
49,Utah,49003,Box Elder,2016,2020,White (includes Hispanic),5.4
49,Utah,49005,Cache,2011,2015,Asian/Pacific Islander (includes Hispanic),
49,Utah,49005,Cache,2011,2015,Black (includes Hispanic),
49,Utah,49005,Cache,2011,2015,Hispanic (all races),
49,Utah,49005,Cache,2011,2015,American Indian/Alaskan Native (includes Hispanic),
49,Utah,49005,Cache,2011,2015,White (includes Hispanic),5.6
49,Utah,49005,Cache,2012,2016,Asian/Pacific Islander (includes Hispanic),
49,Utah,49005,Cache,2012,2016,Black (includes Hispanic),
49,Utah,49005,Cache,2012,2016,Hispanic (all races),
49,Utah,49005,Cache,2012,2016,American Indian/Alaskan Native (includes Hispanic),
49,Utah,49005,Cache,2012,2016,White (includes Hispanic),5.7
49,Utah,49005,Cache,2013,2017,Asian/Pacific Islander (includes Hispanic),
49,Utah,49005,Cache,2013,2017,Black (includes Hispanic),
49,Utah,49005,Cache,2013,2017,Hispanic (all races),
49,Utah,49005,Cache,2013,2017,American Indian/Alaskan Native (includes Hispanic),
49,Utah,49005,Cache,2013,2017,White (includes Hispanic),6.2
49,Utah,49005,Cache,2014,2018,Asian/Pacific Islander (includes Hispanic),
49,Utah,49005,Cache,2014,2018,Black (includes Hispanic),
49,Utah,49005,Cache,2014,2018,Hispanic (all races),
49,Utah,49005,Cache,2014,2018,American Indian/Alaskan Native (includes Hispanic),
49,Utah,49005,Cache,2014,2018,White (includes Hispanic),6.0
49,Utah,49005,Cache,2015,2019,Asian/Pacific Islander (includes Hispanic),
49,Utah,49005,Cache,2015,2019,Black (includes Hispanic),
49,Utah,49005,Cache,2015,2019,Hispanic (all races),
49,Utah,49005,Cache,2015,2019,American Indian/Alaskan Native (includes Hispanic),
49,Utah,49005,Cache,2015,2019,White (includes Hispanic),6.2
49,Utah,49005,Cache,2016,2020,Asian/Pacific Islander (includes Hispanic),
49,Utah,49005,Cache,2016,2020,Black (includes Hispanic),
49,Utah,49005,Cache,2016,2020,Hispanic (all races),
49,Utah,49005,Cache,2016,2020,American Indian/Alaskan Native (includes Hispanic),
49,Utah,49005,Cache,2016,2020,White (includes Hispanic),6.1
49,Utah,49007,Carbon,2011,2015,Asian/Pacific Islander (includes Hispanic),
49,Utah,49007,Carbon,2011,2015,Black (includes Hispanic),
49,Utah,49007,Carbon,2011,2015,Hispanic (all races),
49,Utah,49007,Carbon,2011,2015,American Indian/Alaskan Native (includes Hispanic),
49,Utah,49007,Carbon,2011,2015,White (includes Hispanic),5.2
49,Utah,49007,Carbon,2012,2016,Asian/Pacific Islander (includes Hispanic),
49,Utah,49007,Carbon,2012,2016,Black (includes Hispanic),
49,Utah,49007,Carbon,2012,2016,Hispanic (all races),
49,Utah,49007,Carbon,2012,2016,American Indian/Alaskan Native (includes Hispanic),
49,Utah,49007,Carbon,2012,2016,White (includes Hispanic),5.1
49,Utah,49007,Carbon,2013,2017,Asian/Pacific Islander (includes Hispanic),
49,Utah,49007,Carbon,2013,2017,Black (includes Hispanic),
49,Utah,49007,Carbon,2013,2017,Hispanic (all races),
49,Utah,49007,Carbon,2013,2017,American Indian/Alaskan Native (includes Hispanic),
49,Utah,49007,Carbon,2013,2017,White (includes Hispanic),5.3
49,Utah,49007,Carbon,2014,2018,Asian/Pacific Islander (includes Hispanic),
49,Utah,49007,Carbon,2014,2018,Black (includes Hispanic),
49,Utah,49007,Carbon,2014,2018,Hispanic (all races),
49,Utah,49007,Carbon,2014,2018,American Indian/Alaskan Native (includes Hispanic),
49,Utah,49007,Carbon,2014,2018,White (includes Hispanic),5.1
49,Utah,49007,Carbon,2015,2019,Asian/Pacific Islander (includes Hispanic),
49,Utah,49007,Carbon,2015,2019,Black (includes Hispanic),
49,Utah,49007,Carbon,2015,2019,Hispanic (all races),
49,Utah,49007,Carbon,2015,2019,American Indian/Alaskan Native (includes Hispanic),
49,Utah,49007,Carbon,2015,2019,White (includes Hispanic),5.5
49,Utah,49007,Carbon,2016,2020,Asian/Pacific Islander (includes Hispanic),
49,Utah,49007,Carbon,2016,2020,Black (includes Hispanic),
49,Utah,49007,Carbon,2016,2020,Hispanic (all races),
49,Utah,49007,Carbon,2016,2020,American Indian/Alaskan Native (includes Hispanic),
49,Utah,49007,Carbon,2016,2020,White (includes Hispanic),6.0
49,Utah,49009,Daggett,2011,2015,Asian/Pacific Islander (includes Hispanic),
49,Utah,49009,Daggett,2011,2015,Black (includes Hispanic),
49,Utah,49009,Daggett,2011,2015,Hispanic (all races),
49,Utah,49009,Daggett,2011,2015,American Indian/Alaskan Native (includes Hispanic),
49,Utah,49009,Daggett,2011,2015,White (includes Hispanic),
49,Utah,49009,Daggett,2012,2016,Asian/Pacific Islander (includes Hispanic),
49,Utah,49009,Daggett,2012,2016,Black (includes Hispanic),
49,Utah,49009,Daggett,2012,2016,Hispanic (all races),
49,Utah,49009,Daggett,2012,2016,American Indian/Alaskan Native (includes Hispanic),
49,Utah,49009,Daggett,2012,2016,White (includes Hispanic),
49,Utah,49009,Daggett,2013,2017,Asian/Pacific Islander (includes Hispanic),
49,Utah,49009,Daggett,2013,2017,Black (includes Hispanic),
49,Utah,49009,Daggett,2013,2017,Hispanic (all races),
49,Utah,49009,Daggett,2013,2017,American Indian/Alaskan Native (includes Hispanic),
49,Utah,49009,Daggett,2013,2017,White (includes Hispanic),5.7
49,Utah,49009,Daggett,2014,2018,Asian/Pacific Islander (includes Hispanic),
49,Utah,49009,Daggett,2014,2018,Black (includes Hispanic),
49,Utah,49009,Daggett,2014,2018,Hispanic (all races),
49,Utah,49009,Daggett,2014,2018,American Indian/Alaskan Native (includes Hispanic),
49,Utah,49009,Daggett,2014,2018,White (includes Hispanic),6.5
49,Utah,49009,Daggett,2015,2019,Asian/Pacific Islander (includes Hispanic),
49,Utah,49009,Daggett,2015,2019,Black (includes Hispanic),
49,Utah,49009,Daggett,2015,2019,Hispanic (all races),
49,Utah,49009,Daggett,2015,2019,American Indian/Alaskan Native (includes Hispanic),
49,Utah,49009,Daggett,2015,2019,White (includes Hispanic),7.4
49,Utah,49009,Daggett,2016,2020,Asian/Pacific Islander (includes Hispanic),
49,Utah,49009,Daggett,2016,2020,Black (includes Hispanic),
49,Utah,49009,Daggett,2016,2020,Hispanic (all races),
49,Utah,49009,Daggett,2016,2020,American Indian/Alaskan Native (includes Hispanic),
49,Utah,49009,Daggett,2016,2020,White (includes Hispanic),7.9
49,Utah,49011,Davis,2011,2015,Asian/Pacific Islander (includes Hispanic),
49,Utah,49011,Davis,2011,2015,Black (includes Hispanic),
49,Utah,49011,Davis,2011,2015,Hispanic (all races),8.4
49,Utah,49011,Davis,2011,2015,American Indian/Alaskan Native (includes Hispanic),
49,Utah,49011,Davis,2011,2015,White (includes Hispanic),4.7
49,Utah,49011,Davis,2012,2016,Asian/Pacific Islander (includes Hispanic),
49,Utah,49011,Davis,2012,2016,Black (includes Hispanic),
49,Utah,49011,Davis,2012,2016,Hispanic (all races),8.2
49,Utah,49011,Davis,2012,2016,American Indian/Alaskan Native (includes Hispanic),
49,Utah,49011,Davis,2012,2016,White (includes Hispanic),5.1
49,Utah,49011,Davis,2013,2017,Asian/Pacific Islander (includes Hispanic),
49,Utah,49011,Davis,2013,2017,Black (includes Hispanic),
49,Utah,49011,Davis,2013,2017,Hispanic (all races),6.9
49,Utah,49011,Davis,2013,2017,American Indian/Alaskan Native (includes Hispanic),
49,Utah,49011,Davis,2013,2017,White (includes Hispanic),5.5
49,Utah,49011,Davis,2014,2018,Asian/Pacific Islander (includes Hispanic),9.0
49,Utah,49011,Davis,2014,2018,Black (includes Hispanic),
49,Utah,49011,Davis,2014,2018,Hispanic (all races),7.6
49,Utah,49011,Davis,2014,2018,American Indian/Alaskan Native (includes Hispanic),
49,Utah,49011,Davis,2014,2018,White (includes Hispanic),5.9
49,Utah,49011,Davis,2015,2019,Asian/Pacific Islander (includes Hispanic),
49,Utah,49011,Davis,2015,2019,Black (includes Hispanic),
49,Utah,49011,Davis,2015,2019,Hispanic (all races),7.6
49,Utah,49011,Davis,2015,2019,American Indian/Alaskan Native (includes Hispanic),
49,Utah,49011,Davis,2015,2019,White (includes Hispanic),5.8
49,Utah,49011,Davis,2016,2020,Asian/Pacific Islander (includes Hispanic),
49,Utah,49011,Davis,2016,2020,Black (includes Hispanic),
49,Utah,49011,Davis,2016,2020,Hispanic (all races),8.1
49,Utah,49011,Davis,2016,2020,American Indian/Alaskan Native (includes Hispanic),
49,Utah,49011,Davis,2016,2020,White (includes Hispanic),5.9
49,Utah,49013,Duchesne,2011,2015,Asian/Pacific Islander (includes Hispanic),
49,Utah,49013,Duchesne,2011,2015,Black (includes Hispanic),
49,Utah,49013,Duchesne,2011,2015,Hispanic (all races),
49,Utah,49013,Duchesne,2011,2015,American Indian/Alaskan Native (includes Hispanic),
49,Utah,49013,Duchesne,2011,2015,White (includes Hispanic),4.8
49,Utah,49013,Duchesne,2012,2016,Asian/Pacific Islander (includes Hispanic),
49,Utah,49013,Duchesne,2012,2016,Black (includes Hispanic),
49,Utah,49013,Duchesne,2012,2016,Hispanic (all races),
49,Utah,49013,Duchesne,2012,2016,American Indian/Alaskan Native (includes Hispanic),
49,Utah,49013,Duchesne,2012,2016,White (includes Hispanic),5.0
49,Utah,49013,Duchesne,2013,2017,Asian/Pacific Islander (includes Hispanic),
49,Utah,49013,Duchesne,2013,2017,Black (includes Hispanic),
49,Utah,49013,Duchesne,2013,2017,Hispanic (all races),
49,Utah,49013,Duchesne,2013,2017,American Indian/Alaskan Native (includes Hispanic),
49,Utah,49013,Duchesne,2013,2017,White (includes Hispanic),5.4
49,Utah,49013,Duchesne,2014,2018,Asian/Pacific Islander (includes Hispanic),
49,Utah,49013,Duchesne,2014,2018,Black (includes Hispanic),
49,Utah,49013,Duchesne,2014,2018,Hispanic (all races),
49,Utah,49013,Duchesne,2014,2018,American Indian/Alaskan Native (includes Hispanic),
49,Utah,49013,Duchesne,2014,2018,White (includes Hispanic),5.3
49,Utah,49013,Duchesne,2015,2019,Asian/Pacific Islander (includes Hispanic),
49,Utah,49013,Duchesne,2015,2019,Black (includes Hispanic),
49,Utah,49013,Duchesne,2015,2019,Hispanic (all races),
49,Utah,49013,Duchesne,2015,2019,American Indian/Alaskan Native (includes Hispanic),
49,Utah,49013,Duchesne,2015,2019,White (includes Hispanic),5.4
49,Utah,49013,Duchesne,2016,2020,Asian/Pacific Islander (includes Hispanic),
49,Utah,49013,Duchesne,2016,2020,Black (includes Hispanic),
49,Utah,49013,Duchesne,2016,2020,Hispanic (all races),
49,Utah,49013,Duchesne,2016,2020,American Indian/Alaskan Native (includes Hispanic),
49,Utah,49013,Duchesne,2016,2020,White (includes Hispanic),5.8
49,Utah,49015,Emery,2011,2015,Asian/Pacific Islander (includes Hispanic),
49,Utah,49015,Emery,2011,2015,Black (includes Hispanic),
49,Utah,49015,Emery,2011,2015,Hispanic (all races),
49,Utah,49015,Emery,2011,2015,American Indian/Alaskan Native (includes Hispanic),
49,Utah,49015,Emery,2011,2015,White (includes Hispanic),7.1
49,Utah,49015,Emery,2012,2016,Asian/Pacific Islander (includes Hispanic),
49,Utah,49015,Emery,2012,2016,Black (includes Hispanic),
49,Utah,49015,Emery,2012,2016,Hispanic (all races),
49,Utah,49015,Emery,2012,2016,American Indian/Alaskan Native (includes Hispanic),
49,Utah,49015,Emery,2012,2016,White (includes Hispanic),
49,Utah,49015,Emery,2013,2017,Asian/Pacific Islander (includes Hispanic),
49,Utah,49015,Emery,2013,2017,Black (includes Hispanic),
49,Utah,49015,Emery,2013,2017,Hispanic (all races),
49,Utah,49015,Emery,2013,2017,American Indian/Alaskan Native (includes Hispanic),
49,Utah,49015,Emery,2013,2017,White (includes Hispanic),
49,Utah,49015,Emery,2014,2018,Asian/Pacific Islander (includes Hispanic),
49,Utah,49015,Emery,2014,2018,Black (includes Hispanic),
49,Utah,49015,Emery,2014,2018,Hispanic (all races),
49,Utah,49015,Emery,2014,2018,American Indian/Alaskan Native (includes Hispanic),
49,Utah,49015,Emery,2014,2018,White (includes Hispanic),
49,Utah,49015,Emery,2015,2019,Asian/Pacific Islander (includes Hispanic),
49,Utah,49015,Emery,2015,2019,Black (includes Hispanic),
49,Utah,49015,Emery,2015,2019,Hispanic (all races),
49,Utah,49015,Emery,2015,2019,American Indian/Alaskan Native (includes Hispanic),
49,Utah,49015,Emery,2015,2019,White (includes Hispanic),6.7
49,Utah,49015,Emery,2016,2020,Asian/Pacific Islander (includes Hispanic),
49,Utah,49015,Emery,2016,2020,Black (includes Hispanic),
49,Utah,49015,Emery,2016,2020,Hispanic (all races),
49,Utah,49015,Emery,2016,2020,American Indian/Alaskan Native (includes Hispanic),
49,Utah,49015,Emery,2016,2020,White (includes Hispanic),6.4
49,Utah,49017,Garfield,2011,2015,Asian/Pacific Islander (includes Hispanic),
49,Utah,49017,Garfield,2011,2015,Black (includes Hispanic),
49,Utah,49017,Garfield,2011,2015,Hispanic (all races),
49,Utah,49017,Garfield,2011,2015,American Indian/Alaskan Native (includes Hispanic),
49,Utah,49017,Garfield,2011,2015,White (includes Hispanic),
49,Utah,49017,Garfield,2012,2016,Asian/Pacific Islander (includes Hispanic),
49,Utah,49017,Garfield,2012,2016,Black (includes Hispanic),
49,Utah,49017,Garfield,2012,2016,Hispanic (all races),
49,Utah,49017,Garfield,2012,2016,American Indian/Alaskan Native (includes Hispanic),
49,Utah,49017,Garfield,2012,2016,White (includes Hispanic),
49,Utah,49017,Garfield,2013,2017,Asian/Pacific Islander (includes Hispanic),
49,Utah,49017,Garfield,2013,2017,Black (includes Hispanic),
49,Utah,49017,Garfield,2013,2017,Hispanic (all races),
49,Utah,49017,Garfield,2013,2017,American Indian/Alaskan Native (includes Hispanic),
49,Utah,49017,Garfield,2013,2017,White (includes Hispanic),
49,Utah,49017,Garfield,2014,2018,Asian/Pacific Islander (includes Hispanic),
49,Utah,49017,Garfield,2014,2018,Black (includes Hispanic),
49,Utah,49017,Garfield,2014,2018,Hispanic (all races),
49,Utah,49017,Garfield,2014,2018,American Indian/Alaskan Native (includes Hispanic),
49,Utah,49017,Garfield,2014,2018,White (includes Hispanic),
49,Utah,49017,Garfield,2015,2019,Asian/Pacific Islander (includes Hispanic),
49,Utah,49017,Garfield,2015,2019,Black (includes Hispanic),
49,Utah,49017,Garfield,2015,2019,Hispanic (all races),
49,Utah,49017,Garfield,2015,2019,American Indian/Alaskan Native (includes Hispanic),
49,Utah,49017,Garfield,2015,2019,White (includes Hispanic),
49,Utah,49017,Garfield,2016,2020,Asian/Pacific Islander (includes Hispanic),
49,Utah,49017,Garfield,2016,2020,Black (includes Hispanic),
49,Utah,49017,Garfield,2016,2020,Hispanic (all races),
49,Utah,49017,Garfield,2016,2020,American Indian/Alaskan Native (includes Hispanic),
49,Utah,49017,Garfield,2016,2020,White (includes Hispanic),
49,Utah,49019,Grand,2011,2015,Asian/Pacific Islander (includes Hispanic),
49,Utah,49019,Grand,2011,2015,Black (includes Hispanic),
49,Utah,49019,Grand,2011,2015,Hispanic (all races),
49,Utah,49019,Grand,2011,2015,American Indian/Alaskan Native (includes Hispanic),
49,Utah,49019,Grand,2011,2015,White (includes Hispanic),5.7
49,Utah,49019,Grand,2012,2016,Asian/Pacific Islander (includes Hispanic),
49,Utah,49019,Grand,2012,2016,Black (includes Hispanic),
49,Utah,49019,Grand,2012,2016,Hispanic (all races),
49,Utah,49019,Grand,2012,2016,American Indian/Alaskan Native (includes Hispanic),
49,Utah,49019,Grand,2012,2016,White (includes Hispanic),6.4
49,Utah,49019,Grand,2013,2017,Asian/Pacific Islander (includes Hispanic),
49,Utah,49019,Grand,2013,2017,Black (includes Hispanic),
49,Utah,49019,Grand,2013,2017,Hispanic (all races),
49,Utah,49019,Grand,2013,2017,American Indian/Alaskan Native (includes Hispanic),
49,Utah,49019,Grand,2013,2017,White (includes Hispanic),7.2
49,Utah,49019,Grand,2014,2018,Asian/Pacific Islander (includes Hispanic),
49,Utah,49019,Grand,2014,2018,Black (includes Hispanic),
49,Utah,49019,Grand,2014,2018,Hispanic (all races),
49,Utah,49019,Grand,2014,2018,American Indian/Alaskan Native (includes Hispanic),
49,Utah,49019,Grand,2014,2018,White (includes Hispanic),7.1
49,Utah,49019,Grand,2015,2019,Asian/Pacific Islander (includes Hispanic),
49,Utah,49019,Grand,2015,2019,Black (includes Hispanic),
49,Utah,49019,Grand,2015,2019,Hispanic (all races),
49,Utah,49019,Grand,2015,2019,American Indian/Alaskan Native (includes Hispanic),
49,Utah,49019,Grand,2015,2019,White (includes Hispanic),6.8
49,Utah,49019,Grand,2016,2020,Asian/Pacific Islander (includes Hispanic),
49,Utah,49019,Grand,2016,2020,Black (includes Hispanic),
49,Utah,49019,Grand,2016,2020,Hispanic (all races),
49,Utah,49019,Grand,2016,2020,American Indian/Alaskan Native (includes Hispanic),
49,Utah,49019,Grand,2016,2020,White (includes Hispanic),7.0
49,Utah,49021,Iron,2011,2015,Asian/Pacific Islander (includes Hispanic),
49,Utah,49021,Iron,2011,2015,Black (includes Hispanic),
49,Utah,49021,Iron,2011,2015,Hispanic (all races),
49,Utah,49021,Iron,2011,2015,American Indian/Alaskan Native (includes Hispanic),
49,Utah,49021,Iron,2011,2015,White (includes Hispanic),5.1
49,Utah,49021,Iron,2012,2016,Asian/Pacific Islander (includes Hispanic),
49,Utah,49021,Iron,2012,2016,Black (includes Hispanic),
49,Utah,49021,Iron,2012,2016,Hispanic (all races),
49,Utah,49021,Iron,2012,2016,American Indian/Alaskan Native (includes Hispanic),
49,Utah,49021,Iron,2012,2016,White (includes Hispanic),4.7
49,Utah,49021,Iron,2013,2017,Asian/Pacific Islander (includes Hispanic),
49,Utah,49021,Iron,2013,2017,Black (includes Hispanic),
49,Utah,49021,Iron,2013,2017,Hispanic (all races),
49,Utah,49021,Iron,2013,2017,American Indian/Alaskan Native (includes Hispanic),
49,Utah,49021,Iron,2013,2017,White (includes Hispanic),4.0
49,Utah,49021,Iron,2014,2018,Asian/Pacific Islander (includes Hispanic),
49,Utah,49021,Iron,2014,2018,Black (includes Hispanic),
49,Utah,49021,Iron,2014,2018,Hispanic (all races),
49,Utah,49021,Iron,2014,2018,American Indian/Alaskan Native (includes Hispanic),
49,Utah,49021,Iron,2014,2018,White (includes Hispanic),
49,Utah,49021,Iron,2015,2019,Asian/Pacific Islander (includes Hispanic),
49,Utah,49021,Iron,2015,2019,Black (includes Hispanic),
49,Utah,49021,Iron,2015,2019,Hispanic (all races),
49,Utah,49021,Iron,2015,2019,American Indian/Alaskan Native (includes Hispanic),
49,Utah,49021,Iron,2015,2019,White (includes Hispanic),3.3
49,Utah,49021,Iron,2016,2020,Asian/Pacific Islander (includes Hispanic),
49,Utah,49021,Iron,2016,2020,Black (includes Hispanic),
49,Utah,49021,Iron,2016,2020,Hispanic (all races),
49,Utah,49021,Iron,2016,2020,American Indian/Alaskan Native (includes Hispanic),
49,Utah,49021,Iron,2016,2020,White (includes Hispanic),4.0
49,Utah,49023,Juab,2011,2015,Asian/Pacific Islander (includes Hispanic),
49,Utah,49023,Juab,2011,2015,Black (includes Hispanic),
49,Utah,49023,Juab,2011,2015,Hispanic (all races),
49,Utah,49023,Juab,2011,2015,American Indian/Alaskan Native (includes Hispanic),
49,Utah,49023,Juab,2011,2015,White (includes Hispanic),5.7
49,Utah,49023,Juab,2012,2016,Asian/Pacific Islander (includes Hispanic),
49,Utah,49023,Juab,2012,2016,Black (includes Hispanic),
49,Utah,49023,Juab,2012,2016,Hispanic (all races),
49,Utah,49023,Juab,2012,2016,American Indian/Alaskan Native (includes Hispanic),
49,Utah,49023,Juab,2012,2016,White (includes Hispanic),5.3
49,Utah,49023,Juab,2013,2017,Asian/Pacific Islander (includes Hispanic),
49,Utah,49023,Juab,2013,2017,Black (includes Hispanic),
49,Utah,49023,Juab,2013,2017,Hispanic (all races),
49,Utah,49023,Juab,2013,2017,American Indian/Alaskan Native (includes Hispanic),
49,Utah,49023,Juab,2013,2017,White (includes Hispanic),5.3
49,Utah,49023,Juab,2014,2018,Asian/Pacific Islander (includes Hispanic),
49,Utah,49023,Juab,2014,2018,Black (includes Hispanic),
49,Utah,49023,Juab,2014,2018,Hispanic (all races),
49,Utah,49023,Juab,2014,2018,American Indian/Alaskan Native (includes Hispanic),
49,Utah,49023,Juab,2014,2018,White (includes Hispanic),4.9
49,Utah,49023,Juab,2015,2019,Asian/Pacific Islander (includes Hispanic),
49,Utah,49023,Juab,2015,2019,Black (includes Hispanic),
49,Utah,49023,Juab,2015,2019,Hispanic (all races),
49,Utah,49023,Juab,2015,2019,American Indian/Alaskan Native (includes Hispanic),
49,Utah,49023,Juab,2015,2019,White (includes Hispanic),5.2
49,Utah,49023,Juab,2016,2020,Asian/Pacific Islander (includes Hispanic),
49,Utah,49023,Juab,2016,2020,Black (includes Hispanic),
49,Utah,49023,Juab,2016,2020,Hispanic (all races),
49,Utah,49023,Juab,2016,2020,American Indian/Alaskan Native (includes Hispanic),
49,Utah,49023,Juab,2016,2020,White (includes Hispanic),5.8
49,Utah,49025,Kane,2011,2015,Asian/Pacific Islander (includes Hispanic),
49,Utah,49025,Kane,2011,2015,Black (includes Hispanic),
49,Utah,49025,Kane,2011,2015,Hispanic (all races),
49,Utah,49025,Kane,2011,2015,American Indian/Alaskan Native (includes Hispanic),
49,Utah,49025,Kane,2011,2015,White (includes Hispanic),6.7
49,Utah,49025,Kane,2012,2016,Asian/Pacific Islander (includes Hispanic),
49,Utah,49025,Kane,2012,2016,Black (includes Hispanic),
49,Utah,49025,Kane,2012,2016,Hispanic (all races),
49,Utah,49025,Kane,2012,2016,American Indian/Alaskan Native (includes Hispanic),
49,Utah,49025,Kane,2012,2016,White (includes Hispanic),6.5
49,Utah,49025,Kane,2013,2017,Asian/Pacific Islander (includes Hispanic),
49,Utah,49025,Kane,2013,2017,Black (includes Hispanic),
49,Utah,49025,Kane,2013,2017,Hispanic (all races),
49,Utah,49025,Kane,2013,2017,American Indian/Alaskan Native (includes Hispanic),
49,Utah,49025,Kane,2013,2017,White (includes Hispanic),5.8
49,Utah,49025,Kane,2014,2018,Asian/Pacific Islander (includes Hispanic),
49,Utah,49025,Kane,2014,2018,Black (includes Hispanic),
49,Utah,49025,Kane,2014,2018,Hispanic (all races),
49,Utah,49025,Kane,2014,2018,American Indian/Alaskan Native (includes Hispanic),
49,Utah,49025,Kane,2014,2018,White (includes Hispanic),5.3
49,Utah,49025,Kane,2015,2019,Asian/Pacific Islander (includes Hispanic),
49,Utah,49025,Kane,2015,2019,Black (includes Hispanic),
49,Utah,49025,Kane,2015,2019,Hispanic (all races),
49,Utah,49025,Kane,2015,2019,American Indian/Alaskan Native (includes Hispanic),
49,Utah,49025,Kane,2015,2019,White (includes Hispanic),5.4
49,Utah,49025,Kane,2016,2020,Asian/Pacific Islander (includes Hispanic),
49,Utah,49025,Kane,2016,2020,Black (includes Hispanic),
49,Utah,49025,Kane,2016,2020,Hispanic (all races),
49,Utah,49025,Kane,2016,2020,American Indian/Alaskan Native (includes Hispanic),
49,Utah,49025,Kane,2016,2020,White (includes Hispanic),5.6
49,Utah,49027,Millard,2011,2015,Asian/Pacific Islander (includes Hispanic),
49,Utah,49027,Millard,2011,2015,Black (includes Hispanic),
49,Utah,49027,Millard,2011,2015,Hispanic (all races),
49,Utah,49027,Millard,2011,2015,American Indian/Alaskan Native (includes Hispanic),
49,Utah,49027,Millard,2011,2015,White (includes Hispanic),9.5
49,Utah,49027,Millard,2012,2016,Asian/Pacific Islander (includes Hispanic),
49,Utah,49027,Millard,2012,2016,Black (includes Hispanic),
49,Utah,49027,Millard,2012,2016,Hispanic (all races),
49,Utah,49027,Millard,2012,2016,American Indian/Alaskan Native (includes Hispanic),
49,Utah,49027,Millard,2012,2016,White (includes Hispanic),
49,Utah,49027,Millard,2013,2017,Asian/Pacific Islander (includes Hispanic),
49,Utah,49027,Millard,2013,2017,Black (includes Hispanic),
49,Utah,49027,Millard,2013,2017,Hispanic (all races),
49,Utah,49027,Millard,2013,2017,American Indian/Alaskan Native (includes Hispanic),
49,Utah,49027,Millard,2013,2017,White (includes Hispanic),
49,Utah,49027,Millard,2014,2018,Asian/Pacific Islander (includes Hispanic),
49,Utah,49027,Millard,2014,2018,Black (includes Hispanic),
49,Utah,49027,Millard,2014,2018,Hispanic (all races),
49,Utah,49027,Millard,2014,2018,American Indian/Alaskan Native (includes Hispanic),
49,Utah,49027,Millard,2014,2018,White (includes Hispanic),
49,Utah,49027,Millard,2015,2019,Asian/Pacific Islander (includes Hispanic),
49,Utah,49027,Millard,2015,2019,Black (includes Hispanic),
49,Utah,49027,Millard,2015,2019,Hispanic (all races),
49,Utah,49027,Millard,2015,2019,American Indian/Alaskan Native (includes Hispanic),
49,Utah,49027,Millard,2015,2019,White (includes Hispanic),
49,Utah,49027,Millard,2016,2020,Asian/Pacific Islander (includes Hispanic),
49,Utah,49027,Millard,2016,2020,Black (includes Hispanic),
49,Utah,49027,Millard,2016,2020,Hispanic (all races),
49,Utah,49027,Millard,2016,2020,American Indian/Alaskan Native (includes Hispanic),
49,Utah,49027,Millard,2016,2020,White (includes Hispanic),
49,Utah,49029,Morgan,2011,2015,Asian/Pacific Islander (includes Hispanic),
49,Utah,49029,Morgan,2011,2015,Black (includes Hispanic),
49,Utah,49029,Morgan,2011,2015,Hispanic (all races),8.4
49,Utah,49029,Morgan,2011,2015,American Indian/Alaskan Native (includes Hispanic),
49,Utah,49029,Morgan,2011,2015,White (includes Hispanic),4.6
49,Utah,49029,Morgan,2012,2016,Asian/Pacific Islander (includes Hispanic),
49,Utah,49029,Morgan,2012,2016,Black (includes Hispanic),
49,Utah,49029,Morgan,2012,2016,Hispanic (all races),8.3
49,Utah,49029,Morgan,2012,2016,American Indian/Alaskan Native (includes Hispanic),
49,Utah,49029,Morgan,2012,2016,White (includes Hispanic),5.0
49,Utah,49029,Morgan,2013,2017,Asian/Pacific Islander (includes Hispanic),
49,Utah,49029,Morgan,2013,2017,Black (includes Hispanic),
49,Utah,49029,Morgan,2013,2017,Hispanic (all races),6.9
49,Utah,49029,Morgan,2013,2017,American Indian/Alaskan Native (includes Hispanic),
49,Utah,49029,Morgan,2013,2017,White (includes Hispanic),5.3
49,Utah,49029,Morgan,2014,2018,Asian/Pacific Islander (includes Hispanic),9.1
49,Utah,49029,Morgan,2014,2018,Black (includes Hispanic),
49,Utah,49029,Morgan,2014,2018,Hispanic (all races),7.8
49,Utah,49029,Morgan,2014,2018,American Indian/Alaskan Native (includes Hispanic),
49,Utah,49029,Morgan,2014,2018,White (includes Hispanic),5.8
49,Utah,49029,Morgan,2015,2019,Asian/Pacific Islander (includes Hispanic),
49,Utah,49029,Morgan,2015,2019,Black (includes Hispanic),
49,Utah,49029,Morgan,2015,2019,Hispanic (all races),7.8
49,Utah,49029,Morgan,2015,2019,American Indian/Alaskan Native (includes Hispanic),
49,Utah,49029,Morgan,2015,2019,White (includes Hispanic),5.7
49,Utah,49029,Morgan,2016,2020,Asian/Pacific Islander (includes Hispanic),
49,Utah,49029,Morgan,2016,2020,Black (includes Hispanic),
49,Utah,49029,Morgan,2016,2020,Hispanic (all races),8.5
49,Utah,49029,Morgan,2016,2020,American Indian/Alaskan Native (includes Hispanic),
49,Utah,49029,Morgan,2016,2020,White (includes Hispanic),5.9
49,Utah,49031,Piute,2011,2015,Asian/Pacific Islander (includes Hispanic),
49,Utah,49031,Piute,2011,2015,Black (includes Hispanic),
49,Utah,49031,Piute,2011,2015,Hispanic (all races),
49,Utah,49031,Piute,2011,2015,American Indian/Alaskan Native (includes Hispanic),
49,Utah,49031,Piute,2011,2015,White (includes Hispanic),
49,Utah,49031,Piute,2012,2016,Asian/Pacific Islander (includes Hispanic),
49,Utah,49031,Piute,2012,2016,Black (includes Hispanic),
49,Utah,49031,Piute,2012,2016,Hispanic (all races),
49,Utah,49031,Piute,2012,2016,American Indian/Alaskan Native (includes Hispanic),
49,Utah,49031,Piute,2012,2016,White (includes Hispanic),
49,Utah,49031,Piute,2013,2017,Asian/Pacific Islander (includes Hispanic),
49,Utah,49031,Piute,2013,2017,Black (includes Hispanic),
49,Utah,49031,Piute,2013,2017,Hispanic (all races),
49,Utah,49031,Piute,2013,2017,American Indian/Alaskan Native (includes Hispanic),
49,Utah,49031,Piute,2013,2017,White (includes Hispanic),
49,Utah,49031,Piute,2014,2018,Asian/Pacific Islander (includes Hispanic),
49,Utah,49031,Piute,2014,2018,Black (includes Hispanic),
49,Utah,49031,Piute,2014,2018,Hispanic (all races),
49,Utah,49031,Piute,2014,2018,American Indian/Alaskan Native (includes Hispanic),
49,Utah,49031,Piute,2014,2018,White (includes Hispanic),
49,Utah,49031,Piute,2015,2019,Asian/Pacific Islander (includes Hispanic),
49,Utah,49031,Piute,2015,2019,Black (includes Hispanic),
49,Utah,49031,Piute,2015,2019,Hispanic (all races),
49,Utah,49031,Piute,2015,2019,American Indian/Alaskan Native (includes Hispanic),
49,Utah,49031,Piute,2015,2019,White (includes Hispanic),
49,Utah,49031,Piute,2016,2020,Asian/Pacific Islander (includes Hispanic),
49,Utah,49031,Piute,2016,2020,Black (includes Hispanic),
49,Utah,49031,Piute,2016,2020,Hispanic (all races),
49,Utah,49031,Piute,2016,2020,American Indian/Alaskan Native (includes Hispanic),
49,Utah,49031,Piute,2016,2020,White (includes Hispanic),
49,Utah,49033,Rich,2011,2015,Asian/Pacific Islander (includes Hispanic),
49,Utah,49033,Rich,2011,2015,Black (includes Hispanic),
49,Utah,49033,Rich,2011,2015,Hispanic (all races),
49,Utah,49033,Rich,2011,2015,American Indian/Alaskan Native (includes Hispanic),
49,Utah,49033,Rich,2011,2015,White (includes Hispanic),5.2
49,Utah,49033,Rich,2012,2016,Asian/Pacific Islander (includes Hispanic),
49,Utah,49033,Rich,2012,2016,Black (includes Hispanic),
49,Utah,49033,Rich,2012,2016,Hispanic (all races),
49,Utah,49033,Rich,2012,2016,American Indian/Alaskan Native (includes Hispanic),
49,Utah,49033,Rich,2012,2016,White (includes Hispanic),5.7
49,Utah,49033,Rich,2013,2017,Asian/Pacific Islander (includes Hispanic),
49,Utah,49033,Rich,2013,2017,Black (includes Hispanic),
49,Utah,49033,Rich,2013,2017,Hispanic (all races),
49,Utah,49033,Rich,2013,2017,American Indian/Alaskan Native (includes Hispanic),
49,Utah,49033,Rich,2013,2017,White (includes Hispanic),6.0
49,Utah,49033,Rich,2014,2018,Asian/Pacific Islander (includes Hispanic),
49,Utah,49033,Rich,2014,2018,Black (includes Hispanic),
49,Utah,49033,Rich,2014,2018,Hispanic (all races),
49,Utah,49033,Rich,2014,2018,American Indian/Alaskan Native (includes Hispanic),
49,Utah,49033,Rich,2014,2018,White (includes Hispanic),6.1
49,Utah,49033,Rich,2015,2019,Asian/Pacific Islander (includes Hispanic),
49,Utah,49033,Rich,2015,2019,Black (includes Hispanic),
49,Utah,49033,Rich,2015,2019,Hispanic (all races),
49,Utah,49033,Rich,2015,2019,American Indian/Alaskan Native (includes Hispanic),
49,Utah,49033,Rich,2015,2019,White (includes Hispanic),6.3
49,Utah,49033,Rich,2016,2020,Asian/Pacific Islander (includes Hispanic),
49,Utah,49033,Rich,2016,2020,Black (includes Hispanic),
49,Utah,49033,Rich,2016,2020,Hispanic (all races),
49,Utah,49033,Rich,2016,2020,American Indian/Alaskan Native (includes Hispanic),
49,Utah,49033,Rich,2016,2020,White (includes Hispanic),6.6
49,Utah,49035,Salt Lake,2011,2015,Asian/Pacific Islander (includes Hispanic),
49,Utah,49035,Salt Lake,2011,2015,Black (includes Hispanic),
49,Utah,49035,Salt Lake,2011,2015,Hispanic (all races),8.3
49,Utah,49035,Salt Lake,2011,2015,American Indian/Alaskan Native (includes Hispanic),
49,Utah,49035,Salt Lake,2011,2015,White (includes Hispanic),4.6
49,Utah,49035,Salt Lake,2012,2016,Asian/Pacific Islander (includes Hispanic),
49,Utah,49035,Salt Lake,2012,2016,Black (includes Hispanic),
49,Utah,49035,Salt Lake,2012,2016,Hispanic (all races),7.8
49,Utah,49035,Salt Lake,2012,2016,American Indian/Alaskan Native (includes Hispanic),
49,Utah,49035,Salt Lake,2012,2016,White (includes Hispanic),4.8
49,Utah,49035,Salt Lake,2013,2017,Asian/Pacific Islander (includes Hispanic),8.4
49,Utah,49035,Salt Lake,2013,2017,Black (includes Hispanic),
49,Utah,49035,Salt Lake,2013,2017,Hispanic (all races),7.1
49,Utah,49035,Salt Lake,2013,2017,American Indian/Alaskan Native (includes Hispanic),
49,Utah,49035,Salt Lake,2013,2017,White (includes Hispanic),5.1
49,Utah,49035,Salt Lake,2014,2018,Asian/Pacific Islander (includes Hispanic),10.1
49,Utah,49035,Salt Lake,2014,2018,Black (includes Hispanic),
49,Utah,49035,Salt Lake,2014,2018,Hispanic (all races),6.9
49,Utah,49035,Salt Lake,2014,2018,American Indian/Alaskan Native (includes Hispanic),
49,Utah,49035,Salt Lake,2014,2018,White (includes Hispanic),5.3
49,Utah,49035,Salt Lake,2015,2019,Asian/Pacific Islander (includes Hispanic),8.4
49,Utah,49035,Salt Lake,2015,2019,Black (includes Hispanic),
49,Utah,49035,Salt Lake,2015,2019,Hispanic (all races),7.2
49,Utah,49035,Salt Lake,2015,2019,American Indian/Alaskan Native (includes Hispanic),
49,Utah,49035,Salt Lake,2015,2019,White (includes Hispanic),5.3
49,Utah,49035,Salt Lake,2016,2020,Asian/Pacific Islander (includes Hispanic),7.3
49,Utah,49035,Salt Lake,2016,2020,Black (includes Hispanic),
49,Utah,49035,Salt Lake,2016,2020,Hispanic (all races),8.0
49,Utah,49035,Salt Lake,2016,2020,American Indian/Alaskan Native (includes Hispanic),
49,Utah,49035,Salt Lake,2016,2020,White (includes Hispanic),5.6
49,Utah,49037,San Juan,2011,2015,Asian/Pacific Islander (includes Hispanic),
49,Utah,49037,San Juan,2011,2015,Black (includes Hispanic),
49,Utah,49037,San Juan,2011,2015,Hispanic (all races),
49,Utah,49037,San Juan,2011,2015,American Indian/Alaskan Native (includes Hispanic),6.3
49,Utah,49037,San Juan,2011,2015,White (includes Hispanic),6.1
49,Utah,49037,San Juan,2012,2016,Asian/Pacific Islander (includes Hispanic),
49,Utah,49037,San Juan,2012,2016,Black (includes Hispanic),
49,Utah,49037,San Juan,2012,2016,Hispanic (all races),
49,Utah,49037,San Juan,2012,2016,American Indian/Alaskan Native (includes Hispanic),4.6
49,Utah,49037,San Juan,2012,2016,White (includes Hispanic),6.2
49,Utah,49037,San Juan,2013,2017,Asian/Pacific Islander (includes Hispanic),
49,Utah,49037,San Juan,2013,2017,Black (includes Hispanic),
49,Utah,49037,San Juan,2013,2017,Hispanic (all races),
49,Utah,49037,San Juan,2013,2017,American Indian/Alaskan Native (includes Hispanic),5.6
49,Utah,49037,San Juan,2013,2017,White (includes Hispanic),7.0
49,Utah,49037,San Juan,2014,2018,Asian/Pacific Islander (includes Hispanic),
49,Utah,49037,San Juan,2014,2018,Black (includes Hispanic),
49,Utah,49037,San Juan,2014,2018,Hispanic (all races),
49,Utah,49037,San Juan,2014,2018,American Indian/Alaskan Native (includes Hispanic),6.2
49,Utah,49037,San Juan,2014,2018,White (includes Hispanic),7.0
49,Utah,49037,San Juan,2015,2019,Asian/Pacific Islander (includes Hispanic),
49,Utah,49037,San Juan,2015,2019,Black (includes Hispanic),
49,Utah,49037,San Juan,2015,2019,Hispanic (all races),
49,Utah,49037,San Juan,2015,2019,American Indian/Alaskan Native (includes Hispanic),7.3
49,Utah,49037,San Juan,2015,2019,White (includes Hispanic),7.3
49,Utah,49037,San Juan,2016,2020,Asian/Pacific Islander (includes Hispanic),
49,Utah,49037,San Juan,2016,2020,Black (includes Hispanic),
49,Utah,49037,San Juan,2016,2020,Hispanic (all races),10.6
49,Utah,49037,San Juan,2016,2020,American Indian/Alaskan Native (includes Hispanic),6.7
49,Utah,49037,San Juan,2016,2020,White (includes Hispanic),7.8
49,Utah,49039,Sanpete,2011,2015,Asian/Pacific Islander (includes Hispanic),
49,Utah,49039,Sanpete,2011,2015,Black (includes Hispanic),
49,Utah,49039,Sanpete,2011,2015,Hispanic (all races),
49,Utah,49039,Sanpete,2011,2015,American Indian/Alaskan Native (includes Hispanic),
49,Utah,49039,Sanpete,2011,2015,White (includes Hispanic),5.7
49,Utah,49039,Sanpete,2012,2016,Asian/Pacific Islander (includes Hispanic),
49,Utah,49039,Sanpete,2012,2016,Black (includes Hispanic),
49,Utah,49039,Sanpete,2012,2016,Hispanic (all races),
49,Utah,49039,Sanpete,2012,2016,American Indian/Alaskan Native (includes Hispanic),
49,Utah,49039,Sanpete,2012,2016,White (includes Hispanic),5.2
49,Utah,49039,Sanpete,2013,2017,Asian/Pacific Islander (includes Hispanic),
49,Utah,49039,Sanpete,2013,2017,Black (includes Hispanic),
49,Utah,49039,Sanpete,2013,2017,Hispanic (all races),
49,Utah,49039,Sanpete,2013,2017,American Indian/Alaskan Native (includes Hispanic),
49,Utah,49039,Sanpete,2013,2017,White (includes Hispanic),5.0
49,Utah,49039,Sanpete,2014,2018,Asian/Pacific Islander (includes Hispanic),
49,Utah,49039,Sanpete,2014,2018,Black (includes Hispanic),
49,Utah,49039,Sanpete,2014,2018,Hispanic (all races),
49,Utah,49039,Sanpete,2014,2018,American Indian/Alaskan Native (includes Hispanic),
49,Utah,49039,Sanpete,2014,2018,White (includes Hispanic),4.9
49,Utah,49039,Sanpete,2015,2019,Asian/Pacific Islander (includes Hispanic),
49,Utah,49039,Sanpete,2015,2019,Black (includes Hispanic),
49,Utah,49039,Sanpete,2015,2019,Hispanic (all races),
49,Utah,49039,Sanpete,2015,2019,American Indian/Alaskan Native (includes Hispanic),
49,Utah,49039,Sanpete,2015,2019,White (includes Hispanic),5.3
49,Utah,49039,Sanpete,2016,2020,Asian/Pacific Islander (includes Hispanic),
49,Utah,49039,Sanpete,2016,2020,Black (includes Hispanic),
49,Utah,49039,Sanpete,2016,2020,Hispanic (all races),
49,Utah,49039,Sanpete,2016,2020,American Indian/Alaskan Native (includes Hispanic),
49,Utah,49039,Sanpete,2016,2020,White (includes Hispanic),5.8
49,Utah,49041,Sevier,2011,2015,Asian/Pacific Islander (includes Hispanic),
49,Utah,49041,Sevier,2011,2015,Black (includes Hispanic),
49,Utah,49041,Sevier,2011,2015,Hispanic (all races),
49,Utah,49041,Sevier,2011,2015,American Indian/Alaskan Native (includes Hispanic),
49,Utah,49041,Sevier,2011,2015,White (includes Hispanic),
49,Utah,49041,Sevier,2012,2016,Asian/Pacific Islander (includes Hispanic),
49,Utah,49041,Sevier,2012,2016,Black (includes Hispanic),
49,Utah,49041,Sevier,2012,2016,Hispanic (all races),
49,Utah,49041,Sevier,2012,2016,American Indian/Alaskan Native (includes Hispanic),
49,Utah,49041,Sevier,2012,2016,White (includes Hispanic),
49,Utah,49041,Sevier,2013,2017,Asian/Pacific Islander (includes Hispanic),
49,Utah,49041,Sevier,2013,2017,Black (includes Hispanic),
49,Utah,49041,Sevier,2013,2017,Hispanic (all races),
49,Utah,49041,Sevier,2013,2017,American Indian/Alaskan Native (includes Hispanic),
49,Utah,49041,Sevier,2013,2017,White (includes Hispanic),
49,Utah,49041,Sevier,2014,2018,Asian/Pacific Islander (includes Hispanic),
49,Utah,49041,Sevier,2014,2018,Black (includes Hispanic),
49,Utah,49041,Sevier,2014,2018,Hispanic (all races),
49,Utah,49041,Sevier,2014,2018,American Indian/Alaskan Native (includes Hispanic),
49,Utah,49041,Sevier,2014,2018,White (includes Hispanic),
49,Utah,49041,Sevier,2015,2019,Asian/Pacific Islander (includes Hispanic),
49,Utah,49041,Sevier,2015,2019,Black (includes Hispanic),
49,Utah,49041,Sevier,2015,2019,Hispanic (all races),
49,Utah,49041,Sevier,2015,2019,American Indian/Alaskan Native (includes Hispanic),
49,Utah,49041,Sevier,2015,2019,White (includes Hispanic),
49,Utah,49041,Sevier,2016,2020,Asian/Pacific Islander (includes Hispanic),
49,Utah,49041,Sevier,2016,2020,Black (includes Hispanic),
49,Utah,49041,Sevier,2016,2020,Hispanic (all races),
49,Utah,49041,Sevier,2016,2020,American Indian/Alaskan Native (includes Hispanic),
49,Utah,49041,Sevier,2016,2020,White (includes Hispanic),
49,Utah,49043,Summit,2011,2015,Asian/Pacific Islander (includes Hispanic),
49,Utah,49043,Summit,2011,2015,Black (includes Hispanic),
49,Utah,49043,Summit,2011,2015,Hispanic (all races),8.7
49,Utah,49043,Summit,2011,2015,American Indian/Alaskan Native (includes Hispanic),
49,Utah,49043,Summit,2011,2015,White (includes Hispanic),4.6
49,Utah,49043,Summit,2012,2016,Asian/Pacific Islander (includes Hispanic),
49,Utah,49043,Summit,2012,2016,Black (includes Hispanic),
49,Utah,49043,Summit,2012,2016,Hispanic (all races),8.6
49,Utah,49043,Summit,2012,2016,American Indian/Alaskan Native (includes Hispanic),
49,Utah,49043,Summit,2012,2016,White (includes Hispanic),5.2
49,Utah,49043,Summit,2013,2017,Asian/Pacific Islander (includes Hispanic),
49,Utah,49043,Summit,2013,2017,Black (includes Hispanic),
49,Utah,49043,Summit,2013,2017,Hispanic (all races),7.1
49,Utah,49043,Summit,2013,2017,American Indian/Alaskan Native (includes Hispanic),
49,Utah,49043,Summit,2013,2017,White (includes Hispanic),5.6
49,Utah,49043,Summit,2014,2018,Asian/Pacific Islander (includes Hispanic),
49,Utah,49043,Summit,2014,2018,Black (includes Hispanic),
49,Utah,49043,Summit,2014,2018,Hispanic (all races),8.2
49,Utah,49043,Summit,2014,2018,American Indian/Alaskan Native (includes Hispanic),
49,Utah,49043,Summit,2014,2018,White (includes Hispanic),6.0
49,Utah,49043,Summit,2015,2019,Asian/Pacific Islander (includes Hispanic),
49,Utah,49043,Summit,2015,2019,Black (includes Hispanic),
49,Utah,49043,Summit,2015,2019,Hispanic (all races),8.2
49,Utah,49043,Summit,2015,2019,American Indian/Alaskan Native (includes Hispanic),
49,Utah,49043,Summit,2015,2019,White (includes Hispanic),6.2
49,Utah,49043,Summit,2016,2020,Asian/Pacific Islander (includes Hispanic),
49,Utah,49043,Summit,2016,2020,Black (includes Hispanic),
49,Utah,49043,Summit,2016,2020,Hispanic (all races),9.2
49,Utah,49043,Summit,2016,2020,American Indian/Alaskan Native (includes Hispanic),
49,Utah,49043,Summit,2016,2020,White (includes Hispanic),6.6
49,Utah,49045,Tooele,2011,2015,Asian/Pacific Islander (includes Hispanic),
49,Utah,49045,Tooele,2011,2015,Black (includes Hispanic),
49,Utah,49045,Tooele,2011,2015,Hispanic (all races),8.6
49,Utah,49045,Tooele,2011,2015,American Indian/Alaskan Native (includes Hispanic),
49,Utah,49045,Tooele,2011,2015,White (includes Hispanic),4.9
49,Utah,49045,Tooele,2012,2016,Asian/Pacific Islander (includes Hispanic),
49,Utah,49045,Tooele,2012,2016,Black (includes Hispanic),
49,Utah,49045,Tooele,2012,2016,Hispanic (all races),8.3
49,Utah,49045,Tooele,2012,2016,American Indian/Alaskan Native (includes Hispanic),
49,Utah,49045,Tooele,2012,2016,White (includes Hispanic),5.2
49,Utah,49045,Tooele,2013,2017,Asian/Pacific Islander (includes Hispanic),8.2
49,Utah,49045,Tooele,2013,2017,Black (includes Hispanic),
49,Utah,49045,Tooele,2013,2017,Hispanic (all races),7.7
49,Utah,49045,Tooele,2013,2017,American Indian/Alaskan Native (includes Hispanic),
49,Utah,49045,Tooele,2013,2017,White (includes Hispanic),5.5
49,Utah,49045,Tooele,2014,2018,Asian/Pacific Islander (includes Hispanic),9.5
49,Utah,49045,Tooele,2014,2018,Black (includes Hispanic),
49,Utah,49045,Tooele,2014,2018,Hispanic (all races),7.5
49,Utah,49045,Tooele,2014,2018,American Indian/Alaskan Native (includes Hispanic),
49,Utah,49045,Tooele,2014,2018,White (includes Hispanic),5.7
49,Utah,49045,Tooele,2015,2019,Asian/Pacific Islander (includes Hispanic),7.9
49,Utah,49045,Tooele,2015,2019,Black (includes Hispanic),
49,Utah,49045,Tooele,2015,2019,Hispanic (all races),7.6
49,Utah,49045,Tooele,2015,2019,American Indian/Alaskan Native (includes Hispanic),
49,Utah,49045,Tooele,2015,2019,White (includes Hispanic),5.8
49,Utah,49045,Tooele,2016,2020,Asian/Pacific Islander (includes Hispanic),6.9
49,Utah,49045,Tooele,2016,2020,Black (includes Hispanic),
49,Utah,49045,Tooele,2016,2020,Hispanic (all races),8.1
49,Utah,49045,Tooele,2016,2020,American Indian/Alaskan Native (includes Hispanic),
49,Utah,49045,Tooele,2016,2020,White (includes Hispanic),5.9
49,Utah,49047,Uintah,2011,2015,Asian/Pacific Islander (includes Hispanic),
49,Utah,49047,Uintah,2011,2015,Black (includes Hispanic),
49,Utah,49047,Uintah,2011,2015,Hispanic (all races),
49,Utah,49047,Uintah,2011,2015,American Indian/Alaskan Native (includes Hispanic),
49,Utah,49047,Uintah,2011,2015,White (includes Hispanic),
49,Utah,49047,Uintah,2012,2016,Asian/Pacific Islander (includes Hispanic),
49,Utah,49047,Uintah,2012,2016,Black (includes Hispanic),
49,Utah,49047,Uintah,2012,2016,Hispanic (all races),
49,Utah,49047,Uintah,2012,2016,American Indian/Alaskan Native (includes Hispanic),
49,Utah,49047,Uintah,2012,2016,White (includes Hispanic),6.2
49,Utah,49047,Uintah,2013,2017,Asian/Pacific Islander (includes Hispanic),
49,Utah,49047,Uintah,2013,2017,Black (includes Hispanic),
49,Utah,49047,Uintah,2013,2017,Hispanic (all races),
49,Utah,49047,Uintah,2013,2017,American Indian/Alaskan Native (includes Hispanic),
49,Utah,49047,Uintah,2013,2017,White (includes Hispanic),6.1
49,Utah,49047,Uintah,2014,2018,Asian/Pacific Islander (includes Hispanic),
49,Utah,49047,Uintah,2014,2018,Black (includes Hispanic),
49,Utah,49047,Uintah,2014,2018,Hispanic (all races),
49,Utah,49047,Uintah,2014,2018,American Indian/Alaskan Native (includes Hispanic),
49,Utah,49047,Uintah,2014,2018,White (includes Hispanic),6.8
49,Utah,49047,Uintah,2015,2019,Asian/Pacific Islander (includes Hispanic),
49,Utah,49047,Uintah,2015,2019,Black (includes Hispanic),
49,Utah,49047,Uintah,2015,2019,Hispanic (all races),
49,Utah,49047,Uintah,2015,2019,American Indian/Alaskan Native (includes Hispanic),
49,Utah,49047,Uintah,2015,2019,White (includes Hispanic),6.1
49,Utah,49047,Uintah,2016,2020,Asian/Pacific Islander (includes Hispanic),
49,Utah,49047,Uintah,2016,2020,Black (includes Hispanic),
49,Utah,49047,Uintah,2016,2020,Hispanic (all races),
49,Utah,49047,Uintah,2016,2020,American Indian/Alaskan Native (includes Hispanic),
49,Utah,49047,Uintah,2016,2020,White (includes Hispanic),6.7
49,Utah,49049,Utah,2011,2015,Asian/Pacific Islander (includes Hispanic),
49,Utah,49049,Utah,2011,2015,Black (includes Hispanic),
49,Utah,49049,Utah,2011,2015,Hispanic (all races),9.0
49,Utah,49049,Utah,2011,2015,American Indian/Alaskan Native (includes Hispanic),
49,Utah,49049,Utah,2011,2015,White (includes Hispanic),5.0
49,Utah,49049,Utah,2012,2016,Asian/Pacific Islander (includes Hispanic),
49,Utah,49049,Utah,2012,2016,Black (includes Hispanic),
49,Utah,49049,Utah,2012,2016,Hispanic (all races),8.6
49,Utah,49049,Utah,2012,2016,American Indian/Alaskan Native (includes Hispanic),
49,Utah,49049,Utah,2012,2016,White (includes Hispanic),5.2
49,Utah,49049,Utah,2013,2017,Asian/Pacific Islander (includes Hispanic),
49,Utah,49049,Utah,2013,2017,Black (includes Hispanic),
49,Utah,49049,Utah,2013,2017,Hispanic (all races),7.7
49,Utah,49049,Utah,2013,2017,American Indian/Alaskan Native (includes Hispanic),
49,Utah,49049,Utah,2013,2017,White (includes Hispanic),5.3
49,Utah,49049,Utah,2014,2018,Asian/Pacific Islander (includes Hispanic),10.4
49,Utah,49049,Utah,2014,2018,Black (includes Hispanic),
49,Utah,49049,Utah,2014,2018,Hispanic (all races),7.6
49,Utah,49049,Utah,2014,2018,American Indian/Alaskan Native (includes Hispanic),
49,Utah,49049,Utah,2014,2018,White (includes Hispanic),5.5
49,Utah,49049,Utah,2015,2019,Asian/Pacific Islander (includes Hispanic),
49,Utah,49049,Utah,2015,2019,Black (includes Hispanic),
49,Utah,49049,Utah,2015,2019,Hispanic (all races),7.6
49,Utah,49049,Utah,2015,2019,American Indian/Alaskan Native (includes Hispanic),
49,Utah,49049,Utah,2015,2019,White (includes Hispanic),5.7
49,Utah,49049,Utah,2016,2020,Asian/Pacific Islander (includes Hispanic),
49,Utah,49049,Utah,2016,2020,Black (includes Hispanic),
49,Utah,49049,Utah,2016,2020,Hispanic (all races),8.4
49,Utah,49049,Utah,2016,2020,American Indian/Alaskan Native (includes Hispanic),
49,Utah,49049,Utah,2016,2020,White (includes Hispanic),6.0
49,Utah,49051,Wasatch,2011,2015,Asian/Pacific Islander (includes Hispanic),
49,Utah,49051,Wasatch,2011,2015,Black (includes Hispanic),
49,Utah,49051,Wasatch,2011,2015,Hispanic (all races),8.9
49,Utah,49051,Wasatch,2011,2015,American Indian/Alaskan Native (includes Hispanic),
49,Utah,49051,Wasatch,2011,2015,White (includes Hispanic),4.5
49,Utah,49051,Wasatch,2012,2016,Asian/Pacific Islander (includes Hispanic),
49,Utah,49051,Wasatch,2012,2016,Black (includes Hispanic),
49,Utah,49051,Wasatch,2012,2016,Hispanic (all races),8.5
49,Utah,49051,Wasatch,2012,2016,American Indian/Alaskan Native (includes Hispanic),
49,Utah,49051,Wasatch,2012,2016,White (includes Hispanic),4.9
49,Utah,49051,Wasatch,2013,2017,Asian/Pacific Islander (includes Hispanic),
49,Utah,49051,Wasatch,2013,2017,Black (includes Hispanic),
49,Utah,49051,Wasatch,2013,2017,Hispanic (all races),7.6
49,Utah,49051,Wasatch,2013,2017,American Indian/Alaskan Native (includes Hispanic),
49,Utah,49051,Wasatch,2013,2017,White (includes Hispanic),5.2
49,Utah,49051,Wasatch,2014,2018,Asian/Pacific Islander (includes Hispanic),10.4
49,Utah,49051,Wasatch,2014,2018,Black (includes Hispanic),
49,Utah,49051,Wasatch,2014,2018,Hispanic (all races),7.7
49,Utah,49051,Wasatch,2014,2018,American Indian/Alaskan Native (includes Hispanic),
49,Utah,49051,Wasatch,2014,2018,White (includes Hispanic),5.4
49,Utah,49051,Wasatch,2015,2019,Asian/Pacific Islander (includes Hispanic),
49,Utah,49051,Wasatch,2015,2019,Black (includes Hispanic),
49,Utah,49051,Wasatch,2015,2019,Hispanic (all races),7.8
49,Utah,49051,Wasatch,2015,2019,American Indian/Alaskan Native (includes Hispanic),
49,Utah,49051,Wasatch,2015,2019,White (includes Hispanic),5.6
49,Utah,49051,Wasatch,2016,2020,Asian/Pacific Islander (includes Hispanic),
49,Utah,49051,Wasatch,2016,2020,Black (includes Hispanic),
49,Utah,49051,Wasatch,2016,2020,Hispanic (all races),8.8
49,Utah,49051,Wasatch,2016,2020,American Indian/Alaskan Native (includes Hispanic),
49,Utah,49051,Wasatch,2016,2020,White (includes Hispanic),5.9
49,Utah,49053,Washington,2011,2015,Asian/Pacific Islander (includes Hispanic),
49,Utah,49053,Washington,2011,2015,Black (includes Hispanic),
49,Utah,49053,Washington,2011,2015,Hispanic (all races),
49,Utah,49053,Washington,2011,2015,American Indian/Alaskan Native (includes Hispanic),
49,Utah,49053,Washington,2011,2015,White (includes Hispanic),6.9
49,Utah,49053,Washington,2012,2016,Asian/Pacific Islander (includes Hispanic),
49,Utah,49053,Washington,2012,2016,Black (includes Hispanic),
49,Utah,49053,Washington,2012,2016,Hispanic (all races),
49,Utah,49053,Washington,2012,2016,American Indian/Alaskan Native (includes Hispanic),
49,Utah,49053,Washington,2012,2016,White (includes Hispanic),6.6
49,Utah,49053,Washington,2013,2017,Asian/Pacific Islander (includes Hispanic),
49,Utah,49053,Washington,2013,2017,Black (includes Hispanic),
49,Utah,49053,Washington,2013,2017,Hispanic (all races),
49,Utah,49053,Washington,2013,2017,American Indian/Alaskan Native (includes Hispanic),
49,Utah,49053,Washington,2013,2017,White (includes Hispanic),5.8
49,Utah,49053,Washington,2014,2018,Asian/Pacific Islander (includes Hispanic),
49,Utah,49053,Washington,2014,2018,Black (includes Hispanic),
49,Utah,49053,Washington,2014,2018,Hispanic (all races),
49,Utah,49053,Washington,2014,2018,American Indian/Alaskan Native (includes Hispanic),
49,Utah,49053,Washington,2014,2018,White (includes Hispanic),5.3
49,Utah,49053,Washington,2015,2019,Asian/Pacific Islander (includes Hispanic),
49,Utah,49053,Washington,2015,2019,Black (includes Hispanic),
49,Utah,49053,Washington,2015,2019,Hispanic (all races),
49,Utah,49053,Washington,2015,2019,American Indian/Alaskan Native (includes Hispanic),
49,Utah,49053,Washington,2015,2019,White (includes Hispanic),5.7
49,Utah,49053,Washington,2016,2020,Asian/Pacific Islander (includes Hispanic),
49,Utah,49053,Washington,2016,2020,Black (includes Hispanic),
49,Utah,49053,Washington,2016,2020,Hispanic (all races),
49,Utah,49053,Washington,2016,2020,American Indian/Alaskan Native (includes Hispanic),
49,Utah,49053,Washington,2016,2020,White (includes Hispanic),5.6
49,Utah,49055,Wayne,2011,2015,Asian/Pacific Islander (includes Hispanic),
49,Utah,49055,Wayne,2011,2015,Black (includes Hispanic),
49,Utah,49055,Wayne,2011,2015,Hispanic (all races),
49,Utah,49055,Wayne,2011,2015,American Indian/Alaskan Native (includes Hispanic),
49,Utah,49055,Wayne,2011,2015,White (includes Hispanic),
49,Utah,49055,Wayne,2012,2016,Asian/Pacific Islander (includes Hispanic),
49,Utah,49055,Wayne,2012,2016,Black (includes Hispanic),
49,Utah,49055,Wayne,2012,2016,Hispanic (all races),
49,Utah,49055,Wayne,2012,2016,American Indian/Alaskan Native (includes Hispanic),
49,Utah,49055,Wayne,2012,2016,White (includes Hispanic),
49,Utah,49055,Wayne,2013,2017,Asian/Pacific Islander (includes Hispanic),
49,Utah,49055,Wayne,2013,2017,Black (includes Hispanic),
49,Utah,49055,Wayne,2013,2017,Hispanic (all races),
49,Utah,49055,Wayne,2013,2017,American Indian/Alaskan Native (includes Hispanic),
49,Utah,49055,Wayne,2013,2017,White (includes Hispanic),
49,Utah,49055,Wayne,2014,2018,Asian/Pacific Islander (includes Hispanic),
49,Utah,49055,Wayne,2014,2018,Black (includes Hispanic),
49,Utah,49055,Wayne,2014,2018,Hispanic (all races),
49,Utah,49055,Wayne,2014,2018,American Indian/Alaskan Native (includes Hispanic),
49,Utah,49055,Wayne,2014,2018,White (includes Hispanic),
49,Utah,49055,Wayne,2015,2019,Asian/Pacific Islander (includes Hispanic),
49,Utah,49055,Wayne,2015,2019,Black (includes Hispanic),
49,Utah,49055,Wayne,2015,2019,Hispanic (all races),
49,Utah,49055,Wayne,2015,2019,American Indian/Alaskan Native (includes Hispanic),
49,Utah,49055,Wayne,2015,2019,White (includes Hispanic),
49,Utah,49055,Wayne,2016,2020,Asian/Pacific Islander (includes Hispanic),
49,Utah,49055,Wayne,2016,2020,Black (includes Hispanic),
49,Utah,49055,Wayne,2016,2020,Hispanic (all races),
49,Utah,49055,Wayne,2016,2020,American Indian/Alaskan Native (includes Hispanic),
49,Utah,49055,Wayne,2016,2020,White (includes Hispanic),
49,Utah,49057,Weber,2011,2015,Asian/Pacific Islander (includes Hispanic),
49,Utah,49057,Weber,2011,2015,Black (includes Hispanic),
49,Utah,49057,Weber,2011,2015,Hispanic (all races),
49,Utah,49057,Weber,2011,2015,American Indian/Alaskan Native (includes Hispanic),
49,Utah,49057,Weber,2011,2015,White (includes Hispanic),5.0
49,Utah,49057,Weber,2012,2016,Asian/Pacific Islander (includes Hispanic),
49,Utah,49057,Weber,2012,2016,Black (includes Hispanic),
49,Utah,49057,Weber,2012,2016,Hispanic (all races),
49,Utah,49057,Weber,2012,2016,American Indian/Alaskan Native (includes Hispanic),
49,Utah,49057,Weber,2012,2016,White (includes Hispanic),5.0
49,Utah,49057,Weber,2013,2017,Asian/Pacific Islander (includes Hispanic),
49,Utah,49057,Weber,2013,2017,Black (includes Hispanic),
49,Utah,49057,Weber,2013,2017,Hispanic (all races),
49,Utah,49057,Weber,2013,2017,American Indian/Alaskan Native (includes Hispanic),
49,Utah,49057,Weber,2013,2017,White (includes Hispanic),5.4
49,Utah,49057,Weber,2014,2018,Asian/Pacific Islander (includes Hispanic),
49,Utah,49057,Weber,2014,2018,Black (includes Hispanic),
49,Utah,49057,Weber,2014,2018,Hispanic (all races),
49,Utah,49057,Weber,2014,2018,American Indian/Alaskan Native (includes Hispanic),
49,Utah,49057,Weber,2014,2018,White (includes Hispanic),5.4
49,Utah,49057,Weber,2015,2019,Asian/Pacific Islander (includes Hispanic),
49,Utah,49057,Weber,2015,2019,Black (includes Hispanic),
49,Utah,49057,Weber,2015,2019,Hispanic (all races),
49,Utah,49057,Weber,2015,2019,American Indian/Alaskan Native (includes Hispanic),
49,Utah,49057,Weber,2015,2019,White (includes Hispanic),5.2
49,Utah,49057,Weber,2016,2020,Asian/Pacific Islander (includes Hispanic),
49,Utah,49057,Weber,2016,2020,Black (includes Hispanic),
49,Utah,49057,Weber,2016,2020,Hispanic (all races),
49,Utah,49057,Weber,2016,2020,American Indian/Alaskan Native (includes Hispanic),
49,Utah,49057,Weber,2016,2020,White (includes Hispanic),5.4
50,Vermont,50001,Addison,2011,2015,Asian/Pacific Islander (includes Hispanic),
50,Vermont,50001,Addison,2011,2015,Black (includes Hispanic),
50,Vermont,50001,Addison,2011,2015,Hispanic (all races),
50,Vermont,50001,Addison,2011,2015,American Indian/Alaskan Native (includes Hispanic),
50,Vermont,50001,Addison,2011,2015,White (includes Hispanic),4.3
50,Vermont,50001,Addison,2012,2016,Asian/Pacific Islander (includes Hispanic),
50,Vermont,50001,Addison,2012,2016,Black (includes Hispanic),
50,Vermont,50001,Addison,2012,2016,Hispanic (all races),
50,Vermont,50001,Addison,2012,2016,American Indian/Alaskan Native (includes Hispanic),
50,Vermont,50001,Addison,2012,2016,White (includes Hispanic),4.3
50,Vermont,50001,Addison,2013,2017,Asian/Pacific Islander (includes Hispanic),
50,Vermont,50001,Addison,2013,2017,Black (includes Hispanic),
50,Vermont,50001,Addison,2013,2017,Hispanic (all races),
50,Vermont,50001,Addison,2013,2017,American Indian/Alaskan Native (includes Hispanic),
50,Vermont,50001,Addison,2013,2017,White (includes Hispanic),4.1
50,Vermont,50001,Addison,2014,2018,Asian/Pacific Islander (includes Hispanic),
50,Vermont,50001,Addison,2014,2018,Black (includes Hispanic),
50,Vermont,50001,Addison,2014,2018,Hispanic (all races),
50,Vermont,50001,Addison,2014,2018,American Indian/Alaskan Native (includes Hispanic),
50,Vermont,50001,Addison,2014,2018,White (includes Hispanic),4.4
50,Vermont,50001,Addison,2015,2019,Asian/Pacific Islander (includes Hispanic),
50,Vermont,50001,Addison,2015,2019,Black (includes Hispanic),
50,Vermont,50001,Addison,2015,2019,Hispanic (all races),
50,Vermont,50001,Addison,2015,2019,American Indian/Alaskan Native (includes Hispanic),
50,Vermont,50001,Addison,2015,2019,White (includes Hispanic),4.9
50,Vermont,50001,Addison,2016,2020,Asian/Pacific Islander (includes Hispanic),
50,Vermont,50001,Addison,2016,2020,Black (includes Hispanic),
50,Vermont,50001,Addison,2016,2020,Hispanic (all races),
50,Vermont,50001,Addison,2016,2020,American Indian/Alaskan Native (includes Hispanic),
50,Vermont,50001,Addison,2016,2020,White (includes Hispanic),5.9
50,Vermont,50003,Bennington,2011,2015,Asian/Pacific Islander (includes Hispanic),
50,Vermont,50003,Bennington,2011,2015,Black (includes Hispanic),
50,Vermont,50003,Bennington,2011,2015,Hispanic (all races),
50,Vermont,50003,Bennington,2011,2015,American Indian/Alaskan Native (includes Hispanic),
50,Vermont,50003,Bennington,2011,2015,White (includes Hispanic),5.3
50,Vermont,50003,Bennington,2012,2016,Asian/Pacific Islander (includes Hispanic),
50,Vermont,50003,Bennington,2012,2016,Black (includes Hispanic),
50,Vermont,50003,Bennington,2012,2016,Hispanic (all races),
50,Vermont,50003,Bennington,2012,2016,American Indian/Alaskan Native (includes Hispanic),
50,Vermont,50003,Bennington,2012,2016,White (includes Hispanic),5.4
50,Vermont,50003,Bennington,2013,2017,Asian/Pacific Islander (includes Hispanic),
50,Vermont,50003,Bennington,2013,2017,Black (includes Hispanic),
50,Vermont,50003,Bennington,2013,2017,Hispanic (all races),
50,Vermont,50003,Bennington,2013,2017,American Indian/Alaskan Native (includes Hispanic),
50,Vermont,50003,Bennington,2013,2017,White (includes Hispanic),4.8
50,Vermont,50003,Bennington,2014,2018,Asian/Pacific Islander (includes Hispanic),
50,Vermont,50003,Bennington,2014,2018,Black (includes Hispanic),
50,Vermont,50003,Bennington,2014,2018,Hispanic (all races),
50,Vermont,50003,Bennington,2014,2018,American Indian/Alaskan Native (includes Hispanic),
50,Vermont,50003,Bennington,2014,2018,White (includes Hispanic),4.9
50,Vermont,50003,Bennington,2015,2019,Asian/Pacific Islander (includes Hispanic),
50,Vermont,50003,Bennington,2015,2019,Black (includes Hispanic),
50,Vermont,50003,Bennington,2015,2019,Hispanic (all races),
50,Vermont,50003,Bennington,2015,2019,American Indian/Alaskan Native (includes Hispanic),
50,Vermont,50003,Bennington,2015,2019,White (includes Hispanic),5.8
50,Vermont,50003,Bennington,2016,2020,Asian/Pacific Islander (includes Hispanic),
50,Vermont,50003,Bennington,2016,2020,Black (includes Hispanic),
50,Vermont,50003,Bennington,2016,2020,Hispanic (all races),
50,Vermont,50003,Bennington,2016,2020,American Indian/Alaskan Native (includes Hispanic),
50,Vermont,50003,Bennington,2016,2020,White (includes Hispanic),6.5
50,Vermont,50005,Caledonia,2011,2015,Asian/Pacific Islander (includes Hispanic),
50,Vermont,50005,Caledonia,2011,2015,Black (includes Hispanic),
50,Vermont,50005,Caledonia,2011,2015,Hispanic (all races),
50,Vermont,50005,Caledonia,2011,2015,American Indian/Alaskan Native (includes Hispanic),
50,Vermont,50005,Caledonia,2011,2015,White (includes Hispanic),4.5
50,Vermont,50005,Caledonia,2012,2016,Asian/Pacific Islander (includes Hispanic),
50,Vermont,50005,Caledonia,2012,2016,Black (includes Hispanic),
50,Vermont,50005,Caledonia,2012,2016,Hispanic (all races),
50,Vermont,50005,Caledonia,2012,2016,American Indian/Alaskan Native (includes Hispanic),
50,Vermont,50005,Caledonia,2012,2016,White (includes Hispanic),3.9
50,Vermont,50005,Caledonia,2013,2017,Asian/Pacific Islander (includes Hispanic),
50,Vermont,50005,Caledonia,2013,2017,Black (includes Hispanic),
50,Vermont,50005,Caledonia,2013,2017,Hispanic (all races),
50,Vermont,50005,Caledonia,2013,2017,American Indian/Alaskan Native (includes Hispanic),
50,Vermont,50005,Caledonia,2013,2017,White (includes Hispanic),4.2
50,Vermont,50005,Caledonia,2014,2018,Asian/Pacific Islander (includes Hispanic),
50,Vermont,50005,Caledonia,2014,2018,Black (includes Hispanic),
50,Vermont,50005,Caledonia,2014,2018,Hispanic (all races),
50,Vermont,50005,Caledonia,2014,2018,American Indian/Alaskan Native (includes Hispanic),
50,Vermont,50005,Caledonia,2014,2018,White (includes Hispanic),3.3
50,Vermont,50005,Caledonia,2015,2019,Asian/Pacific Islander (includes Hispanic),
50,Vermont,50005,Caledonia,2015,2019,Black (includes Hispanic),
50,Vermont,50005,Caledonia,2015,2019,Hispanic (all races),
50,Vermont,50005,Caledonia,2015,2019,American Indian/Alaskan Native (includes Hispanic),
50,Vermont,50005,Caledonia,2015,2019,White (includes Hispanic),3.2
50,Vermont,50005,Caledonia,2016,2020,Asian/Pacific Islander (includes Hispanic),
50,Vermont,50005,Caledonia,2016,2020,Black (includes Hispanic),
50,Vermont,50005,Caledonia,2016,2020,Hispanic (all races),
50,Vermont,50005,Caledonia,2016,2020,American Indian/Alaskan Native (includes Hispanic),
50,Vermont,50005,Caledonia,2016,2020,White (includes Hispanic),4.0
50,Vermont,50007,Chittenden,2011,2015,Asian/Pacific Islander (includes Hispanic),
50,Vermont,50007,Chittenden,2011,2015,Black (includes Hispanic),
50,Vermont,50007,Chittenden,2011,2015,Hispanic (all races),
50,Vermont,50007,Chittenden,2011,2015,American Indian/Alaskan Native (includes Hispanic),
50,Vermont,50007,Chittenden,2011,2015,White (includes Hispanic),4.4
50,Vermont,50007,Chittenden,2012,2016,Asian/Pacific Islander (includes Hispanic),
50,Vermont,50007,Chittenden,2012,2016,Black (includes Hispanic),
50,Vermont,50007,Chittenden,2012,2016,Hispanic (all races),
50,Vermont,50007,Chittenden,2012,2016,American Indian/Alaskan Native (includes Hispanic),
50,Vermont,50007,Chittenden,2012,2016,White (includes Hispanic),4.6
50,Vermont,50007,Chittenden,2013,2017,Asian/Pacific Islander (includes Hispanic),
50,Vermont,50007,Chittenden,2013,2017,Black (includes Hispanic),
50,Vermont,50007,Chittenden,2013,2017,Hispanic (all races),
50,Vermont,50007,Chittenden,2013,2017,American Indian/Alaskan Native (includes Hispanic),
50,Vermont,50007,Chittenden,2013,2017,White (includes Hispanic),4.8
50,Vermont,50007,Chittenden,2014,2018,Asian/Pacific Islander (includes Hispanic),
50,Vermont,50007,Chittenden,2014,2018,Black (includes Hispanic),
50,Vermont,50007,Chittenden,2014,2018,Hispanic (all races),
50,Vermont,50007,Chittenden,2014,2018,American Indian/Alaskan Native (includes Hispanic),
50,Vermont,50007,Chittenden,2014,2018,White (includes Hispanic),4.5
50,Vermont,50007,Chittenden,2015,2019,Asian/Pacific Islander (includes Hispanic),
50,Vermont,50007,Chittenden,2015,2019,Black (includes Hispanic),
50,Vermont,50007,Chittenden,2015,2019,Hispanic (all races),
50,Vermont,50007,Chittenden,2015,2019,American Indian/Alaskan Native (includes Hispanic),
50,Vermont,50007,Chittenden,2015,2019,White (includes Hispanic),4.7
50,Vermont,50007,Chittenden,2016,2020,Asian/Pacific Islander (includes Hispanic),
50,Vermont,50007,Chittenden,2016,2020,Black (includes Hispanic),
50,Vermont,50007,Chittenden,2016,2020,Hispanic (all races),
50,Vermont,50007,Chittenden,2016,2020,American Indian/Alaskan Native (includes Hispanic),
50,Vermont,50007,Chittenden,2016,2020,White (includes Hispanic),5.5
50,Vermont,50009,Essex,2011,2015,Asian/Pacific Islander (includes Hispanic),
50,Vermont,50009,Essex,2011,2015,Black (includes Hispanic),
50,Vermont,50009,Essex,2011,2015,Hispanic (all races),
50,Vermont,50009,Essex,2011,2015,American Indian/Alaskan Native (includes Hispanic),
50,Vermont,50009,Essex,2011,2015,White (includes Hispanic),6.0
50,Vermont,50009,Essex,2012,2016,Asian/Pacific Islander (includes Hispanic),
50,Vermont,50009,Essex,2012,2016,Black (includes Hispanic),
50,Vermont,50009,Essex,2012,2016,Hispanic (all races),
50,Vermont,50009,Essex,2012,2016,American Indian/Alaskan Native (includes Hispanic),
50,Vermont,50009,Essex,2012,2016,White (includes Hispanic),5.0
50,Vermont,50009,Essex,2013,2017,Asian/Pacific Islander (includes Hispanic),
50,Vermont,50009,Essex,2013,2017,Black (includes Hispanic),
50,Vermont,50009,Essex,2013,2017,Hispanic (all races),
50,Vermont,50009,Essex,2013,2017,American Indian/Alaskan Native (includes Hispanic),
50,Vermont,50009,Essex,2013,2017,White (includes Hispanic),4.9
50,Vermont,50009,Essex,2014,2018,Asian/Pacific Islander (includes Hispanic),
50,Vermont,50009,Essex,2014,2018,Black (includes Hispanic),
50,Vermont,50009,Essex,2014,2018,Hispanic (all races),
50,Vermont,50009,Essex,2014,2018,American Indian/Alaskan Native (includes Hispanic),
50,Vermont,50009,Essex,2014,2018,White (includes Hispanic),3.9
50,Vermont,50009,Essex,2015,2019,Asian/Pacific Islander (includes Hispanic),
50,Vermont,50009,Essex,2015,2019,Black (includes Hispanic),
50,Vermont,50009,Essex,2015,2019,Hispanic (all races),
50,Vermont,50009,Essex,2015,2019,American Indian/Alaskan Native (includes Hispanic),
50,Vermont,50009,Essex,2015,2019,White (includes Hispanic),3.8
50,Vermont,50009,Essex,2016,2020,Asian/Pacific Islander (includes Hispanic),
50,Vermont,50009,Essex,2016,2020,Black (includes Hispanic),
50,Vermont,50009,Essex,2016,2020,Hispanic (all races),
50,Vermont,50009,Essex,2016,2020,American Indian/Alaskan Native (includes Hispanic),
50,Vermont,50009,Essex,2016,2020,White (includes Hispanic),4.0
50,Vermont,50011,Franklin,2011,2015,Asian/Pacific Islander (includes Hispanic),
50,Vermont,50011,Franklin,2011,2015,Black (includes Hispanic),
50,Vermont,50011,Franklin,2011,2015,Hispanic (all races),
50,Vermont,50011,Franklin,2011,2015,American Indian/Alaskan Native (includes Hispanic),
50,Vermont,50011,Franklin,2011,2015,White (includes Hispanic),5.3
50,Vermont,50011,Franklin,2012,2016,Asian/Pacific Islander (includes Hispanic),
50,Vermont,50011,Franklin,2012,2016,Black (includes Hispanic),
50,Vermont,50011,Franklin,2012,2016,Hispanic (all races),
50,Vermont,50011,Franklin,2012,2016,American Indian/Alaskan Native (includes Hispanic),
50,Vermont,50011,Franklin,2012,2016,White (includes Hispanic),5.2
50,Vermont,50011,Franklin,2013,2017,Asian/Pacific Islander (includes Hispanic),
50,Vermont,50011,Franklin,2013,2017,Black (includes Hispanic),
50,Vermont,50011,Franklin,2013,2017,Hispanic (all races),
50,Vermont,50011,Franklin,2013,2017,American Indian/Alaskan Native (includes Hispanic),
50,Vermont,50011,Franklin,2013,2017,White (includes Hispanic),5.9
50,Vermont,50011,Franklin,2014,2018,Asian/Pacific Islander (includes Hispanic),
50,Vermont,50011,Franklin,2014,2018,Black (includes Hispanic),
50,Vermont,50011,Franklin,2014,2018,Hispanic (all races),
50,Vermont,50011,Franklin,2014,2018,American Indian/Alaskan Native (includes Hispanic),
50,Vermont,50011,Franklin,2014,2018,White (includes Hispanic),4.9
50,Vermont,50011,Franklin,2015,2019,Asian/Pacific Islander (includes Hispanic),
50,Vermont,50011,Franklin,2015,2019,Black (includes Hispanic),
50,Vermont,50011,Franklin,2015,2019,Hispanic (all races),
50,Vermont,50011,Franklin,2015,2019,American Indian/Alaskan Native (includes Hispanic),
50,Vermont,50011,Franklin,2015,2019,White (includes Hispanic),5.3
50,Vermont,50011,Franklin,2016,2020,Asian/Pacific Islander (includes Hispanic),
50,Vermont,50011,Franklin,2016,2020,Black (includes Hispanic),
50,Vermont,50011,Franklin,2016,2020,Hispanic (all races),
50,Vermont,50011,Franklin,2016,2020,American Indian/Alaskan Native (includes Hispanic),
50,Vermont,50011,Franklin,2016,2020,White (includes Hispanic),6.0
50,Vermont,50013,Grand Isle,2011,2015,Asian/Pacific Islander (includes Hispanic),
50,Vermont,50013,Grand Isle,2011,2015,Black (includes Hispanic),
50,Vermont,50013,Grand Isle,2011,2015,Hispanic (all races),
50,Vermont,50013,Grand Isle,2011,2015,American Indian/Alaskan Native (includes Hispanic),
50,Vermont,50013,Grand Isle,2011,2015,White (includes Hispanic),5.5
50,Vermont,50013,Grand Isle,2012,2016,Asian/Pacific Islander (includes Hispanic),
50,Vermont,50013,Grand Isle,2012,2016,Black (includes Hispanic),
50,Vermont,50013,Grand Isle,2012,2016,Hispanic (all races),
50,Vermont,50013,Grand Isle,2012,2016,American Indian/Alaskan Native (includes Hispanic),
50,Vermont,50013,Grand Isle,2012,2016,White (includes Hispanic),5.4
50,Vermont,50013,Grand Isle,2013,2017,Asian/Pacific Islander (includes Hispanic),
50,Vermont,50013,Grand Isle,2013,2017,Black (includes Hispanic),
50,Vermont,50013,Grand Isle,2013,2017,Hispanic (all races),
50,Vermont,50013,Grand Isle,2013,2017,American Indian/Alaskan Native (includes Hispanic),
50,Vermont,50013,Grand Isle,2013,2017,White (includes Hispanic),5.3
50,Vermont,50013,Grand Isle,2014,2018,Asian/Pacific Islander (includes Hispanic),
50,Vermont,50013,Grand Isle,2014,2018,Black (includes Hispanic),
50,Vermont,50013,Grand Isle,2014,2018,Hispanic (all races),
50,Vermont,50013,Grand Isle,2014,2018,American Indian/Alaskan Native (includes Hispanic),
50,Vermont,50013,Grand Isle,2014,2018,White (includes Hispanic),4.9
50,Vermont,50013,Grand Isle,2015,2019,Asian/Pacific Islander (includes Hispanic),
50,Vermont,50013,Grand Isle,2015,2019,Black (includes Hispanic),
50,Vermont,50013,Grand Isle,2015,2019,Hispanic (all races),
50,Vermont,50013,Grand Isle,2015,2019,American Indian/Alaskan Native (includes Hispanic),
50,Vermont,50013,Grand Isle,2015,2019,White (includes Hispanic),5.4
50,Vermont,50013,Grand Isle,2016,2020,Asian/Pacific Islander (includes Hispanic),
50,Vermont,50013,Grand Isle,2016,2020,Black (includes Hispanic),
50,Vermont,50013,Grand Isle,2016,2020,Hispanic (all races),
50,Vermont,50013,Grand Isle,2016,2020,American Indian/Alaskan Native (includes Hispanic),
50,Vermont,50013,Grand Isle,2016,2020,White (includes Hispanic),5.9
50,Vermont,50015,Lamoille,2011,2015,Asian/Pacific Islander (includes Hispanic),
50,Vermont,50015,Lamoille,2011,2015,Black (includes Hispanic),
50,Vermont,50015,Lamoille,2011,2015,Hispanic (all races),
50,Vermont,50015,Lamoille,2011,2015,American Indian/Alaskan Native (includes Hispanic),
50,Vermont,50015,Lamoille,2011,2015,White (includes Hispanic),4.1
50,Vermont,50015,Lamoille,2012,2016,Asian/Pacific Islander (includes Hispanic),
50,Vermont,50015,Lamoille,2012,2016,Black (includes Hispanic),
50,Vermont,50015,Lamoille,2012,2016,Hispanic (all races),
50,Vermont,50015,Lamoille,2012,2016,American Indian/Alaskan Native (includes Hispanic),
50,Vermont,50015,Lamoille,2012,2016,White (includes Hispanic),3.8
50,Vermont,50015,Lamoille,2013,2017,Asian/Pacific Islander (includes Hispanic),
50,Vermont,50015,Lamoille,2013,2017,Black (includes Hispanic),
50,Vermont,50015,Lamoille,2013,2017,Hispanic (all races),
50,Vermont,50015,Lamoille,2013,2017,American Indian/Alaskan Native (includes Hispanic),
50,Vermont,50015,Lamoille,2013,2017,White (includes Hispanic),4.5
50,Vermont,50015,Lamoille,2014,2018,Asian/Pacific Islander (includes Hispanic),
50,Vermont,50015,Lamoille,2014,2018,Black (includes Hispanic),
50,Vermont,50015,Lamoille,2014,2018,Hispanic (all races),
50,Vermont,50015,Lamoille,2014,2018,American Indian/Alaskan Native (includes Hispanic),
50,Vermont,50015,Lamoille,2014,2018,White (includes Hispanic),3.7
50,Vermont,50015,Lamoille,2015,2019,Asian/Pacific Islander (includes Hispanic),
50,Vermont,50015,Lamoille,2015,2019,Black (includes Hispanic),
50,Vermont,50015,Lamoille,2015,2019,Hispanic (all races),
50,Vermont,50015,Lamoille,2015,2019,American Indian/Alaskan Native (includes Hispanic),
50,Vermont,50015,Lamoille,2015,2019,White (includes Hispanic),4.1
50,Vermont,50015,Lamoille,2016,2020,Asian/Pacific Islander (includes Hispanic),
50,Vermont,50015,Lamoille,2016,2020,Black (includes Hispanic),
50,Vermont,50015,Lamoille,2016,2020,Hispanic (all races),
50,Vermont,50015,Lamoille,2016,2020,American Indian/Alaskan Native (includes Hispanic),
50,Vermont,50015,Lamoille,2016,2020,White (includes Hispanic),5.0
50,Vermont,50017,Orange,2011,2015,Asian/Pacific Islander (includes Hispanic),
50,Vermont,50017,Orange,2011,2015,Black (includes Hispanic),
50,Vermont,50017,Orange,2011,2015,Hispanic (all races),
50,Vermont,50017,Orange,2011,2015,American Indian/Alaskan Native (includes Hispanic),
50,Vermont,50017,Orange,2011,2015,White (includes Hispanic),3.7
50,Vermont,50017,Orange,2012,2016,Asian/Pacific Islander (includes Hispanic),
50,Vermont,50017,Orange,2012,2016,Black (includes Hispanic),
50,Vermont,50017,Orange,2012,2016,Hispanic (all races),
50,Vermont,50017,Orange,2012,2016,American Indian/Alaskan Native (includes Hispanic),
50,Vermont,50017,Orange,2012,2016,White (includes Hispanic),3.2
50,Vermont,50017,Orange,2013,2017,Asian/Pacific Islander (includes Hispanic),
50,Vermont,50017,Orange,2013,2017,Black (includes Hispanic),
50,Vermont,50017,Orange,2013,2017,Hispanic (all races),
50,Vermont,50017,Orange,2013,2017,American Indian/Alaskan Native (includes Hispanic),
50,Vermont,50017,Orange,2013,2017,White (includes Hispanic),3.1
50,Vermont,50017,Orange,2014,2018,Asian/Pacific Islander (includes Hispanic),
50,Vermont,50017,Orange,2014,2018,Black (includes Hispanic),
50,Vermont,50017,Orange,2014,2018,Hispanic (all races),
50,Vermont,50017,Orange,2014,2018,American Indian/Alaskan Native (includes Hispanic),
50,Vermont,50017,Orange,2014,2018,White (includes Hispanic),2.8
50,Vermont,50017,Orange,2015,2019,Asian/Pacific Islander (includes Hispanic),
50,Vermont,50017,Orange,2015,2019,Black (includes Hispanic),
50,Vermont,50017,Orange,2015,2019,Hispanic (all races),
50,Vermont,50017,Orange,2015,2019,American Indian/Alaskan Native (includes Hispanic),
50,Vermont,50017,Orange,2015,2019,White (includes Hispanic),2.4
50,Vermont,50017,Orange,2016,2020,Asian/Pacific Islander (includes Hispanic),
50,Vermont,50017,Orange,2016,2020,Black (includes Hispanic),
50,Vermont,50017,Orange,2016,2020,Hispanic (all races),
50,Vermont,50017,Orange,2016,2020,American Indian/Alaskan Native (includes Hispanic),
50,Vermont,50017,Orange,2016,2020,White (includes Hispanic),3.0
50,Vermont,50019,Orleans,2011,2015,Asian/Pacific Islander (includes Hispanic),
50,Vermont,50019,Orleans,2011,2015,Black (includes Hispanic),
50,Vermont,50019,Orleans,2011,2015,Hispanic (all races),
50,Vermont,50019,Orleans,2011,2015,American Indian/Alaskan Native (includes Hispanic),
50,Vermont,50019,Orleans,2011,2015,White (includes Hispanic),6.3
50,Vermont,50019,Orleans,2012,2016,Asian/Pacific Islander (includes Hispanic),
50,Vermont,50019,Orleans,2012,2016,Black (includes Hispanic),
50,Vermont,50019,Orleans,2012,2016,Hispanic (all races),
50,Vermont,50019,Orleans,2012,2016,American Indian/Alaskan Native (includes Hispanic),
50,Vermont,50019,Orleans,2012,2016,White (includes Hispanic),6.2
50,Vermont,50019,Orleans,2013,2017,Asian/Pacific Islander (includes Hispanic),
50,Vermont,50019,Orleans,2013,2017,Black (includes Hispanic),
50,Vermont,50019,Orleans,2013,2017,Hispanic (all races),
50,Vermont,50019,Orleans,2013,2017,American Indian/Alaskan Native (includes Hispanic),
50,Vermont,50019,Orleans,2013,2017,White (includes Hispanic),7.0
50,Vermont,50019,Orleans,2014,2018,Asian/Pacific Islander (includes Hispanic),
50,Vermont,50019,Orleans,2014,2018,Black (includes Hispanic),
50,Vermont,50019,Orleans,2014,2018,Hispanic (all races),
50,Vermont,50019,Orleans,2014,2018,American Indian/Alaskan Native (includes Hispanic),
50,Vermont,50019,Orleans,2014,2018,White (includes Hispanic),
50,Vermont,50019,Orleans,2015,2019,Asian/Pacific Islander (includes Hispanic),
50,Vermont,50019,Orleans,2015,2019,Black (includes Hispanic),
50,Vermont,50019,Orleans,2015,2019,Hispanic (all races),
50,Vermont,50019,Orleans,2015,2019,American Indian/Alaskan Native (includes Hispanic),
50,Vermont,50019,Orleans,2015,2019,White (includes Hispanic),5.2
50,Vermont,50019,Orleans,2016,2020,Asian/Pacific Islander (includes Hispanic),
50,Vermont,50019,Orleans,2016,2020,Black (includes Hispanic),
50,Vermont,50019,Orleans,2016,2020,Hispanic (all races),
50,Vermont,50019,Orleans,2016,2020,American Indian/Alaskan Native (includes Hispanic),
50,Vermont,50019,Orleans,2016,2020,White (includes Hispanic),5.9
50,Vermont,50021,Rutland,2011,2015,Asian/Pacific Islander (includes Hispanic),
50,Vermont,50021,Rutland,2011,2015,Black (includes Hispanic),
50,Vermont,50021,Rutland,2011,2015,Hispanic (all races),
50,Vermont,50021,Rutland,2011,2015,American Indian/Alaskan Native (includes Hispanic),
50,Vermont,50021,Rutland,2011,2015,White (includes Hispanic),5.4
50,Vermont,50021,Rutland,2012,2016,Asian/Pacific Islander (includes Hispanic),
50,Vermont,50021,Rutland,2012,2016,Black (includes Hispanic),
50,Vermont,50021,Rutland,2012,2016,Hispanic (all races),
50,Vermont,50021,Rutland,2012,2016,American Indian/Alaskan Native (includes Hispanic),
50,Vermont,50021,Rutland,2012,2016,White (includes Hispanic),5.3
50,Vermont,50021,Rutland,2013,2017,Asian/Pacific Islander (includes Hispanic),
50,Vermont,50021,Rutland,2013,2017,Black (includes Hispanic),
50,Vermont,50021,Rutland,2013,2017,Hispanic (all races),
50,Vermont,50021,Rutland,2013,2017,American Indian/Alaskan Native (includes Hispanic),
50,Vermont,50021,Rutland,2013,2017,White (includes Hispanic),4.4
50,Vermont,50021,Rutland,2014,2018,Asian/Pacific Islander (includes Hispanic),
50,Vermont,50021,Rutland,2014,2018,Black (includes Hispanic),
50,Vermont,50021,Rutland,2014,2018,Hispanic (all races),
50,Vermont,50021,Rutland,2014,2018,American Indian/Alaskan Native (includes Hispanic),
50,Vermont,50021,Rutland,2014,2018,White (includes Hispanic),4.9
50,Vermont,50021,Rutland,2015,2019,Asian/Pacific Islander (includes Hispanic),
50,Vermont,50021,Rutland,2015,2019,Black (includes Hispanic),
50,Vermont,50021,Rutland,2015,2019,Hispanic (all races),
50,Vermont,50021,Rutland,2015,2019,American Indian/Alaskan Native (includes Hispanic),
50,Vermont,50021,Rutland,2015,2019,White (includes Hispanic),6.9
50,Vermont,50021,Rutland,2016,2020,Asian/Pacific Islander (includes Hispanic),
50,Vermont,50021,Rutland,2016,2020,Black (includes Hispanic),
50,Vermont,50021,Rutland,2016,2020,Hispanic (all races),
50,Vermont,50021,Rutland,2016,2020,American Indian/Alaskan Native (includes Hispanic),
50,Vermont,50021,Rutland,2016,2020,White (includes Hispanic),7.6
50,Vermont,50023,Washington,2011,2015,Asian/Pacific Islander (includes Hispanic),
50,Vermont,50023,Washington,2011,2015,Black (includes Hispanic),
50,Vermont,50023,Washington,2011,2015,Hispanic (all races),
50,Vermont,50023,Washington,2011,2015,American Indian/Alaskan Native (includes Hispanic),
50,Vermont,50023,Washington,2011,2015,White (includes Hispanic),3.1
50,Vermont,50023,Washington,2012,2016,Asian/Pacific Islander (includes Hispanic),
50,Vermont,50023,Washington,2012,2016,Black (includes Hispanic),
50,Vermont,50023,Washington,2012,2016,Hispanic (all races),
50,Vermont,50023,Washington,2012,2016,American Indian/Alaskan Native (includes Hispanic),
50,Vermont,50023,Washington,2012,2016,White (includes Hispanic),2.8
50,Vermont,50023,Washington,2013,2017,Asian/Pacific Islander (includes Hispanic),
50,Vermont,50023,Washington,2013,2017,Black (includes Hispanic),
50,Vermont,50023,Washington,2013,2017,Hispanic (all races),
50,Vermont,50023,Washington,2013,2017,American Indian/Alaskan Native (includes Hispanic),
50,Vermont,50023,Washington,2013,2017,White (includes Hispanic),3.4
50,Vermont,50023,Washington,2014,2018,Asian/Pacific Islander (includes Hispanic),
50,Vermont,50023,Washington,2014,2018,Black (includes Hispanic),
50,Vermont,50023,Washington,2014,2018,Hispanic (all races),
50,Vermont,50023,Washington,2014,2018,American Indian/Alaskan Native (includes Hispanic),
50,Vermont,50023,Washington,2014,2018,White (includes Hispanic),3.4
50,Vermont,50023,Washington,2015,2019,Asian/Pacific Islander (includes Hispanic),
50,Vermont,50023,Washington,2015,2019,Black (includes Hispanic),
50,Vermont,50023,Washington,2015,2019,Hispanic (all races),
50,Vermont,50023,Washington,2015,2019,American Indian/Alaskan Native (includes Hispanic),
50,Vermont,50023,Washington,2015,2019,White (includes Hispanic),3.2
50,Vermont,50023,Washington,2016,2020,Asian/Pacific Islander (includes Hispanic),
50,Vermont,50023,Washington,2016,2020,Black (includes Hispanic),
50,Vermont,50023,Washington,2016,2020,Hispanic (all races),
50,Vermont,50023,Washington,2016,2020,American Indian/Alaskan Native (includes Hispanic),
50,Vermont,50023,Washington,2016,2020,White (includes Hispanic),4.1
50,Vermont,50025,Windham,2011,2015,Asian/Pacific Islander (includes Hispanic),
50,Vermont,50025,Windham,2011,2015,Black (includes Hispanic),
50,Vermont,50025,Windham,2011,2015,Hispanic (all races),
50,Vermont,50025,Windham,2011,2015,American Indian/Alaskan Native (includes Hispanic),
50,Vermont,50025,Windham,2011,2015,White (includes Hispanic),4.9
50,Vermont,50025,Windham,2012,2016,Asian/Pacific Islander (includes Hispanic),
50,Vermont,50025,Windham,2012,2016,Black (includes Hispanic),
50,Vermont,50025,Windham,2012,2016,Hispanic (all races),
50,Vermont,50025,Windham,2012,2016,American Indian/Alaskan Native (includes Hispanic),
50,Vermont,50025,Windham,2012,2016,White (includes Hispanic),4.7
50,Vermont,50025,Windham,2013,2017,Asian/Pacific Islander (includes Hispanic),
50,Vermont,50025,Windham,2013,2017,Black (includes Hispanic),
50,Vermont,50025,Windham,2013,2017,Hispanic (all races),
50,Vermont,50025,Windham,2013,2017,American Indian/Alaskan Native (includes Hispanic),
50,Vermont,50025,Windham,2013,2017,White (includes Hispanic),4.4
50,Vermont,50025,Windham,2014,2018,Asian/Pacific Islander (includes Hispanic),
50,Vermont,50025,Windham,2014,2018,Black (includes Hispanic),
50,Vermont,50025,Windham,2014,2018,Hispanic (all races),
50,Vermont,50025,Windham,2014,2018,American Indian/Alaskan Native (includes Hispanic),
50,Vermont,50025,Windham,2014,2018,White (includes Hispanic),4.6
50,Vermont,50025,Windham,2015,2019,Asian/Pacific Islander (includes Hispanic),
50,Vermont,50025,Windham,2015,2019,Black (includes Hispanic),
50,Vermont,50025,Windham,2015,2019,Hispanic (all races),
50,Vermont,50025,Windham,2015,2019,American Indian/Alaskan Native (includes Hispanic),
50,Vermont,50025,Windham,2015,2019,White (includes Hispanic),5.2
50,Vermont,50025,Windham,2016,2020,Asian/Pacific Islander (includes Hispanic),
50,Vermont,50025,Windham,2016,2020,Black (includes Hispanic),
50,Vermont,50025,Windham,2016,2020,Hispanic (all races),
50,Vermont,50025,Windham,2016,2020,American Indian/Alaskan Native (includes Hispanic),
50,Vermont,50025,Windham,2016,2020,White (includes Hispanic),4.8
50,Vermont,50027,Windsor,2011,2015,Asian/Pacific Islander (includes Hispanic),
50,Vermont,50027,Windsor,2011,2015,Black (includes Hispanic),
50,Vermont,50027,Windsor,2011,2015,Hispanic (all races),
50,Vermont,50027,Windsor,2011,2015,American Indian/Alaskan Native (includes Hispanic),
50,Vermont,50027,Windsor,2011,2015,White (includes Hispanic),4.7
50,Vermont,50027,Windsor,2012,2016,Asian/Pacific Islander (includes Hispanic),
50,Vermont,50027,Windsor,2012,2016,Black (includes Hispanic),
50,Vermont,50027,Windsor,2012,2016,Hispanic (all races),
50,Vermont,50027,Windsor,2012,2016,American Indian/Alaskan Native (includes Hispanic),
50,Vermont,50027,Windsor,2012,2016,White (includes Hispanic),3.9
50,Vermont,50027,Windsor,2013,2017,Asian/Pacific Islander (includes Hispanic),
50,Vermont,50027,Windsor,2013,2017,Black (includes Hispanic),
50,Vermont,50027,Windsor,2013,2017,Hispanic (all races),
50,Vermont,50027,Windsor,2013,2017,American Indian/Alaskan Native (includes Hispanic),
50,Vermont,50027,Windsor,2013,2017,White (includes Hispanic),3.3
50,Vermont,50027,Windsor,2014,2018,Asian/Pacific Islander (includes Hispanic),
50,Vermont,50027,Windsor,2014,2018,Black (includes Hispanic),
50,Vermont,50027,Windsor,2014,2018,Hispanic (all races),
50,Vermont,50027,Windsor,2014,2018,American Indian/Alaskan Native (includes Hispanic),
50,Vermont,50027,Windsor,2014,2018,White (includes Hispanic),3.6
50,Vermont,50027,Windsor,2015,2019,Asian/Pacific Islander (includes Hispanic),
50,Vermont,50027,Windsor,2015,2019,Black (includes Hispanic),
50,Vermont,50027,Windsor,2015,2019,Hispanic (all races),
50,Vermont,50027,Windsor,2015,2019,American Indian/Alaskan Native (includes Hispanic),
50,Vermont,50027,Windsor,2015,2019,White (includes Hispanic),4.6
50,Vermont,50027,Windsor,2016,2020,Asian/Pacific Islander (includes Hispanic),
50,Vermont,50027,Windsor,2016,2020,Black (includes Hispanic),
50,Vermont,50027,Windsor,2016,2020,Hispanic (all races),
50,Vermont,50027,Windsor,2016,2020,American Indian/Alaskan Native (includes Hispanic),
50,Vermont,50027,Windsor,2016,2020,White (includes Hispanic),5.0
53,Washington,53001,Adams,2011,2015,Asian/Pacific Islander (includes Hispanic),
53,Washington,53001,Adams,2011,2015,Black (includes Hispanic),
53,Washington,53001,Adams,2011,2015,Hispanic (all races),
53,Washington,53001,Adams,2011,2015,American Indian/Alaskan Native (includes Hispanic),
53,Washington,53001,Adams,2011,2015,White (includes Hispanic),5.6
53,Washington,53001,Adams,2012,2016,Asian/Pacific Islander (includes Hispanic),
53,Washington,53001,Adams,2012,2016,Black (includes Hispanic),
53,Washington,53001,Adams,2012,2016,Hispanic (all races),
53,Washington,53001,Adams,2012,2016,American Indian/Alaskan Native (includes Hispanic),
53,Washington,53001,Adams,2012,2016,White (includes Hispanic),5.2
53,Washington,53001,Adams,2013,2017,Asian/Pacific Islander (includes Hispanic),
53,Washington,53001,Adams,2013,2017,Black (includes Hispanic),
53,Washington,53001,Adams,2013,2017,Hispanic (all races),
53,Washington,53001,Adams,2013,2017,American Indian/Alaskan Native (includes Hispanic),
53,Washington,53001,Adams,2013,2017,White (includes Hispanic),4.1
53,Washington,53001,Adams,2014,2018,Asian/Pacific Islander (includes Hispanic),
53,Washington,53001,Adams,2014,2018,Black (includes Hispanic),
53,Washington,53001,Adams,2014,2018,Hispanic (all races),
53,Washington,53001,Adams,2014,2018,American Indian/Alaskan Native (includes Hispanic),
53,Washington,53001,Adams,2014,2018,White (includes Hispanic),5.2
53,Washington,53001,Adams,2015,2019,Asian/Pacific Islander (includes Hispanic),
53,Washington,53001,Adams,2015,2019,Black (includes Hispanic),
53,Washington,53001,Adams,2015,2019,Hispanic (all races),
53,Washington,53001,Adams,2015,2019,American Indian/Alaskan Native (includes Hispanic),
53,Washington,53001,Adams,2015,2019,White (includes Hispanic),5.2
53,Washington,53001,Adams,2016,2020,Asian/Pacific Islander (includes Hispanic),
53,Washington,53001,Adams,2016,2020,Black (includes Hispanic),
53,Washington,53001,Adams,2016,2020,Hispanic (all races),
53,Washington,53001,Adams,2016,2020,American Indian/Alaskan Native (includes Hispanic),
53,Washington,53001,Adams,2016,2020,White (includes Hispanic),6.2
53,Washington,53003,Asotin,2011,2015,Asian/Pacific Islander (includes Hispanic),
53,Washington,53003,Asotin,2011,2015,Black (includes Hispanic),
53,Washington,53003,Asotin,2011,2015,Hispanic (all races),
53,Washington,53003,Asotin,2011,2015,American Indian/Alaskan Native (includes Hispanic),
53,Washington,53003,Asotin,2011,2015,White (includes Hispanic),7.2
53,Washington,53003,Asotin,2012,2016,Asian/Pacific Islander (includes Hispanic),
53,Washington,53003,Asotin,2012,2016,Black (includes Hispanic),
53,Washington,53003,Asotin,2012,2016,Hispanic (all races),
53,Washington,53003,Asotin,2012,2016,American Indian/Alaskan Native (includes Hispanic),
53,Washington,53003,Asotin,2012,2016,White (includes Hispanic),7.6
53,Washington,53003,Asotin,2013,2017,Asian/Pacific Islander (includes Hispanic),
53,Washington,53003,Asotin,2013,2017,Black (includes Hispanic),
53,Washington,53003,Asotin,2013,2017,Hispanic (all races),
53,Washington,53003,Asotin,2013,2017,American Indian/Alaskan Native (includes Hispanic),
53,Washington,53003,Asotin,2013,2017,White (includes Hispanic),
53,Washington,53003,Asotin,2014,2018,Asian/Pacific Islander (includes Hispanic),
53,Washington,53003,Asotin,2014,2018,Black (includes Hispanic),
53,Washington,53003,Asotin,2014,2018,Hispanic (all races),
53,Washington,53003,Asotin,2014,2018,American Indian/Alaskan Native (includes Hispanic),
53,Washington,53003,Asotin,2014,2018,White (includes Hispanic),
53,Washington,53003,Asotin,2015,2019,Asian/Pacific Islander (includes Hispanic),
53,Washington,53003,Asotin,2015,2019,Black (includes Hispanic),
53,Washington,53003,Asotin,2015,2019,Hispanic (all races),
53,Washington,53003,Asotin,2015,2019,American Indian/Alaskan Native (includes Hispanic),
53,Washington,53003,Asotin,2015,2019,White (includes Hispanic),
53,Washington,53003,Asotin,2016,2020,Asian/Pacific Islander (includes Hispanic),
53,Washington,53003,Asotin,2016,2020,Black (includes Hispanic),
53,Washington,53003,Asotin,2016,2020,Hispanic (all races),
53,Washington,53003,Asotin,2016,2020,American Indian/Alaskan Native (includes Hispanic),
53,Washington,53003,Asotin,2016,2020,White (includes Hispanic),7.1
53,Washington,53005,Benton,2011,2015,Asian/Pacific Islander (includes Hispanic),
53,Washington,53005,Benton,2011,2015,Black (includes Hispanic),
53,Washington,53005,Benton,2011,2015,Hispanic (all races),6.9
53,Washington,53005,Benton,2011,2015,American Indian/Alaskan Native (includes Hispanic),
53,Washington,53005,Benton,2011,2015,White (includes Hispanic),6.7
53,Washington,53005,Benton,2012,2016,Asian/Pacific Islander (includes Hispanic),
53,Washington,53005,Benton,2012,2016,Black (includes Hispanic),
53,Washington,53005,Benton,2012,2016,Hispanic (all races),6.5
53,Washington,53005,Benton,2012,2016,American Indian/Alaskan Native (includes Hispanic),
53,Washington,53005,Benton,2012,2016,White (includes Hispanic),6.4
53,Washington,53005,Benton,2013,2017,Asian/Pacific Islander (includes Hispanic),
53,Washington,53005,Benton,2013,2017,Black (includes Hispanic),
53,Washington,53005,Benton,2013,2017,Hispanic (all races),5.0
53,Washington,53005,Benton,2013,2017,American Indian/Alaskan Native (includes Hispanic),
53,Washington,53005,Benton,2013,2017,White (includes Hispanic),5.7
53,Washington,53005,Benton,2014,2018,Asian/Pacific Islander (includes Hispanic),
53,Washington,53005,Benton,2014,2018,Black (includes Hispanic),
53,Washington,53005,Benton,2014,2018,Hispanic (all races),6.3
53,Washington,53005,Benton,2014,2018,American Indian/Alaskan Native (includes Hispanic),
53,Washington,53005,Benton,2014,2018,White (includes Hispanic),5.7
53,Washington,53005,Benton,2015,2019,Asian/Pacific Islander (includes Hispanic),
53,Washington,53005,Benton,2015,2019,Black (includes Hispanic),
53,Washington,53005,Benton,2015,2019,Hispanic (all races),8.2
53,Washington,53005,Benton,2015,2019,American Indian/Alaskan Native (includes Hispanic),
53,Washington,53005,Benton,2015,2019,White (includes Hispanic),6.3
53,Washington,53005,Benton,2016,2020,Asian/Pacific Islander (includes Hispanic),
53,Washington,53005,Benton,2016,2020,Black (includes Hispanic),
53,Washington,53005,Benton,2016,2020,Hispanic (all races),7.9
53,Washington,53005,Benton,2016,2020,American Indian/Alaskan Native (includes Hispanic),
53,Washington,53005,Benton,2016,2020,White (includes Hispanic),6.7
53,Washington,53007,Chelan,2011,2015,Asian/Pacific Islander (includes Hispanic),6.8
53,Washington,53007,Chelan,2011,2015,Black (includes Hispanic),6.4
53,Washington,53007,Chelan,2011,2015,Hispanic (all races),8.9
53,Washington,53007,Chelan,2011,2015,American Indian/Alaskan Native (includes Hispanic),
53,Washington,53007,Chelan,2011,2015,White (includes Hispanic),6.1
53,Washington,53007,Chelan,2012,2016,Asian/Pacific Islander (includes Hispanic),7.0
53,Washington,53007,Chelan,2012,2016,Black (includes Hispanic),7.4
53,Washington,53007,Chelan,2012,2016,Hispanic (all races),7.0
53,Washington,53007,Chelan,2012,2016,American Indian/Alaskan Native (includes Hispanic),
53,Washington,53007,Chelan,2012,2016,White (includes Hispanic),5.8
53,Washington,53007,Chelan,2013,2017,Asian/Pacific Islander (includes Hispanic),7.0
53,Washington,53007,Chelan,2013,2017,Black (includes Hispanic),8.5
53,Washington,53007,Chelan,2013,2017,Hispanic (all races),7.2
53,Washington,53007,Chelan,2013,2017,American Indian/Alaskan Native (includes Hispanic),
53,Washington,53007,Chelan,2013,2017,White (includes Hispanic),6.0
53,Washington,53007,Chelan,2014,2018,Asian/Pacific Islander (includes Hispanic),6.9
53,Washington,53007,Chelan,2014,2018,Black (includes Hispanic),8.7
53,Washington,53007,Chelan,2014,2018,Hispanic (all races),7.2
53,Washington,53007,Chelan,2014,2018,American Indian/Alaskan Native (includes Hispanic),
53,Washington,53007,Chelan,2014,2018,White (includes Hispanic),6.1
53,Washington,53007,Chelan,2015,2019,Asian/Pacific Islander (includes Hispanic),6.8
53,Washington,53007,Chelan,2015,2019,Black (includes Hispanic),9.1
53,Washington,53007,Chelan,2015,2019,Hispanic (all races),7.4
53,Washington,53007,Chelan,2015,2019,American Indian/Alaskan Native (includes Hispanic),
53,Washington,53007,Chelan,2015,2019,White (includes Hispanic),5.9
53,Washington,53007,Chelan,2016,2020,Asian/Pacific Islander (includes Hispanic),6.2
53,Washington,53007,Chelan,2016,2020,Black (includes Hispanic),7.3
53,Washington,53007,Chelan,2016,2020,Hispanic (all races),7.6
53,Washington,53007,Chelan,2016,2020,American Indian/Alaskan Native (includes Hispanic),
53,Washington,53007,Chelan,2016,2020,White (includes Hispanic),5.8
53,Washington,53009,Clallam,2011,2015,Asian/Pacific Islander (includes Hispanic),
53,Washington,53009,Clallam,2011,2015,Black (includes Hispanic),
53,Washington,53009,Clallam,2011,2015,Hispanic (all races),
53,Washington,53009,Clallam,2011,2015,American Indian/Alaskan Native (includes Hispanic),
53,Washington,53009,Clallam,2011,2015,White (includes Hispanic),8.5
53,Washington,53009,Clallam,2012,2016,Asian/Pacific Islander (includes Hispanic),
53,Washington,53009,Clallam,2012,2016,Black (includes Hispanic),
53,Washington,53009,Clallam,2012,2016,Hispanic (all races),
53,Washington,53009,Clallam,2012,2016,American Indian/Alaskan Native (includes Hispanic),
53,Washington,53009,Clallam,2012,2016,White (includes Hispanic),9.1
53,Washington,53009,Clallam,2013,2017,Asian/Pacific Islander (includes Hispanic),
53,Washington,53009,Clallam,2013,2017,Black (includes Hispanic),
53,Washington,53009,Clallam,2013,2017,Hispanic (all races),
53,Washington,53009,Clallam,2013,2017,American Indian/Alaskan Native (includes Hispanic),
53,Washington,53009,Clallam,2013,2017,White (includes Hispanic),9.4
53,Washington,53009,Clallam,2014,2018,Asian/Pacific Islander (includes Hispanic),
53,Washington,53009,Clallam,2014,2018,Black (includes Hispanic),
53,Washington,53009,Clallam,2014,2018,Hispanic (all races),
53,Washington,53009,Clallam,2014,2018,American Indian/Alaskan Native (includes Hispanic),
53,Washington,53009,Clallam,2014,2018,White (includes Hispanic),8.4
53,Washington,53009,Clallam,2015,2019,Asian/Pacific Islander (includes Hispanic),
53,Washington,53009,Clallam,2015,2019,Black (includes Hispanic),
53,Washington,53009,Clallam,2015,2019,Hispanic (all races),
53,Washington,53009,Clallam,2015,2019,American Indian/Alaskan Native (includes Hispanic),
53,Washington,53009,Clallam,2015,2019,White (includes Hispanic),8.8
53,Washington,53009,Clallam,2016,2020,Asian/Pacific Islander (includes Hispanic),
53,Washington,53009,Clallam,2016,2020,Black (includes Hispanic),
53,Washington,53009,Clallam,2016,2020,Hispanic (all races),
53,Washington,53009,Clallam,2016,2020,American Indian/Alaskan Native (includes Hispanic),
53,Washington,53009,Clallam,2016,2020,White (includes Hispanic),7.4
53,Washington,53011,Clark,2011,2015,Asian/Pacific Islander (includes Hispanic),
53,Washington,53011,Clark,2011,2015,Black (includes Hispanic),
53,Washington,53011,Clark,2011,2015,Hispanic (all races),
53,Washington,53011,Clark,2011,2015,American Indian/Alaskan Native (includes Hispanic),
53,Washington,53011,Clark,2011,2015,White (includes Hispanic),6.5
53,Washington,53011,Clark,2012,2016,Asian/Pacific Islander (includes Hispanic),
53,Washington,53011,Clark,2012,2016,Black (includes Hispanic),
53,Washington,53011,Clark,2012,2016,Hispanic (all races),8.1
53,Washington,53011,Clark,2012,2016,American Indian/Alaskan Native (includes Hispanic),
53,Washington,53011,Clark,2012,2016,White (includes Hispanic),6.4
53,Washington,53011,Clark,2013,2017,Asian/Pacific Islander (includes Hispanic),
53,Washington,53011,Clark,2013,2017,Black (includes Hispanic),
53,Washington,53011,Clark,2013,2017,Hispanic (all races),7.9
53,Washington,53011,Clark,2013,2017,American Indian/Alaskan Native (includes Hispanic),
53,Washington,53011,Clark,2013,2017,White (includes Hispanic),6.6
53,Washington,53011,Clark,2014,2018,Asian/Pacific Islander (includes Hispanic),
53,Washington,53011,Clark,2014,2018,Black (includes Hispanic),
53,Washington,53011,Clark,2014,2018,Hispanic (all races),8.5
53,Washington,53011,Clark,2014,2018,American Indian/Alaskan Native (includes Hispanic),
53,Washington,53011,Clark,2014,2018,White (includes Hispanic),6.7
53,Washington,53011,Clark,2015,2019,Asian/Pacific Islander (includes Hispanic),7.0
53,Washington,53011,Clark,2015,2019,Black (includes Hispanic),
53,Washington,53011,Clark,2015,2019,Hispanic (all races),7.1
53,Washington,53011,Clark,2015,2019,American Indian/Alaskan Native (includes Hispanic),
53,Washington,53011,Clark,2015,2019,White (includes Hispanic),6.9
53,Washington,53011,Clark,2016,2020,Asian/Pacific Islander (includes Hispanic),6.7
53,Washington,53011,Clark,2016,2020,Black (includes Hispanic),
53,Washington,53011,Clark,2016,2020,Hispanic (all races),7.2
53,Washington,53011,Clark,2016,2020,American Indian/Alaskan Native (includes Hispanic),
53,Washington,53011,Clark,2016,2020,White (includes Hispanic),6.5
53,Washington,53013,Columbia,2011,2015,Asian/Pacific Islander (includes Hispanic),
53,Washington,53013,Columbia,2011,2015,Black (includes Hispanic),
53,Washington,53013,Columbia,2011,2015,Hispanic (all races),
53,Washington,53013,Columbia,2011,2015,American Indian/Alaskan Native (includes Hispanic),
53,Washington,53013,Columbia,2011,2015,White (includes Hispanic),5.6
53,Washington,53013,Columbia,2012,2016,Asian/Pacific Islander (includes Hispanic),
53,Washington,53013,Columbia,2012,2016,Black (includes Hispanic),
53,Washington,53013,Columbia,2012,2016,Hispanic (all races),
53,Washington,53013,Columbia,2012,2016,American Indian/Alaskan Native (includes Hispanic),
53,Washington,53013,Columbia,2012,2016,White (includes Hispanic),6.0
53,Washington,53013,Columbia,2013,2017,Asian/Pacific Islander (includes Hispanic),
53,Washington,53013,Columbia,2013,2017,Black (includes Hispanic),
53,Washington,53013,Columbia,2013,2017,Hispanic (all races),
53,Washington,53013,Columbia,2013,2017,American Indian/Alaskan Native (includes Hispanic),
53,Washington,53013,Columbia,2013,2017,White (includes Hispanic),4.9
53,Washington,53013,Columbia,2014,2018,Asian/Pacific Islander (includes Hispanic),
53,Washington,53013,Columbia,2014,2018,Black (includes Hispanic),
53,Washington,53013,Columbia,2014,2018,Hispanic (all races),
53,Washington,53013,Columbia,2014,2018,American Indian/Alaskan Native (includes Hispanic),
53,Washington,53013,Columbia,2014,2018,White (includes Hispanic),5.2
53,Washington,53013,Columbia,2015,2019,Asian/Pacific Islander (includes Hispanic),
53,Washington,53013,Columbia,2015,2019,Black (includes Hispanic),
53,Washington,53013,Columbia,2015,2019,Hispanic (all races),
53,Washington,53013,Columbia,2015,2019,American Indian/Alaskan Native (includes Hispanic),
53,Washington,53013,Columbia,2015,2019,White (includes Hispanic),5.7
53,Washington,53013,Columbia,2016,2020,Asian/Pacific Islander (includes Hispanic),
53,Washington,53013,Columbia,2016,2020,Black (includes Hispanic),
53,Washington,53013,Columbia,2016,2020,Hispanic (all races),
53,Washington,53013,Columbia,2016,2020,American Indian/Alaskan Native (includes Hispanic),
53,Washington,53013,Columbia,2016,2020,White (includes Hispanic),6.4
53,Washington,53015,Cowlitz,2011,2015,Asian/Pacific Islander (includes Hispanic),
53,Washington,53015,Cowlitz,2011,2015,Black (includes Hispanic),
53,Washington,53015,Cowlitz,2011,2015,Hispanic (all races),
53,Washington,53015,Cowlitz,2011,2015,American Indian/Alaskan Native (includes Hispanic),
53,Washington,53015,Cowlitz,2011,2015,White (includes Hispanic),6.6
53,Washington,53015,Cowlitz,2012,2016,Asian/Pacific Islander (includes Hispanic),
53,Washington,53015,Cowlitz,2012,2016,Black (includes Hispanic),
53,Washington,53015,Cowlitz,2012,2016,Hispanic (all races),
53,Washington,53015,Cowlitz,2012,2016,American Indian/Alaskan Native (includes Hispanic),
53,Washington,53015,Cowlitz,2012,2016,White (includes Hispanic),6.7
53,Washington,53015,Cowlitz,2013,2017,Asian/Pacific Islander (includes Hispanic),
53,Washington,53015,Cowlitz,2013,2017,Black (includes Hispanic),
53,Washington,53015,Cowlitz,2013,2017,Hispanic (all races),
53,Washington,53015,Cowlitz,2013,2017,American Indian/Alaskan Native (includes Hispanic),
53,Washington,53015,Cowlitz,2013,2017,White (includes Hispanic),7.0
53,Washington,53015,Cowlitz,2014,2018,Asian/Pacific Islander (includes Hispanic),
53,Washington,53015,Cowlitz,2014,2018,Black (includes Hispanic),
53,Washington,53015,Cowlitz,2014,2018,Hispanic (all races),
53,Washington,53015,Cowlitz,2014,2018,American Indian/Alaskan Native (includes Hispanic),
53,Washington,53015,Cowlitz,2014,2018,White (includes Hispanic),6.4
53,Washington,53015,Cowlitz,2015,2019,Asian/Pacific Islander (includes Hispanic),
53,Washington,53015,Cowlitz,2015,2019,Black (includes Hispanic),
53,Washington,53015,Cowlitz,2015,2019,Hispanic (all races),
53,Washington,53015,Cowlitz,2015,2019,American Indian/Alaskan Native (includes Hispanic),
53,Washington,53015,Cowlitz,2015,2019,White (includes Hispanic),6.5
53,Washington,53015,Cowlitz,2016,2020,Asian/Pacific Islander (includes Hispanic),
53,Washington,53015,Cowlitz,2016,2020,Black (includes Hispanic),
53,Washington,53015,Cowlitz,2016,2020,Hispanic (all races),
53,Washington,53015,Cowlitz,2016,2020,American Indian/Alaskan Native (includes Hispanic),
53,Washington,53015,Cowlitz,2016,2020,White (includes Hispanic),5.9
53,Washington,53017,Douglas,2011,2015,Asian/Pacific Islander (includes Hispanic),
53,Washington,53017,Douglas,2011,2015,Black (includes Hispanic),
53,Washington,53017,Douglas,2011,2015,Hispanic (all races),
53,Washington,53017,Douglas,2011,2015,American Indian/Alaskan Native (includes Hispanic),
53,Washington,53017,Douglas,2011,2015,White (includes Hispanic),6.0
53,Washington,53017,Douglas,2012,2016,Asian/Pacific Islander (includes Hispanic),
53,Washington,53017,Douglas,2012,2016,Black (includes Hispanic),
53,Washington,53017,Douglas,2012,2016,Hispanic (all races),
53,Washington,53017,Douglas,2012,2016,American Indian/Alaskan Native (includes Hispanic),
53,Washington,53017,Douglas,2012,2016,White (includes Hispanic),5.1
53,Washington,53017,Douglas,2013,2017,Asian/Pacific Islander (includes Hispanic),
53,Washington,53017,Douglas,2013,2017,Black (includes Hispanic),
53,Washington,53017,Douglas,2013,2017,Hispanic (all races),
53,Washington,53017,Douglas,2013,2017,American Indian/Alaskan Native (includes Hispanic),
53,Washington,53017,Douglas,2013,2017,White (includes Hispanic),5.3
53,Washington,53017,Douglas,2014,2018,Asian/Pacific Islander (includes Hispanic),
53,Washington,53017,Douglas,2014,2018,Black (includes Hispanic),
53,Washington,53017,Douglas,2014,2018,Hispanic (all races),
53,Washington,53017,Douglas,2014,2018,American Indian/Alaskan Native (includes Hispanic),
53,Washington,53017,Douglas,2014,2018,White (includes Hispanic),5.1
53,Washington,53017,Douglas,2015,2019,Asian/Pacific Islander (includes Hispanic),
53,Washington,53017,Douglas,2015,2019,Black (includes Hispanic),
53,Washington,53017,Douglas,2015,2019,Hispanic (all races),
53,Washington,53017,Douglas,2015,2019,American Indian/Alaskan Native (includes Hispanic),
53,Washington,53017,Douglas,2015,2019,White (includes Hispanic),4.7
53,Washington,53017,Douglas,2016,2020,Asian/Pacific Islander (includes Hispanic),
53,Washington,53017,Douglas,2016,2020,Black (includes Hispanic),
53,Washington,53017,Douglas,2016,2020,Hispanic (all races),
53,Washington,53017,Douglas,2016,2020,American Indian/Alaskan Native (includes Hispanic),
53,Washington,53017,Douglas,2016,2020,White (includes Hispanic),5.7
53,Washington,53019,Ferry,2011,2015,Asian/Pacific Islander (includes Hispanic),
53,Washington,53019,Ferry,2011,2015,Black (includes Hispanic),
53,Washington,53019,Ferry,2011,2015,Hispanic (all races),
53,Washington,53019,Ferry,2011,2015,American Indian/Alaskan Native (includes Hispanic),
53,Washington,53019,Ferry,2011,2015,White (includes Hispanic),
53,Washington,53019,Ferry,2012,2016,Asian/Pacific Islander (includes Hispanic),
53,Washington,53019,Ferry,2012,2016,Black (includes Hispanic),
53,Washington,53019,Ferry,2012,2016,Hispanic (all races),
53,Washington,53019,Ferry,2012,2016,American Indian/Alaskan Native (includes Hispanic),
53,Washington,53019,Ferry,2012,2016,White (includes Hispanic),
53,Washington,53019,Ferry,2013,2017,Asian/Pacific Islander (includes Hispanic),
53,Washington,53019,Ferry,2013,2017,Black (includes Hispanic),
53,Washington,53019,Ferry,2013,2017,Hispanic (all races),
53,Washington,53019,Ferry,2013,2017,American Indian/Alaskan Native (includes Hispanic),
53,Washington,53019,Ferry,2013,2017,White (includes Hispanic),
53,Washington,53019,Ferry,2014,2018,Asian/Pacific Islander (includes Hispanic),
53,Washington,53019,Ferry,2014,2018,Black (includes Hispanic),
53,Washington,53019,Ferry,2014,2018,Hispanic (all races),
53,Washington,53019,Ferry,2014,2018,American Indian/Alaskan Native (includes Hispanic),
53,Washington,53019,Ferry,2014,2018,White (includes Hispanic),
53,Washington,53019,Ferry,2015,2019,Asian/Pacific Islander (includes Hispanic),
53,Washington,53019,Ferry,2015,2019,Black (includes Hispanic),
53,Washington,53019,Ferry,2015,2019,Hispanic (all races),
53,Washington,53019,Ferry,2015,2019,American Indian/Alaskan Native (includes Hispanic),
53,Washington,53019,Ferry,2015,2019,White (includes Hispanic),
53,Washington,53019,Ferry,2016,2020,Asian/Pacific Islander (includes Hispanic),
53,Washington,53019,Ferry,2016,2020,Black (includes Hispanic),
53,Washington,53019,Ferry,2016,2020,Hispanic (all races),
53,Washington,53019,Ferry,2016,2020,American Indian/Alaskan Native (includes Hispanic),
53,Washington,53019,Ferry,2016,2020,White (includes Hispanic),
53,Washington,53021,Franklin,2011,2015,Asian/Pacific Islander (includes Hispanic),
53,Washington,53021,Franklin,2011,2015,Black (includes Hispanic),
53,Washington,53021,Franklin,2011,2015,Hispanic (all races),
53,Washington,53021,Franklin,2011,2015,American Indian/Alaskan Native (includes Hispanic),
53,Washington,53021,Franklin,2011,2015,White (includes Hispanic),6.0
53,Washington,53021,Franklin,2012,2016,Asian/Pacific Islander (includes Hispanic),
53,Washington,53021,Franklin,2012,2016,Black (includes Hispanic),
53,Washington,53021,Franklin,2012,2016,Hispanic (all races),6.8
53,Washington,53021,Franklin,2012,2016,American Indian/Alaskan Native (includes Hispanic),
53,Washington,53021,Franklin,2012,2016,White (includes Hispanic),6.0
53,Washington,53021,Franklin,2013,2017,Asian/Pacific Islander (includes Hispanic),
53,Washington,53021,Franklin,2013,2017,Black (includes Hispanic),
53,Washington,53021,Franklin,2013,2017,Hispanic (all races),
53,Washington,53021,Franklin,2013,2017,American Indian/Alaskan Native (includes Hispanic),
53,Washington,53021,Franklin,2013,2017,White (includes Hispanic),5.4
53,Washington,53021,Franklin,2014,2018,Asian/Pacific Islander (includes Hispanic),
53,Washington,53021,Franklin,2014,2018,Black (includes Hispanic),
53,Washington,53021,Franklin,2014,2018,Hispanic (all races),7.4
53,Washington,53021,Franklin,2014,2018,American Indian/Alaskan Native (includes Hispanic),
53,Washington,53021,Franklin,2014,2018,White (includes Hispanic),5.7
53,Washington,53021,Franklin,2015,2019,Asian/Pacific Islander (includes Hispanic),
53,Washington,53021,Franklin,2015,2019,Black (includes Hispanic),
53,Washington,53021,Franklin,2015,2019,Hispanic (all races),9.1
53,Washington,53021,Franklin,2015,2019,American Indian/Alaskan Native (includes Hispanic),
53,Washington,53021,Franklin,2015,2019,White (includes Hispanic),6.3
53,Washington,53021,Franklin,2016,2020,Asian/Pacific Islander (includes Hispanic),
53,Washington,53021,Franklin,2016,2020,Black (includes Hispanic),
53,Washington,53021,Franklin,2016,2020,Hispanic (all races),8.1
53,Washington,53021,Franklin,2016,2020,American Indian/Alaskan Native (includes Hispanic),
53,Washington,53021,Franklin,2016,2020,White (includes Hispanic),6.5
53,Washington,53023,Garfield,2011,2015,Asian/Pacific Islander (includes Hispanic),
53,Washington,53023,Garfield,2011,2015,Black (includes Hispanic),
53,Washington,53023,Garfield,2011,2015,Hispanic (all races),
53,Washington,53023,Garfield,2011,2015,American Indian/Alaskan Native (includes Hispanic),
53,Washington,53023,Garfield,2011,2015,White (includes Hispanic),
53,Washington,53023,Garfield,2012,2016,Asian/Pacific Islander (includes Hispanic),
53,Washington,53023,Garfield,2012,2016,Black (includes Hispanic),
53,Washington,53023,Garfield,2012,2016,Hispanic (all races),
53,Washington,53023,Garfield,2012,2016,American Indian/Alaskan Native (includes Hispanic),
53,Washington,53023,Garfield,2012,2016,White (includes Hispanic),
53,Washington,53023,Garfield,2013,2017,Asian/Pacific Islander (includes Hispanic),
53,Washington,53023,Garfield,2013,2017,Black (includes Hispanic),
53,Washington,53023,Garfield,2013,2017,Hispanic (all races),
53,Washington,53023,Garfield,2013,2017,American Indian/Alaskan Native (includes Hispanic),
53,Washington,53023,Garfield,2013,2017,White (includes Hispanic),
53,Washington,53023,Garfield,2014,2018,Asian/Pacific Islander (includes Hispanic),
53,Washington,53023,Garfield,2014,2018,Black (includes Hispanic),
53,Washington,53023,Garfield,2014,2018,Hispanic (all races),
53,Washington,53023,Garfield,2014,2018,American Indian/Alaskan Native (includes Hispanic),
53,Washington,53023,Garfield,2014,2018,White (includes Hispanic),
53,Washington,53023,Garfield,2015,2019,Asian/Pacific Islander (includes Hispanic),
53,Washington,53023,Garfield,2015,2019,Black (includes Hispanic),
53,Washington,53023,Garfield,2015,2019,Hispanic (all races),
53,Washington,53023,Garfield,2015,2019,American Indian/Alaskan Native (includes Hispanic),
53,Washington,53023,Garfield,2015,2019,White (includes Hispanic),
53,Washington,53023,Garfield,2016,2020,Asian/Pacific Islander (includes Hispanic),
53,Washington,53023,Garfield,2016,2020,Black (includes Hispanic),
53,Washington,53023,Garfield,2016,2020,Hispanic (all races),
53,Washington,53023,Garfield,2016,2020,American Indian/Alaskan Native (includes Hispanic),
53,Washington,53023,Garfield,2016,2020,White (includes Hispanic),
53,Washington,53025,Grant,2011,2015,Asian/Pacific Islander (includes Hispanic),
53,Washington,53025,Grant,2011,2015,Black (includes Hispanic),
53,Washington,53025,Grant,2011,2015,Hispanic (all races),8.3
53,Washington,53025,Grant,2011,2015,American Indian/Alaskan Native (includes Hispanic),
53,Washington,53025,Grant,2011,2015,White (includes Hispanic),6.7
53,Washington,53025,Grant,2012,2016,Asian/Pacific Islander (includes Hispanic),
53,Washington,53025,Grant,2012,2016,Black (includes Hispanic),
53,Washington,53025,Grant,2012,2016,Hispanic (all races),7.5
53,Washington,53025,Grant,2012,2016,American Indian/Alaskan Native (includes Hispanic),
53,Washington,53025,Grant,2012,2016,White (includes Hispanic),6.0
53,Washington,53025,Grant,2013,2017,Asian/Pacific Islander (includes Hispanic),
53,Washington,53025,Grant,2013,2017,Black (includes Hispanic),
53,Washington,53025,Grant,2013,2017,Hispanic (all races),5.7
53,Washington,53025,Grant,2013,2017,American Indian/Alaskan Native (includes Hispanic),
53,Washington,53025,Grant,2013,2017,White (includes Hispanic),5.6
53,Washington,53025,Grant,2014,2018,Asian/Pacific Islander (includes Hispanic),
53,Washington,53025,Grant,2014,2018,Black (includes Hispanic),
53,Washington,53025,Grant,2014,2018,Hispanic (all races),6.1
53,Washington,53025,Grant,2014,2018,American Indian/Alaskan Native (includes Hispanic),
53,Washington,53025,Grant,2014,2018,White (includes Hispanic),5.5
53,Washington,53025,Grant,2015,2019,Asian/Pacific Islander (includes Hispanic),
53,Washington,53025,Grant,2015,2019,Black (includes Hispanic),
53,Washington,53025,Grant,2015,2019,Hispanic (all races),7.5
53,Washington,53025,Grant,2015,2019,American Indian/Alaskan Native (includes Hispanic),
53,Washington,53025,Grant,2015,2019,White (includes Hispanic),6.2
53,Washington,53025,Grant,2016,2020,Asian/Pacific Islander (includes Hispanic),
53,Washington,53025,Grant,2016,2020,Black (includes Hispanic),
53,Washington,53025,Grant,2016,2020,Hispanic (all races),7.5
53,Washington,53025,Grant,2016,2020,American Indian/Alaskan Native (includes Hispanic),
53,Washington,53025,Grant,2016,2020,White (includes Hispanic),6.8
53,Washington,53027,Grays Harbor,2011,2015,Asian/Pacific Islander (includes Hispanic),
53,Washington,53027,Grays Harbor,2011,2015,Black (includes Hispanic),
53,Washington,53027,Grays Harbor,2011,2015,Hispanic (all races),
53,Washington,53027,Grays Harbor,2011,2015,American Indian/Alaskan Native (includes Hispanic),
53,Washington,53027,Grays Harbor,2011,2015,White (includes Hispanic),7.0
53,Washington,53027,Grays Harbor,2012,2016,Asian/Pacific Islander (includes Hispanic),
53,Washington,53027,Grays Harbor,2012,2016,Black (includes Hispanic),
53,Washington,53027,Grays Harbor,2012,2016,Hispanic (all races),
53,Washington,53027,Grays Harbor,2012,2016,American Indian/Alaskan Native (includes Hispanic),
53,Washington,53027,Grays Harbor,2012,2016,White (includes Hispanic),6.9
53,Washington,53027,Grays Harbor,2013,2017,Asian/Pacific Islander (includes Hispanic),
53,Washington,53027,Grays Harbor,2013,2017,Black (includes Hispanic),
53,Washington,53027,Grays Harbor,2013,2017,Hispanic (all races),
53,Washington,53027,Grays Harbor,2013,2017,American Indian/Alaskan Native (includes Hispanic),
53,Washington,53027,Grays Harbor,2013,2017,White (includes Hispanic),8.4
53,Washington,53027,Grays Harbor,2014,2018,Asian/Pacific Islander (includes Hispanic),
53,Washington,53027,Grays Harbor,2014,2018,Black (includes Hispanic),
53,Washington,53027,Grays Harbor,2014,2018,Hispanic (all races),
53,Washington,53027,Grays Harbor,2014,2018,American Indian/Alaskan Native (includes Hispanic),
53,Washington,53027,Grays Harbor,2014,2018,White (includes Hispanic),8.7
53,Washington,53027,Grays Harbor,2015,2019,Asian/Pacific Islander (includes Hispanic),
53,Washington,53027,Grays Harbor,2015,2019,Black (includes Hispanic),
53,Washington,53027,Grays Harbor,2015,2019,Hispanic (all races),
53,Washington,53027,Grays Harbor,2015,2019,American Indian/Alaskan Native (includes Hispanic),
53,Washington,53027,Grays Harbor,2015,2019,White (includes Hispanic),8.9
53,Washington,53027,Grays Harbor,2016,2020,Asian/Pacific Islander (includes Hispanic),
53,Washington,53027,Grays Harbor,2016,2020,Black (includes Hispanic),
53,Washington,53027,Grays Harbor,2016,2020,Hispanic (all races),
53,Washington,53027,Grays Harbor,2016,2020,American Indian/Alaskan Native (includes Hispanic),
53,Washington,53027,Grays Harbor,2016,2020,White (includes Hispanic),9.1
53,Washington,53029,Island,2011,2015,Asian/Pacific Islander (includes Hispanic),6.6
53,Washington,53029,Island,2011,2015,Black (includes Hispanic),
53,Washington,53029,Island,2011,2015,Hispanic (all races),
53,Washington,53029,Island,2011,2015,American Indian/Alaskan Native (includes Hispanic),
53,Washington,53029,Island,2011,2015,White (includes Hispanic),7.1
53,Washington,53029,Island,2012,2016,Asian/Pacific Islander (includes Hispanic),8.2
53,Washington,53029,Island,2012,2016,Black (includes Hispanic),
53,Washington,53029,Island,2012,2016,Hispanic (all races),
53,Washington,53029,Island,2012,2016,American Indian/Alaskan Native (includes Hispanic),
53,Washington,53029,Island,2012,2016,White (includes Hispanic),6.8
53,Washington,53029,Island,2013,2017,Asian/Pacific Islander (includes Hispanic),7.7
53,Washington,53029,Island,2013,2017,Black (includes Hispanic),
53,Washington,53029,Island,2013,2017,Hispanic (all races),
53,Washington,53029,Island,2013,2017,American Indian/Alaskan Native (includes Hispanic),
53,Washington,53029,Island,2013,2017,White (includes Hispanic),7.1
53,Washington,53029,Island,2014,2018,Asian/Pacific Islander (includes Hispanic),9.7
53,Washington,53029,Island,2014,2018,Black (includes Hispanic),
53,Washington,53029,Island,2014,2018,Hispanic (all races),8.0
53,Washington,53029,Island,2014,2018,American Indian/Alaskan Native (includes Hispanic),
53,Washington,53029,Island,2014,2018,White (includes Hispanic),7.6
53,Washington,53029,Island,2015,2019,Asian/Pacific Islander (includes Hispanic),8.4
53,Washington,53029,Island,2015,2019,Black (includes Hispanic),
53,Washington,53029,Island,2015,2019,Hispanic (all races),7.5
53,Washington,53029,Island,2015,2019,American Indian/Alaskan Native (includes Hispanic),
53,Washington,53029,Island,2015,2019,White (includes Hispanic),7.3
53,Washington,53029,Island,2016,2020,Asian/Pacific Islander (includes Hispanic),8.0
53,Washington,53029,Island,2016,2020,Black (includes Hispanic),
53,Washington,53029,Island,2016,2020,Hispanic (all races),7.3
53,Washington,53029,Island,2016,2020,American Indian/Alaskan Native (includes Hispanic),
53,Washington,53029,Island,2016,2020,White (includes Hispanic),6.9
53,Washington,53031,Jefferson,2011,2015,Asian/Pacific Islander (includes Hispanic),
53,Washington,53031,Jefferson,2011,2015,Black (includes Hispanic),
53,Washington,53031,Jefferson,2011,2015,Hispanic (all races),
53,Washington,53031,Jefferson,2011,2015,American Indian/Alaskan Native (includes Hispanic),
53,Washington,53031,Jefferson,2011,2015,White (includes Hispanic),8.3
53,Washington,53031,Jefferson,2012,2016,Asian/Pacific Islander (includes Hispanic),
53,Washington,53031,Jefferson,2012,2016,Black (includes Hispanic),
53,Washington,53031,Jefferson,2012,2016,Hispanic (all races),
53,Washington,53031,Jefferson,2012,2016,American Indian/Alaskan Native (includes Hispanic),
53,Washington,53031,Jefferson,2012,2016,White (includes Hispanic),8.2
53,Washington,53031,Jefferson,2013,2017,Asian/Pacific Islander (includes Hispanic),
53,Washington,53031,Jefferson,2013,2017,Black (includes Hispanic),
53,Washington,53031,Jefferson,2013,2017,Hispanic (all races),
53,Washington,53031,Jefferson,2013,2017,American Indian/Alaskan Native (includes Hispanic),
53,Washington,53031,Jefferson,2013,2017,White (includes Hispanic),9.2
53,Washington,53031,Jefferson,2014,2018,Asian/Pacific Islander (includes Hispanic),
53,Washington,53031,Jefferson,2014,2018,Black (includes Hispanic),
53,Washington,53031,Jefferson,2014,2018,Hispanic (all races),
53,Washington,53031,Jefferson,2014,2018,American Indian/Alaskan Native (includes Hispanic),
53,Washington,53031,Jefferson,2014,2018,White (includes Hispanic),9.2
53,Washington,53031,Jefferson,2015,2019,Asian/Pacific Islander (includes Hispanic),
53,Washington,53031,Jefferson,2015,2019,Black (includes Hispanic),
53,Washington,53031,Jefferson,2015,2019,Hispanic (all races),
53,Washington,53031,Jefferson,2015,2019,American Indian/Alaskan Native (includes Hispanic),
53,Washington,53031,Jefferson,2015,2019,White (includes Hispanic),8.1
53,Washington,53031,Jefferson,2016,2020,Asian/Pacific Islander (includes Hispanic),
53,Washington,53031,Jefferson,2016,2020,Black (includes Hispanic),
53,Washington,53031,Jefferson,2016,2020,Hispanic (all races),
53,Washington,53031,Jefferson,2016,2020,American Indian/Alaskan Native (includes Hispanic),
53,Washington,53031,Jefferson,2016,2020,White (includes Hispanic),7.6
53,Washington,53033,King,2011,2015,Asian/Pacific Islander (includes Hispanic),7.5
53,Washington,53033,King,2011,2015,Black (includes Hispanic),6.7
53,Washington,53033,King,2011,2015,Hispanic (all races),9.1
53,Washington,53033,King,2011,2015,American Indian/Alaskan Native (includes Hispanic),14.6
53,Washington,53033,King,2011,2015,White (includes Hispanic),7.0
53,Washington,53033,King,2012,2016,Asian/Pacific Islander (includes Hispanic),7.4
53,Washington,53033,King,2012,2016,Black (includes Hispanic),7.0
53,Washington,53033,King,2012,2016,Hispanic (all races),7.1
53,Washington,53033,King,2012,2016,American Indian/Alaskan Native (includes Hispanic),13.6
53,Washington,53033,King,2012,2016,White (includes Hispanic),6.7
53,Washington,53033,King,2013,2017,Asian/Pacific Islander (includes Hispanic),7.3
53,Washington,53033,King,2013,2017,Black (includes Hispanic),7.4
53,Washington,53033,King,2013,2017,Hispanic (all races),6.7
53,Washington,53033,King,2013,2017,American Indian/Alaskan Native (includes Hispanic),
53,Washington,53033,King,2013,2017,White (includes Hispanic),6.7
53,Washington,53033,King,2014,2018,Asian/Pacific Islander (includes Hispanic),7.3
53,Washington,53033,King,2014,2018,Black (includes Hispanic),7.8
53,Washington,53033,King,2014,2018,Hispanic (all races),6.9
53,Washington,53033,King,2014,2018,American Indian/Alaskan Native (includes Hispanic),
53,Washington,53033,King,2014,2018,White (includes Hispanic),6.7
53,Washington,53033,King,2015,2019,Asian/Pacific Islander (includes Hispanic),7.5
53,Washington,53033,King,2015,2019,Black (includes Hispanic),7.9
53,Washington,53033,King,2015,2019,Hispanic (all races),7.8
53,Washington,53033,King,2015,2019,American Indian/Alaskan Native (includes Hispanic),
53,Washington,53033,King,2015,2019,White (includes Hispanic),6.4
53,Washington,53033,King,2016,2020,Asian/Pacific Islander (includes Hispanic),6.9
53,Washington,53033,King,2016,2020,Black (includes Hispanic),6.5
53,Washington,53033,King,2016,2020,Hispanic (all races),8.2
53,Washington,53033,King,2016,2020,American Indian/Alaskan Native (includes Hispanic),
53,Washington,53033,King,2016,2020,White (includes Hispanic),6.2
53,Washington,53035,Kitsap,2011,2015,Asian/Pacific Islander (includes Hispanic),7.5
53,Washington,53035,Kitsap,2011,2015,Black (includes Hispanic),6.7
53,Washington,53035,Kitsap,2011,2015,Hispanic (all races),8.9
53,Washington,53035,Kitsap,2011,2015,American Indian/Alaskan Native (includes Hispanic),11.6
53,Washington,53035,Kitsap,2011,2015,White (includes Hispanic),6.9
53,Washington,53035,Kitsap,2012,2016,Asian/Pacific Islander (includes Hispanic),7.4
53,Washington,53035,Kitsap,2012,2016,Black (includes Hispanic),7.1
53,Washington,53035,Kitsap,2012,2016,Hispanic (all races),7.0
53,Washington,53035,Kitsap,2012,2016,American Indian/Alaskan Native (includes Hispanic),
53,Washington,53035,Kitsap,2012,2016,White (includes Hispanic),6.7
53,Washington,53035,Kitsap,2013,2017,Asian/Pacific Islander (includes Hispanic),7.3
53,Washington,53035,Kitsap,2013,2017,Black (includes Hispanic),7.5
53,Washington,53035,Kitsap,2013,2017,Hispanic (all races),7.0
53,Washington,53035,Kitsap,2013,2017,American Indian/Alaskan Native (includes Hispanic),
53,Washington,53035,Kitsap,2013,2017,White (includes Hispanic),6.9
53,Washington,53035,Kitsap,2014,2018,Asian/Pacific Islander (includes Hispanic),7.3
53,Washington,53035,Kitsap,2014,2018,Black (includes Hispanic),8.0
53,Washington,53035,Kitsap,2014,2018,Hispanic (all races),8.0
53,Washington,53035,Kitsap,2014,2018,American Indian/Alaskan Native (includes Hispanic),12.3
53,Washington,53035,Kitsap,2014,2018,White (includes Hispanic),6.9
53,Washington,53035,Kitsap,2015,2019,Asian/Pacific Islander (includes Hispanic),7.4
53,Washington,53035,Kitsap,2015,2019,Black (includes Hispanic),8.0
53,Washington,53035,Kitsap,2015,2019,Hispanic (all races),8.3
53,Washington,53035,Kitsap,2015,2019,American Indian/Alaskan Native (includes Hispanic),11.2
53,Washington,53035,Kitsap,2015,2019,White (includes Hispanic),6.5
53,Washington,53035,Kitsap,2016,2020,Asian/Pacific Islander (includes Hispanic),6.8
53,Washington,53035,Kitsap,2016,2020,Black (includes Hispanic),6.6
53,Washington,53035,Kitsap,2016,2020,Hispanic (all races),8.4
53,Washington,53035,Kitsap,2016,2020,American Indian/Alaskan Native (includes Hispanic),
53,Washington,53035,Kitsap,2016,2020,White (includes Hispanic),6.2
53,Washington,53037,Kittitas,2011,2015,Asian/Pacific Islander (includes Hispanic),7.6
53,Washington,53037,Kittitas,2011,2015,Black (includes Hispanic),6.6
53,Washington,53037,Kittitas,2011,2015,Hispanic (all races),8.2
53,Washington,53037,Kittitas,2011,2015,American Indian/Alaskan Native (includes Hispanic),13.9
53,Washington,53037,Kittitas,2011,2015,White (includes Hispanic),6.8
53,Washington,53037,Kittitas,2012,2016,Asian/Pacific Islander (includes Hispanic),7.1
53,Washington,53037,Kittitas,2012,2016,Black (includes Hispanic),7.2
53,Washington,53037,Kittitas,2012,2016,Hispanic (all races),6.2
53,Washington,53037,Kittitas,2012,2016,American Indian/Alaskan Native (includes Hispanic),13.8
53,Washington,53037,Kittitas,2012,2016,White (includes Hispanic),6.4
53,Washington,53037,Kittitas,2013,2017,Asian/Pacific Islander (includes Hispanic),7.1
53,Washington,53037,Kittitas,2013,2017,Black (includes Hispanic),7.8
53,Washington,53037,Kittitas,2013,2017,Hispanic (all races),6.0
53,Washington,53037,Kittitas,2013,2017,American Indian/Alaskan Native (includes Hispanic),13.7
53,Washington,53037,Kittitas,2013,2017,White (includes Hispanic),6.5
53,Washington,53037,Kittitas,2014,2018,Asian/Pacific Islander (includes Hispanic),6.8
53,Washington,53037,Kittitas,2014,2018,Black (includes Hispanic),8.4
53,Washington,53037,Kittitas,2014,2018,Hispanic (all races),6.5
53,Washington,53037,Kittitas,2014,2018,American Indian/Alaskan Native (includes Hispanic),
53,Washington,53037,Kittitas,2014,2018,White (includes Hispanic),6.3
53,Washington,53037,Kittitas,2015,2019,Asian/Pacific Islander (includes Hispanic),7.2
53,Washington,53037,Kittitas,2015,2019,Black (includes Hispanic),7.7
53,Washington,53037,Kittitas,2015,2019,Hispanic (all races),7.6
53,Washington,53037,Kittitas,2015,2019,American Indian/Alaskan Native (includes Hispanic),
53,Washington,53037,Kittitas,2015,2019,White (includes Hispanic),6.0
53,Washington,53037,Kittitas,2016,2020,Asian/Pacific Islander (includes Hispanic),6.5
53,Washington,53037,Kittitas,2016,2020,Black (includes Hispanic),6.5
53,Washington,53037,Kittitas,2016,2020,Hispanic (all races),8.1
53,Washington,53037,Kittitas,2016,2020,American Indian/Alaskan Native (includes Hispanic),
53,Washington,53037,Kittitas,2016,2020,White (includes Hispanic),6.0
53,Washington,53039,Klickitat,2011,2015,Asian/Pacific Islander (includes Hispanic),
53,Washington,53039,Klickitat,2011,2015,Black (includes Hispanic),
53,Washington,53039,Klickitat,2011,2015,Hispanic (all races),7.6
53,Washington,53039,Klickitat,2011,2015,American Indian/Alaskan Native (includes Hispanic),
53,Washington,53039,Klickitat,2011,2015,White (includes Hispanic),7.4
53,Washington,53039,Klickitat,2012,2016,Asian/Pacific Islander (includes Hispanic),
53,Washington,53039,Klickitat,2012,2016,Black (includes Hispanic),
53,Washington,53039,Klickitat,2012,2016,Hispanic (all races),6.9
53,Washington,53039,Klickitat,2012,2016,American Indian/Alaskan Native (includes Hispanic),
53,Washington,53039,Klickitat,2012,2016,White (includes Hispanic),6.8
53,Washington,53039,Klickitat,2013,2017,Asian/Pacific Islander (includes Hispanic),
53,Washington,53039,Klickitat,2013,2017,Black (includes Hispanic),
53,Washington,53039,Klickitat,2013,2017,Hispanic (all races),
53,Washington,53039,Klickitat,2013,2017,American Indian/Alaskan Native (includes Hispanic),
53,Washington,53039,Klickitat,2013,2017,White (includes Hispanic),6.4
53,Washington,53039,Klickitat,2014,2018,Asian/Pacific Islander (includes Hispanic),
53,Washington,53039,Klickitat,2014,2018,Black (includes Hispanic),
53,Washington,53039,Klickitat,2014,2018,Hispanic (all races),
53,Washington,53039,Klickitat,2014,2018,American Indian/Alaskan Native (includes Hispanic),
53,Washington,53039,Klickitat,2014,2018,White (includes Hispanic),6.0
53,Washington,53039,Klickitat,2015,2019,Asian/Pacific Islander (includes Hispanic),
53,Washington,53039,Klickitat,2015,2019,Black (includes Hispanic),
53,Washington,53039,Klickitat,2015,2019,Hispanic (all races),6.7
53,Washington,53039,Klickitat,2015,2019,American Indian/Alaskan Native (includes Hispanic),
53,Washington,53039,Klickitat,2015,2019,White (includes Hispanic),7.2
53,Washington,53039,Klickitat,2016,2020,Asian/Pacific Islander (includes Hispanic),
53,Washington,53039,Klickitat,2016,2020,Black (includes Hispanic),
53,Washington,53039,Klickitat,2016,2020,Hispanic (all races),6.8
53,Washington,53039,Klickitat,2016,2020,American Indian/Alaskan Native (includes Hispanic),
53,Washington,53039,Klickitat,2016,2020,White (includes Hispanic),7.3
53,Washington,53041,Lewis,2011,2015,Asian/Pacific Islander (includes Hispanic),8.3
53,Washington,53041,Lewis,2011,2015,Black (includes Hispanic),
53,Washington,53041,Lewis,2011,2015,Hispanic (all races),8.3
53,Washington,53041,Lewis,2011,2015,American Indian/Alaskan Native (includes Hispanic),19.6
53,Washington,53041,Lewis,2011,2015,White (includes Hispanic),8.4
53,Washington,53041,Lewis,2012,2016,Asian/Pacific Islander (includes Hispanic),8.2
53,Washington,53041,Lewis,2012,2016,Black (includes Hispanic),
53,Washington,53041,Lewis,2012,2016,Hispanic (all races),7.0
53,Washington,53041,Lewis,2012,2016,American Indian/Alaskan Native (includes Hispanic),17.1
53,Washington,53041,Lewis,2012,2016,White (includes Hispanic),8.0
53,Washington,53041,Lewis,2013,2017,Asian/Pacific Islander (includes Hispanic),8.0
53,Washington,53041,Lewis,2013,2017,Black (includes Hispanic),
53,Washington,53041,Lewis,2013,2017,Hispanic (all races),6.3
53,Washington,53041,Lewis,2013,2017,American Indian/Alaskan Native (includes Hispanic),
53,Washington,53041,Lewis,2013,2017,White (includes Hispanic),8.2
53,Washington,53041,Lewis,2014,2018,Asian/Pacific Islander (includes Hispanic),8.4
53,Washington,53041,Lewis,2014,2018,Black (includes Hispanic),
53,Washington,53041,Lewis,2014,2018,Hispanic (all races),6.9
53,Washington,53041,Lewis,2014,2018,American Indian/Alaskan Native (includes Hispanic),
53,Washington,53041,Lewis,2014,2018,White (includes Hispanic),7.8
53,Washington,53041,Lewis,2015,2019,Asian/Pacific Islander (includes Hispanic),9.8
53,Washington,53041,Lewis,2015,2019,Black (includes Hispanic),
53,Washington,53041,Lewis,2015,2019,Hispanic (all races),7.8
53,Washington,53041,Lewis,2015,2019,American Indian/Alaskan Native (includes Hispanic),
53,Washington,53041,Lewis,2015,2019,White (includes Hispanic),7.8
53,Washington,53041,Lewis,2016,2020,Asian/Pacific Islander (includes Hispanic),10.1
53,Washington,53041,Lewis,2016,2020,Black (includes Hispanic),
53,Washington,53041,Lewis,2016,2020,Hispanic (all races),8.2
53,Washington,53041,Lewis,2016,2020,American Indian/Alaskan Native (includes Hispanic),
53,Washington,53041,Lewis,2016,2020,White (includes Hispanic),7.7
53,Washington,53043,Lincoln,2011,2015,Asian/Pacific Islander (includes Hispanic),
53,Washington,53043,Lincoln,2011,2015,Black (includes Hispanic),
53,Washington,53043,Lincoln,2011,2015,Hispanic (all races),
53,Washington,53043,Lincoln,2011,2015,American Indian/Alaskan Native (includes Hispanic),
53,Washington,53043,Lincoln,2011,2015,White (includes Hispanic),5.5
53,Washington,53043,Lincoln,2012,2016,Asian/Pacific Islander (includes Hispanic),
53,Washington,53043,Lincoln,2012,2016,Black (includes Hispanic),
53,Washington,53043,Lincoln,2012,2016,Hispanic (all races),
53,Washington,53043,Lincoln,2012,2016,American Indian/Alaskan Native (includes Hispanic),
53,Washington,53043,Lincoln,2012,2016,White (includes Hispanic),5.5
53,Washington,53043,Lincoln,2013,2017,Asian/Pacific Islander (includes Hispanic),
53,Washington,53043,Lincoln,2013,2017,Black (includes Hispanic),
53,Washington,53043,Lincoln,2013,2017,Hispanic (all races),
53,Washington,53043,Lincoln,2013,2017,American Indian/Alaskan Native (includes Hispanic),
53,Washington,53043,Lincoln,2013,2017,White (includes Hispanic),5.4
53,Washington,53043,Lincoln,2014,2018,Asian/Pacific Islander (includes Hispanic),
53,Washington,53043,Lincoln,2014,2018,Black (includes Hispanic),
53,Washington,53043,Lincoln,2014,2018,Hispanic (all races),
53,Washington,53043,Lincoln,2014,2018,American Indian/Alaskan Native (includes Hispanic),
53,Washington,53043,Lincoln,2014,2018,White (includes Hispanic),5.6
53,Washington,53043,Lincoln,2015,2019,Asian/Pacific Islander (includes Hispanic),
53,Washington,53043,Lincoln,2015,2019,Black (includes Hispanic),
53,Washington,53043,Lincoln,2015,2019,Hispanic (all races),
53,Washington,53043,Lincoln,2015,2019,American Indian/Alaskan Native (includes Hispanic),
53,Washington,53043,Lincoln,2015,2019,White (includes Hispanic),5.9
53,Washington,53043,Lincoln,2016,2020,Asian/Pacific Islander (includes Hispanic),
53,Washington,53043,Lincoln,2016,2020,Black (includes Hispanic),
53,Washington,53043,Lincoln,2016,2020,Hispanic (all races),
53,Washington,53043,Lincoln,2016,2020,American Indian/Alaskan Native (includes Hispanic),
53,Washington,53043,Lincoln,2016,2020,White (includes Hispanic),6.2
53,Washington,53045,Mason,2011,2015,Asian/Pacific Islander (includes Hispanic),8.2
53,Washington,53045,Mason,2011,2015,Black (includes Hispanic),
53,Washington,53045,Mason,2011,2015,Hispanic (all races),8.2
53,Washington,53045,Mason,2011,2015,American Indian/Alaskan Native (includes Hispanic),
53,Washington,53045,Mason,2011,2015,White (includes Hispanic),8.5
53,Washington,53045,Mason,2012,2016,Asian/Pacific Islander (includes Hispanic),8.4
53,Washington,53045,Mason,2012,2016,Black (includes Hispanic),
53,Washington,53045,Mason,2012,2016,Hispanic (all races),7.1
53,Washington,53045,Mason,2012,2016,American Indian/Alaskan Native (includes Hispanic),
53,Washington,53045,Mason,2012,2016,White (includes Hispanic),8.2
53,Washington,53045,Mason,2013,2017,Asian/Pacific Islander (includes Hispanic),7.5
53,Washington,53045,Mason,2013,2017,Black (includes Hispanic),
53,Washington,53045,Mason,2013,2017,Hispanic (all races),6.7
53,Washington,53045,Mason,2013,2017,American Indian/Alaskan Native (includes Hispanic),
53,Washington,53045,Mason,2013,2017,White (includes Hispanic),8.6
53,Washington,53045,Mason,2014,2018,Asian/Pacific Islander (includes Hispanic),8.1
53,Washington,53045,Mason,2014,2018,Black (includes Hispanic),
53,Washington,53045,Mason,2014,2018,Hispanic (all races),9.4
53,Washington,53045,Mason,2014,2018,American Indian/Alaskan Native (includes Hispanic),
53,Washington,53045,Mason,2014,2018,White (includes Hispanic),8.4
53,Washington,53045,Mason,2015,2019,Asian/Pacific Islander (includes Hispanic),9.6
53,Washington,53045,Mason,2015,2019,Black (includes Hispanic),
53,Washington,53045,Mason,2015,2019,Hispanic (all races),8.7
53,Washington,53045,Mason,2015,2019,American Indian/Alaskan Native (includes Hispanic),
53,Washington,53045,Mason,2015,2019,White (includes Hispanic),7.8
53,Washington,53045,Mason,2016,2020,Asian/Pacific Islander (includes Hispanic),9.9
53,Washington,53045,Mason,2016,2020,Black (includes Hispanic),
53,Washington,53045,Mason,2016,2020,Hispanic (all races),8.8
53,Washington,53045,Mason,2016,2020,American Indian/Alaskan Native (includes Hispanic),
53,Washington,53045,Mason,2016,2020,White (includes Hispanic),7.6
53,Washington,53047,Okanogan,2011,2015,Asian/Pacific Islander (includes Hispanic),
53,Washington,53047,Okanogan,2011,2015,Black (includes Hispanic),
53,Washington,53047,Okanogan,2011,2015,Hispanic (all races),
53,Washington,53047,Okanogan,2011,2015,American Indian/Alaskan Native (includes Hispanic),
53,Washington,53047,Okanogan,2011,2015,White (includes Hispanic),6.0
53,Washington,53047,Okanogan,2012,2016,Asian/Pacific Islander (includes Hispanic),
53,Washington,53047,Okanogan,2012,2016,Black (includes Hispanic),
53,Washington,53047,Okanogan,2012,2016,Hispanic (all races),
53,Washington,53047,Okanogan,2012,2016,American Indian/Alaskan Native (includes Hispanic),
53,Washington,53047,Okanogan,2012,2016,White (includes Hispanic),5.5
53,Washington,53047,Okanogan,2013,2017,Asian/Pacific Islander (includes Hispanic),
53,Washington,53047,Okanogan,2013,2017,Black (includes Hispanic),
53,Washington,53047,Okanogan,2013,2017,Hispanic (all races),8.2
53,Washington,53047,Okanogan,2013,2017,American Indian/Alaskan Native (includes Hispanic),
53,Washington,53047,Okanogan,2013,2017,White (includes Hispanic),6.2
53,Washington,53047,Okanogan,2014,2018,Asian/Pacific Islander (includes Hispanic),
53,Washington,53047,Okanogan,2014,2018,Black (includes Hispanic),
53,Washington,53047,Okanogan,2014,2018,Hispanic (all races),8.4
53,Washington,53047,Okanogan,2014,2018,American Indian/Alaskan Native (includes Hispanic),
53,Washington,53047,Okanogan,2014,2018,White (includes Hispanic),6.4
53,Washington,53047,Okanogan,2015,2019,Asian/Pacific Islander (includes Hispanic),
53,Washington,53047,Okanogan,2015,2019,Black (includes Hispanic),
53,Washington,53047,Okanogan,2015,2019,Hispanic (all races),
53,Washington,53047,Okanogan,2015,2019,American Indian/Alaskan Native (includes Hispanic),
53,Washington,53047,Okanogan,2015,2019,White (includes Hispanic),6.0
53,Washington,53047,Okanogan,2016,2020,Asian/Pacific Islander (includes Hispanic),
53,Washington,53047,Okanogan,2016,2020,Black (includes Hispanic),
53,Washington,53047,Okanogan,2016,2020,Hispanic (all races),
53,Washington,53047,Okanogan,2016,2020,American Indian/Alaskan Native (includes Hispanic),
53,Washington,53047,Okanogan,2016,2020,White (includes Hispanic),5.7
53,Washington,53049,Pacific,2011,2015,Asian/Pacific Islander (includes Hispanic),
53,Washington,53049,Pacific,2011,2015,Black (includes Hispanic),
53,Washington,53049,Pacific,2011,2015,Hispanic (all races),
53,Washington,53049,Pacific,2011,2015,American Indian/Alaskan Native (includes Hispanic),
53,Washington,53049,Pacific,2011,2015,White (includes Hispanic),8.0
53,Washington,53049,Pacific,2012,2016,Asian/Pacific Islander (includes Hispanic),
53,Washington,53049,Pacific,2012,2016,Black (includes Hispanic),
53,Washington,53049,Pacific,2012,2016,Hispanic (all races),
53,Washington,53049,Pacific,2012,2016,American Indian/Alaskan Native (includes Hispanic),
53,Washington,53049,Pacific,2012,2016,White (includes Hispanic),8.6
53,Washington,53049,Pacific,2013,2017,Asian/Pacific Islander (includes Hispanic),
53,Washington,53049,Pacific,2013,2017,Black (includes Hispanic),
53,Washington,53049,Pacific,2013,2017,Hispanic (all races),
53,Washington,53049,Pacific,2013,2017,American Indian/Alaskan Native (includes Hispanic),
53,Washington,53049,Pacific,2013,2017,White (includes Hispanic),9.6
53,Washington,53049,Pacific,2014,2018,Asian/Pacific Islander (includes Hispanic),
53,Washington,53049,Pacific,2014,2018,Black (includes Hispanic),
53,Washington,53049,Pacific,2014,2018,Hispanic (all races),
53,Washington,53049,Pacific,2014,2018,American Indian/Alaskan Native (includes Hispanic),
53,Washington,53049,Pacific,2014,2018,White (includes Hispanic),9.9
53,Washington,53049,Pacific,2015,2019,Asian/Pacific Islander (includes Hispanic),
53,Washington,53049,Pacific,2015,2019,Black (includes Hispanic),
53,Washington,53049,Pacific,2015,2019,Hispanic (all races),
53,Washington,53049,Pacific,2015,2019,American Indian/Alaskan Native (includes Hispanic),
53,Washington,53049,Pacific,2015,2019,White (includes Hispanic),10.3
53,Washington,53049,Pacific,2016,2020,Asian/Pacific Islander (includes Hispanic),
53,Washington,53049,Pacific,2016,2020,Black (includes Hispanic),
53,Washington,53049,Pacific,2016,2020,Hispanic (all races),
53,Washington,53049,Pacific,2016,2020,American Indian/Alaskan Native (includes Hispanic),
53,Washington,53049,Pacific,2016,2020,White (includes Hispanic),9.9
53,Washington,53051,Pend Oreille,2011,2015,Asian/Pacific Islander (includes Hispanic),
53,Washington,53051,Pend Oreille,2011,2015,Black (includes Hispanic),
53,Washington,53051,Pend Oreille,2011,2015,Hispanic (all races),
53,Washington,53051,Pend Oreille,2011,2015,American Indian/Alaskan Native (includes Hispanic),
53,Washington,53051,Pend Oreille,2011,2015,White (includes Hispanic),5.0
53,Washington,53051,Pend Oreille,2012,2016,Asian/Pacific Islander (includes Hispanic),
53,Washington,53051,Pend Oreille,2012,2016,Black (includes Hispanic),
53,Washington,53051,Pend Oreille,2012,2016,Hispanic (all races),
53,Washington,53051,Pend Oreille,2012,2016,American Indian/Alaskan Native (includes Hispanic),
53,Washington,53051,Pend Oreille,2012,2016,White (includes Hispanic),5.3
53,Washington,53051,Pend Oreille,2013,2017,Asian/Pacific Islander (includes Hispanic),
53,Washington,53051,Pend Oreille,2013,2017,Black (includes Hispanic),
53,Washington,53051,Pend Oreille,2013,2017,Hispanic (all races),
53,Washington,53051,Pend Oreille,2013,2017,American Indian/Alaskan Native (includes Hispanic),
53,Washington,53051,Pend Oreille,2013,2017,White (includes Hispanic),5.9
53,Washington,53051,Pend Oreille,2014,2018,Asian/Pacific Islander (includes Hispanic),
53,Washington,53051,Pend Oreille,2014,2018,Black (includes Hispanic),
53,Washington,53051,Pend Oreille,2014,2018,Hispanic (all races),
53,Washington,53051,Pend Oreille,2014,2018,American Indian/Alaskan Native (includes Hispanic),
53,Washington,53051,Pend Oreille,2014,2018,White (includes Hispanic),6.1
53,Washington,53051,Pend Oreille,2015,2019,Asian/Pacific Islander (includes Hispanic),
53,Washington,53051,Pend Oreille,2015,2019,Black (includes Hispanic),
53,Washington,53051,Pend Oreille,2015,2019,Hispanic (all races),
53,Washington,53051,Pend Oreille,2015,2019,American Indian/Alaskan Native (includes Hispanic),
53,Washington,53051,Pend Oreille,2015,2019,White (includes Hispanic),7.0
53,Washington,53051,Pend Oreille,2016,2020,Asian/Pacific Islander (includes Hispanic),
53,Washington,53051,Pend Oreille,2016,2020,Black (includes Hispanic),
53,Washington,53051,Pend Oreille,2016,2020,Hispanic (all races),
53,Washington,53051,Pend Oreille,2016,2020,American Indian/Alaskan Native (includes Hispanic),
53,Washington,53051,Pend Oreille,2016,2020,White (includes Hispanic),7.3
53,Washington,53053,Pierce,2011,2015,Asian/Pacific Islander (includes Hispanic),7.5
53,Washington,53053,Pierce,2011,2015,Black (includes Hispanic),6.6
53,Washington,53053,Pierce,2011,2015,Hispanic (all races),8.0
53,Washington,53053,Pierce,2011,2015,American Indian/Alaskan Native (includes Hispanic),14.0
53,Washington,53053,Pierce,2011,2015,White (includes Hispanic),6.8
53,Washington,53053,Pierce,2012,2016,Asian/Pacific Islander (includes Hispanic),7.2
53,Washington,53053,Pierce,2012,2016,Black (includes Hispanic),6.8
53,Washington,53053,Pierce,2012,2016,Hispanic (all races),6.4
53,Washington,53053,Pierce,2012,2016,American Indian/Alaskan Native (includes Hispanic),13.9
53,Washington,53053,Pierce,2012,2016,White (includes Hispanic),6.6
53,Washington,53053,Pierce,2013,2017,Asian/Pacific Islander (includes Hispanic),7.1
53,Washington,53053,Pierce,2013,2017,Black (includes Hispanic),7.3
53,Washington,53053,Pierce,2013,2017,Hispanic (all races),6.2
53,Washington,53053,Pierce,2013,2017,American Indian/Alaskan Native (includes Hispanic),12.7
53,Washington,53053,Pierce,2013,2017,White (includes Hispanic),6.7
53,Washington,53053,Pierce,2014,2018,Asian/Pacific Islander (includes Hispanic),6.7
53,Washington,53053,Pierce,2014,2018,Black (includes Hispanic),8.2
53,Washington,53053,Pierce,2014,2018,Hispanic (all races),6.9
53,Washington,53053,Pierce,2014,2018,American Indian/Alaskan Native (includes Hispanic),11.2
53,Washington,53053,Pierce,2014,2018,White (includes Hispanic),6.8
53,Washington,53053,Pierce,2015,2019,Asian/Pacific Islander (includes Hispanic),7.1
53,Washington,53053,Pierce,2015,2019,Black (includes Hispanic),7.5
53,Washington,53053,Pierce,2015,2019,Hispanic (all races),7.9
53,Washington,53053,Pierce,2015,2019,American Indian/Alaskan Native (includes Hispanic),10.5
53,Washington,53053,Pierce,2015,2019,White (includes Hispanic),6.4
53,Washington,53053,Pierce,2016,2020,Asian/Pacific Islander (includes Hispanic),6.6
53,Washington,53053,Pierce,2016,2020,Black (includes Hispanic),6.1
53,Washington,53053,Pierce,2016,2020,Hispanic (all races),8.3
53,Washington,53053,Pierce,2016,2020,American Indian/Alaskan Native (includes Hispanic),
53,Washington,53053,Pierce,2016,2020,White (includes Hispanic),6.4
53,Washington,53055,San Juan,2011,2015,Asian/Pacific Islander (includes Hispanic),
53,Washington,53055,San Juan,2011,2015,Black (includes Hispanic),
53,Washington,53055,San Juan,2011,2015,Hispanic (all races),
53,Washington,53055,San Juan,2011,2015,American Indian/Alaskan Native (includes Hispanic),
53,Washington,53055,San Juan,2011,2015,White (includes Hispanic),6.7
53,Washington,53055,San Juan,2012,2016,Asian/Pacific Islander (includes Hispanic),
53,Washington,53055,San Juan,2012,2016,Black (includes Hispanic),
53,Washington,53055,San Juan,2012,2016,Hispanic (all races),
53,Washington,53055,San Juan,2012,2016,American Indian/Alaskan Native (includes Hispanic),
53,Washington,53055,San Juan,2012,2016,White (includes Hispanic),6.5
53,Washington,53055,San Juan,2013,2017,Asian/Pacific Islander (includes Hispanic),
53,Washington,53055,San Juan,2013,2017,Black (includes Hispanic),
53,Washington,53055,San Juan,2013,2017,Hispanic (all races),
53,Washington,53055,San Juan,2013,2017,American Indian/Alaskan Native (includes Hispanic),
53,Washington,53055,San Juan,2013,2017,White (includes Hispanic),7.4
53,Washington,53055,San Juan,2014,2018,Asian/Pacific Islander (includes Hispanic),
53,Washington,53055,San Juan,2014,2018,Black (includes Hispanic),
53,Washington,53055,San Juan,2014,2018,Hispanic (all races),
53,Washington,53055,San Juan,2014,2018,American Indian/Alaskan Native (includes Hispanic),
53,Washington,53055,San Juan,2014,2018,White (includes Hispanic),7.4
53,Washington,53055,San Juan,2015,2019,Asian/Pacific Islander (includes Hispanic),
53,Washington,53055,San Juan,2015,2019,Black (includes Hispanic),
53,Washington,53055,San Juan,2015,2019,Hispanic (all races),
53,Washington,53055,San Juan,2015,2019,American Indian/Alaskan Native (includes Hispanic),
53,Washington,53055,San Juan,2015,2019,White (includes Hispanic),7.2
53,Washington,53055,San Juan,2016,2020,Asian/Pacific Islander (includes Hispanic),
53,Washington,53055,San Juan,2016,2020,Black (includes Hispanic),
53,Washington,53055,San Juan,2016,2020,Hispanic (all races),
53,Washington,53055,San Juan,2016,2020,American Indian/Alaskan Native (includes Hispanic),
53,Washington,53055,San Juan,2016,2020,White (includes Hispanic),6.1
53,Washington,53057,Skagit,2011,2015,Asian/Pacific Islander (includes Hispanic),7.0
53,Washington,53057,Skagit,2011,2015,Black (includes Hispanic),
53,Washington,53057,Skagit,2011,2015,Hispanic (all races),10.9
53,Washington,53057,Skagit,2011,2015,American Indian/Alaskan Native (includes Hispanic),
53,Washington,53057,Skagit,2011,2015,White (includes Hispanic),6.8
53,Washington,53057,Skagit,2012,2016,Asian/Pacific Islander (includes Hispanic),9.2
53,Washington,53057,Skagit,2012,2016,Black (includes Hispanic),
53,Washington,53057,Skagit,2012,2016,Hispanic (all races),10.4
53,Washington,53057,Skagit,2012,2016,American Indian/Alaskan Native (includes Hispanic),
53,Washington,53057,Skagit,2012,2016,White (includes Hispanic),6.4
53,Washington,53057,Skagit,2013,2017,Asian/Pacific Islander (includes Hispanic),8.9
53,Washington,53057,Skagit,2013,2017,Black (includes Hispanic),
53,Washington,53057,Skagit,2013,2017,Hispanic (all races),9.7
53,Washington,53057,Skagit,2013,2017,American Indian/Alaskan Native (includes Hispanic),
53,Washington,53057,Skagit,2013,2017,White (includes Hispanic),6.7
53,Washington,53057,Skagit,2014,2018,Asian/Pacific Islander (includes Hispanic),10.8
53,Washington,53057,Skagit,2014,2018,Black (includes Hispanic),
53,Washington,53057,Skagit,2014,2018,Hispanic (all races),9.2
53,Washington,53057,Skagit,2014,2018,American Indian/Alaskan Native (includes Hispanic),
53,Washington,53057,Skagit,2014,2018,White (includes Hispanic),6.9
53,Washington,53057,Skagit,2015,2019,Asian/Pacific Islander (includes Hispanic),9.0
53,Washington,53057,Skagit,2015,2019,Black (includes Hispanic),
53,Washington,53057,Skagit,2015,2019,Hispanic (all races),7.9
53,Washington,53057,Skagit,2015,2019,American Indian/Alaskan Native (includes Hispanic),
53,Washington,53057,Skagit,2015,2019,White (includes Hispanic),6.9
53,Washington,53057,Skagit,2016,2020,Asian/Pacific Islander (includes Hispanic),8.4
53,Washington,53057,Skagit,2016,2020,Black (includes Hispanic),
53,Washington,53057,Skagit,2016,2020,Hispanic (all races),7.3
53,Washington,53057,Skagit,2016,2020,American Indian/Alaskan Native (includes Hispanic),
53,Washington,53057,Skagit,2016,2020,White (includes Hispanic),6.3
53,Washington,53059,Skamania,2011,2015,Asian/Pacific Islander (includes Hispanic),
53,Washington,53059,Skamania,2011,2015,Black (includes Hispanic),
53,Washington,53059,Skamania,2011,2015,Hispanic (all races),7.7
53,Washington,53059,Skamania,2011,2015,American Indian/Alaskan Native (includes Hispanic),18.3
53,Washington,53059,Skamania,2011,2015,White (includes Hispanic),6.7
53,Washington,53059,Skamania,2012,2016,Asian/Pacific Islander (includes Hispanic),
53,Washington,53059,Skamania,2012,2016,Black (includes Hispanic),
53,Washington,53059,Skamania,2012,2016,Hispanic (all races),7.6
53,Washington,53059,Skamania,2012,2016,American Indian/Alaskan Native (includes Hispanic),
53,Washington,53059,Skamania,2012,2016,White (includes Hispanic),6.4
53,Washington,53059,Skamania,2013,2017,Asian/Pacific Islander (includes Hispanic),5.8
53,Washington,53059,Skamania,2013,2017,Black (includes Hispanic),
53,Washington,53059,Skamania,2013,2017,Hispanic (all races),6.9
53,Washington,53059,Skamania,2013,2017,American Indian/Alaskan Native (includes Hispanic),
53,Washington,53059,Skamania,2013,2017,White (includes Hispanic),6.5
53,Washington,53059,Skamania,2014,2018,Asian/Pacific Islander (includes Hispanic),6.0
53,Washington,53059,Skamania,2014,2018,Black (includes Hispanic),
53,Washington,53059,Skamania,2014,2018,Hispanic (all races),6.8
53,Washington,53059,Skamania,2014,2018,American Indian/Alaskan Native (includes Hispanic),
53,Washington,53059,Skamania,2014,2018,White (includes Hispanic),6.7
53,Washington,53059,Skamania,2015,2019,Asian/Pacific Islander (includes Hispanic),7.0
53,Washington,53059,Skamania,2015,2019,Black (includes Hispanic),
53,Washington,53059,Skamania,2015,2019,Hispanic (all races),7.4
53,Washington,53059,Skamania,2015,2019,American Indian/Alaskan Native (includes Hispanic),
53,Washington,53059,Skamania,2015,2019,White (includes Hispanic),7.0
53,Washington,53059,Skamania,2016,2020,Asian/Pacific Islander (includes Hispanic),6.6
53,Washington,53059,Skamania,2016,2020,Black (includes Hispanic),
53,Washington,53059,Skamania,2016,2020,Hispanic (all races),7.6
53,Washington,53059,Skamania,2016,2020,American Indian/Alaskan Native (includes Hispanic),
53,Washington,53059,Skamania,2016,2020,White (includes Hispanic),6.7
53,Washington,53061,Snohomish,2011,2015,Asian/Pacific Islander (includes Hispanic),7.0
53,Washington,53061,Snohomish,2011,2015,Black (includes Hispanic),6.4
53,Washington,53061,Snohomish,2011,2015,Hispanic (all races),8.2
53,Washington,53061,Snohomish,2011,2015,American Indian/Alaskan Native (includes Hispanic),
53,Washington,53061,Snohomish,2011,2015,White (includes Hispanic),6.2
53,Washington,53061,Snohomish,2012,2016,Asian/Pacific Islander (includes Hispanic),7.1
53,Washington,53061,Snohomish,2012,2016,Black (includes Hispanic),7.2
53,Washington,53061,Snohomish,2012,2016,Hispanic (all races),6.7
53,Washington,53061,Snohomish,2012,2016,American Indian/Alaskan Native (includes Hispanic),
53,Washington,53061,Snohomish,2012,2016,White (includes Hispanic),6.0
53,Washington,53061,Snohomish,2013,2017,Asian/Pacific Islander (includes Hispanic),7.0
53,Washington,53061,Snohomish,2013,2017,Black (includes Hispanic),8.2
53,Washington,53061,Snohomish,2013,2017,Hispanic (all races),6.8
53,Washington,53061,Snohomish,2013,2017,American Indian/Alaskan Native (includes Hispanic),
53,Washington,53061,Snohomish,2013,2017,White (includes Hispanic),6.3
53,Washington,53061,Snohomish,2014,2018,Asian/Pacific Islander (includes Hispanic),7.0
53,Washington,53061,Snohomish,2014,2018,Black (includes Hispanic),8.5
53,Washington,53061,Snohomish,2014,2018,Hispanic (all races),6.9
53,Washington,53061,Snohomish,2014,2018,American Indian/Alaskan Native (includes Hispanic),
53,Washington,53061,Snohomish,2014,2018,White (includes Hispanic),6.5
53,Washington,53061,Snohomish,2015,2019,Asian/Pacific Islander (includes Hispanic),6.8
53,Washington,53061,Snohomish,2015,2019,Black (includes Hispanic),8.9
53,Washington,53061,Snohomish,2015,2019,Hispanic (all races),7.5
53,Washington,53061,Snohomish,2015,2019,American Indian/Alaskan Native (includes Hispanic),
53,Washington,53061,Snohomish,2015,2019,White (includes Hispanic),6.1
53,Washington,53061,Snohomish,2016,2020,Asian/Pacific Islander (includes Hispanic),6.1
53,Washington,53061,Snohomish,2016,2020,Black (includes Hispanic),6.9
53,Washington,53061,Snohomish,2016,2020,Hispanic (all races),7.7
53,Washington,53061,Snohomish,2016,2020,American Indian/Alaskan Native (includes Hispanic),
53,Washington,53061,Snohomish,2016,2020,White (includes Hispanic),5.9
53,Washington,53063,Spokane,2011,2015,Asian/Pacific Islander (includes Hispanic),
53,Washington,53063,Spokane,2011,2015,Black (includes Hispanic),
53,Washington,53063,Spokane,2011,2015,Hispanic (all races),
53,Washington,53063,Spokane,2011,2015,American Indian/Alaskan Native (includes Hispanic),
53,Washington,53063,Spokane,2011,2015,White (includes Hispanic),5.2
53,Washington,53063,Spokane,2012,2016,Asian/Pacific Islander (includes Hispanic),
53,Washington,53063,Spokane,2012,2016,Black (includes Hispanic),
53,Washington,53063,Spokane,2012,2016,Hispanic (all races),
53,Washington,53063,Spokane,2012,2016,American Indian/Alaskan Native (includes Hispanic),
53,Washington,53063,Spokane,2012,2016,White (includes Hispanic),5.6
53,Washington,53063,Spokane,2013,2017,Asian/Pacific Islander (includes Hispanic),
53,Washington,53063,Spokane,2013,2017,Black (includes Hispanic),
53,Washington,53063,Spokane,2013,2017,Hispanic (all races),
53,Washington,53063,Spokane,2013,2017,American Indian/Alaskan Native (includes Hispanic),
53,Washington,53063,Spokane,2013,2017,White (includes Hispanic),6.3
53,Washington,53063,Spokane,2014,2018,Asian/Pacific Islander (includes Hispanic),
53,Washington,53063,Spokane,2014,2018,Black (includes Hispanic),
53,Washington,53063,Spokane,2014,2018,Hispanic (all races),
53,Washington,53063,Spokane,2014,2018,American Indian/Alaskan Native (includes Hispanic),
53,Washington,53063,Spokane,2014,2018,White (includes Hispanic),6.8
53,Washington,53063,Spokane,2015,2019,Asian/Pacific Islander (includes Hispanic),
53,Washington,53063,Spokane,2015,2019,Black (includes Hispanic),
53,Washington,53063,Spokane,2015,2019,Hispanic (all races),
53,Washington,53063,Spokane,2015,2019,American Indian/Alaskan Native (includes Hispanic),
53,Washington,53063,Spokane,2015,2019,White (includes Hispanic),7.3
53,Washington,53063,Spokane,2016,2020,Asian/Pacific Islander (includes Hispanic),
53,Washington,53063,Spokane,2016,2020,Black (includes Hispanic),
53,Washington,53063,Spokane,2016,2020,Hispanic (all races),
53,Washington,53063,Spokane,2016,2020,American Indian/Alaskan Native (includes Hispanic),
53,Washington,53063,Spokane,2016,2020,White (includes Hispanic),7.5
53,Washington,53065,Stevens,2011,2015,Asian/Pacific Islander (includes Hispanic),
53,Washington,53065,Stevens,2011,2015,Black (includes Hispanic),
53,Washington,53065,Stevens,2011,2015,Hispanic (all races),
53,Washington,53065,Stevens,2011,2015,American Indian/Alaskan Native (includes Hispanic),
53,Washington,53065,Stevens,2011,2015,White (includes Hispanic),5.1
53,Washington,53065,Stevens,2012,2016,Asian/Pacific Islander (includes Hispanic),
53,Washington,53065,Stevens,2012,2016,Black (includes Hispanic),
53,Washington,53065,Stevens,2012,2016,Hispanic (all races),
53,Washington,53065,Stevens,2012,2016,American Indian/Alaskan Native (includes Hispanic),
53,Washington,53065,Stevens,2012,2016,White (includes Hispanic),5.3
53,Washington,53065,Stevens,2013,2017,Asian/Pacific Islander (includes Hispanic),
53,Washington,53065,Stevens,2013,2017,Black (includes Hispanic),
53,Washington,53065,Stevens,2013,2017,Hispanic (all races),
53,Washington,53065,Stevens,2013,2017,American Indian/Alaskan Native (includes Hispanic),
53,Washington,53065,Stevens,2013,2017,White (includes Hispanic),5.7
53,Washington,53065,Stevens,2014,2018,Asian/Pacific Islander (includes Hispanic),
53,Washington,53065,Stevens,2014,2018,Black (includes Hispanic),
53,Washington,53065,Stevens,2014,2018,Hispanic (all races),
53,Washington,53065,Stevens,2014,2018,American Indian/Alaskan Native (includes Hispanic),
53,Washington,53065,Stevens,2014,2018,White (includes Hispanic),6.0
53,Washington,53065,Stevens,2015,2019,Asian/Pacific Islander (includes Hispanic),
53,Washington,53065,Stevens,2015,2019,Black (includes Hispanic),
53,Washington,53065,Stevens,2015,2019,Hispanic (all races),
53,Washington,53065,Stevens,2015,2019,American Indian/Alaskan Native (includes Hispanic),
53,Washington,53065,Stevens,2015,2019,White (includes Hispanic),6.6
53,Washington,53065,Stevens,2016,2020,Asian/Pacific Islander (includes Hispanic),
53,Washington,53065,Stevens,2016,2020,Black (includes Hispanic),
53,Washington,53065,Stevens,2016,2020,Hispanic (all races),
53,Washington,53065,Stevens,2016,2020,American Indian/Alaskan Native (includes Hispanic),
53,Washington,53065,Stevens,2016,2020,White (includes Hispanic),6.8
53,Washington,53067,Thurston,2011,2015,Asian/Pacific Islander (includes Hispanic),8.4
53,Washington,53067,Thurston,2011,2015,Black (includes Hispanic),
53,Washington,53067,Thurston,2011,2015,Hispanic (all races),
53,Washington,53067,Thurston,2011,2015,American Indian/Alaskan Native (includes Hispanic),
53,Washington,53067,Thurston,2011,2015,White (includes Hispanic),8.5
53,Washington,53067,Thurston,2012,2016,Asian/Pacific Islander (includes Hispanic),8.4
53,Washington,53067,Thurston,2012,2016,Black (includes Hispanic),
53,Washington,53067,Thurston,2012,2016,Hispanic (all races),
53,Washington,53067,Thurston,2012,2016,American Indian/Alaskan Native (includes Hispanic),
53,Washington,53067,Thurston,2012,2016,White (includes Hispanic),8.1
53,Washington,53067,Thurston,2013,2017,Asian/Pacific Islander (includes Hispanic),7.8
53,Washington,53067,Thurston,2013,2017,Black (includes Hispanic),
53,Washington,53067,Thurston,2013,2017,Hispanic (all races),
53,Washington,53067,Thurston,2013,2017,American Indian/Alaskan Native (includes Hispanic),
53,Washington,53067,Thurston,2013,2017,White (includes Hispanic),8.5
53,Washington,53067,Thurston,2014,2018,Asian/Pacific Islander (includes Hispanic),8.2
53,Washington,53067,Thurston,2014,2018,Black (includes Hispanic),
53,Washington,53067,Thurston,2014,2018,Hispanic (all races),9.7
53,Washington,53067,Thurston,2014,2018,American Indian/Alaskan Native (includes Hispanic),
53,Washington,53067,Thurston,2014,2018,White (includes Hispanic),8.2
53,Washington,53067,Thurston,2015,2019,Asian/Pacific Islander (includes Hispanic),10.0
53,Washington,53067,Thurston,2015,2019,Black (includes Hispanic),
53,Washington,53067,Thurston,2015,2019,Hispanic (all races),9.4
53,Washington,53067,Thurston,2015,2019,American Indian/Alaskan Native (includes Hispanic),
53,Washington,53067,Thurston,2015,2019,White (includes Hispanic),7.8
53,Washington,53067,Thurston,2016,2020,Asian/Pacific Islander (includes Hispanic),10.3
53,Washington,53067,Thurston,2016,2020,Black (includes Hispanic),
53,Washington,53067,Thurston,2016,2020,Hispanic (all races),9.5
53,Washington,53067,Thurston,2016,2020,American Indian/Alaskan Native (includes Hispanic),
53,Washington,53067,Thurston,2016,2020,White (includes Hispanic),7.7
53,Washington,53069,Wahkiakum,2011,2015,Asian/Pacific Islander (includes Hispanic),
53,Washington,53069,Wahkiakum,2011,2015,Black (includes Hispanic),
53,Washington,53069,Wahkiakum,2011,2015,Hispanic (all races),
53,Washington,53069,Wahkiakum,2011,2015,American Indian/Alaskan Native (includes Hispanic),
53,Washington,53069,Wahkiakum,2011,2015,White (includes Hispanic),7.4
53,Washington,53069,Wahkiakum,2012,2016,Asian/Pacific Islander (includes Hispanic),
53,Washington,53069,Wahkiakum,2012,2016,Black (includes Hispanic),
53,Washington,53069,Wahkiakum,2012,2016,Hispanic (all races),
53,Washington,53069,Wahkiakum,2012,2016,American Indian/Alaskan Native (includes Hispanic),
53,Washington,53069,Wahkiakum,2012,2016,White (includes Hispanic),8.3
53,Washington,53069,Wahkiakum,2013,2017,Asian/Pacific Islander (includes Hispanic),
53,Washington,53069,Wahkiakum,2013,2017,Black (includes Hispanic),
53,Washington,53069,Wahkiakum,2013,2017,Hispanic (all races),
53,Washington,53069,Wahkiakum,2013,2017,American Indian/Alaskan Native (includes Hispanic),
53,Washington,53069,Wahkiakum,2013,2017,White (includes Hispanic),9.3
53,Washington,53069,Wahkiakum,2014,2018,Asian/Pacific Islander (includes Hispanic),
53,Washington,53069,Wahkiakum,2014,2018,Black (includes Hispanic),
53,Washington,53069,Wahkiakum,2014,2018,Hispanic (all races),
53,Washington,53069,Wahkiakum,2014,2018,American Indian/Alaskan Native (includes Hispanic),
53,Washington,53069,Wahkiakum,2014,2018,White (includes Hispanic),8.8
53,Washington,53069,Wahkiakum,2015,2019,Asian/Pacific Islander (includes Hispanic),
53,Washington,53069,Wahkiakum,2015,2019,Black (includes Hispanic),
53,Washington,53069,Wahkiakum,2015,2019,Hispanic (all races),
53,Washington,53069,Wahkiakum,2015,2019,American Indian/Alaskan Native (includes Hispanic),
53,Washington,53069,Wahkiakum,2015,2019,White (includes Hispanic),10.5
53,Washington,53069,Wahkiakum,2016,2020,Asian/Pacific Islander (includes Hispanic),
53,Washington,53069,Wahkiakum,2016,2020,Black (includes Hispanic),
53,Washington,53069,Wahkiakum,2016,2020,Hispanic (all races),
53,Washington,53069,Wahkiakum,2016,2020,American Indian/Alaskan Native (includes Hispanic),
53,Washington,53069,Wahkiakum,2016,2020,White (includes Hispanic),10.3
53,Washington,53071,Walla Walla,2011,2015,Asian/Pacific Islander (includes Hispanic),
53,Washington,53071,Walla Walla,2011,2015,Black (includes Hispanic),
53,Washington,53071,Walla Walla,2011,2015,Hispanic (all races),
53,Washington,53071,Walla Walla,2011,2015,American Indian/Alaskan Native (includes Hispanic),
53,Washington,53071,Walla Walla,2011,2015,White (includes Hispanic),6.2
53,Washington,53071,Walla Walla,2012,2016,Asian/Pacific Islander (includes Hispanic),
53,Washington,53071,Walla Walla,2012,2016,Black (includes Hispanic),
53,Washington,53071,Walla Walla,2012,2016,Hispanic (all races),
53,Washington,53071,Walla Walla,2012,2016,American Indian/Alaskan Native (includes Hispanic),
53,Washington,53071,Walla Walla,2012,2016,White (includes Hispanic),6.3
53,Washington,53071,Walla Walla,2013,2017,Asian/Pacific Islander (includes Hispanic),
53,Washington,53071,Walla Walla,2013,2017,Black (includes Hispanic),
53,Washington,53071,Walla Walla,2013,2017,Hispanic (all races),
53,Washington,53071,Walla Walla,2013,2017,American Indian/Alaskan Native (includes Hispanic),
53,Washington,53071,Walla Walla,2013,2017,White (includes Hispanic),5.7
53,Washington,53071,Walla Walla,2014,2018,Asian/Pacific Islander (includes Hispanic),
53,Washington,53071,Walla Walla,2014,2018,Black (includes Hispanic),
53,Washington,53071,Walla Walla,2014,2018,Hispanic (all races),
53,Washington,53071,Walla Walla,2014,2018,American Indian/Alaskan Native (includes Hispanic),
53,Washington,53071,Walla Walla,2014,2018,White (includes Hispanic),5.4
53,Washington,53071,Walla Walla,2015,2019,Asian/Pacific Islander (includes Hispanic),
53,Washington,53071,Walla Walla,2015,2019,Black (includes Hispanic),
53,Washington,53071,Walla Walla,2015,2019,Hispanic (all races),
53,Washington,53071,Walla Walla,2015,2019,American Indian/Alaskan Native (includes Hispanic),
53,Washington,53071,Walla Walla,2015,2019,White (includes Hispanic),6.5
53,Washington,53071,Walla Walla,2016,2020,Asian/Pacific Islander (includes Hispanic),
53,Washington,53071,Walla Walla,2016,2020,Black (includes Hispanic),
53,Washington,53071,Walla Walla,2016,2020,Hispanic (all races),
53,Washington,53071,Walla Walla,2016,2020,American Indian/Alaskan Native (includes Hispanic),
53,Washington,53071,Walla Walla,2016,2020,White (includes Hispanic),6.5
53,Washington,53073,Whatcom,2011,2015,Asian/Pacific Islander (includes Hispanic),
53,Washington,53073,Whatcom,2011,2015,Black (includes Hispanic),
53,Washington,53073,Whatcom,2011,2015,Hispanic (all races),
53,Washington,53073,Whatcom,2011,2015,American Indian/Alaskan Native (includes Hispanic),
53,Washington,53073,Whatcom,2011,2015,White (includes Hispanic),6.4
53,Washington,53073,Whatcom,2012,2016,Asian/Pacific Islander (includes Hispanic),
53,Washington,53073,Whatcom,2012,2016,Black (includes Hispanic),
53,Washington,53073,Whatcom,2012,2016,Hispanic (all races),
53,Washington,53073,Whatcom,2012,2016,American Indian/Alaskan Native (includes Hispanic),
53,Washington,53073,Whatcom,2012,2016,White (includes Hispanic),6.0
53,Washington,53073,Whatcom,2013,2017,Asian/Pacific Islander (includes Hispanic),
53,Washington,53073,Whatcom,2013,2017,Black (includes Hispanic),
53,Washington,53073,Whatcom,2013,2017,Hispanic (all races),
53,Washington,53073,Whatcom,2013,2017,American Indian/Alaskan Native (includes Hispanic),
53,Washington,53073,Whatcom,2013,2017,White (includes Hispanic),6.6
53,Washington,53073,Whatcom,2014,2018,Asian/Pacific Islander (includes Hispanic),
53,Washington,53073,Whatcom,2014,2018,Black (includes Hispanic),
53,Washington,53073,Whatcom,2014,2018,Hispanic (all races),
53,Washington,53073,Whatcom,2014,2018,American Indian/Alaskan Native (includes Hispanic),
53,Washington,53073,Whatcom,2014,2018,White (includes Hispanic),6.9
53,Washington,53073,Whatcom,2015,2019,Asian/Pacific Islander (includes Hispanic),
53,Washington,53073,Whatcom,2015,2019,Black (includes Hispanic),
53,Washington,53073,Whatcom,2015,2019,Hispanic (all races),
53,Washington,53073,Whatcom,2015,2019,American Indian/Alaskan Native (includes Hispanic),
53,Washington,53073,Whatcom,2015,2019,White (includes Hispanic),6.5
53,Washington,53073,Whatcom,2016,2020,Asian/Pacific Islander (includes Hispanic),
53,Washington,53073,Whatcom,2016,2020,Black (includes Hispanic),
53,Washington,53073,Whatcom,2016,2020,Hispanic (all races),
53,Washington,53073,Whatcom,2016,2020,American Indian/Alaskan Native (includes Hispanic),
53,Washington,53073,Whatcom,2016,2020,White (includes Hispanic),5.4
53,Washington,53075,Whitman,2011,2015,Asian/Pacific Islander (includes Hispanic),
53,Washington,53075,Whitman,2011,2015,Black (includes Hispanic),
53,Washington,53075,Whitman,2011,2015,Hispanic (all races),
53,Washington,53075,Whitman,2011,2015,American Indian/Alaskan Native (includes Hispanic),
53,Washington,53075,Whitman,2011,2015,White (includes Hispanic),5.7
53,Washington,53075,Whitman,2012,2016,Asian/Pacific Islander (includes Hispanic),
53,Washington,53075,Whitman,2012,2016,Black (includes Hispanic),
53,Washington,53075,Whitman,2012,2016,Hispanic (all races),
53,Washington,53075,Whitman,2012,2016,American Indian/Alaskan Native (includes Hispanic),
53,Washington,53075,Whitman,2012,2016,White (includes Hispanic),5.9
53,Washington,53075,Whitman,2013,2017,Asian/Pacific Islander (includes Hispanic),
53,Washington,53075,Whitman,2013,2017,Black (includes Hispanic),
53,Washington,53075,Whitman,2013,2017,Hispanic (all races),
53,Washington,53075,Whitman,2013,2017,American Indian/Alaskan Native (includes Hispanic),
53,Washington,53075,Whitman,2013,2017,White (includes Hispanic),5.5
53,Washington,53075,Whitman,2014,2018,Asian/Pacific Islander (includes Hispanic),
53,Washington,53075,Whitman,2014,2018,Black (includes Hispanic),
53,Washington,53075,Whitman,2014,2018,Hispanic (all races),
53,Washington,53075,Whitman,2014,2018,American Indian/Alaskan Native (includes Hispanic),
53,Washington,53075,Whitman,2014,2018,White (includes Hispanic),5.7
53,Washington,53075,Whitman,2015,2019,Asian/Pacific Islander (includes Hispanic),
53,Washington,53075,Whitman,2015,2019,Black (includes Hispanic),
53,Washington,53075,Whitman,2015,2019,Hispanic (all races),
53,Washington,53075,Whitman,2015,2019,American Indian/Alaskan Native (includes Hispanic),
53,Washington,53075,Whitman,2015,2019,White (includes Hispanic),6.2
53,Washington,53075,Whitman,2016,2020,Asian/Pacific Islander (includes Hispanic),
53,Washington,53075,Whitman,2016,2020,Black (includes Hispanic),
53,Washington,53075,Whitman,2016,2020,Hispanic (all races),
53,Washington,53075,Whitman,2016,2020,American Indian/Alaskan Native (includes Hispanic),
53,Washington,53075,Whitman,2016,2020,White (includes Hispanic),6.5
53,Washington,53077,Yakima,2011,2015,Asian/Pacific Islander (includes Hispanic),7.5
53,Washington,53077,Yakima,2011,2015,Black (includes Hispanic),6.7
53,Washington,53077,Yakima,2011,2015,Hispanic (all races),8.1
53,Washington,53077,Yakima,2011,2015,American Indian/Alaskan Native (includes Hispanic),13.2
53,Washington,53077,Yakima,2011,2015,White (includes Hispanic),6.8
53,Washington,53077,Yakima,2012,2016,Asian/Pacific Islander (includes Hispanic),7.0
53,Washington,53077,Yakima,2012,2016,Black (includes Hispanic),7.1
53,Washington,53077,Yakima,2012,2016,Hispanic (all races),6.2
53,Washington,53077,Yakima,2012,2016,American Indian/Alaskan Native (includes Hispanic),13.2
53,Washington,53077,Yakima,2012,2016,White (includes Hispanic),6.5
53,Washington,53077,Yakima,2013,2017,Asian/Pacific Islander (includes Hispanic),7.0
53,Washington,53077,Yakima,2013,2017,Black (includes Hispanic),7.6
53,Washington,53077,Yakima,2013,2017,Hispanic (all races),6.0
53,Washington,53077,Yakima,2013,2017,American Indian/Alaskan Native (includes Hispanic),13.1
53,Washington,53077,Yakima,2013,2017,White (includes Hispanic),6.5
53,Washington,53077,Yakima,2014,2018,Asian/Pacific Islander (includes Hispanic),6.7
53,Washington,53077,Yakima,2014,2018,Black (includes Hispanic),8.2
53,Washington,53077,Yakima,2014,2018,Hispanic (all races),6.9
53,Washington,53077,Yakima,2014,2018,American Indian/Alaskan Native (includes Hispanic),
53,Washington,53077,Yakima,2014,2018,White (includes Hispanic),6.4
53,Washington,53077,Yakima,2015,2019,Asian/Pacific Islander (includes Hispanic),7.2
53,Washington,53077,Yakima,2015,2019,Black (includes Hispanic),7.5
53,Washington,53077,Yakima,2015,2019,Hispanic (all races),7.8
53,Washington,53077,Yakima,2015,2019,American Indian/Alaskan Native (includes Hispanic),
53,Washington,53077,Yakima,2015,2019,White (includes Hispanic),6.2
53,Washington,53077,Yakima,2016,2020,Asian/Pacific Islander (includes Hispanic),6.5
53,Washington,53077,Yakima,2016,2020,Black (includes Hispanic),6.2
53,Washington,53077,Yakima,2016,2020,Hispanic (all races),8.0
53,Washington,53077,Yakima,2016,2020,American Indian/Alaskan Native (includes Hispanic),
53,Washington,53077,Yakima,2016,2020,White (includes Hispanic),6.1
54,West Virginia,54001,Barbour,2011,2015,Asian/Pacific Islander (includes Hispanic),
54,West Virginia,54001,Barbour,2011,2015,Black (includes Hispanic),
54,West Virginia,54001,Barbour,2011,2015,Hispanic (all races),
54,West Virginia,54001,Barbour,2011,2015,American Indian/Alaskan Native (includes Hispanic),
54,West Virginia,54001,Barbour,2011,2015,White (includes Hispanic),10.5
54,West Virginia,54001,Barbour,2012,2016,Asian/Pacific Islander (includes Hispanic),
54,West Virginia,54001,Barbour,2012,2016,Black (includes Hispanic),
54,West Virginia,54001,Barbour,2012,2016,Hispanic (all races),
54,West Virginia,54001,Barbour,2012,2016,American Indian/Alaskan Native (includes Hispanic),
54,West Virginia,54001,Barbour,2012,2016,White (includes Hispanic),10.4
54,West Virginia,54001,Barbour,2013,2017,Asian/Pacific Islander (includes Hispanic),
54,West Virginia,54001,Barbour,2013,2017,Black (includes Hispanic),
54,West Virginia,54001,Barbour,2013,2017,Hispanic (all races),
54,West Virginia,54001,Barbour,2013,2017,American Indian/Alaskan Native (includes Hispanic),
54,West Virginia,54001,Barbour,2013,2017,White (includes Hispanic),10.3
54,West Virginia,54001,Barbour,2014,2018,Asian/Pacific Islander (includes Hispanic),
54,West Virginia,54001,Barbour,2014,2018,Black (includes Hispanic),
54,West Virginia,54001,Barbour,2014,2018,Hispanic (all races),
54,West Virginia,54001,Barbour,2014,2018,American Indian/Alaskan Native (includes Hispanic),
54,West Virginia,54001,Barbour,2014,2018,White (includes Hispanic),10.5
54,West Virginia,54001,Barbour,2015,2019,Asian/Pacific Islander (includes Hispanic),
54,West Virginia,54001,Barbour,2015,2019,Black (includes Hispanic),
54,West Virginia,54001,Barbour,2015,2019,Hispanic (all races),
54,West Virginia,54001,Barbour,2015,2019,American Indian/Alaskan Native (includes Hispanic),
54,West Virginia,54001,Barbour,2015,2019,White (includes Hispanic),9.7
54,West Virginia,54001,Barbour,2016,2020,Asian/Pacific Islander (includes Hispanic),
54,West Virginia,54001,Barbour,2016,2020,Black (includes Hispanic),
54,West Virginia,54001,Barbour,2016,2020,Hispanic (all races),
54,West Virginia,54001,Barbour,2016,2020,American Indian/Alaskan Native (includes Hispanic),
54,West Virginia,54001,Barbour,2016,2020,White (includes Hispanic),10.2
54,West Virginia,54003,Berkeley,2011,2015,Asian/Pacific Islander (includes Hispanic),
54,West Virginia,54003,Berkeley,2011,2015,Black (includes Hispanic),
54,West Virginia,54003,Berkeley,2011,2015,Hispanic (all races),
54,West Virginia,54003,Berkeley,2011,2015,American Indian/Alaskan Native (includes Hispanic),
54,West Virginia,54003,Berkeley,2011,2015,White (includes Hispanic),10.2
54,West Virginia,54003,Berkeley,2012,2016,Asian/Pacific Islander (includes Hispanic),
54,West Virginia,54003,Berkeley,2012,2016,Black (includes Hispanic),
54,West Virginia,54003,Berkeley,2012,2016,Hispanic (all races),
54,West Virginia,54003,Berkeley,2012,2016,American Indian/Alaskan Native (includes Hispanic),
54,West Virginia,54003,Berkeley,2012,2016,White (includes Hispanic),10.8
54,West Virginia,54003,Berkeley,2013,2017,Asian/Pacific Islander (includes Hispanic),
54,West Virginia,54003,Berkeley,2013,2017,Black (includes Hispanic),
54,West Virginia,54003,Berkeley,2013,2017,Hispanic (all races),
54,West Virginia,54003,Berkeley,2013,2017,American Indian/Alaskan Native (includes Hispanic),
54,West Virginia,54003,Berkeley,2013,2017,White (includes Hispanic),11.1
54,West Virginia,54003,Berkeley,2014,2018,Asian/Pacific Islander (includes Hispanic),
54,West Virginia,54003,Berkeley,2014,2018,Black (includes Hispanic),
54,West Virginia,54003,Berkeley,2014,2018,Hispanic (all races),
54,West Virginia,54003,Berkeley,2014,2018,American Indian/Alaskan Native (includes Hispanic),
54,West Virginia,54003,Berkeley,2014,2018,White (includes Hispanic),10.5
54,West Virginia,54003,Berkeley,2015,2019,Asian/Pacific Islander (includes Hispanic),
54,West Virginia,54003,Berkeley,2015,2019,Black (includes Hispanic),
54,West Virginia,54003,Berkeley,2015,2019,Hispanic (all races),
54,West Virginia,54003,Berkeley,2015,2019,American Indian/Alaskan Native (includes Hispanic),
54,West Virginia,54003,Berkeley,2015,2019,White (includes Hispanic),9.1
54,West Virginia,54003,Berkeley,2016,2020,Asian/Pacific Islander (includes Hispanic),
54,West Virginia,54003,Berkeley,2016,2020,Black (includes Hispanic),
54,West Virginia,54003,Berkeley,2016,2020,Hispanic (all races),
54,West Virginia,54003,Berkeley,2016,2020,American Indian/Alaskan Native (includes Hispanic),
54,West Virginia,54003,Berkeley,2016,2020,White (includes Hispanic),8.8
54,West Virginia,54005,Boone,2011,2015,Asian/Pacific Islander (includes Hispanic),
54,West Virginia,54005,Boone,2011,2015,Black (includes Hispanic),
54,West Virginia,54005,Boone,2011,2015,Hispanic (all races),
54,West Virginia,54005,Boone,2011,2015,American Indian/Alaskan Native (includes Hispanic),
54,West Virginia,54005,Boone,2011,2015,White (includes Hispanic),9.3
54,West Virginia,54005,Boone,2012,2016,Asian/Pacific Islander (includes Hispanic),
54,West Virginia,54005,Boone,2012,2016,Black (includes Hispanic),
54,West Virginia,54005,Boone,2012,2016,Hispanic (all races),
54,West Virginia,54005,Boone,2012,2016,American Indian/Alaskan Native (includes Hispanic),
54,West Virginia,54005,Boone,2012,2016,White (includes Hispanic),9.5
54,West Virginia,54005,Boone,2013,2017,Asian/Pacific Islander (includes Hispanic),
54,West Virginia,54005,Boone,2013,2017,Black (includes Hispanic),
54,West Virginia,54005,Boone,2013,2017,Hispanic (all races),
54,West Virginia,54005,Boone,2013,2017,American Indian/Alaskan Native (includes Hispanic),
54,West Virginia,54005,Boone,2013,2017,White (includes Hispanic),9.9
54,West Virginia,54005,Boone,2014,2018,Asian/Pacific Islander (includes Hispanic),
54,West Virginia,54005,Boone,2014,2018,Black (includes Hispanic),
54,West Virginia,54005,Boone,2014,2018,Hispanic (all races),
54,West Virginia,54005,Boone,2014,2018,American Indian/Alaskan Native (includes Hispanic),
54,West Virginia,54005,Boone,2014,2018,White (includes Hispanic),10.8
54,West Virginia,54005,Boone,2015,2019,Asian/Pacific Islander (includes Hispanic),
54,West Virginia,54005,Boone,2015,2019,Black (includes Hispanic),
54,West Virginia,54005,Boone,2015,2019,Hispanic (all races),
54,West Virginia,54005,Boone,2015,2019,American Indian/Alaskan Native (includes Hispanic),
54,West Virginia,54005,Boone,2015,2019,White (includes Hispanic),10.2
54,West Virginia,54005,Boone,2016,2020,Asian/Pacific Islander (includes Hispanic),
54,West Virginia,54005,Boone,2016,2020,Black (includes Hispanic),
54,West Virginia,54005,Boone,2016,2020,Hispanic (all races),
54,West Virginia,54005,Boone,2016,2020,American Indian/Alaskan Native (includes Hispanic),
54,West Virginia,54005,Boone,2016,2020,White (includes Hispanic),10.6
54,West Virginia,54007,Braxton,2011,2015,Asian/Pacific Islander (includes Hispanic),
54,West Virginia,54007,Braxton,2011,2015,Black (includes Hispanic),
54,West Virginia,54007,Braxton,2011,2015,Hispanic (all races),
54,West Virginia,54007,Braxton,2011,2015,American Indian/Alaskan Native (includes Hispanic),
54,West Virginia,54007,Braxton,2011,2015,White (includes Hispanic),7.1
54,West Virginia,54007,Braxton,2012,2016,Asian/Pacific Islander (includes Hispanic),
54,West Virginia,54007,Braxton,2012,2016,Black (includes Hispanic),
54,West Virginia,54007,Braxton,2012,2016,Hispanic (all races),
54,West Virginia,54007,Braxton,2012,2016,American Indian/Alaskan Native (includes Hispanic),
54,West Virginia,54007,Braxton,2012,2016,White (includes Hispanic),6.3
54,West Virginia,54007,Braxton,2013,2017,Asian/Pacific Islander (includes Hispanic),
54,West Virginia,54007,Braxton,2013,2017,Black (includes Hispanic),
54,West Virginia,54007,Braxton,2013,2017,Hispanic (all races),
54,West Virginia,54007,Braxton,2013,2017,American Indian/Alaskan Native (includes Hispanic),
54,West Virginia,54007,Braxton,2013,2017,White (includes Hispanic),6.9
54,West Virginia,54007,Braxton,2014,2018,Asian/Pacific Islander (includes Hispanic),
54,West Virginia,54007,Braxton,2014,2018,Black (includes Hispanic),
54,West Virginia,54007,Braxton,2014,2018,Hispanic (all races),
54,West Virginia,54007,Braxton,2014,2018,American Indian/Alaskan Native (includes Hispanic),
54,West Virginia,54007,Braxton,2014,2018,White (includes Hispanic),8.8
54,West Virginia,54007,Braxton,2015,2019,Asian/Pacific Islander (includes Hispanic),
54,West Virginia,54007,Braxton,2015,2019,Black (includes Hispanic),
54,West Virginia,54007,Braxton,2015,2019,Hispanic (all races),
54,West Virginia,54007,Braxton,2015,2019,American Indian/Alaskan Native (includes Hispanic),
54,West Virginia,54007,Braxton,2015,2019,White (includes Hispanic),9.7
54,West Virginia,54007,Braxton,2016,2020,Asian/Pacific Islander (includes Hispanic),
54,West Virginia,54007,Braxton,2016,2020,Black (includes Hispanic),
54,West Virginia,54007,Braxton,2016,2020,Hispanic (all races),
54,West Virginia,54007,Braxton,2016,2020,American Indian/Alaskan Native (includes Hispanic),
54,West Virginia,54007,Braxton,2016,2020,White (includes Hispanic),11.1
54,West Virginia,54009,Brooke,2011,2015,Asian/Pacific Islander (includes Hispanic),
54,West Virginia,54009,Brooke,2011,2015,Black (includes Hispanic),
54,West Virginia,54009,Brooke,2011,2015,Hispanic (all races),
54,West Virginia,54009,Brooke,2011,2015,American Indian/Alaskan Native (includes Hispanic),
54,West Virginia,54009,Brooke,2011,2015,White (includes Hispanic),9.4
54,West Virginia,54009,Brooke,2012,2016,Asian/Pacific Islander (includes Hispanic),
54,West Virginia,54009,Brooke,2012,2016,Black (includes Hispanic),
54,West Virginia,54009,Brooke,2012,2016,Hispanic (all races),
54,West Virginia,54009,Brooke,2012,2016,American Indian/Alaskan Native (includes Hispanic),
54,West Virginia,54009,Brooke,2012,2016,White (includes Hispanic),10.7
54,West Virginia,54009,Brooke,2013,2017,Asian/Pacific Islander (includes Hispanic),
54,West Virginia,54009,Brooke,2013,2017,Black (includes Hispanic),
54,West Virginia,54009,Brooke,2013,2017,Hispanic (all races),
54,West Virginia,54009,Brooke,2013,2017,American Indian/Alaskan Native (includes Hispanic),
54,West Virginia,54009,Brooke,2013,2017,White (includes Hispanic),9.7
54,West Virginia,54009,Brooke,2014,2018,Asian/Pacific Islander (includes Hispanic),
54,West Virginia,54009,Brooke,2014,2018,Black (includes Hispanic),
54,West Virginia,54009,Brooke,2014,2018,Hispanic (all races),
54,West Virginia,54009,Brooke,2014,2018,American Indian/Alaskan Native (includes Hispanic),
54,West Virginia,54009,Brooke,2014,2018,White (includes Hispanic),9.0
54,West Virginia,54009,Brooke,2015,2019,Asian/Pacific Islander (includes Hispanic),
54,West Virginia,54009,Brooke,2015,2019,Black (includes Hispanic),
54,West Virginia,54009,Brooke,2015,2019,Hispanic (all races),
54,West Virginia,54009,Brooke,2015,2019,American Indian/Alaskan Native (includes Hispanic),
54,West Virginia,54009,Brooke,2015,2019,White (includes Hispanic),8.7
54,West Virginia,54009,Brooke,2016,2020,Asian/Pacific Islander (includes Hispanic),
54,West Virginia,54009,Brooke,2016,2020,Black (includes Hispanic),
54,West Virginia,54009,Brooke,2016,2020,Hispanic (all races),
54,West Virginia,54009,Brooke,2016,2020,American Indian/Alaskan Native (includes Hispanic),
54,West Virginia,54009,Brooke,2016,2020,White (includes Hispanic),8.2
54,West Virginia,54011,Cabell,2011,2015,Asian/Pacific Islander (includes Hispanic),
54,West Virginia,54011,Cabell,2011,2015,Black (includes Hispanic),
54,West Virginia,54011,Cabell,2011,2015,Hispanic (all races),
54,West Virginia,54011,Cabell,2011,2015,American Indian/Alaskan Native (includes Hispanic),
54,West Virginia,54011,Cabell,2011,2015,White (includes Hispanic),8.7
54,West Virginia,54011,Cabell,2012,2016,Asian/Pacific Islander (includes Hispanic),
54,West Virginia,54011,Cabell,2012,2016,Black (includes Hispanic),
54,West Virginia,54011,Cabell,2012,2016,Hispanic (all races),
54,West Virginia,54011,Cabell,2012,2016,American Indian/Alaskan Native (includes Hispanic),
54,West Virginia,54011,Cabell,2012,2016,White (includes Hispanic),7.9
54,West Virginia,54011,Cabell,2013,2017,Asian/Pacific Islander (includes Hispanic),
54,West Virginia,54011,Cabell,2013,2017,Black (includes Hispanic),
54,West Virginia,54011,Cabell,2013,2017,Hispanic (all races),
54,West Virginia,54011,Cabell,2013,2017,American Indian/Alaskan Native (includes Hispanic),
54,West Virginia,54011,Cabell,2013,2017,White (includes Hispanic),9.4
54,West Virginia,54011,Cabell,2014,2018,Asian/Pacific Islander (includes Hispanic),
54,West Virginia,54011,Cabell,2014,2018,Black (includes Hispanic),
54,West Virginia,54011,Cabell,2014,2018,Hispanic (all races),
54,West Virginia,54011,Cabell,2014,2018,American Indian/Alaskan Native (includes Hispanic),
54,West Virginia,54011,Cabell,2014,2018,White (includes Hispanic),10.4
54,West Virginia,54011,Cabell,2015,2019,Asian/Pacific Islander (includes Hispanic),
54,West Virginia,54011,Cabell,2015,2019,Black (includes Hispanic),
54,West Virginia,54011,Cabell,2015,2019,Hispanic (all races),
54,West Virginia,54011,Cabell,2015,2019,American Indian/Alaskan Native (includes Hispanic),
54,West Virginia,54011,Cabell,2015,2019,White (includes Hispanic),11.5
54,West Virginia,54011,Cabell,2016,2020,Asian/Pacific Islander (includes Hispanic),
54,West Virginia,54011,Cabell,2016,2020,Black (includes Hispanic),
54,West Virginia,54011,Cabell,2016,2020,Hispanic (all races),
54,West Virginia,54011,Cabell,2016,2020,American Indian/Alaskan Native (includes Hispanic),
54,West Virginia,54011,Cabell,2016,2020,White (includes Hispanic),12.0
54,West Virginia,54013,Calhoun,2011,2015,Asian/Pacific Islander (includes Hispanic),
54,West Virginia,54013,Calhoun,2011,2015,Black (includes Hispanic),
54,West Virginia,54013,Calhoun,2011,2015,Hispanic (all races),
54,West Virginia,54013,Calhoun,2011,2015,American Indian/Alaskan Native (includes Hispanic),
54,West Virginia,54013,Calhoun,2011,2015,White (includes Hispanic),10.7
54,West Virginia,54013,Calhoun,2012,2016,Asian/Pacific Islander (includes Hispanic),
54,West Virginia,54013,Calhoun,2012,2016,Black (includes Hispanic),
54,West Virginia,54013,Calhoun,2012,2016,Hispanic (all races),
54,West Virginia,54013,Calhoun,2012,2016,American Indian/Alaskan Native (includes Hispanic),
54,West Virginia,54013,Calhoun,2012,2016,White (includes Hispanic),9.4
54,West Virginia,54013,Calhoun,2013,2017,Asian/Pacific Islander (includes Hispanic),
54,West Virginia,54013,Calhoun,2013,2017,Black (includes Hispanic),
54,West Virginia,54013,Calhoun,2013,2017,Hispanic (all races),
54,West Virginia,54013,Calhoun,2013,2017,American Indian/Alaskan Native (includes Hispanic),
54,West Virginia,54013,Calhoun,2013,2017,White (includes Hispanic),9.7
54,West Virginia,54013,Calhoun,2014,2018,Asian/Pacific Islander (includes Hispanic),
54,West Virginia,54013,Calhoun,2014,2018,Black (includes Hispanic),
54,West Virginia,54013,Calhoun,2014,2018,Hispanic (all races),
54,West Virginia,54013,Calhoun,2014,2018,American Indian/Alaskan Native (includes Hispanic),
54,West Virginia,54013,Calhoun,2014,2018,White (includes Hispanic),9.0
54,West Virginia,54013,Calhoun,2015,2019,Asian/Pacific Islander (includes Hispanic),
54,West Virginia,54013,Calhoun,2015,2019,Black (includes Hispanic),
54,West Virginia,54013,Calhoun,2015,2019,Hispanic (all races),
54,West Virginia,54013,Calhoun,2015,2019,American Indian/Alaskan Native (includes Hispanic),
54,West Virginia,54013,Calhoun,2015,2019,White (includes Hispanic),9.5
54,West Virginia,54013,Calhoun,2016,2020,Asian/Pacific Islander (includes Hispanic),
54,West Virginia,54013,Calhoun,2016,2020,Black (includes Hispanic),
54,West Virginia,54013,Calhoun,2016,2020,Hispanic (all races),
54,West Virginia,54013,Calhoun,2016,2020,American Indian/Alaskan Native (includes Hispanic),
54,West Virginia,54013,Calhoun,2016,2020,White (includes Hispanic),9.5
54,West Virginia,54015,Clay,2011,2015,Asian/Pacific Islander (includes Hispanic),
54,West Virginia,54015,Clay,2011,2015,Black (includes Hispanic),
54,West Virginia,54015,Clay,2011,2015,Hispanic (all races),
54,West Virginia,54015,Clay,2011,2015,American Indian/Alaskan Native (includes Hispanic),
54,West Virginia,54015,Clay,2011,2015,White (includes Hispanic),10.2
54,West Virginia,54015,Clay,2012,2016,Asian/Pacific Islander (includes Hispanic),
54,West Virginia,54015,Clay,2012,2016,Black (includes Hispanic),
54,West Virginia,54015,Clay,2012,2016,Hispanic (all races),
54,West Virginia,54015,Clay,2012,2016,American Indian/Alaskan Native (includes Hispanic),
54,West Virginia,54015,Clay,2012,2016,White (includes Hispanic),9.3
54,West Virginia,54015,Clay,2013,2017,Asian/Pacific Islander (includes Hispanic),
54,West Virginia,54015,Clay,2013,2017,Black (includes Hispanic),
54,West Virginia,54015,Clay,2013,2017,Hispanic (all races),
54,West Virginia,54015,Clay,2013,2017,American Indian/Alaskan Native (includes Hispanic),
54,West Virginia,54015,Clay,2013,2017,White (includes Hispanic),9.6
54,West Virginia,54015,Clay,2014,2018,Asian/Pacific Islander (includes Hispanic),
54,West Virginia,54015,Clay,2014,2018,Black (includes Hispanic),
54,West Virginia,54015,Clay,2014,2018,Hispanic (all races),
54,West Virginia,54015,Clay,2014,2018,American Indian/Alaskan Native (includes Hispanic),
54,West Virginia,54015,Clay,2014,2018,White (includes Hispanic),9.2
54,West Virginia,54015,Clay,2015,2019,Asian/Pacific Islander (includes Hispanic),
54,West Virginia,54015,Clay,2015,2019,Black (includes Hispanic),
54,West Virginia,54015,Clay,2015,2019,Hispanic (all races),
54,West Virginia,54015,Clay,2015,2019,American Indian/Alaskan Native (includes Hispanic),
54,West Virginia,54015,Clay,2015,2019,White (includes Hispanic),8.5
54,West Virginia,54015,Clay,2016,2020,Asian/Pacific Islander (includes Hispanic),
54,West Virginia,54015,Clay,2016,2020,Black (includes Hispanic),
54,West Virginia,54015,Clay,2016,2020,Hispanic (all races),
54,West Virginia,54015,Clay,2016,2020,American Indian/Alaskan Native (includes Hispanic),
54,West Virginia,54015,Clay,2016,2020,White (includes Hispanic),8.6
54,West Virginia,54017,Doddridge,2011,2015,Asian/Pacific Islander (includes Hispanic),
54,West Virginia,54017,Doddridge,2011,2015,Black (includes Hispanic),
54,West Virginia,54017,Doddridge,2011,2015,Hispanic (all races),
54,West Virginia,54017,Doddridge,2011,2015,American Indian/Alaskan Native (includes Hispanic),
54,West Virginia,54017,Doddridge,2011,2015,White (includes Hispanic),9.6
54,West Virginia,54017,Doddridge,2012,2016,Asian/Pacific Islander (includes Hispanic),
54,West Virginia,54017,Doddridge,2012,2016,Black (includes Hispanic),
54,West Virginia,54017,Doddridge,2012,2016,Hispanic (all races),
54,West Virginia,54017,Doddridge,2012,2016,American Indian/Alaskan Native (includes Hispanic),
54,West Virginia,54017,Doddridge,2012,2016,White (includes Hispanic),8.2
54,West Virginia,54017,Doddridge,2013,2017,Asian/Pacific Islander (includes Hispanic),
54,West Virginia,54017,Doddridge,2013,2017,Black (includes Hispanic),
54,West Virginia,54017,Doddridge,2013,2017,Hispanic (all races),
54,West Virginia,54017,Doddridge,2013,2017,American Indian/Alaskan Native (includes Hispanic),
54,West Virginia,54017,Doddridge,2013,2017,White (includes Hispanic),8.6
54,West Virginia,54017,Doddridge,2014,2018,Asian/Pacific Islander (includes Hispanic),
54,West Virginia,54017,Doddridge,2014,2018,Black (includes Hispanic),
54,West Virginia,54017,Doddridge,2014,2018,Hispanic (all races),
54,West Virginia,54017,Doddridge,2014,2018,American Indian/Alaskan Native (includes Hispanic),
54,West Virginia,54017,Doddridge,2014,2018,White (includes Hispanic),7.7
54,West Virginia,54017,Doddridge,2015,2019,Asian/Pacific Islander (includes Hispanic),
54,West Virginia,54017,Doddridge,2015,2019,Black (includes Hispanic),
54,West Virginia,54017,Doddridge,2015,2019,Hispanic (all races),
54,West Virginia,54017,Doddridge,2015,2019,American Indian/Alaskan Native (includes Hispanic),
54,West Virginia,54017,Doddridge,2015,2019,White (includes Hispanic),7.7
54,West Virginia,54017,Doddridge,2016,2020,Asian/Pacific Islander (includes Hispanic),
54,West Virginia,54017,Doddridge,2016,2020,Black (includes Hispanic),
54,West Virginia,54017,Doddridge,2016,2020,Hispanic (all races),
54,West Virginia,54017,Doddridge,2016,2020,American Indian/Alaskan Native (includes Hispanic),
54,West Virginia,54017,Doddridge,2016,2020,White (includes Hispanic),7.1
54,West Virginia,54019,Fayette,2011,2015,Asian/Pacific Islander (includes Hispanic),
54,West Virginia,54019,Fayette,2011,2015,Black (includes Hispanic),
54,West Virginia,54019,Fayette,2011,2015,Hispanic (all races),
54,West Virginia,54019,Fayette,2011,2015,American Indian/Alaskan Native (includes Hispanic),
54,West Virginia,54019,Fayette,2011,2015,White (includes Hispanic),8.2
54,West Virginia,54019,Fayette,2012,2016,Asian/Pacific Islander (includes Hispanic),
54,West Virginia,54019,Fayette,2012,2016,Black (includes Hispanic),
54,West Virginia,54019,Fayette,2012,2016,Hispanic (all races),
54,West Virginia,54019,Fayette,2012,2016,American Indian/Alaskan Native (includes Hispanic),
54,West Virginia,54019,Fayette,2012,2016,White (includes Hispanic),8.6
54,West Virginia,54019,Fayette,2013,2017,Asian/Pacific Islander (includes Hispanic),
54,West Virginia,54019,Fayette,2013,2017,Black (includes Hispanic),
54,West Virginia,54019,Fayette,2013,2017,Hispanic (all races),
54,West Virginia,54019,Fayette,2013,2017,American Indian/Alaskan Native (includes Hispanic),
54,West Virginia,54019,Fayette,2013,2017,White (includes Hispanic),8.6
54,West Virginia,54019,Fayette,2014,2018,Asian/Pacific Islander (includes Hispanic),
54,West Virginia,54019,Fayette,2014,2018,Black (includes Hispanic),
54,West Virginia,54019,Fayette,2014,2018,Hispanic (all races),
54,West Virginia,54019,Fayette,2014,2018,American Indian/Alaskan Native (includes Hispanic),
54,West Virginia,54019,Fayette,2014,2018,White (includes Hispanic),8.8
54,West Virginia,54019,Fayette,2015,2019,Asian/Pacific Islander (includes Hispanic),
54,West Virginia,54019,Fayette,2015,2019,Black (includes Hispanic),
54,West Virginia,54019,Fayette,2015,2019,Hispanic (all races),
54,West Virginia,54019,Fayette,2015,2019,American Indian/Alaskan Native (includes Hispanic),
54,West Virginia,54019,Fayette,2015,2019,White (includes Hispanic),9.1
54,West Virginia,54019,Fayette,2016,2020,Asian/Pacific Islander (includes Hispanic),
54,West Virginia,54019,Fayette,2016,2020,Black (includes Hispanic),
54,West Virginia,54019,Fayette,2016,2020,Hispanic (all races),
54,West Virginia,54019,Fayette,2016,2020,American Indian/Alaskan Native (includes Hispanic),
54,West Virginia,54019,Fayette,2016,2020,White (includes Hispanic),10.2
54,West Virginia,54021,Gilmer,2011,2015,Asian/Pacific Islander (includes Hispanic),
54,West Virginia,54021,Gilmer,2011,2015,Black (includes Hispanic),
54,West Virginia,54021,Gilmer,2011,2015,Hispanic (all races),
54,West Virginia,54021,Gilmer,2011,2015,American Indian/Alaskan Native (includes Hispanic),
54,West Virginia,54021,Gilmer,2011,2015,White (includes Hispanic),8.6
54,West Virginia,54021,Gilmer,2012,2016,Asian/Pacific Islander (includes Hispanic),
54,West Virginia,54021,Gilmer,2012,2016,Black (includes Hispanic),
54,West Virginia,54021,Gilmer,2012,2016,Hispanic (all races),
54,West Virginia,54021,Gilmer,2012,2016,American Indian/Alaskan Native (includes Hispanic),
54,West Virginia,54021,Gilmer,2012,2016,White (includes Hispanic),
54,West Virginia,54021,Gilmer,2013,2017,Asian/Pacific Islander (includes Hispanic),
54,West Virginia,54021,Gilmer,2013,2017,Black (includes Hispanic),
54,West Virginia,54021,Gilmer,2013,2017,Hispanic (all races),
54,West Virginia,54021,Gilmer,2013,2017,American Indian/Alaskan Native (includes Hispanic),
54,West Virginia,54021,Gilmer,2013,2017,White (includes Hispanic),
54,West Virginia,54021,Gilmer,2014,2018,Asian/Pacific Islander (includes Hispanic),
54,West Virginia,54021,Gilmer,2014,2018,Black (includes Hispanic),
54,West Virginia,54021,Gilmer,2014,2018,Hispanic (all races),
54,West Virginia,54021,Gilmer,2014,2018,American Indian/Alaskan Native (includes Hispanic),
54,West Virginia,54021,Gilmer,2014,2018,White (includes Hispanic),
54,West Virginia,54021,Gilmer,2015,2019,Asian/Pacific Islander (includes Hispanic),
54,West Virginia,54021,Gilmer,2015,2019,Black (includes Hispanic),
54,West Virginia,54021,Gilmer,2015,2019,Hispanic (all races),
54,West Virginia,54021,Gilmer,2015,2019,American Indian/Alaskan Native (includes Hispanic),
54,West Virginia,54021,Gilmer,2015,2019,White (includes Hispanic),10.6
54,West Virginia,54021,Gilmer,2016,2020,Asian/Pacific Islander (includes Hispanic),
54,West Virginia,54021,Gilmer,2016,2020,Black (includes Hispanic),
54,West Virginia,54021,Gilmer,2016,2020,Hispanic (all races),
54,West Virginia,54021,Gilmer,2016,2020,American Indian/Alaskan Native (includes Hispanic),
54,West Virginia,54021,Gilmer,2016,2020,White (includes Hispanic),10.8
54,West Virginia,54023,Grant,2011,2015,Asian/Pacific Islander (includes Hispanic),
54,West Virginia,54023,Grant,2011,2015,Black (includes Hispanic),
54,West Virginia,54023,Grant,2011,2015,Hispanic (all races),
54,West Virginia,54023,Grant,2011,2015,American Indian/Alaskan Native (includes Hispanic),
54,West Virginia,54023,Grant,2011,2015,White (includes Hispanic),8.6
54,West Virginia,54023,Grant,2012,2016,Asian/Pacific Islander (includes Hispanic),
54,West Virginia,54023,Grant,2012,2016,Black (includes Hispanic),
54,West Virginia,54023,Grant,2012,2016,Hispanic (all races),
54,West Virginia,54023,Grant,2012,2016,American Indian/Alaskan Native (includes Hispanic),
54,West Virginia,54023,Grant,2012,2016,White (includes Hispanic),7.7
54,West Virginia,54023,Grant,2013,2017,Asian/Pacific Islander (includes Hispanic),
54,West Virginia,54023,Grant,2013,2017,Black (includes Hispanic),
54,West Virginia,54023,Grant,2013,2017,Hispanic (all races),
54,West Virginia,54023,Grant,2013,2017,American Indian/Alaskan Native (includes Hispanic),
54,West Virginia,54023,Grant,2013,2017,White (includes Hispanic),7.3
54,West Virginia,54023,Grant,2014,2018,Asian/Pacific Islander (includes Hispanic),
54,West Virginia,54023,Grant,2014,2018,Black (includes Hispanic),
54,West Virginia,54023,Grant,2014,2018,Hispanic (all races),
54,West Virginia,54023,Grant,2014,2018,American Indian/Alaskan Native (includes Hispanic),
54,West Virginia,54023,Grant,2014,2018,White (includes Hispanic),7.9
54,West Virginia,54023,Grant,2015,2019,Asian/Pacific Islander (includes Hispanic),
54,West Virginia,54023,Grant,2015,2019,Black (includes Hispanic),
54,West Virginia,54023,Grant,2015,2019,Hispanic (all races),
54,West Virginia,54023,Grant,2015,2019,American Indian/Alaskan Native (includes Hispanic),
54,West Virginia,54023,Grant,2015,2019,White (includes Hispanic),8.0
54,West Virginia,54023,Grant,2016,2020,Asian/Pacific Islander (includes Hispanic),
54,West Virginia,54023,Grant,2016,2020,Black (includes Hispanic),
54,West Virginia,54023,Grant,2016,2020,Hispanic (all races),
54,West Virginia,54023,Grant,2016,2020,American Indian/Alaskan Native (includes Hispanic),
54,West Virginia,54023,Grant,2016,2020,White (includes Hispanic),8.7
54,West Virginia,54025,Greenbrier,2011,2015,Asian/Pacific Islander (includes Hispanic),
54,West Virginia,54025,Greenbrier,2011,2015,Black (includes Hispanic),
54,West Virginia,54025,Greenbrier,2011,2015,Hispanic (all races),
54,West Virginia,54025,Greenbrier,2011,2015,American Indian/Alaskan Native (includes Hispanic),
54,West Virginia,54025,Greenbrier,2011,2015,White (includes Hispanic),7.5
54,West Virginia,54025,Greenbrier,2012,2016,Asian/Pacific Islander (includes Hispanic),
54,West Virginia,54025,Greenbrier,2012,2016,Black (includes Hispanic),
54,West Virginia,54025,Greenbrier,2012,2016,Hispanic (all races),
54,West Virginia,54025,Greenbrier,2012,2016,American Indian/Alaskan Native (includes Hispanic),
54,West Virginia,54025,Greenbrier,2012,2016,White (includes Hispanic),7.4
54,West Virginia,54025,Greenbrier,2013,2017,Asian/Pacific Islander (includes Hispanic),
54,West Virginia,54025,Greenbrier,2013,2017,Black (includes Hispanic),
54,West Virginia,54025,Greenbrier,2013,2017,Hispanic (all races),
54,West Virginia,54025,Greenbrier,2013,2017,American Indian/Alaskan Native (includes Hispanic),
54,West Virginia,54025,Greenbrier,2013,2017,White (includes Hispanic),7.0
54,West Virginia,54025,Greenbrier,2014,2018,Asian/Pacific Islander (includes Hispanic),
54,West Virginia,54025,Greenbrier,2014,2018,Black (includes Hispanic),
54,West Virginia,54025,Greenbrier,2014,2018,Hispanic (all races),
54,West Virginia,54025,Greenbrier,2014,2018,American Indian/Alaskan Native (includes Hispanic),
54,West Virginia,54025,Greenbrier,2014,2018,White (includes Hispanic),8.0
54,West Virginia,54025,Greenbrier,2015,2019,Asian/Pacific Islander (includes Hispanic),
54,West Virginia,54025,Greenbrier,2015,2019,Black (includes Hispanic),
54,West Virginia,54025,Greenbrier,2015,2019,Hispanic (all races),
54,West Virginia,54025,Greenbrier,2015,2019,American Indian/Alaskan Native (includes Hispanic),
54,West Virginia,54025,Greenbrier,2015,2019,White (includes Hispanic),9.0
54,West Virginia,54025,Greenbrier,2016,2020,Asian/Pacific Islander (includes Hispanic),
54,West Virginia,54025,Greenbrier,2016,2020,Black (includes Hispanic),
54,West Virginia,54025,Greenbrier,2016,2020,Hispanic (all races),
54,West Virginia,54025,Greenbrier,2016,2020,American Indian/Alaskan Native (includes Hispanic),
54,West Virginia,54025,Greenbrier,2016,2020,White (includes Hispanic),10.2
54,West Virginia,54027,Hampshire,2011,2015,Asian/Pacific Islander (includes Hispanic),
54,West Virginia,54027,Hampshire,2011,2015,Black (includes Hispanic),
54,West Virginia,54027,Hampshire,2011,2015,Hispanic (all races),
54,West Virginia,54027,Hampshire,2011,2015,American Indian/Alaskan Native (includes Hispanic),
54,West Virginia,54027,Hampshire,2011,2015,White (includes Hispanic),7.6
54,West Virginia,54027,Hampshire,2012,2016,Asian/Pacific Islander (includes Hispanic),
54,West Virginia,54027,Hampshire,2012,2016,Black (includes Hispanic),
54,West Virginia,54027,Hampshire,2012,2016,Hispanic (all races),
54,West Virginia,54027,Hampshire,2012,2016,American Indian/Alaskan Native (includes Hispanic),
54,West Virginia,54027,Hampshire,2012,2016,White (includes Hispanic),8.4
54,West Virginia,54027,Hampshire,2013,2017,Asian/Pacific Islander (includes Hispanic),
54,West Virginia,54027,Hampshire,2013,2017,Black (includes Hispanic),
54,West Virginia,54027,Hampshire,2013,2017,Hispanic (all races),
54,West Virginia,54027,Hampshire,2013,2017,American Indian/Alaskan Native (includes Hispanic),
54,West Virginia,54027,Hampshire,2013,2017,White (includes Hispanic),8.3
54,West Virginia,54027,Hampshire,2014,2018,Asian/Pacific Islander (includes Hispanic),
54,West Virginia,54027,Hampshire,2014,2018,Black (includes Hispanic),
54,West Virginia,54027,Hampshire,2014,2018,Hispanic (all races),
54,West Virginia,54027,Hampshire,2014,2018,American Indian/Alaskan Native (includes Hispanic),
54,West Virginia,54027,Hampshire,2014,2018,White (includes Hispanic),8.0
54,West Virginia,54027,Hampshire,2015,2019,Asian/Pacific Islander (includes Hispanic),
54,West Virginia,54027,Hampshire,2015,2019,Black (includes Hispanic),
54,West Virginia,54027,Hampshire,2015,2019,Hispanic (all races),
54,West Virginia,54027,Hampshire,2015,2019,American Indian/Alaskan Native (includes Hispanic),
54,West Virginia,54027,Hampshire,2015,2019,White (includes Hispanic),7.5
54,West Virginia,54027,Hampshire,2016,2020,Asian/Pacific Islander (includes Hispanic),
54,West Virginia,54027,Hampshire,2016,2020,Black (includes Hispanic),
54,West Virginia,54027,Hampshire,2016,2020,Hispanic (all races),
54,West Virginia,54027,Hampshire,2016,2020,American Indian/Alaskan Native (includes Hispanic),
54,West Virginia,54027,Hampshire,2016,2020,White (includes Hispanic),7.9
54,West Virginia,54029,Hancock,2011,2015,Asian/Pacific Islander (includes Hispanic),
54,West Virginia,54029,Hancock,2011,2015,Black (includes Hispanic),
54,West Virginia,54029,Hancock,2011,2015,Hispanic (all races),
54,West Virginia,54029,Hancock,2011,2015,American Indian/Alaskan Native (includes Hispanic),
54,West Virginia,54029,Hancock,2011,2015,White (includes Hispanic),9.4
54,West Virginia,54029,Hancock,2012,2016,Asian/Pacific Islander (includes Hispanic),
54,West Virginia,54029,Hancock,2012,2016,Black (includes Hispanic),
54,West Virginia,54029,Hancock,2012,2016,Hispanic (all races),
54,West Virginia,54029,Hancock,2012,2016,American Indian/Alaskan Native (includes Hispanic),
54,West Virginia,54029,Hancock,2012,2016,White (includes Hispanic),9.9
54,West Virginia,54029,Hancock,2013,2017,Asian/Pacific Islander (includes Hispanic),
54,West Virginia,54029,Hancock,2013,2017,Black (includes Hispanic),
54,West Virginia,54029,Hancock,2013,2017,Hispanic (all races),
54,West Virginia,54029,Hancock,2013,2017,American Indian/Alaskan Native (includes Hispanic),
54,West Virginia,54029,Hancock,2013,2017,White (includes Hispanic),9.0
54,West Virginia,54029,Hancock,2014,2018,Asian/Pacific Islander (includes Hispanic),
54,West Virginia,54029,Hancock,2014,2018,Black (includes Hispanic),
54,West Virginia,54029,Hancock,2014,2018,Hispanic (all races),
54,West Virginia,54029,Hancock,2014,2018,American Indian/Alaskan Native (includes Hispanic),
54,West Virginia,54029,Hancock,2014,2018,White (includes Hispanic),8.6
54,West Virginia,54029,Hancock,2015,2019,Asian/Pacific Islander (includes Hispanic),
54,West Virginia,54029,Hancock,2015,2019,Black (includes Hispanic),
54,West Virginia,54029,Hancock,2015,2019,Hispanic (all races),
54,West Virginia,54029,Hancock,2015,2019,American Indian/Alaskan Native (includes Hispanic),
54,West Virginia,54029,Hancock,2015,2019,White (includes Hispanic),7.9
54,West Virginia,54029,Hancock,2016,2020,Asian/Pacific Islander (includes Hispanic),
54,West Virginia,54029,Hancock,2016,2020,Black (includes Hispanic),
54,West Virginia,54029,Hancock,2016,2020,Hispanic (all races),
54,West Virginia,54029,Hancock,2016,2020,American Indian/Alaskan Native (includes Hispanic),
54,West Virginia,54029,Hancock,2016,2020,White (includes Hispanic),7.4
54,West Virginia,54031,Hardy,2011,2015,Asian/Pacific Islander (includes Hispanic),
54,West Virginia,54031,Hardy,2011,2015,Black (includes Hispanic),
54,West Virginia,54031,Hardy,2011,2015,Hispanic (all races),
54,West Virginia,54031,Hardy,2011,2015,American Indian/Alaskan Native (includes Hispanic),
54,West Virginia,54031,Hardy,2011,2015,White (includes Hispanic),6.8
54,West Virginia,54031,Hardy,2012,2016,Asian/Pacific Islander (includes Hispanic),
54,West Virginia,54031,Hardy,2012,2016,Black (includes Hispanic),
54,West Virginia,54031,Hardy,2012,2016,Hispanic (all races),
54,West Virginia,54031,Hardy,2012,2016,American Indian/Alaskan Native (includes Hispanic),
54,West Virginia,54031,Hardy,2012,2016,White (includes Hispanic),7.1
54,West Virginia,54031,Hardy,2013,2017,Asian/Pacific Islander (includes Hispanic),
54,West Virginia,54031,Hardy,2013,2017,Black (includes Hispanic),
54,West Virginia,54031,Hardy,2013,2017,Hispanic (all races),
54,West Virginia,54031,Hardy,2013,2017,American Indian/Alaskan Native (includes Hispanic),
54,West Virginia,54031,Hardy,2013,2017,White (includes Hispanic),6.8
54,West Virginia,54031,Hardy,2014,2018,Asian/Pacific Islander (includes Hispanic),
54,West Virginia,54031,Hardy,2014,2018,Black (includes Hispanic),
54,West Virginia,54031,Hardy,2014,2018,Hispanic (all races),
54,West Virginia,54031,Hardy,2014,2018,American Indian/Alaskan Native (includes Hispanic),
54,West Virginia,54031,Hardy,2014,2018,White (includes Hispanic),6.3
54,West Virginia,54031,Hardy,2015,2019,Asian/Pacific Islander (includes Hispanic),
54,West Virginia,54031,Hardy,2015,2019,Black (includes Hispanic),
54,West Virginia,54031,Hardy,2015,2019,Hispanic (all races),
54,West Virginia,54031,Hardy,2015,2019,American Indian/Alaskan Native (includes Hispanic),
54,West Virginia,54031,Hardy,2015,2019,White (includes Hispanic),5.9
54,West Virginia,54031,Hardy,2016,2020,Asian/Pacific Islander (includes Hispanic),
54,West Virginia,54031,Hardy,2016,2020,Black (includes Hispanic),
54,West Virginia,54031,Hardy,2016,2020,Hispanic (all races),
54,West Virginia,54031,Hardy,2016,2020,American Indian/Alaskan Native (includes Hispanic),
54,West Virginia,54031,Hardy,2016,2020,White (includes Hispanic),6.2
54,West Virginia,54033,Harrison,2011,2015,Asian/Pacific Islander (includes Hispanic),
54,West Virginia,54033,Harrison,2011,2015,Black (includes Hispanic),
54,West Virginia,54033,Harrison,2011,2015,Hispanic (all races),
54,West Virginia,54033,Harrison,2011,2015,American Indian/Alaskan Native (includes Hispanic),
54,West Virginia,54033,Harrison,2011,2015,White (includes Hispanic),9.9
54,West Virginia,54033,Harrison,2012,2016,Asian/Pacific Islander (includes Hispanic),
54,West Virginia,54033,Harrison,2012,2016,Black (includes Hispanic),
54,West Virginia,54033,Harrison,2012,2016,Hispanic (all races),
54,West Virginia,54033,Harrison,2012,2016,American Indian/Alaskan Native (includes Hispanic),
54,West Virginia,54033,Harrison,2012,2016,White (includes Hispanic),9.6
54,West Virginia,54033,Harrison,2013,2017,Asian/Pacific Islander (includes Hispanic),
54,West Virginia,54033,Harrison,2013,2017,Black (includes Hispanic),
54,West Virginia,54033,Harrison,2013,2017,Hispanic (all races),
54,West Virginia,54033,Harrison,2013,2017,American Indian/Alaskan Native (includes Hispanic),
54,West Virginia,54033,Harrison,2013,2017,White (includes Hispanic),9.4
54,West Virginia,54033,Harrison,2014,2018,Asian/Pacific Islander (includes Hispanic),
54,West Virginia,54033,Harrison,2014,2018,Black (includes Hispanic),
54,West Virginia,54033,Harrison,2014,2018,Hispanic (all races),
54,West Virginia,54033,Harrison,2014,2018,American Indian/Alaskan Native (includes Hispanic),
54,West Virginia,54033,Harrison,2014,2018,White (includes Hispanic),9.5
54,West Virginia,54033,Harrison,2015,2019,Asian/Pacific Islander (includes Hispanic),
54,West Virginia,54033,Harrison,2015,2019,Black (includes Hispanic),
54,West Virginia,54033,Harrison,2015,2019,Hispanic (all races),
54,West Virginia,54033,Harrison,2015,2019,American Indian/Alaskan Native (includes Hispanic),
54,West Virginia,54033,Harrison,2015,2019,White (includes Hispanic),8.8
54,West Virginia,54033,Harrison,2016,2020,Asian/Pacific Islander (includes Hispanic),
54,West Virginia,54033,Harrison,2016,2020,Black (includes Hispanic),
54,West Virginia,54033,Harrison,2016,2020,Hispanic (all races),
54,West Virginia,54033,Harrison,2016,2020,American Indian/Alaskan Native (includes Hispanic),
54,West Virginia,54033,Harrison,2016,2020,White (includes Hispanic),8.9
54,West Virginia,54035,Jackson,2011,2015,Asian/Pacific Islander (includes Hispanic),
54,West Virginia,54035,Jackson,2011,2015,Black (includes Hispanic),
54,West Virginia,54035,Jackson,2011,2015,Hispanic (all races),
54,West Virginia,54035,Jackson,2011,2015,American Indian/Alaskan Native (includes Hispanic),
54,West Virginia,54035,Jackson,2011,2015,White (includes Hispanic),9.6
54,West Virginia,54035,Jackson,2012,2016,Asian/Pacific Islander (includes Hispanic),
54,West Virginia,54035,Jackson,2012,2016,Black (includes Hispanic),
54,West Virginia,54035,Jackson,2012,2016,Hispanic (all races),
54,West Virginia,54035,Jackson,2012,2016,American Indian/Alaskan Native (includes Hispanic),
54,West Virginia,54035,Jackson,2012,2016,White (includes Hispanic),9.8
54,West Virginia,54035,Jackson,2013,2017,Asian/Pacific Islander (includes Hispanic),
54,West Virginia,54035,Jackson,2013,2017,Black (includes Hispanic),
54,West Virginia,54035,Jackson,2013,2017,Hispanic (all races),
54,West Virginia,54035,Jackson,2013,2017,American Indian/Alaskan Native (includes Hispanic),
54,West Virginia,54035,Jackson,2013,2017,White (includes Hispanic),9.7
54,West Virginia,54035,Jackson,2014,2018,Asian/Pacific Islander (includes Hispanic),
54,West Virginia,54035,Jackson,2014,2018,Black (includes Hispanic),
54,West Virginia,54035,Jackson,2014,2018,Hispanic (all races),
54,West Virginia,54035,Jackson,2014,2018,American Indian/Alaskan Native (includes Hispanic),
54,West Virginia,54035,Jackson,2014,2018,White (includes Hispanic),9.9
54,West Virginia,54035,Jackson,2015,2019,Asian/Pacific Islander (includes Hispanic),
54,West Virginia,54035,Jackson,2015,2019,Black (includes Hispanic),
54,West Virginia,54035,Jackson,2015,2019,Hispanic (all races),
54,West Virginia,54035,Jackson,2015,2019,American Indian/Alaskan Native (includes Hispanic),
54,West Virginia,54035,Jackson,2015,2019,White (includes Hispanic),8.5
54,West Virginia,54035,Jackson,2016,2020,Asian/Pacific Islander (includes Hispanic),
54,West Virginia,54035,Jackson,2016,2020,Black (includes Hispanic),
54,West Virginia,54035,Jackson,2016,2020,Hispanic (all races),
54,West Virginia,54035,Jackson,2016,2020,American Indian/Alaskan Native (includes Hispanic),
54,West Virginia,54035,Jackson,2016,2020,White (includes Hispanic),8.2
54,West Virginia,54037,Jefferson,2011,2015,Asian/Pacific Islander (includes Hispanic),
54,West Virginia,54037,Jefferson,2011,2015,Black (includes Hispanic),
54,West Virginia,54037,Jefferson,2011,2015,Hispanic (all races),
54,West Virginia,54037,Jefferson,2011,2015,American Indian/Alaskan Native (includes Hispanic),
54,West Virginia,54037,Jefferson,2011,2015,White (includes Hispanic),7.6
54,West Virginia,54037,Jefferson,2012,2016,Asian/Pacific Islander (includes Hispanic),
54,West Virginia,54037,Jefferson,2012,2016,Black (includes Hispanic),
54,West Virginia,54037,Jefferson,2012,2016,Hispanic (all races),
54,West Virginia,54037,Jefferson,2012,2016,American Indian/Alaskan Native (includes Hispanic),
54,West Virginia,54037,Jefferson,2012,2016,White (includes Hispanic),7.7
54,West Virginia,54037,Jefferson,2013,2017,Asian/Pacific Islander (includes Hispanic),
54,West Virginia,54037,Jefferson,2013,2017,Black (includes Hispanic),
54,West Virginia,54037,Jefferson,2013,2017,Hispanic (all races),
54,West Virginia,54037,Jefferson,2013,2017,American Indian/Alaskan Native (includes Hispanic),
54,West Virginia,54037,Jefferson,2013,2017,White (includes Hispanic),7.8
54,West Virginia,54037,Jefferson,2014,2018,Asian/Pacific Islander (includes Hispanic),
54,West Virginia,54037,Jefferson,2014,2018,Black (includes Hispanic),
54,West Virginia,54037,Jefferson,2014,2018,Hispanic (all races),
54,West Virginia,54037,Jefferson,2014,2018,American Indian/Alaskan Native (includes Hispanic),
54,West Virginia,54037,Jefferson,2014,2018,White (includes Hispanic),7.4
54,West Virginia,54037,Jefferson,2015,2019,Asian/Pacific Islander (includes Hispanic),
54,West Virginia,54037,Jefferson,2015,2019,Black (includes Hispanic),
54,West Virginia,54037,Jefferson,2015,2019,Hispanic (all races),
54,West Virginia,54037,Jefferson,2015,2019,American Indian/Alaskan Native (includes Hispanic),
54,West Virginia,54037,Jefferson,2015,2019,White (includes Hispanic),6.9
54,West Virginia,54037,Jefferson,2016,2020,Asian/Pacific Islander (includes Hispanic),
54,West Virginia,54037,Jefferson,2016,2020,Black (includes Hispanic),
54,West Virginia,54037,Jefferson,2016,2020,Hispanic (all races),
54,West Virginia,54037,Jefferson,2016,2020,American Indian/Alaskan Native (includes Hispanic),
54,West Virginia,54037,Jefferson,2016,2020,White (includes Hispanic),6.6
54,West Virginia,54039,Kanawha,2011,2015,Asian/Pacific Islander (includes Hispanic),
54,West Virginia,54039,Kanawha,2011,2015,Black (includes Hispanic),
54,West Virginia,54039,Kanawha,2011,2015,Hispanic (all races),
54,West Virginia,54039,Kanawha,2011,2015,American Indian/Alaskan Native (includes Hispanic),
54,West Virginia,54039,Kanawha,2011,2015,White (includes Hispanic),8.9
54,West Virginia,54039,Kanawha,2012,2016,Asian/Pacific Islander (includes Hispanic),
54,West Virginia,54039,Kanawha,2012,2016,Black (includes Hispanic),
54,West Virginia,54039,Kanawha,2012,2016,Hispanic (all races),
54,West Virginia,54039,Kanawha,2012,2016,American Indian/Alaskan Native (includes Hispanic),
54,West Virginia,54039,Kanawha,2012,2016,White (includes Hispanic),9.0
54,West Virginia,54039,Kanawha,2013,2017,Asian/Pacific Islander (includes Hispanic),
54,West Virginia,54039,Kanawha,2013,2017,Black (includes Hispanic),
54,West Virginia,54039,Kanawha,2013,2017,Hispanic (all races),
54,West Virginia,54039,Kanawha,2013,2017,American Indian/Alaskan Native (includes Hispanic),
54,West Virginia,54039,Kanawha,2013,2017,White (includes Hispanic),9.4
54,West Virginia,54039,Kanawha,2014,2018,Asian/Pacific Islander (includes Hispanic),
54,West Virginia,54039,Kanawha,2014,2018,Black (includes Hispanic),
54,West Virginia,54039,Kanawha,2014,2018,Hispanic (all races),
54,West Virginia,54039,Kanawha,2014,2018,American Indian/Alaskan Native (includes Hispanic),
54,West Virginia,54039,Kanawha,2014,2018,White (includes Hispanic),9.8
54,West Virginia,54039,Kanawha,2015,2019,Asian/Pacific Islander (includes Hispanic),
54,West Virginia,54039,Kanawha,2015,2019,Black (includes Hispanic),
54,West Virginia,54039,Kanawha,2015,2019,Hispanic (all races),
54,West Virginia,54039,Kanawha,2015,2019,American Indian/Alaskan Native (includes Hispanic),
54,West Virginia,54039,Kanawha,2015,2019,White (includes Hispanic),8.9
54,West Virginia,54039,Kanawha,2016,2020,Asian/Pacific Islander (includes Hispanic),
54,West Virginia,54039,Kanawha,2016,2020,Black (includes Hispanic),
54,West Virginia,54039,Kanawha,2016,2020,Hispanic (all races),
54,West Virginia,54039,Kanawha,2016,2020,American Indian/Alaskan Native (includes Hispanic),
54,West Virginia,54039,Kanawha,2016,2020,White (includes Hispanic),9.4
54,West Virginia,54041,Lewis,2011,2015,Asian/Pacific Islander (includes Hispanic),
54,West Virginia,54041,Lewis,2011,2015,Black (includes Hispanic),
54,West Virginia,54041,Lewis,2011,2015,Hispanic (all races),
54,West Virginia,54041,Lewis,2011,2015,American Indian/Alaskan Native (includes Hispanic),
54,West Virginia,54041,Lewis,2011,2015,White (includes Hispanic),10.0
54,West Virginia,54041,Lewis,2012,2016,Asian/Pacific Islander (includes Hispanic),
54,West Virginia,54041,Lewis,2012,2016,Black (includes Hispanic),
54,West Virginia,54041,Lewis,2012,2016,Hispanic (all races),
54,West Virginia,54041,Lewis,2012,2016,American Indian/Alaskan Native (includes Hispanic),
54,West Virginia,54041,Lewis,2012,2016,White (includes Hispanic),8.9
54,West Virginia,54041,Lewis,2013,2017,Asian/Pacific Islander (includes Hispanic),
54,West Virginia,54041,Lewis,2013,2017,Black (includes Hispanic),
54,West Virginia,54041,Lewis,2013,2017,Hispanic (all races),
54,West Virginia,54041,Lewis,2013,2017,American Indian/Alaskan Native (includes Hispanic),
54,West Virginia,54041,Lewis,2013,2017,White (includes Hispanic),9.4
54,West Virginia,54041,Lewis,2014,2018,Asian/Pacific Islander (includes Hispanic),
54,West Virginia,54041,Lewis,2014,2018,Black (includes Hispanic),
54,West Virginia,54041,Lewis,2014,2018,Hispanic (all races),
54,West Virginia,54041,Lewis,2014,2018,American Indian/Alaskan Native (includes Hispanic),
54,West Virginia,54041,Lewis,2014,2018,White (includes Hispanic),9.1
54,West Virginia,54041,Lewis,2015,2019,Asian/Pacific Islander (includes Hispanic),
54,West Virginia,54041,Lewis,2015,2019,Black (includes Hispanic),
54,West Virginia,54041,Lewis,2015,2019,Hispanic (all races),
54,West Virginia,54041,Lewis,2015,2019,American Indian/Alaskan Native (includes Hispanic),
54,West Virginia,54041,Lewis,2015,2019,White (includes Hispanic),8.7
54,West Virginia,54041,Lewis,2016,2020,Asian/Pacific Islander (includes Hispanic),
54,West Virginia,54041,Lewis,2016,2020,Black (includes Hispanic),
54,West Virginia,54041,Lewis,2016,2020,Hispanic (all races),
54,West Virginia,54041,Lewis,2016,2020,American Indian/Alaskan Native (includes Hispanic),
54,West Virginia,54041,Lewis,2016,2020,White (includes Hispanic),8.9
54,West Virginia,54043,Lincoln,2011,2015,Asian/Pacific Islander (includes Hispanic),
54,West Virginia,54043,Lincoln,2011,2015,Black (includes Hispanic),
54,West Virginia,54043,Lincoln,2011,2015,Hispanic (all races),
54,West Virginia,54043,Lincoln,2011,2015,American Indian/Alaskan Native (includes Hispanic),
54,West Virginia,54043,Lincoln,2011,2015,White (includes Hispanic),10.3
54,West Virginia,54043,Lincoln,2012,2016,Asian/Pacific Islander (includes Hispanic),
54,West Virginia,54043,Lincoln,2012,2016,Black (includes Hispanic),
54,West Virginia,54043,Lincoln,2012,2016,Hispanic (all races),
54,West Virginia,54043,Lincoln,2012,2016,American Indian/Alaskan Native (includes Hispanic),
54,West Virginia,54043,Lincoln,2012,2016,White (includes Hispanic),9.5
54,West Virginia,54043,Lincoln,2013,2017,Asian/Pacific Islander (includes Hispanic),
54,West Virginia,54043,Lincoln,2013,2017,Black (includes Hispanic),
54,West Virginia,54043,Lincoln,2013,2017,Hispanic (all races),
54,West Virginia,54043,Lincoln,2013,2017,American Indian/Alaskan Native (includes Hispanic),
54,West Virginia,54043,Lincoln,2013,2017,White (includes Hispanic),10.0
54,West Virginia,54043,Lincoln,2014,2018,Asian/Pacific Islander (includes Hispanic),
54,West Virginia,54043,Lincoln,2014,2018,Black (includes Hispanic),
54,West Virginia,54043,Lincoln,2014,2018,Hispanic (all races),
54,West Virginia,54043,Lincoln,2014,2018,American Indian/Alaskan Native (includes Hispanic),
54,West Virginia,54043,Lincoln,2014,2018,White (includes Hispanic),10.6
54,West Virginia,54043,Lincoln,2015,2019,Asian/Pacific Islander (includes Hispanic),
54,West Virginia,54043,Lincoln,2015,2019,Black (includes Hispanic),
54,West Virginia,54043,Lincoln,2015,2019,Hispanic (all races),
54,West Virginia,54043,Lincoln,2015,2019,American Indian/Alaskan Native (includes Hispanic),
54,West Virginia,54043,Lincoln,2015,2019,White (includes Hispanic),10.9
54,West Virginia,54043,Lincoln,2016,2020,Asian/Pacific Islander (includes Hispanic),
54,West Virginia,54043,Lincoln,2016,2020,Black (includes Hispanic),
54,West Virginia,54043,Lincoln,2016,2020,Hispanic (all races),
54,West Virginia,54043,Lincoln,2016,2020,American Indian/Alaskan Native (includes Hispanic),
54,West Virginia,54043,Lincoln,2016,2020,White (includes Hispanic),11.1
54,West Virginia,54045,Logan,2011,2015,Asian/Pacific Islander (includes Hispanic),
54,West Virginia,54045,Logan,2011,2015,Black (includes Hispanic),
54,West Virginia,54045,Logan,2011,2015,Hispanic (all races),
54,West Virginia,54045,Logan,2011,2015,American Indian/Alaskan Native (includes Hispanic),
54,West Virginia,54045,Logan,2011,2015,White (includes Hispanic),12.5
54,West Virginia,54045,Logan,2012,2016,Asian/Pacific Islander (includes Hispanic),
54,West Virginia,54045,Logan,2012,2016,Black (includes Hispanic),
54,West Virginia,54045,Logan,2012,2016,Hispanic (all races),
54,West Virginia,54045,Logan,2012,2016,American Indian/Alaskan Native (includes Hispanic),
54,West Virginia,54045,Logan,2012,2016,White (includes Hispanic),11.8
54,West Virginia,54045,Logan,2013,2017,Asian/Pacific Islander (includes Hispanic),
54,West Virginia,54045,Logan,2013,2017,Black (includes Hispanic),
54,West Virginia,54045,Logan,2013,2017,Hispanic (all races),
54,West Virginia,54045,Logan,2013,2017,American Indian/Alaskan Native (includes Hispanic),
54,West Virginia,54045,Logan,2013,2017,White (includes Hispanic),11.5
54,West Virginia,54045,Logan,2014,2018,Asian/Pacific Islander (includes Hispanic),
54,West Virginia,54045,Logan,2014,2018,Black (includes Hispanic),
54,West Virginia,54045,Logan,2014,2018,Hispanic (all races),
54,West Virginia,54045,Logan,2014,2018,American Indian/Alaskan Native (includes Hispanic),
54,West Virginia,54045,Logan,2014,2018,White (includes Hispanic),13.6
54,West Virginia,54045,Logan,2015,2019,Asian/Pacific Islander (includes Hispanic),
54,West Virginia,54045,Logan,2015,2019,Black (includes Hispanic),
54,West Virginia,54045,Logan,2015,2019,Hispanic (all races),
54,West Virginia,54045,Logan,2015,2019,American Indian/Alaskan Native (includes Hispanic),
54,West Virginia,54045,Logan,2015,2019,White (includes Hispanic),12.9
54,West Virginia,54045,Logan,2016,2020,Asian/Pacific Islander (includes Hispanic),
54,West Virginia,54045,Logan,2016,2020,Black (includes Hispanic),
54,West Virginia,54045,Logan,2016,2020,Hispanic (all races),
54,West Virginia,54045,Logan,2016,2020,American Indian/Alaskan Native (includes Hispanic),
54,West Virginia,54045,Logan,2016,2020,White (includes Hispanic),13.0
54,West Virginia,54049,Marion,2011,2015,Asian/Pacific Islander (includes Hispanic),
54,West Virginia,54049,Marion,2011,2015,Black (includes Hispanic),
54,West Virginia,54049,Marion,2011,2015,Hispanic (all races),
54,West Virginia,54049,Marion,2011,2015,American Indian/Alaskan Native (includes Hispanic),
54,West Virginia,54049,Marion,2011,2015,White (includes Hispanic),9.2
54,West Virginia,54049,Marion,2012,2016,Asian/Pacific Islander (includes Hispanic),
54,West Virginia,54049,Marion,2012,2016,Black (includes Hispanic),
54,West Virginia,54049,Marion,2012,2016,Hispanic (all races),
54,West Virginia,54049,Marion,2012,2016,American Indian/Alaskan Native (includes Hispanic),
54,West Virginia,54049,Marion,2012,2016,White (includes Hispanic),7.9
54,West Virginia,54049,Marion,2013,2017,Asian/Pacific Islander (includes Hispanic),
54,West Virginia,54049,Marion,2013,2017,Black (includes Hispanic),
54,West Virginia,54049,Marion,2013,2017,Hispanic (all races),
54,West Virginia,54049,Marion,2013,2017,American Indian/Alaskan Native (includes Hispanic),
54,West Virginia,54049,Marion,2013,2017,White (includes Hispanic),7.6
54,West Virginia,54049,Marion,2014,2018,Asian/Pacific Islander (includes Hispanic),
54,West Virginia,54049,Marion,2014,2018,Black (includes Hispanic),
54,West Virginia,54049,Marion,2014,2018,Hispanic (all races),
54,West Virginia,54049,Marion,2014,2018,American Indian/Alaskan Native (includes Hispanic),
54,West Virginia,54049,Marion,2014,2018,White (includes Hispanic),7.7
54,West Virginia,54049,Marion,2015,2019,Asian/Pacific Islander (includes Hispanic),
54,West Virginia,54049,Marion,2015,2019,Black (includes Hispanic),
54,West Virginia,54049,Marion,2015,2019,Hispanic (all races),
54,West Virginia,54049,Marion,2015,2019,American Indian/Alaskan Native (includes Hispanic),
54,West Virginia,54049,Marion,2015,2019,White (includes Hispanic),6.4
54,West Virginia,54049,Marion,2016,2020,Asian/Pacific Islander (includes Hispanic),
54,West Virginia,54049,Marion,2016,2020,Black (includes Hispanic),
54,West Virginia,54049,Marion,2016,2020,Hispanic (all races),
54,West Virginia,54049,Marion,2016,2020,American Indian/Alaskan Native (includes Hispanic),
54,West Virginia,54049,Marion,2016,2020,White (includes Hispanic),6.7
54,West Virginia,54051,Marshall,2011,2015,Asian/Pacific Islander (includes Hispanic),
54,West Virginia,54051,Marshall,2011,2015,Black (includes Hispanic),
54,West Virginia,54051,Marshall,2011,2015,Hispanic (all races),
54,West Virginia,54051,Marshall,2011,2015,American Indian/Alaskan Native (includes Hispanic),
54,West Virginia,54051,Marshall,2011,2015,White (includes Hispanic),8.6
54,West Virginia,54051,Marshall,2012,2016,Asian/Pacific Islander (includes Hispanic),
54,West Virginia,54051,Marshall,2012,2016,Black (includes Hispanic),
54,West Virginia,54051,Marshall,2012,2016,Hispanic (all races),
54,West Virginia,54051,Marshall,2012,2016,American Indian/Alaskan Native (includes Hispanic),
54,West Virginia,54051,Marshall,2012,2016,White (includes Hispanic),8.7
54,West Virginia,54051,Marshall,2013,2017,Asian/Pacific Islander (includes Hispanic),
54,West Virginia,54051,Marshall,2013,2017,Black (includes Hispanic),
54,West Virginia,54051,Marshall,2013,2017,Hispanic (all races),
54,West Virginia,54051,Marshall,2013,2017,American Indian/Alaskan Native (includes Hispanic),
54,West Virginia,54051,Marshall,2013,2017,White (includes Hispanic),8.8
54,West Virginia,54051,Marshall,2014,2018,Asian/Pacific Islander (includes Hispanic),
54,West Virginia,54051,Marshall,2014,2018,Black (includes Hispanic),
54,West Virginia,54051,Marshall,2014,2018,Hispanic (all races),
54,West Virginia,54051,Marshall,2014,2018,American Indian/Alaskan Native (includes Hispanic),
54,West Virginia,54051,Marshall,2014,2018,White (includes Hispanic),8.2
54,West Virginia,54051,Marshall,2015,2019,Asian/Pacific Islander (includes Hispanic),
54,West Virginia,54051,Marshall,2015,2019,Black (includes Hispanic),
54,West Virginia,54051,Marshall,2015,2019,Hispanic (all races),
54,West Virginia,54051,Marshall,2015,2019,American Indian/Alaskan Native (includes Hispanic),
54,West Virginia,54051,Marshall,2015,2019,White (includes Hispanic),7.8
54,West Virginia,54051,Marshall,2016,2020,Asian/Pacific Islander (includes Hispanic),
54,West Virginia,54051,Marshall,2016,2020,Black (includes Hispanic),
54,West Virginia,54051,Marshall,2016,2020,Hispanic (all races),
54,West Virginia,54051,Marshall,2016,2020,American Indian/Alaskan Native (includes Hispanic),
54,West Virginia,54051,Marshall,2016,2020,White (includes Hispanic),6.9
54,West Virginia,54053,Mason,2011,2015,Asian/Pacific Islander (includes Hispanic),
54,West Virginia,54053,Mason,2011,2015,Black (includes Hispanic),
54,West Virginia,54053,Mason,2011,2015,Hispanic (all races),
54,West Virginia,54053,Mason,2011,2015,American Indian/Alaskan Native (includes Hispanic),
54,West Virginia,54053,Mason,2011,2015,White (includes Hispanic),8.8
54,West Virginia,54053,Mason,2012,2016,Asian/Pacific Islander (includes Hispanic),
54,West Virginia,54053,Mason,2012,2016,Black (includes Hispanic),
54,West Virginia,54053,Mason,2012,2016,Hispanic (all races),
54,West Virginia,54053,Mason,2012,2016,American Indian/Alaskan Native (includes Hispanic),
54,West Virginia,54053,Mason,2012,2016,White (includes Hispanic),8.2
54,West Virginia,54053,Mason,2013,2017,Asian/Pacific Islander (includes Hispanic),
54,West Virginia,54053,Mason,2013,2017,Black (includes Hispanic),
54,West Virginia,54053,Mason,2013,2017,Hispanic (all races),
54,West Virginia,54053,Mason,2013,2017,American Indian/Alaskan Native (includes Hispanic),
54,West Virginia,54053,Mason,2013,2017,White (includes Hispanic),9.2
54,West Virginia,54053,Mason,2014,2018,Asian/Pacific Islander (includes Hispanic),
54,West Virginia,54053,Mason,2014,2018,Black (includes Hispanic),
54,West Virginia,54053,Mason,2014,2018,Hispanic (all races),
54,West Virginia,54053,Mason,2014,2018,American Indian/Alaskan Native (includes Hispanic),
54,West Virginia,54053,Mason,2014,2018,White (includes Hispanic),10.2
54,West Virginia,54053,Mason,2015,2019,Asian/Pacific Islander (includes Hispanic),
54,West Virginia,54053,Mason,2015,2019,Black (includes Hispanic),
54,West Virginia,54053,Mason,2015,2019,Hispanic (all races),
54,West Virginia,54053,Mason,2015,2019,American Indian/Alaskan Native (includes Hispanic),
54,West Virginia,54053,Mason,2015,2019,White (includes Hispanic),10.1
54,West Virginia,54053,Mason,2016,2020,Asian/Pacific Islander (includes Hispanic),
54,West Virginia,54053,Mason,2016,2020,Black (includes Hispanic),
54,West Virginia,54053,Mason,2016,2020,Hispanic (all races),
54,West Virginia,54053,Mason,2016,2020,American Indian/Alaskan Native (includes Hispanic),
54,West Virginia,54053,Mason,2016,2020,White (includes Hispanic),10.7
54,West Virginia,54047,McDowell,2011,2015,Asian/Pacific Islander (includes Hispanic),
54,West Virginia,54047,McDowell,2011,2015,Black (includes Hispanic),
54,West Virginia,54047,McDowell,2011,2015,Hispanic (all races),
54,West Virginia,54047,McDowell,2011,2015,American Indian/Alaskan Native (includes Hispanic),
54,West Virginia,54047,McDowell,2011,2015,White (includes Hispanic),9.4
54,West Virginia,54047,McDowell,2012,2016,Asian/Pacific Islander (includes Hispanic),
54,West Virginia,54047,McDowell,2012,2016,Black (includes Hispanic),
54,West Virginia,54047,McDowell,2012,2016,Hispanic (all races),
54,West Virginia,54047,McDowell,2012,2016,American Indian/Alaskan Native (includes Hispanic),
54,West Virginia,54047,McDowell,2012,2016,White (includes Hispanic),8.3
54,West Virginia,54047,McDowell,2013,2017,Asian/Pacific Islander (includes Hispanic),
54,West Virginia,54047,McDowell,2013,2017,Black (includes Hispanic),
54,West Virginia,54047,McDowell,2013,2017,Hispanic (all races),
54,West Virginia,54047,McDowell,2013,2017,American Indian/Alaskan Native (includes Hispanic),
54,West Virginia,54047,McDowell,2013,2017,White (includes Hispanic),8.5
54,West Virginia,54047,McDowell,2014,2018,Asian/Pacific Islander (includes Hispanic),
54,West Virginia,54047,McDowell,2014,2018,Black (includes Hispanic),
54,West Virginia,54047,McDowell,2014,2018,Hispanic (all races),
54,West Virginia,54047,McDowell,2014,2018,American Indian/Alaskan Native (includes Hispanic),
54,West Virginia,54047,McDowell,2014,2018,White (includes Hispanic),7.7
54,West Virginia,54047,McDowell,2015,2019,Asian/Pacific Islander (includes Hispanic),
54,West Virginia,54047,McDowell,2015,2019,Black (includes Hispanic),
54,West Virginia,54047,McDowell,2015,2019,Hispanic (all races),
54,West Virginia,54047,McDowell,2015,2019,American Indian/Alaskan Native (includes Hispanic),
54,West Virginia,54047,McDowell,2015,2019,White (includes Hispanic),8.5
54,West Virginia,54047,McDowell,2016,2020,Asian/Pacific Islander (includes Hispanic),
54,West Virginia,54047,McDowell,2016,2020,Black (includes Hispanic),
54,West Virginia,54047,McDowell,2016,2020,Hispanic (all races),
54,West Virginia,54047,McDowell,2016,2020,American Indian/Alaskan Native (includes Hispanic),
54,West Virginia,54047,McDowell,2016,2020,White (includes Hispanic),7.4
54,West Virginia,54055,Mercer,2011,2015,Asian/Pacific Islander (includes Hispanic),
54,West Virginia,54055,Mercer,2011,2015,Black (includes Hispanic),
54,West Virginia,54055,Mercer,2011,2015,Hispanic (all races),
54,West Virginia,54055,Mercer,2011,2015,American Indian/Alaskan Native (includes Hispanic),
54,West Virginia,54055,Mercer,2011,2015,White (includes Hispanic),7.1
54,West Virginia,54055,Mercer,2012,2016,Asian/Pacific Islander (includes Hispanic),
54,West Virginia,54055,Mercer,2012,2016,Black (includes Hispanic),
54,West Virginia,54055,Mercer,2012,2016,Hispanic (all races),
54,West Virginia,54055,Mercer,2012,2016,American Indian/Alaskan Native (includes Hispanic),
54,West Virginia,54055,Mercer,2012,2016,White (includes Hispanic),8.2
54,West Virginia,54055,Mercer,2013,2017,Asian/Pacific Islander (includes Hispanic),
54,West Virginia,54055,Mercer,2013,2017,Black (includes Hispanic),
54,West Virginia,54055,Mercer,2013,2017,Hispanic (all races),
54,West Virginia,54055,Mercer,2013,2017,American Indian/Alaskan Native (includes Hispanic),
54,West Virginia,54055,Mercer,2013,2017,White (includes Hispanic),9.2
54,West Virginia,54055,Mercer,2014,2018,Asian/Pacific Islander (includes Hispanic),
54,West Virginia,54055,Mercer,2014,2018,Black (includes Hispanic),
54,West Virginia,54055,Mercer,2014,2018,Hispanic (all races),
54,West Virginia,54055,Mercer,2014,2018,American Indian/Alaskan Native (includes Hispanic),
54,West Virginia,54055,Mercer,2014,2018,White (includes Hispanic),8.8
54,West Virginia,54055,Mercer,2015,2019,Asian/Pacific Islander (includes Hispanic),
54,West Virginia,54055,Mercer,2015,2019,Black (includes Hispanic),
54,West Virginia,54055,Mercer,2015,2019,Hispanic (all races),
54,West Virginia,54055,Mercer,2015,2019,American Indian/Alaskan Native (includes Hispanic),
54,West Virginia,54055,Mercer,2015,2019,White (includes Hispanic),9.8
54,West Virginia,54055,Mercer,2016,2020,Asian/Pacific Islander (includes Hispanic),
54,West Virginia,54055,Mercer,2016,2020,Black (includes Hispanic),
54,West Virginia,54055,Mercer,2016,2020,Hispanic (all races),
54,West Virginia,54055,Mercer,2016,2020,American Indian/Alaskan Native (includes Hispanic),
54,West Virginia,54055,Mercer,2016,2020,White (includes Hispanic),10.6
54,West Virginia,54057,Mineral,2011,2015,Asian/Pacific Islander (includes Hispanic),
54,West Virginia,54057,Mineral,2011,2015,Black (includes Hispanic),
54,West Virginia,54057,Mineral,2011,2015,Hispanic (all races),
54,West Virginia,54057,Mineral,2011,2015,American Indian/Alaskan Native (includes Hispanic),
54,West Virginia,54057,Mineral,2011,2015,White (includes Hispanic),8.4
54,West Virginia,54057,Mineral,2012,2016,Asian/Pacific Islander (includes Hispanic),
54,West Virginia,54057,Mineral,2012,2016,Black (includes Hispanic),
54,West Virginia,54057,Mineral,2012,2016,Hispanic (all races),
54,West Virginia,54057,Mineral,2012,2016,American Indian/Alaskan Native (includes Hispanic),
54,West Virginia,54057,Mineral,2012,2016,White (includes Hispanic),7.9
54,West Virginia,54057,Mineral,2013,2017,Asian/Pacific Islander (includes Hispanic),
54,West Virginia,54057,Mineral,2013,2017,Black (includes Hispanic),
54,West Virginia,54057,Mineral,2013,2017,Hispanic (all races),
54,West Virginia,54057,Mineral,2013,2017,American Indian/Alaskan Native (includes Hispanic),
54,West Virginia,54057,Mineral,2013,2017,White (includes Hispanic),7.9
54,West Virginia,54057,Mineral,2014,2018,Asian/Pacific Islander (includes Hispanic),
54,West Virginia,54057,Mineral,2014,2018,Black (includes Hispanic),
54,West Virginia,54057,Mineral,2014,2018,Hispanic (all races),
54,West Virginia,54057,Mineral,2014,2018,American Indian/Alaskan Native (includes Hispanic),
54,West Virginia,54057,Mineral,2014,2018,White (includes Hispanic),8.0
54,West Virginia,54057,Mineral,2015,2019,Asian/Pacific Islander (includes Hispanic),
54,West Virginia,54057,Mineral,2015,2019,Black (includes Hispanic),
54,West Virginia,54057,Mineral,2015,2019,Hispanic (all races),
54,West Virginia,54057,Mineral,2015,2019,American Indian/Alaskan Native (includes Hispanic),
54,West Virginia,54057,Mineral,2015,2019,White (includes Hispanic),7.0
54,West Virginia,54057,Mineral,2016,2020,Asian/Pacific Islander (includes Hispanic),
54,West Virginia,54057,Mineral,2016,2020,Black (includes Hispanic),
54,West Virginia,54057,Mineral,2016,2020,Hispanic (all races),
54,West Virginia,54057,Mineral,2016,2020,American Indian/Alaskan Native (includes Hispanic),
54,West Virginia,54057,Mineral,2016,2020,White (includes Hispanic),7.5
54,West Virginia,54059,Mingo,2011,2015,Asian/Pacific Islander (includes Hispanic),
54,West Virginia,54059,Mingo,2011,2015,Black (includes Hispanic),
54,West Virginia,54059,Mingo,2011,2015,Hispanic (all races),
54,West Virginia,54059,Mingo,2011,2015,American Indian/Alaskan Native (includes Hispanic),
54,West Virginia,54059,Mingo,2011,2015,White (includes Hispanic),10.4
54,West Virginia,54059,Mingo,2012,2016,Asian/Pacific Islander (includes Hispanic),
54,West Virginia,54059,Mingo,2012,2016,Black (includes Hispanic),
54,West Virginia,54059,Mingo,2012,2016,Hispanic (all races),
54,West Virginia,54059,Mingo,2012,2016,American Indian/Alaskan Native (includes Hispanic),
54,West Virginia,54059,Mingo,2012,2016,White (includes Hispanic),10.3
54,West Virginia,54059,Mingo,2013,2017,Asian/Pacific Islander (includes Hispanic),
54,West Virginia,54059,Mingo,2013,2017,Black (includes Hispanic),
54,West Virginia,54059,Mingo,2013,2017,Hispanic (all races),
54,West Virginia,54059,Mingo,2013,2017,American Indian/Alaskan Native (includes Hispanic),
54,West Virginia,54059,Mingo,2013,2017,White (includes Hispanic),10.1
54,West Virginia,54059,Mingo,2014,2018,Asian/Pacific Islander (includes Hispanic),
54,West Virginia,54059,Mingo,2014,2018,Black (includes Hispanic),
54,West Virginia,54059,Mingo,2014,2018,Hispanic (all races),
54,West Virginia,54059,Mingo,2014,2018,American Indian/Alaskan Native (includes Hispanic),
54,West Virginia,54059,Mingo,2014,2018,White (includes Hispanic),10.6
54,West Virginia,54059,Mingo,2015,2019,Asian/Pacific Islander (includes Hispanic),
54,West Virginia,54059,Mingo,2015,2019,Black (includes Hispanic),
54,West Virginia,54059,Mingo,2015,2019,Hispanic (all races),
54,West Virginia,54059,Mingo,2015,2019,American Indian/Alaskan Native (includes Hispanic),
54,West Virginia,54059,Mingo,2015,2019,White (includes Hispanic),12.3
54,West Virginia,54059,Mingo,2016,2020,Asian/Pacific Islander (includes Hispanic),
54,West Virginia,54059,Mingo,2016,2020,Black (includes Hispanic),
54,West Virginia,54059,Mingo,2016,2020,Hispanic (all races),
54,West Virginia,54059,Mingo,2016,2020,American Indian/Alaskan Native (includes Hispanic),
54,West Virginia,54059,Mingo,2016,2020,White (includes Hispanic),12.8
54,West Virginia,54061,Monongalia,2011,2015,Asian/Pacific Islander (includes Hispanic),
54,West Virginia,54061,Monongalia,2011,2015,Black (includes Hispanic),
54,West Virginia,54061,Monongalia,2011,2015,Hispanic (all races),
54,West Virginia,54061,Monongalia,2011,2015,American Indian/Alaskan Native (includes Hispanic),
54,West Virginia,54061,Monongalia,2011,2015,White (includes Hispanic),9.5
54,West Virginia,54061,Monongalia,2012,2016,Asian/Pacific Islander (includes Hispanic),
54,West Virginia,54061,Monongalia,2012,2016,Black (includes Hispanic),
54,West Virginia,54061,Monongalia,2012,2016,Hispanic (all races),
54,West Virginia,54061,Monongalia,2012,2016,American Indian/Alaskan Native (includes Hispanic),
54,West Virginia,54061,Monongalia,2012,2016,White (includes Hispanic),9.1
54,West Virginia,54061,Monongalia,2013,2017,Asian/Pacific Islander (includes Hispanic),
54,West Virginia,54061,Monongalia,2013,2017,Black (includes Hispanic),
54,West Virginia,54061,Monongalia,2013,2017,Hispanic (all races),
54,West Virginia,54061,Monongalia,2013,2017,American Indian/Alaskan Native (includes Hispanic),
54,West Virginia,54061,Monongalia,2013,2017,White (includes Hispanic),8.9
54,West Virginia,54061,Monongalia,2014,2018,Asian/Pacific Islander (includes Hispanic),
54,West Virginia,54061,Monongalia,2014,2018,Black (includes Hispanic),
54,West Virginia,54061,Monongalia,2014,2018,Hispanic (all races),
54,West Virginia,54061,Monongalia,2014,2018,American Indian/Alaskan Native (includes Hispanic),
54,West Virginia,54061,Monongalia,2014,2018,White (includes Hispanic),8.3
54,West Virginia,54061,Monongalia,2015,2019,Asian/Pacific Islander (includes Hispanic),
54,West Virginia,54061,Monongalia,2015,2019,Black (includes Hispanic),
54,West Virginia,54061,Monongalia,2015,2019,Hispanic (all races),
54,West Virginia,54061,Monongalia,2015,2019,American Indian/Alaskan Native (includes Hispanic),
54,West Virginia,54061,Monongalia,2015,2019,White (includes Hispanic),8.2
54,West Virginia,54061,Monongalia,2016,2020,Asian/Pacific Islander (includes Hispanic),
54,West Virginia,54061,Monongalia,2016,2020,Black (includes Hispanic),
54,West Virginia,54061,Monongalia,2016,2020,Hispanic (all races),
54,West Virginia,54061,Monongalia,2016,2020,American Indian/Alaskan Native (includes Hispanic),
54,West Virginia,54061,Monongalia,2016,2020,White (includes Hispanic),8.2
54,West Virginia,54063,Monroe,2011,2015,Asian/Pacific Islander (includes Hispanic),
54,West Virginia,54063,Monroe,2011,2015,Black (includes Hispanic),
54,West Virginia,54063,Monroe,2011,2015,Hispanic (all races),
54,West Virginia,54063,Monroe,2011,2015,American Indian/Alaskan Native (includes Hispanic),
54,West Virginia,54063,Monroe,2011,2015,White (includes Hispanic),
54,West Virginia,54063,Monroe,2012,2016,Asian/Pacific Islander (includes Hispanic),
54,West Virginia,54063,Monroe,2012,2016,Black (includes Hispanic),
54,West Virginia,54063,Monroe,2012,2016,Hispanic (all races),
54,West Virginia,54063,Monroe,2012,2016,American Indian/Alaskan Native (includes Hispanic),
54,West Virginia,54063,Monroe,2012,2016,White (includes Hispanic),9.1
54,West Virginia,54063,Monroe,2013,2017,Asian/Pacific Islander (includes Hispanic),
54,West Virginia,54063,Monroe,2013,2017,Black (includes Hispanic),
54,West Virginia,54063,Monroe,2013,2017,Hispanic (all races),
54,West Virginia,54063,Monroe,2013,2017,American Indian/Alaskan Native (includes Hispanic),
54,West Virginia,54063,Monroe,2013,2017,White (includes Hispanic),9.6
54,West Virginia,54063,Monroe,2014,2018,Asian/Pacific Islander (includes Hispanic),
54,West Virginia,54063,Monroe,2014,2018,Black (includes Hispanic),
54,West Virginia,54063,Monroe,2014,2018,Hispanic (all races),
54,West Virginia,54063,Monroe,2014,2018,American Indian/Alaskan Native (includes Hispanic),
54,West Virginia,54063,Monroe,2014,2018,White (includes Hispanic),10.4
54,West Virginia,54063,Monroe,2015,2019,Asian/Pacific Islander (includes Hispanic),
54,West Virginia,54063,Monroe,2015,2019,Black (includes Hispanic),
54,West Virginia,54063,Monroe,2015,2019,Hispanic (all races),
54,West Virginia,54063,Monroe,2015,2019,American Indian/Alaskan Native (includes Hispanic),
54,West Virginia,54063,Monroe,2015,2019,White (includes Hispanic),11.7
54,West Virginia,54063,Monroe,2016,2020,Asian/Pacific Islander (includes Hispanic),
54,West Virginia,54063,Monroe,2016,2020,Black (includes Hispanic),
54,West Virginia,54063,Monroe,2016,2020,Hispanic (all races),
54,West Virginia,54063,Monroe,2016,2020,American Indian/Alaskan Native (includes Hispanic),
54,West Virginia,54063,Monroe,2016,2020,White (includes Hispanic),13.5
54,West Virginia,54065,Morgan,2011,2015,Asian/Pacific Islander (includes Hispanic),
54,West Virginia,54065,Morgan,2011,2015,Black (includes Hispanic),
54,West Virginia,54065,Morgan,2011,2015,Hispanic (all races),
54,West Virginia,54065,Morgan,2011,2015,American Indian/Alaskan Native (includes Hispanic),
54,West Virginia,54065,Morgan,2011,2015,White (includes Hispanic),10.1
54,West Virginia,54065,Morgan,2012,2016,Asian/Pacific Islander (includes Hispanic),
54,West Virginia,54065,Morgan,2012,2016,Black (includes Hispanic),
54,West Virginia,54065,Morgan,2012,2016,Hispanic (all races),
54,West Virginia,54065,Morgan,2012,2016,American Indian/Alaskan Native (includes Hispanic),
54,West Virginia,54065,Morgan,2012,2016,White (includes Hispanic),10.3
54,West Virginia,54065,Morgan,2013,2017,Asian/Pacific Islander (includes Hispanic),
54,West Virginia,54065,Morgan,2013,2017,Black (includes Hispanic),
54,West Virginia,54065,Morgan,2013,2017,Hispanic (all races),
54,West Virginia,54065,Morgan,2013,2017,American Indian/Alaskan Native (includes Hispanic),
54,West Virginia,54065,Morgan,2013,2017,White (includes Hispanic),10.7
54,West Virginia,54065,Morgan,2014,2018,Asian/Pacific Islander (includes Hispanic),
54,West Virginia,54065,Morgan,2014,2018,Black (includes Hispanic),
54,West Virginia,54065,Morgan,2014,2018,Hispanic (all races),
54,West Virginia,54065,Morgan,2014,2018,American Indian/Alaskan Native (includes Hispanic),
54,West Virginia,54065,Morgan,2014,2018,White (includes Hispanic),10.4
54,West Virginia,54065,Morgan,2015,2019,Asian/Pacific Islander (includes Hispanic),
54,West Virginia,54065,Morgan,2015,2019,Black (includes Hispanic),
54,West Virginia,54065,Morgan,2015,2019,Hispanic (all races),
54,West Virginia,54065,Morgan,2015,2019,American Indian/Alaskan Native (includes Hispanic),
54,West Virginia,54065,Morgan,2015,2019,White (includes Hispanic),8.8
54,West Virginia,54065,Morgan,2016,2020,Asian/Pacific Islander (includes Hispanic),
54,West Virginia,54065,Morgan,2016,2020,Black (includes Hispanic),
54,West Virginia,54065,Morgan,2016,2020,Hispanic (all races),
54,West Virginia,54065,Morgan,2016,2020,American Indian/Alaskan Native (includes Hispanic),
54,West Virginia,54065,Morgan,2016,2020,White (includes Hispanic),9.0
54,West Virginia,54067,Nicholas,2011,2015,Asian/Pacific Islander (includes Hispanic),
54,West Virginia,54067,Nicholas,2011,2015,Black (includes Hispanic),
54,West Virginia,54067,Nicholas,2011,2015,Hispanic (all races),
54,West Virginia,54067,Nicholas,2011,2015,American Indian/Alaskan Native (includes Hispanic),
54,West Virginia,54067,Nicholas,2011,2015,White (includes Hispanic),9.2
54,West Virginia,54067,Nicholas,2012,2016,Asian/Pacific Islander (includes Hispanic),
54,West Virginia,54067,Nicholas,2012,2016,Black (includes Hispanic),
54,West Virginia,54067,Nicholas,2012,2016,Hispanic (all races),
54,West Virginia,54067,Nicholas,2012,2016,American Indian/Alaskan Native (includes Hispanic),
54,West Virginia,54067,Nicholas,2012,2016,White (includes Hispanic),8.2
54,West Virginia,54067,Nicholas,2013,2017,Asian/Pacific Islander (includes Hispanic),
54,West Virginia,54067,Nicholas,2013,2017,Black (includes Hispanic),
54,West Virginia,54067,Nicholas,2013,2017,Hispanic (all races),
54,West Virginia,54067,Nicholas,2013,2017,American Indian/Alaskan Native (includes Hispanic),
54,West Virginia,54067,Nicholas,2013,2017,White (includes Hispanic),8.3
54,West Virginia,54067,Nicholas,2014,2018,Asian/Pacific Islander (includes Hispanic),
54,West Virginia,54067,Nicholas,2014,2018,Black (includes Hispanic),
54,West Virginia,54067,Nicholas,2014,2018,Hispanic (all races),
54,West Virginia,54067,Nicholas,2014,2018,American Indian/Alaskan Native (includes Hispanic),
54,West Virginia,54067,Nicholas,2014,2018,White (includes Hispanic),8.3
54,West Virginia,54067,Nicholas,2015,2019,Asian/Pacific Islander (includes Hispanic),
54,West Virginia,54067,Nicholas,2015,2019,Black (includes Hispanic),
54,West Virginia,54067,Nicholas,2015,2019,Hispanic (all races),
54,West Virginia,54067,Nicholas,2015,2019,American Indian/Alaskan Native (includes Hispanic),
54,West Virginia,54067,Nicholas,2015,2019,White (includes Hispanic),8.1
54,West Virginia,54067,Nicholas,2016,2020,Asian/Pacific Islander (includes Hispanic),
54,West Virginia,54067,Nicholas,2016,2020,Black (includes Hispanic),
54,West Virginia,54067,Nicholas,2016,2020,Hispanic (all races),
54,West Virginia,54067,Nicholas,2016,2020,American Indian/Alaskan Native (includes Hispanic),
54,West Virginia,54067,Nicholas,2016,2020,White (includes Hispanic),8.6
54,West Virginia,54069,Ohio,2011,2015,Asian/Pacific Islander (includes Hispanic),
54,West Virginia,54069,Ohio,2011,2015,Black (includes Hispanic),
54,West Virginia,54069,Ohio,2011,2015,Hispanic (all races),
54,West Virginia,54069,Ohio,2011,2015,American Indian/Alaskan Native (includes Hispanic),
54,West Virginia,54069,Ohio,2011,2015,White (includes Hispanic),9.1
54,West Virginia,54069,Ohio,2012,2016,Asian/Pacific Islander (includes Hispanic),
54,West Virginia,54069,Ohio,2012,2016,Black (includes Hispanic),
54,West Virginia,54069,Ohio,2012,2016,Hispanic (all races),
54,West Virginia,54069,Ohio,2012,2016,American Indian/Alaskan Native (includes Hispanic),
54,West Virginia,54069,Ohio,2012,2016,White (includes Hispanic),10.1
54,West Virginia,54069,Ohio,2013,2017,Asian/Pacific Islander (includes Hispanic),
54,West Virginia,54069,Ohio,2013,2017,Black (includes Hispanic),
54,West Virginia,54069,Ohio,2013,2017,Hispanic (all races),
54,West Virginia,54069,Ohio,2013,2017,American Indian/Alaskan Native (includes Hispanic),
54,West Virginia,54069,Ohio,2013,2017,White (includes Hispanic),9.0
54,West Virginia,54069,Ohio,2014,2018,Asian/Pacific Islander (includes Hispanic),
54,West Virginia,54069,Ohio,2014,2018,Black (includes Hispanic),
54,West Virginia,54069,Ohio,2014,2018,Hispanic (all races),
54,West Virginia,54069,Ohio,2014,2018,American Indian/Alaskan Native (includes Hispanic),
54,West Virginia,54069,Ohio,2014,2018,White (includes Hispanic),8.5
54,West Virginia,54069,Ohio,2015,2019,Asian/Pacific Islander (includes Hispanic),
54,West Virginia,54069,Ohio,2015,2019,Black (includes Hispanic),
54,West Virginia,54069,Ohio,2015,2019,Hispanic (all races),
54,West Virginia,54069,Ohio,2015,2019,American Indian/Alaskan Native (includes Hispanic),
54,West Virginia,54069,Ohio,2015,2019,White (includes Hispanic),8.5
54,West Virginia,54069,Ohio,2016,2020,Asian/Pacific Islander (includes Hispanic),
54,West Virginia,54069,Ohio,2016,2020,Black (includes Hispanic),
54,West Virginia,54069,Ohio,2016,2020,Hispanic (all races),
54,West Virginia,54069,Ohio,2016,2020,American Indian/Alaskan Native (includes Hispanic),
54,West Virginia,54069,Ohio,2016,2020,White (includes Hispanic),7.6
54,West Virginia,54071,Pendleton,2011,2015,Asian/Pacific Islander (includes Hispanic),
54,West Virginia,54071,Pendleton,2011,2015,Black (includes Hispanic),
54,West Virginia,54071,Pendleton,2011,2015,Hispanic (all races),
54,West Virginia,54071,Pendleton,2011,2015,American Indian/Alaskan Native (includes Hispanic),
54,West Virginia,54071,Pendleton,2011,2015,White (includes Hispanic),7.8
54,West Virginia,54071,Pendleton,2012,2016,Asian/Pacific Islander (includes Hispanic),
54,West Virginia,54071,Pendleton,2012,2016,Black (includes Hispanic),
54,West Virginia,54071,Pendleton,2012,2016,Hispanic (all races),
54,West Virginia,54071,Pendleton,2012,2016,American Indian/Alaskan Native (includes Hispanic),
54,West Virginia,54071,Pendleton,2012,2016,White (includes Hispanic),7.1
54,West Virginia,54071,Pendleton,2013,2017,Asian/Pacific Islander (includes Hispanic),
54,West Virginia,54071,Pendleton,2013,2017,Black (includes Hispanic),
54,West Virginia,54071,Pendleton,2013,2017,Hispanic (all races),
54,West Virginia,54071,Pendleton,2013,2017,American Indian/Alaskan Native (includes Hispanic),
54,West Virginia,54071,Pendleton,2013,2017,White (includes Hispanic),7.2
54,West Virginia,54071,Pendleton,2014,2018,Asian/Pacific Islander (includes Hispanic),
54,West Virginia,54071,Pendleton,2014,2018,Black (includes Hispanic),
54,West Virginia,54071,Pendleton,2014,2018,Hispanic (all races),
54,West Virginia,54071,Pendleton,2014,2018,American Indian/Alaskan Native (includes Hispanic),
54,West Virginia,54071,Pendleton,2014,2018,White (includes Hispanic),7.7
54,West Virginia,54071,Pendleton,2015,2019,Asian/Pacific Islander (includes Hispanic),
54,West Virginia,54071,Pendleton,2015,2019,Black (includes Hispanic),
54,West Virginia,54071,Pendleton,2015,2019,Hispanic (all races),
54,West Virginia,54071,Pendleton,2015,2019,American Indian/Alaskan Native (includes Hispanic),
54,West Virginia,54071,Pendleton,2015,2019,White (includes Hispanic),6.2
54,West Virginia,54071,Pendleton,2016,2020,Asian/Pacific Islander (includes Hispanic),
54,West Virginia,54071,Pendleton,2016,2020,Black (includes Hispanic),
54,West Virginia,54071,Pendleton,2016,2020,Hispanic (all races),
54,West Virginia,54071,Pendleton,2016,2020,American Indian/Alaskan Native (includes Hispanic),
54,West Virginia,54071,Pendleton,2016,2020,White (includes Hispanic),7.9
54,West Virginia,54073,Pleasants,2011,2015,Asian/Pacific Islander (includes Hispanic),
54,West Virginia,54073,Pleasants,2011,2015,Black (includes Hispanic),
54,West Virginia,54073,Pleasants,2011,2015,Hispanic (all races),
54,West Virginia,54073,Pleasants,2011,2015,American Indian/Alaskan Native (includes Hispanic),
54,West Virginia,54073,Pleasants,2011,2015,White (includes Hispanic),8.7
54,West Virginia,54073,Pleasants,2012,2016,Asian/Pacific Islander (includes Hispanic),
54,West Virginia,54073,Pleasants,2012,2016,Black (includes Hispanic),
54,West Virginia,54073,Pleasants,2012,2016,Hispanic (all races),
54,West Virginia,54073,Pleasants,2012,2016,American Indian/Alaskan Native (includes Hispanic),
54,West Virginia,54073,Pleasants,2012,2016,White (includes Hispanic),8.9
54,West Virginia,54073,Pleasants,2013,2017,Asian/Pacific Islander (includes Hispanic),
54,West Virginia,54073,Pleasants,2013,2017,Black (includes Hispanic),
54,West Virginia,54073,Pleasants,2013,2017,Hispanic (all races),
54,West Virginia,54073,Pleasants,2013,2017,American Indian/Alaskan Native (includes Hispanic),
54,West Virginia,54073,Pleasants,2013,2017,White (includes Hispanic),9.0
54,West Virginia,54073,Pleasants,2014,2018,Asian/Pacific Islander (includes Hispanic),
54,West Virginia,54073,Pleasants,2014,2018,Black (includes Hispanic),
54,West Virginia,54073,Pleasants,2014,2018,Hispanic (all races),
54,West Virginia,54073,Pleasants,2014,2018,American Indian/Alaskan Native (includes Hispanic),
54,West Virginia,54073,Pleasants,2014,2018,White (includes Hispanic),9.4
54,West Virginia,54073,Pleasants,2015,2019,Asian/Pacific Islander (includes Hispanic),
54,West Virginia,54073,Pleasants,2015,2019,Black (includes Hispanic),
54,West Virginia,54073,Pleasants,2015,2019,Hispanic (all races),
54,West Virginia,54073,Pleasants,2015,2019,American Indian/Alaskan Native (includes Hispanic),
54,West Virginia,54073,Pleasants,2015,2019,White (includes Hispanic),8.5
54,West Virginia,54073,Pleasants,2016,2020,Asian/Pacific Islander (includes Hispanic),
54,West Virginia,54073,Pleasants,2016,2020,Black (includes Hispanic),
54,West Virginia,54073,Pleasants,2016,2020,Hispanic (all races),
54,West Virginia,54073,Pleasants,2016,2020,American Indian/Alaskan Native (includes Hispanic),
54,West Virginia,54073,Pleasants,2016,2020,White (includes Hispanic),8.8
54,West Virginia,54075,Pocahontas,2011,2015,Asian/Pacific Islander (includes Hispanic),
54,West Virginia,54075,Pocahontas,2011,2015,Black (includes Hispanic),
54,West Virginia,54075,Pocahontas,2011,2015,Hispanic (all races),
54,West Virginia,54075,Pocahontas,2011,2015,American Indian/Alaskan Native (includes Hispanic),
54,West Virginia,54075,Pocahontas,2011,2015,White (includes Hispanic),9.1
54,West Virginia,54075,Pocahontas,2012,2016,Asian/Pacific Islander (includes Hispanic),
54,West Virginia,54075,Pocahontas,2012,2016,Black (includes Hispanic),
54,West Virginia,54075,Pocahontas,2012,2016,Hispanic (all races),
54,West Virginia,54075,Pocahontas,2012,2016,American Indian/Alaskan Native (includes Hispanic),
54,West Virginia,54075,Pocahontas,2012,2016,White (includes Hispanic),
54,West Virginia,54075,Pocahontas,2013,2017,Asian/Pacific Islander (includes Hispanic),
54,West Virginia,54075,Pocahontas,2013,2017,Black (includes Hispanic),
54,West Virginia,54075,Pocahontas,2013,2017,Hispanic (all races),
54,West Virginia,54075,Pocahontas,2013,2017,American Indian/Alaskan Native (includes Hispanic),
54,West Virginia,54075,Pocahontas,2013,2017,White (includes Hispanic),7.8
54,West Virginia,54075,Pocahontas,2014,2018,Asian/Pacific Islander (includes Hispanic),
54,West Virginia,54075,Pocahontas,2014,2018,Black (includes Hispanic),
54,West Virginia,54075,Pocahontas,2014,2018,Hispanic (all races),
54,West Virginia,54075,Pocahontas,2014,2018,American Indian/Alaskan Native (includes Hispanic),
54,West Virginia,54075,Pocahontas,2014,2018,White (includes Hispanic),9.3
54,West Virginia,54075,Pocahontas,2015,2019,Asian/Pacific Islander (includes Hispanic),
54,West Virginia,54075,Pocahontas,2015,2019,Black (includes Hispanic),
54,West Virginia,54075,Pocahontas,2015,2019,Hispanic (all races),
54,West Virginia,54075,Pocahontas,2015,2019,American Indian/Alaskan Native (includes Hispanic),
54,West Virginia,54075,Pocahontas,2015,2019,White (includes Hispanic),10.6
54,West Virginia,54075,Pocahontas,2016,2020,Asian/Pacific Islander (includes Hispanic),
54,West Virginia,54075,Pocahontas,2016,2020,Black (includes Hispanic),
54,West Virginia,54075,Pocahontas,2016,2020,Hispanic (all races),
54,West Virginia,54075,Pocahontas,2016,2020,American Indian/Alaskan Native (includes Hispanic),
54,West Virginia,54075,Pocahontas,2016,2020,White (includes Hispanic),11.2
54,West Virginia,54077,Preston,2011,2015,Asian/Pacific Islander (includes Hispanic),
54,West Virginia,54077,Preston,2011,2015,Black (includes Hispanic),
54,West Virginia,54077,Preston,2011,2015,Hispanic (all races),
54,West Virginia,54077,Preston,2011,2015,American Indian/Alaskan Native (includes Hispanic),
54,West Virginia,54077,Preston,2011,2015,White (includes Hispanic),9.2
54,West Virginia,54077,Preston,2012,2016,Asian/Pacific Islander (includes Hispanic),
54,West Virginia,54077,Preston,2012,2016,Black (includes Hispanic),
54,West Virginia,54077,Preston,2012,2016,Hispanic (all races),
54,West Virginia,54077,Preston,2012,2016,American Indian/Alaskan Native (includes Hispanic),
54,West Virginia,54077,Preston,2012,2016,White (includes Hispanic),9.3
54,West Virginia,54077,Preston,2013,2017,Asian/Pacific Islander (includes Hispanic),
54,West Virginia,54077,Preston,2013,2017,Black (includes Hispanic),
54,West Virginia,54077,Preston,2013,2017,Hispanic (all races),
54,West Virginia,54077,Preston,2013,2017,American Indian/Alaskan Native (includes Hispanic),
54,West Virginia,54077,Preston,2013,2017,White (includes Hispanic),9.0
54,West Virginia,54077,Preston,2014,2018,Asian/Pacific Islander (includes Hispanic),
54,West Virginia,54077,Preston,2014,2018,Black (includes Hispanic),
54,West Virginia,54077,Preston,2014,2018,Hispanic (all races),
54,West Virginia,54077,Preston,2014,2018,American Indian/Alaskan Native (includes Hispanic),
54,West Virginia,54077,Preston,2014,2018,White (includes Hispanic),8.5
54,West Virginia,54077,Preston,2015,2019,Asian/Pacific Islander (includes Hispanic),
54,West Virginia,54077,Preston,2015,2019,Black (includes Hispanic),
54,West Virginia,54077,Preston,2015,2019,Hispanic (all races),
54,West Virginia,54077,Preston,2015,2019,American Indian/Alaskan Native (includes Hispanic),
54,West Virginia,54077,Preston,2015,2019,White (includes Hispanic),8.0
54,West Virginia,54077,Preston,2016,2020,Asian/Pacific Islander (includes Hispanic),
54,West Virginia,54077,Preston,2016,2020,Black (includes Hispanic),
54,West Virginia,54077,Preston,2016,2020,Hispanic (all races),
54,West Virginia,54077,Preston,2016,2020,American Indian/Alaskan Native (includes Hispanic),
54,West Virginia,54077,Preston,2016,2020,White (includes Hispanic),8.4
54,West Virginia,54079,Putnam,2011,2015,Asian/Pacific Islander (includes Hispanic),
54,West Virginia,54079,Putnam,2011,2015,Black (includes Hispanic),
54,West Virginia,54079,Putnam,2011,2015,Hispanic (all races),
54,West Virginia,54079,Putnam,2011,2015,American Indian/Alaskan Native (includes Hispanic),
54,West Virginia,54079,Putnam,2011,2015,White (includes Hispanic),9.5
54,West Virginia,54079,Putnam,2012,2016,Asian/Pacific Islander (includes Hispanic),
54,West Virginia,54079,Putnam,2012,2016,Black (includes Hispanic),
54,West Virginia,54079,Putnam,2012,2016,Hispanic (all races),
54,West Virginia,54079,Putnam,2012,2016,American Indian/Alaskan Native (includes Hispanic),
54,West Virginia,54079,Putnam,2012,2016,White (includes Hispanic),8.2
54,West Virginia,54079,Putnam,2013,2017,Asian/Pacific Islander (includes Hispanic),
54,West Virginia,54079,Putnam,2013,2017,Black (includes Hispanic),
54,West Virginia,54079,Putnam,2013,2017,Hispanic (all races),
54,West Virginia,54079,Putnam,2013,2017,American Indian/Alaskan Native (includes Hispanic),
54,West Virginia,54079,Putnam,2013,2017,White (includes Hispanic),9.0
54,West Virginia,54079,Putnam,2014,2018,Asian/Pacific Islander (includes Hispanic),
54,West Virginia,54079,Putnam,2014,2018,Black (includes Hispanic),
54,West Virginia,54079,Putnam,2014,2018,Hispanic (all races),
54,West Virginia,54079,Putnam,2014,2018,American Indian/Alaskan Native (includes Hispanic),
54,West Virginia,54079,Putnam,2014,2018,White (includes Hispanic),9.5
54,West Virginia,54079,Putnam,2015,2019,Asian/Pacific Islander (includes Hispanic),
54,West Virginia,54079,Putnam,2015,2019,Black (includes Hispanic),
54,West Virginia,54079,Putnam,2015,2019,Hispanic (all races),
54,West Virginia,54079,Putnam,2015,2019,American Indian/Alaskan Native (includes Hispanic),
54,West Virginia,54079,Putnam,2015,2019,White (includes Hispanic),9.2
54,West Virginia,54079,Putnam,2016,2020,Asian/Pacific Islander (includes Hispanic),
54,West Virginia,54079,Putnam,2016,2020,Black (includes Hispanic),
54,West Virginia,54079,Putnam,2016,2020,Hispanic (all races),
54,West Virginia,54079,Putnam,2016,2020,American Indian/Alaskan Native (includes Hispanic),
54,West Virginia,54079,Putnam,2016,2020,White (includes Hispanic),9.3
54,West Virginia,54081,Raleigh,2011,2015,Asian/Pacific Islander (includes Hispanic),
54,West Virginia,54081,Raleigh,2011,2015,Black (includes Hispanic),
54,West Virginia,54081,Raleigh,2011,2015,Hispanic (all races),
54,West Virginia,54081,Raleigh,2011,2015,American Indian/Alaskan Native (includes Hispanic),
54,West Virginia,54081,Raleigh,2011,2015,White (includes Hispanic),8.5
54,West Virginia,54081,Raleigh,2012,2016,Asian/Pacific Islander (includes Hispanic),
54,West Virginia,54081,Raleigh,2012,2016,Black (includes Hispanic),
54,West Virginia,54081,Raleigh,2012,2016,Hispanic (all races),
54,West Virginia,54081,Raleigh,2012,2016,American Indian/Alaskan Native (includes Hispanic),
54,West Virginia,54081,Raleigh,2012,2016,White (includes Hispanic),8.8
54,West Virginia,54081,Raleigh,2013,2017,Asian/Pacific Islander (includes Hispanic),
54,West Virginia,54081,Raleigh,2013,2017,Black (includes Hispanic),
54,West Virginia,54081,Raleigh,2013,2017,Hispanic (all races),
54,West Virginia,54081,Raleigh,2013,2017,American Indian/Alaskan Native (includes Hispanic),
54,West Virginia,54081,Raleigh,2013,2017,White (includes Hispanic),9.5
54,West Virginia,54081,Raleigh,2014,2018,Asian/Pacific Islander (includes Hispanic),
54,West Virginia,54081,Raleigh,2014,2018,Black (includes Hispanic),
54,West Virginia,54081,Raleigh,2014,2018,Hispanic (all races),
54,West Virginia,54081,Raleigh,2014,2018,American Indian/Alaskan Native (includes Hispanic),
54,West Virginia,54081,Raleigh,2014,2018,White (includes Hispanic),10.1
54,West Virginia,54081,Raleigh,2015,2019,Asian/Pacific Islander (includes Hispanic),
54,West Virginia,54081,Raleigh,2015,2019,Black (includes Hispanic),
54,West Virginia,54081,Raleigh,2015,2019,Hispanic (all races),
54,West Virginia,54081,Raleigh,2015,2019,American Indian/Alaskan Native (includes Hispanic),
54,West Virginia,54081,Raleigh,2015,2019,White (includes Hispanic),10.1
54,West Virginia,54081,Raleigh,2016,2020,Asian/Pacific Islander (includes Hispanic),
54,West Virginia,54081,Raleigh,2016,2020,Black (includes Hispanic),
54,West Virginia,54081,Raleigh,2016,2020,Hispanic (all races),
54,West Virginia,54081,Raleigh,2016,2020,American Indian/Alaskan Native (includes Hispanic),
54,West Virginia,54081,Raleigh,2016,2020,White (includes Hispanic),10.7
54,West Virginia,54083,Randolph,2011,2015,Asian/Pacific Islander (includes Hispanic),
54,West Virginia,54083,Randolph,2011,2015,Black (includes Hispanic),
54,West Virginia,54083,Randolph,2011,2015,Hispanic (all races),
54,West Virginia,54083,Randolph,2011,2015,American Indian/Alaskan Native (includes Hispanic),
54,West Virginia,54083,Randolph,2011,2015,White (includes Hispanic),10.9
54,West Virginia,54083,Randolph,2012,2016,Asian/Pacific Islander (includes Hispanic),
54,West Virginia,54083,Randolph,2012,2016,Black (includes Hispanic),
54,West Virginia,54083,Randolph,2012,2016,Hispanic (all races),
54,West Virginia,54083,Randolph,2012,2016,American Indian/Alaskan Native (includes Hispanic),
54,West Virginia,54083,Randolph,2012,2016,White (includes Hispanic),10.6
54,West Virginia,54083,Randolph,2013,2017,Asian/Pacific Islander (includes Hispanic),
54,West Virginia,54083,Randolph,2013,2017,Black (includes Hispanic),
54,West Virginia,54083,Randolph,2013,2017,Hispanic (all races),
54,West Virginia,54083,Randolph,2013,2017,American Indian/Alaskan Native (includes Hispanic),
54,West Virginia,54083,Randolph,2013,2017,White (includes Hispanic),11.7
54,West Virginia,54083,Randolph,2014,2018,Asian/Pacific Islander (includes Hispanic),
54,West Virginia,54083,Randolph,2014,2018,Black (includes Hispanic),
54,West Virginia,54083,Randolph,2014,2018,Hispanic (all races),
54,West Virginia,54083,Randolph,2014,2018,American Indian/Alaskan Native (includes Hispanic),
54,West Virginia,54083,Randolph,2014,2018,White (includes Hispanic),13.0
54,West Virginia,54083,Randolph,2015,2019,Asian/Pacific Islander (includes Hispanic),
54,West Virginia,54083,Randolph,2015,2019,Black (includes Hispanic),
54,West Virginia,54083,Randolph,2015,2019,Hispanic (all races),
54,West Virginia,54083,Randolph,2015,2019,American Indian/Alaskan Native (includes Hispanic),
54,West Virginia,54083,Randolph,2015,2019,White (includes Hispanic),12.6
54,West Virginia,54083,Randolph,2016,2020,Asian/Pacific Islander (includes Hispanic),
54,West Virginia,54083,Randolph,2016,2020,Black (includes Hispanic),
54,West Virginia,54083,Randolph,2016,2020,Hispanic (all races),
54,West Virginia,54083,Randolph,2016,2020,American Indian/Alaskan Native (includes Hispanic),
54,West Virginia,54083,Randolph,2016,2020,White (includes Hispanic),13.7
54,West Virginia,54085,Ritchie,2011,2015,Asian/Pacific Islander (includes Hispanic),
54,West Virginia,54085,Ritchie,2011,2015,Black (includes Hispanic),
54,West Virginia,54085,Ritchie,2011,2015,Hispanic (all races),
54,West Virginia,54085,Ritchie,2011,2015,American Indian/Alaskan Native (includes Hispanic),
54,West Virginia,54085,Ritchie,2011,2015,White (includes Hispanic),8.9
54,West Virginia,54085,Ritchie,2012,2016,Asian/Pacific Islander (includes Hispanic),
54,West Virginia,54085,Ritchie,2012,2016,Black (includes Hispanic),
54,West Virginia,54085,Ritchie,2012,2016,Hispanic (all races),
54,West Virginia,54085,Ritchie,2012,2016,American Indian/Alaskan Native (includes Hispanic),
54,West Virginia,54085,Ritchie,2012,2016,White (includes Hispanic),9.4
54,West Virginia,54085,Ritchie,2013,2017,Asian/Pacific Islander (includes Hispanic),
54,West Virginia,54085,Ritchie,2013,2017,Black (includes Hispanic),
54,West Virginia,54085,Ritchie,2013,2017,Hispanic (all races),
54,West Virginia,54085,Ritchie,2013,2017,American Indian/Alaskan Native (includes Hispanic),
54,West Virginia,54085,Ritchie,2013,2017,White (includes Hispanic),8.5
54,West Virginia,54085,Ritchie,2014,2018,Asian/Pacific Islander (includes Hispanic),
54,West Virginia,54085,Ritchie,2014,2018,Black (includes Hispanic),
54,West Virginia,54085,Ritchie,2014,2018,Hispanic (all races),
54,West Virginia,54085,Ritchie,2014,2018,American Indian/Alaskan Native (includes Hispanic),
54,West Virginia,54085,Ritchie,2014,2018,White (includes Hispanic),9.2
54,West Virginia,54085,Ritchie,2015,2019,Asian/Pacific Islander (includes Hispanic),
54,West Virginia,54085,Ritchie,2015,2019,Black (includes Hispanic),
54,West Virginia,54085,Ritchie,2015,2019,Hispanic (all races),
54,West Virginia,54085,Ritchie,2015,2019,American Indian/Alaskan Native (includes Hispanic),
54,West Virginia,54085,Ritchie,2015,2019,White (includes Hispanic),9.0
54,West Virginia,54085,Ritchie,2016,2020,Asian/Pacific Islander (includes Hispanic),
54,West Virginia,54085,Ritchie,2016,2020,Black (includes Hispanic),
54,West Virginia,54085,Ritchie,2016,2020,Hispanic (all races),
54,West Virginia,54085,Ritchie,2016,2020,American Indian/Alaskan Native (includes Hispanic),
54,West Virginia,54085,Ritchie,2016,2020,White (includes Hispanic),8.5
54,West Virginia,54087,Roane,2011,2015,Asian/Pacific Islander (includes Hispanic),
54,West Virginia,54087,Roane,2011,2015,Black (includes Hispanic),
54,West Virginia,54087,Roane,2011,2015,Hispanic (all races),
54,West Virginia,54087,Roane,2011,2015,American Indian/Alaskan Native (includes Hispanic),
54,West Virginia,54087,Roane,2011,2015,White (includes Hispanic),10.4
54,West Virginia,54087,Roane,2012,2016,Asian/Pacific Islander (includes Hispanic),
54,West Virginia,54087,Roane,2012,2016,Black (includes Hispanic),
54,West Virginia,54087,Roane,2012,2016,Hispanic (all races),
54,West Virginia,54087,Roane,2012,2016,American Indian/Alaskan Native (includes Hispanic),
54,West Virginia,54087,Roane,2012,2016,White (includes Hispanic),9.7
54,West Virginia,54087,Roane,2013,2017,Asian/Pacific Islander (includes Hispanic),
54,West Virginia,54087,Roane,2013,2017,Black (includes Hispanic),
54,West Virginia,54087,Roane,2013,2017,Hispanic (all races),
54,West Virginia,54087,Roane,2013,2017,American Indian/Alaskan Native (includes Hispanic),
54,West Virginia,54087,Roane,2013,2017,White (includes Hispanic),10.1
54,West Virginia,54087,Roane,2014,2018,Asian/Pacific Islander (includes Hispanic),
54,West Virginia,54087,Roane,2014,2018,Black (includes Hispanic),
54,West Virginia,54087,Roane,2014,2018,Hispanic (all races),
54,West Virginia,54087,Roane,2014,2018,American Indian/Alaskan Native (includes Hispanic),
54,West Virginia,54087,Roane,2014,2018,White (includes Hispanic),10.1
54,West Virginia,54087,Roane,2015,2019,Asian/Pacific Islander (includes Hispanic),
54,West Virginia,54087,Roane,2015,2019,Black (includes Hispanic),
54,West Virginia,54087,Roane,2015,2019,Hispanic (all races),
54,West Virginia,54087,Roane,2015,2019,American Indian/Alaskan Native (includes Hispanic),
54,West Virginia,54087,Roane,2015,2019,White (includes Hispanic),8.7
54,West Virginia,54087,Roane,2016,2020,Asian/Pacific Islander (includes Hispanic),
54,West Virginia,54087,Roane,2016,2020,Black (includes Hispanic),
54,West Virginia,54087,Roane,2016,2020,Hispanic (all races),
54,West Virginia,54087,Roane,2016,2020,American Indian/Alaskan Native (includes Hispanic),
54,West Virginia,54087,Roane,2016,2020,White (includes Hispanic),8.3
54,West Virginia,54089,Summers,2011,2015,Asian/Pacific Islander (includes Hispanic),
54,West Virginia,54089,Summers,2011,2015,Black (includes Hispanic),
54,West Virginia,54089,Summers,2011,2015,Hispanic (all races),
54,West Virginia,54089,Summers,2011,2015,American Indian/Alaskan Native (includes Hispanic),
54,West Virginia,54089,Summers,2011,2015,White (includes Hispanic),7.4
54,West Virginia,54089,Summers,2012,2016,Asian/Pacific Islander (includes Hispanic),
54,West Virginia,54089,Summers,2012,2016,Black (includes Hispanic),
54,West Virginia,54089,Summers,2012,2016,Hispanic (all races),
54,West Virginia,54089,Summers,2012,2016,American Indian/Alaskan Native (includes Hispanic),
54,West Virginia,54089,Summers,2012,2016,White (includes Hispanic),8.5
54,West Virginia,54089,Summers,2013,2017,Asian/Pacific Islander (includes Hispanic),
54,West Virginia,54089,Summers,2013,2017,Black (includes Hispanic),
54,West Virginia,54089,Summers,2013,2017,Hispanic (all races),
54,West Virginia,54089,Summers,2013,2017,American Indian/Alaskan Native (includes Hispanic),
54,West Virginia,54089,Summers,2013,2017,White (includes Hispanic),9.3
54,West Virginia,54089,Summers,2014,2018,Asian/Pacific Islander (includes Hispanic),
54,West Virginia,54089,Summers,2014,2018,Black (includes Hispanic),
54,West Virginia,54089,Summers,2014,2018,Hispanic (all races),
54,West Virginia,54089,Summers,2014,2018,American Indian/Alaskan Native (includes Hispanic),
54,West Virginia,54089,Summers,2014,2018,White (includes Hispanic),9.5
54,West Virginia,54089,Summers,2015,2019,Asian/Pacific Islander (includes Hispanic),
54,West Virginia,54089,Summers,2015,2019,Black (includes Hispanic),
54,West Virginia,54089,Summers,2015,2019,Hispanic (all races),
54,West Virginia,54089,Summers,2015,2019,American Indian/Alaskan Native (includes Hispanic),
54,West Virginia,54089,Summers,2015,2019,White (includes Hispanic),10.4
54,West Virginia,54089,Summers,2016,2020,Asian/Pacific Islander (includes Hispanic),
54,West Virginia,54089,Summers,2016,2020,Black (includes Hispanic),
54,West Virginia,54089,Summers,2016,2020,Hispanic (all races),
54,West Virginia,54089,Summers,2016,2020,American Indian/Alaskan Native (includes Hispanic),
54,West Virginia,54089,Summers,2016,2020,White (includes Hispanic),11.8
54,West Virginia,54091,Taylor,2011,2015,Asian/Pacific Islander (includes Hispanic),
54,West Virginia,54091,Taylor,2011,2015,Black (includes Hispanic),
54,West Virginia,54091,Taylor,2011,2015,Hispanic (all races),
54,West Virginia,54091,Taylor,2011,2015,American Indian/Alaskan Native (includes Hispanic),
54,West Virginia,54091,Taylor,2011,2015,White (includes Hispanic),9.1
54,West Virginia,54091,Taylor,2012,2016,Asian/Pacific Islander (includes Hispanic),
54,West Virginia,54091,Taylor,2012,2016,Black (includes Hispanic),
54,West Virginia,54091,Taylor,2012,2016,Hispanic (all races),
54,West Virginia,54091,Taylor,2012,2016,American Indian/Alaskan Native (includes Hispanic),
54,West Virginia,54091,Taylor,2012,2016,White (includes Hispanic),8.1
54,West Virginia,54091,Taylor,2013,2017,Asian/Pacific Islander (includes Hispanic),
54,West Virginia,54091,Taylor,2013,2017,Black (includes Hispanic),
54,West Virginia,54091,Taylor,2013,2017,Hispanic (all races),
54,West Virginia,54091,Taylor,2013,2017,American Indian/Alaskan Native (includes Hispanic),
54,West Virginia,54091,Taylor,2013,2017,White (includes Hispanic),7.3
54,West Virginia,54091,Taylor,2014,2018,Asian/Pacific Islander (includes Hispanic),
54,West Virginia,54091,Taylor,2014,2018,Black (includes Hispanic),
54,West Virginia,54091,Taylor,2014,2018,Hispanic (all races),
54,West Virginia,54091,Taylor,2014,2018,American Indian/Alaskan Native (includes Hispanic),
54,West Virginia,54091,Taylor,2014,2018,White (includes Hispanic),7.9
54,West Virginia,54091,Taylor,2015,2019,Asian/Pacific Islander (includes Hispanic),
54,West Virginia,54091,Taylor,2015,2019,Black (includes Hispanic),
54,West Virginia,54091,Taylor,2015,2019,Hispanic (all races),
54,West Virginia,54091,Taylor,2015,2019,American Indian/Alaskan Native (includes Hispanic),
54,West Virginia,54091,Taylor,2015,2019,White (includes Hispanic),6.8
54,West Virginia,54091,Taylor,2016,2020,Asian/Pacific Islander (includes Hispanic),
54,West Virginia,54091,Taylor,2016,2020,Black (includes Hispanic),
54,West Virginia,54091,Taylor,2016,2020,Hispanic (all races),
54,West Virginia,54091,Taylor,2016,2020,American Indian/Alaskan Native (includes Hispanic),
54,West Virginia,54091,Taylor,2016,2020,White (includes Hispanic),7.3
54,West Virginia,54093,Tucker,2011,2015,Asian/Pacific Islander (includes Hispanic),
54,West Virginia,54093,Tucker,2011,2015,Black (includes Hispanic),
54,West Virginia,54093,Tucker,2011,2015,Hispanic (all races),
54,West Virginia,54093,Tucker,2011,2015,American Indian/Alaskan Native (includes Hispanic),
54,West Virginia,54093,Tucker,2011,2015,White (includes Hispanic),10.1
54,West Virginia,54093,Tucker,2012,2016,Asian/Pacific Islander (includes Hispanic),
54,West Virginia,54093,Tucker,2012,2016,Black (includes Hispanic),
54,West Virginia,54093,Tucker,2012,2016,Hispanic (all races),
54,West Virginia,54093,Tucker,2012,2016,American Indian/Alaskan Native (includes Hispanic),
54,West Virginia,54093,Tucker,2012,2016,White (includes Hispanic),9.8
54,West Virginia,54093,Tucker,2013,2017,Asian/Pacific Islander (includes Hispanic),
54,West Virginia,54093,Tucker,2013,2017,Black (includes Hispanic),
54,West Virginia,54093,Tucker,2013,2017,Hispanic (all races),
54,West Virginia,54093,Tucker,2013,2017,American Indian/Alaskan Native (includes Hispanic),
54,West Virginia,54093,Tucker,2013,2017,White (includes Hispanic),9.5
54,West Virginia,54093,Tucker,2014,2018,Asian/Pacific Islander (includes Hispanic),
54,West Virginia,54093,Tucker,2014,2018,Black (includes Hispanic),
54,West Virginia,54093,Tucker,2014,2018,Hispanic (all races),
54,West Virginia,54093,Tucker,2014,2018,American Indian/Alaskan Native (includes Hispanic),
54,West Virginia,54093,Tucker,2014,2018,White (includes Hispanic),11.6
54,West Virginia,54093,Tucker,2015,2019,Asian/Pacific Islander (includes Hispanic),
54,West Virginia,54093,Tucker,2015,2019,Black (includes Hispanic),
54,West Virginia,54093,Tucker,2015,2019,Hispanic (all races),
54,West Virginia,54093,Tucker,2015,2019,American Indian/Alaskan Native (includes Hispanic),
54,West Virginia,54093,Tucker,2015,2019,White (includes Hispanic),11.5
54,West Virginia,54093,Tucker,2016,2020,Asian/Pacific Islander (includes Hispanic),
54,West Virginia,54093,Tucker,2016,2020,Black (includes Hispanic),
54,West Virginia,54093,Tucker,2016,2020,Hispanic (all races),
54,West Virginia,54093,Tucker,2016,2020,American Indian/Alaskan Native (includes Hispanic),
54,West Virginia,54093,Tucker,2016,2020,White (includes Hispanic),12.8
54,West Virginia,54095,Tyler,2011,2015,Asian/Pacific Islander (includes Hispanic),
54,West Virginia,54095,Tyler,2011,2015,Black (includes Hispanic),
54,West Virginia,54095,Tyler,2011,2015,Hispanic (all races),
54,West Virginia,54095,Tyler,2011,2015,American Indian/Alaskan Native (includes Hispanic),
54,West Virginia,54095,Tyler,2011,2015,White (includes Hispanic),8.1
54,West Virginia,54095,Tyler,2012,2016,Asian/Pacific Islander (includes Hispanic),
54,West Virginia,54095,Tyler,2012,2016,Black (includes Hispanic),
54,West Virginia,54095,Tyler,2012,2016,Hispanic (all races),
54,West Virginia,54095,Tyler,2012,2016,American Indian/Alaskan Native (includes Hispanic),
54,West Virginia,54095,Tyler,2012,2016,White (includes Hispanic),6.9
54,West Virginia,54095,Tyler,2013,2017,Asian/Pacific Islander (includes Hispanic),
54,West Virginia,54095,Tyler,2013,2017,Black (includes Hispanic),
54,West Virginia,54095,Tyler,2013,2017,Hispanic (all races),
54,West Virginia,54095,Tyler,2013,2017,American Indian/Alaskan Native (includes Hispanic),
54,West Virginia,54095,Tyler,2013,2017,White (includes Hispanic),7.5
54,West Virginia,54095,Tyler,2014,2018,Asian/Pacific Islander (includes Hispanic),
54,West Virginia,54095,Tyler,2014,2018,Black (includes Hispanic),
54,West Virginia,54095,Tyler,2014,2018,Hispanic (all races),
54,West Virginia,54095,Tyler,2014,2018,American Indian/Alaskan Native (includes Hispanic),
54,West Virginia,54095,Tyler,2014,2018,White (includes Hispanic),7.1
54,West Virginia,54095,Tyler,2015,2019,Asian/Pacific Islander (includes Hispanic),
54,West Virginia,54095,Tyler,2015,2019,Black (includes Hispanic),
54,West Virginia,54095,Tyler,2015,2019,Hispanic (all races),
54,West Virginia,54095,Tyler,2015,2019,American Indian/Alaskan Native (includes Hispanic),
54,West Virginia,54095,Tyler,2015,2019,White (includes Hispanic),6.9
54,West Virginia,54095,Tyler,2016,2020,Asian/Pacific Islander (includes Hispanic),
54,West Virginia,54095,Tyler,2016,2020,Black (includes Hispanic),
54,West Virginia,54095,Tyler,2016,2020,Hispanic (all races),
54,West Virginia,54095,Tyler,2016,2020,American Indian/Alaskan Native (includes Hispanic),
54,West Virginia,54095,Tyler,2016,2020,White (includes Hispanic),7.4
54,West Virginia,54097,Upshur,2011,2015,Asian/Pacific Islander (includes Hispanic),
54,West Virginia,54097,Upshur,2011,2015,Black (includes Hispanic),
54,West Virginia,54097,Upshur,2011,2015,Hispanic (all races),
54,West Virginia,54097,Upshur,2011,2015,American Indian/Alaskan Native (includes Hispanic),
54,West Virginia,54097,Upshur,2011,2015,White (includes Hispanic),10.2
54,West Virginia,54097,Upshur,2012,2016,Asian/Pacific Islander (includes Hispanic),
54,West Virginia,54097,Upshur,2012,2016,Black (includes Hispanic),
54,West Virginia,54097,Upshur,2012,2016,Hispanic (all races),
54,West Virginia,54097,Upshur,2012,2016,American Indian/Alaskan Native (includes Hispanic),
54,West Virginia,54097,Upshur,2012,2016,White (includes Hispanic),10.0
54,West Virginia,54097,Upshur,2013,2017,Asian/Pacific Islander (includes Hispanic),
54,West Virginia,54097,Upshur,2013,2017,Black (includes Hispanic),
54,West Virginia,54097,Upshur,2013,2017,Hispanic (all races),
54,West Virginia,54097,Upshur,2013,2017,American Indian/Alaskan Native (includes Hispanic),
54,West Virginia,54097,Upshur,2013,2017,White (includes Hispanic),11.0
54,West Virginia,54097,Upshur,2014,2018,Asian/Pacific Islander (includes Hispanic),
54,West Virginia,54097,Upshur,2014,2018,Black (includes Hispanic),
54,West Virginia,54097,Upshur,2014,2018,Hispanic (all races),
54,West Virginia,54097,Upshur,2014,2018,American Indian/Alaskan Native (includes Hispanic),
54,West Virginia,54097,Upshur,2014,2018,White (includes Hispanic),11.7
54,West Virginia,54097,Upshur,2015,2019,Asian/Pacific Islander (includes Hispanic),
54,West Virginia,54097,Upshur,2015,2019,Black (includes Hispanic),
54,West Virginia,54097,Upshur,2015,2019,Hispanic (all races),
54,West Virginia,54097,Upshur,2015,2019,American Indian/Alaskan Native (includes Hispanic),
54,West Virginia,54097,Upshur,2015,2019,White (includes Hispanic),11.2
54,West Virginia,54097,Upshur,2016,2020,Asian/Pacific Islander (includes Hispanic),
54,West Virginia,54097,Upshur,2016,2020,Black (includes Hispanic),
54,West Virginia,54097,Upshur,2016,2020,Hispanic (all races),
54,West Virginia,54097,Upshur,2016,2020,American Indian/Alaskan Native (includes Hispanic),
54,West Virginia,54097,Upshur,2016,2020,White (includes Hispanic),11.6
54,West Virginia,54099,Wayne,2011,2015,Asian/Pacific Islander (includes Hispanic),
54,West Virginia,54099,Wayne,2011,2015,Black (includes Hispanic),
54,West Virginia,54099,Wayne,2011,2015,Hispanic (all races),
54,West Virginia,54099,Wayne,2011,2015,American Indian/Alaskan Native (includes Hispanic),
54,West Virginia,54099,Wayne,2011,2015,White (includes Hispanic),10.6
54,West Virginia,54099,Wayne,2012,2016,Asian/Pacific Islander (includes Hispanic),
54,West Virginia,54099,Wayne,2012,2016,Black (includes Hispanic),
54,West Virginia,54099,Wayne,2012,2016,Hispanic (all races),
54,West Virginia,54099,Wayne,2012,2016,American Indian/Alaskan Native (includes Hispanic),
54,West Virginia,54099,Wayne,2012,2016,White (includes Hispanic),10.1
54,West Virginia,54099,Wayne,2013,2017,Asian/Pacific Islander (includes Hispanic),
54,West Virginia,54099,Wayne,2013,2017,Black (includes Hispanic),
54,West Virginia,54099,Wayne,2013,2017,Hispanic (all races),
54,West Virginia,54099,Wayne,2013,2017,American Indian/Alaskan Native (includes Hispanic),
54,West Virginia,54099,Wayne,2013,2017,White (includes Hispanic),11.5
54,West Virginia,54099,Wayne,2014,2018,Asian/Pacific Islander (includes Hispanic),
54,West Virginia,54099,Wayne,2014,2018,Black (includes Hispanic),
54,West Virginia,54099,Wayne,2014,2018,Hispanic (all races),
54,West Virginia,54099,Wayne,2014,2018,American Indian/Alaskan Native (includes Hispanic),
54,West Virginia,54099,Wayne,2014,2018,White (includes Hispanic),13.3
54,West Virginia,54099,Wayne,2015,2019,Asian/Pacific Islander (includes Hispanic),
54,West Virginia,54099,Wayne,2015,2019,Black (includes Hispanic),
54,West Virginia,54099,Wayne,2015,2019,Hispanic (all races),
54,West Virginia,54099,Wayne,2015,2019,American Indian/Alaskan Native (includes Hispanic),
54,West Virginia,54099,Wayne,2015,2019,White (includes Hispanic),14.8
54,West Virginia,54099,Wayne,2016,2020,Asian/Pacific Islander (includes Hispanic),
54,West Virginia,54099,Wayne,2016,2020,Black (includes Hispanic),
54,West Virginia,54099,Wayne,2016,2020,Hispanic (all races),
54,West Virginia,54099,Wayne,2016,2020,American Indian/Alaskan Native (includes Hispanic),
54,West Virginia,54099,Wayne,2016,2020,White (includes Hispanic),14.8
54,West Virginia,54101,Webster,2011,2015,Asian/Pacific Islander (includes Hispanic),
54,West Virginia,54101,Webster,2011,2015,Black (includes Hispanic),
54,West Virginia,54101,Webster,2011,2015,Hispanic (all races),
54,West Virginia,54101,Webster,2011,2015,American Indian/Alaskan Native (includes Hispanic),
54,West Virginia,54101,Webster,2011,2015,White (includes Hispanic),9.2
54,West Virginia,54101,Webster,2012,2016,Asian/Pacific Islander (includes Hispanic),
54,West Virginia,54101,Webster,2012,2016,Black (includes Hispanic),
54,West Virginia,54101,Webster,2012,2016,Hispanic (all races),
54,West Virginia,54101,Webster,2012,2016,American Indian/Alaskan Native (includes Hispanic),
54,West Virginia,54101,Webster,2012,2016,White (includes Hispanic),9.2
54,West Virginia,54101,Webster,2013,2017,Asian/Pacific Islander (includes Hispanic),
54,West Virginia,54101,Webster,2013,2017,Black (includes Hispanic),
54,West Virginia,54101,Webster,2013,2017,Hispanic (all races),
54,West Virginia,54101,Webster,2013,2017,American Indian/Alaskan Native (includes Hispanic),
54,West Virginia,54101,Webster,2013,2017,White (includes Hispanic),9.1
54,West Virginia,54101,Webster,2014,2018,Asian/Pacific Islander (includes Hispanic),
54,West Virginia,54101,Webster,2014,2018,Black (includes Hispanic),
54,West Virginia,54101,Webster,2014,2018,Hispanic (all races),
54,West Virginia,54101,Webster,2014,2018,American Indian/Alaskan Native (includes Hispanic),
54,West Virginia,54101,Webster,2014,2018,White (includes Hispanic),10.1
54,West Virginia,54101,Webster,2015,2019,Asian/Pacific Islander (includes Hispanic),
54,West Virginia,54101,Webster,2015,2019,Black (includes Hispanic),
54,West Virginia,54101,Webster,2015,2019,Hispanic (all races),
54,West Virginia,54101,Webster,2015,2019,American Indian/Alaskan Native (includes Hispanic),
54,West Virginia,54101,Webster,2015,2019,White (includes Hispanic),11.1
54,West Virginia,54101,Webster,2016,2020,Asian/Pacific Islander (includes Hispanic),
54,West Virginia,54101,Webster,2016,2020,Black (includes Hispanic),
54,West Virginia,54101,Webster,2016,2020,Hispanic (all races),
54,West Virginia,54101,Webster,2016,2020,American Indian/Alaskan Native (includes Hispanic),
54,West Virginia,54101,Webster,2016,2020,White (includes Hispanic),12.3
54,West Virginia,54103,Wetzel,2011,2015,Asian/Pacific Islander (includes Hispanic),
54,West Virginia,54103,Wetzel,2011,2015,Black (includes Hispanic),
54,West Virginia,54103,Wetzel,2011,2015,Hispanic (all races),
54,West Virginia,54103,Wetzel,2011,2015,American Indian/Alaskan Native (includes Hispanic),
54,West Virginia,54103,Wetzel,2011,2015,White (includes Hispanic),8.9
54,West Virginia,54103,Wetzel,2012,2016,Asian/Pacific Islander (includes Hispanic),
54,West Virginia,54103,Wetzel,2012,2016,Black (includes Hispanic),
54,West Virginia,54103,Wetzel,2012,2016,Hispanic (all races),
54,West Virginia,54103,Wetzel,2012,2016,American Indian/Alaskan Native (includes Hispanic),
54,West Virginia,54103,Wetzel,2012,2016,White (includes Hispanic),7.4
54,West Virginia,54103,Wetzel,2013,2017,Asian/Pacific Islander (includes Hispanic),
54,West Virginia,54103,Wetzel,2013,2017,Black (includes Hispanic),
54,West Virginia,54103,Wetzel,2013,2017,Hispanic (all races),
54,West Virginia,54103,Wetzel,2013,2017,American Indian/Alaskan Native (includes Hispanic),
54,West Virginia,54103,Wetzel,2013,2017,White (includes Hispanic),7.4
54,West Virginia,54103,Wetzel,2014,2018,Asian/Pacific Islander (includes Hispanic),
54,West Virginia,54103,Wetzel,2014,2018,Black (includes Hispanic),
54,West Virginia,54103,Wetzel,2014,2018,Hispanic (all races),
54,West Virginia,54103,Wetzel,2014,2018,American Indian/Alaskan Native (includes Hispanic),
54,West Virginia,54103,Wetzel,2014,2018,White (includes Hispanic),7.3
54,West Virginia,54103,Wetzel,2015,2019,Asian/Pacific Islander (includes Hispanic),
54,West Virginia,54103,Wetzel,2015,2019,Black (includes Hispanic),
54,West Virginia,54103,Wetzel,2015,2019,Hispanic (all races),
54,West Virginia,54103,Wetzel,2015,2019,American Indian/Alaskan Native (includes Hispanic),
54,West Virginia,54103,Wetzel,2015,2019,White (includes Hispanic),6.9
54,West Virginia,54103,Wetzel,2016,2020,Asian/Pacific Islander (includes Hispanic),
54,West Virginia,54103,Wetzel,2016,2020,Black (includes Hispanic),
54,West Virginia,54103,Wetzel,2016,2020,Hispanic (all races),
54,West Virginia,54103,Wetzel,2016,2020,American Indian/Alaskan Native (includes Hispanic),
54,West Virginia,54103,Wetzel,2016,2020,White (includes Hispanic),6.7
54,West Virginia,54105,Wirt,2011,2015,Asian/Pacific Islander (includes Hispanic),
54,West Virginia,54105,Wirt,2011,2015,Black (includes Hispanic),
54,West Virginia,54105,Wirt,2011,2015,Hispanic (all races),
54,West Virginia,54105,Wirt,2011,2015,American Indian/Alaskan Native (includes Hispanic),
54,West Virginia,54105,Wirt,2011,2015,White (includes Hispanic),10.0
54,West Virginia,54105,Wirt,2012,2016,Asian/Pacific Islander (includes Hispanic),
54,West Virginia,54105,Wirt,2012,2016,Black (includes Hispanic),
54,West Virginia,54105,Wirt,2012,2016,Hispanic (all races),
54,West Virginia,54105,Wirt,2012,2016,American Indian/Alaskan Native (includes Hispanic),
54,West Virginia,54105,Wirt,2012,2016,White (includes Hispanic),10.5
54,West Virginia,54105,Wirt,2013,2017,Asian/Pacific Islander (includes Hispanic),
54,West Virginia,54105,Wirt,2013,2017,Black (includes Hispanic),
54,West Virginia,54105,Wirt,2013,2017,Hispanic (all races),
54,West Virginia,54105,Wirt,2013,2017,American Indian/Alaskan Native (includes Hispanic),
54,West Virginia,54105,Wirt,2013,2017,White (includes Hispanic),10.2
54,West Virginia,54105,Wirt,2014,2018,Asian/Pacific Islander (includes Hispanic),
54,West Virginia,54105,Wirt,2014,2018,Black (includes Hispanic),
54,West Virginia,54105,Wirt,2014,2018,Hispanic (all races),
54,West Virginia,54105,Wirt,2014,2018,American Indian/Alaskan Native (includes Hispanic),
54,West Virginia,54105,Wirt,2014,2018,White (includes Hispanic),10.5
54,West Virginia,54105,Wirt,2015,2019,Asian/Pacific Islander (includes Hispanic),
54,West Virginia,54105,Wirt,2015,2019,Black (includes Hispanic),
54,West Virginia,54105,Wirt,2015,2019,Hispanic (all races),
54,West Virginia,54105,Wirt,2015,2019,American Indian/Alaskan Native (includes Hispanic),
54,West Virginia,54105,Wirt,2015,2019,White (includes Hispanic),9.0
54,West Virginia,54105,Wirt,2016,2020,Asian/Pacific Islander (includes Hispanic),
54,West Virginia,54105,Wirt,2016,2020,Black (includes Hispanic),
54,West Virginia,54105,Wirt,2016,2020,Hispanic (all races),
54,West Virginia,54105,Wirt,2016,2020,American Indian/Alaskan Native (includes Hispanic),
54,West Virginia,54105,Wirt,2016,2020,White (includes Hispanic),8.2
54,West Virginia,54107,Wood,2011,2015,Asian/Pacific Islander (includes Hispanic),
54,West Virginia,54107,Wood,2011,2015,Black (includes Hispanic),
54,West Virginia,54107,Wood,2011,2015,Hispanic (all races),
54,West Virginia,54107,Wood,2011,2015,American Indian/Alaskan Native (includes Hispanic),
54,West Virginia,54107,Wood,2011,2015,White (includes Hispanic),9.2
54,West Virginia,54107,Wood,2012,2016,Asian/Pacific Islander (includes Hispanic),
54,West Virginia,54107,Wood,2012,2016,Black (includes Hispanic),
54,West Virginia,54107,Wood,2012,2016,Hispanic (all races),
54,West Virginia,54107,Wood,2012,2016,American Indian/Alaskan Native (includes Hispanic),
54,West Virginia,54107,Wood,2012,2016,White (includes Hispanic),10.2
54,West Virginia,54107,Wood,2013,2017,Asian/Pacific Islander (includes Hispanic),
54,West Virginia,54107,Wood,2013,2017,Black (includes Hispanic),
54,West Virginia,54107,Wood,2013,2017,Hispanic (all races),
54,West Virginia,54107,Wood,2013,2017,American Indian/Alaskan Native (includes Hispanic),
54,West Virginia,54107,Wood,2013,2017,White (includes Hispanic),10.2
54,West Virginia,54107,Wood,2014,2018,Asian/Pacific Islander (includes Hispanic),
54,West Virginia,54107,Wood,2014,2018,Black (includes Hispanic),
54,West Virginia,54107,Wood,2014,2018,Hispanic (all races),
54,West Virginia,54107,Wood,2014,2018,American Indian/Alaskan Native (includes Hispanic),
54,West Virginia,54107,Wood,2014,2018,White (includes Hispanic),10.6
54,West Virginia,54107,Wood,2015,2019,Asian/Pacific Islander (includes Hispanic),
54,West Virginia,54107,Wood,2015,2019,Black (includes Hispanic),
54,West Virginia,54107,Wood,2015,2019,Hispanic (all races),
54,West Virginia,54107,Wood,2015,2019,American Indian/Alaskan Native (includes Hispanic),
54,West Virginia,54107,Wood,2015,2019,White (includes Hispanic),8.8
54,West Virginia,54107,Wood,2016,2020,Asian/Pacific Islander (includes Hispanic),
54,West Virginia,54107,Wood,2016,2020,Black (includes Hispanic),
54,West Virginia,54107,Wood,2016,2020,Hispanic (all races),
54,West Virginia,54107,Wood,2016,2020,American Indian/Alaskan Native (includes Hispanic),
54,West Virginia,54107,Wood,2016,2020,White (includes Hispanic),8.4
54,West Virginia,54109,Wyoming,2011,2015,Asian/Pacific Islander (includes Hispanic),
54,West Virginia,54109,Wyoming,2011,2015,Black (includes Hispanic),
54,West Virginia,54109,Wyoming,2011,2015,Hispanic (all races),
54,West Virginia,54109,Wyoming,2011,2015,American Indian/Alaskan Native (includes Hispanic),
54,West Virginia,54109,Wyoming,2011,2015,White (includes Hispanic),9.6
54,West Virginia,54109,Wyoming,2012,2016,Asian/Pacific Islander (includes Hispanic),
54,West Virginia,54109,Wyoming,2012,2016,Black (includes Hispanic),
54,West Virginia,54109,Wyoming,2012,2016,Hispanic (all races),
54,West Virginia,54109,Wyoming,2012,2016,American Indian/Alaskan Native (includes Hispanic),
54,West Virginia,54109,Wyoming,2012,2016,White (includes Hispanic),9.6
54,West Virginia,54109,Wyoming,2013,2017,Asian/Pacific Islander (includes Hispanic),
54,West Virginia,54109,Wyoming,2013,2017,Black (includes Hispanic),
54,West Virginia,54109,Wyoming,2013,2017,Hispanic (all races),
54,West Virginia,54109,Wyoming,2013,2017,American Indian/Alaskan Native (includes Hispanic),
54,West Virginia,54109,Wyoming,2013,2017,White (includes Hispanic),9.9
54,West Virginia,54109,Wyoming,2014,2018,Asian/Pacific Islander (includes Hispanic),
54,West Virginia,54109,Wyoming,2014,2018,Black (includes Hispanic),
54,West Virginia,54109,Wyoming,2014,2018,Hispanic (all races),
54,West Virginia,54109,Wyoming,2014,2018,American Indian/Alaskan Native (includes Hispanic),
54,West Virginia,54109,Wyoming,2014,2018,White (includes Hispanic),10.7
54,West Virginia,54109,Wyoming,2015,2019,Asian/Pacific Islander (includes Hispanic),
54,West Virginia,54109,Wyoming,2015,2019,Black (includes Hispanic),
54,West Virginia,54109,Wyoming,2015,2019,Hispanic (all races),
54,West Virginia,54109,Wyoming,2015,2019,American Indian/Alaskan Native (includes Hispanic),
54,West Virginia,54109,Wyoming,2015,2019,White (includes Hispanic),11.5
54,West Virginia,54109,Wyoming,2016,2020,Asian/Pacific Islander (includes Hispanic),
54,West Virginia,54109,Wyoming,2016,2020,Black (includes Hispanic),
54,West Virginia,54109,Wyoming,2016,2020,Hispanic (all races),
54,West Virginia,54109,Wyoming,2016,2020,American Indian/Alaskan Native (includes Hispanic),
54,West Virginia,54109,Wyoming,2016,2020,White (includes Hispanic),11.7
55,Wisconsin,55001,Adams,2011,2015,Asian/Pacific Islander (includes Hispanic),
55,Wisconsin,55001,Adams,2011,2015,Black (includes Hispanic),
55,Wisconsin,55001,Adams,2011,2015,Hispanic (all races),
55,Wisconsin,55001,Adams,2011,2015,American Indian/Alaskan Native (includes Hispanic),
55,Wisconsin,55001,Adams,2011,2015,White (includes Hispanic),5.8
55,Wisconsin,55001,Adams,2012,2016,Asian/Pacific Islander (includes Hispanic),
55,Wisconsin,55001,Adams,2012,2016,Black (includes Hispanic),
55,Wisconsin,55001,Adams,2012,2016,Hispanic (all races),
55,Wisconsin,55001,Adams,2012,2016,American Indian/Alaskan Native (includes Hispanic),
55,Wisconsin,55001,Adams,2012,2016,White (includes Hispanic),6.3
55,Wisconsin,55001,Adams,2013,2017,Asian/Pacific Islander (includes Hispanic),
55,Wisconsin,55001,Adams,2013,2017,Black (includes Hispanic),
55,Wisconsin,55001,Adams,2013,2017,Hispanic (all races),
55,Wisconsin,55001,Adams,2013,2017,American Indian/Alaskan Native (includes Hispanic),
55,Wisconsin,55001,Adams,2013,2017,White (includes Hispanic),6.6
55,Wisconsin,55001,Adams,2014,2018,Asian/Pacific Islander (includes Hispanic),
55,Wisconsin,55001,Adams,2014,2018,Black (includes Hispanic),
55,Wisconsin,55001,Adams,2014,2018,Hispanic (all races),
55,Wisconsin,55001,Adams,2014,2018,American Indian/Alaskan Native (includes Hispanic),
55,Wisconsin,55001,Adams,2014,2018,White (includes Hispanic),7.4
55,Wisconsin,55001,Adams,2015,2019,Asian/Pacific Islander (includes Hispanic),
55,Wisconsin,55001,Adams,2015,2019,Black (includes Hispanic),
55,Wisconsin,55001,Adams,2015,2019,Hispanic (all races),
55,Wisconsin,55001,Adams,2015,2019,American Indian/Alaskan Native (includes Hispanic),
55,Wisconsin,55001,Adams,2015,2019,White (includes Hispanic),7.1
55,Wisconsin,55001,Adams,2016,2020,Asian/Pacific Islander (includes Hispanic),
55,Wisconsin,55001,Adams,2016,2020,Black (includes Hispanic),
55,Wisconsin,55001,Adams,2016,2020,Hispanic (all races),
55,Wisconsin,55001,Adams,2016,2020,American Indian/Alaskan Native (includes Hispanic),
55,Wisconsin,55001,Adams,2016,2020,White (includes Hispanic),7.1
55,Wisconsin,55003,Ashland,2011,2015,Asian/Pacific Islander (includes Hispanic),
55,Wisconsin,55003,Ashland,2011,2015,Black (includes Hispanic),
55,Wisconsin,55003,Ashland,2011,2015,Hispanic (all races),
55,Wisconsin,55003,Ashland,2011,2015,American Indian/Alaskan Native (includes Hispanic),
55,Wisconsin,55003,Ashland,2011,2015,White (includes Hispanic),
55,Wisconsin,55003,Ashland,2012,2016,Asian/Pacific Islander (includes Hispanic),
55,Wisconsin,55003,Ashland,2012,2016,Black (includes Hispanic),
55,Wisconsin,55003,Ashland,2012,2016,Hispanic (all races),
55,Wisconsin,55003,Ashland,2012,2016,American Indian/Alaskan Native (includes Hispanic),
55,Wisconsin,55003,Ashland,2012,2016,White (includes Hispanic),
55,Wisconsin,55003,Ashland,2013,2017,Asian/Pacific Islander (includes Hispanic),
55,Wisconsin,55003,Ashland,2013,2017,Black (includes Hispanic),
55,Wisconsin,55003,Ashland,2013,2017,Hispanic (all races),
55,Wisconsin,55003,Ashland,2013,2017,American Indian/Alaskan Native (includes Hispanic),
55,Wisconsin,55003,Ashland,2013,2017,White (includes Hispanic),
55,Wisconsin,55003,Ashland,2014,2018,Asian/Pacific Islander (includes Hispanic),
55,Wisconsin,55003,Ashland,2014,2018,Black (includes Hispanic),
55,Wisconsin,55003,Ashland,2014,2018,Hispanic (all races),
55,Wisconsin,55003,Ashland,2014,2018,American Indian/Alaskan Native (includes Hispanic),
55,Wisconsin,55003,Ashland,2014,2018,White (includes Hispanic),
55,Wisconsin,55003,Ashland,2015,2019,Asian/Pacific Islander (includes Hispanic),
55,Wisconsin,55003,Ashland,2015,2019,Black (includes Hispanic),
55,Wisconsin,55003,Ashland,2015,2019,Hispanic (all races),
55,Wisconsin,55003,Ashland,2015,2019,American Indian/Alaskan Native (includes Hispanic),
55,Wisconsin,55003,Ashland,2015,2019,White (includes Hispanic),
55,Wisconsin,55003,Ashland,2016,2020,Asian/Pacific Islander (includes Hispanic),
55,Wisconsin,55003,Ashland,2016,2020,Black (includes Hispanic),
55,Wisconsin,55003,Ashland,2016,2020,Hispanic (all races),
55,Wisconsin,55003,Ashland,2016,2020,American Indian/Alaskan Native (includes Hispanic),
55,Wisconsin,55003,Ashland,2016,2020,White (includes Hispanic),
55,Wisconsin,55005,Barron,2011,2015,Asian/Pacific Islander (includes Hispanic),
55,Wisconsin,55005,Barron,2011,2015,Black (includes Hispanic),
55,Wisconsin,55005,Barron,2011,2015,Hispanic (all races),
55,Wisconsin,55005,Barron,2011,2015,American Indian/Alaskan Native (includes Hispanic),
55,Wisconsin,55005,Barron,2011,2015,White (includes Hispanic),6.6
55,Wisconsin,55005,Barron,2012,2016,Asian/Pacific Islander (includes Hispanic),
55,Wisconsin,55005,Barron,2012,2016,Black (includes Hispanic),
55,Wisconsin,55005,Barron,2012,2016,Hispanic (all races),
55,Wisconsin,55005,Barron,2012,2016,American Indian/Alaskan Native (includes Hispanic),
55,Wisconsin,55005,Barron,2012,2016,White (includes Hispanic),6.2
55,Wisconsin,55005,Barron,2013,2017,Asian/Pacific Islander (includes Hispanic),
55,Wisconsin,55005,Barron,2013,2017,Black (includes Hispanic),
55,Wisconsin,55005,Barron,2013,2017,Hispanic (all races),
55,Wisconsin,55005,Barron,2013,2017,American Indian/Alaskan Native (includes Hispanic),
55,Wisconsin,55005,Barron,2013,2017,White (includes Hispanic),5.2
55,Wisconsin,55005,Barron,2014,2018,Asian/Pacific Islander (includes Hispanic),
55,Wisconsin,55005,Barron,2014,2018,Black (includes Hispanic),
55,Wisconsin,55005,Barron,2014,2018,Hispanic (all races),
55,Wisconsin,55005,Barron,2014,2018,American Indian/Alaskan Native (includes Hispanic),
55,Wisconsin,55005,Barron,2014,2018,White (includes Hispanic),4.8
55,Wisconsin,55005,Barron,2015,2019,Asian/Pacific Islander (includes Hispanic),
55,Wisconsin,55005,Barron,2015,2019,Black (includes Hispanic),
55,Wisconsin,55005,Barron,2015,2019,Hispanic (all races),
55,Wisconsin,55005,Barron,2015,2019,American Indian/Alaskan Native (includes Hispanic),
55,Wisconsin,55005,Barron,2015,2019,White (includes Hispanic),4.7
55,Wisconsin,55005,Barron,2016,2020,Asian/Pacific Islander (includes Hispanic),
55,Wisconsin,55005,Barron,2016,2020,Black (includes Hispanic),
55,Wisconsin,55005,Barron,2016,2020,Hispanic (all races),
55,Wisconsin,55005,Barron,2016,2020,American Indian/Alaskan Native (includes Hispanic),
55,Wisconsin,55005,Barron,2016,2020,White (includes Hispanic),4.6
55,Wisconsin,55007,Bayfield,2011,2015,Asian/Pacific Islander (includes Hispanic),
55,Wisconsin,55007,Bayfield,2011,2015,Black (includes Hispanic),
55,Wisconsin,55007,Bayfield,2011,2015,Hispanic (all races),
55,Wisconsin,55007,Bayfield,2011,2015,American Indian/Alaskan Native (includes Hispanic),
55,Wisconsin,55007,Bayfield,2011,2015,White (includes Hispanic),
55,Wisconsin,55007,Bayfield,2012,2016,Asian/Pacific Islander (includes Hispanic),
55,Wisconsin,55007,Bayfield,2012,2016,Black (includes Hispanic),
55,Wisconsin,55007,Bayfield,2012,2016,Hispanic (all races),
55,Wisconsin,55007,Bayfield,2012,2016,American Indian/Alaskan Native (includes Hispanic),
55,Wisconsin,55007,Bayfield,2012,2016,White (includes Hispanic),
55,Wisconsin,55007,Bayfield,2013,2017,Asian/Pacific Islander (includes Hispanic),
55,Wisconsin,55007,Bayfield,2013,2017,Black (includes Hispanic),
55,Wisconsin,55007,Bayfield,2013,2017,Hispanic (all races),
55,Wisconsin,55007,Bayfield,2013,2017,American Indian/Alaskan Native (includes Hispanic),
55,Wisconsin,55007,Bayfield,2013,2017,White (includes Hispanic),
55,Wisconsin,55007,Bayfield,2014,2018,Asian/Pacific Islander (includes Hispanic),
55,Wisconsin,55007,Bayfield,2014,2018,Black (includes Hispanic),
55,Wisconsin,55007,Bayfield,2014,2018,Hispanic (all races),
55,Wisconsin,55007,Bayfield,2014,2018,American Indian/Alaskan Native (includes Hispanic),
55,Wisconsin,55007,Bayfield,2014,2018,White (includes Hispanic),
55,Wisconsin,55007,Bayfield,2015,2019,Asian/Pacific Islander (includes Hispanic),
55,Wisconsin,55007,Bayfield,2015,2019,Black (includes Hispanic),
55,Wisconsin,55007,Bayfield,2015,2019,Hispanic (all races),
55,Wisconsin,55007,Bayfield,2015,2019,American Indian/Alaskan Native (includes Hispanic),
55,Wisconsin,55007,Bayfield,2015,2019,White (includes Hispanic),
55,Wisconsin,55007,Bayfield,2016,2020,Asian/Pacific Islander (includes Hispanic),
55,Wisconsin,55007,Bayfield,2016,2020,Black (includes Hispanic),
55,Wisconsin,55007,Bayfield,2016,2020,Hispanic (all races),
55,Wisconsin,55007,Bayfield,2016,2020,American Indian/Alaskan Native (includes Hispanic),
55,Wisconsin,55007,Bayfield,2016,2020,White (includes Hispanic),
55,Wisconsin,55009,Brown,2011,2015,Asian/Pacific Islander (includes Hispanic),
55,Wisconsin,55009,Brown,2011,2015,Black (includes Hispanic),
55,Wisconsin,55009,Brown,2011,2015,Hispanic (all races),
55,Wisconsin,55009,Brown,2011,2015,American Indian/Alaskan Native (includes Hispanic),
55,Wisconsin,55009,Brown,2011,2015,White (includes Hispanic),5.4
55,Wisconsin,55009,Brown,2012,2016,Asian/Pacific Islander (includes Hispanic),
55,Wisconsin,55009,Brown,2012,2016,Black (includes Hispanic),
55,Wisconsin,55009,Brown,2012,2016,Hispanic (all races),
55,Wisconsin,55009,Brown,2012,2016,American Indian/Alaskan Native (includes Hispanic),
55,Wisconsin,55009,Brown,2012,2016,White (includes Hispanic),5.9
55,Wisconsin,55009,Brown,2013,2017,Asian/Pacific Islander (includes Hispanic),
55,Wisconsin,55009,Brown,2013,2017,Black (includes Hispanic),
55,Wisconsin,55009,Brown,2013,2017,Hispanic (all races),
55,Wisconsin,55009,Brown,2013,2017,American Indian/Alaskan Native (includes Hispanic),
55,Wisconsin,55009,Brown,2013,2017,White (includes Hispanic),5.4
55,Wisconsin,55009,Brown,2014,2018,Asian/Pacific Islander (includes Hispanic),
55,Wisconsin,55009,Brown,2014,2018,Black (includes Hispanic),
55,Wisconsin,55009,Brown,2014,2018,Hispanic (all races),
55,Wisconsin,55009,Brown,2014,2018,American Indian/Alaskan Native (includes Hispanic),
55,Wisconsin,55009,Brown,2014,2018,White (includes Hispanic),5.8
55,Wisconsin,55009,Brown,2015,2019,Asian/Pacific Islander (includes Hispanic),
55,Wisconsin,55009,Brown,2015,2019,Black (includes Hispanic),
55,Wisconsin,55009,Brown,2015,2019,Hispanic (all races),
55,Wisconsin,55009,Brown,2015,2019,American Indian/Alaskan Native (includes Hispanic),
55,Wisconsin,55009,Brown,2015,2019,White (includes Hispanic),6.0
55,Wisconsin,55009,Brown,2016,2020,Asian/Pacific Islander (includes Hispanic),
55,Wisconsin,55009,Brown,2016,2020,Black (includes Hispanic),
55,Wisconsin,55009,Brown,2016,2020,Hispanic (all races),
55,Wisconsin,55009,Brown,2016,2020,American Indian/Alaskan Native (includes Hispanic),
55,Wisconsin,55009,Brown,2016,2020,White (includes Hispanic),5.1
55,Wisconsin,55011,Buffalo,2011,2015,Asian/Pacific Islander (includes Hispanic),
55,Wisconsin,55011,Buffalo,2011,2015,Black (includes Hispanic),
55,Wisconsin,55011,Buffalo,2011,2015,Hispanic (all races),
55,Wisconsin,55011,Buffalo,2011,2015,American Indian/Alaskan Native (includes Hispanic),
55,Wisconsin,55011,Buffalo,2011,2015,White (includes Hispanic),6.7
55,Wisconsin,55011,Buffalo,2012,2016,Asian/Pacific Islander (includes Hispanic),
55,Wisconsin,55011,Buffalo,2012,2016,Black (includes Hispanic),
55,Wisconsin,55011,Buffalo,2012,2016,Hispanic (all races),
55,Wisconsin,55011,Buffalo,2012,2016,American Indian/Alaskan Native (includes Hispanic),
55,Wisconsin,55011,Buffalo,2012,2016,White (includes Hispanic),7.7
55,Wisconsin,55011,Buffalo,2013,2017,Asian/Pacific Islander (includes Hispanic),
55,Wisconsin,55011,Buffalo,2013,2017,Black (includes Hispanic),
55,Wisconsin,55011,Buffalo,2013,2017,Hispanic (all races),
55,Wisconsin,55011,Buffalo,2013,2017,American Indian/Alaskan Native (includes Hispanic),
55,Wisconsin,55011,Buffalo,2013,2017,White (includes Hispanic),7.1
55,Wisconsin,55011,Buffalo,2014,2018,Asian/Pacific Islander (includes Hispanic),
55,Wisconsin,55011,Buffalo,2014,2018,Black (includes Hispanic),
55,Wisconsin,55011,Buffalo,2014,2018,Hispanic (all races),
55,Wisconsin,55011,Buffalo,2014,2018,American Indian/Alaskan Native (includes Hispanic),
55,Wisconsin,55011,Buffalo,2014,2018,White (includes Hispanic),5.1
55,Wisconsin,55011,Buffalo,2015,2019,Asian/Pacific Islander (includes Hispanic),
55,Wisconsin,55011,Buffalo,2015,2019,Black (includes Hispanic),
55,Wisconsin,55011,Buffalo,2015,2019,Hispanic (all races),
55,Wisconsin,55011,Buffalo,2015,2019,American Indian/Alaskan Native (includes Hispanic),
55,Wisconsin,55011,Buffalo,2015,2019,White (includes Hispanic),4.8
55,Wisconsin,55011,Buffalo,2016,2020,Asian/Pacific Islander (includes Hispanic),
55,Wisconsin,55011,Buffalo,2016,2020,Black (includes Hispanic),
55,Wisconsin,55011,Buffalo,2016,2020,Hispanic (all races),
55,Wisconsin,55011,Buffalo,2016,2020,American Indian/Alaskan Native (includes Hispanic),
55,Wisconsin,55011,Buffalo,2016,2020,White (includes Hispanic),4.2
55,Wisconsin,55013,Burnett,2011,2015,Asian/Pacific Islander (includes Hispanic),
55,Wisconsin,55013,Burnett,2011,2015,Black (includes Hispanic),
55,Wisconsin,55013,Burnett,2011,2015,Hispanic (all races),
55,Wisconsin,55013,Burnett,2011,2015,American Indian/Alaskan Native (includes Hispanic),
55,Wisconsin,55013,Burnett,2011,2015,White (includes Hispanic),4.8
55,Wisconsin,55013,Burnett,2012,2016,Asian/Pacific Islander (includes Hispanic),
55,Wisconsin,55013,Burnett,2012,2016,Black (includes Hispanic),
55,Wisconsin,55013,Burnett,2012,2016,Hispanic (all races),
55,Wisconsin,55013,Burnett,2012,2016,American Indian/Alaskan Native (includes Hispanic),
55,Wisconsin,55013,Burnett,2012,2016,White (includes Hispanic),4.1
55,Wisconsin,55013,Burnett,2013,2017,Asian/Pacific Islander (includes Hispanic),
55,Wisconsin,55013,Burnett,2013,2017,Black (includes Hispanic),
55,Wisconsin,55013,Burnett,2013,2017,Hispanic (all races),
55,Wisconsin,55013,Burnett,2013,2017,American Indian/Alaskan Native (includes Hispanic),
55,Wisconsin,55013,Burnett,2013,2017,White (includes Hispanic),3.9
55,Wisconsin,55013,Burnett,2014,2018,Asian/Pacific Islander (includes Hispanic),
55,Wisconsin,55013,Burnett,2014,2018,Black (includes Hispanic),
55,Wisconsin,55013,Burnett,2014,2018,Hispanic (all races),
55,Wisconsin,55013,Burnett,2014,2018,American Indian/Alaskan Native (includes Hispanic),
55,Wisconsin,55013,Burnett,2014,2018,White (includes Hispanic),4.6
55,Wisconsin,55013,Burnett,2015,2019,Asian/Pacific Islander (includes Hispanic),
55,Wisconsin,55013,Burnett,2015,2019,Black (includes Hispanic),
55,Wisconsin,55013,Burnett,2015,2019,Hispanic (all races),
55,Wisconsin,55013,Burnett,2015,2019,American Indian/Alaskan Native (includes Hispanic),
55,Wisconsin,55013,Burnett,2015,2019,White (includes Hispanic),4.5
55,Wisconsin,55013,Burnett,2016,2020,Asian/Pacific Islander (includes Hispanic),
55,Wisconsin,55013,Burnett,2016,2020,Black (includes Hispanic),
55,Wisconsin,55013,Burnett,2016,2020,Hispanic (all races),
55,Wisconsin,55013,Burnett,2016,2020,American Indian/Alaskan Native (includes Hispanic),
55,Wisconsin,55013,Burnett,2016,2020,White (includes Hispanic),4.8
55,Wisconsin,55015,Calumet,2011,2015,Asian/Pacific Islander (includes Hispanic),
55,Wisconsin,55015,Calumet,2011,2015,Black (includes Hispanic),
55,Wisconsin,55015,Calumet,2011,2015,Hispanic (all races),
55,Wisconsin,55015,Calumet,2011,2015,American Indian/Alaskan Native (includes Hispanic),
55,Wisconsin,55015,Calumet,2011,2015,White (includes Hispanic),5.5
55,Wisconsin,55015,Calumet,2012,2016,Asian/Pacific Islander (includes Hispanic),
55,Wisconsin,55015,Calumet,2012,2016,Black (includes Hispanic),
55,Wisconsin,55015,Calumet,2012,2016,Hispanic (all races),
55,Wisconsin,55015,Calumet,2012,2016,American Indian/Alaskan Native (includes Hispanic),
55,Wisconsin,55015,Calumet,2012,2016,White (includes Hispanic),5.8
55,Wisconsin,55015,Calumet,2013,2017,Asian/Pacific Islander (includes Hispanic),
55,Wisconsin,55015,Calumet,2013,2017,Black (includes Hispanic),
55,Wisconsin,55015,Calumet,2013,2017,Hispanic (all races),
55,Wisconsin,55015,Calumet,2013,2017,American Indian/Alaskan Native (includes Hispanic),
55,Wisconsin,55015,Calumet,2013,2017,White (includes Hispanic),5.9
55,Wisconsin,55015,Calumet,2014,2018,Asian/Pacific Islander (includes Hispanic),
55,Wisconsin,55015,Calumet,2014,2018,Black (includes Hispanic),
55,Wisconsin,55015,Calumet,2014,2018,Hispanic (all races),
55,Wisconsin,55015,Calumet,2014,2018,American Indian/Alaskan Native (includes Hispanic),
55,Wisconsin,55015,Calumet,2014,2018,White (includes Hispanic),6.1
55,Wisconsin,55015,Calumet,2015,2019,Asian/Pacific Islander (includes Hispanic),
55,Wisconsin,55015,Calumet,2015,2019,Black (includes Hispanic),
55,Wisconsin,55015,Calumet,2015,2019,Hispanic (all races),
55,Wisconsin,55015,Calumet,2015,2019,American Indian/Alaskan Native (includes Hispanic),
55,Wisconsin,55015,Calumet,2015,2019,White (includes Hispanic),6.2
55,Wisconsin,55015,Calumet,2016,2020,Asian/Pacific Islander (includes Hispanic),
55,Wisconsin,55015,Calumet,2016,2020,Black (includes Hispanic),
55,Wisconsin,55015,Calumet,2016,2020,Hispanic (all races),
55,Wisconsin,55015,Calumet,2016,2020,American Indian/Alaskan Native (includes Hispanic),
55,Wisconsin,55015,Calumet,2016,2020,White (includes Hispanic),5.4
55,Wisconsin,55017,Chippewa,2011,2015,Asian/Pacific Islander (includes Hispanic),
55,Wisconsin,55017,Chippewa,2011,2015,Black (includes Hispanic),
55,Wisconsin,55017,Chippewa,2011,2015,Hispanic (all races),
55,Wisconsin,55017,Chippewa,2011,2015,American Indian/Alaskan Native (includes Hispanic),
55,Wisconsin,55017,Chippewa,2011,2015,White (includes Hispanic),7.9
55,Wisconsin,55017,Chippewa,2012,2016,Asian/Pacific Islander (includes Hispanic),
55,Wisconsin,55017,Chippewa,2012,2016,Black (includes Hispanic),
55,Wisconsin,55017,Chippewa,2012,2016,Hispanic (all races),
55,Wisconsin,55017,Chippewa,2012,2016,American Indian/Alaskan Native (includes Hispanic),
55,Wisconsin,55017,Chippewa,2012,2016,White (includes Hispanic),7.8
55,Wisconsin,55017,Chippewa,2013,2017,Asian/Pacific Islander (includes Hispanic),
55,Wisconsin,55017,Chippewa,2013,2017,Black (includes Hispanic),
55,Wisconsin,55017,Chippewa,2013,2017,Hispanic (all races),
55,Wisconsin,55017,Chippewa,2013,2017,American Indian/Alaskan Native (includes Hispanic),
55,Wisconsin,55017,Chippewa,2013,2017,White (includes Hispanic),6.2
55,Wisconsin,55017,Chippewa,2014,2018,Asian/Pacific Islander (includes Hispanic),
55,Wisconsin,55017,Chippewa,2014,2018,Black (includes Hispanic),
55,Wisconsin,55017,Chippewa,2014,2018,Hispanic (all races),
55,Wisconsin,55017,Chippewa,2014,2018,American Indian/Alaskan Native (includes Hispanic),
55,Wisconsin,55017,Chippewa,2014,2018,White (includes Hispanic),5.5
55,Wisconsin,55017,Chippewa,2015,2019,Asian/Pacific Islander (includes Hispanic),
55,Wisconsin,55017,Chippewa,2015,2019,Black (includes Hispanic),
55,Wisconsin,55017,Chippewa,2015,2019,Hispanic (all races),
55,Wisconsin,55017,Chippewa,2015,2019,American Indian/Alaskan Native (includes Hispanic),
55,Wisconsin,55017,Chippewa,2015,2019,White (includes Hispanic),4.8
55,Wisconsin,55017,Chippewa,2016,2020,Asian/Pacific Islander (includes Hispanic),
55,Wisconsin,55017,Chippewa,2016,2020,Black (includes Hispanic),
55,Wisconsin,55017,Chippewa,2016,2020,Hispanic (all races),
55,Wisconsin,55017,Chippewa,2016,2020,American Indian/Alaskan Native (includes Hispanic),
55,Wisconsin,55017,Chippewa,2016,2020,White (includes Hispanic),4.4
55,Wisconsin,55019,Clark,2011,2015,Asian/Pacific Islander (includes Hispanic),
55,Wisconsin,55019,Clark,2011,2015,Black (includes Hispanic),
55,Wisconsin,55019,Clark,2011,2015,Hispanic (all races),
55,Wisconsin,55019,Clark,2011,2015,American Indian/Alaskan Native (includes Hispanic),
55,Wisconsin,55019,Clark,2011,2015,White (includes Hispanic),5.6
55,Wisconsin,55019,Clark,2012,2016,Asian/Pacific Islander (includes Hispanic),
55,Wisconsin,55019,Clark,2012,2016,Black (includes Hispanic),
55,Wisconsin,55019,Clark,2012,2016,Hispanic (all races),
55,Wisconsin,55019,Clark,2012,2016,American Indian/Alaskan Native (includes Hispanic),
55,Wisconsin,55019,Clark,2012,2016,White (includes Hispanic),6.1
55,Wisconsin,55019,Clark,2013,2017,Asian/Pacific Islander (includes Hispanic),
55,Wisconsin,55019,Clark,2013,2017,Black (includes Hispanic),
55,Wisconsin,55019,Clark,2013,2017,Hispanic (all races),
55,Wisconsin,55019,Clark,2013,2017,American Indian/Alaskan Native (includes Hispanic),
55,Wisconsin,55019,Clark,2013,2017,White (includes Hispanic),6.0
55,Wisconsin,55019,Clark,2014,2018,Asian/Pacific Islander (includes Hispanic),
55,Wisconsin,55019,Clark,2014,2018,Black (includes Hispanic),
55,Wisconsin,55019,Clark,2014,2018,Hispanic (all races),
55,Wisconsin,55019,Clark,2014,2018,American Indian/Alaskan Native (includes Hispanic),
55,Wisconsin,55019,Clark,2014,2018,White (includes Hispanic),6.0
55,Wisconsin,55019,Clark,2015,2019,Asian/Pacific Islander (includes Hispanic),
55,Wisconsin,55019,Clark,2015,2019,Black (includes Hispanic),
55,Wisconsin,55019,Clark,2015,2019,Hispanic (all races),
55,Wisconsin,55019,Clark,2015,2019,American Indian/Alaskan Native (includes Hispanic),
55,Wisconsin,55019,Clark,2015,2019,White (includes Hispanic),5.4
55,Wisconsin,55019,Clark,2016,2020,Asian/Pacific Islander (includes Hispanic),
55,Wisconsin,55019,Clark,2016,2020,Black (includes Hispanic),
55,Wisconsin,55019,Clark,2016,2020,Hispanic (all races),
55,Wisconsin,55019,Clark,2016,2020,American Indian/Alaskan Native (includes Hispanic),
55,Wisconsin,55019,Clark,2016,2020,White (includes Hispanic),5.1
55,Wisconsin,55021,Columbia,2011,2015,Asian/Pacific Islander (includes Hispanic),
55,Wisconsin,55021,Columbia,2011,2015,Black (includes Hispanic),
55,Wisconsin,55021,Columbia,2011,2015,Hispanic (all races),
55,Wisconsin,55021,Columbia,2011,2015,American Indian/Alaskan Native (includes Hispanic),
55,Wisconsin,55021,Columbia,2011,2015,White (includes Hispanic),6.1
55,Wisconsin,55021,Columbia,2012,2016,Asian/Pacific Islander (includes Hispanic),
55,Wisconsin,55021,Columbia,2012,2016,Black (includes Hispanic),
55,Wisconsin,55021,Columbia,2012,2016,Hispanic (all races),
55,Wisconsin,55021,Columbia,2012,2016,American Indian/Alaskan Native (includes Hispanic),
55,Wisconsin,55021,Columbia,2012,2016,White (includes Hispanic),7.0
55,Wisconsin,55021,Columbia,2013,2017,Asian/Pacific Islander (includes Hispanic),
55,Wisconsin,55021,Columbia,2013,2017,Black (includes Hispanic),
55,Wisconsin,55021,Columbia,2013,2017,Hispanic (all races),
55,Wisconsin,55021,Columbia,2013,2017,American Indian/Alaskan Native (includes Hispanic),
55,Wisconsin,55021,Columbia,2013,2017,White (includes Hispanic),6.9
55,Wisconsin,55021,Columbia,2014,2018,Asian/Pacific Islander (includes Hispanic),
55,Wisconsin,55021,Columbia,2014,2018,Black (includes Hispanic),
55,Wisconsin,55021,Columbia,2014,2018,Hispanic (all races),
55,Wisconsin,55021,Columbia,2014,2018,American Indian/Alaskan Native (includes Hispanic),
55,Wisconsin,55021,Columbia,2014,2018,White (includes Hispanic),6.8
55,Wisconsin,55021,Columbia,2015,2019,Asian/Pacific Islander (includes Hispanic),
55,Wisconsin,55021,Columbia,2015,2019,Black (includes Hispanic),
55,Wisconsin,55021,Columbia,2015,2019,Hispanic (all races),
55,Wisconsin,55021,Columbia,2015,2019,American Indian/Alaskan Native (includes Hispanic),
55,Wisconsin,55021,Columbia,2015,2019,White (includes Hispanic),6.5
55,Wisconsin,55021,Columbia,2016,2020,Asian/Pacific Islander (includes Hispanic),
55,Wisconsin,55021,Columbia,2016,2020,Black (includes Hispanic),
55,Wisconsin,55021,Columbia,2016,2020,Hispanic (all races),
55,Wisconsin,55021,Columbia,2016,2020,American Indian/Alaskan Native (includes Hispanic),
55,Wisconsin,55021,Columbia,2016,2020,White (includes Hispanic),6.5
55,Wisconsin,55023,Crawford,2011,2015,Asian/Pacific Islander (includes Hispanic),
55,Wisconsin,55023,Crawford,2011,2015,Black (includes Hispanic),
55,Wisconsin,55023,Crawford,2011,2015,Hispanic (all races),
55,Wisconsin,55023,Crawford,2011,2015,American Indian/Alaskan Native (includes Hispanic),
55,Wisconsin,55023,Crawford,2011,2015,White (includes Hispanic),7.3
55,Wisconsin,55023,Crawford,2012,2016,Asian/Pacific Islander (includes Hispanic),
55,Wisconsin,55023,Crawford,2012,2016,Black (includes Hispanic),
55,Wisconsin,55023,Crawford,2012,2016,Hispanic (all races),
55,Wisconsin,55023,Crawford,2012,2016,American Indian/Alaskan Native (includes Hispanic),
55,Wisconsin,55023,Crawford,2012,2016,White (includes Hispanic),7.3
55,Wisconsin,55023,Crawford,2013,2017,Asian/Pacific Islander (includes Hispanic),
55,Wisconsin,55023,Crawford,2013,2017,Black (includes Hispanic),
55,Wisconsin,55023,Crawford,2013,2017,Hispanic (all races),
55,Wisconsin,55023,Crawford,2013,2017,American Indian/Alaskan Native (includes Hispanic),
55,Wisconsin,55023,Crawford,2013,2017,White (includes Hispanic),5.8
55,Wisconsin,55023,Crawford,2014,2018,Asian/Pacific Islander (includes Hispanic),
55,Wisconsin,55023,Crawford,2014,2018,Black (includes Hispanic),
55,Wisconsin,55023,Crawford,2014,2018,Hispanic (all races),
55,Wisconsin,55023,Crawford,2014,2018,American Indian/Alaskan Native (includes Hispanic),
55,Wisconsin,55023,Crawford,2014,2018,White (includes Hispanic),5.3
55,Wisconsin,55023,Crawford,2015,2019,Asian/Pacific Islander (includes Hispanic),
55,Wisconsin,55023,Crawford,2015,2019,Black (includes Hispanic),
55,Wisconsin,55023,Crawford,2015,2019,Hispanic (all races),
55,Wisconsin,55023,Crawford,2015,2019,American Indian/Alaskan Native (includes Hispanic),
55,Wisconsin,55023,Crawford,2015,2019,White (includes Hispanic),
55,Wisconsin,55023,Crawford,2016,2020,Asian/Pacific Islander (includes Hispanic),
55,Wisconsin,55023,Crawford,2016,2020,Black (includes Hispanic),
55,Wisconsin,55023,Crawford,2016,2020,Hispanic (all races),
55,Wisconsin,55023,Crawford,2016,2020,American Indian/Alaskan Native (includes Hispanic),
55,Wisconsin,55023,Crawford,2016,2020,White (includes Hispanic),
55,Wisconsin,55025,Dane,2011,2015,Asian/Pacific Islander (includes Hispanic),
55,Wisconsin,55025,Dane,2011,2015,Black (includes Hispanic),
55,Wisconsin,55025,Dane,2011,2015,Hispanic (all races),
55,Wisconsin,55025,Dane,2011,2015,American Indian/Alaskan Native (includes Hispanic),
55,Wisconsin,55025,Dane,2011,2015,White (includes Hispanic),6.1
55,Wisconsin,55025,Dane,2012,2016,Asian/Pacific Islander (includes Hispanic),
55,Wisconsin,55025,Dane,2012,2016,Black (includes Hispanic),
55,Wisconsin,55025,Dane,2012,2016,Hispanic (all races),
55,Wisconsin,55025,Dane,2012,2016,American Indian/Alaskan Native (includes Hispanic),
55,Wisconsin,55025,Dane,2012,2016,White (includes Hispanic),7.3
55,Wisconsin,55025,Dane,2013,2017,Asian/Pacific Islander (includes Hispanic),
55,Wisconsin,55025,Dane,2013,2017,Black (includes Hispanic),
55,Wisconsin,55025,Dane,2013,2017,Hispanic (all races),
55,Wisconsin,55025,Dane,2013,2017,American Indian/Alaskan Native (includes Hispanic),
55,Wisconsin,55025,Dane,2013,2017,White (includes Hispanic),7.2
55,Wisconsin,55025,Dane,2014,2018,Asian/Pacific Islander (includes Hispanic),
55,Wisconsin,55025,Dane,2014,2018,Black (includes Hispanic),
55,Wisconsin,55025,Dane,2014,2018,Hispanic (all races),
55,Wisconsin,55025,Dane,2014,2018,American Indian/Alaskan Native (includes Hispanic),
55,Wisconsin,55025,Dane,2014,2018,White (includes Hispanic),7.1
55,Wisconsin,55025,Dane,2015,2019,Asian/Pacific Islander (includes Hispanic),
55,Wisconsin,55025,Dane,2015,2019,Black (includes Hispanic),
55,Wisconsin,55025,Dane,2015,2019,Hispanic (all races),
55,Wisconsin,55025,Dane,2015,2019,American Indian/Alaskan Native (includes Hispanic),
55,Wisconsin,55025,Dane,2015,2019,White (includes Hispanic),6.9
55,Wisconsin,55025,Dane,2016,2020,Asian/Pacific Islander (includes Hispanic),
55,Wisconsin,55025,Dane,2016,2020,Black (includes Hispanic),
55,Wisconsin,55025,Dane,2016,2020,Hispanic (all races),
55,Wisconsin,55025,Dane,2016,2020,American Indian/Alaskan Native (includes Hispanic),
55,Wisconsin,55025,Dane,2016,2020,White (includes Hispanic),6.8
55,Wisconsin,55027,Dodge,2011,2015,Asian/Pacific Islander (includes Hispanic),
55,Wisconsin,55027,Dodge,2011,2015,Black (includes Hispanic),
55,Wisconsin,55027,Dodge,2011,2015,Hispanic (all races),
55,Wisconsin,55027,Dodge,2011,2015,American Indian/Alaskan Native (includes Hispanic),
55,Wisconsin,55027,Dodge,2011,2015,White (includes Hispanic),5.3
55,Wisconsin,55027,Dodge,2012,2016,Asian/Pacific Islander (includes Hispanic),
55,Wisconsin,55027,Dodge,2012,2016,Black (includes Hispanic),
55,Wisconsin,55027,Dodge,2012,2016,Hispanic (all races),
55,Wisconsin,55027,Dodge,2012,2016,American Indian/Alaskan Native (includes Hispanic),
55,Wisconsin,55027,Dodge,2012,2016,White (includes Hispanic),5.8
55,Wisconsin,55027,Dodge,2013,2017,Asian/Pacific Islander (includes Hispanic),
55,Wisconsin,55027,Dodge,2013,2017,Black (includes Hispanic),
55,Wisconsin,55027,Dodge,2013,2017,Hispanic (all races),
55,Wisconsin,55027,Dodge,2013,2017,American Indian/Alaskan Native (includes Hispanic),
55,Wisconsin,55027,Dodge,2013,2017,White (includes Hispanic),6.0
55,Wisconsin,55027,Dodge,2014,2018,Asian/Pacific Islander (includes Hispanic),
55,Wisconsin,55027,Dodge,2014,2018,Black (includes Hispanic),
55,Wisconsin,55027,Dodge,2014,2018,Hispanic (all races),
55,Wisconsin,55027,Dodge,2014,2018,American Indian/Alaskan Native (includes Hispanic),
55,Wisconsin,55027,Dodge,2014,2018,White (includes Hispanic),5.9
55,Wisconsin,55027,Dodge,2015,2019,Asian/Pacific Islander (includes Hispanic),
55,Wisconsin,55027,Dodge,2015,2019,Black (includes Hispanic),
55,Wisconsin,55027,Dodge,2015,2019,Hispanic (all races),
55,Wisconsin,55027,Dodge,2015,2019,American Indian/Alaskan Native (includes Hispanic),
55,Wisconsin,55027,Dodge,2015,2019,White (includes Hispanic),5.8
55,Wisconsin,55027,Dodge,2016,2020,Asian/Pacific Islander (includes Hispanic),
55,Wisconsin,55027,Dodge,2016,2020,Black (includes Hispanic),
55,Wisconsin,55027,Dodge,2016,2020,Hispanic (all races),
55,Wisconsin,55027,Dodge,2016,2020,American Indian/Alaskan Native (includes Hispanic),
55,Wisconsin,55027,Dodge,2016,2020,White (includes Hispanic),5.4
55,Wisconsin,55029,Door,2011,2015,Asian/Pacific Islander (includes Hispanic),
55,Wisconsin,55029,Door,2011,2015,Black (includes Hispanic),
55,Wisconsin,55029,Door,2011,2015,Hispanic (all races),
55,Wisconsin,55029,Door,2011,2015,American Indian/Alaskan Native (includes Hispanic),
55,Wisconsin,55029,Door,2011,2015,White (includes Hispanic),7.0
55,Wisconsin,55029,Door,2012,2016,Asian/Pacific Islander (includes Hispanic),
55,Wisconsin,55029,Door,2012,2016,Black (includes Hispanic),
55,Wisconsin,55029,Door,2012,2016,Hispanic (all races),
55,Wisconsin,55029,Door,2012,2016,American Indian/Alaskan Native (includes Hispanic),
55,Wisconsin,55029,Door,2012,2016,White (includes Hispanic),8.0
55,Wisconsin,55029,Door,2013,2017,Asian/Pacific Islander (includes Hispanic),
55,Wisconsin,55029,Door,2013,2017,Black (includes Hispanic),
55,Wisconsin,55029,Door,2013,2017,Hispanic (all races),
55,Wisconsin,55029,Door,2013,2017,American Indian/Alaskan Native (includes Hispanic),
55,Wisconsin,55029,Door,2013,2017,White (includes Hispanic),7.7
55,Wisconsin,55029,Door,2014,2018,Asian/Pacific Islander (includes Hispanic),
55,Wisconsin,55029,Door,2014,2018,Black (includes Hispanic),
55,Wisconsin,55029,Door,2014,2018,Hispanic (all races),
55,Wisconsin,55029,Door,2014,2018,American Indian/Alaskan Native (includes Hispanic),
55,Wisconsin,55029,Door,2014,2018,White (includes Hispanic),8.0
55,Wisconsin,55029,Door,2015,2019,Asian/Pacific Islander (includes Hispanic),
55,Wisconsin,55029,Door,2015,2019,Black (includes Hispanic),
55,Wisconsin,55029,Door,2015,2019,Hispanic (all races),
55,Wisconsin,55029,Door,2015,2019,American Indian/Alaskan Native (includes Hispanic),
55,Wisconsin,55029,Door,2015,2019,White (includes Hispanic),7.4
55,Wisconsin,55029,Door,2016,2020,Asian/Pacific Islander (includes Hispanic),
55,Wisconsin,55029,Door,2016,2020,Black (includes Hispanic),
55,Wisconsin,55029,Door,2016,2020,Hispanic (all races),
55,Wisconsin,55029,Door,2016,2020,American Indian/Alaskan Native (includes Hispanic),
55,Wisconsin,55029,Door,2016,2020,White (includes Hispanic),7.0
55,Wisconsin,55031,Douglas,2011,2015,Asian/Pacific Islander (includes Hispanic),
55,Wisconsin,55031,Douglas,2011,2015,Black (includes Hispanic),
55,Wisconsin,55031,Douglas,2011,2015,Hispanic (all races),
55,Wisconsin,55031,Douglas,2011,2015,American Indian/Alaskan Native (includes Hispanic),
55,Wisconsin,55031,Douglas,2011,2015,White (includes Hispanic),4.6
55,Wisconsin,55031,Douglas,2012,2016,Asian/Pacific Islander (includes Hispanic),
55,Wisconsin,55031,Douglas,2012,2016,Black (includes Hispanic),
55,Wisconsin,55031,Douglas,2012,2016,Hispanic (all races),
55,Wisconsin,55031,Douglas,2012,2016,American Indian/Alaskan Native (includes Hispanic),
55,Wisconsin,55031,Douglas,2012,2016,White (includes Hispanic),4.6
55,Wisconsin,55031,Douglas,2013,2017,Asian/Pacific Islander (includes Hispanic),
55,Wisconsin,55031,Douglas,2013,2017,Black (includes Hispanic),
55,Wisconsin,55031,Douglas,2013,2017,Hispanic (all races),
55,Wisconsin,55031,Douglas,2013,2017,American Indian/Alaskan Native (includes Hispanic),
55,Wisconsin,55031,Douglas,2013,2017,White (includes Hispanic),4.5
55,Wisconsin,55031,Douglas,2014,2018,Asian/Pacific Islander (includes Hispanic),
55,Wisconsin,55031,Douglas,2014,2018,Black (includes Hispanic),
55,Wisconsin,55031,Douglas,2014,2018,Hispanic (all races),
55,Wisconsin,55031,Douglas,2014,2018,American Indian/Alaskan Native (includes Hispanic),
55,Wisconsin,55031,Douglas,2014,2018,White (includes Hispanic),4.8
55,Wisconsin,55031,Douglas,2015,2019,Asian/Pacific Islander (includes Hispanic),
55,Wisconsin,55031,Douglas,2015,2019,Black (includes Hispanic),
55,Wisconsin,55031,Douglas,2015,2019,Hispanic (all races),
55,Wisconsin,55031,Douglas,2015,2019,American Indian/Alaskan Native (includes Hispanic),
55,Wisconsin,55031,Douglas,2015,2019,White (includes Hispanic),6.5
55,Wisconsin,55031,Douglas,2016,2020,Asian/Pacific Islander (includes Hispanic),
55,Wisconsin,55031,Douglas,2016,2020,Black (includes Hispanic),
55,Wisconsin,55031,Douglas,2016,2020,Hispanic (all races),
55,Wisconsin,55031,Douglas,2016,2020,American Indian/Alaskan Native (includes Hispanic),
55,Wisconsin,55031,Douglas,2016,2020,White (includes Hispanic),5.6
55,Wisconsin,55033,Dunn,2011,2015,Asian/Pacific Islander (includes Hispanic),
55,Wisconsin,55033,Dunn,2011,2015,Black (includes Hispanic),
55,Wisconsin,55033,Dunn,2011,2015,Hispanic (all races),
55,Wisconsin,55033,Dunn,2011,2015,American Indian/Alaskan Native (includes Hispanic),
55,Wisconsin,55033,Dunn,2011,2015,White (includes Hispanic),6.3
55,Wisconsin,55033,Dunn,2012,2016,Asian/Pacific Islander (includes Hispanic),
55,Wisconsin,55033,Dunn,2012,2016,Black (includes Hispanic),
55,Wisconsin,55033,Dunn,2012,2016,Hispanic (all races),
55,Wisconsin,55033,Dunn,2012,2016,American Indian/Alaskan Native (includes Hispanic),
55,Wisconsin,55033,Dunn,2012,2016,White (includes Hispanic),6.3
55,Wisconsin,55033,Dunn,2013,2017,Asian/Pacific Islander (includes Hispanic),
55,Wisconsin,55033,Dunn,2013,2017,Black (includes Hispanic),
55,Wisconsin,55033,Dunn,2013,2017,Hispanic (all races),
55,Wisconsin,55033,Dunn,2013,2017,American Indian/Alaskan Native (includes Hispanic),
55,Wisconsin,55033,Dunn,2013,2017,White (includes Hispanic),5.0
55,Wisconsin,55033,Dunn,2014,2018,Asian/Pacific Islander (includes Hispanic),
55,Wisconsin,55033,Dunn,2014,2018,Black (includes Hispanic),
55,Wisconsin,55033,Dunn,2014,2018,Hispanic (all races),
55,Wisconsin,55033,Dunn,2014,2018,American Indian/Alaskan Native (includes Hispanic),
55,Wisconsin,55033,Dunn,2014,2018,White (includes Hispanic),4.9
55,Wisconsin,55033,Dunn,2015,2019,Asian/Pacific Islander (includes Hispanic),
55,Wisconsin,55033,Dunn,2015,2019,Black (includes Hispanic),
55,Wisconsin,55033,Dunn,2015,2019,Hispanic (all races),
55,Wisconsin,55033,Dunn,2015,2019,American Indian/Alaskan Native (includes Hispanic),
55,Wisconsin,55033,Dunn,2015,2019,White (includes Hispanic),4.6
55,Wisconsin,55033,Dunn,2016,2020,Asian/Pacific Islander (includes Hispanic),
55,Wisconsin,55033,Dunn,2016,2020,Black (includes Hispanic),
55,Wisconsin,55033,Dunn,2016,2020,Hispanic (all races),
55,Wisconsin,55033,Dunn,2016,2020,American Indian/Alaskan Native (includes Hispanic),
55,Wisconsin,55033,Dunn,2016,2020,White (includes Hispanic),4.2
55,Wisconsin,55035,Eau Claire,2011,2015,Asian/Pacific Islander (includes Hispanic),
55,Wisconsin,55035,Eau Claire,2011,2015,Black (includes Hispanic),
55,Wisconsin,55035,Eau Claire,2011,2015,Hispanic (all races),
55,Wisconsin,55035,Eau Claire,2011,2015,American Indian/Alaskan Native (includes Hispanic),
55,Wisconsin,55035,Eau Claire,2011,2015,White (includes Hispanic),7.4
55,Wisconsin,55035,Eau Claire,2012,2016,Asian/Pacific Islander (includes Hispanic),
55,Wisconsin,55035,Eau Claire,2012,2016,Black (includes Hispanic),
55,Wisconsin,55035,Eau Claire,2012,2016,Hispanic (all races),
55,Wisconsin,55035,Eau Claire,2012,2016,American Indian/Alaskan Native (includes Hispanic),
55,Wisconsin,55035,Eau Claire,2012,2016,White (includes Hispanic),7.9
55,Wisconsin,55035,Eau Claire,2013,2017,Asian/Pacific Islander (includes Hispanic),
55,Wisconsin,55035,Eau Claire,2013,2017,Black (includes Hispanic),
55,Wisconsin,55035,Eau Claire,2013,2017,Hispanic (all races),
55,Wisconsin,55035,Eau Claire,2013,2017,American Indian/Alaskan Native (includes Hispanic),
55,Wisconsin,55035,Eau Claire,2013,2017,White (includes Hispanic),6.5
55,Wisconsin,55035,Eau Claire,2014,2018,Asian/Pacific Islander (includes Hispanic),
55,Wisconsin,55035,Eau Claire,2014,2018,Black (includes Hispanic),
55,Wisconsin,55035,Eau Claire,2014,2018,Hispanic (all races),
55,Wisconsin,55035,Eau Claire,2014,2018,American Indian/Alaskan Native (includes Hispanic),
55,Wisconsin,55035,Eau Claire,2014,2018,White (includes Hispanic),5.4
55,Wisconsin,55035,Eau Claire,2015,2019,Asian/Pacific Islander (includes Hispanic),
55,Wisconsin,55035,Eau Claire,2015,2019,Black (includes Hispanic),
55,Wisconsin,55035,Eau Claire,2015,2019,Hispanic (all races),
55,Wisconsin,55035,Eau Claire,2015,2019,American Indian/Alaskan Native (includes Hispanic),
55,Wisconsin,55035,Eau Claire,2015,2019,White (includes Hispanic),4.7
55,Wisconsin,55035,Eau Claire,2016,2020,Asian/Pacific Islander (includes Hispanic),
55,Wisconsin,55035,Eau Claire,2016,2020,Black (includes Hispanic),
55,Wisconsin,55035,Eau Claire,2016,2020,Hispanic (all races),
55,Wisconsin,55035,Eau Claire,2016,2020,American Indian/Alaskan Native (includes Hispanic),
55,Wisconsin,55035,Eau Claire,2016,2020,White (includes Hispanic),3.9
55,Wisconsin,55037,Florence,2011,2015,Asian/Pacific Islander (includes Hispanic),
55,Wisconsin,55037,Florence,2011,2015,Black (includes Hispanic),
55,Wisconsin,55037,Florence,2011,2015,Hispanic (all races),
55,Wisconsin,55037,Florence,2011,2015,American Indian/Alaskan Native (includes Hispanic),
55,Wisconsin,55037,Florence,2011,2015,White (includes Hispanic),7.9
55,Wisconsin,55037,Florence,2012,2016,Asian/Pacific Islander (includes Hispanic),
55,Wisconsin,55037,Florence,2012,2016,Black (includes Hispanic),
55,Wisconsin,55037,Florence,2012,2016,Hispanic (all races),
55,Wisconsin,55037,Florence,2012,2016,American Indian/Alaskan Native (includes Hispanic),
55,Wisconsin,55037,Florence,2012,2016,White (includes Hispanic),9.9
55,Wisconsin,55037,Florence,2013,2017,Asian/Pacific Islander (includes Hispanic),
55,Wisconsin,55037,Florence,2013,2017,Black (includes Hispanic),
55,Wisconsin,55037,Florence,2013,2017,Hispanic (all races),
55,Wisconsin,55037,Florence,2013,2017,American Indian/Alaskan Native (includes Hispanic),
55,Wisconsin,55037,Florence,2013,2017,White (includes Hispanic),10.6
55,Wisconsin,55037,Florence,2014,2018,Asian/Pacific Islander (includes Hispanic),
55,Wisconsin,55037,Florence,2014,2018,Black (includes Hispanic),
55,Wisconsin,55037,Florence,2014,2018,Hispanic (all races),
55,Wisconsin,55037,Florence,2014,2018,American Indian/Alaskan Native (includes Hispanic),
55,Wisconsin,55037,Florence,2014,2018,White (includes Hispanic),10.3
55,Wisconsin,55037,Florence,2015,2019,Asian/Pacific Islander (includes Hispanic),
55,Wisconsin,55037,Florence,2015,2019,Black (includes Hispanic),
55,Wisconsin,55037,Florence,2015,2019,Hispanic (all races),
55,Wisconsin,55037,Florence,2015,2019,American Indian/Alaskan Native (includes Hispanic),
55,Wisconsin,55037,Florence,2015,2019,White (includes Hispanic),10.8
55,Wisconsin,55037,Florence,2016,2020,Asian/Pacific Islander (includes Hispanic),
55,Wisconsin,55037,Florence,2016,2020,Black (includes Hispanic),
55,Wisconsin,55037,Florence,2016,2020,Hispanic (all races),
55,Wisconsin,55037,Florence,2016,2020,American Indian/Alaskan Native (includes Hispanic),
55,Wisconsin,55037,Florence,2016,2020,White (includes Hispanic),8.4
55,Wisconsin,55039,Fond du Lac,2011,2015,Asian/Pacific Islander (includes Hispanic),
55,Wisconsin,55039,Fond du Lac,2011,2015,Black (includes Hispanic),
55,Wisconsin,55039,Fond du Lac,2011,2015,Hispanic (all races),
55,Wisconsin,55039,Fond du Lac,2011,2015,American Indian/Alaskan Native (includes Hispanic),
55,Wisconsin,55039,Fond du Lac,2011,2015,White (includes Hispanic),5.3
55,Wisconsin,55039,Fond du Lac,2012,2016,Asian/Pacific Islander (includes Hispanic),
55,Wisconsin,55039,Fond du Lac,2012,2016,Black (includes Hispanic),
55,Wisconsin,55039,Fond du Lac,2012,2016,Hispanic (all races),
55,Wisconsin,55039,Fond du Lac,2012,2016,American Indian/Alaskan Native (includes Hispanic),
55,Wisconsin,55039,Fond du Lac,2012,2016,White (includes Hispanic),5.5
55,Wisconsin,55039,Fond du Lac,2013,2017,Asian/Pacific Islander (includes Hispanic),
55,Wisconsin,55039,Fond du Lac,2013,2017,Black (includes Hispanic),
55,Wisconsin,55039,Fond du Lac,2013,2017,Hispanic (all races),
55,Wisconsin,55039,Fond du Lac,2013,2017,American Indian/Alaskan Native (includes Hispanic),
55,Wisconsin,55039,Fond du Lac,2013,2017,White (includes Hispanic),5.5
55,Wisconsin,55039,Fond du Lac,2014,2018,Asian/Pacific Islander (includes Hispanic),
55,Wisconsin,55039,Fond du Lac,2014,2018,Black (includes Hispanic),
55,Wisconsin,55039,Fond du Lac,2014,2018,Hispanic (all races),
55,Wisconsin,55039,Fond du Lac,2014,2018,American Indian/Alaskan Native (includes Hispanic),
55,Wisconsin,55039,Fond du Lac,2014,2018,White (includes Hispanic),5.3
55,Wisconsin,55039,Fond du Lac,2015,2019,Asian/Pacific Islander (includes Hispanic),
55,Wisconsin,55039,Fond du Lac,2015,2019,Black (includes Hispanic),
55,Wisconsin,55039,Fond du Lac,2015,2019,Hispanic (all races),
55,Wisconsin,55039,Fond du Lac,2015,2019,American Indian/Alaskan Native (includes Hispanic),
55,Wisconsin,55039,Fond du Lac,2015,2019,White (includes Hispanic),5.2
55,Wisconsin,55039,Fond du Lac,2016,2020,Asian/Pacific Islander (includes Hispanic),
55,Wisconsin,55039,Fond du Lac,2016,2020,Black (includes Hispanic),
55,Wisconsin,55039,Fond du Lac,2016,2020,Hispanic (all races),
55,Wisconsin,55039,Fond du Lac,2016,2020,American Indian/Alaskan Native (includes Hispanic),
55,Wisconsin,55039,Fond du Lac,2016,2020,White (includes Hispanic),5.0
55,Wisconsin,55041,Forest,2011,2015,Asian/Pacific Islander (includes Hispanic),
55,Wisconsin,55041,Forest,2011,2015,Black (includes Hispanic),
55,Wisconsin,55041,Forest,2011,2015,Hispanic (all races),
55,Wisconsin,55041,Forest,2011,2015,American Indian/Alaskan Native (includes Hispanic),
55,Wisconsin,55041,Forest,2011,2015,White (includes Hispanic),6.7
55,Wisconsin,55041,Forest,2012,2016,Asian/Pacific Islander (includes Hispanic),
55,Wisconsin,55041,Forest,2012,2016,Black (includes Hispanic),
55,Wisconsin,55041,Forest,2012,2016,Hispanic (all races),
55,Wisconsin,55041,Forest,2012,2016,American Indian/Alaskan Native (includes Hispanic),
55,Wisconsin,55041,Forest,2012,2016,White (includes Hispanic),8.2
55,Wisconsin,55041,Forest,2013,2017,Asian/Pacific Islander (includes Hispanic),
55,Wisconsin,55041,Forest,2013,2017,Black (includes Hispanic),
55,Wisconsin,55041,Forest,2013,2017,Hispanic (all races),
55,Wisconsin,55041,Forest,2013,2017,American Indian/Alaskan Native (includes Hispanic),
55,Wisconsin,55041,Forest,2013,2017,White (includes Hispanic),7.8
55,Wisconsin,55041,Forest,2014,2018,Asian/Pacific Islander (includes Hispanic),
55,Wisconsin,55041,Forest,2014,2018,Black (includes Hispanic),
55,Wisconsin,55041,Forest,2014,2018,Hispanic (all races),
55,Wisconsin,55041,Forest,2014,2018,American Indian/Alaskan Native (includes Hispanic),
55,Wisconsin,55041,Forest,2014,2018,White (includes Hispanic),8.5
55,Wisconsin,55041,Forest,2015,2019,Asian/Pacific Islander (includes Hispanic),
55,Wisconsin,55041,Forest,2015,2019,Black (includes Hispanic),
55,Wisconsin,55041,Forest,2015,2019,Hispanic (all races),
55,Wisconsin,55041,Forest,2015,2019,American Indian/Alaskan Native (includes Hispanic),
55,Wisconsin,55041,Forest,2015,2019,White (includes Hispanic),8.2
55,Wisconsin,55041,Forest,2016,2020,Asian/Pacific Islander (includes Hispanic),
55,Wisconsin,55041,Forest,2016,2020,Black (includes Hispanic),
55,Wisconsin,55041,Forest,2016,2020,Hispanic (all races),
55,Wisconsin,55041,Forest,2016,2020,American Indian/Alaskan Native (includes Hispanic),
55,Wisconsin,55041,Forest,2016,2020,White (includes Hispanic),7.9
55,Wisconsin,55043,Grant,2011,2015,Asian/Pacific Islander (includes Hispanic),
55,Wisconsin,55043,Grant,2011,2015,Black (includes Hispanic),
55,Wisconsin,55043,Grant,2011,2015,Hispanic (all races),
55,Wisconsin,55043,Grant,2011,2015,American Indian/Alaskan Native (includes Hispanic),
55,Wisconsin,55043,Grant,2011,2015,White (includes Hispanic),6.7
55,Wisconsin,55043,Grant,2012,2016,Asian/Pacific Islander (includes Hispanic),
55,Wisconsin,55043,Grant,2012,2016,Black (includes Hispanic),
55,Wisconsin,55043,Grant,2012,2016,Hispanic (all races),
55,Wisconsin,55043,Grant,2012,2016,American Indian/Alaskan Native (includes Hispanic),
55,Wisconsin,55043,Grant,2012,2016,White (includes Hispanic),6.3
55,Wisconsin,55043,Grant,2013,2017,Asian/Pacific Islander (includes Hispanic),
55,Wisconsin,55043,Grant,2013,2017,Black (includes Hispanic),
55,Wisconsin,55043,Grant,2013,2017,Hispanic (all races),
55,Wisconsin,55043,Grant,2013,2017,American Indian/Alaskan Native (includes Hispanic),
55,Wisconsin,55043,Grant,2013,2017,White (includes Hispanic),5.6
55,Wisconsin,55043,Grant,2014,2018,Asian/Pacific Islander (includes Hispanic),
55,Wisconsin,55043,Grant,2014,2018,Black (includes Hispanic),
55,Wisconsin,55043,Grant,2014,2018,Hispanic (all races),
55,Wisconsin,55043,Grant,2014,2018,American Indian/Alaskan Native (includes Hispanic),
55,Wisconsin,55043,Grant,2014,2018,White (includes Hispanic),5.1
55,Wisconsin,55043,Grant,2015,2019,Asian/Pacific Islander (includes Hispanic),
55,Wisconsin,55043,Grant,2015,2019,Black (includes Hispanic),
55,Wisconsin,55043,Grant,2015,2019,Hispanic (all races),
55,Wisconsin,55043,Grant,2015,2019,American Indian/Alaskan Native (includes Hispanic),
55,Wisconsin,55043,Grant,2015,2019,White (includes Hispanic),5.0
55,Wisconsin,55043,Grant,2016,2020,Asian/Pacific Islander (includes Hispanic),
55,Wisconsin,55043,Grant,2016,2020,Black (includes Hispanic),
55,Wisconsin,55043,Grant,2016,2020,Hispanic (all races),
55,Wisconsin,55043,Grant,2016,2020,American Indian/Alaskan Native (includes Hispanic),
55,Wisconsin,55043,Grant,2016,2020,White (includes Hispanic),4.6
55,Wisconsin,55045,Green,2011,2015,Asian/Pacific Islander (includes Hispanic),
55,Wisconsin,55045,Green,2011,2015,Black (includes Hispanic),
55,Wisconsin,55045,Green,2011,2015,Hispanic (all races),
55,Wisconsin,55045,Green,2011,2015,American Indian/Alaskan Native (includes Hispanic),
55,Wisconsin,55045,Green,2011,2015,White (includes Hispanic),7.5
55,Wisconsin,55045,Green,2012,2016,Asian/Pacific Islander (includes Hispanic),
55,Wisconsin,55045,Green,2012,2016,Black (includes Hispanic),
55,Wisconsin,55045,Green,2012,2016,Hispanic (all races),
55,Wisconsin,55045,Green,2012,2016,American Indian/Alaskan Native (includes Hispanic),
55,Wisconsin,55045,Green,2012,2016,White (includes Hispanic),8.4
55,Wisconsin,55045,Green,2013,2017,Asian/Pacific Islander (includes Hispanic),
55,Wisconsin,55045,Green,2013,2017,Black (includes Hispanic),
55,Wisconsin,55045,Green,2013,2017,Hispanic (all races),
55,Wisconsin,55045,Green,2013,2017,American Indian/Alaskan Native (includes Hispanic),
55,Wisconsin,55045,Green,2013,2017,White (includes Hispanic),8.0
55,Wisconsin,55045,Green,2014,2018,Asian/Pacific Islander (includes Hispanic),
55,Wisconsin,55045,Green,2014,2018,Black (includes Hispanic),9.8
55,Wisconsin,55045,Green,2014,2018,Hispanic (all races),
55,Wisconsin,55045,Green,2014,2018,American Indian/Alaskan Native (includes Hispanic),
55,Wisconsin,55045,Green,2014,2018,White (includes Hispanic),7.9
55,Wisconsin,55045,Green,2015,2019,Asian/Pacific Islander (includes Hispanic),
55,Wisconsin,55045,Green,2015,2019,Black (includes Hispanic),10.4
55,Wisconsin,55045,Green,2015,2019,Hispanic (all races),
55,Wisconsin,55045,Green,2015,2019,American Indian/Alaskan Native (includes Hispanic),
55,Wisconsin,55045,Green,2015,2019,White (includes Hispanic),7.5
55,Wisconsin,55045,Green,2016,2020,Asian/Pacific Islander (includes Hispanic),
55,Wisconsin,55045,Green,2016,2020,Black (includes Hispanic),9.9
55,Wisconsin,55045,Green,2016,2020,Hispanic (all races),
55,Wisconsin,55045,Green,2016,2020,American Indian/Alaskan Native (includes Hispanic),
55,Wisconsin,55045,Green,2016,2020,White (includes Hispanic),6.5
55,Wisconsin,55047,Green Lake,2011,2015,Asian/Pacific Islander (includes Hispanic),
55,Wisconsin,55047,Green Lake,2011,2015,Black (includes Hispanic),
55,Wisconsin,55047,Green Lake,2011,2015,Hispanic (all races),
55,Wisconsin,55047,Green Lake,2011,2015,American Indian/Alaskan Native (includes Hispanic),
55,Wisconsin,55047,Green Lake,2011,2015,White (includes Hispanic),5.6
55,Wisconsin,55047,Green Lake,2012,2016,Asian/Pacific Islander (includes Hispanic),
55,Wisconsin,55047,Green Lake,2012,2016,Black (includes Hispanic),
55,Wisconsin,55047,Green Lake,2012,2016,Hispanic (all races),
55,Wisconsin,55047,Green Lake,2012,2016,American Indian/Alaskan Native (includes Hispanic),
55,Wisconsin,55047,Green Lake,2012,2016,White (includes Hispanic),6.6
55,Wisconsin,55047,Green Lake,2013,2017,Asian/Pacific Islander (includes Hispanic),
55,Wisconsin,55047,Green Lake,2013,2017,Black (includes Hispanic),
55,Wisconsin,55047,Green Lake,2013,2017,Hispanic (all races),
55,Wisconsin,55047,Green Lake,2013,2017,American Indian/Alaskan Native (includes Hispanic),
55,Wisconsin,55047,Green Lake,2013,2017,White (includes Hispanic),6.7
55,Wisconsin,55047,Green Lake,2014,2018,Asian/Pacific Islander (includes Hispanic),
55,Wisconsin,55047,Green Lake,2014,2018,Black (includes Hispanic),
55,Wisconsin,55047,Green Lake,2014,2018,Hispanic (all races),
55,Wisconsin,55047,Green Lake,2014,2018,American Indian/Alaskan Native (includes Hispanic),
55,Wisconsin,55047,Green Lake,2014,2018,White (includes Hispanic),6.2
55,Wisconsin,55047,Green Lake,2015,2019,Asian/Pacific Islander (includes Hispanic),
55,Wisconsin,55047,Green Lake,2015,2019,Black (includes Hispanic),
55,Wisconsin,55047,Green Lake,2015,2019,Hispanic (all races),
55,Wisconsin,55047,Green Lake,2015,2019,American Indian/Alaskan Native (includes Hispanic),
55,Wisconsin,55047,Green Lake,2015,2019,White (includes Hispanic),6.3
55,Wisconsin,55047,Green Lake,2016,2020,Asian/Pacific Islander (includes Hispanic),
55,Wisconsin,55047,Green Lake,2016,2020,Black (includes Hispanic),
55,Wisconsin,55047,Green Lake,2016,2020,Hispanic (all races),
55,Wisconsin,55047,Green Lake,2016,2020,American Indian/Alaskan Native (includes Hispanic),
55,Wisconsin,55047,Green Lake,2016,2020,White (includes Hispanic),6.0
55,Wisconsin,55049,Iowa,2011,2015,Asian/Pacific Islander (includes Hispanic),
55,Wisconsin,55049,Iowa,2011,2015,Black (includes Hispanic),
55,Wisconsin,55049,Iowa,2011,2015,Hispanic (all races),
55,Wisconsin,55049,Iowa,2011,2015,American Indian/Alaskan Native (includes Hispanic),
55,Wisconsin,55049,Iowa,2011,2015,White (includes Hispanic),6.9
55,Wisconsin,55049,Iowa,2012,2016,Asian/Pacific Islander (includes Hispanic),
55,Wisconsin,55049,Iowa,2012,2016,Black (includes Hispanic),
55,Wisconsin,55049,Iowa,2012,2016,Hispanic (all races),
55,Wisconsin,55049,Iowa,2012,2016,American Indian/Alaskan Native (includes Hispanic),
55,Wisconsin,55049,Iowa,2012,2016,White (includes Hispanic),7.2
55,Wisconsin,55049,Iowa,2013,2017,Asian/Pacific Islander (includes Hispanic),
55,Wisconsin,55049,Iowa,2013,2017,Black (includes Hispanic),
55,Wisconsin,55049,Iowa,2013,2017,Hispanic (all races),
55,Wisconsin,55049,Iowa,2013,2017,American Indian/Alaskan Native (includes Hispanic),
55,Wisconsin,55049,Iowa,2013,2017,White (includes Hispanic),6.9
55,Wisconsin,55049,Iowa,2014,2018,Asian/Pacific Islander (includes Hispanic),
55,Wisconsin,55049,Iowa,2014,2018,Black (includes Hispanic),
55,Wisconsin,55049,Iowa,2014,2018,Hispanic (all races),
55,Wisconsin,55049,Iowa,2014,2018,American Indian/Alaskan Native (includes Hispanic),
55,Wisconsin,55049,Iowa,2014,2018,White (includes Hispanic),6.9
55,Wisconsin,55049,Iowa,2015,2019,Asian/Pacific Islander (includes Hispanic),
55,Wisconsin,55049,Iowa,2015,2019,Black (includes Hispanic),
55,Wisconsin,55049,Iowa,2015,2019,Hispanic (all races),
55,Wisconsin,55049,Iowa,2015,2019,American Indian/Alaskan Native (includes Hispanic),
55,Wisconsin,55049,Iowa,2015,2019,White (includes Hispanic),6.5
55,Wisconsin,55049,Iowa,2016,2020,Asian/Pacific Islander (includes Hispanic),
55,Wisconsin,55049,Iowa,2016,2020,Black (includes Hispanic),
55,Wisconsin,55049,Iowa,2016,2020,Hispanic (all races),
55,Wisconsin,55049,Iowa,2016,2020,American Indian/Alaskan Native (includes Hispanic),
55,Wisconsin,55049,Iowa,2016,2020,White (includes Hispanic),6.1
55,Wisconsin,55051,Iron,2011,2015,Asian/Pacific Islander (includes Hispanic),
55,Wisconsin,55051,Iron,2011,2015,Black (includes Hispanic),
55,Wisconsin,55051,Iron,2011,2015,Hispanic (all races),
55,Wisconsin,55051,Iron,2011,2015,American Indian/Alaskan Native (includes Hispanic),
55,Wisconsin,55051,Iron,2011,2015,White (includes Hispanic),
55,Wisconsin,55051,Iron,2012,2016,Asian/Pacific Islander (includes Hispanic),
55,Wisconsin,55051,Iron,2012,2016,Black (includes Hispanic),
55,Wisconsin,55051,Iron,2012,2016,Hispanic (all races),
55,Wisconsin,55051,Iron,2012,2016,American Indian/Alaskan Native (includes Hispanic),
55,Wisconsin,55051,Iron,2012,2016,White (includes Hispanic),
55,Wisconsin,55051,Iron,2013,2017,Asian/Pacific Islander (includes Hispanic),
55,Wisconsin,55051,Iron,2013,2017,Black (includes Hispanic),
55,Wisconsin,55051,Iron,2013,2017,Hispanic (all races),
55,Wisconsin,55051,Iron,2013,2017,American Indian/Alaskan Native (includes Hispanic),
55,Wisconsin,55051,Iron,2013,2017,White (includes Hispanic),
55,Wisconsin,55051,Iron,2014,2018,Asian/Pacific Islander (includes Hispanic),
55,Wisconsin,55051,Iron,2014,2018,Black (includes Hispanic),
55,Wisconsin,55051,Iron,2014,2018,Hispanic (all races),
55,Wisconsin,55051,Iron,2014,2018,American Indian/Alaskan Native (includes Hispanic),
55,Wisconsin,55051,Iron,2014,2018,White (includes Hispanic),
55,Wisconsin,55051,Iron,2015,2019,Asian/Pacific Islander (includes Hispanic),
55,Wisconsin,55051,Iron,2015,2019,Black (includes Hispanic),
55,Wisconsin,55051,Iron,2015,2019,Hispanic (all races),
55,Wisconsin,55051,Iron,2015,2019,American Indian/Alaskan Native (includes Hispanic),
55,Wisconsin,55051,Iron,2015,2019,White (includes Hispanic),
55,Wisconsin,55051,Iron,2016,2020,Asian/Pacific Islander (includes Hispanic),
55,Wisconsin,55051,Iron,2016,2020,Black (includes Hispanic),
55,Wisconsin,55051,Iron,2016,2020,Hispanic (all races),
55,Wisconsin,55051,Iron,2016,2020,American Indian/Alaskan Native (includes Hispanic),
55,Wisconsin,55051,Iron,2016,2020,White (includes Hispanic),
55,Wisconsin,55053,Jackson,2011,2015,Asian/Pacific Islander (includes Hispanic),
55,Wisconsin,55053,Jackson,2011,2015,Black (includes Hispanic),
55,Wisconsin,55053,Jackson,2011,2015,Hispanic (all races),
55,Wisconsin,55053,Jackson,2011,2015,American Indian/Alaskan Native (includes Hispanic),
55,Wisconsin,55053,Jackson,2011,2015,White (includes Hispanic),6.7
55,Wisconsin,55053,Jackson,2012,2016,Asian/Pacific Islander (includes Hispanic),
55,Wisconsin,55053,Jackson,2012,2016,Black (includes Hispanic),
55,Wisconsin,55053,Jackson,2012,2016,Hispanic (all races),
55,Wisconsin,55053,Jackson,2012,2016,American Indian/Alaskan Native (includes Hispanic),
55,Wisconsin,55053,Jackson,2012,2016,White (includes Hispanic),6.4
55,Wisconsin,55053,Jackson,2013,2017,Asian/Pacific Islander (includes Hispanic),
55,Wisconsin,55053,Jackson,2013,2017,Black (includes Hispanic),
55,Wisconsin,55053,Jackson,2013,2017,Hispanic (all races),
55,Wisconsin,55053,Jackson,2013,2017,American Indian/Alaskan Native (includes Hispanic),
55,Wisconsin,55053,Jackson,2013,2017,White (includes Hispanic),6.2
55,Wisconsin,55053,Jackson,2014,2018,Asian/Pacific Islander (includes Hispanic),
55,Wisconsin,55053,Jackson,2014,2018,Black (includes Hispanic),
55,Wisconsin,55053,Jackson,2014,2018,Hispanic (all races),
55,Wisconsin,55053,Jackson,2014,2018,American Indian/Alaskan Native (includes Hispanic),
55,Wisconsin,55053,Jackson,2014,2018,White (includes Hispanic),5.6
55,Wisconsin,55053,Jackson,2015,2019,Asian/Pacific Islander (includes Hispanic),
55,Wisconsin,55053,Jackson,2015,2019,Black (includes Hispanic),
55,Wisconsin,55053,Jackson,2015,2019,Hispanic (all races),
55,Wisconsin,55053,Jackson,2015,2019,American Indian/Alaskan Native (includes Hispanic),
55,Wisconsin,55053,Jackson,2015,2019,White (includes Hispanic),4.9
55,Wisconsin,55053,Jackson,2016,2020,Asian/Pacific Islander (includes Hispanic),
55,Wisconsin,55053,Jackson,2016,2020,Black (includes Hispanic),
55,Wisconsin,55053,Jackson,2016,2020,Hispanic (all races),
55,Wisconsin,55053,Jackson,2016,2020,American Indian/Alaskan Native (includes Hispanic),
55,Wisconsin,55053,Jackson,2016,2020,White (includes Hispanic),4.0
55,Wisconsin,55055,Jefferson,2011,2015,Asian/Pacific Islander (includes Hispanic),
55,Wisconsin,55055,Jefferson,2011,2015,Black (includes Hispanic),
55,Wisconsin,55055,Jefferson,2011,2015,Hispanic (all races),
55,Wisconsin,55055,Jefferson,2011,2015,American Indian/Alaskan Native (includes Hispanic),
55,Wisconsin,55055,Jefferson,2011,2015,White (includes Hispanic),5.4
55,Wisconsin,55055,Jefferson,2012,2016,Asian/Pacific Islander (includes Hispanic),
55,Wisconsin,55055,Jefferson,2012,2016,Black (includes Hispanic),
55,Wisconsin,55055,Jefferson,2012,2016,Hispanic (all races),
55,Wisconsin,55055,Jefferson,2012,2016,American Indian/Alaskan Native (includes Hispanic),
55,Wisconsin,55055,Jefferson,2012,2016,White (includes Hispanic),6.1
55,Wisconsin,55055,Jefferson,2013,2017,Asian/Pacific Islander (includes Hispanic),
55,Wisconsin,55055,Jefferson,2013,2017,Black (includes Hispanic),
55,Wisconsin,55055,Jefferson,2013,2017,Hispanic (all races),
55,Wisconsin,55055,Jefferson,2013,2017,American Indian/Alaskan Native (includes Hispanic),
55,Wisconsin,55055,Jefferson,2013,2017,White (includes Hispanic),6.3
55,Wisconsin,55055,Jefferson,2014,2018,Asian/Pacific Islander (includes Hispanic),
55,Wisconsin,55055,Jefferson,2014,2018,Black (includes Hispanic),
55,Wisconsin,55055,Jefferson,2014,2018,Hispanic (all races),
55,Wisconsin,55055,Jefferson,2014,2018,American Indian/Alaskan Native (includes Hispanic),
55,Wisconsin,55055,Jefferson,2014,2018,White (includes Hispanic),6.1
55,Wisconsin,55055,Jefferson,2015,2019,Asian/Pacific Islander (includes Hispanic),
55,Wisconsin,55055,Jefferson,2015,2019,Black (includes Hispanic),
55,Wisconsin,55055,Jefferson,2015,2019,Hispanic (all races),
55,Wisconsin,55055,Jefferson,2015,2019,American Indian/Alaskan Native (includes Hispanic),
55,Wisconsin,55055,Jefferson,2015,2019,White (includes Hispanic),6.3
55,Wisconsin,55055,Jefferson,2016,2020,Asian/Pacific Islander (includes Hispanic),
55,Wisconsin,55055,Jefferson,2016,2020,Black (includes Hispanic),
55,Wisconsin,55055,Jefferson,2016,2020,Hispanic (all races),
55,Wisconsin,55055,Jefferson,2016,2020,American Indian/Alaskan Native (includes Hispanic),
55,Wisconsin,55055,Jefferson,2016,2020,White (includes Hispanic),6.0
55,Wisconsin,55057,Juneau,2011,2015,Asian/Pacific Islander (includes Hispanic),
55,Wisconsin,55057,Juneau,2011,2015,Black (includes Hispanic),
55,Wisconsin,55057,Juneau,2011,2015,Hispanic (all races),
55,Wisconsin,55057,Juneau,2011,2015,American Indian/Alaskan Native (includes Hispanic),
55,Wisconsin,55057,Juneau,2011,2015,White (includes Hispanic),6.9
55,Wisconsin,55057,Juneau,2012,2016,Asian/Pacific Islander (includes Hispanic),
55,Wisconsin,55057,Juneau,2012,2016,Black (includes Hispanic),
55,Wisconsin,55057,Juneau,2012,2016,Hispanic (all races),
55,Wisconsin,55057,Juneau,2012,2016,American Indian/Alaskan Native (includes Hispanic),
55,Wisconsin,55057,Juneau,2012,2016,White (includes Hispanic),7.4
55,Wisconsin,55057,Juneau,2013,2017,Asian/Pacific Islander (includes Hispanic),
55,Wisconsin,55057,Juneau,2013,2017,Black (includes Hispanic),
55,Wisconsin,55057,Juneau,2013,2017,Hispanic (all races),
55,Wisconsin,55057,Juneau,2013,2017,American Indian/Alaskan Native (includes Hispanic),
55,Wisconsin,55057,Juneau,2013,2017,White (includes Hispanic),7.2
55,Wisconsin,55057,Juneau,2014,2018,Asian/Pacific Islander (includes Hispanic),
55,Wisconsin,55057,Juneau,2014,2018,Black (includes Hispanic),
55,Wisconsin,55057,Juneau,2014,2018,Hispanic (all races),
55,Wisconsin,55057,Juneau,2014,2018,American Indian/Alaskan Native (includes Hispanic),
55,Wisconsin,55057,Juneau,2014,2018,White (includes Hispanic),7.2
55,Wisconsin,55057,Juneau,2015,2019,Asian/Pacific Islander (includes Hispanic),
55,Wisconsin,55057,Juneau,2015,2019,Black (includes Hispanic),
55,Wisconsin,55057,Juneau,2015,2019,Hispanic (all races),
55,Wisconsin,55057,Juneau,2015,2019,American Indian/Alaskan Native (includes Hispanic),
55,Wisconsin,55057,Juneau,2015,2019,White (includes Hispanic),6.2
55,Wisconsin,55057,Juneau,2016,2020,Asian/Pacific Islander (includes Hispanic),
55,Wisconsin,55057,Juneau,2016,2020,Black (includes Hispanic),
55,Wisconsin,55057,Juneau,2016,2020,Hispanic (all races),
55,Wisconsin,55057,Juneau,2016,2020,American Indian/Alaskan Native (includes Hispanic),
55,Wisconsin,55057,Juneau,2016,2020,White (includes Hispanic),6.2
55,Wisconsin,55059,Kenosha,2011,2015,Asian/Pacific Islander (includes Hispanic),
55,Wisconsin,55059,Kenosha,2011,2015,Black (includes Hispanic),10.4
55,Wisconsin,55059,Kenosha,2011,2015,Hispanic (all races),
55,Wisconsin,55059,Kenosha,2011,2015,American Indian/Alaskan Native (includes Hispanic),
55,Wisconsin,55059,Kenosha,2011,2015,White (includes Hispanic),5.4
55,Wisconsin,55059,Kenosha,2012,2016,Asian/Pacific Islander (includes Hispanic),
55,Wisconsin,55059,Kenosha,2012,2016,Black (includes Hispanic),10.7
55,Wisconsin,55059,Kenosha,2012,2016,Hispanic (all races),
55,Wisconsin,55059,Kenosha,2012,2016,American Indian/Alaskan Native (includes Hispanic),
55,Wisconsin,55059,Kenosha,2012,2016,White (includes Hispanic),5.5
55,Wisconsin,55059,Kenosha,2013,2017,Asian/Pacific Islander (includes Hispanic),
55,Wisconsin,55059,Kenosha,2013,2017,Black (includes Hispanic),10.7
55,Wisconsin,55059,Kenosha,2013,2017,Hispanic (all races),
55,Wisconsin,55059,Kenosha,2013,2017,American Indian/Alaskan Native (includes Hispanic),
55,Wisconsin,55059,Kenosha,2013,2017,White (includes Hispanic),5.7
55,Wisconsin,55059,Kenosha,2014,2018,Asian/Pacific Islander (includes Hispanic),
55,Wisconsin,55059,Kenosha,2014,2018,Black (includes Hispanic),10.0
55,Wisconsin,55059,Kenosha,2014,2018,Hispanic (all races),
55,Wisconsin,55059,Kenosha,2014,2018,American Indian/Alaskan Native (includes Hispanic),
55,Wisconsin,55059,Kenosha,2014,2018,White (includes Hispanic),5.9
55,Wisconsin,55059,Kenosha,2015,2019,Asian/Pacific Islander (includes Hispanic),
55,Wisconsin,55059,Kenosha,2015,2019,Black (includes Hispanic),
55,Wisconsin,55059,Kenosha,2015,2019,Hispanic (all races),
55,Wisconsin,55059,Kenosha,2015,2019,American Indian/Alaskan Native (includes Hispanic),
55,Wisconsin,55059,Kenosha,2015,2019,White (includes Hispanic),6.0
55,Wisconsin,55059,Kenosha,2016,2020,Asian/Pacific Islander (includes Hispanic),
55,Wisconsin,55059,Kenosha,2016,2020,Black (includes Hispanic),
55,Wisconsin,55059,Kenosha,2016,2020,Hispanic (all races),
55,Wisconsin,55059,Kenosha,2016,2020,American Indian/Alaskan Native (includes Hispanic),
55,Wisconsin,55059,Kenosha,2016,2020,White (includes Hispanic),6.4
55,Wisconsin,55061,Kewaunee,2011,2015,Asian/Pacific Islander (includes Hispanic),
55,Wisconsin,55061,Kewaunee,2011,2015,Black (includes Hispanic),
55,Wisconsin,55061,Kewaunee,2011,2015,Hispanic (all races),
55,Wisconsin,55061,Kewaunee,2011,2015,American Indian/Alaskan Native (includes Hispanic),
55,Wisconsin,55061,Kewaunee,2011,2015,White (includes Hispanic),6.6
55,Wisconsin,55061,Kewaunee,2012,2016,Asian/Pacific Islander (includes Hispanic),
55,Wisconsin,55061,Kewaunee,2012,2016,Black (includes Hispanic),
55,Wisconsin,55061,Kewaunee,2012,2016,Hispanic (all races),
55,Wisconsin,55061,Kewaunee,2012,2016,American Indian/Alaskan Native (includes Hispanic),
55,Wisconsin,55061,Kewaunee,2012,2016,White (includes Hispanic),7.2
55,Wisconsin,55061,Kewaunee,2013,2017,Asian/Pacific Islander (includes Hispanic),
55,Wisconsin,55061,Kewaunee,2013,2017,Black (includes Hispanic),
55,Wisconsin,55061,Kewaunee,2013,2017,Hispanic (all races),
55,Wisconsin,55061,Kewaunee,2013,2017,American Indian/Alaskan Native (includes Hispanic),
55,Wisconsin,55061,Kewaunee,2013,2017,White (includes Hispanic),6.7
55,Wisconsin,55061,Kewaunee,2014,2018,Asian/Pacific Islander (includes Hispanic),
55,Wisconsin,55061,Kewaunee,2014,2018,Black (includes Hispanic),
55,Wisconsin,55061,Kewaunee,2014,2018,Hispanic (all races),
55,Wisconsin,55061,Kewaunee,2014,2018,American Indian/Alaskan Native (includes Hispanic),
55,Wisconsin,55061,Kewaunee,2014,2018,White (includes Hispanic),7.3
55,Wisconsin,55061,Kewaunee,2015,2019,Asian/Pacific Islander (includes Hispanic),
55,Wisconsin,55061,Kewaunee,2015,2019,Black (includes Hispanic),
55,Wisconsin,55061,Kewaunee,2015,2019,Hispanic (all races),
55,Wisconsin,55061,Kewaunee,2015,2019,American Indian/Alaskan Native (includes Hispanic),
55,Wisconsin,55061,Kewaunee,2015,2019,White (includes Hispanic),6.7
55,Wisconsin,55061,Kewaunee,2016,2020,Asian/Pacific Islander (includes Hispanic),
55,Wisconsin,55061,Kewaunee,2016,2020,Black (includes Hispanic),
55,Wisconsin,55061,Kewaunee,2016,2020,Hispanic (all races),
55,Wisconsin,55061,Kewaunee,2016,2020,American Indian/Alaskan Native (includes Hispanic),
55,Wisconsin,55061,Kewaunee,2016,2020,White (includes Hispanic),5.9
55,Wisconsin,55063,La Crosse,2011,2015,Asian/Pacific Islander (includes Hispanic),
55,Wisconsin,55063,La Crosse,2011,2015,Black (includes Hispanic),
55,Wisconsin,55063,La Crosse,2011,2015,Hispanic (all races),
55,Wisconsin,55063,La Crosse,2011,2015,American Indian/Alaskan Native (includes Hispanic),
55,Wisconsin,55063,La Crosse,2011,2015,White (includes Hispanic),6.6
55,Wisconsin,55063,La Crosse,2012,2016,Asian/Pacific Islander (includes Hispanic),
55,Wisconsin,55063,La Crosse,2012,2016,Black (includes Hispanic),
55,Wisconsin,55063,La Crosse,2012,2016,Hispanic (all races),
55,Wisconsin,55063,La Crosse,2012,2016,American Indian/Alaskan Native (includes Hispanic),
55,Wisconsin,55063,La Crosse,2012,2016,White (includes Hispanic),6.6
55,Wisconsin,55063,La Crosse,2013,2017,Asian/Pacific Islander (includes Hispanic),
55,Wisconsin,55063,La Crosse,2013,2017,Black (includes Hispanic),
55,Wisconsin,55063,La Crosse,2013,2017,Hispanic (all races),
55,Wisconsin,55063,La Crosse,2013,2017,American Indian/Alaskan Native (includes Hispanic),
55,Wisconsin,55063,La Crosse,2013,2017,White (includes Hispanic),6.5
55,Wisconsin,55063,La Crosse,2014,2018,Asian/Pacific Islander (includes Hispanic),
55,Wisconsin,55063,La Crosse,2014,2018,Black (includes Hispanic),
55,Wisconsin,55063,La Crosse,2014,2018,Hispanic (all races),
55,Wisconsin,55063,La Crosse,2014,2018,American Indian/Alaskan Native (includes Hispanic),
55,Wisconsin,55063,La Crosse,2014,2018,White (includes Hispanic),5.2
55,Wisconsin,55063,La Crosse,2015,2019,Asian/Pacific Islander (includes Hispanic),
55,Wisconsin,55063,La Crosse,2015,2019,Black (includes Hispanic),
55,Wisconsin,55063,La Crosse,2015,2019,Hispanic (all races),
55,Wisconsin,55063,La Crosse,2015,2019,American Indian/Alaskan Native (includes Hispanic),
55,Wisconsin,55063,La Crosse,2015,2019,White (includes Hispanic),5.2
55,Wisconsin,55063,La Crosse,2016,2020,Asian/Pacific Islander (includes Hispanic),
55,Wisconsin,55063,La Crosse,2016,2020,Black (includes Hispanic),
55,Wisconsin,55063,La Crosse,2016,2020,Hispanic (all races),
55,Wisconsin,55063,La Crosse,2016,2020,American Indian/Alaskan Native (includes Hispanic),
55,Wisconsin,55063,La Crosse,2016,2020,White (includes Hispanic),4.4
55,Wisconsin,55065,Lafayette,2011,2015,Asian/Pacific Islander (includes Hispanic),
55,Wisconsin,55065,Lafayette,2011,2015,Black (includes Hispanic),
55,Wisconsin,55065,Lafayette,2011,2015,Hispanic (all races),
55,Wisconsin,55065,Lafayette,2011,2015,American Indian/Alaskan Native (includes Hispanic),
55,Wisconsin,55065,Lafayette,2011,2015,White (includes Hispanic),9.9
55,Wisconsin,55065,Lafayette,2012,2016,Asian/Pacific Islander (includes Hispanic),
55,Wisconsin,55065,Lafayette,2012,2016,Black (includes Hispanic),
55,Wisconsin,55065,Lafayette,2012,2016,Hispanic (all races),
55,Wisconsin,55065,Lafayette,2012,2016,American Indian/Alaskan Native (includes Hispanic),
55,Wisconsin,55065,Lafayette,2012,2016,White (includes Hispanic),9.0
55,Wisconsin,55065,Lafayette,2013,2017,Asian/Pacific Islander (includes Hispanic),
55,Wisconsin,55065,Lafayette,2013,2017,Black (includes Hispanic),
55,Wisconsin,55065,Lafayette,2013,2017,Hispanic (all races),
55,Wisconsin,55065,Lafayette,2013,2017,American Indian/Alaskan Native (includes Hispanic),
55,Wisconsin,55065,Lafayette,2013,2017,White (includes Hispanic),8.8
55,Wisconsin,55065,Lafayette,2014,2018,Asian/Pacific Islander (includes Hispanic),
55,Wisconsin,55065,Lafayette,2014,2018,Black (includes Hispanic),
55,Wisconsin,55065,Lafayette,2014,2018,Hispanic (all races),
55,Wisconsin,55065,Lafayette,2014,2018,American Indian/Alaskan Native (includes Hispanic),
55,Wisconsin,55065,Lafayette,2014,2018,White (includes Hispanic),8.0
55,Wisconsin,55065,Lafayette,2015,2019,Asian/Pacific Islander (includes Hispanic),
55,Wisconsin,55065,Lafayette,2015,2019,Black (includes Hispanic),
55,Wisconsin,55065,Lafayette,2015,2019,Hispanic (all races),
55,Wisconsin,55065,Lafayette,2015,2019,American Indian/Alaskan Native (includes Hispanic),
55,Wisconsin,55065,Lafayette,2015,2019,White (includes Hispanic),6.8
55,Wisconsin,55065,Lafayette,2016,2020,Asian/Pacific Islander (includes Hispanic),
55,Wisconsin,55065,Lafayette,2016,2020,Black (includes Hispanic),
55,Wisconsin,55065,Lafayette,2016,2020,Hispanic (all races),
55,Wisconsin,55065,Lafayette,2016,2020,American Indian/Alaskan Native (includes Hispanic),
55,Wisconsin,55065,Lafayette,2016,2020,White (includes Hispanic),5.7
55,Wisconsin,55067,Langlade,2011,2015,Asian/Pacific Islander (includes Hispanic),
55,Wisconsin,55067,Langlade,2011,2015,Black (includes Hispanic),
55,Wisconsin,55067,Langlade,2011,2015,Hispanic (all races),
55,Wisconsin,55067,Langlade,2011,2015,American Indian/Alaskan Native (includes Hispanic),
55,Wisconsin,55067,Langlade,2011,2015,White (includes Hispanic),4.0
55,Wisconsin,55067,Langlade,2012,2016,Asian/Pacific Islander (includes Hispanic),
55,Wisconsin,55067,Langlade,2012,2016,Black (includes Hispanic),
55,Wisconsin,55067,Langlade,2012,2016,Hispanic (all races),
55,Wisconsin,55067,Langlade,2012,2016,American Indian/Alaskan Native (includes Hispanic),
55,Wisconsin,55067,Langlade,2012,2016,White (includes Hispanic),4.6
55,Wisconsin,55067,Langlade,2013,2017,Asian/Pacific Islander (includes Hispanic),
55,Wisconsin,55067,Langlade,2013,2017,Black (includes Hispanic),
55,Wisconsin,55067,Langlade,2013,2017,Hispanic (all races),
55,Wisconsin,55067,Langlade,2013,2017,American Indian/Alaskan Native (includes Hispanic),
55,Wisconsin,55067,Langlade,2013,2017,White (includes Hispanic),4.3
55,Wisconsin,55067,Langlade,2014,2018,Asian/Pacific Islander (includes Hispanic),
55,Wisconsin,55067,Langlade,2014,2018,Black (includes Hispanic),
55,Wisconsin,55067,Langlade,2014,2018,Hispanic (all races),
55,Wisconsin,55067,Langlade,2014,2018,American Indian/Alaskan Native (includes Hispanic),
55,Wisconsin,55067,Langlade,2014,2018,White (includes Hispanic),4.6
55,Wisconsin,55067,Langlade,2015,2019,Asian/Pacific Islander (includes Hispanic),
55,Wisconsin,55067,Langlade,2015,2019,Black (includes Hispanic),
55,Wisconsin,55067,Langlade,2015,2019,Hispanic (all races),
55,Wisconsin,55067,Langlade,2015,2019,American Indian/Alaskan Native (includes Hispanic),
55,Wisconsin,55067,Langlade,2015,2019,White (includes Hispanic),5.1
55,Wisconsin,55067,Langlade,2016,2020,Asian/Pacific Islander (includes Hispanic),
55,Wisconsin,55067,Langlade,2016,2020,Black (includes Hispanic),
55,Wisconsin,55067,Langlade,2016,2020,Hispanic (all races),
55,Wisconsin,55067,Langlade,2016,2020,American Indian/Alaskan Native (includes Hispanic),
55,Wisconsin,55067,Langlade,2016,2020,White (includes Hispanic),5.7
55,Wisconsin,55069,Lincoln,2011,2015,Asian/Pacific Islander (includes Hispanic),
55,Wisconsin,55069,Lincoln,2011,2015,Black (includes Hispanic),
55,Wisconsin,55069,Lincoln,2011,2015,Hispanic (all races),
55,Wisconsin,55069,Lincoln,2011,2015,American Indian/Alaskan Native (includes Hispanic),
55,Wisconsin,55069,Lincoln,2011,2015,White (includes Hispanic),3.3
55,Wisconsin,55069,Lincoln,2012,2016,Asian/Pacific Islander (includes Hispanic),
55,Wisconsin,55069,Lincoln,2012,2016,Black (includes Hispanic),
55,Wisconsin,55069,Lincoln,2012,2016,Hispanic (all races),
55,Wisconsin,55069,Lincoln,2012,2016,American Indian/Alaskan Native (includes Hispanic),
55,Wisconsin,55069,Lincoln,2012,2016,White (includes Hispanic),4.3
55,Wisconsin,55069,Lincoln,2013,2017,Asian/Pacific Islander (includes Hispanic),
55,Wisconsin,55069,Lincoln,2013,2017,Black (includes Hispanic),
55,Wisconsin,55069,Lincoln,2013,2017,Hispanic (all races),
55,Wisconsin,55069,Lincoln,2013,2017,American Indian/Alaskan Native (includes Hispanic),
55,Wisconsin,55069,Lincoln,2013,2017,White (includes Hispanic),4.3
55,Wisconsin,55069,Lincoln,2014,2018,Asian/Pacific Islander (includes Hispanic),
55,Wisconsin,55069,Lincoln,2014,2018,Black (includes Hispanic),
55,Wisconsin,55069,Lincoln,2014,2018,Hispanic (all races),
55,Wisconsin,55069,Lincoln,2014,2018,American Indian/Alaskan Native (includes Hispanic),
55,Wisconsin,55069,Lincoln,2014,2018,White (includes Hispanic),5.1
55,Wisconsin,55069,Lincoln,2015,2019,Asian/Pacific Islander (includes Hispanic),
55,Wisconsin,55069,Lincoln,2015,2019,Black (includes Hispanic),
55,Wisconsin,55069,Lincoln,2015,2019,Hispanic (all races),
55,Wisconsin,55069,Lincoln,2015,2019,American Indian/Alaskan Native (includes Hispanic),
55,Wisconsin,55069,Lincoln,2015,2019,White (includes Hispanic),5.5
55,Wisconsin,55069,Lincoln,2016,2020,Asian/Pacific Islander (includes Hispanic),
55,Wisconsin,55069,Lincoln,2016,2020,Black (includes Hispanic),
55,Wisconsin,55069,Lincoln,2016,2020,Hispanic (all races),
55,Wisconsin,55069,Lincoln,2016,2020,American Indian/Alaskan Native (includes Hispanic),
55,Wisconsin,55069,Lincoln,2016,2020,White (includes Hispanic),6.0
55,Wisconsin,55071,Manitowoc,2011,2015,Asian/Pacific Islander (includes Hispanic),
55,Wisconsin,55071,Manitowoc,2011,2015,Black (includes Hispanic),
55,Wisconsin,55071,Manitowoc,2011,2015,Hispanic (all races),
55,Wisconsin,55071,Manitowoc,2011,2015,American Indian/Alaskan Native (includes Hispanic),
55,Wisconsin,55071,Manitowoc,2011,2015,White (includes Hispanic),6.4
55,Wisconsin,55071,Manitowoc,2012,2016,Asian/Pacific Islander (includes Hispanic),
55,Wisconsin,55071,Manitowoc,2012,2016,Black (includes Hispanic),
55,Wisconsin,55071,Manitowoc,2012,2016,Hispanic (all races),
55,Wisconsin,55071,Manitowoc,2012,2016,American Indian/Alaskan Native (includes Hispanic),
55,Wisconsin,55071,Manitowoc,2012,2016,White (includes Hispanic),6.6
55,Wisconsin,55071,Manitowoc,2013,2017,Asian/Pacific Islander (includes Hispanic),
55,Wisconsin,55071,Manitowoc,2013,2017,Black (includes Hispanic),
55,Wisconsin,55071,Manitowoc,2013,2017,Hispanic (all races),
55,Wisconsin,55071,Manitowoc,2013,2017,American Indian/Alaskan Native (includes Hispanic),
55,Wisconsin,55071,Manitowoc,2013,2017,White (includes Hispanic),6.5
55,Wisconsin,55071,Manitowoc,2014,2018,Asian/Pacific Islander (includes Hispanic),
55,Wisconsin,55071,Manitowoc,2014,2018,Black (includes Hispanic),
55,Wisconsin,55071,Manitowoc,2014,2018,Hispanic (all races),
55,Wisconsin,55071,Manitowoc,2014,2018,American Indian/Alaskan Native (includes Hispanic),
55,Wisconsin,55071,Manitowoc,2014,2018,White (includes Hispanic),6.9
55,Wisconsin,55071,Manitowoc,2015,2019,Asian/Pacific Islander (includes Hispanic),
55,Wisconsin,55071,Manitowoc,2015,2019,Black (includes Hispanic),
55,Wisconsin,55071,Manitowoc,2015,2019,Hispanic (all races),
55,Wisconsin,55071,Manitowoc,2015,2019,American Indian/Alaskan Native (includes Hispanic),
55,Wisconsin,55071,Manitowoc,2015,2019,White (includes Hispanic),6.6
55,Wisconsin,55071,Manitowoc,2016,2020,Asian/Pacific Islander (includes Hispanic),
55,Wisconsin,55071,Manitowoc,2016,2020,Black (includes Hispanic),
55,Wisconsin,55071,Manitowoc,2016,2020,Hispanic (all races),
55,Wisconsin,55071,Manitowoc,2016,2020,American Indian/Alaskan Native (includes Hispanic),
55,Wisconsin,55071,Manitowoc,2016,2020,White (includes Hispanic),5.7
55,Wisconsin,55073,Marathon,2011,2015,Asian/Pacific Islander (includes Hispanic),
55,Wisconsin,55073,Marathon,2011,2015,Black (includes Hispanic),
55,Wisconsin,55073,Marathon,2011,2015,Hispanic (all races),
55,Wisconsin,55073,Marathon,2011,2015,American Indian/Alaskan Native (includes Hispanic),
55,Wisconsin,55073,Marathon,2011,2015,White (includes Hispanic),4.7
55,Wisconsin,55073,Marathon,2012,2016,Asian/Pacific Islander (includes Hispanic),
55,Wisconsin,55073,Marathon,2012,2016,Black (includes Hispanic),
55,Wisconsin,55073,Marathon,2012,2016,Hispanic (all races),
55,Wisconsin,55073,Marathon,2012,2016,American Indian/Alaskan Native (includes Hispanic),
55,Wisconsin,55073,Marathon,2012,2016,White (includes Hispanic),5.0
55,Wisconsin,55073,Marathon,2013,2017,Asian/Pacific Islander (includes Hispanic),
55,Wisconsin,55073,Marathon,2013,2017,Black (includes Hispanic),
55,Wisconsin,55073,Marathon,2013,2017,Hispanic (all races),
55,Wisconsin,55073,Marathon,2013,2017,American Indian/Alaskan Native (includes Hispanic),
55,Wisconsin,55073,Marathon,2013,2017,White (includes Hispanic),4.9
55,Wisconsin,55073,Marathon,2014,2018,Asian/Pacific Islander (includes Hispanic),
55,Wisconsin,55073,Marathon,2014,2018,Black (includes Hispanic),
55,Wisconsin,55073,Marathon,2014,2018,Hispanic (all races),
55,Wisconsin,55073,Marathon,2014,2018,American Indian/Alaskan Native (includes Hispanic),
55,Wisconsin,55073,Marathon,2014,2018,White (includes Hispanic),5.4
55,Wisconsin,55073,Marathon,2015,2019,Asian/Pacific Islander (includes Hispanic),
55,Wisconsin,55073,Marathon,2015,2019,Black (includes Hispanic),
55,Wisconsin,55073,Marathon,2015,2019,Hispanic (all races),
55,Wisconsin,55073,Marathon,2015,2019,American Indian/Alaskan Native (includes Hispanic),
55,Wisconsin,55073,Marathon,2015,2019,White (includes Hispanic),5.6
55,Wisconsin,55073,Marathon,2016,2020,Asian/Pacific Islander (includes Hispanic),
55,Wisconsin,55073,Marathon,2016,2020,Black (includes Hispanic),
55,Wisconsin,55073,Marathon,2016,2020,Hispanic (all races),
55,Wisconsin,55073,Marathon,2016,2020,American Indian/Alaskan Native (includes Hispanic),
55,Wisconsin,55073,Marathon,2016,2020,White (includes Hispanic),5.8
55,Wisconsin,55075,Marinette,2011,2015,Asian/Pacific Islander (includes Hispanic),
55,Wisconsin,55075,Marinette,2011,2015,Black (includes Hispanic),
55,Wisconsin,55075,Marinette,2011,2015,Hispanic (all races),
55,Wisconsin,55075,Marinette,2011,2015,American Indian/Alaskan Native (includes Hispanic),
55,Wisconsin,55075,Marinette,2011,2015,White (includes Hispanic),7.4
55,Wisconsin,55075,Marinette,2012,2016,Asian/Pacific Islander (includes Hispanic),
55,Wisconsin,55075,Marinette,2012,2016,Black (includes Hispanic),
55,Wisconsin,55075,Marinette,2012,2016,Hispanic (all races),
55,Wisconsin,55075,Marinette,2012,2016,American Indian/Alaskan Native (includes Hispanic),
55,Wisconsin,55075,Marinette,2012,2016,White (includes Hispanic),8.7
55,Wisconsin,55075,Marinette,2013,2017,Asian/Pacific Islander (includes Hispanic),
55,Wisconsin,55075,Marinette,2013,2017,Black (includes Hispanic),
55,Wisconsin,55075,Marinette,2013,2017,Hispanic (all races),
55,Wisconsin,55075,Marinette,2013,2017,American Indian/Alaskan Native (includes Hispanic),
55,Wisconsin,55075,Marinette,2013,2017,White (includes Hispanic),8.7
55,Wisconsin,55075,Marinette,2014,2018,Asian/Pacific Islander (includes Hispanic),
55,Wisconsin,55075,Marinette,2014,2018,Black (includes Hispanic),
55,Wisconsin,55075,Marinette,2014,2018,Hispanic (all races),
55,Wisconsin,55075,Marinette,2014,2018,American Indian/Alaskan Native (includes Hispanic),
55,Wisconsin,55075,Marinette,2014,2018,White (includes Hispanic),9.6
55,Wisconsin,55075,Marinette,2015,2019,Asian/Pacific Islander (includes Hispanic),
55,Wisconsin,55075,Marinette,2015,2019,Black (includes Hispanic),
55,Wisconsin,55075,Marinette,2015,2019,Hispanic (all races),
55,Wisconsin,55075,Marinette,2015,2019,American Indian/Alaskan Native (includes Hispanic),
55,Wisconsin,55075,Marinette,2015,2019,White (includes Hispanic),9.2
55,Wisconsin,55075,Marinette,2016,2020,Asian/Pacific Islander (includes Hispanic),
55,Wisconsin,55075,Marinette,2016,2020,Black (includes Hispanic),
55,Wisconsin,55075,Marinette,2016,2020,Hispanic (all races),
55,Wisconsin,55075,Marinette,2016,2020,American Indian/Alaskan Native (includes Hispanic),
55,Wisconsin,55075,Marinette,2016,2020,White (includes Hispanic),8.4
55,Wisconsin,55077,Marquette,2011,2015,Asian/Pacific Islander (includes Hispanic),
55,Wisconsin,55077,Marquette,2011,2015,Black (includes Hispanic),
55,Wisconsin,55077,Marquette,2011,2015,Hispanic (all races),
55,Wisconsin,55077,Marquette,2011,2015,American Indian/Alaskan Native (includes Hispanic),
55,Wisconsin,55077,Marquette,2011,2015,White (includes Hispanic),5.7
55,Wisconsin,55077,Marquette,2012,2016,Asian/Pacific Islander (includes Hispanic),
55,Wisconsin,55077,Marquette,2012,2016,Black (includes Hispanic),
55,Wisconsin,55077,Marquette,2012,2016,Hispanic (all races),
55,Wisconsin,55077,Marquette,2012,2016,American Indian/Alaskan Native (includes Hispanic),
55,Wisconsin,55077,Marquette,2012,2016,White (includes Hispanic),8.0
55,Wisconsin,55077,Marquette,2013,2017,Asian/Pacific Islander (includes Hispanic),
55,Wisconsin,55077,Marquette,2013,2017,Black (includes Hispanic),
55,Wisconsin,55077,Marquette,2013,2017,Hispanic (all races),
55,Wisconsin,55077,Marquette,2013,2017,American Indian/Alaskan Native (includes Hispanic),
55,Wisconsin,55077,Marquette,2013,2017,White (includes Hispanic),8.2
55,Wisconsin,55077,Marquette,2014,2018,Asian/Pacific Islander (includes Hispanic),
55,Wisconsin,55077,Marquette,2014,2018,Black (includes Hispanic),
55,Wisconsin,55077,Marquette,2014,2018,Hispanic (all races),
55,Wisconsin,55077,Marquette,2014,2018,American Indian/Alaskan Native (includes Hispanic),
55,Wisconsin,55077,Marquette,2014,2018,White (includes Hispanic),7.8
55,Wisconsin,55077,Marquette,2015,2019,Asian/Pacific Islander (includes Hispanic),
55,Wisconsin,55077,Marquette,2015,2019,Black (includes Hispanic),
55,Wisconsin,55077,Marquette,2015,2019,Hispanic (all races),
55,Wisconsin,55077,Marquette,2015,2019,American Indian/Alaskan Native (includes Hispanic),
55,Wisconsin,55077,Marquette,2015,2019,White (includes Hispanic),8.6
55,Wisconsin,55077,Marquette,2016,2020,Asian/Pacific Islander (includes Hispanic),
55,Wisconsin,55077,Marquette,2016,2020,Black (includes Hispanic),
55,Wisconsin,55077,Marquette,2016,2020,Hispanic (all races),
55,Wisconsin,55077,Marquette,2016,2020,American Indian/Alaskan Native (includes Hispanic),
55,Wisconsin,55077,Marquette,2016,2020,White (includes Hispanic),7.8
55,Wisconsin,55078,Menominee,2011,2015,Asian/Pacific Islander (includes Hispanic),
55,Wisconsin,55078,Menominee,2011,2015,Black (includes Hispanic),
55,Wisconsin,55078,Menominee,2011,2015,Hispanic (all races),
55,Wisconsin,55078,Menominee,2011,2015,American Indian/Alaskan Native (includes Hispanic),
55,Wisconsin,55078,Menominee,2011,2015,White (includes Hispanic),
55,Wisconsin,55078,Menominee,2012,2016,Asian/Pacific Islander (includes Hispanic),
55,Wisconsin,55078,Menominee,2012,2016,Black (includes Hispanic),
55,Wisconsin,55078,Menominee,2012,2016,Hispanic (all races),
55,Wisconsin,55078,Menominee,2012,2016,American Indian/Alaskan Native (includes Hispanic),
55,Wisconsin,55078,Menominee,2012,2016,White (includes Hispanic),
55,Wisconsin,55078,Menominee,2013,2017,Asian/Pacific Islander (includes Hispanic),
55,Wisconsin,55078,Menominee,2013,2017,Black (includes Hispanic),
55,Wisconsin,55078,Menominee,2013,2017,Hispanic (all races),
55,Wisconsin,55078,Menominee,2013,2017,American Indian/Alaskan Native (includes Hispanic),
55,Wisconsin,55078,Menominee,2013,2017,White (includes Hispanic),
55,Wisconsin,55078,Menominee,2014,2018,Asian/Pacific Islander (includes Hispanic),
55,Wisconsin,55078,Menominee,2014,2018,Black (includes Hispanic),
55,Wisconsin,55078,Menominee,2014,2018,Hispanic (all races),
55,Wisconsin,55078,Menominee,2014,2018,American Indian/Alaskan Native (includes Hispanic),
55,Wisconsin,55078,Menominee,2014,2018,White (includes Hispanic),
55,Wisconsin,55078,Menominee,2015,2019,Asian/Pacific Islander (includes Hispanic),
55,Wisconsin,55078,Menominee,2015,2019,Black (includes Hispanic),
55,Wisconsin,55078,Menominee,2015,2019,Hispanic (all races),
55,Wisconsin,55078,Menominee,2015,2019,American Indian/Alaskan Native (includes Hispanic),
55,Wisconsin,55078,Menominee,2015,2019,White (includes Hispanic),
55,Wisconsin,55078,Menominee,2016,2020,Asian/Pacific Islander (includes Hispanic),
55,Wisconsin,55078,Menominee,2016,2020,Black (includes Hispanic),
55,Wisconsin,55078,Menominee,2016,2020,Hispanic (all races),
55,Wisconsin,55078,Menominee,2016,2020,American Indian/Alaskan Native (includes Hispanic),
55,Wisconsin,55078,Menominee,2016,2020,White (includes Hispanic),
55,Wisconsin,55079,Milwaukee,2011,2015,Asian/Pacific Islander (includes Hispanic),
55,Wisconsin,55079,Milwaukee,2011,2015,Black (includes Hispanic),12.8
55,Wisconsin,55079,Milwaukee,2011,2015,Hispanic (all races),
55,Wisconsin,55079,Milwaukee,2011,2015,American Indian/Alaskan Native (includes Hispanic),
55,Wisconsin,55079,Milwaukee,2011,2015,White (includes Hispanic),5.7
55,Wisconsin,55079,Milwaukee,2012,2016,Asian/Pacific Islander (includes Hispanic),
55,Wisconsin,55079,Milwaukee,2012,2016,Black (includes Hispanic),11.2
55,Wisconsin,55079,Milwaukee,2012,2016,Hispanic (all races),
55,Wisconsin,55079,Milwaukee,2012,2016,American Indian/Alaskan Native (includes Hispanic),
55,Wisconsin,55079,Milwaukee,2012,2016,White (includes Hispanic),5.8
55,Wisconsin,55079,Milwaukee,2013,2017,Asian/Pacific Islander (includes Hispanic),
55,Wisconsin,55079,Milwaukee,2013,2017,Black (includes Hispanic),11.6
55,Wisconsin,55079,Milwaukee,2013,2017,Hispanic (all races),
55,Wisconsin,55079,Milwaukee,2013,2017,American Indian/Alaskan Native (includes Hispanic),
55,Wisconsin,55079,Milwaukee,2013,2017,White (includes Hispanic),6.0
55,Wisconsin,55079,Milwaukee,2014,2018,Asian/Pacific Islander (includes Hispanic),
55,Wisconsin,55079,Milwaukee,2014,2018,Black (includes Hispanic),11.4
55,Wisconsin,55079,Milwaukee,2014,2018,Hispanic (all races),
55,Wisconsin,55079,Milwaukee,2014,2018,American Indian/Alaskan Native (includes Hispanic),
55,Wisconsin,55079,Milwaukee,2014,2018,White (includes Hispanic),6.3
55,Wisconsin,55079,Milwaukee,2015,2019,Asian/Pacific Islander (includes Hispanic),
55,Wisconsin,55079,Milwaukee,2015,2019,Black (includes Hispanic),10.9
55,Wisconsin,55079,Milwaukee,2015,2019,Hispanic (all races),
55,Wisconsin,55079,Milwaukee,2015,2019,American Indian/Alaskan Native (includes Hispanic),
55,Wisconsin,55079,Milwaukee,2015,2019,White (includes Hispanic),6.1
55,Wisconsin,55079,Milwaukee,2016,2020,Asian/Pacific Islander (includes Hispanic),
55,Wisconsin,55079,Milwaukee,2016,2020,Black (includes Hispanic),9.4
55,Wisconsin,55079,Milwaukee,2016,2020,Hispanic (all races),
55,Wisconsin,55079,Milwaukee,2016,2020,American Indian/Alaskan Native (includes Hispanic),
55,Wisconsin,55079,Milwaukee,2016,2020,White (includes Hispanic),5.7
55,Wisconsin,55081,Monroe,2011,2015,Asian/Pacific Islander (includes Hispanic),
55,Wisconsin,55081,Monroe,2011,2015,Black (includes Hispanic),
55,Wisconsin,55081,Monroe,2011,2015,Hispanic (all races),
55,Wisconsin,55081,Monroe,2011,2015,American Indian/Alaskan Native (includes Hispanic),
55,Wisconsin,55081,Monroe,2011,2015,White (includes Hispanic),6.8
55,Wisconsin,55081,Monroe,2012,2016,Asian/Pacific Islander (includes Hispanic),
55,Wisconsin,55081,Monroe,2012,2016,Black (includes Hispanic),
55,Wisconsin,55081,Monroe,2012,2016,Hispanic (all races),
55,Wisconsin,55081,Monroe,2012,2016,American Indian/Alaskan Native (includes Hispanic),
55,Wisconsin,55081,Monroe,2012,2016,White (includes Hispanic),6.2
55,Wisconsin,55081,Monroe,2013,2017,Asian/Pacific Islander (includes Hispanic),
55,Wisconsin,55081,Monroe,2013,2017,Black (includes Hispanic),
55,Wisconsin,55081,Monroe,2013,2017,Hispanic (all races),
55,Wisconsin,55081,Monroe,2013,2017,American Indian/Alaskan Native (includes Hispanic),
55,Wisconsin,55081,Monroe,2013,2017,White (includes Hispanic),5.8
55,Wisconsin,55081,Monroe,2014,2018,Asian/Pacific Islander (includes Hispanic),
55,Wisconsin,55081,Monroe,2014,2018,Black (includes Hispanic),
55,Wisconsin,55081,Monroe,2014,2018,Hispanic (all races),
55,Wisconsin,55081,Monroe,2014,2018,American Indian/Alaskan Native (includes Hispanic),
55,Wisconsin,55081,Monroe,2014,2018,White (includes Hispanic),5.3
55,Wisconsin,55081,Monroe,2015,2019,Asian/Pacific Islander (includes Hispanic),
55,Wisconsin,55081,Monroe,2015,2019,Black (includes Hispanic),
55,Wisconsin,55081,Monroe,2015,2019,Hispanic (all races),
55,Wisconsin,55081,Monroe,2015,2019,American Indian/Alaskan Native (includes Hispanic),
55,Wisconsin,55081,Monroe,2015,2019,White (includes Hispanic),5.0
55,Wisconsin,55081,Monroe,2016,2020,Asian/Pacific Islander (includes Hispanic),
55,Wisconsin,55081,Monroe,2016,2020,Black (includes Hispanic),
55,Wisconsin,55081,Monroe,2016,2020,Hispanic (all races),
55,Wisconsin,55081,Monroe,2016,2020,American Indian/Alaskan Native (includes Hispanic),
55,Wisconsin,55081,Monroe,2016,2020,White (includes Hispanic),3.6
55,Wisconsin,55083,Oconto,2011,2015,Asian/Pacific Islander (includes Hispanic),
55,Wisconsin,55083,Oconto,2011,2015,Black (includes Hispanic),
55,Wisconsin,55083,Oconto,2011,2015,Hispanic (all races),
55,Wisconsin,55083,Oconto,2011,2015,American Indian/Alaskan Native (includes Hispanic),
55,Wisconsin,55083,Oconto,2011,2015,White (includes Hispanic),6.4
55,Wisconsin,55083,Oconto,2012,2016,Asian/Pacific Islander (includes Hispanic),
55,Wisconsin,55083,Oconto,2012,2016,Black (includes Hispanic),
55,Wisconsin,55083,Oconto,2012,2016,Hispanic (all races),
55,Wisconsin,55083,Oconto,2012,2016,American Indian/Alaskan Native (includes Hispanic),
55,Wisconsin,55083,Oconto,2012,2016,White (includes Hispanic),7.2
55,Wisconsin,55083,Oconto,2013,2017,Asian/Pacific Islander (includes Hispanic),
55,Wisconsin,55083,Oconto,2013,2017,Black (includes Hispanic),
55,Wisconsin,55083,Oconto,2013,2017,Hispanic (all races),
55,Wisconsin,55083,Oconto,2013,2017,American Indian/Alaskan Native (includes Hispanic),
55,Wisconsin,55083,Oconto,2013,2017,White (includes Hispanic),6.7
55,Wisconsin,55083,Oconto,2014,2018,Asian/Pacific Islander (includes Hispanic),
55,Wisconsin,55083,Oconto,2014,2018,Black (includes Hispanic),
55,Wisconsin,55083,Oconto,2014,2018,Hispanic (all races),
55,Wisconsin,55083,Oconto,2014,2018,American Indian/Alaskan Native (includes Hispanic),
55,Wisconsin,55083,Oconto,2014,2018,White (includes Hispanic),7.0
55,Wisconsin,55083,Oconto,2015,2019,Asian/Pacific Islander (includes Hispanic),
55,Wisconsin,55083,Oconto,2015,2019,Black (includes Hispanic),
55,Wisconsin,55083,Oconto,2015,2019,Hispanic (all races),
55,Wisconsin,55083,Oconto,2015,2019,American Indian/Alaskan Native (includes Hispanic),
55,Wisconsin,55083,Oconto,2015,2019,White (includes Hispanic),6.9
55,Wisconsin,55083,Oconto,2016,2020,Asian/Pacific Islander (includes Hispanic),
55,Wisconsin,55083,Oconto,2016,2020,Black (includes Hispanic),
55,Wisconsin,55083,Oconto,2016,2020,Hispanic (all races),
55,Wisconsin,55083,Oconto,2016,2020,American Indian/Alaskan Native (includes Hispanic),
55,Wisconsin,55083,Oconto,2016,2020,White (includes Hispanic),6.3
55,Wisconsin,55085,Oneida,2011,2015,Asian/Pacific Islander (includes Hispanic),
55,Wisconsin,55085,Oneida,2011,2015,Black (includes Hispanic),
55,Wisconsin,55085,Oneida,2011,2015,Hispanic (all races),
55,Wisconsin,55085,Oneida,2011,2015,American Indian/Alaskan Native (includes Hispanic),
55,Wisconsin,55085,Oneida,2011,2015,White (includes Hispanic),
55,Wisconsin,55085,Oneida,2012,2016,Asian/Pacific Islander (includes Hispanic),
55,Wisconsin,55085,Oneida,2012,2016,Black (includes Hispanic),
55,Wisconsin,55085,Oneida,2012,2016,Hispanic (all races),
55,Wisconsin,55085,Oneida,2012,2016,American Indian/Alaskan Native (includes Hispanic),
55,Wisconsin,55085,Oneida,2012,2016,White (includes Hispanic),
55,Wisconsin,55085,Oneida,2013,2017,Asian/Pacific Islander (includes Hispanic),
55,Wisconsin,55085,Oneida,2013,2017,Black (includes Hispanic),
55,Wisconsin,55085,Oneida,2013,2017,Hispanic (all races),
55,Wisconsin,55085,Oneida,2013,2017,American Indian/Alaskan Native (includes Hispanic),
55,Wisconsin,55085,Oneida,2013,2017,White (includes Hispanic),
55,Wisconsin,55085,Oneida,2014,2018,Asian/Pacific Islander (includes Hispanic),
55,Wisconsin,55085,Oneida,2014,2018,Black (includes Hispanic),
55,Wisconsin,55085,Oneida,2014,2018,Hispanic (all races),
55,Wisconsin,55085,Oneida,2014,2018,American Indian/Alaskan Native (includes Hispanic),
55,Wisconsin,55085,Oneida,2014,2018,White (includes Hispanic),
55,Wisconsin,55085,Oneida,2015,2019,Asian/Pacific Islander (includes Hispanic),
55,Wisconsin,55085,Oneida,2015,2019,Black (includes Hispanic),
55,Wisconsin,55085,Oneida,2015,2019,Hispanic (all races),
55,Wisconsin,55085,Oneida,2015,2019,American Indian/Alaskan Native (includes Hispanic),
55,Wisconsin,55085,Oneida,2015,2019,White (includes Hispanic),
55,Wisconsin,55085,Oneida,2016,2020,Asian/Pacific Islander (includes Hispanic),
55,Wisconsin,55085,Oneida,2016,2020,Black (includes Hispanic),
55,Wisconsin,55085,Oneida,2016,2020,Hispanic (all races),
55,Wisconsin,55085,Oneida,2016,2020,American Indian/Alaskan Native (includes Hispanic),
55,Wisconsin,55085,Oneida,2016,2020,White (includes Hispanic),
55,Wisconsin,55087,Outagamie,2011,2015,Asian/Pacific Islander (includes Hispanic),
55,Wisconsin,55087,Outagamie,2011,2015,Black (includes Hispanic),
55,Wisconsin,55087,Outagamie,2011,2015,Hispanic (all races),
55,Wisconsin,55087,Outagamie,2011,2015,American Indian/Alaskan Native (includes Hispanic),
55,Wisconsin,55087,Outagamie,2011,2015,White (includes Hispanic),5.3
55,Wisconsin,55087,Outagamie,2012,2016,Asian/Pacific Islander (includes Hispanic),
55,Wisconsin,55087,Outagamie,2012,2016,Black (includes Hispanic),
55,Wisconsin,55087,Outagamie,2012,2016,Hispanic (all races),
55,Wisconsin,55087,Outagamie,2012,2016,American Indian/Alaskan Native (includes Hispanic),
55,Wisconsin,55087,Outagamie,2012,2016,White (includes Hispanic),5.9
55,Wisconsin,55087,Outagamie,2013,2017,Asian/Pacific Islander (includes Hispanic),
55,Wisconsin,55087,Outagamie,2013,2017,Black (includes Hispanic),
55,Wisconsin,55087,Outagamie,2013,2017,Hispanic (all races),
55,Wisconsin,55087,Outagamie,2013,2017,American Indian/Alaskan Native (includes Hispanic),
55,Wisconsin,55087,Outagamie,2013,2017,White (includes Hispanic),5.6
55,Wisconsin,55087,Outagamie,2014,2018,Asian/Pacific Islander (includes Hispanic),
55,Wisconsin,55087,Outagamie,2014,2018,Black (includes Hispanic),
55,Wisconsin,55087,Outagamie,2014,2018,Hispanic (all races),
55,Wisconsin,55087,Outagamie,2014,2018,American Indian/Alaskan Native (includes Hispanic),
55,Wisconsin,55087,Outagamie,2014,2018,White (includes Hispanic),5.4
55,Wisconsin,55087,Outagamie,2015,2019,Asian/Pacific Islander (includes Hispanic),
55,Wisconsin,55087,Outagamie,2015,2019,Black (includes Hispanic),
55,Wisconsin,55087,Outagamie,2015,2019,Hispanic (all races),
55,Wisconsin,55087,Outagamie,2015,2019,American Indian/Alaskan Native (includes Hispanic),
55,Wisconsin,55087,Outagamie,2015,2019,White (includes Hispanic),6.1
55,Wisconsin,55087,Outagamie,2016,2020,Asian/Pacific Islander (includes Hispanic),
55,Wisconsin,55087,Outagamie,2016,2020,Black (includes Hispanic),
55,Wisconsin,55087,Outagamie,2016,2020,Hispanic (all races),
55,Wisconsin,55087,Outagamie,2016,2020,American Indian/Alaskan Native (includes Hispanic),
55,Wisconsin,55087,Outagamie,2016,2020,White (includes Hispanic),5.3
55,Wisconsin,55089,Ozaukee,2011,2015,Asian/Pacific Islander (includes Hispanic),
55,Wisconsin,55089,Ozaukee,2011,2015,Black (includes Hispanic),13.0
55,Wisconsin,55089,Ozaukee,2011,2015,Hispanic (all races),
55,Wisconsin,55089,Ozaukee,2011,2015,American Indian/Alaskan Native (includes Hispanic),
55,Wisconsin,55089,Ozaukee,2011,2015,White (includes Hispanic),5.7
55,Wisconsin,55089,Ozaukee,2012,2016,Asian/Pacific Islander (includes Hispanic),
55,Wisconsin,55089,Ozaukee,2012,2016,Black (includes Hispanic),11.3
55,Wisconsin,55089,Ozaukee,2012,2016,Hispanic (all races),
55,Wisconsin,55089,Ozaukee,2012,2016,American Indian/Alaskan Native (includes Hispanic),
55,Wisconsin,55089,Ozaukee,2012,2016,White (includes Hispanic),5.7
55,Wisconsin,55089,Ozaukee,2013,2017,Asian/Pacific Islander (includes Hispanic),
55,Wisconsin,55089,Ozaukee,2013,2017,Black (includes Hispanic),11.5
55,Wisconsin,55089,Ozaukee,2013,2017,Hispanic (all races),
55,Wisconsin,55089,Ozaukee,2013,2017,American Indian/Alaskan Native (includes Hispanic),
55,Wisconsin,55089,Ozaukee,2013,2017,White (includes Hispanic),6.1
55,Wisconsin,55089,Ozaukee,2014,2018,Asian/Pacific Islander (includes Hispanic),
55,Wisconsin,55089,Ozaukee,2014,2018,Black (includes Hispanic),11.4
55,Wisconsin,55089,Ozaukee,2014,2018,Hispanic (all races),
55,Wisconsin,55089,Ozaukee,2014,2018,American Indian/Alaskan Native (includes Hispanic),
55,Wisconsin,55089,Ozaukee,2014,2018,White (includes Hispanic),6.5
55,Wisconsin,55089,Ozaukee,2015,2019,Asian/Pacific Islander (includes Hispanic),
55,Wisconsin,55089,Ozaukee,2015,2019,Black (includes Hispanic),11.5
55,Wisconsin,55089,Ozaukee,2015,2019,Hispanic (all races),
55,Wisconsin,55089,Ozaukee,2015,2019,American Indian/Alaskan Native (includes Hispanic),
55,Wisconsin,55089,Ozaukee,2015,2019,White (includes Hispanic),6.3
55,Wisconsin,55089,Ozaukee,2016,2020,Asian/Pacific Islander (includes Hispanic),
55,Wisconsin,55089,Ozaukee,2016,2020,Black (includes Hispanic),10.1
55,Wisconsin,55089,Ozaukee,2016,2020,Hispanic (all races),
55,Wisconsin,55089,Ozaukee,2016,2020,American Indian/Alaskan Native (includes Hispanic),
55,Wisconsin,55089,Ozaukee,2016,2020,White (includes Hispanic),6.0
55,Wisconsin,55091,Pepin,2011,2015,Asian/Pacific Islander (includes Hispanic),
55,Wisconsin,55091,Pepin,2011,2015,Black (includes Hispanic),
55,Wisconsin,55091,Pepin,2011,2015,Hispanic (all races),
55,Wisconsin,55091,Pepin,2011,2015,American Indian/Alaskan Native (includes Hispanic),
55,Wisconsin,55091,Pepin,2011,2015,White (includes Hispanic),6.1
55,Wisconsin,55091,Pepin,2012,2016,Asian/Pacific Islander (includes Hispanic),
55,Wisconsin,55091,Pepin,2012,2016,Black (includes Hispanic),
55,Wisconsin,55091,Pepin,2012,2016,Hispanic (all races),
55,Wisconsin,55091,Pepin,2012,2016,American Indian/Alaskan Native (includes Hispanic),
55,Wisconsin,55091,Pepin,2012,2016,White (includes Hispanic),6.2
55,Wisconsin,55091,Pepin,2013,2017,Asian/Pacific Islander (includes Hispanic),
55,Wisconsin,55091,Pepin,2013,2017,Black (includes Hispanic),
55,Wisconsin,55091,Pepin,2013,2017,Hispanic (all races),
55,Wisconsin,55091,Pepin,2013,2017,American Indian/Alaskan Native (includes Hispanic),
55,Wisconsin,55091,Pepin,2013,2017,White (includes Hispanic),5.2
55,Wisconsin,55091,Pepin,2014,2018,Asian/Pacific Islander (includes Hispanic),
55,Wisconsin,55091,Pepin,2014,2018,Black (includes Hispanic),
55,Wisconsin,55091,Pepin,2014,2018,Hispanic (all races),
55,Wisconsin,55091,Pepin,2014,2018,American Indian/Alaskan Native (includes Hispanic),
55,Wisconsin,55091,Pepin,2014,2018,White (includes Hispanic),5.0
55,Wisconsin,55091,Pepin,2015,2019,Asian/Pacific Islander (includes Hispanic),
55,Wisconsin,55091,Pepin,2015,2019,Black (includes Hispanic),
55,Wisconsin,55091,Pepin,2015,2019,Hispanic (all races),
55,Wisconsin,55091,Pepin,2015,2019,American Indian/Alaskan Native (includes Hispanic),
55,Wisconsin,55091,Pepin,2015,2019,White (includes Hispanic),4.7
55,Wisconsin,55091,Pepin,2016,2020,Asian/Pacific Islander (includes Hispanic),
55,Wisconsin,55091,Pepin,2016,2020,Black (includes Hispanic),
55,Wisconsin,55091,Pepin,2016,2020,Hispanic (all races),
55,Wisconsin,55091,Pepin,2016,2020,American Indian/Alaskan Native (includes Hispanic),
55,Wisconsin,55091,Pepin,2016,2020,White (includes Hispanic),4.0
55,Wisconsin,55093,Pierce,2011,2015,Asian/Pacific Islander (includes Hispanic),
55,Wisconsin,55093,Pierce,2011,2015,Black (includes Hispanic),
55,Wisconsin,55093,Pierce,2011,2015,Hispanic (all races),
55,Wisconsin,55093,Pierce,2011,2015,American Indian/Alaskan Native (includes Hispanic),
55,Wisconsin,55093,Pierce,2011,2015,White (includes Hispanic),5.0
55,Wisconsin,55093,Pierce,2012,2016,Asian/Pacific Islander (includes Hispanic),
55,Wisconsin,55093,Pierce,2012,2016,Black (includes Hispanic),
55,Wisconsin,55093,Pierce,2012,2016,Hispanic (all races),
55,Wisconsin,55093,Pierce,2012,2016,American Indian/Alaskan Native (includes Hispanic),
55,Wisconsin,55093,Pierce,2012,2016,White (includes Hispanic),5.1
55,Wisconsin,55093,Pierce,2013,2017,Asian/Pacific Islander (includes Hispanic),
55,Wisconsin,55093,Pierce,2013,2017,Black (includes Hispanic),
55,Wisconsin,55093,Pierce,2013,2017,Hispanic (all races),
55,Wisconsin,55093,Pierce,2013,2017,American Indian/Alaskan Native (includes Hispanic),
55,Wisconsin,55093,Pierce,2013,2017,White (includes Hispanic),4.8
55,Wisconsin,55093,Pierce,2014,2018,Asian/Pacific Islander (includes Hispanic),
55,Wisconsin,55093,Pierce,2014,2018,Black (includes Hispanic),
55,Wisconsin,55093,Pierce,2014,2018,Hispanic (all races),
55,Wisconsin,55093,Pierce,2014,2018,American Indian/Alaskan Native (includes Hispanic),
55,Wisconsin,55093,Pierce,2014,2018,White (includes Hispanic),4.9
55,Wisconsin,55093,Pierce,2015,2019,Asian/Pacific Islander (includes Hispanic),
55,Wisconsin,55093,Pierce,2015,2019,Black (includes Hispanic),
55,Wisconsin,55093,Pierce,2015,2019,Hispanic (all races),
55,Wisconsin,55093,Pierce,2015,2019,American Indian/Alaskan Native (includes Hispanic),
55,Wisconsin,55093,Pierce,2015,2019,White (includes Hispanic),5.0
55,Wisconsin,55093,Pierce,2016,2020,Asian/Pacific Islander (includes Hispanic),
55,Wisconsin,55093,Pierce,2016,2020,Black (includes Hispanic),
55,Wisconsin,55093,Pierce,2016,2020,Hispanic (all races),
55,Wisconsin,55093,Pierce,2016,2020,American Indian/Alaskan Native (includes Hispanic),
55,Wisconsin,55093,Pierce,2016,2020,White (includes Hispanic),4.7
55,Wisconsin,55095,Polk,2011,2015,Asian/Pacific Islander (includes Hispanic),
55,Wisconsin,55095,Polk,2011,2015,Black (includes Hispanic),
55,Wisconsin,55095,Polk,2011,2015,Hispanic (all races),
55,Wisconsin,55095,Polk,2011,2015,American Indian/Alaskan Native (includes Hispanic),
55,Wisconsin,55095,Polk,2011,2015,White (includes Hispanic),5.2
55,Wisconsin,55095,Polk,2012,2016,Asian/Pacific Islander (includes Hispanic),
55,Wisconsin,55095,Polk,2012,2016,Black (includes Hispanic),
55,Wisconsin,55095,Polk,2012,2016,Hispanic (all races),
55,Wisconsin,55095,Polk,2012,2016,American Indian/Alaskan Native (includes Hispanic),
55,Wisconsin,55095,Polk,2012,2016,White (includes Hispanic),4.4
55,Wisconsin,55095,Polk,2013,2017,Asian/Pacific Islander (includes Hispanic),
55,Wisconsin,55095,Polk,2013,2017,Black (includes Hispanic),
55,Wisconsin,55095,Polk,2013,2017,Hispanic (all races),
55,Wisconsin,55095,Polk,2013,2017,American Indian/Alaskan Native (includes Hispanic),
55,Wisconsin,55095,Polk,2013,2017,White (includes Hispanic),3.8
55,Wisconsin,55095,Polk,2014,2018,Asian/Pacific Islander (includes Hispanic),
55,Wisconsin,55095,Polk,2014,2018,Black (includes Hispanic),
55,Wisconsin,55095,Polk,2014,2018,Hispanic (all races),
55,Wisconsin,55095,Polk,2014,2018,American Indian/Alaskan Native (includes Hispanic),
55,Wisconsin,55095,Polk,2014,2018,White (includes Hispanic),3.9
55,Wisconsin,55095,Polk,2015,2019,Asian/Pacific Islander (includes Hispanic),
55,Wisconsin,55095,Polk,2015,2019,Black (includes Hispanic),
55,Wisconsin,55095,Polk,2015,2019,Hispanic (all races),
55,Wisconsin,55095,Polk,2015,2019,American Indian/Alaskan Native (includes Hispanic),
55,Wisconsin,55095,Polk,2015,2019,White (includes Hispanic),3.5
55,Wisconsin,55095,Polk,2016,2020,Asian/Pacific Islander (includes Hispanic),
55,Wisconsin,55095,Polk,2016,2020,Black (includes Hispanic),
55,Wisconsin,55095,Polk,2016,2020,Hispanic (all races),
55,Wisconsin,55095,Polk,2016,2020,American Indian/Alaskan Native (includes Hispanic),
55,Wisconsin,55095,Polk,2016,2020,White (includes Hispanic),3.4
55,Wisconsin,55097,Portage,2011,2015,Asian/Pacific Islander (includes Hispanic),
55,Wisconsin,55097,Portage,2011,2015,Black (includes Hispanic),
55,Wisconsin,55097,Portage,2011,2015,Hispanic (all races),
55,Wisconsin,55097,Portage,2011,2015,American Indian/Alaskan Native (includes Hispanic),
55,Wisconsin,55097,Portage,2011,2015,White (includes Hispanic),4.5
55,Wisconsin,55097,Portage,2012,2016,Asian/Pacific Islander (includes Hispanic),
55,Wisconsin,55097,Portage,2012,2016,Black (includes Hispanic),
55,Wisconsin,55097,Portage,2012,2016,Hispanic (all races),
55,Wisconsin,55097,Portage,2012,2016,American Indian/Alaskan Native (includes Hispanic),
55,Wisconsin,55097,Portage,2012,2016,White (includes Hispanic),4.6
55,Wisconsin,55097,Portage,2013,2017,Asian/Pacific Islander (includes Hispanic),
55,Wisconsin,55097,Portage,2013,2017,Black (includes Hispanic),
55,Wisconsin,55097,Portage,2013,2017,Hispanic (all races),
55,Wisconsin,55097,Portage,2013,2017,American Indian/Alaskan Native (includes Hispanic),
55,Wisconsin,55097,Portage,2013,2017,White (includes Hispanic),4.9
55,Wisconsin,55097,Portage,2014,2018,Asian/Pacific Islander (includes Hispanic),
55,Wisconsin,55097,Portage,2014,2018,Black (includes Hispanic),
55,Wisconsin,55097,Portage,2014,2018,Hispanic (all races),
55,Wisconsin,55097,Portage,2014,2018,American Indian/Alaskan Native (includes Hispanic),
55,Wisconsin,55097,Portage,2014,2018,White (includes Hispanic),5.3
55,Wisconsin,55097,Portage,2015,2019,Asian/Pacific Islander (includes Hispanic),
55,Wisconsin,55097,Portage,2015,2019,Black (includes Hispanic),
55,Wisconsin,55097,Portage,2015,2019,Hispanic (all races),
55,Wisconsin,55097,Portage,2015,2019,American Indian/Alaskan Native (includes Hispanic),
55,Wisconsin,55097,Portage,2015,2019,White (includes Hispanic),5.6
55,Wisconsin,55097,Portage,2016,2020,Asian/Pacific Islander (includes Hispanic),
55,Wisconsin,55097,Portage,2016,2020,Black (includes Hispanic),
55,Wisconsin,55097,Portage,2016,2020,Hispanic (all races),
55,Wisconsin,55097,Portage,2016,2020,American Indian/Alaskan Native (includes Hispanic),
55,Wisconsin,55097,Portage,2016,2020,White (includes Hispanic),5.7
55,Wisconsin,55099,Price,2011,2015,Asian/Pacific Islander (includes Hispanic),
55,Wisconsin,55099,Price,2011,2015,Black (includes Hispanic),
55,Wisconsin,55099,Price,2011,2015,Hispanic (all races),
55,Wisconsin,55099,Price,2011,2015,American Indian/Alaskan Native (includes Hispanic),
55,Wisconsin,55099,Price,2011,2015,White (includes Hispanic),5.7
55,Wisconsin,55099,Price,2012,2016,Asian/Pacific Islander (includes Hispanic),
55,Wisconsin,55099,Price,2012,2016,Black (includes Hispanic),
55,Wisconsin,55099,Price,2012,2016,Hispanic (all races),
55,Wisconsin,55099,Price,2012,2016,American Indian/Alaskan Native (includes Hispanic),
55,Wisconsin,55099,Price,2012,2016,White (includes Hispanic),7.2
55,Wisconsin,55099,Price,2013,2017,Asian/Pacific Islander (includes Hispanic),
55,Wisconsin,55099,Price,2013,2017,Black (includes Hispanic),
55,Wisconsin,55099,Price,2013,2017,Hispanic (all races),
55,Wisconsin,55099,Price,2013,2017,American Indian/Alaskan Native (includes Hispanic),
55,Wisconsin,55099,Price,2013,2017,White (includes Hispanic),5.2
55,Wisconsin,55099,Price,2014,2018,Asian/Pacific Islander (includes Hispanic),
55,Wisconsin,55099,Price,2014,2018,Black (includes Hispanic),
55,Wisconsin,55099,Price,2014,2018,Hispanic (all races),
55,Wisconsin,55099,Price,2014,2018,American Indian/Alaskan Native (includes Hispanic),
55,Wisconsin,55099,Price,2014,2018,White (includes Hispanic),5.9
55,Wisconsin,55099,Price,2015,2019,Asian/Pacific Islander (includes Hispanic),
55,Wisconsin,55099,Price,2015,2019,Black (includes Hispanic),
55,Wisconsin,55099,Price,2015,2019,Hispanic (all races),
55,Wisconsin,55099,Price,2015,2019,American Indian/Alaskan Native (includes Hispanic),
55,Wisconsin,55099,Price,2015,2019,White (includes Hispanic),6.8
55,Wisconsin,55099,Price,2016,2020,Asian/Pacific Islander (includes Hispanic),
55,Wisconsin,55099,Price,2016,2020,Black (includes Hispanic),
55,Wisconsin,55099,Price,2016,2020,Hispanic (all races),
55,Wisconsin,55099,Price,2016,2020,American Indian/Alaskan Native (includes Hispanic),
55,Wisconsin,55099,Price,2016,2020,White (includes Hispanic),6.7
55,Wisconsin,55101,Racine,2011,2015,Asian/Pacific Islander (includes Hispanic),
55,Wisconsin,55101,Racine,2011,2015,Black (includes Hispanic),13.1
55,Wisconsin,55101,Racine,2011,2015,Hispanic (all races),
55,Wisconsin,55101,Racine,2011,2015,American Indian/Alaskan Native (includes Hispanic),
55,Wisconsin,55101,Racine,2011,2015,White (includes Hispanic),6.0
55,Wisconsin,55101,Racine,2012,2016,Asian/Pacific Islander (includes Hispanic),13.7
55,Wisconsin,55101,Racine,2012,2016,Black (includes Hispanic),11.6
55,Wisconsin,55101,Racine,2012,2016,Hispanic (all races),
55,Wisconsin,55101,Racine,2012,2016,American Indian/Alaskan Native (includes Hispanic),
55,Wisconsin,55101,Racine,2012,2016,White (includes Hispanic),5.8
55,Wisconsin,55101,Racine,2013,2017,Asian/Pacific Islander (includes Hispanic),
55,Wisconsin,55101,Racine,2013,2017,Black (includes Hispanic),11.9
55,Wisconsin,55101,Racine,2013,2017,Hispanic (all races),
55,Wisconsin,55101,Racine,2013,2017,American Indian/Alaskan Native (includes Hispanic),
55,Wisconsin,55101,Racine,2013,2017,White (includes Hispanic),6.2
55,Wisconsin,55101,Racine,2014,2018,Asian/Pacific Islander (includes Hispanic),
55,Wisconsin,55101,Racine,2014,2018,Black (includes Hispanic),11.7
55,Wisconsin,55101,Racine,2014,2018,Hispanic (all races),
55,Wisconsin,55101,Racine,2014,2018,American Indian/Alaskan Native (includes Hispanic),
55,Wisconsin,55101,Racine,2014,2018,White (includes Hispanic),6.4
55,Wisconsin,55101,Racine,2015,2019,Asian/Pacific Islander (includes Hispanic),
55,Wisconsin,55101,Racine,2015,2019,Black (includes Hispanic),11.4
55,Wisconsin,55101,Racine,2015,2019,Hispanic (all races),
55,Wisconsin,55101,Racine,2015,2019,American Indian/Alaskan Native (includes Hispanic),
55,Wisconsin,55101,Racine,2015,2019,White (includes Hispanic),6.2
55,Wisconsin,55101,Racine,2016,2020,Asian/Pacific Islander (includes Hispanic),
55,Wisconsin,55101,Racine,2016,2020,Black (includes Hispanic),9.8
55,Wisconsin,55101,Racine,2016,2020,Hispanic (all races),
55,Wisconsin,55101,Racine,2016,2020,American Indian/Alaskan Native (includes Hispanic),
55,Wisconsin,55101,Racine,2016,2020,White (includes Hispanic),5.8
55,Wisconsin,55103,Richland,2011,2015,Asian/Pacific Islander (includes Hispanic),
55,Wisconsin,55103,Richland,2011,2015,Black (includes Hispanic),
55,Wisconsin,55103,Richland,2011,2015,Hispanic (all races),
55,Wisconsin,55103,Richland,2011,2015,American Indian/Alaskan Native (includes Hispanic),
55,Wisconsin,55103,Richland,2011,2015,White (includes Hispanic),7.2
55,Wisconsin,55103,Richland,2012,2016,Asian/Pacific Islander (includes Hispanic),
55,Wisconsin,55103,Richland,2012,2016,Black (includes Hispanic),
55,Wisconsin,55103,Richland,2012,2016,Hispanic (all races),
55,Wisconsin,55103,Richland,2012,2016,American Indian/Alaskan Native (includes Hispanic),
55,Wisconsin,55103,Richland,2012,2016,White (includes Hispanic),6.7
55,Wisconsin,55103,Richland,2013,2017,Asian/Pacific Islander (includes Hispanic),
55,Wisconsin,55103,Richland,2013,2017,Black (includes Hispanic),
55,Wisconsin,55103,Richland,2013,2017,Hispanic (all races),
55,Wisconsin,55103,Richland,2013,2017,American Indian/Alaskan Native (includes Hispanic),
55,Wisconsin,55103,Richland,2013,2017,White (includes Hispanic),5.6
55,Wisconsin,55103,Richland,2014,2018,Asian/Pacific Islander (includes Hispanic),
55,Wisconsin,55103,Richland,2014,2018,Black (includes Hispanic),
55,Wisconsin,55103,Richland,2014,2018,Hispanic (all races),
55,Wisconsin,55103,Richland,2014,2018,American Indian/Alaskan Native (includes Hispanic),
55,Wisconsin,55103,Richland,2014,2018,White (includes Hispanic),6.3
55,Wisconsin,55103,Richland,2015,2019,Asian/Pacific Islander (includes Hispanic),
55,Wisconsin,55103,Richland,2015,2019,Black (includes Hispanic),
55,Wisconsin,55103,Richland,2015,2019,Hispanic (all races),
55,Wisconsin,55103,Richland,2015,2019,American Indian/Alaskan Native (includes Hispanic),
55,Wisconsin,55103,Richland,2015,2019,White (includes Hispanic),5.8
55,Wisconsin,55103,Richland,2016,2020,Asian/Pacific Islander (includes Hispanic),
55,Wisconsin,55103,Richland,2016,2020,Black (includes Hispanic),
55,Wisconsin,55103,Richland,2016,2020,Hispanic (all races),
55,Wisconsin,55103,Richland,2016,2020,American Indian/Alaskan Native (includes Hispanic),
55,Wisconsin,55103,Richland,2016,2020,White (includes Hispanic),6.1
55,Wisconsin,55105,Rock,2011,2015,Asian/Pacific Islander (includes Hispanic),
55,Wisconsin,55105,Rock,2011,2015,Black (includes Hispanic),
55,Wisconsin,55105,Rock,2011,2015,Hispanic (all races),
55,Wisconsin,55105,Rock,2011,2015,American Indian/Alaskan Native (includes Hispanic),
55,Wisconsin,55105,Rock,2011,2015,White (includes Hispanic),7.0
55,Wisconsin,55105,Rock,2012,2016,Asian/Pacific Islander (includes Hispanic),
55,Wisconsin,55105,Rock,2012,2016,Black (includes Hispanic),
55,Wisconsin,55105,Rock,2012,2016,Hispanic (all races),
55,Wisconsin,55105,Rock,2012,2016,American Indian/Alaskan Native (includes Hispanic),
55,Wisconsin,55105,Rock,2012,2016,White (includes Hispanic),7.7
55,Wisconsin,55105,Rock,2013,2017,Asian/Pacific Islander (includes Hispanic),
55,Wisconsin,55105,Rock,2013,2017,Black (includes Hispanic),
55,Wisconsin,55105,Rock,2013,2017,Hispanic (all races),
55,Wisconsin,55105,Rock,2013,2017,American Indian/Alaskan Native (includes Hispanic),
55,Wisconsin,55105,Rock,2013,2017,White (includes Hispanic),7.4
55,Wisconsin,55105,Rock,2014,2018,Asian/Pacific Islander (includes Hispanic),
55,Wisconsin,55105,Rock,2014,2018,Black (includes Hispanic),10.0
55,Wisconsin,55105,Rock,2014,2018,Hispanic (all races),
55,Wisconsin,55105,Rock,2014,2018,American Indian/Alaskan Native (includes Hispanic),
55,Wisconsin,55105,Rock,2014,2018,White (includes Hispanic),7.3
55,Wisconsin,55105,Rock,2015,2019,Asian/Pacific Islander (includes Hispanic),
55,Wisconsin,55105,Rock,2015,2019,Black (includes Hispanic),10.6
55,Wisconsin,55105,Rock,2015,2019,Hispanic (all races),
55,Wisconsin,55105,Rock,2015,2019,American Indian/Alaskan Native (includes Hispanic),
55,Wisconsin,55105,Rock,2015,2019,White (includes Hispanic),7.3
55,Wisconsin,55105,Rock,2016,2020,Asian/Pacific Islander (includes Hispanic),
55,Wisconsin,55105,Rock,2016,2020,Black (includes Hispanic),9.7
55,Wisconsin,55105,Rock,2016,2020,Hispanic (all races),
55,Wisconsin,55105,Rock,2016,2020,American Indian/Alaskan Native (includes Hispanic),
55,Wisconsin,55105,Rock,2016,2020,White (includes Hispanic),6.4
55,Wisconsin,55107,Rusk,2011,2015,Asian/Pacific Islander (includes Hispanic),
55,Wisconsin,55107,Rusk,2011,2015,Black (includes Hispanic),
55,Wisconsin,55107,Rusk,2011,2015,Hispanic (all races),
55,Wisconsin,55107,Rusk,2011,2015,American Indian/Alaskan Native (includes Hispanic),
55,Wisconsin,55107,Rusk,2011,2015,White (includes Hispanic),7.4
55,Wisconsin,55107,Rusk,2012,2016,Asian/Pacific Islander (includes Hispanic),
55,Wisconsin,55107,Rusk,2012,2016,Black (includes Hispanic),
55,Wisconsin,55107,Rusk,2012,2016,Hispanic (all races),
55,Wisconsin,55107,Rusk,2012,2016,American Indian/Alaskan Native (includes Hispanic),
55,Wisconsin,55107,Rusk,2012,2016,White (includes Hispanic),7.4
55,Wisconsin,55107,Rusk,2013,2017,Asian/Pacific Islander (includes Hispanic),
55,Wisconsin,55107,Rusk,2013,2017,Black (includes Hispanic),
55,Wisconsin,55107,Rusk,2013,2017,Hispanic (all races),
55,Wisconsin,55107,Rusk,2013,2017,American Indian/Alaskan Native (includes Hispanic),
55,Wisconsin,55107,Rusk,2013,2017,White (includes Hispanic),6.5
55,Wisconsin,55107,Rusk,2014,2018,Asian/Pacific Islander (includes Hispanic),
55,Wisconsin,55107,Rusk,2014,2018,Black (includes Hispanic),
55,Wisconsin,55107,Rusk,2014,2018,Hispanic (all races),
55,Wisconsin,55107,Rusk,2014,2018,American Indian/Alaskan Native (includes Hispanic),
55,Wisconsin,55107,Rusk,2014,2018,White (includes Hispanic),6.2
55,Wisconsin,55107,Rusk,2015,2019,Asian/Pacific Islander (includes Hispanic),
55,Wisconsin,55107,Rusk,2015,2019,Black (includes Hispanic),
55,Wisconsin,55107,Rusk,2015,2019,Hispanic (all races),
55,Wisconsin,55107,Rusk,2015,2019,American Indian/Alaskan Native (includes Hispanic),
55,Wisconsin,55107,Rusk,2015,2019,White (includes Hispanic),6.0
55,Wisconsin,55107,Rusk,2016,2020,Asian/Pacific Islander (includes Hispanic),
55,Wisconsin,55107,Rusk,2016,2020,Black (includes Hispanic),
55,Wisconsin,55107,Rusk,2016,2020,Hispanic (all races),
55,Wisconsin,55107,Rusk,2016,2020,American Indian/Alaskan Native (includes Hispanic),
55,Wisconsin,55107,Rusk,2016,2020,White (includes Hispanic),5.7
55,Wisconsin,55111,Sauk,2011,2015,Asian/Pacific Islander (includes Hispanic),
55,Wisconsin,55111,Sauk,2011,2015,Black (includes Hispanic),
55,Wisconsin,55111,Sauk,2011,2015,Hispanic (all races),
55,Wisconsin,55111,Sauk,2011,2015,American Indian/Alaskan Native (includes Hispanic),
55,Wisconsin,55111,Sauk,2011,2015,White (includes Hispanic),6.2
55,Wisconsin,55111,Sauk,2012,2016,Asian/Pacific Islander (includes Hispanic),
55,Wisconsin,55111,Sauk,2012,2016,Black (includes Hispanic),
55,Wisconsin,55111,Sauk,2012,2016,Hispanic (all races),
55,Wisconsin,55111,Sauk,2012,2016,American Indian/Alaskan Native (includes Hispanic),
55,Wisconsin,55111,Sauk,2012,2016,White (includes Hispanic),7.2
55,Wisconsin,55111,Sauk,2013,2017,Asian/Pacific Islander (includes Hispanic),
55,Wisconsin,55111,Sauk,2013,2017,Black (includes Hispanic),
55,Wisconsin,55111,Sauk,2013,2017,Hispanic (all races),
55,Wisconsin,55111,Sauk,2013,2017,American Indian/Alaskan Native (includes Hispanic),
55,Wisconsin,55111,Sauk,2013,2017,White (includes Hispanic),6.8
55,Wisconsin,55111,Sauk,2014,2018,Asian/Pacific Islander (includes Hispanic),
55,Wisconsin,55111,Sauk,2014,2018,Black (includes Hispanic),
55,Wisconsin,55111,Sauk,2014,2018,Hispanic (all races),
55,Wisconsin,55111,Sauk,2014,2018,American Indian/Alaskan Native (includes Hispanic),
55,Wisconsin,55111,Sauk,2014,2018,White (includes Hispanic),6.8
55,Wisconsin,55111,Sauk,2015,2019,Asian/Pacific Islander (includes Hispanic),
55,Wisconsin,55111,Sauk,2015,2019,Black (includes Hispanic),
55,Wisconsin,55111,Sauk,2015,2019,Hispanic (all races),
55,Wisconsin,55111,Sauk,2015,2019,American Indian/Alaskan Native (includes Hispanic),
55,Wisconsin,55111,Sauk,2015,2019,White (includes Hispanic),6.6
55,Wisconsin,55111,Sauk,2016,2020,Asian/Pacific Islander (includes Hispanic),
55,Wisconsin,55111,Sauk,2016,2020,Black (includes Hispanic),
55,Wisconsin,55111,Sauk,2016,2020,Hispanic (all races),
55,Wisconsin,55111,Sauk,2016,2020,American Indian/Alaskan Native (includes Hispanic),
55,Wisconsin,55111,Sauk,2016,2020,White (includes Hispanic),6.6
55,Wisconsin,55113,Sawyer,2011,2015,Asian/Pacific Islander (includes Hispanic),
55,Wisconsin,55113,Sawyer,2011,2015,Black (includes Hispanic),
55,Wisconsin,55113,Sawyer,2011,2015,Hispanic (all races),
55,Wisconsin,55113,Sawyer,2011,2015,American Indian/Alaskan Native (includes Hispanic),
55,Wisconsin,55113,Sawyer,2011,2015,White (includes Hispanic),5.8
55,Wisconsin,55113,Sawyer,2012,2016,Asian/Pacific Islander (includes Hispanic),
55,Wisconsin,55113,Sawyer,2012,2016,Black (includes Hispanic),
55,Wisconsin,55113,Sawyer,2012,2016,Hispanic (all races),
55,Wisconsin,55113,Sawyer,2012,2016,American Indian/Alaskan Native (includes Hispanic),
55,Wisconsin,55113,Sawyer,2012,2016,White (includes Hispanic),5.6
55,Wisconsin,55113,Sawyer,2013,2017,Asian/Pacific Islander (includes Hispanic),
55,Wisconsin,55113,Sawyer,2013,2017,Black (includes Hispanic),
55,Wisconsin,55113,Sawyer,2013,2017,Hispanic (all races),
55,Wisconsin,55113,Sawyer,2013,2017,American Indian/Alaskan Native (includes Hispanic),
55,Wisconsin,55113,Sawyer,2013,2017,White (includes Hispanic),4.3
55,Wisconsin,55113,Sawyer,2014,2018,Asian/Pacific Islander (includes Hispanic),
55,Wisconsin,55113,Sawyer,2014,2018,Black (includes Hispanic),
55,Wisconsin,55113,Sawyer,2014,2018,Hispanic (all races),
55,Wisconsin,55113,Sawyer,2014,2018,American Indian/Alaskan Native (includes Hispanic),
55,Wisconsin,55113,Sawyer,2014,2018,White (includes Hispanic),4.3
55,Wisconsin,55113,Sawyer,2015,2019,Asian/Pacific Islander (includes Hispanic),
55,Wisconsin,55113,Sawyer,2015,2019,Black (includes Hispanic),
55,Wisconsin,55113,Sawyer,2015,2019,Hispanic (all races),
55,Wisconsin,55113,Sawyer,2015,2019,American Indian/Alaskan Native (includes Hispanic),
55,Wisconsin,55113,Sawyer,2015,2019,White (includes Hispanic),4.9
55,Wisconsin,55113,Sawyer,2016,2020,Asian/Pacific Islander (includes Hispanic),
55,Wisconsin,55113,Sawyer,2016,2020,Black (includes Hispanic),
55,Wisconsin,55113,Sawyer,2016,2020,Hispanic (all races),
55,Wisconsin,55113,Sawyer,2016,2020,American Indian/Alaskan Native (includes Hispanic),
55,Wisconsin,55113,Sawyer,2016,2020,White (includes Hispanic),4.8
55,Wisconsin,55115,Shawano,2011,2015,Asian/Pacific Islander (includes Hispanic),
55,Wisconsin,55115,Shawano,2011,2015,Black (includes Hispanic),
55,Wisconsin,55115,Shawano,2011,2015,Hispanic (all races),
55,Wisconsin,55115,Shawano,2011,2015,American Indian/Alaskan Native (includes Hispanic),
55,Wisconsin,55115,Shawano,2011,2015,White (includes Hispanic),5.0
55,Wisconsin,55115,Shawano,2012,2016,Asian/Pacific Islander (includes Hispanic),
55,Wisconsin,55115,Shawano,2012,2016,Black (includes Hispanic),
55,Wisconsin,55115,Shawano,2012,2016,Hispanic (all races),
55,Wisconsin,55115,Shawano,2012,2016,American Indian/Alaskan Native (includes Hispanic),
55,Wisconsin,55115,Shawano,2012,2016,White (includes Hispanic),5.5
55,Wisconsin,55115,Shawano,2013,2017,Asian/Pacific Islander (includes Hispanic),
55,Wisconsin,55115,Shawano,2013,2017,Black (includes Hispanic),
55,Wisconsin,55115,Shawano,2013,2017,Hispanic (all races),
55,Wisconsin,55115,Shawano,2013,2017,American Indian/Alaskan Native (includes Hispanic),
55,Wisconsin,55115,Shawano,2013,2017,White (includes Hispanic),5.5
55,Wisconsin,55115,Shawano,2014,2018,Asian/Pacific Islander (includes Hispanic),
55,Wisconsin,55115,Shawano,2014,2018,Black (includes Hispanic),
55,Wisconsin,55115,Shawano,2014,2018,Hispanic (all races),
55,Wisconsin,55115,Shawano,2014,2018,American Indian/Alaskan Native (includes Hispanic),
55,Wisconsin,55115,Shawano,2014,2018,White (includes Hispanic),6.0
55,Wisconsin,55115,Shawano,2015,2019,Asian/Pacific Islander (includes Hispanic),
55,Wisconsin,55115,Shawano,2015,2019,Black (includes Hispanic),
55,Wisconsin,55115,Shawano,2015,2019,Hispanic (all races),
55,Wisconsin,55115,Shawano,2015,2019,American Indian/Alaskan Native (includes Hispanic),
55,Wisconsin,55115,Shawano,2015,2019,White (includes Hispanic),6.5
55,Wisconsin,55115,Shawano,2016,2020,Asian/Pacific Islander (includes Hispanic),
55,Wisconsin,55115,Shawano,2016,2020,Black (includes Hispanic),
55,Wisconsin,55115,Shawano,2016,2020,Hispanic (all races),
55,Wisconsin,55115,Shawano,2016,2020,American Indian/Alaskan Native (includes Hispanic),
55,Wisconsin,55115,Shawano,2016,2020,White (includes Hispanic),6.0
55,Wisconsin,55117,Sheboygan,2011,2015,Asian/Pacific Islander (includes Hispanic),
55,Wisconsin,55117,Sheboygan,2011,2015,Black (includes Hispanic),
55,Wisconsin,55117,Sheboygan,2011,2015,Hispanic (all races),
55,Wisconsin,55117,Sheboygan,2011,2015,American Indian/Alaskan Native (includes Hispanic),
55,Wisconsin,55117,Sheboygan,2011,2015,White (includes Hispanic),5.3
55,Wisconsin,55117,Sheboygan,2012,2016,Asian/Pacific Islander (includes Hispanic),
55,Wisconsin,55117,Sheboygan,2012,2016,Black (includes Hispanic),
55,Wisconsin,55117,Sheboygan,2012,2016,Hispanic (all races),
55,Wisconsin,55117,Sheboygan,2012,2016,American Indian/Alaskan Native (includes Hispanic),
55,Wisconsin,55117,Sheboygan,2012,2016,White (includes Hispanic),5.4
55,Wisconsin,55117,Sheboygan,2013,2017,Asian/Pacific Islander (includes Hispanic),
55,Wisconsin,55117,Sheboygan,2013,2017,Black (includes Hispanic),
55,Wisconsin,55117,Sheboygan,2013,2017,Hispanic (all races),
55,Wisconsin,55117,Sheboygan,2013,2017,American Indian/Alaskan Native (includes Hispanic),
55,Wisconsin,55117,Sheboygan,2013,2017,White (includes Hispanic),5.5
55,Wisconsin,55117,Sheboygan,2014,2018,Asian/Pacific Islander (includes Hispanic),
55,Wisconsin,55117,Sheboygan,2014,2018,Black (includes Hispanic),
55,Wisconsin,55117,Sheboygan,2014,2018,Hispanic (all races),
55,Wisconsin,55117,Sheboygan,2014,2018,American Indian/Alaskan Native (includes Hispanic),
55,Wisconsin,55117,Sheboygan,2014,2018,White (includes Hispanic),5.9
55,Wisconsin,55117,Sheboygan,2015,2019,Asian/Pacific Islander (includes Hispanic),
55,Wisconsin,55117,Sheboygan,2015,2019,Black (includes Hispanic),
55,Wisconsin,55117,Sheboygan,2015,2019,Hispanic (all races),
55,Wisconsin,55117,Sheboygan,2015,2019,American Indian/Alaskan Native (includes Hispanic),
55,Wisconsin,55117,Sheboygan,2015,2019,White (includes Hispanic),5.3
55,Wisconsin,55117,Sheboygan,2016,2020,Asian/Pacific Islander (includes Hispanic),
55,Wisconsin,55117,Sheboygan,2016,2020,Black (includes Hispanic),
55,Wisconsin,55117,Sheboygan,2016,2020,Hispanic (all races),
55,Wisconsin,55117,Sheboygan,2016,2020,American Indian/Alaskan Native (includes Hispanic),
55,Wisconsin,55117,Sheboygan,2016,2020,White (includes Hispanic),4.8
55,Wisconsin,55109,St. Croix,2011,2015,Asian/Pacific Islander (includes Hispanic),
55,Wisconsin,55109,St. Croix,2011,2015,Black (includes Hispanic),
55,Wisconsin,55109,St. Croix,2011,2015,Hispanic (all races),
55,Wisconsin,55109,St. Croix,2011,2015,American Indian/Alaskan Native (includes Hispanic),
55,Wisconsin,55109,St. Croix,2011,2015,White (includes Hispanic),5.2
55,Wisconsin,55109,St. Croix,2012,2016,Asian/Pacific Islander (includes Hispanic),
55,Wisconsin,55109,St. Croix,2012,2016,Black (includes Hispanic),
55,Wisconsin,55109,St. Croix,2012,2016,Hispanic (all races),
55,Wisconsin,55109,St. Croix,2012,2016,American Indian/Alaskan Native (includes Hispanic),
55,Wisconsin,55109,St. Croix,2012,2016,White (includes Hispanic),4.5
55,Wisconsin,55109,St. Croix,2013,2017,Asian/Pacific Islander (includes Hispanic),
55,Wisconsin,55109,St. Croix,2013,2017,Black (includes Hispanic),
55,Wisconsin,55109,St. Croix,2013,2017,Hispanic (all races),
55,Wisconsin,55109,St. Croix,2013,2017,American Indian/Alaskan Native (includes Hispanic),
55,Wisconsin,55109,St. Croix,2013,2017,White (includes Hispanic),3.7
55,Wisconsin,55109,St. Croix,2014,2018,Asian/Pacific Islander (includes Hispanic),
55,Wisconsin,55109,St. Croix,2014,2018,Black (includes Hispanic),
55,Wisconsin,55109,St. Croix,2014,2018,Hispanic (all races),
55,Wisconsin,55109,St. Croix,2014,2018,American Indian/Alaskan Native (includes Hispanic),
55,Wisconsin,55109,St. Croix,2014,2018,White (includes Hispanic),3.9
55,Wisconsin,55109,St. Croix,2015,2019,Asian/Pacific Islander (includes Hispanic),
55,Wisconsin,55109,St. Croix,2015,2019,Black (includes Hispanic),
55,Wisconsin,55109,St. Croix,2015,2019,Hispanic (all races),
55,Wisconsin,55109,St. Croix,2015,2019,American Indian/Alaskan Native (includes Hispanic),
55,Wisconsin,55109,St. Croix,2015,2019,White (includes Hispanic),3.7
55,Wisconsin,55109,St. Croix,2016,2020,Asian/Pacific Islander (includes Hispanic),
55,Wisconsin,55109,St. Croix,2016,2020,Black (includes Hispanic),
55,Wisconsin,55109,St. Croix,2016,2020,Hispanic (all races),
55,Wisconsin,55109,St. Croix,2016,2020,American Indian/Alaskan Native (includes Hispanic),
55,Wisconsin,55109,St. Croix,2016,2020,White (includes Hispanic),3.5
55,Wisconsin,55119,Taylor,2011,2015,Asian/Pacific Islander (includes Hispanic),
55,Wisconsin,55119,Taylor,2011,2015,Black (includes Hispanic),
55,Wisconsin,55119,Taylor,2011,2015,Hispanic (all races),
55,Wisconsin,55119,Taylor,2011,2015,American Indian/Alaskan Native (includes Hispanic),
55,Wisconsin,55119,Taylor,2011,2015,White (includes Hispanic),5.6
55,Wisconsin,55119,Taylor,2012,2016,Asian/Pacific Islander (includes Hispanic),
55,Wisconsin,55119,Taylor,2012,2016,Black (includes Hispanic),
55,Wisconsin,55119,Taylor,2012,2016,Hispanic (all races),
55,Wisconsin,55119,Taylor,2012,2016,American Indian/Alaskan Native (includes Hispanic),
55,Wisconsin,55119,Taylor,2012,2016,White (includes Hispanic),6.4
55,Wisconsin,55119,Taylor,2013,2017,Asian/Pacific Islander (includes Hispanic),
55,Wisconsin,55119,Taylor,2013,2017,Black (includes Hispanic),
55,Wisconsin,55119,Taylor,2013,2017,Hispanic (all races),
55,Wisconsin,55119,Taylor,2013,2017,American Indian/Alaskan Native (includes Hispanic),
55,Wisconsin,55119,Taylor,2013,2017,White (includes Hispanic),6.0
55,Wisconsin,55119,Taylor,2014,2018,Asian/Pacific Islander (includes Hispanic),
55,Wisconsin,55119,Taylor,2014,2018,Black (includes Hispanic),
55,Wisconsin,55119,Taylor,2014,2018,Hispanic (all races),
55,Wisconsin,55119,Taylor,2014,2018,American Indian/Alaskan Native (includes Hispanic),
55,Wisconsin,55119,Taylor,2014,2018,White (includes Hispanic),6.0
55,Wisconsin,55119,Taylor,2015,2019,Asian/Pacific Islander (includes Hispanic),
55,Wisconsin,55119,Taylor,2015,2019,Black (includes Hispanic),
55,Wisconsin,55119,Taylor,2015,2019,Hispanic (all races),
55,Wisconsin,55119,Taylor,2015,2019,American Indian/Alaskan Native (includes Hispanic),
55,Wisconsin,55119,Taylor,2015,2019,White (includes Hispanic),5.8
55,Wisconsin,55119,Taylor,2016,2020,Asian/Pacific Islander (includes Hispanic),
55,Wisconsin,55119,Taylor,2016,2020,Black (includes Hispanic),
55,Wisconsin,55119,Taylor,2016,2020,Hispanic (all races),
55,Wisconsin,55119,Taylor,2016,2020,American Indian/Alaskan Native (includes Hispanic),
55,Wisconsin,55119,Taylor,2016,2020,White (includes Hispanic),5.7
55,Wisconsin,55121,Trempealeau,2011,2015,Asian/Pacific Islander (includes Hispanic),
55,Wisconsin,55121,Trempealeau,2011,2015,Black (includes Hispanic),
55,Wisconsin,55121,Trempealeau,2011,2015,Hispanic (all races),
55,Wisconsin,55121,Trempealeau,2011,2015,American Indian/Alaskan Native (includes Hispanic),
55,Wisconsin,55121,Trempealeau,2011,2015,White (includes Hispanic),6.1
55,Wisconsin,55121,Trempealeau,2012,2016,Asian/Pacific Islander (includes Hispanic),
55,Wisconsin,55121,Trempealeau,2012,2016,Black (includes Hispanic),
55,Wisconsin,55121,Trempealeau,2012,2016,Hispanic (all races),
55,Wisconsin,55121,Trempealeau,2012,2016,American Indian/Alaskan Native (includes Hispanic),
55,Wisconsin,55121,Trempealeau,2012,2016,White (includes Hispanic),6.5
55,Wisconsin,55121,Trempealeau,2013,2017,Asian/Pacific Islander (includes Hispanic),
55,Wisconsin,55121,Trempealeau,2013,2017,Black (includes Hispanic),
55,Wisconsin,55121,Trempealeau,2013,2017,Hispanic (all races),
55,Wisconsin,55121,Trempealeau,2013,2017,American Indian/Alaskan Native (includes Hispanic),
55,Wisconsin,55121,Trempealeau,2013,2017,White (includes Hispanic),6.1
55,Wisconsin,55121,Trempealeau,2014,2018,Asian/Pacific Islander (includes Hispanic),
55,Wisconsin,55121,Trempealeau,2014,2018,Black (includes Hispanic),
55,Wisconsin,55121,Trempealeau,2014,2018,Hispanic (all races),
55,Wisconsin,55121,Trempealeau,2014,2018,American Indian/Alaskan Native (includes Hispanic),
55,Wisconsin,55121,Trempealeau,2014,2018,White (includes Hispanic),4.9
55,Wisconsin,55121,Trempealeau,2015,2019,Asian/Pacific Islander (includes Hispanic),
55,Wisconsin,55121,Trempealeau,2015,2019,Black (includes Hispanic),
55,Wisconsin,55121,Trempealeau,2015,2019,Hispanic (all races),
55,Wisconsin,55121,Trempealeau,2015,2019,American Indian/Alaskan Native (includes Hispanic),
55,Wisconsin,55121,Trempealeau,2015,2019,White (includes Hispanic),4.8
55,Wisconsin,55121,Trempealeau,2016,2020,Asian/Pacific Islander (includes Hispanic),
55,Wisconsin,55121,Trempealeau,2016,2020,Black (includes Hispanic),
55,Wisconsin,55121,Trempealeau,2016,2020,Hispanic (all races),
55,Wisconsin,55121,Trempealeau,2016,2020,American Indian/Alaskan Native (includes Hispanic),
55,Wisconsin,55121,Trempealeau,2016,2020,White (includes Hispanic),3.9
55,Wisconsin,55123,Vernon,2011,2015,Asian/Pacific Islander (includes Hispanic),
55,Wisconsin,55123,Vernon,2011,2015,Black (includes Hispanic),
55,Wisconsin,55123,Vernon,2011,2015,Hispanic (all races),
55,Wisconsin,55123,Vernon,2011,2015,American Indian/Alaskan Native (includes Hispanic),
55,Wisconsin,55123,Vernon,2011,2015,White (includes Hispanic),5.9
55,Wisconsin,55123,Vernon,2012,2016,Asian/Pacific Islander (includes Hispanic),
55,Wisconsin,55123,Vernon,2012,2016,Black (includes Hispanic),
55,Wisconsin,55123,Vernon,2012,2016,Hispanic (all races),
55,Wisconsin,55123,Vernon,2012,2016,American Indian/Alaskan Native (includes Hispanic),
55,Wisconsin,55123,Vernon,2012,2016,White (includes Hispanic),5.3
55,Wisconsin,55123,Vernon,2013,2017,Asian/Pacific Islander (includes Hispanic),
55,Wisconsin,55123,Vernon,2013,2017,Black (includes Hispanic),
55,Wisconsin,55123,Vernon,2013,2017,Hispanic (all races),
55,Wisconsin,55123,Vernon,2013,2017,American Indian/Alaskan Native (includes Hispanic),
55,Wisconsin,55123,Vernon,2013,2017,White (includes Hispanic),5.2
55,Wisconsin,55123,Vernon,2014,2018,Asian/Pacific Islander (includes Hispanic),
55,Wisconsin,55123,Vernon,2014,2018,Black (includes Hispanic),
55,Wisconsin,55123,Vernon,2014,2018,Hispanic (all races),
55,Wisconsin,55123,Vernon,2014,2018,American Indian/Alaskan Native (includes Hispanic),
55,Wisconsin,55123,Vernon,2014,2018,White (includes Hispanic),5.5
55,Wisconsin,55123,Vernon,2015,2019,Asian/Pacific Islander (includes Hispanic),
55,Wisconsin,55123,Vernon,2015,2019,Black (includes Hispanic),
55,Wisconsin,55123,Vernon,2015,2019,Hispanic (all races),
55,Wisconsin,55123,Vernon,2015,2019,American Indian/Alaskan Native (includes Hispanic),
55,Wisconsin,55123,Vernon,2015,2019,White (includes Hispanic),5.0
55,Wisconsin,55123,Vernon,2016,2020,Asian/Pacific Islander (includes Hispanic),
55,Wisconsin,55123,Vernon,2016,2020,Black (includes Hispanic),
55,Wisconsin,55123,Vernon,2016,2020,Hispanic (all races),
55,Wisconsin,55123,Vernon,2016,2020,American Indian/Alaskan Native (includes Hispanic),
55,Wisconsin,55123,Vernon,2016,2020,White (includes Hispanic),4.6
55,Wisconsin,55125,Vilas,2011,2015,Asian/Pacific Islander (includes Hispanic),
55,Wisconsin,55125,Vilas,2011,2015,Black (includes Hispanic),
55,Wisconsin,55125,Vilas,2011,2015,Hispanic (all races),
55,Wisconsin,55125,Vilas,2011,2015,American Indian/Alaskan Native (includes Hispanic),
55,Wisconsin,55125,Vilas,2011,2015,White (includes Hispanic),
55,Wisconsin,55125,Vilas,2012,2016,Asian/Pacific Islander (includes Hispanic),
55,Wisconsin,55125,Vilas,2012,2016,Black (includes Hispanic),
55,Wisconsin,55125,Vilas,2012,2016,Hispanic (all races),
55,Wisconsin,55125,Vilas,2012,2016,American Indian/Alaskan Native (includes Hispanic),
55,Wisconsin,55125,Vilas,2012,2016,White (includes Hispanic),
55,Wisconsin,55125,Vilas,2013,2017,Asian/Pacific Islander (includes Hispanic),
55,Wisconsin,55125,Vilas,2013,2017,Black (includes Hispanic),
55,Wisconsin,55125,Vilas,2013,2017,Hispanic (all races),
55,Wisconsin,55125,Vilas,2013,2017,American Indian/Alaskan Native (includes Hispanic),
55,Wisconsin,55125,Vilas,2013,2017,White (includes Hispanic),
55,Wisconsin,55125,Vilas,2014,2018,Asian/Pacific Islander (includes Hispanic),
55,Wisconsin,55125,Vilas,2014,2018,Black (includes Hispanic),
55,Wisconsin,55125,Vilas,2014,2018,Hispanic (all races),
55,Wisconsin,55125,Vilas,2014,2018,American Indian/Alaskan Native (includes Hispanic),
55,Wisconsin,55125,Vilas,2014,2018,White (includes Hispanic),
55,Wisconsin,55125,Vilas,2015,2019,Asian/Pacific Islander (includes Hispanic),
55,Wisconsin,55125,Vilas,2015,2019,Black (includes Hispanic),
55,Wisconsin,55125,Vilas,2015,2019,Hispanic (all races),
55,Wisconsin,55125,Vilas,2015,2019,American Indian/Alaskan Native (includes Hispanic),
55,Wisconsin,55125,Vilas,2015,2019,White (includes Hispanic),
55,Wisconsin,55125,Vilas,2016,2020,Asian/Pacific Islander (includes Hispanic),
55,Wisconsin,55125,Vilas,2016,2020,Black (includes Hispanic),
55,Wisconsin,55125,Vilas,2016,2020,Hispanic (all races),
55,Wisconsin,55125,Vilas,2016,2020,American Indian/Alaskan Native (includes Hispanic),
55,Wisconsin,55125,Vilas,2016,2020,White (includes Hispanic),
55,Wisconsin,55127,Walworth,2011,2015,Asian/Pacific Islander (includes Hispanic),
55,Wisconsin,55127,Walworth,2011,2015,Black (includes Hispanic),
55,Wisconsin,55127,Walworth,2011,2015,Hispanic (all races),
55,Wisconsin,55127,Walworth,2011,2015,American Indian/Alaskan Native (includes Hispanic),
55,Wisconsin,55127,Walworth,2011,2015,White (includes Hispanic),5.8
55,Wisconsin,55127,Walworth,2012,2016,Asian/Pacific Islander (includes Hispanic),
55,Wisconsin,55127,Walworth,2012,2016,Black (includes Hispanic),
55,Wisconsin,55127,Walworth,2012,2016,Hispanic (all races),
55,Wisconsin,55127,Walworth,2012,2016,American Indian/Alaskan Native (includes Hispanic),
55,Wisconsin,55127,Walworth,2012,2016,White (includes Hispanic),6.0
55,Wisconsin,55127,Walworth,2013,2017,Asian/Pacific Islander (includes Hispanic),
55,Wisconsin,55127,Walworth,2013,2017,Black (includes Hispanic),
55,Wisconsin,55127,Walworth,2013,2017,Hispanic (all races),
55,Wisconsin,55127,Walworth,2013,2017,American Indian/Alaskan Native (includes Hispanic),
55,Wisconsin,55127,Walworth,2013,2017,White (includes Hispanic),6.1
55,Wisconsin,55127,Walworth,2014,2018,Asian/Pacific Islander (includes Hispanic),
55,Wisconsin,55127,Walworth,2014,2018,Black (includes Hispanic),
55,Wisconsin,55127,Walworth,2014,2018,Hispanic (all races),
55,Wisconsin,55127,Walworth,2014,2018,American Indian/Alaskan Native (includes Hispanic),
55,Wisconsin,55127,Walworth,2014,2018,White (includes Hispanic),6.3
55,Wisconsin,55127,Walworth,2015,2019,Asian/Pacific Islander (includes Hispanic),
55,Wisconsin,55127,Walworth,2015,2019,Black (includes Hispanic),
55,Wisconsin,55127,Walworth,2015,2019,Hispanic (all races),
55,Wisconsin,55127,Walworth,2015,2019,American Indian/Alaskan Native (includes Hispanic),
55,Wisconsin,55127,Walworth,2015,2019,White (includes Hispanic),6.6
55,Wisconsin,55127,Walworth,2016,2020,Asian/Pacific Islander (includes Hispanic),
55,Wisconsin,55127,Walworth,2016,2020,Black (includes Hispanic),
55,Wisconsin,55127,Walworth,2016,2020,Hispanic (all races),
55,Wisconsin,55127,Walworth,2016,2020,American Indian/Alaskan Native (includes Hispanic),
55,Wisconsin,55127,Walworth,2016,2020,White (includes Hispanic),6.6
55,Wisconsin,55129,Washburn,2011,2015,Asian/Pacific Islander (includes Hispanic),
55,Wisconsin,55129,Washburn,2011,2015,Black (includes Hispanic),
55,Wisconsin,55129,Washburn,2011,2015,Hispanic (all races),
55,Wisconsin,55129,Washburn,2011,2015,American Indian/Alaskan Native (includes Hispanic),
55,Wisconsin,55129,Washburn,2011,2015,White (includes Hispanic),6.8
55,Wisconsin,55129,Washburn,2012,2016,Asian/Pacific Islander (includes Hispanic),
55,Wisconsin,55129,Washburn,2012,2016,Black (includes Hispanic),
55,Wisconsin,55129,Washburn,2012,2016,Hispanic (all races),
55,Wisconsin,55129,Washburn,2012,2016,American Indian/Alaskan Native (includes Hispanic),
55,Wisconsin,55129,Washburn,2012,2016,White (includes Hispanic),5.8
55,Wisconsin,55129,Washburn,2013,2017,Asian/Pacific Islander (includes Hispanic),
55,Wisconsin,55129,Washburn,2013,2017,Black (includes Hispanic),
55,Wisconsin,55129,Washburn,2013,2017,Hispanic (all races),
55,Wisconsin,55129,Washburn,2013,2017,American Indian/Alaskan Native (includes Hispanic),
55,Wisconsin,55129,Washburn,2013,2017,White (includes Hispanic),4.8
55,Wisconsin,55129,Washburn,2014,2018,Asian/Pacific Islander (includes Hispanic),
55,Wisconsin,55129,Washburn,2014,2018,Black (includes Hispanic),
55,Wisconsin,55129,Washburn,2014,2018,Hispanic (all races),
55,Wisconsin,55129,Washburn,2014,2018,American Indian/Alaskan Native (includes Hispanic),
55,Wisconsin,55129,Washburn,2014,2018,White (includes Hispanic),4.7
55,Wisconsin,55129,Washburn,2015,2019,Asian/Pacific Islander (includes Hispanic),
55,Wisconsin,55129,Washburn,2015,2019,Black (includes Hispanic),
55,Wisconsin,55129,Washburn,2015,2019,Hispanic (all races),
55,Wisconsin,55129,Washburn,2015,2019,American Indian/Alaskan Native (includes Hispanic),
55,Wisconsin,55129,Washburn,2015,2019,White (includes Hispanic),4.9
55,Wisconsin,55129,Washburn,2016,2020,Asian/Pacific Islander (includes Hispanic),
55,Wisconsin,55129,Washburn,2016,2020,Black (includes Hispanic),
55,Wisconsin,55129,Washburn,2016,2020,Hispanic (all races),
55,Wisconsin,55129,Washburn,2016,2020,American Indian/Alaskan Native (includes Hispanic),
55,Wisconsin,55129,Washburn,2016,2020,White (includes Hispanic),5.1
55,Wisconsin,55131,Washington,2011,2015,Asian/Pacific Islander (includes Hispanic),
55,Wisconsin,55131,Washington,2011,2015,Black (includes Hispanic),13.3
55,Wisconsin,55131,Washington,2011,2015,Hispanic (all races),
55,Wisconsin,55131,Washington,2011,2015,American Indian/Alaskan Native (includes Hispanic),
55,Wisconsin,55131,Washington,2011,2015,White (includes Hispanic),5.8
55,Wisconsin,55131,Washington,2012,2016,Asian/Pacific Islander (includes Hispanic),
55,Wisconsin,55131,Washington,2012,2016,Black (includes Hispanic),11.7
55,Wisconsin,55131,Washington,2012,2016,Hispanic (all races),
55,Wisconsin,55131,Washington,2012,2016,American Indian/Alaskan Native (includes Hispanic),
55,Wisconsin,55131,Washington,2012,2016,White (includes Hispanic),5.7
55,Wisconsin,55131,Washington,2013,2017,Asian/Pacific Islander (includes Hispanic),
55,Wisconsin,55131,Washington,2013,2017,Black (includes Hispanic),11.9
55,Wisconsin,55131,Washington,2013,2017,Hispanic (all races),
55,Wisconsin,55131,Washington,2013,2017,American Indian/Alaskan Native (includes Hispanic),
55,Wisconsin,55131,Washington,2013,2017,White (includes Hispanic),6.2
55,Wisconsin,55131,Washington,2014,2018,Asian/Pacific Islander (includes Hispanic),
55,Wisconsin,55131,Washington,2014,2018,Black (includes Hispanic),12.0
55,Wisconsin,55131,Washington,2014,2018,Hispanic (all races),
55,Wisconsin,55131,Washington,2014,2018,American Indian/Alaskan Native (includes Hispanic),
55,Wisconsin,55131,Washington,2014,2018,White (includes Hispanic),6.3
55,Wisconsin,55131,Washington,2015,2019,Asian/Pacific Islander (includes Hispanic),
55,Wisconsin,55131,Washington,2015,2019,Black (includes Hispanic),12.0
55,Wisconsin,55131,Washington,2015,2019,Hispanic (all races),
55,Wisconsin,55131,Washington,2015,2019,American Indian/Alaskan Native (includes Hispanic),
55,Wisconsin,55131,Washington,2015,2019,White (includes Hispanic),6.0
55,Wisconsin,55131,Washington,2016,2020,Asian/Pacific Islander (includes Hispanic),
55,Wisconsin,55131,Washington,2016,2020,Black (includes Hispanic),10.7
55,Wisconsin,55131,Washington,2016,2020,Hispanic (all races),
55,Wisconsin,55131,Washington,2016,2020,American Indian/Alaskan Native (includes Hispanic),
55,Wisconsin,55131,Washington,2016,2020,White (includes Hispanic),5.6
55,Wisconsin,55133,Waukesha,2011,2015,Asian/Pacific Islander (includes Hispanic),
55,Wisconsin,55133,Waukesha,2011,2015,Black (includes Hispanic),13.2
55,Wisconsin,55133,Waukesha,2011,2015,Hispanic (all races),
55,Wisconsin,55133,Waukesha,2011,2015,American Indian/Alaskan Native (includes Hispanic),
55,Wisconsin,55133,Waukesha,2011,2015,White (includes Hispanic),5.6
55,Wisconsin,55133,Waukesha,2012,2016,Asian/Pacific Islander (includes Hispanic),
55,Wisconsin,55133,Waukesha,2012,2016,Black (includes Hispanic),11.7
55,Wisconsin,55133,Waukesha,2012,2016,Hispanic (all races),
55,Wisconsin,55133,Waukesha,2012,2016,American Indian/Alaskan Native (includes Hispanic),
55,Wisconsin,55133,Waukesha,2012,2016,White (includes Hispanic),5.6
55,Wisconsin,55133,Waukesha,2013,2017,Asian/Pacific Islander (includes Hispanic),
55,Wisconsin,55133,Waukesha,2013,2017,Black (includes Hispanic),12.1
55,Wisconsin,55133,Waukesha,2013,2017,Hispanic (all races),
55,Wisconsin,55133,Waukesha,2013,2017,American Indian/Alaskan Native (includes Hispanic),
55,Wisconsin,55133,Waukesha,2013,2017,White (includes Hispanic),5.9
55,Wisconsin,55133,Waukesha,2014,2018,Asian/Pacific Islander (includes Hispanic),
55,Wisconsin,55133,Waukesha,2014,2018,Black (includes Hispanic),12.0
55,Wisconsin,55133,Waukesha,2014,2018,Hispanic (all races),
55,Wisconsin,55133,Waukesha,2014,2018,American Indian/Alaskan Native (includes Hispanic),
55,Wisconsin,55133,Waukesha,2014,2018,White (includes Hispanic),5.9
55,Wisconsin,55133,Waukesha,2015,2019,Asian/Pacific Islander (includes Hispanic),
55,Wisconsin,55133,Waukesha,2015,2019,Black (includes Hispanic),11.5
55,Wisconsin,55133,Waukesha,2015,2019,Hispanic (all races),
55,Wisconsin,55133,Waukesha,2015,2019,American Indian/Alaskan Native (includes Hispanic),
55,Wisconsin,55133,Waukesha,2015,2019,White (includes Hispanic),6.0
55,Wisconsin,55133,Waukesha,2016,2020,Asian/Pacific Islander (includes Hispanic),
55,Wisconsin,55133,Waukesha,2016,2020,Black (includes Hispanic),10.1
55,Wisconsin,55133,Waukesha,2016,2020,Hispanic (all races),
55,Wisconsin,55133,Waukesha,2016,2020,American Indian/Alaskan Native (includes Hispanic),
55,Wisconsin,55133,Waukesha,2016,2020,White (includes Hispanic),5.7
55,Wisconsin,55135,Waupaca,2011,2015,Asian/Pacific Islander (includes Hispanic),
55,Wisconsin,55135,Waupaca,2011,2015,Black (includes Hispanic),
55,Wisconsin,55135,Waupaca,2011,2015,Hispanic (all races),
55,Wisconsin,55135,Waupaca,2011,2015,American Indian/Alaskan Native (includes Hispanic),
55,Wisconsin,55135,Waupaca,2011,2015,White (includes Hispanic),4.5
55,Wisconsin,55135,Waupaca,2012,2016,Asian/Pacific Islander (includes Hispanic),
55,Wisconsin,55135,Waupaca,2012,2016,Black (includes Hispanic),
55,Wisconsin,55135,Waupaca,2012,2016,Hispanic (all races),
55,Wisconsin,55135,Waupaca,2012,2016,American Indian/Alaskan Native (includes Hispanic),
55,Wisconsin,55135,Waupaca,2012,2016,White (includes Hispanic),5.0
55,Wisconsin,55135,Waupaca,2013,2017,Asian/Pacific Islander (includes Hispanic),
55,Wisconsin,55135,Waupaca,2013,2017,Black (includes Hispanic),
55,Wisconsin,55135,Waupaca,2013,2017,Hispanic (all races),
55,Wisconsin,55135,Waupaca,2013,2017,American Indian/Alaskan Native (includes Hispanic),
55,Wisconsin,55135,Waupaca,2013,2017,White (includes Hispanic),5.0
55,Wisconsin,55135,Waupaca,2014,2018,Asian/Pacific Islander (includes Hispanic),
55,Wisconsin,55135,Waupaca,2014,2018,Black (includes Hispanic),
55,Wisconsin,55135,Waupaca,2014,2018,Hispanic (all races),
55,Wisconsin,55135,Waupaca,2014,2018,American Indian/Alaskan Native (includes Hispanic),
55,Wisconsin,55135,Waupaca,2014,2018,White (includes Hispanic),5.0
55,Wisconsin,55135,Waupaca,2015,2019,Asian/Pacific Islander (includes Hispanic),
55,Wisconsin,55135,Waupaca,2015,2019,Black (includes Hispanic),
55,Wisconsin,55135,Waupaca,2015,2019,Hispanic (all races),
55,Wisconsin,55135,Waupaca,2015,2019,American Indian/Alaskan Native (includes Hispanic),
55,Wisconsin,55135,Waupaca,2015,2019,White (includes Hispanic),6.0
55,Wisconsin,55135,Waupaca,2016,2020,Asian/Pacific Islander (includes Hispanic),
55,Wisconsin,55135,Waupaca,2016,2020,Black (includes Hispanic),
55,Wisconsin,55135,Waupaca,2016,2020,Hispanic (all races),
55,Wisconsin,55135,Waupaca,2016,2020,American Indian/Alaskan Native (includes Hispanic),
55,Wisconsin,55135,Waupaca,2016,2020,White (includes Hispanic),5.7
55,Wisconsin,55137,Waushara,2011,2015,Asian/Pacific Islander (includes Hispanic),
55,Wisconsin,55137,Waushara,2011,2015,Black (includes Hispanic),
55,Wisconsin,55137,Waushara,2011,2015,Hispanic (all races),
55,Wisconsin,55137,Waushara,2011,2015,American Indian/Alaskan Native (includes Hispanic),
55,Wisconsin,55137,Waushara,2011,2015,White (includes Hispanic),5.6
55,Wisconsin,55137,Waushara,2012,2016,Asian/Pacific Islander (includes Hispanic),
55,Wisconsin,55137,Waushara,2012,2016,Black (includes Hispanic),
55,Wisconsin,55137,Waushara,2012,2016,Hispanic (all races),
55,Wisconsin,55137,Waushara,2012,2016,American Indian/Alaskan Native (includes Hispanic),
55,Wisconsin,55137,Waushara,2012,2016,White (includes Hispanic),5.8
55,Wisconsin,55137,Waushara,2013,2017,Asian/Pacific Islander (includes Hispanic),
55,Wisconsin,55137,Waushara,2013,2017,Black (includes Hispanic),
55,Wisconsin,55137,Waushara,2013,2017,Hispanic (all races),
55,Wisconsin,55137,Waushara,2013,2017,American Indian/Alaskan Native (includes Hispanic),
55,Wisconsin,55137,Waushara,2013,2017,White (includes Hispanic),5.8
55,Wisconsin,55137,Waushara,2014,2018,Asian/Pacific Islander (includes Hispanic),
55,Wisconsin,55137,Waushara,2014,2018,Black (includes Hispanic),
55,Wisconsin,55137,Waushara,2014,2018,Hispanic (all races),
55,Wisconsin,55137,Waushara,2014,2018,American Indian/Alaskan Native (includes Hispanic),
55,Wisconsin,55137,Waushara,2014,2018,White (includes Hispanic),5.4
55,Wisconsin,55137,Waushara,2015,2019,Asian/Pacific Islander (includes Hispanic),
55,Wisconsin,55137,Waushara,2015,2019,Black (includes Hispanic),
55,Wisconsin,55137,Waushara,2015,2019,Hispanic (all races),
55,Wisconsin,55137,Waushara,2015,2019,American Indian/Alaskan Native (includes Hispanic),
55,Wisconsin,55137,Waushara,2015,2019,White (includes Hispanic),6.1
55,Wisconsin,55137,Waushara,2016,2020,Asian/Pacific Islander (includes Hispanic),
55,Wisconsin,55137,Waushara,2016,2020,Black (includes Hispanic),
55,Wisconsin,55137,Waushara,2016,2020,Hispanic (all races),
55,Wisconsin,55137,Waushara,2016,2020,American Indian/Alaskan Native (includes Hispanic),
55,Wisconsin,55137,Waushara,2016,2020,White (includes Hispanic),5.8
55,Wisconsin,55139,Winnebago,2011,2015,Asian/Pacific Islander (includes Hispanic),
55,Wisconsin,55139,Winnebago,2011,2015,Black (includes Hispanic),
55,Wisconsin,55139,Winnebago,2011,2015,Hispanic (all races),
55,Wisconsin,55139,Winnebago,2011,2015,American Indian/Alaskan Native (includes Hispanic),
55,Wisconsin,55139,Winnebago,2011,2015,White (includes Hispanic),4.7
55,Wisconsin,55139,Winnebago,2012,2016,Asian/Pacific Islander (includes Hispanic),
55,Wisconsin,55139,Winnebago,2012,2016,Black (includes Hispanic),
55,Wisconsin,55139,Winnebago,2012,2016,Hispanic (all races),
55,Wisconsin,55139,Winnebago,2012,2016,American Indian/Alaskan Native (includes Hispanic),
55,Wisconsin,55139,Winnebago,2012,2016,White (includes Hispanic),5.1
55,Wisconsin,55139,Winnebago,2013,2017,Asian/Pacific Islander (includes Hispanic),
55,Wisconsin,55139,Winnebago,2013,2017,Black (includes Hispanic),
55,Wisconsin,55139,Winnebago,2013,2017,Hispanic (all races),
55,Wisconsin,55139,Winnebago,2013,2017,American Indian/Alaskan Native (includes Hispanic),
55,Wisconsin,55139,Winnebago,2013,2017,White (includes Hispanic),5.0
55,Wisconsin,55139,Winnebago,2014,2018,Asian/Pacific Islander (includes Hispanic),
55,Wisconsin,55139,Winnebago,2014,2018,Black (includes Hispanic),
55,Wisconsin,55139,Winnebago,2014,2018,Hispanic (all races),
55,Wisconsin,55139,Winnebago,2014,2018,American Indian/Alaskan Native (includes Hispanic),
55,Wisconsin,55139,Winnebago,2014,2018,White (includes Hispanic),5.2
55,Wisconsin,55139,Winnebago,2015,2019,Asian/Pacific Islander (includes Hispanic),
55,Wisconsin,55139,Winnebago,2015,2019,Black (includes Hispanic),
55,Wisconsin,55139,Winnebago,2015,2019,Hispanic (all races),
55,Wisconsin,55139,Winnebago,2015,2019,American Indian/Alaskan Native (includes Hispanic),
55,Wisconsin,55139,Winnebago,2015,2019,White (includes Hispanic),5.7
55,Wisconsin,55139,Winnebago,2016,2020,Asian/Pacific Islander (includes Hispanic),
55,Wisconsin,55139,Winnebago,2016,2020,Black (includes Hispanic),
55,Wisconsin,55139,Winnebago,2016,2020,Hispanic (all races),
55,Wisconsin,55139,Winnebago,2016,2020,American Indian/Alaskan Native (includes Hispanic),
55,Wisconsin,55139,Winnebago,2016,2020,White (includes Hispanic),5.0
55,Wisconsin,55141,Wood,2011,2015,Asian/Pacific Islander (includes Hispanic),
55,Wisconsin,55141,Wood,2011,2015,Black (includes Hispanic),
55,Wisconsin,55141,Wood,2011,2015,Hispanic (all races),
55,Wisconsin,55141,Wood,2011,2015,American Indian/Alaskan Native (includes Hispanic),
55,Wisconsin,55141,Wood,2011,2015,White (includes Hispanic),5.3
55,Wisconsin,55141,Wood,2012,2016,Asian/Pacific Islander (includes Hispanic),
55,Wisconsin,55141,Wood,2012,2016,Black (includes Hispanic),
55,Wisconsin,55141,Wood,2012,2016,Hispanic (all races),
55,Wisconsin,55141,Wood,2012,2016,American Indian/Alaskan Native (includes Hispanic),
55,Wisconsin,55141,Wood,2012,2016,White (includes Hispanic),5.3
55,Wisconsin,55141,Wood,2013,2017,Asian/Pacific Islander (includes Hispanic),
55,Wisconsin,55141,Wood,2013,2017,Black (includes Hispanic),
55,Wisconsin,55141,Wood,2013,2017,Hispanic (all races),
55,Wisconsin,55141,Wood,2013,2017,American Indian/Alaskan Native (includes Hispanic),
55,Wisconsin,55141,Wood,2013,2017,White (includes Hispanic),5.6
55,Wisconsin,55141,Wood,2014,2018,Asian/Pacific Islander (includes Hispanic),
55,Wisconsin,55141,Wood,2014,2018,Black (includes Hispanic),
55,Wisconsin,55141,Wood,2014,2018,Hispanic (all races),
55,Wisconsin,55141,Wood,2014,2018,American Indian/Alaskan Native (includes Hispanic),
55,Wisconsin,55141,Wood,2014,2018,White (includes Hispanic),6.1
55,Wisconsin,55141,Wood,2015,2019,Asian/Pacific Islander (includes Hispanic),
55,Wisconsin,55141,Wood,2015,2019,Black (includes Hispanic),
55,Wisconsin,55141,Wood,2015,2019,Hispanic (all races),
55,Wisconsin,55141,Wood,2015,2019,American Indian/Alaskan Native (includes Hispanic),
55,Wisconsin,55141,Wood,2015,2019,White (includes Hispanic),5.6
55,Wisconsin,55141,Wood,2016,2020,Asian/Pacific Islander (includes Hispanic),
55,Wisconsin,55141,Wood,2016,2020,Black (includes Hispanic),
55,Wisconsin,55141,Wood,2016,2020,Hispanic (all races),
55,Wisconsin,55141,Wood,2016,2020,American Indian/Alaskan Native (includes Hispanic),
55,Wisconsin,55141,Wood,2016,2020,White (includes Hispanic),5.6
56,Wyoming,56001,Albany,2011,2015,Asian/Pacific Islander (includes Hispanic),
56,Wyoming,56001,Albany,2011,2015,Black (includes Hispanic),
56,Wyoming,56001,Albany,2011,2015,Hispanic (all races),
56,Wyoming,56001,Albany,2011,2015,American Indian/Alaskan Native (includes Hispanic),
56,Wyoming,56001,Albany,2011,2015,White (includes Hispanic),5.4
56,Wyoming,56001,Albany,2012,2016,Asian/Pacific Islander (includes Hispanic),
56,Wyoming,56001,Albany,2012,2016,Black (includes Hispanic),
56,Wyoming,56001,Albany,2012,2016,Hispanic (all races),
56,Wyoming,56001,Albany,2012,2016,American Indian/Alaskan Native (includes Hispanic),
56,Wyoming,56001,Albany,2012,2016,White (includes Hispanic),5.9
56,Wyoming,56001,Albany,2013,2017,Asian/Pacific Islander (includes Hispanic),
56,Wyoming,56001,Albany,2013,2017,Black (includes Hispanic),
56,Wyoming,56001,Albany,2013,2017,Hispanic (all races),
56,Wyoming,56001,Albany,2013,2017,American Indian/Alaskan Native (includes Hispanic),
56,Wyoming,56001,Albany,2013,2017,White (includes Hispanic),6.7
56,Wyoming,56001,Albany,2014,2018,Asian/Pacific Islander (includes Hispanic),
56,Wyoming,56001,Albany,2014,2018,Black (includes Hispanic),
56,Wyoming,56001,Albany,2014,2018,Hispanic (all races),
56,Wyoming,56001,Albany,2014,2018,American Indian/Alaskan Native (includes Hispanic),
56,Wyoming,56001,Albany,2014,2018,White (includes Hispanic),7.5
56,Wyoming,56001,Albany,2015,2019,Asian/Pacific Islander (includes Hispanic),
56,Wyoming,56001,Albany,2015,2019,Black (includes Hispanic),
56,Wyoming,56001,Albany,2015,2019,Hispanic (all races),
56,Wyoming,56001,Albany,2015,2019,American Indian/Alaskan Native (includes Hispanic),
56,Wyoming,56001,Albany,2015,2019,White (includes Hispanic),7.7
56,Wyoming,56001,Albany,2016,2020,Asian/Pacific Islander (includes Hispanic),
56,Wyoming,56001,Albany,2016,2020,Black (includes Hispanic),
56,Wyoming,56001,Albany,2016,2020,Hispanic (all races),
56,Wyoming,56001,Albany,2016,2020,American Indian/Alaskan Native (includes Hispanic),
56,Wyoming,56001,Albany,2016,2020,White (includes Hispanic),7.9
56,Wyoming,56003,Big Horn,2011,2015,Asian/Pacific Islander (includes Hispanic),
56,Wyoming,56003,Big Horn,2011,2015,Black (includes Hispanic),
56,Wyoming,56003,Big Horn,2011,2015,Hispanic (all races),
56,Wyoming,56003,Big Horn,2011,2015,American Indian/Alaskan Native (includes Hispanic),
56,Wyoming,56003,Big Horn,2011,2015,White (includes Hispanic),
56,Wyoming,56003,Big Horn,2012,2016,Asian/Pacific Islander (includes Hispanic),
56,Wyoming,56003,Big Horn,2012,2016,Black (includes Hispanic),
56,Wyoming,56003,Big Horn,2012,2016,Hispanic (all races),
56,Wyoming,56003,Big Horn,2012,2016,American Indian/Alaskan Native (includes Hispanic),
56,Wyoming,56003,Big Horn,2012,2016,White (includes Hispanic),
56,Wyoming,56003,Big Horn,2013,2017,Asian/Pacific Islander (includes Hispanic),
56,Wyoming,56003,Big Horn,2013,2017,Black (includes Hispanic),
56,Wyoming,56003,Big Horn,2013,2017,Hispanic (all races),
56,Wyoming,56003,Big Horn,2013,2017,American Indian/Alaskan Native (includes Hispanic),
56,Wyoming,56003,Big Horn,2013,2017,White (includes Hispanic),6.7
56,Wyoming,56003,Big Horn,2014,2018,Asian/Pacific Islander (includes Hispanic),
56,Wyoming,56003,Big Horn,2014,2018,Black (includes Hispanic),
56,Wyoming,56003,Big Horn,2014,2018,Hispanic (all races),
56,Wyoming,56003,Big Horn,2014,2018,American Indian/Alaskan Native (includes Hispanic),
56,Wyoming,56003,Big Horn,2014,2018,White (includes Hispanic),9.7
56,Wyoming,56003,Big Horn,2015,2019,Asian/Pacific Islander (includes Hispanic),
56,Wyoming,56003,Big Horn,2015,2019,Black (includes Hispanic),
56,Wyoming,56003,Big Horn,2015,2019,Hispanic (all races),
56,Wyoming,56003,Big Horn,2015,2019,American Indian/Alaskan Native (includes Hispanic),
56,Wyoming,56003,Big Horn,2015,2019,White (includes Hispanic),9.7
56,Wyoming,56003,Big Horn,2016,2020,Asian/Pacific Islander (includes Hispanic),
56,Wyoming,56003,Big Horn,2016,2020,Black (includes Hispanic),
56,Wyoming,56003,Big Horn,2016,2020,Hispanic (all races),
56,Wyoming,56003,Big Horn,2016,2020,American Indian/Alaskan Native (includes Hispanic),
56,Wyoming,56003,Big Horn,2016,2020,White (includes Hispanic),9.5
56,Wyoming,56005,Campbell,2011,2015,Asian/Pacific Islander (includes Hispanic),
56,Wyoming,56005,Campbell,2011,2015,Black (includes Hispanic),
56,Wyoming,56005,Campbell,2011,2015,Hispanic (all races),
56,Wyoming,56005,Campbell,2011,2015,American Indian/Alaskan Native (includes Hispanic),
56,Wyoming,56005,Campbell,2011,2015,White (includes Hispanic),7.3
56,Wyoming,56005,Campbell,2012,2016,Asian/Pacific Islander (includes Hispanic),
56,Wyoming,56005,Campbell,2012,2016,Black (includes Hispanic),
56,Wyoming,56005,Campbell,2012,2016,Hispanic (all races),
56,Wyoming,56005,Campbell,2012,2016,American Indian/Alaskan Native (includes Hispanic),
56,Wyoming,56005,Campbell,2012,2016,White (includes Hispanic),
56,Wyoming,56005,Campbell,2013,2017,Asian/Pacific Islander (includes Hispanic),
56,Wyoming,56005,Campbell,2013,2017,Black (includes Hispanic),
56,Wyoming,56005,Campbell,2013,2017,Hispanic (all races),
56,Wyoming,56005,Campbell,2013,2017,American Indian/Alaskan Native (includes Hispanic),
56,Wyoming,56005,Campbell,2013,2017,White (includes Hispanic),
56,Wyoming,56005,Campbell,2014,2018,Asian/Pacific Islander (includes Hispanic),
56,Wyoming,56005,Campbell,2014,2018,Black (includes Hispanic),
56,Wyoming,56005,Campbell,2014,2018,Hispanic (all races),
56,Wyoming,56005,Campbell,2014,2018,American Indian/Alaskan Native (includes Hispanic),
56,Wyoming,56005,Campbell,2014,2018,White (includes Hispanic),7.0
56,Wyoming,56005,Campbell,2015,2019,Asian/Pacific Islander (includes Hispanic),
56,Wyoming,56005,Campbell,2015,2019,Black (includes Hispanic),
56,Wyoming,56005,Campbell,2015,2019,Hispanic (all races),
56,Wyoming,56005,Campbell,2015,2019,American Indian/Alaskan Native (includes Hispanic),
56,Wyoming,56005,Campbell,2015,2019,White (includes Hispanic),7.7
56,Wyoming,56005,Campbell,2016,2020,Asian/Pacific Islander (includes Hispanic),
56,Wyoming,56005,Campbell,2016,2020,Black (includes Hispanic),
56,Wyoming,56005,Campbell,2016,2020,Hispanic (all races),
56,Wyoming,56005,Campbell,2016,2020,American Indian/Alaskan Native (includes Hispanic),
56,Wyoming,56005,Campbell,2016,2020,White (includes Hispanic),6.6
56,Wyoming,56007,Carbon,2011,2015,Asian/Pacific Islander (includes Hispanic),
56,Wyoming,56007,Carbon,2011,2015,Black (includes Hispanic),
56,Wyoming,56007,Carbon,2011,2015,Hispanic (all races),
56,Wyoming,56007,Carbon,2011,2015,American Indian/Alaskan Native (includes Hispanic),
56,Wyoming,56007,Carbon,2011,2015,White (includes Hispanic),6.9
56,Wyoming,56007,Carbon,2012,2016,Asian/Pacific Islander (includes Hispanic),
56,Wyoming,56007,Carbon,2012,2016,Black (includes Hispanic),
56,Wyoming,56007,Carbon,2012,2016,Hispanic (all races),
56,Wyoming,56007,Carbon,2012,2016,American Indian/Alaskan Native (includes Hispanic),
56,Wyoming,56007,Carbon,2012,2016,White (includes Hispanic),6.6
56,Wyoming,56007,Carbon,2013,2017,Asian/Pacific Islander (includes Hispanic),
56,Wyoming,56007,Carbon,2013,2017,Black (includes Hispanic),
56,Wyoming,56007,Carbon,2013,2017,Hispanic (all races),
56,Wyoming,56007,Carbon,2013,2017,American Indian/Alaskan Native (includes Hispanic),
56,Wyoming,56007,Carbon,2013,2017,White (includes Hispanic),6.4
56,Wyoming,56007,Carbon,2014,2018,Asian/Pacific Islander (includes Hispanic),
56,Wyoming,56007,Carbon,2014,2018,Black (includes Hispanic),
56,Wyoming,56007,Carbon,2014,2018,Hispanic (all races),
56,Wyoming,56007,Carbon,2014,2018,American Indian/Alaskan Native (includes Hispanic),
56,Wyoming,56007,Carbon,2014,2018,White (includes Hispanic),6.3
56,Wyoming,56007,Carbon,2015,2019,Asian/Pacific Islander (includes Hispanic),
56,Wyoming,56007,Carbon,2015,2019,Black (includes Hispanic),
56,Wyoming,56007,Carbon,2015,2019,Hispanic (all races),
56,Wyoming,56007,Carbon,2015,2019,American Indian/Alaskan Native (includes Hispanic),
56,Wyoming,56007,Carbon,2015,2019,White (includes Hispanic),6.9
56,Wyoming,56007,Carbon,2016,2020,Asian/Pacific Islander (includes Hispanic),
56,Wyoming,56007,Carbon,2016,2020,Black (includes Hispanic),
56,Wyoming,56007,Carbon,2016,2020,Hispanic (all races),
56,Wyoming,56007,Carbon,2016,2020,American Indian/Alaskan Native (includes Hispanic),
56,Wyoming,56007,Carbon,2016,2020,White (includes Hispanic),7.3
56,Wyoming,56009,Converse,2011,2015,Asian/Pacific Islander (includes Hispanic),
56,Wyoming,56009,Converse,2011,2015,Black (includes Hispanic),
56,Wyoming,56009,Converse,2011,2015,Hispanic (all races),
56,Wyoming,56009,Converse,2011,2015,American Indian/Alaskan Native (includes Hispanic),
56,Wyoming,56009,Converse,2011,2015,White (includes Hispanic),8.1
56,Wyoming,56009,Converse,2012,2016,Asian/Pacific Islander (includes Hispanic),
56,Wyoming,56009,Converse,2012,2016,Black (includes Hispanic),
56,Wyoming,56009,Converse,2012,2016,Hispanic (all races),
56,Wyoming,56009,Converse,2012,2016,American Indian/Alaskan Native (includes Hispanic),
56,Wyoming,56009,Converse,2012,2016,White (includes Hispanic),7.1
56,Wyoming,56009,Converse,2013,2017,Asian/Pacific Islander (includes Hispanic),
56,Wyoming,56009,Converse,2013,2017,Black (includes Hispanic),
56,Wyoming,56009,Converse,2013,2017,Hispanic (all races),
56,Wyoming,56009,Converse,2013,2017,American Indian/Alaskan Native (includes Hispanic),
56,Wyoming,56009,Converse,2013,2017,White (includes Hispanic),6.8
56,Wyoming,56009,Converse,2014,2018,Asian/Pacific Islander (includes Hispanic),
56,Wyoming,56009,Converse,2014,2018,Black (includes Hispanic),
56,Wyoming,56009,Converse,2014,2018,Hispanic (all races),
56,Wyoming,56009,Converse,2014,2018,American Indian/Alaskan Native (includes Hispanic),
56,Wyoming,56009,Converse,2014,2018,White (includes Hispanic),6.8
56,Wyoming,56009,Converse,2015,2019,Asian/Pacific Islander (includes Hispanic),
56,Wyoming,56009,Converse,2015,2019,Black (includes Hispanic),
56,Wyoming,56009,Converse,2015,2019,Hispanic (all races),
56,Wyoming,56009,Converse,2015,2019,American Indian/Alaskan Native (includes Hispanic),
56,Wyoming,56009,Converse,2015,2019,White (includes Hispanic),7.4
56,Wyoming,56009,Converse,2016,2020,Asian/Pacific Islander (includes Hispanic),
56,Wyoming,56009,Converse,2016,2020,Black (includes Hispanic),
56,Wyoming,56009,Converse,2016,2020,Hispanic (all races),
56,Wyoming,56009,Converse,2016,2020,American Indian/Alaskan Native (includes Hispanic),
56,Wyoming,56009,Converse,2016,2020,White (includes Hispanic),7.9
56,Wyoming,56011,Crook,2011,2015,Asian/Pacific Islander (includes Hispanic),
56,Wyoming,56011,Crook,2011,2015,Black (includes Hispanic),
56,Wyoming,56011,Crook,2011,2015,Hispanic (all races),
56,Wyoming,56011,Crook,2011,2015,American Indian/Alaskan Native (includes Hispanic),
56,Wyoming,56011,Crook,2011,2015,White (includes Hispanic),8.2
56,Wyoming,56011,Crook,2012,2016,Asian/Pacific Islander (includes Hispanic),
56,Wyoming,56011,Crook,2012,2016,Black (includes Hispanic),
56,Wyoming,56011,Crook,2012,2016,Hispanic (all races),
56,Wyoming,56011,Crook,2012,2016,American Indian/Alaskan Native (includes Hispanic),
56,Wyoming,56011,Crook,2012,2016,White (includes Hispanic),
56,Wyoming,56011,Crook,2013,2017,Asian/Pacific Islander (includes Hispanic),
56,Wyoming,56011,Crook,2013,2017,Black (includes Hispanic),
56,Wyoming,56011,Crook,2013,2017,Hispanic (all races),
56,Wyoming,56011,Crook,2013,2017,American Indian/Alaskan Native (includes Hispanic),
56,Wyoming,56011,Crook,2013,2017,White (includes Hispanic),
56,Wyoming,56011,Crook,2014,2018,Asian/Pacific Islander (includes Hispanic),
56,Wyoming,56011,Crook,2014,2018,Black (includes Hispanic),
56,Wyoming,56011,Crook,2014,2018,Hispanic (all races),
56,Wyoming,56011,Crook,2014,2018,American Indian/Alaskan Native (includes Hispanic),
56,Wyoming,56011,Crook,2014,2018,White (includes Hispanic),7.6
56,Wyoming,56011,Crook,2015,2019,Asian/Pacific Islander (includes Hispanic),
56,Wyoming,56011,Crook,2015,2019,Black (includes Hispanic),
56,Wyoming,56011,Crook,2015,2019,Hispanic (all races),
56,Wyoming,56011,Crook,2015,2019,American Indian/Alaskan Native (includes Hispanic),
56,Wyoming,56011,Crook,2015,2019,White (includes Hispanic),7.5
56,Wyoming,56011,Crook,2016,2020,Asian/Pacific Islander (includes Hispanic),
56,Wyoming,56011,Crook,2016,2020,Black (includes Hispanic),
56,Wyoming,56011,Crook,2016,2020,Hispanic (all races),
56,Wyoming,56011,Crook,2016,2020,American Indian/Alaskan Native (includes Hispanic),
56,Wyoming,56011,Crook,2016,2020,White (includes Hispanic),7.0
56,Wyoming,56013,Fremont,2011,2015,Asian/Pacific Islander (includes Hispanic),
56,Wyoming,56013,Fremont,2011,2015,Black (includes Hispanic),
56,Wyoming,56013,Fremont,2011,2015,Hispanic (all races),
56,Wyoming,56013,Fremont,2011,2015,American Indian/Alaskan Native (includes Hispanic),
56,Wyoming,56013,Fremont,2011,2015,White (includes Hispanic),6.9
56,Wyoming,56013,Fremont,2012,2016,Asian/Pacific Islander (includes Hispanic),
56,Wyoming,56013,Fremont,2012,2016,Black (includes Hispanic),
56,Wyoming,56013,Fremont,2012,2016,Hispanic (all races),
56,Wyoming,56013,Fremont,2012,2016,American Indian/Alaskan Native (includes Hispanic),
56,Wyoming,56013,Fremont,2012,2016,White (includes Hispanic),6.2
56,Wyoming,56013,Fremont,2013,2017,Asian/Pacific Islander (includes Hispanic),
56,Wyoming,56013,Fremont,2013,2017,Black (includes Hispanic),
56,Wyoming,56013,Fremont,2013,2017,Hispanic (all races),
56,Wyoming,56013,Fremont,2013,2017,American Indian/Alaskan Native (includes Hispanic),
56,Wyoming,56013,Fremont,2013,2017,White (includes Hispanic),5.6
56,Wyoming,56013,Fremont,2014,2018,Asian/Pacific Islander (includes Hispanic),
56,Wyoming,56013,Fremont,2014,2018,Black (includes Hispanic),
56,Wyoming,56013,Fremont,2014,2018,Hispanic (all races),
56,Wyoming,56013,Fremont,2014,2018,American Indian/Alaskan Native (includes Hispanic),
56,Wyoming,56013,Fremont,2014,2018,White (includes Hispanic),7.0
56,Wyoming,56013,Fremont,2015,2019,Asian/Pacific Islander (includes Hispanic),
56,Wyoming,56013,Fremont,2015,2019,Black (includes Hispanic),
56,Wyoming,56013,Fremont,2015,2019,Hispanic (all races),
56,Wyoming,56013,Fremont,2015,2019,American Indian/Alaskan Native (includes Hispanic),
56,Wyoming,56013,Fremont,2015,2019,White (includes Hispanic),8.0
56,Wyoming,56013,Fremont,2016,2020,Asian/Pacific Islander (includes Hispanic),
56,Wyoming,56013,Fremont,2016,2020,Black (includes Hispanic),
56,Wyoming,56013,Fremont,2016,2020,Hispanic (all races),
56,Wyoming,56013,Fremont,2016,2020,American Indian/Alaskan Native (includes Hispanic),
56,Wyoming,56013,Fremont,2016,2020,White (includes Hispanic),8.6
56,Wyoming,56015,Goshen,2011,2015,Asian/Pacific Islander (includes Hispanic),
56,Wyoming,56015,Goshen,2011,2015,Black (includes Hispanic),
56,Wyoming,56015,Goshen,2011,2015,Hispanic (all races),
56,Wyoming,56015,Goshen,2011,2015,American Indian/Alaskan Native (includes Hispanic),
56,Wyoming,56015,Goshen,2011,2015,White (includes Hispanic),6.1
56,Wyoming,56015,Goshen,2012,2016,Asian/Pacific Islander (includes Hispanic),
56,Wyoming,56015,Goshen,2012,2016,Black (includes Hispanic),
56,Wyoming,56015,Goshen,2012,2016,Hispanic (all races),
56,Wyoming,56015,Goshen,2012,2016,American Indian/Alaskan Native (includes Hispanic),
56,Wyoming,56015,Goshen,2012,2016,White (includes Hispanic),5.2
56,Wyoming,56015,Goshen,2013,2017,Asian/Pacific Islander (includes Hispanic),
56,Wyoming,56015,Goshen,2013,2017,Black (includes Hispanic),
56,Wyoming,56015,Goshen,2013,2017,Hispanic (all races),
56,Wyoming,56015,Goshen,2013,2017,American Indian/Alaskan Native (includes Hispanic),
56,Wyoming,56015,Goshen,2013,2017,White (includes Hispanic),6.8
56,Wyoming,56015,Goshen,2014,2018,Asian/Pacific Islander (includes Hispanic),
56,Wyoming,56015,Goshen,2014,2018,Black (includes Hispanic),
56,Wyoming,56015,Goshen,2014,2018,Hispanic (all races),
56,Wyoming,56015,Goshen,2014,2018,American Indian/Alaskan Native (includes Hispanic),
56,Wyoming,56015,Goshen,2014,2018,White (includes Hispanic),6.4
56,Wyoming,56015,Goshen,2015,2019,Asian/Pacific Islander (includes Hispanic),
56,Wyoming,56015,Goshen,2015,2019,Black (includes Hispanic),
56,Wyoming,56015,Goshen,2015,2019,Hispanic (all races),
56,Wyoming,56015,Goshen,2015,2019,American Indian/Alaskan Native (includes Hispanic),
56,Wyoming,56015,Goshen,2015,2019,White (includes Hispanic),6.1
56,Wyoming,56015,Goshen,2016,2020,Asian/Pacific Islander (includes Hispanic),
56,Wyoming,56015,Goshen,2016,2020,Black (includes Hispanic),
56,Wyoming,56015,Goshen,2016,2020,Hispanic (all races),
56,Wyoming,56015,Goshen,2016,2020,American Indian/Alaskan Native (includes Hispanic),
56,Wyoming,56015,Goshen,2016,2020,White (includes Hispanic),6.8
56,Wyoming,56017,Hot Springs,2011,2015,Asian/Pacific Islander (includes Hispanic),
56,Wyoming,56017,Hot Springs,2011,2015,Black (includes Hispanic),
56,Wyoming,56017,Hot Springs,2011,2015,Hispanic (all races),
56,Wyoming,56017,Hot Springs,2011,2015,American Indian/Alaskan Native (includes Hispanic),
56,Wyoming,56017,Hot Springs,2011,2015,White (includes Hispanic),
56,Wyoming,56017,Hot Springs,2012,2016,Asian/Pacific Islander (includes Hispanic),
56,Wyoming,56017,Hot Springs,2012,2016,Black (includes Hispanic),
56,Wyoming,56017,Hot Springs,2012,2016,Hispanic (all races),
56,Wyoming,56017,Hot Springs,2012,2016,American Indian/Alaskan Native (includes Hispanic),
56,Wyoming,56017,Hot Springs,2012,2016,White (includes Hispanic),
56,Wyoming,56017,Hot Springs,2013,2017,Asian/Pacific Islander (includes Hispanic),
56,Wyoming,56017,Hot Springs,2013,2017,Black (includes Hispanic),
56,Wyoming,56017,Hot Springs,2013,2017,Hispanic (all races),
56,Wyoming,56017,Hot Springs,2013,2017,American Indian/Alaskan Native (includes Hispanic),
56,Wyoming,56017,Hot Springs,2013,2017,White (includes Hispanic),
56,Wyoming,56017,Hot Springs,2014,2018,Asian/Pacific Islander (includes Hispanic),
56,Wyoming,56017,Hot Springs,2014,2018,Black (includes Hispanic),
56,Wyoming,56017,Hot Springs,2014,2018,Hispanic (all races),
56,Wyoming,56017,Hot Springs,2014,2018,American Indian/Alaskan Native (includes Hispanic),
56,Wyoming,56017,Hot Springs,2014,2018,White (includes Hispanic),
56,Wyoming,56017,Hot Springs,2015,2019,Asian/Pacific Islander (includes Hispanic),
56,Wyoming,56017,Hot Springs,2015,2019,Black (includes Hispanic),
56,Wyoming,56017,Hot Springs,2015,2019,Hispanic (all races),
56,Wyoming,56017,Hot Springs,2015,2019,American Indian/Alaskan Native (includes Hispanic),
56,Wyoming,56017,Hot Springs,2015,2019,White (includes Hispanic),
56,Wyoming,56017,Hot Springs,2016,2020,Asian/Pacific Islander (includes Hispanic),
56,Wyoming,56017,Hot Springs,2016,2020,Black (includes Hispanic),
56,Wyoming,56017,Hot Springs,2016,2020,Hispanic (all races),
56,Wyoming,56017,Hot Springs,2016,2020,American Indian/Alaskan Native (includes Hispanic),
56,Wyoming,56017,Hot Springs,2016,2020,White (includes Hispanic),
56,Wyoming,56019,Johnson,2011,2015,Asian/Pacific Islander (includes Hispanic),
56,Wyoming,56019,Johnson,2011,2015,Black (includes Hispanic),
56,Wyoming,56019,Johnson,2011,2015,Hispanic (all races),
56,Wyoming,56019,Johnson,2011,2015,American Indian/Alaskan Native (includes Hispanic),
56,Wyoming,56019,Johnson,2011,2015,White (includes Hispanic),7.9
56,Wyoming,56019,Johnson,2012,2016,Asian/Pacific Islander (includes Hispanic),
56,Wyoming,56019,Johnson,2012,2016,Black (includes Hispanic),
56,Wyoming,56019,Johnson,2012,2016,Hispanic (all races),
56,Wyoming,56019,Johnson,2012,2016,American Indian/Alaskan Native (includes Hispanic),
56,Wyoming,56019,Johnson,2012,2016,White (includes Hispanic),6.7
56,Wyoming,56019,Johnson,2013,2017,Asian/Pacific Islander (includes Hispanic),
56,Wyoming,56019,Johnson,2013,2017,Black (includes Hispanic),
56,Wyoming,56019,Johnson,2013,2017,Hispanic (all races),
56,Wyoming,56019,Johnson,2013,2017,American Indian/Alaskan Native (includes Hispanic),
56,Wyoming,56019,Johnson,2013,2017,White (includes Hispanic),6.5
56,Wyoming,56019,Johnson,2014,2018,Asian/Pacific Islander (includes Hispanic),
56,Wyoming,56019,Johnson,2014,2018,Black (includes Hispanic),
56,Wyoming,56019,Johnson,2014,2018,Hispanic (all races),
56,Wyoming,56019,Johnson,2014,2018,American Indian/Alaskan Native (includes Hispanic),
56,Wyoming,56019,Johnson,2014,2018,White (includes Hispanic),7.5
56,Wyoming,56019,Johnson,2015,2019,Asian/Pacific Islander (includes Hispanic),
56,Wyoming,56019,Johnson,2015,2019,Black (includes Hispanic),
56,Wyoming,56019,Johnson,2015,2019,Hispanic (all races),
56,Wyoming,56019,Johnson,2015,2019,American Indian/Alaskan Native (includes Hispanic),
56,Wyoming,56019,Johnson,2015,2019,White (includes Hispanic),8.4
56,Wyoming,56019,Johnson,2016,2020,Asian/Pacific Islander (includes Hispanic),
56,Wyoming,56019,Johnson,2016,2020,Black (includes Hispanic),
56,Wyoming,56019,Johnson,2016,2020,Hispanic (all races),
56,Wyoming,56019,Johnson,2016,2020,American Indian/Alaskan Native (includes Hispanic),
56,Wyoming,56019,Johnson,2016,2020,White (includes Hispanic),8.4
56,Wyoming,56021,Laramie,2011,2015,Asian/Pacific Islander (includes Hispanic),
56,Wyoming,56021,Laramie,2011,2015,Black (includes Hispanic),
56,Wyoming,56021,Laramie,2011,2015,Hispanic (all races),
56,Wyoming,56021,Laramie,2011,2015,American Indian/Alaskan Native (includes Hispanic),
56,Wyoming,56021,Laramie,2011,2015,White (includes Hispanic),5.4
56,Wyoming,56021,Laramie,2012,2016,Asian/Pacific Islander (includes Hispanic),
56,Wyoming,56021,Laramie,2012,2016,Black (includes Hispanic),
56,Wyoming,56021,Laramie,2012,2016,Hispanic (all races),8.5
56,Wyoming,56021,Laramie,2012,2016,American Indian/Alaskan Native (includes Hispanic),
56,Wyoming,56021,Laramie,2012,2016,White (includes Hispanic),6.0
56,Wyoming,56021,Laramie,2013,2017,Asian/Pacific Islander (includes Hispanic),
56,Wyoming,56021,Laramie,2013,2017,Black (includes Hispanic),
56,Wyoming,56021,Laramie,2013,2017,Hispanic (all races),8.9
56,Wyoming,56021,Laramie,2013,2017,American Indian/Alaskan Native (includes Hispanic),
56,Wyoming,56021,Laramie,2013,2017,White (includes Hispanic),6.5
56,Wyoming,56021,Laramie,2014,2018,Asian/Pacific Islander (includes Hispanic),
56,Wyoming,56021,Laramie,2014,2018,Black (includes Hispanic),
56,Wyoming,56021,Laramie,2014,2018,Hispanic (all races),8.5
56,Wyoming,56021,Laramie,2014,2018,American Indian/Alaskan Native (includes Hispanic),
56,Wyoming,56021,Laramie,2014,2018,White (includes Hispanic),7.0
56,Wyoming,56021,Laramie,2015,2019,Asian/Pacific Islander (includes Hispanic),
56,Wyoming,56021,Laramie,2015,2019,Black (includes Hispanic),
56,Wyoming,56021,Laramie,2015,2019,Hispanic (all races),9.6
56,Wyoming,56021,Laramie,2015,2019,American Indian/Alaskan Native (includes Hispanic),
56,Wyoming,56021,Laramie,2015,2019,White (includes Hispanic),7.5
56,Wyoming,56021,Laramie,2016,2020,Asian/Pacific Islander (includes Hispanic),
56,Wyoming,56021,Laramie,2016,2020,Black (includes Hispanic),
56,Wyoming,56021,Laramie,2016,2020,Hispanic (all races),11.0
56,Wyoming,56021,Laramie,2016,2020,American Indian/Alaskan Native (includes Hispanic),
56,Wyoming,56021,Laramie,2016,2020,White (includes Hispanic),7.6
56,Wyoming,56023,Lincoln,2011,2015,Asian/Pacific Islander (includes Hispanic),
56,Wyoming,56023,Lincoln,2011,2015,Black (includes Hispanic),
56,Wyoming,56023,Lincoln,2011,2015,Hispanic (all races),
56,Wyoming,56023,Lincoln,2011,2015,American Indian/Alaskan Native (includes Hispanic),
56,Wyoming,56023,Lincoln,2011,2015,White (includes Hispanic),5.4
56,Wyoming,56023,Lincoln,2012,2016,Asian/Pacific Islander (includes Hispanic),
56,Wyoming,56023,Lincoln,2012,2016,Black (includes Hispanic),
56,Wyoming,56023,Lincoln,2012,2016,Hispanic (all races),
56,Wyoming,56023,Lincoln,2012,2016,American Indian/Alaskan Native (includes Hispanic),
56,Wyoming,56023,Lincoln,2012,2016,White (includes Hispanic),7.0
56,Wyoming,56023,Lincoln,2013,2017,Asian/Pacific Islander (includes Hispanic),
56,Wyoming,56023,Lincoln,2013,2017,Black (includes Hispanic),
56,Wyoming,56023,Lincoln,2013,2017,Hispanic (all races),
56,Wyoming,56023,Lincoln,2013,2017,American Indian/Alaskan Native (includes Hispanic),
56,Wyoming,56023,Lincoln,2013,2017,White (includes Hispanic),7.2
56,Wyoming,56023,Lincoln,2014,2018,Asian/Pacific Islander (includes Hispanic),
56,Wyoming,56023,Lincoln,2014,2018,Black (includes Hispanic),
56,Wyoming,56023,Lincoln,2014,2018,Hispanic (all races),
56,Wyoming,56023,Lincoln,2014,2018,American Indian/Alaskan Native (includes Hispanic),
56,Wyoming,56023,Lincoln,2014,2018,White (includes Hispanic),8.5
56,Wyoming,56023,Lincoln,2015,2019,Asian/Pacific Islander (includes Hispanic),
56,Wyoming,56023,Lincoln,2015,2019,Black (includes Hispanic),
56,Wyoming,56023,Lincoln,2015,2019,Hispanic (all races),
56,Wyoming,56023,Lincoln,2015,2019,American Indian/Alaskan Native (includes Hispanic),
56,Wyoming,56023,Lincoln,2015,2019,White (includes Hispanic),9.7
56,Wyoming,56023,Lincoln,2016,2020,Asian/Pacific Islander (includes Hispanic),
56,Wyoming,56023,Lincoln,2016,2020,Black (includes Hispanic),
56,Wyoming,56023,Lincoln,2016,2020,Hispanic (all races),
56,Wyoming,56023,Lincoln,2016,2020,American Indian/Alaskan Native (includes Hispanic),
56,Wyoming,56023,Lincoln,2016,2020,White (includes Hispanic),10.0
56,Wyoming,56025,Natrona,2011,2015,Asian/Pacific Islander (includes Hispanic),
56,Wyoming,56025,Natrona,2011,2015,Black (includes Hispanic),
56,Wyoming,56025,Natrona,2011,2015,Hispanic (all races),
56,Wyoming,56025,Natrona,2011,2015,American Indian/Alaskan Native (includes Hispanic),
56,Wyoming,56025,Natrona,2011,2015,White (includes Hispanic),7.4
56,Wyoming,56025,Natrona,2012,2016,Asian/Pacific Islander (includes Hispanic),
56,Wyoming,56025,Natrona,2012,2016,Black (includes Hispanic),
56,Wyoming,56025,Natrona,2012,2016,Hispanic (all races),
56,Wyoming,56025,Natrona,2012,2016,American Indian/Alaskan Native (includes Hispanic),
56,Wyoming,56025,Natrona,2012,2016,White (includes Hispanic),6.7
56,Wyoming,56025,Natrona,2013,2017,Asian/Pacific Islander (includes Hispanic),
56,Wyoming,56025,Natrona,2013,2017,Black (includes Hispanic),
56,Wyoming,56025,Natrona,2013,2017,Hispanic (all races),
56,Wyoming,56025,Natrona,2013,2017,American Indian/Alaskan Native (includes Hispanic),
56,Wyoming,56025,Natrona,2013,2017,White (includes Hispanic),6.6
56,Wyoming,56025,Natrona,2014,2018,Asian/Pacific Islander (includes Hispanic),
56,Wyoming,56025,Natrona,2014,2018,Black (includes Hispanic),
56,Wyoming,56025,Natrona,2014,2018,Hispanic (all races),
56,Wyoming,56025,Natrona,2014,2018,American Indian/Alaskan Native (includes Hispanic),
56,Wyoming,56025,Natrona,2014,2018,White (includes Hispanic),6.7
56,Wyoming,56025,Natrona,2015,2019,Asian/Pacific Islander (includes Hispanic),
56,Wyoming,56025,Natrona,2015,2019,Black (includes Hispanic),
56,Wyoming,56025,Natrona,2015,2019,Hispanic (all races),
56,Wyoming,56025,Natrona,2015,2019,American Indian/Alaskan Native (includes Hispanic),
56,Wyoming,56025,Natrona,2015,2019,White (includes Hispanic),7.4
56,Wyoming,56025,Natrona,2016,2020,Asian/Pacific Islander (includes Hispanic),
56,Wyoming,56025,Natrona,2016,2020,Black (includes Hispanic),
56,Wyoming,56025,Natrona,2016,2020,Hispanic (all races),
56,Wyoming,56025,Natrona,2016,2020,American Indian/Alaskan Native (includes Hispanic),
56,Wyoming,56025,Natrona,2016,2020,White (includes Hispanic),8.0
56,Wyoming,56027,Niobrara,2011,2015,Asian/Pacific Islander (includes Hispanic),
56,Wyoming,56027,Niobrara,2011,2015,Black (includes Hispanic),
56,Wyoming,56027,Niobrara,2011,2015,Hispanic (all races),
56,Wyoming,56027,Niobrara,2011,2015,American Indian/Alaskan Native (includes Hispanic),
56,Wyoming,56027,Niobrara,2011,2015,White (includes Hispanic),
56,Wyoming,56027,Niobrara,2012,2016,Asian/Pacific Islander (includes Hispanic),
56,Wyoming,56027,Niobrara,2012,2016,Black (includes Hispanic),
56,Wyoming,56027,Niobrara,2012,2016,Hispanic (all races),
56,Wyoming,56027,Niobrara,2012,2016,American Indian/Alaskan Native (includes Hispanic),
56,Wyoming,56027,Niobrara,2012,2016,White (includes Hispanic),
56,Wyoming,56027,Niobrara,2013,2017,Asian/Pacific Islander (includes Hispanic),
56,Wyoming,56027,Niobrara,2013,2017,Black (includes Hispanic),
56,Wyoming,56027,Niobrara,2013,2017,Hispanic (all races),
56,Wyoming,56027,Niobrara,2013,2017,American Indian/Alaskan Native (includes Hispanic),
56,Wyoming,56027,Niobrara,2013,2017,White (includes Hispanic),
56,Wyoming,56027,Niobrara,2014,2018,Asian/Pacific Islander (includes Hispanic),
56,Wyoming,56027,Niobrara,2014,2018,Black (includes Hispanic),
56,Wyoming,56027,Niobrara,2014,2018,Hispanic (all races),
56,Wyoming,56027,Niobrara,2014,2018,American Indian/Alaskan Native (includes Hispanic),
56,Wyoming,56027,Niobrara,2014,2018,White (includes Hispanic),
56,Wyoming,56027,Niobrara,2015,2019,Asian/Pacific Islander (includes Hispanic),
56,Wyoming,56027,Niobrara,2015,2019,Black (includes Hispanic),
56,Wyoming,56027,Niobrara,2015,2019,Hispanic (all races),
56,Wyoming,56027,Niobrara,2015,2019,American Indian/Alaskan Native (includes Hispanic),
56,Wyoming,56027,Niobrara,2015,2019,White (includes Hispanic),
56,Wyoming,56027,Niobrara,2016,2020,Asian/Pacific Islander (includes Hispanic),
56,Wyoming,56027,Niobrara,2016,2020,Black (includes Hispanic),
56,Wyoming,56027,Niobrara,2016,2020,Hispanic (all races),
56,Wyoming,56027,Niobrara,2016,2020,American Indian/Alaskan Native (includes Hispanic),
56,Wyoming,56027,Niobrara,2016,2020,White (includes Hispanic),
56,Wyoming,56029,Park,2011,2015,Asian/Pacific Islander (includes Hispanic),
56,Wyoming,56029,Park,2011,2015,Black (includes Hispanic),
56,Wyoming,56029,Park,2011,2015,Hispanic (all races),
56,Wyoming,56029,Park,2011,2015,American Indian/Alaskan Native (includes Hispanic),
56,Wyoming,56029,Park,2011,2015,White (includes Hispanic),5.0
56,Wyoming,56029,Park,2012,2016,Asian/Pacific Islander (includes Hispanic),
56,Wyoming,56029,Park,2012,2016,Black (includes Hispanic),
56,Wyoming,56029,Park,2012,2016,Hispanic (all races),
56,Wyoming,56029,Park,2012,2016,American Indian/Alaskan Native (includes Hispanic),
56,Wyoming,56029,Park,2012,2016,White (includes Hispanic),4.1
56,Wyoming,56029,Park,2013,2017,Asian/Pacific Islander (includes Hispanic),
56,Wyoming,56029,Park,2013,2017,Black (includes Hispanic),
56,Wyoming,56029,Park,2013,2017,Hispanic (all races),
56,Wyoming,56029,Park,2013,2017,American Indian/Alaskan Native (includes Hispanic),
56,Wyoming,56029,Park,2013,2017,White (includes Hispanic),4.9
56,Wyoming,56029,Park,2014,2018,Asian/Pacific Islander (includes Hispanic),
56,Wyoming,56029,Park,2014,2018,Black (includes Hispanic),
56,Wyoming,56029,Park,2014,2018,Hispanic (all races),
56,Wyoming,56029,Park,2014,2018,American Indian/Alaskan Native (includes Hispanic),
56,Wyoming,56029,Park,2014,2018,White (includes Hispanic),6.8
56,Wyoming,56029,Park,2015,2019,Asian/Pacific Islander (includes Hispanic),
56,Wyoming,56029,Park,2015,2019,Black (includes Hispanic),
56,Wyoming,56029,Park,2015,2019,Hispanic (all races),
56,Wyoming,56029,Park,2015,2019,American Indian/Alaskan Native (includes Hispanic),
56,Wyoming,56029,Park,2015,2019,White (includes Hispanic),6.7
56,Wyoming,56029,Park,2016,2020,Asian/Pacific Islander (includes Hispanic),
56,Wyoming,56029,Park,2016,2020,Black (includes Hispanic),
56,Wyoming,56029,Park,2016,2020,Hispanic (all races),
56,Wyoming,56029,Park,2016,2020,American Indian/Alaskan Native (includes Hispanic),
56,Wyoming,56029,Park,2016,2020,White (includes Hispanic),6.7
56,Wyoming,56031,Platte,2011,2015,Asian/Pacific Islander (includes Hispanic),
56,Wyoming,56031,Platte,2011,2015,Black (includes Hispanic),
56,Wyoming,56031,Platte,2011,2015,Hispanic (all races),
56,Wyoming,56031,Platte,2011,2015,American Indian/Alaskan Native (includes Hispanic),
56,Wyoming,56031,Platte,2011,2015,White (includes Hispanic),6.5
56,Wyoming,56031,Platte,2012,2016,Asian/Pacific Islander (includes Hispanic),
56,Wyoming,56031,Platte,2012,2016,Black (includes Hispanic),
56,Wyoming,56031,Platte,2012,2016,Hispanic (all races),
56,Wyoming,56031,Platte,2012,2016,American Indian/Alaskan Native (includes Hispanic),
56,Wyoming,56031,Platte,2012,2016,White (includes Hispanic),5.2
56,Wyoming,56031,Platte,2013,2017,Asian/Pacific Islander (includes Hispanic),
56,Wyoming,56031,Platte,2013,2017,Black (includes Hispanic),
56,Wyoming,56031,Platte,2013,2017,Hispanic (all races),
56,Wyoming,56031,Platte,2013,2017,American Indian/Alaskan Native (includes Hispanic),
56,Wyoming,56031,Platte,2013,2017,White (includes Hispanic),6.9
56,Wyoming,56031,Platte,2014,2018,Asian/Pacific Islander (includes Hispanic),
56,Wyoming,56031,Platte,2014,2018,Black (includes Hispanic),
56,Wyoming,56031,Platte,2014,2018,Hispanic (all races),
56,Wyoming,56031,Platte,2014,2018,American Indian/Alaskan Native (includes Hispanic),
56,Wyoming,56031,Platte,2014,2018,White (includes Hispanic),7.1
56,Wyoming,56031,Platte,2015,2019,Asian/Pacific Islander (includes Hispanic),
56,Wyoming,56031,Platte,2015,2019,Black (includes Hispanic),
56,Wyoming,56031,Platte,2015,2019,Hispanic (all races),
56,Wyoming,56031,Platte,2015,2019,American Indian/Alaskan Native (includes Hispanic),
56,Wyoming,56031,Platte,2015,2019,White (includes Hispanic),7.2
56,Wyoming,56031,Platte,2016,2020,Asian/Pacific Islander (includes Hispanic),
56,Wyoming,56031,Platte,2016,2020,Black (includes Hispanic),
56,Wyoming,56031,Platte,2016,2020,Hispanic (all races),
56,Wyoming,56031,Platte,2016,2020,American Indian/Alaskan Native (includes Hispanic),
56,Wyoming,56031,Platte,2016,2020,White (includes Hispanic),7.2
56,Wyoming,56033,Sheridan,2011,2015,Asian/Pacific Islander (includes Hispanic),
56,Wyoming,56033,Sheridan,2011,2015,Black (includes Hispanic),
56,Wyoming,56033,Sheridan,2011,2015,Hispanic (all races),
56,Wyoming,56033,Sheridan,2011,2015,American Indian/Alaskan Native (includes Hispanic),
56,Wyoming,56033,Sheridan,2011,2015,White (includes Hispanic),7.8
56,Wyoming,56033,Sheridan,2012,2016,Asian/Pacific Islander (includes Hispanic),
56,Wyoming,56033,Sheridan,2012,2016,Black (includes Hispanic),
56,Wyoming,56033,Sheridan,2012,2016,Hispanic (all races),
56,Wyoming,56033,Sheridan,2012,2016,American Indian/Alaskan Native (includes Hispanic),
56,Wyoming,56033,Sheridan,2012,2016,White (includes Hispanic),
56,Wyoming,56033,Sheridan,2013,2017,Asian/Pacific Islander (includes Hispanic),
56,Wyoming,56033,Sheridan,2013,2017,Black (includes Hispanic),
56,Wyoming,56033,Sheridan,2013,2017,Hispanic (all races),
56,Wyoming,56033,Sheridan,2013,2017,American Indian/Alaskan Native (includes Hispanic),
56,Wyoming,56033,Sheridan,2013,2017,White (includes Hispanic),7.7
56,Wyoming,56033,Sheridan,2014,2018,Asian/Pacific Islander (includes Hispanic),
56,Wyoming,56033,Sheridan,2014,2018,Black (includes Hispanic),
56,Wyoming,56033,Sheridan,2014,2018,Hispanic (all races),
56,Wyoming,56033,Sheridan,2014,2018,American Indian/Alaskan Native (includes Hispanic),
56,Wyoming,56033,Sheridan,2014,2018,White (includes Hispanic),9.2
56,Wyoming,56033,Sheridan,2015,2019,Asian/Pacific Islander (includes Hispanic),
56,Wyoming,56033,Sheridan,2015,2019,Black (includes Hispanic),
56,Wyoming,56033,Sheridan,2015,2019,Hispanic (all races),
56,Wyoming,56033,Sheridan,2015,2019,American Indian/Alaskan Native (includes Hispanic),
56,Wyoming,56033,Sheridan,2015,2019,White (includes Hispanic),9.7
56,Wyoming,56033,Sheridan,2016,2020,Asian/Pacific Islander (includes Hispanic),
56,Wyoming,56033,Sheridan,2016,2020,Black (includes Hispanic),
56,Wyoming,56033,Sheridan,2016,2020,Hispanic (all races),
56,Wyoming,56033,Sheridan,2016,2020,American Indian/Alaskan Native (includes Hispanic),
56,Wyoming,56033,Sheridan,2016,2020,White (includes Hispanic),8.7
56,Wyoming,56035,Sublette,2011,2015,Asian/Pacific Islander (includes Hispanic),
56,Wyoming,56035,Sublette,2011,2015,Black (includes Hispanic),
56,Wyoming,56035,Sublette,2011,2015,Hispanic (all races),
56,Wyoming,56035,Sublette,2011,2015,American Indian/Alaskan Native (includes Hispanic),
56,Wyoming,56035,Sublette,2011,2015,White (includes Hispanic),5.6
56,Wyoming,56035,Sublette,2012,2016,Asian/Pacific Islander (includes Hispanic),
56,Wyoming,56035,Sublette,2012,2016,Black (includes Hispanic),
56,Wyoming,56035,Sublette,2012,2016,Hispanic (all races),
56,Wyoming,56035,Sublette,2012,2016,American Indian/Alaskan Native (includes Hispanic),
56,Wyoming,56035,Sublette,2012,2016,White (includes Hispanic),6.0
56,Wyoming,56035,Sublette,2013,2017,Asian/Pacific Islander (includes Hispanic),
56,Wyoming,56035,Sublette,2013,2017,Black (includes Hispanic),
56,Wyoming,56035,Sublette,2013,2017,Hispanic (all races),
56,Wyoming,56035,Sublette,2013,2017,American Indian/Alaskan Native (includes Hispanic),
56,Wyoming,56035,Sublette,2013,2017,White (includes Hispanic),
56,Wyoming,56035,Sublette,2014,2018,Asian/Pacific Islander (includes Hispanic),
56,Wyoming,56035,Sublette,2014,2018,Black (includes Hispanic),
56,Wyoming,56035,Sublette,2014,2018,Hispanic (all races),
56,Wyoming,56035,Sublette,2014,2018,American Indian/Alaskan Native (includes Hispanic),
56,Wyoming,56035,Sublette,2014,2018,White (includes Hispanic),7.4
56,Wyoming,56035,Sublette,2015,2019,Asian/Pacific Islander (includes Hispanic),
56,Wyoming,56035,Sublette,2015,2019,Black (includes Hispanic),
56,Wyoming,56035,Sublette,2015,2019,Hispanic (all races),
56,Wyoming,56035,Sublette,2015,2019,American Indian/Alaskan Native (includes Hispanic),
56,Wyoming,56035,Sublette,2015,2019,White (includes Hispanic),9.0
56,Wyoming,56035,Sublette,2016,2020,Asian/Pacific Islander (includes Hispanic),
56,Wyoming,56035,Sublette,2016,2020,Black (includes Hispanic),
56,Wyoming,56035,Sublette,2016,2020,Hispanic (all races),
56,Wyoming,56035,Sublette,2016,2020,American Indian/Alaskan Native (includes Hispanic),
56,Wyoming,56035,Sublette,2016,2020,White (includes Hispanic),8.8
56,Wyoming,56037,Sweetwater,2011,2015,Asian/Pacific Islander (includes Hispanic),
56,Wyoming,56037,Sweetwater,2011,2015,Black (includes Hispanic),
56,Wyoming,56037,Sweetwater,2011,2015,Hispanic (all races),
56,Wyoming,56037,Sweetwater,2011,2015,American Indian/Alaskan Native (includes Hispanic),
56,Wyoming,56037,Sweetwater,2011,2015,White (includes Hispanic),5.8
56,Wyoming,56037,Sweetwater,2012,2016,Asian/Pacific Islander (includes Hispanic),
56,Wyoming,56037,Sweetwater,2012,2016,Black (includes Hispanic),
56,Wyoming,56037,Sweetwater,2012,2016,Hispanic (all races),
56,Wyoming,56037,Sweetwater,2012,2016,American Indian/Alaskan Native (includes Hispanic),
56,Wyoming,56037,Sweetwater,2012,2016,White (includes Hispanic),6.8
56,Wyoming,56037,Sweetwater,2013,2017,Asian/Pacific Islander (includes Hispanic),
56,Wyoming,56037,Sweetwater,2013,2017,Black (includes Hispanic),
56,Wyoming,56037,Sweetwater,2013,2017,Hispanic (all races),
56,Wyoming,56037,Sweetwater,2013,2017,American Indian/Alaskan Native (includes Hispanic),
56,Wyoming,56037,Sweetwater,2013,2017,White (includes Hispanic),7.3
56,Wyoming,56037,Sweetwater,2014,2018,Asian/Pacific Islander (includes Hispanic),
56,Wyoming,56037,Sweetwater,2014,2018,Black (includes Hispanic),
56,Wyoming,56037,Sweetwater,2014,2018,Hispanic (all races),
56,Wyoming,56037,Sweetwater,2014,2018,American Indian/Alaskan Native (includes Hispanic),
56,Wyoming,56037,Sweetwater,2014,2018,White (includes Hispanic),8.2
56,Wyoming,56037,Sweetwater,2015,2019,Asian/Pacific Islander (includes Hispanic),
56,Wyoming,56037,Sweetwater,2015,2019,Black (includes Hispanic),
56,Wyoming,56037,Sweetwater,2015,2019,Hispanic (all races),
56,Wyoming,56037,Sweetwater,2015,2019,American Indian/Alaskan Native (includes Hispanic),
56,Wyoming,56037,Sweetwater,2015,2019,White (includes Hispanic),8.9
56,Wyoming,56037,Sweetwater,2016,2020,Asian/Pacific Islander (includes Hispanic),
56,Wyoming,56037,Sweetwater,2016,2020,Black (includes Hispanic),
56,Wyoming,56037,Sweetwater,2016,2020,Hispanic (all races),
56,Wyoming,56037,Sweetwater,2016,2020,American Indian/Alaskan Native (includes Hispanic),
56,Wyoming,56037,Sweetwater,2016,2020,White (includes Hispanic),9.7
56,Wyoming,56039,Teton,2011,2015,Asian/Pacific Islander (includes Hispanic),
56,Wyoming,56039,Teton,2011,2015,Black (includes Hispanic),
56,Wyoming,56039,Teton,2011,2015,Hispanic (all races),
56,Wyoming,56039,Teton,2011,2015,American Indian/Alaskan Native (includes Hispanic),
56,Wyoming,56039,Teton,2011,2015,White (includes Hispanic),4.7
56,Wyoming,56039,Teton,2012,2016,Asian/Pacific Islander (includes Hispanic),
56,Wyoming,56039,Teton,2012,2016,Black (includes Hispanic),
56,Wyoming,56039,Teton,2012,2016,Hispanic (all races),
56,Wyoming,56039,Teton,2012,2016,American Indian/Alaskan Native (includes Hispanic),
56,Wyoming,56039,Teton,2012,2016,White (includes Hispanic),4.8
56,Wyoming,56039,Teton,2013,2017,Asian/Pacific Islander (includes Hispanic),
56,Wyoming,56039,Teton,2013,2017,Black (includes Hispanic),
56,Wyoming,56039,Teton,2013,2017,Hispanic (all races),
56,Wyoming,56039,Teton,2013,2017,American Indian/Alaskan Native (includes Hispanic),
56,Wyoming,56039,Teton,2013,2017,White (includes Hispanic),4.8
56,Wyoming,56039,Teton,2014,2018,Asian/Pacific Islander (includes Hispanic),
56,Wyoming,56039,Teton,2014,2018,Black (includes Hispanic),
56,Wyoming,56039,Teton,2014,2018,Hispanic (all races),
56,Wyoming,56039,Teton,2014,2018,American Indian/Alaskan Native (includes Hispanic),
56,Wyoming,56039,Teton,2014,2018,White (includes Hispanic),6.0
56,Wyoming,56039,Teton,2015,2019,Asian/Pacific Islander (includes Hispanic),
56,Wyoming,56039,Teton,2015,2019,Black (includes Hispanic),
56,Wyoming,56039,Teton,2015,2019,Hispanic (all races),
56,Wyoming,56039,Teton,2015,2019,American Indian/Alaskan Native (includes Hispanic),
56,Wyoming,56039,Teton,2015,2019,White (includes Hispanic),5.5
56,Wyoming,56039,Teton,2016,2020,Asian/Pacific Islander (includes Hispanic),
56,Wyoming,56039,Teton,2016,2020,Black (includes Hispanic),
56,Wyoming,56039,Teton,2016,2020,Hispanic (all races),
56,Wyoming,56039,Teton,2016,2020,American Indian/Alaskan Native (includes Hispanic),
56,Wyoming,56039,Teton,2016,2020,White (includes Hispanic),5.7
56,Wyoming,56041,Uinta,2011,2015,Asian/Pacific Islander (includes Hispanic),
56,Wyoming,56041,Uinta,2011,2015,Black (includes Hispanic),
56,Wyoming,56041,Uinta,2011,2015,Hispanic (all races),
56,Wyoming,56041,Uinta,2011,2015,American Indian/Alaskan Native (includes Hispanic),
56,Wyoming,56041,Uinta,2011,2015,White (includes Hispanic),
56,Wyoming,56041,Uinta,2012,2016,Asian/Pacific Islander (includes Hispanic),
56,Wyoming,56041,Uinta,2012,2016,Black (includes Hispanic),
56,Wyoming,56041,Uinta,2012,2016,Hispanic (all races),
56,Wyoming,56041,Uinta,2012,2016,American Indian/Alaskan Native (includes Hispanic),
56,Wyoming,56041,Uinta,2012,2016,White (includes Hispanic),6.4
56,Wyoming,56041,Uinta,2013,2017,Asian/Pacific Islander (includes Hispanic),
56,Wyoming,56041,Uinta,2013,2017,Black (includes Hispanic),
56,Wyoming,56041,Uinta,2013,2017,Hispanic (all races),
56,Wyoming,56041,Uinta,2013,2017,American Indian/Alaskan Native (includes Hispanic),
56,Wyoming,56041,Uinta,2013,2017,White (includes Hispanic),6.8
56,Wyoming,56041,Uinta,2014,2018,Asian/Pacific Islander (includes Hispanic),
56,Wyoming,56041,Uinta,2014,2018,Black (includes Hispanic),
56,Wyoming,56041,Uinta,2014,2018,Hispanic (all races),
56,Wyoming,56041,Uinta,2014,2018,American Indian/Alaskan Native (includes Hispanic),
56,Wyoming,56041,Uinta,2014,2018,White (includes Hispanic),8.5
56,Wyoming,56041,Uinta,2015,2019,Asian/Pacific Islander (includes Hispanic),
56,Wyoming,56041,Uinta,2015,2019,Black (includes Hispanic),
56,Wyoming,56041,Uinta,2015,2019,Hispanic (all races),
56,Wyoming,56041,Uinta,2015,2019,American Indian/Alaskan Native (includes Hispanic),
56,Wyoming,56041,Uinta,2015,2019,White (includes Hispanic),9.8
56,Wyoming,56041,Uinta,2016,2020,Asian/Pacific Islander (includes Hispanic),
56,Wyoming,56041,Uinta,2016,2020,Black (includes Hispanic),
56,Wyoming,56041,Uinta,2016,2020,Hispanic (all races),
56,Wyoming,56041,Uinta,2016,2020,American Indian/Alaskan Native (includes Hispanic),
56,Wyoming,56041,Uinta,2016,2020,White (includes Hispanic),11.2
56,Wyoming,56043,Washakie,2011,2015,Asian/Pacific Islander (includes Hispanic),
56,Wyoming,56043,Washakie,2011,2015,Black (includes Hispanic),
56,Wyoming,56043,Washakie,2011,2015,Hispanic (all races),
56,Wyoming,56043,Washakie,2011,2015,American Indian/Alaskan Native (includes Hispanic),
56,Wyoming,56043,Washakie,2011,2015,White (includes Hispanic),6.3
56,Wyoming,56043,Washakie,2012,2016,Asian/Pacific Islander (includes Hispanic),
56,Wyoming,56043,Washakie,2012,2016,Black (includes Hispanic),
56,Wyoming,56043,Washakie,2012,2016,Hispanic (all races),
56,Wyoming,56043,Washakie,2012,2016,American Indian/Alaskan Native (includes Hispanic),
56,Wyoming,56043,Washakie,2012,2016,White (includes Hispanic),4.5
56,Wyoming,56043,Washakie,2013,2017,Asian/Pacific Islander (includes Hispanic),
56,Wyoming,56043,Washakie,2013,2017,Black (includes Hispanic),
56,Wyoming,56043,Washakie,2013,2017,Hispanic (all races),
56,Wyoming,56043,Washakie,2013,2017,American Indian/Alaskan Native (includes Hispanic),
56,Wyoming,56043,Washakie,2013,2017,White (includes Hispanic),4.8
56,Wyoming,56043,Washakie,2014,2018,Asian/Pacific Islander (includes Hispanic),
56,Wyoming,56043,Washakie,2014,2018,Black (includes Hispanic),
56,Wyoming,56043,Washakie,2014,2018,Hispanic (all races),
56,Wyoming,56043,Washakie,2014,2018,American Indian/Alaskan Native (includes Hispanic),
56,Wyoming,56043,Washakie,2014,2018,White (includes Hispanic),6.0
56,Wyoming,56043,Washakie,2015,2019,Asian/Pacific Islander (includes Hispanic),
56,Wyoming,56043,Washakie,2015,2019,Black (includes Hispanic),
56,Wyoming,56043,Washakie,2015,2019,Hispanic (all races),
56,Wyoming,56043,Washakie,2015,2019,American Indian/Alaskan Native (includes Hispanic),
56,Wyoming,56043,Washakie,2015,2019,White (includes Hispanic),6.8
56,Wyoming,56043,Washakie,2016,2020,Asian/Pacific Islander (includes Hispanic),
56,Wyoming,56043,Washakie,2016,2020,Black (includes Hispanic),
56,Wyoming,56043,Washakie,2016,2020,Hispanic (all races),
56,Wyoming,56043,Washakie,2016,2020,American Indian/Alaskan Native (includes Hispanic),
56,Wyoming,56043,Washakie,2016,2020,White (includes Hispanic),8.1
56,Wyoming,56045,Weston,2011,2015,Asian/Pacific Islander (includes Hispanic),
56,Wyoming,56045,Weston,2011,2015,Black (includes Hispanic),
56,Wyoming,56045,Weston,2011,2015,Hispanic (all races),
56,Wyoming,56045,Weston,2011,2015,American Indian/Alaskan Native (includes Hispanic),
56,Wyoming,56045,Weston,2011,2015,White (includes Hispanic),7.7
56,Wyoming,56045,Weston,2012,2016,Asian/Pacific Islander (includes Hispanic),
56,Wyoming,56045,Weston,2012,2016,Black (includes Hispanic),
56,Wyoming,56045,Weston,2012,2016,Hispanic (all races),
56,Wyoming,56045,Weston,2012,2016,American Indian/Alaskan Native (includes Hispanic),
56,Wyoming,56045,Weston,2012,2016,White (includes Hispanic),6.9
56,Wyoming,56045,Weston,2013,2017,Asian/Pacific Islander (includes Hispanic),
56,Wyoming,56045,Weston,2013,2017,Black (includes Hispanic),
56,Wyoming,56045,Weston,2013,2017,Hispanic (all races),
56,Wyoming,56045,Weston,2013,2017,American Indian/Alaskan Native (includes Hispanic),
56,Wyoming,56045,Weston,2013,2017,White (includes Hispanic),7.9
56,Wyoming,56045,Weston,2014,2018,Asian/Pacific Islander (includes Hispanic),
56,Wyoming,56045,Weston,2014,2018,Black (includes Hispanic),
56,Wyoming,56045,Weston,2014,2018,Hispanic (all races),
56,Wyoming,56045,Weston,2014,2018,American Indian/Alaskan Native (includes Hispanic),
56,Wyoming,56045,Weston,2014,2018,White (includes Hispanic),9.2
56,Wyoming,56045,Weston,2015,2019,Asian/Pacific Islander (includes Hispanic),
56,Wyoming,56045,Weston,2015,2019,Black (includes Hispanic),
56,Wyoming,56045,Weston,2015,2019,Hispanic (all races),
56,Wyoming,56045,Weston,2015,2019,American Indian/Alaskan Native (includes Hispanic),
56,Wyoming,56045,Weston,2015,2019,White (includes Hispanic),8.5
56,Wyoming,56045,Weston,2016,2020,Asian/Pacific Islander (includes Hispanic),
56,Wyoming,56045,Weston,2016,2020,Black (includes Hispanic),
56,Wyoming,56045,Weston,2016,2020,Hispanic (all races),
56,Wyoming,56045,Weston,2016,2020,American Indian/Alaskan Native (includes Hispanic),
56,Wyoming,56045,Weston,2016,2020,White (includes Hispanic),7.9
